Width 60
Height 60
Layer 6
Total_WL 6824
Obstacle_num 144
31 42 0 38 43 0
30 50 0 39 51 0
44 24 0 51 25 0
34 22 0 41 23 0
16 52 0 22 53 0
54 16 0 57 17 0
25 46 0 31 47 0
26 28 0 35 29 0
20 54 0 27 55 0
3 19 0 12 20 0
36 1 0 39 2 0
45 56 0 50 57 0
7 51 0 16 52 0
49 27 0 58 28 0
40 27 0 49 28 0
41 40 0 48 41 0
41 37 0 44 38 0
7 31 0 14 32 0
37 30 0 47 31 0
23 27 0 26 28 0
10 45 0 15 46 0
23 12 0 31 13 0
7 1 0 14 2 0
33 8 0 38 9 0
13 32 1 14 39 1
55 48 1 56 54 1
26 18 1 27 26 1
25 47 1 26 54 1
5 3 1 6 11 1
39 32 1 40 42 1
10 10 1 11 18 1
7 41 1 8 46 1
35 20 1 36 25 1
33 2 1 34 7 1
37 53 1 38 59 1
6 32 1 7 42 1
37 9 1 38 13 1
38 29 1 39 39 1
24 25 1 25 30 1
14 33 1 15 39 1
19 6 1 20 10 1
38 16 1 39 24 1
45 11 1 46 15 1
21 33 1 22 43 1
0 4 1 1 13 1
49 35 1 50 42 1
57 55 1 58 58 1
27 25 1 28 35 1
2 35 2 12 36 2
39 1 2 45 2 2
25 16 2 28 17 2
6 21 2 16 22 2
26 7 2 31 8 2
16 51 2 24 52 2
49 3 2 55 4 2
38 33 2 42 34 2
45 15 2 52 16 2
27 54 2 34 55 2
52 33 2 55 34 2
52 16 2 55 17 2
0 39 2 5 40 2
6 38 2 15 39 2
43 17 2 51 18 2
10 23 2 15 24 2
29 1 2 36 2 2
46 21 2 50 22 2
8 39 2 11 40 2
14 41 2 21 42 2
15 56 2 23 57 2
13 44 2 19 45 2
20 34 2 27 35 2
28 37 2 38 38 2
52 53 3 53 57 3
26 23 3 27 31 3
57 35 3 58 44 3
17 43 3 18 46 3
24 20 3 25 29 3
51 12 3 52 20 3
18 46 3 19 53 3
40 29 3 41 39 3
38 26 3 39 34 3
56 12 3 57 19 3
23 22 3 24 30 3
35 25 3 36 32 3
27 17 3 28 20 3
38 14 3 39 22 3
22 33 3 23 38 3
25 45 3 26 53 3
6 16 3 7 20 3
33 20 3 34 23 3
32 30 3 33 37 3
38 55 3 39 58 3
18 22 3 19 30 3
52 7 3 53 11 3
5 23 3 6 28 3
52 13 3 53 23 3
27 41 4 36 42 4
5 5 4 11 6 4
17 42 4 27 43 4
53 49 4 59 50 4
50 51 4 54 52 4
9 29 4 12 30 4
8 7 4 15 8 4
20 33 4 29 34 4
22 1 4 26 2 4
56 41 4 59 42 4
24 24 4 29 25 4
2 51 4 10 52 4
53 0 4 58 1 4
11 0 4 20 1 4
18 55 4 27 56 4
38 10 4 46 11 4
28 28 4 33 29 4
19 11 4 22 12 4
1 10 4 5 11 4
23 13 4 32 14 4
1 46 4 8 47 4
28 36 4 32 37 4
55 55 4 59 56 4
33 40 4 38 41 4
50 31 5 51 38 5
43 49 5 44 58 5
32 21 5 33 26 5
12 12 5 13 16 5
12 52 5 13 56 5
43 23 5 44 30 5
57 12 5 58 18 5
15 4 5 16 12 5
3 24 5 4 27 5
18 47 5 19 53 5
57 19 5 58 27 5
10 28 5 11 35 5
50 3 5 51 6 5
40 24 5 41 32 5
39 28 5 40 34 5
52 37 5 53 44 5
27 10 5 28 20 5
39 48 5 40 54 5
8 1 5 9 6 5
44 49 5 45 53 5
53 21 5 54 26 5
34 16 5 35 24 5
30 32 5 31 41 5
51 17 5 52 20 5
Net_num 160
Net_id 0
pin_num 5
59 3 0
55 2 0
50 0 0
55 14 0
59 20 0
Net_id 1
pin_num 5
33 57 0
24 57 0
37 59 0
27 58 0
22 59 0
Net_id 2
pin_num 5
29 35 0
31 43 0
21 41 0
22 51 0
29 50 0
Net_id 3
pin_num 5
9 41 0
23 48 0
21 58 0
23 40 0
31 46 0
Net_id 4
pin_num 5
7 7 0
6 13 0
30 7 0
16 8 0
21 13 0
Net_id 5
pin_num 5
12 21 0
7 21 0
0 3 0
24 18 0
15 39 0
Net_id 6
pin_num 5
9 37 0
24 36 0
0 28 0
22 24 0
6 29 0
Net_id 7
pin_num 5
19 1 0
14 10 0
31 7 0
14 9 0
0 19 0
Net_id 8
pin_num 5
28 3 0
32 2 0
15 3 0
1 2 0
13 18 0
Net_id 9
pin_num 5
16 30 0
12 30 0
1 20 0
7 26 0
5 28 0
Net_id 10
pin_num 5
51 39 0
32 37 0
43 16 0
56 35 0
42 43 0
Net_id 11
pin_num 5
59 34 0
40 33 0
58 21 0
51 23 0
55 46 0
Net_id 12
pin_num 5
43 42 0
31 39 0
42 26 0
31 17 0
50 38 0
Net_id 13
pin_num 5
45 42 0
59 43 0
55 58 0
57 21 0
50 46 0
Net_id 14
pin_num 5
52 36 0
41 41 0
44 55 0
59 56 0
51 38 0
Net_id 15
pin_num 5
18 10 0
25 11 0
18 4 0
44 11 0
40 5 0
Net_id 16
pin_num 5
36 10 0
31 14 0
28 13 0
47 11 0
50 13 0
Net_id 17
pin_num 5
29 56 0
21 59 0
41 59 0
32 56 0
56 57 0
Net_id 18
pin_num 5
23 26 0
34 30 0
30 10 0
12 32 0
21 27 0
Net_id 19
pin_num 4
35 21 0
39 19 0
39 27 0
37 28 0
Net_id 20
pin_num 4
52 37 0
57 23 0
51 28 0
36 24 0
Net_id 21
pin_num 4
7 29 0
22 38 0
45 37 0
25 24 0
Net_id 22
pin_num 4
0 42 0
15 45 0
3 55 0
5 31 0
Net_id 23
pin_num 4
7 22 0
2 34 0
1 14 0
1 56 0
Net_id 24
pin_num 4
54 33 0
48 33 0
49 11 0
58 43 0
Net_id 25
pin_num 4
23 22 0
40 21 0
36 23 0
30 16 0
Net_id 26
pin_num 4
12 27 0
18 17 0
0 38 0
1 43 0
Net_id 27
pin_num 4
48 32 0
54 31 0
50 23 0
40 31 0
Net_id 28
pin_num 4
16 18 0
11 13 0
11 6 0
11 0 0
Net_id 29
pin_num 4
8 52 0
17 46 0
0 54 0
22 40 0
Net_id 30
pin_num 4
1 31 0
8 25 0
25 25 0
44 25 0
Net_id 31
pin_num 4
35 55 0
27 53 0
32 40 0
27 37 0
Net_id 32
pin_num 4
20 24 0
14 26 0
23 32 0
32 32 0
Net_id 33
pin_num 4
14 29 0
33 32 0
18 45 0
26 50 0
Net_id 34
pin_num 4
33 13 0
49 13 0
46 32 0
43 3 0
Net_id 35
pin_num 4
3 6 0
21 2 0
41 5 0
49 1 0
Net_id 36
pin_num 4
26 1 0
34 0 0
35 9 0
19 9 0
Net_id 37
pin_num 4
41 10 0
51 10 0
48 30 0
36 0 0
Net_id 38
pin_num 4
49 4 0
44 12 0
49 2 0
49 43 0
Net_id 39
pin_num 3
25 33 0
35 19 0
23 36 0
Net_id 40
pin_num 3
29 16 0
12 8 0
14 0 0
Net_id 41
pin_num 3
6 12 0
17 27 0
29 26 0
Net_id 42
pin_num 3
15 13 0
20 19 0
20 41 0
Net_id 43
pin_num 3
6 56 0
18 53 0
11 40 0
Net_id 44
pin_num 3
9 55 0
2 45 0
20 57 0
Net_id 45
pin_num 3
48 40 0
53 37 0
42 58 0
Net_id 46
pin_num 3
55 20 0
42 18 0
35 0 0
Net_id 47
pin_num 3
48 45 0
27 48 0
26 59 0
Net_id 48
pin_num 3
58 39 0
58 36 0
51 30 0
Net_id 49
pin_num 3
26 53 0
19 53 0
23 55 0
Net_id 50
pin_num 3
59 14 0
42 3 0
32 4 0
Net_id 51
pin_num 3
23 23 0
31 10 0
36 29 0
Net_id 52
pin_num 3
57 52 0
49 52 0
59 54 0
Net_id 53
pin_num 3
49 5 0
41 12 0
50 2 0
Net_id 54
pin_num 3
11 12 0
2 27 0
7 4 0
Net_id 55
pin_num 3
25 40 0
11 28 0
34 32 0
Net_id 56
pin_num 3
39 56 0
41 51 0
59 52 0
Net_id 57
pin_num 3
41 16 0
27 14 0
28 30 0
Net_id 58
pin_num 3
14 21 0
24 13 0
28 31 0
Net_id 59
pin_num 3
33 52 0
37 47 0
58 22 0
Net_id 60
pin_num 3
31 1 0
22 14 0
27 10 0
Net_id 61
pin_num 3
28 27 0
42 44 0
59 44 0
Net_id 62
pin_num 3
24 5 0
31 5 0
29 15 0
Net_id 63
pin_num 3
42 1 0
26 6 0
20 12 0
Net_id 64
pin_num 3
5 52 0
11 58 0
1 57 0
Net_id 65
pin_num 3
15 18 0
10 2 0
29 19 0
Net_id 66
pin_num 3
5 9 0
14 11 0
1 8 0
Net_id 67
pin_num 3
13 19 0
12 28 0
29 4 0
Net_id 68
pin_num 3
16 54 0
9 59 0
10 50 0
Net_id 69
pin_num 3
5 57 0
0 46 0
2 53 0
Net_id 70
pin_num 3
37 38 0
48 35 0
44 31 0
Net_id 71
pin_num 3
2 41 0
10 33 0
4 54 0
Net_id 72
pin_num 3
18 41 0
11 33 0
1 36 0
Net_id 73
pin_num 3
44 33 0
38 40 0
29 23 0
Net_id 74
pin_num 3
29 37 0
38 54 0
26 2 0
Net_id 75
pin_num 3
5 27 0
2 24 0
21 21 0
Net_id 76
pin_num 3
15 4 0
8 13 0
4 9 0
Net_id 77
pin_num 3
34 3 0
44 1 0
31 9 0
Net_id 78
pin_num 3
48 37 0
59 45 0
24 45 0
Net_id 79
pin_num 3
34 33 0
37 29 0
58 23 0
Net_id 80
pin_num 2
14 46 0
2 56 0
Net_id 81
pin_num 2
3 52 0
4 49 0
Net_id 82
pin_num 2
50 19 0
40 12 0
Net_id 83
pin_num 2
39 12 0
26 8 0
Net_id 84
pin_num 2
29 33 0
22 23 0
Net_id 85
pin_num 2
36 44 0
36 34 0
Net_id 86
pin_num 2
37 54 0
30 48 0
Net_id 87
pin_num 2
19 46 0
16 58 0
Net_id 88
pin_num 2
53 0 0
52 10 0
Net_id 89
pin_num 2
9 17 0
33 29 0
Net_id 90
pin_num 2
6 40 0
30 47 0
Net_id 91
pin_num 2
46 3 0
33 31 0
Net_id 92
pin_num 2
55 11 0
57 3 0
Net_id 93
pin_num 2
51 53 0
47 41 0
Net_id 94
pin_num 2
26 27 0
37 36 0
Net_id 95
pin_num 2
22 57 0
19 36 0
Net_id 96
pin_num 2
57 32 0
35 32 0
Net_id 97
pin_num 2
34 57 0
39 44 0
Net_id 98
pin_num 2
52 26 0
42 31 0
Net_id 99
pin_num 2
40 18 0
27 18 0
Net_id 100
pin_num 2
39 25 0
35 24 0
Net_id 101
pin_num 2
26 31 0
13 28 0
Net_id 102
pin_num 2
28 36 0
35 34 0
Net_id 103
pin_num 2
58 44 0
40 46 0
Net_id 104
pin_num 2
33 15 0
33 9 0
Net_id 105
pin_num 2
2 11 0
4 11 0
Net_id 106
pin_num 2
50 31 0
53 35 0
Net_id 107
pin_num 2
19 50 0
6 57 0
Net_id 108
pin_num 2
15 38 0
0 25 0
Net_id 109
pin_num 2
57 6 0
57 8 0
Net_id 110
pin_num 2
19 39 0
19 15 0
Net_id 111
pin_num 2
26 19 0
23 6 0
Net_id 112
pin_num 2
41 58 0
34 56 0
Net_id 113
pin_num 2
36 6 0
56 10 0
Net_id 114
pin_num 2
4 18 0
18 5 0
Net_id 115
pin_num 2
9 28 0
7 34 0
Net_id 116
pin_num 2
30 33 0
49 46 0
Net_id 117
pin_num 2
53 49 0
45 47 0
Net_id 118
pin_num 2
51 57 0
26 58 0
Net_id 119
pin_num 2
37 48 0
19 14 0
Net_id 120
pin_num 2
6 23 0
24 48 0
Net_id 121
pin_num 2
24 46 0
11 57 0
Net_id 122
pin_num 2
5 4 0
25 17 0
Net_id 123
pin_num 2
16 43 0
18 43 0
Net_id 124
pin_num 2
9 20 0
4 23 0
Net_id 125
pin_num 2
37 32 0
22 15 0
Net_id 126
pin_num 2
25 28 0
5 2 0
Net_id 127
pin_num 2
11 5 0
3 5 0
Net_id 128
pin_num 2
37 43 0
46 50 0
Net_id 129
pin_num 2
38 24 0
56 33 0
Net_id 130
pin_num 2
48 4 0
41 26 0
Net_id 131
pin_num 2
42 29 0
41 31 0
Net_id 132
pin_num 2
22 30 0
23 35 0
Net_id 133
pin_num 2
25 15 0
24 17 0
Net_id 134
pin_num 2
34 5 0
47 2 0
Net_id 135
pin_num 2
1 7 0
5 7 0
Net_id 136
pin_num 2
55 53 0
58 58 0
Net_id 137
pin_num 2
8 44 0
12 47 0
Net_id 138
pin_num 2
38 9 0
41 22 0
Net_id 139
pin_num 2
57 56 0
48 49 0
Net_id 140
pin_num 2
44 21 0
54 25 0
Net_id 141
pin_num 2
31 55 0
39 50 0
Net_id 142
pin_num 2
21 34 0
0 22 0
Net_id 143
pin_num 2
31 47 0
28 55 0
Net_id 144
pin_num 2
11 32 0
22 13 0
Net_id 145
pin_num 2
46 51 0
29 53 0
Net_id 146
pin_num 2
27 52 0
38 49 0
Net_id 147
pin_num 2
28 20 0
32 20 0
Net_id 148
pin_num 2
30 19 0
54 40 0
Net_id 149
pin_num 2
51 11 0
28 4 0
Net_id 150
pin_num 2
50 20 0
26 4 0
Net_id 151
pin_num 2
7 48 0
16 28 0
Net_id 152
pin_num 2
57 2 0
58 14 0
Net_id 153
pin_num 2
45 7 0
40 7 0
Net_id 154
pin_num 2
38 47 0
58 56 0
Net_id 155
pin_num 2
41 56 0
40 53 0
Net_id 156
pin_num 2
53 16 0
32 8 0
Net_id 157
pin_num 2
20 1 0
28 8 0
Net_id 158
pin_num 2
9 25 0
26 14 0
Net_id 159
pin_num 2
0 35 0
3 40 0
