Width 60
Height 60
Layer 6
Total_WL 6918
Obstacle_num 144
2 39 0 9 40 0
29 11 0 33 12 0
35 24 0 39 25 0
6 15 0 10 16 0
37 22 0 43 23 0
25 56 0 35 57 0
31 49 0 41 50 0
5 41 0 8 42 0
39 42 0 43 43 0
38 16 0 43 17 0
19 31 0 27 32 0
39 47 0 44 48 0
3 32 0 12 33 0
46 42 0 55 43 0
27 30 0 32 31 0
13 29 0 21 30 0
22 43 0 32 44 0
21 7 0 31 8 0
32 45 0 38 46 0
8 57 0 12 58 0
3 14 0 10 15 0
1 24 0 11 25 0
5 17 0 12 18 0
40 4 0 47 5 0
58 9 1 59 18 1
23 23 1 24 26 1
34 0 1 35 9 1
10 49 1 11 55 1
43 7 1 44 13 1
39 29 1 40 35 1
39 18 1 40 24 1
32 50 1 33 56 1
55 50 1 56 55 1
7 7 1 8 16 1
29 51 1 30 57 1
37 0 1 38 5 1
0 2 1 1 10 1
45 38 1 46 47 1
50 2 1 51 12 1
29 11 1 30 14 1
15 11 1 16 20 1
45 0 1 46 6 1
26 36 1 27 43 1
38 39 1 39 42 1
9 19 1 10 24 1
3 5 1 4 11 1
36 1 1 37 4 1
7 34 1 8 44 1
23 32 2 29 33 2
19 6 2 22 7 2
3 32 2 6 33 2
16 40 2 26 41 2
12 22 2 15 23 2
3 47 2 6 48 2
11 12 2 19 13 2
28 12 2 33 13 2
25 46 2 33 47 2
18 44 2 28 45 2
47 3 2 53 4 2
38 16 2 48 17 2
4 44 2 13 45 2
15 33 2 20 34 2
14 58 2 19 59 2
31 33 2 37 34 2
50 9 2 53 10 2
27 31 2 34 32 2
30 4 2 34 5 2
46 40 2 50 41 2
12 20 2 16 21 2
39 9 2 47 10 2
16 6 2 19 7 2
1 22 2 4 23 2
15 50 3 16 54 3
40 50 3 41 58 3
21 26 3 22 36 3
20 49 3 21 53 3
41 43 3 42 53 3
3 22 3 4 32 3
15 5 3 16 10 3
14 46 3 15 49 3
31 26 3 32 32 3
27 34 3 28 42 3
35 19 3 36 26 3
11 7 3 12 14 3
25 5 3 26 13 3
43 22 3 44 30 3
45 43 3 46 53 3
43 4 3 44 14 3
27 14 3 28 22 3
18 30 3 19 36 3
19 23 3 20 30 3
5 7 3 6 16 3
13 29 3 14 32 3
36 34 3 37 42 3
25 28 3 26 33 3
28 16 3 29 21 3
9 7 4 13 8 4
49 37 4 57 38 4
53 48 4 57 49 4
43 25 4 50 26 4
55 9 4 58 10 4
30 26 4 34 27 4
47 15 4 54 16 4
47 24 4 53 25 4
42 2 4 52 3 4
48 30 4 53 31 4
48 7 4 55 8 4
12 39 4 22 40 4
22 33 4 28 34 4
12 8 4 20 9 4
43 54 4 50 55 4
47 41 4 54 42 4
14 36 4 17 37 4
47 13 4 53 14 4
29 47 4 35 48 4
24 57 4 29 58 4
49 17 4 58 18 4
24 45 4 30 46 4
4 34 4 10 35 4
45 43 4 48 44 4
31 50 5 32 56 5
32 21 5 33 25 5
9 8 5 10 16 5
7 21 5 8 24 5
5 1 5 6 10 5
18 38 5 19 46 5
4 2 5 5 7 5
33 0 5 34 10 5
44 3 5 45 12 5
45 30 5 46 36 5
6 0 5 7 3 5
44 28 5 45 33 5
46 46 5 47 54 5
56 47 5 57 57 5
32 35 5 33 41 5
35 28 5 36 35 5
41 8 5 42 18 5
31 33 5 32 42 5
10 44 5 11 50 5
53 51 5 54 54 5
36 5 5 37 12 5
1 13 5 2 16 5
58 39 5 59 43 5
55 13 5 56 16 5
Net_num 156
Net_id 0
pin_num 5
16 47 0
24 41 0
23 54 0
5 50 0
13 43 0
Net_id 1
pin_num 5
28 34 0
32 34 0
29 14 0
45 26 0
18 22 0
Net_id 2
pin_num 5
25 54 0
24 56 0
2 56 0
8 59 0
6 59 0
Net_id 3
pin_num 5
16 25 0
7 16 0
0 1 0
7 22 0
31 16 0
Net_id 4
pin_num 5
57 28 0
54 25 0
56 2 0
59 14 0
58 34 0
Net_id 5
pin_num 5
36 0 0
33 1 0
23 0 0
33 20 0
50 12 0
Net_id 6
pin_num 5
3 45 0
5 35 0
3 42 0
0 52 0
0 25 0
Net_id 7
pin_num 5
4 34 0
0 32 0
2 37 0
0 38 0
17 36 0
Net_id 8
pin_num 5
23 47 0
32 43 0
38 35 0
38 45 0
14 38 0
Net_id 9
pin_num 5
57 44 0
51 48 0
39 48 0
51 58 0
42 44 0
Net_id 10
pin_num 5
53 55 0
55 56 0
59 50 0
57 38 0
54 59 0
Net_id 11
pin_num 5
29 33 0
23 30 0
24 15 0
26 17 0
30 42 0
Net_id 12
pin_num 5
30 32 0
23 39 0
24 48 0
34 39 0
34 47 0
Net_id 13
pin_num 5
32 44 0
45 49 0
37 44 0
46 59 0
34 59 0
Net_id 14
pin_num 5
6 20 0
22 20 0
14 5 0
15 43 0
6 34 0
Net_id 15
pin_num 5
7 25 0
4 22 0
6 33 0
20 27 0
8 37 0
Net_id 16
pin_num 5
3 2 0
0 10 0
15 10 0
16 0 0
8 11 0
Net_id 17
pin_num 5
43 18 0
49 17 0
47 34 0
57 22 0
46 46 0
Net_id 18
pin_num 5
17 17 0
13 17 0
0 18 0
11 24 0
25 21 0
Net_id 19
pin_num 4
11 18 0
7 28 0
0 30 0
1 18 0
Net_id 20
pin_num 4
13 21 0
21 21 0
18 4 0
16 15 0
Net_id 21
pin_num 4
28 31 0
44 29 0
43 3 0
12 29 0
Net_id 22
pin_num 4
25 51 0
36 51 0
19 58 0
38 52 0
Net_id 23
pin_num 4
51 33 0
41 33 0
44 40 0
38 47 0
Net_id 24
pin_num 4
47 6 0
55 3 0
53 0 0
51 24 0
Net_id 25
pin_num 4
56 16 0
48 29 0
53 29 0
42 28 0
Net_id 26
pin_num 4
53 30 0
49 31 0
33 30 0
36 11 0
Net_id 27
pin_num 4
33 54 0
28 46 0
30 57 0
51 53 0
Net_id 28
pin_num 4
22 34 0
16 42 0
16 35 0
45 35 0
Net_id 29
pin_num 4
16 5 0
20 3 0
13 9 0
1 0 0
Net_id 30
pin_num 4
29 4 0
17 14 0
14 1 0
3 13 0
Net_id 31
pin_num 4
25 1 0
17 10 0
21 23 0
37 17 0
Net_id 32
pin_num 4
2 21 0
22 21 0
12 2 0
2 5 0
Net_id 33
pin_num 4
22 59 0
28 55 0
22 38 0
6 54 0
Net_id 34
pin_num 4
30 4 0
40 8 0
24 5 0
27 6 0
Net_id 35
pin_num 4
1 58 0
16 55 0
0 59 0
13 1 0
Net_id 36
pin_num 4
1 54 0
3 53 0
22 53 0
17 59 0
Net_id 37
pin_num 4
20 34 0
10 31 0
32 30 0
1 16 0
Net_id 38
pin_num 3
7 29 0
9 33 0
27 59 0
Net_id 39
pin_num 3
9 59 0
35 56 0
6 55 0
Net_id 40
pin_num 3
48 37 0
58 55 0
50 26 0
Net_id 41
pin_num 3
26 25 0
31 31 0
7 26 0
Net_id 42
pin_num 3
1 38 0
20 47 0
32 40 0
Net_id 43
pin_num 3
46 23 0
20 36 0
28 26 0
Net_id 44
pin_num 3
13 41 0
24 53 0
23 36 0
Net_id 45
pin_num 3
45 59 0
35 50 0
4 54 0
Net_id 46
pin_num 3
11 49 0
6 44 0
3 26 0
Net_id 47
pin_num 3
58 2 0
46 7 0
52 3 0
Net_id 48
pin_num 3
15 7 0
26 13 0
38 15 0
Net_id 49
pin_num 3
3 28 0
13 40 0
12 47 0
Net_id 50
pin_num 3
19 23 0
31 32 0
47 17 0
Net_id 51
pin_num 3
27 55 0
9 45 0
21 43 0
Net_id 52
pin_num 3
21 33 0
31 42 0
23 27 0
Net_id 53
pin_num 3
59 57 0
52 59 0
55 45 0
Net_id 54
pin_num 3
59 44 0
50 58 0
55 44 0
Net_id 55
pin_num 3
45 54 0
56 54 0
46 25 0
Net_id 56
pin_num 3
54 38 0
56 23 0
55 12 0
Net_id 57
pin_num 3
49 13 0
58 1 0
44 1 0
Net_id 58
pin_num 3
11 51 0
2 50 0
1 55 0
Net_id 59
pin_num 3
54 44 0
46 44 0
50 55 0
Net_id 60
pin_num 3
5 47 0
2 59 0
1 50 0
Net_id 61
pin_num 3
13 58 0
0 46 0
13 33 0
Net_id 62
pin_num 3
59 36 0
41 54 0
4 59 0
Net_id 63
pin_num 3
42 13 0
36 13 0
32 18 0
Net_id 64
pin_num 3
31 25 0
18 36 0
23 20 0
Net_id 65
pin_num 3
3 30 0
6 8 0
4 29 0
Net_id 66
pin_num 3
18 6 0
2 15 0
22 11 0
Net_id 67
pin_num 3
23 38 0
38 38 0
50 18 0
Net_id 68
pin_num 3
3 35 0
4 37 0
28 37 0
Net_id 69
pin_num 3
4 20 0
10 1 0
31 8 0
Net_id 70
pin_num 3
57 41 0
57 30 0
48 47 0
Net_id 71
pin_num 3
37 15 0
30 33 0
59 19 0
Net_id 72
pin_num 3
16 45 0
43 42 0
13 49 0
Net_id 73
pin_num 3
40 18 0
44 17 0
41 28 0
Net_id 74
pin_num 3
37 53 0
16 57 0
7 59 0
Net_id 75
pin_num 3
14 17 0
21 25 0
48 35 0
Net_id 76
pin_num 3
32 14 0
29 19 0
27 15 0
Net_id 77
pin_num 3
21 17 0
19 14 0
46 14 0
Net_id 78
pin_num 2
13 13 0
25 12 0
Net_id 79
pin_num 2
25 5 0
21 8 0
Net_id 80
pin_num 2
47 57 0
40 57 0
Net_id 81
pin_num 2
49 35 0
57 35 0
Net_id 82
pin_num 2
22 52 0
35 55 0
Net_id 83
pin_num 2
56 15 0
49 36 0
Net_id 84
pin_num 2
12 10 0
3 16 0
Net_id 85
pin_num 2
41 36 0
58 52 0
Net_id 86
pin_num 2
49 38 0
31 36 0
Net_id 87
pin_num 2
18 40 0
21 41 0
Net_id 88
pin_num 2
39 58 0
20 43 0
Net_id 89
pin_num 2
36 3 0
43 17 0
Net_id 90
pin_num 2
37 8 0
6 5 0
Net_id 91
pin_num 2
11 25 0
26 12 0
Net_id 92
pin_num 2
24 12 0
6 12 0
Net_id 93
pin_num 2
13 38 0
2 25 0
Net_id 94
pin_num 2
13 42 0
4 31 0
Net_id 95
pin_num 2
46 29 0
54 45 0
Net_id 96
pin_num 2
33 58 0
22 24 0
Net_id 97
pin_num 2
51 5 0
32 7 0
Net_id 98
pin_num 2
30 39 0
34 34 0
Net_id 99
pin_num 2
12 24 0
16 24 0
Net_id 100
pin_num 2
45 6 0
52 4 0
Net_id 101
pin_num 2
39 29 0
50 15 0
Net_id 102
pin_num 2
29 23 0
40 34 0
Net_id 103
pin_num 2
42 32 0
32 21 0
Net_id 104
pin_num 2
2 8 0
9 25 0
Net_id 105
pin_num 2
44 8 0
55 8 0
Net_id 106
pin_num 2
5 42 0
10 28 0
Net_id 107
pin_num 2
58 54 0
56 50 0
Net_id 108
pin_num 2
34 54 0
58 51 0
Net_id 109
pin_num 2
3 3 0
9 3 0
Net_id 110
pin_num 2
21 42 0
31 37 0
Net_id 111
pin_num 2
13 32 0
19 47 0
Net_id 112
pin_num 2
53 28 0
59 20 0
Net_id 113
pin_num 2
31 19 0
45 24 0
Net_id 114
pin_num 2
39 7 0
23 3 0
Net_id 115
pin_num 2
18 31 0
10 19 0
Net_id 116
pin_num 2
6 13 0
16 28 0
Net_id 117
pin_num 2
29 58 0
34 48 0
Net_id 118
pin_num 2
6 1 0
2 1 0
Net_id 119
pin_num 2
17 23 0
30 13 0
Net_id 120
pin_num 2
8 29 0
14 33 0
Net_id 121
pin_num 2
36 34 0
29 8 0
Net_id 122
pin_num 2
2 11 0
1 15 0
Net_id 123
pin_num 2
58 37 0
52 39 0
Net_id 124
pin_num 2
17 40 0
7 52 0
Net_id 125
pin_num 2
2 16 0
2 19 0
Net_id 126
pin_num 2
56 32 0
54 34 0
Net_id 127
pin_num 2
45 46 0
28 53 0
Net_id 128
pin_num 2
33 33 0
35 39 0
Net_id 129
pin_num 2
51 18 0
40 31 0
Net_id 130
pin_num 2
25 9 0
20 33 0
Net_id 131
pin_num 2
50 32 0
59 13 0
Net_id 132
pin_num 2
52 15 0
55 11 0
Net_id 133
pin_num 2
42 49 0
52 33 0
Net_id 134
pin_num 2
7 5 0
12 28 0
Net_id 135
pin_num 2
23 15 0
4 7 0
Net_id 136
pin_num 2
39 52 0
58 58 0
Net_id 137
pin_num 2
42 48 0
48 45 0
Net_id 138
pin_num 2
47 7 0
44 3 0
Net_id 139
pin_num 2
18 3 0
11 16 0
Net_id 140
pin_num 2
31 3 0
9 9 0
Net_id 141
pin_num 2
19 39 0
15 39 0
Net_id 142
pin_num 2
11 47 0
9 37 0
Net_id 143
pin_num 2
18 35 0
39 17 0
Net_id 144
pin_num 2
58 23 0
42 31 0
Net_id 145
pin_num 2
29 28 0
44 20 0
Net_id 146
pin_num 2
20 38 0
20 30 0
Net_id 147
pin_num 2
30 1 0
19 11 0
Net_id 148
pin_num 2
32 16 0
34 20 0
Net_id 149
pin_num 2
36 37 0
25 19 0
Net_id 150
pin_num 2
49 23 0
50 34 0
Net_id 151
pin_num 2
20 51 0
17 57 0
Net_id 152
pin_num 2
14 45 0
34 25 0
Net_id 153
pin_num 2
53 31 0
50 29 0
Net_id 154
pin_num 2
16 2 0
25 15 0
Net_id 155
pin_num 2
19 16 0
3 4 0
