Width 60
Height 60
Layer 6
Total_WL 6813
Obstacle_num 144
18 19 0 21 20 0
43 38 0 52 39 0
52 31 0 55 32 0
3 20 0 11 21 0
40 0 0 45 1 0
23 25 0 30 26 0
48 34 0 58 35 0
14 57 0 17 58 0
50 4 0 55 5 0
29 53 0 35 54 0
4 48 0 11 49 0
37 34 0 42 35 0
29 21 0 37 22 0
26 12 0 36 13 0
31 9 0 35 10 0
5 35 0 14 36 0
14 52 0 19 53 0
27 44 0 37 45 0
14 19 0 18 20 0
33 26 0 36 27 0
46 28 0 55 29 0
28 14 0 38 15 0
33 47 0 40 48 0
43 43 0 47 44 0
2 26 1 3 34 1
31 48 1 32 57 1
28 37 1 29 41 1
53 8 1 54 16 1
26 9 1 27 16 1
5 5 1 6 15 1
10 43 1 11 50 1
9 37 1 10 43 1
31 4 1 32 12 1
55 17 1 56 21 1
34 24 1 35 27 1
36 26 1 37 33 1
38 24 1 39 33 1
16 43 1 17 49 1
32 5 1 33 9 1
44 5 1 45 12 1
4 42 1 5 49 1
18 28 1 19 38 1
14 52 1 15 59 1
44 48 1 45 58 1
46 22 1 47 29 1
1 8 1 2 13 1
0 4 1 1 13 1
5 37 1 6 43 1
19 21 2 23 22 2
5 30 2 14 31 2
16 20 2 23 21 2
49 45 2 59 46 2
51 25 2 57 26 2
16 58 2 23 59 2
1 32 2 7 33 2
23 42 2 33 43 2
22 28 2 32 29 2
16 47 2 19 48 2
16 32 2 25 33 2
43 27 2 50 28 2
11 2 2 21 3 2
49 28 2 59 29 2
35 21 2 41 22 2
46 10 2 52 11 2
3 49 2 12 50 2
48 35 2 56 36 2
34 25 2 37 26 2
48 44 2 55 45 2
10 46 2 20 47 2
10 52 2 13 53 2
46 4 2 56 5 2
40 6 2 47 7 2
22 4 3 23 9 3
48 42 3 49 47 3
15 14 3 16 21 3
21 51 3 22 56 3
56 12 3 57 16 3
16 30 3 17 38 3
35 21 3 36 29 3
51 47 3 52 51 3
18 28 3 19 35 3
12 17 3 13 21 3
10 0 3 11 9 3
32 50 3 33 54 3
35 5 3 36 10 3
29 39 3 30 45 3
27 29 3 28 39 3
42 38 3 43 48 3
13 43 3 14 48 3
40 43 3 41 46 3
24 6 3 25 13 3
11 53 3 12 58 3
29 22 3 30 31 3
6 12 3 7 21 3
13 37 3 14 42 3
48 23 3 49 31 3
49 54 4 52 55 4
12 29 4 20 30 4
20 11 4 24 12 4
28 1 4 37 2 4
34 15 4 41 16 4
9 47 4 19 48 4
52 13 4 58 14 4
28 29 4 37 30 4
7 42 4 14 43 4
3 24 4 9 25 4
40 1 4 50 2 4
14 36 4 23 37 4
38 14 4 46 15 4
37 28 4 40 29 4
12 23 4 17 24 4
9 16 4 17 17 4
15 15 4 25 16 4
4 25 4 12 26 4
25 22 4 34 23 4
35 35 4 41 36 4
40 20 4 49 21 4
46 33 4 56 34 4
38 58 4 41 59 4
30 44 4 39 45 4
9 45 5 10 54 5
54 14 5 55 19 5
40 38 5 41 45 5
2 40 5 3 50 5
47 28 5 48 37 5
6 18 5 7 23 5
16 35 5 17 43 5
5 43 5 6 47 5
30 48 5 31 58 5
48 25 5 49 35 5
19 33 5 20 41 5
57 38 5 58 47 5
30 11 5 31 15 5
15 9 5 16 15 5
42 53 5 43 59 5
38 20 5 39 26 5
52 19 5 53 29 5
51 31 5 52 41 5
2 23 5 3 29 5
33 35 5 34 43 5
34 25 5 35 33 5
45 4 5 46 11 5
23 36 5 24 45 5
39 13 5 40 19 5
Net_num 157
Net_id 0
pin_num 5
11 37 0
14 40 0
23 40 0
17 29 0
13 59 0
Net_id 1
pin_num 5
33 3 0
16 0 0
29 10 0
24 6 0
25 5 0
Net_id 2
pin_num 5
8 59 0
9 44 0
0 36 0
0 35 0
18 59 0
Net_id 3
pin_num 5
38 22 0
45 12 0
59 20 0
41 35 0
59 42 0
Net_id 4
pin_num 5
33 5 0
39 21 0
33 11 0
54 5 0
59 5 0
Net_id 5
pin_num 5
1 28 0
0 20 0
7 34 0
2 42 0
3 15 0
Net_id 6
pin_num 5
40 11 0
45 0 0
42 12 0
29 0 0
53 6 0
Net_id 7
pin_num 5
53 27 0
56 18 0
59 26 0
59 43 0
41 36 0
Net_id 8
pin_num 5
31 27 0
33 30 0
42 27 0
34 40 0
33 34 0
Net_id 9
pin_num 5
49 3 0
58 4 0
46 8 0
58 0 0
48 2 0
Net_id 10
pin_num 5
4 18 0
13 18 0
21 9 0
22 10 0
3 9 0
Net_id 11
pin_num 5
17 25 0
17 21 0
12 24 0
16 3 0
22 28 0
Net_id 12
pin_num 5
18 32 0
21 27 0
30 30 0
30 17 0
1 27 0
Net_id 13
pin_num 5
14 55 0
35 53 0
11 59 0
31 58 0
1 55 0
Net_id 14
pin_num 5
21 48 0
20 58 0
30 46 0
24 46 0
17 53 0
Net_id 15
pin_num 5
3 11 0
0 1 0
0 13 0
18 4 0
12 8 0
Net_id 16
pin_num 5
56 36 0
46 36 0
48 41 0
47 54 0
48 23 0
Net_id 17
pin_num 5
39 37 0
31 37 0
37 40 0
48 39 0
40 17 0
Net_id 18
pin_num 5
25 11 0
20 10 0
21 23 0
22 23 0
1 7 0
Net_id 19
pin_num 5
29 9 0
41 2 0
35 6 0
28 0 0
1 4 0
Net_id 20
pin_num 4
17 43 0
39 36 0
20 26 0
39 54 0
Net_id 21
pin_num 4
5 53 0
18 57 0
7 59 0
18 39 0
Net_id 22
pin_num 4
56 2 0
57 10 0
54 7 0
57 27 0
Net_id 23
pin_num 4
34 38 0
29 39 0
6 38 0
8 34 0
Net_id 24
pin_num 4
52 16 0
53 20 0
53 32 0
49 25 0
Net_id 25
pin_num 4
27 16 0
23 3 0
18 6 0
33 6 0
Net_id 26
pin_num 4
57 15 0
54 29 0
58 8 0
57 29 0
Net_id 27
pin_num 4
20 5 0
12 5 0
17 13 0
23 10 0
Net_id 28
pin_num 4
36 32 0
19 29 0
31 19 0
19 15 0
Net_id 29
pin_num 4
24 7 0
18 0 0
38 9 0
48 10 0
Net_id 30
pin_num 4
47 40 0
56 40 0
32 33 0
8 33 0
Net_id 31
pin_num 4
59 51 0
51 56 0
59 44 0
41 57 0
Net_id 32
pin_num 4
13 11 0
23 23 0
32 15 0
36 18 0
Net_id 33
pin_num 4
5 7 0
2 14 0
0 19 0
2 43 0
Net_id 34
pin_num 4
42 19 0
32 20 0
36 12 0
41 4 0
Net_id 35
pin_num 4
59 14 0
43 16 0
59 16 0
45 41 0
Net_id 36
pin_num 4
4 0 0
5 0 0
1 2 0
15 0 0
Net_id 37
pin_num 4
24 16 0
9 7 0
27 19 0
28 7 0
Net_id 38
pin_num 4
32 35 0
25 42 0
12 41 0
16 51 0
Net_id 39
pin_num 4
31 17 0
4 30 0
43 19 0
29 19 0
Net_id 40
pin_num 3
15 45 0
32 50 0
24 28 0
Net_id 41
pin_num 3
19 31 0
23 30 0
21 50 0
Net_id 42
pin_num 3
10 8 0
7 23 0
15 10 0
Net_id 43
pin_num 3
0 26 0
9 32 0
1 52 0
Net_id 44
pin_num 3
36 59 0
42 58 0
19 57 0
Net_id 45
pin_num 3
43 27 0
42 35 0
46 9 0
Net_id 46
pin_num 3
21 42 0
44 37 0
47 59 0
Net_id 47
pin_num 3
57 32 0
30 43 0
36 42 0
Net_id 48
pin_num 3
57 38 0
46 45 0
56 59 0
Net_id 49
pin_num 3
28 10 0
21 0 0
6 1 0
Net_id 50
pin_num 3
30 25 0
38 25 0
42 18 0
Net_id 51
pin_num 3
30 0 0
36 1 0
59 6 0
Net_id 52
pin_num 3
11 26 0
11 41 0
48 59 0
Net_id 53
pin_num 3
12 30 0
17 39 0
5 43 0
Net_id 54
pin_num 3
2 29 0
11 25 0
3 51 0
Net_id 55
pin_num 3
31 55 0
24 54 0
45 55 0
Net_id 56
pin_num 3
21 6 0
33 20 0
11 21 0
Net_id 57
pin_num 3
26 2 0
16 1 0
4 1 0
Net_id 58
pin_num 3
52 55 0
58 42 0
47 45 0
Net_id 59
pin_num 3
46 18 0
28 17 0
22 36 0
Net_id 60
pin_num 3
37 21 0
49 7 0
52 1 0
Net_id 61
pin_num 3
36 48 0
32 40 0
32 31 0
Net_id 62
pin_num 3
37 35 0
20 37 0
58 31 0
Net_id 63
pin_num 3
3 46 0
0 58 0
0 52 0
Net_id 64
pin_num 3
36 4 0
23 13 0
53 13 0
Net_id 65
pin_num 3
46 19 0
58 17 0
44 4 0
Net_id 66
pin_num 3
51 33 0
42 38 0
35 17 0
Net_id 67
pin_num 3
11 20 0
10 13 0
14 10 0
Net_id 68
pin_num 3
27 49 0
14 50 0
19 53 0
Net_id 69
pin_num 3
54 48 0
51 59 0
40 57 0
Net_id 70
pin_num 3
15 28 0
2 52 0
12 49 0
Net_id 71
pin_num 3
7 13 0
26 1 0
7 7 0
Net_id 72
pin_num 3
32 7 0
56 22 0
44 22 0
Net_id 73
pin_num 3
23 46 0
8 46 0
1 59 0
Net_id 74
pin_num 3
35 31 0
47 31 0
46 58 0
Net_id 75
pin_num 3
46 20 0
37 24 0
43 24 0
Net_id 76
pin_num 3
38 32 0
54 37 0
57 52 0
Net_id 77
pin_num 3
16 8 0
8 3 0
33 8 0
Net_id 78
pin_num 2
5 12 0
0 17 0
Net_id 79
pin_num 2
38 46 0
56 31 0
Net_id 80
pin_num 2
10 16 0
17 15 0
Net_id 81
pin_num 2
17 42 0
28 45 0
Net_id 82
pin_num 2
21 47 0
19 34 0
Net_id 83
pin_num 2
10 17 0
2 19 0
Net_id 84
pin_num 2
50 27 0
54 22 0
Net_id 85
pin_num 2
10 32 0
12 25 0
Net_id 86
pin_num 2
5 32 0
11 31 0
Net_id 87
pin_num 2
44 23 0
59 15 0
Net_id 88
pin_num 2
7 44 0
9 47 0
Net_id 89
pin_num 2
21 15 0
34 15 0
Net_id 90
pin_num 2
26 20 0
34 49 0
Net_id 91
pin_num 2
28 5 0
43 11 0
Net_id 92
pin_num 2
32 16 0
17 14 0
Net_id 93
pin_num 2
47 8 0
56 9 0
Net_id 94
pin_num 2
59 7 0
58 18 0
Net_id 95
pin_num 2
14 1 0
13 10 0
Net_id 96
pin_num 2
39 8 0
28 21 0
Net_id 97
pin_num 2
9 53 0
16 54 0
Net_id 98
pin_num 2
13 39 0
3 53 0
Net_id 99
pin_num 2
50 47 0
40 52 0
Net_id 100
pin_num 2
8 22 0
11 24 0
Net_id 101
pin_num 2
35 39 0
39 29 0
Net_id 102
pin_num 2
55 11 0
46 11 0
Net_id 103
pin_num 2
39 24 0
54 39 0
Net_id 104
pin_num 2
29 24 0
22 24 0
Net_id 105
pin_num 2
58 5 0
43 21 0
Net_id 106
pin_num 2
43 53 0
53 58 0
Net_id 107
pin_num 2
19 3 0
26 0 0
Net_id 108
pin_num 2
26 45 0
27 40 0
Net_id 109
pin_num 2
18 33 0
28 43 0
Net_id 110
pin_num 2
5 27 0
0 22 0
Net_id 111
pin_num 2
5 23 0
11 5 0
Net_id 112
pin_num 2
4 45 0
1 44 0
Net_id 113
pin_num 2
7 51 0
26 57 0
Net_id 114
pin_num 2
15 56 0
2 58 0
Net_id 115
pin_num 2
28 28 0
52 23 0
Net_id 116
pin_num 2
54 33 0
38 48 0
Net_id 117
pin_num 2
47 52 0
58 40 0
Net_id 118
pin_num 2
13 1 0
9 1 0
Net_id 119
pin_num 2
0 18 0
20 3 0
Net_id 120
pin_num 2
20 51 0
55 39 0
Net_id 121
pin_num 2
21 39 0
27 34 0
Net_id 122
pin_num 2
46 3 0
52 9 0
Net_id 123
pin_num 2
49 44 0
25 57 0
Net_id 124
pin_num 2
44 45 0
29 57 0
Net_id 125
pin_num 2
6 41 0
1 40 0
Net_id 126
pin_num 2
6 49 0
4 57 0
Net_id 127
pin_num 2
8 16 0
4 13 0
Net_id 128
pin_num 2
51 18 0
46 46 0
Net_id 129
pin_num 2
28 49 0
58 30 0
Net_id 130
pin_num 2
5 51 0
21 26 0
Net_id 131
pin_num 2
26 28 0
25 30 0
Net_id 132
pin_num 2
40 42 0
23 31 0
Net_id 133
pin_num 2
6 10 0
30 2 0
Net_id 134
pin_num 2
44 15 0
59 10 0
Net_id 135
pin_num 2
48 24 0
42 37 0
Net_id 136
pin_num 2
54 42 0
42 56 0
Net_id 137
pin_num 2
58 15 0
48 18 0
Net_id 138
pin_num 2
1 58 0
15 49 0
Net_id 139
pin_num 2
44 54 0
55 58 0
Net_id 140
pin_num 2
20 53 0
24 55 0
Net_id 141
pin_num 2
12 15 0
17 17 0
Net_id 142
pin_num 2
18 23 0
5 19 0
Net_id 143
pin_num 2
6 52 0
24 53 0
Net_id 144
pin_num 2
49 24 0
46 12 0
Net_id 145
pin_num 2
47 46 0
54 30 0
Net_id 146
pin_num 2
24 47 0
41 37 0
Net_id 147
pin_num 2
37 49 0
35 43 0
Net_id 148
pin_num 2
11 12 0
1 5 0
Net_id 149
pin_num 2
26 17 0
23 21 0
Net_id 150
pin_num 2
30 39 0
37 29 0
Net_id 151
pin_num 2
10 42 0
1 51 0
Net_id 152
pin_num 2
57 13 0
55 13 0
Net_id 153
pin_num 2
20 41 0
25 51 0
Net_id 154
pin_num 2
7 19 0
18 21 0
Net_id 155
pin_num 2
2 59 0
6 31 0
Net_id 156
pin_num 2
30 35 0
4 21 0
