Width 60
Height 60
Layer 6
Total_WL 6734
Obstacle_num 144
33 46 0 42 47 0
50 43 0 58 44 0
14 4 0 22 5 0
44 41 0 52 42 0
15 20 0 21 21 0
27 23 0 34 24 0
43 23 0 46 24 0
47 31 0 51 32 0
12 34 0 15 35 0
33 31 0 41 32 0
27 32 0 35 33 0
5 38 0 12 39 0
47 4 0 55 5 0
28 58 0 34 59 0
15 1 0 20 2 0
0 3 0 4 4 0
4 24 0 7 25 0
35 35 0 43 36 0
19 35 0 22 36 0
41 49 0 44 50 0
44 22 0 47 23 0
14 9 0 18 10 0
37 10 0 46 11 0
1 44 0 7 45 0
49 54 1 50 59 1
12 21 1 13 28 1
58 2 1 59 7 1
29 29 1 30 33 1
40 20 1 41 26 1
47 2 1 48 7 1
1 11 1 2 17 1
24 38 1 25 47 1
26 11 1 27 20 1
5 29 1 6 34 1
38 46 1 39 54 1
42 50 1 43 58 1
28 16 1 29 23 1
32 13 1 33 20 1
22 14 1 23 24 1
2 8 1 3 12 1
48 10 1 49 20 1
10 8 1 11 18 1
1 35 1 2 40 1
2 43 1 3 48 1
6 30 1 7 38 1
53 0 1 54 10 1
8 12 1 9 20 1
6 22 1 7 29 1
39 42 2 45 43 2
15 50 2 24 51 2
19 52 2 26 53 2
10 3 2 19 4 2
37 47 2 40 48 2
3 16 2 10 17 2
15 47 2 24 48 2
37 50 2 42 51 2
39 45 2 46 46 2
29 8 2 39 9 2
25 23 2 28 24 2
36 46 2 41 47 2
15 26 2 18 27 2
6 41 2 11 42 2
35 15 2 42 16 2
19 54 2 22 55 2
41 54 2 47 55 2
42 25 2 51 26 2
27 57 2 32 58 2
53 54 2 57 55 2
1 55 2 5 56 2
8 13 2 17 14 2
44 53 2 50 54 2
42 15 2 49 16 2
53 16 3 54 25 3
39 30 3 40 40 3
50 12 3 51 21 3
9 13 3 10 20 3
15 25 3 16 28 3
7 14 3 8 22 3
54 45 3 55 51 3
58 51 3 59 59 3
49 5 3 50 10 3
47 46 3 48 53 3
47 29 3 48 34 3
2 19 3 3 24 3
6 13 3 7 19 3
57 17 3 58 23 3
36 14 3 37 18 3
56 41 3 57 45 3
58 15 3 59 21 3
10 36 3 11 45 3
20 35 3 21 40 3
18 1 3 19 8 3
12 47 3 13 50 3
37 24 3 38 31 3
41 42 3 42 50 3
16 12 3 17 19 3
19 24 4 23 25 4
12 30 4 22 31 4
22 34 4 25 35 4
30 49 4 35 50 4
16 8 4 19 9 4
7 11 4 10 12 4
30 41 4 33 42 4
42 22 4 45 23 4
39 31 4 46 32 4
47 39 4 55 40 4
6 13 4 14 14 4
46 10 4 56 11 4
51 15 4 57 16 4
6 55 4 12 56 4
16 48 4 21 49 4
15 14 4 23 15 4
31 56 4 40 57 4
20 25 4 25 26 4
40 13 4 45 14 4
18 5 4 21 6 4
47 17 4 51 18 4
36 45 4 46 46 4
48 23 4 51 24 4
48 24 4 57 25 4
38 8 5 39 11 5
21 40 5 22 43 5
30 39 5 31 49 5
22 39 5 23 47 5
42 35 5 43 41 5
15 9 5 16 16 5
49 9 5 50 16 5
35 10 5 36 14 5
48 37 5 49 44 5
34 19 5 35 29 5
16 0 5 17 6 5
13 9 5 14 13 5
44 51 5 45 59 5
48 25 5 49 28 5
57 33 5 58 37 5
57 7 5 58 12 5
3 20 5 4 26 5
40 34 5 41 41 5
28 15 5 29 24 5
20 9 5 21 14 5
1 7 5 2 15 5
28 0 5 29 4 5
46 27 5 47 32 5
32 43 5 33 48 5
Net_num 162
Net_id 0
pin_num 5
31 26 0
34 27 0
33 21 0
13 21 0
26 24 0
Net_id 1
pin_num 5
46 55 0
45 53 0
55 55 0
51 59 0
27 58 0
Net_id 2
pin_num 5
49 38 0
51 44 0
59 53 0
51 45 0
55 53 0
Net_id 3
pin_num 5
24 45 0
23 41 0
23 29 0
9 40 0
11 35 0
Net_id 4
pin_num 5
47 45 0
45 43 0
45 51 0
59 43 0
41 52 0
Net_id 5
pin_num 5
25 22 0
15 25 0
18 13 0
18 41 0
20 15 0
Net_id 6
pin_num 5
48 22 0
57 21 0
51 25 0
53 42 0
42 26 0
Net_id 7
pin_num 5
15 35 0
20 26 0
33 34 0
0 29 0
28 15 0
Net_id 8
pin_num 5
21 16 0
31 16 0
25 13 0
30 0 0
11 0 0
Net_id 9
pin_num 5
26 29 0
21 20 0
16 28 0
30 28 0
21 9 0
Net_id 10
pin_num 5
8 23 0
5 16 0
10 28 0
15 17 0
0 11 0
Net_id 11
pin_num 5
43 42 0
43 47 0
32 45 0
35 38 0
42 48 0
Net_id 12
pin_num 5
3 25 0
0 26 0
11 12 0
8 22 0
4 17 0
Net_id 13
pin_num 5
12 4 0
20 1 0
31 0 0
43 1 0
29 20 0
Net_id 14
pin_num 5
56 3 0
53 10 0
49 20 0
58 10 0
38 18 0
Net_id 15
pin_num 5
26 9 0
22 8 0
19 22 0
37 14 0
19 23 0
Net_id 16
pin_num 5
54 38 0
50 33 0
52 19 0
52 13 0
33 19 0
Net_id 17
pin_num 5
55 58 0
58 55 0
58 37 0
52 51 0
41 50 0
Net_id 18
pin_num 5
36 24 0
46 23 0
54 23 0
47 38 0
46 17 0
Net_id 19
pin_num 4
2 51 0
0 55 0
0 56 0
8 54 0
Net_id 20
pin_num 4
12 35 0
20 37 0
0 38 0
15 46 0
Net_id 21
pin_num 4
59 52 0
49 59 0
51 51 0
51 21 0
Net_id 22
pin_num 4
10 49 0
5 40 0
8 26 0
11 50 0
Net_id 23
pin_num 4
54 58 0
46 51 0
59 55 0
59 42 0
Net_id 24
pin_num 4
28 34 0
38 24 0
15 36 0
15 26 0
Net_id 25
pin_num 4
56 31 0
45 42 0
45 33 0
41 25 0
Net_id 26
pin_num 4
5 1 0
7 4 0
23 2 0
4 10 0
Net_id 27
pin_num 4
45 15 0
56 5 0
50 20 0
54 12 0
Net_id 28
pin_num 4
40 6 0
45 7 0
39 24 0
24 7 0
Net_id 29
pin_num 4
5 18 0
12 19 0
14 25 0
19 36 0
Net_id 30
pin_num 4
29 25 0
11 23 0
41 17 0
22 42 0
Net_id 31
pin_num 4
19 45 0
7 51 0
2 59 0
3 50 0
Net_id 32
pin_num 4
20 56 0
28 52 0
0 58 0
17 58 0
Net_id 33
pin_num 4
3 14 0
7 12 0
2 28 0
8 24 0
Net_id 34
pin_num 4
55 19 0
50 30 0
59 17 0
58 29 0
Net_id 35
pin_num 4
59 49 0
49 51 0
36 59 0
52 53 0
Net_id 36
pin_num 4
50 26 0
48 30 0
41 20 0
56 18 0
Net_id 37
pin_num 4
40 54 0
33 50 0
51 54 0
47 59 0
Net_id 38
pin_num 4
42 33 0
33 30 0
44 18 0
41 32 0
Net_id 39
pin_num 3
52 20 0
54 24 0
48 0 0
Net_id 40
pin_num 3
29 53 0
36 42 0
16 53 0
Net_id 41
pin_num 3
14 48 0
13 36 0
13 2 0
Net_id 42
pin_num 3
44 12 0
57 5 0
50 2 0
Net_id 43
pin_num 3
50 56 0
39 57 0
42 43 0
Net_id 44
pin_num 3
45 46 0
55 44 0
46 39 0
Net_id 45
pin_num 3
6 34 0
0 44 0
12 30 0
Net_id 46
pin_num 3
10 48 0
5 53 0
23 51 0
Net_id 47
pin_num 3
22 45 0
0 42 0
18 58 0
Net_id 48
pin_num 3
42 32 0
57 37 0
49 30 0
Net_id 49
pin_num 3
59 40 0
46 48 0
44 46 0
Net_id 50
pin_num 3
7 13 0
6 16 0
1 40 0
Net_id 51
pin_num 3
14 47 0
1 20 0
0 40 0
Net_id 52
pin_num 3
22 11 0
31 11 0
27 18 0
Net_id 53
pin_num 3
31 13 0
33 3 0
23 23 0
Net_id 54
pin_num 3
55 16 0
57 0 0
21 2 0
Net_id 55
pin_num 3
13 9 0
8 0 0
6 4 0
Net_id 56
pin_num 3
55 8 0
57 6 0
30 4 0
Net_id 57
pin_num 3
45 18 0
56 15 0
47 21 0
Net_id 58
pin_num 3
35 12 0
56 25 0
59 32 0
Net_id 59
pin_num 3
12 53 0
15 55 0
7 55 0
Net_id 60
pin_num 3
18 25 0
11 34 0
7 26 0
Net_id 61
pin_num 3
19 33 0
23 27 0
23 7 0
Net_id 62
pin_num 3
47 8 0
57 3 0
55 23 0
Net_id 63
pin_num 3
21 54 0
6 57 0
3 41 0
Net_id 64
pin_num 3
4 22 0
10 21 0
10 6 0
Net_id 65
pin_num 3
20 43 0
1 43 0
9 57 0
Net_id 66
pin_num 3
34 36 0
47 44 0
39 53 0
Net_id 67
pin_num 3
4 3 0
18 2 0
28 12 0
Net_id 68
pin_num 3
1 35 0
4 49 0
11 40 0
Net_id 69
pin_num 3
29 56 0
38 57 0
31 30 0
Net_id 70
pin_num 3
16 8 0
14 16 0
1 19 0
Net_id 71
pin_num 3
2 22 0
7 35 0
14 42 0
Net_id 72
pin_num 3
30 22 0
36 22 0
27 41 0
Net_id 73
pin_num 3
28 46 0
39 36 0
32 46 0
Net_id 74
pin_num 3
10 1 0
4 8 0
5 0 0
Net_id 75
pin_num 3
29 36 0
36 41 0
46 33 0
Net_id 76
pin_num 3
51 14 0
57 28 0
47 22 0
Net_id 77
pin_num 3
15 39 0
20 58 0
19 29 0
Net_id 78
pin_num 3
41 28 0
24 26 0
24 25 0
Net_id 79
pin_num 3
35 15 0
40 0 0
45 17 0
Net_id 80
pin_num 2
59 7 0
47 14 0
Net_id 81
pin_num 2
17 32 0
10 33 0
Net_id 82
pin_num 2
26 12 0
16 12 0
Net_id 83
pin_num 2
32 44 0
10 52 0
Net_id 84
pin_num 2
59 51 0
44 47 0
Net_id 85
pin_num 2
20 39 0
15 48 0
Net_id 86
pin_num 2
12 44 0
4 33 0
Net_id 87
pin_num 2
1 26 0
5 26 0
Net_id 88
pin_num 2
2 18 0
3 6 0
Net_id 89
pin_num 2
47 17 0
56 6 0
Net_id 90
pin_num 2
4 23 0
11 8 0
Net_id 91
pin_num 2
31 57 0
36 56 0
Net_id 92
pin_num 2
26 6 0
6 5 0
Net_id 93
pin_num 2
43 52 0
47 52 0
Net_id 94
pin_num 2
18 40 0
40 47 0
Net_id 95
pin_num 2
41 41 0
59 56 0
Net_id 96
pin_num 2
12 49 0
11 45 0
Net_id 97
pin_num 2
21 37 0
28 54 0
Net_id 98
pin_num 2
45 44 0
36 39 0
Net_id 99
pin_num 2
43 13 0
25 27 0
Net_id 100
pin_num 2
2 32 0
13 24 0
Net_id 101
pin_num 2
26 13 0
42 7 0
Net_id 102
pin_num 2
57 26 0
52 44 0
Net_id 103
pin_num 2
12 7 0
29 27 0
Net_id 104
pin_num 2
39 16 0
24 33 0
Net_id 105
pin_num 2
12 29 0
9 22 0
Net_id 106
pin_num 2
5 45 0
22 54 0
Net_id 107
pin_num 2
29 3 0
32 9 0
Net_id 108
pin_num 2
6 33 0
21 41 0
Net_id 109
pin_num 2
14 14 0
7 8 0
Net_id 110
pin_num 2
38 51 0
55 40 0
Net_id 111
pin_num 2
45 59 0
29 43 0
Net_id 112
pin_num 2
12 25 0
2 49 0
Net_id 113
pin_num 2
55 29 0
39 30 0
Net_id 114
pin_num 2
10 27 0
16 31 0
Net_id 115
pin_num 2
15 49 0
27 59 0
Net_id 116
pin_num 2
53 59 0
48 57 0
Net_id 117
pin_num 2
38 56 0
29 37 0
Net_id 118
pin_num 2
47 39 0
37 41 0
Net_id 119
pin_num 2
37 42 0
38 26 0
Net_id 120
pin_num 2
10 57 0
16 38 0
Net_id 121
pin_num 2
12 1 0
25 26 0
Net_id 122
pin_num 2
36 57 0
29 59 0
Net_id 123
pin_num 2
45 38 0
25 32 0
Net_id 124
pin_num 2
58 24 0
49 27 0
Net_id 125
pin_num 2
10 24 0
12 12 0
Net_id 126
pin_num 2
15 14 0
34 13 0
Net_id 127
pin_num 2
39 4 0
48 9 0
Net_id 128
pin_num 2
45 58 0
30 45 0
Net_id 129
pin_num 2
2 2 0
7 2 0
Net_id 130
pin_num 2
15 13 0
4 5 0
Net_id 131
pin_num 2
22 52 0
22 48 0
Net_id 132
pin_num 2
50 53 0
56 36 0
Net_id 133
pin_num 2
32 14 0
31 18 0
Net_id 134
pin_num 2
22 55 0
12 59 0
Net_id 135
pin_num 2
46 27 0
52 11 0
Net_id 136
pin_num 2
19 16 0
16 18 0
Net_id 137
pin_num 2
45 3 0
37 18 0
Net_id 138
pin_num 2
38 25 0
25 29 0
Net_id 139
pin_num 2
37 47 0
13 41 0
Net_id 140
pin_num 2
48 16 0
41 3 0
Net_id 141
pin_num 2
19 39 0
9 20 0
Net_id 142
pin_num 2
48 21 0
33 42 0
Net_id 143
pin_num 2
6 6 0
2 29 0
Net_id 144
pin_num 2
20 11 0
1 11 0
Net_id 145
pin_num 2
28 5 0
27 2 0
Net_id 146
pin_num 2
45 16 0
39 20 0
Net_id 147
pin_num 2
55 6 0
45 2 0
Net_id 148
pin_num 2
24 49 0
47 43 0
Net_id 149
pin_num 2
40 9 0
55 2 0
Net_id 150
pin_num 2
12 33 0
17 31 0
Net_id 151
pin_num 2
53 33 0
42 24 0
Net_id 152
pin_num 2
9 31 0
0 34 0
Net_id 153
pin_num 2
44 27 0
35 34 0
Net_id 154
pin_num 2
18 15 0
9 6 0
Net_id 155
pin_num 2
26 26 0
34 15 0
Net_id 156
pin_num 2
28 59 0
50 48 0
Net_id 157
pin_num 2
47 11 0
58 14 0
Net_id 158
pin_num 2
26 32 0
21 29 0
Net_id 159
pin_num 2
56 33 0
48 51 0
Net_id 160
pin_num 2
29 0 0
21 8 0
Net_id 161
pin_num 2
29 6 0
45 12 0
