Width 60
Height 60
Layer 6
Total_WL 7308
Obstacle_num 144
6 19 0 14 20 0
10 10 0 14 11 0
20 46 0 29 47 0
8 17 0 11 18 0
8 56 0 15 57 0
2 4 0 9 5 0
39 22 0 49 23 0
6 35 0 15 36 0
1 51 0 10 52 0
26 58 0 33 59 0
40 25 0 44 26 0
9 45 0 12 46 0
13 24 0 22 25 0
5 18 0 9 19 0
47 49 0 55 50 0
5 34 0 12 35 0
2 47 0 9 48 0
50 37 0 59 38 0
54 27 0 59 28 0
47 7 0 57 8 0
28 5 0 34 6 0
32 2 0 42 3 0
20 57 0 25 58 0
15 33 0 25 34 0
52 12 1 53 19 1
4 41 1 5 50 1
35 30 1 36 35 1
32 22 1 33 27 1
34 8 1 35 17 1
22 4 1 23 7 1
43 32 1 44 36 1
17 38 1 18 43 1
36 16 1 37 26 1
9 38 1 10 44 1
51 20 1 52 28 1
30 45 1 31 52 1
26 39 1 27 49 1
47 53 1 48 58 1
29 12 1 30 22 1
12 28 1 13 37 1
51 15 1 52 19 1
2 42 1 3 52 1
11 23 1 12 27 1
54 48 1 55 55 1
29 45 1 30 49 1
16 27 1 17 36 1
22 11 1 23 18 1
35 10 1 36 16 1
38 58 2 42 59 2
43 30 2 47 31 2
23 44 2 32 45 2
48 47 2 57 48 2
26 29 2 31 30 2
48 2 2 54 3 2
4 19 2 10 20 2
46 18 2 55 19 2
24 45 2 30 46 2
24 36 2 28 37 2
34 56 2 40 57 2
39 17 2 46 18 2
47 19 2 55 20 2
35 43 2 40 44 2
46 12 2 49 13 2
33 44 2 43 45 2
16 50 2 19 51 2
24 57 2 27 58 2
15 8 2 24 9 2
51 26 2 55 27 2
46 35 2 49 36 2
29 1 2 32 2 2
13 40 2 18 41 2
52 57 2 58 58 2
47 35 3 48 44 3
15 47 3 16 54 3
1 47 3 2 51 3
29 23 3 30 27 3
4 37 3 5 44 3
48 2 3 49 5 3
2 10 3 3 15 3
7 38 3 8 44 3
58 5 3 59 15 3
19 46 3 20 52 3
51 26 3 52 36 3
28 33 3 29 39 3
8 31 3 9 35 3
39 7 3 40 14 3
40 38 3 41 48 3
53 22 3 54 31 3
52 15 3 53 19 3
18 39 3 19 42 3
13 19 3 14 26 3
49 7 3 50 10 3
40 20 3 41 23 3
37 40 3 38 49 3
45 13 3 46 23 3
49 41 3 50 49 3
28 46 4 38 47 4
30 50 4 35 51 4
10 11 4 18 12 4
4 35 4 7 36 4
38 33 4 45 34 4
1 51 4 10 52 4
19 50 4 22 51 4
32 52 4 36 53 4
6 46 4 12 47 4
15 18 4 25 19 4
53 1 4 57 2 4
4 48 4 10 49 4
26 17 4 32 18 4
31 44 4 35 45 4
38 11 4 47 12 4
25 12 4 34 13 4
49 53 4 54 54 4
5 2 4 15 3 4
13 19 4 23 20 4
25 18 4 32 19 4
17 35 4 27 36 4
26 7 4 34 8 4
44 42 4 54 43 4
42 26 4 51 27 4
15 9 5 16 14 5
43 25 5 44 29 5
54 46 5 55 56 5
29 4 5 30 10 5
53 35 5 54 40 5
22 33 5 23 42 5
51 32 5 52 38 5
31 39 5 32 42 5
14 21 5 15 27 5
14 47 5 15 55 5
43 9 5 44 15 5
42 8 5 43 18 5
5 27 5 6 32 5
8 45 5 9 49 5
57 46 5 58 55 5
12 34 5 13 44 5
55 32 5 56 35 5
15 35 5 16 42 5
2 44 5 3 54 5
26 50 5 27 56 5
44 19 5 45 25 5
11 49 5 12 58 5
2 31 5 3 39 5
35 53 5 36 56 5
Net_num 166
Net_id 0
pin_num 5
42 36 0
38 36 0
41 26 0
37 33 0
54 31 0
Net_id 1
pin_num 5
35 47 0
32 53 0
17 52 0
21 35 0
44 49 0
Net_id 2
pin_num 5
52 18 0
46 17 0
59 15 0
28 18 0
58 17 0
Net_id 3
pin_num 5
52 30 0
58 30 0
54 46 0
59 55 0
38 30 0
Net_id 4
pin_num 5
9 6 0
19 19 0
42 16 0
38 3 0
26 16 0
Net_id 5
pin_num 5
40 54 0
47 54 0
58 59 0
53 51 0
54 56 0
Net_id 6
pin_num 5
9 1 0
2 8 0
6 8 0
5 2 0
20 5 0
Net_id 7
pin_num 5
58 57 0
42 57 0
57 52 0
57 39 0
59 56 0
Net_id 8
pin_num 5
12 38 0
6 45 0
0 44 0
3 34 0
0 28 0
Net_id 9
pin_num 5
53 14 0
57 7 0
59 6 0
56 29 0
56 0 0
Net_id 10
pin_num 5
48 38 0
45 48 0
59 59 0
55 44 0
35 45 0
Net_id 11
pin_num 5
2 41 0
14 41 0
5 35 0
6 39 0
7 33 0
Net_id 12
pin_num 5
26 20 0
40 26 0
20 20 0
26 33 0
49 23 0
Net_id 13
pin_num 5
51 52 0
39 47 0
46 40 0
37 41 0
49 36 0
Net_id 14
pin_num 5
35 49 0
29 49 0
33 40 0
18 49 0
18 59 0
Net_id 15
pin_num 5
1 25 0
9 18 0
3 5 0
7 20 0
7 21 0
Net_id 16
pin_num 5
39 17 0
46 3 0
32 13 0
14 13 0
58 7 0
Net_id 17
pin_num 5
47 37 0
39 38 0
47 51 0
21 37 0
36 55 0
Net_id 18
pin_num 5
1 28 0
7 30 0
5 23 0
2 19 0
6 33 0
Net_id 19
pin_num 5
20 51 0
16 51 0
19 40 0
41 50 0
36 36 0
Net_id 20
pin_num 5
10 18 0
27 19 0
51 19 0
38 16 0
12 5 0
Net_id 21
pin_num 4
4 19 0
2 39 0
4 34 0
11 40 0
Net_id 22
pin_num 4
37 4 0
45 10 0
57 4 0
49 20 0
Net_id 23
pin_num 4
24 7 0
26 11 0
36 9 0
28 21 0
Net_id 24
pin_num 4
33 7 0
25 8 0
0 10 0
28 6 0
Net_id 25
pin_num 4
49 47 0
45 35 0
55 36 0
52 41 0
Net_id 26
pin_num 4
25 28 0
11 28 0
0 36 0
6 36 0
Net_id 27
pin_num 4
33 33 0
27 27 0
31 50 0
31 56 0
Net_id 28
pin_num 4
56 40 0
58 34 0
38 38 0
58 23 0
Net_id 29
pin_num 4
22 56 0
21 59 0
25 48 0
22 55 0
Net_id 30
pin_num 4
6 53 0
1 39 0
23 53 0
10 44 0
Net_id 31
pin_num 4
23 24 0
18 23 0
6 14 0
26 14 0
Net_id 32
pin_num 4
16 9 0
16 19 0
1 15 0
2 17 0
Net_id 33
pin_num 4
53 32 0
52 29 0
34 34 0
44 40 0
Net_id 34
pin_num 4
21 3 0
17 8 0
13 15 0
3 15 0
Net_id 35
pin_num 4
37 49 0
43 48 0
41 42 0
42 28 0
Net_id 36
pin_num 4
33 51 0
23 50 0
13 54 0
5 50 0
Net_id 37
pin_num 4
31 27 0
25 24 0
28 44 0
28 36 0
Net_id 38
pin_num 4
44 42 0
56 36 0
40 39 0
58 55 0
Net_id 39
pin_num 4
23 3 0
12 0 0
17 9 0
2 3 0
Net_id 40
pin_num 4
15 49 0
30 53 0
33 59 0
1 59 0
Net_id 41
pin_num 4
48 44 0
40 43 0
40 59 0
52 54 0
Net_id 42
pin_num 4
22 41 0
27 28 0
10 28 0
19 31 0
Net_id 43
pin_num 4
17 15 0
23 30 0
8 26 0
36 29 0
Net_id 44
pin_num 3
43 11 0
17 7 0
37 34 0
Net_id 45
pin_num 3
8 13 0
6 24 0
1 3 0
Net_id 46
pin_num 3
41 43 0
44 29 0
59 41 0
Net_id 47
pin_num 3
20 41 0
11 59 0
15 41 0
Net_id 48
pin_num 3
2 42 0
8 52 0
33 58 0
Net_id 49
pin_num 3
7 22 0
0 14 0
33 14 0
Net_id 50
pin_num 3
11 17 0
31 6 0
3 3 0
Net_id 51
pin_num 3
19 20 0
7 3 0
39 5 0
Net_id 52
pin_num 3
45 3 0
42 6 0
59 1 0
Net_id 53
pin_num 3
18 38 0
22 43 0
36 58 0
Net_id 54
pin_num 3
48 0 0
57 10 0
57 36 0
Net_id 55
pin_num 3
32 42 0
48 37 0
46 53 0
Net_id 56
pin_num 3
3 36 0
2 18 0
11 25 0
Net_id 57
pin_num 3
31 3 0
47 3 0
59 19 0
Net_id 58
pin_num 3
45 15 0
58 14 0
53 22 0
Net_id 59
pin_num 3
39 36 0
39 29 0
35 35 0
Net_id 60
pin_num 3
25 47 0
2 34 0
17 12 0
Net_id 61
pin_num 3
36 48 0
55 40 0
52 24 0
Net_id 62
pin_num 3
38 10 0
44 10 0
54 0 0
Net_id 63
pin_num 3
33 36 0
32 8 0
23 48 0
Net_id 64
pin_num 3
47 32 0
33 15 0
58 20 0
Net_id 65
pin_num 3
8 28 0
12 43 0
47 36 0
Net_id 66
pin_num 3
32 0 0
26 0 0
43 0 0
Net_id 67
pin_num 3
59 54 0
43 55 0
53 56 0
Net_id 68
pin_num 3
57 5 0
50 20 0
1 5 0
Net_id 69
pin_num 3
12 59 0
17 56 0
0 45 0
Net_id 70
pin_num 3
40 9 0
21 2 0
14 4 0
Net_id 71
pin_num 3
20 10 0
34 1 0
32 21 0
Net_id 72
pin_num 3
24 34 0
1 41 0
1 47 0
Net_id 73
pin_num 3
59 43 0
51 43 0
35 51 0
Net_id 74
pin_num 3
47 27 0
53 26 0
52 21 0
Net_id 75
pin_num 3
27 21 0
17 34 0
37 9 0
Net_id 76
pin_num 3
0 48 0
6 48 0
22 47 0
Net_id 77
pin_num 3
34 12 0
30 10 0
26 1 0
Net_id 78
pin_num 3
53 38 0
58 39 0
55 24 0
Net_id 79
pin_num 3
56 23 0
59 14 0
57 8 0
Net_id 80
pin_num 3
40 38 0
45 53 0
45 27 0
Net_id 81
pin_num 3
6 30 0
1 40 0
15 31 0
Net_id 82
pin_num 3
44 36 0
50 53 0
43 47 0
Net_id 83
pin_num 3
14 39 0
8 36 0
27 47 0
Net_id 84
pin_num 3
25 17 0
7 24 0
19 1 0
Net_id 85
pin_num 2
50 28 0
40 51 0
Net_id 86
pin_num 2
10 46 0
9 36 0
Net_id 87
pin_num 2
59 32 0
48 48 0
Net_id 88
pin_num 2
6 10 0
17 2 0
Net_id 89
pin_num 2
49 29 0
34 26 0
Net_id 90
pin_num 2
40 24 0
56 31 0
Net_id 91
pin_num 2
13 32 0
1 26 0
Net_id 92
pin_num 2
28 33 0
25 30 0
Net_id 93
pin_num 2
36 56 0
39 54 0
Net_id 94
pin_num 2
39 12 0
48 8 0
Net_id 95
pin_num 2
48 24 0
43 16 0
Net_id 96
pin_num 2
43 20 0
49 33 0
Net_id 97
pin_num 2
12 1 0
10 8 0
Net_id 98
pin_num 2
24 12 0
1 20 0
Net_id 99
pin_num 2
22 7 0
22 6 0
Net_id 100
pin_num 2
2 26 0
15 29 0
Net_id 101
pin_num 2
36 32 0
17 55 0
Net_id 102
pin_num 2
25 15 0
8 6 0
Net_id 103
pin_num 2
53 40 0
48 41 0
Net_id 104
pin_num 2
40 58 0
34 51 0
Net_id 105
pin_num 2
9 26 0
10 23 0
Net_id 106
pin_num 2
47 5 0
42 2 0
Net_id 107
pin_num 2
33 43 0
27 43 0
Net_id 108
pin_num 2
55 51 0
58 52 0
Net_id 109
pin_num 2
34 4 0
29 4 0
Net_id 110
pin_num 2
22 39 0
28 57 0
Net_id 111
pin_num 2
59 11 0
41 1 0
Net_id 112
pin_num 2
44 15 0
36 15 0
Net_id 113
pin_num 2
43 28 0
52 26 0
Net_id 114
pin_num 2
23 25 0
21 15 0
Net_id 115
pin_num 2
18 45 0
10 55 0
Net_id 116
pin_num 2
45 25 0
56 12 0
Net_id 117
pin_num 2
30 26 0
34 22 0
Net_id 118
pin_num 2
0 55 0
10 59 0
Net_id 119
pin_num 2
11 11 0
48 33 0
Net_id 120
pin_num 2
40 42 0
31 38 0
Net_id 121
pin_num 2
10 36 0
4 54 0
Net_id 122
pin_num 2
16 25 0
42 14 0
Net_id 123
pin_num 2
12 33 0
0 15 0
Net_id 124
pin_num 2
36 13 0
50 29 0
Net_id 125
pin_num 2
56 45 0
39 45 0
Net_id 126
pin_num 2
46 48 0
56 49 0
Net_id 127
pin_num 2
16 47 0
9 52 0
Net_id 128
pin_num 2
30 22 0
5 42 0
Net_id 129
pin_num 2
46 10 0
58 9 0
Net_id 130
pin_num 2
14 25 0
27 34 0
Net_id 131
pin_num 2
46 0 0
43 7 0
Net_id 132
pin_num 2
54 43 0
56 55 0
Net_id 133
pin_num 2
39 24 0
23 32 0
Net_id 134
pin_num 2
50 22 0
58 22 0
Net_id 135
pin_num 2
37 39 0
30 54 0
Net_id 136
pin_num 2
35 57 0
46 28 0
Net_id 137
pin_num 2
58 46 0
41 21 0
Net_id 138
pin_num 2
47 46 0
27 55 0
Net_id 139
pin_num 2
10 31 0
14 28 0
Net_id 140
pin_num 2
29 36 0
37 36 0
Net_id 141
pin_num 2
33 46 0
35 38 0
Net_id 142
pin_num 2
56 21 0
40 3 0
Net_id 143
pin_num 2
1 10 0
16 7 0
Net_id 144
pin_num 2
56 19 0
41 40 0
Net_id 145
pin_num 2
33 30 0
41 3 0
Net_id 146
pin_num 2
55 9 0
50 16 0
Net_id 147
pin_num 2
14 32 0
15 37 0
Net_id 148
pin_num 2
11 43 0
7 43 0
Net_id 149
pin_num 2
32 24 0
20 43 0
Net_id 150
pin_num 2
49 50 0
55 53 0
Net_id 151
pin_num 2
33 31 0
42 51 0
Net_id 152
pin_num 2
46 34 0
58 28 0
Net_id 153
pin_num 2
5 58 0
8 54 0
Net_id 154
pin_num 2
36 57 0
46 51 0
Net_id 155
pin_num 2
32 34 0
15 42 0
Net_id 156
pin_num 2
51 20 0
55 29 0
Net_id 157
pin_num 2
3 49 0
13 38 0
Net_id 158
pin_num 2
17 21 0
4 14 0
Net_id 159
pin_num 2
26 3 0
22 1 0
Net_id 160
pin_num 2
18 31 0
5 49 0
Net_id 161
pin_num 2
59 49 0
35 41 0
Net_id 162
pin_num 2
13 20 0
4 3 0
Net_id 163
pin_num 2
41 8 0
24 24 0
Net_id 164
pin_num 2
16 43 0
17 46 0
Net_id 165
pin_num 2
22 38 0
34 41 0
