Width 60
Height 60
Layer 6
Total_WL 7071
Obstacle_num 144
9 6 0 17 7 0
0 26 0 10 27 0
28 0 0 33 1 0
16 12 0 26 13 0
18 34 0 21 35 0
10 29 0 16 30 0
6 52 0 16 53 0
24 39 0 34 40 0
50 6 0 55 7 0
4 34 0 11 35 0
11 44 0 20 45 0
20 32 0 23 33 0
21 52 0 24 53 0
25 32 0 34 33 0
34 49 0 42 50 0
8 39 0 12 40 0
40 53 0 47 54 0
12 5 0 22 6 0
11 35 0 15 36 0
55 42 0 59 43 0
16 18 0 22 19 0
37 15 0 46 16 0
10 31 0 14 32 0
33 40 0 39 41 0
44 26 1 45 33 1
2 32 1 3 35 1
17 14 1 18 21 1
41 25 1 42 28 1
44 44 1 45 51 1
39 3 1 40 8 1
46 3 1 47 13 1
34 21 1 35 29 1
17 26 1 18 30 1
32 9 1 33 19 1
47 13 1 48 21 1
45 5 1 46 9 1
51 23 1 52 32 1
58 21 1 59 30 1
21 11 1 22 15 1
12 32 1 13 42 1
56 41 1 57 49 1
50 26 1 51 34 1
48 22 1 49 26 1
29 14 1 30 18 1
14 8 1 15 17 1
19 13 1 20 21 1
17 32 1 18 37 1
22 49 1 23 59 1
29 29 2 37 30 2
9 23 2 13 24 2
11 24 2 20 25 2
29 14 2 35 15 2
12 6 2 19 7 2
1 37 2 8 38 2
7 11 2 12 12 2
18 20 2 22 21 2
43 2 2 51 3 2
35 27 2 38 28 2
18 14 2 26 15 2
29 55 2 39 56 2
23 17 2 31 18 2
45 17 2 50 18 2
38 38 2 48 39 2
40 9 2 45 10 2
35 41 2 39 42 2
19 2 2 28 3 2
14 12 2 23 13 2
46 34 2 52 35 2
33 56 2 42 57 2
23 35 2 31 36 2
16 33 2 19 34 2
48 15 2 57 16 2
24 47 3 25 56 3
13 43 3 14 46 3
34 43 3 35 48 3
33 44 3 34 47 3
9 11 3 10 16 3
44 48 3 45 52 3
48 37 3 49 42 3
42 26 3 43 31 3
23 38 3 24 43 3
2 49 3 3 57 3
19 10 3 20 19 3
16 4 3 17 9 3
58 42 3 59 52 3
13 46 3 14 49 3
13 51 3 14 58 3
45 13 3 46 17 3
3 39 3 4 42 3
46 1 3 47 6 3
49 43 3 50 53 3
32 21 3 33 25 3
42 49 3 43 57 3
7 1 3 8 9 3
6 11 3 7 21 3
46 46 3 47 49 3
34 20 4 44 21 4
8 39 4 12 40 4
14 58 4 22 59 4
44 37 4 47 38 4
39 53 4 49 54 4
45 29 4 53 30 4
15 57 4 24 58 4
2 45 4 10 46 4
40 35 4 44 36 4
40 34 4 48 35 4
50 14 4 55 15 4
47 33 4 54 34 4
28 55 4 37 56 4
26 36 4 32 37 4
22 53 4 28 54 4
36 25 4 40 26 4
53 39 4 58 40 4
19 14 4 23 15 4
8 17 4 15 18 4
14 33 4 21 34 4
29 43 4 35 44 4
11 41 4 20 42 4
37 40 4 47 41 4
49 15 4 56 16 4
20 38 5 21 46 5
29 9 5 30 12 5
50 14 5 51 20 5
26 34 5 27 44 5
31 40 5 32 43 5
25 8 5 26 16 5
56 12 5 57 19 5
46 6 5 47 16 5
53 23 5 54 31 5
27 36 5 28 40 5
40 26 5 41 31 5
11 46 5 12 51 5
22 38 5 23 45 5
45 33 5 46 43 5
8 33 5 9 43 5
33 18 5 34 28 5
2 4 5 3 14 5
44 7 5 45 12 5
13 32 5 14 35 5
34 42 5 35 49 5
19 32 5 20 42 5
21 28 5 22 31 5
42 16 5 43 19 5
14 21 5 15 27 5
Net_num 163
Net_id 0
pin_num 5
38 9 0
51 19 0
27 9 0
59 8 0
54 0 0
Net_id 1
pin_num 5
49 57 0
57 49 0
51 54 0
49 42 0
57 38 0
Net_id 2
pin_num 5
7 9 0
17 0 0
15 16 0
36 3 0
21 15 0
Net_id 3
pin_num 5
12 4 0
2 3 0
0 8 0
6 15 0
6 19 0
Net_id 4
pin_num 5
55 21 0
43 29 0
49 25 0
38 29 0
38 31 0
Net_id 5
pin_num 5
7 40 0
8 36 0
1 14 0
2 58 0
4 42 0
Net_id 6
pin_num 5
12 57 0
7 57 0
27 59 0
27 53 0
21 45 0
Net_id 7
pin_num 5
21 51 0
14 54 0
1 51 0
8 53 0
14 42 0
Net_id 8
pin_num 5
58 16 0
47 25 0
45 17 0
49 16 0
50 35 0
Net_id 9
pin_num 5
32 37 0
36 48 0
30 45 0
23 39 0
18 39 0
Net_id 10
pin_num 5
48 48 0
58 54 0
40 51 0
58 41 0
56 40 0
Net_id 11
pin_num 5
25 28 0
14 30 0
24 42 0
8 17 0
47 33 0
Net_id 12
pin_num 5
43 54 0
49 59 0
59 52 0
41 48 0
28 57 0
Net_id 13
pin_num 5
48 44 0
43 58 0
35 30 0
9 59 0
46 57 0
Net_id 14
pin_num 5
45 2 0
59 6 0
30 2 0
42 0 0
33 1 0
Net_id 15
pin_num 5
9 16 0
5 18 0
11 3 0
20 24 0
11 32 0
Net_id 16
pin_num 5
53 32 0
54 42 0
37 32 0
51 52 0
52 16 0
Net_id 17
pin_num 5
0 41 0
20 41 0
0 53 0
5 59 0
8 55 0
Net_id 18
pin_num 5
6 54 0
4 50 0
0 59 0
0 40 0
19 57 0
Net_id 19
pin_num 5
19 23 0
26 9 0
15 1 0
44 16 0
56 21 0
Net_id 20
pin_num 4
13 19 0
4 28 0
18 33 0
9 19 0
Net_id 21
pin_num 4
18 4 0
13 3 0
19 1 0
3 0 0
Net_id 22
pin_num 4
6 6 0
8 6 0
5 14 0
13 7 0
Net_id 23
pin_num 4
33 23 0
25 23 0
27 15 0
26 18 0
Net_id 24
pin_num 4
50 55 0
58 58 0
41 52 0
58 55 0
Net_id 25
pin_num 4
21 26 0
13 26 0
30 27 0
27 34 0
Net_id 26
pin_num 4
26 35 0
25 40 0
45 40 0
47 59 0
Net_id 27
pin_num 4
57 13 0
57 26 0
37 13 0
38 20 0
Net_id 28
pin_num 4
27 26 0
19 21 0
22 13 0
22 1 0
Net_id 29
pin_num 4
53 1 0
39 8 0
58 5 0
29 2 0
Net_id 30
pin_num 4
17 21 0
28 18 0
23 1 0
33 0 0
Net_id 31
pin_num 4
53 14 0
41 16 0
26 16 0
58 12 0
Net_id 32
pin_num 4
58 14 0
41 8 0
38 12 0
55 25 0
Net_id 33
pin_num 4
23 42 0
21 48 0
45 43 0
28 59 0
Net_id 34
pin_num 4
16 31 0
10 16 0
13 50 0
1 47 0
Net_id 35
pin_num 4
41 7 0
53 3 0
59 2 0
59 4 0
Net_id 36
pin_num 4
50 2 0
41 3 0
57 1 0
58 4 0
Net_id 37
pin_num 4
13 57 0
19 59 0
28 54 0
20 50 0
Net_id 38
pin_num 4
34 20 0
25 18 0
25 7 0
22 29 0
Net_id 39
pin_num 4
21 41 0
29 31 0
42 41 0
26 57 0
Net_id 40
pin_num 4
0 3 0
8 1 0
22 7 0
0 18 0
Net_id 41
pin_num 4
16 35 0
20 37 0
20 25 0
33 34 0
Net_id 42
pin_num 3
54 49 0
59 58 0
32 56 0
Net_id 43
pin_num 3
43 51 0
54 58 0
50 58 0
Net_id 44
pin_num 3
46 55 0
42 36 0
46 38 0
Net_id 45
pin_num 3
40 58 0
37 38 0
29 56 0
Net_id 46
pin_num 3
33 21 0
44 23 0
13 28 0
Net_id 47
pin_num 3
37 45 0
30 44 0
37 20 0
Net_id 48
pin_num 3
44 55 0
41 58 0
54 46 0
Net_id 49
pin_num 3
18 17 0
35 22 0
20 48 0
Net_id 50
pin_num 3
59 53 0
53 43 0
59 45 0
Net_id 51
pin_num 3
7 39 0
10 54 0
8 38 0
Net_id 52
pin_num 3
14 25 0
33 26 0
20 40 0
Net_id 53
pin_num 3
44 12 0
29 24 0
39 22 0
Net_id 54
pin_num 3
21 53 0
28 42 0
28 15 0
Net_id 55
pin_num 3
45 10 0
28 3 0
43 28 0
Net_id 56
pin_num 3
13 9 0
7 16 0
0 15 0
Net_id 57
pin_num 3
8 22 0
9 18 0
14 21 0
Net_id 58
pin_num 3
50 29 0
47 49 0
53 30 0
Net_id 59
pin_num 3
16 59 0
17 43 0
1 34 0
Net_id 60
pin_num 3
9 17 0
23 23 0
24 44 0
Net_id 61
pin_num 3
32 18 0
23 24 0
27 0 0
Net_id 62
pin_num 3
22 18 0
24 21 0
37 31 0
Net_id 63
pin_num 3
2 50 0
20 43 0
49 41 0
Net_id 64
pin_num 3
46 16 0
56 11 0
58 6 0
Net_id 65
pin_num 3
42 47 0
58 39 0
49 33 0
Net_id 66
pin_num 3
57 18 0
44 17 0
33 13 0
Net_id 67
pin_num 3
51 5 0
46 0 0
58 18 0
Net_id 68
pin_num 3
27 3 0
10 7 0
3 3 0
Net_id 69
pin_num 3
55 54 0
52 50 0
19 45 0
Net_id 70
pin_num 3
52 39 0
57 29 0
39 34 0
Net_id 71
pin_num 3
53 44 0
50 52 0
58 46 0
Net_id 72
pin_num 3
40 47 0
35 31 0
38 39 0
Net_id 73
pin_num 3
23 7 0
28 2 0
0 1 0
Net_id 74
pin_num 3
1 7 0
11 10 0
23 37 0
Net_id 75
pin_num 3
27 24 0
19 37 0
30 30 0
Net_id 76
pin_num 3
29 8 0
38 3 0
37 12 0
Net_id 77
pin_num 3
34 31 0
30 42 0
19 27 0
Net_id 78
pin_num 3
44 35 0
57 31 0
30 13 0
Net_id 79
pin_num 3
1 19 0
4 33 0
17 31 0
Net_id 80
pin_num 3
45 11 0
49 6 0
59 32 0
Net_id 81
pin_num 3
4 30 0
16 21 0
13 12 0
Net_id 82
pin_num 3
43 46 0
39 54 0
42 48 0
Net_id 83
pin_num 2
40 36 0
44 42 0
Net_id 84
pin_num 2
22 56 0
41 55 0
Net_id 85
pin_num 2
31 29 0
25 19 0
Net_id 86
pin_num 2
51 46 0
42 58 0
Net_id 87
pin_num 2
58 35 0
45 4 0
Net_id 88
pin_num 2
47 34 0
36 8 0
Net_id 89
pin_num 2
16 15 0
31 27 0
Net_id 90
pin_num 2
1 40 0
16 43 0
Net_id 91
pin_num 2
10 11 0
4 19 0
Net_id 92
pin_num 2
33 58 0
23 58 0
Net_id 93
pin_num 2
52 26 0
59 40 0
Net_id 94
pin_num 2
38 56 0
33 53 0
Net_id 95
pin_num 2
50 53 0
24 57 0
Net_id 96
pin_num 2
27 2 0
21 6 0
Net_id 97
pin_num 2
48 24 0
34 5 0
Net_id 98
pin_num 2
44 20 0
58 30 0
Net_id 99
pin_num 2
31 12 0
35 23 0
Net_id 100
pin_num 2
22 36 0
9 35 0
Net_id 101
pin_num 2
7 37 0
18 56 0
Net_id 102
pin_num 2
0 33 0
8 14 0
Net_id 103
pin_num 2
26 47 0
44 25 0
Net_id 104
pin_num 2
34 53 0
28 44 0
Net_id 105
pin_num 2
20 33 0
12 42 0
Net_id 106
pin_num 2
41 29 0
40 22 0
Net_id 107
pin_num 2
2 29 0
17 42 0
Net_id 108
pin_num 2
25 0 0
27 5 0
Net_id 109
pin_num 2
39 56 0
53 42 0
Net_id 110
pin_num 2
43 25 0
38 19 0
Net_id 111
pin_num 2
34 32 0
41 42 0
Net_id 112
pin_num 2
20 21 0
28 40 0
Net_id 113
pin_num 2
24 6 0
42 19 0
Net_id 114
pin_num 2
56 26 0
41 19 0
Net_id 115
pin_num 2
17 54 0
26 54 0
Net_id 116
pin_num 2
22 17 0
27 14 0
Net_id 117
pin_num 2
18 14 0
26 7 0
Net_id 118
pin_num 2
8 24 0
2 35 0
Net_id 119
pin_num 2
14 10 0
40 8 0
Net_id 120
pin_num 2
9 48 0
4 43 0
Net_id 121
pin_num 2
1 56 0
17 49 0
Net_id 122
pin_num 2
36 58 0
47 55 0
Net_id 123
pin_num 2
5 45 0
17 56 0
Net_id 124
pin_num 2
22 9 0
44 19 0
Net_id 125
pin_num 2
11 22 0
9 23 0
Net_id 126
pin_num 2
20 42 0
2 30 0
Net_id 127
pin_num 2
12 20 0
19 4 0
Net_id 128
pin_num 2
5 8 0
23 8 0
Net_id 129
pin_num 2
11 30 0
14 24 0
Net_id 130
pin_num 2
3 57 0
4 58 0
Net_id 131
pin_num 2
32 42 0
39 39 0
Net_id 132
pin_num 2
5 38 0
19 22 0
Net_id 133
pin_num 2
29 52 0
18 38 0
Net_id 134
pin_num 2
14 19 0
23 19 0
Net_id 135
pin_num 2
17 47 0
1 44 0
Net_id 136
pin_num 2
55 35 0
50 42 0
Net_id 137
pin_num 2
57 58 0
53 58 0
Net_id 138
pin_num 2
49 55 0
42 42 0
Net_id 139
pin_num 2
25 51 0
16 32 0
Net_id 140
pin_num 2
2 55 0
12 55 0
Net_id 141
pin_num 2
16 42 0
7 31 0
Net_id 142
pin_num 2
22 0 0
12 2 0
Net_id 143
pin_num 2
34 25 0
46 36 0
Net_id 144
pin_num 2
8 59 0
13 33 0
Net_id 145
pin_num 2
56 48 0
52 49 0
Net_id 146
pin_num 2
11 45 0
27 38 0
Net_id 147
pin_num 2
43 6 0
37 3 0
Net_id 148
pin_num 2
29 37 0
18 49 0
Net_id 149
pin_num 2
25 42 0
32 51 0
Net_id 150
pin_num 2
21 10 0
35 3 0
Net_id 151
pin_num 2
12 28 0
4 23 0
Net_id 152
pin_num 2
28 35 0
35 58 0
Net_id 153
pin_num 2
45 23 0
51 23 0
Net_id 154
pin_num 2
53 24 0
57 24 0
Net_id 155
pin_num 2
51 50 0
40 50 0
Net_id 156
pin_num 2
15 24 0
16 27 0
Net_id 157
pin_num 2
27 27 0
30 24 0
Net_id 158
pin_num 2
52 5 0
56 14 0
Net_id 159
pin_num 2
36 36 0
40 42 0
Net_id 160
pin_num 2
52 15 0
45 39 0
Net_id 161
pin_num 2
11 13 0
19 9 0
Net_id 162
pin_num 2
43 41 0
52 52 0
