Width 60
Height 60
Layer 6
Total_WL 7300
Obstacle_num 144
16 41 0 20 42 0
22 32 0 27 33 0
0 42 0 7 43 0
10 0 0 16 1 0
24 36 0 31 37 0
27 8 0 37 9 0
21 26 0 28 27 0
40 42 0 43 43 0
53 43 0 59 44 0
16 9 0 20 10 0
11 14 0 15 15 0
47 47 0 57 48 0
49 20 0 54 21 0
14 45 0 24 46 0
47 57 0 54 58 0
48 28 0 53 29 0
36 10 0 45 11 0
1 45 0 11 46 0
13 37 0 19 38 0
23 4 0 28 5 0
12 12 0 17 13 0
29 6 0 35 7 0
53 34 0 58 35 0
47 22 0 50 23 0
34 39 1 35 48 1
4 24 1 5 30 1
5 24 1 6 31 1
19 36 1 20 44 1
47 43 1 48 47 1
55 20 1 56 23 1
53 31 1 54 34 1
49 15 1 50 18 1
11 9 1 12 16 1
46 35 1 47 40 1
50 46 1 51 56 1
1 10 1 2 19 1
11 2 1 12 9 1
10 20 1 11 23 1
43 13 1 44 21 1
5 45 1 6 54 1
23 8 1 24 12 1
21 55 1 22 59 1
32 24 1 33 29 1
12 20 1 13 29 1
32 14 1 33 21 1
23 43 1 24 47 1
40 53 1 41 58 1
44 43 1 45 51 1
26 56 2 34 57 2
49 35 2 57 36 2
0 23 2 6 24 2
9 5 2 13 6 2
25 40 2 30 41 2
51 46 2 54 47 2
25 35 2 30 36 2
53 30 2 58 31 2
39 9 2 44 10 2
14 43 2 24 44 2
0 22 2 10 23 2
2 49 2 7 50 2
4 27 2 8 28 2
24 2 2 32 3 2
37 18 2 44 19 2
42 46 2 46 47 2
4 55 2 12 56 2
33 18 2 37 19 2
36 28 2 40 29 2
17 47 2 25 48 2
21 29 2 28 30 2
42 3 2 46 4 2
47 38 2 57 39 2
14 51 2 23 52 2
38 13 3 39 22 3
2 43 3 3 48 3
54 35 3 55 43 3
20 4 3 21 10 3
29 14 3 30 17 3
15 34 3 16 40 3
1 20 3 2 23 3
40 24 3 41 29 3
18 19 3 19 26 3
14 0 3 15 5 3
58 53 3 59 57 3
52 16 3 53 20 3
57 9 3 58 19 3
26 48 3 27 58 3
43 0 3 44 5 3
18 32 3 19 39 3
15 52 3 16 56 3
47 16 3 48 22 3
35 6 3 36 14 3
12 4 3 13 9 3
25 31 3 26 34 3
32 21 3 33 27 3
44 32 3 45 42 3
39 1 3 40 6 3
29 38 4 35 39 4
45 7 4 52 8 4
23 13 4 31 14 4
51 48 4 59 49 4
28 5 4 35 6 4
50 5 4 59 6 4
28 47 4 34 48 4
43 0 4 50 1 4
5 30 4 8 31 4
25 15 4 35 16 4
1 1 4 10 2 4
16 22 4 26 23 4
28 4 4 36 5 4
11 4 4 18 5 4
10 45 4 16 46 4
32 39 4 41 40 4
40 10 4 48 11 4
40 16 4 44 17 4
9 39 4 18 40 4
41 51 4 49 52 4
42 24 4 50 25 4
52 35 4 57 36 4
38 43 4 48 44 4
5 47 4 9 48 4
57 49 5 58 56 5
21 29 5 22 32 5
7 40 5 8 50 5
16 17 5 17 25 5
58 37 5 59 45 5
17 29 5 18 35 5
46 19 5 47 25 5
43 51 5 44 59 5
4 15 5 5 25 5
32 45 5 33 49 5
32 9 5 33 18 5
38 51 5 39 55 5
39 36 5 40 45 5
52 40 5 53 49 5
16 35 5 17 43 5
8 24 5 9 27 5
32 34 5 33 39 5
4 27 5 5 30 5
24 28 5 25 38 5
28 47 5 29 55 5
48 3 5 49 7 5
32 21 5 33 28 5
12 15 5 13 24 5
17 45 5 18 53 5
Net_num 162
Net_id 0
pin_num 5
30 5 0
28 2 0
35 0 0
7 3 0
41 11 0
Net_id 1
pin_num 5
8 53 0
14 53 0
11 39 0
7 57 0
0 49 0
Net_id 2
pin_num 5
28 18 0
15 26 0
21 35 0
24 38 0
22 17 0
Net_id 3
pin_num 5
16 38 0
29 37 0
28 53 0
0 43 0
48 51 0
Net_id 4
pin_num 5
59 52 0
59 48 0
47 52 0
49 51 0
36 52 0
Net_id 5
pin_num 5
51 25 0
42 19 0
43 49 0
48 34 0
29 32 0
Net_id 6
pin_num 5
1 1 0
1 0 0
7 0 0
5 16 0
1 19 0
Net_id 7
pin_num 5
44 7 0
55 0 0
49 24 0
54 4 0
59 7 0
Net_id 8
pin_num 5
34 15 0
34 31 0
34 5 0
42 12 0
29 15 0
Net_id 9
pin_num 5
51 6 0
28 6 0
24 0 0
37 20 0
30 20 0
Net_id 10
pin_num 5
56 2 0
46 2 0
35 2 0
36 5 0
31 4 0
Net_id 11
pin_num 5
24 16 0
20 26 0
18 0 0
46 16 0
31 33 0
Net_id 12
pin_num 5
56 19 0
48 19 0
48 5 0
43 12 0
41 24 0
Net_id 13
pin_num 5
42 37 0
47 37 0
30 48 0
27 41 0
40 14 0
Net_id 14
pin_num 5
29 25 0
39 25 0
36 33 0
59 34 0
39 27 0
Net_id 15
pin_num 5
50 55 0
46 59 0
47 51 0
59 54 0
59 55 0
Net_id 16
pin_num 5
58 26 0
41 27 0
59 23 0
51 31 0
43 11 0
Net_id 17
pin_num 5
29 21 0
30 33 0
20 24 0
49 32 0
27 15 0
Net_id 18
pin_num 5
5 59 0
1 57 0
23 57 0
14 59 0
2 52 0
Net_id 19
pin_num 5
0 3 0
6 5 0
9 2 0
3 13 0
16 0 0
Net_id 20
pin_num 5
56 9 0
50 24 0
59 13 0
57 31 0
59 1 0
Net_id 21
pin_num 4
25 47 0
17 56 0
28 54 0
22 56 0
Net_id 22
pin_num 4
17 44 0
8 44 0
10 50 0
15 55 0
Net_id 23
pin_num 4
11 29 0
20 29 0
20 36 0
0 30 0
Net_id 24
pin_num 4
5 27 0
15 39 0
28 28 0
10 35 0
Net_id 25
pin_num 4
47 3 0
38 1 0
38 13 0
59 0 0
Net_id 26
pin_num 4
51 26 0
43 26 0
46 34 0
54 32 0
Net_id 27
pin_num 4
16 18 0
19 18 0
17 12 0
0 15 0
Net_id 28
pin_num 4
30 58 0
35 52 0
24 56 0
19 59 0
Net_id 29
pin_num 4
1 2 0
11 1 0
15 18 0
22 10 0
Net_id 30
pin_num 4
26 48 0
20 58 0
0 48 0
1 40 0
Net_id 31
pin_num 4
23 53 0
34 56 0
26 31 0
6 33 0
Net_id 32
pin_num 4
36 39 0
47 48 0
58 34 0
32 34 0
Net_id 33
pin_num 4
59 3 0
45 4 0
53 12 0
58 0 0
Net_id 34
pin_num 4
10 25 0
27 38 0
27 14 0
35 20 0
Net_id 35
pin_num 4
27 2 0
26 5 0
26 11 0
10 1 0
Net_id 36
pin_num 4
18 10 0
23 7 0
0 9 0
6 19 0
Net_id 37
pin_num 4
42 54 0
55 58 0
32 58 0
29 58 0
Net_id 38
pin_num 4
0 7 0
11 22 0
27 9 0
14 4 0
Net_id 39
pin_num 4
57 55 0
46 57 0
53 53 0
59 39 0
Net_id 40
pin_num 4
28 46 0
21 46 0
9 46 0
18 56 0
Net_id 41
pin_num 4
29 42 0
33 40 0
39 49 0
14 42 0
Net_id 42
pin_num 3
47 35 0
38 34 0
38 56 0
Net_id 43
pin_num 3
6 50 0
9 31 0
3 41 0
Net_id 44
pin_num 3
13 38 0
1 30 0
15 23 0
Net_id 45
pin_num 3
32 13 0
22 12 0
29 4 0
Net_id 46
pin_num 3
37 56 0
28 58 0
29 19 0
Net_id 47
pin_num 3
45 42 0
55 37 0
53 56 0
Net_id 48
pin_num 3
30 0 0
43 4 0
52 1 0
Net_id 49
pin_num 3
49 46 0
22 41 0
8 46 0
Net_id 50
pin_num 3
8 55 0
1 33 0
21 52 0
Net_id 51
pin_num 3
58 45 0
51 40 0
31 50 0
Net_id 52
pin_num 3
46 21 0
36 9 0
29 10 0
Net_id 53
pin_num 3
29 51 0
16 53 0
45 56 0
Net_id 54
pin_num 3
7 6 0
2 11 0
25 13 0
Net_id 55
pin_num 3
3 15 0
22 5 0
0 29 0
Net_id 56
pin_num 3
15 20 0
13 13 0
13 2 0
Net_id 57
pin_num 3
52 26 0
59 47 0
55 45 0
Net_id 58
pin_num 3
5 13 0
9 20 0
2 26 0
Net_id 59
pin_num 3
17 40 0
0 45 0
32 44 0
Net_id 60
pin_num 3
29 27 0
16 17 0
28 10 0
Net_id 61
pin_num 3
31 38 0
35 33 0
47 49 0
Net_id 62
pin_num 3
37 26 0
48 35 0
42 34 0
Net_id 63
pin_num 3
57 40 0
44 43 0
36 24 0
Net_id 64
pin_num 3
12 4 0
25 21 0
17 21 0
Net_id 65
pin_num 3
36 23 0
22 25 0
29 44 0
Net_id 66
pin_num 3
11 56 0
24 45 0
36 43 0
Net_id 67
pin_num 3
6 44 0
6 51 0
4 37 0
Net_id 68
pin_num 3
15 50 0
4 58 0
9 58 0
Net_id 69
pin_num 3
24 50 0
37 36 0
30 35 0
Net_id 70
pin_num 3
49 9 0
43 7 0
59 35 0
Net_id 71
pin_num 3
25 41 0
17 36 0
42 39 0
Net_id 72
pin_num 3
53 7 0
49 4 0
58 11 0
Net_id 73
pin_num 3
10 24 0
5 37 0
3 50 0
Net_id 74
pin_num 3
49 18 0
52 32 0
59 24 0
Net_id 75
pin_num 3
32 46 0
42 57 0
33 49 0
Net_id 76
pin_num 3
3 52 0
2 50 0
24 52 0
Net_id 77
pin_num 3
17 52 0
29 43 0
35 41 0
Net_id 78
pin_num 3
55 38 0
45 41 0
50 56 0
Net_id 79
pin_num 3
23 19 0
28 20 0
42 5 0
Net_id 80
pin_num 3
25 20 0
31 41 0
31 34 0
Net_id 81
pin_num 3
3 7 0
22 2 0
6 10 0
Net_id 82
pin_num 3
30 4 0
19 17 0
17 7 0
Net_id 83
pin_num 3
40 48 0
46 48 0
31 15 0
Net_id 84
pin_num 2
29 2 0
50 9 0
Net_id 85
pin_num 2
51 53 0
39 53 0
Net_id 86
pin_num 2
7 46 0
2 43 0
Net_id 87
pin_num 2
37 21 0
19 35 0
Net_id 88
pin_num 2
27 59 0
19 34 0
Net_id 89
pin_num 2
55 15 0
51 8 0
Net_id 90
pin_num 2
25 44 0
15 56 0
Net_id 91
pin_num 2
53 11 0
56 6 0
Net_id 92
pin_num 2
3 35 0
15 32 0
Net_id 93
pin_num 2
7 41 0
0 14 0
Net_id 94
pin_num 2
43 15 0
21 6 0
Net_id 95
pin_num 2
28 11 0
32 7 0
Net_id 96
pin_num 2
36 30 0
48 40 0
Net_id 97
pin_num 2
52 31 0
59 22 0
Net_id 98
pin_num 2
49 48 0
53 44 0
Net_id 99
pin_num 2
27 30 0
22 34 0
Net_id 100
pin_num 2
19 13 0
36 22 0
Net_id 101
pin_num 2
1 5 0
18 14 0
Net_id 102
pin_num 2
35 17 0
23 25 0
Net_id 103
pin_num 2
21 11 0
18 1 0
Net_id 104
pin_num 2
59 9 0
32 1 0
Net_id 105
pin_num 2
59 51 0
52 51 0
Net_id 106
pin_num 2
1 53 0
8 39 0
Net_id 107
pin_num 2
59 10 0
57 8 0
Net_id 108
pin_num 2
28 59 0
41 55 0
Net_id 109
pin_num 2
11 2 0
0 20 0
Net_id 110
pin_num 2
19 23 0
7 36 0
Net_id 111
pin_num 2
1 25 0
8 17 0
Net_id 112
pin_num 2
19 24 0
0 10 0
Net_id 113
pin_num 2
53 55 0
58 50 0
Net_id 114
pin_num 2
37 54 0
45 45 0
Net_id 115
pin_num 2
12 47 0
4 50 0
Net_id 116
pin_num 2
59 20 0
48 3 0
Net_id 117
pin_num 2
33 44 0
55 29 0
Net_id 118
pin_num 2
48 23 0
51 27 0
Net_id 119
pin_num 2
3 19 0
16 2 0
Net_id 120
pin_num 2
50 46 0
52 55 0
Net_id 121
pin_num 2
15 43 0
27 34 0
Net_id 122
pin_num 2
47 29 0
23 56 0
Net_id 123
pin_num 2
32 14 0
25 23 0
Net_id 124
pin_num 2
46 10 0
51 10 0
Net_id 125
pin_num 2
25 57 0
15 57 0
Net_id 126
pin_num 2
29 46 0
37 57 0
Net_id 127
pin_num 2
34 53 0
46 40 0
Net_id 128
pin_num 2
16 57 0
29 47 0
Net_id 129
pin_num 2
4 20 0
18 30 0
Net_id 130
pin_num 2
51 32 0
37 28 0
Net_id 131
pin_num 2
44 15 0
50 15 0
Net_id 132
pin_num 2
12 11 0
19 6 0
Net_id 133
pin_num 2
29 9 0
38 7 0
Net_id 134
pin_num 2
10 7 0
35 5 0
Net_id 135
pin_num 2
42 36 0
45 47 0
Net_id 136
pin_num 2
53 28 0
56 22 0
Net_id 137
pin_num 2
41 17 0
59 17 0
Net_id 138
pin_num 2
0 52 0
12 58 0
Net_id 139
pin_num 2
19 30 0
47 27 0
Net_id 140
pin_num 2
48 21 0
53 15 0
Net_id 141
pin_num 2
21 40 0
40 43 0
Net_id 142
pin_num 2
56 25 0
33 48 0
Net_id 143
pin_num 2
6 36 0
1 34 0
Net_id 144
pin_num 2
22 31 0
41 19 0
Net_id 145
pin_num 2
47 55 0
58 40 0
Net_id 146
pin_num 2
38 19 0
33 12 0
Net_id 147
pin_num 2
27 49 0
32 45 0
Net_id 148
pin_num 2
57 42 0
46 47 0
Net_id 149
pin_num 2
7 11 0
27 31 0
Net_id 150
pin_num 2
7 48 0
21 53 0
Net_id 151
pin_num 2
23 14 0
25 15 0
Net_id 152
pin_num 2
53 13 0
49 13 0
Net_id 153
pin_num 2
59 58 0
18 40 0
Net_id 154
pin_num 2
18 54 0
16 58 0
Net_id 155
pin_num 2
44 42 0
59 53 0
Net_id 156
pin_num 2
24 54 0
23 58 0
Net_id 157
pin_num 2
38 38 0
36 40 0
Net_id 158
pin_num 2
58 38 0
43 55 0
Net_id 159
pin_num 2
2 18 0
14 36 0
Net_id 160
pin_num 2
23 10 0
31 3 0
Net_id 161
pin_num 2
59 28 0
47 13 0
