Width 60
Height 60
Layer 6
Total_WL 6515
Obstacle_num 144
20 34 0 28 35 0
2 55 0 11 56 0
0 29 0 4 30 0
22 25 0 27 26 0
14 30 0 23 31 0
56 5 0 59 6 0
28 20 0 38 21 0
5 44 0 10 45 0
38 35 0 47 36 0
32 14 0 41 15 0
41 25 0 45 26 0
32 44 0 37 45 0
52 37 0 58 38 0
50 8 0 56 9 0
23 13 0 27 14 0
26 48 0 34 49 0
25 3 0 29 4 0
44 29 0 49 30 0
34 19 0 38 20 0
32 23 0 41 24 0
3 40 0 10 41 0
14 20 0 23 21 0
46 53 0 56 54 0
27 21 0 37 22 0
49 44 1 50 47 1
24 5 1 25 8 1
17 37 1 18 41 1
44 11 1 45 16 1
3 41 1 4 45 1
8 41 1 9 50 1
58 16 1 59 23 1
41 5 1 42 8 1
48 2 1 49 7 1
45 36 1 46 45 1
57 24 1 58 31 1
54 29 1 55 33 1
4 6 1 5 16 1
29 47 1 30 57 1
29 16 1 30 24 1
21 3 1 22 13 1
35 28 1 36 32 1
39 35 1 40 39 1
50 48 1 51 52 1
2 49 1 3 53 1
32 14 1 33 18 1
52 8 1 53 18 1
23 33 1 24 41 1
57 9 1 58 19 1
15 34 2 19 35 2
51 29 2 56 30 2
45 45 2 54 46 2
30 7 2 40 8 2
25 17 2 35 18 2
7 18 2 15 19 2
26 32 2 32 33 2
28 53 2 36 54 2
26 13 2 36 14 2
27 40 2 31 41 2
2 34 2 8 35 2
10 9 2 15 10 2
22 30 2 28 31 2
41 6 2 50 7 2
22 26 2 25 27 2
10 35 2 13 36 2
31 42 2 36 43 2
13 40 2 22 41 2
36 26 2 45 27 2
56 32 2 59 33 2
1 2 2 5 3 2
7 45 2 14 46 2
35 22 2 41 23 2
47 37 2 51 38 2
55 34 3 56 39 3
13 44 3 14 51 3
24 26 3 25 34 3
16 13 3 17 18 3
35 42 3 36 51 3
22 37 3 23 43 3
38 46 3 39 56 3
53 42 3 54 46 3
12 19 3 13 26 3
25 44 3 26 47 3
56 11 3 57 21 3
4 46 3 5 52 3
33 25 3 34 28 3
18 11 3 19 19 3
40 15 3 41 24 3
10 40 3 11 44 3
3 49 3 4 59 3
58 23 3 59 27 3
46 2 3 47 8 3
42 34 3 43 44 3
48 20 3 49 30 3
1 43 3 2 51 3
41 1 3 42 8 3
45 10 3 46 16 3
47 48 4 51 49 4
32 31 4 42 32 4
4 52 4 14 53 4
47 51 4 54 52 4
43 33 4 46 34 4
21 14 4 26 15 4
46 18 4 56 19 4
41 21 4 49 22 4
14 32 4 24 33 4
23 30 4 27 31 4
49 45 4 54 46 4
42 6 4 52 7 4
10 43 4 20 44 4
3 53 4 10 54 4
41 3 4 45 4 4
12 40 4 19 41 4
42 24 4 46 25 4
52 16 4 59 17 4
48 53 4 58 54 4
40 45 4 49 46 4
20 36 4 23 37 4
23 31 4 27 32 4
4 10 4 10 11 4
17 26 4 27 27 4
57 5 5 58 15 5
41 39 5 42 48 5
12 17 5 13 25 5
50 35 5 51 38 5
8 48 5 9 51 5
10 32 5 11 38 5
12 50 5 13 53 5
29 49 5 30 52 5
47 41 5 48 51 5
9 47 5 10 55 5
39 21 5 40 27 5
11 15 5 12 22 5
14 17 5 15 27 5
38 31 5 39 41 5
5 0 5 6 9 5
13 11 5 14 19 5
34 43 5 35 46 5
30 7 5 31 16 5
36 0 5 37 4 5
31 4 5 32 14 5
39 48 5 40 54 5
49 7 5 50 17 5
29 37 5 30 47 5
4 45 5 5 48 5
Net_num 162
Net_id 0
pin_num 5
4 18 0
16 12 0
36 13 0
19 18 0
9 0 0
Net_id 1
pin_num 5
23 53 0
18 58 0
14 53 0
31 58 0
42 57 0
Net_id 2
pin_num 5
1 28 0
20 28 0
10 40 0
18 17 0
16 34 0
Net_id 3
pin_num 5
17 37 0
4 44 0
22 39 0
13 25 0
0 44 0
Net_id 4
pin_num 5
18 22 0
17 31 0
17 47 0
21 49 0
20 43 0
Net_id 5
pin_num 5
35 58 0
32 59 0
14 59 0
24 40 0
46 48 0
Net_id 6
pin_num 5
19 23 0
12 22 0
2 23 0
11 10 0
14 40 0
Net_id 7
pin_num 5
8 9 0
19 10 0
9 27 0
10 5 0
15 3 0
Net_id 8
pin_num 5
39 41 0
50 47 0
59 49 0
54 51 0
48 19 0
Net_id 9
pin_num 5
7 0 0
5 2 0
20 1 0
12 0 0
1 5 0
Net_id 10
pin_num 5
56 3 0
42 9 0
51 17 0
43 5 0
42 29 0
Net_id 11
pin_num 5
57 26 0
40 25 0
42 8 0
26 8 0
46 49 0
Net_id 12
pin_num 5
56 58 0
59 57 0
59 40 0
43 52 0
57 42 0
Net_id 13
pin_num 5
45 20 0
59 17 0
53 7 0
46 5 0
59 15 0
Net_id 14
pin_num 5
56 17 0
40 16 0
42 32 0
56 24 0
43 36 0
Net_id 15
pin_num 5
58 8 0
59 0 0
51 2 0
55 9 0
56 11 0
Net_id 16
pin_num 5
21 28 0
27 41 0
12 32 0
44 30 0
13 17 0
Net_id 17
pin_num 5
29 22 0
22 18 0
23 1 0
11 24 0
8 11 0
Net_id 18
pin_num 5
32 50 0
36 45 0
8 50 0
34 28 0
24 45 0
Net_id 19
pin_num 5
37 47 0
44 49 0
37 51 0
37 39 0
38 39 0
Net_id 20
pin_num 4
0 22 0
11 22 0
6 3 0
0 17 0
Net_id 21
pin_num 4
22 54 0
12 56 0
0 57 0
12 47 0
Net_id 22
pin_num 4
25 24 0
32 24 0
30 9 0
43 18 0
Net_id 23
pin_num 4
57 2 0
56 4 0
40 2 0
51 0 0
Net_id 24
pin_num 4
17 58 0
0 56 0
14 44 0
34 59 0
Net_id 25
pin_num 4
55 32 0
49 35 0
49 42 0
58 39 0
Net_id 26
pin_num 4
1 18 0
0 26 0
0 43 0
6 27 0
Net_id 27
pin_num 4
53 14 0
57 1 0
38 12 0
41 19 0
Net_id 28
pin_num 4
5 17 0
16 25 0
16 43 0
19 26 0
Net_id 29
pin_num 4
28 2 0
25 6 0
6 2 0
19 0 0
Net_id 30
pin_num 4
48 3 0
52 5 0
50 29 0
39 26 0
Net_id 31
pin_num 4
26 52 0
7 50 0
19 34 0
7 57 0
Net_id 32
pin_num 4
52 29 0
58 25 0
45 19 0
45 1 0
Net_id 33
pin_num 4
50 21 0
57 21 0
53 33 0
40 31 0
Net_id 34
pin_num 4
44 22 0
55 22 0
49 7 0
56 13 0
Net_id 35
pin_num 4
36 59 0
28 52 0
32 41 0
29 35 0
Net_id 36
pin_num 4
10 19 0
15 33 0
15 24 0
1 38 0
Net_id 37
pin_num 4
18 41 0
15 46 0
25 44 0
5 41 0
Net_id 38
pin_num 4
17 25 0
26 23 0
41 23 0
31 6 0
Net_id 39
pin_num 4
3 26 0
8 25 0
17 13 0
22 23 0
Net_id 40
pin_num 4
40 28 0
46 28 0
41 42 0
48 50 0
Net_id 41
pin_num 3
11 31 0
1 27 0
6 45 0
Net_id 42
pin_num 3
43 33 0
47 36 0
47 52 0
Net_id 43
pin_num 3
13 12 0
17 10 0
16 21 0
Net_id 44
pin_num 3
6 21 0
24 19 0
14 41 0
Net_id 45
pin_num 3
30 31 0
39 13 0
47 17 0
Net_id 46
pin_num 3
52 59 0
52 52 0
52 30 0
Net_id 47
pin_num 3
10 38 0
1 25 0
15 25 0
Net_id 48
pin_num 3
14 14 0
24 1 0
13 4 0
Net_id 49
pin_num 3
2 45 0
6 25 0
2 27 0
Net_id 50
pin_num 3
10 46 0
6 59 0
15 45 0
Net_id 51
pin_num 3
54 42 0
56 46 0
58 43 0
Net_id 52
pin_num 3
20 46 0
35 36 0
34 25 0
Net_id 53
pin_num 3
1 57 0
11 49 0
0 52 0
Net_id 54
pin_num 3
24 31 0
18 31 0
24 20 0
Net_id 55
pin_num 3
10 25 0
26 29 0
42 27 0
Net_id 56
pin_num 3
24 48 0
11 43 0
9 29 0
Net_id 57
pin_num 3
17 33 0
21 32 0
18 47 0
Net_id 58
pin_num 3
54 34 0
41 34 0
46 23 0
Net_id 59
pin_num 3
51 24 0
51 35 0
45 46 0
Net_id 60
pin_num 3
39 4 0
42 4 0
49 0 0
Net_id 61
pin_num 3
43 17 0
21 16 0
3 18 0
Net_id 62
pin_num 3
25 5 0
32 13 0
28 18 0
Net_id 63
pin_num 3
30 6 0
24 21 0
33 6 0
Net_id 64
pin_num 3
44 32 0
47 28 0
25 31 0
Net_id 65
pin_num 3
20 11 0
30 0 0
21 1 0
Net_id 66
pin_num 3
32 51 0
18 51 0
33 55 0
Net_id 67
pin_num 3
51 27 0
58 40 0
55 34 0
Net_id 68
pin_num 3
7 53 0
19 42 0
10 33 0
Net_id 69
pin_num 3
35 55 0
23 47 0
33 47 0
Net_id 70
pin_num 3
51 39 0
59 31 0
44 21 0
Net_id 71
pin_num 3
50 48 0
56 47 0
40 59 0
Net_id 72
pin_num 3
30 34 0
38 29 0
34 0 0
Net_id 73
pin_num 3
21 47 0
24 23 0
19 29 0
Net_id 74
pin_num 3
1 4 0
3 3 0
2 24 0
Net_id 75
pin_num 3
3 2 0
6 9 0
8 16 0
Net_id 76
pin_num 3
19 45 0
38 26 0
2 38 0
Net_id 77
pin_num 3
51 9 0
58 4 0
34 5 0
Net_id 78
pin_num 3
39 9 0
37 16 0
23 7 0
Net_id 79
pin_num 2
0 31 0
25 39 0
Net_id 80
pin_num 2
38 6 0
59 27 0
Net_id 81
pin_num 2
46 57 0
46 59 0
Net_id 82
pin_num 2
39 16 0
25 32 0
Net_id 83
pin_num 2
52 43 0
58 57 0
Net_id 84
pin_num 2
50 15 0
58 1 0
Net_id 85
pin_num 2
9 43 0
12 29 0
Net_id 86
pin_num 2
24 52 0
33 24 0
Net_id 87
pin_num 2
56 44 0
45 44 0
Net_id 88
pin_num 2
38 49 0
42 56 0
Net_id 89
pin_num 2
34 29 0
51 38 0
Net_id 90
pin_num 2
25 4 0
27 10 0
Net_id 91
pin_num 2
9 32 0
17 52 0
Net_id 92
pin_num 2
10 59 0
3 48 0
Net_id 93
pin_num 2
56 32 0
53 49 0
Net_id 94
pin_num 2
15 49 0
4 54 0
Net_id 95
pin_num 2
44 7 0
34 3 0
Net_id 96
pin_num 2
37 59 0
50 46 0
Net_id 97
pin_num 2
56 16 0
44 8 0
Net_id 98
pin_num 2
50 11 0
42 11 0
Net_id 99
pin_num 2
37 57 0
43 44 0
Net_id 100
pin_num 2
35 46 0
45 53 0
Net_id 101
pin_num 2
36 5 0
27 20 0
Net_id 102
pin_num 2
41 21 0
37 40 0
Net_id 103
pin_num 2
44 50 0
33 32 0
Net_id 104
pin_num 2
17 46 0
19 48 0
Net_id 105
pin_num 2
16 10 0
8 19 0
Net_id 106
pin_num 2
50 12 0
53 1 0
Net_id 107
pin_num 2
8 4 0
10 0 0
Net_id 108
pin_num 2
2 21 0
6 5 0
Net_id 109
pin_num 2
12 3 0
15 13 0
Net_id 110
pin_num 2
46 2 0
40 0 0
Net_id 111
pin_num 2
57 22 0
56 30 0
Net_id 112
pin_num 2
38 58 0
36 54 0
Net_id 113
pin_num 2
20 56 0
32 54 0
Net_id 114
pin_num 2
19 41 0
23 29 0
Net_id 115
pin_num 2
12 14 0
2 3 0
Net_id 116
pin_num 2
28 10 0
32 10 0
Net_id 117
pin_num 2
2 48 0
4 56 0
Net_id 118
pin_num 2
31 0 0
33 15 0
Net_id 119
pin_num 2
21 0 0
20 3 0
Net_id 120
pin_num 2
20 37 0
17 35 0
Net_id 121
pin_num 2
12 36 0
6 36 0
Net_id 122
pin_num 2
36 50 0
41 44 0
Net_id 123
pin_num 2
44 40 0
31 54 0
Net_id 124
pin_num 2
9 13 0
3 21 0
Net_id 125
pin_num 2
27 6 0
44 18 0
Net_id 126
pin_num 2
38 19 0
30 35 0
Net_id 127
pin_num 2
17 55 0
30 55 0
Net_id 128
pin_num 2
9 47 0
1 36 0
Net_id 129
pin_num 2
39 15 0
37 13 0
Net_id 130
pin_num 2
57 12 0
52 19 0
Net_id 131
pin_num 2
25 33 0
31 32 0
Net_id 132
pin_num 2
38 38 0
44 38 0
Net_id 133
pin_num 2
46 46 0
58 50 0
Net_id 134
pin_num 2
7 27 0
13 51 0
Net_id 135
pin_num 2
21 35 0
22 24 0
Net_id 136
pin_num 2
45 16 0
48 1 0
Net_id 137
pin_num 2
51 37 0
39 37 0
Net_id 138
pin_num 2
41 58 0
37 43 0
Net_id 139
pin_num 2
18 12 0
54 11 0
Net_id 140
pin_num 2
23 6 0
18 3 0
Net_id 141
pin_num 2
6 56 0
9 58 0
Net_id 142
pin_num 2
35 24 0
47 24 0
Net_id 143
pin_num 2
33 29 0
58 42 0
Net_id 144
pin_num 2
26 15 0
8 24 0
Net_id 145
pin_num 2
12 55 0
18 49 0
Net_id 146
pin_num 2
38 1 0
56 7 0
Net_id 147
pin_num 2
30 3 0
59 16 0
Net_id 148
pin_num 2
18 57 0
4 53 0
Net_id 149
pin_num 2
36 15 0
34 22 0
Net_id 150
pin_num 2
34 24 0
40 29 0
Net_id 151
pin_num 2
52 50 0
48 56 0
Net_id 152
pin_num 2
6 8 0
15 8 0
Net_id 153
pin_num 2
50 30 0
40 39 0
Net_id 154
pin_num 2
31 13 0
41 22 0
Net_id 155
pin_num 2
54 7 0
55 1 0
Net_id 156
pin_num 2
50 56 0
56 59 0
Net_id 157
pin_num 2
30 43 0
21 21 0
Net_id 158
pin_num 2
47 4 0
43 10 0
Net_id 159
pin_num 2
2 54 0
19 57 0
Net_id 160
pin_num 2
22 33 0
7 47 0
Net_id 161
pin_num 2
54 18 0
48 18 0
