Width 60
Height 60
Layer 6
Total_WL 7003
Obstacle_num 144
8 8 0 15 9 0
8 12 0 16 13 0
52 33 0 55 34 0
30 54 0 40 55 0
20 53 0 24 54 0
45 19 0 55 20 0
19 42 0 29 43 0
30 5 0 37 6 0
13 1 0 22 2 0
33 7 0 38 8 0
53 15 0 58 16 0
20 18 0 28 19 0
10 20 0 14 21 0
30 17 0 34 18 0
46 26 0 52 27 0
38 46 0 44 47 0
44 29 0 51 30 0
16 0 0 25 1 0
25 10 0 31 11 0
33 28 0 38 29 0
31 38 0 36 39 0
37 33 0 46 34 0
41 7 0 45 8 0
34 50 0 40 51 0
49 23 1 50 30 1
32 42 1 33 46 1
8 13 1 9 17 1
11 23 1 12 32 1
47 6 1 48 10 1
56 28 1 57 35 1
36 29 1 37 33 1
22 27 1 23 37 1
2 35 1 3 38 1
39 36 1 40 43 1
14 35 1 15 45 1
38 31 1 39 34 1
0 34 1 1 37 1
6 40 1 7 49 1
45 16 1 46 26 1
1 18 1 2 26 1
19 35 1 20 44 1
23 9 1 24 19 1
20 23 1 21 32 1
55 41 1 56 45 1
51 27 1 52 36 1
8 0 1 9 8 1
55 48 1 56 51 1
4 9 1 5 15 1
36 32 2 42 33 2
24 18 2 34 19 2
7 22 2 17 23 2
19 38 2 26 39 2
36 50 2 45 51 2
49 52 2 56 53 2
0 17 2 7 18 2
0 16 2 5 17 2
16 23 2 25 24 2
14 4 2 23 5 2
25 35 2 34 36 2
12 28 2 22 29 2
54 18 2 59 19 2
25 27 2 33 28 2
26 16 2 35 17 2
34 35 2 42 36 2
13 58 2 19 59 2
30 4 2 33 5 2
35 52 2 40 53 2
36 20 2 43 21 2
48 18 2 54 19 2
3 26 2 12 27 2
42 55 2 48 56 2
21 1 2 26 2 2
15 11 3 16 16 3
34 32 3 35 39 3
13 35 3 14 38 3
29 28 3 30 34 3
19 29 3 20 33 3
3 22 3 4 31 3
22 34 3 23 41 3
7 0 3 8 10 3
39 5 3 40 15 3
40 22 3 41 25 3
43 48 3 44 56 3
11 24 3 12 33 3
12 48 3 13 56 3
56 25 3 57 34 3
50 47 3 51 50 3
46 38 3 47 45 3
43 9 3 44 18 3
31 24 3 32 28 3
51 36 3 52 41 3
4 3 3 5 10 3
3 16 3 4 20 3
16 20 3 17 30 3
20 34 3 21 42 3
35 3 3 36 7 3
45 46 4 53 47 4
36 16 4 45 17 4
47 36 4 50 37 4
21 44 4 31 45 4
32 28 4 38 29 4
19 35 4 26 36 4
30 2 4 34 3 4
5 8 4 13 9 4
38 17 4 48 18 4
19 45 4 22 46 4
19 55 4 22 56 4
6 12 4 14 13 4
15 31 4 18 32 4
3 10 4 12 11 4
15 53 4 21 54 4
41 50 4 50 51 4
42 9 4 50 10 4
35 8 4 41 9 4
7 37 4 17 38 4
1 25 4 5 26 4
13 27 4 20 28 4
49 10 4 57 11 4
14 33 4 20 34 4
18 12 4 28 13 4
31 47 5 32 57 5
14 19 5 15 23 5
37 35 5 38 44 5
7 33 5 8 41 5
17 52 5 18 59 5
38 17 5 39 25 5
29 44 5 30 54 5
10 48 5 11 53 5
49 49 5 50 53 5
17 18 5 18 25 5
57 19 5 58 27 5
54 22 5 55 29 5
8 29 5 9 37 5
1 21 5 2 27 5
11 22 5 12 25 5
48 15 5 49 25 5
40 42 5 41 47 5
46 7 5 47 10 5
4 36 5 5 43 5
33 20 5 34 28 5
0 25 5 1 34 5
46 11 5 47 15 5
0 38 5 1 43 5
52 43 5 53 49 5
Net_num 163
Net_id 0
pin_num 5
30 8 0
32 2 0
15 15 0
24 2 0
15 0 0
Net_id 1
pin_num 5
32 56 0
41 56 0
18 56 0
23 59 0
38 39 0
Net_id 2
pin_num 5
35 18 0
46 22 0
34 15 0
34 17 0
13 15 0
Net_id 3
pin_num 5
31 9 0
14 0 0
29 0 0
20 32 0
27 0 0
Net_id 4
pin_num 5
28 31 0
17 30 0
18 50 0
40 47 0
26 17 0
Net_id 5
pin_num 5
7 24 0
11 24 0
24 24 0
22 21 0
36 26 0
Net_id 6
pin_num 5
41 52 0
53 55 0
38 59 0
45 49 0
20 52 0
Net_id 7
pin_num 5
31 29 0
17 38 0
33 33 0
32 36 0
17 29 0
Net_id 8
pin_num 5
17 31 0
1 31 0
9 41 0
4 43 0
17 42 0
Net_id 9
pin_num 5
58 36 0
52 39 0
40 39 0
37 23 0
36 37 0
Net_id 10
pin_num 5
19 54 0
22 56 0
20 58 0
21 45 0
11 59 0
Net_id 11
pin_num 5
46 31 0
58 30 0
48 21 0
32 29 0
42 35 0
Net_id 12
pin_num 5
45 25 0
37 38 0
28 32 0
31 21 0
57 38 0
Net_id 13
pin_num 5
54 8 0
52 13 0
59 2 0
58 16 0
59 10 0
Net_id 14
pin_num 5
35 43 0
30 50 0
36 27 0
18 51 0
30 21 0
Net_id 15
pin_num 5
39 9 0
33 10 0
32 27 0
33 0 0
15 20 0
Net_id 16
pin_num 5
48 30 0
39 34 0
46 46 0
47 27 0
59 45 0
Net_id 17
pin_num 5
35 51 0
42 51 0
59 46 0
50 49 0
51 49 0
Net_id 18
pin_num 5
12 30 0
5 26 0
6 30 0
31 34 0
47 33 0
Net_id 19
pin_num 5
55 55 0
51 50 0
43 53 0
49 59 0
49 54 0
Net_id 20
pin_num 4
34 1 0
21 9 0
44 4 0
30 6 0
Net_id 21
pin_num 4
26 28 0
37 30 0
27 48 0
18 46 0
Net_id 22
pin_num 4
25 41 0
58 43 0
21 40 0
54 34 0
Net_id 23
pin_num 4
53 11 0
56 10 0
54 27 0
55 32 0
Net_id 24
pin_num 4
21 57 0
14 51 0
4 57 0
34 57 0
Net_id 25
pin_num 4
35 1 0
46 5 0
44 0 0
46 27 0
Net_id 26
pin_num 4
6 14 0
13 25 0
2 25 0
7 27 0
Net_id 27
pin_num 4
49 48 0
45 57 0
37 49 0
37 55 0
Net_id 28
pin_num 4
11 3 0
6 1 0
10 21 0
18 9 0
Net_id 29
pin_num 4
3 54 0
22 55 0
9 59 0
19 48 0
Net_id 30
pin_num 4
0 55 0
3 50 0
0 43 0
2 43 0
Net_id 31
pin_num 4
19 14 0
27 6 0
19 26 0
32 26 0
Net_id 32
pin_num 4
5 0 0
9 11 0
7 5 0
33 8 0
Net_id 33
pin_num 4
51 17 0
48 15 0
33 22 0
59 1 0
Net_id 34
pin_num 4
20 4 0
13 10 0
24 9 0
21 19 0
Net_id 35
pin_num 4
27 15 0
14 19 0
15 39 0
1 30 0
Net_id 36
pin_num 4
43 58 0
23 58 0
25 40 0
40 40 0
Net_id 37
pin_num 4
39 56 0
26 51 0
37 48 0
34 49 0
Net_id 38
pin_num 4
16 49 0
5 51 0
5 43 0
7 43 0
Net_id 39
pin_num 4
5 55 0
22 50 0
15 43 0
26 59 0
Net_id 40
pin_num 4
13 2 0
30 11 0
28 5 0
5 1 0
Net_id 41
pin_num 3
56 58 0
46 58 0
41 40 0
Net_id 42
pin_num 3
58 14 0
39 1 0
39 26 0
Net_id 43
pin_num 3
55 17 0
53 26 0
41 14 0
Net_id 44
pin_num 3
3 4 0
1 8 0
13 0 0
Net_id 45
pin_num 3
42 39 0
39 37 0
40 9 0
Net_id 46
pin_num 3
21 15 0
5 29 0
19 6 0
Net_id 47
pin_num 3
23 47 0
33 53 0
20 51 0
Net_id 48
pin_num 3
3 53 0
2 56 0
2 33 0
Net_id 49
pin_num 3
59 40 0
45 27 0
45 41 0
Net_id 50
pin_num 3
21 36 0
33 26 0
25 23 0
Net_id 51
pin_num 3
15 41 0
3 32 0
10 23 0
Net_id 52
pin_num 3
11 29 0
21 25 0
8 27 0
Net_id 53
pin_num 3
13 49 0
2 34 0
15 56 0
Net_id 54
pin_num 3
4 7 0
11 0 0
18 13 0
Net_id 55
pin_num 3
36 13 0
27 17 0
44 19 0
Net_id 56
pin_num 3
6 29 0
22 25 0
26 45 0
Net_id 57
pin_num 3
34 33 0
37 16 0
47 17 0
Net_id 58
pin_num 3
26 12 0
5 14 0
6 8 0
Net_id 59
pin_num 3
51 25 0
44 21 0
52 11 0
Net_id 60
pin_num 3
40 41 0
29 37 0
34 48 0
Net_id 61
pin_num 3
2 58 0
6 49 0
7 58 0
Net_id 62
pin_num 3
4 0 0
1 12 0
12 2 0
Net_id 63
pin_num 3
50 12 0
43 0 0
57 26 0
Net_id 64
pin_num 3
58 54 0
54 59 0
53 50 0
Net_id 65
pin_num 3
25 1 0
38 30 0
16 10 0
Net_id 66
pin_num 3
25 37 0
29 55 0
52 57 0
Net_id 67
pin_num 3
51 28 0
38 18 0
52 38 0
Net_id 68
pin_num 3
36 57 0
41 45 0
56 52 0
Net_id 69
pin_num 3
34 11 0
46 11 0
34 8 0
Net_id 70
pin_num 3
4 10 0
16 11 0
12 38 0
Net_id 71
pin_num 3
5 57 0
10 49 0
29 57 0
Net_id 72
pin_num 3
41 13 0
35 21 0
40 0 0
Net_id 73
pin_num 3
41 12 0
57 27 0
21 22 0
Net_id 74
pin_num 3
16 53 0
3 42 0
42 56 0
Net_id 75
pin_num 3
46 15 0
59 0 0
55 7 0
Net_id 76
pin_num 3
1 38 0
11 43 0
29 42 0
Net_id 77
pin_num 3
16 17 0
4 23 0
1 37 0
Net_id 78
pin_num 3
12 19 0
3 1 0
11 1 0
Net_id 79
pin_num 3
18 38 0
25 38 0
41 41 0
Net_id 80
pin_num 3
4 30 0
3 14 0
1 48 0
Net_id 81
pin_num 2
37 26 0
42 47 0
Net_id 82
pin_num 2
23 56 0
32 46 0
Net_id 83
pin_num 2
3 17 0
15 40 0
Net_id 84
pin_num 2
48 16 0
35 12 0
Net_id 85
pin_num 2
58 52 0
57 57 0
Net_id 86
pin_num 2
6 58 0
5 53 0
Net_id 87
pin_num 2
40 7 0
30 19 0
Net_id 88
pin_num 2
4 9 0
18 10 0
Net_id 89
pin_num 2
31 25 0
22 41 0
Net_id 90
pin_num 2
20 40 0
16 50 0
Net_id 91
pin_num 2
53 23 0
37 31 0
Net_id 92
pin_num 2
0 52 0
9 44 0
Net_id 93
pin_num 2
41 49 0
48 58 0
Net_id 94
pin_num 2
15 34 0
35 39 0
Net_id 95
pin_num 2
9 20 0
5 25 0
Net_id 96
pin_num 2
47 22 0
59 26 0
Net_id 97
pin_num 2
57 53 0
58 46 0
Net_id 98
pin_num 2
25 27 0
28 30 0
Net_id 99
pin_num 2
53 10 0
57 1 0
Net_id 100
pin_num 2
46 40 0
58 29 0
Net_id 101
pin_num 2
37 3 0
42 1 0
Net_id 102
pin_num 2
57 2 0
37 12 0
Net_id 103
pin_num 2
43 32 0
31 40 0
Net_id 104
pin_num 2
27 3 0
41 9 0
Net_id 105
pin_num 2
17 3 0
18 5 0
Net_id 106
pin_num 2
50 2 0
58 24 0
Net_id 107
pin_num 2
16 6 0
8 11 0
Net_id 108
pin_num 2
53 45 0
50 40 0
Net_id 109
pin_num 2
44 17 0
33 13 0
Net_id 110
pin_num 2
36 43 0
33 27 0
Net_id 111
pin_num 2
41 34 0
55 38 0
Net_id 112
pin_num 2
11 28 0
31 39 0
Net_id 113
pin_num 2
59 36 0
50 43 0
Net_id 114
pin_num 2
43 14 0
57 5 0
Net_id 115
pin_num 2
0 47 0
13 39 0
Net_id 116
pin_num 2
31 35 0
25 35 0
Net_id 117
pin_num 2
54 39 0
58 39 0
Net_id 118
pin_num 2
51 21 0
49 15 0
Net_id 119
pin_num 2
40 50 0
46 57 0
Net_id 120
pin_num 2
42 23 0
36 16 0
Net_id 121
pin_num 2
49 47 0
54 29 0
Net_id 122
pin_num 2
14 22 0
2 14 0
Net_id 123
pin_num 2
46 2 0
43 8 0
Net_id 124
pin_num 2
29 53 0
18 53 0
Net_id 125
pin_num 2
31 18 0
17 32 0
Net_id 126
pin_num 2
5 15 0
2 22 0
Net_id 127
pin_num 2
9 15 0
14 16 0
Net_id 128
pin_num 2
1 54 0
7 40 0
Net_id 129
pin_num 2
21 13 0
25 6 0
Net_id 130
pin_num 2
31 44 0
26 54 0
Net_id 131
pin_num 2
32 47 0
32 59 0
Net_id 132
pin_num 2
16 39 0
35 24 0
Net_id 133
pin_num 2
11 14 0
24 27 0
Net_id 134
pin_num 2
43 48 0
59 35 0
Net_id 135
pin_num 2
54 4 0
40 5 0
Net_id 136
pin_num 2
24 47 0
28 48 0
Net_id 137
pin_num 2
56 30 0
50 35 0
Net_id 138
pin_num 2
56 41 0
43 23 0
Net_id 139
pin_num 2
45 36 0
58 44 0
Net_id 140
pin_num 2
53 35 0
48 41 0
Net_id 141
pin_num 2
14 52 0
12 39 0
Net_id 142
pin_num 2
58 23 0
36 36 0
Net_id 143
pin_num 2
40 30 0
41 27 0
Net_id 144
pin_num 2
0 11 0
12 4 0
Net_id 145
pin_num 2
10 50 0
24 55 0
Net_id 146
pin_num 2
13 38 0
19 27 0
Net_id 147
pin_num 2
16 58 0
5 24 0
Net_id 148
pin_num 2
45 56 0
56 43 0
Net_id 149
pin_num 2
47 57 0
57 45 0
Net_id 150
pin_num 2
5 45 0
7 47 0
Net_id 151
pin_num 2
32 25 0
49 22 0
Net_id 152
pin_num 2
38 14 0
26 11 0
Net_id 153
pin_num 2
43 24 0
52 28 0
Net_id 154
pin_num 2
53 2 0
52 1 0
Net_id 155
pin_num 2
54 57 0
42 36 0
Net_id 156
pin_num 2
28 24 0
9 43 0
Net_id 157
pin_num 2
49 7 0
58 17 0
Net_id 158
pin_num 2
58 55 0
54 47 0
Net_id 159
pin_num 2
41 47 0
49 55 0
Net_id 160
pin_num 2
54 6 0
48 1 0
Net_id 161
pin_num 2
3 11 0
7 11 0
Net_id 162
pin_num 2
16 32 0
3 34 0
