Width 60
Height 60
Layer 6
Total_WL 6902
Obstacle_num 144
7 20 0 17 21 0
21 29 0 24 30 0
2 13 0 5 14 0
31 34 0 40 35 0
32 55 0 42 56 0
40 42 0 44 43 0
37 31 0 41 32 0
11 49 0 15 50 0
38 36 0 46 37 0
31 32 0 41 33 0
12 25 0 21 26 0
40 50 0 48 51 0
40 11 0 47 12 0
31 1 0 36 2 0
30 23 0 34 24 0
36 2 0 43 3 0
2 15 0 12 16 0
22 5 0 31 6 0
13 44 0 21 45 0
15 34 0 21 35 0
25 38 0 34 39 0
33 42 0 38 43 0
14 32 0 21 33 0
5 18 0 14 19 0
11 35 1 12 40 1
34 49 1 35 54 1
14 53 1 15 57 1
36 43 1 37 48 1
50 13 1 51 22 1
56 48 1 57 58 1
5 51 1 6 57 1
13 48 1 14 51 1
7 16 1 8 25 1
30 49 1 31 57 1
38 3 1 39 9 1
34 36 1 35 39 1
55 48 1 56 52 1
18 55 1 19 59 1
37 38 1 38 43 1
19 42 1 20 48 1
27 40 1 28 48 1
58 43 1 59 53 1
51 29 1 52 32 1
20 49 1 21 59 1
9 10 1 10 13 1
17 47 1 18 50 1
3 9 1 4 16 1
49 33 1 50 40 1
39 4 2 44 5 2
8 51 2 16 52 2
19 16 2 26 17 2
20 24 2 30 25 2
51 46 2 58 47 2
25 4 2 35 5 2
9 40 2 15 41 2
49 15 2 54 16 2
46 43 2 56 44 2
4 1 2 12 2 2
38 8 2 41 9 2
12 42 2 16 43 2
14 4 2 21 5 2
15 5 2 24 6 2
42 56 2 47 57 2
27 56 2 35 57 2
10 8 2 17 9 2
11 29 2 18 30 2
20 57 2 27 58 2
43 58 2 48 59 2
14 10 2 24 11 2
33 39 2 40 40 2
43 0 2 50 1 2
38 9 2 41 10 2
5 2 3 6 9 3
27 29 3 28 33 3
11 28 3 12 35 3
34 38 3 35 47 3
23 34 3 24 43 3
32 28 3 33 31 3
29 4 3 30 14 3
15 53 3 16 58 3
13 45 3 14 52 3
8 43 3 9 52 3
51 44 3 52 48 3
12 24 3 13 30 3
8 7 3 9 10 3
41 17 3 42 26 3
25 33 3 26 41 3
43 8 3 44 13 3
14 53 3 15 59 3
1 20 3 2 27 3
15 10 3 16 14 3
13 16 3 14 19 3
55 5 3 56 15 3
31 31 3 32 39 3
33 33 3 34 39 3
21 54 3 22 59 3
10 9 4 16 10 4
5 27 4 15 28 4
15 48 4 21 49 4
11 6 4 18 7 4
29 27 4 37 28 4
33 45 4 40 46 4
19 11 4 22 12 4
38 14 4 48 15 4
15 46 4 23 47 4
28 0 4 36 1 4
37 26 4 40 27 4
22 1 4 28 2 4
23 18 4 26 19 4
12 32 4 22 33 4
4 26 4 11 27 4
40 34 4 49 35 4
10 58 4 16 59 4
31 2 4 36 3 4
46 54 4 52 55 4
14 45 4 24 46 4
24 46 4 27 47 4
39 49 4 45 50 4
18 33 4 28 34 4
47 22 4 54 23 4
48 4 5 49 7 5
28 14 5 29 20 5
17 12 5 18 16 5
21 32 5 22 40 5
21 12 5 22 22 5
55 45 5 56 55 5
12 42 5 13 46 5
30 34 5 31 42 5
37 21 5 38 29 5
14 8 5 15 18 5
52 19 5 53 22 5
25 7 5 26 15 5
7 21 5 8 26 5
53 36 5 54 46 5
16 44 5 17 52 5
5 11 5 6 16 5
11 11 5 12 20 5
0 11 5 1 15 5
3 37 5 4 47 5
7 13 5 8 16 5
40 32 5 41 35 5
56 12 5 57 17 5
29 6 5 30 10 5
39 1 5 40 11 5
Net_num 161
Net_id 0
pin_num 5
59 43 0
55 34 0
42 41 0
57 23 0
34 41 0
Net_id 1
pin_num 5
27 45 0
46 42 0
24 44 0
32 42 0
29 28 0
Net_id 2
pin_num 5
52 27 0
50 31 0
41 46 0
56 22 0
49 16 0
Net_id 3
pin_num 5
29 16 0
45 17 0
38 10 0
39 1 0
50 2 0
Net_id 4
pin_num 5
53 14 0
54 6 0
57 44 0
57 22 0
30 14 0
Net_id 5
pin_num 5
48 1 0
30 1 0
40 21 0
19 0 0
33 20 0
Net_id 6
pin_num 5
54 49 0
56 43 0
52 48 0
58 24 0
57 51 0
Net_id 7
pin_num 5
15 38 0
26 39 0
24 25 0
30 32 0
8 39 0
Net_id 8
pin_num 5
30 20 0
35 37 0
28 25 0
46 36 0
45 46 0
Net_id 9
pin_num 5
43 15 0
46 20 0
36 15 0
43 7 0
23 7 0
Net_id 10
pin_num 5
13 51 0
10 57 0
0 58 0
19 59 0
4 54 0
Net_id 11
pin_num 5
51 47 0
59 42 0
53 56 0
56 59 0
58 23 0
Net_id 12
pin_num 5
40 46 0
55 42 0
47 36 0
40 40 0
33 41 0
Net_id 13
pin_num 5
20 30 0
26 23 0
24 6 0
39 29 0
39 21 0
Net_id 14
pin_num 5
33 22 0
35 20 0
41 18 0
36 40 0
27 29 0
Net_id 15
pin_num 5
0 10 0
5 10 0
1 32 0
0 13 0
8 31 0
Net_id 16
pin_num 5
32 17 0
42 17 0
44 7 0
55 13 0
42 37 0
Net_id 17
pin_num 5
31 11 0
36 1 0
31 4 0
17 10 0
35 5 0
Net_id 18
pin_num 5
58 11 0
45 12 0
47 0 0
37 6 0
31 0 0
Net_id 19
pin_num 5
19 56 0
12 50 0
17 58 0
13 59 0
12 48 0
Net_id 20
pin_num 4
32 5 0
27 18 0
47 15 0
35 18 0
Net_id 21
pin_num 4
57 59 0
51 48 0
49 58 0
57 45 0
Net_id 22
pin_num 4
24 27 0
23 31 0
23 51 0
28 35 0
Net_id 23
pin_num 4
41 32 0
52 38 0
34 21 0
48 43 0
Net_id 24
pin_num 4
0 37 0
7 30 0
22 33 0
16 22 0
Net_id 25
pin_num 4
25 56 0
33 54 0
23 54 0
28 59 0
Net_id 26
pin_num 4
17 33 0
18 46 0
6 40 0
16 46 0
Net_id 27
pin_num 4
54 18 0
56 12 0
39 12 0
59 8 0
Net_id 28
pin_num 4
25 35 0
15 35 0
21 20 0
13 32 0
Net_id 29
pin_num 4
15 1 0
10 0 0
18 7 0
7 1 0
Net_id 30
pin_num 4
38 26 0
29 27 0
31 48 0
25 9 0
Net_id 31
pin_num 4
35 36 0
15 33 0
15 55 0
9 43 0
Net_id 32
pin_num 4
12 57 0
2 57 0
11 41 0
22 53 0
Net_id 33
pin_num 4
25 49 0
33 51 0
29 53 0
45 42 0
Net_id 34
pin_num 4
29 0 0
17 5 0
31 17 0
0 6 0
Net_id 35
pin_num 4
8 13 0
16 14 0
37 13 0
15 0 0
Net_id 36
pin_num 4
55 29 0
56 32 0
34 30 0
22 30 0
Net_id 37
pin_num 4
38 4 0
30 11 0
50 0 0
13 10 0
Net_id 38
pin_num 4
31 24 0
19 28 0
28 33 0
19 7 0
Net_id 39
pin_num 4
37 38 0
35 46 0
19 48 0
47 45 0
Net_id 40
pin_num 3
36 59 0
43 54 0
26 45 0
Net_id 41
pin_num 3
37 11 0
30 6 0
45 7 0
Net_id 42
pin_num 3
38 6 0
45 18 0
59 3 0
Net_id 43
pin_num 3
0 17 0
14 7 0
6 36 0
Net_id 44
pin_num 3
35 56 0
31 59 0
27 55 0
Net_id 45
pin_num 3
55 7 0
58 4 0
42 3 0
Net_id 46
pin_num 3
0 31 0
10 28 0
6 53 0
Net_id 47
pin_num 3
23 22 0
25 28 0
43 26 0
Net_id 48
pin_num 3
23 33 0
26 25 0
0 38 0
Net_id 49
pin_num 3
8 4 0
27 2 0
5 9 0
Net_id 50
pin_num 3
35 43 0
34 47 0
51 44 0
Net_id 51
pin_num 3
59 57 0
48 59 0
53 45 0
Net_id 52
pin_num 3
27 43 0
33 48 0
12 44 0
Net_id 53
pin_num 3
48 28 0
47 37 0
35 29 0
Net_id 54
pin_num 3
13 7 0
2 2 0
7 14 0
Net_id 55
pin_num 3
52 36 0
44 42 0
43 40 0
Net_id 56
pin_num 3
43 59 0
51 38 0
0 36 0
Net_id 57
pin_num 3
49 35 0
31 31 0
59 24 0
Net_id 58
pin_num 3
53 49 0
48 56 0
35 50 0
Net_id 59
pin_num 3
58 32 0
56 47 0
43 27 0
Net_id 60
pin_num 3
38 51 0
22 37 0
34 24 0
Net_id 61
pin_num 3
6 19 0
0 25 0
6 24 0
Net_id 62
pin_num 3
19 33 0
18 24 0
7 25 0
Net_id 63
pin_num 3
19 11 0
29 8 0
4 9 0
Net_id 64
pin_num 3
51 49 0
42 47 0
45 47 0
Net_id 65
pin_num 3
26 1 0
17 0 0
23 19 0
Net_id 66
pin_num 3
52 20 0
48 17 0
55 17 0
Net_id 67
pin_num 3
14 17 0
12 12 0
0 9 0
Net_id 68
pin_num 3
30 37 0
52 29 0
40 37 0
Net_id 69
pin_num 3
58 2 0
41 5 0
52 13 0
Net_id 70
pin_num 3
16 30 0
22 43 0
46 39 0
Net_id 71
pin_num 3
59 1 0
47 17 0
34 10 0
Net_id 72
pin_num 3
7 11 0
22 8 0
11 33 0
Net_id 73
pin_num 3
52 26 0
57 2 0
27 22 0
Net_id 74
pin_num 3
50 38 0
34 48 0
38 29 0
Net_id 75
pin_num 3
58 26 0
46 13 0
45 25 0
Net_id 76
pin_num 3
3 5 0
2 0 0
0 7 0
Net_id 77
pin_num 3
0 26 0
14 16 0
34 8 0
Net_id 78
pin_num 3
43 9 0
51 9 0
34 3 0
Net_id 79
pin_num 3
13 38 0
22 17 0
21 3 0
Net_id 80
pin_num 3
15 26 0
12 31 0
18 23 0
Net_id 81
pin_num 2
12 37 0
21 39 0
Net_id 82
pin_num 2
53 27 0
55 39 0
Net_id 83
pin_num 2
58 27 0
46 46 0
Net_id 84
pin_num 2
58 46 0
45 37 0
Net_id 85
pin_num 2
22 28 0
12 19 0
Net_id 86
pin_num 2
7 22 0
0 15 0
Net_id 87
pin_num 2
50 1 0
49 15 0
Net_id 88
pin_num 2
19 17 0
15 22 0
Net_id 89
pin_num 2
32 51 0
13 24 0
Net_id 90
pin_num 2
28 52 0
16 41 0
Net_id 91
pin_num 2
29 17 0
5 27 0
Net_id 92
pin_num 2
38 28 0
11 5 0
Net_id 93
pin_num 2
13 54 0
22 58 0
Net_id 94
pin_num 2
54 53 0
59 51 0
Net_id 95
pin_num 2
35 35 0
30 21 0
Net_id 96
pin_num 2
9 25 0
16 27 0
Net_id 97
pin_num 2
52 30 0
57 30 0
Net_id 98
pin_num 2
47 13 0
51 26 0
Net_id 99
pin_num 2
9 8 0
13 15 0
Net_id 100
pin_num 2
23 6 0
11 6 0
Net_id 101
pin_num 2
15 9 0
21 5 0
Net_id 102
pin_num 2
10 58 0
32 41 0
Net_id 103
pin_num 2
11 32 0
8 14 0
Net_id 104
pin_num 2
3 52 0
17 52 0
Net_id 105
pin_num 2
8 25 0
5 37 0
Net_id 106
pin_num 2
19 14 0
27 12 0
Net_id 107
pin_num 2
2 34 0
2 40 0
Net_id 108
pin_num 2
46 19 0
58 39 0
Net_id 109
pin_num 2
45 13 0
31 15 0
Net_id 110
pin_num 2
25 12 0
16 3 0
Net_id 111
pin_num 2
3 16 0
1 39 0
Net_id 112
pin_num 2
6 30 0
0 53 0
Net_id 113
pin_num 2
27 14 0
11 4 0
Net_id 114
pin_num 2
11 16 0
8 16 0
Net_id 115
pin_num 2
54 59 0
44 47 0
Net_id 116
pin_num 2
41 53 0
26 59 0
Net_id 117
pin_num 2
4 45 0
10 55 0
Net_id 118
pin_num 2
15 4 0
4 27 0
Net_id 119
pin_num 2
6 55 0
1 55 0
Net_id 120
pin_num 2
11 2 0
9 19 0
Net_id 121
pin_num 2
50 34 0
55 37 0
Net_id 122
pin_num 2
57 39 0
51 40 0
Net_id 123
pin_num 2
49 7 0
51 24 0
Net_id 124
pin_num 2
3 11 0
14 15 0
Net_id 125
pin_num 2
3 4 0
2 18 0
Net_id 126
pin_num 2
57 21 0
36 12 0
Net_id 127
pin_num 2
0 45 0
9 53 0
Net_id 128
pin_num 2
47 22 0
37 25 0
Net_id 129
pin_num 2
19 23 0
34 11 0
Net_id 130
pin_num 2
8 38 0
0 55 0
Net_id 131
pin_num 2
16 26 0
16 23 0
Net_id 132
pin_num 2
27 34 0
13 36 0
Net_id 133
pin_num 2
17 3 0
37 33 0
Net_id 134
pin_num 2
24 57 0
26 54 0
Net_id 135
pin_num 2
0 3 0
7 5 0
Net_id 136
pin_num 2
47 54 0
54 54 0
Net_id 137
pin_num 2
6 48 0
12 23 0
Net_id 138
pin_num 2
53 42 0
57 54 0
Net_id 139
pin_num 2
38 42 0
51 51 0
Net_id 140
pin_num 2
6 42 0
2 42 0
Net_id 141
pin_num 2
38 49 0
34 54 0
Net_id 142
pin_num 2
13 30 0
3 33 0
Net_id 143
pin_num 2
4 56 0
0 57 0
Net_id 144
pin_num 2
3 58 0
10 48 0
Net_id 145
pin_num 2
53 16 0
54 31 0
Net_id 146
pin_num 2
10 51 0
1 41 0
Net_id 147
pin_num 2
10 29 0
1 28 0
Net_id 148
pin_num 2
8 57 0
3 50 0
Net_id 149
pin_num 2
47 7 0
28 6 0
Net_id 150
pin_num 2
57 14 0
56 15 0
Net_id 151
pin_num 2
20 55 0
25 45 0
Net_id 152
pin_num 2
49 10 0
58 12 0
Net_id 153
pin_num 2
50 24 0
44 3 0
Net_id 154
pin_num 2
51 2 0
56 5 0
Net_id 155
pin_num 2
27 52 0
4 53 0
Net_id 156
pin_num 2
16 12 0
34 9 0
Net_id 157
pin_num 2
52 18 0
47 24 0
Net_id 158
pin_num 2
54 52 0
42 51 0
Net_id 159
pin_num 2
35 51 0
10 50 0
Net_id 160
pin_num 2
18 5 0
15 23 0
