Width 60
Height 60
Layer 6
Total_WL 6945
Obstacle_num 144
43 30 0 47 31 0
20 46 0 29 47 0
35 16 0 43 17 0
11 42 0 19 43 0
47 52 0 55 53 0
42 56 0 48 57 0
1 9 0 9 10 0
18 43 0 28 44 0
31 42 0 41 43 0
20 31 0 25 32 0
2 43 0 11 44 0
1 56 0 9 57 0
23 18 0 28 19 0
39 0 0 48 1 0
31 1 0 41 2 0
4 46 0 11 47 0
40 20 0 45 21 0
48 37 0 54 38 0
33 5 0 43 6 0
50 0 0 56 1 0
11 26 0 15 27 0
11 54 0 15 55 0
4 49 0 10 50 0
32 34 0 41 35 0
11 7 1 12 14 1
31 20 1 32 27 1
46 4 1 47 7 1
48 55 1 49 59 1
0 15 1 1 23 1
32 26 1 33 34 1
6 47 1 7 55 1
9 6 1 10 9 1
0 51 1 1 58 1
26 21 1 27 25 1
55 0 1 56 4 1
44 36 1 45 44 1
40 5 1 41 10 1
33 28 1 34 38 1
41 45 1 42 54 1
36 45 1 37 51 1
57 21 1 58 26 1
33 8 1 34 18 1
54 16 1 55 26 1
19 25 1 20 31 1
19 34 1 20 41 1
23 27 1 24 33 1
15 29 1 16 35 1
38 48 1 39 58 1
29 21 2 36 22 2
44 52 2 50 53 2
46 50 2 51 51 2
18 56 2 22 57 2
6 13 2 9 14 2
2 35 2 6 36 2
28 4 2 37 5 2
17 4 2 25 5 2
5 2 2 15 3 2
13 22 2 17 23 2
49 26 2 53 27 2
25 23 2 30 24 2
53 26 2 58 27 2
33 39 2 38 40 2
44 27 2 54 28 2
33 0 2 40 1 2
51 53 2 55 54 2
25 28 2 29 29 2
38 39 2 46 40 2
14 46 2 23 47 2
8 42 2 14 43 2
10 34 2 18 35 2
37 20 2 46 21 2
14 5 2 23 6 2
40 47 3 41 54 3
45 6 3 46 13 3
14 0 3 15 4 3
36 22 3 37 30 3
32 16 3 33 20 3
49 13 3 50 20 3
38 7 3 39 10 3
29 32 3 30 42 3
33 55 3 34 58 3
26 29 3 27 32 3
11 8 3 12 15 3
53 8 3 54 12 3
21 15 3 22 20 3
19 45 3 20 55 3
33 6 3 34 13 3
6 5 3 7 9 3
9 45 3 10 54 3
48 1 3 49 9 3
22 14 3 23 24 3
3 49 3 4 52 3
10 2 3 11 5 3
8 0 3 9 9 3
50 38 3 51 44 3
46 13 3 47 19 3
2 22 4 7 23 4
11 26 4 14 27 4
14 0 4 17 1 4
45 16 4 51 17 4
26 56 4 30 57 4
24 41 4 29 42 4
40 48 4 49 49 4
14 12 4 22 13 4
1 37 4 10 38 4
33 29 4 42 30 4
37 1 4 44 2 4
51 18 4 55 19 4
44 58 4 54 59 4
29 40 4 33 41 4
19 14 4 24 15 4
39 55 4 44 56 4
16 48 4 23 49 4
19 50 4 25 51 4
40 3 4 47 4 4
4 38 4 9 39 4
50 37 4 58 38 4
35 50 4 39 51 4
4 34 4 14 35 4
33 7 4 42 8 4
8 40 5 9 43 5
46 34 5 47 41 5
34 30 5 35 36 5
56 8 5 57 18 5
50 21 5 51 30 5
35 52 5 36 56 5
16 47 5 17 52 5
26 9 5 27 15 5
9 0 5 10 4 5
13 23 5 14 33 5
40 43 5 41 46 5
25 27 5 26 33 5
32 20 5 33 28 5
51 47 5 52 55 5
5 31 5 6 39 5
55 26 5 56 29 5
47 19 5 48 29 5
30 45 5 31 51 5
31 5 5 32 12 5
33 10 5 34 13 5
53 43 5 54 53 5
19 48 5 20 58 5
20 39 5 21 49 5
38 15 5 39 20 5
Net_num 156
Net_id 0
pin_num 5
8 35 0
6 37 0
6 55 0
1 39 0
11 36 0
Net_id 1
pin_num 5
26 23 0
30 23 0
29 43 0
41 34 0
27 45 0
Net_id 2
pin_num 5
57 58 0
44 55 0
59 55 0
41 56 0
57 59 0
Net_id 3
pin_num 5
7 10 0
1 0 0
3 0 0
21 6 0
0 3 0
Net_id 4
pin_num 5
9 56 0
9 47 0
9 23 0
29 45 0
18 59 0
Net_id 5
pin_num 5
52 36 0
40 36 0
42 15 0
48 42 0
45 29 0
Net_id 6
pin_num 5
55 59 0
49 46 0
30 54 0
53 36 0
43 44 0
Net_id 7
pin_num 5
26 16 0
34 8 0
29 0 0
30 10 0
10 15 0
Net_id 8
pin_num 5
12 21 0
24 14 0
21 21 0
29 20 0
13 14 0
Net_id 9
pin_num 5
1 25 0
1 31 0
1 7 0
15 31 0
10 23 0
Net_id 10
pin_num 5
56 42 0
51 34 0
28 36 0
59 40 0
59 53 0
Net_id 11
pin_num 5
18 56 0
23 41 0
21 54 0
32 50 0
21 33 0
Net_id 12
pin_num 5
57 3 0
54 5 0
56 1 0
54 1 0
49 0 0
Net_id 13
pin_num 5
40 47 0
30 41 0
19 41 0
22 44 0
34 35 0
Net_id 14
pin_num 5
18 13 0
23 21 0
6 14 0
34 13 0
25 2 0
Net_id 15
pin_num 5
41 10 0
53 10 0
45 7 0
52 31 0
53 4 0
Net_id 16
pin_num 5
33 47 0
28 31 0
34 27 0
38 31 0
18 27 0
Net_id 17
pin_num 5
55 22 0
55 17 0
59 33 0
59 54 0
38 43 0
Net_id 18
pin_num 5
58 15 0
49 17 0
40 12 0
51 28 0
51 29 0
Net_id 19
pin_num 5
11 24 0
23 24 0
12 43 0
0 32 0
3 33 0
Net_id 20
pin_num 4
35 53 0
25 55 0
24 59 0
40 55 0
Net_id 21
pin_num 4
51 57 0
42 57 0
20 57 0
23 45 0
Net_id 22
pin_num 4
9 44 0
22 38 0
22 12 0
39 13 0
Net_id 23
pin_num 4
17 33 0
22 30 0
24 22 0
3 32 0
Net_id 24
pin_num 4
26 52 0
18 52 0
24 35 0
25 58 0
Net_id 25
pin_num 4
30 2 0
37 0 0
33 0 0
29 19 0
Net_id 26
pin_num 4
45 37 0
47 34 0
47 49 0
58 40 0
Net_id 27
pin_num 4
49 6 0
41 14 0
59 18 0
27 14 0
Net_id 28
pin_num 4
33 19 0
30 15 0
12 18 0
9 17 0
Net_id 29
pin_num 4
25 40 0
14 29 0
7 42 0
18 22 0
Net_id 30
pin_num 4
31 31 0
42 37 0
42 13 0
26 32 0
Net_id 31
pin_num 4
11 4 0
6 3 0
34 4 0
27 10 0
Net_id 32
pin_num 4
29 36 0
39 29 0
35 41 0
26 38 0
Net_id 33
pin_num 4
59 36 0
52 54 0
59 13 0
44 59 0
Net_id 34
pin_num 4
59 16 0
46 15 0
56 34 0
59 22 0
Net_id 35
pin_num 4
16 35 0
23 37 0
36 37 0
27 22 0
Net_id 36
pin_num 4
20 22 0
28 26 0
22 23 0
35 17 0
Net_id 37
pin_num 4
7 59 0
14 51 0
21 53 0
3 58 0
Net_id 38
pin_num 4
59 29 0
52 9 0
31 9 0
25 16 0
Net_id 39
pin_num 4
35 48 0
40 49 0
46 40 0
34 48 0
Net_id 40
pin_num 3
10 8 0
13 9 0
19 22 0
Net_id 41
pin_num 3
6 7 0
26 2 0
25 20 0
Net_id 42
pin_num 3
34 28 0
23 38 0
53 30 0
Net_id 43
pin_num 3
10 33 0
10 27 0
0 27 0
Net_id 44
pin_num 3
10 20 0
5 21 0
17 10 0
Net_id 45
pin_num 3
21 3 0
18 16 0
1 10 0
Net_id 46
pin_num 3
48 43 0
38 27 0
27 55 0
Net_id 47
pin_num 3
34 6 0
24 8 0
32 8 0
Net_id 48
pin_num 3
16 58 0
18 47 0
42 47 0
Net_id 49
pin_num 3
6 54 0
22 58 0
23 54 0
Net_id 50
pin_num 3
45 4 0
30 1 0
35 6 0
Net_id 51
pin_num 3
46 46 0
36 38 0
54 30 0
Net_id 52
pin_num 3
40 24 0
48 24 0
48 0 0
Net_id 53
pin_num 3
26 3 0
20 7 0
47 4 0
Net_id 54
pin_num 3
7 36 0
13 38 0
40 59 0
Net_id 55
pin_num 3
21 28 0
11 25 0
17 11 0
Net_id 56
pin_num 3
57 46 0
47 25 0
52 50 0
Net_id 57
pin_num 3
12 51 0
7 44 0
0 29 0
Net_id 58
pin_num 3
18 49 0
6 58 0
11 41 0
Net_id 59
pin_num 3
21 5 0
5 8 0
27 1 0
Net_id 60
pin_num 3
58 1 0
49 11 0
18 10 0
Net_id 61
pin_num 3
37 55 0
21 55 0
23 51 0
Net_id 62
pin_num 3
16 59 0
18 55 0
45 44 0
Net_id 63
pin_num 3
37 38 0
49 41 0
46 23 0
Net_id 64
pin_num 3
24 25 0
37 25 0
11 28 0
Net_id 65
pin_num 3
4 35 0
13 46 0
28 33 0
Net_id 66
pin_num 3
35 29 0
20 16 0
46 22 0
Net_id 67
pin_num 3
58 13 0
50 7 0
54 27 0
Net_id 68
pin_num 3
2 2 0
8 15 0
1 24 0
Net_id 69
pin_num 3
54 16 0
34 3 0
41 2 0
Net_id 70
pin_num 3
55 41 0
49 44 0
40 29 0
Net_id 71
pin_num 3
59 19 0
53 21 0
56 54 0
Net_id 72
pin_num 3
29 49 0
15 52 0
15 36 0
Net_id 73
pin_num 3
7 3 0
14 19 0
17 26 0
Net_id 74
pin_num 3
4 3 0
4 19 0
15 16 0
Net_id 75
pin_num 3
3 24 0
4 27 0
1 52 0
Net_id 76
pin_num 3
2 21 0
5 3 0
1 1 0
Net_id 77
pin_num 3
53 20 0
47 20 0
48 35 0
Net_id 78
pin_num 3
21 44 0
20 50 0
26 47 0
Net_id 79
pin_num 2
38 3 0
48 17 0
Net_id 80
pin_num 2
8 21 0
41 31 0
Net_id 81
pin_num 2
18 58 0
40 37 0
Net_id 82
pin_num 2
21 50 0
23 49 0
Net_id 83
pin_num 2
12 11 0
12 19 0
Net_id 84
pin_num 2
11 52 0
1 57 0
Net_id 85
pin_num 2
3 1 0
15 8 0
Net_id 86
pin_num 2
14 59 0
2 49 0
Net_id 87
pin_num 2
14 38 0
18 19 0
Net_id 88
pin_num 2
22 34 0
2 14 0
Net_id 89
pin_num 2
33 27 0
20 27 0
Net_id 90
pin_num 2
18 54 0
5 57 0
Net_id 91
pin_num 2
33 26 0
44 1 0
Net_id 92
pin_num 2
37 29 0
47 13 0
Net_id 93
pin_num 2
29 44 0
30 49 0
Net_id 94
pin_num 2
16 0 0
29 10 0
Net_id 95
pin_num 2
2 32 0
5 40 0
Net_id 96
pin_num 2
55 14 0
46 3 0
Net_id 97
pin_num 2
47 33 0
55 38 0
Net_id 98
pin_num 2
50 42 0
57 35 0
Net_id 99
pin_num 2
9 18 0
37 37 0
Net_id 100
pin_num 2
7 13 0
29 9 0
Net_id 101
pin_num 2
26 37 0
31 37 0
Net_id 102
pin_num 2
36 20 0
18 57 0
Net_id 103
pin_num 2
46 13 0
24 21 0
Net_id 104
pin_num 2
14 37 0
1 34 0
Net_id 105
pin_num 2
49 19 0
32 35 0
Net_id 106
pin_num 2
43 18 0
54 18 0
Net_id 107
pin_num 2
44 48 0
54 55 0
Net_id 108
pin_num 2
36 30 0
28 35 0
Net_id 109
pin_num 2
17 30 0
25 34 0
Net_id 110
pin_num 2
45 52 0
42 50 0
Net_id 111
pin_num 2
15 45 0
13 43 0
Net_id 112
pin_num 2
6 41 0
3 49 0
Net_id 113
pin_num 2
22 36 0
24 33 0
Net_id 114
pin_num 2
26 45 0
28 58 0
Net_id 115
pin_num 2
46 34 0
44 29 0
Net_id 116
pin_num 2
21 20 0
35 43 0
Net_id 117
pin_num 2
3 57 0
2 29 0
Net_id 118
pin_num 2
11 58 0
8 50 0
Net_id 119
pin_num 2
43 31 0
53 34 0
Net_id 120
pin_num 2
11 47 0
6 29 0
Net_id 121
pin_num 2
32 24 0
40 22 0
Net_id 122
pin_num 2
50 8 0
45 5 0
Net_id 123
pin_num 2
5 10 0
2 11 0
Net_id 124
pin_num 2
28 1 0
47 12 0
Net_id 125
pin_num 2
33 46 0
7 53 0
Net_id 126
pin_num 2
4 44 0
35 28 0
Net_id 127
pin_num 2
53 32 0
26 10 0
Net_id 128
pin_num 2
28 39 0
19 39 0
Net_id 129
pin_num 2
49 12 0
32 0 0
Net_id 130
pin_num 2
49 7 0
42 12 0
Net_id 131
pin_num 2
16 14 0
25 24 0
Net_id 132
pin_num 2
24 41 0
50 13 0
Net_id 133
pin_num 2
2 6 0
20 37 0
Net_id 134
pin_num 2
57 23 0
36 10 0
Net_id 135
pin_num 2
43 42 0
27 19 0
Net_id 136
pin_num 2
54 43 0
47 51 0
Net_id 137
pin_num 2
9 40 0
32 45 0
Net_id 138
pin_num 2
58 53 0
41 40 0
Net_id 139
pin_num 2
53 19 0
57 15 0
Net_id 140
pin_num 2
52 4 0
52 5 0
Net_id 141
pin_num 2
45 33 0
55 54 0
Net_id 142
pin_num 2
56 2 0
57 11 0
Net_id 143
pin_num 2
50 25 0
41 35 0
Net_id 144
pin_num 2
59 46 0
58 43 0
Net_id 145
pin_num 2
51 8 0
57 31 0
Net_id 146
pin_num 2
46 59 0
52 44 0
Net_id 147
pin_num 2
9 26 0
3 18 0
Net_id 148
pin_num 2
2 7 0
19 2 0
Net_id 149
pin_num 2
9 41 0
14 49 0
Net_id 150
pin_num 2
22 7 0
36 7 0
Net_id 151
pin_num 2
16 10 0
22 19 0
Net_id 152
pin_num 2
2 33 0
17 34 0
Net_id 153
pin_num 2
53 24 0
55 36 0
Net_id 154
pin_num 2
43 38 0
35 46 0
Net_id 155
pin_num 2
28 48 0
34 58 0
