Width 60
Height 60
Layer 6
Total_WL 6905
Obstacle_num 144
49 36 0 58 37 0
51 16 0 54 17 0
5 57 0 15 58 0
43 19 0 50 20 0
41 3 0 45 4 0
50 44 0 54 45 0
27 47 0 32 48 0
13 36 0 17 37 0
35 52 0 39 53 0
46 49 0 53 50 0
44 42 0 52 43 0
55 26 0 58 27 0
25 10 0 34 11 0
33 9 0 42 10 0
21 42 0 25 43 0
40 14 0 46 15 0
42 22 0 50 23 0
26 13 0 29 14 0
19 5 0 29 6 0
12 4 0 20 5 0
12 35 0 18 36 0
29 25 0 35 26 0
28 44 0 36 45 0
5 13 0 15 14 0
4 6 1 5 15 1
18 16 1 19 21 1
11 23 1 12 32 1
16 3 1 17 13 1
39 35 1 40 42 1
57 26 1 58 30 1
2 49 1 3 58 1
19 21 1 20 27 1
58 2 1 59 7 1
26 0 1 27 8 1
14 0 1 15 7 1
42 36 1 43 42 1
33 5 1 34 13 1
21 27 1 22 35 1
31 34 1 32 43 1
54 23 1 55 28 1
1 19 1 2 24 1
34 34 1 35 38 1
33 40 1 34 43 1
14 32 1 15 36 1
43 41 1 44 48 1
47 3 1 48 9 1
4 26 1 5 34 1
1 29 1 2 34 1
18 15 2 28 16 2
35 55 2 41 56 2
16 38 2 21 39 2
25 2 2 29 3 2
21 39 2 24 40 2
51 43 2 54 44 2
27 4 2 35 5 2
6 7 2 15 8 2
8 44 2 13 45 2
34 3 2 43 4 2
5 30 2 8 31 2
23 6 2 29 7 2
56 45 2 59 46 2
9 11 2 17 12 2
54 32 2 57 33 2
14 23 2 23 24 2
32 34 2 39 35 2
6 40 2 14 41 2
32 31 2 38 32 2
40 9 2 47 10 2
49 2 2 59 3 2
13 24 2 20 25 2
10 53 2 20 54 2
51 37 2 54 38 2
7 42 3 8 50 3
34 47 3 35 50 3
35 34 3 36 37 3
58 26 3 59 31 3
54 30 3 55 35 3
9 42 3 10 47 3
5 43 3 6 46 3
58 19 3 59 22 3
49 42 3 50 48 3
43 32 3 44 41 3
4 7 3 5 16 3
29 0 3 30 3 3
47 9 3 48 13 3
15 14 3 16 18 3
36 3 3 37 11 3
2 10 3 3 20 3
37 41 3 38 44 3
23 21 3 24 25 3
14 43 3 15 46 3
49 31 3 50 41 3
24 26 3 25 34 3
26 33 3 27 39 3
14 34 3 15 41 3
37 49 3 38 59 3
46 29 4 51 30 4
1 39 4 7 40 4
44 3 4 50 4 4
28 42 4 33 43 4
35 30 4 44 31 4
5 8 4 9 9 4
0 47 4 5 48 4
19 29 4 24 30 4
41 52 4 48 53 4
1 12 4 8 13 4
27 3 4 36 4 4
39 15 4 45 16 4
10 16 4 13 17 4
24 42 4 27 43 4
33 49 4 38 50 4
45 41 4 53 42 4
25 30 4 33 31 4
50 20 4 58 21 4
18 31 4 25 32 4
35 26 4 40 27 4
8 56 4 11 57 4
15 44 4 21 45 4
56 16 4 59 17 4
0 31 4 7 32 4
48 3 5 49 6 5
55 0 5 56 7 5
58 52 5 59 56 5
30 0 5 31 8 5
8 27 5 9 37 5
56 8 5 57 18 5
20 2 5 21 12 5
12 43 5 13 53 5
58 2 5 59 5 5
7 25 5 8 33 5
15 38 5 16 46 5
19 0 5 20 9 5
9 9 5 10 16 5
54 11 5 55 17 5
38 14 5 39 23 5
31 25 5 32 31 5
19 45 5 20 48 5
39 17 5 40 23 5
44 35 5 45 45 5
46 24 5 47 31 5
2 7 5 3 15 5
50 41 5 51 49 5
22 20 5 23 27 5
13 46 5 14 56 5
Net_num 162
Net_id 0
pin_num 5
22 34 0
25 39 0
41 35 0
23 52 0
25 43 0
Net_id 1
pin_num 5
38 41 0
53 45 0
46 48 0
48 57 0
48 50 0
Net_id 2
pin_num 5
40 32 0
36 48 0
21 48 0
32 55 0
16 44 0
Net_id 3
pin_num 5
3 9 0
1 13 0
4 0 0
10 8 0
2 23 0
Net_id 4
pin_num 5
21 0 0
13 8 0
1 7 0
5 12 0
24 1 0
Net_id 5
pin_num 5
12 20 0
14 24 0
34 20 0
18 22 0
23 7 0
Net_id 6
pin_num 5
32 29 0
35 39 0
14 33 0
18 56 0
2 47 0
Net_id 7
pin_num 5
32 36 0
13 33 0
17 45 0
19 27 0
2 43 0
Net_id 8
pin_num 5
23 57 0
39 59 0
38 51 0
59 58 0
47 57 0
Net_id 9
pin_num 5
10 55 0
5 55 0
6 45 0
0 53 0
14 45 0
Net_id 10
pin_num 5
32 9 0
15 12 0
29 1 0
12 0 0
15 11 0
Net_id 11
pin_num 5
15 54 0
20 52 0
0 57 0
11 39 0
1 44 0
Net_id 12
pin_num 5
7 28 0
3 30 0
0 13 0
3 55 0
0 30 0
Net_id 13
pin_num 5
49 52 0
31 50 0
21 50 0
38 50 0
44 43 0
Net_id 14
pin_num 5
43 29 0
46 21 0
59 27 0
53 34 0
46 5 0
Net_id 15
pin_num 5
27 32 0
32 32 0
28 42 0
50 37 0
27 59 0
Net_id 16
pin_num 5
21 55 0
14 56 0
13 59 0
10 56 0
13 51 0
Net_id 17
pin_num 5
12 44 0
20 47 0
9 59 0
0 44 0
11 38 0
Net_id 18
pin_num 5
33 3 0
45 7 0
35 0 0
36 19 0
39 26 0
Net_id 19
pin_num 5
11 5 0
18 13 0
32 7 0
9 1 0
25 6 0
Net_id 20
pin_num 4
15 29 0
21 29 0
0 24 0
17 26 0
Net_id 21
pin_num 4
51 38 0
59 38 0
58 52 0
59 26 0
Net_id 22
pin_num 4
12 38 0
10 52 0
12 52 0
10 44 0
Net_id 23
pin_num 4
31 7 0
24 9 0
30 21 0
25 21 0
Net_id 24
pin_num 4
47 2 0
52 10 0
50 9 0
59 23 0
Net_id 25
pin_num 4
21 25 0
12 21 0
16 2 0
27 16 0
Net_id 26
pin_num 4
36 15 0
21 10 0
41 8 0
17 21 0
Net_id 27
pin_num 4
31 53 0
28 51 0
39 43 0
26 46 0
Net_id 28
pin_num 4
30 51 0
36 53 0
29 54 0
37 58 0
Net_id 29
pin_num 4
24 50 0
30 58 0
15 58 0
0 58 0
Net_id 30
pin_num 4
39 51 0
41 48 0
52 59 0
44 46 0
Net_id 31
pin_num 4
19 43 0
35 47 0
4 43 0
13 34 0
Net_id 32
pin_num 4
36 49 0
28 54 0
32 56 0
19 45 0
Net_id 33
pin_num 4
53 21 0
52 15 0
59 1 0
49 4 0
Net_id 34
pin_num 4
25 37 0
27 46 0
34 46 0
33 32 0
Net_id 35
pin_num 4
22 47 0
33 52 0
21 47 0
39 48 0
Net_id 36
pin_num 4
8 23 0
4 24 0
18 9 0
18 30 0
Net_id 37
pin_num 4
10 2 0
24 4 0
22 0 0
20 21 0
Net_id 38
pin_num 4
6 40 0
21 44 0
20 28 0
2 42 0
Net_id 39
pin_num 4
18 57 0
21 53 0
15 51 0
20 46 0
Net_id 40
pin_num 4
45 15 0
50 13 0
38 13 0
59 0 0
Net_id 41
pin_num 3
37 26 0
45 43 0
59 45 0
Net_id 42
pin_num 3
19 8 0
27 1 0
0 15 0
Net_id 43
pin_num 3
48 8 0
34 1 0
32 0 0
Net_id 44
pin_num 3
24 38 0
36 38 0
42 50 0
Net_id 45
pin_num 3
25 2 0
38 2 0
44 6 0
Net_id 46
pin_num 3
34 35 0
25 49 0
16 48 0
Net_id 47
pin_num 3
45 45 0
35 29 0
48 34 0
Net_id 48
pin_num 3
50 3 0
50 16 0
59 24 0
Net_id 49
pin_num 3
36 46 0
27 37 0
45 46 0
Net_id 50
pin_num 3
48 35 0
58 35 0
56 6 0
Net_id 51
pin_num 3
43 57 0
29 52 0
29 30 0
Net_id 52
pin_num 3
9 58 0
5 51 0
1 57 0
Net_id 53
pin_num 3
53 50 0
45 56 0
56 57 0
Net_id 54
pin_num 3
53 31 0
49 34 0
44 27 0
Net_id 55
pin_num 3
14 23 0
25 25 0
17 28 0
Net_id 56
pin_num 3
46 11 0
31 8 0
8 1 0
Net_id 57
pin_num 3
9 4 0
1 17 0
35 20 0
Net_id 58
pin_num 3
20 22 0
22 25 0
42 23 0
Net_id 59
pin_num 3
33 56 0
50 48 0
40 52 0
Net_id 60
pin_num 3
30 39 0
47 31 0
39 2 0
Net_id 61
pin_num 3
42 28 0
33 18 0
26 22 0
Net_id 62
pin_num 3
57 46 0
59 52 0
54 47 0
Net_id 63
pin_num 3
36 35 0
45 47 0
52 57 0
Net_id 64
pin_num 3
2 19 0
12 30 0
5 0 0
Net_id 65
pin_num 3
41 34 0
40 34 0
55 30 0
Net_id 66
pin_num 3
24 51 0
21 49 0
14 51 0
Net_id 67
pin_num 3
1 49 0
30 45 0
5 50 0
Net_id 68
pin_num 3
30 55 0
16 46 0
12 48 0
Net_id 69
pin_num 3
13 32 0
10 24 0
22 31 0
Net_id 70
pin_num 3
49 23 0
58 26 0
58 29 0
Net_id 71
pin_num 3
24 29 0
39 53 0
41 36 0
Net_id 72
pin_num 3
53 37 0
52 29 0
48 31 0
Net_id 73
pin_num 3
19 32 0
26 36 0
31 34 0
Net_id 74
pin_num 3
13 31 0
4 44 0
4 57 0
Net_id 75
pin_num 3
46 50 0
40 58 0
48 40 0
Net_id 76
pin_num 3
51 34 0
56 43 0
53 47 0
Net_id 77
pin_num 3
55 48 0
55 33 0
59 53 0
Net_id 78
pin_num 3
39 24 0
53 39 0
54 0 0
Net_id 79
pin_num 3
28 41 0
20 45 0
37 17 0
Net_id 80
pin_num 3
42 37 0
38 46 0
59 40 0
Net_id 81
pin_num 3
40 44 0
39 44 0
55 49 0
Net_id 82
pin_num 3
31 58 0
24 40 0
32 40 0
Net_id 83
pin_num 2
42 20 0
41 12 0
Net_id 84
pin_num 2
49 17 0
53 0 0
Net_id 85
pin_num 2
8 46 0
0 18 0
Net_id 86
pin_num 2
35 7 0
43 6 0
Net_id 87
pin_num 2
20 36 0
20 39 0
Net_id 88
pin_num 2
44 17 0
57 11 0
Net_id 89
pin_num 2
11 17 0
25 27 0
Net_id 90
pin_num 2
6 16 0
26 18 0
Net_id 91
pin_num 2
30 4 0
52 13 0
Net_id 92
pin_num 2
12 46 0
1 51 0
Net_id 93
pin_num 2
59 39 0
42 58 0
Net_id 94
pin_num 2
8 14 0
7 6 0
Net_id 95
pin_num 2
47 37 0
40 22 0
Net_id 96
pin_num 2
15 57 0
31 45 0
Net_id 97
pin_num 2
8 11 0
2 11 0
Net_id 98
pin_num 2
10 19 0
6 24 0
Net_id 99
pin_num 2
2 27 0
5 38 0
Net_id 100
pin_num 2
12 34 0
6 22 0
Net_id 101
pin_num 2
3 15 0
21 21 0
Net_id 102
pin_num 2
23 3 0
32 3 0
Net_id 103
pin_num 2
38 55 0
27 51 0
Net_id 104
pin_num 2
14 16 0
19 10 0
Net_id 105
pin_num 2
36 21 0
50 25 0
Net_id 106
pin_num 2
12 41 0
20 54 0
Net_id 107
pin_num 2
20 19 0
15 14 0
Net_id 108
pin_num 2
5 58 0
20 50 0
Net_id 109
pin_num 2
1 24 0
5 2 0
Net_id 110
pin_num 2
46 52 0
47 44 0
Net_id 111
pin_num 2
19 1 0
27 19 0
Net_id 112
pin_num 2
47 29 0
53 40 0
Net_id 113
pin_num 2
37 14 0
31 14 0
Net_id 114
pin_num 2
39 28 0
11 12 0
Net_id 115
pin_num 2
41 53 0
25 58 0
Net_id 116
pin_num 2
17 39 0
27 31 0
Net_id 117
pin_num 2
32 54 0
38 54 0
Net_id 118
pin_num 2
8 38 0
0 16 0
Net_id 119
pin_num 2
12 22 0
8 22 0
Net_id 120
pin_num 2
1 38 0
11 33 0
Net_id 121
pin_num 2
28 0 0
23 0 0
Net_id 122
pin_num 2
57 0 0
48 10 0
Net_id 123
pin_num 2
2 37 0
27 58 0
Net_id 124
pin_num 2
36 40 0
46 38 0
Net_id 125
pin_num 2
34 26 0
11 15 0
Net_id 126
pin_num 2
58 32 0
47 23 0
Net_id 127
pin_num 2
56 18 0
41 2 0
Net_id 128
pin_num 2
57 9 0
53 9 0
Net_id 129
pin_num 2
22 49 0
27 54 0
Net_id 130
pin_num 2
40 1 0
49 21 0
Net_id 131
pin_num 2
10 38 0
7 39 0
Net_id 132
pin_num 2
17 1 0
1 3 0
Net_id 133
pin_num 2
58 36 0
52 55 0
Net_id 134
pin_num 2
24 26 0
39 31 0
Net_id 135
pin_num 2
58 53 0
53 53 0
Net_id 136
pin_num 2
57 16 0
41 29 0
Net_id 137
pin_num 2
35 12 0
24 17 0
Net_id 138
pin_num 2
9 50 0
20 53 0
Net_id 139
pin_num 2
17 13 0
5 27 0
Net_id 140
pin_num 2
55 34 0
42 26 0
Net_id 141
pin_num 2
19 24 0
39 42 0
Net_id 142
pin_num 2
44 58 0
56 52 0
Net_id 143
pin_num 2
44 56 0
45 53 0
Net_id 144
pin_num 2
38 6 0
43 20 0
Net_id 145
pin_num 2
22 13 0
26 8 0
Net_id 146
pin_num 2
56 8 0
51 19 0
Net_id 147
pin_num 2
12 24 0
16 30 0
Net_id 148
pin_num 2
27 22 0
33 1 0
Net_id 149
pin_num 2
52 17 0
48 18 0
Net_id 150
pin_num 2
2 17 0
11 3 0
Net_id 151
pin_num 2
49 16 0
43 8 0
Net_id 152
pin_num 2
33 16 0
29 24 0
Net_id 153
pin_num 2
59 5 0
56 0 0
Net_id 154
pin_num 2
27 12 0
32 12 0
Net_id 155
pin_num 2
43 1 0
36 1 0
Net_id 156
pin_num 2
59 41 0
48 43 0
Net_id 157
pin_num 2
2 56 0
9 41 0
Net_id 158
pin_num 2
39 29 0
9 2 0
Net_id 159
pin_num 2
16 3 0
20 3 0
Net_id 160
pin_num 2
55 22 0
37 31 0
Net_id 161
pin_num 2
14 48 0
27 39 0
