Width 60
Height 60
Layer 6
Total_WL 6631
Obstacle_num 144
32 46 0 39 47 0
31 45 0 35 46 0
22 47 0 27 48 0
17 53 0 23 54 0
27 20 0 32 21 0
3 7 0 9 8 0
42 44 0 52 45 0
50 58 0 57 59 0
48 42 0 56 43 0
15 39 0 19 40 0
24 39 0 34 40 0
19 4 0 27 5 0
11 5 0 17 6 0
6 53 0 9 54 0
34 15 0 37 16 0
0 21 0 7 22 0
1 50 0 4 51 0
41 18 0 46 19 0
46 40 0 55 41 0
5 25 0 13 26 0
13 14 0 20 15 0
25 38 0 32 39 0
37 5 0 40 6 0
30 22 0 35 23 0
51 21 1 52 31 1
12 19 1 13 27 1
12 44 1 13 54 1
16 32 1 17 38 1
9 49 1 10 52 1
31 18 1 32 22 1
58 27 1 59 32 1
54 24 1 55 32 1
54 10 1 55 17 1
10 39 1 11 46 1
44 26 1 45 32 1
39 49 1 40 56 1
46 45 1 47 50 1
7 33 1 8 36 1
57 37 1 58 45 1
8 12 1 9 21 1
2 48 1 3 58 1
13 0 1 14 6 1
58 16 1 59 20 1
53 6 1 54 10 1
52 12 1 53 15 1
18 41 1 19 48 1
46 5 1 47 11 1
3 46 1 4 53 1
26 20 2 34 21 2
24 37 2 27 38 2
39 42 2 46 43 2
31 18 2 36 19 2
39 14 2 44 15 2
28 35 2 35 36 2
34 20 2 37 21 2
31 24 2 40 25 2
23 13 2 31 14 2
11 9 2 14 10 2
4 16 2 14 17 2
45 50 2 53 51 2
7 5 2 10 6 2
6 11 2 14 12 2
46 48 2 51 49 2
48 15 2 56 16 2
47 39 2 53 40 2
26 55 2 30 56 2
1 51 2 7 52 2
7 20 2 10 21 2
40 8 2 49 9 2
26 15 2 35 16 2
31 21 2 41 22 2
46 46 2 54 47 2
9 18 3 10 26 3
53 15 3 54 24 3
21 14 3 22 24 3
55 15 3 56 25 3
20 33 3 21 37 3
24 45 3 25 48 3
7 50 3 8 59 3
13 37 3 14 46 3
29 34 3 30 38 3
40 18 3 41 22 3
36 30 3 37 38 3
27 21 3 28 29 3
21 49 3 22 56 3
24 24 3 25 31 3
9 34 3 10 43 3
51 20 3 52 23 3
7 14 3 8 22 3
14 18 3 15 26 3
4 44 3 5 49 3
48 7 3 49 15 3
47 44 3 48 47 3
3 5 3 4 14 3
27 44 3 28 52 3
41 6 3 42 15 3
8 17 4 14 18 4
1 21 4 11 22 4
36 15 4 44 16 4
4 53 4 14 54 4
16 25 4 19 26 4
24 28 4 27 29 4
5 41 4 8 42 4
0 16 4 8 17 4
34 1 4 38 2 4
20 54 4 23 55 4
43 18 4 48 19 4
51 36 4 58 37 4
41 38 4 46 39 4
16 35 4 20 36 4
53 37 4 59 38 4
37 20 4 44 21 4
54 2 4 59 3 4
45 15 4 51 16 4
21 56 4 29 57 4
28 52 4 38 53 4
10 10 4 19 11 4
35 36 4 38 37 4
23 5 4 30 6 4
40 51 4 43 52 4
2 44 5 3 53 5
4 53 5 5 59 5
57 12 5 58 16 5
33 27 5 34 34 5
34 54 5 35 59 5
53 18 5 54 23 5
36 7 5 37 16 5
16 12 5 17 18 5
14 31 5 15 40 5
49 39 5 50 42 5
3 14 5 4 22 5
27 49 5 28 53 5
30 36 5 31 45 5
53 23 5 54 27 5
26 46 5 27 51 5
22 41 5 23 45 5
19 24 5 20 31 5
55 42 5 56 47 5
43 9 5 44 17 5
7 33 5 8 40 5
48 36 5 49 39 5
5 13 5 6 18 5
17 16 5 18 25 5
35 8 5 36 13 5
Net_num 156
Net_id 0
pin_num 5
56 32 0
58 26 0
59 17 0
46 15 0
50 36 0
Net_id 1
pin_num 5
3 54 0
0 49 0
9 53 0
6 49 0
6 59 0
Net_id 2
pin_num 5
36 55 0
29 54 0
33 32 0
15 41 0
48 41 0
Net_id 3
pin_num 5
31 46 0
34 52 0
36 48 0
52 50 0
34 44 0
Net_id 4
pin_num 5
52 11 0
57 6 0
52 0 0
59 27 0
45 9 0
Net_id 5
pin_num 5
48 8 0
38 0 0
18 4 0
0 0 0
38 7 0
Net_id 6
pin_num 5
54 20 0
49 20 0
51 11 0
37 11 0
47 19 0
Net_id 7
pin_num 5
44 1 0
30 1 0
40 24 0
43 23 0
25 0 0
Net_id 8
pin_num 5
14 41 0
8 54 0
0 36 0
8 43 0
4 57 0
Net_id 9
pin_num 5
2 58 0
7 52 0
5 44 0
14 55 0
8 59 0
Net_id 10
pin_num 5
8 11 0
8 0 0
22 11 0
20 6 0
9 27 0
Net_id 11
pin_num 5
8 13 0
11 10 0
14 12 0
13 34 0
11 3 0
Net_id 12
pin_num 5
1 28 0
2 44 0
8 37 0
2 24 0
0 59 0
Net_id 13
pin_num 5
31 16 0
17 18 0
21 27 0
19 34 0
24 25 0
Net_id 14
pin_num 5
43 26 0
42 36 0
59 33 0
50 23 0
39 20 0
Net_id 15
pin_num 5
51 10 0
59 22 0
36 16 0
59 0 0
42 19 0
Net_id 16
pin_num 5
4 25 0
1 38 0
11 35 0
3 58 0
18 30 0
Net_id 17
pin_num 5
33 36 0
23 34 0
26 11 0
32 42 0
26 53 0
Net_id 18
pin_num 5
43 14 0
56 23 0
47 0 0
28 2 0
31 17 0
Net_id 19
pin_num 4
51 52 0
57 49 0
52 32 0
31 42 0
Net_id 20
pin_num 4
18 22 0
11 18 0
34 21 0
1 34 0
Net_id 21
pin_num 4
56 34 0
40 34 0
58 33 0
56 44 0
Net_id 22
pin_num 4
41 28 0
55 24 0
58 35 0
35 33 0
Net_id 23
pin_num 4
56 53 0
59 42 0
54 59 0
55 39 0
Net_id 24
pin_num 4
19 59 0
26 56 0
40 59 0
24 56 0
Net_id 25
pin_num 4
43 47 0
29 57 0
29 46 0
54 56 0
Net_id 26
pin_num 4
54 38 0
56 45 0
41 39 0
57 25 0
Net_id 27
pin_num 4
43 8 0
36 11 0
52 19 0
41 23 0
Net_id 28
pin_num 4
55 36 0
45 27 0
53 29 0
59 16 0
Net_id 29
pin_num 4
44 45 0
55 48 0
37 45 0
59 41 0
Net_id 30
pin_num 4
49 37 0
47 53 0
48 17 0
56 31 0
Net_id 31
pin_num 4
14 9 0
24 9 0
9 0 0
0 10 0
Net_id 32
pin_num 4
37 38 0
44 37 0
35 20 0
20 25 0
Net_id 33
pin_num 4
5 53 0
4 58 0
15 55 0
14 47 0
Net_id 34
pin_num 4
45 53 0
46 57 0
53 57 0
30 57 0
Net_id 35
pin_num 4
37 14 0
23 10 0
27 28 0
13 28 0
Net_id 36
pin_num 4
15 12 0
32 12 0
31 1 0
30 0 0
Net_id 37
pin_num 4
36 24 0
28 22 0
28 13 0
27 24 0
Net_id 38
pin_num 3
32 53 0
52 56 0
18 59 0
Net_id 39
pin_num 3
54 44 0
42 58 0
17 59 0
Net_id 40
pin_num 3
50 56 0
57 58 0
29 53 0
Net_id 41
pin_num 3
32 10 0
25 1 0
38 29 0
Net_id 42
pin_num 3
34 47 0
19 36 0
3 45 0
Net_id 43
pin_num 3
56 20 0
58 9 0
45 5 0
Net_id 44
pin_num 3
10 26 0
0 24 0
16 26 0
Net_id 45
pin_num 3
51 49 0
58 46 0
43 38 0
Net_id 46
pin_num 3
11 38 0
14 27 0
1 27 0
Net_id 47
pin_num 3
21 0 0
15 18 0
0 11 0
Net_id 48
pin_num 3
53 19 0
59 15 0
56 21 0
Net_id 49
pin_num 3
32 4 0
29 15 0
13 7 0
Net_id 50
pin_num 3
35 42 0
37 51 0
41 46 0
Net_id 51
pin_num 3
57 46 0
55 30 0
58 54 0
Net_id 52
pin_num 3
31 43 0
21 43 0
28 29 0
Net_id 53
pin_num 3
55 21 0
44 21 0
37 26 0
Net_id 54
pin_num 3
3 35 0
6 41 0
3 42 0
Net_id 55
pin_num 3
42 6 0
56 4 0
45 4 0
Net_id 56
pin_num 3
5 15 0
10 8 0
22 0 0
Net_id 57
pin_num 3
41 9 0
21 13 0
39 4 0
Net_id 58
pin_num 3
13 15 0
25 17 0
25 23 0
Net_id 59
pin_num 3
23 32 0
32 29 0
32 13 0
Net_id 60
pin_num 3
53 50 0
49 53 0
40 47 0
Net_id 61
pin_num 3
58 14 0
40 25 0
38 18 0
Net_id 62
pin_num 3
37 6 0
39 12 0
24 8 0
Net_id 63
pin_num 3
39 26 0
38 22 0
15 24 0
Net_id 64
pin_num 3
22 55 0
12 59 0
16 54 0
Net_id 65
pin_num 3
4 40 0
45 43 0
58 43 0
Net_id 66
pin_num 3
3 22 0
3 40 0
6 31 0
Net_id 67
pin_num 3
42 39 0
57 54 0
47 58 0
Net_id 68
pin_num 3
22 29 0
10 36 0
37 28 0
Net_id 69
pin_num 3
15 44 0
5 52 0
30 48 0
Net_id 70
pin_num 3
28 5 0
45 2 0
48 0 0
Net_id 71
pin_num 3
4 3 0
12 8 0
7 18 0
Net_id 72
pin_num 3
31 9 0
14 10 0
24 19 0
Net_id 73
pin_num 3
44 49 0
51 55 0
37 49 0
Net_id 74
pin_num 3
54 27 0
50 30 0
27 29 0
Net_id 75
pin_num 3
20 20 0
4 23 0
4 12 0
Net_id 76
pin_num 2
54 17 0
49 24 0
Net_id 77
pin_num 2
4 59 0
19 43 0
Net_id 78
pin_num 2
43 13 0
23 22 0
Net_id 79
pin_num 2
24 31 0
7 24 0
Net_id 80
pin_num 2
54 2 0
42 17 0
Net_id 81
pin_num 2
27 13 0
10 1 0
Net_id 82
pin_num 2
51 2 0
11 15 0
Net_id 83
pin_num 2
0 13 0
10 2 0
Net_id 84
pin_num 2
32 31 0
18 23 0
Net_id 85
pin_num 2
6 22 0
21 30 0
Net_id 86
pin_num 2
29 6 0
38 14 0
Net_id 87
pin_num 2
30 23 0
40 32 0
Net_id 88
pin_num 2
18 1 0
16 3 0
Net_id 89
pin_num 2
14 1 0
19 13 0
Net_id 90
pin_num 2
2 22 0
2 23 0
Net_id 91
pin_num 2
30 27 0
40 39 0
Net_id 92
pin_num 2
36 49 0
21 48 0
Net_id 93
pin_num 2
36 56 0
41 40 0
Net_id 94
pin_num 2
3 27 0
12 32 0
Net_id 95
pin_num 2
4 5 0
10 16 0
Net_id 96
pin_num 2
8 29 0
34 32 0
Net_id 97
pin_num 2
2 10 0
15 17 0
Net_id 98
pin_num 2
17 27 0
6 24 0
Net_id 99
pin_num 2
1 51 0
7 51 0
Net_id 100
pin_num 2
19 51 0
22 49 0
Net_id 101
pin_num 2
4 18 0
0 5 0
Net_id 102
pin_num 2
21 33 0
25 40 0
Net_id 103
pin_num 2
35 37 0
46 19 0
Net_id 104
pin_num 2
33 3 0
49 12 0
Net_id 105
pin_num 2
40 5 0
43 9 0
Net_id 106
pin_num 2
9 24 0
18 19 0
Net_id 107
pin_num 2
41 26 0
29 40 0
Net_id 108
pin_num 2
54 32 0
58 44 0
Net_id 109
pin_num 2
24 58 0
27 50 0
Net_id 110
pin_num 2
58 8 0
55 9 0
Net_id 111
pin_num 2
32 6 0
41 24 0
Net_id 112
pin_num 2
53 35 0
38 34 0
Net_id 113
pin_num 2
29 4 0
18 26 0
Net_id 114
pin_num 2
49 23 0
38 39 0
Net_id 115
pin_num 2
19 52 0
25 52 0
Net_id 116
pin_num 2
36 26 0
36 22 0
Net_id 117
pin_num 2
51 46 0
54 54 0
Net_id 118
pin_num 2
42 25 0
55 8 0
Net_id 119
pin_num 2
47 30 0
34 30 0
Net_id 120
pin_num 2
21 40 0
22 44 0
Net_id 121
pin_num 2
3 13 0
14 19 0
Net_id 122
pin_num 2
46 3 0
56 2 0
Net_id 123
pin_num 2
45 15 0
44 19 0
Net_id 124
pin_num 2
15 51 0
17 56 0
Net_id 125
pin_num 2
41 25 0
59 34 0
Net_id 126
pin_num 2
35 0 0
37 0 0
Net_id 127
pin_num 2
2 7 0
20 14 0
Net_id 128
pin_num 2
4 14 0
0 20 0
Net_id 129
pin_num 2
7 27 0
5 30 0
Net_id 130
pin_num 2
47 13 0
48 7 0
Net_id 131
pin_num 2
18 5 0
37 34 0
Net_id 132
pin_num 2
1 5 0
14 29 0
Net_id 133
pin_num 2
34 10 0
34 19 0
Net_id 134
pin_num 2
8 30 0
3 18 0
Net_id 135
pin_num 2
7 8 0
15 20 0
Net_id 136
pin_num 2
49 30 0
52 23 0
Net_id 137
pin_num 2
3 33 0
10 30 0
Net_id 138
pin_num 2
54 0 0
42 9 0
Net_id 139
pin_num 2
19 40 0
9 39 0
Net_id 140
pin_num 2
56 35 0
52 51 0
Net_id 141
pin_num 2
20 18 0
8 38 0
Net_id 142
pin_num 2
49 43 0
38 17 0
Net_id 143
pin_num 2
7 13 0
0 27 0
Net_id 144
pin_num 2
16 38 0
30 46 0
Net_id 145
pin_num 2
17 45 0
3 41 0
Net_id 146
pin_num 2
23 37 0
20 30 0
Net_id 147
pin_num 2
22 42 0
32 58 0
Net_id 148
pin_num 2
17 52 0
1 25 0
Net_id 149
pin_num 2
46 55 0
44 52 0
Net_id 150
pin_num 2
8 56 0
15 38 0
Net_id 151
pin_num 2
26 8 0
5 12 0
Net_id 152
pin_num 2
26 37 0
14 51 0
Net_id 153
pin_num 2
1 48 0
8 48 0
Net_id 154
pin_num 2
18 38 0
24 23 0
Net_id 155
pin_num 2
7 23 0
13 8 0
