Width 60
Height 60
Layer 6
Total_WL 6967
Obstacle_num 144
18 32 0 28 33 0
37 45 0 40 46 0
33 11 0 42 12 0
6 19 0 12 20 0
13 25 0 22 26 0
21 39 0 26 40 0
35 46 0 44 47 0
8 12 0 14 13 0
49 19 0 52 20 0
30 36 0 39 37 0
8 36 0 18 37 0
22 3 0 30 4 0
33 50 0 43 51 0
40 1 0 48 2 0
31 4 0 41 5 0
1 10 0 8 11 0
9 32 0 17 33 0
48 16 0 51 17 0
15 28 0 25 29 0
29 18 0 35 19 0
6 31 0 14 32 0
37 41 0 47 42 0
12 10 0 19 11 0
43 28 0 46 29 0
43 43 1 44 53 1
50 20 1 51 24 1
53 6 1 54 11 1
53 15 1 54 21 1
57 20 1 58 30 1
1 20 1 2 30 1
28 1 1 29 4 1
6 7 1 7 17 1
51 19 1 52 28 1
29 29 1 30 39 1
10 17 1 11 23 1
25 5 1 26 10 1
5 56 1 6 59 1
23 5 1 24 11 1
8 30 1 9 34 1
52 45 1 53 54 1
9 13 1 10 20 1
22 51 1 23 54 1
7 17 1 8 26 1
26 39 1 27 48 1
41 29 1 42 35 1
54 53 1 55 58 1
51 42 1 52 47 1
35 44 1 36 53 1
47 31 2 51 32 2
17 27 2 27 28 2
40 29 2 46 30 2
1 6 2 11 7 2
6 51 2 11 52 2
49 8 2 59 9 2
27 48 2 33 49 2
14 14 2 22 15 2
49 54 2 52 55 2
36 24 2 43 25 2
27 40 2 30 41 2
38 38 2 44 39 2
43 52 2 47 53 2
47 48 2 57 49 2
8 34 2 11 35 2
20 54 2 27 55 2
53 2 2 56 3 2
23 13 2 30 14 2
32 20 2 40 21 2
27 2 2 33 3 2
40 0 2 47 1 2
2 54 2 11 55 2
18 42 2 27 43 2
31 39 2 36 40 2
25 28 3 26 34 3
14 7 3 15 10 3
42 16 3 43 23 3
47 46 3 48 54 3
10 27 3 11 34 3
50 47 3 51 51 3
52 4 3 53 9 3
22 35 3 23 44 3
3 40 3 4 50 3
13 34 3 14 39 3
51 23 3 52 31 3
13 4 3 14 11 3
25 5 3 26 15 3
19 14 3 20 24 3
34 47 3 35 51 3
12 15 3 13 23 3
17 43 3 18 50 3
49 7 3 50 16 3
6 44 3 7 52 3
5 34 3 6 43 3
27 20 3 28 26 3
37 11 3 38 15 3
2 19 3 3 23 3
38 47 3 39 55 3
41 23 4 48 24 4
6 6 4 10 7 4
0 1 4 10 2 4
6 50 4 14 51 4
41 25 4 50 26 4
17 0 4 27 1 4
16 9 4 24 10 4
7 11 4 16 12 4
4 54 4 10 55 4
12 56 4 21 57 4
25 9 4 34 10 4
18 7 4 27 8 4
24 16 4 31 17 4
41 47 4 47 48 4
33 4 4 41 5 4
46 0 4 54 1 4
11 46 4 17 47 4
41 41 4 44 42 4
46 36 4 55 37 4
22 38 4 31 39 4
27 11 4 31 12 4
32 14 4 39 15 4
52 54 4 59 55 4
16 27 4 25 28 4
18 26 5 19 36 5
40 16 5 41 24 5
57 43 5 58 49 5
29 41 5 30 51 5
0 0 5 1 8 5
56 26 5 57 32 5
47 41 5 48 51 5
22 13 5 23 22 5
53 47 5 54 50 5
8 10 5 9 17 5
57 21 5 58 24 5
27 34 5 28 41 5
26 36 5 27 41 5
16 3 5 17 7 5
26 23 5 27 30 5
7 19 5 8 24 5
4 10 5 5 19 5
21 30 5 22 36 5
28 53 5 29 57 5
7 39 5 8 47 5
33 11 5 34 14 5
47 15 5 48 23 5
17 0 5 18 4 5
24 12 5 25 17 5
Net_num 165
Net_id 0
pin_num 5
50 3 0
56 8 0
59 4 0
48 7 0
49 8 0
Net_id 1
pin_num 5
2 55 0
1 59 0
22 56 0
6 59 0
1 43 0
Net_id 2
pin_num 5
44 47 0
41 59 0
59 59 0
29 55 0
59 58 0
Net_id 3
pin_num 5
46 12 0
42 18 0
59 14 0
54 18 0
53 14 0
Net_id 4
pin_num 5
48 33 0
36 33 0
45 44 0
31 41 0
34 44 0
Net_id 5
pin_num 5
47 43 0
37 42 0
33 59 0
34 46 0
38 51 0
Net_id 6
pin_num 5
17 21 0
18 24 0
18 12 0
18 43 0
32 21 0
Net_id 7
pin_num 5
34 6 0
44 3 0
43 21 0
30 0 0
29 0 0
Net_id 8
pin_num 5
5 18 0
12 7 0
19 10 0
8 17 0
15 11 0
Net_id 9
pin_num 5
37 47 0
28 42 0
33 58 0
46 42 0
59 38 0
Net_id 10
pin_num 5
45 10 0
43 8 0
47 0 0
48 1 0
46 21 0
Net_id 11
pin_num 5
0 24 0
14 29 0
12 17 0
1 17 0
10 33 0
Net_id 12
pin_num 5
53 46 0
59 56 0
39 56 0
44 34 0
46 56 0
Net_id 13
pin_num 5
59 40 0
49 44 0
54 52 0
36 49 0
36 42 0
Net_id 14
pin_num 5
46 53 0
43 59 0
25 53 0
39 58 0
23 59 0
Net_id 15
pin_num 5
20 14 0
16 11 0
17 5 0
26 0 0
21 11 0
Net_id 16
pin_num 5
54 53 0
57 48 0
56 42 0
58 47 0
39 42 0
Net_id 17
pin_num 5
53 59 0
51 56 0
44 48 0
34 57 0
19 57 0
Net_id 18
pin_num 5
30 29 0
43 24 0
28 27 0
27 25 0
34 30 0
Net_id 19
pin_num 5
27 55 0
30 43 0
22 59 0
14 59 0
32 52 0
Net_id 20
pin_num 5
32 23 0
48 25 0
44 9 0
48 15 0
46 38 0
Net_id 21
pin_num 5
3 46 0
0 37 0
17 38 0
14 45 0
40 42 0
Net_id 22
pin_num 4
49 51 0
45 32 0
59 37 0
36 55 0
Net_id 23
pin_num 4
45 20 0
44 6 0
52 20 0
51 4 0
Net_id 24
pin_num 4
24 10 0
20 3 0
8 0 0
30 3 0
Net_id 25
pin_num 4
52 40 0
54 43 0
48 27 0
48 56 0
Net_id 26
pin_num 4
24 41 0
23 50 0
32 44 0
45 47 0
Net_id 27
pin_num 4
58 30 0
59 26 0
54 28 0
49 17 0
Net_id 28
pin_num 4
4 55 0
2 58 0
1 41 0
19 51 0
Net_id 29
pin_num 4
13 16 0
2 16 0
7 6 0
27 13 0
Net_id 30
pin_num 4
30 50 0
43 42 0
15 44 0
43 25 0
Net_id 31
pin_num 4
24 50 0
38 54 0
37 59 0
23 54 0
Net_id 32
pin_num 4
11 22 0
21 17 0
20 39 0
0 36 0
Net_id 33
pin_num 4
39 54 0
50 54 0
42 42 0
31 45 0
Net_id 34
pin_num 4
54 11 0
50 13 0
52 16 0
59 0 0
Net_id 35
pin_num 4
9 8 0
1 8 0
7 1 0
29 1 0
Net_id 36
pin_num 4
0 27 0
16 22 0
19 24 0
2 7 0
Net_id 37
pin_num 4
21 9 0
11 6 0
24 8 0
4 18 0
Net_id 38
pin_num 4
43 16 0
47 22 0
32 22 0
43 31 0
Net_id 39
pin_num 4
15 41 0
20 16 0
14 52 0
19 46 0
Net_id 40
pin_num 4
10 57 0
13 59 0
7 49 0
8 37 0
Net_id 41
pin_num 4
14 47 0
5 47 0
12 51 0
7 26 0
Net_id 42
pin_num 4
25 51 0
30 51 0
29 28 0
21 58 0
Net_id 43
pin_num 4
57 45 0
41 42 0
47 58 0
36 58 0
Net_id 44
pin_num 3
54 1 0
41 17 0
45 19 0
Net_id 45
pin_num 3
13 19 0
20 48 0
0 26 0
Net_id 46
pin_num 3
20 54 0
5 45 0
4 37 0
Net_id 47
pin_num 3
3 14 0
14 0 0
6 2 0
Net_id 48
pin_num 3
35 19 0
47 32 0
31 23 0
Net_id 49
pin_num 3
40 31 0
33 33 0
11 30 0
Net_id 50
pin_num 3
49 26 0
59 25 0
53 0 0
Net_id 51
pin_num 3
41 2 0
38 5 0
15 2 0
Net_id 52
pin_num 3
35 40 0
43 36 0
23 36 0
Net_id 53
pin_num 3
28 24 0
33 25 0
28 17 0
Net_id 54
pin_num 3
0 23 0
15 7 0
9 0 0
Net_id 55
pin_num 3
22 20 0
27 41 0
26 48 0
Net_id 56
pin_num 3
30 6 0
17 11 0
45 9 0
Net_id 57
pin_num 3
52 13 0
47 9 0
59 24 0
Net_id 58
pin_num 3
12 35 0
10 52 0
1 50 0
Net_id 59
pin_num 3
40 32 0
45 21 0
40 10 0
Net_id 60
pin_num 3
19 18 0
6 28 0
8 14 0
Net_id 61
pin_num 3
38 9 0
17 0 0
10 7 0
Net_id 62
pin_num 3
49 13 0
34 2 0
16 15 0
Net_id 63
pin_num 3
44 37 0
54 25 0
50 47 0
Net_id 64
pin_num 3
18 40 0
11 40 0
9 43 0
Net_id 65
pin_num 3
12 39 0
13 48 0
1 37 0
Net_id 66
pin_num 3
20 46 0
31 40 0
16 50 0
Net_id 67
pin_num 3
48 40 0
58 41 0
55 17 0
Net_id 68
pin_num 3
13 17 0
13 9 0
32 1 0
Net_id 69
pin_num 3
21 4 0
23 2 0
30 14 0
Net_id 70
pin_num 3
23 34 0
38 42 0
37 29 0
Net_id 71
pin_num 3
7 15 0
31 6 0
45 6 0
Net_id 72
pin_num 3
0 48 0
15 30 0
9 21 0
Net_id 73
pin_num 3
17 46 0
3 44 0
2 35 0
Net_id 74
pin_num 3
3 37 0
11 45 0
31 42 0
Net_id 75
pin_num 3
9 40 0
2 40 0
4 58 0
Net_id 76
pin_num 3
26 35 0
20 41 0
0 32 0
Net_id 77
pin_num 3
38 53 0
45 55 0
31 53 0
Net_id 78
pin_num 3
19 49 0
36 56 0
33 34 0
Net_id 79
pin_num 3
58 5 0
49 6 0
46 9 0
Net_id 80
pin_num 3
13 55 0
17 51 0
18 53 0
Net_id 81
pin_num 3
10 18 0
31 22 0
22 47 0
Net_id 82
pin_num 3
10 40 0
10 49 0
19 43 0
Net_id 83
pin_num 3
30 2 0
14 2 0
37 24 0
Net_id 84
pin_num 2
1 2 0
3 1 0
Net_id 85
pin_num 2
30 58 0
21 44 0
Net_id 86
pin_num 2
58 20 0
53 1 0
Net_id 87
pin_num 2
24 7 0
19 7 0
Net_id 88
pin_num 2
45 38 0
34 38 0
Net_id 89
pin_num 2
21 16 0
39 5 0
Net_id 90
pin_num 2
31 56 0
20 55 0
Net_id 91
pin_num 2
14 56 0
20 58 0
Net_id 92
pin_num 2
59 18 0
44 27 0
Net_id 93
pin_num 2
34 14 0
50 15 0
Net_id 94
pin_num 2
18 31 0
30 39 0
Net_id 95
pin_num 2
34 16 0
42 27 0
Net_id 96
pin_num 2
22 44 0
24 29 0
Net_id 97
pin_num 2
26 17 0
27 8 0
Net_id 98
pin_num 2
49 5 0
54 16 0
Net_id 99
pin_num 2
10 23 0
11 24 0
Net_id 100
pin_num 2
59 12 0
40 20 0
Net_id 101
pin_num 2
40 26 0
57 2 0
Net_id 102
pin_num 2
3 25 0
9 37 0
Net_id 103
pin_num 2
58 29 0
47 31 0
Net_id 104
pin_num 2
45 35 0
53 41 0
Net_id 105
pin_num 2
9 14 0
6 37 0
Net_id 106
pin_num 2
58 22 0
51 2 0
Net_id 107
pin_num 2
9 57 0
5 50 0
Net_id 108
pin_num 2
14 20 0
21 29 0
Net_id 109
pin_num 2
1 35 0
0 33 0
Net_id 110
pin_num 2
5 25 0
21 5 0
Net_id 111
pin_num 2
42 40 0
59 32 0
Net_id 112
pin_num 2
20 57 0
50 24 0
Net_id 113
pin_num 2
48 50 0
59 54 0
Net_id 114
pin_num 2
31 38 0
25 38 0
Net_id 115
pin_num 2
5 11 0
4 4 0
Net_id 116
pin_num 2
48 21 0
53 21 0
Net_id 117
pin_num 2
40 7 0
26 20 0
Net_id 118
pin_num 2
51 53 0
45 45 0
Net_id 119
pin_num 2
58 1 0
57 16 0
Net_id 120
pin_num 2
56 30 0
51 30 0
Net_id 121
pin_num 2
1 1 0
6 6 0
Net_id 122
pin_num 2
10 38 0
16 30 0
Net_id 123
pin_num 2
26 26 0
35 20 0
Net_id 124
pin_num 2
43 15 0
31 29 0
Net_id 125
pin_num 2
58 37 0
41 28 0
Net_id 126
pin_num 2
25 2 0
27 7 0
Net_id 127
pin_num 2
49 11 0
26 14 0
Net_id 128
pin_num 2
35 43 0
40 52 0
Net_id 129
pin_num 2
55 9 0
42 16 0
Net_id 130
pin_num 2
32 2 0
38 12 0
Net_id 131
pin_num 2
19 56 0
14 34 0
Net_id 132
pin_num 2
24 23 0
10 53 0
Net_id 133
pin_num 2
7 36 0
5 23 0
Net_id 134
pin_num 2
58 2 0
59 11 0
Net_id 135
pin_num 2
36 1 0
39 8 0
Net_id 136
pin_num 2
54 20 0
58 44 0
Net_id 137
pin_num 2
35 42 0
26 25 0
Net_id 138
pin_num 2
56 23 0
47 12 0
Net_id 139
pin_num 2
18 8 0
22 15 0
Net_id 140
pin_num 2
47 17 0
50 25 0
Net_id 141
pin_num 2
29 31 0
11 37 0
Net_id 142
pin_num 2
15 23 0
16 29 0
Net_id 143
pin_num 2
10 54 0
13 57 0
Net_id 144
pin_num 2
16 16 0
25 19 0
Net_id 145
pin_num 2
55 6 0
36 21 0
Net_id 146
pin_num 2
44 50 0
49 52 0
Net_id 147
pin_num 2
50 34 0
59 33 0
Net_id 148
pin_num 2
24 17 0
25 15 0
Net_id 149
pin_num 2
0 56 0
16 43 0
Net_id 150
pin_num 2
46 11 0
32 10 0
Net_id 151
pin_num 2
35 55 0
53 33 0
Net_id 152
pin_num 2
1 54 0
19 26 0
Net_id 153
pin_num 2
19 16 0
20 27 0
Net_id 154
pin_num 2
19 2 0
5 21 0
Net_id 155
pin_num 2
7 28 0
30 20 0
Net_id 156
pin_num 2
58 57 0
42 39 0
Net_id 157
pin_num 2
7 2 0
14 5 0
Net_id 158
pin_num 2
3 3 0
16 3 0
Net_id 159
pin_num 2
39 34 0
53 25 0
Net_id 160
pin_num 2
24 18 0
30 17 0
Net_id 161
pin_num 2
6 3 0
27 18 0
Net_id 162
pin_num 2
56 31 0
54 31 0
Net_id 163
pin_num 2
52 23 0
41 12 0
Net_id 164
pin_num 2
28 0 0
30 15 0
