Width 60
Height 60
Layer 6
Total_WL 6967
Obstacle_num 144
50 2 0 54 3 0
30 36 0 37 37 0
11 40 0 15 41 0
37 15 0 42 16 0
1 7 0 10 8 0
30 52 0 39 53 0
14 19 0 17 20 0
24 14 0 30 15 0
30 31 0 40 32 0
1 24 0 9 25 0
0 58 0 8 59 0
11 38 0 14 39 0
51 43 0 59 44 0
15 38 0 22 39 0
7 39 0 10 40 0
7 36 0 15 37 0
44 11 0 52 12 0
35 33 0 39 34 0
6 42 0 14 43 0
29 18 0 33 19 0
10 2 0 13 3 0
15 39 0 19 40 0
38 17 0 48 18 0
50 51 0 56 52 0
42 23 1 43 33 1
26 42 1 27 49 1
5 31 1 6 41 1
35 35 1 36 40 1
52 10 1 53 17 1
29 24 1 30 34 1
34 45 1 35 48 1
46 30 1 47 39 1
30 0 1 31 8 1
14 21 1 15 24 1
25 44 1 26 48 1
25 30 1 26 36 1
14 39 1 15 44 1
38 38 1 39 41 1
53 29 1 54 37 1
42 3 1 43 9 1
25 49 1 26 59 1
39 1 1 40 5 1
29 7 1 30 15 1
10 41 1 11 49 1
50 24 1 51 28 1
35 2 1 36 6 1
22 38 1 23 42 1
47 49 1 48 52 1
35 30 2 42 31 2
4 37 2 7 38 2
45 52 2 48 53 2
10 9 2 16 10 2
30 9 2 34 10 2
7 49 2 15 50 2
31 45 2 35 46 2
28 2 2 37 3 2
54 13 2 58 14 2
29 56 2 35 57 2
17 30 2 22 31 2
45 6 2 49 7 2
27 28 2 35 29 2
6 36 2 15 37 2
40 14 2 44 15 2
17 16 2 21 17 2
3 22 2 6 23 2
16 41 2 22 42 2
21 54 2 25 55 2
39 57 2 45 58 2
26 25 2 33 26 2
45 38 2 49 39 2
1 39 2 7 40 2
4 23 2 7 24 2
38 30 3 39 39 3
31 18 3 32 28 3
7 36 3 8 39 3
3 40 3 4 49 3
8 6 3 9 14 3
18 1 3 19 11 3
44 1 3 45 5 3
7 13 3 8 23 3
37 47 3 38 54 3
42 6 3 43 10 3
56 18 3 57 27 3
55 32 3 56 42 3
27 31 3 28 37 3
27 17 3 28 25 3
34 5 3 35 12 3
2 3 3 3 12 3
48 35 3 49 38 3
11 34 3 12 40 3
42 37 3 43 42 3
27 38 3 28 45 3
57 51 3 58 58 3
57 42 3 58 50 3
19 7 3 20 16 3
52 16 3 53 25 3
0 56 4 8 57 4
29 31 4 34 32 4
49 50 4 58 51 4
37 45 4 42 46 4
27 16 4 31 17 4
3 25 4 7 26 4
21 58 4 27 59 4
34 19 4 44 20 4
32 18 4 37 19 4
20 11 4 26 12 4
11 45 4 19 46 4
49 47 4 58 48 4
25 20 4 28 21 4
16 56 4 26 57 4
33 46 4 43 47 4
49 11 4 57 12 4
15 31 4 23 32 4
48 23 4 52 24 4
11 3 4 17 4 4
50 36 4 53 37 4
7 26 4 15 27 4
2 1 4 10 2 4
13 14 4 19 15 4
15 50 4 21 51 4
53 28 5 54 35 5
51 2 5 52 11 5
20 16 5 21 23 5
31 32 5 32 36 5
4 27 5 5 30 5
9 42 5 10 52 5
44 16 5 45 24 5
43 34 5 44 38 5
48 20 5 49 29 5
50 37 5 51 45 5
1 31 5 2 37 5
54 46 5 55 52 5
50 11 5 51 20 5
55 18 5 56 23 5
36 47 5 37 56 5
49 36 5 50 44 5
21 46 5 22 52 5
19 55 5 20 58 5
34 43 5 35 47 5
12 10 5 13 18 5
6 51 5 7 55 5
41 15 5 42 24 5
57 7 5 58 10 5
17 1 5 18 8 5
Net_num 159
Net_id 0
pin_num 5
46 55 0
42 50 0
30 50 0
22 51 0
33 57 0
Net_id 1
pin_num 5
30 56 0
36 44 0
22 59 0
36 32 0
18 49 0
Net_id 2
pin_num 5
59 0 0
50 0 0
59 10 0
50 5 0
40 10 0
Net_id 3
pin_num 5
26 21 0
25 15 0
44 21 0
41 9 0
44 16 0
Net_id 4
pin_num 5
55 24 0
52 32 0
41 29 0
41 25 0
57 4 0
Net_id 5
pin_num 5
38 9 0
28 8 0
39 0 0
40 8 0
26 8 0
Net_id 6
pin_num 5
53 8 0
41 8 0
47 13 0
40 6 0
43 5 0
Net_id 7
pin_num 5
14 43 0
17 42 0
15 36 0
6 41 0
0 30 0
Net_id 8
pin_num 5
33 48 0
38 47 0
37 44 0
38 42 0
44 43 0
Net_id 9
pin_num 5
13 31 0
1 42 0
11 37 0
2 55 0
1 59 0
Net_id 10
pin_num 5
4 37 0
8 37 0
7 44 0
7 32 0
6 29 0
Net_id 11
pin_num 5
31 25 0
30 30 0
10 27 0
26 12 0
23 22 0
Net_id 12
pin_num 5
27 12 0
35 7 0
42 7 0
49 0 0
33 22 0
Net_id 13
pin_num 5
49 28 0
59 22 0
43 20 0
40 25 0
51 31 0
Net_id 14
pin_num 5
11 28 0
9 27 0
0 17 0
0 12 0
17 14 0
Net_id 15
pin_num 5
39 20 0
41 23 0
38 22 0
39 42 0
47 33 0
Net_id 16
pin_num 5
15 12 0
3 10 0
0 11 0
0 28 0
17 0 0
Net_id 17
pin_num 5
59 43 0
54 58 0
53 47 0
52 47 0
40 59 0
Net_id 18
pin_num 5
17 20 0
15 3 0
0 8 0
31 19 0
12 32 0
Net_id 19
pin_num 5
16 51 0
12 52 0
20 59 0
12 35 0
7 45 0
Net_id 20
pin_num 5
27 9 0
21 0 0
22 16 0
16 12 0
6 5 0
Net_id 21
pin_num 4
27 17 0
22 20 0
0 9 0
21 1 0
Net_id 22
pin_num 4
14 7 0
28 7 0
10 24 0
38 0 0
Net_id 23
pin_num 4
1 36 0
23 38 0
6 26 0
6 59 0
Net_id 24
pin_num 4
2 4 0
11 8 0
27 4 0
0 7 0
Net_id 25
pin_num 4
29 22 0
32 17 0
42 19 0
24 24 0
Net_id 26
pin_num 4
31 14 0
27 6 0
17 11 0
26 28 0
Net_id 27
pin_num 4
8 23 0
24 21 0
13 18 0
13 43 0
Net_id 28
pin_num 4
20 32 0
27 20 0
23 31 0
27 43 0
Net_id 29
pin_num 4
17 16 0
28 22 0
20 39 0
2 22 0
Net_id 30
pin_num 4
44 22 0
57 27 0
57 36 0
59 27 0
Net_id 31
pin_num 4
54 28 0
56 34 0
59 28 0
58 13 0
Net_id 32
pin_num 4
5 10 0
1 21 0
18 17 0
24 18 0
Net_id 33
pin_num 4
35 50 0
31 53 0
31 33 0
42 51 0
Net_id 34
pin_num 4
3 33 0
21 33 0
15 44 0
4 29 0
Net_id 35
pin_num 4
15 22 0
13 14 0
15 30 0
7 25 0
Net_id 36
pin_num 4
7 14 0
1 6 0
31 7 0
23 12 0
Net_id 37
pin_num 4
42 15 0
51 7 0
55 13 0
53 23 0
Net_id 38
pin_num 4
44 23 0
52 22 0
44 42 0
59 32 0
Net_id 39
pin_num 4
7 23 0
3 18 0
12 24 0
8 21 0
Net_id 40
pin_num 3
55 14 0
49 3 0
34 15 0
Net_id 41
pin_num 3
31 16 0
39 16 0
28 31 0
Net_id 42
pin_num 3
17 36 0
32 47 0
16 29 0
Net_id 43
pin_num 3
10 54 0
17 54 0
0 53 0
Net_id 44
pin_num 3
53 36 0
59 59 0
58 12 0
Net_id 45
pin_num 3
11 3 0
23 8 0
16 37 0
Net_id 46
pin_num 3
33 8 0
23 11 0
38 18 0
Net_id 47
pin_num 3
30 23 0
20 15 0
22 46 0
Net_id 48
pin_num 3
18 24 0
26 22 0
59 21 0
Net_id 49
pin_num 3
49 27 0
59 18 0
54 29 0
Net_id 50
pin_num 3
19 42 0
26 39 0
53 41 0
Net_id 51
pin_num 3
19 21 0
27 15 0
17 21 0
Net_id 52
pin_num 3
49 31 0
57 29 0
32 27 0
Net_id 53
pin_num 3
12 10 0
7 21 0
6 22 0
Net_id 54
pin_num 3
50 58 0
57 40 0
25 42 0
Net_id 55
pin_num 3
3 48 0
16 56 0
7 55 0
Net_id 56
pin_num 3
23 1 0
25 28 0
53 24 0
Net_id 57
pin_num 3
19 46 0
28 45 0
35 22 0
Net_id 58
pin_num 3
26 53 0
23 45 0
36 59 0
Net_id 59
pin_num 3
54 9 0
41 1 0
51 15 0
Net_id 60
pin_num 3
4 15 0
20 13 0
5 25 0
Net_id 61
pin_num 3
24 51 0
42 56 0
28 49 0
Net_id 62
pin_num 3
55 52 0
49 54 0
35 40 0
Net_id 63
pin_num 3
9 29 0
29 20 0
2 31 0
Net_id 64
pin_num 3
8 26 0
15 26 0
6 16 0
Net_id 65
pin_num 3
18 2 0
13 6 0
35 2 0
Net_id 66
pin_num 3
30 5 0
20 3 0
30 11 0
Net_id 67
pin_num 3
54 18 0
45 18 0
55 37 0
Net_id 68
pin_num 3
15 16 0
24 33 0
30 33 0
Net_id 69
pin_num 3
1 0 0
17 6 0
4 6 0
Net_id 70
pin_num 3
21 34 0
9 19 0
22 47 0
Net_id 71
pin_num 3
37 35 0
56 42 0
28 46 0
Net_id 72
pin_num 3
17 17 0
13 44 0
12 3 0
Net_id 73
pin_num 3
15 15 0
19 6 0
37 2 0
Net_id 74
pin_num 3
17 53 0
48 34 0
41 58 0
Net_id 75
pin_num 3
55 30 0
59 36 0
49 35 0
Net_id 76
pin_num 3
29 57 0
23 59 0
26 54 0
Net_id 77
pin_num 3
32 43 0
30 35 0
48 17 0
Net_id 78
pin_num 3
14 59 0
1 53 0
19 39 0
Net_id 79
pin_num 3
1 18 0
2 25 0
7 15 0
Net_id 80
pin_num 3
0 49 0
8 49 0
18 43 0
Net_id 81
pin_num 2
53 17 0
59 37 0
Net_id 82
pin_num 2
5 44 0
37 32 0
Net_id 83
pin_num 2
11 45 0
18 35 0
Net_id 84
pin_num 2
37 17 0
33 17 0
Net_id 85
pin_num 2
44 18 0
23 9 0
Net_id 86
pin_num 2
18 57 0
1 31 0
Net_id 87
pin_num 2
33 18 0
38 6 0
Net_id 88
pin_num 2
46 3 0
11 24 0
Net_id 89
pin_num 2
44 19 0
58 4 0
Net_id 90
pin_num 2
18 10 0
20 6 0
Net_id 91
pin_num 2
51 20 0
35 34 0
Net_id 92
pin_num 2
2 17 0
17 9 0
Net_id 93
pin_num 2
28 25 0
1 25 0
Net_id 94
pin_num 2
14 6 0
18 26 0
Net_id 95
pin_num 2
4 1 0
10 6 0
Net_id 96
pin_num 2
8 14 0
21 28 0
Net_id 97
pin_num 2
32 34 0
43 13 0
Net_id 98
pin_num 2
56 15 0
49 20 0
Net_id 99
pin_num 2
6 0 0
0 2 0
Net_id 100
pin_num 2
24 16 0
12 1 0
Net_id 101
pin_num 2
15 46 0
1 56 0
Net_id 102
pin_num 2
36 11 0
43 7 0
Net_id 103
pin_num 2
16 22 0
2 32 0
Net_id 104
pin_num 2
22 39 0
15 34 0
Net_id 105
pin_num 2
9 22 0
12 8 0
Net_id 106
pin_num 2
57 13 0
46 1 0
Net_id 107
pin_num 2
1 47 0
11 55 0
Net_id 108
pin_num 2
31 30 0
40 23 0
Net_id 109
pin_num 2
21 45 0
3 55 0
Net_id 110
pin_num 2
17 8 0
10 3 0
Net_id 111
pin_num 2
34 5 0
41 2 0
Net_id 112
pin_num 2
4 20 0
5 3 0
Net_id 113
pin_num 2
10 1 0
24 13 0
Net_id 114
pin_num 2
18 48 0
32 58 0
Net_id 115
pin_num 2
35 42 0
44 58 0
Net_id 116
pin_num 2
1 5 0
9 21 0
Net_id 117
pin_num 2
12 11 0
31 13 0
Net_id 118
pin_num 2
51 49 0
45 51 0
Net_id 119
pin_num 2
32 29 0
56 36 0
Net_id 120
pin_num 2
43 50 0
46 47 0
Net_id 121
pin_num 2
50 32 0
53 53 0
Net_id 122
pin_num 2
42 55 0
21 44 0
Net_id 123
pin_num 2
7 52 0
24 48 0
Net_id 124
pin_num 2
43 6 0
58 3 0
Net_id 125
pin_num 2
21 31 0
25 8 0
Net_id 126
pin_num 2
24 47 0
36 14 0
Net_id 127
pin_num 2
42 31 0
58 35 0
Net_id 128
pin_num 2
43 52 0
32 57 0
Net_id 129
pin_num 2
41 32 0
32 33 0
Net_id 130
pin_num 2
41 38 0
57 38 0
Net_id 131
pin_num 2
13 37 0
24 29 0
Net_id 132
pin_num 2
13 28 0
12 30 0
Net_id 133
pin_num 2
36 4 0
48 2 0
Net_id 134
pin_num 2
53 29 0
37 54 0
Net_id 135
pin_num 2
17 10 0
2 3 0
Net_id 136
pin_num 2
36 6 0
28 4 0
Net_id 137
pin_num 2
13 56 0
7 57 0
Net_id 138
pin_num 2
14 18 0
31 15 0
Net_id 139
pin_num 2
38 58 0
23 43 0
Net_id 140
pin_num 2
10 52 0
37 59 0
Net_id 141
pin_num 2
30 4 0
30 6 0
Net_id 142
pin_num 2
55 39 0
50 59 0
Net_id 143
pin_num 2
29 33 0
21 22 0
Net_id 144
pin_num 2
31 28 0
28 24 0
Net_id 145
pin_num 2
18 53 0
32 55 0
Net_id 146
pin_num 2
17 47 0
3 30 0
Net_id 147
pin_num 2
42 1 0
46 7 0
Net_id 148
pin_num 2
28 37 0
47 39 0
Net_id 149
pin_num 2
29 24 0
43 24 0
Net_id 150
pin_num 2
41 3 0
45 3 0
Net_id 151
pin_num 2
57 59 0
55 56 0
Net_id 152
pin_num 2
41 27 0
33 43 0
Net_id 153
pin_num 2
47 7 0
23 33 0
Net_id 154
pin_num 2
3 43 0
11 51 0
Net_id 155
pin_num 2
10 39 0
8 57 0
Net_id 156
pin_num 2
5 19 0
24 12 0
Net_id 157
pin_num 2
1 45 0
10 32 0
Net_id 158
pin_num 2
40 12 0
33 25 0
