Width 60
Height 60
Layer 6
Total_WL 6790
Obstacle_num 144
10 26 0 19 27 0
33 42 0 40 43 0
9 39 0 19 40 0
47 43 0 53 44 0
45 39 0 53 40 0
6 3 0 13 4 0
10 12 0 13 13 0
14 33 0 18 34 0
46 51 0 50 52 0
16 5 0 22 6 0
12 14 0 21 15 0
24 34 0 27 35 0
15 52 0 19 53 0
41 11 0 51 12 0
19 23 0 23 24 0
13 22 0 17 23 0
43 49 0 50 50 0
36 7 0 43 8 0
7 58 0 17 59 0
26 54 0 36 55 0
3 17 0 9 18 0
30 47 0 34 48 0
39 34 0 44 35 0
27 52 0 33 53 0
6 38 1 7 47 1
49 4 1 50 14 1
36 35 1 37 42 1
12 8 1 13 17 1
56 30 1 57 40 1
23 6 1 24 14 1
21 35 1 22 42 1
48 55 1 49 59 1
37 31 1 38 41 1
13 36 1 14 45 1
19 9 1 20 12 1
14 49 1 15 59 1
10 10 1 11 15 1
28 48 1 29 52 1
42 18 1 43 24 1
7 30 1 8 38 1
41 39 1 42 44 1
25 50 1 26 59 1
24 14 1 25 20 1
30 18 1 31 23 1
3 47 1 4 53 1
0 0 1 1 9 1
41 51 1 42 54 1
9 1 1 10 8 1
13 53 2 18 54 2
25 27 2 34 28 2
44 0 2 47 1 2
1 26 2 9 27 2
37 34 2 41 35 2
15 39 2 18 40 2
39 23 2 45 24 2
16 42 2 26 43 2
41 25 2 45 26 2
15 45 2 25 46 2
5 22 2 13 23 2
17 46 2 23 47 2
1 29 2 5 30 2
10 24 2 18 25 2
17 5 2 26 6 2
3 8 2 7 9 2
24 6 2 30 7 2
28 36 2 34 37 2
1 30 2 11 31 2
0 19 2 6 20 2
22 35 2 32 36 2
23 58 2 33 59 2
38 44 2 48 45 2
3 33 2 7 34 2
28 1 3 29 9 3
36 29 3 37 34 3
58 17 3 59 23 3
40 9 3 41 15 3
37 30 3 38 40 3
34 48 3 35 52 3
31 11 3 32 15 3
36 4 3 37 8 3
57 54 3 58 57 3
44 1 3 45 11 3
56 0 3 57 5 3
27 17 3 28 25 3
10 5 3 11 11 3
18 8 3 19 11 3
58 4 3 59 8 3
16 22 3 17 30 3
25 40 3 26 46 3
41 42 3 42 49 3
21 35 3 22 38 3
7 22 3 8 30 3
38 45 3 39 50 3
17 50 3 18 56 3
24 29 3 25 34 3
33 13 3 34 20 3
21 5 4 26 6 4
17 34 4 25 35 4
42 41 4 49 42 4
34 5 4 40 6 4
49 46 4 58 47 4
39 9 4 46 10 4
3 42 4 13 43 4
45 31 4 54 32 4
53 26 4 57 27 4
37 55 4 46 56 4
18 29 4 27 30 4
32 14 4 36 15 4
48 27 4 58 28 4
25 27 4 33 28 4
4 12 4 8 13 4
8 38 4 16 39 4
19 54 4 27 55 4
22 4 4 26 5 4
40 51 4 44 52 4
19 1 4 28 2 4
24 3 4 30 4 4
36 42 4 44 43 4
42 21 4 49 22 4
35 34 4 44 35 4
40 50 5 41 57 5
58 48 5 59 56 5
48 8 5 49 11 5
45 11 5 46 21 5
42 45 5 43 55 5
34 53 5 35 57 5
46 12 5 47 16 5
55 35 5 56 44 5
31 25 5 32 32 5
24 42 5 25 52 5
43 25 5 44 29 5
51 18 5 52 24 5
7 43 5 8 51 5
23 28 5 24 33 5
37 45 5 38 49 5
55 3 5 56 7 5
53 30 5 54 37 5
44 36 5 45 41 5
39 35 5 40 45 5
34 26 5 35 29 5
0 27 5 1 37 5
25 23 5 26 26 5
26 35 5 27 44 5
50 49 5 51 53 5
Net_num 159
Net_id 0
pin_num 5
27 20 0
48 21 0
41 16 0
45 4 0
44 12 0
Net_id 1
pin_num 5
9 2 0
4 0 0
4 15 0
0 20 0
3 22 0
Net_id 2
pin_num 5
59 35 0
36 35 0
51 23 0
59 38 0
54 41 0
Net_id 3
pin_num 5
34 2 0
24 2 0
43 1 0
40 23 0
43 21 0
Net_id 4
pin_num 5
7 37 0
12 37 0
9 21 0
34 37 0
45 37 0
Net_id 5
pin_num 5
28 6 0
51 6 0
34 26 0
39 21 0
43 7 0
Net_id 6
pin_num 5
7 19 0
0 18 0
3 11 0
16 18 0
5 3 0
Net_id 7
pin_num 5
17 34 0
17 45 0
6 37 0
6 16 0
10 56 0
Net_id 8
pin_num 5
21 27 0
24 21 0
22 12 0
13 20 0
31 21 0
Net_id 9
pin_num 5
0 29 0
7 40 0
20 40 0
22 40 0
13 27 0
Net_id 10
pin_num 5
7 31 0
3 30 0
1 49 0
0 40 0
5 59 0
Net_id 11
pin_num 5
30 56 0
37 56 0
22 56 0
24 50 0
33 59 0
Net_id 12
pin_num 5
42 23 0
52 29 0
43 51 0
59 36 0
59 39 0
Net_id 13
pin_num 5
12 8 0
9 10 0
11 23 0
17 0 0
2 8 0
Net_id 14
pin_num 5
52 28 0
36 26 0
41 32 0
41 21 0
50 45 0
Net_id 15
pin_num 5
29 0 0
36 14 0
31 11 0
7 11 0
45 5 0
Net_id 16
pin_num 5
56 20 0
56 40 0
49 25 0
59 29 0
56 55 0
Net_id 17
pin_num 5
15 23 0
10 17 0
4 32 0
10 0 0
8 36 0
Net_id 18
pin_num 5
40 0 0
32 19 0
47 0 0
6 11 0
32 4 0
Net_id 19
pin_num 4
50 34 0
57 34 0
55 20 0
45 3 0
Net_id 20
pin_num 4
24 9 0
28 22 0
32 1 0
42 8 0
Net_id 21
pin_num 4
38 51 0
53 56 0
43 54 0
39 45 0
Net_id 22
pin_num 4
27 27 0
20 24 0
25 4 0
9 12 0
Net_id 23
pin_num 4
10 55 0
4 58 0
8 53 0
0 35 0
Net_id 24
pin_num 4
28 29 0
46 37 0
41 30 0
28 36 0
Net_id 25
pin_num 4
50 13 0
57 12 0
51 1 0
58 0 0
Net_id 26
pin_num 4
28 39 0
40 39 0
39 27 0
35 44 0
Net_id 27
pin_num 4
33 49 0
27 49 0
29 28 0
51 41 0
Net_id 28
pin_num 4
42 59 0
52 56 0
44 46 0
59 51 0
Net_id 29
pin_num 4
9 0 0
4 1 0
3 1 0
7 10 0
Net_id 30
pin_num 4
45 8 0
56 5 0
38 8 0
59 9 0
Net_id 31
pin_num 4
32 33 0
24 42 0
18 36 0
19 34 0
Net_id 32
pin_num 4
42 31 0
22 36 0
25 28 0
28 32 0
Net_id 33
pin_num 4
31 32 0
28 28 0
40 32 0
31 53 0
Net_id 34
pin_num 4
6 51 0
15 51 0
21 59 0
26 50 0
Net_id 35
pin_num 4
16 57 0
6 57 0
15 42 0
20 54 0
Net_id 36
pin_num 4
13 47 0
30 43 0
26 36 0
40 42 0
Net_id 37
pin_num 4
34 28 0
40 27 0
38 43 0
27 31 0
Net_id 38
pin_num 4
57 4 0
43 4 0
52 23 0
48 5 0
Net_id 39
pin_num 4
42 48 0
26 48 0
33 41 0
25 45 0
Net_id 40
pin_num 3
24 30 0
13 45 0
5 47 0
Net_id 41
pin_num 3
34 21 0
19 24 0
28 53 0
Net_id 42
pin_num 3
18 45 0
20 32 0
20 0 0
Net_id 43
pin_num 3
23 53 0
4 57 0
4 51 0
Net_id 44
pin_num 3
31 38 0
28 31 0
3 35 0
Net_id 45
pin_num 3
29 26 0
23 24 0
1 21 0
Net_id 46
pin_num 3
27 39 0
20 36 0
36 29 0
Net_id 47
pin_num 3
47 26 0
38 33 0
49 33 0
Net_id 48
pin_num 3
52 54 0
59 50 0
59 24 0
Net_id 49
pin_num 3
9 47 0
0 37 0
34 59 0
Net_id 50
pin_num 3
44 58 0
54 50 0
41 59 0
Net_id 51
pin_num 3
2 24 0
16 28 0
10 32 0
Net_id 52
pin_num 3
47 23 0
57 40 0
59 46 0
Net_id 53
pin_num 3
15 15 0
9 15 0
30 16 0
Net_id 54
pin_num 3
50 7 0
41 2 0
30 5 0
Net_id 55
pin_num 3
21 52 0
32 50 0
31 26 0
Net_id 56
pin_num 3
29 43 0
12 52 0
12 7 0
Net_id 57
pin_num 3
48 12 0
45 1 0
42 9 0
Net_id 58
pin_num 3
57 10 0
59 19 0
33 22 0
Net_id 59
pin_num 3
38 52 0
20 41 0
5 58 0
Net_id 60
pin_num 3
21 55 0
27 55 0
18 38 0
Net_id 61
pin_num 3
27 1 0
17 1 0
5 20 0
Net_id 62
pin_num 3
43 2 0
35 3 0
42 10 0
Net_id 63
pin_num 3
31 43 0
45 57 0
58 52 0
Net_id 64
pin_num 3
25 51 0
39 59 0
40 45 0
Net_id 65
pin_num 3
11 47 0
1 56 0
7 42 0
Net_id 66
pin_num 3
1 38 0
14 29 0
6 14 0
Net_id 67
pin_num 3
22 9 0
35 12 0
27 12 0
Net_id 68
pin_num 3
1 50 0
12 54 0
1 28 0
Net_id 69
pin_num 3
15 9 0
19 25 0
5 18 0
Net_id 70
pin_num 3
7 27 0
26 30 0
2 44 0
Net_id 71
pin_num 3
28 18 0
21 28 0
18 2 0
Net_id 72
pin_num 3
12 45 0
16 51 0
12 36 0
Net_id 73
pin_num 3
19 57 0
34 47 0
24 58 0
Net_id 74
pin_num 3
9 26 0
0 27 0
7 16 0
Net_id 75
pin_num 3
55 56 0
49 53 0
46 48 0
Net_id 76
pin_num 3
2 3 0
1 8 0
18 3 0
Net_id 77
pin_num 3
53 44 0
55 50 0
51 49 0
Net_id 78
pin_num 3
17 32 0
29 50 0
27 32 0
Net_id 79
pin_num 2
7 15 0
20 44 0
Net_id 80
pin_num 2
33 44 0
46 45 0
Net_id 81
pin_num 2
24 44 0
20 55 0
Net_id 82
pin_num 2
22 32 0
13 34 0
Net_id 83
pin_num 2
51 32 0
29 22 0
Net_id 84
pin_num 2
50 44 0
57 48 0
Net_id 85
pin_num 2
51 48 0
47 48 0
Net_id 86
pin_num 2
44 48 0
44 42 0
Net_id 87
pin_num 2
7 52 0
2 54 0
Net_id 88
pin_num 2
9 7 0
2 4 0
Net_id 89
pin_num 2
54 29 0
57 23 0
Net_id 90
pin_num 2
6 34 0
9 19 0
Net_id 91
pin_num 2
8 56 0
11 44 0
Net_id 92
pin_num 2
5 25 0
5 21 0
Net_id 93
pin_num 2
57 45 0
53 55 0
Net_id 94
pin_num 2
56 16 0
53 28 0
Net_id 95
pin_num 2
39 25 0
27 44 0
Net_id 96
pin_num 2
33 34 0
18 57 0
Net_id 97
pin_num 2
33 46 0
48 34 0
Net_id 98
pin_num 2
17 7 0
1 16 0
Net_id 99
pin_num 2
9 23 0
17 19 0
Net_id 100
pin_num 2
46 18 0
38 18 0
Net_id 101
pin_num 2
43 29 0
38 27 0
Net_id 102
pin_num 2
21 51 0
23 48 0
Net_id 103
pin_num 2
19 6 0
1 11 0
Net_id 104
pin_num 2
48 29 0
33 53 0
Net_id 105
pin_num 2
22 28 0
27 36 0
Net_id 106
pin_num 2
30 28 0
38 24 0
Net_id 107
pin_num 2
11 17 0
40 17 0
Net_id 108
pin_num 2
14 56 0
22 38 0
Net_id 109
pin_num 2
48 16 0
37 21 0
Net_id 110
pin_num 2
48 9 0
43 8 0
Net_id 111
pin_num 2
54 55 0
57 43 0
Net_id 112
pin_num 2
18 53 0
30 26 0
Net_id 113
pin_num 2
49 44 0
49 47 0
Net_id 114
pin_num 2
49 52 0
55 55 0
Net_id 115
pin_num 2
51 30 0
51 51 0
Net_id 116
pin_num 2
30 23 0
39 4 0
Net_id 117
pin_num 2
47 17 0
42 17 0
Net_id 118
pin_num 2
44 51 0
58 23 0
Net_id 119
pin_num 2
58 33 0
53 33 0
Net_id 120
pin_num 2
47 38 0
57 32 0
Net_id 121
pin_num 2
43 43 0
53 8 0
Net_id 122
pin_num 2
7 8 0
15 27 0
Net_id 123
pin_num 2
58 12 0
33 7 0
Net_id 124
pin_num 2
31 46 0
4 43 0
Net_id 125
pin_num 2
35 57 0
38 22 0
Net_id 126
pin_num 2
25 6 0
30 12 0
Net_id 127
pin_num 2
46 40 0
38 21 0
Net_id 128
pin_num 2
45 32 0
44 38 0
Net_id 129
pin_num 2
30 24 0
53 29 0
Net_id 130
pin_num 2
5 51 0
17 49 0
Net_id 131
pin_num 2
51 27 0
56 27 0
Net_id 132
pin_num 2
23 34 0
9 16 0
Net_id 133
pin_num 2
46 44 0
42 54 0
Net_id 134
pin_num 2
17 51 0
27 40 0
Net_id 135
pin_num 2
56 45 0
45 27 0
Net_id 136
pin_num 2
42 52 0
35 38 0
Net_id 137
pin_num 2
57 11 0
41 4 0
Net_id 138
pin_num 2
8 38 0
3 39 0
Net_id 139
pin_num 2
40 49 0
55 43 0
Net_id 140
pin_num 2
0 16 0
2 23 0
Net_id 141
pin_num 2
18 49 0
35 47 0
Net_id 142
pin_num 2
34 27 0
24 13 0
Net_id 143
pin_num 2
29 42 0
25 44 0
Net_id 144
pin_num 2
26 3 0
15 0 0
Net_id 145
pin_num 2
16 53 0
13 59 0
Net_id 146
pin_num 2
7 21 0
26 12 0
Net_id 147
pin_num 2
16 2 0
9 17 0
Net_id 148
pin_num 2
46 30 0
31 16 0
Net_id 149
pin_num 2
16 23 0
29 19 0
Net_id 150
pin_num 2
46 56 0
48 50 0
Net_id 151
pin_num 2
21 18 0
17 10 0
Net_id 152
pin_num 2
24 57 0
34 51 0
Net_id 153
pin_num 2
43 57 0
19 52 0
Net_id 154
pin_num 2
44 47 0
40 47 0
Net_id 155
pin_num 2
55 39 0
54 24 0
Net_id 156
pin_num 2
58 3 0
46 3 0
Net_id 157
pin_num 2
30 10 0
52 24 0
Net_id 158
pin_num 2
10 54 0
5 48 0
