Width 60
Height 60
Layer 6
Total_WL 6542
Obstacle_num 144
51 12 0 56 13 0
17 39 0 25 40 0
47 51 0 56 52 0
43 44 0 53 45 0
46 36 0 52 37 0
18 20 0 28 21 0
0 13 0 4 14 0
49 28 0 59 29 0
21 17 0 26 18 0
18 0 0 21 1 0
26 56 0 30 57 0
14 22 0 21 23 0
37 55 0 47 56 0
16 12 0 19 13 0
39 9 0 45 10 0
30 44 0 33 45 0
53 48 0 58 49 0
2 10 0 12 11 0
6 6 0 14 7 0
46 14 0 53 15 0
35 36 0 45 37 0
29 20 0 39 21 0
29 22 0 37 23 0
20 29 0 24 30 0
36 46 1 37 52 1
34 15 1 35 23 1
40 29 1 41 33 1
13 27 1 14 30 1
31 47 1 32 54 1
1 24 1 2 31 1
36 1 1 37 5 1
30 24 1 31 32 1
23 27 1 24 36 1
54 19 1 55 22 1
37 24 1 38 32 1
4 38 1 5 47 1
4 5 1 5 15 1
15 0 1 16 5 1
48 17 1 49 22 1
18 31 1 19 41 1
55 42 1 56 52 1
48 9 1 49 14 1
0 15 1 1 25 1
13 49 1 14 55 1
15 47 1 16 52 1
44 34 1 45 39 1
25 16 1 26 25 1
2 10 1 3 16 1
37 2 2 47 3 2
40 20 2 47 21 2
52 33 2 56 34 2
17 42 2 23 43 2
10 3 2 18 4 2
1 11 2 10 12 2
49 41 2 56 42 2
16 28 2 23 29 2
27 44 2 32 45 2
41 12 2 49 13 2
48 50 2 54 51 2
33 17 2 40 18 2
32 29 2 38 30 2
41 57 2 44 58 2
52 49 2 59 50 2
15 4 2 21 5 2
33 26 2 43 27 2
14 17 2 20 18 2
39 56 2 44 57 2
20 53 2 23 54 2
37 51 2 41 52 2
14 27 2 17 28 2
44 42 2 53 43 2
1 25 2 9 26 2
53 18 3 54 21 3
26 14 3 27 18 3
45 44 3 46 54 3
43 30 3 44 39 3
56 46 3 57 54 3
35 35 3 36 38 3
16 15 3 17 23 3
50 5 3 51 9 3
25 5 3 26 14 3
14 48 3 15 56 3
7 41 3 8 48 3
8 47 3 9 57 3
28 49 3 29 56 3
34 7 3 35 13 3
28 31 3 29 41 3
12 25 3 13 34 3
6 46 3 7 52 3
11 44 3 12 54 3
41 48 3 42 57 3
42 34 3 43 37 3
53 44 3 54 49 3
49 32 3 50 39 3
48 24 3 49 32 3
42 6 3 43 11 3
49 51 4 55 52 4
0 46 4 7 47 4
2 52 4 12 53 4
2 37 4 10 38 4
41 31 4 44 32 4
51 10 4 54 11 4
28 47 4 33 48 4
45 0 4 55 1 4
13 36 4 16 37 4
16 29 4 26 30 4
27 37 4 35 38 4
7 42 4 17 43 4
48 18 4 53 19 4
50 37 4 56 38 4
43 54 4 51 55 4
6 8 4 12 9 4
17 53 4 23 54 4
18 17 4 26 18 4
22 9 4 28 10 4
3 57 4 11 58 4
21 0 4 25 1 4
13 20 4 17 21 4
26 45 4 32 46 4
29 1 4 35 2 4
44 3 5 45 12 5
13 39 5 14 42 5
57 46 5 58 55 5
24 31 5 25 35 5
35 37 5 36 47 5
32 12 5 33 20 5
7 2 5 8 10 5
7 35 5 8 45 5
32 50 5 33 53 5
16 0 5 17 6 5
0 18 5 1 28 5
46 47 5 47 51 5
4 4 5 5 14 5
16 34 5 17 42 5
6 24 5 7 33 5
25 43 5 26 52 5
16 12 5 17 21 5
28 11 5 29 21 5
57 4 5 58 12 5
17 5 5 18 8 5
45 34 5 46 40 5
29 43 5 30 53 5
40 49 5 41 57 5
9 37 5 10 42 5
Net_num 160
Net_id 0
pin_num 5
21 5 0
34 4 0
17 0 0
22 27 0
28 3 0
Net_id 1
pin_num 5
26 3 0
22 3 0
21 11 0
23 14 0
18 3 0
Net_id 2
pin_num 5
24 15 0
19 23 0
37 18 0
38 18 0
25 26 0
Net_id 3
pin_num 5
44 42 0
31 41 0
36 26 0
36 6 0
34 48 0
Net_id 4
pin_num 5
26 9 0
11 5 0
15 4 0
18 1 0
14 26 0
Net_id 5
pin_num 5
16 31 0
16 35 0
0 32 0
7 37 0
0 41 0
Net_id 6
pin_num 5
55 34 0
59 26 0
59 2 0
39 17 0
55 14 0
Net_id 7
pin_num 5
34 13 0
19 19 0
20 16 0
49 16 0
23 36 0
Net_id 8
pin_num 5
42 13 0
52 24 0
59 1 0
33 21 0
50 9 0
Net_id 9
pin_num 5
0 58 0
7 56 0
2 56 0
3 48 0
0 53 0
Net_id 10
pin_num 5
25 22 0
21 14 0
21 37 0
11 37 0
15 36 0
Net_id 11
pin_num 5
5 4 0
0 0 0
0 25 0
9 2 0
8 3 0
Net_id 12
pin_num 5
54 24 0
54 31 0
59 43 0
54 52 0
33 52 0
Net_id 13
pin_num 5
18 32 0
28 34 0
21 34 0
41 34 0
19 29 0
Net_id 14
pin_num 5
41 10 0
37 0 0
37 8 0
35 4 0
37 13 0
Net_id 15
pin_num 5
41 49 0
27 53 0
44 53 0
33 57 0
30 56 0
Net_id 16
pin_num 5
14 59 0
17 58 0
16 46 0
16 38 0
17 35 0
Net_id 17
pin_num 5
13 15 0
1 10 0
8 24 0
17 14 0
12 1 0
Net_id 18
pin_num 5
47 26 0
58 15 0
50 37 0
53 20 0
57 0 0
Net_id 19
pin_num 5
16 43 0
2 48 0
0 57 0
0 43 0
3 36 0
Net_id 20
pin_num 4
44 58 0
33 56 0
57 59 0
56 53 0
Net_id 21
pin_num 4
57 24 0
56 19 0
54 16 0
41 23 0
Net_id 22
pin_num 4
47 30 0
40 30 0
41 40 0
36 37 0
Net_id 23
pin_num 4
48 32 0
52 25 0
39 25 0
47 17 0
Net_id 24
pin_num 4
20 5 0
9 1 0
10 7 0
20 6 0
Net_id 25
pin_num 4
14 6 0
24 19 0
29 1 0
36 5 0
Net_id 26
pin_num 4
52 15 0
57 3 0
42 1 0
39 3 0
Net_id 27
pin_num 4
2 23 0
3 28 0
0 42 0
2 16 0
Net_id 28
pin_num 4
4 8 0
7 13 0
1 0 0
9 5 0
Net_id 29
pin_num 4
38 29 0
40 17 0
24 25 0
58 30 0
Net_id 30
pin_num 4
44 0 0
39 6 0
52 0 0
45 10 0
Net_id 31
pin_num 4
18 23 0
15 30 0
24 24 0
30 24 0
Net_id 32
pin_num 4
10 42 0
1 42 0
5 58 0
4 58 0
Net_id 33
pin_num 4
42 34 0
47 50 0
42 43 0
24 38 0
Net_id 34
pin_num 4
52 3 0
52 11 0
32 7 0
43 17 0
Net_id 35
pin_num 4
55 31 0
50 24 0
14 24 0
39 20 0
Net_id 36
pin_num 4
12 31 0
2 40 0
10 12 0
9 52 0
Net_id 37
pin_num 4
23 37 0
29 43 0
20 25 0
33 30 0
Net_id 38
pin_num 4
8 21 0
1 9 0
12 19 0
1 1 0
Net_id 39
pin_num 3
20 45 0
42 33 0
45 39 0
Net_id 40
pin_num 3
30 40 0
17 20 0
41 29 0
Net_id 41
pin_num 3
8 32 0
19 43 0
30 35 0
Net_id 42
pin_num 3
2 43 0
0 29 0
2 36 0
Net_id 43
pin_num 3
42 15 0
37 23 0
24 14 0
Net_id 44
pin_num 3
1 20 0
14 19 0
9 16 0
Net_id 45
pin_num 3
50 21 0
41 16 0
35 32 0
Net_id 46
pin_num 3
16 11 0
38 6 0
27 2 0
Net_id 47
pin_num 3
14 50 0
20 49 0
29 46 0
Net_id 48
pin_num 3
18 42 0
12 48 0
11 29 0
Net_id 49
pin_num 3
15 50 0
24 59 0
1 57 0
Net_id 50
pin_num 3
28 59 0
26 19 0
0 51 0
Net_id 51
pin_num 3
44 22 0
29 15 0
33 2 0
Net_id 52
pin_num 3
56 14 0
35 19 0
57 32 0
Net_id 53
pin_num 3
31 31 0
41 44 0
9 31 0
Net_id 54
pin_num 3
56 40 0
40 28 0
40 0 0
Net_id 55
pin_num 3
36 17 0
41 14 0
44 8 0
Net_id 56
pin_num 3
54 33 0
57 47 0
53 38 0
Net_id 57
pin_num 3
53 35 0
59 46 0
41 45 0
Net_id 58
pin_num 3
4 22 0
4 23 0
12 23 0
Net_id 59
pin_num 3
37 21 0
35 26 0
49 31 0
Net_id 60
pin_num 3
34 39 0
49 58 0
37 59 0
Net_id 61
pin_num 3
2 12 0
39 23 0
20 48 0
Net_id 62
pin_num 3
23 12 0
31 21 0
39 1 0
Net_id 63
pin_num 3
20 10 0
40 11 0
57 9 0
Net_id 64
pin_num 3
15 29 0
14 23 0
13 59 0
Net_id 65
pin_num 3
33 24 0
27 35 0
44 24 0
Net_id 66
pin_num 3
13 46 0
3 58 0
12 53 0
Net_id 67
pin_num 3
28 30 0
28 23 0
34 27 0
Net_id 68
pin_num 3
34 43 0
30 51 0
32 59 0
Net_id 69
pin_num 3
18 58 0
34 55 0
38 30 0
Net_id 70
pin_num 3
11 55 0
24 49 0
29 59 0
Net_id 71
pin_num 3
5 55 0
13 34 0
16 25 0
Net_id 72
pin_num 3
29 25 0
24 42 0
3 39 0
Net_id 73
pin_num 3
54 25 0
55 24 0
38 5 0
Net_id 74
pin_num 3
57 50 0
52 53 0
50 39 0
Net_id 75
pin_num 3
24 48 0
46 47 0
14 58 0
Net_id 76
pin_num 3
44 35 0
31 35 0
39 28 0
Net_id 77
pin_num 3
10 18 0
20 18 0
3 18 0
Net_id 78
pin_num 3
42 49 0
48 47 0
54 59 0
Net_id 79
pin_num 3
43 19 0
43 26 0
45 38 0
Net_id 80
pin_num 2
50 38 0
58 47 0
Net_id 81
pin_num 2
23 28 0
14 29 0
Net_id 82
pin_num 2
14 40 0
21 40 0
Net_id 83
pin_num 2
6 0 0
24 11 0
Net_id 84
pin_num 2
21 52 0
20 54 0
Net_id 85
pin_num 2
39 5 0
56 7 0
Net_id 86
pin_num 2
28 46 0
15 56 0
Net_id 87
pin_num 2
51 53 0
49 54 0
Net_id 88
pin_num 2
18 14 0
25 14 0
Net_id 89
pin_num 2
10 13 0
28 13 0
Net_id 90
pin_num 2
6 2 0
5 2 0
Net_id 91
pin_num 2
37 27 0
49 10 0
Net_id 92
pin_num 2
17 8 0
22 8 0
Net_id 93
pin_num 2
18 26 0
2 38 0
Net_id 94
pin_num 2
29 55 0
46 43 0
Net_id 95
pin_num 2
39 51 0
53 44 0
Net_id 96
pin_num 2
50 42 0
51 41 0
Net_id 97
pin_num 2
33 49 0
18 30 0
Net_id 98
pin_num 2
44 43 0
45 47 0
Net_id 99
pin_num 2
44 28 0
57 43 0
Net_id 100
pin_num 2
45 59 0
37 41 0
Net_id 101
pin_num 2
34 28 0
11 26 0
Net_id 102
pin_num 2
16 47 0
45 41 0
Net_id 103
pin_num 2
37 9 0
27 7 0
Net_id 104
pin_num 2
1 54 0
12 54 0
Net_id 105
pin_num 2
52 50 0
48 43 0
Net_id 106
pin_num 2
23 53 0
39 33 0
Net_id 107
pin_num 2
4 32 0
7 17 0
Net_id 108
pin_num 2
12 45 0
26 43 0
Net_id 109
pin_num 2
46 15 0
31 24 0
Net_id 110
pin_num 2
37 51 0
27 55 0
Net_id 111
pin_num 2
14 25 0
9 26 0
Net_id 112
pin_num 2
32 56 0
18 48 0
Net_id 113
pin_num 2
32 54 0
8 58 0
Net_id 114
pin_num 2
23 41 0
36 55 0
Net_id 115
pin_num 2
17 19 0
46 1 0
Net_id 116
pin_num 2
7 28 0
16 28 0
Net_id 117
pin_num 2
35 58 0
22 52 0
Net_id 118
pin_num 2
46 33 0
57 20 0
Net_id 119
pin_num 2
41 43 0
27 57 0
Net_id 120
pin_num 2
57 55 0
57 52 0
Net_id 121
pin_num 2
18 15 0
7 29 0
Net_id 122
pin_num 2
43 11 0
32 32 0
Net_id 123
pin_num 2
2 52 0
10 51 0
Net_id 124
pin_num 2
52 27 0
40 19 0
Net_id 125
pin_num 2
51 21 0
51 22 0
Net_id 126
pin_num 2
16 1 0
13 3 0
Net_id 127
pin_num 2
18 16 0
2 9 0
Net_id 128
pin_num 2
41 39 0
26 25 0
Net_id 129
pin_num 2
48 35 0
43 4 0
Net_id 130
pin_num 2
0 4 0
2 2 0
Net_id 131
pin_num 2
28 21 0
22 21 0
Net_id 132
pin_num 2
49 38 0
49 48 0
Net_id 133
pin_num 2
31 59 0
28 57 0
Net_id 134
pin_num 2
50 47 0
58 54 0
Net_id 135
pin_num 2
55 56 0
51 48 0
Net_id 136
pin_num 2
39 0 0
37 4 0
Net_id 137
pin_num 2
14 21 0
6 43 0
Net_id 138
pin_num 2
21 28 0
18 31 0
Net_id 139
pin_num 2
23 23 0
34 14 0
Net_id 140
pin_num 2
2 1 0
11 4 0
Net_id 141
pin_num 2
55 49 0
43 48 0
Net_id 142
pin_num 2
8 41 0
1 47 0
Net_id 143
pin_num 2
54 27 0
51 39 0
Net_id 144
pin_num 2
32 42 0
30 26 0
Net_id 145
pin_num 2
37 39 0
29 38 0
Net_id 146
pin_num 2
49 56 0
45 54 0
Net_id 147
pin_num 2
47 48 0
39 50 0
Net_id 148
pin_num 2
59 13 0
39 4 0
Net_id 149
pin_num 2
42 48 0
39 41 0
Net_id 150
pin_num 2
8 55 0
29 21 0
Net_id 151
pin_num 2
41 27 0
31 39 0
Net_id 152
pin_num 2
52 32 0
56 27 0
Net_id 153
pin_num 2
37 46 0
12 43 0
Net_id 154
pin_num 2
9 24 0
13 33 0
Net_id 155
pin_num 2
22 4 0
33 12 0
Net_id 156
pin_num 2
9 47 0
19 56 0
Net_id 157
pin_num 2
29 14 0
47 2 0
Net_id 158
pin_num 2
38 2 0
46 8 0
Net_id 159
pin_num 2
27 31 0
19 25 0
