Width 60
Height 60
Layer 6
Total_WL 6912
Obstacle_num 144
3 29 0 11 30 0
47 14 0 53 15 0
50 50 0 54 51 0
42 0 0 46 1 0
22 58 0 30 59 0
13 50 0 20 51 0
55 37 0 58 38 0
46 32 0 51 33 0
30 1 0 38 2 0
6 37 0 11 38 0
11 40 0 16 41 0
47 36 0 52 37 0
21 38 0 25 39 0
37 53 0 44 54 0
28 46 0 33 47 0
40 43 0 50 44 0
14 56 0 18 57 0
25 57 0 31 58 0
9 12 0 17 13 0
42 28 0 49 29 0
42 17 0 47 18 0
15 49 0 23 50 0
27 32 0 36 33 0
10 47 0 15 48 0
55 33 1 56 41 1
31 42 1 32 49 1
44 0 1 45 7 1
41 48 1 42 52 1
27 4 1 28 11 1
0 24 1 1 34 1
44 54 1 45 59 1
13 3 1 14 10 1
6 0 1 7 3 1
20 25 1 21 31 1
12 11 1 13 20 1
55 20 1 56 23 1
3 0 1 4 10 1
46 16 1 47 25 1
45 26 1 46 34 1
15 17 1 16 23 1
36 40 1 37 48 1
28 13 1 29 19 1
8 24 1 9 34 1
39 46 1 40 55 1
11 14 1 12 20 1
55 25 1 56 33 1
0 34 1 1 42 1
2 27 1 3 33 1
10 24 2 20 25 2
24 34 2 32 35 2
28 21 2 32 22 2
16 12 2 25 13 2
13 46 2 17 47 2
26 38 2 36 39 2
34 46 2 44 47 2
31 43 2 41 44 2
20 17 2 26 18 2
26 4 2 32 5 2
8 54 2 15 55 2
9 20 2 15 21 2
2 54 2 8 55 2
17 11 2 21 12 2
20 29 2 26 30 2
39 45 2 48 46 2
45 33 2 48 34 2
43 38 2 47 39 2
52 38 2 58 39 2
27 10 2 31 11 2
42 54 2 49 55 2
25 47 2 29 48 2
50 35 2 58 36 2
21 31 2 30 32 2
17 14 3 18 22 3
31 0 3 32 9 3
17 48 3 18 51 3
11 24 3 12 34 3
34 47 3 35 54 3
21 50 3 22 53 3
7 39 3 8 49 3
15 46 3 16 54 3
8 21 3 9 29 3
44 29 3 45 35 3
27 7 3 28 16 3
40 30 3 41 38 3
31 28 3 32 31 3
10 14 3 11 20 3
2 24 3 3 27 3
47 33 3 48 42 3
14 12 3 15 17 3
2 39 3 3 47 3
31 43 3 32 47 3
41 16 3 42 25 3
8 52 3 9 59 3
36 44 3 37 53 3
48 24 3 49 34 3
56 23 3 57 29 3
17 27 4 25 28 4
21 57 4 28 58 4
49 51 4 56 52 4
13 20 4 22 21 4
42 31 4 50 32 4
7 0 4 13 1 4
5 46 4 15 47 4
22 43 4 30 44 4
20 41 4 27 42 4
26 37 4 31 38 4
4 58 4 13 59 4
4 55 4 14 56 4
47 19 4 56 20 4
27 4 4 34 5 4
15 16 4 19 17 4
22 39 4 32 40 4
48 8 4 56 9 4
18 33 4 26 34 4
33 43 4 39 44 4
39 47 4 42 48 4
7 36 4 12 37 4
51 32 4 59 33 4
37 26 4 43 27 4
7 35 4 10 36 4
25 49 5 26 55 5
18 25 5 19 28 5
16 10 5 17 16 5
16 49 5 17 56 5
28 51 5 29 57 5
5 12 5 6 18 5
31 31 5 32 35 5
57 25 5 58 34 5
43 40 5 44 43 5
44 1 5 45 4 5
30 39 5 31 46 5
54 52 5 55 56 5
46 35 5 47 39 5
41 44 5 42 48 5
10 52 5 11 58 5
7 26 5 8 29 5
17 27 5 18 30 5
13 14 5 14 17 5
8 46 5 9 56 5
1 27 5 2 31 5
7 19 5 8 22 5
43 52 5 44 57 5
9 18 5 10 21 5
11 26 5 12 35 5
Net_num 160
Net_id 0
pin_num 5
27 39 0
31 39 0
30 50 0
22 45 0
28 44 0
Net_id 1
pin_num 5
45 37 0
53 27 0
53 36 0
54 29 0
50 42 0
Net_id 2
pin_num 5
9 47 0
1 54 0
0 49 0
9 57 0
14 52 0
Net_id 3
pin_num 5
19 27 0
26 18 0
0 42 0
11 28 0
29 28 0
Net_id 4
pin_num 5
21 32 0
24 20 0
24 3 0
3 19 0
24 24 0
Net_id 5
pin_num 5
31 14 0
30 5 0
26 9 0
28 0 0
29 17 0
Net_id 6
pin_num 5
3 49 0
12 59 0
12 50 0
4 32 0
1 32 0
Net_id 7
pin_num 5
37 21 0
36 28 0
18 25 0
5 26 0
19 20 0
Net_id 8
pin_num 5
16 39 0
20 43 0
28 41 0
18 51 0
24 37 0
Net_id 9
pin_num 5
59 30 0
54 46 0
47 44 0
55 56 0
42 44 0
Net_id 10
pin_num 5
46 51 0
59 51 0
51 43 0
53 48 0
36 48 0
Net_id 11
pin_num 5
36 50 0
33 47 0
23 52 0
45 49 0
43 52 0
Net_id 12
pin_num 5
7 35 0
13 41 0
18 38 0
1 42 0
16 40 0
Net_id 13
pin_num 5
35 12 0
35 9 0
46 9 0
33 33 0
22 0 0
Net_id 14
pin_num 5
23 6 0
35 0 0
34 0 0
33 34 0
25 24 0
Net_id 15
pin_num 5
20 21 0
36 12 0
15 23 0
30 15 0
22 39 0
Net_id 16
pin_num 5
45 1 0
36 6 0
42 20 0
26 19 0
47 15 0
Net_id 17
pin_num 5
37 40 0
23 37 0
28 59 0
15 48 0
16 41 0
Net_id 18
pin_num 5
43 35 0
25 35 0
34 20 0
29 2 0
51 32 0
Net_id 19
pin_num 5
49 15 0
50 15 0
35 23 0
48 27 0
38 12 0
Net_id 20
pin_num 5
27 5 0
29 3 0
8 5 0
25 9 0
17 0 0
Net_id 21
pin_num 4
49 30 0
42 30 0
44 25 0
44 44 0
Net_id 22
pin_num 4
28 45 0
26 39 0
25 53 0
39 41 0
Net_id 23
pin_num 4
5 10 0
2 16 0
9 0 0
0 0 0
Net_id 24
pin_num 4
16 54 0
22 47 0
29 42 0
14 45 0
Net_id 25
pin_num 4
31 8 0
21 0 0
22 14 0
0 6 0
Net_id 26
pin_num 4
17 20 0
18 10 0
31 11 0
21 4 0
Net_id 27
pin_num 4
52 59 0
59 58 0
54 50 0
59 52 0
Net_id 28
pin_num 4
13 42 0
21 42 0
13 58 0
26 51 0
Net_id 29
pin_num 4
54 55 0
47 50 0
35 50 0
56 36 0
Net_id 30
pin_num 4
41 23 0
39 36 0
22 25 0
38 42 0
Net_id 31
pin_num 4
46 5 0
26 1 0
32 13 0
26 10 0
Net_id 32
pin_num 4
35 55 0
23 43 0
19 44 0
13 57 0
Net_id 33
pin_num 4
29 38 0
40 39 0
45 42 0
12 42 0
Net_id 34
pin_num 4
2 45 0
5 33 0
8 38 0
10 39 0
Net_id 35
pin_num 4
41 32 0
25 38 0
34 54 0
46 1 0
Net_id 36
pin_num 4
4 58 0
0 55 0
21 55 0
24 59 0
Net_id 37
pin_num 4
57 33 0
58 46 0
49 50 0
54 41 0
Net_id 38
pin_num 4
39 56 0
25 56 0
32 39 0
51 59 0
Net_id 39
pin_num 3
39 25 0
47 3 0
41 0 0
Net_id 40
pin_num 3
13 43 0
6 39 0
11 52 0
Net_id 41
pin_num 3
42 45 0
45 50 0
37 51 0
Net_id 42
pin_num 3
16 24 0
20 23 0
35 16 0
Net_id 43
pin_num 3
42 23 0
47 13 0
45 2 0
Net_id 44
pin_num 3
1 13 0
6 30 0
0 43 0
Net_id 45
pin_num 3
8 42 0
3 33 0
1 26 0
Net_id 46
pin_num 3
35 38 0
49 33 0
59 57 0
Net_id 47
pin_num 3
32 38 0
30 25 0
31 22 0
Net_id 48
pin_num 3
20 15 0
6 14 0
17 25 0
Net_id 49
pin_num 3
49 40 0
40 41 0
27 2 0
Net_id 50
pin_num 3
8 48 0
22 42 0
3 47 0
Net_id 51
pin_num 3
31 10 0
55 16 0
38 16 0
Net_id 52
pin_num 3
50 54 0
35 58 0
53 52 0
Net_id 53
pin_num 3
18 21 0
6 18 0
10 30 0
Net_id 54
pin_num 3
39 0 0
44 15 0
31 6 0
Net_id 55
pin_num 3
1 53 0
11 59 0
13 34 0
Net_id 56
pin_num 3
27 13 0
0 9 0
19 31 0
Net_id 57
pin_num 3
28 20 0
20 32 0
5 14 0
Net_id 58
pin_num 3
7 43 0
8 44 0
22 18 0
Net_id 59
pin_num 3
22 7 0
32 21 0
49 17 0
Net_id 60
pin_num 3
1 14 0
13 2 0
12 1 0
Net_id 61
pin_num 3
4 34 0
2 23 0
0 47 0
Net_id 62
pin_num 3
39 6 0
37 0 0
56 5 0
Net_id 63
pin_num 3
47 16 0
43 14 0
56 2 0
Net_id 64
pin_num 3
14 58 0
22 57 0
0 53 0
Net_id 65
pin_num 3
35 15 0
29 29 0
29 43 0
Net_id 66
pin_num 3
30 31 0
25 36 0
6 31 0
Net_id 67
pin_num 3
49 38 0
46 35 0
49 45 0
Net_id 68
pin_num 3
39 33 0
35 34 0
37 7 0
Net_id 69
pin_num 3
12 8 0
8 7 0
9 34 0
Net_id 70
pin_num 3
46 39 0
30 30 0
30 58 0
Net_id 71
pin_num 3
21 34 0
16 18 0
13 37 0
Net_id 72
pin_num 3
13 48 0
2 51 0
7 54 0
Net_id 73
pin_num 3
28 4 0
17 8 0
29 18 0
Net_id 74
pin_num 3
11 44 0
32 34 0
35 22 0
Net_id 75
pin_num 3
48 46 0
58 58 0
42 36 0
Net_id 76
pin_num 3
25 20 0
38 10 0
15 25 0
Net_id 77
pin_num 3
1 18 0
13 13 0
12 25 0
Net_id 78
pin_num 3
45 10 0
58 1 0
38 0 0
Net_id 79
pin_num 3
14 2 0
21 15 0
35 30 0
Net_id 80
pin_num 2
37 17 0
41 17 0
Net_id 81
pin_num 2
23 3 0
15 11 0
Net_id 82
pin_num 2
43 10 0
56 1 0
Net_id 83
pin_num 2
22 19 0
18 9 0
Net_id 84
pin_num 2
55 13 0
59 8 0
Net_id 85
pin_num 2
14 51 0
0 59 0
Net_id 86
pin_num 2
37 11 0
10 7 0
Net_id 87
pin_num 2
59 11 0
42 21 0
Net_id 88
pin_num 2
49 31 0
28 33 0
Net_id 89
pin_num 2
32 33 0
7 23 0
Net_id 90
pin_num 2
57 35 0
53 32 0
Net_id 91
pin_num 2
59 28 0
45 41 0
Net_id 92
pin_num 2
22 12 0
22 8 0
Net_id 93
pin_num 2
29 6 0
35 6 0
Net_id 94
pin_num 2
14 35 0
32 14 0
Net_id 95
pin_num 2
17 43 0
15 44 0
Net_id 96
pin_num 2
41 18 0
51 18 0
Net_id 97
pin_num 2
7 7 0
2 19 0
Net_id 98
pin_num 2
55 39 0
47 35 0
Net_id 99
pin_num 2
54 2 0
59 7 0
Net_id 100
pin_num 2
14 0 0
26 12 0
Net_id 101
pin_num 2
19 28 0
39 40 0
Net_id 102
pin_num 2
14 9 0
13 19 0
Net_id 103
pin_num 2
13 3 0
11 7 0
Net_id 104
pin_num 2
33 27 0
18 52 0
Net_id 105
pin_num 2
58 5 0
58 6 0
Net_id 106
pin_num 2
39 39 0
42 29 0
Net_id 107
pin_num 2
51 49 0
52 58 0
Net_id 108
pin_num 2
15 52 0
21 56 0
Net_id 109
pin_num 2
14 48 0
15 46 0
Net_id 110
pin_num 2
13 54 0
2 48 0
Net_id 111
pin_num 2
56 3 0
59 1 0
Net_id 112
pin_num 2
31 7 0
39 18 0
Net_id 113
pin_num 2
51 52 0
58 56 0
Net_id 114
pin_num 2
58 4 0
44 21 0
Net_id 115
pin_num 2
5 28 0
3 30 0
Net_id 116
pin_num 2
48 41 0
38 54 0
Net_id 117
pin_num 2
9 19 0
3 14 0
Net_id 118
pin_num 2
27 59 0
6 43 0
Net_id 119
pin_num 2
18 23 0
14 39 0
Net_id 120
pin_num 2
2 29 0
13 35 0
Net_id 121
pin_num 2
0 22 0
21 16 0
Net_id 122
pin_num 2
49 26 0
47 24 0
Net_id 123
pin_num 2
39 23 0
40 18 0
Net_id 124
pin_num 2
1 49 0
10 57 0
Net_id 125
pin_num 2
32 17 0
19 36 0
Net_id 126
pin_num 2
29 44 0
38 47 0
Net_id 127
pin_num 2
16 19 0
21 19 0
Net_id 128
pin_num 2
6 20 0
14 31 0
Net_id 129
pin_num 2
17 40 0
41 30 0
Net_id 130
pin_num 2
10 28 0
2 18 0
Net_id 131
pin_num 2
39 20 0
30 16 0
Net_id 132
pin_num 2
6 54 0
19 41 0
Net_id 133
pin_num 2
2 21 0
16 34 0
Net_id 134
pin_num 2
40 7 0
44 12 0
Net_id 135
pin_num 2
16 38 0
13 25 0
Net_id 136
pin_num 2
11 30 0
30 23 0
Net_id 137
pin_num 2
56 21 0
53 23 0
Net_id 138
pin_num 2
24 47 0
36 53 0
Net_id 139
pin_num 2
13 39 0
21 18 0
Net_id 140
pin_num 2
46 12 0
59 19 0
Net_id 141
pin_num 2
6 58 0
11 56 0
Net_id 142
pin_num 2
46 23 0
54 6 0
Net_id 143
pin_num 2
19 22 0
11 11 0
Net_id 144
pin_num 2
41 27 0
57 20 0
Net_id 145
pin_num 2
12 14 0
5 2 0
Net_id 146
pin_num 2
53 56 0
42 47 0
Net_id 147
pin_num 2
7 25 0
20 10 0
Net_id 148
pin_num 2
6 19 0
3 17 0
Net_id 149
pin_num 2
1 3 0
15 8 0
Net_id 150
pin_num 2
46 54 0
58 39 0
Net_id 151
pin_num 2
41 54 0
40 51 0
Net_id 152
pin_num 2
5 9 0
2 17 0
Net_id 153
pin_num 2
40 36 0
56 53 0
Net_id 154
pin_num 2
28 21 0
23 46 0
Net_id 155
pin_num 2
43 8 0
41 14 0
Net_id 156
pin_num 2
58 47 0
52 36 0
Net_id 157
pin_num 2
50 8 0
48 4 0
Net_id 158
pin_num 2
56 27 0
52 33 0
Net_id 159
pin_num 2
40 3 0
54 4 0
