Width 60
Height 60
Layer 6
Total_WL 6566
Obstacle_num 144
7 0 0 12 1 0
30 46 0 33 47 0
23 38 0 26 39 0
38 25 0 48 26 0
19 19 0 26 20 0
37 20 0 43 21 0
5 55 0 11 56 0
31 25 0 36 26 0
16 5 0 20 6 0
3 25 0 9 26 0
37 38 0 47 39 0
21 55 0 29 56 0
8 31 0 14 32 0
25 37 0 28 38 0
6 4 0 16 5 0
31 55 0 39 56 0
27 5 0 32 6 0
1 5 0 7 6 0
10 11 0 18 12 0
15 23 0 18 24 0
11 26 0 14 27 0
50 57 0 55 58 0
2 50 0 6 51 0
47 21 0 51 22 0
24 37 1 25 44 1
2 20 1 3 26 1
42 38 1 43 47 1
43 39 1 44 48 1
45 24 1 46 28 1
30 44 1 31 47 1
51 17 1 52 24 1
17 48 1 18 55 1
23 30 1 24 39 1
17 40 1 18 43 1
10 15 1 11 18 1
31 45 1 32 52 1
54 23 1 55 33 1
44 16 1 45 20 1
46 38 1 47 43 1
19 30 1 20 39 1
29 43 1 30 51 1
44 30 1 45 34 1
4 30 1 5 33 1
37 41 1 38 47 1
25 13 1 26 19 1
0 12 1 1 19 1
9 25 1 10 28 1
16 33 1 17 39 1
32 14 2 36 15 2
38 32 2 45 33 2
15 17 2 19 18 2
7 18 2 12 19 2
17 22 2 25 23 2
27 45 2 33 46 2
31 52 2 41 53 2
43 0 2 53 1 2
1 30 2 8 31 2
25 40 2 35 41 2
13 51 2 17 52 2
7 12 2 14 13 2
39 44 2 43 45 2
48 3 2 53 4 2
49 37 2 53 38 2
4 49 2 12 50 2
19 58 2 23 59 2
32 39 2 37 40 2
48 23 2 53 24 2
14 39 2 17 40 2
53 50 2 59 51 2
9 24 2 12 25 2
7 3 2 14 4 2
43 21 2 47 22 2
33 24 3 34 27 3
11 11 3 12 16 3
54 22 3 55 30 3
49 53 3 50 58 3
23 40 3 24 49 3
23 2 3 24 9 3
9 43 3 10 48 3
1 0 3 2 5 3
3 15 3 4 23 3
46 34 3 47 39 3
49 26 3 50 34 3
7 17 3 8 22 3
54 15 3 55 18 3
23 49 3 24 53 3
31 26 3 32 32 3
55 41 3 56 51 3
36 4 3 37 14 3
10 17 3 11 21 3
11 28 3 12 36 3
4 0 3 5 10 3
17 36 3 18 45 3
51 33 3 52 41 3
55 5 3 56 11 3
28 12 3 29 15 3
35 53 4 39 54 4
24 54 4 34 55 4
8 38 4 11 39 4
11 28 4 19 29 4
26 25 4 29 26 4
48 14 4 52 15 4
5 3 4 13 4 4
6 40 4 12 41 4
38 44 4 43 45 4
52 43 4 55 44 4
48 26 4 52 27 4
21 17 4 28 18 4
28 9 4 37 10 4
23 28 4 29 29 4
49 3 4 57 4 4
39 21 4 44 22 4
5 47 4 9 48 4
24 12 4 34 13 4
40 12 4 46 13 4
3 42 4 13 43 4
40 52 4 47 53 4
33 55 4 36 56 4
39 33 4 48 34 4
0 11 4 7 12 4
37 56 5 38 59 5
21 14 5 22 21 5
10 0 5 11 5 5
7 6 5 8 11 5
10 16 5 11 23 5
43 14 5 44 22 5
18 7 5 19 14 5
15 12 5 16 22 5
28 35 5 29 39 5
17 18 5 18 22 5
54 33 5 55 39 5
41 50 5 42 53 5
4 52 5 5 56 5
22 30 5 23 40 5
45 3 5 46 6 5
50 29 5 51 32 5
0 45 5 1 49 5
10 33 5 11 40 5
19 18 5 20 26 5
36 36 5 37 43 5
23 31 5 24 39 5
21 0 5 22 10 5
38 7 5 39 15 5
7 45 5 8 49 5
Net_num 157
Net_id 0
pin_num 5
9 13 0
6 2 0
17 24 0
0 1 0
25 0 0
Net_id 1
pin_num 5
24 46 0
31 44 0
35 44 0
31 22 0
41 34 0
Net_id 2
pin_num 5
40 19 0
45 16 0
48 0 0
46 18 0
34 13 0
Net_id 3
pin_num 5
45 6 0
53 4 0
59 12 0
53 11 0
47 3 0
Net_id 4
pin_num 5
53 14 0
42 10 0
34 14 0
44 10 0
49 17 0
Net_id 5
pin_num 5
1 55 0
0 48 0
3 47 0
0 32 0
16 47 0
Net_id 6
pin_num 5
4 57 0
4 51 0
9 59 0
6 37 0
1 37 0
Net_id 7
pin_num 5
33 56 0
28 53 0
22 47 0
26 54 0
36 59 0
Net_id 8
pin_num 5
25 59 0
29 55 0
10 56 0
19 44 0
27 59 0
Net_id 9
pin_num 5
26 4 0
26 12 0
26 28 0
42 15 0
9 20 0
Net_id 10
pin_num 5
21 50 0
14 54 0
27 45 0
37 59 0
39 48 0
Net_id 11
pin_num 5
15 50 0
2 46 0
10 25 0
17 28 0
11 46 0
Net_id 12
pin_num 5
9 39 0
11 32 0
11 13 0
16 45 0
34 23 0
Net_id 13
pin_num 5
55 33 0
53 27 0
59 41 0
34 30 0
57 23 0
Net_id 14
pin_num 5
27 11 0
30 14 0
52 10 0
30 0 0
33 0 0
Net_id 15
pin_num 5
53 56 0
47 56 0
27 57 0
33 58 0
36 54 0
Net_id 16
pin_num 5
5 2 0
1 8 0
12 0 0
11 1 0
4 26 0
Net_id 17
pin_num 5
37 19 0
36 23 0
37 37 0
36 41 0
21 34 0
Net_id 18
pin_num 5
31 53 0
38 45 0
13 58 0
22 49 0
21 43 0
Net_id 19
pin_num 5
51 52 0
55 52 0
54 41 0
53 42 0
51 51 0
Net_id 20
pin_num 4
49 59 0
59 49 0
59 56 0
50 52 0
Net_id 21
pin_num 4
1 0 0
5 6 0
12 1 0
21 6 0
Net_id 22
pin_num 4
12 58 0
3 57 0
9 35 0
7 50 0
Net_id 23
pin_num 4
49 26 0
50 42 0
52 54 0
43 32 0
Net_id 24
pin_num 4
32 58 0
22 50 0
32 36 0
25 51 0
Net_id 25
pin_num 4
19 38 0
32 33 0
29 19 0
23 52 0
Net_id 26
pin_num 4
47 15 0
54 18 0
59 13 0
58 26 0
Net_id 27
pin_num 4
48 37 0
43 34 0
30 33 0
59 46 0
Net_id 28
pin_num 4
2 56 0
8 54 0
8 41 0
0 54 0
Net_id 29
pin_num 4
48 49 0
38 59 0
49 42 0
49 39 0
Net_id 30
pin_num 4
38 21 0
36 3 0
30 24 0
32 13 0
Net_id 31
pin_num 4
52 28 0
58 21 0
52 27 0
52 41 0
Net_id 32
pin_num 4
58 39 0
57 35 0
48 50 0
58 46 0
Net_id 33
pin_num 4
37 32 0
41 43 0
32 35 0
38 22 0
Net_id 34
pin_num 4
15 26 0
14 15 0
4 17 0
5 36 0
Net_id 35
pin_num 4
28 36 0
33 47 0
44 43 0
37 18 0
Net_id 36
pin_num 4
16 27 0
17 19 0
10 22 0
0 56 0
Net_id 37
pin_num 4
57 48 0
45 41 0
25 42 0
25 50 0
Net_id 38
pin_num 4
7 52 0
18 57 0
29 51 0
23 57 0
Net_id 39
pin_num 3
23 51 0
17 45 0
15 58 0
Net_id 40
pin_num 3
5 38 0
4 44 0
39 41 0
Net_id 41
pin_num 3
54 46 0
59 57 0
59 47 0
Net_id 42
pin_num 3
34 8 0
32 22 0
56 20 0
Net_id 43
pin_num 3
10 44 0
5 57 0
33 49 0
Net_id 44
pin_num 3
24 10 0
33 10 0
40 21 0
Net_id 45
pin_num 3
15 0 0
3 8 0
2 14 0
Net_id 46
pin_num 3
40 23 0
43 23 0
39 16 0
Net_id 47
pin_num 3
56 19 0
46 19 0
46 30 0
Net_id 48
pin_num 3
26 2 0
22 3 0
41 12 0
Net_id 49
pin_num 3
8 29 0
20 37 0
46 29 0
Net_id 50
pin_num 3
59 4 0
44 12 0
26 30 0
Net_id 51
pin_num 3
55 34 0
47 18 0
7 29 0
Net_id 52
pin_num 3
22 14 0
27 16 0
27 3 0
Net_id 53
pin_num 3
0 7 0
7 5 0
15 13 0
Net_id 54
pin_num 3
58 14 0
54 2 0
59 17 0
Net_id 55
pin_num 3
22 48 0
4 45 0
7 53 0
Net_id 56
pin_num 3
56 55 0
45 51 0
43 58 0
Net_id 57
pin_num 3
43 57 0
14 56 0
0 57 0
Net_id 58
pin_num 3
13 42 0
7 51 0
29 44 0
Net_id 59
pin_num 3
43 40 0
59 20 0
29 20 0
Net_id 60
pin_num 3
42 35 0
56 18 0
57 20 0
Net_id 61
pin_num 3
57 40 0
56 43 0
55 43 0
Net_id 62
pin_num 3
9 16 0
3 7 0
8 7 0
Net_id 63
pin_num 3
8 28 0
13 32 0
1 52 0
Net_id 64
pin_num 3
43 48 0
39 59 0
58 47 0
Net_id 65
pin_num 3
29 54 0
34 38 0
53 49 0
Net_id 66
pin_num 3
18 31 0
3 45 0
15 28 0
Net_id 67
pin_num 3
37 3 0
43 1 0
35 22 0
Net_id 68
pin_num 3
46 45 0
57 33 0
56 37 0
Net_id 69
pin_num 3
32 14 0
29 1 0
0 3 0
Net_id 70
pin_num 3
32 49 0
18 32 0
20 28 0
Net_id 71
pin_num 3
5 18 0
1 28 0
9 22 0
Net_id 72
pin_num 3
36 46 0
14 53 0
44 57 0
Net_id 73
pin_num 3
1 53 0
10 51 0
9 48 0
Net_id 74
pin_num 3
59 36 0
39 33 0
39 40 0
Net_id 75
pin_num 3
28 0 0
19 2 0
58 12 0
Net_id 76
pin_num 3
50 46 0
39 43 0
33 42 0
Net_id 77
pin_num 3
21 3 0
12 3 0
19 14 0
Net_id 78
pin_num 2
14 38 0
38 9 0
Net_id 79
pin_num 2
56 44 0
39 49 0
Net_id 80
pin_num 2
30 27 0
35 32 0
Net_id 81
pin_num 2
36 44 0
37 17 0
Net_id 82
pin_num 2
56 8 0
57 22 0
Net_id 83
pin_num 2
33 51 0
25 45 0
Net_id 84
pin_num 2
47 27 0
57 7 0
Net_id 85
pin_num 2
33 50 0
16 44 0
Net_id 86
pin_num 2
46 59 0
58 52 0
Net_id 87
pin_num 2
18 0 0
7 6 0
Net_id 88
pin_num 2
47 41 0
51 27 0
Net_id 89
pin_num 2
49 31 0
49 37 0
Net_id 90
pin_num 2
57 4 0
52 1 0
Net_id 91
pin_num 2
37 6 0
52 2 0
Net_id 92
pin_num 2
16 9 0
7 13 0
Net_id 93
pin_num 2
49 2 0
56 30 0
Net_id 94
pin_num 2
37 16 0
30 16 0
Net_id 95
pin_num 2
40 39 0
30 39 0
Net_id 96
pin_num 2
39 22 0
33 7 0
Net_id 97
pin_num 2
0 10 0
17 9 0
Net_id 98
pin_num 2
44 33 0
52 33 0
Net_id 99
pin_num 2
57 0 0
56 12 0
Net_id 100
pin_num 2
48 53 0
41 31 0
Net_id 101
pin_num 2
31 43 0
50 54 0
Net_id 102
pin_num 2
20 10 0
34 6 0
Net_id 103
pin_num 2
35 23 0
17 55 0
Net_id 104
pin_num 2
50 50 0
46 57 0
Net_id 105
pin_num 2
51 38 0
57 32 0
Net_id 106
pin_num 2
39 36 0
42 26 0
Net_id 107
pin_num 2
43 31 0
54 35 0
Net_id 108
pin_num 2
22 40 0
33 38 0
Net_id 109
pin_num 2
30 45 0
40 47 0
Net_id 110
pin_num 2
22 6 0
38 19 0
Net_id 111
pin_num 2
47 37 0
19 45 0
Net_id 112
pin_num 2
23 36 0
17 57 0
Net_id 113
pin_num 2
3 1 0
1 29 0
Net_id 114
pin_num 2
7 32 0
8 30 0
Net_id 115
pin_num 2
37 2 0
57 10 0
Net_id 116
pin_num 2
43 36 0
33 46 0
Net_id 117
pin_num 2
44 26 0
56 15 0
Net_id 118
pin_num 2
19 21 0
15 21 0
Net_id 119
pin_num 2
57 17 0
51 25 0
Net_id 120
pin_num 2
17 26 0
12 18 0
Net_id 121
pin_num 2
48 24 0
34 31 0
Net_id 122
pin_num 2
28 6 0
40 1 0
Net_id 123
pin_num 2
6 31 0
15 36 0
Net_id 124
pin_num 2
32 21 0
14 2 0
Net_id 125
pin_num 2
23 24 0
29 25 0
Net_id 126
pin_num 2
19 53 0
18 54 0
Net_id 127
pin_num 2
16 10 0
12 2 0
Net_id 128
pin_num 2
37 13 0
48 9 0
Net_id 129
pin_num 2
52 30 0
29 27 0
Net_id 130
pin_num 2
14 49 0
28 39 0
Net_id 131
pin_num 2
59 37 0
38 49 0
Net_id 132
pin_num 2
29 9 0
24 5 0
Net_id 133
pin_num 2
19 30 0
27 33 0
Net_id 134
pin_num 2
21 42 0
20 46 0
Net_id 135
pin_num 2
2 35 0
12 27 0
Net_id 136
pin_num 2
30 52 0
42 55 0
Net_id 137
pin_num 2
53 58 0
58 59 0
Net_id 138
pin_num 2
31 18 0
38 50 0
Net_id 139
pin_num 2
40 12 0
35 9 0
Net_id 140
pin_num 2
49 9 0
54 5 0
Net_id 141
pin_num 2
27 7 0
9 6 0
Net_id 142
pin_num 2
0 43 0
21 54 0
Net_id 143
pin_num 2
45 18 0
25 1 0
Net_id 144
pin_num 2
45 1 0
50 4 0
Net_id 145
pin_num 2
6 15 0
3 24 0
Net_id 146
pin_num 2
22 11 0
18 1 0
Net_id 147
pin_num 2
3 13 0
12 25 0
Net_id 148
pin_num 2
18 39 0
12 40 0
Net_id 149
pin_num 2
12 48 0
23 28 0
Net_id 150
pin_num 2
4 6 0
10 13 0
Net_id 151
pin_num 2
23 22 0
34 22 0
Net_id 152
pin_num 2
31 1 0
45 22 0
Net_id 153
pin_num 2
14 42 0
19 52 0
Net_id 154
pin_num 2
38 8 0
35 2 0
Net_id 155
pin_num 2
25 8 0
2 16 0
Net_id 156
pin_num 2
32 15 0
40 24 0
