Width 60
Height 60
Layer 6
Total_WL 7018
Obstacle_num 144
17 30 0 27 31 0
2 28 0 7 29 0
47 42 0 53 43 0
8 47 0 15 48 0
23 41 0 26 42 0
44 49 0 53 50 0
32 1 0 36 2 0
29 29 0 39 30 0
47 12 0 56 13 0
26 23 0 31 24 0
40 37 0 45 38 0
27 43 0 30 44 0
15 16 0 23 17 0
2 19 0 8 20 0
15 5 0 25 6 0
38 7 0 47 8 0
19 33 0 28 34 0
10 32 0 15 33 0
31 38 0 34 39 0
49 34 0 58 35 0
5 57 0 13 58 0
45 48 0 51 49 0
34 8 0 38 9 0
19 26 0 23 27 0
14 15 1 15 22 1
31 41 1 32 46 1
29 53 1 30 58 1
56 30 1 57 33 1
46 27 1 47 32 1
23 10 1 24 16 1
14 38 1 15 44 1
36 18 1 37 22 1
33 27 1 34 34 1
26 37 1 27 47 1
28 6 1 29 12 1
40 9 1 41 19 1
0 55 1 1 59 1
48 42 1 49 52 1
32 49 1 33 55 1
19 23 1 20 29 1
9 23 1 10 28 1
55 16 1 56 24 1
58 47 1 59 57 1
17 13 1 18 23 1
17 41 1 18 50 1
25 44 1 26 49 1
49 36 1 50 42 1
46 16 1 47 23 1
0 44 2 7 45 2
11 14 2 14 15 2
0 42 2 6 43 2
47 33 2 50 34 2
43 14 2 53 15 2
34 21 2 38 22 2
4 10 2 13 11 2
31 40 2 37 41 2
34 49 2 38 50 2
30 6 2 36 7 2
11 49 2 19 50 2
43 4 2 48 5 2
5 56 2 9 57 2
38 39 2 48 40 2
36 47 2 43 48 2
4 37 2 10 38 2
45 38 2 54 39 2
48 24 2 55 25 2
15 32 2 25 33 2
40 5 2 49 6 2
26 9 2 30 10 2
11 37 2 16 38 2
18 28 2 22 29 2
28 5 2 31 6 2
41 14 3 42 18 3
44 4 3 45 7 3
57 37 3 58 45 3
0 17 3 1 22 3
13 19 3 14 29 3
58 25 3 59 31 3
58 39 3 59 48 3
48 35 3 49 43 3
31 35 3 32 41 3
51 38 3 52 45 3
44 23 3 45 32 3
16 9 3 17 18 3
14 8 3 15 18 3
52 38 3 53 46 3
21 18 3 22 22 3
43 40 3 44 48 3
37 14 3 38 19 3
36 50 3 37 55 3
45 16 3 46 24 3
17 15 3 18 24 3
10 28 3 11 38 3
55 31 3 56 41 3
23 24 3 24 27 3
39 49 3 40 55 3
24 49 4 32 50 4
11 18 4 19 19 4
43 20 4 47 21 4
47 57 4 52 58 4
36 11 4 39 12 4
3 14 4 7 15 4
14 22 4 24 23 4
0 42 4 10 43 4
19 39 4 29 40 4
41 12 4 45 13 4
0 53 4 9 54 4
48 35 4 57 36 4
31 19 4 38 20 4
11 8 4 16 9 4
42 21 4 51 22 4
23 34 4 28 35 4
41 45 4 49 46 4
27 5 4 37 6 4
6 56 4 16 57 4
32 51 4 42 52 4
30 42 4 39 43 4
42 27 4 46 28 4
43 0 4 53 1 4
20 49 4 23 50 4
4 46 5 5 49 5
29 3 5 30 13 5
22 5 5 23 12 5
12 43 5 13 52 5
42 50 5 43 53 5
4 52 5 5 55 5
28 10 5 29 17 5
33 46 5 34 50 5
16 16 5 17 24 5
58 13 5 59 20 5
15 39 5 16 45 5
11 28 5 12 33 5
9 21 5 10 29 5
49 24 5 50 30 5
50 21 5 51 25 5
34 52 5 35 58 5
7 15 5 8 25 5
52 44 5 53 50 5
18 2 5 19 9 5
4 3 5 5 10 5
2 8 5 3 18 5
46 34 5 47 39 5
46 22 5 47 31 5
13 24 5 14 30 5
Net_num 166
Net_id 0
pin_num 5
19 32 0
25 34 0
21 29 0
22 39 0
25 26 0
Net_id 1
pin_num 5
43 34 0
47 27 0
40 27 0
59 31 0
53 27 0
Net_id 2
pin_num 5
59 9 0
56 22 0
59 15 0
39 16 0
38 18 0
Net_id 3
pin_num 5
56 33 0
59 32 0
45 32 0
58 36 0
54 23 0
Net_id 4
pin_num 5
39 31 0
44 31 0
58 31 0
51 14 0
58 8 0
Net_id 5
pin_num 5
25 51 0
21 36 0
3 46 0
29 51 0
8 51 0
Net_id 6
pin_num 5
42 11 0
52 11 0
53 0 0
50 3 0
49 7 0
Net_id 7
pin_num 5
18 49 0
4 54 0
16 34 0
23 39 0
10 35 0
Net_id 8
pin_num 5
38 4 0
48 4 0
40 19 0
52 3 0
39 9 0
Net_id 9
pin_num 5
49 33 0
59 25 0
59 49 0
54 30 0
49 55 0
Net_id 10
pin_num 5
27 25 0
14 29 0
39 36 0
28 12 0
29 32 0
Net_id 11
pin_num 5
25 53 0
21 54 0
17 38 0
35 44 0
49 45 0
Net_id 12
pin_num 5
2 32 0
9 29 0
4 15 0
1 28 0
0 39 0
Net_id 13
pin_num 5
1 51 0
2 40 0
9 44 0
1 59 0
30 51 0
Net_id 14
pin_num 5
27 18 0
34 24 0
28 24 0
14 19 0
8 9 0
Net_id 15
pin_num 5
3 40 0
2 25 0
9 36 0
6 27 0
8 22 0
Net_id 16
pin_num 5
19 37 0
15 47 0
3 47 0
21 59 0
35 55 0
Net_id 17
pin_num 5
22 2 0
29 5 0
36 0 0
33 5 0
5 0 0
Net_id 18
pin_num 5
14 44 0
11 38 0
6 42 0
20 43 0
33 37 0
Net_id 19
pin_num 5
46 53 0
48 52 0
48 57 0
25 56 0
48 59 0
Net_id 20
pin_num 4
41 41 0
50 41 0
27 46 0
40 55 0
Net_id 21
pin_num 4
40 44 0
53 41 0
39 43 0
41 48 0
Net_id 22
pin_num 4
17 50 0
21 57 0
1 47 0
6 59 0
Net_id 23
pin_num 4
37 38 0
45 47 0
38 28 0
41 57 0
Net_id 24
pin_num 4
58 43 0
56 48 0
43 48 0
32 59 0
Net_id 25
pin_num 4
34 4 0
22 1 0
43 1 0
26 21 0
Net_id 26
pin_num 4
37 13 0
25 9 0
31 1 0
31 2 0
Net_id 27
pin_num 4
50 38 0
45 35 0
45 42 0
22 41 0
Net_id 28
pin_num 4
54 24 0
48 29 0
59 23 0
35 26 0
Net_id 29
pin_num 4
58 32 0
51 32 0
52 15 0
50 46 0
Net_id 30
pin_num 4
46 39 0
59 38 0
30 39 0
37 43 0
Net_id 31
pin_num 4
56 44 0
46 44 0
55 35 0
46 25 0
Net_id 32
pin_num 4
36 9 0
23 3 0
6 3 0
17 6 0
Net_id 33
pin_num 4
3 0 0
0 3 0
20 2 0
0 4 0
Net_id 34
pin_num 4
21 8 0
10 1 0
38 1 0
31 8 0
Net_id 35
pin_num 4
58 26 0
55 29 0
59 50 0
24 29 0
Net_id 36
pin_num 4
24 24 0
30 32 0
50 27 0
47 46 0
Net_id 37
pin_num 4
41 53 0
53 47 0
50 59 0
57 44 0
Net_id 38
pin_num 4
27 20 0
9 18 0
9 1 0
35 19 0
Net_id 39
pin_num 4
3 36 0
1 20 0
13 34 0
7 28 0
Net_id 40
pin_num 3
12 4 0
16 1 0
0 5 0
Net_id 41
pin_num 3
13 12 0
2 33 0
31 23 0
Net_id 42
pin_num 3
23 49 0
33 45 0
19 58 0
Net_id 43
pin_num 3
33 8 0
23 9 0
50 17 0
Net_id 44
pin_num 3
32 20 0
23 17 0
10 17 0
Net_id 45
pin_num 3
5 33 0
2 41 0
1 58 0
Net_id 46
pin_num 3
19 53 0
2 59 0
21 43 0
Net_id 47
pin_num 3
55 23 0
58 34 0
32 17 0
Net_id 48
pin_num 3
34 50 0
34 40 0
18 37 0
Net_id 49
pin_num 3
0 25 0
2 30 0
11 28 0
Net_id 50
pin_num 3
57 17 0
49 4 0
58 0 0
Net_id 51
pin_num 3
18 9 0
22 13 0
40 10 0
Net_id 52
pin_num 3
4 48 0
15 58 0
15 48 0
Net_id 53
pin_num 3
0 24 0
31 25 0
30 55 0
Net_id 54
pin_num 3
55 51 0
59 58 0
54 38 0
Net_id 55
pin_num 3
22 37 0
34 33 0
54 36 0
Net_id 56
pin_num 3
50 50 0
56 40 0
54 11 0
Net_id 57
pin_num 3
38 11 0
29 11 0
39 11 0
Net_id 58
pin_num 3
49 28 0
42 29 0
50 2 0
Net_id 59
pin_num 3
22 42 0
36 44 0
29 30 0
Net_id 60
pin_num 3
43 14 0
35 7 0
39 25 0
Net_id 61
pin_num 3
8 55 0
3 57 0
17 52 0
Net_id 62
pin_num 3
31 54 0
24 54 0
33 48 0
Net_id 63
pin_num 3
12 48 0
2 35 0
20 56 0
Net_id 64
pin_num 3
17 17 0
6 23 0
40 20 0
Net_id 65
pin_num 3
0 15 0
10 38 0
13 38 0
Net_id 66
pin_num 3
45 17 0
37 15 0
12 16 0
Net_id 67
pin_num 3
15 15 0
2 3 0
1 19 0
Net_id 68
pin_num 3
35 33 0
31 40 0
25 39 0
Net_id 69
pin_num 3
7 25 0
2 37 0
10 26 0
Net_id 70
pin_num 3
49 53 0
54 51 0
49 50 0
Net_id 71
pin_num 3
10 55 0
3 56 0
12 58 0
Net_id 72
pin_num 3
11 20 0
18 22 0
7 4 0
Net_id 73
pin_num 3
44 4 0
39 6 0
19 15 0
Net_id 74
pin_num 3
35 47 0
52 52 0
1 46 0
Net_id 75
pin_num 3
6 45 0
20 38 0
33 43 0
Net_id 76
pin_num 3
57 29 0
47 47 0
44 32 0
Net_id 77
pin_num 3
30 45 0
20 37 0
29 58 0
Net_id 78
pin_num 3
54 6 0
59 5 0
54 5 0
Net_id 79
pin_num 3
10 43 0
3 48 0
9 58 0
Net_id 80
pin_num 3
38 51 0
44 38 0
43 25 0
Net_id 81
pin_num 3
22 17 0
5 9 0
13 13 0
Net_id 82
pin_num 2
44 23 0
40 21 0
Net_id 83
pin_num 2
35 30 0
32 32 0
Net_id 84
pin_num 2
20 55 0
40 58 0
Net_id 85
pin_num 2
51 59 0
59 45 0
Net_id 86
pin_num 2
15 37 0
7 36 0
Net_id 87
pin_num 2
18 27 0
30 28 0
Net_id 88
pin_num 2
19 3 0
24 3 0
Net_id 89
pin_num 2
26 22 0
30 21 0
Net_id 90
pin_num 2
32 27 0
17 9 0
Net_id 91
pin_num 2
33 52 0
50 47 0
Net_id 92
pin_num 2
32 15 0
32 12 0
Net_id 93
pin_num 2
3 22 0
10 10 0
Net_id 94
pin_num 2
9 13 0
7 15 0
Net_id 95
pin_num 2
27 40 0
14 57 0
Net_id 96
pin_num 2
14 39 0
1 37 0
Net_id 97
pin_num 2
23 36 0
33 26 0
Net_id 98
pin_num 2
2 22 0
0 21 0
Net_id 99
pin_num 2
3 59 0
5 56 0
Net_id 100
pin_num 2
14 1 0
20 7 0
Net_id 101
pin_num 2
32 25 0
36 25 0
Net_id 102
pin_num 2
49 2 0
25 35 0
Net_id 103
pin_num 2
36 55 0
47 52 0
Net_id 104
pin_num 2
21 46 0
42 38 0
Net_id 105
pin_num 2
50 4 0
54 9 0
Net_id 106
pin_num 2
47 18 0
38 2 0
Net_id 107
pin_num 2
57 2 0
45 15 0
Net_id 108
pin_num 2
6 58 0
14 31 0
Net_id 109
pin_num 2
47 57 0
46 52 0
Net_id 110
pin_num 2
52 5 0
45 5 0
Net_id 111
pin_num 2
41 1 0
53 10 0
Net_id 112
pin_num 2
51 30 0
47 30 0
Net_id 113
pin_num 2
8 25 0
21 13 0
Net_id 114
pin_num 2
46 30 0
41 28 0
Net_id 115
pin_num 2
47 9 0
45 1 0
Net_id 116
pin_num 2
9 49 0
1 23 0
Net_id 117
pin_num 2
28 11 0
10 14 0
Net_id 118
pin_num 2
4 53 0
11 30 0
Net_id 119
pin_num 2
17 18 0
5 23 0
Net_id 120
pin_num 2
0 49 0
14 58 0
Net_id 121
pin_num 2
45 43 0
33 57 0
Net_id 122
pin_num 2
4 42 0
5 38 0
Net_id 123
pin_num 2
15 40 0
23 44 0
Net_id 124
pin_num 2
46 12 0
27 1 0
Net_id 125
pin_num 2
43 49 0
34 45 0
Net_id 126
pin_num 2
58 19 0
57 22 0
Net_id 127
pin_num 2
54 15 0
39 28 0
Net_id 128
pin_num 2
58 21 0
29 3 0
Net_id 129
pin_num 2
49 25 0
54 18 0
Net_id 130
pin_num 2
57 18 0
51 13 0
Net_id 131
pin_num 2
29 52 0
23 31 0
Net_id 132
pin_num 2
52 23 0
29 4 0
Net_id 133
pin_num 2
58 2 0
48 34 0
Net_id 134
pin_num 2
46 14 0
56 36 0
Net_id 135
pin_num 2
3 16 0
22 31 0
Net_id 136
pin_num 2
24 59 0
25 36 0
Net_id 137
pin_num 2
46 19 0
39 8 0
Net_id 138
pin_num 2
26 46 0
28 46 0
Net_id 139
pin_num 2
2 14 0
12 26 0
Net_id 140
pin_num 2
13 17 0
30 57 0
Net_id 141
pin_num 2
28 30 0
35 38 0
Net_id 142
pin_num 2
15 9 0
10 27 0
Net_id 143
pin_num 2
48 20 0
28 40 0
Net_id 144
pin_num 2
36 34 0
40 35 0
Net_id 145
pin_num 2
36 17 0
25 23 0
Net_id 146
pin_num 2
3 17 0
13 11 0
Net_id 147
pin_num 2
5 1 0
5 7 0
Net_id 148
pin_num 2
42 24 0
51 33 0
Net_id 149
pin_num 2
1 7 0
6 14 0
Net_id 150
pin_num 2
15 13 0
19 13 0
Net_id 151
pin_num 2
46 58 0
33 58 0
Net_id 152
pin_num 2
58 44 0
49 22 0
Net_id 153
pin_num 2
32 31 0
41 54 0
Net_id 154
pin_num 2
14 27 0
5 45 0
Net_id 155
pin_num 2
31 52 0
21 56 0
Net_id 156
pin_num 2
32 7 0
35 2 0
Net_id 157
pin_num 2
56 28 0
55 42 0
Net_id 158
pin_num 2
48 19 0
49 15 0
Net_id 159
pin_num 2
9 30 0
6 40 0
Net_id 160
pin_num 2
40 50 0
30 58 0
Net_id 161
pin_num 2
9 20 0
2 21 0
Net_id 162
pin_num 2
21 25 0
5 36 0
Net_id 163
pin_num 2
25 28 0
29 26 0
Net_id 164
pin_num 2
17 29 0
10 21 0
Net_id 165
pin_num 2
53 13 0
42 30 0
