Width 60
Height 60
Layer 6
Total_WL 6796
Obstacle_num 144
5 21 0 14 22 0
22 55 0 28 56 0
1 3 0 11 4 0
24 39 0 30 40 0
35 10 0 40 11 0
37 42 0 40 43 0
4 7 0 8 8 0
21 32 0 26 33 0
35 44 0 45 45 0
22 15 0 26 16 0
55 44 0 58 45 0
43 18 0 52 19 0
27 44 0 34 45 0
28 12 0 32 13 0
39 1 0 44 2 0
46 22 0 53 23 0
29 58 0 38 59 0
3 45 0 13 46 0
40 0 0 50 1 0
32 14 0 38 15 0
29 52 0 33 53 0
28 19 0 33 20 0
25 25 0 34 26 0
39 57 0 46 58 0
51 15 1 52 24 1
43 9 1 44 19 1
33 41 1 34 45 1
37 22 1 38 31 1
1 26 1 2 32 1
50 23 1 51 31 1
52 16 1 53 21 1
29 30 1 30 40 1
49 52 1 50 58 1
33 23 1 34 31 1
22 0 1 23 9 1
7 23 1 8 32 1
45 28 1 46 31 1
49 24 1 50 32 1
48 39 1 49 46 1
33 56 1 34 59 1
46 49 1 47 54 1
9 34 1 10 42 1
31 36 1 32 46 1
39 18 1 40 28 1
39 45 1 40 54 1
10 1 1 11 5 1
34 14 1 35 20 1
14 31 1 15 38 1
46 50 2 52 51 2
30 32 2 37 33 2
43 34 2 47 35 2
38 33 2 42 34 2
15 32 2 23 33 2
25 58 2 30 59 2
16 53 2 22 54 2
27 28 2 33 29 2
43 10 2 51 11 2
1 25 2 10 26 2
32 39 2 35 40 2
53 3 2 56 4 2
33 1 2 38 2 2
34 6 2 42 7 2
51 38 2 54 39 2
27 47 2 30 48 2
51 32 2 57 33 2
10 58 2 20 59 2
30 40 2 37 41 2
21 28 2 26 29 2
42 4 2 50 5 2
36 57 2 46 58 2
14 35 2 17 36 2
52 31 2 55 32 2
2 20 3 3 29 3
3 10 3 4 15 3
51 39 3 52 49 3
35 3 3 36 13 3
24 40 3 25 45 3
25 41 3 26 46 3
41 29 3 42 39 3
45 30 3 46 40 3
23 47 3 24 57 3
42 44 3 43 48 3
52 46 3 53 50 3
16 52 3 17 55 3
57 45 3 58 55 3
19 28 3 20 36 3
27 9 3 28 14 3
26 3 3 27 8 3
29 47 3 30 50 3
50 44 3 51 53 3
44 45 3 45 49 3
49 41 3 50 49 3
53 26 3 54 35 3
11 33 3 12 39 3
40 29 3 41 37 3
54 8 3 55 12 3
51 44 4 58 45 4
14 37 4 19 38 4
11 4 4 20 5 4
25 46 4 35 47 4
27 31 4 33 32 4
16 57 4 20 58 4
37 5 4 43 6 4
23 36 4 32 37 4
49 23 4 53 24 4
50 9 4 57 10 4
21 20 4 24 21 4
41 17 4 51 18 4
9 27 4 19 28 4
24 39 4 34 40 4
25 11 4 33 12 4
11 22 4 19 23 4
27 18 4 32 19 4
24 7 4 28 8 4
12 5 4 22 6 4
48 10 4 55 11 4
1 46 4 4 47 4
38 19 4 43 20 4
47 8 4 51 9 4
20 13 4 28 14 4
13 52 5 14 59 5
21 8 5 22 18 5
30 47 5 31 55 5
1 50 5 2 56 5
11 36 5 12 44 5
33 29 5 34 37 5
52 24 5 53 30 5
38 43 5 39 47 5
48 32 5 49 42 5
28 18 5 29 24 5
15 34 5 16 39 5
20 30 5 21 36 5
28 25 5 29 34 5
16 7 5 17 14 5
10 42 5 11 47 5
7 44 5 8 50 5
56 50 5 57 59 5
9 24 5 10 28 5
56 42 5 57 48 5
34 21 5 35 29 5
39 5 5 40 8 5
35 25 5 36 35 5
10 8 5 11 17 5
4 13 5 5 18 5
Net_num 161
Net_id 0
pin_num 5
6 14 0
14 14 0
10 5 0
17 11 0
15 30 0
Net_id 1
pin_num 5
53 36 0
56 34 0
55 27 0
33 34 0
51 57 0
Net_id 2
pin_num 5
51 35 0
44 39 0
27 35 0
35 54 0
45 50 0
Net_id 3
pin_num 5
38 21 0
41 30 0
41 46 0
51 27 0
54 24 0
Net_id 4
pin_num 5
18 36 0
10 39 0
17 19 0
37 31 0
29 37 0
Net_id 5
pin_num 5
44 55 0
34 55 0
46 59 0
28 55 0
38 45 0
Net_id 6
pin_num 5
14 40 0
21 36 0
18 34 0
18 19 0
19 48 0
Net_id 7
pin_num 5
21 19 0
24 10 0
39 17 0
27 32 0
26 33 0
Net_id 8
pin_num 5
51 38 0
40 45 0
50 21 0
34 33 0
30 37 0
Net_id 9
pin_num 5
43 9 0
35 5 0
57 9 0
56 14 0
39 0 0
Net_id 10
pin_num 5
35 53 0
44 53 0
36 42 0
53 47 0
43 31 0
Net_id 11
pin_num 5
10 0 0
5 0 0
6 19 0
0 9 0
21 0 0
Net_id 12
pin_num 5
40 22 0
42 23 0
44 29 0
24 25 0
43 48 0
Net_id 13
pin_num 5
27 56 0
21 45 0
32 51 0
27 33 0
45 44 0
Net_id 14
pin_num 5
22 53 0
13 52 0
34 45 0
37 41 0
27 43 0
Net_id 15
pin_num 5
21 26 0
11 27 0
19 35 0
20 33 0
14 41 0
Net_id 16
pin_num 5
8 15 0
16 17 0
15 24 0
12 33 0
9 23 0
Net_id 17
pin_num 5
56 20 0
53 21 0
52 36 0
40 26 0
46 15 0
Net_id 18
pin_num 5
7 41 0
7 46 0
0 34 0
0 48 0
18 46 0
Net_id 19
pin_num 5
38 8 0
20 7 0
20 18 0
49 8 0
59 11 0
Net_id 20
pin_num 4
40 46 0
21 47 0
44 46 0
20 42 0
Net_id 21
pin_num 4
9 44 0
0 42 0
6 59 0
0 49 0
Net_id 22
pin_num 4
11 16 0
12 13 0
0 2 0
4 13 0
Net_id 23
pin_num 4
48 5 0
33 0 0
51 14 0
37 4 0
Net_id 24
pin_num 4
9 30 0
3 46 0
0 58 0
20 50 0
Net_id 25
pin_num 4
10 51 0
12 44 0
8 49 0
1 38 0
Net_id 26
pin_num 4
28 14 0
30 20 0
24 20 0
30 34 0
Net_id 27
pin_num 4
6 9 0
11 8 0
34 9 0
33 21 0
Net_id 28
pin_num 4
53 10 0
50 1 0
19 8 0
58 7 0
Net_id 29
pin_num 4
10 36 0
1 32 0
6 37 0
6 24 0
Net_id 30
pin_num 4
32 41 0
27 40 0
26 59 0
22 51 0
Net_id 31
pin_num 4
59 53 0
40 48 0
58 49 0
59 30 0
Net_id 32
pin_num 4
9 12 0
21 20 0
9 10 0
23 16 0
Net_id 33
pin_num 4
41 7 0
51 11 0
23 7 0
26 23 0
Net_id 34
pin_num 4
7 31 0
0 33 0
2 22 0
0 21 0
Net_id 35
pin_num 4
3 21 0
9 31 0
12 25 0
18 18 0
Net_id 36
pin_num 4
55 14 0
50 17 0
56 26 0
50 5 0
Net_id 37
pin_num 4
56 13 0
45 12 0
59 1 0
41 2 0
Net_id 38
pin_num 4
55 10 0
59 21 0
59 13 0
57 6 0
Net_id 39
pin_num 3
54 47 0
48 29 0
59 34 0
Net_id 40
pin_num 3
29 45 0
16 58 0
45 49 0
Net_id 41
pin_num 3
55 42 0
58 21 0
50 20 0
Net_id 42
pin_num 3
25 49 0
45 46 0
56 40 0
Net_id 43
pin_num 3
28 17 0
42 28 0
54 26 0
Net_id 44
pin_num 3
1 4 0
16 1 0
27 6 0
Net_id 45
pin_num 3
54 46 0
50 42 0
53 41 0
Net_id 46
pin_num 3
59 2 0
56 7 0
42 20 0
Net_id 47
pin_num 3
54 51 0
59 54 0
57 39 0
Net_id 48
pin_num 3
36 52 0
25 59 0
45 52 0
Net_id 49
pin_num 3
19 36 0
19 49 0
42 37 0
Net_id 50
pin_num 3
29 18 0
41 18 0
49 40 0
Net_id 51
pin_num 3
12 17 0
3 22 0
18 30 0
Net_id 52
pin_num 3
49 20 0
39 36 0
57 25 0
Net_id 53
pin_num 3
48 39 0
42 33 0
48 59 0
Net_id 54
pin_num 3
48 47 0
55 50 0
56 59 0
Net_id 55
pin_num 3
2 46 0
11 43 0
1 37 0
Net_id 56
pin_num 3
56 50 0
42 36 0
57 35 0
Net_id 57
pin_num 3
27 10 0
19 23 0
17 44 0
Net_id 58
pin_num 3
56 11 0
44 13 0
28 13 0
Net_id 59
pin_num 3
43 43 0
58 47 0
58 39 0
Net_id 60
pin_num 3
14 26 0
0 13 0
14 42 0
Net_id 61
pin_num 3
4 41 0
5 19 0
11 31 0
Net_id 62
pin_num 3
10 30 0
22 40 0
26 44 0
Net_id 63
pin_num 3
1 24 0
11 7 0
23 0 0
Net_id 64
pin_num 3
2 56 0
18 48 0
15 59 0
Net_id 65
pin_num 3
22 7 0
17 1 0
18 8 0
Net_id 66
pin_num 3
56 54 0
45 51 0
58 41 0
Net_id 67
pin_num 3
16 24 0
11 47 0
8 38 0
Net_id 68
pin_num 3
9 7 0
1 18 0
0 3 0
Net_id 69
pin_num 3
39 47 0
23 42 0
48 37 0
Net_id 70
pin_num 3
25 6 0
37 3 0
0 4 0
Net_id 71
pin_num 3
57 29 0
40 24 0
32 2 0
Net_id 72
pin_num 3
22 39 0
26 30 0
15 28 0
Net_id 73
pin_num 3
20 12 0
34 5 0
25 26 0
Net_id 74
pin_num 3
51 59 0
44 54 0
30 57 0
Net_id 75
pin_num 3
58 29 0
58 33 0
55 7 0
Net_id 76
pin_num 3
49 2 0
56 0 0
57 17 0
Net_id 77
pin_num 3
19 30 0
25 33 0
16 21 0
Net_id 78
pin_num 3
48 53 0
30 56 0
39 41 0
Net_id 79
pin_num 3
38 52 0
16 23 0
20 6 0
Net_id 80
pin_num 3
0 18 0
18 11 0
5 17 0
Net_id 81
pin_num 2
6 46 0
4 39 0
Net_id 82
pin_num 2
50 19 0
36 19 0
Net_id 83
pin_num 2
21 25 0
23 34 0
Net_id 84
pin_num 2
58 19 0
45 14 0
Net_id 85
pin_num 2
33 33 0
26 29 0
Net_id 86
pin_num 2
33 22 0
53 35 0
Net_id 87
pin_num 2
9 51 0
4 55 0
Net_id 88
pin_num 2
17 34 0
2 36 0
Net_id 89
pin_num 2
3 58 0
31 57 0
Net_id 90
pin_num 2
46 31 0
48 55 0
Net_id 91
pin_num 2
16 11 0
3 4 0
Net_id 92
pin_num 2
3 18 0
4 37 0
Net_id 93
pin_num 2
41 27 0
52 12 0
Net_id 94
pin_num 2
17 20 0
36 36 0
Net_id 95
pin_num 2
5 28 0
9 28 0
Net_id 96
pin_num 2
58 35 0
52 57 0
Net_id 97
pin_num 2
42 43 0
36 23 0
Net_id 98
pin_num 2
1 35 0
25 38 0
Net_id 99
pin_num 2
52 48 0
55 49 0
Net_id 100
pin_num 2
17 43 0
2 34 0
Net_id 101
pin_num 2
0 36 0
8 31 0
Net_id 102
pin_num 2
52 33 0
47 33 0
Net_id 103
pin_num 2
49 37 0
58 34 0
Net_id 104
pin_num 2
47 14 0
54 17 0
Net_id 105
pin_num 2
38 31 0
43 30 0
Net_id 106
pin_num 2
52 58 0
58 58 0
Net_id 107
pin_num 2
45 55 0
52 59 0
Net_id 108
pin_num 2
23 54 0
15 55 0
Net_id 109
pin_num 2
35 26 0
8 32 0
Net_id 110
pin_num 2
23 36 0
33 28 0
Net_id 111
pin_num 2
57 38 0
36 26 0
Net_id 112
pin_num 2
53 44 0
39 54 0
Net_id 113
pin_num 2
57 30 0
46 36 0
Net_id 114
pin_num 2
5 14 0
1 13 0
Net_id 115
pin_num 2
59 32 0
37 36 0
Net_id 116
pin_num 2
0 8 0
13 16 0
Net_id 117
pin_num 2
48 2 0
58 1 0
Net_id 118
pin_num 2
56 55 0
40 49 0
Net_id 119
pin_num 2
21 52 0
37 40 0
Net_id 120
pin_num 2
54 31 0
36 24 0
Net_id 121
pin_num 2
1 29 0
8 24 0
Net_id 122
pin_num 2
43 26 0
46 37 0
Net_id 123
pin_num 2
1 51 0
22 35 0
Net_id 124
pin_num 2
17 27 0
31 24 0
Net_id 125
pin_num 2
28 10 0
24 23 0
Net_id 126
pin_num 2
14 45 0
0 51 0
Net_id 127
pin_num 2
8 10 0
0 12 0
Net_id 128
pin_num 2
6 27 0
5 15 0
Net_id 129
pin_num 2
13 25 0
13 33 0
Net_id 130
pin_num 2
4 28 0
24 26 0
Net_id 131
pin_num 2
52 54 0
48 56 0
Net_id 132
pin_num 2
49 45 0
59 58 0
Net_id 133
pin_num 2
57 37 0
44 16 0
Net_id 134
pin_num 2
31 23 0
27 19 0
Net_id 135
pin_num 2
48 52 0
57 55 0
Net_id 136
pin_num 2
3 42 0
13 20 0
Net_id 137
pin_num 2
4 23 0
24 22 0
Net_id 138
pin_num 2
49 21 0
44 41 0
Net_id 139
pin_num 2
33 39 0
58 25 0
Net_id 140
pin_num 2
44 21 0
32 22 0
Net_id 141
pin_num 2
52 23 0
56 17 0
Net_id 142
pin_num 2
53 50 0
58 56 0
Net_id 143
pin_num 2
52 42 0
59 29 0
Net_id 144
pin_num 2
8 20 0
18 28 0
Net_id 145
pin_num 2
8 47 0
21 35 0
Net_id 146
pin_num 2
34 24 0
31 29 0
Net_id 147
pin_num 2
11 55 0
15 45 0
Net_id 148
pin_num 2
57 24 0
59 25 0
Net_id 149
pin_num 2
4 38 0
14 44 0
Net_id 150
pin_num 2
18 4 0
27 4 0
Net_id 151
pin_num 2
19 14 0
23 1 0
Net_id 152
pin_num 2
37 6 0
44 6 0
Net_id 153
pin_num 2
6 4 0
4 2 0
Net_id 154
pin_num 2
18 5 0
44 14 0
Net_id 155
pin_num 2
11 41 0
15 25 0
Net_id 156
pin_num 2
19 32 0
24 34 0
Net_id 157
pin_num 2
27 11 0
19 15 0
Net_id 158
pin_num 2
14 8 0
9 8 0
Net_id 159
pin_num 2
49 6 0
40 20 0
Net_id 160
pin_num 2
33 38 0
30 54 0
