Width 60
Height 60
Layer 6
Total_WL 6978
Obstacle_num 144
48 45 0 55 46 0
45 21 0 53 22 0
8 18 0 11 19 0
53 13 0 57 14 0
16 18 0 23 19 0
29 31 0 34 32 0
38 47 0 42 48 0
18 14 0 25 15 0
51 0 0 58 1 0
37 12 0 41 13 0
16 55 0 20 56 0
20 58 0 25 59 0
11 45 0 20 46 0
43 6 0 53 7 0
9 17 0 12 18 0
24 54 0 33 55 0
27 15 0 35 16 0
39 6 0 42 7 0
13 10 0 21 11 0
49 4 0 59 5 0
42 0 0 45 1 0
52 43 0 55 44 0
37 4 0 47 5 0
37 58 0 43 59 0
26 51 1 27 59 1
38 19 1 39 23 1
42 45 1 43 49 1
21 2 1 22 7 1
18 56 1 19 59 1
40 14 1 41 24 1
27 34 1 28 42 1
19 49 1 20 57 1
10 9 1 11 17 1
26 7 1 27 11 1
12 27 1 13 31 1
42 12 1 43 22 1
6 50 1 7 54 1
6 24 1 7 31 1
43 39 1 44 47 1
19 32 1 20 39 1
8 39 1 9 48 1
35 6 1 36 13 1
9 47 1 10 54 1
5 23 1 6 29 1
43 32 1 44 39 1
17 15 1 18 18 1
33 30 1 34 37 1
37 10 1 38 18 1
43 24 2 47 25 2
26 42 2 30 43 2
22 33 2 25 34 2
13 4 2 16 5 2
46 56 2 49 57 2
4 23 2 9 24 2
14 29 2 22 30 2
5 49 2 10 50 2
49 25 2 56 26 2
30 0 2 34 1 2
47 58 2 57 59 2
33 4 2 43 5 2
29 25 2 34 26 2
40 57 2 48 58 2
24 5 2 32 6 2
33 34 2 42 35 2
47 13 2 57 14 2
20 3 2 28 4 2
16 48 2 19 49 2
15 9 2 20 10 2
0 9 2 4 10 2
14 18 2 23 19 2
44 44 2 47 45 2
47 12 2 51 13 2
16 15 3 17 25 3
27 46 3 28 53 3
5 33 3 6 41 3
15 34 3 16 43 3
52 48 3 53 54 3
43 7 3 44 10 3
3 11 3 4 14 3
52 23 3 53 32 3
10 11 3 11 17 3
20 47 3 21 54 3
45 40 3 46 46 3
7 0 3 8 8 3
24 19 3 25 28 3
28 12 3 29 18 3
30 15 3 31 19 3
55 33 3 56 39 3
32 32 3 33 37 3
33 44 3 34 51 3
25 45 3 26 55 3
50 9 3 51 19 3
35 32 3 36 37 3
46 28 3 47 31 3
1 15 3 2 23 3
12 20 3 13 25 3
7 57 4 11 58 4
23 2 4 32 3 4
21 52 4 31 53 4
23 43 4 29 44 4
42 38 4 48 39 4
50 13 4 56 14 4
45 27 4 54 28 4
28 38 4 31 39 4
16 35 4 21 36 4
3 13 4 11 14 4
28 5 4 35 6 4
28 51 4 34 52 4
7 45 4 14 46 4
29 21 4 32 22 4
27 31 4 35 32 4
14 3 4 21 4 4
33 26 4 38 27 4
21 25 4 25 26 4
52 24 4 59 25 4
52 17 4 57 18 4
53 16 4 59 17 4
43 33 4 52 34 4
50 12 4 56 13 4
33 23 4 38 24 4
4 19 5 5 25 5
20 3 5 21 12 5
2 11 5 3 21 5
34 12 5 35 16 5
15 28 5 16 32 5
26 21 5 27 24 5
40 46 5 41 52 5
20 39 5 21 42 5
5 51 5 6 58 5
36 22 5 37 32 5
33 28 5 34 36 5
30 43 5 31 49 5
19 5 5 20 14 5
0 6 5 1 11 5
48 1 5 49 9 5
56 5 5 57 8 5
41 8 5 42 14 5
42 4 5 43 14 5
17 32 5 18 42 5
47 22 5 48 26 5
33 6 5 34 15 5
3 21 5 4 30 5
45 32 5 46 35 5
57 25 5 58 31 5
Net_num 160
Net_id 0
pin_num 5
14 24 0
0 28 0
0 14 0
9 39 0
5 24 0
Net_id 1
pin_num 5
31 40 0
35 44 0
37 42 0
13 40 0
29 57 0
Net_id 2
pin_num 5
26 22 0
22 26 0
22 47 0
40 45 0
23 27 0
Net_id 3
pin_num 5
41 57 0
57 56 0
56 49 0
59 59 0
53 49 0
Net_id 4
pin_num 5
8 44 0
0 38 0
19 39 0
3 50 0
4 25 0
Net_id 5
pin_num 5
16 23 0
18 8 0
28 8 0
38 10 0
20 23 0
Net_id 6
pin_num 5
53 52 0
46 52 0
52 59 0
52 36 0
49 59 0
Net_id 7
pin_num 5
29 51 0
36 59 0
18 59 0
20 46 0
36 46 0
Net_id 8
pin_num 5
41 55 0
44 51 0
31 44 0
58 48 0
40 36 0
Net_id 9
pin_num 5
24 56 0
35 52 0
25 38 0
59 48 0
51 53 0
Net_id 10
pin_num 5
32 8 0
22 7 0
22 24 0
17 14 0
30 12 0
Net_id 11
pin_num 5
40 18 0
33 19 0
39 19 0
25 19 0
29 26 0
Net_id 12
pin_num 5
46 31 0
50 31 0
49 46 0
47 37 0
34 36 0
Net_id 13
pin_num 5
6 20 0
11 25 0
10 40 0
33 23 0
23 20 0
Net_id 14
pin_num 5
23 48 0
32 52 0
26 42 0
45 52 0
29 34 0
Net_id 15
pin_num 5
6 4 0
21 4 0
10 0 0
0 7 0
16 5 0
Net_id 16
pin_num 5
37 3 0
22 0 0
34 8 0
45 0 0
27 11 0
Net_id 17
pin_num 5
17 49 0
20 50 0
14 50 0
25 58 0
14 59 0
Net_id 18
pin_num 5
56 56 0
41 54 0
37 48 0
58 59 0
46 48 0
Net_id 19
pin_num 5
31 33 0
21 42 0
32 27 0
11 42 0
39 36 0
Net_id 20
pin_num 4
51 50 0
48 42 0
36 47 0
48 36 0
Net_id 21
pin_num 4
4 48 0
1 43 0
1 35 0
9 46 0
Net_id 22
pin_num 4
7 19 0
1 15 0
1 34 0
23 19 0
Net_id 23
pin_num 4
59 13 0
58 21 0
51 17 0
35 20 0
Net_id 24
pin_num 4
36 34 0
30 36 0
30 49 0
30 13 0
Net_id 25
pin_num 4
21 39 0
29 53 0
39 43 0
24 19 0
Net_id 26
pin_num 4
7 10 0
7 0 0
13 26 0
15 3 0
Net_id 27
pin_num 4
19 38 0
25 31 0
20 45 0
36 35 0
Net_id 28
pin_num 4
46 10 0
47 14 0
59 18 0
45 15 0
Net_id 29
pin_num 4
45 35 0
48 25 0
37 25 0
47 48 0
Net_id 30
pin_num 4
19 16 0
26 16 0
44 16 0
46 13 0
Net_id 31
pin_num 4
25 44 0
36 38 0
28 55 0
34 59 0
Net_id 32
pin_num 4
15 7 0
3 3 0
21 0 0
21 1 0
Net_id 33
pin_num 4
57 23 0
56 24 0
59 9 0
46 19 0
Net_id 34
pin_num 4
46 51 0
56 58 0
45 38 0
40 55 0
Net_id 35
pin_num 4
21 17 0
6 10 0
35 17 0
47 17 0
Net_id 36
pin_num 4
15 18 0
12 32 0
46 0 0
15 15 0
Net_id 37
pin_num 4
21 28 0
6 22 0
32 22 0
8 32 0
Net_id 38
pin_num 4
24 8 0
18 7 0
29 1 0
28 1 0
Net_id 39
pin_num 4
50 43 0
41 43 0
43 47 0
42 59 0
Net_id 40
pin_num 3
57 46 0
50 41 0
50 17 0
Net_id 41
pin_num 3
16 52 0
23 46 0
18 57 0
Net_id 42
pin_num 3
52 44 0
57 54 0
44 45 0
Net_id 43
pin_num 3
24 36 0
12 36 0
20 37 0
Net_id 44
pin_num 3
33 39 0
12 9 0
0 33 0
Net_id 45
pin_num 3
4 47 0
3 59 0
2 40 0
Net_id 46
pin_num 3
21 47 0
4 43 0
45 53 0
Net_id 47
pin_num 3
23 43 0
49 48 0
54 59 0
Net_id 48
pin_num 3
56 8 0
59 29 0
41 18 0
Net_id 49
pin_num 3
50 39 0
42 38 0
37 39 0
Net_id 50
pin_num 3
12 49 0
4 58 0
15 25 0
Net_id 51
pin_num 3
27 1 0
22 6 0
19 5 0
Net_id 52
pin_num 3
43 8 0
34 11 0
35 29 0
Net_id 53
pin_num 3
1 20 0
2 1 0
11 8 0
Net_id 54
pin_num 3
17 22 0
31 20 0
46 11 0
Net_id 55
pin_num 3
48 29 0
57 13 0
51 14 0
Net_id 56
pin_num 3
17 57 0
12 48 0
2 49 0
Net_id 57
pin_num 3
44 15 0
25 4 0
28 30 0
Net_id 58
pin_num 3
51 46 0
59 31 0
51 47 0
Net_id 59
pin_num 3
54 26 0
48 26 0
47 30 0
Net_id 60
pin_num 3
57 9 0
36 11 0
39 24 0
Net_id 61
pin_num 3
12 38 0
13 38 0
25 37 0
Net_id 62
pin_num 3
0 25 0
4 15 0
3 6 0
Net_id 63
pin_num 3
10 22 0
16 21 0
14 41 0
Net_id 64
pin_num 3
19 13 0
21 21 0
48 17 0
Net_id 65
pin_num 3
17 38 0
12 46 0
9 16 0
Net_id 66
pin_num 3
28 37 0
46 42 0
31 28 0
Net_id 67
pin_num 3
34 9 0
18 24 0
2 27 0
Net_id 68
pin_num 3
38 21 0
31 21 0
41 21 0
Net_id 69
pin_num 3
52 57 0
55 48 0
54 49 0
Net_id 70
pin_num 3
51 7 0
56 21 0
19 15 0
Net_id 71
pin_num 3
36 40 0
44 41 0
29 41 0
Net_id 72
pin_num 3
44 58 0
42 53 0
37 44 0
Net_id 73
pin_num 3
40 19 0
57 58 0
52 11 0
Net_id 74
pin_num 3
44 40 0
56 40 0
57 57 0
Net_id 75
pin_num 3
19 43 0
9 44 0
23 57 0
Net_id 76
pin_num 3
12 11 0
36 15 0
43 7 0
Net_id 77
pin_num 3
33 27 0
48 27 0
53 37 0
Net_id 78
pin_num 3
48 41 0
33 53 0
21 45 0
Net_id 79
pin_num 2
11 41 0
19 25 0
Net_id 80
pin_num 2
33 50 0
27 49 0
Net_id 81
pin_num 2
45 42 0
21 50 0
Net_id 82
pin_num 2
23 3 0
39 1 0
Net_id 83
pin_num 2
30 6 0
31 9 0
Net_id 84
pin_num 2
11 29 0
11 43 0
Net_id 85
pin_num 2
38 49 0
32 38 0
Net_id 86
pin_num 2
22 15 0
25 10 0
Net_id 87
pin_num 2
13 51 0
27 55 0
Net_id 88
pin_num 2
40 9 0
56 32 0
Net_id 89
pin_num 2
59 34 0
55 32 0
Net_id 90
pin_num 2
54 18 0
48 16 0
Net_id 91
pin_num 2
24 47 0
8 52 0
Net_id 92
pin_num 2
42 21 0
55 28 0
Net_id 93
pin_num 2
44 49 0
44 46 0
Net_id 94
pin_num 2
8 26 0
16 6 0
Net_id 95
pin_num 2
5 6 0
2 15 0
Net_id 96
pin_num 2
38 48 0
51 57 0
Net_id 97
pin_num 2
22 28 0
28 26 0
Net_id 98
pin_num 2
45 33 0
57 51 0
Net_id 99
pin_num 2
0 2 0
3 4 0
Net_id 100
pin_num 2
15 12 0
2 26 0
Net_id 101
pin_num 2
36 58 0
24 55 0
Net_id 102
pin_num 2
39 20 0
45 8 0
Net_id 103
pin_num 2
2 3 0
6 6 0
Net_id 104
pin_num 2
20 3 0
1 8 0
Net_id 105
pin_num 2
13 2 0
31 5 0
Net_id 106
pin_num 2
8 40 0
19 44 0
Net_id 107
pin_num 2
5 32 0
0 34 0
Net_id 108
pin_num 2
41 35 0
59 30 0
Net_id 109
pin_num 2
5 45 0
2 43 0
Net_id 110
pin_num 2
12 0 0
8 7 0
Net_id 111
pin_num 2
41 29 0
29 52 0
Net_id 112
pin_num 2
49 35 0
41 50 0
Net_id 113
pin_num 2
24 41 0
17 44 0
Net_id 114
pin_num 2
46 53 0
51 54 0
Net_id 115
pin_num 2
34 46 0
41 45 0
Net_id 116
pin_num 2
26 24 0
17 13 0
Net_id 117
pin_num 2
0 54 0
10 54 0
Net_id 118
pin_num 2
13 16 0
2 41 0
Net_id 119
pin_num 2
16 30 0
0 30 0
Net_id 120
pin_num 2
25 36 0
24 44 0
Net_id 121
pin_num 2
39 40 0
33 28 0
Net_id 122
pin_num 2
6 8 0
1 1 0
Net_id 123
pin_num 2
59 41 0
42 44 0
Net_id 124
pin_num 2
28 32 0
12 44 0
Net_id 125
pin_num 2
23 12 0
33 1 0
Net_id 126
pin_num 2
33 29 0
54 54 0
Net_id 127
pin_num 2
8 55 0
2 56 0
Net_id 128
pin_num 2
28 11 0
39 5 0
Net_id 129
pin_num 2
33 32 0
56 35 0
Net_id 130
pin_num 2
32 23 0
27 23 0
Net_id 131
pin_num 2
44 1 0
54 35 0
Net_id 132
pin_num 2
52 47 0
58 32 0
Net_id 133
pin_num 2
55 53 0
55 41 0
Net_id 134
pin_num 2
1 39 0
24 49 0
Net_id 135
pin_num 2
23 55 0
11 53 0
Net_id 136
pin_num 2
52 23 0
45 29 0
Net_id 137
pin_num 2
12 27 0
8 28 0
Net_id 138
pin_num 2
26 32 0
44 7 0
Net_id 139
pin_num 2
44 14 0
26 37 0
Net_id 140
pin_num 2
35 48 0
36 52 0
Net_id 141
pin_num 2
2 7 0
13 8 0
Net_id 142
pin_num 2
15 55 0
32 28 0
Net_id 143
pin_num 2
1 31 0
23 51 0
Net_id 144
pin_num 2
54 5 0
35 5 0
Net_id 145
pin_num 2
51 41 0
57 35 0
Net_id 146
pin_num 2
35 7 0
8 22 0
Net_id 147
pin_num 2
25 29 0
44 8 0
Net_id 148
pin_num 2
7 15 0
1 4 0
Net_id 149
pin_num 2
46 54 0
40 56 0
Net_id 150
pin_num 2
43 54 0
44 53 0
Net_id 151
pin_num 2
24 3 0
46 14 0
Net_id 152
pin_num 2
58 58 0
47 50 0
Net_id 153
pin_num 2
4 40 0
5 37 0
Net_id 154
pin_num 2
59 50 0
35 53 0
Net_id 155
pin_num 2
44 39 0
24 42 0
Net_id 156
pin_num 2
37 55 0
46 36 0
Net_id 157
pin_num 2
2 17 0
17 31 0
Net_id 158
pin_num 2
4 57 0
0 49 0
Net_id 159
pin_num 2
15 26 0
19 26 0
