Width 60
Height 60
Layer 6
Total_WL 6814
Obstacle_num 144
45 15 0 52 16 0
7 18 0 14 19 0
18 18 0 22 19 0
44 6 0 50 7 0
9 56 0 13 57 0
45 29 0 54 30 0
20 11 0 23 12 0
35 32 0 44 33 0
35 6 0 40 7 0
34 43 0 40 44 0
40 12 0 50 13 0
53 27 0 58 28 0
45 3 0 49 4 0
51 18 0 55 19 0
27 3 0 33 4 0
8 4 0 17 5 0
12 13 0 15 14 0
34 34 0 37 35 0
55 43 0 59 44 0
9 25 0 18 26 0
40 16 0 46 17 0
4 8 0 13 9 0
5 16 0 11 17 0
32 26 0 40 27 0
39 8 1 40 11 1
7 43 1 8 52 1
18 39 1 19 46 1
36 44 1 37 49 1
1 2 1 2 6 1
43 37 1 44 44 1
50 32 1 51 42 1
37 52 1 38 55 1
54 14 1 55 17 1
20 8 1 21 13 1
37 35 1 38 39 1
21 35 1 22 45 1
2 22 1 3 27 1
51 23 1 52 27 1
28 22 1 29 30 1
52 3 1 53 11 1
21 46 1 22 52 1
38 17 1 39 22 1
57 56 1 58 59 1
21 14 1 22 17 1
27 12 1 28 19 1
29 27 1 30 35 1
53 13 1 54 22 1
6 32 1 7 35 1
49 8 2 57 9 2
39 46 2 44 47 2
43 28 2 53 29 2
28 4 2 36 5 2
22 4 2 27 5 2
35 45 2 41 46 2
4 29 2 11 30 2
32 20 2 36 21 2
5 51 2 13 52 2
44 42 2 48 43 2
2 38 2 10 39 2
3 53 2 8 54 2
27 50 2 35 51 2
1 27 2 7 28 2
29 30 2 36 31 2
13 47 2 22 48 2
43 10 2 48 11 2
49 1 2 52 2 2
9 54 2 19 55 2
12 57 2 20 58 2
12 26 2 19 27 2
25 44 2 35 45 2
47 44 2 51 45 2
53 31 2 59 32 2
51 21 3 52 28 3
15 25 3 16 28 3
14 33 3 15 36 3
41 45 3 42 53 3
13 18 3 14 25 3
34 27 3 35 36 3
18 8 3 19 16 3
35 7 3 36 11 3
31 52 3 32 59 3
30 15 3 31 24 3
34 0 3 35 3 3
47 35 3 48 38 3
16 28 3 17 33 3
3 37 3 4 46 3
55 43 3 56 47 3
2 48 3 3 52 3
0 38 3 1 46 3
2 34 3 3 42 3
31 13 3 32 19 3
1 32 3 2 35 3
33 21 3 34 29 3
27 2 3 28 11 3
16 44 3 17 50 3
3 3 3 4 11 3
15 40 4 21 41 4
52 20 4 56 21 4
27 17 4 32 18 4
5 31 4 8 32 4
26 5 4 31 6 4
26 1 4 35 2 4
46 38 4 49 39 4
17 53 4 21 54 4
26 4 4 30 5 4
0 40 4 6 41 4
28 12 4 31 13 4
35 2 4 43 3 4
21 37 4 28 38 4
31 6 4 39 7 4
27 47 4 32 48 4
39 35 4 46 36 4
32 20 4 39 21 4
35 10 4 42 11 4
21 35 4 31 36 4
17 57 4 24 58 4
39 48 4 48 49 4
21 7 4 31 8 4
16 36 4 22 37 4
10 24 4 19 25 4
31 34 5 32 38 5
49 11 5 50 16 5
21 3 5 22 6 5
35 9 5 36 12 5
32 21 5 33 29 5
55 17 5 56 22 5
36 26 5 37 34 5
52 2 5 53 7 5
23 18 5 24 27 5
48 16 5 49 23 5
14 22 5 15 26 5
31 20 5 32 24 5
44 29 5 45 37 5
15 43 5 16 48 5
4 21 5 5 29 5
55 2 5 56 11 5
38 10 5 39 20 5
52 38 5 53 41 5
0 43 5 1 50 5
53 26 5 54 31 5
24 33 5 25 36 5
7 39 5 8 46 5
12 13 5 13 21 5
40 24 5 41 33 5
Net_num 162
Net_id 0
pin_num 5
10 40 0
1 40 0
2 45 0
9 47 0
4 59 0
Net_id 1
pin_num 5
31 7 0
36 16 0
37 0 0
55 16 0
8 7 0
Net_id 2
pin_num 5
2 21 0
18 25 0
32 25 0
28 24 0
12 29 0
Net_id 3
pin_num 5
50 57 0
54 52 0
59 54 0
46 57 0
57 47 0
Net_id 4
pin_num 5
5 5 0
10 17 0
7 15 0
0 16 0
4 24 0
Net_id 5
pin_num 5
6 19 0
1 14 0
20 16 0
30 16 0
15 9 0
Net_id 6
pin_num 5
38 10 0
51 6 0
43 30 0
59 27 0
59 12 0
Net_id 7
pin_num 5
54 41 0
59 43 0
58 57 0
53 46 0
47 46 0
Net_id 8
pin_num 5
20 35 0
14 37 0
14 17 0
38 17 0
14 1 0
Net_id 9
pin_num 5
59 35 0
55 36 0
56 22 0
55 53 0
32 36 0
Net_id 10
pin_num 5
57 17 0
44 20 0
48 1 0
47 11 0
45 22 0
Net_id 11
pin_num 5
48 37 0
55 37 0
52 58 0
37 39 0
52 31 0
Net_id 12
pin_num 5
54 12 0
58 25 0
59 23 0
57 40 0
58 28 0
Net_id 13
pin_num 5
47 18 0
53 32 0
52 59 0
59 44 0
31 36 0
Net_id 14
pin_num 5
31 27 0
24 27 0
38 27 0
19 23 0
33 47 0
Net_id 15
pin_num 5
43 46 0
46 47 0
46 53 0
56 45 0
48 59 0
Net_id 16
pin_num 5
46 37 0
37 34 0
45 53 0
47 43 0
41 34 0
Net_id 17
pin_num 5
29 23 0
19 27 0
8 24 0
26 20 0
17 21 0
Net_id 18
pin_num 5
46 21 0
57 16 0
55 24 0
48 30 0
49 34 0
Net_id 19
pin_num 4
6 43 0
3 35 0
3 23 0
20 34 0
Net_id 20
pin_num 4
21 28 0
3 28 0
23 22 0
10 46 0
Net_id 21
pin_num 4
22 21 0
23 16 0
33 19 0
14 19 0
Net_id 22
pin_num 4
41 10 0
44 22 0
55 23 0
50 0 0
Net_id 23
pin_num 4
24 50 0
18 50 0
44 47 0
42 55 0
Net_id 24
pin_num 4
8 52 0
5 59 0
6 46 0
23 59 0
Net_id 25
pin_num 4
57 8 0
59 13 0
43 0 0
48 2 0
Net_id 26
pin_num 4
1 13 0
7 27 0
7 20 0
8 0 0
Net_id 27
pin_num 4
50 8 0
58 5 0
57 1 0
51 1 0
Net_id 28
pin_num 4
30 58 0
33 59 0
6 58 0
28 46 0
Net_id 29
pin_num 4
24 0 0
31 0 0
29 10 0
42 6 0
Net_id 30
pin_num 4
22 42 0
20 36 0
30 33 0
36 28 0
Net_id 31
pin_num 4
32 44 0
28 42 0
5 44 0
19 49 0
Net_id 32
pin_num 4
47 40 0
35 48 0
37 55 0
6 57 0
Net_id 33
pin_num 4
1 56 0
8 55 0
21 58 0
1 34 0
Net_id 34
pin_num 4
0 23 0
15 18 0
5 11 0
0 18 0
Net_id 35
pin_num 4
58 16 0
57 13 0
58 11 0
55 7 0
Net_id 36
pin_num 4
1 41 0
8 54 0
5 25 0
21 34 0
Net_id 37
pin_num 4
8 35 0
16 22 0
1 26 0
7 19 0
Net_id 38
pin_num 4
39 33 0
22 22 0
30 6 0
40 25 0
Net_id 39
pin_num 4
49 58 0
36 55 0
55 44 0
37 49 0
Net_id 40
pin_num 3
25 13 0
34 13 0
55 18 0
Net_id 41
pin_num 3
48 22 0
55 20 0
47 9 0
Net_id 42
pin_num 3
59 14 0
52 19 0
37 19 0
Net_id 43
pin_num 3
34 56 0
38 42 0
3 50 0
Net_id 44
pin_num 3
23 18 0
36 18 0
28 10 0
Net_id 45
pin_num 3
35 29 0
52 30 0
20 29 0
Net_id 46
pin_num 3
55 38 0
39 40 0
39 52 0
Net_id 47
pin_num 3
34 14 0
13 14 0
7 35 0
Net_id 48
pin_num 3
3 42 0
10 27 0
22 34 0
Net_id 49
pin_num 3
23 37 0
34 46 0
22 30 0
Net_id 50
pin_num 3
16 51 0
6 47 0
54 45 0
Net_id 51
pin_num 3
31 51 0
59 51 0
58 37 0
Net_id 52
pin_num 3
13 54 0
24 55 0
20 33 0
Net_id 53
pin_num 3
1 10 0
19 10 0
5 37 0
Net_id 54
pin_num 3
47 42 0
56 44 0
54 25 0
Net_id 55
pin_num 3
47 2 0
57 18 0
42 13 0
Net_id 56
pin_num 3
14 43 0
21 55 0
23 47 0
Net_id 57
pin_num 3
0 11 0
15 0 0
23 8 0
Net_id 58
pin_num 3
49 48 0
57 20 0
59 52 0
Net_id 59
pin_num 3
38 11 0
21 21 0
42 22 0
Net_id 60
pin_num 3
7 31 0
22 28 0
11 9 0
Net_id 61
pin_num 3
41 52 0
46 56 0
53 51 0
Net_id 62
pin_num 3
55 14 0
35 23 0
12 11 0
Net_id 63
pin_num 3
5 32 0
19 37 0
22 18 0
Net_id 64
pin_num 3
30 21 0
41 13 0
46 11 0
Net_id 65
pin_num 3
54 35 0
38 37 0
53 39 0
Net_id 66
pin_num 3
24 26 0
1 12 0
1 57 0
Net_id 67
pin_num 3
37 57 0
44 45 0
38 41 0
Net_id 68
pin_num 3
32 47 0
27 56 0
40 47 0
Net_id 69
pin_num 3
48 9 0
57 10 0
52 11 0
Net_id 70
pin_num 3
1 47 0
17 31 0
6 37 0
Net_id 71
pin_num 3
39 27 0
45 31 0
45 49 0
Net_id 72
pin_num 3
43 55 0
54 55 0
19 43 0
Net_id 73
pin_num 3
15 1 0
24 2 0
23 1 0
Net_id 74
pin_num 3
42 0 0
26 2 0
29 38 0
Net_id 75
pin_num 3
28 40 0
41 42 0
56 39 0
Net_id 76
pin_num 3
26 26 0
19 6 0
27 20 0
Net_id 77
pin_num 3
20 41 0
17 45 0
15 50 0
Net_id 78
pin_num 3
3 2 0
2 6 0
0 15 0
Net_id 79
pin_num 3
21 47 0
34 47 0
39 18 0
Net_id 80
pin_num 2
55 52 0
51 58 0
Net_id 81
pin_num 2
6 6 0
2 20 0
Net_id 82
pin_num 2
9 1 0
0 1 0
Net_id 83
pin_num 2
55 35 0
45 26 0
Net_id 84
pin_num 2
36 37 0
35 46 0
Net_id 85
pin_num 2
10 23 0
17 23 0
Net_id 86
pin_num 2
28 8 0
53 5 0
Net_id 87
pin_num 2
0 44 0
4 44 0
Net_id 88
pin_num 2
41 1 0
44 2 0
Net_id 89
pin_num 2
24 4 0
28 6 0
Net_id 90
pin_num 2
6 48 0
11 43 0
Net_id 91
pin_num 2
48 10 0
57 19 0
Net_id 92
pin_num 2
17 22 0
22 15 0
Net_id 93
pin_num 2
17 47 0
22 46 0
Net_id 94
pin_num 2
47 25 0
46 41 0
Net_id 95
pin_num 2
32 2 0
51 4 0
Net_id 96
pin_num 2
29 43 0
2 53 0
Net_id 97
pin_num 2
17 58 0
3 51 0
Net_id 98
pin_num 2
21 54 0
1 58 0
Net_id 99
pin_num 2
25 1 0
23 0 0
Net_id 100
pin_num 2
21 38 0
8 33 0
Net_id 101
pin_num 2
36 21 0
45 13 0
Net_id 102
pin_num 2
51 41 0
45 35 0
Net_id 103
pin_num 2
46 49 0
51 52 0
Net_id 104
pin_num 2
34 57 0
11 42 0
Net_id 105
pin_num 2
49 5 0
50 13 0
Net_id 106
pin_num 2
27 47 0
24 48 0
Net_id 107
pin_num 2
58 32 0
53 40 0
Net_id 108
pin_num 2
36 25 0
42 30 0
Net_id 109
pin_num 2
44 43 0
43 45 0
Net_id 110
pin_num 2
5 20 0
5 30 0
Net_id 111
pin_num 2
48 48 0
32 40 0
Net_id 112
pin_num 2
2 5 0
16 0 0
Net_id 113
pin_num 2
33 44 0
55 28 0
Net_id 114
pin_num 2
33 40 0
46 27 0
Net_id 115
pin_num 2
48 33 0
56 37 0
Net_id 116
pin_num 2
31 24 0
22 13 0
Net_id 117
pin_num 2
54 56 0
35 52 0
Net_id 118
pin_num 2
22 53 0
41 41 0
Net_id 119
pin_num 2
32 15 0
47 0 0
Net_id 120
pin_num 2
29 12 0
22 8 0
Net_id 121
pin_num 2
44 11 0
32 39 0
Net_id 122
pin_num 2
32 52 0
29 58 0
Net_id 123
pin_num 2
11 6 0
21 10 0
Net_id 124
pin_num 2
21 32 0
45 32 0
Net_id 125
pin_num 2
28 2 0
41 17 0
Net_id 126
pin_num 2
33 53 0
23 28 0
Net_id 127
pin_num 2
16 29 0
9 11 0
Net_id 128
pin_num 2
36 35 0
25 21 0
Net_id 129
pin_num 2
32 10 0
13 2 0
Net_id 130
pin_num 2
10 20 0
7 13 0
Net_id 131
pin_num 2
11 53 0
11 40 0
Net_id 132
pin_num 2
14 8 0
12 19 0
Net_id 133
pin_num 2
53 24 0
58 4 0
Net_id 134
pin_num 2
8 25 0
6 17 0
Net_id 135
pin_num 2
8 37 0
18 31 0
Net_id 136
pin_num 2
50 51 0
46 51 0
Net_id 137
pin_num 2
25 46 0
29 48 0
Net_id 138
pin_num 2
17 2 0
23 15 0
Net_id 139
pin_num 2
49 20 0
53 30 0
Net_id 140
pin_num 2
44 58 0
38 53 0
Net_id 141
pin_num 2
34 38 0
25 22 0
Net_id 142
pin_num 2
20 39 0
2 32 0
Net_id 143
pin_num 2
20 52 0
35 38 0
Net_id 144
pin_num 2
53 3 0
51 3 0
Net_id 145
pin_num 2
27 32 0
50 45 0
Net_id 146
pin_num 2
16 30 0
2 30 0
Net_id 147
pin_num 2
57 24 0
55 30 0
Net_id 148
pin_num 2
11 12 0
2 12 0
Net_id 149
pin_num 2
31 45 0
41 51 0
Net_id 150
pin_num 2
32 22 0
34 3 0
Net_id 151
pin_num 2
43 3 0
26 10 0
Net_id 152
pin_num 2
9 45 0
16 55 0
Net_id 153
pin_num 2
30 5 0
48 8 0
Net_id 154
pin_num 2
31 35 0
17 40 0
Net_id 155
pin_num 2
41 49 0
22 58 0
Net_id 156
pin_num 2
33 1 0
51 11 0
Net_id 157
pin_num 2
48 54 0
40 56 0
Net_id 158
pin_num 2
53 23 0
40 26 0
Net_id 159
pin_num 2
39 53 0
43 47 0
Net_id 160
pin_num 2
4 38 0
18 33 0
Net_id 161
pin_num 2
57 4 0
51 12 0
