Width 60
Height 60
Layer 6
Total_WL 7183
Obstacle_num 144
8 10 0 17 11 0
15 11 0 25 12 0
13 33 0 22 34 0
39 43 0 48 44 0
49 44 0 59 45 0
25 8 0 28 9 0
37 35 0 44 36 0
31 53 0 36 54 0
10 24 0 20 25 0
11 7 0 20 8 0
13 5 0 23 6 0
45 4 0 54 5 0
22 34 0 32 35 0
47 2 0 54 3 0
43 27 0 46 28 0
48 39 0 55 40 0
30 46 0 33 47 0
43 18 0 52 19 0
45 35 0 55 36 0
4 2 0 7 3 0
39 12 0 46 13 0
27 57 0 34 58 0
27 44 0 34 45 0
22 23 0 29 24 0
38 38 1 39 41 1
48 55 1 49 58 1
24 50 1 25 53 1
52 46 1 53 53 1
1 37 1 2 43 1
18 49 1 19 56 1
37 34 1 38 37 1
50 31 1 51 41 1
4 27 1 5 33 1
38 8 1 39 13 1
9 1 1 10 7 1
33 15 1 34 18 1
25 28 1 26 33 1
37 45 1 38 49 1
49 34 1 50 37 1
15 13 1 16 23 1
17 24 1 18 28 1
29 10 1 30 18 1
49 52 1 50 56 1
58 50 1 59 57 1
43 22 1 44 28 1
7 15 1 8 22 1
54 19 1 55 26 1
6 8 1 7 17 1
36 51 2 39 52 2
8 23 2 15 24 2
3 46 2 11 47 2
48 24 2 54 25 2
49 25 2 56 26 2
43 33 2 51 34 2
10 10 2 19 11 2
45 1 2 48 2 2
50 32 2 59 33 2
29 48 2 34 49 2
37 28 2 40 29 2
36 30 2 39 31 2
23 32 2 32 33 2
14 37 2 23 38 2
0 7 2 10 8 2
23 40 2 33 41 2
12 38 2 22 39 2
42 41 2 48 42 2
38 12 2 41 13 2
39 8 2 42 9 2
51 31 2 58 32 2
8 17 2 16 18 2
55 22 2 58 23 2
10 5 2 17 6 2
31 21 3 32 25 3
56 37 3 57 42 3
40 17 3 41 27 3
51 20 3 52 26 3
22 5 3 23 10 3
52 24 3 53 34 3
29 6 3 30 11 3
21 38 3 22 47 3
45 3 3 46 9 3
49 44 3 50 50 3
49 23 3 50 32 3
51 30 3 52 35 3
44 11 3 45 19 3
20 31 3 21 36 3
20 3 3 21 11 3
15 36 3 16 46 3
43 50 3 44 55 3
41 1 3 42 11 3
38 39 3 39 42 3
12 2 3 13 7 3
20 24 3 21 29 3
34 26 3 35 33 3
34 38 3 35 48 3
24 7 3 25 13 3
34 38 4 37 39 4
23 36 4 28 37 4
4 56 4 14 57 4
12 29 4 20 30 4
18 40 4 27 41 4
19 55 4 22 56 4
44 13 4 47 14 4
10 38 4 19 39 4
52 58 4 57 59 4
30 25 4 40 26 4
15 25 4 19 26 4
21 43 4 29 44 4
32 52 4 39 53 4
27 5 4 36 6 4
14 32 4 21 33 4
41 57 4 45 58 4
10 33 4 19 34 4
31 7 4 34 8 4
17 44 4 20 45 4
38 7 4 46 8 4
25 14 4 35 15 4
39 32 4 47 33 4
44 40 4 48 41 4
6 35 4 13 36 4
33 25 5 34 34 5
20 44 5 21 49 5
30 19 5 31 23 5
55 18 5 56 22 5
39 4 5 40 9 5
16 26 5 17 30 5
22 0 5 23 3 5
46 48 5 47 58 5
18 40 5 19 49 5
13 13 5 14 21 5
35 52 5 36 57 5
31 47 5 32 56 5
38 20 5 39 29 5
37 22 5 38 25 5
43 48 5 44 54 5
32 32 5 33 41 5
41 43 5 42 53 5
31 5 5 32 13 5
56 20 5 57 26 5
53 40 5 54 44 5
29 15 5 30 24 5
6 6 5 7 14 5
54 19 5 55 25 5
44 14 5 45 18 5
Net_num 163
Net_id 0
pin_num 5
35 1 0
47 5 0
42 0 0
45 21 0
39 0 0
Net_id 1
pin_num 5
17 50 0
20 42 0
13 44 0
16 29 0
3 39 0
Net_id 2
pin_num 5
39 14 0
45 14 0
58 14 0
43 1 0
42 18 0
Net_id 3
pin_num 5
21 41 0
34 47 0
33 59 0
23 59 0
26 50 0
Net_id 4
pin_num 5
24 1 0
27 2 0
18 1 0
19 21 0
16 2 0
Net_id 5
pin_num 5
10 40 0
18 41 0
3 41 0
18 31 0
41 37 0
Net_id 6
pin_num 5
29 14 0
39 5 0
35 0 0
44 13 0
41 6 0
Net_id 7
pin_num 5
16 35 0
14 38 0
0 45 0
10 58 0
0 37 0
Net_id 8
pin_num 5
13 35 0
20 50 0
20 47 0
0 50 0
0 55 0
Net_id 9
pin_num 5
39 15 0
35 15 0
38 33 0
37 6 0
53 7 0
Net_id 10
pin_num 5
17 26 0
6 26 0
7 43 0
1 51 0
4 35 0
Net_id 11
pin_num 5
36 34 0
24 38 0
51 37 0
17 36 0
59 45 0
Net_id 12
pin_num 5
58 39 0
59 37 0
47 39 0
59 53 0
55 53 0
Net_id 13
pin_num 5
44 54 0
30 58 0
35 59 0
36 47 0
59 55 0
Net_id 14
pin_num 5
28 54 0
25 56 0
22 59 0
8 51 0
27 45 0
Net_id 15
pin_num 5
37 21 0
46 17 0
44 28 0
40 22 0
35 28 0
Net_id 16
pin_num 5
17 35 0
29 39 0
29 59 0
20 53 0
28 56 0
Net_id 17
pin_num 5
32 10 0
41 2 0
37 38 0
18 26 0
46 15 0
Net_id 18
pin_num 5
36 23 0
33 27 0
56 23 0
39 24 0
23 25 0
Net_id 19
pin_num 5
8 56 0
3 56 0
0 57 0
11 59 0
22 58 0
Net_id 20
pin_num 5
32 29 0
49 27 0
34 21 0
47 25 0
39 9 0
Net_id 21
pin_num 4
38 30 0
48 22 0
59 31 0
50 30 0
Net_id 22
pin_num 4
28 28 0
32 36 0
28 18 0
6 19 0
Net_id 23
pin_num 4
1 22 0
8 36 0
3 29 0
5 37 0
Net_id 24
pin_num 4
25 32 0
33 32 0
24 29 0
12 35 0
Net_id 25
pin_num 4
59 3 0
50 12 0
59 8 0
55 7 0
Net_id 26
pin_num 4
42 56 0
50 49 0
58 46 0
58 59 0
Net_id 27
pin_num 4
12 51 0
12 44 0
38 45 0
35 46 0
Net_id 28
pin_num 4
31 43 0
30 50 0
21 42 0
28 27 0
Net_id 29
pin_num 4
11 29 0
0 46 0
5 44 0
0 21 0
Net_id 30
pin_num 4
8 19 0
8 24 0
25 20 0
31 19 0
Net_id 31
pin_num 4
52 6 0
47 15 0
55 0 0
59 21 0
Net_id 32
pin_num 4
20 27 0
2 28 0
10 9 0
13 6 0
Net_id 33
pin_num 4
55 35 0
57 25 0
45 32 0
56 19 0
Net_id 34
pin_num 4
45 31 0
39 31 0
42 25 0
46 21 0
Net_id 35
pin_num 4
9 48 0
15 48 0
11 28 0
7 44 0
Net_id 36
pin_num 4
55 52 0
49 52 0
35 52 0
42 32 0
Net_id 37
pin_num 4
35 55 0
27 55 0
34 48 0
49 48 0
Net_id 38
pin_num 4
51 8 0
53 15 0
46 31 0
48 6 0
Net_id 39
pin_num 4
51 31 0
49 15 0
45 38 0
55 27 0
Net_id 40
pin_num 4
2 55 0
7 50 0
21 54 0
18 30 0
Net_id 41
pin_num 4
22 49 0
26 58 0
4 58 0
11 52 0
Net_id 42
pin_num 3
16 16 0
10 16 0
30 16 0
Net_id 43
pin_num 3
58 10 0
50 21 0
51 9 0
Net_id 44
pin_num 3
27 33 0
28 21 0
22 20 0
Net_id 45
pin_num 3
43 0 0
53 21 0
42 19 0
Net_id 46
pin_num 3
42 27 0
21 21 0
21 0 0
Net_id 47
pin_num 3
18 6 0
6 20 0
31 6 0
Net_id 48
pin_num 3
32 20 0
12 1 0
34 16 0
Net_id 49
pin_num 3
8 22 0
14 22 0
1 34 0
Net_id 50
pin_num 3
34 31 0
24 31 0
51 36 0
Net_id 51
pin_num 3
45 15 0
35 30 0
26 28 0
Net_id 52
pin_num 3
10 17 0
27 35 0
36 42 0
Net_id 53
pin_num 3
44 33 0
27 48 0
48 34 0
Net_id 54
pin_num 3
46 9 0
36 21 0
19 22 0
Net_id 55
pin_num 3
3 4 0
8 8 0
20 4 0
Net_id 56
pin_num 3
49 36 0
45 22 0
29 38 0
Net_id 57
pin_num 3
25 29 0
51 38 0
2 34 0
Net_id 58
pin_num 3
34 14 0
32 5 0
43 16 0
Net_id 59
pin_num 3
8 54 0
2 53 0
34 57 0
Net_id 60
pin_num 3
5 51 0
1 57 0
35 56 0
Net_id 61
pin_num 3
37 53 0
35 47 0
21 56 0
Net_id 62
pin_num 3
32 11 0
58 15 0
26 20 0
Net_id 63
pin_num 3
54 16 0
54 26 0
35 18 0
Net_id 64
pin_num 3
5 1 0
10 6 0
19 0 0
Net_id 65
pin_num 3
58 25 0
43 9 0
35 13 0
Net_id 66
pin_num 3
49 1 0
44 3 0
31 11 0
Net_id 67
pin_num 3
58 57 0
47 54 0
52 45 0
Net_id 68
pin_num 3
47 21 0
43 38 0
39 46 0
Net_id 69
pin_num 3
20 28 0
26 41 0
20 41 0
Net_id 70
pin_num 3
4 20 0
2 21 0
20 0 0
Net_id 71
pin_num 3
51 16 0
33 22 0
55 13 0
Net_id 72
pin_num 3
14 29 0
12 33 0
7 31 0
Net_id 73
pin_num 3
16 55 0
12 56 0
1 45 0
Net_id 74
pin_num 3
46 6 0
58 18 0
7 10 0
Net_id 75
pin_num 3
7 11 0
22 12 0
3 21 0
Net_id 76
pin_num 3
58 17 0
55 17 0
21 23 0
Net_id 77
pin_num 3
53 54 0
51 54 0
57 40 0
Net_id 78
pin_num 3
20 8 0
27 0 0
26 7 0
Net_id 79
pin_num 3
47 26 0
53 45 0
59 58 0
Net_id 80
pin_num 3
51 19 0
36 33 0
24 36 0
Net_id 81
pin_num 3
12 8 0
25 22 0
42 53 0
Net_id 82
pin_num 2
50 51 0
45 51 0
Net_id 83
pin_num 2
54 34 0
53 22 0
Net_id 84
pin_num 2
33 58 0
54 57 0
Net_id 85
pin_num 2
21 52 0
7 23 0
Net_id 86
pin_num 2
23 4 0
30 17 0
Net_id 87
pin_num 2
10 11 0
12 6 0
Net_id 88
pin_num 2
27 21 0
23 26 0
Net_id 89
pin_num 2
33 39 0
35 33 0
Net_id 90
pin_num 2
53 31 0
49 50 0
Net_id 91
pin_num 2
12 20 0
28 1 0
Net_id 92
pin_num 2
21 39 0
9 25 0
Net_id 93
pin_num 2
48 8 0
54 3 0
Net_id 94
pin_num 2
47 17 0
56 26 0
Net_id 95
pin_num 2
29 9 0
28 11 0
Net_id 96
pin_num 2
33 41 0
36 41 0
Net_id 97
pin_num 2
34 42 0
41 44 0
Net_id 98
pin_num 2
9 46 0
3 52 0
Net_id 99
pin_num 2
4 5 0
16 18 0
Net_id 100
pin_num 2
3 36 0
14 28 0
Net_id 101
pin_num 2
44 35 0
33 21 0
Net_id 102
pin_num 2
26 9 0
26 13 0
Net_id 103
pin_num 2
34 58 0
48 59 0
Net_id 104
pin_num 2
0 20 0
9 43 0
Net_id 105
pin_num 2
38 5 0
32 1 0
Net_id 106
pin_num 2
55 43 0
32 54 0
Net_id 107
pin_num 2
57 47 0
47 57 0
Net_id 108
pin_num 2
41 9 0
51 3 0
Net_id 109
pin_num 2
49 3 0
41 16 0
Net_id 110
pin_num 2
54 40 0
39 26 0
Net_id 111
pin_num 2
8 50 0
9 52 0
Net_id 112
pin_num 2
22 55 0
24 56 0
Net_id 113
pin_num 2
19 46 0
2 41 0
Net_id 114
pin_num 2
14 43 0
29 43 0
Net_id 115
pin_num 2
2 31 0
23 38 0
Net_id 116
pin_num 2
31 22 0
35 40 0
Net_id 117
pin_num 2
11 35 0
9 32 0
Net_id 118
pin_num 2
45 37 0
38 25 0
Net_id 119
pin_num 2
48 50 0
40 57 0
Net_id 120
pin_num 2
45 42 0
58 30 0
Net_id 121
pin_num 2
0 43 0
17 28 0
Net_id 122
pin_num 2
18 54 0
12 58 0
Net_id 123
pin_num 2
48 15 0
40 5 0
Net_id 124
pin_num 2
13 53 0
37 56 0
Net_id 125
pin_num 2
17 21 0
2 39 0
Net_id 126
pin_num 2
30 27 0
57 20 0
Net_id 127
pin_num 2
6 34 0
27 39 0
Net_id 128
pin_num 2
18 3 0
27 9 0
Net_id 129
pin_num 2
30 51 0
25 39 0
Net_id 130
pin_num 2
58 50 0
52 57 0
Net_id 131
pin_num 2
23 32 0
16 32 0
Net_id 132
pin_num 2
26 52 0
33 28 0
Net_id 133
pin_num 2
20 21 0
13 37 0
Net_id 134
pin_num 2
31 38 0
31 39 0
Net_id 135
pin_num 2
0 3 0
11 1 0
Net_id 136
pin_num 2
35 14 0
48 20 0
Net_id 137
pin_num 2
23 39 0
24 45 0
Net_id 138
pin_num 2
57 23 0
55 36 0
Net_id 139
pin_num 2
35 26 0
12 43 0
Net_id 140
pin_num 2
15 12 0
6 12 0
Net_id 141
pin_num 2
26 14 0
23 27 0
Net_id 142
pin_num 2
20 55 0
10 37 0
Net_id 143
pin_num 2
55 25 0
59 19 0
Net_id 144
pin_num 2
59 43 0
46 39 0
Net_id 145
pin_num 2
3 15 0
21 25 0
Net_id 146
pin_num 2
5 9 0
17 18 0
Net_id 147
pin_num 2
53 41 0
50 43 0
Net_id 148
pin_num 2
4 23 0
13 3 0
Net_id 149
pin_num 2
21 51 0
8 53 0
Net_id 150
pin_num 2
42 57 0
30 49 0
Net_id 151
pin_num 2
30 59 0
50 48 0
Net_id 152
pin_num 2
40 17 0
32 21 0
Net_id 153
pin_num 2
33 50 0
22 54 0
Net_id 154
pin_num 2
59 5 0
52 1 0
Net_id 155
pin_num 2
6 52 0
22 56 0
Net_id 156
pin_num 2
15 3 0
8 16 0
Net_id 157
pin_num 2
0 5 0
14 18 0
Net_id 158
pin_num 2
39 54 0
36 46 0
Net_id 159
pin_num 2
48 38 0
41 19 0
Net_id 160
pin_num 2
54 0 0
34 1 0
Net_id 161
pin_num 2
48 47 0
7 25 0
Net_id 162
pin_num 2
6 30 0
28 13 0
