Width 60
Height 60
Layer 6
Total_WL 6611
Obstacle_num 144
37 36 0 43 37 0
15 39 0 23 40 0
30 19 0 35 20 0
47 56 0 54 57 0
5 0 0 10 1 0
48 23 0 57 24 0
18 35 0 27 36 0
14 36 0 21 37 0
5 25 0 15 26 0
37 38 0 47 39 0
7 38 0 12 39 0
7 33 0 15 34 0
9 20 0 17 21 0
40 13 0 43 14 0
32 32 0 40 33 0
26 44 0 32 45 0
5 2 0 14 3 0
40 48 0 49 49 0
17 14 0 23 15 0
35 27 0 38 28 0
43 58 0 52 59 0
33 58 0 37 59 0
26 48 0 31 49 0
28 57 0 35 58 0
23 38 1 24 46 1
6 13 1 7 23 1
54 37 1 55 40 1
50 53 1 51 57 1
46 39 1 47 49 1
43 35 1 44 44 1
46 31 1 47 37 1
17 38 1 18 46 1
29 50 1 30 57 1
18 3 1 19 6 1
1 47 1 2 54 1
41 44 1 42 53 1
32 15 1 33 21 1
10 21 1 11 25 1
10 49 1 11 59 1
48 47 1 49 52 1
33 15 1 34 22 1
34 4 1 35 9 1
33 43 1 34 52 1
40 38 1 41 48 1
16 41 1 17 47 1
52 18 1 53 24 1
21 34 1 22 40 1
22 48 1 23 55 1
21 48 2 25 49 2
25 19 2 34 20 2
42 28 2 47 29 2
6 5 2 9 6 2
28 57 2 36 58 2
41 57 2 51 58 2
1 34 2 9 35 2
32 33 2 42 34 2
2 52 2 6 53 2
52 18 2 59 19 2
13 49 2 22 50 2
15 6 2 20 7 2
40 31 2 43 32 2
11 14 2 19 15 2
37 10 2 41 11 2
37 19 2 40 20 2
28 17 2 37 18 2
24 34 2 32 35 2
1 48 2 9 49 2
47 1 2 52 2 2
38 20 2 44 21 2
17 19 2 21 20 2
41 8 2 45 9 2
10 34 2 14 35 2
1 47 3 2 56 3
32 4 3 33 11 3
40 38 3 41 46 3
56 13 3 57 23 3
47 2 3 48 8 3
8 42 3 9 48 3
46 6 3 47 13 3
37 46 3 38 53 3
47 24 3 48 33 3
41 34 3 42 39 3
58 22 3 59 32 3
27 6 3 28 11 3
39 46 3 40 52 3
14 50 3 15 58 3
58 9 3 59 12 3
49 39 3 50 46 3
16 10 3 17 19 3
19 2 3 20 12 3
49 28 3 50 34 3
47 39 3 48 43 3
33 41 3 34 50 3
55 17 3 56 21 3
25 21 3 26 24 3
10 49 3 11 56 3
43 23 4 52 24 4
26 38 4 34 39 4
21 10 4 25 11 4
52 53 4 58 54 4
15 10 4 20 11 4
40 7 4 44 8 4
11 55 4 19 56 4
18 13 4 28 14 4
1 0 4 10 1 4
48 16 4 55 17 4
28 42 4 31 43 4
46 37 4 54 38 4
41 49 4 45 50 4
53 47 4 57 48 4
41 17 4 51 18 4
49 54 4 57 55 4
28 50 4 37 51 4
7 19 4 13 20 4
17 17 4 25 18 4
8 37 4 18 38 4
10 16 4 17 17 4
32 12 4 38 13 4
18 27 4 23 28 4
34 10 4 44 11 4
0 47 5 1 51 5
58 33 5 59 41 5
28 0 5 29 10 5
24 35 5 25 44 5
2 13 5 3 16 5
38 8 5 39 15 5
27 55 5 28 59 5
25 12 5 26 17 5
24 2 5 25 10 5
33 22 5 34 31 5
27 2 5 28 8 5
50 23 5 51 32 5
29 35 5 30 43 5
19 41 5 20 44 5
53 47 5 54 55 5
25 17 5 26 26 5
42 31 5 43 38 5
56 49 5 57 58 5
3 29 5 4 32 5
47 9 5 48 18 5
22 26 5 23 31 5
15 6 5 16 13 5
24 12 5 25 20 5
38 37 5 39 45 5
Net_num 160
Net_id 0
pin_num 5
12 58 0
16 58 0
13 40 0
7 41 0
23 54 0
Net_id 1
pin_num 5
28 51 0
27 59 0
24 59 0
33 59 0
28 49 0
Net_id 2
pin_num 5
45 43 0
29 46 0
37 34 0
53 45 0
50 38 0
Net_id 3
pin_num 5
23 5 0
34 14 0
26 15 0
24 23 0
23 0 0
Net_id 4
pin_num 5
20 26 0
24 26 0
23 13 0
7 18 0
27 13 0
Net_id 5
pin_num 5
19 28 0
17 16 0
17 34 0
35 19 0
17 5 0
Net_id 6
pin_num 5
5 41 0
14 35 0
11 53 0
13 19 0
32 41 0
Net_id 7
pin_num 5
21 7 0
35 6 0
35 12 0
42 0 0
17 4 0
Net_id 8
pin_num 5
35 14 0
37 0 0
22 8 0
24 24 0
24 39 0
Net_id 9
pin_num 5
37 25 0
48 24 0
41 20 0
46 13 0
41 41 0
Net_id 10
pin_num 5
2 14 0
10 13 0
10 0 0
2 9 0
20 11 0
Net_id 11
pin_num 5
25 7 0
23 9 0
35 7 0
10 12 0
19 15 0
Net_id 12
pin_num 5
6 22 0
10 17 0
5 21 0
10 19 0
3 21 0
Net_id 13
pin_num 5
8 1 0
2 8 0
0 2 0
3 16 0
1 30 0
Net_id 14
pin_num 5
59 46 0
54 58 0
57 57 0
48 59 0
59 45 0
Net_id 15
pin_num 5
20 28 0
37 30 0
24 40 0
31 39 0
20 33 0
Net_id 16
pin_num 5
22 23 0
18 21 0
34 21 0
29 13 0
18 10 0
Net_id 17
pin_num 5
22 51 0
28 42 0
28 30 0
35 34 0
31 28 0
Net_id 18
pin_num 4
0 42 0
3 36 0
0 55 0
4 48 0
Net_id 19
pin_num 4
21 34 0
12 31 0
14 19 0
13 17 0
Net_id 20
pin_num 4
40 44 0
52 45 0
49 25 0
49 17 0
Net_id 21
pin_num 4
10 35 0
0 32 0
12 56 0
15 33 0
Net_id 22
pin_num 4
33 29 0
44 29 0
42 49 0
38 33 0
Net_id 23
pin_num 4
17 45 0
23 46 0
49 48 0
23 37 0
Net_id 24
pin_num 4
12 57 0
27 55 0
34 59 0
8 56 0
Net_id 25
pin_num 4
31 35 0
39 43 0
44 42 0
31 37 0
Net_id 26
pin_num 4
21 11 0
25 9 0
19 1 0
38 11 0
Net_id 27
pin_num 4
27 15 0
36 15 0
38 27 0
25 39 0
Net_id 28
pin_num 4
58 41 0
56 38 0
57 31 0
57 16 0
Net_id 29
pin_num 4
58 3 0
55 8 0
58 12 0
57 0 0
Net_id 30
pin_num 4
17 11 0
30 13 0
30 32 0
21 30 0
Net_id 31
pin_num 4
17 52 0
26 52 0
8 52 0
19 44 0
Net_id 32
pin_num 4
10 49 0
7 52 0
6 59 0
6 41 0
Net_id 33
pin_num 4
4 45 0
15 50 0
10 26 0
28 43 0
Net_id 34
pin_num 4
34 33 0
22 24 0
20 30 0
22 36 0
Net_id 35
pin_num 4
50 6 0
40 14 0
51 11 0
43 1 0
Net_id 36
pin_num 4
56 33 0
59 32 0
39 44 0
54 57 0
Net_id 37
pin_num 4
56 27 0
56 31 0
54 28 0
57 9 0
Net_id 38
pin_num 3
41 55 0
47 59 0
26 47 0
Net_id 39
pin_num 3
51 4 0
46 3 0
59 15 0
Net_id 40
pin_num 3
55 19 0
52 24 0
51 26 0
Net_id 41
pin_num 3
56 52 0
54 59 0
55 32 0
Net_id 42
pin_num 3
26 14 0
38 4 0
22 0 0
Net_id 43
pin_num 3
4 26 0
6 36 0
0 47 0
Net_id 44
pin_num 3
5 23 0
1 7 0
2 45 0
Net_id 45
pin_num 3
42 54 0
40 50 0
50 54 0
Net_id 46
pin_num 3
6 48 0
25 59 0
13 59 0
Net_id 47
pin_num 3
2 18 0
11 26 0
35 21 0
Net_id 48
pin_num 3
34 36 0
25 15 0
16 32 0
Net_id 49
pin_num 3
31 30 0
22 55 0
50 40 0
Net_id 50
pin_num 3
59 1 0
56 4 0
56 12 0
Net_id 51
pin_num 3
17 19 0
17 25 0
36 13 0
Net_id 52
pin_num 3
1 41 0
6 40 0
20 59 0
Net_id 53
pin_num 3
37 7 0
48 2 0
39 13 0
Net_id 54
pin_num 3
46 42 0
39 55 0
9 51 0
Net_id 55
pin_num 3
31 2 0
26 2 0
22 5 0
Net_id 56
pin_num 3
33 36 0
24 36 0
32 55 0
Net_id 57
pin_num 3
54 20 0
54 25 0
41 12 0
Net_id 58
pin_num 3
1 26 0
21 31 0
34 16 0
Net_id 59
pin_num 3
53 48 0
58 40 0
26 40 0
Net_id 60
pin_num 3
16 26 0
26 33 0
5 24 0
Net_id 61
pin_num 3
12 23 0
16 33 0
9 34 0
Net_id 62
pin_num 3
52 58 0
49 54 0
52 47 0
Net_id 63
pin_num 3
22 47 0
26 27 0
2 42 0
Net_id 64
pin_num 3
11 19 0
2 43 0
2 1 0
Net_id 65
pin_num 3
32 28 0
39 28 0
35 22 0
Net_id 66
pin_num 3
1 5 0
16 2 0
11 6 0
Net_id 67
pin_num 3
13 1 0
5 30 0
14 1 0
Net_id 68
pin_num 3
21 1 0
6 4 0
18 7 0
Net_id 69
pin_num 3
21 16 0
21 8 0
0 5 0
Net_id 70
pin_num 3
36 30 0
22 44 0
15 19 0
Net_id 71
pin_num 3
45 5 0
58 13 0
36 8 0
Net_id 72
pin_num 3
20 13 0
23 34 0
21 41 0
Net_id 73
pin_num 3
45 8 0
55 1 0
52 3 0
Net_id 74
pin_num 3
18 8 0
7 21 0
28 9 0
Net_id 75
pin_num 3
37 58 0
40 37 0
35 52 0
Net_id 76
pin_num 3
5 38 0
9 39 0
2 29 0
Net_id 77
pin_num 3
58 55 0
52 55 0
47 46 0
Net_id 78
pin_num 2
57 14 0
48 37 0
Net_id 79
pin_num 2
58 17 0
55 6 0
Net_id 80
pin_num 2
40 2 0
32 1 0
Net_id 81
pin_num 2
1 10 0
13 6 0
Net_id 82
pin_num 2
16 22 0
25 23 0
Net_id 83
pin_num 2
36 38 0
22 38 0
Net_id 84
pin_num 2
54 11 0
41 6 0
Net_id 85
pin_num 2
2 49 0
20 38 0
Net_id 86
pin_num 2
25 14 0
29 1 0
Net_id 87
pin_num 2
7 15 0
11 15 0
Net_id 88
pin_num 2
23 3 0
44 14 0
Net_id 89
pin_num 2
9 47 0
0 49 0
Net_id 90
pin_num 2
16 3 0
0 3 0
Net_id 91
pin_num 2
7 34 0
11 31 0
Net_id 92
pin_num 2
53 0 0
41 14 0
Net_id 93
pin_num 2
33 9 0
15 4 0
Net_id 94
pin_num 2
39 12 0
36 10 0
Net_id 95
pin_num 2
21 47 0
11 49 0
Net_id 96
pin_num 2
46 1 0
51 8 0
Net_id 97
pin_num 2
3 33 0
3 29 0
Net_id 98
pin_num 2
36 6 0
55 4 0
Net_id 99
pin_num 2
40 4 0
15 2 0
Net_id 100
pin_num 2
55 41 0
45 50 0
Net_id 101
pin_num 2
55 37 0
58 32 0
Net_id 102
pin_num 2
9 8 0
8 14 0
Net_id 103
pin_num 2
10 40 0
2 55 0
Net_id 104
pin_num 2
4 20 0
0 7 0
Net_id 105
pin_num 2
34 0 0
45 29 0
Net_id 106
pin_num 2
4 55 0
38 53 0
Net_id 107
pin_num 2
40 30 0
56 25 0
Net_id 108
pin_num 2
35 16 0
46 16 0
Net_id 109
pin_num 2
6 37 0
29 29 0
Net_id 110
pin_num 2
52 49 0
51 53 0
Net_id 111
pin_num 2
7 44 0
15 43 0
Net_id 112
pin_num 2
7 27 0
2 40 0
Net_id 113
pin_num 2
20 15 0
44 3 0
Net_id 114
pin_num 2
28 50 0
25 48 0
Net_id 115
pin_num 2
38 56 0
9 53 0
Net_id 116
pin_num 2
45 39 0
38 44 0
Net_id 117
pin_num 2
25 16 0
3 56 0
Net_id 118
pin_num 2
44 37 0
50 49 0
Net_id 119
pin_num 2
19 6 0
14 4 0
Net_id 120
pin_num 2
43 4 0
33 0 0
Net_id 121
pin_num 2
10 58 0
2 50 0
Net_id 122
pin_num 2
44 2 0
40 24 0
Net_id 123
pin_num 2
55 27 0
45 15 0
Net_id 124
pin_num 2
32 51 0
26 37 0
Net_id 125
pin_num 2
12 9 0
14 39 0
Net_id 126
pin_num 2
17 33 0
19 37 0
Net_id 127
pin_num 2
4 33 0
26 45 0
Net_id 128
pin_num 2
53 40 0
57 51 0
Net_id 129
pin_num 2
49 53 0
35 47 0
Net_id 130
pin_num 2
16 29 0
34 3 0
Net_id 131
pin_num 2
30 38 0
17 43 0
Net_id 132
pin_num 2
11 57 0
28 27 0
Net_id 133
pin_num 2
14 32 0
24 33 0
Net_id 134
pin_num 2
2 46 0
5 44 0
Net_id 135
pin_num 2
11 34 0
34 41 0
Net_id 136
pin_num 2
53 50 0
58 49 0
Net_id 137
pin_num 2
49 11 0
50 7 0
Net_id 138
pin_num 2
31 17 0
11 16 0
Net_id 139
pin_num 2
40 52 0
44 47 0
Net_id 140
pin_num 2
54 16 0
49 16 0
Net_id 141
pin_num 2
44 26 0
38 39 0
Net_id 142
pin_num 2
44 41 0
50 21 0
Net_id 143
pin_num 2
47 23 0
38 46 0
Net_id 144
pin_num 2
46 7 0
56 34 0
Net_id 145
pin_num 2
30 16 0
26 4 0
Net_id 146
pin_num 2
50 36 0
53 28 0
Net_id 147
pin_num 2
51 39 0
58 39 0
Net_id 148
pin_num 2
55 46 0
58 45 0
Net_id 149
pin_num 2
35 36 0
50 29 0
Net_id 150
pin_num 2
37 37 0
9 54 0
Net_id 151
pin_num 2
47 47 0
42 53 0
Net_id 152
pin_num 2
54 53 0
53 49 0
Net_id 153
pin_num 2
33 55 0
38 57 0
Net_id 154
pin_num 2
29 32 0
5 59 0
Net_id 155
pin_num 2
53 8 0
57 1 0
Net_id 156
pin_num 2
16 38 0
41 2 0
Net_id 157
pin_num 2
51 47 0
39 52 0
Net_id 158
pin_num 2
16 51 0
19 57 0
Net_id 159
pin_num 2
6 16 0
6 12 0
