Width 60
Height 60
Layer 6
Total_WL 6573
Obstacle_num 144
38 31 0 42 32 0
27 34 0 31 35 0
56 29 0 59 30 0
41 47 0 49 48 0
11 29 0 15 30 0
26 9 0 36 10 0
24 45 0 29 46 0
45 24 0 54 25 0
35 3 0 43 4 0
13 11 0 20 12 0
9 26 0 13 27 0
13 10 0 20 11 0
50 49 0 55 50 0
1 34 0 4 35 0
39 48 0 46 49 0
26 28 0 33 29 0
4 29 0 10 30 0
1 13 0 7 14 0
16 42 0 25 43 0
0 56 0 8 57 0
11 24 0 17 25 0
18 54 0 22 55 0
24 51 0 34 52 0
41 8 0 49 9 0
5 33 1 6 37 1
16 3 1 17 10 1
45 3 1 46 9 1
27 4 1 28 13 1
4 18 1 5 24 1
6 46 1 7 52 1
30 17 1 31 27 1
14 20 1 15 28 1
30 6 1 31 16 1
42 48 1 43 55 1
40 1 1 41 5 1
19 13 1 20 23 1
51 21 1 52 28 1
27 48 1 28 58 1
48 22 1 49 27 1
36 21 1 37 30 1
24 10 1 25 16 1
37 45 1 38 48 1
6 26 1 7 29 1
17 27 1 18 31 1
22 2 1 23 12 1
33 24 1 34 34 1
56 46 1 57 54 1
25 38 1 26 41 1
41 48 2 47 49 2
10 40 2 17 41 2
22 30 2 32 31 2
17 16 2 22 17 2
44 49 2 49 50 2
7 58 2 14 59 2
49 51 2 58 52 2
12 8 2 18 9 2
16 23 2 24 24 2
5 38 2 14 39 2
3 9 2 12 10 2
1 56 2 7 57 2
45 4 2 50 5 2
20 55 2 28 56 2
3 49 2 10 50 2
45 44 2 54 45 2
44 53 2 51 54 2
5 39 2 15 40 2
7 4 2 14 5 2
47 57 2 50 58 2
9 13 2 19 14 2
42 28 2 49 29 2
11 5 2 18 6 2
52 33 2 55 34 2
22 18 3 23 21 3
45 35 3 46 43 3
7 13 3 8 17 3
0 19 3 1 23 3
14 11 3 15 16 3
15 34 3 16 41 3
1 17 3 2 20 3
38 42 3 39 51 3
43 5 3 44 14 3
4 13 3 5 21 3
3 40 3 4 46 3
55 19 3 56 29 3
41 22 3 42 32 3
2 7 3 3 10 3
40 51 3 41 59 3
19 31 3 20 34 3
36 36 3 37 39 3
35 33 3 36 42 3
39 4 3 40 8 3
3 18 3 4 22 3
12 36 3 13 46 3
19 7 3 20 16 3
53 36 3 54 44 3
8 24 3 9 29 3
21 21 4 26 22 4
14 17 4 24 18 4
49 38 4 58 39 4
42 35 4 50 36 4
12 4 4 20 5 4
10 42 4 17 43 4
26 1 4 35 2 4
19 26 4 28 27 4
48 1 4 53 2 4
4 36 4 10 37 4
40 19 4 43 20 4
14 12 4 18 13 4
7 43 4 16 44 4
37 37 4 41 38 4
28 36 4 36 37 4
15 20 4 18 21 4
48 56 4 52 57 4
31 32 4 35 33 4
27 39 4 35 40 4
45 42 4 48 43 4
26 10 4 29 11 4
21 22 4 31 23 4
42 18 4 46 19 4
1 38 4 11 39 4
20 39 5 21 47 5
19 17 5 20 26 5
9 35 5 10 40 5
12 36 5 13 43 5
42 42 5 43 50 5
38 8 5 39 15 5
58 24 5 59 28 5
46 37 5 47 42 5
33 2 5 34 6 5
12 0 5 13 3 5
48 52 5 49 55 5
31 35 5 32 43 5
33 42 5 34 45 5
50 40 5 51 50 5
50 2 5 51 10 5
57 4 5 58 10 5
7 18 5 8 26 5
48 9 5 49 16 5
49 10 5 50 16 5
28 15 5 29 22 5
22 51 5 23 56 5
32 44 5 33 53 5
4 39 5 5 47 5
31 54 5 32 57 5
Net_num 156
Net_id 0
pin_num 5
30 43 0
17 41 0
5 43 0
17 45 0
8 35 0
Net_id 1
pin_num 5
41 9 0
34 17 0
56 9 0
54 25 0
43 21 0
Net_id 2
pin_num 5
16 21 0
13 14 0
13 32 0
0 12 0
12 16 0
Net_id 3
pin_num 5
7 27 0
10 16 0
0 22 0
9 35 0
6 24 0
Net_id 4
pin_num 5
34 10 0
45 19 0
44 34 0
20 16 0
35 23 0
Net_id 5
pin_num 5
44 20 0
37 14 0
57 14 0
38 5 0
33 5 0
Net_id 6
pin_num 5
23 48 0
26 44 0
7 46 0
27 47 0
26 54 0
Net_id 7
pin_num 5
16 46 0
18 44 0
1 45 0
4 59 0
8 47 0
Net_id 8
pin_num 5
42 4 0
33 11 0
56 11 0
40 0 0
30 4 0
Net_id 9
pin_num 5
24 1 0
29 2 0
35 1 0
29 13 0
42 12 0
Net_id 10
pin_num 5
33 3 0
30 5 0
32 12 0
42 16 0
38 34 0
Net_id 11
pin_num 5
36 17 0
33 34 0
56 18 0
52 4 0
50 25 0
Net_id 12
pin_num 5
23 14 0
18 14 0
21 1 0
16 3 0
31 2 0
Net_id 13
pin_num 5
14 22 0
9 22 0
11 0 0
25 4 0
12 45 0
Net_id 14
pin_num 5
6 22 0
2 22 0
3 28 0
1 1 0
23 3 0
Net_id 15
pin_num 5
58 53 0
54 59 0
45 59 0
48 48 0
37 56 0
Net_id 16
pin_num 5
47 44 0
42 30 0
59 32 0
55 13 0
46 31 0
Net_id 17
pin_num 5
49 8 0
55 8 0
59 22 0
49 17 0
38 17 0
Net_id 18
pin_num 5
10 56 0
14 56 0
16 59 0
5 51 0
14 41 0
Net_id 19
pin_num 5
29 41 0
33 41 0
30 53 0
39 51 0
52 43 0
Net_id 20
pin_num 5
46 57 0
47 59 0
46 43 0
41 57 0
55 46 0
Net_id 21
pin_num 4
48 10 0
47 25 0
58 9 0
57 2 0
Net_id 22
pin_num 4
19 27 0
29 29 0
11 28 0
22 20 0
Net_id 23
pin_num 4
44 40 0
46 35 0
24 40 0
31 32 0
Net_id 24
pin_num 4
33 52 0
41 54 0
40 32 0
15 52 0
Net_id 25
pin_num 4
27 33 0
28 20 0
16 25 0
28 6 0
Net_id 26
pin_num 4
36 59 0
38 50 0
17 55 0
20 37 0
Net_id 27
pin_num 4
48 53 0
54 58 0
51 40 0
59 51 0
Net_id 28
pin_num 4
11 16 0
11 11 0
20 12 0
21 13 0
Net_id 29
pin_num 4
8 11 0
14 6 0
36 9 0
28 31 0
Net_id 30
pin_num 4
56 55 0
56 43 0
50 50 0
59 42 0
Net_id 31
pin_num 4
14 15 0
18 30 0
0 33 0
24 29 0
Net_id 32
pin_num 4
53 46 0
54 37 0
50 33 0
38 46 0
Net_id 33
pin_num 4
21 17 0
28 5 0
9 7 0
20 0 0
Net_id 34
pin_num 4
5 30 0
7 23 0
0 47 0
1 46 0
Net_id 35
pin_num 4
28 30 0
34 41 0
29 46 0
34 21 0
Net_id 36
pin_num 4
25 44 0
17 54 0
39 59 0
21 55 0
Net_id 37
pin_num 4
17 32 0
29 27 0
35 14 0
20 11 0
Net_id 38
pin_num 4
35 7 0
40 8 0
59 5 0
49 7 0
Net_id 39
pin_num 4
18 38 0
8 33 0
6 12 0
9 55 0
Net_id 40
pin_num 3
51 16 0
43 23 0
59 7 0
Net_id 41
pin_num 3
45 42 0
58 54 0
51 48 0
Net_id 42
pin_num 3
13 36 0
2 36 0
4 34 0
Net_id 43
pin_num 3
11 54 0
21 56 0
7 48 0
Net_id 44
pin_num 3
26 7 0
35 13 0
42 15 0
Net_id 45
pin_num 3
44 26 0
57 27 0
46 6 0
Net_id 46
pin_num 3
2 19 0
11 19 0
7 11 0
Net_id 47
pin_num 3
58 39 0
39 35 0
53 19 0
Net_id 48
pin_num 3
57 36 0
40 24 0
43 32 0
Net_id 49
pin_num 3
52 52 0
56 54 0
46 54 0
Net_id 50
pin_num 3
8 5 0
0 8 0
10 10 0
Net_id 51
pin_num 3
0 35 0
11 20 0
18 58 0
Net_id 52
pin_num 3
36 0 0
51 7 0
9 2 0
Net_id 53
pin_num 3
10 58 0
4 55 0
2 46 0
Net_id 54
pin_num 3
10 14 0
6 31 0
5 12 0
Net_id 55
pin_num 3
20 35 0
40 30 0
25 31 0
Net_id 56
pin_num 3
9 32 0
6 25 0
31 24 0
Net_id 57
pin_num 3
48 41 0
39 33 0
58 25 0
Net_id 58
pin_num 3
45 41 0
49 37 0
44 59 0
Net_id 59
pin_num 3
19 38 0
31 42 0
25 58 0
Net_id 60
pin_num 3
13 20 0
26 26 0
25 0 0
Net_id 61
pin_num 3
23 29 0
21 21 0
15 45 0
Net_id 62
pin_num 3
52 21 0
39 27 0
43 35 0
Net_id 63
pin_num 3
46 16 0
51 19 0
46 41 0
Net_id 64
pin_num 3
30 46 0
35 42 0
31 55 0
Net_id 65
pin_num 3
42 42 0
44 53 0
45 29 0
Net_id 66
pin_num 3
28 11 0
24 20 0
24 0 0
Net_id 67
pin_num 3
19 29 0
26 0 0
41 41 0
Net_id 68
pin_num 3
58 20 0
45 25 0
49 32 0
Net_id 69
pin_num 3
37 53 0
49 41 0
44 58 0
Net_id 70
pin_num 3
5 5 0
2 7 0
17 33 0
Net_id 71
pin_num 3
57 31 0
40 26 0
55 28 0
Net_id 72
pin_num 3
7 3 0
13 0 0
13 8 0
Net_id 73
pin_num 3
59 58 0
47 45 0
37 55 0
Net_id 74
pin_num 3
13 1 0
32 13 0
39 1 0
Net_id 75
pin_num 3
20 20 0
5 31 0
28 32 0
Net_id 76
pin_num 3
9 31 0
49 40 0
22 41 0
Net_id 77
pin_num 3
50 17 0
50 6 0
59 23 0
Net_id 78
pin_num 2
57 34 0
51 34 0
Net_id 79
pin_num 2
27 19 0
39 19 0
Net_id 80
pin_num 2
10 13 0
5 7 0
Net_id 81
pin_num 2
38 22 0
34 22 0
Net_id 82
pin_num 2
45 30 0
35 8 0
Net_id 83
pin_num 2
52 16 0
52 23 0
Net_id 84
pin_num 2
42 50 0
27 58 0
Net_id 85
pin_num 2
0 21 0
14 18 0
Net_id 86
pin_num 2
36 58 0
32 50 0
Net_id 87
pin_num 2
15 14 0
22 1 0
Net_id 88
pin_num 2
33 44 0
28 44 0
Net_id 89
pin_num 2
57 41 0
39 26 0
Net_id 90
pin_num 2
20 5 0
14 2 0
Net_id 91
pin_num 2
22 47 0
4 57 0
Net_id 92
pin_num 2
56 57 0
55 55 0
Net_id 93
pin_num 2
45 36 0
32 30 0
Net_id 94
pin_num 2
44 27 0
16 47 0
Net_id 95
pin_num 2
39 15 0
26 15 0
Net_id 96
pin_num 2
27 36 0
26 31 0
Net_id 97
pin_num 2
36 2 0
52 25 0
Net_id 98
pin_num 2
15 23 0
31 17 0
Net_id 99
pin_num 2
1 55 0
10 41 0
Net_id 100
pin_num 2
20 21 0
17 19 0
Net_id 101
pin_num 2
27 24 0
11 10 0
Net_id 102
pin_num 2
5 24 0
2 33 0
Net_id 103
pin_num 2
17 26 0
31 20 0
Net_id 104
pin_num 2
42 35 0
51 28 0
Net_id 105
pin_num 2
59 49 0
43 58 0
Net_id 106
pin_num 2
4 58 0
8 52 0
Net_id 107
pin_num 2
35 37 0
14 35 0
Net_id 108
pin_num 2
8 56 0
14 50 0
Net_id 109
pin_num 2
13 42 0
18 45 0
Net_id 110
pin_num 2
41 38 0
39 50 0
Net_id 111
pin_num 2
10 39 0
4 46 0
Net_id 112
pin_num 2
1 26 0
2 20 0
Net_id 113
pin_num 2
25 25 0
10 28 0
Net_id 114
pin_num 2
21 53 0
11 53 0
Net_id 115
pin_num 2
34 24 0
55 15 0
Net_id 116
pin_num 2
37 27 0
30 54 0
Net_id 117
pin_num 2
11 47 0
12 49 0
Net_id 118
pin_num 2
26 25 0
39 25 0
Net_id 119
pin_num 2
30 57 0
36 57 0
Net_id 120
pin_num 2
33 23 0
43 53 0
Net_id 121
pin_num 2
46 23 0
58 7 0
Net_id 122
pin_num 2
19 17 0
16 18 0
Net_id 123
pin_num 2
55 40 0
50 56 0
Net_id 124
pin_num 2
24 32 0
24 46 0
Net_id 125
pin_num 2
41 44 0
22 58 0
Net_id 126
pin_num 2
32 56 0
19 37 0
Net_id 127
pin_num 2
13 23 0
7 20 0
Net_id 128
pin_num 2
25 20 0
27 26 0
Net_id 129
pin_num 2
7 38 0
19 40 0
Net_id 130
pin_num 2
3 1 0
14 19 0
Net_id 131
pin_num 2
46 0 0
49 2 0
Net_id 132
pin_num 2
8 21 0
17 37 0
Net_id 133
pin_num 2
4 28 0
9 25 0
Net_id 134
pin_num 2
0 16 0
26 14 0
Net_id 135
pin_num 2
15 2 0
19 2 0
Net_id 136
pin_num 2
51 18 0
59 2 0
Net_id 137
pin_num 2
17 35 0
36 20 0
Net_id 138
pin_num 2
40 18 0
50 0 0
Net_id 139
pin_num 2
13 18 0
8 34 0
Net_id 140
pin_num 2
1 58 0
23 41 0
Net_id 141
pin_num 2
18 31 0
34 42 0
Net_id 142
pin_num 2
25 2 0
29 47 0
Net_id 143
pin_num 2
19 30 0
21 24 0
Net_id 144
pin_num 2
45 45 0
24 58 0
Net_id 145
pin_num 2
41 13 0
23 15 0
Net_id 146
pin_num 2
6 9 0
4 2 0
Net_id 147
pin_num 2
41 42 0
33 45 0
Net_id 148
pin_num 2
42 29 0
38 29 0
Net_id 149
pin_num 2
30 50 0
14 57 0
Net_id 150
pin_num 2
3 43 0
11 49 0
Net_id 151
pin_num 2
30 39 0
5 37 0
Net_id 152
pin_num 2
26 29 0
7 40 0
Net_id 153
pin_num 2
18 55 0
18 51 0
Net_id 154
pin_num 2
10 4 0
18 8 0
Net_id 155
pin_num 2
51 30 0
34 18 0
