Width 60
Height 60
Layer 6
Total_WL 6723
Obstacle_num 144
4 22 0 13 23 0
44 35 0 50 36 0
16 47 0 25 48 0
17 19 0 27 20 0
0 21 0 10 22 0
40 2 0 50 3 0
10 2 0 20 3 0
0 17 0 4 18 0
12 4 0 19 5 0
48 29 0 58 30 0
26 35 0 30 36 0
38 20 0 47 21 0
12 27 0 15 28 0
49 14 0 53 15 0
10 42 0 20 43 0
15 18 0 20 19 0
30 28 0 33 29 0
36 45 0 45 46 0
26 36 0 36 37 0
34 14 0 44 15 0
51 51 0 55 52 0
8 30 0 13 31 0
52 12 0 59 13 0
6 7 0 9 8 0
58 6 1 59 13 1
27 36 1 28 43 1
6 0 1 7 9 1
26 19 1 27 27 1
0 23 1 1 33 1
57 5 1 58 13 1
9 23 1 10 31 1
49 34 1 50 39 1
0 9 1 1 19 1
25 36 1 26 40 1
18 10 1 19 19 1
48 17 1 49 25 1
32 22 1 33 25 1
57 17 1 58 21 1
25 1 1 26 11 1
18 31 1 19 40 1
19 3 1 20 6 1
19 30 1 20 33 1
49 55 1 50 58 1
33 5 1 34 13 1
16 45 1 17 54 1
3 49 1 4 54 1
19 21 1 20 29 1
42 22 1 43 32 1
31 27 2 36 28 2
27 51 2 31 52 2
13 52 2 22 53 2
24 27 2 31 28 2
26 38 2 34 39 2
20 50 2 25 51 2
49 49 2 53 50 2
16 35 2 25 36 2
5 33 2 12 34 2
3 4 2 9 5 2
35 48 2 40 49 2
38 8 2 43 9 2
16 23 2 22 24 2
8 40 2 16 41 2
29 29 2 38 30 2
27 54 2 35 55 2
26 4 2 31 5 2
27 48 2 30 49 2
23 44 2 28 45 2
43 51 2 50 52 2
32 24 2 39 25 2
49 58 2 53 59 2
30 9 2 35 10 2
22 0 2 25 1 2
18 46 3 19 49 3
33 37 3 34 47 3
18 33 3 19 36 3
45 13 3 46 21 3
29 4 3 30 12 3
3 51 3 4 56 3
4 41 3 5 47 3
50 53 3 51 58 3
6 51 3 7 55 3
21 41 3 22 50 3
58 44 3 59 52 3
2 12 3 3 19 3
43 37 3 44 42 3
52 16 3 53 23 3
39 0 3 40 5 3
54 11 3 55 16 3
58 33 3 59 42 3
35 6 3 36 9 3
44 5 3 45 12 3
32 1 3 33 9 3
38 7 3 39 12 3
24 37 3 25 46 3
30 51 3 31 55 3
12 52 3 13 58 3
42 52 4 52 53 4
26 20 4 33 21 4
25 39 4 31 40 4
35 17 4 43 18 4
40 6 4 45 7 4
51 55 4 56 56 4
33 14 4 41 15 4
47 53 4 51 54 4
39 25 4 49 26 4
41 21 4 51 22 4
50 33 4 55 34 4
28 1 4 31 2 4
47 43 4 53 44 4
16 20 4 23 21 4
10 56 4 14 57 4
41 40 4 45 41 4
7 45 4 17 46 4
2 53 4 8 54 4
25 53 4 28 54 4
37 57 4 46 58 4
22 56 4 26 57 4
6 34 4 13 35 4
24 16 4 34 17 4
48 9 4 53 10 4
32 6 5 33 15 5
7 25 5 8 34 5
51 40 5 52 49 5
50 11 5 51 14 5
54 5 5 55 11 5
11 32 5 12 39 5
28 5 5 29 9 5
56 30 5 57 35 5
6 34 5 7 37 5
16 36 5 17 44 5
10 1 5 11 10 5
55 9 5 56 16 5
58 37 5 59 42 5
56 36 5 57 41 5
0 8 5 1 12 5
44 44 5 45 54 5
36 1 5 37 7 5
17 20 5 18 27 5
21 34 5 22 42 5
38 11 5 39 20 5
19 19 5 20 22 5
1 47 5 2 50 5
12 10 5 13 14 5
33 7 5 34 15 5
Net_num 159
Net_id 0
pin_num 5
13 15 0
4 12 0
5 2 0
7 8 0
2 6 0
Net_id 1
pin_num 5
24 10 0
18 6 0
15 0 0
9 9 0
19 9 0
Net_id 2
pin_num 5
4 19 0
7 25 0
2 22 0
1 7 0
0 33 0
Net_id 3
pin_num 5
19 13 0
9 3 0
9 31 0
27 3 0
0 0 0
Net_id 4
pin_num 5
48 8 0
51 5 0
59 13 0
53 13 0
43 0 0
Net_id 5
pin_num 5
23 26 0
28 26 0
10 26 0
13 18 0
24 18 0
Net_id 6
pin_num 5
55 17 0
59 18 0
56 22 0
59 39 0
51 19 0
Net_id 7
pin_num 5
5 30 0
0 36 0
3 35 0
11 34 0
2 18 0
Net_id 8
pin_num 5
27 21 0
17 22 0
21 31 0
41 28 0
31 39 0
Net_id 9
pin_num 5
49 8 0
56 1 0
57 8 0
38 12 0
44 5 0
Net_id 10
pin_num 5
57 42 0
56 54 0
41 47 0
46 59 0
45 59 0
Net_id 11
pin_num 5
47 8 0
42 8 0
24 8 0
29 0 0
43 15 0
Net_id 12
pin_num 5
24 29 0
22 13 0
11 19 0
6 13 0
1 29 0
Net_id 13
pin_num 5
38 29 0
40 41 0
40 7 0
35 12 0
30 5 0
Net_id 14
pin_num 5
0 59 0
6 59 0
1 55 0
5 42 0
0 37 0
Net_id 15
pin_num 5
16 8 0
23 9 0
8 20 0
38 9 0
24 16 0
Net_id 16
pin_num 5
40 9 0
59 9 0
43 4 0
49 4 0
59 6 0
Net_id 17
pin_num 5
21 11 0
17 11 0
20 20 0
41 15 0
15 15 0
Net_id 18
pin_num 5
4 27 0
14 17 0
1 6 0
13 10 0
8 29 0
Net_id 19
pin_num 4
35 10 0
26 7 0
7 16 0
21 1 0
Net_id 20
pin_num 4
12 46 0
20 43 0
14 25 0
15 20 0
Net_id 21
pin_num 4
16 20 0
22 11 0
16 14 0
14 1 0
Net_id 22
pin_num 4
49 32 0
34 32 0
43 37 0
39 44 0
Net_id 23
pin_num 4
38 11 0
36 6 0
42 15 0
51 2 0
Net_id 24
pin_num 4
35 3 0
52 2 0
48 1 0
24 1 0
Net_id 25
pin_num 4
5 14 0
11 11 0
13 1 0
25 0 0
Net_id 26
pin_num 4
39 26 0
56 16 0
54 14 0
38 36 0
Net_id 27
pin_num 4
13 11 0
2 1 0
29 12 0
22 27 0
Net_id 28
pin_num 4
32 24 0
38 25 0
33 41 0
56 30 0
Net_id 29
pin_num 4
3 4 0
4 1 0
3 1 0
8 6 0
Net_id 30
pin_num 4
36 29 0
32 37 0
10 37 0
25 20 0
Net_id 31
pin_num 4
5 5 0
1 12 0
59 8 0
57 0 0
Net_id 32
pin_num 4
59 50 0
54 42 0
59 52 0
58 59 0
Net_id 33
pin_num 4
16 59 0
9 51 0
32 59 0
0 57 0
Net_id 34
pin_num 4
2 16 0
3 20 0
0 28 0
24 28 0
Net_id 35
pin_num 4
55 45 0
57 55 0
59 43 0
55 40 0
Net_id 36
pin_num 4
24 54 0
7 49 0
33 59 0
39 56 0
Net_id 37
pin_num 4
43 16 0
44 22 0
37 19 0
55 18 0
Net_id 38
pin_num 4
44 28 0
30 33 0
42 37 0
38 13 0
Net_id 39
pin_num 3
45 37 0
55 28 0
59 21 0
Net_id 40
pin_num 3
14 51 0
7 55 0
21 53 0
Net_id 41
pin_num 3
55 20 0
48 33 0
54 39 0
Net_id 42
pin_num 3
9 59 0
1 37 0
24 34 0
Net_id 43
pin_num 3
23 0 0
29 13 0
2 8 0
Net_id 44
pin_num 3
13 35 0
22 35 0
0 42 0
Net_id 45
pin_num 3
20 42 0
30 55 0
28 58 0
Net_id 46
pin_num 3
23 40 0
35 26 0
54 18 0
Net_id 47
pin_num 3
31 45 0
27 46 0
19 46 0
Net_id 48
pin_num 3
20 58 0
36 55 0
2 58 0
Net_id 49
pin_num 3
9 26 0
6 31 0
15 17 0
Net_id 50
pin_num 3
37 17 0
40 24 0
21 23 0
Net_id 51
pin_num 3
50 41 0
56 41 0
53 28 0
Net_id 52
pin_num 3
19 36 0
25 35 0
0 58 0
Net_id 53
pin_num 3
16 9 0
20 2 0
27 0 0
Net_id 54
pin_num 3
45 7 0
58 5 0
42 18 0
Net_id 55
pin_num 3
50 27 0
44 42 0
31 32 0
Net_id 56
pin_num 3
49 54 0
38 54 0
48 46 0
Net_id 57
pin_num 3
36 44 0
23 44 0
51 38 0
Net_id 58
pin_num 3
23 16 0
4 15 0
16 1 0
Net_id 59
pin_num 3
54 45 0
46 53 0
44 58 0
Net_id 60
pin_num 3
43 27 0
29 17 0
31 7 0
Net_id 61
pin_num 3
47 36 0
55 32 0
53 6 0
Net_id 62
pin_num 3
24 30 0
43 3 0
27 5 0
Net_id 63
pin_num 3
54 44 0
43 43 0
21 40 0
Net_id 64
pin_num 3
58 36 0
49 24 0
53 0 0
Net_id 65
pin_num 3
58 32 0
53 18 0
36 31 0
Net_id 66
pin_num 3
5 45 0
2 48 0
25 47 0
Net_id 67
pin_num 3
25 17 0
28 22 0
52 27 0
Net_id 68
pin_num 3
38 43 0
34 50 0
35 58 0
Net_id 69
pin_num 3
24 20 0
16 21 0
32 20 0
Net_id 70
pin_num 3
15 47 0
1 50 0
0 46 0
Net_id 71
pin_num 3
43 29 0
47 17 0
58 26 0
Net_id 72
pin_num 3
22 22 0
14 15 0
53 15 0
Net_id 73
pin_num 3
7 40 0
29 21 0
21 32 0
Net_id 74
pin_num 3
32 25 0
24 17 0
27 2 0
Net_id 75
pin_num 3
1 11 0
9 11 0
8 0 0
Net_id 76
pin_num 3
8 52 0
11 55 0
19 55 0
Net_id 77
pin_num 3
43 6 0
33 4 0
44 14 0
Net_id 78
pin_num 3
30 58 0
37 41 0
42 59 0
Net_id 79
pin_num 2
33 18 0
25 18 0
Net_id 80
pin_num 2
39 36 0
57 27 0
Net_id 81
pin_num 2
41 13 0
45 13 0
Net_id 82
pin_num 2
26 56 0
15 49 0
Net_id 83
pin_num 2
55 58 0
58 43 0
Net_id 84
pin_num 2
41 43 0
55 55 0
Net_id 85
pin_num 2
8 56 0
7 30 0
Net_id 86
pin_num 2
8 25 0
19 38 0
Net_id 87
pin_num 2
35 53 0
28 53 0
Net_id 88
pin_num 2
17 14 0
23 1 0
Net_id 89
pin_num 2
2 54 0
10 59 0
Net_id 90
pin_num 2
54 49 0
44 37 0
Net_id 91
pin_num 2
50 28 0
39 18 0
Net_id 92
pin_num 2
44 46 0
55 39 0
Net_id 93
pin_num 2
56 44 0
52 56 0
Net_id 94
pin_num 2
23 51 0
3 41 0
Net_id 95
pin_num 2
19 49 0
26 57 0
Net_id 96
pin_num 2
17 24 0
22 32 0
Net_id 97
pin_num 2
53 46 0
41 59 0
Net_id 98
pin_num 2
55 6 0
53 14 0
Net_id 99
pin_num 2
32 19 0
38 40 0
Net_id 100
pin_num 2
5 37 0
21 49 0
Net_id 101
pin_num 2
23 2 0
28 5 0
Net_id 102
pin_num 2
45 33 0
49 39 0
Net_id 103
pin_num 2
22 40 0
25 41 0
Net_id 104
pin_num 2
26 6 0
6 23 0
Net_id 105
pin_num 2
7 43 0
34 57 0
Net_id 106
pin_num 2
26 43 0
26 31 0
Net_id 107
pin_num 2
41 58 0
44 48 0
Net_id 108
pin_num 2
23 38 0
10 36 0
Net_id 109
pin_num 2
39 9 0
28 2 0
Net_id 110
pin_num 2
49 52 0
31 49 0
Net_id 111
pin_num 2
58 14 0
48 3 0
Net_id 112
pin_num 2
34 49 0
19 45 0
Net_id 113
pin_num 2
34 37 0
48 25 0
Net_id 114
pin_num 2
25 25 0
12 24 0
Net_id 115
pin_num 2
0 39 0
6 16 0
Net_id 116
pin_num 2
9 49 0
24 51 0
Net_id 117
pin_num 2
31 42 0
52 38 0
Net_id 118
pin_num 2
13 24 0
20 32 0
Net_id 119
pin_num 2
4 23 0
16 10 0
Net_id 120
pin_num 2
36 12 0
36 16 0
Net_id 121
pin_num 2
7 13 0
22 29 0
Net_id 122
pin_num 2
4 43 0
1 54 0
Net_id 123
pin_num 2
54 15 0
58 18 0
Net_id 124
pin_num 2
4 56 0
3 57 0
Net_id 125
pin_num 2
16 48 0
7 48 0
Net_id 126
pin_num 2
22 53 0
40 50 0
Net_id 127
pin_num 2
6 20 0
29 3 0
Net_id 128
pin_num 2
37 6 0
34 11 0
Net_id 129
pin_num 2
25 55 0
36 53 0
Net_id 130
pin_num 2
52 13 0
31 5 0
Net_id 131
pin_num 2
42 10 0
47 14 0
Net_id 132
pin_num 2
12 45 0
4 31 0
Net_id 133
pin_num 2
34 52 0
15 57 0
Net_id 134
pin_num 2
36 35 0
46 36 0
Net_id 135
pin_num 2
20 34 0
28 6 0
Net_id 136
pin_num 2
57 21 0
49 33 0
Net_id 137
pin_num 2
40 39 0
47 39 0
Net_id 138
pin_num 2
57 56 0
45 48 0
Net_id 139
pin_num 2
4 46 0
7 36 0
Net_id 140
pin_num 2
39 25 0
55 38 0
Net_id 141
pin_num 2
57 38 0
55 43 0
Net_id 142
pin_num 2
52 11 0
45 24 0
Net_id 143
pin_num 2
44 15 0
59 10 0
Net_id 144
pin_num 2
24 4 0
29 4 0
Net_id 145
pin_num 2
51 59 0
55 57 0
Net_id 146
pin_num 2
53 1 0
58 13 0
Net_id 147
pin_num 2
32 31 0
28 11 0
Net_id 148
pin_num 2
11 33 0
12 38 0
Net_id 149
pin_num 2
53 49 0
31 43 0
Net_id 150
pin_num 2
46 48 0
57 35 0
Net_id 151
pin_num 2
55 37 0
53 24 0
Net_id 152
pin_num 2
19 51 0
30 41 0
Net_id 153
pin_num 2
56 28 0
47 40 0
Net_id 154
pin_num 2
30 24 0
17 1 0
Net_id 155
pin_num 2
40 53 0
45 53 0
Net_id 156
pin_num 2
9 0 0
20 4 0
Net_id 157
pin_num 2
58 33 0
42 34 0
Net_id 158
pin_num 2
40 33 0
48 16 0
