Width 60
Height 60
Layer 6
Total_WL 6695
Obstacle_num 144
12 22 0 18 23 0
44 55 0 52 56 0
47 32 0 53 33 0
39 0 0 42 1 0
21 4 0 25 5 0
19 41 0 26 42 0
14 26 0 24 27 0
22 50 0 31 51 0
18 10 0 22 11 0
25 7 0 32 8 0
35 20 0 44 21 0
47 45 0 53 46 0
40 50 0 48 51 0
33 22 0 42 23 0
16 32 0 19 33 0
15 45 0 25 46 0
8 48 0 15 49 0
1 15 0 8 16 0
1 38 0 8 39 0
42 49 0 49 50 0
34 26 0 44 27 0
19 16 0 24 17 0
53 9 0 57 10 0
18 11 0 26 12 0
44 18 1 45 28 1
52 45 1 53 50 1
56 3 1 57 13 1
20 13 1 21 16 1
29 25 1 30 35 1
57 49 1 58 54 1
19 2 1 20 6 1
58 13 1 59 18 1
34 12 1 35 19 1
26 9 1 27 17 1
27 24 1 28 29 1
21 45 1 22 51 1
22 38 1 23 45 1
33 47 1 34 55 1
48 23 1 49 28 1
30 13 1 31 19 1
27 3 1 28 12 1
23 38 1 24 46 1
17 37 1 18 42 1
13 1 1 14 4 1
30 1 1 31 4 1
2 21 1 3 25 1
36 29 1 37 38 1
10 22 1 11 32 1
37 48 2 44 49 2
30 27 2 35 28 2
16 16 2 22 17 2
25 13 2 31 14 2
31 7 2 38 8 2
46 1 2 55 2 2
51 4 2 59 5 2
15 33 2 19 34 2
17 39 2 24 40 2
23 7 2 30 8 2
38 15 2 47 16 2
13 42 2 17 43 2
36 16 2 40 17 2
8 48 2 11 49 2
5 56 2 13 57 2
49 43 2 58 44 2
48 57 2 52 58 2
31 34 2 41 35 2
31 40 2 35 41 2
4 19 2 12 20 2
20 14 2 26 15 2
35 22 2 41 23 2
6 50 2 12 51 2
50 26 2 56 27 2
0 35 3 1 42 3
10 39 3 11 46 3
25 6 3 26 14 3
38 45 3 39 54 3
16 0 3 17 4 3
49 3 3 50 7 3
0 2 3 1 8 3
18 16 3 19 20 3
13 30 3 14 36 3
7 10 3 8 19 3
18 43 3 19 47 3
29 32 3 30 35 3
0 48 3 1 54 3
20 45 3 21 52 3
51 39 3 52 44 3
37 19 3 38 27 3
43 50 3 44 56 3
48 12 3 49 20 3
34 24 3 35 27 3
55 37 3 56 41 3
10 49 3 11 52 3
36 50 3 37 54 3
15 12 3 16 18 3
49 11 3 50 15 3
12 37 4 20 38 4
39 53 4 42 54 4
39 20 4 45 21 4
14 27 4 21 28 4
13 24 4 22 25 4
6 31 4 11 32 4
12 57 4 19 58 4
14 3 4 20 4 4
44 21 4 50 22 4
23 27 4 28 28 4
10 43 4 17 44 4
30 2 4 34 3 4
12 44 4 22 45 4
16 7 4 23 8 4
1 52 4 9 53 4
20 53 4 23 54 4
18 9 4 26 10 4
30 26 4 40 27 4
6 45 4 12 46 4
49 27 4 56 28 4
48 47 4 55 48 4
2 47 4 7 48 4
45 54 4 49 55 4
5 35 4 13 36 4
27 41 5 28 47 5
34 8 5 35 12 5
17 50 5 18 57 5
22 29 5 23 34 5
34 27 5 35 31 5
44 24 5 45 31 5
2 19 5 3 25 5
14 36 5 15 40 5
19 5 5 20 15 5
32 13 5 33 21 5
6 46 5 7 50 5
27 9 5 28 12 5
50 18 5 51 24 5
21 29 5 22 38 5
3 52 5 4 59 5
0 13 5 1 19 5
5 42 5 6 50 5
46 20 5 47 23 5
21 42 5 22 51 5
24 31 5 25 39 5
16 5 5 17 9 5
4 45 5 5 52 5
42 44 5 43 50 5
5 8 5 6 18 5
Net_num 160
Net_id 0
pin_num 5
31 18 0
38 23 0
17 18 0
33 17 0
21 24 0
Net_id 1
pin_num 5
42 44 0
33 37 0
30 59 0
22 48 0
30 58 0
Net_id 2
pin_num 5
48 18 0
41 25 0
57 25 0
36 25 0
49 25 0
Net_id 3
pin_num 5
31 38 0
31 42 0
12 42 0
28 37 0
26 26 0
Net_id 4
pin_num 5
27 8 0
18 14 0
30 14 0
22 27 0
34 12 0
Net_id 5
pin_num 5
19 24 0
18 24 0
19 46 0
9 24 0
12 20 0
Net_id 6
pin_num 5
47 29 0
45 39 0
59 36 0
48 48 0
59 34 0
Net_id 7
pin_num 5
35 6 0
50 3 0
29 0 0
47 6 0
40 3 0
Net_id 8
pin_num 5
7 11 0
13 11 0
0 10 0
4 18 0
16 0 0
Net_id 9
pin_num 5
43 27 0
39 32 0
48 30 0
59 28 0
17 30 0
Net_id 10
pin_num 5
40 30 0
30 30 0
34 24 0
23 30 0
27 36 0
Net_id 11
pin_num 5
51 11 0
53 12 0
59 14 0
55 13 0
57 4 0
Net_id 12
pin_num 5
5 27 0
9 12 0
0 13 0
18 17 0
15 13 0
Net_id 13
pin_num 5
54 0 0
42 1 0
48 14 0
55 0 0
29 2 0
Net_id 14
pin_num 5
53 10 0
46 11 0
59 4 0
46 4 0
17 11 0
Net_id 15
pin_num 5
59 54 0
50 46 0
42 59 0
59 51 0
43 56 0
Net_id 16
pin_num 5
23 52 0
33 52 0
29 54 0
21 59 0
59 55 0
Net_id 17
pin_num 5
16 59 0
18 41 0
4 55 0
39 55 0
5 41 0
Net_id 18
pin_num 5
43 41 0
48 28 0
41 41 0
36 34 0
49 21 0
Net_id 19
pin_num 5
39 21 0
48 29 0
42 7 0
35 16 0
35 23 0
Net_id 20
pin_num 4
35 56 0
35 47 0
53 47 0
45 57 0
Net_id 21
pin_num 4
16 52 0
8 47 0
1 59 0
18 50 0
Net_id 22
pin_num 4
3 37 0
3 40 0
0 32 0
1 14 0
Net_id 23
pin_num 4
27 45 0
25 37 0
25 44 0
20 40 0
Net_id 24
pin_num 4
50 53 0
32 56 0
42 33 0
16 53 0
Net_id 25
pin_num 4
16 25 0
39 31 0
35 57 0
44 43 0
Net_id 26
pin_num 4
34 7 0
31 3 0
20 4 0
31 13 0
Net_id 27
pin_num 4
13 49 0
20 49 0
41 51 0
24 58 0
Net_id 28
pin_num 4
46 10 0
42 21 0
37 14 0
45 31 0
Net_id 29
pin_num 4
33 20 0
44 14 0
46 15 0
47 17 0
Net_id 30
pin_num 4
43 1 0
41 3 0
41 13 0
18 13 0
Net_id 31
pin_num 4
18 22 0
23 21 0
17 14 0
21 6 0
Net_id 32
pin_num 4
18 54 0
31 58 0
44 58 0
41 54 0
Net_id 33
pin_num 4
5 16 0
6 9 0
0 0 0
17 0 0
Net_id 34
pin_num 4
43 59 0
58 56 0
54 55 0
59 53 0
Net_id 35
pin_num 4
10 0 0
4 4 0
8 14 0
12 12 0
Net_id 36
pin_num 4
18 19 0
13 32 0
15 35 0
15 51 0
Net_id 37
pin_num 4
52 4 0
59 15 0
44 5 0
55 18 0
Net_id 38
pin_num 3
10 1 0
21 9 0
16 16 0
Net_id 39
pin_num 3
5 8 0
12 8 0
16 27 0
Net_id 40
pin_num 3
42 55 0
58 53 0
53 55 0
Net_id 41
pin_num 3
55 12 0
53 2 0
51 2 0
Net_id 42
pin_num 3
28 34 0
21 34 0
9 36 0
Net_id 43
pin_num 3
2 51 0
5 51 0
5 44 0
Net_id 44
pin_num 3
33 47 0
24 44 0
33 24 0
Net_id 45
pin_num 3
15 20 0
33 18 0
16 18 0
Net_id 46
pin_num 3
17 7 0
24 3 0
18 29 0
Net_id 47
pin_num 3
39 54 0
47 57 0
34 38 0
Net_id 48
pin_num 3
47 31 0
59 32 0
47 12 0
Net_id 49
pin_num 3
45 22 0
38 19 0
11 22 0
Net_id 50
pin_num 3
35 0 0
30 5 0
18 6 0
Net_id 51
pin_num 3
46 43 0
56 37 0
19 23 0
Net_id 52
pin_num 3
25 57 0
44 52 0
43 29 0
Net_id 53
pin_num 3
3 6 0
14 2 0
11 16 0
Net_id 54
pin_num 3
39 50 0
23 37 0
59 52 0
Net_id 55
pin_num 3
39 8 0
29 15 0
43 2 0
Net_id 56
pin_num 3
7 13 0
0 3 0
3 24 0
Net_id 57
pin_num 3
47 33 0
48 41 0
44 38 0
Net_id 58
pin_num 3
35 54 0
47 44 0
19 48 0
Net_id 59
pin_num 3
31 28 0
32 17 0
18 37 0
Net_id 60
pin_num 3
18 38 0
30 40 0
30 48 0
Net_id 61
pin_num 3
22 17 0
24 23 0
23 6 0
Net_id 62
pin_num 3
56 33 0
55 33 0
56 14 0
Net_id 63
pin_num 3
56 15 0
53 23 0
43 23 0
Net_id 64
pin_num 3
53 43 0
40 36 0
58 42 0
Net_id 65
pin_num 3
41 36 0
50 33 0
59 26 0
Net_id 66
pin_num 3
16 46 0
6 57 0
11 59 0
Net_id 67
pin_num 3
41 42 0
51 53 0
52 58 0
Net_id 68
pin_num 3
53 13 0
54 19 0
54 24 0
Net_id 69
pin_num 3
35 53 0
25 53 0
29 56 0
Net_id 70
pin_num 3
5 56 0
10 54 0
24 56 0
Net_id 71
pin_num 3
38 45 0
49 50 0
55 40 0
Net_id 72
pin_num 3
11 9 0
2 6 0
9 2 0
Net_id 73
pin_num 3
19 3 0
30 6 0
12 23 0
Net_id 74
pin_num 3
20 15 0
25 16 0
12 29 0
Net_id 75
pin_num 3
57 42 0
45 37 0
40 21 0
Net_id 76
pin_num 3
6 22 0
24 26 0
19 47 0
Net_id 77
pin_num 3
57 19 0
58 24 0
59 21 0
Net_id 78
pin_num 3
42 38 0
18 51 0
32 51 0
Net_id 79
pin_num 3
44 54 0
42 46 0
51 57 0
Net_id 80
pin_num 2
21 30 0
8 40 0
Net_id 81
pin_num 2
38 17 0
43 18 0
Net_id 82
pin_num 2
46 14 0
59 9 0
Net_id 83
pin_num 2
17 31 0
13 51 0
Net_id 84
pin_num 2
19 59 0
20 34 0
Net_id 85
pin_num 2
12 49 0
14 40 0
Net_id 86
pin_num 2
10 39 0
0 25 0
Net_id 87
pin_num 2
1 27 0
14 32 0
Net_id 88
pin_num 2
0 4 0
4 20 0
Net_id 89
pin_num 2
4 5 0
21 5 0
Net_id 90
pin_num 2
48 12 0
54 3 0
Net_id 91
pin_num 2
19 33 0
0 9 0
Net_id 92
pin_num 2
29 11 0
25 3 0
Net_id 93
pin_num 2
16 40 0
28 27 0
Net_id 94
pin_num 2
52 44 0
56 52 0
Net_id 95
pin_num 2
40 14 0
35 9 0
Net_id 96
pin_num 2
27 44 0
35 44 0
Net_id 97
pin_num 2
47 36 0
59 30 0
Net_id 98
pin_num 2
28 32 0
21 33 0
Net_id 99
pin_num 2
38 54 0
58 48 0
Net_id 100
pin_num 2
27 43 0
24 37 0
Net_id 101
pin_num 2
49 42 0
54 37 0
Net_id 102
pin_num 2
51 21 0
39 51 0
Net_id 103
pin_num 2
10 30 0
29 39 0
Net_id 104
pin_num 2
51 6 0
40 18 0
Net_id 105
pin_num 2
25 45 0
29 40 0
Net_id 106
pin_num 2
48 38 0
42 24 0
Net_id 107
pin_num 2
51 8 0
39 12 0
Net_id 108
pin_num 2
47 58 0
50 50 0
Net_id 109
pin_num 2
6 4 0
4 7 0
Net_id 110
pin_num 2
29 27 0
33 19 0
Net_id 111
pin_num 2
13 37 0
0 23 0
Net_id 112
pin_num 2
39 25 0
27 31 0
Net_id 113
pin_num 2
22 24 0
38 57 0
Net_id 114
pin_num 2
45 43 0
36 40 0
Net_id 115
pin_num 2
51 12 0
47 18 0
Net_id 116
pin_num 2
36 33 0
46 28 0
Net_id 117
pin_num 2
38 4 0
28 8 0
Net_id 118
pin_num 2
7 36 0
8 27 0
Net_id 119
pin_num 2
34 50 0
27 58 0
Net_id 120
pin_num 2
25 39 0
3 32 0
Net_id 121
pin_num 2
55 37 0
58 44 0
Net_id 122
pin_num 2
25 46 0
14 38 0
Net_id 123
pin_num 2
34 3 0
49 37 0
Net_id 124
pin_num 2
8 15 0
10 16 0
Net_id 125
pin_num 2
52 40 0
37 40 0
Net_id 126
pin_num 2
36 4 0
17 21 0
Net_id 127
pin_num 2
7 57 0
21 52 0
Net_id 128
pin_num 2
58 19 0
55 1 0
Net_id 129
pin_num 2
49 10 0
51 18 0
Net_id 130
pin_num 2
31 15 0
36 16 0
Net_id 131
pin_num 2
45 24 0
36 14 0
Net_id 132
pin_num 2
35 46 0
52 55 0
Net_id 133
pin_num 2
36 17 0
36 21 0
Net_id 134
pin_num 2
33 11 0
29 1 0
Net_id 135
pin_num 2
31 6 0
46 3 0
Net_id 136
pin_num 2
51 19 0
46 20 0
Net_id 137
pin_num 2
31 23 0
12 19 0
Net_id 138
pin_num 2
1 47 0
16 29 0
Net_id 139
pin_num 2
18 12 0
2 20 0
Net_id 140
pin_num 2
14 54 0
16 58 0
Net_id 141
pin_num 2
28 31 0
38 53 0
Net_id 142
pin_num 2
47 42 0
37 39 0
Net_id 143
pin_num 2
58 28 0
54 28 0
Net_id 144
pin_num 2
56 1 0
59 2 0
Net_id 145
pin_num 2
21 35 0
41 35 0
Net_id 146
pin_num 2
46 39 0
27 56 0
Net_id 147
pin_num 2
36 19 0
35 14 0
Net_id 148
pin_num 2
38 21 0
21 43 0
Net_id 149
pin_num 2
20 53 0
37 51 0
Net_id 150
pin_num 2
15 6 0
5 6 0
Net_id 151
pin_num 2
32 37 0
15 53 0
Net_id 152
pin_num 2
12 28 0
0 28 0
Net_id 153
pin_num 2
58 41 0
51 22 0
Net_id 154
pin_num 2
2 29 0
4 35 0
Net_id 155
pin_num 2
13 23 0
37 36 0
Net_id 156
pin_num 2
49 14 0
59 29 0
Net_id 157
pin_num 2
57 24 0
33 45 0
Net_id 158
pin_num 2
38 32 0
33 26 0
Net_id 159
pin_num 2
33 2 0
56 2 0
