Width 60
Height 60
Layer 6
Total_WL 7141
Obstacle_num 144
8 29 0 17 30 0
10 3 0 20 4 0
49 37 0 58 38 0
3 21 0 6 22 0
15 24 0 18 25 0
53 11 0 59 12 0
14 7 0 17 8 0
26 28 0 36 29 0
28 22 0 37 23 0
18 20 0 22 21 0
50 19 0 53 20 0
29 44 0 35 45 0
31 42 0 38 43 0
29 2 0 37 3 0
35 46 0 42 47 0
44 23 0 53 24 0
10 15 0 19 16 0
32 57 0 36 58 0
53 33 0 57 34 0
2 55 0 11 56 0
12 16 0 21 17 0
48 28 0 57 29 0
20 13 0 28 14 0
41 45 0 46 46 0
4 5 1 5 10 1
3 22 1 4 28 1
42 37 1 43 43 1
55 17 1 56 25 1
20 37 1 21 43 1
47 29 1 48 33 1
37 25 1 38 31 1
22 6 1 23 10 1
30 15 1 31 25 1
32 48 1 33 51 1
5 43 1 6 48 1
2 42 1 3 46 1
31 2 1 32 8 1
0 5 1 1 8 1
35 17 1 36 21 1
1 15 1 2 22 1
45 36 1 46 44 1
33 25 1 34 35 1
28 18 1 29 21 1
0 23 1 1 28 1
41 9 1 42 12 1
8 30 1 9 38 1
17 7 1 18 15 1
44 22 1 45 32 1
28 43 2 34 44 2
29 8 2 39 9 2
0 20 2 4 21 2
12 22 2 20 23 2
18 19 2 22 20 2
38 6 2 46 7 2
11 19 2 18 20 2
35 11 2 45 12 2
45 34 2 51 35 2
48 53 2 55 54 2
53 52 2 59 53 2
6 50 2 15 51 2
51 1 2 55 2 2
22 53 2 32 54 2
36 56 2 44 57 2
25 40 2 35 41 2
22 9 2 30 10 2
15 37 2 21 38 2
39 50 2 42 51 2
3 30 2 11 31 2
0 15 2 8 16 2
20 16 2 30 17 2
7 32 2 17 33 2
18 43 2 25 44 2
36 32 3 37 39 3
23 3 3 24 9 3
2 23 3 3 26 3
54 4 3 55 9 3
50 29 3 51 34 3
34 36 3 35 44 3
17 7 3 18 16 3
19 28 3 20 37 3
24 51 3 25 55 3
24 12 3 25 16 3
55 27 3 56 32 3
6 13 3 7 23 3
4 42 3 5 47 3
50 0 3 51 10 3
39 15 3 40 18 3
56 7 3 57 17 3
12 47 3 13 51 3
20 51 3 21 59 3
16 47 3 17 50 3
22 9 3 23 18 3
26 35 3 27 39 3
53 14 3 54 17 3
16 12 3 17 21 3
23 34 3 24 38 3
26 22 4 33 23 4
18 50 4 25 51 4
19 56 4 27 57 4
14 27 4 20 28 4
52 32 4 59 33 4
24 52 4 31 53 4
34 43 4 44 44 4
44 18 4 48 19 4
14 13 4 17 14 4
12 45 4 19 46 4
34 23 4 41 24 4
31 8 4 37 9 4
49 56 4 54 57 4
7 41 4 15 42 4
53 33 4 58 34 4
40 27 4 43 28 4
21 30 4 29 31 4
9 48 4 18 49 4
40 49 4 43 50 4
28 5 4 37 6 4
19 53 4 27 54 4
7 11 4 11 12 4
23 32 4 28 33 4
27 34 4 35 35 4
6 4 5 7 9 5
47 28 5 48 35 5
57 20 5 58 28 5
13 12 5 14 21 5
31 23 5 32 28 5
18 7 5 19 16 5
36 26 5 37 32 5
8 15 5 9 24 5
28 12 5 29 19 5
29 37 5 30 41 5
49 40 5 50 44 5
9 29 5 10 36 5
16 8 5 17 17 5
51 6 5 52 14 5
29 42 5 30 45 5
25 31 5 26 41 5
33 37 5 34 44 5
58 32 5 59 37 5
56 19 5 57 22 5
55 44 5 56 50 5
30 42 5 31 51 5
9 0 5 10 6 5
45 49 5 46 52 5
24 34 5 25 39 5
Net_num 164
Net_id 0
pin_num 5
48 6 0
39 6 0
42 17 0
30 7 0
20 7 0
Net_id 1
pin_num 5
47 16 0
59 21 0
54 3 0
59 39 0
48 30 0
Net_id 2
pin_num 5
23 35 0
32 26 0
28 42 0
21 32 0
25 37 0
Net_id 3
pin_num 5
52 11 0
44 11 0
48 8 0
46 5 0
58 9 0
Net_id 4
pin_num 5
21 0 0
27 1 0
27 10 0
40 0 0
35 3 0
Net_id 5
pin_num 5
28 54 0
31 53 0
29 43 0
10 47 0
21 34 0
Net_id 6
pin_num 5
27 54 0
30 54 0
23 59 0
21 59 0
4 56 0
Net_id 7
pin_num 5
27 51 0
33 51 0
30 55 0
31 43 0
54 55 0
Net_id 8
pin_num 5
16 52 0
25 44 0
27 33 0
20 58 0
13 44 0
Net_id 9
pin_num 5
52 47 0
59 55 0
37 54 0
51 45 0
28 58 0
Net_id 10
pin_num 5
9 58 0
5 59 0
22 53 0
42 59 0
27 31 0
Net_id 11
pin_num 5
10 33 0
19 32 0
6 33 0
12 46 0
26 25 0
Net_id 12
pin_num 5
18 54 0
16 43 0
5 50 0
10 59 0
29 47 0
Net_id 13
pin_num 5
44 54 0
40 57 0
53 57 0
50 40 0
39 32 0
Net_id 14
pin_num 5
49 6 0
53 6 0
57 15 0
40 10 0
39 13 0
Net_id 15
pin_num 5
44 37 0
35 44 0
34 59 0
59 47 0
53 42 0
Net_id 16
pin_num 5
1 11 0
8 11 0
6 23 0
6 0 0
1 22 0
Net_id 17
pin_num 5
35 18 0
38 16 0
38 27 0
41 17 0
52 21 0
Net_id 18
pin_num 5
30 47 0
37 45 0
35 50 0
25 50 0
33 46 0
Net_id 19
pin_num 5
3 23 0
16 21 0
16 26 0
1 25 0
5 10 0
Net_id 20
pin_num 4
45 5 0
37 5 0
42 21 0
29 19 0
Net_id 21
pin_num 4
20 12 0
31 24 0
28 1 0
20 31 0
Net_id 22
pin_num 4
13 17 0
4 22 0
4 31 0
0 13 0
Net_id 23
pin_num 4
31 58 0
37 52 0
52 56 0
15 52 0
Net_id 24
pin_num 4
12 49 0
7 35 0
11 27 0
14 48 0
Net_id 25
pin_num 4
58 20 0
51 31 0
32 23 0
50 34 0
Net_id 26
pin_num 4
43 27 0
45 20 0
39 28 0
56 22 0
Net_id 27
pin_num 4
55 47 0
58 50 0
41 50 0
48 32 0
Net_id 28
pin_num 4
37 9 0
20 0 0
8 0 0
25 26 0
Net_id 29
pin_num 4
22 1 0
12 1 0
14 24 0
0 12 0
Net_id 30
pin_num 4
56 43 0
53 56 0
53 27 0
41 28 0
Net_id 31
pin_num 4
52 38 0
47 41 0
51 33 0
34 41 0
Net_id 32
pin_num 4
59 23 0
36 17 0
46 24 0
57 46 0
Net_id 33
pin_num 4
12 52 0
16 50 0
0 53 0
35 58 0
Net_id 34
pin_num 4
32 43 0
40 43 0
34 38 0
35 36 0
Net_id 35
pin_num 4
49 22 0
36 26 0
43 8 0
41 3 0
Net_id 36
pin_num 4
26 43 0
18 28 0
10 34 0
17 30 0
Net_id 37
pin_num 4
2 50 0
5 42 0
0 8 0
4 59 0
Net_id 38
pin_num 4
55 32 0
58 25 0
56 21 0
59 5 0
Net_id 39
pin_num 4
11 10 0
25 10 0
11 1 0
23 22 0
Net_id 40
pin_num 4
19 34 0
10 28 0
6 31 0
9 13 0
Net_id 41
pin_num 3
50 25 0
41 32 0
34 32 0
Net_id 42
pin_num 3
16 14 0
30 11 0
17 8 0
Net_id 43
pin_num 3
43 9 0
58 27 0
54 29 0
Net_id 44
pin_num 3
56 24 0
58 39 0
50 17 0
Net_id 45
pin_num 3
17 13 0
24 23 0
0 30 0
Net_id 46
pin_num 3
32 10 0
36 6 0
26 10 0
Net_id 47
pin_num 3
13 7 0
1 5 0
29 5 0
Net_id 48
pin_num 3
18 44 0
7 37 0
49 41 0
Net_id 49
pin_num 3
12 38 0
1 13 0
1 8 0
Net_id 50
pin_num 3
44 13 0
10 1 0
53 0 0
Net_id 51
pin_num 3
24 30 0
29 33 0
57 8 0
Net_id 52
pin_num 3
44 4 0
58 14 0
40 9 0
Net_id 53
pin_num 3
55 57 0
42 58 0
42 51 0
Net_id 54
pin_num 3
15 6 0
4 19 0
6 10 0
Net_id 55
pin_num 3
1 0 0
0 3 0
17 2 0
Net_id 56
pin_num 3
38 25 0
34 18 0
13 18 0
Net_id 57
pin_num 3
30 29 0
48 51 0
58 33 0
Net_id 58
pin_num 3
3 47 0
4 41 0
20 46 0
Net_id 59
pin_num 3
34 51 0
47 46 0
16 39 0
Net_id 60
pin_num 3
18 27 0
13 49 0
22 15 0
Net_id 61
pin_num 3
13 40 0
22 54 0
20 21 0
Net_id 62
pin_num 3
13 23 0
23 30 0
3 28 0
Net_id 63
pin_num 3
22 46 0
32 46 0
30 38 0
Net_id 64
pin_num 3
43 43 0
37 57 0
43 59 0
Net_id 65
pin_num 3
38 47 0
42 25 0
36 40 0
Net_id 66
pin_num 3
53 8 0
37 6 0
39 10 0
Net_id 67
pin_num 3
0 9 0
15 14 0
43 14 0
Net_id 68
pin_num 3
38 45 0
48 59 0
43 40 0
Net_id 69
pin_num 3
9 22 0
2 11 0
2 12 0
Net_id 70
pin_num 3
44 34 0
37 33 0
59 48 0
Net_id 71
pin_num 3
2 4 0
6 6 0
32 4 0
Net_id 72
pin_num 3
20 22 0
12 22 0
22 37 0
Net_id 73
pin_num 3
18 57 0
17 59 0
14 54 0
Net_id 74
pin_num 3
15 37 0
3 19 0
6 44 0
Net_id 75
pin_num 3
1 6 0
4 10 0
1 3 0
Net_id 76
pin_num 3
0 37 0
25 57 0
8 24 0
Net_id 77
pin_num 3
36 54 0
23 48 0
20 48 0
Net_id 78
pin_num 3
19 4 0
12 6 0
12 28 0
Net_id 79
pin_num 3
45 53 0
59 56 0
49 46 0
Net_id 80
pin_num 3
4 24 0
8 14 0
29 12 0
Net_id 81
pin_num 3
9 23 0
19 2 0
2 18 0
Net_id 82
pin_num 2
49 56 0
57 57 0
Net_id 83
pin_num 2
24 31 0
39 20 0
Net_id 84
pin_num 2
48 33 0
38 32 0
Net_id 85
pin_num 2
51 53 0
44 59 0
Net_id 86
pin_num 2
1 42 0
3 38 0
Net_id 87
pin_num 2
12 41 0
8 41 0
Net_id 88
pin_num 2
47 15 0
42 15 0
Net_id 89
pin_num 2
33 26 0
47 27 0
Net_id 90
pin_num 2
0 59 0
14 36 0
Net_id 91
pin_num 2
7 47 0
1 56 0
Net_id 92
pin_num 2
8 3 0
17 17 0
Net_id 93
pin_num 2
22 40 0
1 55 0
Net_id 94
pin_num 2
20 57 0
42 36 0
Net_id 95
pin_num 2
33 30 0
31 26 0
Net_id 96
pin_num 2
31 17 0
22 17 0
Net_id 97
pin_num 2
41 22 0
21 31 0
Net_id 98
pin_num 2
58 10 0
45 3 0
Net_id 99
pin_num 2
46 58 0
23 45 0
Net_id 100
pin_num 2
20 44 0
47 58 0
Net_id 101
pin_num 2
19 42 0
18 32 0
Net_id 102
pin_num 2
8 27 0
4 27 0
Net_id 103
pin_num 2
59 49 0
37 40 0
Net_id 104
pin_num 2
56 20 0
48 26 0
Net_id 105
pin_num 2
15 21 0
13 14 0
Net_id 106
pin_num 2
56 35 0
47 35 0
Net_id 107
pin_num 2
26 52 0
2 56 0
Net_id 108
pin_num 2
27 29 0
34 17 0
Net_id 109
pin_num 2
13 54 0
4 47 0
Net_id 110
pin_num 2
8 34 0
1 49 0
Net_id 111
pin_num 2
21 16 0
33 24 0
Net_id 112
pin_num 2
13 31 0
5 35 0
Net_id 113
pin_num 2
55 56 0
49 45 0
Net_id 114
pin_num 2
44 46 0
37 49 0
Net_id 115
pin_num 2
49 34 0
45 35 0
Net_id 116
pin_num 2
17 50 0
25 38 0
Net_id 117
pin_num 2
4 54 0
2 51 0
Net_id 118
pin_num 2
32 20 0
29 20 0
Net_id 119
pin_num 2
3 16 0
13 8 0
Net_id 120
pin_num 2
51 1 0
47 12 0
Net_id 121
pin_num 2
11 8 0
2 3 0
Net_id 122
pin_num 2
32 34 0
22 3 0
Net_id 123
pin_num 2
6 53 0
6 59 0
Net_id 124
pin_num 2
46 31 0
21 17 0
Net_id 125
pin_num 2
5 16 0
9 18 0
Net_id 126
pin_num 2
4 43 0
7 53 0
Net_id 127
pin_num 2
41 34 0
47 24 0
Net_id 128
pin_num 2
18 26 0
13 11 0
Net_id 129
pin_num 2
14 26 0
8 26 0
Net_id 130
pin_num 2
6 48 0
9 53 0
Net_id 131
pin_num 2
19 21 0
10 16 0
Net_id 132
pin_num 2
26 29 0
21 30 0
Net_id 133
pin_num 2
55 55 0
59 51 0
Net_id 134
pin_num 2
30 6 0
45 13 0
Net_id 135
pin_num 2
15 46 0
1 59 0
Net_id 136
pin_num 2
56 41 0
55 41 0
Net_id 137
pin_num 2
1 46 0
18 31 0
Net_id 138
pin_num 2
20 37 0
3 40 0
Net_id 139
pin_num 2
54 38 0
56 34 0
Net_id 140
pin_num 2
1 45 0
7 59 0
Net_id 141
pin_num 2
58 35 0
52 43 0
Net_id 142
pin_num 2
36 13 0
23 38 0
Net_id 143
pin_num 2
47 42 0
37 35 0
Net_id 144
pin_num 2
2 33 0
10 21 0
Net_id 145
pin_num 2
33 20 0
42 4 0
Net_id 146
pin_num 2
20 26 0
18 17 0
Net_id 147
pin_num 2
30 24 0
21 19 0
Net_id 148
pin_num 2
52 0 0
43 3 0
Net_id 149
pin_num 2
28 11 0
24 21 0
Net_id 150
pin_num 2
41 0 0
57 12 0
Net_id 151
pin_num 2
40 23 0
49 5 0
Net_id 152
pin_num 2
12 45 0
16 59 0
Net_id 153
pin_num 2
51 24 0
52 27 0
Net_id 154
pin_num 2
19 7 0
1 1 0
Net_id 155
pin_num 2
26 15 0
16 13 0
Net_id 156
pin_num 2
24 6 0
37 3 0
Net_id 157
pin_num 2
54 2 0
59 0 0
Net_id 158
pin_num 2
58 28 0
46 39 0
Net_id 159
pin_num 2
22 45 0
15 47 0
Net_id 160
pin_num 2
2 20 0
4 1 0
Net_id 161
pin_num 2
42 10 0
56 18 0
Net_id 162
pin_num 2
54 34 0
45 59 0
Net_id 163
pin_num 2
18 55 0
32 56 0
