Width 60
Height 60
Layer 6
Total_WL 7006
Obstacle_num 144
15 29 0 18 30 0
54 29 0 58 30 0
25 22 0 29 23 0
3 31 0 12 32 0
5 33 0 12 34 0
41 3 0 50 4 0
27 27 0 32 28 0
17 54 0 20 55 0
40 45 0 44 46 0
41 58 0 49 59 0
10 55 0 18 56 0
39 27 0 45 28 0
53 25 0 57 26 0
12 48 0 19 49 0
46 18 0 53 19 0
20 28 0 27 29 0
10 40 0 14 41 0
10 46 0 17 47 0
4 25 0 9 26 0
36 16 0 45 17 0
0 12 0 3 13 0
10 41 0 17 42 0
47 12 0 55 13 0
13 26 0 21 27 0
40 23 1 41 29 1
26 34 1 27 43 1
27 47 1 28 51 1
43 39 1 44 48 1
57 11 1 58 15 1
21 25 1 22 31 1
1 39 1 2 42 1
35 7 1 36 17 1
9 32 1 10 37 1
53 41 1 54 50 1
27 8 1 28 17 1
22 5 1 23 14 1
36 26 1 37 33 1
22 47 1 23 52 1
16 16 1 17 26 1
2 42 1 3 50 1
0 6 1 1 16 1
32 54 1 33 57 1
44 13 1 45 18 1
16 35 1 17 45 1
41 18 1 42 23 1
2 3 1 3 8 1
53 22 1 54 30 1
51 33 1 52 38 1
29 57 2 36 58 2
23 44 2 31 45 2
30 30 2 36 31 2
48 20 2 53 21 2
33 8 2 38 9 2
45 8 2 50 9 2
46 4 2 56 5 2
43 50 2 49 51 2
17 21 2 22 22 2
10 40 2 14 41 2
5 46 2 14 47 2
26 34 2 31 35 2
6 31 2 9 32 2
40 57 2 44 58 2
18 22 2 22 23 2
36 16 2 39 17 2
14 7 2 19 8 2
11 17 2 18 18 2
23 57 2 27 58 2
22 25 2 28 26 2
0 56 2 7 57 2
34 19 2 44 20 2
35 42 2 42 43 2
0 37 2 5 38 2
3 8 3 4 13 3
49 44 3 50 51 3
31 41 3 32 44 3
53 17 3 54 21 3
42 4 3 43 10 3
40 23 3 41 30 3
3 44 3 4 54 3
55 17 3 56 27 3
15 32 3 16 38 3
2 20 3 3 27 3
13 40 3 14 46 3
3 1 3 4 5 3
30 27 3 31 32 3
9 49 3 10 57 3
34 32 3 35 39 3
21 13 3 22 22 3
7 25 3 8 28 3
6 30 3 7 33 3
16 38 3 17 43 3
42 18 3 43 27 3
53 47 3 54 57 3
42 27 3 43 37 3
3 25 3 4 28 3
37 14 3 38 24 3
49 18 4 55 19 4
43 17 4 48 18 4
43 33 4 47 34 4
48 42 4 58 43 4
23 29 4 27 30 4
3 8 4 7 9 4
36 14 4 46 15 4
20 18 4 29 19 4
28 10 4 38 11 4
10 21 4 13 22 4
7 40 4 13 41 4
23 41 4 27 42 4
45 31 4 52 32 4
8 56 4 15 57 4
19 11 4 24 12 4
13 28 4 23 29 4
47 30 4 57 31 4
35 58 4 43 59 4
45 57 4 48 58 4
18 46 4 22 47 4
17 10 4 26 11 4
30 16 4 39 17 4
5 39 4 15 40 4
51 56 4 55 57 4
6 14 5 7 20 5
55 6 5 56 15 5
21 41 5 22 44 5
27 24 5 28 32 5
25 52 5 26 56 5
29 45 5 30 54 5
29 29 5 30 32 5
25 9 5 26 15 5
13 38 5 14 45 5
3 20 5 4 28 5
1 49 5 2 55 5
47 46 5 48 51 5
54 32 5 55 39 5
53 2 5 54 12 5
35 49 5 36 57 5
52 48 5 53 53 5
23 45 5 24 54 5
7 17 5 8 24 5
30 21 5 31 29 5
41 29 5 42 33 5
55 22 5 56 26 5
26 36 5 27 39 5
1 14 5 2 21 5
58 36 5 59 40 5
Net_num 161
Net_id 0
pin_num 5
0 59 0
4 50 0
0 54 0
0 44 0
18 55 0
Net_id 1
pin_num 5
15 30 0
7 28 0
23 30 0
19 43 0
0 36 0
Net_id 2
pin_num 5
36 24 0
50 30 0
42 1 0
57 24 0
57 13 0
Net_id 3
pin_num 5
55 12 0
58 5 0
46 10 0
53 0 0
39 10 0
Net_id 4
pin_num 5
1 27 0
1 31 0
0 55 0
14 44 0
0 16 0
Net_id 5
pin_num 5
15 36 0
5 45 0
22 36 0
15 56 0
6 32 0
Net_id 6
pin_num 5
34 24 0
28 21 0
45 22 0
44 21 0
21 21 0
Net_id 7
pin_num 5
5 20 0
4 12 0
3 18 0
0 5 0
0 57 0
Net_id 8
pin_num 5
55 7 0
58 15 0
38 10 0
41 7 0
47 14 0
Net_id 9
pin_num 5
53 39 0
58 29 0
57 40 0
59 16 0
59 45 0
Net_id 10
pin_num 5
54 42 0
52 39 0
52 29 0
52 28 0
51 11 0
Net_id 11
pin_num 5
22 41 0
21 35 0
17 28 0
23 37 0
8 29 0
Net_id 12
pin_num 5
38 48 0
47 49 0
42 59 0
54 59 0
46 46 0
Net_id 13
pin_num 5
8 40 0
6 59 0
23 53 0
8 54 0
4 33 0
Net_id 14
pin_num 5
35 29 0
41 29 0
39 23 0
38 38 0
33 33 0
Net_id 15
pin_num 5
16 23 0
13 28 0
8 27 0
5 27 0
12 13 0
Net_id 16
pin_num 5
2 56 0
2 55 0
20 54 0
11 38 0
5 47 0
Net_id 17
pin_num 5
26 55 0
26 51 0
19 52 0
11 57 0
23 42 0
Net_id 18
pin_num 5
51 39 0
33 38 0
42 0 0
39 12 0
52 1 0
Net_id 19
pin_num 5
26 24 0
10 24 0
20 27 0
25 20 0
6 26 0
Net_id 20
pin_num 5
7 41 0
14 27 0
23 36 0
1 26 0
22 59 0
Net_id 21
pin_num 4
24 30 0
26 25 0
22 45 0
15 19 0
Net_id 22
pin_num 4
0 50 0
9 58 0
7 39 0
18 58 0
Net_id 23
pin_num 4
11 50 0
5 50 0
26 30 0
10 47 0
Net_id 24
pin_num 4
50 50 0
53 51 0
35 50 0
38 59 0
Net_id 25
pin_num 4
2 52 0
1 53 0
1 38 0
24 37 0
Net_id 26
pin_num 4
21 43 0
29 48 0
6 47 0
39 43 0
Net_id 27
pin_num 4
46 34 0
50 49 0
55 37 0
53 57 0
Net_id 28
pin_num 4
23 56 0
29 58 0
12 51 0
45 52 0
Net_id 29
pin_num 4
4 38 0
2 33 0
2 19 0
18 28 0
Net_id 30
pin_num 4
46 35 0
46 20 0
35 28 0
44 40 0
Net_id 31
pin_num 4
36 5 0
35 23 0
45 8 0
43 11 0
Net_id 32
pin_num 4
42 29 0
49 35 0
41 37 0
42 52 0
Net_id 33
pin_num 4
1 47 0
4 40 0
1 52 0
12 52 0
Net_id 34
pin_num 4
48 34 0
58 31 0
48 40 0
44 38 0
Net_id 35
pin_num 4
17 5 0
12 4 0
7 1 0
14 11 0
Net_id 36
pin_num 4
9 27 0
13 32 0
11 3 0
0 8 0
Net_id 37
pin_num 4
46 59 0
52 57 0
49 39 0
41 51 0
Net_id 38
pin_num 4
59 44 0
54 35 0
53 40 0
56 23 0
Net_id 39
pin_num 4
43 53 0
51 57 0
55 58 0
55 38 0
Net_id 40
pin_num 4
35 17 0
29 24 0
26 18 0
40 17 0
Net_id 41
pin_num 4
50 40 0
52 45 0
51 9 0
59 4 0
Net_id 42
pin_num 3
44 31 0
35 25 0
41 12 0
Net_id 43
pin_num 3
31 40 0
17 42 0
37 54 0
Net_id 44
pin_num 3
39 9 0
39 3 0
56 3 0
Net_id 45
pin_num 3
49 17 0
38 23 0
25 18 0
Net_id 46
pin_num 3
6 19 0
4 14 0
2 28 0
Net_id 47
pin_num 3
7 57 0
9 49 0
2 39 0
Net_id 48
pin_num 3
58 30 0
52 23 0
50 16 0
Net_id 49
pin_num 3
23 50 0
32 48 0
59 52 0
Net_id 50
pin_num 3
29 7 0
21 6 0
25 36 0
Net_id 51
pin_num 3
12 37 0
25 53 0
0 58 0
Net_id 52
pin_num 3
33 24 0
25 38 0
33 0 0
Net_id 53
pin_num 3
29 30 0
53 33 0
26 32 0
Net_id 54
pin_num 3
39 7 0
46 2 0
49 0 0
Net_id 55
pin_num 3
49 33 0
33 45 0
33 34 0
Net_id 56
pin_num 3
16 38 0
25 54 0
20 47 0
Net_id 57
pin_num 3
33 36 0
31 23 0
23 31 0
Net_id 58
pin_num 3
55 55 0
48 44 0
56 36 0
Net_id 59
pin_num 3
28 17 0
34 19 0
30 35 0
Net_id 60
pin_num 3
46 45 0
39 51 0
25 47 0
Net_id 61
pin_num 3
44 25 0
34 12 0
37 30 0
Net_id 62
pin_num 3
21 47 0
35 58 0
27 39 0
Net_id 63
pin_num 3
44 37 0
42 32 0
58 38 0
Net_id 64
pin_num 3
30 5 0
31 9 0
17 0 0
Net_id 65
pin_num 3
0 1 0
8 15 0
2 30 0
Net_id 66
pin_num 3
44 57 0
48 43 0
43 9 0
Net_id 67
pin_num 3
38 4 0
22 4 0
23 0 0
Net_id 68
pin_num 3
21 45 0
3 58 0
11 37 0
Net_id 69
pin_num 3
43 36 0
33 31 0
23 26 0
Net_id 70
pin_num 3
3 23 0
11 34 0
1 22 0
Net_id 71
pin_num 3
0 39 0
5 43 0
7 22 0
Net_id 72
pin_num 3
11 29 0
12 38 0
22 46 0
Net_id 73
pin_num 3
48 22 0
54 27 0
54 0 0
Net_id 74
pin_num 3
45 5 0
52 3 0
50 14 0
Net_id 75
pin_num 3
34 59 0
14 43 0
4 49 0
Net_id 76
pin_num 3
54 47 0
48 54 0
38 54 0
Net_id 77
pin_num 3
14 15 0
28 25 0
22 15 0
Net_id 78
pin_num 3
26 19 0
18 19 0
14 40 0
Net_id 79
pin_num 3
23 16 0
8 18 0
4 21 0
Net_id 80
pin_num 3
28 2 0
19 9 0
20 13 0
Net_id 81
pin_num 2
15 17 0
2 15 0
Net_id 82
pin_num 2
29 38 0
16 45 0
Net_id 83
pin_num 2
36 28 0
41 30 0
Net_id 84
pin_num 2
48 32 0
58 19 0
Net_id 85
pin_num 2
38 43 0
35 35 0
Net_id 86
pin_num 2
17 4 0
0 0 0
Net_id 87
pin_num 2
50 43 0
57 43 0
Net_id 88
pin_num 2
57 30 0
45 32 0
Net_id 89
pin_num 2
41 19 0
49 11 0
Net_id 90
pin_num 2
54 57 0
58 40 0
Net_id 91
pin_num 2
44 46 0
39 35 0
Net_id 92
pin_num 2
17 47 0
19 49 0
Net_id 93
pin_num 2
18 6 0
38 5 0
Net_id 94
pin_num 2
55 5 0
51 14 0
Net_id 95
pin_num 2
46 49 0
41 49 0
Net_id 96
pin_num 2
50 35 0
58 43 0
Net_id 97
pin_num 2
28 44 0
38 57 0
Net_id 98
pin_num 2
16 34 0
32 40 0
Net_id 99
pin_num 2
5 4 0
1 9 0
Net_id 100
pin_num 2
29 1 0
38 3 0
Net_id 101
pin_num 2
28 23 0
9 0 0
Net_id 102
pin_num 2
51 2 0
44 1 0
Net_id 103
pin_num 2
17 39 0
12 57 0
Net_id 104
pin_num 2
45 39 0
56 22 0
Net_id 105
pin_num 2
38 40 0
33 42 0
Net_id 106
pin_num 2
7 52 0
16 50 0
Net_id 107
pin_num 2
1 24 0
10 19 0
Net_id 108
pin_num 2
51 37 0
55 45 0
Net_id 109
pin_num 2
58 46 0
45 55 0
Net_id 110
pin_num 2
58 42 0
41 53 0
Net_id 111
pin_num 2
3 55 0
19 18 0
Net_id 112
pin_num 2
30 31 0
29 41 0
Net_id 113
pin_num 2
19 57 0
42 55 0
Net_id 114
pin_num 2
53 41 0
48 57 0
Net_id 115
pin_num 2
35 31 0
41 26 0
Net_id 116
pin_num 2
56 28 0
40 58 0
Net_id 117
pin_num 2
42 20 0
34 17 0
Net_id 118
pin_num 2
25 48 0
21 46 0
Net_id 119
pin_num 2
36 42 0
47 42 0
Net_id 120
pin_num 2
18 12 0
7 4 0
Net_id 121
pin_num 2
0 30 0
6 51 0
Net_id 122
pin_num 2
24 55 0
8 53 0
Net_id 123
pin_num 2
10 14 0
17 19 0
Net_id 124
pin_num 2
16 9 0
2 2 0
Net_id 125
pin_num 2
12 44 0
1 43 0
Net_id 126
pin_num 2
40 1 0
23 22 0
Net_id 127
pin_num 2
27 6 0
43 5 0
Net_id 128
pin_num 2
36 53 0
17 56 0
Net_id 129
pin_num 2
48 11 0
45 12 0
Net_id 130
pin_num 2
56 58 0
55 40 0
Net_id 131
pin_num 2
29 21 0
37 7 0
Net_id 132
pin_num 2
26 42 0
34 50 0
Net_id 133
pin_num 2
26 8 0
20 35 0
Net_id 134
pin_num 2
33 37 0
26 45 0
Net_id 135
pin_num 2
55 16 0
52 25 0
Net_id 136
pin_num 2
12 8 0
25 8 0
Net_id 137
pin_num 2
2 6 0
10 15 0
Net_id 138
pin_num 2
46 51 0
45 41 0
Net_id 139
pin_num 2
34 40 0
23 59 0
Net_id 140
pin_num 2
5 34 0
24 59 0
Net_id 141
pin_num 2
2 11 0
27 30 0
Net_id 142
pin_num 2
27 19 0
35 34 0
Net_id 143
pin_num 2
9 47 0
10 25 0
Net_id 144
pin_num 2
31 55 0
47 44 0
Net_id 145
pin_num 2
55 22 0
55 31 0
Net_id 146
pin_num 2
54 10 0
56 1 0
Net_id 147
pin_num 2
54 54 0
45 56 0
Net_id 148
pin_num 2
33 16 0
46 6 0
Net_id 149
pin_num 2
52 52 0
58 45 0
Net_id 150
pin_num 2
57 37 0
52 27 0
Net_id 151
pin_num 2
35 1 0
44 20 0
Net_id 152
pin_num 2
24 17 0
9 7 0
Net_id 153
pin_num 2
34 29 0
13 35 0
Net_id 154
pin_num 2
58 1 0
47 30 0
Net_id 155
pin_num 2
2 3 0
12 12 0
Net_id 156
pin_num 2
24 54 0
21 33 0
Net_id 157
pin_num 2
22 42 0
4 51 0
Net_id 158
pin_num 2
3 22 0
13 15 0
Net_id 159
pin_num 2
28 3 0
43 1 0
Net_id 160
pin_num 2
14 32 0
33 44 0
