Width 60
Height 60
Layer 6
Total_WL 7290
Obstacle_num 144
10 37 0 15 38 0
1 39 0 11 40 0
40 55 0 48 56 0
52 26 0 56 27 0
0 4 0 6 5 0
27 35 0 31 36 0
37 35 0 44 36 0
35 40 0 44 41 0
3 57 0 6 58 0
0 6 0 10 7 0
23 9 0 29 10 0
27 10 0 32 11 0
1 11 0 4 12 0
18 7 0 23 8 0
50 56 0 56 57 0
50 15 0 55 16 0
45 1 0 50 2 0
0 14 0 8 15 0
22 4 0 25 5 0
11 52 0 19 53 0
47 39 0 53 40 0
50 1 0 55 2 0
7 55 0 13 56 0
51 40 0 57 41 0
4 6 1 5 14 1
25 46 1 26 53 1
24 49 1 25 54 1
32 3 1 33 10 1
24 35 1 25 39 1
57 25 1 58 35 1
40 35 1 41 41 1
42 11 1 43 19 1
27 50 1 28 57 1
14 50 1 15 53 1
29 13 1 30 18 1
12 26 1 13 35 1
14 41 1 15 50 1
0 25 1 1 28 1
41 48 1 42 58 1
53 22 1 54 32 1
17 38 1 18 44 1
20 33 1 21 37 1
2 12 1 3 16 1
33 21 1 34 28 1
1 48 1 2 56 1
37 41 1 38 48 1
55 22 1 56 26 1
25 9 1 26 12 1
0 12 2 3 13 2
12 17 2 15 18 2
11 57 2 19 58 2
5 45 2 12 46 2
25 18 2 33 19 2
29 17 2 36 18 2
52 35 2 59 36 2
36 3 2 40 4 2
48 2 2 51 3 2
19 47 2 27 48 2
34 10 2 40 11 2
23 54 2 26 55 2
48 36 2 57 37 2
3 23 2 6 24 2
39 40 2 46 41 2
7 1 2 17 2 2
36 9 2 46 10 2
49 32 2 53 33 2
44 48 2 51 49 2
0 48 2 9 49 2
1 4 2 11 5 2
17 51 2 24 52 2
23 25 2 32 26 2
14 40 2 24 41 2
28 36 3 29 43 3
9 5 3 10 14 3
42 49 3 43 57 3
40 27 3 41 35 3
45 48 3 46 57 3
56 13 3 57 20 3
13 54 3 14 57 3
26 32 3 27 39 3
38 16 3 39 25 3
58 50 3 59 54 3
37 43 3 38 52 3
33 30 3 34 40 3
48 34 3 49 42 3
24 46 3 25 49 3
43 13 3 44 22 3
48 7 3 49 12 3
30 6 3 31 16 3
25 23 3 26 32 3
51 6 3 52 16 3
16 25 3 17 29 3
49 14 3 50 18 3
53 26 3 54 35 3
48 13 3 49 18 3
30 46 3 31 54 3
27 1 4 32 2 4
23 37 4 31 38 4
52 34 4 56 35 4
19 25 4 22 26 4
17 21 4 22 22 4
24 13 4 34 14 4
20 13 4 24 14 4
15 1 4 20 2 4
46 30 4 51 31 4
4 48 4 11 49 4
36 15 4 40 16 4
9 8 4 14 9 4
0 33 4 10 34 4
13 37 4 23 38 4
23 49 4 30 50 4
45 40 4 52 41 4
0 4 4 10 5 4
29 44 4 32 45 4
45 53 4 48 54 4
34 39 4 42 40 4
51 44 4 54 45 4
31 4 4 34 5 4
33 33 4 41 34 4
1 28 4 9 29 4
54 24 5 55 30 5
26 11 5 27 19 5
25 11 5 26 15 5
57 53 5 58 59 5
4 13 5 5 22 5
0 6 5 1 13 5
9 33 5 10 43 5
52 50 5 53 55 5
21 15 5 22 23 5
21 3 5 22 6 5
16 8 5 17 18 5
34 20 5 35 29 5
11 2 5 12 8 5
54 39 5 55 45 5
51 3 5 52 10 5
37 53 5 38 58 5
55 12 5 56 15 5
29 29 5 30 35 5
45 53 5 46 59 5
32 44 5 33 51 5
11 43 5 12 49 5
51 20 5 52 28 5
58 1 5 59 5 5
41 19 5 42 25 5
Net_num 161
Net_id 0
pin_num 5
58 25 0
56 26 0
59 11 0
44 22 0
45 21 0
Net_id 1
pin_num 5
1 22 0
4 28 0
0 13 0
0 1 0
6 2 0
Net_id 2
pin_num 5
17 50 0
7 59 0
8 52 0
23 53 0
21 41 0
Net_id 3
pin_num 5
6 20 0
3 13 0
16 24 0
14 0 0
2 26 0
Net_id 4
pin_num 5
58 10 0
46 15 0
56 14 0
59 1 0
56 9 0
Net_id 5
pin_num 5
8 5 0
19 12 0
12 21 0
10 25 0
15 4 0
Net_id 6
pin_num 5
0 48 0
7 40 0
3 54 0
30 42 0
26 27 0
Net_id 7
pin_num 5
23 23 0
17 22 0
42 23 0
8 23 0
11 22 0
Net_id 8
pin_num 5
36 51 0
46 51 0
50 59 0
49 55 0
39 28 0
Net_id 9
pin_num 5
13 46 0
19 46 0
29 46 0
16 29 0
31 42 0
Net_id 10
pin_num 5
7 49 0
18 38 0
12 53 0
0 52 0
4 51 0
Net_id 11
pin_num 5
35 10 0
43 1 0
22 0 0
13 3 0
2 2 0
Net_id 12
pin_num 5
4 29 0
11 30 0
15 36 0
6 28 0
30 33 0
Net_id 13
pin_num 5
39 24 0
44 24 0
58 19 0
43 25 0
58 5 0
Net_id 14
pin_num 5
35 30 0
36 21 0
35 44 0
54 23 0
43 32 0
Net_id 15
pin_num 5
14 43 0
21 37 0
21 16 0
12 19 0
14 35 0
Net_id 16
pin_num 5
53 46 0
44 35 0
40 44 0
46 49 0
51 23 0
Net_id 17
pin_num 5
24 56 0
31 59 0
19 45 0
31 51 0
27 47 0
Net_id 18
pin_num 5
26 54 0
9 52 0
9 54 0
9 46 0
33 52 0
Net_id 19
pin_num 5
51 46 0
45 45 0
47 53 0
28 50 0
25 45 0
Net_id 20
pin_num 5
57 27 0
46 28 0
37 33 0
54 46 0
31 37 0
Net_id 21
pin_num 4
48 53 0
50 45 0
56 45 0
34 54 0
Net_id 22
pin_num 4
29 37 0
17 44 0
16 59 0
17 49 0
Net_id 23
pin_num 4
39 26 0
47 33 0
53 34 0
59 37 0
Net_id 24
pin_num 4
42 20 0
48 13 0
58 23 0
58 37 0
Net_id 25
pin_num 4
48 55 0
50 57 0
59 57 0
59 46 0
Net_id 26
pin_num 4
31 41 0
30 31 0
53 41 0
14 33 0
Net_id 27
pin_num 4
3 8 0
7 12 0
18 3 0
0 7 0
Net_id 28
pin_num 4
59 17 0
55 29 0
59 9 0
54 17 0
Net_id 29
pin_num 4
8 47 0
17 37 0
8 38 0
1 16 0
Net_id 30
pin_num 4
17 5 0
15 2 0
16 14 0
38 14 0
Net_id 31
pin_num 4
36 25 0
29 27 0
17 25 0
27 30 0
Net_id 32
pin_num 4
21 52 0
15 59 0
32 57 0
18 39 0
Net_id 33
pin_num 4
41 56 0
35 50 0
41 47 0
51 47 0
Net_id 34
pin_num 4
50 9 0
44 13 0
44 29 0
59 34 0
Net_id 35
pin_num 4
19 6 0
39 8 0
42 1 0
53 8 0
Net_id 36
pin_num 4
0 34 0
6 23 0
5 44 0
5 47 0
Net_id 37
pin_num 4
54 39 0
58 45 0
59 36 0
57 24 0
Net_id 38
pin_num 4
45 57 0
28 58 0
28 59 0
32 40 0
Net_id 39
pin_num 4
57 37 0
53 38 0
41 38 0
44 46 0
Net_id 40
pin_num 4
32 36 0
34 40 0
43 39 0
34 46 0
Net_id 41
pin_num 4
56 31 0
42 31 0
38 44 0
57 22 0
Net_id 42
pin_num 3
1 57 0
3 45 0
3 17 0
Net_id 43
pin_num 3
18 36 0
22 28 0
7 19 0
Net_id 44
pin_num 3
59 33 0
35 22 0
41 16 0
Net_id 45
pin_num 3
35 17 0
53 17 0
18 26 0
Net_id 46
pin_num 3
6 45 0
6 51 0
1 33 0
Net_id 47
pin_num 3
51 38 0
59 10 0
39 11 0
Net_id 48
pin_num 3
2 18 0
8 19 0
9 0 0
Net_id 49
pin_num 3
54 6 0
36 3 0
58 16 0
Net_id 50
pin_num 3
11 48 0
4 58 0
16 58 0
Net_id 51
pin_num 3
23 47 0
46 26 0
37 21 0
Net_id 52
pin_num 3
46 54 0
59 53 0
6 52 0
Net_id 53
pin_num 3
56 5 0
44 7 0
57 18 0
Net_id 54
pin_num 3
42 47 0
59 59 0
43 53 0
Net_id 55
pin_num 3
31 3 0
28 1 0
28 15 0
Net_id 56
pin_num 3
33 11 0
40 13 0
27 12 0
Net_id 57
pin_num 3
29 50 0
53 53 0
49 45 0
Net_id 58
pin_num 3
45 25 0
31 32 0
56 23 0
Net_id 59
pin_num 3
7 2 0
25 1 0
26 1 0
Net_id 60
pin_num 3
34 27 0
28 17 0
29 48 0
Net_id 61
pin_num 3
20 38 0
25 40 0
19 29 0
Net_id 62
pin_num 3
35 43 0
57 23 0
51 48 0
Net_id 63
pin_num 3
38 25 0
33 12 0
25 29 0
Net_id 64
pin_num 3
23 38 0
32 16 0
17 31 0
Net_id 65
pin_num 3
53 21 0
49 12 0
51 5 0
Net_id 66
pin_num 3
51 59 0
56 51 0
40 54 0
Net_id 67
pin_num 3
45 14 0
34 9 0
29 9 0
Net_id 68
pin_num 3
38 5 0
47 18 0
45 5 0
Net_id 69
pin_num 3
37 45 0
36 38 0
47 45 0
Net_id 70
pin_num 3
52 35 0
57 43 0
53 47 0
Net_id 71
pin_num 3
2 55 0
2 37 0
1 58 0
Net_id 72
pin_num 3
37 8 0
26 2 0
45 4 0
Net_id 73
pin_num 3
52 51 0
34 55 0
19 49 0
Net_id 74
pin_num 3
6 26 0
14 13 0
1 17 0
Net_id 75
pin_num 3
31 5 0
37 4 0
31 11 0
Net_id 76
pin_num 3
58 1 0
41 20 0
46 23 0
Net_id 77
pin_num 3
10 26 0
16 26 0
53 16 0
Net_id 78
pin_num 3
32 21 0
7 30 0
32 2 0
Net_id 79
pin_num 3
49 25 0
41 21 0
32 28 0
Net_id 80
pin_num 2
42 16 0
52 13 0
Net_id 81
pin_num 2
58 40 0
51 50 0
Net_id 82
pin_num 2
13 0 0
12 2 0
Net_id 83
pin_num 2
36 6 0
46 11 0
Net_id 84
pin_num 2
53 49 0
57 49 0
Net_id 85
pin_num 2
8 20 0
11 33 0
Net_id 86
pin_num 2
48 35 0
38 42 0
Net_id 87
pin_num 2
23 35 0
28 34 0
Net_id 88
pin_num 2
16 56 0
8 44 0
Net_id 89
pin_num 2
1 28 0
1 21 0
Net_id 90
pin_num 2
24 19 0
36 35 0
Net_id 91
pin_num 2
8 34 0
1 19 0
Net_id 92
pin_num 2
15 19 0
8 31 0
Net_id 93
pin_num 2
50 42 0
54 25 0
Net_id 94
pin_num 2
5 35 0
8 35 0
Net_id 95
pin_num 2
35 53 0
18 48 0
Net_id 96
pin_num 2
21 1 0
37 16 0
Net_id 97
pin_num 2
34 57 0
24 30 0
Net_id 98
pin_num 2
55 43 0
50 35 0
Net_id 99
pin_num 2
21 45 0
38 47 0
Net_id 100
pin_num 2
10 38 0
30 27 0
Net_id 101
pin_num 2
35 6 0
19 9 0
Net_id 102
pin_num 2
10 7 0
8 15 0
Net_id 103
pin_num 2
15 8 0
6 5 0
Net_id 104
pin_num 2
6 53 0
12 45 0
Net_id 105
pin_num 2
31 18 0
42 36 0
Net_id 106
pin_num 2
49 21 0
54 48 0
Net_id 107
pin_num 2
1 31 0
7 38 0
Net_id 108
pin_num 2
22 12 0
20 4 0
Net_id 109
pin_num 2
54 11 0
50 11 0
Net_id 110
pin_num 2
2 40 0
9 56 0
Net_id 111
pin_num 2
18 40 0
34 56 0
Net_id 112
pin_num 2
28 48 0
1 32 0
Net_id 113
pin_num 2
38 11 0
29 11 0
Net_id 114
pin_num 2
4 50 0
14 39 0
Net_id 115
pin_num 2
37 13 0
36 15 0
Net_id 116
pin_num 2
34 12 0
19 26 0
Net_id 117
pin_num 2
29 26 0
40 47 0
Net_id 118
pin_num 2
14 53 0
3 36 0
Net_id 119
pin_num 2
37 54 0
46 42 0
Net_id 120
pin_num 2
54 51 0
35 59 0
Net_id 121
pin_num 2
58 29 0
39 55 0
Net_id 122
pin_num 2
45 26 0
32 38 0
Net_id 123
pin_num 2
3 1 0
6 11 0
Net_id 124
pin_num 2
25 30 0
9 38 0
Net_id 125
pin_num 2
42 50 0
30 39 0
Net_id 126
pin_num 2
58 48 0
47 26 0
Net_id 127
pin_num 2
5 3 0
0 2 0
Net_id 128
pin_num 2
5 59 0
7 54 0
Net_id 129
pin_num 2
33 43 0
31 46 0
Net_id 130
pin_num 2
37 9 0
38 20 0
Net_id 131
pin_num 2
25 22 0
1 15 0
Net_id 132
pin_num 2
14 15 0
40 10 0
Net_id 133
pin_num 2
49 5 0
48 43 0
Net_id 134
pin_num 2
55 25 0
53 24 0
Net_id 135
pin_num 2
21 19 0
1 30 0
Net_id 136
pin_num 2
14 30 0
25 28 0
Net_id 137
pin_num 2
0 17 0
16 18 0
Net_id 138
pin_num 2
26 50 0
14 54 0
Net_id 139
pin_num 2
2 21 0
3 2 0
Net_id 140
pin_num 2
45 50 0
36 59 0
Net_id 141
pin_num 2
55 59 0
57 48 0
Net_id 142
pin_num 2
49 48 0
33 55 0
Net_id 143
pin_num 2
26 11 0
31 7 0
Net_id 144
pin_num 2
2 41 0
17 29 0
Net_id 145
pin_num 2
20 27 0
6 17 0
Net_id 146
pin_num 2
25 51 0
11 51 0
Net_id 147
pin_num 2
40 49 0
42 43 0
Net_id 148
pin_num 2
13 45 0
18 55 0
Net_id 149
pin_num 2
38 59 0
46 50 0
Net_id 150
pin_num 2
4 53 0
26 59 0
Net_id 151
pin_num 2
13 15 0
2 30 0
Net_id 152
pin_num 2
25 59 0
23 55 0
Net_id 153
pin_num 2
19 8 0
7 17 0
Net_id 154
pin_num 2
49 38 0
55 41 0
Net_id 155
pin_num 2
21 3 0
18 21 0
Net_id 156
pin_num 2
5 10 0
12 10 0
Net_id 157
pin_num 2
27 36 0
8 22 0
Net_id 158
pin_num 2
57 4 0
49 26 0
Net_id 159
pin_num 2
27 32 0
2 32 0
Net_id 160
pin_num 2
6 19 0
2 9 0
