Width 60
Height 60
Layer 6
Total_WL 6638
Obstacle_num 144
52 3 0 59 4 0
35 49 0 39 50 0
2 7 0 6 8 0
39 1 0 49 2 0
32 24 0 39 25 0
32 3 0 35 4 0
6 19 0 12 20 0
7 15 0 11 16 0
26 5 0 36 6 0
48 18 0 51 19 0
44 32 0 51 33 0
29 17 0 33 18 0
43 41 0 50 42 0
43 55 0 53 56 0
15 54 0 25 55 0
3 22 0 9 23 0
48 19 0 52 20 0
16 22 0 21 23 0
1 27 0 6 28 0
23 0 0 31 1 0
9 36 0 19 37 0
6 42 0 9 43 0
6 58 0 13 59 0
28 55 0 38 56 0
17 5 1 18 11 1
30 0 1 31 7 1
8 36 1 9 41 1
58 4 1 59 11 1
6 15 1 7 23 1
8 0 1 9 10 1
46 9 1 47 15 1
16 12 1 17 15 1
18 53 1 19 56 1
28 37 1 29 42 1
32 9 1 33 17 1
12 5 1 13 9 1
5 9 1 6 13 1
21 12 1 22 18 1
57 27 1 58 33 1
29 31 1 30 41 1
7 37 1 8 44 1
48 39 1 49 48 1
48 54 1 49 58 1
31 40 1 32 48 1
54 18 1 55 23 1
35 48 1 36 55 1
29 4 1 30 8 1
37 21 1 38 30 1
27 40 2 32 41 2
29 46 2 38 47 2
29 3 2 33 4 2
30 16 2 38 17 2
41 57 2 51 58 2
20 26 2 29 27 2
31 13 2 40 14 2
2 42 2 7 43 2
31 29 2 38 30 2
50 39 2 59 40 2
31 25 2 37 26 2
5 15 2 12 16 2
21 22 2 28 23 2
46 25 2 55 26 2
1 52 2 4 53 2
44 42 2 52 43 2
15 47 2 20 48 2
44 40 2 53 41 2
23 46 2 26 47 2
14 48 2 24 49 2
35 17 2 41 18 2
47 33 2 50 34 2
23 18 2 32 19 2
8 1 2 18 2 2
34 42 3 35 46 3
50 19 3 51 24 3
18 5 3 19 13 3
0 39 3 1 45 3
56 40 3 57 50 3
32 40 3 33 46 3
47 14 3 48 24 3
8 46 3 9 50 3
45 1 3 46 10 3
22 32 3 23 40 3
57 51 3 58 57 3
41 1 3 42 7 3
29 35 3 30 41 3
39 3 3 40 10 3
49 42 3 50 49 3
37 1 3 38 11 3
16 26 3 17 35 3
2 16 3 3 21 3
49 19 3 50 29 3
18 24 3 19 34 3
2 26 3 3 32 3
16 5 3 17 9 3
51 11 3 52 14 3
50 2 3 51 8 3
34 13 4 44 14 4
50 38 4 55 39 4
27 38 4 33 39 4
5 28 4 11 29 4
3 19 4 6 20 4
22 4 4 25 5 4
9 8 4 18 9 4
9 4 4 17 5 4
51 2 4 54 3 4
27 16 4 30 17 4
43 6 4 53 7 4
23 17 4 29 18 4
10 18 4 17 19 4
31 55 4 38 56 4
33 28 4 40 29 4
13 44 4 20 45 4
38 10 4 41 11 4
4 50 4 9 51 4
19 30 4 26 31 4
49 18 4 59 19 4
0 36 4 3 37 4
30 23 4 40 24 4
50 17 4 56 18 4
9 29 4 16 30 4
53 28 5 54 36 5
1 48 5 2 54 5
29 51 5 30 57 5
17 29 5 18 33 5
38 20 5 39 27 5
25 21 5 26 26 5
42 22 5 43 32 5
47 8 5 48 14 5
52 43 5 53 53 5
4 43 5 5 48 5
20 40 5 21 50 5
45 6 5 46 13 5
3 40 5 4 50 5
48 16 5 49 26 5
31 15 5 32 19 5
6 39 5 7 45 5
6 22 5 7 32 5
43 49 5 44 57 5
4 40 5 5 43 5
34 7 5 35 14 5
46 3 5 47 6 5
21 4 5 22 10 5
31 30 5 32 34 5
17 39 5 18 47 5
Net_num 159
Net_id 0
pin_num 5
4 56 0
3 58 0
5 59 0
0 43 0
1 36 0
Net_id 1
pin_num 5
58 21 0
57 12 0
51 11 0
53 18 0
52 28 0
Net_id 2
pin_num 5
38 30 0
23 30 0
27 46 0
7 36 0
5 45 0
Net_id 3
pin_num 5
54 16 0
59 27 0
59 6 0
56 15 0
47 19 0
Net_id 4
pin_num 5
13 50 0
2 45 0
11 33 0
2 59 0
4 40 0
Net_id 5
pin_num 5
56 1 0
39 0 0
39 21 0
49 7 0
41 13 0
Net_id 6
pin_num 5
56 56 0
53 54 0
37 54 0
53 32 0
53 20 0
Net_id 7
pin_num 5
26 12 0
19 12 0
0 10 0
0 1 0
32 0 0
Net_id 8
pin_num 5
41 15 0
47 15 0
43 29 0
58 13 0
57 21 0
Net_id 9
pin_num 5
21 25 0
39 23 0
30 24 0
33 37 0
32 27 0
Net_id 10
pin_num 5
10 25 0
4 21 0
0 14 0
3 20 0
2 40 0
Net_id 11
pin_num 5
46 49 0
40 33 0
47 37 0
40 56 0
49 56 0
Net_id 12
pin_num 5
51 39 0
36 38 0
41 38 0
55 38 0
36 51 0
Net_id 13
pin_num 5
56 0 0
38 2 0
57 0 0
28 1 0
38 8 0
Net_id 14
pin_num 5
11 4 0
23 11 0
19 6 0
17 19 0
3 9 0
Net_id 15
pin_num 5
38 45 0
43 45 0
43 54 0
41 50 0
59 45 0
Net_id 16
pin_num 5
11 5 0
22 5 0
7 2 0
10 21 0
15 1 0
Net_id 17
pin_num 5
14 56 0
27 59 0
24 44 0
37 47 0
24 43 0
Net_id 18
pin_num 5
29 49 0
48 48 0
22 45 0
37 40 0
39 59 0
Net_id 19
pin_num 4
9 59 0
14 58 0
23 59 0
21 50 0
Net_id 20
pin_num 4
7 7 0
15 9 0
11 29 0
5 21 0
Net_id 21
pin_num 4
17 9 0
24 13 0
20 31 0
24 23 0
Net_id 22
pin_num 4
35 8 0
48 10 0
45 24 0
41 2 0
Net_id 23
pin_num 4
27 8 0
33 14 0
33 4 0
21 0 0
Net_id 24
pin_num 4
15 35 0
16 30 0
24 32 0
25 33 0
Net_id 25
pin_num 4
45 18 0
32 18 0
39 22 0
34 4 0
Net_id 26
pin_num 4
43 51 0
31 48 0
47 57 0
23 49 0
Net_id 27
pin_num 4
28 43 0
29 48 0
30 37 0
30 28 0
Net_id 28
pin_num 4
17 10 0
25 10 0
18 23 0
10 22 0
Net_id 29
pin_num 4
51 3 0
38 5 0
35 22 0
36 5 0
Net_id 30
pin_num 4
46 13 0
57 8 0
49 24 0
57 24 0
Net_id 31
pin_num 4
51 6 0
57 22 0
56 31 0
28 17 0
Net_id 32
pin_num 4
40 24 0
42 24 0
47 11 0
33 19 0
Net_id 33
pin_num 4
1 54 0
17 58 0
0 38 0
22 55 0
Net_id 34
pin_num 4
55 30 0
57 26 0
57 44 0
40 30 0
Net_id 35
pin_num 4
4 5 0
13 2 0
4 2 0
11 6 0
Net_id 36
pin_num 4
38 7 0
48 2 0
22 7 0
30 23 0
Net_id 37
pin_num 4
15 3 0
0 7 0
1 22 0
7 26 0
Net_id 38
pin_num 4
27 37 0
26 55 0
3 45 0
15 49 0
Net_id 39
pin_num 4
34 38 0
23 42 0
32 39 0
31 15 0
Net_id 40
pin_num 3
13 18 0
6 26 0
15 24 0
Net_id 41
pin_num 3
50 29 0
56 17 0
44 31 0
Net_id 42
pin_num 3
22 24 0
26 27 0
34 2 0
Net_id 43
pin_num 3
40 43 0
34 50 0
55 50 0
Net_id 44
pin_num 3
59 14 0
32 6 0
42 35 0
Net_id 45
pin_num 3
18 41 0
32 41 0
25 53 0
Net_id 46
pin_num 3
14 46 0
23 57 0
50 52 0
Net_id 47
pin_num 3
11 13 0
26 10 0
57 1 0
Net_id 48
pin_num 3
57 54 0
52 45 0
30 59 0
Net_id 49
pin_num 3
36 36 0
34 41 0
7 47 0
Net_id 50
pin_num 3
19 28 0
26 28 0
25 1 0
Net_id 51
pin_num 3
1 34 0
16 39 0
1 59 0
Net_id 52
pin_num 3
24 31 0
19 30 0
26 56 0
Net_id 53
pin_num 3
20 21 0
0 29 0
21 27 0
Net_id 54
pin_num 3
40 21 0
47 21 0
44 9 0
Net_id 55
pin_num 3
1 2 0
5 1 0
15 0 0
Net_id 56
pin_num 3
23 32 0
13 33 0
15 30 0
Net_id 57
pin_num 3
9 28 0
2 23 0
3 14 0
Net_id 58
pin_num 3
2 32 0
11 31 0
19 20 0
Net_id 59
pin_num 3
34 15 0
40 14 0
12 16 0
Net_id 60
pin_num 3
46 27 0
33 23 0
59 5 0
Net_id 61
pin_num 3
41 23 0
59 30 0
45 14 0
Net_id 62
pin_num 3
54 21 0
57 41 0
28 34 0
Net_id 63
pin_num 3
6 21 0
10 31 0
1 21 0
Net_id 64
pin_num 3
17 37 0
6 46 0
8 43 0
Net_id 65
pin_num 3
56 52 0
46 54 0
35 46 0
Net_id 66
pin_num 3
6 40 0
17 41 0
36 47 0
Net_id 67
pin_num 3
54 42 0
36 42 0
40 32 0
Net_id 68
pin_num 3
7 27 0
15 43 0
15 20 0
Net_id 69
pin_num 3
38 31 0
35 28 0
35 39 0
Net_id 70
pin_num 3
44 47 0
35 56 0
53 58 0
Net_id 71
pin_num 3
42 10 0
57 6 0
31 12 0
Net_id 72
pin_num 3
46 28 0
43 20 0
46 43 0
Net_id 73
pin_num 3
14 6 0
12 10 0
23 19 0
Net_id 74
pin_num 3
6 39 0
21 35 0
19 31 0
Net_id 75
pin_num 3
49 37 0
46 51 0
13 48 0
Net_id 76
pin_num 3
48 49 0
47 58 0
46 53 0
Net_id 77
pin_num 3
15 45 0
21 46 0
3 44 0
Net_id 78
pin_num 2
10 9 0
5 6 0
Net_id 79
pin_num 2
51 50 0
34 58 0
Net_id 80
pin_num 2
16 23 0
3 21 0
Net_id 81
pin_num 2
4 46 0
6 56 0
Net_id 82
pin_num 2
47 40 0
57 49 0
Net_id 83
pin_num 2
14 29 0
0 37 0
Net_id 84
pin_num 2
0 59 0
9 48 0
Net_id 85
pin_num 2
41 11 0
52 4 0
Net_id 86
pin_num 2
13 21 0
7 46 0
Net_id 87
pin_num 2
24 1 0
2 5 0
Net_id 88
pin_num 2
12 53 0
26 59 0
Net_id 89
pin_num 2
24 18 0
26 15 0
Net_id 90
pin_num 2
54 41 0
43 58 0
Net_id 91
pin_num 2
28 6 0
31 6 0
Net_id 92
pin_num 2
55 13 0
50 12 0
Net_id 93
pin_num 2
18 26 0
5 34 0
Net_id 94
pin_num 2
30 52 0
32 56 0
Net_id 95
pin_num 2
28 9 0
23 13 0
Net_id 96
pin_num 2
35 50 0
27 29 0
Net_id 97
pin_num 2
32 8 0
23 2 0
Net_id 98
pin_num 2
53 37 0
56 35 0
Net_id 99
pin_num 2
55 5 0
40 16 0
Net_id 100
pin_num 2
52 58 0
33 39 0
Net_id 101
pin_num 2
33 1 0
21 7 0
Net_id 102
pin_num 2
30 9 0
48 15 0
Net_id 103
pin_num 2
17 49 0
12 46 0
Net_id 104
pin_num 2
16 44 0
32 37 0
Net_id 105
pin_num 2
42 55 0
24 57 0
Net_id 106
pin_num 2
56 39 0
45 35 0
Net_id 107
pin_num 2
49 33 0
58 55 0
Net_id 108
pin_num 2
23 22 0
39 31 0
Net_id 109
pin_num 2
11 9 0
15 6 0
Net_id 110
pin_num 2
52 51 0
55 59 0
Net_id 111
pin_num 2
11 14 0
9 20 0
Net_id 112
pin_num 2
16 38 0
3 42 0
Net_id 113
pin_num 2
56 33 0
45 25 0
Net_id 114
pin_num 2
43 33 0
35 33 0
Net_id 115
pin_num 2
56 38 0
59 38 0
Net_id 116
pin_num 2
46 33 0
44 34 0
Net_id 117
pin_num 2
20 11 0
14 13 0
Net_id 118
pin_num 2
19 29 0
28 50 0
Net_id 119
pin_num 2
27 30 0
18 38 0
Net_id 120
pin_num 2
50 10 0
57 5 0
Net_id 121
pin_num 2
31 19 0
38 6 0
Net_id 122
pin_num 2
56 12 0
40 25 0
Net_id 123
pin_num 2
17 38 0
28 21 0
Net_id 124
pin_num 2
59 44 0
59 37 0
Net_id 125
pin_num 2
6 31 0
1 19 0
Net_id 126
pin_num 2
55 43 0
59 55 0
Net_id 127
pin_num 2
59 7 0
41 17 0
Net_id 128
pin_num 2
59 41 0
58 47 0
Net_id 129
pin_num 2
21 2 0
28 11 0
Net_id 130
pin_num 2
18 14 0
34 13 0
Net_id 131
pin_num 2
13 27 0
28 35 0
Net_id 132
pin_num 2
26 42 0
25 34 0
Net_id 133
pin_num 2
18 50 0
11 57 0
Net_id 134
pin_num 2
6 18 0
3 11 0
Net_id 135
pin_num 2
19 38 0
31 37 0
Net_id 136
pin_num 2
5 43 0
14 17 0
Net_id 137
pin_num 2
13 59 0
5 36 0
Net_id 138
pin_num 2
11 15 0
28 12 0
Net_id 139
pin_num 2
55 40 0
58 51 0
Net_id 140
pin_num 2
27 17 0
2 15 0
Net_id 141
pin_num 2
43 22 0
50 17 0
Net_id 142
pin_num 2
35 1 0
23 8 0
Net_id 143
pin_num 2
43 52 0
30 58 0
Net_id 144
pin_num 2
56 25 0
47 36 0
Net_id 145
pin_num 2
21 30 0
26 23 0
Net_id 146
pin_num 2
10 51 0
12 42 0
Net_id 147
pin_num 2
4 47 0
27 56 0
Net_id 148
pin_num 2
36 53 0
39 54 0
Net_id 149
pin_num 2
32 23 0
28 10 0
Net_id 150
pin_num 2
17 4 0
38 0 0
Net_id 151
pin_num 2
40 4 0
49 2 0
Net_id 152
pin_num 2
25 39 0
14 48 0
Net_id 153
pin_num 2
1 48 0
17 34 0
Net_id 154
pin_num 2
56 28 0
33 20 0
Net_id 155
pin_num 2
49 36 0
55 36 0
Net_id 156
pin_num 2
58 2 0
48 12 0
Net_id 157
pin_num 2
5 44 0
18 52 0
Net_id 158
pin_num 2
35 21 0
41 34 0
