Width 60
Height 60
Layer 6
Total_WL 6753
Obstacle_num 144
9 31 0 14 32 0
9 52 0 18 53 0
45 46 0 48 47 0
35 6 0 41 7 0
11 33 0 19 34 0
2 50 0 10 51 0
2 55 0 7 56 0
3 33 0 11 34 0
1 51 0 10 52 0
2 28 0 6 29 0
14 32 0 22 33 0
34 17 0 37 18 0
20 16 0 26 17 0
16 28 0 19 29 0
27 23 0 34 24 0
44 19 0 47 20 0
21 8 0 27 9 0
8 39 0 13 40 0
29 42 0 32 43 0
14 10 0 23 11 0
28 49 0 32 50 0
28 36 0 37 37 0
3 32 0 6 33 0
41 6 0 49 7 0
26 53 1 27 57 1
48 39 1 49 49 1
4 25 1 5 30 1
45 32 1 46 42 1
42 47 1 43 50 1
0 46 1 1 54 1
7 9 1 8 13 1
54 42 1 55 51 1
48 11 1 49 20 1
48 22 1 49 25 1
25 52 1 26 57 1
20 26 1 21 33 1
7 48 1 8 55 1
0 3 1 1 13 1
34 42 1 35 47 1
29 50 1 30 57 1
11 12 1 12 15 1
56 50 1 57 53 1
0 19 1 1 23 1
57 39 1 58 48 1
51 36 1 52 42 1
23 13 1 24 23 1
13 37 1 14 45 1
53 39 1 54 44 1
4 23 2 9 24 2
35 50 2 43 51 2
37 30 2 43 31 2
16 20 2 25 21 2
11 13 2 21 14 2
42 42 2 46 43 2
3 57 2 7 58 2
13 28 2 19 29 2
35 31 2 39 32 2
8 33 2 11 34 2
50 33 2 57 34 2
56 21 2 59 22 2
31 29 2 40 30 2
4 27 2 8 28 2
26 42 2 35 43 2
38 7 2 46 8 2
20 43 2 29 44 2
23 27 2 27 28 2
26 49 2 33 50 2
48 55 2 52 56 2
32 7 2 37 8 2
27 56 2 34 57 2
8 52 2 14 53 2
26 32 2 32 33 2
17 19 3 18 26 3
46 30 3 47 38 3
56 6 3 57 16 3
39 51 3 40 59 3
26 17 3 27 21 3
57 6 3 58 9 3
22 29 3 23 35 3
41 21 3 42 28 3
49 1 3 50 9 3
52 21 3 53 31 3
55 43 3 56 47 3
37 4 3 38 14 3
5 50 3 6 56 3
15 2 3 16 10 3
40 35 3 41 44 3
13 22 3 14 32 3
23 29 3 24 39 3
34 36 3 35 44 3
35 23 3 36 27 3
1 19 3 2 26 3
9 31 3 10 35 3
26 11 3 27 16 3
46 15 3 47 25 3
53 8 3 54 17 3
38 45 4 47 46 4
10 13 4 13 14 4
35 0 4 40 1 4
36 28 4 44 29 4
18 37 4 23 38 4
39 50 4 45 51 4
28 50 4 32 51 4
21 55 4 30 56 4
50 44 4 56 45 4
2 35 4 8 36 4
10 8 4 17 9 4
20 58 4 30 59 4
42 0 4 51 1 4
10 4 4 17 5 4
16 36 4 23 37 4
3 12 4 6 13 4
16 33 4 26 34 4
32 51 4 39 52 4
13 21 4 20 22 4
7 49 4 14 50 4
7 5 4 14 6 4
9 50 4 16 51 4
23 34 4 26 35 4
0 44 4 4 45 4
11 21 5 12 28 5
13 2 5 14 6 5
51 51 5 52 55 5
34 16 5 35 26 5
19 40 5 20 44 5
14 15 5 15 18 5
58 36 5 59 46 5
39 14 5 40 22 5
49 26 5 50 36 5
29 4 5 30 14 5
7 48 5 8 58 5
0 34 5 1 40 5
5 28 5 6 37 5
55 29 5 56 33 5
44 0 5 45 5 5
25 7 5 26 12 5
53 0 5 54 4 5
48 45 5 49 52 5
3 44 5 4 51 5
18 11 5 19 17 5
51 10 5 52 19 5
30 3 5 31 11 5
36 17 5 37 24 5
35 1 5 36 10 5
Net_num 163
Net_id 0
pin_num 5
7 7 0
1 4 0
5 30 0
23 6 0
6 0 0
Net_id 1
pin_num 5
7 2 0
11 2 0
21 2 0
8 21 0
25 19 0
Net_id 2
pin_num 5
53 58 0
53 52 0
49 58 0
52 55 0
41 51 0
Net_id 3
pin_num 5
26 56 0
35 56 0
12 56 0
14 59 0
5 59 0
Net_id 4
pin_num 5
38 31 0
37 26 0
23 29 0
49 14 0
55 14 0
Net_id 5
pin_num 5
4 6 0
9 11 0
4 10 0
0 0 0
3 2 0
Net_id 6
pin_num 5
36 32 0
30 38 0
49 32 0
46 28 0
39 38 0
Net_id 7
pin_num 5
30 4 0
31 0 0
23 0 0
34 15 0
45 0 0
Net_id 8
pin_num 5
4 54 0
13 54 0
4 53 0
8 59 0
6 44 0
Net_id 9
pin_num 5
49 28 0
50 32 0
47 45 0
49 25 0
59 23 0
Net_id 10
pin_num 5
49 56 0
51 54 0
51 59 0
35 55 0
37 51 0
Net_id 11
pin_num 5
36 34 0
37 43 0
46 41 0
54 39 0
22 41 0
Net_id 12
pin_num 5
13 1 0
3 10 0
6 8 0
1 8 0
18 6 0
Net_id 13
pin_num 5
16 26 0
22 26 0
17 16 0
8 22 0
0 23 0
Net_id 14
pin_num 5
22 55 0
29 55 0
23 49 0
23 46 0
45 48 0
Net_id 15
pin_num 5
15 5 0
6 11 0
29 1 0
14 9 0
19 0 0
Net_id 16
pin_num 5
36 24 0
27 30 0
49 27 0
33 9 0
34 39 0
Net_id 17
pin_num 5
17 45 0
32 45 0
19 34 0
28 41 0
25 57 0
Net_id 18
pin_num 5
2 49 0
17 51 0
26 50 0
17 34 0
0 34 0
Net_id 19
pin_num 5
40 54 0
45 54 0
34 59 0
34 55 0
36 33 0
Net_id 20
pin_num 5
52 4 0
55 6 0
59 4 0
46 5 0
47 16 0
Net_id 21
pin_num 4
40 20 0
46 11 0
45 13 0
27 20 0
Net_id 22
pin_num 4
18 39 0
15 40 0
1 45 0
3 24 0
Net_id 23
pin_num 4
34 3 0
29 9 0
16 8 0
43 7 0
Net_id 24
pin_num 4
38 47 0
30 48 0
39 39 0
16 38 0
Net_id 25
pin_num 4
49 45 0
56 40 0
58 33 0
59 59 0
Net_id 26
pin_num 4
37 25 0
44 25 0
40 3 0
39 35 0
Net_id 27
pin_num 4
44 51 0
54 41 0
53 49 0
59 22 0
Net_id 28
pin_num 4
37 11 0
25 15 0
17 15 0
11 15 0
Net_id 29
pin_num 4
44 28 0
45 12 0
59 7 0
59 3 0
Net_id 30
pin_num 4
27 11 0
34 5 0
10 16 0
26 10 0
Net_id 31
pin_num 4
0 47 0
8 43 0
0 29 0
4 52 0
Net_id 32
pin_num 4
52 29 0
58 30 0
53 6 0
59 13 0
Net_id 33
pin_num 4
44 20 0
40 33 0
38 40 0
39 19 0
Net_id 34
pin_num 4
38 33 0
30 26 0
32 9 0
33 48 0
Net_id 35
pin_num 4
8 20 0
16 20 0
15 12 0
15 38 0
Net_id 36
pin_num 4
43 8 0
44 12 0
41 21 0
49 21 0
Net_id 37
pin_num 4
19 13 0
14 1 0
28 4 0
29 2 0
Net_id 38
pin_num 4
29 13 0
35 13 0
32 22 0
9 16 0
Net_id 39
pin_num 4
52 49 0
50 43 0
51 44 0
59 34 0
Net_id 40
pin_num 4
50 29 0
38 26 0
57 26 0
44 13 0
Net_id 41
pin_num 3
1 3 0
3 1 0
25 7 0
Net_id 42
pin_num 3
11 29 0
17 27 0
22 21 0
Net_id 43
pin_num 3
14 21 0
10 24 0
2 1 0
Net_id 44
pin_num 3
55 49 0
59 51 0
44 47 0
Net_id 45
pin_num 3
1 42 0
5 36 0
5 52 0
Net_id 46
pin_num 3
25 22 0
35 9 0
48 9 0
Net_id 47
pin_num 3
55 24 0
50 21 0
58 11 0
Net_id 48
pin_num 3
4 20 0
2 14 0
25 17 0
Net_id 49
pin_num 3
19 6 0
23 3 0
20 33 0
Net_id 50
pin_num 3
40 49 0
49 41 0
56 17 0
Net_id 51
pin_num 3
57 59 0
55 48 0
52 52 0
Net_id 52
pin_num 3
48 3 0
31 19 0
38 18 0
Net_id 53
pin_num 3
44 15 0
36 5 0
36 57 0
Net_id 54
pin_num 3
35 39 0
45 30 0
57 33 0
Net_id 55
pin_num 3
8 12 0
2 21 0
2 4 0
Net_id 56
pin_num 3
37 3 0
48 2 0
33 2 0
Net_id 57
pin_num 3
30 10 0
24 6 0
24 24 0
Net_id 58
pin_num 3
50 1 0
57 11 0
34 1 0
Net_id 59
pin_num 3
40 4 0
58 5 0
45 43 0
Net_id 60
pin_num 3
46 56 0
48 31 0
58 28 0
Net_id 61
pin_num 3
50 17 0
59 14 0
49 2 0
Net_id 62
pin_num 3
15 43 0
23 43 0
7 34 0
Net_id 63
pin_num 3
50 30 0
44 36 0
58 23 0
Net_id 64
pin_num 3
54 11 0
50 15 0
33 1 0
Net_id 65
pin_num 3
47 57 0
58 47 0
39 49 0
Net_id 66
pin_num 3
13 25 0
19 25 0
16 13 0
Net_id 67
pin_num 3
11 46 0
1 48 0
22 48 0
Net_id 68
pin_num 3
39 42 0
54 31 0
37 37 0
Net_id 69
pin_num 3
25 12 0
39 12 0
9 5 0
Net_id 70
pin_num 3
7 56 0
5 58 0
16 40 0
Net_id 71
pin_num 3
37 14 0
42 8 0
23 1 0
Net_id 72
pin_num 3
49 37 0
57 36 0
55 19 0
Net_id 73
pin_num 3
21 14 0
31 2 0
28 2 0
Net_id 74
pin_num 3
31 15 0
25 13 0
20 7 0
Net_id 75
pin_num 3
42 38 0
54 27 0
51 6 0
Net_id 76
pin_num 3
52 39 0
39 36 0
40 59 0
Net_id 77
pin_num 3
53 56 0
49 59 0
59 47 0
Net_id 78
pin_num 3
27 2 0
49 9 0
35 5 0
Net_id 79
pin_num 3
30 46 0
24 43 0
15 49 0
Net_id 80
pin_num 2
34 16 0
49 31 0
Net_id 81
pin_num 2
55 41 0
53 47 0
Net_id 82
pin_num 2
25 18 0
44 40 0
Net_id 83
pin_num 2
58 53 0
36 58 0
Net_id 84
pin_num 2
59 15 0
57 16 0
Net_id 85
pin_num 2
33 10 0
23 28 0
Net_id 86
pin_num 2
0 28 0
3 22 0
Net_id 87
pin_num 2
46 30 0
49 24 0
Net_id 88
pin_num 2
8 27 0
14 26 0
Net_id 89
pin_num 2
3 57 0
9 45 0
Net_id 90
pin_num 2
50 52 0
44 48 0
Net_id 91
pin_num 2
20 4 0
22 9 0
Net_id 92
pin_num 2
21 22 0
6 25 0
Net_id 93
pin_num 2
10 36 0
1 37 0
Net_id 94
pin_num 2
0 36 0
2 34 0
Net_id 95
pin_num 2
33 30 0
30 22 0
Net_id 96
pin_num 2
58 50 0
46 59 0
Net_id 97
pin_num 2
5 41 0
2 43 0
Net_id 98
pin_num 2
15 41 0
4 45 0
Net_id 99
pin_num 2
46 20 0
36 3 0
Net_id 100
pin_num 2
8 38 0
12 38 0
Net_id 101
pin_num 2
25 38 0
23 41 0
Net_id 102
pin_num 2
39 9 0
34 4 0
Net_id 103
pin_num 2
1 56 0
8 53 0
Net_id 104
pin_num 2
42 45 0
18 42 0
Net_id 105
pin_num 2
53 14 0
38 24 0
Net_id 106
pin_num 2
58 39 0
28 31 0
Net_id 107
pin_num 2
12 49 0
5 39 0
Net_id 108
pin_num 2
34 46 0
38 56 0
Net_id 109
pin_num 2
42 53 0
33 53 0
Net_id 110
pin_num 2
43 43 0
23 39 0
Net_id 111
pin_num 2
37 19 0
31 30 0
Net_id 112
pin_num 2
18 50 0
10 48 0
Net_id 113
pin_num 2
5 43 0
5 34 0
Net_id 114
pin_num 2
29 32 0
7 20 0
Net_id 115
pin_num 2
55 47 0
56 38 0
Net_id 116
pin_num 2
5 45 0
18 44 0
Net_id 117
pin_num 2
26 54 0
55 10 0
Net_id 118
pin_num 2
27 28 0
2 25 0
Net_id 119
pin_num 2
33 18 0
49 22 0
Net_id 120
pin_num 2
1 17 0
1 13 0
Net_id 121
pin_num 2
53 44 0
57 44 0
Net_id 122
pin_num 2
56 7 0
50 8 0
Net_id 123
pin_num 2
55 25 0
55 38 0
Net_id 124
pin_num 2
58 17 0
43 33 0
Net_id 125
pin_num 2
44 41 0
42 40 0
Net_id 126
pin_num 2
46 50 0
56 36 0
Net_id 127
pin_num 2
39 10 0
51 16 0
Net_id 128
pin_num 2
40 51 0
35 48 0
Net_id 129
pin_num 2
30 52 0
16 45 0
Net_id 130
pin_num 2
35 34 0
31 26 0
Net_id 131
pin_num 2
56 48 0
43 58 0
Net_id 132
pin_num 2
49 16 0
59 21 0
Net_id 133
pin_num 2
2 2 0
7 13 0
Net_id 134
pin_num 2
37 0 0
27 4 0
Net_id 135
pin_num 2
2 31 0
16 12 0
Net_id 136
pin_num 2
50 3 0
50 6 0
Net_id 137
pin_num 2
2 26 0
1 33 0
Net_id 138
pin_num 2
56 46 0
38 57 0
Net_id 139
pin_num 2
27 38 0
41 58 0
Net_id 140
pin_num 2
40 47 0
43 52 0
Net_id 141
pin_num 2
24 33 0
26 27 0
Net_id 142
pin_num 2
37 49 0
54 36 0
Net_id 143
pin_num 2
56 15 0
59 18 0
Net_id 144
pin_num 2
22 40 0
8 55 0
Net_id 145
pin_num 2
34 43 0
35 35 0
Net_id 146
pin_num 2
41 28 0
33 46 0
Net_id 147
pin_num 2
44 3 0
57 35 0
Net_id 148
pin_num 2
31 43 0
23 44 0
Net_id 149
pin_num 2
33 26 0
47 20 0
Net_id 150
pin_num 2
40 13 0
37 5 0
Net_id 151
pin_num 2
51 25 0
51 23 0
Net_id 152
pin_num 2
28 47 0
43 57 0
Net_id 153
pin_num 2
6 19 0
9 24 0
Net_id 154
pin_num 2
33 44 0
29 37 0
Net_id 155
pin_num 2
40 38 0
59 19 0
Net_id 156
pin_num 2
35 49 0
28 52 0
Net_id 157
pin_num 2
4 26 0
27 35 0
Net_id 158
pin_num 2
45 33 0
53 54 0
Net_id 159
pin_num 2
56 10 0
43 3 0
Net_id 160
pin_num 2
30 50 0
46 44 0
Net_id 161
pin_num 2
30 39 0
36 28 0
Net_id 162
pin_num 2
21 9 0
12 12 0
