Width 60
Height 60
Layer 6
Total_WL 6557
Obstacle_num 144
34 52 0 42 53 0
31 24 0 37 25 0
40 13 0 49 14 0
8 26 0 14 27 0
7 38 0 14 39 0
34 13 0 37 14 0
39 11 0 47 12 0
8 21 0 14 22 0
53 44 0 56 45 0
18 34 0 21 35 0
3 21 0 7 22 0
26 11 0 36 12 0
22 3 0 31 4 0
41 9 0 51 10 0
33 46 0 36 47 0
7 50 0 10 51 0
12 58 0 16 59 0
6 2 0 11 3 0
1 43 0 5 44 0
3 35 0 7 36 0
18 53 0 23 54 0
41 40 0 47 41 0
13 16 0 19 17 0
22 22 0 30 23 0
11 0 1 12 9 1
45 42 1 46 52 1
44 25 1 45 35 1
31 4 1 32 14 1
34 19 1 35 25 1
47 34 1 48 42 1
22 21 1 23 27 1
8 38 1 9 47 1
4 10 1 5 19 1
14 15 1 15 25 1
15 19 1 16 24 1
23 4 1 24 14 1
53 49 1 54 57 1
4 29 1 5 36 1
32 31 1 33 34 1
46 30 1 47 39 1
37 49 1 38 52 1
25 36 1 26 45 1
1 12 1 2 16 1
44 52 1 45 57 1
38 9 1 39 18 1
55 46 1 56 50 1
55 8 1 56 18 1
15 40 1 16 47 1
47 53 2 56 54 2
43 2 2 48 3 2
7 2 2 15 3 2
11 17 2 14 18 2
8 3 2 11 4 2
27 7 2 30 8 2
41 12 2 46 13 2
42 45 2 46 46 2
49 21 2 59 22 2
23 23 2 26 24 2
47 34 2 56 35 2
22 36 2 32 37 2
3 1 2 10 2 2
19 27 2 24 28 2
11 3 2 17 4 2
49 12 2 58 13 2
12 8 2 20 9 2
13 54 2 23 55 2
34 45 2 41 46 2
29 28 2 32 29 2
44 6 2 47 7 2
12 18 2 21 19 2
28 48 2 32 49 2
32 47 2 40 48 2
39 13 3 40 17 3
15 45 3 16 52 3
53 48 3 54 51 3
12 28 3 13 35 3
57 44 3 58 54 3
52 30 3 53 40 3
1 6 3 2 15 3
24 1 3 25 7 3
40 10 3 41 14 3
57 13 3 58 21 3
49 21 3 50 28 3
4 44 3 5 52 3
20 21 3 21 25 3
21 8 3 22 14 3
9 6 3 10 15 3
42 21 3 43 29 3
24 21 3 25 28 3
29 38 3 30 43 3
17 49 3 18 53 3
18 37 3 19 43 3
55 17 3 56 24 3
18 13 3 19 20 3
11 24 3 12 32 3
49 0 3 50 8 3
47 24 4 55 25 4
2 44 4 5 45 4
17 11 4 21 12 4
0 20 4 3 21 4
7 47 4 14 48 4
29 1 4 36 2 4
54 8 4 59 9 4
6 52 4 12 53 4
29 11 4 35 12 4
5 45 4 8 46 4
41 27 4 46 28 4
7 53 4 11 54 4
27 41 4 32 42 4
6 13 4 10 14 4
18 56 4 23 57 4
8 57 4 14 58 4
38 35 4 41 36 4
22 1 4 25 2 4
24 10 4 28 11 4
12 40 4 17 41 4
4 17 4 9 18 4
15 34 4 19 35 4
8 55 4 14 56 4
43 55 4 47 56 4
39 18 5 40 23 5
19 37 5 20 43 5
17 1 5 18 8 5
27 5 5 28 8 5
52 3 5 53 11 5
50 0 5 51 9 5
17 14 5 18 24 5
22 54 5 23 59 5
17 30 5 18 34 5
35 48 5 36 53 5
29 2 5 30 5 5
47 50 5 48 54 5
35 5 5 36 11 5
49 37 5 50 47 5
23 43 5 24 49 5
2 43 5 3 47 5
56 47 5 57 57 5
46 10 5 47 19 5
13 30 5 14 34 5
54 20 5 55 23 5
13 40 5 14 45 5
37 7 5 38 15 5
55 30 5 56 33 5
33 20 5 34 26 5
Net_num 156
Net_id 0
pin_num 5
8 3 0
12 19 0
22 4 0
0 4 0
4 3 0
Net_id 1
pin_num 5
25 58 0
19 58 0
44 58 0
34 37 0
44 42 0
Net_id 2
pin_num 5
54 52 0
42 49 0
58 59 0
59 54 0
59 55 0
Net_id 3
pin_num 5
35 17 0
44 17 0
57 17 0
39 33 0
52 29 0
Net_id 4
pin_num 5
44 32 0
53 26 0
45 23 0
38 29 0
24 26 0
Net_id 5
pin_num 5
32 27 0
43 15 0
48 36 0
48 30 0
36 43 0
Net_id 6
pin_num 5
59 48 0
53 43 0
46 51 0
56 58 0
32 39 0
Net_id 7
pin_num 5
9 48 0
12 47 0
24 48 0
23 59 0
19 59 0
Net_id 8
pin_num 5
53 49 0
48 53 0
52 40 0
38 46 0
59 38 0
Net_id 9
pin_num 5
33 28 0
24 25 0
28 35 0
6 25 0
29 25 0
Net_id 10
pin_num 5
30 19 0
35 18 0
36 0 0
32 10 0
10 17 0
Net_id 11
pin_num 5
3 46 0
9 44 0
2 59 0
3 56 0
1 56 0
Net_id 12
pin_num 5
53 5 0
42 4 0
59 8 0
52 8 0
52 0 0
Net_id 13
pin_num 5
6 12 0
2 16 0
3 28 0
6 0 0
2 36 0
Net_id 14
pin_num 5
48 50 0
44 50 0
32 46 0
56 50 0
58 42 0
Net_id 15
pin_num 5
54 45 0
40 47 0
47 33 0
49 29 0
43 28 0
Net_id 16
pin_num 5
21 22 0
11 14 0
18 18 0
7 21 0
13 36 0
Net_id 17
pin_num 5
18 11 0
6 10 0
7 3 0
18 0 0
12 0 0
Net_id 18
pin_num 5
3 36 0
12 37 0
6 53 0
0 39 0
18 46 0
Net_id 19
pin_num 5
27 12 0
36 12 0
30 33 0
13 20 0
35 2 0
Net_id 20
pin_num 5
7 45 0
0 45 0
13 45 0
5 40 0
12 35 0
Net_id 21
pin_num 4
2 54 0
6 58 0
18 51 0
0 52 0
Net_id 22
pin_num 4
47 16 0
40 18 0
19 15 0
25 14 0
Net_id 23
pin_num 4
33 20 0
40 20 0
38 0 0
49 3 0
Net_id 24
pin_num 4
31 56 0
28 59 0
31 43 0
25 46 0
Net_id 25
pin_num 4
55 14 0
43 6 0
19 6 0
59 9 0
Net_id 26
pin_num 4
5 30 0
3 49 0
5 51 0
16 50 0
Net_id 27
pin_num 4
18 42 0
13 29 0
6 32 0
23 25 0
Net_id 28
pin_num 4
28 55 0
52 51 0
29 54 0
39 59 0
Net_id 29
pin_num 4
1 54 0
2 55 0
21 55 0
7 59 0
Net_id 30
pin_num 4
30 7 0
36 22 0
42 7 0
14 10 0
Net_id 31
pin_num 4
36 55 0
29 52 0
27 59 0
52 58 0
Net_id 32
pin_num 4
46 59 0
49 48 0
40 48 0
59 37 0
Net_id 33
pin_num 4
44 14 0
53 23 0
59 14 0
56 15 0
Net_id 34
pin_num 4
36 34 0
28 34 0
33 22 0
38 32 0
Net_id 35
pin_num 4
10 13 0
4 2 0
9 37 0
6 54 0
Net_id 36
pin_num 4
29 38 0
24 42 0
26 59 0
26 44 0
Net_id 37
pin_num 4
0 2 0
10 12 0
12 1 0
42 5 0
Net_id 38
pin_num 4
18 27 0
31 27 0
22 33 0
26 17 0
Net_id 39
pin_num 4
35 29 0
42 20 0
38 44 0
29 24 0
Net_id 40
pin_num 3
13 9 0
33 13 0
39 1 0
Net_id 41
pin_num 3
44 27 0
50 29 0
42 1 0
Net_id 42
pin_num 3
18 24 0
38 8 0
26 36 0
Net_id 43
pin_num 3
16 24 0
32 21 0
17 43 0
Net_id 44
pin_num 3
2 53 0
3 50 0
25 52 0
Net_id 45
pin_num 3
3 48 0
16 56 0
0 47 0
Net_id 46
pin_num 3
6 56 0
15 47 0
7 47 0
Net_id 47
pin_num 3
55 10 0
45 18 0
16 7 0
Net_id 48
pin_num 3
25 0 0
36 4 0
28 19 0
Net_id 49
pin_num 3
35 35 0
48 49 0
42 53 0
Net_id 50
pin_num 3
24 31 0
27 25 0
32 22 0
Net_id 51
pin_num 3
18 39 0
27 23 0
13 57 0
Net_id 52
pin_num 3
50 25 0
35 28 0
7 26 0
Net_id 53
pin_num 3
7 4 0
7 11 0
21 8 0
Net_id 54
pin_num 3
36 18 0
45 19 0
44 8 0
Net_id 55
pin_num 3
54 49 0
57 40 0
47 55 0
Net_id 56
pin_num 3
53 41 0
58 50 0
55 7 0
Net_id 57
pin_num 3
30 50 0
35 48 0
58 57 0
Net_id 58
pin_num 3
50 8 0
40 1 0
46 24 0
Net_id 59
pin_num 3
3 32 0
5 38 0
10 15 0
Net_id 60
pin_num 3
25 12 0
29 2 0
54 3 0
Net_id 61
pin_num 3
38 26 0
50 15 0
34 5 0
Net_id 62
pin_num 3
28 53 0
41 49 0
17 58 0
Net_id 63
pin_num 3
25 33 0
17 44 0
21 44 0
Net_id 64
pin_num 3
13 34 0
26 25 0
1 33 0
Net_id 65
pin_num 3
5 6 0
10 1 0
14 5 0
Net_id 66
pin_num 3
58 12 0
53 11 0
12 16 0
Net_id 67
pin_num 3
29 51 0
35 56 0
45 56 0
Net_id 68
pin_num 3
26 40 0
37 37 0
31 25 0
Net_id 69
pin_num 3
15 44 0
8 18 0
9 34 0
Net_id 70
pin_num 3
35 37 0
32 47 0
43 38 0
Net_id 71
pin_num 3
10 50 0
23 43 0
29 43 0
Net_id 72
pin_num 3
1 35 0
7 31 0
8 34 0
Net_id 73
pin_num 3
49 20 0
44 21 0
47 7 0
Net_id 74
pin_num 3
58 18 0
45 33 0
29 19 0
Net_id 75
pin_num 3
43 26 0
55 25 0
53 15 0
Net_id 76
pin_num 3
15 51 0
12 46 0
23 50 0
Net_id 77
pin_num 2
11 46 0
10 31 0
Net_id 78
pin_num 2
52 9 0
59 26 0
Net_id 79
pin_num 2
4 28 0
13 27 0
Net_id 80
pin_num 2
1 19 0
11 30 0
Net_id 81
pin_num 2
45 5 0
58 5 0
Net_id 82
pin_num 2
35 6 0
22 11 0
Net_id 83
pin_num 2
29 10 0
8 8 0
Net_id 84
pin_num 2
12 41 0
1 34 0
Net_id 85
pin_num 2
4 53 0
11 40 0
Net_id 86
pin_num 2
28 47 0
23 45 0
Net_id 87
pin_num 2
59 2 0
50 3 0
Net_id 88
pin_num 2
22 56 0
17 57 0
Net_id 89
pin_num 2
55 3 0
57 22 0
Net_id 90
pin_num 2
20 43 0
25 48 0
Net_id 91
pin_num 2
41 47 0
55 41 0
Net_id 92
pin_num 2
38 37 0
58 22 0
Net_id 93
pin_num 2
22 42 0
16 39 0
Net_id 94
pin_num 2
48 39 0
58 24 0
Net_id 95
pin_num 2
30 18 0
35 10 0
Net_id 96
pin_num 2
42 36 0
38 36 0
Net_id 97
pin_num 2
18 32 0
23 30 0
Net_id 98
pin_num 2
12 43 0
11 49 0
Net_id 99
pin_num 2
20 32 0
37 36 0
Net_id 100
pin_num 2
28 41 0
55 45 0
Net_id 101
pin_num 2
18 5 0
27 8 0
Net_id 102
pin_num 2
15 22 0
3 13 0
Net_id 103
pin_num 2
16 49 0
50 57 0
Net_id 104
pin_num 2
37 9 0
17 3 0
Net_id 105
pin_num 2
16 28 0
7 39 0
Net_id 106
pin_num 2
13 1 0
24 1 0
Net_id 107
pin_num 2
45 41 0
58 55 0
Net_id 108
pin_num 2
10 51 0
15 57 0
Net_id 109
pin_num 2
18 6 0
24 7 0
Net_id 110
pin_num 2
13 40 0
17 40 0
Net_id 111
pin_num 2
21 12 0
8 7 0
Net_id 112
pin_num 2
24 55 0
21 35 0
Net_id 113
pin_num 2
23 44 0
35 49 0
Net_id 114
pin_num 2
11 4 0
2 9 0
Net_id 115
pin_num 2
54 20 0
41 10 0
Net_id 116
pin_num 2
7 25 0
17 19 0
Net_id 117
pin_num 2
24 36 0
5 25 0
Net_id 118
pin_num 2
42 54 0
40 55 0
Net_id 119
pin_num 2
2 34 0
20 31 0
Net_id 120
pin_num 2
52 27 0
56 27 0
Net_id 121
pin_num 2
37 24 0
49 18 0
Net_id 122
pin_num 2
1 42 0
25 55 0
Net_id 123
pin_num 2
38 48 0
33 38 0
Net_id 124
pin_num 2
44 34 0
49 34 0
Net_id 125
pin_num 2
47 11 0
58 4 0
Net_id 126
pin_num 2
48 58 0
57 37 0
Net_id 127
pin_num 2
45 2 0
53 2 0
Net_id 128
pin_num 2
16 47 0
49 28 0
Net_id 129
pin_num 2
40 15 0
34 15 0
Net_id 130
pin_num 2
12 17 0
7 43 0
Net_id 131
pin_num 2
11 13 0
17 18 0
Net_id 132
pin_num 2
31 31 0
29 35 0
Net_id 133
pin_num 2
2 21 0
4 23 0
Net_id 134
pin_num 2
51 6 0
58 30 0
Net_id 135
pin_num 2
19 33 0
21 59 0
Net_id 136
pin_num 2
22 45 0
9 43 0
Net_id 137
pin_num 2
33 44 0
22 19 0
Net_id 138
pin_num 2
47 1 0
44 4 0
Net_id 139
pin_num 2
12 6 0
25 18 0
Net_id 140
pin_num 2
24 12 0
21 21 0
Net_id 141
pin_num 2
31 5 0
19 2 0
Net_id 142
pin_num 2
24 54 0
30 57 0
Net_id 143
pin_num 2
5 23 0
18 23 0
Net_id 144
pin_num 2
3 38 0
7 42 0
Net_id 145
pin_num 2
0 59 0
7 40 0
Net_id 146
pin_num 2
23 37 0
11 54 0
Net_id 147
pin_num 2
19 7 0
7 24 0
Net_id 148
pin_num 2
14 2 0
21 3 0
Net_id 149
pin_num 2
11 53 0
18 36 0
Net_id 150
pin_num 2
50 13 0
56 6 0
Net_id 151
pin_num 2
46 28 0
50 32 0
Net_id 152
pin_num 2
16 13 0
4 5 0
Net_id 153
pin_num 2
50 36 0
59 28 0
Net_id 154
pin_num 2
16 30 0
27 33 0
Net_id 155
pin_num 2
26 8 0
19 0 0
