Width 60
Height 60
Layer 6
Total_WL 6755
Obstacle_num 144
6 7 0 10 8 0
16 10 0 24 11 0
40 36 0 48 37 0
45 18 0 53 19 0
53 18 0 58 19 0
13 58 0 21 59 0
8 40 0 14 41 0
39 25 0 45 26 0
14 39 0 18 40 0
7 42 0 15 43 0
15 4 0 24 5 0
5 12 0 8 13 0
7 3 0 11 4 0
27 14 0 35 15 0
15 33 0 25 34 0
25 17 0 34 18 0
9 53 0 14 54 0
4 8 0 9 9 0
13 27 0 19 28 0
35 51 0 45 52 0
2 23 0 12 24 0
37 22 0 47 23 0
39 30 0 44 31 0
35 13 0 44 14 0
14 43 1 15 48 1
8 44 1 9 48 1
14 29 1 15 37 1
56 23 1 57 29 1
23 3 1 24 12 1
18 22 1 19 30 1
56 7 1 57 14 1
25 27 1 26 36 1
44 37 1 45 45 1
55 33 1 56 39 1
42 1 1 43 11 1
5 28 1 6 34 1
10 18 1 11 23 1
31 5 1 32 9 1
33 17 1 34 21 1
33 38 1 34 44 1
47 43 1 48 52 1
26 32 1 27 38 1
45 38 1 46 46 1
11 24 1 12 31 1
32 37 1 33 40 1
13 13 1 14 22 1
51 19 1 52 28 1
52 7 1 53 16 1
15 24 2 25 25 2
23 8 2 26 9 2
4 21 2 9 22 2
10 26 2 17 27 2
28 52 2 33 53 2
9 21 2 17 22 2
14 16 2 18 17 2
1 11 2 10 12 2
2 28 2 5 29 2
16 0 2 21 1 2
14 52 2 21 53 2
32 42 2 38 43 2
27 38 2 30 39 2
8 1 2 18 2 2
3 53 2 9 54 2
30 16 2 40 17 2
46 11 2 55 12 2
7 39 2 10 40 2
20 34 2 29 35 2
46 55 2 51 56 2
10 46 2 17 47 2
23 53 2 29 54 2
20 9 2 29 10 2
46 30 2 56 31 2
36 22 3 37 28 3
46 36 3 47 43 3
29 26 3 30 32 3
53 35 3 54 43 3
21 15 3 22 22 3
54 39 3 55 47 3
38 23 3 39 31 3
15 21 3 16 30 3
9 10 3 10 14 3
51 32 3 52 39 3
29 50 3 30 58 3
18 48 3 19 55 3
27 7 3 28 17 3
48 26 3 49 36 3
5 6 3 6 16 3
57 4 3 58 9 3
41 1 3 42 4 3
35 37 3 36 44 3
7 42 3 8 47 3
8 46 3 9 56 3
57 29 3 58 39 3
23 19 3 24 26 3
45 40 3 46 46 3
32 42 3 33 52 3
14 33 4 19 34 4
8 1 4 12 2 4
1 32 4 10 33 4
6 0 4 9 1 4
45 41 4 49 42 4
44 6 4 47 7 4
28 25 4 37 26 4
25 43 4 35 44 4
40 48 4 43 49 4
31 33 4 37 34 4
36 24 4 46 25 4
41 7 4 44 8 4
22 19 4 30 20 4
17 31 4 26 32 4
28 35 4 36 36 4
14 39 4 17 40 4
46 55 4 51 56 4
29 53 4 37 54 4
4 47 4 7 48 4
32 23 4 35 24 4
34 18 4 39 19 4
7 12 4 12 13 4
1 52 4 10 53 4
17 26 4 22 27 4
1 25 5 2 34 5
41 0 5 42 4 5
5 9 5 6 19 5
35 49 5 36 54 5
52 7 5 53 11 5
39 35 5 40 43 5
50 38 5 51 41 5
47 51 5 48 56 5
56 52 5 57 59 5
45 19 5 46 26 5
9 38 5 10 46 5
51 42 5 52 50 5
17 17 5 18 21 5
54 40 5 55 50 5
5 52 5 6 58 5
23 13 5 24 20 5
32 36 5 33 45 5
22 31 5 23 36 5
57 32 5 58 38 5
25 26 5 26 31 5
17 8 5 18 13 5
2 31 5 3 40 5
26 48 5 27 55 5
17 34 5 18 37 5
Net_num 156
Net_id 0
pin_num 5
42 40 0
38 40 0
39 50 0
41 18 0
59 41 0
Net_id 1
pin_num 5
27 13 0
22 20 0
26 0 0
23 0 0
24 20 0
Net_id 2
pin_num 5
49 51 0
55 57 0
55 40 0
43 41 0
43 23 0
Net_id 3
pin_num 5
55 16 0
44 17 0
48 12 0
33 12 0
45 27 0
Net_id 4
pin_num 5
9 43 0
18 37 0
22 37 0
10 29 0
10 45 0
Net_id 5
pin_num 5
24 57 0
35 55 0
28 54 0
38 59 0
22 59 0
Net_id 6
pin_num 5
59 44 0
56 46 0
57 59 0
46 56 0
30 56 0
Net_id 7
pin_num 5
27 48 0
37 52 0
46 52 0
32 44 0
16 49 0
Net_id 8
pin_num 5
48 26 0
33 24 0
35 14 0
41 15 0
40 7 0
Net_id 9
pin_num 5
6 40 0
3 39 0
7 29 0
0 51 0
27 32 0
Net_id 10
pin_num 5
24 40 0
8 38 0
26 50 0
38 50 0
16 43 0
Net_id 11
pin_num 5
50 19 0
22 13 0
32 0 0
49 1 0
22 0 0
Net_id 12
pin_num 5
56 15 0
59 5 0
51 13 0
43 15 0
44 5 0
Net_id 13
pin_num 5
24 48 0
25 50 0
27 41 0
19 48 0
38 47 0
Net_id 14
pin_num 5
3 30 0
6 30 0
3 13 0
20 23 0
11 36 0
Net_id 15
pin_num 5
52 36 0
59 37 0
57 58 0
44 18 0
52 34 0
Net_id 16
pin_num 5
3 2 0
3 8 0
1 23 0
13 0 0
9 22 0
Net_id 17
pin_num 5
59 0 0
55 0 0
33 1 0
43 6 0
36 4 0
Net_id 18
pin_num 5
58 14 0
52 16 0
40 6 0
59 1 0
40 2 0
Net_id 19
pin_num 5
27 20 0
42 23 0
34 41 0
58 40 0
22 35 0
Net_id 20
pin_num 4
48 17 0
46 23 0
58 22 0
49 5 0
Net_id 21
pin_num 4
53 3 0
54 14 0
52 2 0
59 20 0
Net_id 22
pin_num 4
59 59 0
51 55 0
59 45 0
47 58 0
Net_id 23
pin_num 4
23 59 0
27 56 0
18 57 0
24 50 0
Net_id 24
pin_num 4
9 6 0
23 2 0
0 3 0
14 7 0
Net_id 25
pin_num 4
26 55 0
15 53 0
0 59 0
2 46 0
Net_id 26
pin_num 4
52 44 0
46 46 0
55 41 0
46 53 0
Net_id 27
pin_num 4
28 50 0
23 58 0
4 55 0
9 58 0
Net_id 28
pin_num 4
1 21 0
2 3 0
0 29 0
22 5 0
Net_id 29
pin_num 4
5 43 0
13 36 0
0 41 0
14 50 0
Net_id 30
pin_num 4
4 5 0
21 1 0
11 12 0
4 2 0
Net_id 31
pin_num 4
34 57 0
48 59 0
41 49 0
48 50 0
Net_id 32
pin_num 4
13 9 0
21 21 0
26 12 0
2 13 0
Net_id 33
pin_num 4
39 53 0
37 45 0
15 45 0
39 59 0
Net_id 34
pin_num 4
46 11 0
41 1 0
27 3 0
46 2 0
Net_id 35
pin_num 4
43 46 0
47 52 0
44 57 0
54 44 0
Net_id 36
pin_num 4
42 32 0
31 32 0
35 47 0
37 42 0
Net_id 37
pin_num 4
23 38 0
32 38 0
39 38 0
48 46 0
Net_id 38
pin_num 4
51 35 0
45 37 0
36 43 0
59 27 0
Net_id 39
pin_num 4
47 31 0
29 32 0
52 19 0
59 31 0
Net_id 40
pin_num 3
24 5 0
41 8 0
43 20 0
Net_id 41
pin_num 3
29 3 0
45 7 0
27 18 0
Net_id 42
pin_num 3
37 39 0
49 26 0
53 28 0
Net_id 43
pin_num 3
38 57 0
31 42 0
59 40 0
Net_id 44
pin_num 3
24 11 0
10 14 0
26 8 0
Net_id 45
pin_num 3
7 56 0
28 51 0
21 59 0
Net_id 46
pin_num 3
6 26 0
15 10 0
12 39 0
Net_id 47
pin_num 3
50 31 0
57 29 0
47 33 0
Net_id 48
pin_num 3
32 25 0
50 28 0
50 48 0
Net_id 49
pin_num 3
54 7 0
50 1 0
41 9 0
Net_id 50
pin_num 3
19 21 0
5 27 0
6 6 0
Net_id 51
pin_num 3
42 16 0
51 14 0
44 4 0
Net_id 52
pin_num 3
0 46 0
13 39 0
7 57 0
Net_id 53
pin_num 3
5 17 0
14 19 0
14 12 0
Net_id 54
pin_num 3
31 9 0
40 38 0
45 2 0
Net_id 55
pin_num 3
31 21 0
19 29 0
45 21 0
Net_id 56
pin_num 3
55 38 0
42 42 0
51 53 0
Net_id 57
pin_num 3
27 39 0
48 47 0
24 41 0
Net_id 58
pin_num 3
54 54 0
42 50 0
58 37 0
Net_id 59
pin_num 3
7 55 0
2 43 0
24 44 0
Net_id 60
pin_num 3
22 44 0
5 35 0
8 35 0
Net_id 61
pin_num 3
52 53 0
56 59 0
55 27 0
Net_id 62
pin_num 3
19 0 0
21 7 0
17 7 0
Net_id 63
pin_num 3
48 58 0
56 57 0
28 56 0
Net_id 64
pin_num 3
34 18 0
41 14 0
52 39 0
Net_id 65
pin_num 3
40 49 0
11 41 0
19 42 0
Net_id 66
pin_num 3
11 45 0
15 30 0
28 26 0
Net_id 67
pin_num 3
6 13 0
4 1 0
27 4 0
Net_id 68
pin_num 3
41 34 0
47 35 0
31 46 0
Net_id 69
pin_num 3
11 48 0
1 38 0
18 50 0
Net_id 70
pin_num 3
34 16 0
46 14 0
28 2 0
Net_id 71
pin_num 3
54 39 0
50 51 0
55 44 0
Net_id 72
pin_num 3
21 45 0
34 49 0
27 36 0
Net_id 73
pin_num 3
33 23 0
40 23 0
32 19 0
Net_id 74
pin_num 3
22 25 0
19 31 0
43 37 0
Net_id 75
pin_num 3
43 57 0
36 37 0
44 33 0
Net_id 76
pin_num 3
20 59 0
13 52 0
30 46 0
Net_id 77
pin_num 3
57 8 0
58 16 0
51 28 0
Net_id 78
pin_num 2
29 55 0
37 48 0
Net_id 79
pin_num 2
7 36 0
0 24 0
Net_id 80
pin_num 2
12 32 0
16 32 0
Net_id 81
pin_num 2
58 51 0
44 45 0
Net_id 82
pin_num 2
54 8 0
55 17 0
Net_id 83
pin_num 2
8 15 0
2 1 0
Net_id 84
pin_num 2
4 21 0
2 19 0
Net_id 85
pin_num 2
22 7 0
35 7 0
Net_id 86
pin_num 2
23 32 0
19 32 0
Net_id 87
pin_num 2
23 25 0
41 11 0
Net_id 88
pin_num 2
29 39 0
17 17 0
Net_id 89
pin_num 2
57 24 0
45 30 0
Net_id 90
pin_num 2
35 3 0
12 9 0
Net_id 91
pin_num 2
40 19 0
57 3 0
Net_id 92
pin_num 2
58 10 0
30 2 0
Net_id 93
pin_num 2
57 16 0
51 2 0
Net_id 94
pin_num 2
4 19 0
4 34 0
Net_id 95
pin_num 2
1 50 0
12 57 0
Net_id 96
pin_num 2
18 16 0
24 16 0
Net_id 97
pin_num 2
57 48 0
55 53 0
Net_id 98
pin_num 2
6 59 0
18 39 0
Net_id 99
pin_num 2
0 34 0
9 45 0
Net_id 100
pin_num 2
3 32 0
17 40 0
Net_id 101
pin_num 2
8 2 0
1 26 0
Net_id 102
pin_num 2
51 6 0
28 1 0
Net_id 103
pin_num 2
5 42 0
0 36 0
Net_id 104
pin_num 2
21 26 0
22 34 0
Net_id 105
pin_num 2
24 53 0
16 50 0
Net_id 106
pin_num 2
32 27 0
30 20 0
Net_id 107
pin_num 2
45 11 0
56 5 0
Net_id 108
pin_num 2
34 9 0
27 16 0
Net_id 109
pin_num 2
38 24 0
55 23 0
Net_id 110
pin_num 2
21 18 0
33 8 0
Net_id 111
pin_num 2
29 8 0
22 6 0
Net_id 112
pin_num 2
3 41 0
7 47 0
Net_id 113
pin_num 2
59 53 0
43 53 0
Net_id 114
pin_num 2
17 28 0
5 19 0
Net_id 115
pin_num 2
8 22 0
2 5 0
Net_id 116
pin_num 2
34 39 0
32 50 0
Net_id 117
pin_num 2
23 28 0
23 23 0
Net_id 118
pin_num 2
54 40 0
43 49 0
Net_id 119
pin_num 2
43 9 0
59 21 0
Net_id 120
pin_num 2
58 32 0
53 37 0
Net_id 121
pin_num 2
42 55 0
56 47 0
Net_id 122
pin_num 2
58 52 0
38 58 0
Net_id 123
pin_num 2
38 34 0
51 12 0
Net_id 124
pin_num 2
37 47 0
28 43 0
Net_id 125
pin_num 2
21 47 0
6 55 0
Net_id 126
pin_num 2
54 19 0
44 2 0
Net_id 127
pin_num 2
21 8 0
15 8 0
Net_id 128
pin_num 2
31 4 0
33 4 0
Net_id 129
pin_num 2
44 47 0
35 30 0
Net_id 130
pin_num 2
8 12 0
2 22 0
Net_id 131
pin_num 2
54 41 0
46 41 0
Net_id 132
pin_num 2
56 34 0
54 42 0
Net_id 133
pin_num 2
25 10 0
28 6 0
Net_id 134
pin_num 2
7 4 0
20 6 0
Net_id 135
pin_num 2
41 2 0
50 5 0
Net_id 136
pin_num 2
46 29 0
51 29 0
Net_id 137
pin_num 2
9 35 0
41 58 0
Net_id 138
pin_num 2
43 8 0
57 6 0
Net_id 139
pin_num 2
3 58 0
1 54 0
Net_id 140
pin_num 2
11 43 0
42 53 0
Net_id 141
pin_num 2
14 17 0
19 25 0
Net_id 142
pin_num 2
13 22 0
22 46 0
Net_id 143
pin_num 2
39 48 0
37 53 0
Net_id 144
pin_num 2
36 24 0
50 12 0
Net_id 145
pin_num 2
30 19 0
15 7 0
Net_id 146
pin_num 2
14 20 0
30 27 0
Net_id 147
pin_num 2
37 8 0
47 20 0
Net_id 148
pin_num 2
21 15 0
38 3 0
Net_id 149
pin_num 2
37 55 0
49 42 0
Net_id 150
pin_num 2
30 37 0
49 25 0
Net_id 151
pin_num 2
25 36 0
28 55 0
Net_id 152
pin_num 2
44 42 0
43 48 0
Net_id 153
pin_num 2
39 45 0
47 21 0
Net_id 154
pin_num 2
44 29 0
36 22 0
Net_id 155
pin_num 2
58 49 0
48 37 0
