Width 60
Height 60
Layer 6
Total_WL 6669
Obstacle_num 144
15 1 0 24 2 0
34 26 0 40 27 0
43 29 0 51 30 0
39 44 0 43 45 0
9 15 0 14 16 0
8 40 0 11 41 0
49 48 0 57 49 0
19 30 0 22 31 0
40 11 0 50 12 0
1 42 0 8 43 0
14 42 0 24 43 0
27 42 0 37 43 0
30 24 0 34 25 0
43 22 0 47 23 0
35 10 0 42 11 0
44 25 0 50 26 0
35 16 0 38 17 0
3 38 0 10 39 0
34 45 0 37 46 0
0 30 0 9 31 0
48 19 0 55 20 0
30 5 0 35 6 0
16 24 0 21 25 0
4 48 0 7 49 0
2 22 1 3 31 1
7 28 1 8 36 1
48 7 1 49 15 1
45 47 1 46 51 1
20 15 1 21 24 1
35 15 1 36 24 1
52 50 1 53 59 1
27 9 1 28 14 1
23 14 1 24 24 1
7 46 1 8 49 1
8 33 1 9 42 1
35 50 1 36 56 1
58 19 1 59 25 1
34 44 1 35 50 1
14 9 1 15 13 1
23 47 1 24 54 1
31 19 1 32 27 1
0 2 1 1 9 1
21 6 1 22 13 1
4 17 1 5 20 1
19 36 1 20 40 1
12 2 1 13 11 1
25 21 1 26 25 1
13 35 1 14 40 1
19 34 2 22 35 2
13 51 2 16 52 2
40 30 2 47 31 2
17 24 2 27 25 2
31 48 2 39 49 2
7 35 2 14 36 2
13 16 2 20 17 2
27 1 2 32 2 2
17 19 2 20 20 2
0 32 2 4 33 2
29 22 2 37 23 2
40 17 2 46 18 2
3 22 2 7 23 2
43 20 2 53 21 2
24 28 2 34 29 2
5 26 2 15 27 2
17 49 2 22 50 2
24 34 2 31 35 2
48 50 2 51 51 2
19 27 2 22 28 2
41 6 2 48 7 2
1 51 2 9 52 2
8 33 2 13 34 2
17 28 2 20 29 2
1 35 3 2 42 3
9 10 3 10 17 3
11 19 3 12 22 3
6 3 3 7 12 3
29 49 3 30 53 3
21 18 3 22 22 3
0 42 3 1 46 3
6 54 3 7 59 3
14 24 3 15 32 3
35 50 3 36 58 3
48 10 3 49 14 3
38 10 3 39 18 3
30 14 3 31 17 3
32 34 3 33 44 3
53 21 3 54 25 3
54 17 3 55 25 3
3 28 3 4 38 3
31 7 3 32 11 3
43 55 3 44 58 3
33 31 3 34 36 3
9 28 3 10 37 3
51 46 3 52 49 3
47 37 3 48 44 3
8 20 3 9 24 3
40 40 4 46 41 4
5 24 4 9 25 4
12 9 4 18 10 4
26 45 4 34 46 4
42 5 4 51 6 4
44 56 4 48 57 4
13 34 4 20 35 4
10 7 4 19 8 4
20 17 4 26 18 4
1 55 4 9 56 4
31 26 4 34 27 4
38 4 4 46 5 4
13 22 4 20 23 4
9 1 4 14 2 4
47 35 4 56 36 4
43 34 4 47 35 4
29 35 4 38 36 4
43 28 4 47 29 4
28 1 4 35 2 4
9 27 4 13 28 4
10 49 4 16 50 4
8 46 4 18 47 4
39 50 4 42 51 4
40 24 4 45 25 4
33 22 5 34 28 5
6 42 5 7 45 5
44 5 5 45 10 5
42 20 5 43 26 5
49 11 5 50 14 5
33 8 5 34 17 5
44 36 5 45 41 5
47 49 5 48 56 5
24 5 5 25 10 5
41 20 5 42 29 5
51 15 5 52 21 5
10 13 5 11 19 5
48 13 5 49 23 5
26 26 5 27 34 5
38 19 5 39 26 5
26 50 5 27 54 5
56 14 5 57 17 5
27 47 5 28 52 5
18 9 5 19 19 5
21 2 5 22 5 5
10 39 5 11 44 5
15 14 5 16 17 5
53 19 5 54 24 5
15 7 5 16 13 5
Net_num 162
Net_id 0
pin_num 5
56 5 0
55 25 0
48 8 0
34 7 0
47 10 0
Net_id 1
pin_num 5
13 2 0
9 2 0
5 2 0
1 1 0
9 13 0
Net_id 2
pin_num 5
48 53 0
53 59 0
32 53 0
59 55 0
40 42 0
Net_id 3
pin_num 5
4 43 0
2 40 0
0 34 0
1 52 0
17 43 0
Net_id 4
pin_num 5
14 35 0
20 27 0
30 30 0
15 29 0
30 38 0
Net_id 5
pin_num 5
59 29 0
44 32 0
30 32 0
40 29 0
29 32 0
Net_id 6
pin_num 5
7 50 0
14 49 0
5 35 0
14 37 0
14 59 0
Net_id 7
pin_num 5
50 0 0
35 6 0
59 3 0
36 2 0
54 6 0
Net_id 8
pin_num 5
45 57 0
38 59 0
44 52 0
41 49 0
26 55 0
Net_id 9
pin_num 5
8 0 0
6 11 0
10 1 0
2 0 0
19 9 0
Net_id 10
pin_num 5
29 34 0
47 35 0
47 46 0
45 13 0
37 38 0
Net_id 11
pin_num 5
26 46 0
35 46 0
46 41 0
43 49 0
41 43 0
Net_id 12
pin_num 5
58 6 0
55 13 0
55 19 0
52 0 0
38 14 0
Net_id 13
pin_num 5
45 4 0
46 24 0
26 22 0
26 29 0
59 18 0
Net_id 14
pin_num 5
30 4 0
26 4 0
44 6 0
29 0 0
53 0 0
Net_id 15
pin_num 5
29 41 0
15 39 0
25 28 0
17 31 0
32 36 0
Net_id 16
pin_num 5
39 42 0
46 47 0
37 47 0
44 58 0
24 48 0
Net_id 17
pin_num 5
13 39 0
13 40 0
13 52 0
4 40 0
0 33 0
Net_id 18
pin_num 5
51 49 0
49 44 0
45 45 0
44 51 0
47 48 0
Net_id 19
pin_num 5
53 57 0
59 57 0
54 58 0
59 51 0
54 49 0
Net_id 20
pin_num 5
40 6 0
45 10 0
42 0 0
36 12 0
38 2 0
Net_id 21
pin_num 4
4 17 0
12 17 0
18 27 0
3 34 0
Net_id 22
pin_num 4
9 19 0
3 19 0
0 14 0
9 32 0
Net_id 23
pin_num 4
7 8 0
1 5 0
1 0 0
25 7 0
Net_id 24
pin_num 4
17 58 0
31 57 0
27 45 0
37 59 0
Net_id 25
pin_num 4
14 25 0
20 14 0
39 15 0
25 25 0
Net_id 26
pin_num 4
8 34 0
3 41 0
2 21 0
10 34 0
Net_id 27
pin_num 4
7 57 0
1 58 0
0 52 0
21 59 0
Net_id 28
pin_num 4
24 2 0
38 0 0
29 7 0
37 15 0
Net_id 29
pin_num 4
21 20 0
35 14 0
44 12 0
28 9 0
Net_id 30
pin_num 4
24 52 0
24 57 0
40 54 0
25 44 0
Net_id 31
pin_num 4
27 36 0
15 37 0
22 24 0
44 27 0
Net_id 32
pin_num 4
46 16 0
39 16 0
40 14 0
40 12 0
Net_id 33
pin_num 4
50 18 0
50 12 0
59 9 0
53 10 0
Net_id 34
pin_num 4
7 3 0
0 9 0
3 9 0
12 13 0
Net_id 35
pin_num 4
12 40 0
8 48 0
1 47 0
6 44 0
Net_id 36
pin_num 4
58 44 0
52 49 0
50 58 0
24 46 0
Net_id 37
pin_num 4
22 33 0
32 30 0
29 52 0
28 44 0
Net_id 38
pin_num 4
58 16 0
53 20 0
58 9 0
40 17 0
Net_id 39
pin_num 4
43 51 0
53 47 0
52 25 0
50 59 0
Net_id 40
pin_num 3
6 45 0
15 38 0
37 42 0
Net_id 41
pin_num 3
55 49 0
49 57 0
43 50 0
Net_id 42
pin_num 3
44 26 0
57 25 0
59 44 0
Net_id 43
pin_num 3
16 13 0
34 24 0
30 6 0
Net_id 44
pin_num 3
54 1 0
57 12 0
33 7 0
Net_id 45
pin_num 3
54 46 0
46 51 0
49 58 0
Net_id 46
pin_num 3
41 38 0
46 35 0
33 45 0
Net_id 47
pin_num 3
20 40 0
34 36 0
37 56 0
Net_id 48
pin_num 3
39 36 0
58 31 0
45 18 0
Net_id 49
pin_num 3
1 46 0
9 52 0
15 59 0
Net_id 50
pin_num 3
59 2 0
39 11 0
15 13 0
Net_id 51
pin_num 3
40 27 0
43 5 0
14 13 0
Net_id 52
pin_num 3
4 1 0
10 14 0
11 14 0
Net_id 53
pin_num 3
48 16 0
39 23 0
37 17 0
Net_id 54
pin_num 3
35 24 0
42 24 0
49 9 0
Net_id 55
pin_num 3
54 10 0
57 7 0
51 0 0
Net_id 56
pin_num 3
15 18 0
4 28 0
13 0 0
Net_id 57
pin_num 3
40 50 0
31 47 0
16 57 0
Net_id 58
pin_num 3
51 52 0
55 56 0
40 41 0
Net_id 59
pin_num 3
4 54 0
31 58 0
12 25 0
Net_id 60
pin_num 3
13 50 0
6 36 0
7 44 0
Net_id 61
pin_num 3
30 1 0
40 5 0
29 10 0
Net_id 62
pin_num 3
12 14 0
18 4 0
15 8 0
Net_id 63
pin_num 3
20 20 0
9 14 0
9 16 0
Net_id 64
pin_num 3
7 25 0
3 40 0
0 53 0
Net_id 65
pin_num 3
32 16 0
28 8 0
15 23 0
Net_id 66
pin_num 3
45 51 0
37 50 0
39 56 0
Net_id 67
pin_num 3
42 23 0
29 18 0
33 33 0
Net_id 68
pin_num 3
2 22 0
13 33 0
9 0 0
Net_id 69
pin_num 3
3 23 0
2 34 0
21 35 0
Net_id 70
pin_num 3
48 24 0
52 1 0
59 5 0
Net_id 71
pin_num 3
39 28 0
26 14 0
36 36 0
Net_id 72
pin_num 3
53 30 0
52 43 0
56 58 0
Net_id 73
pin_num 3
41 29 0
56 39 0
32 39 0
Net_id 74
pin_num 3
36 23 0
43 36 0
21 19 0
Net_id 75
pin_num 3
51 33 0
56 42 0
53 25 0
Net_id 76
pin_num 3
59 14 0
36 9 0
45 36 0
Net_id 77
pin_num 3
38 5 0
37 11 0
53 12 0
Net_id 78
pin_num 3
48 23 0
53 18 0
50 30 0
Net_id 79
pin_num 2
2 27 0
4 29 0
Net_id 80
pin_num 2
19 15 0
31 15 0
Net_id 81
pin_num 2
36 29 0
27 30 0
Net_id 82
pin_num 2
3 13 0
1 10 0
Net_id 83
pin_num 2
2 53 0
1 57 0
Net_id 84
pin_num 2
59 40 0
49 40 0
Net_id 85
pin_num 2
39 12 0
31 44 0
Net_id 86
pin_num 2
57 32 0
36 25 0
Net_id 87
pin_num 2
28 25 0
35 8 0
Net_id 88
pin_num 2
18 44 0
14 46 0
Net_id 89
pin_num 2
35 47 0
23 59 0
Net_id 90
pin_num 2
38 3 0
17 18 0
Net_id 91
pin_num 2
47 43 0
23 28 0
Net_id 92
pin_num 2
17 47 0
16 19 0
Net_id 93
pin_num 2
20 51 0
18 38 0
Net_id 94
pin_num 2
4 33 0
11 32 0
Net_id 95
pin_num 2
45 30 0
35 30 0
Net_id 96
pin_num 2
59 13 0
56 22 0
Net_id 97
pin_num 2
59 45 0
33 56 0
Net_id 98
pin_num 2
50 37 0
52 36 0
Net_id 99
pin_num 2
56 55 0
42 54 0
Net_id 100
pin_num 2
38 19 0
50 32 0
Net_id 101
pin_num 2
52 21 0
47 24 0
Net_id 102
pin_num 2
46 59 0
37 52 0
Net_id 103
pin_num 2
4 55 0
42 48 0
Net_id 104
pin_num 2
58 56 0
47 47 0
Net_id 105
pin_num 2
47 13 0
36 5 0
Net_id 106
pin_num 2
47 57 0
57 45 0
Net_id 107
pin_num 2
39 6 0
43 8 0
Net_id 108
pin_num 2
24 38 0
13 20 0
Net_id 109
pin_num 2
19 23 0
10 36 0
Net_id 110
pin_num 2
47 52 0
55 55 0
Net_id 111
pin_num 2
55 1 0
40 28 0
Net_id 112
pin_num 2
21 38 0
14 50 0
Net_id 113
pin_num 2
56 35 0
48 22 0
Net_id 114
pin_num 2
50 39 0
39 29 0
Net_id 115
pin_num 2
24 12 0
43 0 0
Net_id 116
pin_num 2
17 23 0
25 29 0
Net_id 117
pin_num 2
6 51 0
21 51 0
Net_id 118
pin_num 2
36 47 0
44 40 0
Net_id 119
pin_num 2
8 20 0
17 11 0
Net_id 120
pin_num 2
56 33 0
54 43 0
Net_id 121
pin_num 2
19 52 0
11 31 0
Net_id 122
pin_num 2
20 11 0
6 23 0
Net_id 123
pin_num 2
10 52 0
11 39 0
Net_id 124
pin_num 2
5 43 0
6 39 0
Net_id 125
pin_num 2
6 4 0
1 9 0
Net_id 126
pin_num 2
40 35 0
58 58 0
Net_id 127
pin_num 2
51 36 0
34 50 0
Net_id 128
pin_num 2
11 56 0
6 41 0
Net_id 129
pin_num 2
45 2 0
34 8 0
Net_id 130
pin_num 2
22 26 0
20 22 0
Net_id 131
pin_num 2
22 14 0
10 45 0
Net_id 132
pin_num 2
29 11 0
17 0 0
Net_id 133
pin_num 2
14 5 0
16 2 0
Net_id 134
pin_num 2
43 40 0
41 42 0
Net_id 135
pin_num 2
57 19 0
48 28 0
Net_id 136
pin_num 2
52 29 0
41 25 0
Net_id 137
pin_num 2
22 41 0
26 56 0
Net_id 138
pin_num 2
19 50 0
15 41 0
Net_id 139
pin_num 2
15 40 0
14 43 0
Net_id 140
pin_num 2
7 18 0
0 1 0
Net_id 141
pin_num 2
36 31 0
44 31 0
Net_id 142
pin_num 2
40 25 0
49 16 0
Net_id 143
pin_num 2
48 38 0
52 35 0
Net_id 144
pin_num 2
36 8 0
49 10 0
Net_id 145
pin_num 2
1 49 0
13 46 0
Net_id 146
pin_num 2
18 2 0
31 12 0
Net_id 147
pin_num 2
15 52 0
2 54 0
Net_id 148
pin_num 2
46 18 0
56 4 0
Net_id 149
pin_num 2
8 44 0
22 51 0
Net_id 150
pin_num 2
25 6 0
44 8 0
Net_id 151
pin_num 2
57 30 0
55 5 0
Net_id 152
pin_num 2
18 47 0
22 44 0
Net_id 153
pin_num 2
29 49 0
22 49 0
Net_id 154
pin_num 2
40 18 0
36 21 0
Net_id 155
pin_num 2
8 6 0
4 9 0
Net_id 156
pin_num 2
30 11 0
36 20 0
Net_id 157
pin_num 2
53 40 0
38 43 0
Net_id 158
pin_num 2
48 1 0
53 13 0
Net_id 159
pin_num 2
33 31 0
42 18 0
Net_id 160
pin_num 2
26 35 0
11 55 0
Net_id 161
pin_num 2
16 53 0
19 56 0
