Width 60
Height 60
Layer 6
Total_WL 7025
Obstacle_num 144
40 20 0 48 21 0
23 49 0 33 50 0
14 33 0 20 34 0
48 30 0 53 31 0
25 0 0 28 1 0
10 3 0 18 4 0
40 57 0 44 58 0
2 1 0 11 2 0
8 16 0 11 17 0
30 15 0 40 16 0
51 33 0 54 34 0
18 17 0 21 18 0
53 5 0 58 6 0
35 33 0 41 34 0
15 12 0 18 13 0
1 35 0 8 36 0
55 36 0 59 37 0
20 56 0 29 57 0
4 52 0 14 53 0
14 48 0 18 49 0
14 49 0 23 50 0
0 58 0 8 59 0
12 10 0 19 11 0
1 48 0 10 49 0
7 24 1 8 33 1
12 49 1 13 59 1
26 39 1 27 45 1
9 2 1 10 7 1
15 43 1 16 48 1
46 18 1 47 26 1
3 2 1 4 10 1
42 36 1 43 45 1
26 22 1 27 26 1
33 38 1 34 41 1
30 16 1 31 21 1
35 23 1 36 28 1
48 53 1 49 58 1
53 41 1 54 49 1
2 8 1 3 12 1
29 40 1 30 47 1
47 31 1 48 41 1
19 21 1 20 31 1
33 8 1 34 12 1
24 15 1 25 18 1
11 15 1 12 20 1
34 37 1 35 40 1
31 4 1 32 13 1
3 27 1 4 33 1
44 41 2 50 42 2
35 24 2 39 25 2
29 8 2 34 9 2
29 40 2 36 41 2
43 30 2 50 31 2
17 40 2 21 41 2
14 30 2 17 31 2
35 52 2 38 53 2
6 33 2 15 34 2
16 35 2 26 36 2
13 55 2 19 56 2
21 22 2 31 23 2
33 42 2 39 43 2
9 12 2 13 13 2
42 40 2 50 41 2
52 4 2 57 5 2
50 53 2 55 54 2
23 12 2 33 13 2
39 31 2 44 32 2
43 13 2 46 14 2
52 20 2 55 21 2
27 19 2 37 20 2
10 23 2 15 24 2
5 32 2 9 33 2
38 37 3 39 40 3
44 30 3 45 39 3
0 9 3 1 17 3
24 8 3 25 14 3
22 34 3 23 37 3
21 52 3 22 56 3
22 45 3 23 54 3
10 44 3 11 52 3
12 2 3 13 11 3
30 49 3 31 59 3
58 12 3 59 22 3
6 33 3 7 37 3
17 48 3 18 57 3
51 29 3 52 32 3
1 0 3 2 3 3
43 36 3 44 41 3
15 33 3 16 41 3
8 41 3 9 44 3
36 26 3 37 33 3
31 19 3 32 28 3
39 27 3 40 32 3
33 5 3 34 10 3
29 48 3 30 58 3
31 3 3 32 9 3
29 51 4 38 52 4
25 24 4 35 25 4
5 33 4 15 34 4
5 16 4 8 17 4
10 18 4 17 19 4
53 14 4 57 15 4
35 33 4 44 34 4
15 54 4 20 55 4
35 17 4 41 18 4
46 2 4 56 3 4
25 10 4 35 11 4
25 45 4 30 46 4
14 15 4 19 16 4
5 47 4 9 48 4
21 27 4 24 28 4
50 33 4 57 34 4
14 8 4 24 9 4
20 11 4 23 12 4
14 2 4 23 3 4
4 32 4 11 33 4
18 28 4 23 29 4
20 5 4 28 6 4
40 46 4 48 47 4
6 45 4 15 46 4
21 38 5 22 48 5
22 0 5 23 6 5
50 46 5 51 52 5
44 7 5 45 13 5
36 11 5 37 14 5
38 27 5 39 36 5
58 26 5 59 29 5
11 45 5 12 49 5
19 54 5 20 59 5
17 1 5 18 11 5
46 33 5 47 39 5
58 44 5 59 51 5
39 47 5 40 56 5
0 12 5 1 21 5
9 0 5 10 3 5
54 19 5 55 22 5
0 35 5 1 43 5
28 17 5 29 21 5
53 19 5 54 29 5
49 8 5 50 15 5
21 8 5 22 14 5
33 10 5 34 20 5
38 37 5 39 45 5
49 41 5 50 46 5
Net_num 160
Net_id 0
pin_num 5
17 40 0
20 48 0
0 45 0
14 36 0
22 59 0
Net_id 1
pin_num 5
42 5 0
28 8 0
37 30 0
37 4 0
43 27 0
Net_id 2
pin_num 5
1 53 0
0 49 0
23 51 0
6 59 0
18 48 0
Net_id 3
pin_num 5
48 23 0
58 15 0
59 30 0
32 18 0
39 26 0
Net_id 4
pin_num 5
50 38 0
59 31 0
51 31 0
56 30 0
56 11 0
Net_id 5
pin_num 5
55 22 0
39 19 0
45 44 0
41 5 0
38 30 0
Net_id 6
pin_num 5
33 58 0
47 58 0
43 36 0
42 51 0
45 50 0
Net_id 7
pin_num 5
35 59 0
31 52 0
14 53 0
30 30 0
13 32 0
Net_id 8
pin_num 5
41 51 0
40 47 0
52 59 0
37 59 0
45 21 0
Net_id 9
pin_num 5
8 49 0
13 54 0
5 54 0
7 57 0
2 59 0
Net_id 10
pin_num 5
8 13 0
8 10 0
10 0 0
13 9 0
1 8 0
Net_id 11
pin_num 5
16 13 0
8 22 0
2 17 0
10 37 0
26 16 0
Net_id 12
pin_num 5
53 25 0
58 37 0
57 22 0
58 57 0
50 31 0
Net_id 13
pin_num 5
5 8 0
7 5 0
6 4 0
0 5 0
29 7 0
Net_id 14
pin_num 5
8 53 0
4 50 0
4 29 0
4 8 0
8 44 0
Net_id 15
pin_num 5
40 35 0
47 46 0
28 42 0
36 22 0
21 39 0
Net_id 16
pin_num 5
5 11 0
10 11 0
31 11 0
10 5 0
0 6 0
Net_id 17
pin_num 5
13 48 0
24 46 0
10 53 0
28 47 0
33 49 0
Net_id 18
pin_num 5
59 21 0
54 27 0
59 44 0
41 43 0
59 11 0
Net_id 19
pin_num 5
59 54 0
56 39 0
47 44 0
57 59 0
52 28 0
Net_id 20
pin_num 4
14 37 0
1 42 0
20 37 0
8 58 0
Net_id 21
pin_num 4
45 49 0
39 37 0
50 40 0
55 33 0
Net_id 22
pin_num 4
39 4 0
48 1 0
44 9 0
59 3 0
Net_id 23
pin_num 4
21 38 0
29 47 0
42 46 0
46 38 0
Net_id 24
pin_num 4
2 22 0
9 26 0
9 8 0
27 14 0
Net_id 25
pin_num 4
13 25 0
37 25 0
25 4 0
17 14 0
Net_id 26
pin_num 4
36 19 0
42 11 0
53 17 0
57 18 0
Net_id 27
pin_num 4
40 44 0
35 44 0
13 44 0
40 27 0
Net_id 28
pin_num 4
29 53 0
36 53 0
31 59 0
23 50 0
Net_id 29
pin_num 4
56 40 0
51 40 0
55 20 0
56 34 0
Net_id 30
pin_num 4
5 2 0
11 13 0
1 11 0
6 9 0
Net_id 31
pin_num 4
25 47 0
18 53 0
17 59 0
3 59 0
Net_id 32
pin_num 4
26 34 0
22 30 0
25 57 0
24 21 0
Net_id 33
pin_num 4
24 14 0
17 2 0
24 4 0
20 18 0
Net_id 34
pin_num 4
58 59 0
46 55 0
56 45 0
36 59 0
Net_id 35
pin_num 4
24 8 0
11 5 0
22 2 0
28 0 0
Net_id 36
pin_num 4
28 55 0
22 53 0
20 50 0
20 59 0
Net_id 37
pin_num 4
35 6 0
34 11 0
29 2 0
38 0 0
Net_id 38
pin_num 4
57 41 0
24 37 0
27 30 0
34 32 0
Net_id 39
pin_num 4
12 33 0
26 29 0
21 13 0
14 12 0
Net_id 40
pin_num 3
39 1 0
38 4 0
59 4 0
Net_id 41
pin_num 3
48 47 0
35 51 0
58 58 0
Net_id 42
pin_num 3
4 13 0
8 21 0
18 3 0
Net_id 43
pin_num 3
13 45 0
28 48 0
28 34 0
Net_id 44
pin_num 3
10 36 0
5 44 0
0 41 0
Net_id 45
pin_num 3
2 32 0
29 24 0
30 27 0
Net_id 46
pin_num 3
7 15 0
30 7 0
16 6 0
Net_id 47
pin_num 3
36 21 0
27 18 0
31 29 0
Net_id 48
pin_num 3
17 38 0
5 38 0
0 48 0
Net_id 49
pin_num 3
5 28 0
0 29 0
1 16 0
Net_id 50
pin_num 3
24 39 0
47 48 0
56 59 0
Net_id 51
pin_num 3
26 44 0
11 47 0
16 57 0
Net_id 52
pin_num 3
10 44 0
18 50 0
16 24 0
Net_id 53
pin_num 3
18 39 0
24 20 0
18 36 0
Net_id 54
pin_num 3
31 0 0
45 6 0
38 5 0
Net_id 55
pin_num 3
2 2 0
11 4 0
35 7 0
Net_id 56
pin_num 3
24 13 0
23 30 0
33 33 0
Net_id 57
pin_num 3
54 35 0
43 24 0
57 17 0
Net_id 58
pin_num 3
0 33 0
17 39 0
21 50 0
Net_id 59
pin_num 3
57 43 0
49 47 0
56 55 0
Net_id 60
pin_num 3
10 14 0
15 17 0
9 14 0
Net_id 61
pin_num 3
34 22 0
52 16 0
48 45 0
Net_id 62
pin_num 3
23 42 0
27 50 0
30 35 0
Net_id 63
pin_num 3
24 24 0
31 34 0
20 28 0
Net_id 64
pin_num 3
55 8 0
44 23 0
57 38 0
Net_id 65
pin_num 3
38 49 0
29 37 0
34 43 0
Net_id 66
pin_num 3
3 30 0
5 37 0
19 42 0
Net_id 67
pin_num 3
38 48 0
20 55 0
9 47 0
Net_id 68
pin_num 3
39 53 0
55 51 0
44 57 0
Net_id 69
pin_num 3
50 17 0
52 14 0
57 8 0
Net_id 70
pin_num 3
23 24 0
13 6 0
18 34 0
Net_id 71
pin_num 3
16 9 0
23 9 0
20 20 0
Net_id 72
pin_num 3
54 10 0
57 0 0
48 14 0
Net_id 73
pin_num 3
55 35 0
55 42 0
19 38 0
Net_id 74
pin_num 3
16 34 0
0 42 0
4 53 0
Net_id 75
pin_num 3
32 6 0
51 13 0
40 29 0
Net_id 76
pin_num 3
58 3 0
28 3 0
50 9 0
Net_id 77
pin_num 3
52 4 0
39 11 0
43 15 0
Net_id 78
pin_num 3
12 5 0
21 4 0
17 34 0
Net_id 79
pin_num 3
22 13 0
38 21 0
2 24 0
Net_id 80
pin_num 3
54 49 0
57 16 0
53 37 0
Net_id 81
pin_num 2
35 55 0
54 59 0
Net_id 82
pin_num 2
45 32 0
58 9 0
Net_id 83
pin_num 2
6 26 0
8 41 0
Net_id 84
pin_num 2
1 49 0
16 59 0
Net_id 85
pin_num 2
43 6 0
55 0 0
Net_id 86
pin_num 2
57 48 0
46 31 0
Net_id 87
pin_num 2
59 12 0
55 13 0
Net_id 88
pin_num 2
12 43 0
8 43 0
Net_id 89
pin_num 2
19 26 0
31 35 0
Net_id 90
pin_num 2
49 33 0
27 41 0
Net_id 91
pin_num 2
26 46 0
37 57 0
Net_id 92
pin_num 2
2 15 0
1 23 0
Net_id 93
pin_num 2
38 52 0
33 52 0
Net_id 94
pin_num 2
2 3 0
16 17 0
Net_id 95
pin_num 2
38 2 0
54 12 0
Net_id 96
pin_num 2
55 47 0
52 50 0
Net_id 97
pin_num 2
36 37 0
29 58 0
Net_id 98
pin_num 2
19 21 0
8 20 0
Net_id 99
pin_num 2
53 9 0
45 2 0
Net_id 100
pin_num 2
0 20 0
18 41 0
Net_id 101
pin_num 2
11 1 0
32 11 0
Net_id 102
pin_num 2
8 17 0
3 14 0
Net_id 103
pin_num 2
18 28 0
6 31 0
Net_id 104
pin_num 2
15 19 0
3 12 0
Net_id 105
pin_num 2
46 40 0
50 45 0
Net_id 106
pin_num 2
50 42 0
55 55 0
Net_id 107
pin_num 2
3 13 0
15 22 0
Net_id 108
pin_num 2
47 14 0
15 9 0
Net_id 109
pin_num 2
44 12 0
54 19 0
Net_id 110
pin_num 2
43 11 0
54 51 0
Net_id 111
pin_num 2
18 12 0
19 16 0
Net_id 112
pin_num 2
18 26 0
7 27 0
Net_id 113
pin_num 2
32 13 0
16 22 0
Net_id 114
pin_num 2
14 16 0
11 24 0
Net_id 115
pin_num 2
54 1 0
58 8 0
Net_id 116
pin_num 2
50 28 0
48 16 0
Net_id 117
pin_num 2
35 13 0
27 3 0
Net_id 118
pin_num 2
54 52 0
38 47 0
Net_id 119
pin_num 2
34 45 0
31 44 0
Net_id 120
pin_num 2
49 25 0
54 20 0
Net_id 121
pin_num 2
43 10 0
38 10 0
Net_id 122
pin_num 2
33 24 0
42 25 0
Net_id 123
pin_num 2
52 29 0
46 16 0
Net_id 124
pin_num 2
48 38 0
55 45 0
Net_id 125
pin_num 2
11 34 0
35 39 0
Net_id 126
pin_num 2
46 34 0
54 24 0
Net_id 127
pin_num 2
55 6 0
38 9 0
Net_id 128
pin_num 2
44 27 0
40 13 0
Net_id 129
pin_num 2
1 24 0
13 57 0
Net_id 130
pin_num 2
32 12 0
31 17 0
Net_id 131
pin_num 2
55 56 0
44 50 0
Net_id 132
pin_num 2
38 51 0
39 57 0
Net_id 133
pin_num 2
53 14 0
56 0 0
Net_id 134
pin_num 2
31 7 0
38 22 0
Net_id 135
pin_num 2
46 37 0
39 43 0
Net_id 136
pin_num 2
27 37 0
26 31 0
Net_id 137
pin_num 2
56 20 0
44 15 0
Net_id 138
pin_num 2
49 44 0
11 31 0
Net_id 139
pin_num 2
44 49 0
24 58 0
Net_id 140
pin_num 2
23 6 0
26 10 0
Net_id 141
pin_num 2
46 39 0
54 23 0
Net_id 142
pin_num 2
1 6 0
17 13 0
Net_id 143
pin_num 2
15 18 0
30 6 0
Net_id 144
pin_num 2
51 8 0
36 6 0
Net_id 145
pin_num 2
15 26 0
2 14 0
Net_id 146
pin_num 2
11 30 0
3 0 0
Net_id 147
pin_num 2
39 36 0
50 33 0
Net_id 148
pin_num 2
4 34 0
10 40 0
Net_id 149
pin_num 2
24 22 0
19 22 0
Net_id 150
pin_num 2
13 50 0
2 30 0
Net_id 151
pin_num 2
34 33 0
44 48 0
Net_id 152
pin_num 2
43 32 0
34 20 0
Net_id 153
pin_num 2
55 17 0
50 19 0
Net_id 154
pin_num 2
25 20 0
33 19 0
Net_id 155
pin_num 2
36 8 0
31 8 0
Net_id 156
pin_num 2
34 36 0
21 36 0
Net_id 157
pin_num 2
28 17 0
49 0 0
Net_id 158
pin_num 2
27 2 0
30 12 0
Net_id 159
pin_num 2
2 53 0
5 57 0
