Width 60
Height 60
Layer 6
Total_WL 6767
Obstacle_num 144
7 2 0 14 3 0
41 28 0 45 29 0
27 51 0 35 52 0
48 32 0 57 33 0
50 51 0 57 52 0
50 36 0 53 37 0
45 4 0 48 5 0
2 34 0 8 35 0
10 19 0 15 20 0
44 16 0 50 17 0
18 46 0 23 47 0
7 23 0 10 24 0
35 23 0 44 24 0
53 56 0 56 57 0
24 41 0 34 42 0
16 48 0 21 49 0
20 15 0 23 16 0
8 37 0 11 38 0
38 3 0 46 4 0
8 34 0 17 35 0
2 4 0 5 5 0
30 26 0 38 27 0
38 32 0 45 33 0
43 26 0 51 27 0
16 41 1 17 46 1
47 26 1 48 31 1
14 49 1 15 58 1
11 21 1 12 29 1
12 27 1 13 37 1
8 0 1 9 6 1
38 37 1 39 42 1
0 24 1 1 28 1
52 23 1 53 33 1
42 21 1 43 29 1
16 3 1 17 7 1
30 41 1 31 50 1
56 14 1 57 21 1
47 51 1 48 56 1
43 20 1 44 28 1
9 42 1 10 46 1
41 8 1 42 16 1
0 38 1 1 45 1
49 32 1 50 39 1
26 32 1 27 40 1
4 7 1 5 11 1
17 30 1 18 39 1
18 53 1 19 58 1
55 27 1 56 33 1
6 1 2 13 2 2
32 43 2 39 44 2
38 14 2 46 15 2
6 6 2 9 7 2
13 18 2 20 19 2
4 29 2 12 30 2
33 13 2 36 14 2
11 36 2 15 37 2
20 1 2 30 2 2
51 16 2 54 17 2
38 8 2 42 9 2
53 5 2 57 6 2
1 21 2 7 22 2
42 9 2 48 10 2
24 32 2 30 33 2
21 11 2 29 12 2
19 58 2 26 59 2
49 0 2 59 1 2
52 58 2 59 59 2
38 6 2 46 7 2
23 51 2 30 52 2
1 48 2 11 49 2
37 15 2 47 16 2
44 13 2 50 14 2
12 6 3 13 15 3
10 13 3 11 22 3
16 28 3 17 37 3
25 44 3 26 51 3
48 38 3 49 47 3
44 21 3 45 30 3
13 46 3 14 56 3
18 4 3 19 12 3
24 8 3 25 11 3
54 40 3 55 44 3
10 23 3 11 28 3
30 2 3 31 9 3
41 31 3 42 37 3
22 48 3 23 55 3
53 7 3 54 10 3
0 36 3 1 44 3
31 23 3 32 26 3
57 34 3 58 42 3
20 18 3 21 26 3
35 48 3 36 55 3
5 38 3 6 45 3
58 9 3 59 12 3
31 43 3 32 47 3
27 31 3 28 38 3
2 58 4 6 59 4
17 33 4 26 34 4
29 25 4 39 26 4
43 8 4 51 9 4
39 11 4 42 12 4
8 0 4 15 1 4
23 35 4 31 36 4
42 5 4 47 6 4
17 28 4 26 29 4
50 33 4 58 34 4
47 34 4 56 35 4
2 41 4 12 42 4
28 39 4 36 40 4
45 42 4 53 43 4
37 3 4 43 4 4
32 28 4 36 29 4
9 3 4 16 4 4
4 6 4 12 7 4
12 29 4 16 30 4
43 32 4 51 33 4
30 32 4 35 33 4
46 55 4 52 56 4
40 4 4 44 5 4
7 25 4 11 26 4
12 54 5 13 57 5
2 5 5 3 12 5
47 20 5 48 27 5
57 39 5 58 47 5
25 43 5 26 48 5
41 6 5 42 15 5
29 2 5 30 11 5
24 2 5 25 7 5
26 16 5 27 25 5
28 40 5 29 49 5
4 38 5 5 44 5
37 9 5 38 19 5
28 18 5 29 23 5
18 24 5 19 30 5
4 20 5 5 25 5
27 44 5 28 53 5
15 25 5 16 33 5
44 1 5 45 10 5
22 41 5 23 47 5
38 21 5 39 31 5
16 21 5 17 24 5
25 4 5 26 7 5
4 26 5 5 34 5
46 24 5 47 31 5
Net_num 159
Net_id 0
pin_num 5
34 27 0
31 35 0
16 28 0
28 10 0
18 28 0
Net_id 1
pin_num 5
52 3 0
59 4 0
37 3 0
51 17 0
40 17 0
Net_id 2
pin_num 5
7 48 0
3 48 0
4 40 0
15 59 0
8 59 0
Net_id 3
pin_num 5
35 11 0
22 3 0
34 10 0
35 0 0
30 15 0
Net_id 4
pin_num 5
52 26 0
51 19 0
57 19 0
54 12 0
52 22 0
Net_id 5
pin_num 5
31 10 0
21 12 0
38 13 0
31 12 0
36 4 0
Net_id 6
pin_num 5
3 9 0
2 7 0
0 10 0
0 0 0
22 0 0
Net_id 7
pin_num 5
5 47 0
1 48 0
2 26 0
18 34 0
1 32 0
Net_id 8
pin_num 5
45 9 0
59 12 0
58 34 0
53 13 0
44 18 0
Net_id 9
pin_num 5
5 59 0
0 53 0
19 57 0
24 59 0
3 50 0
Net_id 10
pin_num 5
19 23 0
21 26 0
5 24 0
16 27 0
10 39 0
Net_id 11
pin_num 5
47 1 0
58 1 0
41 1 0
45 11 0
52 18 0
Net_id 12
pin_num 5
47 15 0
56 15 0
49 3 0
50 3 0
46 5 0
Net_id 13
pin_num 5
59 43 0
54 55 0
54 59 0
49 47 0
59 52 0
Net_id 14
pin_num 5
47 31 0
55 40 0
59 40 0
58 49 0
55 26 0
Net_id 15
pin_num 5
55 33 0
51 35 0
54 25 0
51 41 0
55 20 0
Net_id 16
pin_num 5
48 21 0
47 23 0
47 0 0
38 11 0
50 24 0
Net_id 17
pin_num 5
52 34 0
54 48 0
51 58 0
55 54 0
52 41 0
Net_id 18
pin_num 5
18 1 0
1 1 0
33 0 0
13 22 0
25 9 0
Net_id 19
pin_num 5
44 2 0
58 7 0
35 2 0
43 0 0
36 5 0
Net_id 20
pin_num 5
0 1 0
4 1 0
30 1 0
20 9 0
5 5 0
Net_id 21
pin_num 4
14 39 0
24 51 0
15 33 0
31 42 0
Net_id 22
pin_num 4
59 7 0
57 21 0
57 38 0
46 31 0
Net_id 23
pin_num 4
52 4 0
59 5 0
51 5 0
44 4 0
Net_id 24
pin_num 4
14 10 0
23 14 0
35 14 0
15 31 0
Net_id 25
pin_num 4
51 28 0
53 29 0
56 12 0
55 8 0
Net_id 26
pin_num 4
13 16 0
16 9 0
13 23 0
5 18 0
Net_id 27
pin_num 4
36 35 0
32 25 0
59 32 0
39 12 0
Net_id 28
pin_num 4
36 17 0
31 9 0
23 4 0
53 7 0
Net_id 29
pin_num 4
13 20 0
8 13 0
32 16 0
19 20 0
Net_id 30
pin_num 4
25 8 0
15 2 0
29 1 0
34 8 0
Net_id 31
pin_num 4
53 39 0
55 36 0
53 53 0
33 52 0
Net_id 32
pin_num 4
18 21 0
26 21 0
0 21 0
7 26 0
Net_id 33
pin_num 4
33 38 0
22 33 0
23 18 0
32 29 0
Net_id 34
pin_num 4
26 47 0
33 49 0
38 48 0
38 36 0
Net_id 35
pin_num 4
22 52 0
39 49 0
29 58 0
26 49 0
Net_id 36
pin_num 4
7 35 0
17 35 0
8 29 0
5 41 0
Net_id 37
pin_num 4
0 44 0
19 38 0
7 37 0
23 44 0
Net_id 38
pin_num 4
25 57 0
27 57 0
32 59 0
6 59 0
Net_id 39
pin_num 4
1 55 0
21 53 0
1 54 0
5 58 0
Net_id 40
pin_num 3
39 59 0
49 50 0
43 31 0
Net_id 41
pin_num 3
9 3 0
14 17 0
37 14 0
Net_id 42
pin_num 3
56 26 0
56 25 0
33 21 0
Net_id 43
pin_num 3
28 54 0
20 49 0
27 46 0
Net_id 44
pin_num 3
46 48 0
36 46 0
45 41 0
Net_id 45
pin_num 3
5 11 0
9 18 0
5 25 0
Net_id 46
pin_num 3
10 26 0
21 34 0
7 3 0
Net_id 47
pin_num 3
39 24 0
56 7 0
57 1 0
Net_id 48
pin_num 3
57 48 0
51 59 0
29 57 0
Net_id 49
pin_num 3
14 3 0
1 4 0
6 35 0
Net_id 50
pin_num 3
7 13 0
17 3 0
0 23 0
Net_id 51
pin_num 3
0 4 0
2 5 0
19 8 0
Net_id 52
pin_num 3
54 35 0
56 30 0
50 34 0
Net_id 53
pin_num 3
48 47 0
34 37 0
38 51 0
Net_id 54
pin_num 3
37 6 0
56 6 0
45 18 0
Net_id 55
pin_num 3
35 53 0
56 57 0
45 49 0
Net_id 56
pin_num 3
6 56 0
16 56 0
1 31 0
Net_id 57
pin_num 3
8 14 0
14 2 0
22 4 0
Net_id 58
pin_num 3
19 56 0
18 49 0
39 56 0
Net_id 59
pin_num 3
39 13 0
43 18 0
27 18 0
Net_id 60
pin_num 3
16 36 0
21 38 0
11 58 0
Net_id 61
pin_num 3
57 54 0
58 39 0
56 58 0
Net_id 62
pin_num 3
37 9 0
59 27 0
30 22 0
Net_id 63
pin_num 3
39 42 0
30 40 0
57 47 0
Net_id 64
pin_num 3
20 50 0
26 50 0
36 50 0
Net_id 65
pin_num 3
6 23 0
13 37 0
3 13 0
Net_id 66
pin_num 3
38 0 0
26 3 0
59 2 0
Net_id 67
pin_num 3
43 14 0
46 10 0
53 12 0
Net_id 68
pin_num 3
41 40 0
28 52 0
30 59 0
Net_id 69
pin_num 3
46 42 0
37 58 0
50 49 0
Net_id 70
pin_num 3
24 19 0
16 19 0
20 34 0
Net_id 71
pin_num 3
52 30 0
59 36 0
58 55 0
Net_id 72
pin_num 3
11 32 0
35 37 0
34 45 0
Net_id 73
pin_num 3
41 46 0
23 49 0
43 58 0
Net_id 74
pin_num 3
45 58 0
55 46 0
33 46 0
Net_id 75
pin_num 3
38 21 0
32 6 0
37 44 0
Net_id 76
pin_num 3
13 42 0
18 35 0
2 49 0
Net_id 77
pin_num 3
13 28 0
3 42 0
1 56 0
Net_id 78
pin_num 3
50 10 0
51 8 0
45 5 0
Net_id 79
pin_num 3
16 3 0
14 11 0
1 20 0
Net_id 80
pin_num 3
5 37 0
3 32 0
1 58 0
Net_id 81
pin_num 2
41 25 0
46 25 0
Net_id 82
pin_num 2
42 56 0
33 59 0
Net_id 83
pin_num 2
6 27 0
11 33 0
Net_id 84
pin_num 2
36 20 0
10 4 0
Net_id 85
pin_num 2
57 30 0
56 31 0
Net_id 86
pin_num 2
13 12 0
3 7 0
Net_id 87
pin_num 2
54 14 0
45 19 0
Net_id 88
pin_num 2
30 44 0
38 19 0
Net_id 89
pin_num 2
56 55 0
58 52 0
Net_id 90
pin_num 2
34 4 0
27 2 0
Net_id 91
pin_num 2
13 30 0
29 43 0
Net_id 92
pin_num 2
22 23 0
35 16 0
Net_id 93
pin_num 2
53 24 0
49 18 0
Net_id 94
pin_num 2
19 29 0
21 35 0
Net_id 95
pin_num 2
0 31 0
11 46 0
Net_id 96
pin_num 2
32 45 0
47 42 0
Net_id 97
pin_num 2
44 51 0
53 59 0
Net_id 98
pin_num 2
23 37 0
0 29 0
Net_id 99
pin_num 2
36 15 0
21 7 0
Net_id 100
pin_num 2
58 8 0
56 27 0
Net_id 101
pin_num 2
27 25 0
30 27 0
Net_id 102
pin_num 2
26 35 0
33 33 0
Net_id 103
pin_num 2
48 27 0
34 30 0
Net_id 104
pin_num 2
24 18 0
26 17 0
Net_id 105
pin_num 2
48 18 0
45 35 0
Net_id 106
pin_num 2
19 59 0
11 45 0
Net_id 107
pin_num 2
55 1 0
56 5 0
Net_id 108
pin_num 2
24 30 0
38 33 0
Net_id 109
pin_num 2
20 18 0
59 1 0
Net_id 110
pin_num 2
24 36 0
43 19 0
Net_id 111
pin_num 2
44 15 0
39 14 0
Net_id 112
pin_num 2
38 31 0
32 31 0
Net_id 113
pin_num 2
57 42 0
45 50 0
Net_id 114
pin_num 2
14 4 0
21 29 0
Net_id 115
pin_num 2
53 9 0
43 4 0
Net_id 116
pin_num 2
49 39 0
28 46 0
Net_id 117
pin_num 2
1 19 0
9 19 0
Net_id 118
pin_num 2
5 12 0
4 3 0
Net_id 119
pin_num 2
29 8 0
19 2 0
Net_id 120
pin_num 2
33 12 0
33 6 0
Net_id 121
pin_num 2
7 38 0
18 47 0
Net_id 122
pin_num 2
14 18 0
9 33 0
Net_id 123
pin_num 2
46 52 0
51 50 0
Net_id 124
pin_num 2
30 24 0
46 34 0
Net_id 125
pin_num 2
7 24 0
17 24 0
Net_id 126
pin_num 2
6 39 0
18 13 0
Net_id 127
pin_num 2
12 6 0
5 27 0
Net_id 128
pin_num 2
26 29 0
14 37 0
Net_id 129
pin_num 2
54 7 0
57 46 0
Net_id 130
pin_num 2
18 22 0
33 57 0
Net_id 131
pin_num 2
4 33 0
8 43 0
Net_id 132
pin_num 2
22 57 0
0 51 0
Net_id 133
pin_num 2
3 12 0
3 27 0
Net_id 134
pin_num 2
57 45 0
50 19 0
Net_id 135
pin_num 2
15 49 0
17 46 0
Net_id 136
pin_num 2
37 37 0
48 29 0
Net_id 137
pin_num 2
14 22 0
16 29 0
Net_id 138
pin_num 2
16 23 0
21 27 0
Net_id 139
pin_num 2
29 45 0
13 58 0
Net_id 140
pin_num 2
28 29 0
39 41 0
Net_id 141
pin_num 2
45 22 0
27 19 0
Net_id 142
pin_num 2
7 20 0
24 17 0
Net_id 143
pin_num 2
27 13 0
13 25 0
Net_id 144
pin_num 2
19 17 0
38 20 0
Net_id 145
pin_num 2
5 20 0
1 10 0
Net_id 146
pin_num 2
46 41 0
51 27 0
Net_id 147
pin_num 2
47 5 0
53 1 0
Net_id 148
pin_num 2
40 1 0
17 11 0
Net_id 149
pin_num 2
25 37 0
27 34 0
Net_id 150
pin_num 2
2 17 0
12 22 0
Net_id 151
pin_num 2
26 44 0
41 30 0
Net_id 152
pin_num 2
2 3 0
18 17 0
Net_id 153
pin_num 2
50 55 0
58 51 0
Net_id 154
pin_num 2
20 43 0
34 33 0
Net_id 155
pin_num 2
14 38 0
7 49 0
Net_id 156
pin_num 2
53 37 0
57 37 0
Net_id 157
pin_num 2
39 55 0
7 59 0
Net_id 158
pin_num 2
24 37 0
18 12 0
