Width 60
Height 60
Layer 6
Total_WL 6872
Obstacle_num 144
41 10 0 50 11 0
2 6 0 9 7 0
45 16 0 50 17 0
26 1 0 36 2 0
45 17 0 50 18 0
5 12 0 13 13 0
48 54 0 52 55 0
15 29 0 18 30 0
28 51 0 36 52 0
40 24 0 50 25 0
46 9 0 50 10 0
2 45 0 10 46 0
6 11 0 9 12 0
54 48 0 59 49 0
14 44 0 19 45 0
26 56 0 29 57 0
14 55 0 21 56 0
6 28 0 10 29 0
18 8 0 24 9 0
29 42 0 34 43 0
19 31 0 24 32 0
35 48 0 42 49 0
47 36 0 52 37 0
37 23 0 43 24 0
23 7 1 24 12 1
49 4 1 50 10 1
3 38 1 4 46 1
34 39 1 35 42 1
1 27 1 2 31 1
43 7 1 44 13 1
1 13 1 2 22 1
8 23 1 9 31 1
57 19 1 58 22 1
12 10 1 13 15 1
40 23 1 41 32 1
54 42 1 55 47 1
46 5 1 47 10 1
51 14 1 52 20 1
18 5 1 19 10 1
42 28 1 43 35 1
53 28 1 54 34 1
40 32 1 41 37 1
10 32 1 11 38 1
48 28 1 49 36 1
19 47 1 20 53 1
13 3 1 14 9 1
36 0 1 37 3 1
54 49 1 55 58 1
51 12 2 59 13 2
30 35 2 35 36 2
34 51 2 44 52 2
7 8 2 11 9 2
2 17 2 7 18 2
28 8 2 38 9 2
32 19 2 40 20 2
33 38 2 38 39 2
15 54 2 22 55 2
10 2 2 16 3 2
37 4 2 40 5 2
21 56 2 29 57 2
5 33 2 11 34 2
44 7 2 53 8 2
47 24 2 51 25 2
52 54 2 56 55 2
28 0 2 33 1 2
45 37 2 54 38 2
11 57 2 18 58 2
33 54 2 39 55 2
7 43 2 15 44 2
4 32 2 12 33 2
0 35 2 8 36 2
16 7 2 25 8 2
30 16 3 31 20 3
0 39 3 1 47 3
55 38 3 56 42 3
11 11 3 12 14 3
21 43 3 22 52 3
41 31 3 42 37 3
58 1 3 59 8 3
38 36 3 39 43 3
5 11 3 6 21 3
38 6 3 39 12 3
12 41 3 13 49 3
58 18 3 59 27 3
13 27 3 14 30 3
40 23 3 41 32 3
40 9 3 41 14 3
6 38 3 7 44 3
21 30 3 22 33 3
37 31 3 38 38 3
6 0 3 7 10 3
57 41 3 58 45 3
27 1 3 28 6 3
11 42 3 12 50 3
3 37 3 4 44 3
58 34 3 59 39 3
26 42 4 32 43 4
46 49 4 55 50 4
41 10 4 46 11 4
40 57 4 43 58 4
45 58 4 52 59 4
1 20 4 4 21 4
1 52 4 11 53 4
28 47 4 35 48 4
51 36 4 58 37 4
15 4 4 25 5 4
9 45 4 16 46 4
47 43 4 57 44 4
9 0 4 12 1 4
10 30 4 16 31 4
11 6 4 17 7 4
29 14 4 32 15 4
55 4 4 58 5 4
37 25 4 46 26 4
44 56 4 50 57 4
42 45 4 45 46 4
53 55 4 58 56 4
55 34 4 58 35 4
41 30 4 46 31 4
17 26 4 21 27 4
14 26 5 15 36 5
21 48 5 22 57 5
15 0 5 16 8 5
21 9 5 22 13 5
24 26 5 25 33 5
4 7 5 5 13 5
42 33 5 43 39 5
39 8 5 40 13 5
35 7 5 36 12 5
52 50 5 53 55 5
45 15 5 46 24 5
32 14 5 33 21 5
43 49 5 44 58 5
24 51 5 25 54 5
12 18 5 13 28 5
52 31 5 53 35 5
7 26 5 8 32 5
12 50 5 13 58 5
55 34 5 56 39 5
26 34 5 27 38 5
31 27 5 32 37 5
41 36 5 42 44 5
34 14 5 35 18 5
50 40 5 51 43 5
Net_num 160
Net_id 0
pin_num 5
7 58 0
7 59 0
0 50 0
4 49 0
6 41 0
Net_id 1
pin_num 5
12 2 0
31 0 0
20 16 0
23 0 0
14 16 0
Net_id 2
pin_num 5
46 54 0
41 55 0
30 59 0
50 57 0
21 55 0
Net_id 3
pin_num 5
29 35 0
35 28 0
43 32 0
39 9 0
36 29 0
Net_id 4
pin_num 5
31 3 0
21 0 0
41 0 0
38 5 0
33 10 0
Net_id 5
pin_num 5
50 53 0
57 50 0
49 59 0
53 49 0
32 58 0
Net_id 6
pin_num 5
48 56 0
48 49 0
29 59 0
30 58 0
18 59 0
Net_id 7
pin_num 5
25 58 0
29 53 0
49 56 0
51 55 0
49 39 0
Net_id 8
pin_num 5
23 23 0
10 21 0
10 5 0
10 9 0
7 10 0
Net_id 9
pin_num 5
40 0 0
37 15 0
35 6 0
59 11 0
36 30 0
Net_id 10
pin_num 5
33 43 0
23 41 0
25 24 0
29 37 0
38 29 0
Net_id 11
pin_num 5
11 42 0
0 34 0
18 40 0
0 49 0
0 12 0
Net_id 12
pin_num 5
35 13 0
25 18 0
36 12 0
24 5 0
25 1 0
Net_id 13
pin_num 5
57 34 0
46 29 0
46 51 0
37 49 0
40 54 0
Net_id 14
pin_num 5
1 57 0
4 56 0
20 58 0
17 59 0
11 58 0
Net_id 15
pin_num 5
56 12 0
52 20 0
59 25 0
52 22 0
55 21 0
Net_id 16
pin_num 5
14 9 0
4 3 0
9 26 0
0 24 0
18 0 0
Net_id 17
pin_num 5
57 1 0
53 0 0
54 3 0
37 1 0
42 6 0
Net_id 18
pin_num 5
10 49 0
14 49 0
42 55 0
30 38 0
32 44 0
Net_id 19
pin_num 5
37 45 0
28 54 0
29 40 0
39 47 0
27 59 0
Net_id 20
pin_num 4
55 11 0
59 2 0
49 2 0
55 19 0
Net_id 21
pin_num 4
42 12 0
53 18 0
59 4 0
53 42 0
Net_id 22
pin_num 4
51 59 0
52 51 0
42 56 0
53 57 0
Net_id 23
pin_num 4
52 32 0
47 22 0
52 50 0
48 40 0
Net_id 24
pin_num 4
27 31 0
48 31 0
29 12 0
20 36 0
Net_id 25
pin_num 4
6 36 0
2 27 0
25 34 0
5 57 0
Net_id 26
pin_num 4
58 16 0
48 27 0
41 16 0
25 26 0
Net_id 27
pin_num 4
36 41 0
33 27 0
26 21 0
31 47 0
Net_id 28
pin_num 4
59 36 0
54 37 0
59 51 0
58 26 0
Net_id 29
pin_num 4
50 34 0
38 24 0
55 30 0
51 48 0
Net_id 30
pin_num 4
50 40 0
56 38 0
44 38 0
56 54 0
Net_id 31
pin_num 4
40 21 0
34 23 0
14 23 0
31 16 0
Net_id 32
pin_num 4
20 56 0
26 51 0
25 49 0
24 35 0
Net_id 33
pin_num 4
28 9 0
18 9 0
16 1 0
16 6 0
Net_id 34
pin_num 4
57 23 0
58 15 0
41 19 0
47 21 0
Net_id 35
pin_num 4
10 55 0
20 51 0
26 53 0
46 52 0
Net_id 36
pin_num 4
43 50 0
43 36 0
37 39 0
37 29 0
Net_id 37
pin_num 4
52 45 0
48 47 0
33 41 0
59 54 0
Net_id 38
pin_num 4
56 25 0
54 10 0
36 21 0
54 22 0
Net_id 39
pin_num 4
56 56 0
56 55 0
51 58 0
59 58 0
Net_id 40
pin_num 3
0 21 0
16 28 0
7 15 0
Net_id 41
pin_num 3
1 26 0
15 31 0
5 33 0
Net_id 42
pin_num 3
5 11 0
1 3 0
13 11 0
Net_id 43
pin_num 3
54 44 0
59 57 0
11 55 0
Net_id 44
pin_num 3
23 32 0
31 32 0
27 10 0
Net_id 45
pin_num 3
42 4 0
31 24 0
54 12 0
Net_id 46
pin_num 3
56 14 0
57 5 0
57 10 0
Net_id 47
pin_num 3
29 28 0
24 29 0
40 16 0
Net_id 48
pin_num 3
7 32 0
1 42 0
4 20 0
Net_id 49
pin_num 3
30 36 0
39 40 0
18 31 0
Net_id 50
pin_num 3
12 14 0
38 28 0
16 30 0
Net_id 51
pin_num 3
56 41 0
50 32 0
57 24 0
Net_id 52
pin_num 3
9 27 0
0 23 0
1 0 0
Net_id 53
pin_num 3
43 51 0
11 52 0
2 47 0
Net_id 54
pin_num 3
12 20 0
4 13 0
3 7 0
Net_id 55
pin_num 3
45 6 0
56 6 0
46 18 0
Net_id 56
pin_num 3
1 37 0
19 39 0
11 59 0
Net_id 57
pin_num 3
8 16 0
15 16 0
22 16 0
Net_id 58
pin_num 3
36 38 0
32 37 0
34 43 0
Net_id 59
pin_num 3
23 48 0
44 40 0
14 57 0
Net_id 60
pin_num 3
51 41 0
47 35 0
58 54 0
Net_id 61
pin_num 3
14 27 0
1 40 0
5 44 0
Net_id 62
pin_num 3
2 1 0
15 3 0
7 2 0
Net_id 63
pin_num 3
33 26 0
41 25 0
18 25 0
Net_id 64
pin_num 3
29 23 0
7 14 0
14 0 0
Net_id 65
pin_num 3
44 50 0
50 47 0
58 35 0
Net_id 66
pin_num 3
39 6 0
41 20 0
58 1 0
Net_id 67
pin_num 3
36 43 0
46 27 0
40 56 0
Net_id 68
pin_num 3
6 44 0
17 57 0
30 56 0
Net_id 69
pin_num 3
58 32 0
45 33 0
30 33 0
Net_id 70
pin_num 3
55 43 0
43 43 0
33 48 0
Net_id 71
pin_num 3
39 7 0
45 3 0
45 18 0
Net_id 72
pin_num 3
44 28 0
39 46 0
57 46 0
Net_id 73
pin_num 3
55 14 0
49 20 0
57 7 0
Net_id 74
pin_num 3
26 5 0
35 12 0
54 0 0
Net_id 75
pin_num 3
17 16 0
15 23 0
8 9 0
Net_id 76
pin_num 3
47 55 0
31 58 0
58 42 0
Net_id 77
pin_num 3
54 15 0
57 3 0
58 10 0
Net_id 78
pin_num 3
32 2 0
22 19 0
23 5 0
Net_id 79
pin_num 3
35 49 0
20 38 0
22 20 0
Net_id 80
pin_num 3
43 0 0
51 3 0
48 13 0
Net_id 81
pin_num 2
27 30 0
30 37 0
Net_id 82
pin_num 2
59 27 0
51 25 0
Net_id 83
pin_num 2
23 59 0
18 49 0
Net_id 84
pin_num 2
40 11 0
28 11 0
Net_id 85
pin_num 2
31 17 0
51 24 0
Net_id 86
pin_num 2
7 35 0
2 46 0
Net_id 87
pin_num 2
42 36 0
30 41 0
Net_id 88
pin_num 2
10 54 0
5 53 0
Net_id 89
pin_num 2
50 35 0
53 36 0
Net_id 90
pin_num 2
47 5 0
50 3 0
Net_id 91
pin_num 2
21 48 0
27 57 0
Net_id 92
pin_num 2
57 14 0
50 4 0
Net_id 93
pin_num 2
10 11 0
19 15 0
Net_id 94
pin_num 2
54 29 0
42 37 0
Net_id 95
pin_num 2
51 10 0
36 20 0
Net_id 96
pin_num 2
36 40 0
31 41 0
Net_id 97
pin_num 2
37 2 0
16 11 0
Net_id 98
pin_num 2
53 50 0
44 36 0
Net_id 99
pin_num 2
49 31 0
54 27 0
Net_id 100
pin_num 2
43 44 0
57 49 0
Net_id 101
pin_num 2
51 26 0
58 39 0
Net_id 102
pin_num 2
14 42 0
1 58 0
Net_id 103
pin_num 2
46 36 0
40 40 0
Net_id 104
pin_num 2
6 10 0
1 12 0
Net_id 105
pin_num 2
50 22 0
51 20 0
Net_id 106
pin_num 2
9 55 0
1 54 0
Net_id 107
pin_num 2
30 21 0
16 0 0
Net_id 108
pin_num 2
24 25 0
44 35 0
Net_id 109
pin_num 2
44 21 0
51 27 0
Net_id 110
pin_num 2
50 17 0
57 47 0
Net_id 111
pin_num 2
15 12 0
32 4 0
Net_id 112
pin_num 2
29 9 0
32 12 0
Net_id 113
pin_num 2
57 44 0
50 42 0
Net_id 114
pin_num 2
3 17 0
11 4 0
Net_id 115
pin_num 2
42 49 0
57 45 0
Net_id 116
pin_num 2
25 41 0
28 39 0
Net_id 117
pin_num 2
6 30 0
2 30 0
Net_id 118
pin_num 2
55 29 0
44 17 0
Net_id 119
pin_num 2
42 16 0
53 3 0
Net_id 120
pin_num 2
56 0 0
47 27 0
Net_id 121
pin_num 2
13 38 0
2 51 0
Net_id 122
pin_num 2
1 51 0
18 57 0
Net_id 123
pin_num 2
7 54 0
3 58 0
Net_id 124
pin_num 2
25 8 0
10 1 0
Net_id 125
pin_num 2
45 23 0
55 33 0
Net_id 126
pin_num 2
10 33 0
3 25 0
Net_id 127
pin_num 2
52 27 0
54 19 0
Net_id 128
pin_num 2
5 17 0
4 19 0
Net_id 129
pin_num 2
47 48 0
54 47 0
Net_id 130
pin_num 2
50 7 0
28 10 0
Net_id 131
pin_num 2
43 4 0
47 4 0
Net_id 132
pin_num 2
47 15 0
49 3 0
Net_id 133
pin_num 2
50 52 0
57 51 0
Net_id 134
pin_num 2
12 39 0
26 46 0
Net_id 135
pin_num 2
45 22 0
37 3 0
Net_id 136
pin_num 2
11 24 0
40 42 0
Net_id 137
pin_num 2
7 48 0
23 50 0
Net_id 138
pin_num 2
24 7 0
18 32 0
Net_id 139
pin_num 2
11 15 0
8 17 0
Net_id 140
pin_num 2
59 17 0
55 23 0
Net_id 141
pin_num 2
14 34 0
25 29 0
Net_id 142
pin_num 2
54 33 0
47 42 0
Net_id 143
pin_num 2
25 38 0
3 31 0
Net_id 144
pin_num 2
12 41 0
19 42 0
Net_id 145
pin_num 2
26 37 0
17 42 0
Net_id 146
pin_num 2
51 13 0
44 51 0
Net_id 147
pin_num 2
10 30 0
15 42 0
Net_id 148
pin_num 2
10 59 0
4 44 0
Net_id 149
pin_num 2
45 56 0
58 47 0
Net_id 150
pin_num 2
31 15 0
36 17 0
Net_id 151
pin_num 2
26 11 0
16 3 0
Net_id 152
pin_num 2
58 4 0
59 7 0
Net_id 153
pin_num 2
52 28 0
38 50 0
Net_id 154
pin_num 2
36 10 0
40 15 0
Net_id 155
pin_num 2
27 42 0
42 48 0
Net_id 156
pin_num 2
56 35 0
49 26 0
Net_id 157
pin_num 2
8 5 0
1 25 0
Net_id 158
pin_num 2
5 49 0
9 47 0
Net_id 159
pin_num 2
9 36 0
0 36 0
