Width 60
Height 60
Layer 6
Total_WL 6981
Obstacle_num 144
55 44 0 59 45 0
29 4 0 36 5 0
50 20 0 54 21 0
8 1 0 14 2 0
38 2 0 43 3 0
13 40 0 18 41 0
28 57 0 35 58 0
38 3 0 43 4 0
37 11 0 45 12 0
27 11 0 31 12 0
42 46 0 46 47 0
41 43 0 50 44 0
41 54 0 45 55 0
5 36 0 8 37 0
26 19 0 29 20 0
23 28 0 29 29 0
17 58 0 22 59 0
21 54 0 26 55 0
49 54 0 55 55 0
50 29 0 56 30 0
39 30 0 49 31 0
51 27 0 54 28 0
33 35 0 40 36 0
38 7 0 44 8 0
49 16 1 50 26 1
40 19 1 41 28 1
48 2 1 49 12 1
32 48 1 33 56 1
58 14 1 59 22 1
53 2 1 54 9 1
49 51 1 50 56 1
36 14 1 37 19 1
49 4 1 50 12 1
42 17 1 43 23 1
5 6 1 6 11 1
25 41 1 26 45 1
6 27 1 7 36 1
14 0 1 15 4 1
4 21 1 5 26 1
9 7 1 10 15 1
22 3 1 23 8 1
27 6 1 28 9 1
55 9 1 56 16 1
22 40 1 23 49 1
34 29 1 35 32 1
47 7 1 48 13 1
48 53 1 49 58 1
1 28 1 2 31 1
34 1 2 42 2 2
16 18 2 22 19 2
44 47 2 49 48 2
41 30 2 44 31 2
29 10 2 39 11 2
4 36 2 14 37 2
7 43 2 12 44 2
18 4 2 27 5 2
13 57 2 20 58 2
50 51 2 56 52 2
0 17 2 5 18 2
7 35 2 17 36 2
10 45 2 18 46 2
34 5 2 37 6 2
6 20 2 11 21 2
22 48 2 31 49 2
38 2 2 46 3 2
25 28 2 31 29 2
46 50 2 50 51 2
52 24 2 56 25 2
8 32 2 12 33 2
5 27 2 12 28 2
19 10 2 26 11 2
2 49 2 10 50 2
52 0 3 53 3 3
52 17 3 53 24 3
19 11 3 20 21 3
11 41 3 12 51 3
4 27 3 5 37 3
17 31 3 18 41 3
43 31 3 44 35 3
9 18 3 10 25 3
41 16 3 42 24 3
42 26 3 43 35 3
36 30 3 37 33 3
39 44 3 40 48 3
51 4 3 52 10 3
47 1 3 48 11 3
1 2 3 2 7 3
48 46 3 49 55 3
51 48 3 52 57 3
24 21 3 25 29 3
44 18 3 45 23 3
13 22 3 14 25 3
8 47 3 9 51 3
10 14 3 11 18 3
27 49 3 28 55 3
11 11 3 12 21 3
48 2 4 53 3 4
40 0 4 45 1 4
22 28 4 30 29 4
35 12 4 42 13 4
55 41 4 59 42 4
45 57 4 49 58 4
21 3 4 30 4 4
24 30 4 31 31 4
14 40 4 24 41 4
9 29 4 17 30 4
28 23 4 33 24 4
49 24 4 55 25 4
11 57 4 15 58 4
1 37 4 11 38 4
41 45 4 47 46 4
52 35 4 59 36 4
14 49 4 22 50 4
15 57 4 22 58 4
46 20 4 53 21 4
18 47 4 24 48 4
29 6 4 33 7 4
0 4 4 3 5 4
15 58 4 25 59 4
46 29 4 53 30 4
0 55 5 1 58 5
39 6 5 40 13 5
14 31 5 15 39 5
16 27 5 17 30 5
22 26 5 23 32 5
55 1 5 56 7 5
24 38 5 25 42 5
20 31 5 21 40 5
15 11 5 16 19 5
33 48 5 34 53 5
2 41 5 3 48 5
42 12 5 43 20 5
19 44 5 20 50 5
40 51 5 41 57 5
40 40 5 41 46 5
19 50 5 20 56 5
44 6 5 45 16 5
21 51 5 22 56 5
58 27 5 59 30 5
14 14 5 15 20 5
58 13 5 59 19 5
34 22 5 35 28 5
30 34 5 31 39 5
8 30 5 9 36 5
Net_num 162
Net_id 0
pin_num 5
42 1 0
39 8 0
52 1 0
39 13 0
35 13 0
Net_id 1
pin_num 5
39 48 0
49 38 0
58 38 0
35 59 0
43 29 0
Net_id 2
pin_num 5
38 43 0
33 43 0
40 59 0
27 47 0
18 43 0
Net_id 3
pin_num 5
12 35 0
24 31 0
16 12 0
20 18 0
3 21 0
Net_id 4
pin_num 5
6 26 0
15 34 0
10 39 0
14 46 0
0 29 0
Net_id 5
pin_num 5
50 19 0
40 31 0
29 22 0
59 10 0
40 15 0
Net_id 6
pin_num 5
50 59 0
41 55 0
52 59 0
59 52 0
39 57 0
Net_id 7
pin_num 5
48 8 0
52 8 0
51 9 0
50 2 0
50 30 0
Net_id 8
pin_num 5
1 47 0
9 37 0
1 32 0
13 44 0
13 29 0
Net_id 9
pin_num 5
4 56 0
6 38 0
0 36 0
24 47 0
19 42 0
Net_id 10
pin_num 5
58 47 0
50 49 0
54 30 0
56 58 0
53 58 0
Net_id 11
pin_num 5
26 40 0
19 48 0
30 46 0
21 59 0
25 27 0
Net_id 12
pin_num 5
22 23 0
29 32 0
7 32 0
12 43 0
25 13 0
Net_id 13
pin_num 5
52 25 0
56 10 0
59 7 0
46 8 0
56 5 0
Net_id 14
pin_num 5
55 0 0
44 4 0
34 0 0
43 8 0
46 0 0
Net_id 15
pin_num 5
15 31 0
9 31 0
7 50 0
23 37 0
24 45 0
Net_id 16
pin_num 5
49 16 0
33 16 0
38 26 0
53 18 0
44 40 0
Net_id 17
pin_num 5
27 41 0
23 32 0
37 39 0
42 37 0
32 45 0
Net_id 18
pin_num 5
44 2 0
42 4 0
43 4 0
54 3 0
53 14 0
Net_id 19
pin_num 5
51 31 0
42 23 0
33 23 0
29 21 0
51 23 0
Net_id 20
pin_num 5
46 7 0
51 3 0
57 5 0
57 0 0
59 1 0
Net_id 21
pin_num 4
11 54 0
17 39 0
21 50 0
19 52 0
Net_id 22
pin_num 4
54 55 0
52 40 0
59 34 0
59 33 0
Net_id 23
pin_num 4
7 39 0
5 35 0
1 58 0
5 46 0
Net_id 24
pin_num 4
45 6 0
35 7 0
44 5 0
29 2 0
Net_id 25
pin_num 4
58 4 0
50 0 0
49 3 0
58 7 0
Net_id 26
pin_num 4
39 26 0
53 26 0
43 22 0
46 11 0
Net_id 27
pin_num 4
33 12 0
31 15 0
34 9 0
49 9 0
Net_id 28
pin_num 4
35 31 0
31 48 0
41 47 0
14 36 0
Net_id 29
pin_num 4
30 59 0
33 51 0
42 47 0
47 51 0
Net_id 30
pin_num 4
10 25 0
3 25 0
6 12 0
9 16 0
Net_id 31
pin_num 4
37 15 0
49 14 0
45 4 0
48 37 0
Net_id 32
pin_num 4
8 44 0
3 48 0
8 59 0
0 51 0
Net_id 33
pin_num 4
3 0 0
2 8 0
12 8 0
0 0 0
Net_id 34
pin_num 4
22 33 0
18 26 0
18 34 0
54 26 0
Net_id 35
pin_num 4
6 54 0
1 57 0
25 57 0
18 56 0
Net_id 36
pin_num 4
45 28 0
36 21 0
19 24 0
33 40 0
Net_id 37
pin_num 4
57 7 0
45 0 0
54 27 0
52 32 0
Net_id 38
pin_num 4
32 54 0
44 44 0
20 51 0
31 58 0
Net_id 39
pin_num 4
5 55 0
0 50 0
20 56 0
5 53 0
Net_id 40
pin_num 4
9 22 0
19 22 0
17 1 0
36 20 0
Net_id 41
pin_num 4
39 22 0
43 25 0
41 46 0
42 36 0
Net_id 42
pin_num 3
39 28 0
38 32 0
29 45 0
Net_id 43
pin_num 3
11 36 0
7 17 0
2 28 0
Net_id 44
pin_num 3
40 8 0
49 27 0
54 22 0
Net_id 45
pin_num 3
23 34 0
26 29 0
28 31 0
Net_id 46
pin_num 3
8 35 0
6 37 0
14 33 0
Net_id 47
pin_num 3
34 25 0
45 17 0
56 29 0
Net_id 48
pin_num 3
2 44 0
9 53 0
13 55 0
Net_id 49
pin_num 3
19 25 0
11 25 0
5 42 0
Net_id 50
pin_num 3
30 10 0
23 19 0
58 10 0
Net_id 51
pin_num 3
6 34 0
18 46 0
38 44 0
Net_id 52
pin_num 3
21 2 0
31 25 0
38 1 0
Net_id 53
pin_num 3
19 29 0
18 33 0
19 0 0
Net_id 54
pin_num 3
30 17 0
27 29 0
29 3 0
Net_id 55
pin_num 3
17 17 0
34 7 0
10 0 0
Net_id 56
pin_num 3
59 6 0
40 1 0
58 11 0
Net_id 57
pin_num 3
23 15 0
7 22 0
37 19 0
Net_id 58
pin_num 3
46 28 0
56 4 0
42 50 0
Net_id 59
pin_num 3
35 17 0
44 15 0
26 17 0
Net_id 60
pin_num 3
20 7 0
31 6 0
39 19 0
Net_id 61
pin_num 3
36 19 0
25 16 0
33 48 0
Net_id 62
pin_num 3
58 24 0
32 25 0
46 37 0
Net_id 63
pin_num 3
16 16 0
0 6 0
3 16 0
Net_id 64
pin_num 3
32 0 0
25 11 0
19 7 0
Net_id 65
pin_num 3
44 42 0
57 45 0
57 51 0
Net_id 66
pin_num 3
0 39 0
2 37 0
19 38 0
Net_id 67
pin_num 3
55 56 0
58 55 0
43 58 0
Net_id 68
pin_num 3
28 54 0
23 59 0
26 33 0
Net_id 69
pin_num 3
15 32 0
26 23 0
21 25 0
Net_id 70
pin_num 3
1 59 0
11 56 0
2 49 0
Net_id 71
pin_num 3
3 47 0
21 29 0
19 23 0
Net_id 72
pin_num 3
47 52 0
36 42 0
36 36 0
Net_id 73
pin_num 3
52 58 0
46 59 0
58 39 0
Net_id 74
pin_num 3
34 23 0
44 21 0
47 20 0
Net_id 75
pin_num 3
50 18 0
41 18 0
35 6 0
Net_id 76
pin_num 3
47 48 0
35 55 0
35 21 0
Net_id 77
pin_num 3
30 53 0
21 53 0
28 42 0
Net_id 78
pin_num 3
51 43 0
57 28 0
30 31 0
Net_id 79
pin_num 3
0 25 0
6 11 0
1 11 0
Net_id 80
pin_num 3
35 2 0
42 10 0
47 15 0
Net_id 81
pin_num 3
30 3 0
46 35 0
43 0 0
Net_id 82
pin_num 3
54 59 0
54 48 0
39 58 0
Net_id 83
pin_num 2
2 11 0
7 13 0
Net_id 84
pin_num 2
9 56 0
9 58 0
Net_id 85
pin_num 2
43 32 0
51 25 0
Net_id 86
pin_num 2
30 9 0
50 33 0
Net_id 87
pin_num 2
15 53 0
15 43 0
Net_id 88
pin_num 2
38 55 0
29 34 0
Net_id 89
pin_num 2
15 12 0
7 7 0
Net_id 90
pin_num 2
4 27 0
0 5 0
Net_id 91
pin_num 2
12 59 0
7 54 0
Net_id 92
pin_num 2
3 33 0
15 41 0
Net_id 93
pin_num 2
23 48 0
33 46 0
Net_id 94
pin_num 2
12 26 0
2 31 0
Net_id 95
pin_num 2
58 28 0
55 38 0
Net_id 96
pin_num 2
4 0 0
24 18 0
Net_id 97
pin_num 2
29 16 0
28 0 0
Net_id 98
pin_num 2
10 33 0
18 31 0
Net_id 99
pin_num 2
40 49 0
43 49 0
Net_id 100
pin_num 2
52 36 0
30 49 0
Net_id 101
pin_num 2
23 3 0
9 3 0
Net_id 102
pin_num 2
6 27 0
22 21 0
Net_id 103
pin_num 2
34 34 0
49 30 0
Net_id 104
pin_num 2
56 11 0
56 15 0
Net_id 105
pin_num 2
23 30 0
19 30 0
Net_id 106
pin_num 2
9 28 0
4 31 0
Net_id 107
pin_num 2
21 39 0
34 21 0
Net_id 108
pin_num 2
3 37 0
5 41 0
Net_id 109
pin_num 2
50 25 0
41 19 0
Net_id 110
pin_num 2
33 22 0
48 42 0
Net_id 111
pin_num 2
7 46 0
16 41 0
Net_id 112
pin_num 2
8 5 0
12 23 0
Net_id 113
pin_num 2
48 49 0
42 59 0
Net_id 114
pin_num 2
23 50 0
44 51 0
Net_id 115
pin_num 2
15 21 0
28 59 0
Net_id 116
pin_num 2
6 32 0
5 26 0
Net_id 117
pin_num 2
9 21 0
2 7 0
Net_id 118
pin_num 2
41 37 0
30 25 0
Net_id 119
pin_num 2
34 46 0
31 55 0
Net_id 120
pin_num 2
14 1 0
16 7 0
Net_id 121
pin_num 2
17 15 0
20 13 0
Net_id 122
pin_num 2
1 53 0
10 58 0
Net_id 123
pin_num 2
15 19 0
11 19 0
Net_id 124
pin_num 2
42 40 0
34 36 0
Net_id 125
pin_num 2
10 2 0
5 4 0
Net_id 126
pin_num 2
4 24 0
4 50 0
Net_id 127
pin_num 2
48 10 0
22 8 0
Net_id 128
pin_num 2
38 45 0
31 59 0
Net_id 129
pin_num 2
13 23 0
18 38 0
Net_id 130
pin_num 2
31 40 0
16 43 0
Net_id 131
pin_num 2
47 34 0
51 37 0
Net_id 132
pin_num 2
32 26 0
29 27 0
Net_id 133
pin_num 2
57 23 0
36 3 0
Net_id 134
pin_num 2
11 49 0
2 30 0
Net_id 135
pin_num 2
15 27 0
37 38 0
Net_id 136
pin_num 2
47 46 0
51 22 0
Net_id 137
pin_num 2
34 30 0
29 28 0
Net_id 138
pin_num 2
55 43 0
56 30 0
Net_id 139
pin_num 2
21 13 0
58 27 0
Net_id 140
pin_num 2
59 15 0
53 36 0
Net_id 141
pin_num 2
47 4 0
53 2 0
Net_id 142
pin_num 2
51 53 0
46 54 0
Net_id 143
pin_num 2
32 10 0
28 25 0
Net_id 144
pin_num 2
46 14 0
57 11 0
Net_id 145
pin_num 2
8 30 0
20 42 0
Net_id 146
pin_num 2
4 41 0
9 50 0
Net_id 147
pin_num 2
21 46 0
18 48 0
Net_id 148
pin_num 2
21 21 0
11 39 0
Net_id 149
pin_num 2
14 4 0
37 20 0
Net_id 150
pin_num 2
9 44 0
35 57 0
Net_id 151
pin_num 2
45 57 0
48 41 0
Net_id 152
pin_num 2
37 37 0
13 46 0
Net_id 153
pin_num 2
29 19 0
12 15 0
Net_id 154
pin_num 2
28 2 0
20 11 0
Net_id 155
pin_num 2
2 13 0
0 17 0
Net_id 156
pin_num 2
4 20 0
16 11 0
Net_id 157
pin_num 2
23 42 0
34 45 0
Net_id 158
pin_num 2
2 34 0
10 48 0
Net_id 159
pin_num 2
58 31 0
40 38 0
Net_id 160
pin_num 2
17 20 0
25 1 0
Net_id 161
pin_num 2
47 3 0
44 7 0
