Width 60
Height 60
Layer 6
Total_WL 6900
Obstacle_num 144
50 5 0 57 6 0
39 36 0 42 37 0
43 54 0 47 55 0
24 37 0 34 38 0
1 3 0 7 4 0
39 58 0 49 59 0
26 21 0 33 22 0
45 13 0 51 14 0
41 41 0 46 42 0
0 6 0 5 7 0
32 12 0 36 13 0
38 4 0 42 5 0
42 14 0 48 15 0
22 9 0 30 10 0
6 31 0 15 32 0
10 18 0 18 19 0
45 19 0 48 20 0
12 12 0 19 13 0
33 15 0 42 16 0
42 55 0 52 56 0
17 17 0 24 18 0
31 3 0 39 4 0
36 35 0 42 36 0
27 44 0 31 45 0
28 11 1 29 20 1
21 30 1 22 35 1
29 22 1 30 28 1
45 54 1 46 57 1
28 35 1 29 45 1
8 38 1 9 44 1
38 4 1 39 13 1
44 33 1 45 40 1
10 28 1 11 33 1
17 10 1 18 15 1
52 50 1 53 56 1
2 18 1 3 26 1
36 14 1 37 18 1
57 34 1 58 40 1
57 4 1 58 10 1
39 10 1 40 13 1
49 21 1 50 28 1
31 31 1 32 37 1
31 8 1 32 12 1
15 0 1 16 9 1
20 35 1 21 39 1
3 38 1 4 47 1
42 27 1 43 34 1
38 48 1 39 51 1
12 49 2 21 50 2
3 3 2 12 4 2
44 46 2 54 47 2
44 35 2 48 36 2
48 19 2 51 20 2
3 33 2 12 34 2
25 55 2 31 56 2
36 10 2 41 11 2
24 9 2 30 10 2
2 44 2 10 45 2
39 47 2 48 48 2
2 45 2 11 46 2
13 45 2 17 46 2
43 28 2 51 29 2
12 3 2 19 4 2
37 54 2 45 55 2
5 4 2 14 5 2
15 51 2 19 52 2
51 23 2 54 24 2
13 9 2 17 10 2
2 32 2 6 33 2
47 20 2 57 21 2
17 55 2 24 56 2
34 26 2 42 27 2
24 40 3 25 50 3
54 50 3 55 58 3
48 9 3 49 14 3
14 34 3 15 37 3
32 40 3 33 47 3
27 44 3 28 47 3
55 2 3 56 6 3
20 31 3 21 39 3
23 47 3 24 50 3
24 19 3 25 27 3
54 26 3 55 29 3
46 22 3 47 28 3
32 26 3 33 36 3
5 18 3 6 28 3
36 18 3 37 28 3
55 39 3 56 46 3
44 53 3 45 59 3
43 9 3 44 15 3
58 36 3 59 46 3
23 37 3 24 41 3
5 35 3 6 43 3
27 52 3 28 59 3
13 11 3 14 19 3
4 35 3 5 39 3
11 0 4 19 1 4
20 40 4 23 41 4
42 1 4 47 2 4
9 53 4 17 54 4
50 16 4 54 17 4
39 29 4 46 30 4
45 46 4 48 47 4
48 40 4 53 41 4
44 54 4 52 55 4
17 43 4 20 44 4
54 24 4 58 25 4
28 28 4 36 29 4
43 4 4 48 5 4
36 25 4 40 26 4
53 13 4 57 14 4
24 56 4 28 57 4
32 36 4 36 37 4
53 51 4 57 52 4
23 49 4 33 50 4
40 22 4 49 23 4
44 13 4 51 14 4
20 15 4 25 16 4
2 26 4 10 27 4
52 5 4 56 6 4
18 6 5 19 16 5
46 30 5 47 40 5
25 30 5 26 35 5
3 11 5 4 16 5
17 28 5 18 37 5
52 14 5 53 21 5
36 31 5 37 40 5
28 45 5 29 51 5
33 25 5 34 35 5
30 9 5 31 16 5
42 15 5 43 25 5
8 14 5 9 21 5
54 51 5 55 56 5
10 23 5 11 29 5
56 46 5 57 49 5
16 14 5 17 17 5
27 12 5 28 15 5
25 37 5 26 41 5
4 47 5 5 50 5
14 15 5 15 23 5
35 42 5 36 45 5
35 50 5 36 59 5
17 18 5 18 25 5
28 34 5 29 38 5
Net_num 164
Net_id 0
pin_num 5
54 39 0
59 37 0
43 37 0
50 38 0
51 32 0
Net_id 1
pin_num 5
39 42 0
23 42 0
26 38 0
36 37 0
30 27 0
Net_id 2
pin_num 5
4 29 0
0 35 0
12 26 0
0 40 0
31 26 0
Net_id 3
pin_num 5
38 20 0
37 6 0
24 6 0
34 9 0
36 0 0
Net_id 4
pin_num 5
53 16 0
58 24 0
52 25 0
59 13 0
53 48 0
Net_id 5
pin_num 5
45 27 0
57 26 0
59 12 0
48 18 0
46 34 0
Net_id 6
pin_num 5
53 15 0
39 17 0
40 0 0
43 21 0
16 17 0
Net_id 7
pin_num 5
55 32 0
49 29 0
54 40 0
49 39 0
54 53 0
Net_id 8
pin_num 5
21 56 0
12 58 0
36 57 0
48 59 0
29 59 0
Net_id 9
pin_num 5
59 1 0
48 2 0
53 3 0
49 7 0
56 0 0
Net_id 10
pin_num 5
23 34 0
8 34 0
18 15 0
14 46 0
16 50 0
Net_id 11
pin_num 5
29 15 0
19 23 0
19 2 0
37 8 0
9 5 0
Net_id 12
pin_num 5
16 35 0
3 35 0
35 36 0
3 14 0
42 35 0
Net_id 13
pin_num 5
10 56 0
15 50 0
37 57 0
8 52 0
12 38 0
Net_id 14
pin_num 5
23 22 0
8 32 0
20 31 0
8 22 0
24 24 0
Net_id 15
pin_num 5
38 12 0
42 12 0
22 7 0
29 7 0
17 10 0
Net_id 16
pin_num 5
37 2 0
42 19 0
51 17 0
40 33 0
57 12 0
Net_id 17
pin_num 5
23 52 0
33 50 0
19 53 0
16 33 0
21 38 0
Net_id 18
pin_num 5
28 22 0
13 27 0
39 25 0
24 48 0
41 28 0
Net_id 19
pin_num 5
5 23 0
0 21 0
1 5 0
11 20 0
8 18 0
Net_id 20
pin_num 5
59 34 0
48 43 0
2 35 0
6 50 0
32 58 0
Net_id 21
pin_num 4
16 51 0
7 42 0
25 45 0
0 27 0
Net_id 22
pin_num 4
23 6 0
9 6 0
5 10 0
20 14 0
Net_id 23
pin_num 4
46 33 0
41 27 0
17 31 0
23 39 0
Net_id 24
pin_num 4
12 42 0
22 49 0
11 58 0
20 53 0
Net_id 25
pin_num 4
59 19 0
54 15 0
51 2 0
53 21 0
Net_id 26
pin_num 4
29 33 0
17 36 0
39 8 0
37 4 0
Net_id 27
pin_num 4
44 10 0
41 19 0
52 17 0
46 1 0
Net_id 28
pin_num 4
56 13 0
46 8 0
51 4 0
55 22 0
Net_id 29
pin_num 4
50 49 0
37 49 0
24 49 0
37 56 0
Net_id 30
pin_num 4
2 59 0
4 54 0
26 57 0
6 59 0
Net_id 31
pin_num 4
45 34 0
40 43 0
48 22 0
59 35 0
Net_id 32
pin_num 4
45 22 0
54 2 0
42 11 0
59 7 0
Net_id 33
pin_num 4
5 58 0
0 53 0
1 59 0
12 53 0
Net_id 34
pin_num 4
44 46 0
50 39 0
55 47 0
53 31 0
Net_id 35
pin_num 4
38 48 0
34 44 0
52 43 0
38 30 0
Net_id 36
pin_num 4
44 24 0
52 28 0
48 21 0
45 11 0
Net_id 37
pin_num 4
23 21 0
35 17 0
7 21 0
26 32 0
Net_id 38
pin_num 4
2 55 0
0 43 0
11 47 0
1 32 0
Net_id 39
pin_num 4
7 19 0
8 17 0
5 1 0
0 10 0
Net_id 40
pin_num 4
7 13 0
12 24 0
2 11 0
0 0 0
Net_id 41
pin_num 3
43 6 0
59 3 0
59 8 0
Net_id 42
pin_num 3
48 36 0
57 40 0
57 49 0
Net_id 43
pin_num 3
17 50 0
25 50 0
15 36 0
Net_id 44
pin_num 3
21 18 0
12 22 0
14 33 0
Net_id 45
pin_num 3
13 45 0
12 33 0
29 41 0
Net_id 46
pin_num 3
35 27 0
47 32 0
45 46 0
Net_id 47
pin_num 3
11 8 0
1 2 0
13 2 0
Net_id 48
pin_num 3
29 3 0
32 11 0
58 5 0
Net_id 49
pin_num 3
21 0 0
29 12 0
47 23 0
Net_id 50
pin_num 3
45 30 0
51 19 0
58 18 0
Net_id 51
pin_num 3
23 20 0
12 20 0
31 15 0
Net_id 52
pin_num 3
39 33 0
32 36 0
32 27 0
Net_id 53
pin_num 3
57 58 0
54 58 0
48 32 0
Net_id 54
pin_num 3
30 29 0
23 29 0
39 29 0
Net_id 55
pin_num 3
50 29 0
56 31 0
59 40 0
Net_id 56
pin_num 3
36 22 0
33 30 0
21 9 0
Net_id 57
pin_num 3
48 45 0
42 45 0
50 41 0
Net_id 58
pin_num 3
43 47 0
30 51 0
35 59 0
Net_id 59
pin_num 3
11 50 0
6 29 0
8 0 0
Net_id 60
pin_num 3
32 1 0
43 8 0
38 45 0
Net_id 61
pin_num 3
32 39 0
45 50 0
41 59 0
Net_id 62
pin_num 3
49 19 0
39 20 0
56 49 0
Net_id 63
pin_num 3
37 28 0
34 18 0
21 29 0
Net_id 64
pin_num 3
16 10 0
2 16 0
9 9 0
Net_id 65
pin_num 3
31 39 0
27 24 0
27 1 0
Net_id 66
pin_num 3
37 21 0
29 16 0
37 36 0
Net_id 67
pin_num 3
37 51 0
50 57 0
47 57 0
Net_id 68
pin_num 3
59 2 0
42 9 0
54 3 0
Net_id 69
pin_num 3
15 54 0
23 56 0
21 37 0
Net_id 70
pin_num 3
46 0 0
56 10 0
35 16 0
Net_id 71
pin_num 3
2 45 0
20 39 0
6 39 0
Net_id 72
pin_num 3
42 52 0
46 47 0
56 36 0
Net_id 73
pin_num 3
11 1 0
1 1 0
7 12 0
Net_id 74
pin_num 3
29 10 0
34 23 0
35 30 0
Net_id 75
pin_num 3
54 42 0
57 50 0
49 56 0
Net_id 76
pin_num 3
59 49 0
50 58 0
46 50 0
Net_id 77
pin_num 3
37 38 0
30 38 0
31 57 0
Net_id 78
pin_num 3
21 2 0
39 9 0
20 0 0
Net_id 79
pin_num 3
23 14 0
38 22 0
28 54 0
Net_id 80
pin_num 3
41 0 0
51 11 0
6 2 0
Net_id 81
pin_num 3
20 32 0
8 29 0
19 43 0
Net_id 82
pin_num 2
32 48 0
25 47 0
Net_id 83
pin_num 2
10 25 0
6 25 0
Net_id 84
pin_num 2
14 54 0
4 51 0
Net_id 85
pin_num 2
33 4 0
28 4 0
Net_id 86
pin_num 2
35 50 0
42 39 0
Net_id 87
pin_num 2
7 40 0
7 22 0
Net_id 88
pin_num 2
12 30 0
8 12 0
Net_id 89
pin_num 2
23 53 0
5 59 0
Net_id 90
pin_num 2
51 23 0
58 13 0
Net_id 91
pin_num 2
12 49 0
18 58 0
Net_id 92
pin_num 2
23 16 0
40 1 0
Net_id 93
pin_num 2
51 58 0
47 43 0
Net_id 94
pin_num 2
40 14 0
33 19 0
Net_id 95
pin_num 2
5 32 0
0 41 0
Net_id 96
pin_num 2
42 25 0
37 34 0
Net_id 97
pin_num 2
49 31 0
57 31 0
Net_id 98
pin_num 2
51 42 0
57 29 0
Net_id 99
pin_num 2
10 19 0
2 7 0
Net_id 100
pin_num 2
37 55 0
53 59 0
Net_id 101
pin_num 2
49 20 0
56 40 0
Net_id 102
pin_num 2
59 36 0
43 44 0
Net_id 103
pin_num 2
50 40 0
46 40 0
Net_id 104
pin_num 2
58 31 0
56 21 0
Net_id 105
pin_num 2
13 4 0
18 4 0
Net_id 106
pin_num 2
44 23 0
30 43 0
Net_id 107
pin_num 2
11 46 0
4 59 0
Net_id 108
pin_num 2
14 55 0
9 56 0
Net_id 109
pin_num 2
13 28 0
13 48 0
Net_id 110
pin_num 2
46 16 0
52 2 0
Net_id 111
pin_num 2
21 4 0
10 7 0
Net_id 112
pin_num 2
3 39 0
23 58 0
Net_id 113
pin_num 2
12 28 0
1 52 0
Net_id 114
pin_num 2
2 33 0
24 52 0
Net_id 115
pin_num 2
12 25 0
8 26 0
Net_id 116
pin_num 2
36 41 0
38 44 0
Net_id 117
pin_num 2
40 21 0
38 19 0
Net_id 118
pin_num 2
16 47 0
35 34 0
Net_id 119
pin_num 2
48 57 0
35 48 0
Net_id 120
pin_num 2
43 13 0
30 9 0
Net_id 121
pin_num 2
42 44 0
39 50 0
Net_id 122
pin_num 2
2 10 0
12 15 0
Net_id 123
pin_num 2
34 16 0
30 22 0
Net_id 124
pin_num 2
28 14 0
24 18 0
Net_id 125
pin_num 2
24 25 0
1 24 0
Net_id 126
pin_num 2
23 46 0
18 49 0
Net_id 127
pin_num 2
23 54 0
27 54 0
Net_id 128
pin_num 2
46 18 0
26 34 0
Net_id 129
pin_num 2
14 16 0
5 34 0
Net_id 130
pin_num 2
24 19 0
28 19 0
Net_id 131
pin_num 2
11 38 0
2 44 0
Net_id 132
pin_num 2
29 52 0
20 54 0
Net_id 133
pin_num 2
2 27 0
23 30 0
Net_id 134
pin_num 2
37 30 0
45 23 0
Net_id 135
pin_num 2
52 22 0
58 4 0
Net_id 136
pin_num 2
22 41 0
34 46 0
Net_id 137
pin_num 2
54 44 0
38 58 0
Net_id 138
pin_num 2
41 10 0
31 24 0
Net_id 139
pin_num 2
4 11 0
12 9 0
Net_id 140
pin_num 2
19 58 0
20 55 0
Net_id 141
pin_num 2
1 50 0
0 42 0
Net_id 142
pin_num 2
40 57 0
31 52 0
Net_id 143
pin_num 2
10 58 0
1 45 0
Net_id 144
pin_num 2
30 1 0
40 11 0
Net_id 145
pin_num 2
10 41 0
4 42 0
Net_id 146
pin_num 2
20 47 0
37 58 0
Net_id 147
pin_num 2
22 13 0
9 29 0
Net_id 148
pin_num 2
21 16 0
8 5 0
Net_id 149
pin_num 2
23 51 0
15 52 0
Net_id 150
pin_num 2
50 53 0
58 46 0
Net_id 151
pin_num 2
33 28 0
17 43 0
Net_id 152
pin_num 2
18 23 0
15 17 0
Net_id 153
pin_num 2
16 45 0
1 26 0
Net_id 154
pin_num 2
58 8 0
52 8 0
Net_id 155
pin_num 2
34 7 0
39 5 0
Net_id 156
pin_num 2
42 56 0
52 49 0
Net_id 157
pin_num 2
38 38 0
51 49 0
Net_id 158
pin_num 2
9 24 0
11 19 0
Net_id 159
pin_num 2
18 7 0
29 13 0
Net_id 160
pin_num 2
40 3 0
54 14 0
Net_id 161
pin_num 2
24 26 0
11 11 0
Net_id 162
pin_num 2
1 36 0
5 48 0
Net_id 163
pin_num 2
44 57 0
35 58 0
