Width 60
Height 60
Layer 6
Total_WL 6823
Obstacle_num 144
45 15 0 54 16 0
6 22 0 15 23 0
29 14 0 32 15 0
35 21 0 40 22 0
40 35 0 49 36 0
17 6 0 24 7 0
44 18 0 47 19 0
5 9 0 15 10 0
35 14 0 42 15 0
16 32 0 21 33 0
51 42 0 58 43 0
46 36 0 56 37 0
4 41 0 7 42 0
50 11 0 59 12 0
20 34 0 27 35 0
37 34 0 46 35 0
19 7 0 28 8 0
49 1 0 55 2 0
2 43 0 9 44 0
49 9 0 52 10 0
7 19 0 10 20 0
27 24 0 35 25 0
56 8 0 59 9 0
8 15 0 14 16 0
12 42 1 13 50 1
55 35 1 56 44 1
11 48 1 12 56 1
27 43 1 28 51 1
43 12 1 44 15 1
0 11 1 1 19 1
14 48 1 15 56 1
47 43 1 48 53 1
36 52 1 37 55 1
39 11 1 40 15 1
25 51 1 26 59 1
50 40 1 51 47 1
30 13 1 31 18 1
41 13 1 42 21 1
55 23 1 56 31 1
8 10 1 9 19 1
10 2 1 11 9 1
8 39 1 9 49 1
31 5 1 32 14 1
40 36 1 41 39 1
11 6 1 12 10 1
24 44 1 25 50 1
10 43 1 11 47 1
52 44 1 53 50 1
44 44 2 51 45 2
40 8 2 48 9 2
13 31 2 20 32 2
31 24 2 40 25 2
39 33 2 44 34 2
27 29 2 32 30 2
50 4 2 58 5 2
7 27 2 13 28 2
6 11 2 10 12 2
20 41 2 30 42 2
0 19 2 10 20 2
9 23 2 19 24 2
14 29 2 24 30 2
42 0 2 52 1 2
18 50 2 28 51 2
45 51 2 53 52 2
25 16 2 32 17 2
38 53 2 47 54 2
29 14 2 38 15 2
9 58 2 18 59 2
7 21 2 17 22 2
20 17 2 30 18 2
40 48 2 50 49 2
45 17 2 51 18 2
9 52 3 10 55 3
3 51 3 4 55 3
43 19 3 44 27 3
21 19 3 22 29 3
38 34 3 39 37 3
20 26 3 21 33 3
31 32 3 32 42 3
25 2 3 26 6 3
37 15 3 38 22 3
39 14 3 40 24 3
42 43 3 43 52 3
56 35 3 57 41 3
1 9 3 2 18 3
38 25 3 39 34 3
40 33 3 41 41 3
9 15 3 10 23 3
52 45 3 53 50 3
39 7 3 40 10 3
4 2 3 5 12 3
7 39 3 8 47 3
36 52 3 37 57 3
20 12 3 21 19 3
13 34 3 14 44 3
0 32 3 1 40 3
42 6 4 49 7 4
35 7 4 42 8 4
32 53 4 38 54 4
31 30 4 40 31 4
3 22 4 10 23 4
16 24 4 25 25 4
33 27 4 43 28 4
22 20 4 25 21 4
37 24 4 41 25 4
41 26 4 47 27 4
5 5 4 12 6 4
32 39 4 36 40 4
26 13 4 36 14 4
42 9 4 50 10 4
43 49 4 51 50 4
52 5 4 56 6 4
1 16 4 6 17 4
43 37 4 52 38 4
22 23 4 31 24 4
16 51 4 23 52 4
20 55 4 26 56 4
14 20 4 20 21 4
37 48 4 45 49 4
18 50 4 26 51 4
22 2 5 23 8 5
8 43 5 9 53 5
55 36 5 56 40 5
0 33 5 1 40 5
19 2 5 20 10 5
15 40 5 16 43 5
11 28 5 12 32 5
12 49 5 13 54 5
43 27 5 44 37 5
56 0 5 57 7 5
13 46 5 14 53 5
45 8 5 46 14 5
3 19 5 4 25 5
22 41 5 23 50 5
33 47 5 34 56 5
49 29 5 50 32 5
6 10 5 7 14 5
28 0 5 29 4 5
6 32 5 7 36 5
41 47 5 42 54 5
52 4 5 53 11 5
51 33 5 52 39 5
43 39 5 44 42 5
7 21 5 8 26 5
Net_num 160
Net_id 0
pin_num 5
41 0 0
27 6 0
33 15 0
44 1 0
28 1 0
Net_id 1
pin_num 5
47 33 0
46 41 0
56 37 0
42 40 0
59 44 0
Net_id 2
pin_num 5
44 2 0
57 2 0
45 19 0
42 14 0
55 7 0
Net_id 3
pin_num 5
28 38 0
36 29 0
45 37 0
13 29 0
35 26 0
Net_id 4
pin_num 5
21 33 0
31 42 0
41 42 0
18 43 0
34 50 0
Net_id 5
pin_num 5
37 22 0
31 25 0
41 23 0
38 12 0
34 5 0
Net_id 6
pin_num 5
50 21 0
42 19 0
48 17 0
37 20 0
32 20 0
Net_id 7
pin_num 5
53 3 0
57 6 0
26 1 0
29 9 0
24 0 0
Net_id 8
pin_num 5
10 45 0
2 50 0
15 50 0
2 26 0
7 46 0
Net_id 9
pin_num 5
8 16 0
21 5 0
35 12 0
18 29 0
3 7 0
Net_id 10
pin_num 5
56 0 0
49 14 0
59 4 0
36 15 0
59 13 0
Net_id 11
pin_num 5
39 20 0
43 20 0
40 30 0
45 24 0
44 11 0
Net_id 12
pin_num 5
42 57 0
56 57 0
59 58 0
46 43 0
55 45 0
Net_id 13
pin_num 5
52 6 0
59 1 0
46 3 0
48 9 0
56 12 0
Net_id 14
pin_num 5
58 48 0
53 48 0
58 28 0
59 24 0
59 32 0
Net_id 15
pin_num 5
44 7 0
58 4 0
26 2 0
52 19 0
51 12 0
Net_id 16
pin_num 5
13 39 0
17 36 0
23 39 0
15 31 0
17 31 0
Net_id 17
pin_num 5
5 3 0
2 14 0
12 8 0
0 28 0
17 0 0
Net_id 18
pin_num 5
39 48 0
39 56 0
28 47 0
57 56 0
25 59 0
Net_id 19
pin_num 5
0 56 0
14 56 0
12 51 0
11 59 0
10 51 0
Net_id 20
pin_num 5
26 9 0
19 8 0
8 0 0
25 13 0
19 30 0
Net_id 21
pin_num 4
6 34 0
9 44 0
0 44 0
14 45 0
Net_id 22
pin_num 4
17 30 0
9 35 0
15 21 0
18 42 0
Net_id 23
pin_num 4
15 28 0
8 28 0
1 22 0
0 5 0
Net_id 24
pin_num 4
3 59 0
9 47 0
25 47 0
0 52 0
Net_id 25
pin_num 4
50 0 0
54 6 0
40 6 0
57 5 0
Net_id 26
pin_num 4
17 54 0
35 54 0
22 36 0
4 52 0
Net_id 27
pin_num 4
31 15 0
26 15 0
29 3 0
46 4 0
Net_id 28
pin_num 4
4 42 0
3 37 0
12 38 0
5 57 0
Net_id 29
pin_num 4
18 57 0
23 45 0
7 59 0
0 47 0
Net_id 30
pin_num 4
48 0 0
53 16 0
18 12 0
59 6 0
Net_id 31
pin_num 4
19 26 0
26 29 0
34 30 0
25 25 0
Net_id 32
pin_num 4
36 40 0
44 47 0
38 50 0
53 49 0
Net_id 33
pin_num 4
36 38 0
45 50 0
48 45 0
37 45 0
Net_id 34
pin_num 4
32 12 0
27 17 0
48 10 0
21 11 0
Net_id 35
pin_num 4
18 26 0
8 20 0
18 20 0
14 37 0
Net_id 36
pin_num 4
32 14 0
32 9 0
40 11 0
35 25 0
Net_id 37
pin_num 4
16 5 0
35 6 0
25 3 0
16 6 0
Net_id 38
pin_num 4
42 59 0
35 52 0
54 45 0
43 52 0
Net_id 39
pin_num 4
24 6 0
35 9 0
31 17 0
41 21 0
Net_id 40
pin_num 4
29 54 0
21 45 0
15 41 0
34 59 0
Net_id 41
pin_num 4
21 30 0
13 19 0
10 31 0
34 25 0
Net_id 42
pin_num 4
36 41 0
29 38 0
35 31 0
20 33 0
Net_id 43
pin_num 3
54 37 0
37 41 0
47 22 0
Net_id 44
pin_num 3
31 53 0
31 45 0
33 49 0
Net_id 45
pin_num 3
37 17 0
30 19 0
43 28 0
Net_id 46
pin_num 3
30 23 0
23 13 0
17 13 0
Net_id 47
pin_num 3
3 53 0
1 55 0
20 56 0
Net_id 48
pin_num 3
24 42 0
6 21 0
23 22 0
Net_id 49
pin_num 3
50 32 0
31 27 0
51 27 0
Net_id 50
pin_num 3
7 29 0
24 25 0
9 36 0
Net_id 51
pin_num 3
38 9 0
24 16 0
45 23 0
Net_id 52
pin_num 3
24 39 0
26 46 0
26 52 0
Net_id 53
pin_num 3
13 59 0
12 54 0
32 52 0
Net_id 54
pin_num 3
52 29 0
57 9 0
46 5 0
Net_id 55
pin_num 3
5 30 0
23 21 0
6 59 0
Net_id 56
pin_num 3
37 57 0
42 52 0
54 47 0
Net_id 57
pin_num 3
10 32 0
22 32 0
11 14 0
Net_id 58
pin_num 3
56 40 0
49 58 0
52 58 0
Net_id 59
pin_num 3
50 24 0
57 7 0
57 16 0
Net_id 60
pin_num 3
36 25 0
42 15 0
55 10 0
Net_id 61
pin_num 3
36 43 0
40 47 0
43 59 0
Net_id 62
pin_num 3
44 5 0
38 2 0
41 25 0
Net_id 63
pin_num 3
35 35 0
0 27 0
22 25 0
Net_id 64
pin_num 3
46 7 0
55 8 0
24 2 0
Net_id 65
pin_num 3
18 17 0
32 28 0
30 20 0
Net_id 66
pin_num 3
57 10 0
53 12 0
40 12 0
Net_id 67
pin_num 3
46 37 0
58 27 0
53 58 0
Net_id 68
pin_num 3
30 34 0
21 40 0
36 44 0
Net_id 69
pin_num 3
25 16 0
42 25 0
32 7 0
Net_id 70
pin_num 3
44 50 0
49 59 0
28 51 0
Net_id 71
pin_num 3
53 33 0
49 40 0
39 25 0
Net_id 72
pin_num 3
24 28 0
17 28 0
16 53 0
Net_id 73
pin_num 3
49 17 0
56 30 0
42 42 0
Net_id 74
pin_num 3
19 36 0
3 41 0
4 15 0
Net_id 75
pin_num 3
19 0 0
27 13 0
18 3 0
Net_id 76
pin_num 3
50 39 0
41 30 0
37 42 0
Net_id 77
pin_num 3
22 19 0
7 23 0
16 22 0
Net_id 78
pin_num 3
10 18 0
23 5 0
59 12 0
Net_id 79
pin_num 3
35 42 0
7 14 0
14 27 0
Net_id 80
pin_num 3
47 48 0
58 56 0
25 42 0
Net_id 81
pin_num 3
9 11 0
2 11 0
15 11 0
Net_id 82
pin_num 2
31 16 0
43 16 0
Net_id 83
pin_num 2
49 20 0
58 13 0
Net_id 84
pin_num 2
44 20 0
36 28 0
Net_id 85
pin_num 2
48 12 0
49 3 0
Net_id 86
pin_num 2
52 17 0
57 38 0
Net_id 87
pin_num 2
44 30 0
39 36 0
Net_id 88
pin_num 2
38 30 0
57 34 0
Net_id 89
pin_num 2
55 13 0
58 21 0
Net_id 90
pin_num 2
6 24 0
3 17 0
Net_id 91
pin_num 2
14 49 0
1 43 0
Net_id 92
pin_num 2
54 58 0
51 59 0
Net_id 93
pin_num 2
48 38 0
42 41 0
Net_id 94
pin_num 2
40 26 0
45 25 0
Net_id 95
pin_num 2
41 55 0
41 45 0
Net_id 96
pin_num 2
49 29 0
39 4 0
Net_id 97
pin_num 2
40 51 0
57 37 0
Net_id 98
pin_num 2
7 35 0
0 33 0
Net_id 99
pin_num 2
15 48 0
16 27 0
Net_id 100
pin_num 2
8 14 0
20 35 0
Net_id 101
pin_num 2
6 53 0
20 42 0
Net_id 102
pin_num 2
11 40 0
6 42 0
Net_id 103
pin_num 2
40 28 0
43 29 0
Net_id 104
pin_num 2
38 4 0
28 2 0
Net_id 105
pin_num 2
38 47 0
31 44 0
Net_id 106
pin_num 2
26 22 0
32 38 0
Net_id 107
pin_num 2
53 24 0
58 24 0
Net_id 108
pin_num 2
55 44 0
55 47 0
Net_id 109
pin_num 2
26 58 0
52 38 0
Net_id 110
pin_num 2
56 43 0
38 56 0
Net_id 111
pin_num 2
14 7 0
14 2 0
Net_id 112
pin_num 2
19 55 0
14 40 0
Net_id 113
pin_num 2
57 55 0
39 59 0
Net_id 114
pin_num 2
33 30 0
29 43 0
Net_id 115
pin_num 2
4 26 0
7 15 0
Net_id 116
pin_num 2
53 55 0
39 53 0
Net_id 117
pin_num 2
24 36 0
38 54 0
Net_id 118
pin_num 2
34 46 0
14 38 0
Net_id 119
pin_num 2
50 45 0
56 47 0
Net_id 120
pin_num 2
15 45 0
10 34 0
Net_id 121
pin_num 2
59 47 0
58 58 0
Net_id 122
pin_num 2
1 46 0
5 46 0
Net_id 123
pin_num 2
2 31 0
10 33 0
Net_id 124
pin_num 2
53 19 0
57 22 0
Net_id 125
pin_num 2
36 35 0
56 54 0
Net_id 126
pin_num 2
44 6 0
30 5 0
Net_id 127
pin_num 2
32 34 0
30 43 0
Net_id 128
pin_num 2
33 6 0
20 11 0
Net_id 129
pin_num 2
5 38 0
30 25 0
Net_id 130
pin_num 2
2 23 0
9 42 0
Net_id 131
pin_num 2
38 59 0
42 47 0
Net_id 132
pin_num 2
18 10 0
7 24 0
Net_id 133
pin_num 2
27 8 0
48 8 0
Net_id 134
pin_num 2
10 10 0
22 16 0
Net_id 135
pin_num 2
20 21 0
29 18 0
Net_id 136
pin_num 2
37 19 0
40 15 0
Net_id 137
pin_num 2
14 36 0
13 40 0
Net_id 138
pin_num 2
14 14 0
9 4 0
Net_id 139
pin_num 2
33 2 0
29 5 0
Net_id 140
pin_num 2
35 36 0
28 36 0
Net_id 141
pin_num 2
49 44 0
54 44 0
Net_id 142
pin_num 2
12 2 0
5 2 0
Net_id 143
pin_num 2
18 51 0
15 40 0
Net_id 144
pin_num 2
39 31 0
54 18 0
Net_id 145
pin_num 2
25 14 0
22 4 0
Net_id 146
pin_num 2
24 57 0
48 59 0
Net_id 147
pin_num 2
55 53 0
49 53 0
Net_id 148
pin_num 2
23 10 0
38 10 0
Net_id 149
pin_num 2
22 31 0
32 31 0
Net_id 150
pin_num 2
53 28 0
47 24 0
Net_id 151
pin_num 2
22 48 0
35 48 0
Net_id 152
pin_num 2
40 4 0
27 9 0
Net_id 153
pin_num 2
0 37 0
7 18 0
Net_id 154
pin_num 2
24 45 0
45 54 0
Net_id 155
pin_num 2
44 36 0
49 33 0
Net_id 156
pin_num 2
10 55 0
10 54 0
Net_id 157
pin_num 2
3 21 0
6 10 0
Net_id 158
pin_num 2
48 11 0
57 35 0
Net_id 159
pin_num 2
42 46 0
56 58 0
