Width 60
Height 60
Layer 6
Total_WL 6895
Obstacle_num 144
40 16 0 49 17 0
4 57 0 9 58 0
25 26 0 34 27 0
29 19 0 34 20 0
44 50 0 52 51 0
39 39 0 48 40 0
43 14 0 51 15 0
40 10 0 44 11 0
20 24 0 23 25 0
32 8 0 39 9 0
1 16 0 6 17 0
39 58 0 42 59 0
16 47 0 25 48 0
0 15 0 8 16 0
48 23 0 57 24 0
39 22 0 45 23 0
36 47 0 42 48 0
24 0 0 28 1 0
44 37 0 48 38 0
24 20 0 33 21 0
40 4 0 48 5 0
37 37 0 40 38 0
43 44 0 49 45 0
35 28 0 40 29 0
54 51 1 55 54 1
17 54 1 18 59 1
6 47 1 7 54 1
8 43 1 9 53 1
55 27 1 56 37 1
55 48 1 56 52 1
47 5 1 48 13 1
4 16 1 5 20 1
33 27 1 34 37 1
2 1 1 3 11 1
21 50 1 22 56 1
47 38 1 48 46 1
56 15 1 57 24 1
43 22 1 44 25 1
32 2 1 33 11 1
25 27 1 26 33 1
23 42 1 24 52 1
41 1 1 42 11 1
10 15 1 11 22 1
21 2 1 22 8 1
34 37 1 35 46 1
0 35 1 1 43 1
26 22 1 27 30 1
15 52 1 16 57 1
54 0 2 59 1 2
24 54 2 32 55 2
42 47 2 49 48 2
18 22 2 28 23 2
5 29 2 15 30 2
20 25 2 23 26 2
23 23 2 33 24 2
7 11 2 15 12 2
30 39 2 39 40 2
44 1 2 51 2 2
11 22 2 14 23 2
8 58 2 15 59 2
30 16 2 38 17 2
4 27 2 13 28 2
39 5 2 45 6 2
48 32 2 57 33 2
31 24 2 37 25 2
26 40 2 31 41 2
4 28 2 14 29 2
4 8 2 10 9 2
30 52 2 37 53 2
27 51 2 30 52 2
49 3 2 55 4 2
49 38 2 57 39 2
41 25 3 42 31 3
22 37 3 23 43 3
21 40 3 22 44 3
44 35 3 45 41 3
4 50 3 5 58 3
53 38 3 54 45 3
25 46 3 26 54 3
15 6 3 16 16 3
42 8 3 43 18 3
22 20 3 23 29 3
13 26 3 14 29 3
37 35 3 38 38 3
45 30 3 46 39 3
15 32 3 16 42 3
23 4 3 24 9 3
28 36 3 29 43 3
40 13 3 41 20 3
52 46 3 53 54 3
52 36 3 53 42 3
50 41 3 51 44 3
55 16 3 56 23 3
57 3 3 58 11 3
3 48 3 4 58 3
34 1 3 35 6 3
51 21 4 59 22 4
50 37 4 55 38 4
4 11 4 13 12 4
28 20 4 36 21 4
42 21 4 50 22 4
19 3 4 24 4 4
8 48 4 15 49 4
37 19 4 40 20 4
51 58 4 57 59 4
7 38 4 15 39 4
8 5 4 18 6 4
47 12 4 50 13 4
10 47 4 16 48 4
26 55 4 35 56 4
42 52 4 50 53 4
31 42 4 41 43 4
7 49 4 16 50 4
26 50 4 29 51 4
5 6 4 9 7 4
19 48 4 29 49 4
16 28 4 25 29 4
49 22 4 54 23 4
12 54 4 20 55 4
43 3 4 53 4 4
19 9 5 20 17 5
0 10 5 1 13 5
15 54 5 16 57 5
2 29 5 3 32 5
18 52 5 19 55 5
56 14 5 57 24 5
34 37 5 35 41 5
26 53 5 27 59 5
50 45 5 51 55 5
42 3 5 43 10 5
26 16 5 27 19 5
48 22 5 49 28 5
14 44 5 15 52 5
10 19 5 11 28 5
6 0 5 7 8 5
1 21 5 2 31 5
51 49 5 52 54 5
24 42 5 25 46 5
35 11 5 36 14 5
19 43 5 20 46 5
1 5 5 2 9 5
53 3 5 54 10 5
41 9 5 42 12 5
16 40 5 17 44 5
Net_num 159
Net_id 0
pin_num 5
3 37 0
13 43 0
0 49 0
12 33 0
3 36 0
Net_id 1
pin_num 5
8 44 0
17 42 0
14 55 0
22 45 0
14 22 0
Net_id 2
pin_num 5
53 48 0
49 56 0
59 52 0
42 53 0
36 53 0
Net_id 3
pin_num 5
9 56 0
5 51 0
0 52 0
15 50 0
0 34 0
Net_id 4
pin_num 5
49 58 0
43 51 0
36 56 0
40 38 0
48 47 0
Net_id 5
pin_num 5
53 49 0
59 45 0
57 59 0
58 26 0
58 11 0
Net_id 6
pin_num 5
50 47 0
53 50 0
59 38 0
57 42 0
54 44 0
Net_id 7
pin_num 5
11 37 0
6 35 0
7 20 0
7 42 0
4 34 0
Net_id 8
pin_num 5
51 21 0
56 14 0
28 21 0
56 10 0
51 30 0
Net_id 9
pin_num 5
42 58 0
56 59 0
51 46 0
59 53 0
54 48 0
Net_id 10
pin_num 5
7 4 0
1 6 0
30 4 0
35 0 0
28 15 0
Net_id 11
pin_num 5
57 49 0
55 44 0
59 59 0
35 56 0
46 59 0
Net_id 12
pin_num 5
20 54 0
23 59 0
23 41 0
43 49 0
19 59 0
Net_id 13
pin_num 5
26 18 0
24 24 0
24 30 0
9 20 0
20 0 0
Net_id 14
pin_num 5
55 40 0
45 42 0
32 42 0
38 24 0
38 23 0
Net_id 15
pin_num 5
59 32 0
58 46 0
59 28 0
50 32 0
29 39 0
Net_id 16
pin_num 5
30 23 0
26 30 0
46 27 0
42 36 0
31 37 0
Net_id 17
pin_num 5
13 53 0
7 47 0
35 52 0
14 50 0
20 49 0
Net_id 18
pin_num 5
53 51 0
58 52 0
44 52 0
49 38 0
45 45 0
Net_id 19
pin_num 4
26 41 0
24 58 0
38 49 0
11 58 0
Net_id 20
pin_num 4
45 9 0
49 6 0
30 9 0
45 25 0
Net_id 21
pin_num 4
29 52 0
32 50 0
25 50 0
27 37 0
Net_id 22
pin_num 4
41 36 0
29 38 0
41 54 0
33 36 0
Net_id 23
pin_num 4
55 20 0
51 16 0
56 27 0
56 41 0
Net_id 24
pin_num 4
51 43 0
59 37 0
44 43 0
46 55 0
Net_id 25
pin_num 4
59 39 0
46 40 0
35 40 0
52 30 0
Net_id 26
pin_num 4
26 25 0
40 19 0
31 8 0
48 9 0
Net_id 27
pin_num 4
45 28 0
48 43 0
49 24 0
56 29 0
Net_id 28
pin_num 4
38 6 0
47 5 0
50 0 0
46 13 0
Net_id 29
pin_num 4
36 59 0
32 57 0
31 57 0
31 59 0
Net_id 30
pin_num 4
59 1 0
56 4 0
33 1 0
44 6 0
Net_id 31
pin_num 4
53 7 0
58 8 0
45 7 0
58 0 0
Net_id 32
pin_num 4
6 42 0
1 35 0
11 36 0
10 40 0
Net_id 33
pin_num 4
24 49 0
28 36 0
28 45 0
21 33 0
Net_id 34
pin_num 4
52 38 0
56 37 0
49 37 0
39 38 0
Net_id 35
pin_num 4
30 57 0
10 57 0
20 44 0
1 51 0
Net_id 36
pin_num 4
10 33 0
19 41 0
18 17 0
16 27 0
Net_id 37
pin_num 4
7 38 0
24 39 0
14 21 0
11 39 0
Net_id 38
pin_num 3
55 4 0
48 4 0
51 11 0
Net_id 39
pin_num 3
19 24 0
2 34 0
9 33 0
Net_id 40
pin_num 3
16 16 0
23 30 0
15 30 0
Net_id 41
pin_num 3
22 26 0
6 25 0
39 8 0
Net_id 42
pin_num 3
40 14 0
12 13 0
29 27 0
Net_id 43
pin_num 3
35 15 0
52 25 0
57 15 0
Net_id 44
pin_num 3
37 55 0
21 51 0
33 51 0
Net_id 45
pin_num 3
6 41 0
10 45 0
9 49 0
Net_id 46
pin_num 3
38 42 0
34 54 0
36 35 0
Net_id 47
pin_num 3
47 6 0
49 3 0
21 0 0
Net_id 48
pin_num 3
35 37 0
19 46 0
1 45 0
Net_id 49
pin_num 3
27 11 0
27 3 0
27 27 0
Net_id 50
pin_num 3
31 22 0
38 22 0
36 2 0
Net_id 51
pin_num 3
1 23 0
15 28 0
22 50 0
Net_id 52
pin_num 3
57 5 0
40 11 0
50 24 0
Net_id 53
pin_num 3
43 23 0
54 27 0
57 26 0
Net_id 54
pin_num 3
24 26 0
17 9 0
15 7 0
Net_id 55
pin_num 3
45 26 0
30 17 0
37 34 0
Net_id 56
pin_num 3
45 13 0
28 16 0
32 28 0
Net_id 57
pin_num 3
20 25 0
3 28 0
8 19 0
Net_id 58
pin_num 3
30 45 0
41 45 0
25 43 0
Net_id 59
pin_num 3
9 30 0
3 30 0
9 52 0
Net_id 60
pin_num 3
9 53 0
0 56 0
3 47 0
Net_id 61
pin_num 3
4 26 0
0 20 0
11 42 0
Net_id 62
pin_num 3
3 6 0
0 12 0
15 0 0
Net_id 63
pin_num 3
59 47 0
38 43 0
40 31 0
Net_id 64
pin_num 3
46 51 0
51 36 0
51 20 0
Net_id 65
pin_num 3
50 56 0
56 36 0
53 57 0
Net_id 66
pin_num 3
29 5 0
21 1 0
46 3 0
Net_id 67
pin_num 3
12 6 0
16 8 0
0 1 0
Net_id 68
pin_num 3
11 35 0
8 32 0
1 11 0
Net_id 69
pin_num 3
53 11 0
28 22 0
59 33 0
Net_id 70
pin_num 3
25 37 0
15 23 0
40 23 0
Net_id 71
pin_num 3
54 28 0
55 43 0
54 34 0
Net_id 72
pin_num 3
59 21 0
53 26 0
58 10 0
Net_id 73
pin_num 3
48 20 0
59 0 0
48 37 0
Net_id 74
pin_num 3
17 19 0
30 32 0
10 36 0
Net_id 75
pin_num 3
35 17 0
19 8 0
7 9 0
Net_id 76
pin_num 3
59 11 0
51 14 0
59 10 0
Net_id 77
pin_num 3
58 9 0
51 9 0
32 1 0
Net_id 78
pin_num 3
49 5 0
51 0 0
54 12 0
Net_id 79
pin_num 2
47 48 0
53 58 0
Net_id 80
pin_num 2
19 16 0
26 17 0
Net_id 81
pin_num 2
30 1 0
56 25 0
Net_id 82
pin_num 2
21 15 0
7 17 0
Net_id 83
pin_num 2
16 3 0
19 2 0
Net_id 84
pin_num 2
13 7 0
14 16 0
Net_id 85
pin_num 2
37 24 0
27 56 0
Net_id 86
pin_num 2
12 32 0
25 25 0
Net_id 87
pin_num 2
12 20 0
16 20 0
Net_id 88
pin_num 2
1 59 0
16 54 0
Net_id 89
pin_num 2
25 59 0
19 50 0
Net_id 90
pin_num 2
2 46 0
6 59 0
Net_id 91
pin_num 2
43 35 0
36 51 0
Net_id 92
pin_num 2
26 32 0
46 24 0
Net_id 93
pin_num 2
11 9 0
5 7 0
Net_id 94
pin_num 2
40 59 0
43 50 0
Net_id 95
pin_num 2
29 59 0
16 46 0
Net_id 96
pin_num 2
15 57 0
16 55 0
Net_id 97
pin_num 2
58 19 0
50 19 0
Net_id 98
pin_num 2
20 59 0
26 52 0
Net_id 99
pin_num 2
15 29 0
4 41 0
Net_id 100
pin_num 2
27 12 0
1 9 0
Net_id 101
pin_num 2
30 41 0
11 38 0
Net_id 102
pin_num 2
50 12 0
55 46 0
Net_id 103
pin_num 2
30 39 0
37 46 0
Net_id 104
pin_num 2
46 57 0
35 41 0
Net_id 105
pin_num 2
3 13 0
9 59 0
Net_id 106
pin_num 2
47 12 0
50 25 0
Net_id 107
pin_num 2
7 13 0
2 27 0
Net_id 108
pin_num 2
6 40 0
3 25 0
Net_id 109
pin_num 2
19 13 0
3 27 0
Net_id 110
pin_num 2
55 30 0
54 31 0
Net_id 111
pin_num 2
54 57 0
58 50 0
Net_id 112
pin_num 2
48 3 0
26 21 0
Net_id 113
pin_num 2
35 7 0
36 32 0
Net_id 114
pin_num 2
10 56 0
19 38 0
Net_id 115
pin_num 2
41 56 0
33 47 0
Net_id 116
pin_num 2
18 54 0
30 36 0
Net_id 117
pin_num 2
47 53 0
49 54 0
Net_id 118
pin_num 2
5 9 0
5 23 0
Net_id 119
pin_num 2
30 10 0
52 26 0
Net_id 120
pin_num 2
47 2 0
33 25 0
Net_id 121
pin_num 2
35 32 0
10 22 0
Net_id 122
pin_num 2
30 40 0
21 56 0
Net_id 123
pin_num 2
14 35 0
7 48 0
Net_id 124
pin_num 2
55 12 0
51 7 0
Net_id 125
pin_num 2
9 29 0
13 3 0
Net_id 126
pin_num 2
28 11 0
39 11 0
Net_id 127
pin_num 2
10 6 0
0 0 0
Net_id 128
pin_num 2
1 55 0
2 39 0
Net_id 129
pin_num 2
47 17 0
53 6 0
Net_id 130
pin_num 2
25 23 0
17 20 0
Net_id 131
pin_num 2
28 1 0
37 17 0
Net_id 132
pin_num 2
38 18 0
46 25 0
Net_id 133
pin_num 2
39 20 0
21 31 0
Net_id 134
pin_num 2
3 52 0
1 57 0
Net_id 135
pin_num 2
13 49 0
26 56 0
Net_id 136
pin_num 2
17 17 0
11 19 0
Net_id 137
pin_num 2
16 18 0
6 18 0
Net_id 138
pin_num 2
53 18 0
57 2 0
Net_id 139
pin_num 2
47 25 0
53 31 0
Net_id 140
pin_num 2
34 38 0
44 30 0
Net_id 141
pin_num 2
29 56 0
20 56 0
Net_id 142
pin_num 2
12 57 0
28 46 0
Net_id 143
pin_num 2
15 8 0
8 13 0
Net_id 144
pin_num 2
27 48 0
14 59 0
Net_id 145
pin_num 2
7 24 0
4 38 0
Net_id 146
pin_num 2
18 41 0
1 56 0
Net_id 147
pin_num 2
4 47 0
20 34 0
Net_id 148
pin_num 2
54 33 0
48 45 0
Net_id 149
pin_num 2
47 11 0
37 18 0
Net_id 150
pin_num 2
45 43 0
30 46 0
Net_id 151
pin_num 2
40 46 0
57 22 0
Net_id 152
pin_num 2
22 29 0
7 58 0
Net_id 153
pin_num 2
24 22 0
4 13 0
Net_id 154
pin_num 2
31 23 0
47 19 0
Net_id 155
pin_num 2
22 43 0
4 49 0
Net_id 156
pin_num 2
41 55 0
31 38 0
Net_id 157
pin_num 2
6 56 0
18 38 0
Net_id 158
pin_num 2
44 32 0
43 17 0
