Width 60
Height 60
Layer 6
Total_WL 6738
Obstacle_num 144
42 15 0 47 16 0
39 28 0 46 29 0
22 19 0 25 20 0
4 30 0 10 31 0
23 34 0 33 35 0
0 14 0 7 15 0
47 6 0 55 7 0
22 52 0 31 53 0
22 33 0 29 34 0
24 8 0 30 9 0
0 12 0 10 13 0
11 49 0 14 50 0
44 16 0 52 17 0
42 45 0 49 46 0
41 18 0 45 19 0
13 11 0 21 12 0
43 12 0 48 13 0
23 18 0 27 19 0
14 3 0 22 4 0
46 33 0 53 34 0
10 28 0 14 29 0
55 17 0 58 18 0
9 34 0 14 35 0
1 7 0 6 8 0
51 42 1 52 47 1
4 47 1 5 51 1
31 12 1 32 16 1
14 35 1 15 40 1
9 0 1 10 9 1
14 26 1 15 34 1
17 39 1 18 47 1
10 22 1 11 25 1
3 28 1 4 35 1
38 49 1 39 59 1
25 18 1 26 22 1
46 16 1 47 19 1
21 38 1 22 44 1
35 18 1 36 28 1
38 42 1 39 49 1
41 35 1 42 41 1
20 11 1 21 16 1
3 35 1 4 38 1
49 33 1 50 43 1
39 17 1 40 24 1
30 37 1 31 42 1
2 47 1 3 56 1
12 14 1 13 17 1
14 20 1 15 25 1
35 57 2 39 58 2
9 32 2 14 33 2
45 25 2 51 26 2
10 55 2 13 56 2
22 44 2 28 45 2
16 23 2 21 24 2
30 29 2 40 30 2
22 34 2 28 35 2
2 20 2 7 21 2
52 23 2 55 24 2
17 17 2 27 18 2
30 11 2 33 12 2
28 28 2 36 29 2
26 20 2 30 21 2
9 47 2 18 48 2
18 41 2 27 42 2
53 6 2 59 7 2
21 30 2 29 31 2
14 0 2 22 1 2
17 26 2 23 27 2
34 24 2 40 25 2
17 28 2 23 29 2
55 44 2 59 45 2
47 58 2 53 59 2
24 53 3 25 57 3
40 15 3 41 25 3
47 1 3 48 9 3
22 48 3 23 52 3
55 51 3 56 59 3
43 47 3 44 51 3
49 42 3 50 52 3
55 19 3 56 24 3
43 27 3 44 37 3
38 51 3 39 55 3
41 33 3 42 41 3
19 19 3 20 29 3
47 44 3 48 47 3
8 13 3 9 18 3
27 0 3 28 10 3
5 49 3 6 54 3
3 12 3 4 17 3
9 9 3 10 15 3
46 17 3 47 23 3
45 12 3 46 21 3
42 9 3 43 17 3
50 12 3 51 19 3
27 39 3 28 46 3
28 8 3 29 13 3
10 3 4 14 4 4
13 43 4 23 44 4
12 44 4 16 45 4
46 34 4 49 35 4
18 15 4 28 16 4
31 44 4 36 45 4
4 33 4 8 34 4
54 20 4 57 21 4
22 28 4 27 29 4
4 39 4 14 40 4
20 42 4 30 43 4
32 40 4 41 41 4
35 42 4 38 43 4
44 49 4 51 50 4
21 26 4 28 27 4
10 54 4 16 55 4
42 15 4 50 16 4
50 37 4 57 38 4
2 29 4 7 30 4
40 57 4 44 58 4
32 22 4 37 23 4
16 37 4 21 38 4
24 46 4 28 47 4
6 8 4 15 9 4
37 8 5 38 11 5
49 1 5 50 9 5
31 40 5 32 45 5
56 40 5 57 49 5
43 29 5 44 32 5
23 11 5 24 15 5
15 17 5 16 23 5
29 39 5 30 44 5
40 12 5 41 20 5
17 51 5 18 55 5
52 17 5 53 21 5
50 25 5 51 34 5
48 1 5 49 10 5
16 43 5 17 53 5
5 15 5 6 21 5
36 12 5 37 19 5
5 10 5 6 14 5
49 55 5 50 59 5
18 20 5 19 27 5
31 17 5 32 21 5
12 14 5 13 21 5
19 54 5 20 57 5
43 50 5 44 59 5
39 3 5 40 6 5
Net_num 158
Net_id 0
pin_num 5
24 47 0
7 47 0
0 41 0
7 39 0
8 59 0
Net_id 1
pin_num 5
19 58 0
32 58 0
50 58 0
21 59 0
22 53 0
Net_id 2
pin_num 5
12 12 0
12 5 0
34 12 0
27 35 0
31 23 0
Net_id 3
pin_num 5
48 23 0
44 10 0
59 12 0
53 12 0
50 17 0
Net_id 4
pin_num 5
49 9 0
57 20 0
28 9 0
28 0 0
29 11 0
Net_id 5
pin_num 5
43 11 0
40 27 0
20 15 0
49 24 0
45 39 0
Net_id 6
pin_num 5
46 26 0
43 29 0
45 51 0
57 43 0
33 49 0
Net_id 7
pin_num 5
25 39 0
29 49 0
31 48 0
43 46 0
30 42 0
Net_id 8
pin_num 5
14 16 0
22 18 0
15 10 0
20 24 0
38 12 0
Net_id 9
pin_num 5
27 27 0
16 25 0
21 19 0
42 19 0
3 19 0
Net_id 10
pin_num 5
56 33 0
56 25 0
47 37 0
39 36 0
56 51 0
Net_id 11
pin_num 5
22 49 0
15 49 0
14 46 0
16 41 0
20 40 0
Net_id 12
pin_num 5
8 20 0
20 16 0
16 20 0
12 0 0
28 17 0
Net_id 13
pin_num 5
50 4 0
45 1 0
49 11 0
28 2 0
51 4 0
Net_id 14
pin_num 5
21 32 0
17 32 0
6 32 0
16 29 0
0 20 0
Net_id 15
pin_num 5
45 59 0
48 57 0
36 57 0
53 59 0
41 51 0
Net_id 16
pin_num 5
25 26 0
10 31 0
18 2 0
1 13 0
16 34 0
Net_id 17
pin_num 5
22 24 0
17 27 0
1 20 0
5 3 0
0 15 0
Net_id 18
pin_num 5
19 25 0
12 19 0
12 2 0
8 23 0
17 9 0
Net_id 19
pin_num 4
25 55 0
20 56 0
15 59 0
21 37 0
Net_id 20
pin_num 4
10 41 0
0 39 0
13 40 0
10 53 0
Net_id 21
pin_num 4
46 49 0
42 48 0
44 40 0
37 47 0
Net_id 22
pin_num 4
36 23 0
32 25 0
50 25 0
34 33 0
Net_id 23
pin_num 4
9 5 0
0 0 0
11 2 0
4 10 0
Net_id 24
pin_num 4
12 50 0
17 55 0
36 55 0
33 59 0
Net_id 25
pin_num 4
59 42 0
52 42 0
57 26 0
59 16 0
Net_id 26
pin_num 4
59 10 0
46 3 0
54 5 0
19 15 0
Net_id 27
pin_num 4
57 56 0
51 44 0
49 50 0
41 59 0
Net_id 28
pin_num 4
37 14 0
42 17 0
56 18 0
55 7 0
Net_id 29
pin_num 4
21 18 0
13 19 0
26 16 0
22 1 0
Net_id 30
pin_num 4
9 49 0
0 49 0
6 57 0
9 59 0
Net_id 31
pin_num 4
34 42 0
44 50 0
59 48 0
58 41 0
Net_id 32
pin_num 4
23 20 0
11 24 0
8 22 0
19 31 0
Net_id 33
pin_num 4
17 0 0
11 4 0
9 3 0
23 0 0
Net_id 34
pin_num 4
4 11 0
6 4 0
1 9 0
26 7 0
Net_id 35
pin_num 4
33 44 0
25 47 0
9 44 0
7 46 0
Net_id 36
pin_num 4
18 31 0
11 26 0
1 23 0
0 33 0
Net_id 37
pin_num 4
56 24 0
43 30 0
58 17 0
49 22 0
Net_id 38
pin_num 4
36 59 0
40 55 0
34 45 0
20 45 0
Net_id 39
pin_num 4
37 13 0
26 3 0
12 13 0
18 1 0
Net_id 40
pin_num 3
18 8 0
29 14 0
3 8 0
Net_id 41
pin_num 3
49 40 0
47 46 0
56 57 0
Net_id 42
pin_num 3
20 1 0
0 8 0
5 2 0
Net_id 43
pin_num 3
52 4 0
55 2 0
52 3 0
Net_id 44
pin_num 3
53 11 0
49 0 0
58 6 0
Net_id 45
pin_num 3
25 11 0
44 5 0
38 11 0
Net_id 46
pin_num 3
7 36 0
1 42 0
10 59 0
Net_id 47
pin_num 3
2 6 0
10 4 0
16 28 0
Net_id 48
pin_num 3
16 57 0
1 58 0
13 58 0
Net_id 49
pin_num 3
23 3 0
30 18 0
1 15 0
Net_id 50
pin_num 3
58 59 0
45 55 0
50 49 0
Net_id 51
pin_num 3
15 35 0
28 40 0
59 53 0
Net_id 52
pin_num 3
15 1 0
0 4 0
4 6 0
Net_id 53
pin_num 3
55 36 0
50 22 0
55 39 0
Net_id 54
pin_num 3
41 49 0
35 51 0
59 56 0
Net_id 55
pin_num 3
39 39 0
37 45 0
44 22 0
Net_id 56
pin_num 3
56 52 0
37 50 0
50 42 0
Net_id 57
pin_num 3
50 5 0
36 14 0
54 7 0
Net_id 58
pin_num 3
38 4 0
37 23 0
47 8 0
Net_id 59
pin_num 3
21 46 0
13 43 0
34 54 0
Net_id 60
pin_num 3
57 33 0
33 24 0
34 0 0
Net_id 61
pin_num 3
6 42 0
21 42 0
3 45 0
Net_id 62
pin_num 3
13 10 0
7 3 0
16 2 0
Net_id 63
pin_num 3
35 35 0
42 23 0
46 31 0
Net_id 64
pin_num 3
38 7 0
13 5 0
27 10 0
Net_id 65
pin_num 3
8 56 0
5 54 0
35 54 0
Net_id 66
pin_num 3
36 33 0
40 19 0
29 28 0
Net_id 67
pin_num 3
22 2 0
27 3 0
24 31 0
Net_id 68
pin_num 3
55 35 0
48 42 0
54 48 0
Net_id 69
pin_num 3
17 14 0
5 21 0
11 6 0
Net_id 70
pin_num 3
37 2 0
32 1 0
30 33 0
Net_id 71
pin_num 3
42 30 0
31 25 0
58 53 0
Net_id 72
pin_num 3
0 24 0
11 33 0
0 51 0
Net_id 73
pin_num 3
28 28 0
28 24 0
25 1 0
Net_id 74
pin_num 3
28 27 0
44 24 0
39 34 0
Net_id 75
pin_num 3
50 20 0
34 8 0
52 2 0
Net_id 76
pin_num 3
30 10 0
44 14 0
35 14 0
Net_id 77
pin_num 3
6 2 0
22 29 0
3 6 0
Net_id 78
pin_num 3
23 56 0
38 41 0
59 57 0
Net_id 79
pin_num 3
5 42 0
1 51 0
14 51 0
Net_id 80
pin_num 2
8 55 0
13 59 0
Net_id 81
pin_num 2
55 41 0
52 48 0
Net_id 82
pin_num 2
20 52 0
14 52 0
Net_id 83
pin_num 2
17 48 0
1 53 0
Net_id 84
pin_num 2
3 52 0
12 45 0
Net_id 85
pin_num 2
13 3 0
23 6 0
Net_id 86
pin_num 2
18 9 0
27 4 0
Net_id 87
pin_num 2
47 27 0
59 14 0
Net_id 88
pin_num 2
19 55 0
23 53 0
Net_id 89
pin_num 2
36 34 0
42 52 0
Net_id 90
pin_num 2
26 36 0
25 24 0
Net_id 91
pin_num 2
0 22 0
8 36 0
Net_id 92
pin_num 2
41 0 0
58 7 0
Net_id 93
pin_num 2
11 17 0
4 17 0
Net_id 94
pin_num 2
34 53 0
32 48 0
Net_id 95
pin_num 2
12 38 0
2 23 0
Net_id 96
pin_num 2
58 29 0
39 44 0
Net_id 97
pin_num 2
24 6 0
26 10 0
Net_id 98
pin_num 2
4 20 0
13 25 0
Net_id 99
pin_num 2
47 54 0
34 43 0
Net_id 100
pin_num 2
4 19 0
5 13 0
Net_id 101
pin_num 2
52 25 0
56 1 0
Net_id 102
pin_num 2
24 32 0
42 21 0
Net_id 103
pin_num 2
47 40 0
29 39 0
Net_id 104
pin_num 2
58 57 0
46 48 0
Net_id 105
pin_num 2
29 16 0
13 18 0
Net_id 106
pin_num 2
35 22 0
17 30 0
Net_id 107
pin_num 2
56 29 0
39 16 0
Net_id 108
pin_num 2
3 59 0
11 56 0
Net_id 109
pin_num 2
19 34 0
13 45 0
Net_id 110
pin_num 2
52 19 0
42 4 0
Net_id 111
pin_num 2
24 37 0
48 32 0
Net_id 112
pin_num 2
29 26 0
20 37 0
Net_id 113
pin_num 2
25 49 0
30 50 0
Net_id 114
pin_num 2
9 16 0
19 10 0
Net_id 115
pin_num 2
43 3 0
15 2 0
Net_id 116
pin_num 2
49 32 0
55 48 0
Net_id 117
pin_num 2
6 19 0
15 6 0
Net_id 118
pin_num 2
31 41 0
24 40 0
Net_id 119
pin_num 2
39 23 0
28 14 0
Net_id 120
pin_num 2
47 17 0
51 1 0
Net_id 121
pin_num 2
12 20 0
0 7 0
Net_id 122
pin_num 2
29 33 0
36 28 0
Net_id 123
pin_num 2
9 50 0
18 48 0
Net_id 124
pin_num 2
0 46 0
14 58 0
Net_id 125
pin_num 2
15 28 0
2 9 0
Net_id 126
pin_num 2
19 36 0
10 26 0
Net_id 127
pin_num 2
2 33 0
23 57 0
Net_id 128
pin_num 2
51 31 0
41 34 0
Net_id 129
pin_num 2
32 29 0
23 4 0
Net_id 130
pin_num 2
52 43 0
49 29 0
Net_id 131
pin_num 2
6 48 0
1 57 0
Net_id 132
pin_num 2
16 51 0
20 39 0
Net_id 133
pin_num 2
45 56 0
51 58 0
Net_id 134
pin_num 2
27 59 0
15 50 0
Net_id 135
pin_num 2
59 22 0
55 26 0
Net_id 136
pin_num 2
14 33 0
9 37 0
Net_id 137
pin_num 2
36 17 0
16 10 0
Net_id 138
pin_num 2
3 33 0
9 33 0
Net_id 139
pin_num 2
0 26 0
6 26 0
Net_id 140
pin_num 2
0 38 0
33 56 0
Net_id 141
pin_num 2
40 53 0
46 37 0
Net_id 142
pin_num 2
45 37 0
19 43 0
Net_id 143
pin_num 2
38 55 0
46 38 0
Net_id 144
pin_num 2
49 35 0
53 35 0
Net_id 145
pin_num 2
27 6 0
53 7 0
Net_id 146
pin_num 2
8 31 0
12 59 0
Net_id 147
pin_num 2
11 36 0
22 36 0
Net_id 148
pin_num 2
15 33 0
19 33 0
Net_id 149
pin_num 2
34 46 0
42 44 0
Net_id 150
pin_num 2
51 2 0
13 21 0
Net_id 151
pin_num 2
25 38 0
33 46 0
Net_id 152
pin_num 2
54 31 0
50 38 0
Net_id 153
pin_num 2
13 56 0
6 46 0
Net_id 154
pin_num 2
39 40 0
23 46 0
Net_id 155
pin_num 2
43 2 0
55 11 0
Net_id 156
pin_num 2
14 4 0
21 2 0
Net_id 157
pin_num 2
28 18 0
28 31 0
