Width 60
Height 60
Layer 6
Total_WL 6815
Obstacle_num 144
35 5 0 40 6 0
13 4 0 17 5 0
52 4 0 58 5 0
11 9 0 19 10 0
37 37 0 47 38 0
35 35 0 40 36 0
44 42 0 51 43 0
3 6 0 9 7 0
10 3 0 20 4 0
33 23 0 41 24 0
31 3 0 41 4 0
54 55 0 59 56 0
40 11 0 43 12 0
44 17 0 50 18 0
44 38 0 51 39 0
48 13 0 54 14 0
12 55 0 21 56 0
38 12 0 48 13 0
32 4 0 41 5 0
51 0 0 57 1 0
41 2 0 46 3 0
28 20 0 37 21 0
12 26 0 19 27 0
49 26 0 53 27 0
31 28 1 32 37 1
37 1 1 38 8 1
54 48 1 55 54 1
4 7 1 5 10 1
39 54 1 40 57 1
52 14 1 53 18 1
3 52 1 4 56 1
46 9 1 47 14 1
51 23 1 52 28 1
51 31 1 52 35 1
36 41 1 37 51 1
37 16 1 38 21 1
39 1 1 40 9 1
19 1 1 20 8 1
54 15 1 55 25 1
15 17 1 16 26 1
18 13 1 19 20 1
7 34 1 8 40 1
12 30 1 13 38 1
33 0 1 34 5 1
26 34 1 27 43 1
2 1 1 3 6 1
49 11 1 50 14 1
52 42 1 53 52 1
26 2 2 36 3 2
40 0 2 48 1 2
19 39 2 29 40 2
22 29 2 30 30 2
34 50 2 38 51 2
16 48 2 26 49 2
12 21 2 15 22 2
17 25 2 22 26 2
39 24 2 48 25 2
23 0 2 33 1 2
13 8 2 21 9 2
15 56 2 18 57 2
53 18 2 58 19 2
44 16 2 53 17 2
6 23 2 13 24 2
14 57 2 21 58 2
23 35 2 32 36 2
48 23 2 55 24 2
43 10 2 48 11 2
19 23 2 22 24 2
17 53 2 21 54 2
48 26 2 54 27 2
16 16 2 19 17 2
33 44 2 43 45 2
2 6 3 3 9 3
58 33 3 59 36 3
37 7 3 38 15 3
7 7 3 8 13 3
46 33 3 47 38 3
23 23 3 24 31 3
4 4 3 5 11 3
36 47 3 37 53 3
22 19 3 23 23 3
54 27 3 55 31 3
11 42 3 12 51 3
46 26 3 47 31 3
19 45 3 20 51 3
11 17 3 12 24 3
33 47 3 34 56 3
57 25 3 58 29 3
16 10 3 17 16 3
35 50 3 36 56 3
51 17 3 52 26 3
6 45 3 7 55 3
1 16 3 2 22 3
28 21 3 29 31 3
39 30 3 40 36 3
35 15 3 36 20 3
30 4 4 37 5 4
36 9 4 39 10 4
38 33 4 41 34 4
42 41 4 46 42 4
5 9 4 8 10 4
6 56 4 12 57 4
19 43 4 25 44 4
32 30 4 35 31 4
33 37 4 39 38 4
24 20 4 30 21 4
3 44 4 13 45 4
51 52 4 57 53 4
22 44 4 30 45 4
38 38 4 41 39 4
4 35 4 9 36 4
48 23 4 53 24 4
20 46 4 28 47 4
34 12 4 44 13 4
44 30 4 51 31 4
19 47 4 25 48 4
3 17 4 12 18 4
30 35 4 33 36 4
10 6 4 18 7 4
22 57 4 26 58 4
46 48 5 47 57 5
25 34 5 26 38 5
20 53 5 21 56 5
42 49 5 43 57 5
33 31 5 34 34 5
49 30 5 50 38 5
48 15 5 49 25 5
4 19 5 5 22 5
7 22 5 8 26 5
14 13 5 15 18 5
13 21 5 14 27 5
22 3 5 23 8 5
15 36 5 16 43 5
50 36 5 51 42 5
35 1 5 36 7 5
28 10 5 29 17 5
22 24 5 23 34 5
5 9 5 6 15 5
29 2 5 30 8 5
5 37 5 6 46 5
26 24 5 27 32 5
39 44 5 40 52 5
44 12 5 45 21 5
3 12 5 4 18 5
Net_num 159
Net_id 0
pin_num 5
44 13 0
55 17 0
33 17 0
24 17 0
50 0 0
Net_id 1
pin_num 5
36 29 0
38 33 0
46 31 0
38 39 0
55 33 0
Net_id 2
pin_num 5
26 22 0
23 21 0
15 16 0
23 42 0
27 22 0
Net_id 3
pin_num 5
25 24 0
22 23 0
32 37 0
0 24 0
0 16 0
Net_id 4
pin_num 5
13 44 0
8 35 0
0 36 0
10 35 0
29 44 0
Net_id 5
pin_num 5
31 5 0
34 1 0
19 0 0
21 12 0
29 7 0
Net_id 6
pin_num 5
8 46 0
26 46 0
0 56 0
13 39 0
20 51 0
Net_id 7
pin_num 5
44 50 0
58 43 0
47 45 0
59 46 0
44 44 0
Net_id 8
pin_num 5
20 16 0
21 19 0
10 17 0
14 0 0
29 6 0
Net_id 9
pin_num 5
11 11 0
22 8 0
17 7 0
36 2 0
13 0 0
Net_id 10
pin_num 5
8 57 0
9 51 0
2 52 0
1 50 0
7 48 0
Net_id 11
pin_num 5
51 28 0
52 11 0
36 16 0
59 5 0
56 26 0
Net_id 12
pin_num 5
37 13 0
20 7 0
45 7 0
33 18 0
43 0 0
Net_id 13
pin_num 5
36 41 0
17 41 0
20 38 0
22 55 0
1 49 0
Net_id 14
pin_num 5
54 30 0
58 27 0
59 4 0
53 24 0
58 5 0
Net_id 15
pin_num 5
27 5 0
11 5 0
0 5 0
30 25 0
0 6 0
Net_id 16
pin_num 5
56 15 0
49 15 0
35 14 0
40 38 0
34 8 0
Net_id 17
pin_num 5
48 23 0
59 31 0
53 3 0
55 30 0
41 22 0
Net_id 18
pin_num 5
41 10 0
51 12 0
48 21 0
50 14 0
44 11 0
Net_id 19
pin_num 5
56 56 0
43 55 0
43 34 0
19 56 0
25 43 0
Net_id 20
pin_num 4
55 16 0
56 27 0
56 13 0
43 27 0
Net_id 21
pin_num 4
11 25 0
15 33 0
1 35 0
13 6 0
Net_id 22
pin_num 4
44 57 0
59 58 0
33 59 0
58 56 0
Net_id 23
pin_num 4
1 12 0
4 17 0
9 15 0
15 6 0
Net_id 24
pin_num 4
18 33 0
31 37 0
24 50 0
13 37 0
Net_id 25
pin_num 4
56 28 0
57 38 0
39 36 0
50 51 0
Net_id 26
pin_num 4
27 48 0
33 42 0
42 42 0
34 55 0
Net_id 27
pin_num 4
41 33 0
34 35 0
53 35 0
40 10 0
Net_id 28
pin_num 4
13 42 0
10 38 0
11 52 0
18 43 0
Net_id 29
pin_num 4
4 38 0
15 31 0
3 45 0
11 45 0
Net_id 30
pin_num 4
56 41 0
42 50 0
52 29 0
45 39 0
Net_id 31
pin_num 4
11 27 0
5 28 0
11 18 0
1 24 0
Net_id 32
pin_num 4
3 27 0
9 29 0
5 47 0
3 34 0
Net_id 33
pin_num 4
10 36 0
20 36 0
27 34 0
19 50 0
Net_id 34
pin_num 4
46 20 0
55 21 0
54 26 0
57 31 0
Net_id 35
pin_num 4
1 31 0
11 26 0
11 53 0
37 41 0
Net_id 36
pin_num 4
3 44 0
5 36 0
1 36 0
0 57 0
Net_id 37
pin_num 4
57 7 0
52 1 0
55 7 0
40 2 0
Net_id 38
pin_num 4
17 20 0
24 30 0
34 26 0
21 22 0
Net_id 39
pin_num 4
16 8 0
19 10 0
12 10 0
8 12 0
Net_id 40
pin_num 3
49 28 0
39 20 0
58 12 0
Net_id 41
pin_num 3
59 13 0
58 0 0
34 14 0
Net_id 42
pin_num 3
41 39 0
48 34 0
37 12 0
Net_id 43
pin_num 3
28 35 0
27 40 0
34 40 0
Net_id 44
pin_num 3
26 58 0
6 58 0
15 39 0
Net_id 45
pin_num 3
22 45 0
49 47 0
29 28 0
Net_id 46
pin_num 3
57 58 0
41 55 0
50 36 0
Net_id 47
pin_num 3
17 19 0
23 13 0
35 17 0
Net_id 48
pin_num 3
14 53 0
1 52 0
13 30 0
Net_id 49
pin_num 3
35 2 0
25 7 0
6 2 0
Net_id 50
pin_num 3
12 18 0
33 8 0
30 1 0
Net_id 51
pin_num 3
30 30 0
41 34 0
42 1 0
Net_id 52
pin_num 3
22 3 0
21 13 0
1 7 0
Net_id 53
pin_num 3
8 1 0
0 2 0
28 7 0
Net_id 54
pin_num 3
59 50 0
33 34 0
59 54 0
Net_id 55
pin_num 3
22 50 0
18 24 0
45 28 0
Net_id 56
pin_num 3
23 12 0
24 25 0
25 9 0
Net_id 57
pin_num 3
2 11 0
7 4 0
8 0 0
Net_id 58
pin_num 3
13 56 0
2 56 0
5 57 0
Net_id 59
pin_num 3
52 31 0
46 28 0
59 39 0
Net_id 60
pin_num 3
35 37 0
41 27 0
39 32 0
Net_id 61
pin_num 3
14 8 0
2 35 0
25 21 0
Net_id 62
pin_num 3
14 38 0
18 47 0
18 34 0
Net_id 63
pin_num 3
48 15 0
32 12 0
49 7 0
Net_id 64
pin_num 3
34 52 0
48 51 0
41 51 0
Net_id 65
pin_num 3
23 16 0
35 22 0
1 0 0
Net_id 66
pin_num 3
40 28 0
46 5 0
0 4 0
Net_id 67
pin_num 3
1 56 0
12 51 0
30 51 0
Net_id 68
pin_num 3
31 19 0
59 19 0
34 33 0
Net_id 69
pin_num 3
7 0 0
2 18 0
10 14 0
Net_id 70
pin_num 3
39 10 0
26 19 0
23 27 0
Net_id 71
pin_num 3
56 33 0
37 22 0
54 38 0
Net_id 72
pin_num 3
56 38 0
51 38 0
22 38 0
Net_id 73
pin_num 3
49 39 0
58 42 0
35 43 0
Net_id 74
pin_num 3
34 15 0
34 24 0
50 40 0
Net_id 75
pin_num 3
1 29 0
8 48 0
32 53 0
Net_id 76
pin_num 3
28 47 0
21 47 0
48 43 0
Net_id 77
pin_num 3
4 57 0
13 48 0
4 55 0
Net_id 78
pin_num 3
14 27 0
17 14 0
17 50 0
Net_id 79
pin_num 2
9 48 0
17 52 0
Net_id 80
pin_num 2
7 49 0
3 47 0
Net_id 81
pin_num 2
36 28 0
48 9 0
Net_id 82
pin_num 2
23 54 0
35 49 0
Net_id 83
pin_num 2
34 46 0
14 58 0
Net_id 84
pin_num 2
38 55 0
30 32 0
Net_id 85
pin_num 2
3 22 0
8 29 0
Net_id 86
pin_num 2
13 31 0
20 32 0
Net_id 87
pin_num 2
28 32 0
20 59 0
Net_id 88
pin_num 2
33 24 0
14 16 0
Net_id 89
pin_num 2
57 36 0
41 43 0
Net_id 90
pin_num 2
26 33 0
30 49 0
Net_id 91
pin_num 2
32 50 0
47 34 0
Net_id 92
pin_num 2
54 53 0
35 36 0
Net_id 93
pin_num 2
27 18 0
35 21 0
Net_id 94
pin_num 2
1 4 0
5 3 0
Net_id 95
pin_num 2
7 32 0
1 2 0
Net_id 96
pin_num 2
42 29 0
53 25 0
Net_id 97
pin_num 2
16 20 0
1 32 0
Net_id 98
pin_num 2
53 14 0
57 17 0
Net_id 99
pin_num 2
36 32 0
31 53 0
Net_id 100
pin_num 2
54 3 0
39 11 0
Net_id 101
pin_num 2
30 31 0
27 26 0
Net_id 102
pin_num 2
13 12 0
9 13 0
Net_id 103
pin_num 2
48 7 0
51 5 0
Net_id 104
pin_num 2
51 54 0
57 50 0
Net_id 105
pin_num 2
45 25 0
30 34 0
Net_id 106
pin_num 2
8 55 0
11 54 0
Net_id 107
pin_num 2
14 41 0
15 48 0
Net_id 108
pin_num 2
38 50 0
40 54 0
Net_id 109
pin_num 2
11 13 0
23 10 0
Net_id 110
pin_num 2
33 58 0
54 57 0
Net_id 111
pin_num 2
34 37 0
31 39 0
Net_id 112
pin_num 2
54 45 0
58 38 0
Net_id 113
pin_num 2
46 33 0
42 54 0
Net_id 114
pin_num 2
9 32 0
17 24 0
Net_id 115
pin_num 2
45 48 0
32 43 0
Net_id 116
pin_num 2
24 57 0
25 59 0
Net_id 117
pin_num 2
30 14 0
36 6 0
Net_id 118
pin_num 2
11 37 0
5 48 0
Net_id 119
pin_num 2
35 40 0
28 49 0
Net_id 120
pin_num 2
58 10 0
38 15 0
Net_id 121
pin_num 2
28 22 0
46 18 0
Net_id 122
pin_num 2
5 58 0
1 34 0
Net_id 123
pin_num 2
58 48 0
48 41 0
Net_id 124
pin_num 2
20 17 0
23 19 0
Net_id 125
pin_num 2
1 28 0
18 12 0
Net_id 126
pin_num 2
16 0 0
5 14 0
Net_id 127
pin_num 2
25 3 0
33 6 0
Net_id 128
pin_num 2
28 42 0
34 42 0
Net_id 129
pin_num 2
23 38 0
29 49 0
Net_id 130
pin_num 2
51 29 0
31 40 0
Net_id 131
pin_num 2
19 12 0
6 21 0
Net_id 132
pin_num 2
56 5 0
32 6 0
Net_id 133
pin_num 2
14 56 0
23 49 0
Net_id 134
pin_num 2
10 16 0
25 25 0
Net_id 135
pin_num 2
18 53 0
15 52 0
Net_id 136
pin_num 2
58 25 0
49 18 0
Net_id 137
pin_num 2
53 22 0
37 32 0
Net_id 138
pin_num 2
18 56 0
2 43 0
Net_id 139
pin_num 2
33 9 0
40 6 0
Net_id 140
pin_num 2
5 2 0
1 6 0
Net_id 141
pin_num 2
16 50 0
10 57 0
Net_id 142
pin_num 2
54 42 0
47 43 0
Net_id 143
pin_num 2
45 5 0
27 9 0
Net_id 144
pin_num 2
45 54 0
57 56 0
Net_id 145
pin_num 2
23 25 0
13 38 0
Net_id 146
pin_num 2
3 42 0
4 53 0
Net_id 147
pin_num 2
14 28 0
23 15 0
Net_id 148
pin_num 2
34 6 0
21 20 0
Net_id 149
pin_num 2
50 48 0
48 53 0
Net_id 150
pin_num 2
53 40 0
49 55 0
Net_id 151
pin_num 2
48 8 0
58 11 0
Net_id 152
pin_num 2
46 51 0
39 15 0
Net_id 153
pin_num 2
46 26 0
35 27 0
Net_id 154
pin_num 2
46 55 0
44 53 0
Net_id 155
pin_num 2
5 18 0
7 29 0
Net_id 156
pin_num 2
28 14 0
24 14 0
Net_id 157
pin_num 2
21 7 0
31 6 0
Net_id 158
pin_num 2
2 16 0
9 26 0
