Width 60
Height 60
Layer 6
Total_WL 6973
Obstacle_num 144
24 25 0 30 26 0
1 27 0 7 28 0
3 40 0 8 41 0
15 35 0 20 36 0
11 17 0 19 18 0
28 6 0 34 7 0
15 6 0 20 7 0
9 58 0 14 59 0
19 12 0 24 13 0
44 25 0 53 26 0
54 57 0 58 58 0
26 34 0 32 35 0
39 21 0 48 22 0
10 21 0 13 22 0
48 55 0 57 56 0
16 19 0 20 20 0
36 41 0 41 42 0
22 1 0 27 2 0
38 14 0 47 15 0
3 20 0 10 21 0
36 23 0 41 24 0
4 18 0 12 19 0
54 28 0 59 29 0
34 1 0 40 2 0
8 23 1 9 28 1
43 22 1 44 31 1
12 33 1 13 40 1
43 44 1 44 50 1
42 56 1 43 59 1
25 32 1 26 37 1
52 29 1 53 33 1
24 55 1 25 59 1
4 10 1 5 18 1
22 43 1 23 52 1
16 5 1 17 11 1
58 48 1 59 55 1
24 46 1 25 54 1
57 40 1 58 47 1
17 25 1 18 28 1
6 35 1 7 40 1
44 38 1 45 45 1
22 15 1 23 18 1
28 37 1 29 44 1
37 25 1 38 29 1
1 56 1 2 59 1
58 7 1 59 15 1
51 25 1 52 29 1
46 34 1 47 37 1
53 2 2 59 3 2
6 0 2 14 1 2
1 52 2 6 53 2
43 32 2 49 33 2
36 36 2 42 37 2
41 12 2 47 13 2
27 44 2 36 45 2
8 58 2 12 59 2
43 25 2 53 26 2
14 23 2 24 24 2
21 52 2 25 53 2
1 26 2 11 27 2
14 1 2 17 2 2
46 44 2 51 45 2
26 47 2 36 48 2
42 27 2 47 28 2
29 9 2 32 10 2
5 2 2 13 3 2
31 30 2 38 31 2
46 36 2 49 37 2
12 36 2 19 37 2
10 28 2 18 29 2
5 3 2 10 4 2
9 17 2 16 18 2
3 4 3 4 14 3
21 29 3 22 38 3
15 41 3 16 49 3
44 16 3 45 23 3
9 34 3 10 39 3
17 37 3 18 47 3
40 4 3 41 12 3
18 5 3 19 14 3
1 29 3 2 39 3
10 29 3 11 36 3
17 20 3 18 29 3
52 21 3 53 28 3
24 32 3 25 36 3
18 48 3 19 58 3
47 9 3 48 16 3
51 27 3 52 32 3
12 48 3 13 55 3
49 32 3 50 38 3
25 13 3 26 23 3
37 28 3 38 32 3
35 43 3 36 52 3
22 30 3 23 36 3
31 7 3 32 12 3
7 45 3 8 50 3
17 3 4 25 4 4
41 8 4 48 9 4
35 6 4 38 7 4
4 10 4 11 11 4
35 26 4 43 27 4
1 12 4 9 13 4
13 37 4 21 38 4
52 51 4 55 52 4
46 48 4 53 49 4
19 4 4 25 5 4
24 31 4 27 32 4
48 46 4 55 47 4
41 36 4 47 37 4
11 43 4 20 44 4
15 42 4 23 43 4
20 51 4 25 52 4
31 38 4 34 39 4
15 18 4 23 19 4
43 0 4 53 1 4
14 20 4 18 21 4
10 54 4 19 55 4
8 53 4 14 54 4
2 40 4 6 41 4
18 23 4 27 24 4
53 6 5 54 15 5
48 6 5 49 15 5
25 3 5 26 10 5
41 39 5 42 49 5
18 51 5 19 54 5
39 49 5 40 59 5
18 31 5 19 41 5
51 32 5 52 40 5
20 11 5 21 18 5
9 44 5 10 50 5
53 22 5 54 29 5
5 8 5 6 11 5
25 47 5 26 57 5
34 51 5 35 57 5
27 46 5 28 50 5
14 18 5 15 26 5
41 49 5 42 57 5
13 28 5 14 35 5
24 18 5 25 22 5
37 29 5 38 38 5
53 39 5 54 43 5
46 10 5 47 18 5
31 1 5 32 4 5
52 41 5 53 47 5
Net_num 160
Net_id 0
pin_num 5
39 35 0
48 36 0
47 19 0
42 26 0
52 33 0
Net_id 1
pin_num 5
38 55 0
57 55 0
45 59 0
59 52 0
44 49 0
Net_id 2
pin_num 5
59 29 0
58 32 0
58 21 0
42 24 0
53 28 0
Net_id 3
pin_num 5
8 22 0
16 21 0
9 5 0
15 11 0
0 20 0
Net_id 4
pin_num 5
19 40 0
7 42 0
18 55 0
20 59 0
23 58 0
Net_id 5
pin_num 5
45 11 0
36 0 0
29 4 0
31 1 0
36 19 0
Net_id 6
pin_num 5
45 52 0
31 52 0
26 59 0
26 52 0
29 49 0
Net_id 7
pin_num 5
56 0 0
52 0 0
55 12 0
50 7 0
45 0 0
Net_id 8
pin_num 5
12 43 0
6 47 0
9 42 0
2 46 0
0 33 0
Net_id 9
pin_num 5
19 48 0
16 33 0
19 43 0
40 33 0
19 42 0
Net_id 10
pin_num 5
58 18 0
50 31 0
42 18 0
59 17 0
59 38 0
Net_id 11
pin_num 5
59 43 0
58 44 0
42 39 0
48 54 0
35 54 0
Net_id 12
pin_num 5
25 4 0
23 13 0
0 6 0
0 4 0
5 1 0
Net_id 13
pin_num 5
21 30 0
27 40 0
26 19 0
45 30 0
27 53 0
Net_id 14
pin_num 5
6 14 0
1 15 0
1 23 0
0 5 0
1 4 0
Net_id 15
pin_num 5
1 43 0
5 57 0
24 44 0
4 35 0
17 59 0
Net_id 16
pin_num 5
52 29 0
55 19 0
44 26 0
56 5 0
58 17 0
Net_id 17
pin_num 5
0 21 0
8 17 0
2 42 0
2 15 0
15 34 0
Net_id 18
pin_num 5
33 20 0
23 27 0
19 26 0
0 27 0
12 42 0
Net_id 19
pin_num 5
41 25 0
36 25 0
31 25 0
33 22 0
30 24 0
Net_id 20
pin_num 4
23 9 0
17 10 0
15 0 0
26 5 0
Net_id 21
pin_num 4
51 9 0
59 16 0
59 1 0
59 0 0
Net_id 22
pin_num 4
7 16 0
1 9 0
15 10 0
10 15 0
Net_id 23
pin_num 4
33 41 0
36 49 0
58 42 0
40 43 0
Net_id 24
pin_num 4
57 20 0
37 20 0
55 30 0
38 34 0
Net_id 25
pin_num 4
42 33 0
46 38 0
38 35 0
33 37 0
Net_id 26
pin_num 4
24 59 0
19 57 0
44 59 0
40 53 0
Net_id 27
pin_num 4
58 20 0
57 17 0
39 18 0
48 23 0
Net_id 28
pin_num 4
57 27 0
50 24 0
35 28 0
40 13 0
Net_id 29
pin_num 4
35 15 0
24 16 0
27 29 0
41 19 0
Net_id 30
pin_num 4
43 16 0
40 27 0
47 14 0
49 1 0
Net_id 31
pin_num 4
14 34 0
0 26 0
0 55 0
0 48 0
Net_id 32
pin_num 4
7 1 0
5 11 0
6 28 0
15 13 0
Net_id 33
pin_num 4
17 25 0
13 31 0
33 28 0
14 14 0
Net_id 34
pin_num 4
45 47 0
57 38 0
49 56 0
58 38 0
Net_id 35
pin_num 4
47 0 0
48 8 0
58 1 0
58 4 0
Net_id 36
pin_num 4
52 40 0
43 31 0
49 24 0
41 33 0
Net_id 37
pin_num 4
4 4 0
22 2 0
15 2 0
12 8 0
Net_id 38
pin_num 4
28 23 0
23 28 0
29 29 0
28 35 0
Net_id 39
pin_num 4
2 31 0
9 23 0
5 13 0
6 41 0
Net_id 40
pin_num 4
30 11 0
21 17 0
33 14 0
26 6 0
Net_id 41
pin_num 3
33 58 0
35 57 0
30 43 0
Net_id 42
pin_num 3
10 55 0
3 56 0
8 35 0
Net_id 43
pin_num 3
34 14 0
48 12 0
46 22 0
Net_id 44
pin_num 3
12 14 0
20 0 0
18 22 0
Net_id 45
pin_num 3
59 47 0
46 56 0
53 56 0
Net_id 46
pin_num 3
10 35 0
8 16 0
30 31 0
Net_id 47
pin_num 3
34 6 0
38 3 0
53 21 0
Net_id 48
pin_num 3
6 23 0
13 21 0
21 18 0
Net_id 49
pin_num 3
32 49 0
40 45 0
25 59 0
Net_id 50
pin_num 3
19 30 0
12 25 0
37 15 0
Net_id 51
pin_num 3
28 55 0
34 58 0
32 43 0
Net_id 52
pin_num 3
42 50 0
54 56 0
36 53 0
Net_id 53
pin_num 3
52 5 0
58 15 0
25 10 0
Net_id 54
pin_num 3
58 35 0
48 17 0
48 58 0
Net_id 55
pin_num 3
32 35 0
24 32 0
31 45 0
Net_id 56
pin_num 3
27 12 0
40 29 0
51 30 0
Net_id 57
pin_num 3
15 16 0
27 6 0
41 9 0
Net_id 58
pin_num 3
26 17 0
23 20 0
23 3 0
Net_id 59
pin_num 3
25 0 0
35 2 0
32 9 0
Net_id 60
pin_num 3
14 48 0
15 54 0
0 51 0
Net_id 61
pin_num 3
31 2 0
36 20 0
28 10 0
Net_id 62
pin_num 3
17 12 0
10 36 0
30 27 0
Net_id 63
pin_num 3
49 0 0
53 16 0
46 4 0
Net_id 64
pin_num 3
29 17 0
38 38 0
48 21 0
Net_id 65
pin_num 3
6 36 0
0 25 0
22 28 0
Net_id 66
pin_num 3
8 29 0
3 19 0
7 0 0
Net_id 67
pin_num 3
17 38 0
30 38 0
37 49 0
Net_id 68
pin_num 3
1 1 0
6 0 0
4 25 0
Net_id 69
pin_num 3
36 7 0
43 19 0
41 2 0
Net_id 70
pin_num 3
34 19 0
39 13 0
39 29 0
Net_id 71
pin_num 3
43 58 0
36 58 0
46 53 0
Net_id 72
pin_num 3
29 18 0
49 21 0
38 0 0
Net_id 73
pin_num 3
7 36 0
31 29 0
26 18 0
Net_id 74
pin_num 3
10 17 0
19 34 0
11 32 0
Net_id 75
pin_num 3
45 6 0
33 3 0
17 15 0
Net_id 76
pin_num 3
44 23 0
40 32 0
49 37 0
Net_id 77
pin_num 3
4 3 0
11 3 0
4 28 0
Net_id 78
pin_num 3
16 14 0
22 8 0
25 7 0
Net_id 79
pin_num 3
11 23 0
19 24 0
4 30 0
Net_id 80
pin_num 2
0 56 0
5 59 0
Net_id 81
pin_num 2
13 37 0
4 48 0
Net_id 82
pin_num 2
51 54 0
56 58 0
Net_id 83
pin_num 2
36 12 0
39 34 0
Net_id 84
pin_num 2
33 39 0
23 45 0
Net_id 85
pin_num 2
27 39 0
55 17 0
Net_id 86
pin_num 2
47 49 0
51 38 0
Net_id 87
pin_num 2
29 23 0
30 1 0
Net_id 88
pin_num 2
46 31 0
52 41 0
Net_id 89
pin_num 2
58 50 0
39 56 0
Net_id 90
pin_num 2
24 42 0
7 38 0
Net_id 91
pin_num 2
39 8 0
54 1 0
Net_id 92
pin_num 2
19 36 0
42 40 0
Net_id 93
pin_num 2
18 20 0
10 1 0
Net_id 94
pin_num 2
13 0 0
8 0 0
Net_id 95
pin_num 2
56 52 0
43 40 0
Net_id 96
pin_num 2
31 9 0
29 13 0
Net_id 97
pin_num 2
50 46 0
40 46 0
Net_id 98
pin_num 2
57 48 0
52 46 0
Net_id 99
pin_num 2
19 47 0
34 47 0
Net_id 100
pin_num 2
20 24 0
32 29 0
Net_id 101
pin_num 2
42 49 0
35 56 0
Net_id 102
pin_num 2
54 14 0
50 12 0
Net_id 103
pin_num 2
51 45 0
42 59 0
Net_id 104
pin_num 2
14 41 0
3 17 0
Net_id 105
pin_num 2
21 35 0
19 53 0
Net_id 106
pin_num 2
18 50 0
38 48 0
Net_id 107
pin_num 2
11 50 0
5 35 0
Net_id 108
pin_num 2
37 21 0
23 31 0
Net_id 109
pin_num 2
52 45 0
58 56 0
Net_id 110
pin_num 2
23 38 0
26 32 0
Net_id 111
pin_num 2
44 27 0
25 37 0
Net_id 112
pin_num 2
42 6 0
33 1 0
Net_id 113
pin_num 2
35 11 0
31 7 0
Net_id 114
pin_num 2
29 27 0
22 40 0
Net_id 115
pin_num 2
35 38 0
19 25 0
Net_id 116
pin_num 2
7 41 0
13 36 0
Net_id 117
pin_num 2
17 47 0
12 32 0
Net_id 118
pin_num 2
15 21 0
21 40 0
Net_id 119
pin_num 2
33 50 0
24 39 0
Net_id 120
pin_num 2
9 29 0
27 26 0
Net_id 121
pin_num 2
56 36 0
41 27 0
Net_id 122
pin_num 2
20 22 0
20 30 0
Net_id 123
pin_num 2
14 44 0
14 56 0
Net_id 124
pin_num 2
6 8 0
2 44 0
Net_id 125
pin_num 2
39 0 0
39 4 0
Net_id 126
pin_num 2
42 44 0
41 40 0
Net_id 127
pin_num 2
55 31 0
41 44 0
Net_id 128
pin_num 2
29 14 0
45 29 0
Net_id 129
pin_num 2
28 31 0
1 5 0
Net_id 130
pin_num 2
35 31 0
42 38 0
Net_id 131
pin_num 2
19 18 0
10 16 0
Net_id 132
pin_num 2
22 41 0
21 45 0
Net_id 133
pin_num 2
45 41 0
23 46 0
Net_id 134
pin_num 2
37 4 0
9 24 0
Net_id 135
pin_num 2
52 44 0
57 33 0
Net_id 136
pin_num 2
27 24 0
41 4 0
Net_id 137
pin_num 2
55 56 0
53 58 0
Net_id 138
pin_num 2
55 9 0
44 4 0
Net_id 139
pin_num 2
46 11 0
33 5 0
Net_id 140
pin_num 2
57 32 0
58 16 0
Net_id 141
pin_num 2
51 32 0
37 50 0
Net_id 142
pin_num 2
11 40 0
0 49 0
Net_id 143
pin_num 2
5 6 0
11 6 0
Net_id 144
pin_num 2
28 26 0
51 36 0
Net_id 145
pin_num 2
34 5 0
54 10 0
Net_id 146
pin_num 2
7 51 0
15 59 0
Net_id 147
pin_num 2
17 44 0
35 40 0
Net_id 148
pin_num 2
20 20 0
44 45 0
Net_id 149
pin_num 2
52 4 0
33 27 0
Net_id 150
pin_num 2
10 52 0
10 59 0
Net_id 151
pin_num 2
45 44 0
43 51 0
Net_id 152
pin_num 2
53 41 0
45 34 0
Net_id 153
pin_num 2
37 19 0
39 22 0
Net_id 154
pin_num 2
56 25 0
49 22 0
Net_id 155
pin_num 2
36 17 0
34 39 0
Net_id 156
pin_num 2
43 47 0
55 38 0
Net_id 157
pin_num 2
53 32 0
53 19 0
Net_id 158
pin_num 2
5 32 0
19 41 0
Net_id 159
pin_num 2
14 59 0
6 51 0
