Width 60
Height 60
Layer 6
Total_WL 6306
Obstacle_num 144
5 47 0 15 48 0
32 31 0 40 32 0
11 44 0 19 45 0
7 23 0 14 24 0
23 14 0 28 15 0
27 40 0 32 41 0
43 6 0 49 7 0
13 35 0 23 36 0
25 52 0 28 53 0
47 39 0 56 40 0
35 29 0 42 30 0
44 26 0 53 27 0
31 41 0 40 42 0
54 28 0 58 29 0
51 29 0 59 30 0
24 25 0 31 26 0
34 34 0 40 35 0
9 32 0 18 33 0
40 37 0 47 38 0
7 16 0 17 17 0
39 50 0 43 51 0
15 19 0 24 20 0
35 30 0 44 31 0
14 15 0 22 16 0
4 7 1 5 14 1
5 48 1 6 51 1
46 37 1 47 40 1
27 42 1 28 52 1
19 25 1 20 32 1
27 1 1 28 11 1
37 11 1 38 18 1
30 39 1 31 43 1
19 50 1 20 58 1
35 11 1 36 15 1
43 1 1 44 11 1
18 14 1 19 18 1
9 34 1 10 42 1
12 31 1 13 39 1
41 21 1 42 25 1
22 18 1 23 22 1
39 55 1 40 58 1
12 18 1 13 27 1
13 39 1 14 49 1
41 49 1 42 57 1
2 47 1 3 50 1
29 43 1 30 47 1
36 40 1 37 50 1
7 12 1 8 17 1
1 53 2 4 54 2
12 57 2 18 58 2
25 13 2 29 14 2
26 55 2 32 56 2
9 43 2 18 44 2
21 20 2 25 21 2
40 22 2 46 23 2
6 30 2 15 31 2
20 49 2 23 50 2
55 50 2 59 51 2
10 58 2 16 59 2
32 43 2 42 44 2
6 4 2 10 5 2
10 42 2 14 43 2
34 8 2 44 9 2
47 48 2 52 49 2
12 15 2 21 16 2
20 41 2 23 42 2
54 7 2 59 8 2
40 20 2 48 21 2
32 15 2 41 16 2
34 30 2 39 31 2
49 21 2 53 22 2
3 14 2 12 15 2
34 49 3 35 55 3
25 43 3 26 50 3
26 34 3 27 38 3
48 24 3 49 33 3
50 15 3 51 19 3
27 26 3 28 33 3
12 16 3 13 19 3
47 30 3 48 35 3
32 28 3 33 33 3
13 11 3 14 14 3
39 20 3 40 27 3
23 20 3 24 29 3
45 52 3 46 55 3
56 47 3 57 51 3
10 45 3 11 50 3
17 24 3 18 29 3
16 50 3 17 56 3
40 47 3 41 53 3
48 39 3 49 48 3
50 2 3 51 6 3
48 49 3 49 57 3
19 13 3 20 22 3
15 52 3 16 59 3
21 23 3 22 27 3
14 54 4 23 55 4
21 22 4 28 23 4
49 33 4 56 34 4
45 16 4 48 17 4
41 4 4 51 5 4
0 6 4 7 7 4
3 5 4 9 6 4
26 18 4 34 19 4
21 36 4 29 37 4
46 27 4 55 28 4
27 20 4 36 21 4
53 29 4 58 30 4
29 34 4 33 35 4
16 4 4 21 5 4
31 9 4 34 10 4
42 22 4 47 23 4
28 4 4 35 5 4
8 40 4 11 41 4
34 3 4 41 4 4
5 25 4 12 26 4
1 45 4 5 46 4
8 42 4 15 43 4
6 0 4 14 1 4
13 45 4 23 46 4
23 55 5 24 58 5
54 34 5 55 44 5
35 13 5 36 23 5
18 0 5 19 5 5
2 8 5 3 12 5
30 34 5 31 42 5
29 30 5 30 33 5
33 23 5 34 28 5
56 37 5 57 45 5
25 5 5 26 8 5
48 7 5 49 15 5
1 21 5 2 28 5
13 43 5 14 47 5
0 55 5 1 58 5
8 50 5 9 57 5
3 27 5 4 35 5
24 10 5 25 16 5
38 48 5 39 52 5
23 10 5 24 14 5
38 3 5 39 10 5
8 39 5 9 48 5
15 46 5 16 51 5
34 15 5 35 21 5
25 8 5 26 18 5
Net_num 158
Net_id 0
pin_num 5
30 2 0
28 0 0
29 11 0
33 5 0
30 15 0
Net_id 1
pin_num 5
50 48 0
44 45 0
50 59 0
42 58 0
40 54 0
Net_id 2
pin_num 5
1 49 0
8 57 0
6 37 0
0 47 0
7 48 0
Net_id 3
pin_num 5
41 8 0
45 9 0
43 0 0
59 7 0
52 11 0
Net_id 4
pin_num 5
37 19 0
32 33 0
42 15 0
48 27 0
45 24 0
Net_id 5
pin_num 5
13 30 0
3 32 0
0 42 0
8 46 0
3 35 0
Net_id 6
pin_num 5
18 23 0
21 26 0
23 18 0
5 19 0
14 38 0
Net_id 7
pin_num 5
42 35 0
53 32 0
52 54 0
56 48 0
56 43 0
Net_id 8
pin_num 5
22 48 0
29 49 0
33 59 0
10 59 0
23 33 0
Net_id 9
pin_num 5
30 16 0
32 23 0
43 16 0
48 16 0
54 10 0
Net_id 10
pin_num 5
37 10 0
32 10 0
18 10 0
33 27 0
53 26 0
Net_id 11
pin_num 5
18 0 0
22 3 0
22 0 0
33 0 0
20 3 0
Net_id 12
pin_num 5
57 46 0
59 34 0
38 42 0
37 38 0
54 38 0
Net_id 13
pin_num 5
56 0 0
49 1 0
55 21 0
49 20 0
59 12 0
Net_id 14
pin_num 5
25 42 0
29 42 0
37 43 0
37 58 0
10 50 0
Net_id 15
pin_num 5
49 28 0
50 34 0
36 36 0
59 31 0
43 23 0
Net_id 16
pin_num 5
43 14 0
50 7 0
49 22 0
51 0 0
29 14 0
Net_id 17
pin_num 4
55 49 0
59 47 0
59 58 0
57 47 0
Net_id 18
pin_num 4
57 57 0
59 50 0
51 51 0
38 53 0
Net_id 19
pin_num 4
17 54 0
9 54 0
23 59 0
9 56 0
Net_id 20
pin_num 4
34 20 0
26 19 0
31 9 0
44 7 0
Net_id 21
pin_num 4
58 28 0
58 24 0
34 24 0
54 34 0
Net_id 22
pin_num 4
24 19 0
27 0 0
50 4 0
41 4 0
Net_id 23
pin_num 4
45 49 0
35 47 0
28 43 0
34 43 0
Net_id 24
pin_num 4
32 11 0
45 7 0
40 28 0
27 26 0
Net_id 25
pin_num 4
31 7 0
24 15 0
23 9 0
26 15 0
Net_id 26
pin_num 4
26 11 0
29 6 0
28 19 0
42 18 0
Net_id 27
pin_num 4
12 33 0
20 38 0
0 29 0
11 31 0
Net_id 28
pin_num 4
8 33 0
12 45 0
12 53 0
9 59 0
Net_id 29
pin_num 4
3 22 0
11 15 0
15 36 0
14 34 0
Net_id 30
pin_num 4
3 29 0
0 43 0
23 35 0
13 49 0
Net_id 31
pin_num 4
17 47 0
23 32 0
23 51 0
0 44 0
Net_id 32
pin_num 4
9 39 0
20 39 0
2 44 0
17 45 0
Net_id 33
pin_num 4
24 4 0
32 7 0
7 4 0
14 24 0
Net_id 34
pin_num 4
5 55 0
8 59 0
0 58 0
4 39 0
Net_id 35
pin_num 4
43 41 0
58 37 0
49 36 0
54 46 0
Net_id 36
pin_num 4
58 15 0
39 17 0
59 13 0
53 20 0
Net_id 37
pin_num 4
57 4 0
57 5 0
44 0 0
46 12 0
Net_id 38
pin_num 3
8 2 0
2 9 0
0 18 0
Net_id 39
pin_num 3
6 7 0
21 14 0
15 40 0
Net_id 40
pin_num 3
59 24 0
51 40 0
50 43 0
Net_id 41
pin_num 3
27 51 0
45 51 0
43 40 0
Net_id 42
pin_num 3
7 15 0
16 23 0
5 38 0
Net_id 43
pin_num 3
12 52 0
16 56 0
25 54 0
Net_id 44
pin_num 3
16 33 0
25 30 0
9 27 0
Net_id 45
pin_num 3
31 14 0
22 8 0
28 41 0
Net_id 46
pin_num 3
27 36 0
16 58 0
42 52 0
Net_id 47
pin_num 3
6 41 0
13 53 0
18 55 0
Net_id 48
pin_num 3
31 0 0
32 3 0
32 5 0
Net_id 49
pin_num 3
36 13 0
44 5 0
41 17 0
Net_id 50
pin_num 3
0 48 0
10 53 0
1 28 0
Net_id 51
pin_num 3
17 13 0
4 18 0
2 5 0
Net_id 52
pin_num 3
48 28 0
43 27 0
55 25 0
Net_id 53
pin_num 3
5 34 0
24 31 0
17 0 0
Net_id 54
pin_num 3
11 21 0
21 3 0
20 22 0
Net_id 55
pin_num 3
23 11 0
18 9 0
15 3 0
Net_id 56
pin_num 3
24 22 0
2 36 0
24 1 0
Net_id 57
pin_num 3
52 17 0
31 8 0
34 5 0
Net_id 58
pin_num 3
35 50 0
48 57 0
54 49 0
Net_id 59
pin_num 3
48 25 0
54 25 0
54 12 0
Net_id 60
pin_num 3
4 57 0
2 58 0
11 48 0
Net_id 61
pin_num 3
50 29 0
33 34 0
36 25 0
Net_id 62
pin_num 3
38 44 0
46 44 0
39 28 0
Net_id 63
pin_num 3
21 29 0
15 24 0
3 24 0
Net_id 64
pin_num 3
34 35 0
47 50 0
53 58 0
Net_id 65
pin_num 3
9 12 0
3 9 0
5 1 0
Net_id 66
pin_num 3
13 5 0
3 4 0
2 8 0
Net_id 67
pin_num 3
23 30 0
24 21 0
15 31 0
Net_id 68
pin_num 3
33 50 0
29 41 0
38 57 0
Net_id 69
pin_num 3
44 50 0
31 56 0
50 56 0
Net_id 70
pin_num 3
36 6 0
42 6 0
33 3 0
Net_id 71
pin_num 3
0 11 0
9 10 0
8 24 0
Net_id 72
pin_num 3
50 20 0
52 24 0
51 12 0
Net_id 73
pin_num 3
44 17 0
34 36 0
57 7 0
Net_id 74
pin_num 3
7 57 0
1 56 0
2 41 0
Net_id 75
pin_num 3
46 57 0
42 47 0
34 57 0
Net_id 76
pin_num 3
43 19 0
59 18 0
48 17 0
Net_id 77
pin_num 3
41 27 0
35 9 0
58 18 0
Net_id 78
pin_num 2
7 1 0
21 12 0
Net_id 79
pin_num 2
34 18 0
52 28 0
Net_id 80
pin_num 2
13 43 0
5 39 0
Net_id 81
pin_num 2
32 39 0
58 52 0
Net_id 82
pin_num 2
20 47 0
19 36 0
Net_id 83
pin_num 2
28 54 0
9 58 0
Net_id 84
pin_num 2
43 55 0
47 53 0
Net_id 85
pin_num 2
0 1 0
4 2 0
Net_id 86
pin_num 2
58 43 0
57 39 0
Net_id 87
pin_num 2
20 7 0
17 3 0
Net_id 88
pin_num 2
34 14 0
48 1 0
Net_id 89
pin_num 2
3 58 0
5 54 0
Net_id 90
pin_num 2
24 49 0
2 54 0
Net_id 91
pin_num 2
19 57 0
33 40 0
Net_id 92
pin_num 2
40 53 0
40 59 0
Net_id 93
pin_num 2
26 2 0
17 2 0
Net_id 94
pin_num 2
34 54 0
25 53 0
Net_id 95
pin_num 2
27 50 0
19 58 0
Net_id 96
pin_num 2
52 13 0
44 3 0
Net_id 97
pin_num 2
39 58 0
35 58 0
Net_id 98
pin_num 2
21 7 0
36 21 0
Net_id 99
pin_num 2
55 27 0
48 36 0
Net_id 100
pin_num 2
51 54 0
44 52 0
Net_id 101
pin_num 2
14 30 0
20 25 0
Net_id 102
pin_num 2
32 30 0
38 36 0
Net_id 103
pin_num 2
29 19 0
44 2 0
Net_id 104
pin_num 2
30 53 0
29 59 0
Net_id 105
pin_num 2
37 48 0
35 56 0
Net_id 106
pin_num 2
59 14 0
53 13 0
Net_id 107
pin_num 2
32 44 0
37 57 0
Net_id 108
pin_num 2
46 34 0
40 31 0
Net_id 109
pin_num 2
26 16 0
14 3 0
Net_id 110
pin_num 2
14 20 0
3 7 0
Net_id 111
pin_num 2
0 46 0
5 42 0
Net_id 112
pin_num 2
52 55 0
50 35 0
Net_id 113
pin_num 2
56 1 0
48 2 0
Net_id 114
pin_num 2
50 14 0
55 32 0
Net_id 115
pin_num 2
48 35 0
50 21 0
Net_id 116
pin_num 2
42 41 0
40 45 0
Net_id 117
pin_num 2
17 23 0
5 28 0
Net_id 118
pin_num 2
40 1 0
36 20 0
Net_id 119
pin_num 2
47 18 0
57 22 0
Net_id 120
pin_num 2
7 24 0
4 29 0
Net_id 121
pin_num 2
45 27 0
47 33 0
Net_id 122
pin_num 2
53 45 0
32 58 0
Net_id 123
pin_num 2
32 47 0
31 27 0
Net_id 124
pin_num 2
55 34 0
57 44 0
Net_id 125
pin_num 2
34 9 0
32 15 0
Net_id 126
pin_num 2
22 34 0
42 43 0
Net_id 127
pin_num 2
13 38 0
13 31 0
Net_id 128
pin_num 2
26 12 0
42 21 0
Net_id 129
pin_num 2
41 40 0
44 13 0
Net_id 130
pin_num 2
44 4 0
52 3 0
Net_id 131
pin_num 2
53 59 0
43 39 0
Net_id 132
pin_num 2
7 20 0
3 8 0
Net_id 133
pin_num 2
0 4 0
9 17 0
Net_id 134
pin_num 2
1 47 0
3 45 0
Net_id 135
pin_num 2
50 55 0
28 46 0
Net_id 136
pin_num 2
15 48 0
32 37 0
Net_id 137
pin_num 2
56 25 0
58 10 0
Net_id 138
pin_num 2
56 26 0
54 8 0
Net_id 139
pin_num 2
53 4 0
58 8 0
Net_id 140
pin_num 2
55 45 0
45 30 0
Net_id 141
pin_num 2
14 12 0
3 5 0
Net_id 142
pin_num 2
45 32 0
16 40 0
Net_id 143
pin_num 2
14 23 0
7 18 0
Net_id 144
pin_num 2
30 43 0
40 35 0
Net_id 145
pin_num 2
51 52 0
41 57 0
Net_id 146
pin_num 2
36 3 0
37 5 0
Net_id 147
pin_num 2
5 51 0
0 54 0
Net_id 148
pin_num 2
41 1 0
52 12 0
Net_id 149
pin_num 2
6 39 0
24 17 0
Net_id 150
pin_num 2
22 36 0
10 18 0
Net_id 151
pin_num 2
34 4 0
39 2 0
Net_id 152
pin_num 2
17 43 0
14 45 0
Net_id 153
pin_num 2
56 57 0
52 56 0
Net_id 154
pin_num 2
49 9 0
41 25 0
Net_id 155
pin_num 2
52 50 0
54 52 0
Net_id 156
pin_num 2
47 43 0
32 53 0
Net_id 157
pin_num 2
28 58 0
48 37 0
