Width 60
Height 60
Layer 6
Total_WL 6718
Obstacle_num 144
13 20 0 23 21 0
39 47 0 42 48 0
37 18 0 45 19 0
53 20 0 56 21 0
41 23 0 47 24 0
18 50 0 21 51 0
43 33 0 47 34 0
41 55 0 45 56 0
25 3 0 32 4 0
46 37 0 49 38 0
5 6 0 12 7 0
34 34 0 43 35 0
30 16 0 35 17 0
28 55 0 31 56 0
41 7 0 51 8 0
33 21 0 41 22 0
49 13 0 58 14 0
17 42 0 25 43 0
19 2 0 29 3 0
11 13 0 14 14 0
52 1 0 57 2 0
21 7 0 30 8 0
48 28 0 51 29 0
34 8 0 38 9 0
37 29 1 38 36 1
1 47 1 2 54 1
50 32 1 51 41 1
52 47 1 53 55 1
14 18 1 15 24 1
33 11 1 34 14 1
51 20 1 52 25 1
1 18 1 2 28 1
21 48 1 22 53 1
2 35 1 3 42 1
45 12 1 46 15 1
30 37 1 31 44 1
52 6 1 53 12 1
4 15 1 5 22 1
44 24 1 45 27 1
0 23 1 1 33 1
42 13 1 43 18 1
15 2 1 16 5 1
46 34 1 47 42 1
25 23 1 26 32 1
30 48 1 31 57 1
9 53 1 10 56 1
28 44 1 29 50 1
3 4 1 4 9 1
35 7 2 39 8 2
44 27 2 49 28 2
27 53 2 37 54 2
50 20 2 57 21 2
51 47 2 59 48 2
26 48 2 30 49 2
53 43 2 56 44 2
20 58 2 24 59 2
41 14 2 44 15 2
17 55 2 23 56 2
17 18 2 25 19 2
39 17 2 47 18 2
39 11 2 47 12 2
26 2 2 34 3 2
5 25 2 10 26 2
1 21 2 10 22 2
22 17 2 30 18 2
5 20 2 10 21 2
38 35 2 46 36 2
14 40 2 17 41 2
19 5 2 27 6 2
37 19 2 44 20 2
16 17 2 19 18 2
26 49 2 30 50 2
43 30 3 44 40 3
27 33 3 28 38 3
37 12 3 38 21 3
58 11 3 59 18 3
11 45 3 12 53 3
13 39 3 14 46 3
38 44 3 39 49 3
33 3 3 34 11 3
53 12 3 54 18 3
56 41 3 57 44 3
48 24 3 49 28 3
9 29 3 10 35 3
42 11 3 43 21 3
13 18 3 14 21 3
19 37 3 20 42 3
44 37 3 45 41 3
19 1 3 20 6 3
43 15 3 44 25 3
15 37 3 16 41 3
6 33 3 7 39 3
31 48 3 32 56 3
56 19 3 57 23 3
13 1 3 14 10 3
32 27 3 33 36 3
25 51 4 33 52 4
26 4 4 31 5 4
42 39 4 50 40 4
25 6 4 29 7 4
39 20 4 47 21 4
39 9 4 48 10 4
9 51 4 13 52 4
28 45 4 32 46 4
46 48 4 53 49 4
13 45 4 17 46 4
3 48 4 6 49 4
42 18 4 45 19 4
47 42 4 55 43 4
9 8 4 16 9 4
6 6 4 11 7 4
17 57 4 27 58 4
52 34 4 56 35 4
49 1 4 59 2 4
33 37 4 39 38 4
8 24 4 12 25 4
52 52 4 57 53 4
8 33 4 13 34 4
1 9 4 10 10 4
18 8 4 23 9 4
1 37 5 2 40 5
48 19 5 49 22 5
39 23 5 40 33 5
50 28 5 51 32 5
26 31 5 27 34 5
28 19 5 29 23 5
51 20 5 52 26 5
31 30 5 32 36 5
38 29 5 39 38 5
26 4 5 27 11 5
12 2 5 13 7 5
9 10 5 10 16 5
21 48 5 22 54 5
16 2 5 17 12 5
46 4 5 47 14 5
56 51 5 57 55 5
23 22 5 24 31 5
1 20 5 2 28 5
14 13 5 15 19 5
3 44 5 4 48 5
9 16 5 10 25 5
49 44 5 50 49 5
52 54 5 53 58 5
57 44 5 58 51 5
Net_num 159
Net_id 0
pin_num 5
23 38 0
36 44 0
36 36 0
30 59 0
36 18 0
Net_id 1
pin_num 5
44 46 0
44 38 0
29 46 0
57 43 0
52 59 0
Net_id 2
pin_num 5
10 46 0
12 45 0
0 46 0
1 45 0
3 57 0
Net_id 3
pin_num 5
32 47 0
38 43 0
35 54 0
22 57 0
26 47 0
Net_id 4
pin_num 5
12 36 0
27 41 0
20 53 0
16 55 0
16 37 0
Net_id 5
pin_num 5
27 45 0
42 47 0
29 41 0
27 44 0
48 45 0
Net_id 6
pin_num 5
9 46 0
2 46 0
5 41 0
6 32 0
15 35 0
Net_id 7
pin_num 5
11 10 0
20 19 0
15 19 0
5 11 0
35 13 0
Net_id 8
pin_num 5
40 25 0
38 22 0
39 16 0
57 22 0
57 33 0
Net_id 9
pin_num 5
32 27 0
41 21 0
41 10 0
41 36 0
59 19 0
Net_id 10
pin_num 5
8 36 0
9 30 0
14 30 0
0 33 0
0 9 0
Net_id 11
pin_num 5
35 56 0
27 56 0
31 45 0
53 56 0
13 49 0
Net_id 12
pin_num 5
57 18 0
50 12 0
59 14 0
52 35 0
53 0 0
Net_id 13
pin_num 5
4 25 0
4 31 0
4 22 0
1 33 0
8 33 0
Net_id 14
pin_num 5
26 54 0
13 54 0
19 59 0
23 31 0
17 43 0
Net_id 15
pin_num 5
4 38 0
10 41 0
1 39 0
21 47 0
2 34 0
Net_id 16
pin_num 5
52 10 0
56 12 0
55 25 0
54 5 0
55 32 0
Net_id 17
pin_num 5
22 58 0
16 59 0
18 53 0
16 35 0
23 55 0
Net_id 18
pin_num 5
12 53 0
24 48 0
7 49 0
23 59 0
10 59 0
Net_id 19
pin_num 5
45 44 0
52 44 0
47 42 0
46 50 0
59 47 0
Net_id 20
pin_num 5
41 44 0
29 52 0
36 59 0
26 46 0
37 42 0
Net_id 21
pin_num 4
52 46 0
45 52 0
38 50 0
43 41 0
Net_id 22
pin_num 4
20 30 0
16 29 0
4 29 0
7 8 0
Net_id 23
pin_num 4
9 48 0
22 47 0
11 56 0
12 49 0
Net_id 24
pin_num 4
44 0 0
42 4 0
27 0 0
32 17 0
Net_id 25
pin_num 4
45 9 0
57 0 0
48 22 0
49 15 0
Net_id 26
pin_num 4
10 55 0
11 57 0
22 59 0
37 59 0
Net_id 27
pin_num 4
51 1 0
36 3 0
26 0 0
32 18 0
Net_id 28
pin_num 4
54 48 0
48 59 0
59 41 0
51 45 0
Net_id 29
pin_num 4
29 31 0
17 28 0
26 23 0
14 27 0
Net_id 30
pin_num 4
30 25 0
42 33 0
42 21 0
19 32 0
Net_id 31
pin_num 4
37 20 0
46 20 0
37 10 0
32 11 0
Net_id 32
pin_num 4
7 27 0
3 39 0
13 18 0
21 34 0
Net_id 33
pin_num 4
15 42 0
0 44 0
6 59 0
0 43 0
Net_id 34
pin_num 4
45 27 0
36 25 0
54 27 0
52 21 0
Net_id 35
pin_num 4
25 21 0
22 12 0
32 28 0
25 10 0
Net_id 36
pin_num 4
57 34 0
57 41 0
40 40 0
59 59 0
Net_id 37
pin_num 4
22 26 0
21 11 0
33 22 0
10 19 0
Net_id 38
pin_num 4
25 39 0
32 39 0
51 39 0
33 36 0
Net_id 39
pin_num 4
38 35 0
51 38 0
43 51 0
45 24 0
Net_id 40
pin_num 4
25 41 0
19 39 0
18 46 0
21 22 0
Net_id 41
pin_num 3
20 23 0
18 26 0
18 33 0
Net_id 42
pin_num 3
46 53 0
37 41 0
1 46 0
Net_id 43
pin_num 3
29 30 0
38 30 0
27 35 0
Net_id 44
pin_num 3
37 3 0
49 3 0
59 4 0
Net_id 45
pin_num 3
28 1 0
15 6 0
44 6 0
Net_id 46
pin_num 3
1 19 0
6 15 0
0 34 0
Net_id 47
pin_num 3
45 40 0
23 29 0
35 29 0
Net_id 48
pin_num 3
33 32 0
23 24 0
33 17 0
Net_id 49
pin_num 3
1 16 0
1 10 0
22 14 0
Net_id 50
pin_num 3
27 42 0
4 35 0
10 7 0
Net_id 51
pin_num 3
8 32 0
2 48 0
12 47 0
Net_id 52
pin_num 3
21 24 0
28 41 0
56 27 0
Net_id 53
pin_num 3
25 59 0
28 52 0
4 52 0
Net_id 54
pin_num 3
22 11 0
34 7 0
31 14 0
Net_id 55
pin_num 3
53 16 0
40 10 0
36 1 0
Net_id 56
pin_num 3
58 32 0
51 34 0
49 42 0
Net_id 57
pin_num 3
56 19 0
48 19 0
54 36 0
Net_id 58
pin_num 3
2 35 0
0 40 0
24 40 0
Net_id 59
pin_num 3
18 43 0
37 50 0
27 59 0
Net_id 60
pin_num 3
1 29 0
7 36 0
3 41 0
Net_id 61
pin_num 3
10 12 0
4 3 0
14 8 0
Net_id 62
pin_num 3
9 13 0
2 23 0
19 15 0
Net_id 63
pin_num 3
57 4 0
57 12 0
59 0 0
Net_id 64
pin_num 3
2 1 0
13 15 0
3 15 0
Net_id 65
pin_num 3
6 21 0
1 11 0
4 17 0
Net_id 66
pin_num 3
15 25 0
10 9 0
1 2 0
Net_id 67
pin_num 3
17 19 0
25 9 0
35 15 0
Net_id 68
pin_num 3
45 49 0
44 58 0
35 49 0
Net_id 69
pin_num 3
25 36 0
38 58 0
11 38 0
Net_id 70
pin_num 3
31 10 0
12 1 0
3 27 0
Net_id 71
pin_num 3
19 33 0
42 36 0
39 59 0
Net_id 72
pin_num 3
39 13 0
28 15 0
31 11 0
Net_id 73
pin_num 3
55 40 0
53 54 0
57 53 0
Net_id 74
pin_num 3
39 2 0
58 11 0
50 10 0
Net_id 75
pin_num 3
44 51 0
44 48 0
49 34 0
Net_id 76
pin_num 3
20 5 0
2 2 0
17 1 0
Net_id 77
pin_num 3
55 39 0
44 32 0
49 6 0
Net_id 78
pin_num 3
2 50 0
20 57 0
4 55 0
Net_id 79
pin_num 3
56 0 0
54 2 0
53 11 0
Net_id 80
pin_num 3
30 15 0
27 14 0
29 40 0
Net_id 81
pin_num 3
33 34 0
14 39 0
0 52 0
Net_id 82
pin_num 2
31 53 0
24 47 0
Net_id 83
pin_num 2
55 12 0
44 31 0
Net_id 84
pin_num 2
51 28 0
55 35 0
Net_id 85
pin_num 2
29 24 0
18 47 0
Net_id 86
pin_num 2
55 29 0
57 35 0
Net_id 87
pin_num 2
8 41 0
9 37 0
Net_id 88
pin_num 2
43 34 0
45 41 0
Net_id 89
pin_num 2
48 18 0
53 44 0
Net_id 90
pin_num 2
32 53 0
38 55 0
Net_id 91
pin_num 2
15 43 0
34 26 0
Net_id 92
pin_num 2
26 40 0
34 31 0
Net_id 93
pin_num 2
55 16 0
45 18 0
Net_id 94
pin_num 2
32 9 0
20 10 0
Net_id 95
pin_num 2
49 49 0
57 48 0
Net_id 96
pin_num 2
37 26 0
26 41 0
Net_id 97
pin_num 2
10 36 0
26 44 0
Net_id 98
pin_num 2
29 1 0
44 12 0
Net_id 99
pin_num 2
2 16 0
15 24 0
Net_id 100
pin_num 2
32 19 0
30 18 0
Net_id 101
pin_num 2
48 47 0
42 43 0
Net_id 102
pin_num 2
59 57 0
38 52 0
Net_id 103
pin_num 2
40 4 0
8 4 0
Net_id 104
pin_num 2
56 41 0
40 53 0
Net_id 105
pin_num 2
42 45 0
38 42 0
Net_id 106
pin_num 2
32 37 0
27 37 0
Net_id 107
pin_num 2
6 3 0
19 11 0
Net_id 108
pin_num 2
1 22 0
17 31 0
Net_id 109
pin_num 2
4 11 0
9 22 0
Net_id 110
pin_num 2
58 37 0
51 32 0
Net_id 111
pin_num 2
58 20 0
59 22 0
Net_id 112
pin_num 2
57 30 0
44 36 0
Net_id 113
pin_num 2
46 26 0
31 5 0
Net_id 114
pin_num 2
10 17 0
3 26 0
Net_id 115
pin_num 2
15 22 0
5 5 0
Net_id 116
pin_num 2
0 2 0
7 1 0
Net_id 117
pin_num 2
36 55 0
24 45 0
Net_id 118
pin_num 2
34 37 0
31 35 0
Net_id 119
pin_num 2
20 0 0
26 8 0
Net_id 120
pin_num 2
6 22 0
11 41 0
Net_id 121
pin_num 2
1 30 0
15 28 0
Net_id 122
pin_num 2
56 30 0
34 48 0
Net_id 123
pin_num 2
25 32 0
47 36 0
Net_id 124
pin_num 2
22 46 0
9 57 0
Net_id 125
pin_num 2
50 55 0
54 45 0
Net_id 126
pin_num 2
6 19 0
2 11 0
Net_id 127
pin_num 2
17 8 0
25 5 0
Net_id 128
pin_num 2
47 5 0
40 5 0
Net_id 129
pin_num 2
41 54 0
46 59 0
Net_id 130
pin_num 2
46 52 0
53 53 0
Net_id 131
pin_num 2
13 3 0
26 35 0
Net_id 132
pin_num 2
6 58 0
5 53 0
Net_id 133
pin_num 2
13 41 0
18 21 0
Net_id 134
pin_num 2
17 2 0
10 10 0
Net_id 135
pin_num 2
54 26 0
48 26 0
Net_id 136
pin_num 2
10 50 0
0 53 0
Net_id 137
pin_num 2
1 37 0
7 51 0
Net_id 138
pin_num 2
44 5 0
35 10 0
Net_id 139
pin_num 2
16 51 0
38 51 0
Net_id 140
pin_num 2
49 58 0
58 38 0
Net_id 141
pin_num 2
14 38 0
32 20 0
Net_id 142
pin_num 2
21 45 0
10 25 0
Net_id 143
pin_num 2
20 58 0
10 49 0
Net_id 144
pin_num 2
30 12 0
26 16 0
Net_id 145
pin_num 2
4 49 0
2 49 0
Net_id 146
pin_num 2
10 42 0
4 54 0
Net_id 147
pin_num 2
32 57 0
27 57 0
Net_id 148
pin_num 2
29 48 0
35 31 0
Net_id 149
pin_num 2
50 32 0
39 15 0
Net_id 150
pin_num 2
26 26 0
12 31 0
Net_id 151
pin_num 2
38 17 0
24 0 0
Net_id 152
pin_num 2
54 21 0
47 32 0
Net_id 153
pin_num 2
15 30 0
15 37 0
Net_id 154
pin_num 2
8 59 0
13 56 0
Net_id 155
pin_num 2
43 52 0
39 55 0
Net_id 156
pin_num 2
55 53 0
39 36 0
Net_id 157
pin_num 2
33 1 0
41 4 0
Net_id 158
pin_num 2
47 54 0
54 56 0
