Width 60
Height 60
Layer 6
Total_WL 6799
Obstacle_num 144
37 47 0 45 48 0
2 42 0 12 43 0
1 8 0 11 9 0
8 3 0 18 4 0
17 18 0 21 19 0
21 33 0 24 34 0
50 21 0 54 22 0
22 1 0 27 2 0
43 29 0 48 30 0
44 25 0 50 26 0
20 14 0 29 15 0
10 29 0 15 30 0
30 53 0 37 54 0
49 24 0 53 25 0
35 43 0 38 44 0
19 12 0 28 13 0
30 24 0 40 25 0
5 50 0 9 51 0
31 47 0 35 48 0
3 20 0 10 21 0
20 28 0 25 29 0
48 57 0 58 58 0
33 8 0 43 9 0
6 45 0 9 46 0
22 21 1 23 28 1
5 36 1 6 44 1
46 44 1 47 50 1
35 45 1 36 52 1
58 4 1 59 7 1
6 27 1 7 35 1
16 11 1 17 15 1
18 5 1 19 11 1
34 1 1 35 8 1
18 12 1 19 20 1
8 6 1 9 10 1
44 26 1 45 35 1
44 52 1 45 55 1
48 37 1 49 42 1
31 54 1 32 57 1
26 11 1 27 21 1
14 44 1 15 47 1
53 20 1 54 30 1
7 8 1 8 14 1
11 32 1 12 36 1
49 31 1 50 39 1
29 42 1 30 47 1
49 48 1 50 54 1
49 17 1 50 26 1
44 24 2 48 25 2
36 17 2 39 18 2
32 29 2 37 30 2
39 8 2 46 9 2
52 7 2 59 8 2
36 2 2 44 3 2
24 33 2 30 34 2
35 15 2 43 16 2
14 12 2 21 13 2
41 30 2 44 31 2
43 33 2 49 34 2
19 9 2 25 10 2
15 44 2 19 45 2
47 41 2 51 42 2
41 57 2 46 58 2
19 43 2 29 44 2
21 44 2 30 45 2
33 2 2 36 3 2
39 35 2 42 36 2
24 39 2 30 40 2
18 48 2 28 49 2
17 29 2 20 30 2
34 48 2 40 49 2
32 10 2 35 11 2
4 34 3 5 43 3
37 52 3 38 55 3
2 8 3 3 17 3
35 9 3 36 14 3
42 51 3 43 54 3
41 25 3 42 31 3
23 12 3 24 20 3
48 39 3 49 46 3
49 20 3 50 28 3
13 49 3 14 59 3
4 45 3 5 52 3
19 46 3 20 51 3
0 5 3 1 13 3
35 51 3 36 59 3
56 10 3 57 15 3
6 41 3 7 45 3
11 26 3 12 30 3
28 21 3 29 26 3
50 25 3 51 32 3
0 16 3 1 24 3
4 22 3 5 29 3
28 8 3 29 16 3
19 6 3 20 15 3
57 2 3 58 11 3
30 57 4 39 58 4
8 37 4 17 38 4
9 22 4 18 23 4
50 15 4 56 16 4
43 7 4 52 8 4
0 23 4 8 24 4
46 38 4 50 39 4
16 2 4 23 3 4
15 16 4 24 17 4
30 10 4 40 11 4
8 13 4 15 14 4
5 40 4 10 41 4
5 6 4 13 7 4
6 0 4 12 1 4
28 14 4 36 15 4
39 19 4 46 20 4
28 56 4 31 57 4
5 52 4 15 53 4
25 3 4 33 4 4
47 23 4 55 24 4
29 28 4 35 29 4
44 1 4 51 2 4
48 52 4 56 53 4
46 16 4 52 17 4
12 39 5 13 42 5
43 1 5 44 6 5
51 24 5 52 28 5
12 28 5 13 35 5
48 16 5 49 19 5
57 35 5 58 41 5
47 9 5 48 13 5
40 37 5 41 40 5
46 1 5 47 7 5
51 17 5 52 21 5
20 16 5 21 22 5
44 47 5 45 52 5
32 6 5 33 12 5
54 7 5 55 16 5
11 23 5 12 31 5
50 49 5 51 54 5
13 33 5 14 37 5
55 24 5 56 28 5
49 10 5 50 19 5
30 24 5 31 30 5
53 23 5 54 32 5
5 46 5 6 52 5
50 33 5 51 41 5
2 8 5 3 15 5
Net_num 158
Net_id 0
pin_num 5
16 20 0
19 19 0
37 20 0
27 16 0
25 34 0
Net_id 1
pin_num 5
10 6 0
15 0 0
11 16 0
1 0 0
15 6 0
Net_id 2
pin_num 5
33 56 0
21 56 0
39 56 0
24 50 0
27 47 0
Net_id 3
pin_num 5
53 4 0
41 4 0
44 1 0
25 0 0
51 7 0
Net_id 4
pin_num 5
46 33 0
50 36 0
59 41 0
35 35 0
52 56 0
Net_id 5
pin_num 5
25 42 0
39 37 0
33 30 0
19 41 0
0 41 0
Net_id 6
pin_num 5
47 22 0
36 22 0
45 28 0
46 5 0
58 0 0
Net_id 7
pin_num 5
56 25 0
50 33 0
43 28 0
57 33 0
59 31 0
Net_id 8
pin_num 5
24 15 0
24 26 0
35 25 0
43 21 0
33 12 0
Net_id 9
pin_num 5
21 17 0
27 17 0
23 31 0
23 43 0
10 37 0
Net_id 10
pin_num 5
54 17 0
57 4 0
52 8 0
54 6 0
53 0 0
Net_id 11
pin_num 5
1 52 0
15 53 0
4 59 0
6 57 0
0 52 0
Net_id 12
pin_num 5
54 45 0
48 45 0
29 45 0
57 42 0
54 31 0
Net_id 13
pin_num 5
36 3 0
49 3 0
39 15 0
52 0 0
45 0 0
Net_id 14
pin_num 5
58 21 0
54 20 0
54 28 0
54 14 0
54 8 0
Net_id 15
pin_num 5
50 22 0
55 2 0
49 13 0
48 19 0
15 20 0
Net_id 16
pin_num 5
27 58 0
11 54 0
12 46 0
17 51 0
36 54 0
Net_id 17
pin_num 5
35 5 0
28 6 0
4 5 0
7 7 0
27 13 0
Net_id 18
pin_num 5
11 1 0
3 1 0
9 11 0
13 0 0
0 14 0
Net_id 19
pin_num 5
12 33 0
5 33 0
9 30 0
7 48 0
12 38 0
Net_id 20
pin_num 4
21 6 0
16 4 0
25 16 0
21 18 0
Net_id 21
pin_num 4
3 6 0
11 5 0
0 15 0
25 2 0
Net_id 22
pin_num 4
32 52 0
22 45 0
22 32 0
5 45 0
Net_id 23
pin_num 4
56 35 0
59 33 0
55 40 0
49 35 0
Net_id 24
pin_num 4
49 58 0
57 58 0
12 44 0
0 51 0
Net_id 25
pin_num 4
13 34 0
24 30 0
17 42 0
10 34 0
Net_id 26
pin_num 4
27 48 0
33 57 0
39 55 0
45 59 0
Net_id 27
pin_num 4
52 20 0
41 16 0
44 23 0
45 2 0
Net_id 28
pin_num 4
48 53 0
51 51 0
44 37 0
48 23 0
Net_id 29
pin_num 4
46 54 0
54 59 0
53 51 0
37 52 0
Net_id 30
pin_num 4
56 47 0
43 50 0
21 50 0
35 41 0
Net_id 31
pin_num 4
57 53 0
41 56 0
29 53 0
49 51 0
Net_id 32
pin_num 4
45 50 0
51 46 0
50 19 0
55 23 0
Net_id 33
pin_num 4
43 44 0
36 44 0
21 42 0
33 55 0
Net_id 34
pin_num 4
54 26 0
52 30 0
48 30 0
58 23 0
Net_id 35
pin_num 4
8 17 0
4 14 0
12 6 0
22 13 0
Net_id 36
pin_num 4
5 53 0
10 57 0
14 53 0
11 53 0
Net_id 37
pin_num 4
17 39 0
24 35 0
19 28 0
16 21 0
Net_id 38
pin_num 4
59 19 0
57 24 0
48 24 0
35 27 0
Net_id 39
pin_num 3
36 31 0
37 36 0
37 11 0
Net_id 40
pin_num 3
59 52 0
54 43 0
55 56 0
Net_id 41
pin_num 3
45 19 0
37 4 0
40 29 0
Net_id 42
pin_num 3
12 34 0
19 27 0
11 39 0
Net_id 43
pin_num 3
59 45 0
56 52 0
58 27 0
Net_id 44
pin_num 3
53 58 0
54 48 0
46 57 0
Net_id 45
pin_num 3
28 23 0
18 40 0
18 4 0
Net_id 46
pin_num 3
6 51 0
4 56 0
16 46 0
Net_id 47
pin_num 3
7 59 0
1 51 0
21 58 0
Net_id 48
pin_num 3
3 13 0
10 18 0
34 15 0
Net_id 49
pin_num 3
22 0 0
13 17 0
16 8 0
Net_id 50
pin_num 3
39 11 0
30 7 0
54 29 0
Net_id 51
pin_num 3
18 58 0
4 50 0
35 52 0
Net_id 52
pin_num 3
1 10 0
7 4 0
14 23 0
Net_id 53
pin_num 3
45 33 0
34 27 0
38 51 0
Net_id 54
pin_num 3
39 17 0
32 26 0
28 8 0
Net_id 55
pin_num 3
43 20 0
49 17 0
58 53 0
Net_id 56
pin_num 3
7 14 0
14 17 0
20 5 0
Net_id 57
pin_num 3
55 14 0
59 29 0
53 30 0
Net_id 58
pin_num 3
14 59 0
7 49 0
2 57 0
Net_id 59
pin_num 3
29 12 0
32 9 0
34 26 0
Net_id 60
pin_num 3
9 37 0
6 40 0
0 29 0
Net_id 61
pin_num 3
27 36 0
9 36 0
16 42 0
Net_id 62
pin_num 3
27 35 0
35 26 0
34 57 0
Net_id 63
pin_num 3
19 5 0
11 19 0
19 6 0
Net_id 64
pin_num 3
37 53 0
42 52 0
14 20 0
Net_id 65
pin_num 3
45 58 0
57 12 0
53 44 0
Net_id 66
pin_num 3
30 22 0
20 32 0
20 42 0
Net_id 67
pin_num 3
42 49 0
40 32 0
47 49 0
Net_id 68
pin_num 3
0 21 0
1 27 0
13 28 0
Net_id 69
pin_num 3
2 55 0
22 57 0
4 51 0
Net_id 70
pin_num 3
8 22 0
13 30 0
29 11 0
Net_id 71
pin_num 3
26 21 0
12 12 0
29 24 0
Net_id 72
pin_num 3
7 24 0
4 36 0
15 26 0
Net_id 73
pin_num 3
13 37 0
27 34 0
15 44 0
Net_id 74
pin_num 3
46 30 0
44 42 0
34 40 0
Net_id 75
pin_num 3
4 33 0
9 39 0
17 50 0
Net_id 76
pin_num 3
23 39 0
36 58 0
42 58 0
Net_id 77
pin_num 3
2 28 0
0 38 0
6 54 0
Net_id 78
pin_num 3
30 49 0
29 51 0
1 54 0
Net_id 79
pin_num 3
43 11 0
47 2 0
44 0 0
Net_id 80
pin_num 3
46 13 0
48 2 0
57 2 0
Net_id 81
pin_num 2
26 10 0
18 3 0
Net_id 82
pin_num 2
1 2 0
11 4 0
Net_id 83
pin_num 2
3 11 0
7 11 0
Net_id 84
pin_num 2
18 15 0
12 8 0
Net_id 85
pin_num 2
50 30 0
53 38 0
Net_id 86
pin_num 2
8 44 0
26 53 0
Net_id 87
pin_num 2
38 6 0
51 0 0
Net_id 88
pin_num 2
45 49 0
41 39 0
Net_id 89
pin_num 2
17 13 0
8 13 0
Net_id 90
pin_num 2
33 0 0
18 11 0
Net_id 91
pin_num 2
22 48 0
17 47 0
Net_id 92
pin_num 2
43 59 0
35 58 0
Net_id 93
pin_num 2
51 40 0
30 37 0
Net_id 94
pin_num 2
31 18 0
5 4 0
Net_id 95
pin_num 2
49 14 0
55 19 0
Net_id 96
pin_num 2
16 53 0
27 32 0
Net_id 97
pin_num 2
30 10 0
50 10 0
Net_id 98
pin_num 2
31 8 0
41 1 0
Net_id 99
pin_num 2
11 38 0
0 49 0
Net_id 100
pin_num 2
47 59 0
20 27 0
Net_id 101
pin_num 2
58 16 0
34 9 0
Net_id 102
pin_num 2
25 46 0
15 45 0
Net_id 103
pin_num 2
4 4 0
8 11 0
Net_id 104
pin_num 2
30 23 0
39 26 0
Net_id 105
pin_num 2
33 32 0
49 30 0
Net_id 106
pin_num 2
49 12 0
46 26 0
Net_id 107
pin_num 2
46 44 0
51 27 0
Net_id 108
pin_num 2
38 52 0
49 59 0
Net_id 109
pin_num 2
57 18 0
42 6 0
Net_id 110
pin_num 2
35 11 0
16 9 0
Net_id 111
pin_num 2
33 44 0
20 26 0
Net_id 112
pin_num 2
26 50 0
35 44 0
Net_id 113
pin_num 2
27 11 0
13 1 0
Net_id 114
pin_num 2
4 46 0
16 27 0
Net_id 115
pin_num 2
34 36 0
21 40 0
Net_id 116
pin_num 2
48 7 0
35 4 0
Net_id 117
pin_num 2
26 46 0
38 34 0
Net_id 118
pin_num 2
50 58 0
57 56 0
Net_id 119
pin_num 2
5 19 0
1 6 0
Net_id 120
pin_num 2
18 25 0
24 11 0
Net_id 121
pin_num 2
24 34 0
12 39 0
Net_id 122
pin_num 2
5 27 0
9 44 0
Net_id 123
pin_num 2
6 32 0
2 18 0
Net_id 124
pin_num 2
54 23 0
41 34 0
Net_id 125
pin_num 2
15 48 0
6 58 0
Net_id 126
pin_num 2
19 58 0
32 46 0
Net_id 127
pin_num 2
35 37 0
32 32 0
Net_id 128
pin_num 2
59 58 0
54 49 0
Net_id 129
pin_num 2
19 32 0
1 19 0
Net_id 130
pin_num 2
41 54 0
39 57 0
Net_id 131
pin_num 2
25 24 0
41 42 0
Net_id 132
pin_num 2
2 30 0
10 30 0
Net_id 133
pin_num 2
16 31 0
33 27 0
Net_id 134
pin_num 2
42 29 0
38 7 0
Net_id 135
pin_num 2
12 25 0
15 31 0
Net_id 136
pin_num 2
41 29 0
39 36 0
Net_id 137
pin_num 2
34 28 0
51 19 0
Net_id 138
pin_num 2
42 11 0
48 11 0
Net_id 139
pin_num 2
36 48 0
30 40 0
Net_id 140
pin_num 2
7 13 0
0 46 0
Net_id 141
pin_num 2
16 33 0
0 25 0
Net_id 142
pin_num 2
5 18 0
9 19 0
Net_id 143
pin_num 2
55 49 0
59 59 0
Net_id 144
pin_num 2
38 54 0
40 34 0
Net_id 145
pin_num 2
44 57 0
28 37 0
Net_id 146
pin_num 2
48 43 0
54 51 0
Net_id 147
pin_num 2
38 55 0
19 56 0
Net_id 148
pin_num 2
47 50 0
28 49 0
Net_id 149
pin_num 2
14 56 0
10 54 0
Net_id 150
pin_num 2
57 32 0
41 46 0
Net_id 151
pin_num 2
38 48 0
29 55 0
Net_id 152
pin_num 2
3 39 0
4 31 0
Net_id 153
pin_num 2
18 1 0
23 3 0
Net_id 154
pin_num 2
2 5 0
10 20 0
Net_id 155
pin_num 2
32 1 0
36 1 0
Net_id 156
pin_num 2
12 18 0
31 22 0
Net_id 157
pin_num 2
46 28 0
55 6 0
