Width 60
Height 60
Layer 6
Total_WL 6704
Obstacle_num 144
3 40 0 10 41 0
13 46 0 16 47 0
31 12 0 35 13 0
0 39 0 4 40 0
1 8 0 4 9 0
24 53 0 33 54 0
5 43 0 11 44 0
5 3 0 11 4 0
28 47 0 37 48 0
40 5 0 50 6 0
34 58 0 39 59 0
28 58 0 34 59 0
52 29 0 56 30 0
35 22 0 40 23 0
18 2 0 25 3 0
45 16 0 55 17 0
2 47 0 10 48 0
49 49 0 54 50 0
14 17 0 21 18 0
31 54 0 38 55 0
2 38 0 8 39 0
42 20 0 47 21 0
49 23 0 55 24 0
23 17 0 32 18 0
47 35 1 48 41 1
51 26 1 52 35 1
14 51 1 15 58 1
19 13 1 20 19 1
22 29 1 23 38 1
25 31 1 26 39 1
24 29 1 25 39 1
8 48 1 9 56 1
56 49 1 57 53 1
29 14 1 30 22 1
30 42 1 31 52 1
47 54 1 48 59 1
53 43 1 54 48 1
22 51 1 23 59 1
20 34 1 21 44 1
44 0 1 45 5 1
51 40 1 52 45 1
8 34 1 9 37 1
15 19 1 16 26 1
28 18 1 29 24 1
10 44 1 11 51 1
40 47 1 41 53 1
4 18 1 5 22 1
12 20 1 13 25 1
17 53 2 21 54 2
18 11 2 28 12 2
15 4 2 25 5 2
45 27 2 54 28 2
29 37 2 39 38 2
7 50 2 14 51 2
42 53 2 50 54 2
29 34 2 32 35 2
21 26 2 27 27 2
6 15 2 11 16 2
21 57 2 26 58 2
15 25 2 23 26 2
3 2 2 9 3 2
4 37 2 14 38 2
48 10 2 57 11 2
52 50 2 55 51 2
15 31 2 20 32 2
27 39 2 37 40 2
3 8 2 12 9 2
33 18 2 42 19 2
12 18 2 20 19 2
2 53 2 9 54 2
40 41 2 45 42 2
52 4 2 56 5 2
24 11 3 25 20 3
36 35 3 37 40 3
20 45 3 21 48 3
27 5 3 28 13 3
16 44 3 17 53 3
36 30 3 37 33 3
32 41 3 33 51 3
18 28 3 19 36 3
14 23 3 15 28 3
40 50 3 41 57 3
0 25 3 1 30 3
25 0 3 26 5 3
47 25 3 48 28 3
11 52 3 12 59 3
35 40 3 36 46 3
51 50 3 52 57 3
13 42 3 14 49 3
40 35 3 41 41 3
53 20 3 54 27 3
34 50 3 35 54 3
7 20 3 8 28 3
50 1 3 51 11 3
27 47 3 28 51 3
1 39 3 2 47 3
2 9 4 9 10 4
7 39 4 10 40 4
52 28 4 58 29 4
46 2 4 53 3 4
22 58 4 27 59 4
51 11 4 59 12 4
0 44 4 7 45 4
0 48 4 4 49 4
34 20 4 40 21 4
3 14 4 13 15 4
5 3 4 15 4 4
13 52 4 21 53 4
35 28 4 43 29 4
4 16 4 12 17 4
34 16 4 41 17 4
53 42 4 57 43 4
34 45 4 40 46 4
32 48 4 39 49 4
16 31 4 26 32 4
12 35 4 22 36 4
52 7 4 55 8 4
27 35 4 34 36 4
12 6 4 22 7 4
43 15 4 49 16 4
27 21 5 28 31 5
26 45 5 27 52 5
40 28 5 41 32 5
28 13 5 29 16 5
36 33 5 37 41 5
18 8 5 19 13 5
2 16 5 3 21 5
55 54 5 56 58 5
21 24 5 22 31 5
36 2 5 37 11 5
16 18 5 17 26 5
30 40 5 31 44 5
52 48 5 53 56 5
39 37 5 40 44 5
37 21 5 38 29 5
5 41 5 6 51 5
7 11 5 8 20 5
35 8 5 36 18 5
14 11 5 15 14 5
54 50 5 55 57 5
12 49 5 13 54 5
55 25 5 56 35 5
12 6 5 13 10 5
42 34 5 43 42 5
Net_num 160
Net_id 0
pin_num 5
47 28 0
59 25 0
50 25 0
52 25 0
50 41 0
Net_id 1
pin_num 5
58 7 0
46 7 0
59 7 0
55 0 0
38 0 0
Net_id 2
pin_num 5
36 9 0
31 14 0
34 19 0
43 9 0
33 28 0
Net_id 3
pin_num 5
38 4 0
45 0 0
45 21 0
53 13 0
39 5 0
Net_id 4
pin_num 5
52 4 0
55 8 0
59 13 0
59 12 0
56 2 0
Net_id 5
pin_num 5
33 20 0
14 21 0
25 7 0
21 7 0
15 8 0
Net_id 6
pin_num 5
4 5 0
16 0 0
28 1 0
23 1 0
17 10 0
Net_id 7
pin_num 5
37 30 0
48 23 0
32 27 0
38 36 0
48 30 0
Net_id 8
pin_num 5
2 0 0
1 9 0
7 0 0
0 10 0
7 1 0
Net_id 9
pin_num 5
58 1 0
45 1 0
35 1 0
52 15 0
55 11 0
Net_id 10
pin_num 5
9 9 0
5 9 0
7 26 0
14 20 0
7 39 0
Net_id 11
pin_num 5
43 11 0
32 21 0
40 0 0
55 17 0
53 8 0
Net_id 12
pin_num 5
10 11 0
23 11 0
40 8 0
13 14 0
48 8 0
Net_id 13
pin_num 5
48 41 0
51 38 0
32 41 0
48 59 0
59 49 0
Net_id 14
pin_num 5
42 52 0
39 56 0
28 52 0
28 59 0
29 56 0
Net_id 15
pin_num 5
29 0 0
18 3 0
20 3 0
33 0 0
14 9 0
Net_id 16
pin_num 5
11 57 0
15 45 0
18 57 0
16 22 0
14 36 0
Net_id 17
pin_num 5
51 19 0
56 15 0
56 26 0
32 16 0
48 14 0
Net_id 18
pin_num 5
46 54 0
58 53 0
58 59 0
53 51 0
47 42 0
Net_id 19
pin_num 4
51 59 0
56 48 0
56 59 0
59 48 0
Net_id 20
pin_num 4
15 30 0
11 43 0
31 36 0
48 31 0
Net_id 21
pin_num 4
9 20 0
8 28 0
0 15 0
2 3 0
Net_id 22
pin_num 4
45 19 0
54 13 0
30 22 0
41 39 0
Net_id 23
pin_num 4
11 28 0
26 31 0
36 18 0
28 42 0
Net_id 24
pin_num 4
57 55 0
44 58 0
59 47 0
47 47 0
Net_id 25
pin_num 4
57 58 0
45 55 0
46 38 0
57 48 0
Net_id 26
pin_num 4
19 35 0
31 41 0
9 35 0
39 42 0
Net_id 27
pin_num 4
43 15 0
46 24 0
46 37 0
51 17 0
Net_id 28
pin_num 4
57 5 0
48 4 0
49 0 0
54 12 0
Net_id 29
pin_num 4
43 4 0
37 4 0
27 2 0
39 25 0
Net_id 30
pin_num 4
24 32 0
33 33 0
52 32 0
33 42 0
Net_id 31
pin_num 4
8 32 0
11 30 0
10 23 0
25 28 0
Net_id 32
pin_num 4
26 41 0
20 50 0
44 50 0
43 39 0
Net_id 33
pin_num 4
1 45 0
14 50 0
8 31 0
5 54 0
Net_id 34
pin_num 4
9 42 0
17 32 0
6 37 0
0 43 0
Net_id 35
pin_num 4
26 10 0
25 5 0
12 5 0
43 2 0
Net_id 36
pin_num 4
56 34 0
50 34 0
59 29 0
43 34 0
Net_id 37
pin_num 4
37 59 0
43 59 0
32 51 0
36 51 0
Net_id 38
pin_num 4
22 12 0
16 2 0
10 1 0
28 4 0
Net_id 39
pin_num 3
48 26 0
57 38 0
53 37 0
Net_id 40
pin_num 3
35 7 0
27 18 0
20 15 0
Net_id 41
pin_num 3
47 4 0
36 12 0
18 20 0
Net_id 42
pin_num 3
44 28 0
58 37 0
56 29 0
Net_id 43
pin_num 3
9 26 0
1 37 0
2 27 0
Net_id 44
pin_num 3
27 34 0
11 23 0
9 46 0
Net_id 45
pin_num 3
48 57 0
20 57 0
23 53 0
Net_id 46
pin_num 3
24 54 0
26 35 0
43 51 0
Net_id 47
pin_num 3
7 13 0
2 11 0
6 7 0
Net_id 48
pin_num 3
10 50 0
0 41 0
2 44 0
Net_id 49
pin_num 3
36 33 0
28 14 0
59 17 0
Net_id 50
pin_num 3
19 15 0
15 12 0
18 4 0
Net_id 51
pin_num 3
7 25 0
4 29 0
3 35 0
Net_id 52
pin_num 3
13 0 0
3 5 0
14 12 0
Net_id 53
pin_num 3
51 57 0
59 38 0
51 54 0
Net_id 54
pin_num 3
27 21 0
52 0 0
57 15 0
Net_id 55
pin_num 3
36 16 0
48 0 0
43 38 0
Net_id 56
pin_num 3
52 39 0
47 50 0
51 46 0
Net_id 57
pin_num 3
56 16 0
58 31 0
32 26 0
Net_id 58
pin_num 3
34 18 0
42 12 0
39 29 0
Net_id 59
pin_num 3
15 6 0
35 19 0
23 39 0
Net_id 60
pin_num 3
14 31 0
20 27 0
12 10 0
Net_id 61
pin_num 3
31 15 0
46 8 0
44 7 0
Net_id 62
pin_num 3
40 54 0
27 47 0
5 48 0
Net_id 63
pin_num 3
58 5 0
49 12 0
32 8 0
Net_id 64
pin_num 3
9 6 0
28 9 0
2 2 0
Net_id 65
pin_num 3
53 46 0
49 58 0
52 45 0
Net_id 66
pin_num 3
0 6 0
8 18 0
20 7 0
Net_id 67
pin_num 3
9 56 0
15 56 0
45 54 0
Net_id 68
pin_num 3
6 54 0
11 26 0
11 59 0
Net_id 69
pin_num 3
36 6 0
27 1 0
17 31 0
Net_id 70
pin_num 3
49 37 0
44 19 0
41 3 0
Net_id 71
pin_num 3
35 42 0
34 37 0
41 20 0
Net_id 72
pin_num 3
13 58 0
3 58 0
13 48 0
Net_id 73
pin_num 3
25 14 0
8 6 0
38 8 0
Net_id 74
pin_num 3
0 2 0
5 6 0
12 4 0
Net_id 75
pin_num 3
38 39 0
30 33 0
25 55 0
Net_id 76
pin_num 3
13 50 0
7 46 0
17 47 0
Net_id 77
pin_num 3
57 20 0
45 35 0
46 9 0
Net_id 78
pin_num 3
47 44 0
45 36 0
21 38 0
Net_id 79
pin_num 3
10 54 0
1 49 0
0 40 0
Net_id 80
pin_num 3
14 15 0
27 27 0
10 5 0
Net_id 81
pin_num 2
18 34 0
2 46 0
Net_id 82
pin_num 2
10 57 0
5 59 0
Net_id 83
pin_num 2
55 3 0
57 2 0
Net_id 84
pin_num 2
31 48 0
45 51 0
Net_id 85
pin_num 2
37 51 0
44 33 0
Net_id 86
pin_num 2
56 6 0
41 7 0
Net_id 87
pin_num 2
23 29 0
1 35 0
Net_id 88
pin_num 2
0 59 0
7 52 0
Net_id 89
pin_num 2
9 48 0
3 57 0
Net_id 90
pin_num 2
36 4 0
30 1 0
Net_id 91
pin_num 2
18 48 0
13 59 0
Net_id 92
pin_num 2
18 19 0
22 13 0
Net_id 93
pin_num 2
28 43 0
14 33 0
Net_id 94
pin_num 2
24 8 0
13 8 0
Net_id 95
pin_num 2
53 45 0
56 43 0
Net_id 96
pin_num 2
22 39 0
18 51 0
Net_id 97
pin_num 2
4 48 0
4 46 0
Net_id 98
pin_num 2
45 2 0
50 8 0
Net_id 99
pin_num 2
43 37 0
39 37 0
Net_id 100
pin_num 2
24 40 0
6 22 0
Net_id 101
pin_num 2
56 27 0
52 27 0
Net_id 102
pin_num 2
0 34 0
14 19 0
Net_id 103
pin_num 2
40 10 0
44 18 0
Net_id 104
pin_num 2
20 32 0
25 22 0
Net_id 105
pin_num 2
48 36 0
59 37 0
Net_id 106
pin_num 2
20 0 0
37 6 0
Net_id 107
pin_num 2
15 50 0
27 46 0
Net_id 108
pin_num 2
52 2 0
42 19 0
Net_id 109
pin_num 2
18 43 0
24 47 0
Net_id 110
pin_num 2
42 38 0
31 46 0
Net_id 111
pin_num 2
18 59 0
23 59 0
Net_id 112
pin_num 2
47 24 0
54 24 0
Net_id 113
pin_num 2
29 30 0
16 30 0
Net_id 114
pin_num 2
50 51 0
42 49 0
Net_id 115
pin_num 2
12 52 0
16 52 0
Net_id 116
pin_num 2
9 59 0
1 57 0
Net_id 117
pin_num 2
43 21 0
23 32 0
Net_id 118
pin_num 2
24 31 0
17 16 0
Net_id 119
pin_num 2
14 23 0
10 22 0
Net_id 120
pin_num 2
26 13 0
8 7 0
Net_id 121
pin_num 2
0 30 0
23 19 0
Net_id 122
pin_num 2
2 23 0
0 26 0
Net_id 123
pin_num 2
12 19 0
2 14 0
Net_id 124
pin_num 2
54 30 0
48 38 0
Net_id 125
pin_num 2
21 51 0
9 55 0
Net_id 126
pin_num 2
50 10 0
58 30 0
Net_id 127
pin_num 2
14 7 0
23 4 0
Net_id 128
pin_num 2
0 22 0
1 12 0
Net_id 129
pin_num 2
54 2 0
55 13 0
Net_id 130
pin_num 2
44 22 0
34 8 0
Net_id 131
pin_num 2
43 28 0
34 28 0
Net_id 132
pin_num 2
42 34 0
33 8 0
Net_id 133
pin_num 2
36 42 0
44 44 0
Net_id 134
pin_num 2
22 48 0
49 3 0
Net_id 135
pin_num 2
45 14 0
37 5 0
Net_id 136
pin_num 2
19 26 0
0 21 0
Net_id 137
pin_num 2
26 59 0
27 55 0
Net_id 138
pin_num 2
54 37 0
54 42 0
Net_id 139
pin_num 2
38 47 0
45 50 0
Net_id 140
pin_num 2
14 10 0
0 14 0
Net_id 141
pin_num 2
22 19 0
19 23 0
Net_id 142
pin_num 2
1 33 0
12 43 0
Net_id 143
pin_num 2
25 33 0
16 33 0
Net_id 144
pin_num 2
5 31 0
13 30 0
Net_id 145
pin_num 2
52 30 0
29 22 0
Net_id 146
pin_num 2
53 41 0
56 44 0
Net_id 147
pin_num 2
16 21 0
29 25 0
Net_id 148
pin_num 2
54 15 0
38 24 0
Net_id 149
pin_num 2
13 43 0
22 27 0
Net_id 150
pin_num 2
19 43 0
20 58 0
Net_id 151
pin_num 2
29 41 0
21 45 0
Net_id 152
pin_num 2
33 22 0
22 49 0
Net_id 153
pin_num 2
3 41 0
10 38 0
Net_id 154
pin_num 2
12 16 0
16 13 0
Net_id 155
pin_num 2
54 11 0
36 34 0
Net_id 156
pin_num 2
8 11 0
10 9 0
Net_id 157
pin_num 2
16 58 0
30 56 0
Net_id 158
pin_num 2
17 19 0
14 32 0
Net_id 159
pin_num 2
13 21 0
0 16 0
