Width 60
Height 60
Layer 6
Total_WL 6464
Obstacle_num 144
19 42 0 26 43 0
45 14 0 49 15 0
1 49 0 4 50 0
38 30 0 41 31 0
7 35 0 11 36 0
40 44 0 47 45 0
43 17 0 49 18 0
14 57 0 21 58 0
3 36 0 11 37 0
20 45 0 27 46 0
9 34 0 17 35 0
31 24 0 40 25 0
49 27 0 52 28 0
51 47 0 57 48 0
19 40 0 29 41 0
7 10 0 11 11 0
27 6 0 37 7 0
13 32 0 17 33 0
23 15 0 32 16 0
9 22 0 15 23 0
53 52 0 58 53 0
40 21 0 49 22 0
52 36 0 55 37 0
5 31 0 11 32 0
5 37 1 6 42 1
32 14 1 33 23 1
38 29 1 39 38 1
8 3 1 9 11 1
16 4 1 17 11 1
18 11 1 19 15 1
34 0 1 35 4 1
27 12 1 28 20 1
47 38 1 48 41 1
57 23 1 58 30 1
57 42 1 58 45 1
18 42 1 19 50 1
18 31 1 19 40 1
37 50 1 38 59 1
4 1 1 5 6 1
53 41 1 54 45 1
40 23 1 41 28 1
49 34 1 50 43 1
44 15 1 45 23 1
19 18 1 20 26 1
43 5 1 44 15 1
58 25 1 59 30 1
10 37 1 11 43 1
11 46 1 12 52 1
6 36 2 14 37 2
22 54 2 32 55 2
24 57 2 27 58 2
1 40 2 9 41 2
25 24 2 34 25 2
27 36 2 33 37 2
24 22 2 30 23 2
49 19 2 57 20 2
15 28 2 22 29 2
3 47 2 10 48 2
17 37 2 27 38 2
24 2 2 28 3 2
8 43 2 12 44 2
44 28 2 52 29 2
28 45 2 31 46 2
24 35 2 31 36 2
13 32 2 17 33 2
35 2 2 42 3 2
46 11 2 51 12 2
49 35 2 57 36 2
36 55 2 43 56 2
49 47 2 53 48 2
11 35 2 20 36 2
46 1 2 54 2 2
16 12 3 17 18 3
37 26 3 38 36 3
3 5 3 4 12 3
56 28 3 57 32 3
3 49 3 4 54 3
43 32 3 44 42 3
10 35 3 11 45 3
56 12 3 57 18 3
3 46 3 4 49 3
16 29 3 17 34 3
32 50 3 33 53 3
0 3 3 1 6 3
5 22 3 6 30 3
50 41 3 51 44 3
58 30 3 59 35 3
49 8 3 50 12 3
52 46 3 53 51 3
22 41 3 23 51 3
18 52 3 19 56 3
11 22 3 12 26 3
52 33 3 53 36 3
50 20 3 51 26 3
0 16 3 1 22 3
33 8 3 34 15 3
6 19 4 11 20 4
11 58 4 21 59 4
25 18 4 32 19 4
18 6 4 27 7 4
9 12 4 16 13 4
11 11 4 15 12 4
46 21 4 53 22 4
45 34 4 54 35 4
1 17 4 6 18 4
28 23 4 36 24 4
37 55 4 46 56 4
27 39 4 36 40 4
6 7 4 16 8 4
13 1 4 22 2 4
51 56 4 57 57 4
31 37 4 36 38 4
46 37 4 56 38 4
40 8 4 50 9 4
8 28 4 11 29 4
30 15 4 35 16 4
33 46 4 41 47 4
0 4 4 6 5 4
35 29 4 43 30 4
0 1 4 3 2 4
45 41 5 46 51 5
12 12 5 13 21 5
27 12 5 28 22 5
17 21 5 18 31 5
2 38 5 3 48 5
32 49 5 33 53 5
3 6 5 4 15 5
51 19 5 52 22 5
0 16 5 1 26 5
15 47 5 16 50 5
43 19 5 44 26 5
11 48 5 12 54 5
43 16 5 44 19 5
20 41 5 21 50 5
54 12 5 55 21 5
39 3 5 40 6 5
5 14 5 6 24 5
34 15 5 35 21 5
42 11 5 43 21 5
42 28 5 43 37 5
4 8 5 5 16 5
16 27 5 17 30 5
35 30 5 36 39 5
23 36 5 24 44 5
Net_num 156
Net_id 0
pin_num 5
32 15 0
35 3 0
19 4 0
31 11 0
50 4 0
Net_id 1
pin_num 5
7 45 0
13 45 0
0 47 0
12 55 0
16 47 0
Net_id 2
pin_num 5
9 21 0
8 11 0
0 2 0
9 9 0
1 6 0
Net_id 3
pin_num 5
12 25 0
1 22 0
0 48 0
22 29 0
3 23 0
Net_id 4
pin_num 5
23 16 0
27 25 0
39 21 0
14 21 0
30 9 0
Net_id 5
pin_num 5
4 56 0
9 50 0
31 50 0
24 59 0
7 41 0
Net_id 6
pin_num 5
15 12 0
19 12 0
17 3 0
0 5 0
4 20 0
Net_id 7
pin_num 5
16 36 0
9 44 0
10 24 0
14 48 0
11 40 0
Net_id 8
pin_num 5
17 56 0
23 44 0
17 59 0
21 56 0
17 49 0
Net_id 9
pin_num 5
50 8 0
45 3 0
55 6 0
39 5 0
27 5 0
Net_id 10
pin_num 5
57 25 0
59 35 0
53 34 0
48 33 0
43 30 0
Net_id 11
pin_num 5
31 7 0
16 13 0
18 40 0
33 32 0
31 0 0
Net_id 12
pin_num 5
13 47 0
19 46 0
10 46 0
1 47 0
16 28 0
Net_id 13
pin_num 5
56 9 0
50 11 0
59 3 0
48 3 0
51 0 0
Net_id 14
pin_num 5
37 2 0
42 10 0
42 1 0
41 4 0
51 5 0
Net_id 15
pin_num 5
8 59 0
0 55 0
3 37 0
2 42 0
19 49 0
Net_id 16
pin_num 5
9 54 0
15 52 0
5 52 0
9 52 0
20 49 0
Net_id 17
pin_num 5
18 17 0
7 21 0
1 17 0
26 17 0
12 5 0
Net_id 18
pin_num 5
13 12 0
18 0 0
14 16 0
29 16 0
49 12 0
Net_id 19
pin_num 4
2 33 0
10 33 0
3 22 0
1 44 0
Net_id 20
pin_num 4
14 49 0
6 51 0
10 58 0
1 53 0
Net_id 21
pin_num 4
18 25 0
20 18 0
20 44 0
12 13 0
Net_id 22
pin_num 4
0 30 0
22 30 0
21 11 0
24 41 0
Net_id 23
pin_num 4
50 42 0
50 44 0
52 23 0
36 45 0
Net_id 24
pin_num 4
29 11 0
22 3 0
31 3 0
15 3 0
Net_id 25
pin_num 4
39 3 0
26 1 0
29 8 0
27 23 0
Net_id 26
pin_num 4
9 29 0
7 16 0
12 18 0
0 19 0
Net_id 27
pin_num 4
44 14 0
37 0 0
39 27 0
59 2 0
Net_id 28
pin_num 4
15 48 0
21 48 0
27 39 0
23 26 0
Net_id 29
pin_num 4
45 42 0
36 39 0
36 16 0
49 17 0
Net_id 30
pin_num 4
54 58 0
42 57 0
47 59 0
58 59 0
Net_id 31
pin_num 4
26 32 0
32 32 0
29 25 0
17 23 0
Net_id 32
pin_num 4
41 26 0
35 28 0
38 15 0
47 28 0
Net_id 33
pin_num 4
28 4 0
20 11 0
11 5 0
29 0 0
Net_id 34
pin_num 4
23 33 0
23 27 0
37 20 0
26 8 0
Net_id 35
pin_num 4
46 40 0
59 41 0
50 25 0
42 29 0
Net_id 36
pin_num 4
28 14 0
20 14 0
20 15 0
28 28 0
Net_id 37
pin_num 4
16 35 0
14 20 0
45 20 0
2 28 0
Net_id 38
pin_num 4
41 38 0
29 39 0
40 50 0
59 38 0
Net_id 39
pin_num 3
33 53 0
10 59 0
32 41 0
Net_id 40
pin_num 3
28 49 0
35 50 0
13 59 0
Net_id 41
pin_num 3
33 22 0
25 28 0
31 17 0
Net_id 42
pin_num 3
9 43 0
29 40 0
44 41 0
Net_id 43
pin_num 3
50 22 0
44 7 0
43 24 0
Net_id 44
pin_num 3
3 32 0
1 55 0
28 38 0
Net_id 45
pin_num 3
51 48 0
59 51 0
35 44 0
Net_id 46
pin_num 3
7 29 0
2 39 0
7 37 0
Net_id 47
pin_num 3
56 6 0
56 8 0
50 24 0
Net_id 48
pin_num 3
23 5 0
12 0 0
32 4 0
Net_id 49
pin_num 3
57 30 0
54 14 0
54 41 0
Net_id 50
pin_num 3
48 49 0
59 49 0
54 56 0
Net_id 51
pin_num 3
6 41 0
1 40 0
7 57 0
Net_id 52
pin_num 3
43 26 0
25 16 0
25 6 0
Net_id 53
pin_num 3
21 39 0
33 30 0
4 26 0
Net_id 54
pin_num 3
41 32 0
51 41 0
45 55 0
Net_id 55
pin_num 3
41 39 0
37 36 0
39 49 0
Net_id 56
pin_num 3
48 55 0
50 46 0
46 59 0
Net_id 57
pin_num 3
44 15 0
35 33 0
53 18 0
Net_id 58
pin_num 3
30 17 0
21 3 0
29 33 0
Net_id 59
pin_num 3
17 58 0
11 55 0
9 56 0
Net_id 60
pin_num 3
2 31 0
8 50 0
3 16 0
Net_id 61
pin_num 3
32 44 0
38 57 0
47 48 0
Net_id 62
pin_num 3
44 1 0
32 7 0
56 1 0
Net_id 63
pin_num 3
3 3 0
12 3 0
16 19 0
Net_id 64
pin_num 3
40 43 0
1 36 0
12 41 0
Net_id 65
pin_num 3
16 53 0
35 59 0
59 57 0
Net_id 66
pin_num 3
4 46 0
10 53 0
2 50 0
Net_id 67
pin_num 3
52 12 0
50 17 0
58 11 0
Net_id 68
pin_num 3
4 49 0
11 44 0
22 57 0
Net_id 69
pin_num 3
43 34 0
52 32 0
58 35 0
Net_id 70
pin_num 3
22 38 0
26 31 0
59 10 0
Net_id 71
pin_num 3
23 8 0
5 7 0
0 17 0
Net_id 72
pin_num 3
30 51 0
18 51 0
9 57 0
Net_id 73
pin_num 3
38 44 0
21 35 0
25 29 0
Net_id 74
pin_num 3
58 15 0
41 11 0
47 27 0
Net_id 75
pin_num 3
57 41 0
51 43 0
48 35 0
Net_id 76
pin_num 3
30 28 0
34 26 0
26 42 0
Net_id 77
pin_num 2
29 20 0
36 20 0
Net_id 78
pin_num 2
22 18 0
31 16 0
Net_id 79
pin_num 2
47 36 0
36 50 0
Net_id 80
pin_num 2
9 19 0
1 12 0
Net_id 81
pin_num 2
3 10 0
7 7 0
Net_id 82
pin_num 2
53 28 0
59 1 0
Net_id 83
pin_num 2
14 19 0
15 22 0
Net_id 84
pin_num 2
49 4 0
40 11 0
Net_id 85
pin_num 2
59 55 0
47 51 0
Net_id 86
pin_num 2
29 31 0
53 39 0
Net_id 87
pin_num 2
2 8 0
2 5 0
Net_id 88
pin_num 2
28 35 0
35 22 0
Net_id 89
pin_num 2
2 55 0
13 58 0
Net_id 90
pin_num 2
48 53 0
30 40 0
Net_id 91
pin_num 2
20 34 0
33 37 0
Net_id 92
pin_num 2
1 13 0
16 0 0
Net_id 93
pin_num 2
2 0 0
21 10 0
Net_id 94
pin_num 2
39 42 0
45 16 0
Net_id 95
pin_num 2
31 29 0
13 56 0
Net_id 96
pin_num 2
25 47 0
58 39 0
Net_id 97
pin_num 2
16 29 0
9 26 0
Net_id 98
pin_num 2
44 27 0
55 8 0
Net_id 99
pin_num 2
23 49 0
33 50 0
Net_id 100
pin_num 2
41 1 0
28 8 0
Net_id 101
pin_num 2
25 30 0
54 5 0
Net_id 102
pin_num 2
59 27 0
52 28 0
Net_id 103
pin_num 2
33 41 0
54 39 0
Net_id 104
pin_num 2
11 21 0
15 1 0
Net_id 105
pin_num 2
15 49 0
30 55 0
Net_id 106
pin_num 2
21 52 0
5 35 0
Net_id 107
pin_num 2
11 26 0
2 27 0
Net_id 108
pin_num 2
39 55 0
23 48 0
Net_id 109
pin_num 2
35 29 0
29 23 0
Net_id 110
pin_num 2
19 58 0
26 59 0
Net_id 111
pin_num 2
19 14 0
0 14 0
Net_id 112
pin_num 2
36 57 0
46 51 0
Net_id 113
pin_num 2
0 3 0
20 7 0
Net_id 114
pin_num 2
53 8 0
51 14 0
Net_id 115
pin_num 2
49 46 0
37 19 0
Net_id 116
pin_num 2
57 1 0
55 0 0
Net_id 117
pin_num 2
9 39 0
24 16 0
Net_id 118
pin_num 2
50 7 0
56 5 0
Net_id 119
pin_num 2
16 45 0
19 33 0
Net_id 120
pin_num 2
17 33 0
17 22 0
Net_id 121
pin_num 2
11 19 0
4 51 0
Net_id 122
pin_num 2
1 15 0
5 42 0
Net_id 123
pin_num 2
5 44 0
15 27 0
Net_id 124
pin_num 2
50 13 0
32 0 0
Net_id 125
pin_num 2
41 57 0
20 54 0
Net_id 126
pin_num 2
18 15 0
11 15 0
Net_id 127
pin_num 2
35 10 0
37 4 0
Net_id 128
pin_num 2
44 51 0
49 48 0
Net_id 129
pin_num 2
39 15 0
33 18 0
Net_id 130
pin_num 2
0 23 0
14 26 0
Net_id 131
pin_num 2
6 26 0
0 22 0
Net_id 132
pin_num 2
49 7 0
47 2 0
Net_id 133
pin_num 2
25 10 0
40 31 0
Net_id 134
pin_num 2
19 22 0
31 33 0
Net_id 135
pin_num 2
19 41 0
21 44 0
Net_id 136
pin_num 2
18 27 0
33 7 0
Net_id 137
pin_num 2
2 38 0
12 24 0
Net_id 138
pin_num 2
24 1 0
18 4 0
Net_id 139
pin_num 2
17 35 0
19 37 0
Net_id 140
pin_num 2
46 37 0
59 54 0
Net_id 141
pin_num 2
49 26 0
46 16 0
Net_id 142
pin_num 2
33 23 0
51 22 0
Net_id 143
pin_num 2
20 6 0
7 6 0
Net_id 144
pin_num 2
6 42 0
26 29 0
Net_id 145
pin_num 2
47 9 0
49 11 0
Net_id 146
pin_num 2
30 14 0
37 7 0
Net_id 147
pin_num 2
22 52 0
39 31 0
Net_id 148
pin_num 2
38 48 0
50 57 0
Net_id 149
pin_num 2
40 24 0
42 31 0
Net_id 150
pin_num 2
42 2 0
36 11 0
Net_id 151
pin_num 2
0 51 0
7 58 0
Net_id 152
pin_num 2
47 33 0
25 20 0
Net_id 153
pin_num 2
27 57 0
36 51 0
Net_id 154
pin_num 2
15 31 0
27 20 0
Net_id 155
pin_num 2
0 58 0
8 54 0
