Width 60
Height 60
Layer 6
Total_WL 6918
Obstacle_num 144
18 8 0 26 9 0
31 50 0 40 51 0
12 40 0 15 41 0
23 26 0 27 27 0
0 49 0 5 50 0
8 3 0 13 4 0
46 46 0 50 47 0
40 22 0 46 23 0
36 49 0 42 50 0
40 51 0 44 52 0
25 16 0 35 17 0
35 15 0 43 16 0
28 29 0 34 30 0
55 5 0 58 6 0
51 17 0 56 18 0
14 56 0 22 57 0
30 31 0 37 32 0
16 18 0 21 19 0
7 2 0 15 3 0
5 52 0 14 53 0
22 21 0 29 22 0
38 35 0 47 36 0
27 4 0 36 5 0
31 37 0 35 38 0
3 11 1 4 17 1
48 50 1 49 53 1
50 5 1 51 13 1
11 51 1 12 59 1
11 28 1 12 32 1
28 47 1 29 53 1
37 47 1 38 54 1
37 42 1 38 45 1
5 7 1 6 10 1
29 16 1 30 19 1
58 29 1 59 34 1
22 13 1 23 22 1
16 6 1 17 10 1
39 39 1 40 49 1
58 24 1 59 29 1
20 2 1 21 8 1
26 11 1 27 19 1
38 38 1 39 43 1
36 20 1 37 23 1
39 5 1 40 15 1
45 19 1 46 29 1
15 6 1 16 10 1
23 34 1 24 41 1
31 53 1 32 59 1
27 31 2 35 32 2
4 24 2 14 25 2
25 57 2 32 58 2
32 52 2 42 53 2
35 17 2 45 18 2
14 48 2 20 49 2
43 25 2 52 26 2
39 6 2 46 7 2
18 56 2 28 57 2
39 33 2 48 34 2
39 43 2 43 44 2
43 34 2 51 35 2
2 5 2 8 6 2
45 5 2 50 6 2
26 8 2 34 9 2
11 12 2 18 13 2
5 52 2 13 53 2
1 49 2 10 50 2
3 34 2 13 35 2
42 7 2 48 8 2
13 41 2 17 42 2
42 57 2 45 58 2
31 48 2 37 49 2
8 2 2 15 3 2
51 24 3 52 30 3
41 51 3 42 56 3
53 45 3 54 53 3
11 38 3 12 48 3
10 18 3 11 23 3
15 3 3 16 11 3
28 25 3 29 33 3
4 33 3 5 39 3
10 31 3 11 36 3
32 48 3 33 53 3
12 28 3 13 31 3
57 0 3 58 5 3
0 25 3 1 34 3
13 39 3 14 46 3
48 17 3 49 27 3
58 47 3 59 56 3
8 42 3 9 48 3
56 15 3 57 21 3
16 0 3 17 4 3
37 15 3 38 21 3
50 4 3 51 14 3
9 12 3 10 19 3
1 46 3 2 49 3
36 31 3 37 37 3
26 51 4 34 52 4
7 13 4 15 14 4
17 41 4 20 42 4
51 23 4 59 24 4
45 23 4 51 24 4
48 24 4 57 25 4
11 15 4 16 16 4
2 9 4 5 10 4
42 53 4 45 54 4
4 32 4 13 33 4
34 20 4 39 21 4
2 48 4 7 49 4
19 10 4 22 11 4
9 7 4 15 8 4
34 58 4 43 59 4
52 21 4 57 22 4
51 52 4 57 53 4
50 6 4 57 7 4
18 24 4 27 25 4
8 26 4 18 27 4
48 44 4 56 45 4
11 53 4 21 54 4
32 11 4 39 12 4
40 24 4 44 25 4
48 23 5 49 27 5
6 2 5 7 6 5
37 40 5 38 50 5
26 11 5 27 14 5
20 27 5 21 30 5
20 36 5 21 45 5
39 43 5 40 49 5
43 53 5 44 58 5
31 3 5 32 10 5
15 1 5 16 9 5
0 3 5 1 11 5
47 12 5 48 15 5
15 25 5 16 30 5
16 4 5 17 14 5
23 2 5 24 8 5
33 17 5 34 22 5
58 32 5 59 41 5
7 8 5 8 12 5
31 42 5 32 47 5
12 17 5 13 25 5
54 43 5 55 46 5
54 46 5 55 49 5
54 22 5 55 25 5
43 29 5 44 33 5
Net_num 162
Net_id 0
pin_num 5
1 17 0
3 6 0
3 25 0
15 13 0
7 16 0
Net_id 1
pin_num 5
7 3 0
24 1 0
10 10 0
13 17 0
7 17 0
Net_id 2
pin_num 5
28 5 0
33 2 0
29 9 0
43 0 0
25 2 0
Net_id 3
pin_num 5
31 22 0
27 22 0
29 37 0
6 22 0
22 28 0
Net_id 4
pin_num 5
14 32 0
2 24 0
13 26 0
13 36 0
5 36 0
Net_id 5
pin_num 5
32 30 0
38 31 0
38 51 0
50 31 0
40 28 0
Net_id 6
pin_num 5
51 51 0
58 48 0
59 28 0
59 35 0
56 47 0
Net_id 7
pin_num 5
13 55 0
9 38 0
19 54 0
26 59 0
32 55 0
Net_id 8
pin_num 5
42 1 0
51 6 0
51 18 0
59 25 0
59 9 0
Net_id 9
pin_num 5
22 18 0
21 16 0
21 24 0
30 24 0
30 17 0
Net_id 10
pin_num 5
10 49 0
24 42 0
14 59 0
10 48 0
18 47 0
Net_id 11
pin_num 5
4 31 0
11 21 0
24 30 0
8 33 0
5 41 0
Net_id 12
pin_num 5
6 39 0
10 47 0
0 45 0
1 34 0
8 50 0
Net_id 13
pin_num 5
17 50 0
17 57 0
29 51 0
22 37 0
4 43 0
Net_id 14
pin_num 5
55 7 0
48 8 0
48 1 0
49 26 0
44 15 0
Net_id 15
pin_num 5
37 20 0
42 20 0
18 20 0
38 29 0
35 16 0
Net_id 16
pin_num 5
14 35 0
13 30 0
14 55 0
0 20 0
2 42 0
Net_id 17
pin_num 5
52 39 0
57 40 0
46 43 0
46 32 0
50 59 0
Net_id 18
pin_num 5
1 0 0
20 1 0
18 11 0
0 1 0
21 0 0
Net_id 19
pin_num 5
23 44 0
27 33 0
27 17 0
12 33 0
16 27 0
Net_id 20
pin_num 4
35 55 0
31 46 0
45 59 0
15 52 0
Net_id 21
pin_num 4
44 41 0
39 37 0
41 26 0
42 45 0
Net_id 22
pin_num 4
25 54 0
7 42 0
25 48 0
8 20 0
Net_id 23
pin_num 4
21 54 0
8 54 0
16 59 0
16 42 0
Net_id 24
pin_num 4
43 40 0
51 30 0
43 27 0
25 34 0
Net_id 25
pin_num 4
2 7 0
0 13 0
20 9 0
6 6 0
Net_id 26
pin_num 4
10 53 0
0 54 0
3 36 0
8 59 0
Net_id 27
pin_num 4
22 42 0
21 55 0
35 54 0
17 39 0
Net_id 28
pin_num 4
49 52 0
44 51 0
56 42 0
43 59 0
Net_id 29
pin_num 4
31 9 0
21 10 0
35 10 0
18 14 0
Net_id 30
pin_num 4
50 49 0
39 51 0
56 59 0
50 48 0
Net_id 31
pin_num 4
29 40 0
14 29 0
39 30 0
37 40 0
Net_id 32
pin_num 4
28 48 0
38 47 0
43 46 0
34 39 0
Net_id 33
pin_num 4
51 39 0
45 39 0
50 25 0
41 38 0
Net_id 34
pin_num 4
36 13 0
50 1 0
46 0 0
47 17 0
Net_id 35
pin_num 4
58 24 0
56 30 0
39 24 0
52 30 0
Net_id 36
pin_num 4
34 25 0
15 27 0
32 42 0
39 19 0
Net_id 37
pin_num 4
57 46 0
45 46 0
47 27 0
49 51 0
Net_id 38
pin_num 4
12 9 0
2 6 0
2 4 0
0 3 0
Net_id 39
pin_num 4
57 21 0
53 18 0
52 22 0
53 29 0
Net_id 40
pin_num 4
16 40 0
11 50 0
0 55 0
7 47 0
Net_id 41
pin_num 3
27 48 0
25 58 0
26 32 0
Net_id 42
pin_num 3
29 45 0
50 40 0
56 49 0
Net_id 43
pin_num 3
19 58 0
13 51 0
37 55 0
Net_id 44
pin_num 3
40 50 0
56 38 0
59 27 0
Net_id 45
pin_num 3
21 35 0
23 41 0
19 53 0
Net_id 46
pin_num 3
26 45 0
31 39 0
0 46 0
Net_id 47
pin_num 3
45 34 0
55 32 0
43 52 0
Net_id 48
pin_num 3
15 36 0
24 57 0
41 48 0
Net_id 49
pin_num 3
16 2 0
11 1 0
19 16 0
Net_id 50
pin_num 3
38 53 0
43 58 0
20 41 0
Net_id 51
pin_num 3
51 48 0
53 53 0
57 49 0
Net_id 52
pin_num 3
56 52 0
44 36 0
48 49 0
Net_id 53
pin_num 3
4 20 0
10 31 0
14 25 0
Net_id 54
pin_num 3
1 43 0
5 54 0
6 35 0
Net_id 55
pin_num 3
18 57 0
23 58 0
23 45 0
Net_id 56
pin_num 3
32 8 0
46 7 0
0 0 0
Net_id 57
pin_num 3
15 19 0
29 21 0
7 33 0
Net_id 58
pin_num 3
27 8 0
22 3 0
1 6 0
Net_id 59
pin_num 3
55 44 0
58 56 0
56 37 0
Net_id 60
pin_num 3
48 57 0
38 57 0
57 57 0
Net_id 61
pin_num 3
12 5 0
22 5 0
21 11 0
Net_id 62
pin_num 3
4 56 0
5 55 0
0 41 0
Net_id 63
pin_num 3
17 26 0
16 13 0
27 15 0
Net_id 64
pin_num 3
51 19 0
53 41 0
30 15 0
Net_id 65
pin_num 3
32 26 0
25 3 0
37 25 0
Net_id 66
pin_num 3
29 3 0
23 11 0
52 8 0
Net_id 67
pin_num 3
59 38 0
56 31 0
58 12 0
Net_id 68
pin_num 3
24 27 0
14 19 0
15 17 0
Net_id 69
pin_num 3
49 28 0
40 32 0
54 47 0
Net_id 70
pin_num 3
5 45 0
0 36 0
10 39 0
Net_id 71
pin_num 3
46 17 0
40 1 0
29 13 0
Net_id 72
pin_num 3
39 47 0
48 48 0
21 41 0
Net_id 73
pin_num 3
10 38 0
33 32 0
23 46 0
Net_id 74
pin_num 3
22 2 0
12 14 0
9 23 0
Net_id 75
pin_num 3
22 58 0
19 45 0
30 42 0
Net_id 76
pin_num 3
26 14 0
32 14 0
37 6 0
Net_id 77
pin_num 3
5 21 0
4 32 0
23 2 0
Net_id 78
pin_num 3
37 17 0
32 18 0
25 33 0
Net_id 79
pin_num 3
46 2 0
52 9 0
34 17 0
Net_id 80
pin_num 3
11 26 0
36 41 0
24 29 0
Net_id 81
pin_num 3
16 9 0
14 6 0
1 10 0
Net_id 82
pin_num 2
14 18 0
9 33 0
Net_id 83
pin_num 2
30 2 0
9 5 0
Net_id 84
pin_num 2
34 15 0
31 7 0
Net_id 85
pin_num 2
23 13 0
12 16 0
Net_id 86
pin_num 2
54 18 0
58 18 0
Net_id 87
pin_num 2
10 15 0
2 18 0
Net_id 88
pin_num 2
2 39 0
5 38 0
Net_id 89
pin_num 2
20 11 0
5 17 0
Net_id 90
pin_num 2
33 14 0
36 37 0
Net_id 91
pin_num 2
35 52 0
54 50 0
Net_id 92
pin_num 2
10 28 0
22 34 0
Net_id 93
pin_num 2
10 44 0
4 50 0
Net_id 94
pin_num 2
44 2 0
53 4 0
Net_id 95
pin_num 2
47 51 0
46 48 0
Net_id 96
pin_num 2
40 29 0
27 7 0
Net_id 97
pin_num 2
52 58 0
48 56 0
Net_id 98
pin_num 2
26 43 0
32 23 0
Net_id 99
pin_num 2
26 42 0
16 39 0
Net_id 100
pin_num 2
47 36 0
56 57 0
Net_id 101
pin_num 2
14 23 0
13 46 0
Net_id 102
pin_num 2
28 46 0
23 23 0
Net_id 103
pin_num 2
2 28 0
10 21 0
Net_id 104
pin_num 2
53 23 0
37 35 0
Net_id 105
pin_num 2
5 59 0
0 35 0
Net_id 106
pin_num 2
44 25 0
32 17 0
Net_id 107
pin_num 2
50 0 0
46 4 0
Net_id 108
pin_num 2
2 51 0
25 43 0
Net_id 109
pin_num 2
57 25 0
51 41 0
Net_id 110
pin_num 2
15 58 0
12 45 0
Net_id 111
pin_num 2
53 13 0
37 5 0
Net_id 112
pin_num 2
42 29 0
58 21 0
Net_id 113
pin_num 2
18 19 0
5 37 0
Net_id 114
pin_num 2
32 39 0
43 18 0
Net_id 115
pin_num 2
57 8 0
56 3 0
Net_id 116
pin_num 2
15 50 0
21 39 0
Net_id 117
pin_num 2
28 49 0
35 47 0
Net_id 118
pin_num 2
31 5 0
46 3 0
Net_id 119
pin_num 2
19 50 0
12 58 0
Net_id 120
pin_num 2
49 14 0
59 26 0
Net_id 121
pin_num 2
17 30 0
17 20 0
Net_id 122
pin_num 2
42 10 0
42 23 0
Net_id 123
pin_num 2
0 51 0
4 54 0
Net_id 124
pin_num 2
2 58 0
13 47 0
Net_id 125
pin_num 2
57 50 0
54 45 0
Net_id 126
pin_num 2
29 34 0
5 46 0
Net_id 127
pin_num 2
51 8 0
38 13 0
Net_id 128
pin_num 2
19 5 0
21 1 0
Net_id 129
pin_num 2
36 3 0
43 4 0
Net_id 130
pin_num 2
24 38 0
25 39 0
Net_id 131
pin_num 2
52 34 0
35 45 0
Net_id 132
pin_num 2
44 56 0
17 47 0
Net_id 133
pin_num 2
21 58 0
1 50 0
Net_id 134
pin_num 2
30 12 0
23 19 0
Net_id 135
pin_num 2
56 27 0
44 23 0
Net_id 136
pin_num 2
33 27 0
31 36 0
Net_id 137
pin_num 2
1 52 0
24 37 0
Net_id 138
pin_num 2
41 34 0
21 14 0
Net_id 139
pin_num 2
38 6 0
42 4 0
Net_id 140
pin_num 2
49 43 0
45 53 0
Net_id 141
pin_num 2
44 53 0
43 57 0
Net_id 142
pin_num 2
57 34 0
51 38 0
Net_id 143
pin_num 2
15 20 0
4 17 0
Net_id 144
pin_num 2
22 30 0
16 11 0
Net_id 145
pin_num 2
33 3 0
42 2 0
Net_id 146
pin_num 2
9 26 0
1 14 0
Net_id 147
pin_num 2
9 46 0
11 40 0
Net_id 148
pin_num 2
39 4 0
32 12 0
Net_id 149
pin_num 2
34 40 0
10 56 0
Net_id 150
pin_num 2
26 11 0
21 5 0
Net_id 151
pin_num 2
58 3 0
54 6 0
Net_id 152
pin_num 2
17 6 0
28 15 0
Net_id 153
pin_num 2
20 21 0
11 27 0
Net_id 154
pin_num 2
48 16 0
54 8 0
Net_id 155
pin_num 2
19 3 0
22 23 0
Net_id 156
pin_num 2
36 19 0
23 18 0
Net_id 157
pin_num 2
31 8 0
24 3 0
Net_id 158
pin_num 2
37 31 0
31 17 0
Net_id 159
pin_num 2
13 42 0
6 33 0
Net_id 160
pin_num 2
35 24 0
40 27 0
Net_id 161
pin_num 2
48 5 0
55 6 0
