Width 60
Height 60
Layer 6
Total_WL 6933
Obstacle_num 144
14 33 0 22 34 0
35 48 0 45 49 0
30 6 0 34 7 0
14 49 0 17 50 0
43 51 0 48 52 0
24 50 0 31 51 0
13 52 0 16 53 0
24 20 0 30 21 0
2 33 0 7 34 0
33 53 0 40 54 0
2 7 0 11 8 0
29 45 0 36 46 0
14 34 0 24 35 0
6 51 0 14 52 0
29 58 0 38 59 0
37 37 0 45 38 0
44 15 0 49 16 0
33 44 0 38 45 0
53 37 0 56 38 0
32 38 0 42 39 0
37 22 0 45 23 0
51 17 0 56 18 0
16 4 0 23 5 0
10 24 0 18 25 0
23 2 1 24 7 1
5 26 1 6 34 1
48 17 1 49 25 1
36 50 1 37 56 1
58 34 1 59 37 1
44 22 1 45 27 1
26 23 1 27 28 1
53 29 1 54 36 1
16 15 1 17 21 1
39 47 1 40 52 1
2 32 1 3 38 1
41 0 1 42 4 1
25 44 1 26 48 1
7 31 1 8 34 1
4 43 1 5 51 1
7 17 1 8 27 1
20 0 1 21 4 1
55 37 1 56 44 1
25 16 1 26 20 1
6 33 1 7 40 1
3 51 1 4 57 1
22 46 1 23 54 1
25 0 1 26 10 1
30 42 1 31 49 1
27 54 2 30 55 2
5 46 2 14 47 2
14 36 2 24 37 2
35 50 2 45 51 2
22 13 2 32 14 2
34 14 2 39 15 2
54 28 2 58 29 2
25 28 2 32 29 2
15 18 2 21 19 2
27 23 2 32 24 2
31 38 2 39 39 2
9 15 2 12 16 2
18 37 2 25 38 2
21 42 2 24 43 2
3 50 2 8 51 2
22 15 2 30 16 2
31 16 2 41 17 2
44 31 2 49 32 2
33 11 2 38 12 2
12 21 2 21 22 2
29 55 2 32 56 2
33 12 2 36 13 2
47 57 2 56 58 2
30 31 2 40 32 2
1 27 3 2 36 3
22 36 3 23 40 3
53 26 3 54 29 3
50 33 3 51 42 3
25 35 3 26 40 3
10 8 3 11 18 3
11 3 3 12 12 3
49 25 3 50 35 3
13 46 3 14 55 3
10 0 3 11 4 3
21 28 3 22 34 3
18 42 3 19 49 3
33 2 3 34 8 3
23 37 3 24 47 3
41 1 3 42 5 3
34 18 3 35 21 3
36 35 3 37 45 3
6 46 3 7 54 3
32 7 3 33 15 3
46 33 3 47 43 3
25 1 3 26 5 3
48 17 3 49 24 3
27 35 3 28 40 3
36 5 3 37 14 3
37 6 4 43 7 4
16 55 4 26 56 4
26 38 4 31 39 4
27 12 4 34 13 4
41 11 4 48 12 4
47 27 4 51 28 4
41 36 4 49 37 4
24 3 4 31 4 4
3 17 4 13 18 4
45 9 4 53 10 4
25 20 4 33 21 4
20 9 4 27 10 4
41 39 4 51 40 4
15 32 4 18 33 4
46 23 4 52 24 4
6 7 4 15 8 4
34 54 4 44 55 4
34 15 4 43 16 4
29 1 4 35 2 4
50 2 4 53 3 4
30 57 4 40 58 4
14 27 4 17 28 4
39 28 4 48 29 4
44 1 4 52 2 4
41 20 5 42 28 5
29 42 5 30 46 5
13 23 5 14 31 5
26 12 5 27 18 5
37 45 5 38 52 5
25 22 5 26 32 5
27 3 5 28 8 5
52 20 5 53 28 5
41 40 5 42 47 5
43 26 5 44 34 5
39 5 5 40 13 5
45 26 5 46 29 5
21 10 5 22 20 5
16 53 5 17 56 5
6 0 5 7 4 5
15 29 5 16 37 5
56 14 5 57 19 5
45 4 5 46 14 5
27 15 5 28 23 5
55 48 5 56 53 5
40 47 5 41 54 5
18 15 5 19 21 5
7 36 5 8 41 5
37 26 5 38 35 5
Net_num 161
Net_id 0
pin_num 5
30 0 0
26 1 0
26 6 0
7 1 0
43 2 0
Net_id 1
pin_num 5
30 46 0
17 46 0
23 59 0
29 34 0
33 36 0
Net_id 2
pin_num 5
32 51 0
16 46 0
21 31 0
26 34 0
42 49 0
Net_id 3
pin_num 5
46 24 0
45 27 0
57 27 0
46 49 0
59 31 0
Net_id 4
pin_num 5
7 21 0
24 16 0
30 28 0
15 42 0
2 26 0
Net_id 5
pin_num 5
21 18 0
25 18 0
49 18 0
42 0 0
35 8 0
Net_id 6
pin_num 5
59 48 0
55 49 0
55 53 0
59 58 0
42 52 0
Net_id 7
pin_num 5
50 1 0
52 1 0
53 0 0
52 9 0
44 7 0
Net_id 8
pin_num 5
20 24 0
32 17 0
18 15 0
30 12 0
47 20 0
Net_id 9
pin_num 5
46 1 0
41 1 0
42 23 0
32 10 0
46 6 0
Net_id 10
pin_num 5
4 17 0
0 30 0
3 1 0
0 25 0
1 25 0
Net_id 11
pin_num 5
10 33 0
8 34 0
8 16 0
5 10 0
0 8 0
Net_id 12
pin_num 5
36 52 0
40 46 0
52 46 0
53 49 0
42 59 0
Net_id 13
pin_num 5
8 26 0
20 26 0
14 14 0
8 18 0
0 24 0
Net_id 14
pin_num 5
11 17 0
5 23 0
4 26 0
6 9 0
4 27 0
Net_id 15
pin_num 5
5 36 0
18 28 0
7 45 0
14 41 0
16 42 0
Net_id 16
pin_num 5
38 10 0
34 9 0
34 22 0
42 17 0
51 8 0
Net_id 17
pin_num 5
11 49 0
7 56 0
0 57 0
4 36 0
0 58 0
Net_id 18
pin_num 5
3 52 0
0 47 0
11 59 0
7 47 0
10 43 0
Net_id 19
pin_num 5
56 45 0
45 43 0
34 43 0
43 59 0
52 32 0
Net_id 20
pin_num 5
10 2 0
18 1 0
0 5 0
2 4 0
7 9 0
Net_id 21
pin_num 5
36 22 0
27 17 0
36 7 0
45 12 0
33 9 0
Net_id 22
pin_num 4
15 39 0
25 40 0
6 39 0
12 41 0
Net_id 23
pin_num 4
35 37 0
24 42 0
34 26 0
50 29 0
Net_id 24
pin_num 4
40 43 0
31 35 0
35 30 0
39 25 0
Net_id 25
pin_num 4
51 42 0
45 35 0
59 46 0
58 57 0
Net_id 26
pin_num 4
43 7 0
34 1 0
37 23 0
59 3 0
Net_id 27
pin_num 4
40 52 0
41 56 0
35 59 0
39 54 0
Net_id 28
pin_num 4
10 20 0
3 27 0
0 6 0
2 12 0
Net_id 29
pin_num 4
17 3 0
27 4 0
24 27 0
19 23 0
Net_id 30
pin_num 4
38 13 0
47 21 0
40 4 0
59 14 0
Net_id 31
pin_num 4
31 24 0
47 22 0
23 21 0
41 21 0
Net_id 32
pin_num 4
3 49 0
6 32 0
9 58 0
27 49 0
Net_id 33
pin_num 4
19 6 0
28 19 0
28 1 0
31 0 0
Net_id 34
pin_num 4
19 1 0
29 9 0
34 5 0
9 2 0
Net_id 35
pin_num 4
26 28 0
19 35 0
27 36 0
24 59 0
Net_id 36
pin_num 4
36 3 0
42 3 0
39 4 0
59 2 0
Net_id 37
pin_num 4
48 12 0
59 6 0
54 13 0
41 4 0
Net_id 38
pin_num 4
17 54 0
28 49 0
26 59 0
2 51 0
Net_id 39
pin_num 4
21 22 0
40 31 0
38 42 0
28 34 0
Net_id 40
pin_num 4
32 57 0
40 56 0
27 48 0
34 49 0
Net_id 41
pin_num 4
27 44 0
28 40 0
15 48 0
40 44 0
Net_id 42
pin_num 3
25 26 0
43 19 0
52 59 0
Net_id 43
pin_num 3
1 7 0
7 6 0
5 34 0
Net_id 44
pin_num 3
49 15 0
58 31 0
52 10 0
Net_id 45
pin_num 3
45 42 0
47 31 0
57 36 0
Net_id 46
pin_num 3
39 49 0
19 42 0
37 54 0
Net_id 47
pin_num 3
26 58 0
37 36 0
33 50 0
Net_id 48
pin_num 3
10 48 0
22 43 0
12 43 0
Net_id 49
pin_num 3
25 19 0
9 13 0
13 25 0
Net_id 50
pin_num 3
52 30 0
35 7 0
56 14 0
Net_id 51
pin_num 3
29 40 0
44 53 0
52 41 0
Net_id 52
pin_num 3
3 55 0
12 54 0
8 52 0
Net_id 53
pin_num 3
57 38 0
54 23 0
54 49 0
Net_id 54
pin_num 3
10 12 0
13 14 0
33 14 0
Net_id 55
pin_num 3
58 16 0
50 32 0
50 36 0
Net_id 56
pin_num 3
8 6 0
12 10 0
10 19 0
Net_id 57
pin_num 3
17 13 0
11 11 0
0 2 0
Net_id 58
pin_num 3
39 33 0
58 44 0
53 55 0
Net_id 59
pin_num 3
22 23 0
31 12 0
37 16 0
Net_id 60
pin_num 3
3 11 0
4 1 0
6 31 0
Net_id 61
pin_num 3
47 16 0
39 1 0
33 0 0
Net_id 62
pin_num 3
45 54 0
37 47 0
57 47 0
Net_id 63
pin_num 3
58 58 0
47 50 0
27 58 0
Net_id 64
pin_num 3
27 1 0
34 6 0
30 7 0
Net_id 65
pin_num 3
16 50 0
20 43 0
13 37 0
Net_id 66
pin_num 3
50 37 0
42 36 0
58 43 0
Net_id 67
pin_num 3
41 29 0
52 50 0
25 12 0
Net_id 68
pin_num 3
39 14 0
36 26 0
45 48 0
Net_id 69
pin_num 3
11 1 0
22 5 0
20 27 0
Net_id 70
pin_num 3
54 58 0
56 44 0
47 54 0
Net_id 71
pin_num 3
58 28 0
52 33 0
29 47 0
Net_id 72
pin_num 3
32 55 0
40 50 0
58 56 0
Net_id 73
pin_num 3
20 58 0
12 50 0
15 59 0
Net_id 74
pin_num 3
25 59 0
38 47 0
53 58 0
Net_id 75
pin_num 3
34 13 0
22 7 0
3 15 0
Net_id 76
pin_num 3
53 38 0
42 24 0
32 32 0
Net_id 77
pin_num 3
28 3 0
4 3 0
1 15 0
Net_id 78
pin_num 3
13 33 0
7 13 0
11 50 0
Net_id 79
pin_num 3
28 52 0
15 56 0
0 49 0
Net_id 80
pin_num 3
2 44 0
17 35 0
17 15 0
Net_id 81
pin_num 3
23 31 0
36 25 0
25 25 0
Net_id 82
pin_num 2
54 30 0
40 20 0
Net_id 83
pin_num 2
40 53 0
53 40 0
Net_id 84
pin_num 2
26 15 0
18 14 0
Net_id 85
pin_num 2
50 13 0
55 2 0
Net_id 86
pin_num 2
40 42 0
45 44 0
Net_id 87
pin_num 2
4 28 0
4 32 0
Net_id 88
pin_num 2
38 30 0
43 30 0
Net_id 89
pin_num 2
23 32 0
43 35 0
Net_id 90
pin_num 2
51 21 0
56 31 0
Net_id 91
pin_num 2
53 16 0
50 31 0
Net_id 92
pin_num 2
25 45 0
36 45 0
Net_id 93
pin_num 2
37 19 0
32 30 0
Net_id 94
pin_num 2
16 35 0
9 35 0
Net_id 95
pin_num 2
54 55 0
54 51 0
Net_id 96
pin_num 2
57 4 0
53 20 0
Net_id 97
pin_num 2
28 28 0
19 15 0
Net_id 98
pin_num 2
7 24 0
10 32 0
Net_id 99
pin_num 2
43 56 0
43 52 0
Net_id 100
pin_num 2
57 43 0
52 26 0
Net_id 101
pin_num 2
18 54 0
36 56 0
Net_id 102
pin_num 2
7 35 0
9 43 0
Net_id 103
pin_num 2
54 53 0
25 57 0
Net_id 104
pin_num 2
17 56 0
36 47 0
Net_id 105
pin_num 2
1 14 0
22 25 0
Net_id 106
pin_num 2
38 11 0
51 26 0
Net_id 107
pin_num 2
35 0 0
50 5 0
Net_id 108
pin_num 2
49 52 0
56 40 0
Net_id 109
pin_num 2
33 34 0
49 34 0
Net_id 110
pin_num 2
17 41 0
22 29 0
Net_id 111
pin_num 2
16 11 0
21 12 0
Net_id 112
pin_num 2
10 54 0
19 44 0
Net_id 113
pin_num 2
44 32 0
25 41 0
Net_id 114
pin_num 2
1 11 0
27 6 0
Net_id 115
pin_num 2
6 30 0
0 26 0
Net_id 116
pin_num 2
16 19 0
6 42 0
Net_id 117
pin_num 2
35 28 0
47 28 0
Net_id 118
pin_num 2
59 51 0
45 33 0
Net_id 119
pin_num 2
33 31 0
34 23 0
Net_id 120
pin_num 2
21 8 0
8 4 0
Net_id 121
pin_num 2
22 40 0
33 26 0
Net_id 122
pin_num 2
42 32 0
33 49 0
Net_id 123
pin_num 2
17 23 0
1 17 0
Net_id 124
pin_num 2
33 23 0
28 12 0
Net_id 125
pin_num 2
7 40 0
20 35 0
Net_id 126
pin_num 2
56 13 0
38 26 0
Net_id 127
pin_num 2
56 52 0
56 38 0
Net_id 128
pin_num 2
29 8 0
39 15 0
Net_id 129
pin_num 2
36 11 0
19 9 0
Net_id 130
pin_num 2
5 2 0
9 11 0
Net_id 131
pin_num 2
53 28 0
43 21 0
Net_id 132
pin_num 2
18 53 0
26 33 0
Net_id 133
pin_num 2
8 10 0
7 12 0
Net_id 134
pin_num 2
7 49 0
1 42 0
Net_id 135
pin_num 2
44 24 0
47 43 0
Net_id 136
pin_num 2
36 8 0
42 8 0
Net_id 137
pin_num 2
13 4 0
15 6 0
Net_id 138
pin_num 2
31 34 0
19 25 0
Net_id 139
pin_num 2
18 19 0
7 48 0
Net_id 140
pin_num 2
21 30 0
53 39 0
Net_id 141
pin_num 2
54 22 0
51 19 0
Net_id 142
pin_num 2
4 12 0
9 8 0
Net_id 143
pin_num 2
27 56 0
42 57 0
Net_id 144
pin_num 2
46 50 0
22 57 0
Net_id 145
pin_num 2
27 43 0
20 45 0
Net_id 146
pin_num 2
27 35 0
30 38 0
Net_id 147
pin_num 2
12 25 0
3 22 0
Net_id 148
pin_num 2
17 6 0
6 1 0
Net_id 149
pin_num 2
19 0 0
19 5 0
Net_id 150
pin_num 2
4 55 0
20 32 0
Net_id 151
pin_num 2
47 8 0
44 10 0
Net_id 152
pin_num 2
30 29 0
36 33 0
Net_id 153
pin_num 2
40 58 0
50 55 0
Net_id 154
pin_num 2
39 45 0
27 38 0
Net_id 155
pin_num 2
34 3 0
45 16 0
Net_id 156
pin_num 2
8 28 0
30 39 0
Net_id 157
pin_num 2
53 10 0
56 6 0
Net_id 158
pin_num 2
27 14 0
29 17 0
Net_id 159
pin_num 2
13 47 0
14 53 0
Net_id 160
pin_num 2
53 8 0
45 2 0
