Width 60
Height 60
Layer 6
Total_WL 7419
Obstacle_num 144
19 3 0 22 4 0
3 48 0 11 49 0
23 30 0 26 31 0
48 1 0 55 2 0
32 40 0 41 41 0
52 51 0 57 52 0
10 1 0 16 2 0
25 18 0 34 19 0
41 27 0 44 28 0
26 15 0 29 16 0
25 43 0 29 44 0
48 15 0 56 16 0
37 17 0 46 18 0
52 40 0 56 41 0
28 58 0 31 59 0
9 23 0 16 24 0
51 5 0 54 6 0
18 6 0 28 7 0
35 55 0 43 56 0
8 38 0 11 39 0
32 48 0 35 49 0
23 3 0 30 4 0
11 47 0 19 48 0
17 25 0 26 26 0
37 47 1 38 51 1
23 34 1 24 37 1
37 29 1 38 36 1
10 31 1 11 35 1
14 18 1 15 28 1
55 19 1 56 25 1
11 4 1 12 11 1
15 50 1 16 54 1
51 22 1 52 27 1
36 23 1 37 33 1
55 49 1 56 53 1
49 17 1 50 25 1
2 37 1 3 42 1
26 40 1 27 49 1
33 10 1 34 17 1
21 26 1 22 29 1
2 52 1 3 56 1
44 19 1 45 24 1
16 18 1 17 27 1
4 33 1 5 40 1
30 18 1 31 23 1
18 46 1 19 56 1
8 39 1 9 49 1
16 45 1 17 48 1
24 8 2 32 9 2
44 38 2 54 39 2
29 24 2 39 25 2
12 17 2 21 18 2
2 50 2 7 51 2
18 54 2 27 55 2
48 39 2 56 40 2
7 39 2 13 40 2
26 42 2 32 43 2
17 15 2 22 16 2
26 37 2 34 38 2
14 33 2 21 34 2
13 1 2 21 2 2
44 49 2 53 50 2
32 19 2 38 20 2
30 5 2 39 6 2
25 57 2 34 58 2
46 7 2 54 8 2
41 0 2 46 1 2
43 40 2 52 41 2
25 55 2 35 56 2
24 15 2 33 16 2
36 53 2 42 54 2
46 22 2 55 23 2
0 36 3 1 40 3
56 24 3 57 28 3
3 30 3 4 34 3
35 20 3 36 29 3
40 27 3 41 33 3
13 8 3 14 17 3
4 34 3 5 42 3
54 38 3 55 42 3
26 16 3 27 21 3
3 9 3 4 13 3
42 6 3 43 12 3
6 35 3 7 41 3
16 39 3 17 46 3
29 2 3 30 11 3
44 47 3 45 51 3
36 44 3 37 48 3
30 2 3 31 8 3
44 11 3 45 21 3
34 2 3 35 10 3
31 5 3 32 14 3
26 6 3 27 12 3
6 3 3 7 11 3
23 35 3 24 39 3
49 3 3 50 6 3
16 14 4 22 15 4
16 47 4 20 48 4
21 0 4 28 1 4
19 25 4 25 26 4
24 2 4 28 3 4
40 2 4 49 3 4
44 49 4 51 50 4
20 40 4 30 41 4
50 39 4 53 40 4
6 31 4 11 32 4
39 56 4 45 57 4
50 45 4 59 46 4
26 26 4 35 27 4
32 54 4 42 55 4
38 51 4 41 52 4
1 14 4 6 15 4
20 22 4 28 23 4
34 0 4 40 1 4
11 32 4 19 33 4
5 38 4 14 39 4
14 46 4 20 47 4
22 45 4 28 46 4
31 7 4 40 8 4
48 14 4 54 15 4
43 25 5 44 34 5
51 16 5 52 26 5
4 55 5 5 59 5
46 51 5 47 54 5
9 40 5 10 45 5
58 16 5 59 21 5
35 16 5 36 22 5
28 6 5 29 10 5
44 25 5 45 29 5
15 25 5 16 31 5
7 34 5 8 37 5
2 34 5 3 40 5
0 27 5 1 31 5
26 16 5 27 25 5
17 20 5 18 27 5
42 11 5 43 17 5
29 51 5 30 57 5
4 16 5 5 25 5
43 8 5 44 13 5
43 39 5 44 44 5
47 31 5 48 41 5
10 8 5 11 13 5
30 8 5 31 13 5
14 46 5 15 53 5
Net_num 161
Net_id 0
pin_num 5
42 40 0
53 33 0
51 19 0
40 33 0
42 35 0
Net_id 1
pin_num 5
23 29 0
39 24 0
32 17 0
34 25 0
50 24 0
Net_id 2
pin_num 5
23 24 0
13 24 0
18 15 0
15 14 0
21 14 0
Net_id 3
pin_num 5
33 10 0
43 9 0
59 7 0
59 30 0
23 10 0
Net_id 4
pin_num 5
41 58 0
55 59 0
27 59 0
30 40 0
28 51 0
Net_id 5
pin_num 5
43 37 0
31 28 0
36 14 0
41 46 0
42 46 0
Net_id 6
pin_num 5
28 47 0
28 30 0
33 50 0
32 33 0
28 34 0
Net_id 7
pin_num 5
10 28 0
14 41 0
11 51 0
0 42 0
25 51 0
Net_id 8
pin_num 5
58 0 0
56 2 0
58 6 0
58 24 0
57 15 0
Net_id 9
pin_num 5
42 12 0
55 0 0
56 6 0
37 3 0
54 6 0
Net_id 10
pin_num 5
28 26 0
34 17 0
33 9 0
47 14 0
56 17 0
Net_id 11
pin_num 5
20 49 0
16 49 0
17 43 0
34 46 0
22 31 0
Net_id 12
pin_num 5
35 28 0
32 31 0
32 16 0
30 17 0
45 27 0
Net_id 13
pin_num 5
23 38 0
20 34 0
0 34 0
14 34 0
40 35 0
Net_id 14
pin_num 5
0 40 0
9 40 0
6 27 0
3 44 0
5 59 0
Net_id 15
pin_num 5
38 37 0
22 37 0
31 52 0
25 47 0
35 56 0
Net_id 16
pin_num 5
4 38 0
13 39 0
9 51 0
7 32 0
28 39 0
Net_id 17
pin_num 5
18 2 0
27 2 0
22 0 0
0 1 0
5 17 0
Net_id 18
pin_num 5
35 3 0
9 1 0
23 1 0
28 21 0
19 16 0
Net_id 19
pin_num 5
13 19 0
22 26 0
28 22 0
34 38 0
27 30 0
Net_id 20
pin_num 5
15 41 0
21 37 0
16 37 0
12 38 0
15 38 0
Net_id 21
pin_num 4
0 55 0
10 55 0
4 53 0
0 59 0
Net_id 22
pin_num 4
22 3 0
6 4 0
8 21 0
0 22 0
Net_id 23
pin_num 4
58 53 0
48 59 0
54 50 0
59 39 0
Net_id 24
pin_num 4
23 0 0
26 7 0
42 1 0
11 7 0
Net_id 25
pin_num 4
23 12 0
20 16 0
0 14 0
39 16 0
Net_id 26
pin_num 4
1 47 0
13 44 0
2 43 0
13 52 0
Net_id 27
pin_num 4
35 44 0
21 44 0
31 59 0
14 58 0
Net_id 28
pin_num 4
55 24 0
59 16 0
57 46 0
56 57 0
Net_id 29
pin_num 4
52 22 0
43 22 0
36 22 0
48 30 0
Net_id 30
pin_num 4
58 42 0
53 46 0
55 56 0
44 56 0
Net_id 31
pin_num 4
24 50 0
20 55 0
27 56 0
24 38 0
Net_id 32
pin_num 4
58 54 0
58 59 0
48 58 0
59 38 0
Net_id 33
pin_num 4
3 45 0
11 45 0
8 58 0
1 26 0
Net_id 34
pin_num 4
7 3 0
0 2 0
22 1 0
7 1 0
Net_id 35
pin_num 4
46 54 0
42 52 0
46 45 0
26 59 0
Net_id 36
pin_num 4
23 42 0
4 47 0
29 54 0
15 59 0
Net_id 37
pin_num 4
46 9 0
39 3 0
34 15 0
53 6 0
Net_id 38
pin_num 4
57 10 0
49 9 0
54 18 0
46 16 0
Net_id 39
pin_num 4
9 13 0
26 13 0
15 6 0
21 8 0
Net_id 40
pin_num 4
14 38 0
17 40 0
27 40 0
38 29 0
Net_id 41
pin_num 3
30 28 0
25 31 0
25 38 0
Net_id 42
pin_num 3
24 16 0
12 19 0
20 5 0
Net_id 43
pin_num 3
32 58 0
12 49 0
55 54 0
Net_id 44
pin_num 3
1 5 0
23 4 0
4 7 0
Net_id 45
pin_num 3
12 46 0
2 59 0
1 56 0
Net_id 46
pin_num 3
49 23 0
58 30 0
58 56 0
Net_id 47
pin_num 3
17 48 0
6 47 0
10 59 0
Net_id 48
pin_num 3
29 1 0
40 6 0
51 8 0
Net_id 49
pin_num 3
35 53 0
9 53 0
1 59 0
Net_id 50
pin_num 3
12 55 0
5 47 0
3 53 0
Net_id 51
pin_num 3
51 13 0
46 10 0
50 5 0
Net_id 52
pin_num 3
47 21 0
35 23 0
55 28 0
Net_id 53
pin_num 3
28 23 0
42 20 0
15 40 0
Net_id 54
pin_num 3
9 26 0
30 30 0
8 29 0
Net_id 55
pin_num 3
46 41 0
52 52 0
56 36 0
Net_id 56
pin_num 3
6 41 0
9 31 0
7 29 0
Net_id 57
pin_num 3
10 40 0
25 34 0
18 56 0
Net_id 58
pin_num 3
7 14 0
0 11 0
14 12 0
Net_id 59
pin_num 3
19 17 0
14 11 0
19 8 0
Net_id 60
pin_num 3
33 49 0
36 45 0
19 41 0
Net_id 61
pin_num 3
11 37 0
17 20 0
28 27 0
Net_id 62
pin_num 3
48 48 0
56 48 0
53 49 0
Net_id 63
pin_num 3
7 16 0
13 32 0
10 11 0
Net_id 64
pin_num 3
19 27 0
27 9 0
23 19 0
Net_id 65
pin_num 3
26 25 0
20 12 0
0 10 0
Net_id 66
pin_num 3
58 5 0
49 5 0
27 5 0
Net_id 67
pin_num 3
15 15 0
11 21 0
17 4 0
Net_id 68
pin_num 3
43 42 0
21 32 0
11 33 0
Net_id 69
pin_num 3
59 46 0
52 55 0
58 41 0
Net_id 70
pin_num 3
38 34 0
59 33 0
59 51 0
Net_id 71
pin_num 3
2 22 0
13 27 0
26 26 0
Net_id 72
pin_num 3
10 37 0
12 41 0
1 49 0
Net_id 73
pin_num 3
10 34 0
23 41 0
15 5 0
Net_id 74
pin_num 3
45 5 0
56 22 0
58 25 0
Net_id 75
pin_num 3
42 31 0
46 31 0
40 37 0
Net_id 76
pin_num 3
6 23 0
22 8 0
39 18 0
Net_id 77
pin_num 3
36 3 0
54 7 0
45 25 0
Net_id 78
pin_num 3
30 20 0
16 29 0
17 18 0
Net_id 79
pin_num 3
58 9 0
51 4 0
55 2 0
Net_id 80
pin_num 3
17 52 0
24 52 0
6 42 0
Net_id 81
pin_num 2
53 39 0
20 32 0
Net_id 82
pin_num 2
14 16 0
1 16 0
Net_id 83
pin_num 2
9 3 0
0 26 0
Net_id 84
pin_num 2
19 31 0
52 21 0
Net_id 85
pin_num 2
43 5 0
24 1 0
Net_id 86
pin_num 2
30 36 0
34 18 0
Net_id 87
pin_num 2
29 39 0
36 36 0
Net_id 88
pin_num 2
20 44 0
2 34 0
Net_id 89
pin_num 2
2 52 0
3 38 0
Net_id 90
pin_num 2
44 19 0
23 31 0
Net_id 91
pin_num 2
58 15 0
45 1 0
Net_id 92
pin_num 2
49 29 0
34 41 0
Net_id 93
pin_num 2
24 5 0
18 3 0
Net_id 94
pin_num 2
3 9 0
1 4 0
Net_id 95
pin_num 2
33 54 0
55 47 0
Net_id 96
pin_num 2
39 41 0
47 53 0
Net_id 97
pin_num 2
40 30 0
36 41 0
Net_id 98
pin_num 2
25 9 0
14 5 0
Net_id 99
pin_num 2
31 54 0
30 27 0
Net_id 100
pin_num 2
42 2 0
22 10 0
Net_id 101
pin_num 2
16 58 0
43 53 0
Net_id 102
pin_num 2
58 37 0
58 40 0
Net_id 103
pin_num 2
2 30 0
1 17 0
Net_id 104
pin_num 2
19 55 0
11 56 0
Net_id 105
pin_num 2
34 50 0
16 57 0
Net_id 106
pin_num 2
0 13 0
12 18 0
Net_id 107
pin_num 2
12 5 0
13 25 0
Net_id 108
pin_num 2
19 50 0
3 52 0
Net_id 109
pin_num 2
38 12 0
56 3 0
Net_id 110
pin_num 2
26 49 0
29 30 0
Net_id 111
pin_num 2
27 52 0
21 43 0
Net_id 112
pin_num 2
41 15 0
30 38 0
Net_id 113
pin_num 2
6 16 0
2 23 0
Net_id 114
pin_num 2
34 57 0
39 57 0
Net_id 115
pin_num 2
44 38 0
53 38 0
Net_id 116
pin_num 2
8 57 0
29 11 0
Net_id 117
pin_num 2
20 15 0
2 11 0
Net_id 118
pin_num 2
5 32 0
3 47 0
Net_id 119
pin_num 2
35 52 0
25 56 0
Net_id 120
pin_num 2
5 54 0
37 28 0
Net_id 121
pin_num 2
26 41 0
11 52 0
Net_id 122
pin_num 2
35 2 0
19 18 0
Net_id 123
pin_num 2
51 7 0
58 29 0
Net_id 124
pin_num 2
1 22 0
22 11 0
Net_id 125
pin_num 2
2 31 0
25 49 0
Net_id 126
pin_num 2
53 2 0
31 12 0
Net_id 127
pin_num 2
39 11 0
33 33 0
Net_id 128
pin_num 2
35 49 0
39 47 0
Net_id 129
pin_num 2
30 3 0
40 8 0
Net_id 130
pin_num 2
43 10 0
50 25 0
Net_id 131
pin_num 2
39 25 0
22 17 0
Net_id 132
pin_num 2
46 46 0
38 23 0
Net_id 133
pin_num 2
48 8 0
51 6 0
Net_id 134
pin_num 2
53 26 0
41 26 0
Net_id 135
pin_num 2
42 57 0
33 43 0
Net_id 136
pin_num 2
7 42 0
14 10 0
Net_id 137
pin_num 2
30 56 0
12 44 0
Net_id 138
pin_num 2
55 21 0
48 4 0
Net_id 139
pin_num 2
33 35 0
37 20 0
Net_id 140
pin_num 2
39 35 0
31 34 0
Net_id 141
pin_num 2
7 26 0
0 31 0
Net_id 142
pin_num 2
25 4 0
15 3 0
Net_id 143
pin_num 2
37 6 0
46 15 0
Net_id 144
pin_num 2
41 7 0
27 7 0
Net_id 145
pin_num 2
42 47 0
50 51 0
Net_id 146
pin_num 2
35 15 0
46 27 0
Net_id 147
pin_num 2
49 18 0
56 28 0
Net_id 148
pin_num 2
19 29 0
7 30 0
Net_id 149
pin_num 2
11 8 0
6 7 0
Net_id 150
pin_num 2
12 24 0
0 32 0
Net_id 151
pin_num 2
39 42 0
32 41 0
Net_id 152
pin_num 2
34 8 0
35 16 0
Net_id 153
pin_num 2
54 33 0
54 37 0
Net_id 154
pin_num 2
6 10 0
17 5 0
Net_id 155
pin_num 2
37 44 0
23 56 0
Net_id 156
pin_num 2
34 22 0
29 13 0
Net_id 157
pin_num 2
2 39 0
14 28 0
Net_id 158
pin_num 2
54 26 0
38 41 0
Net_id 159
pin_num 2
53 37 0
32 56 0
Net_id 160
pin_num 2
3 46 0
1 48 0
