Width 60
Height 60
Layer 6
Total_WL 7098
Obstacle_num 144
3 12 0 6 13 0
14 14 0 17 15 0
7 37 0 16 38 0
8 48 0 16 49 0
48 49 0 54 50 0
27 26 0 30 27 0
5 16 0 12 17 0
12 20 0 20 21 0
1 8 0 11 9 0
5 10 0 13 11 0
30 50 0 34 51 0
35 47 0 40 48 0
44 4 0 50 5 0
5 51 0 13 52 0
14 2 0 24 3 0
53 7 0 57 8 0
14 39 0 23 40 0
17 1 0 22 2 0
50 32 0 54 33 0
0 24 0 8 25 0
32 18 0 39 19 0
52 19 0 55 20 0
37 11 0 44 12 0
2 2 0 5 3 0
32 36 1 33 45 1
52 28 1 53 31 1
33 6 1 34 10 1
27 14 1 28 20 1
38 8 1 39 18 1
49 1 1 50 11 1
10 26 1 11 34 1
41 29 1 42 39 1
29 25 1 30 29 1
43 11 1 44 14 1
2 3 1 3 10 1
3 31 1 4 40 1
11 7 1 12 13 1
9 11 1 10 16 1
50 42 1 51 46 1
58 1 1 59 11 1
9 41 1 10 51 1
34 41 1 35 49 1
33 40 1 34 49 1
8 34 1 9 40 1
19 25 1 20 31 1
21 26 1 22 29 1
19 18 1 20 23 1
12 48 1 13 53 1
48 57 2 51 58 2
49 42 2 54 43 2
52 30 2 58 31 2
20 33 2 26 34 2
19 24 2 25 25 2
10 56 2 15 57 2
34 15 2 42 16 2
15 1 2 22 2 2
7 25 2 10 26 2
39 27 2 45 28 2
1 20 2 7 21 2
35 22 2 42 23 2
45 49 2 55 50 2
31 37 2 37 38 2
33 2 2 41 3 2
8 58 2 12 59 2
30 21 2 37 22 2
4 39 2 11 40 2
35 24 2 40 25 2
26 17 2 33 18 2
20 6 2 26 7 2
25 46 2 33 47 2
24 32 2 30 33 2
9 23 2 13 24 2
31 19 3 32 25 3
46 11 3 47 17 3
18 49 3 19 57 3
58 49 3 59 56 3
31 39 3 32 46 3
34 22 3 35 32 3
6 10 3 7 19 3
55 11 3 56 20 3
10 16 3 11 19 3
19 3 3 20 11 3
23 53 3 24 56 3
15 43 3 16 53 3
20 20 3 21 28 3
40 1 3 41 6 3
36 17 3 37 20 3
15 35 3 16 38 3
22 25 3 23 33 3
19 49 3 20 56 3
30 44 3 31 48 3
45 49 3 46 57 3
13 5 3 14 8 3
9 30 3 10 36 3
38 38 3 39 47 3
8 12 3 9 22 3
20 41 4 23 42 4
5 16 4 9 17 4
18 35 4 25 36 4
34 35 4 41 36 4
0 25 4 4 26 4
39 0 4 44 1 4
26 44 4 34 45 4
33 17 4 41 18 4
35 18 4 38 19 4
32 50 4 39 51 4
26 0 4 34 1 4
37 51 4 44 52 4
53 49 4 59 50 4
34 33 4 41 34 4
5 35 4 8 36 4
22 26 4 25 27 4
9 42 4 13 43 4
7 29 4 16 30 4
19 15 4 26 16 4
34 9 4 44 10 4
44 9 4 54 10 4
47 15 4 54 16 4
49 38 4 55 39 4
24 43 4 30 44 4
46 20 5 47 25 5
30 28 5 31 35 5
55 20 5 56 24 5
24 49 5 25 59 5
29 50 5 30 54 5
30 50 5 31 53 5
42 45 5 43 55 5
31 6 5 32 12 5
23 37 5 24 45 5
19 11 5 20 16 5
3 7 5 4 13 5
11 21 5 12 30 5
22 17 5 23 21 5
3 47 5 4 53 5
47 13 5 48 18 5
50 16 5 51 26 5
35 25 5 36 33 5
51 38 5 52 42 5
51 26 5 52 29 5
25 26 5 26 31 5
35 0 5 36 10 5
19 47 5 20 56 5
16 24 5 17 32 5
37 49 5 38 52 5
Net_num 160
Net_id 0
pin_num 5
1 27 0
3 23 0
3 14 0
0 27 0
26 25 0
Net_id 1
pin_num 5
25 9 0
23 11 0
24 24 0
4 15 0
32 10 0
Net_id 2
pin_num 5
0 15 0
1 25 0
0 9 0
13 19 0
0 8 0
Net_id 3
pin_num 5
5 46 0
15 57 0
24 56 0
17 42 0
25 56 0
Net_id 4
pin_num 5
26 50 0
12 43 0
12 21 0
7 41 0
20 48 0
Net_id 5
pin_num 5
42 16 0
44 14 0
44 34 0
33 5 0
34 16 0
Net_id 6
pin_num 5
47 53 0
43 57 0
39 57 0
50 59 0
28 59 0
Net_id 7
pin_num 5
58 26 0
41 21 0
26 21 0
30 20 0
39 4 0
Net_id 8
pin_num 5
54 57 0
42 59 0
47 43 0
59 58 0
43 58 0
Net_id 9
pin_num 5
41 34 0
38 27 0
38 41 0
25 33 0
27 37 0
Net_id 10
pin_num 5
37 25 0
35 32 0
51 29 0
35 4 0
44 0 0
Net_id 11
pin_num 5
16 32 0
21 31 0
18 40 0
2 36 0
5 27 0
Net_id 12
pin_num 5
55 38 0
59 35 0
56 57 0
45 39 0
52 59 0
Net_id 13
pin_num 5
22 16 0
39 28 0
25 28 0
34 14 0
23 22 0
Net_id 14
pin_num 5
3 53 0
10 50 0
22 57 0
6 59 0
0 56 0
Net_id 15
pin_num 5
47 9 0
59 6 0
48 6 0
59 23 0
47 14 0
Net_id 16
pin_num 5
19 47 0
8 47 0
8 59 0
5 55 0
29 49 0
Net_id 17
pin_num 5
2 41 0
2 51 0
20 44 0
0 36 0
3 45 0
Net_id 18
pin_num 5
48 32 0
49 20 0
49 11 0
59 30 0
49 55 0
Net_id 19
pin_num 4
22 35 0
40 36 0
24 29 0
40 39 0
Net_id 20
pin_num 4
25 43 0
44 45 0
43 33 0
53 36 0
Net_id 21
pin_num 4
51 11 0
47 5 0
56 0 0
58 11 0
Net_id 22
pin_num 4
57 11 0
41 12 0
44 1 0
49 0 0
Net_id 23
pin_num 4
16 13 0
13 3 0
1 7 0
25 4 0
Net_id 24
pin_num 4
52 42 0
57 40 0
55 24 0
54 34 0
Net_id 25
pin_num 4
54 16 0
43 28 0
10 24 0
24 8 0
Net_id 26
pin_num 4
3 33 0
19 34 0
1 35 0
6 49 0
Net_id 27
pin_num 4
54 53 0
48 51 0
48 44 0
59 48 0
Net_id 28
pin_num 4
56 12 0
51 17 0
56 28 0
42 20 0
Net_id 29
pin_num 4
28 34 0
42 34 0
34 15 0
32 27 0
Net_id 30
pin_num 4
49 13 0
58 18 0
57 10 0
32 16 0
Net_id 31
pin_num 4
0 34 0
11 40 0
10 22 0
4 27 0
Net_id 32
pin_num 4
49 56 0
35 58 0
15 58 0
10 57 0
Net_id 33
pin_num 4
25 36 0
32 36 0
37 51 0
53 47 0
Net_id 34
pin_num 4
24 36 0
17 36 0
26 23 0
36 38 0
Net_id 35
pin_num 4
31 40 0
36 31 0
28 57 0
46 31 0
Net_id 36
pin_num 4
25 15 0
29 6 0
17 10 0
32 2 0
Net_id 37
pin_num 4
36 1 0
24 3 0
26 7 0
43 6 0
Net_id 38
pin_num 3
7 55 0
10 52 0
27 51 0
Net_id 39
pin_num 3
6 6 0
1 14 0
3 40 0
Net_id 40
pin_num 3
57 35 0
44 38 0
53 59 0
Net_id 41
pin_num 3
20 30 0
26 9 0
24 57 0
Net_id 42
pin_num 3
41 59 0
30 54 0
49 52 0
Net_id 43
pin_num 3
2 19 0
11 35 0
4 1 0
Net_id 44
pin_num 3
32 39 0
25 39 0
20 43 0
Net_id 45
pin_num 3
21 32 0
25 40 0
30 48 0
Net_id 46
pin_num 3
59 1 0
57 5 0
51 12 0
Net_id 47
pin_num 3
35 6 0
34 12 0
48 7 0
Net_id 48
pin_num 3
6 40 0
0 59 0
9 38 0
Net_id 49
pin_num 3
19 57 0
26 52 0
42 55 0
Net_id 50
pin_num 3
14 56 0
2 58 0
7 54 0
Net_id 51
pin_num 3
38 51 0
45 38 0
48 38 0
Net_id 52
pin_num 3
23 32 0
30 19 0
33 22 0
Net_id 53
pin_num 3
48 50 0
56 59 0
57 42 0
Net_id 54
pin_num 3
13 55 0
5 43 0
1 59 0
Net_id 55
pin_num 3
12 59 0
36 54 0
31 32 0
Net_id 56
pin_num 3
47 28 0
52 18 0
45 5 0
Net_id 57
pin_num 3
34 28 0
48 43 0
30 30 0
Net_id 58
pin_num 3
49 43 0
56 27 0
45 35 0
Net_id 59
pin_num 3
31 41 0
46 38 0
57 39 0
Net_id 60
pin_num 3
57 25 0
56 35 0
50 19 0
Net_id 61
pin_num 3
32 31 0
30 25 0
37 6 0
Net_id 62
pin_num 3
48 21 0
57 4 0
41 2 0
Net_id 63
pin_num 3
15 18 0
40 29 0
30 16 0
Net_id 64
pin_num 3
21 24 0
1 13 0
6 27 0
Net_id 65
pin_num 3
51 9 0
59 39 0
54 27 0
Net_id 66
pin_num 3
0 21 0
11 6 0
5 13 0
Net_id 67
pin_num 3
9 40 0
3 52 0
9 57 0
Net_id 68
pin_num 3
10 54 0
27 56 0
31 46 0
Net_id 69
pin_num 3
28 5 0
51 2 0
25 0 0
Net_id 70
pin_num 3
30 8 0
46 8 0
33 27 0
Net_id 71
pin_num 3
45 6 0
57 29 0
53 15 0
Net_id 72
pin_num 3
20 6 0
26 1 0
7 0 0
Net_id 73
pin_num 3
7 52 0
2 31 0
4 0 0
Net_id 74
pin_num 3
58 52 0
51 56 0
53 37 0
Net_id 75
pin_num 3
28 50 0
48 55 0
24 27 0
Net_id 76
pin_num 3
44 49 0
59 44 0
46 44 0
Net_id 77
pin_num 3
39 19 0
56 21 0
57 31 0
Net_id 78
pin_num 2
37 10 0
23 19 0
Net_id 79
pin_num 2
8 28 0
16 19 0
Net_id 80
pin_num 2
19 51 0
29 42 0
Net_id 81
pin_num 2
21 5 0
17 5 0
Net_id 82
pin_num 2
41 29 0
55 43 0
Net_id 83
pin_num 2
6 23 0
32 15 0
Net_id 84
pin_num 2
38 31 0
51 44 0
Net_id 85
pin_num 2
27 9 0
40 6 0
Net_id 86
pin_num 2
11 26 0
34 38 0
Net_id 87
pin_num 2
38 30 0
43 30 0
Net_id 88
pin_num 2
17 8 0
30 13 0
Net_id 89
pin_num 2
0 4 0
2 1 0
Net_id 90
pin_num 2
39 37 0
33 45 0
Net_id 91
pin_num 2
25 6 0
40 24 0
Net_id 92
pin_num 2
27 45 0
19 33 0
Net_id 93
pin_num 2
59 19 0
43 4 0
Net_id 94
pin_num 2
30 18 0
7 12 0
Net_id 95
pin_num 2
53 41 0
40 28 0
Net_id 96
pin_num 2
2 32 0
15 31 0
Net_id 97
pin_num 2
39 40 0
40 37 0
Net_id 98
pin_num 2
27 2 0
23 3 0
Net_id 99
pin_num 2
1 2 0
12 17 0
Net_id 100
pin_num 2
14 42 0
16 31 0
Net_id 101
pin_num 2
42 49 0
45 44 0
Net_id 102
pin_num 2
4 39 0
0 37 0
Net_id 103
pin_num 2
46 1 0
48 10 0
Net_id 104
pin_num 2
46 17 0
41 5 0
Net_id 105
pin_num 2
12 30 0
40 10 0
Net_id 106
pin_num 2
28 31 0
35 48 0
Net_id 107
pin_num 2
11 43 0
7 45 0
Net_id 108
pin_num 2
11 13 0
8 24 0
Net_id 109
pin_num 2
52 5 0
56 1 0
Net_id 110
pin_num 2
16 51 0
4 22 0
Net_id 111
pin_num 2
47 54 0
59 40 0
Net_id 112
pin_num 2
45 20 0
48 25 0
Net_id 113
pin_num 2
31 3 0
35 3 0
Net_id 114
pin_num 2
45 32 0
41 32 0
Net_id 115
pin_num 2
0 6 0
14 1 0
Net_id 116
pin_num 2
46 54 0
36 52 0
Net_id 117
pin_num 2
38 15 0
55 8 0
Net_id 118
pin_num 2
32 57 0
29 57 0
Net_id 119
pin_num 2
47 3 0
47 10 0
Net_id 120
pin_num 2
59 15 0
45 48 0
Net_id 121
pin_num 2
49 25 0
55 4 0
Net_id 122
pin_num 2
29 2 0
21 7 0
Net_id 123
pin_num 2
25 14 0
28 22 0
Net_id 124
pin_num 2
45 47 0
59 51 0
Net_id 125
pin_num 2
13 14 0
7 11 0
Net_id 126
pin_num 2
39 12 0
52 7 0
Net_id 127
pin_num 2
41 22 0
37 22 0
Net_id 128
pin_num 2
12 41 0
19 45 0
Net_id 129
pin_num 2
35 23 0
19 40 0
Net_id 130
pin_num 2
22 53 0
7 49 0
Net_id 131
pin_num 2
33 11 0
40 23 0
Net_id 132
pin_num 2
7 28 0
15 28 0
Net_id 133
pin_num 2
36 15 0
37 9 0
Net_id 134
pin_num 2
28 0 0
36 12 0
Net_id 135
pin_num 2
12 45 0
4 58 0
Net_id 136
pin_num 2
53 40 0
54 59 0
Net_id 137
pin_num 2
22 10 0
19 0 0
Net_id 138
pin_num 2
4 18 0
0 22 0
Net_id 139
pin_num 2
6 37 0
10 53 0
Net_id 140
pin_num 2
29 9 0
36 11 0
Net_id 141
pin_num 2
39 9 0
45 9 0
Net_id 142
pin_num 2
14 16 0
6 1 0
Net_id 143
pin_num 2
50 4 0
56 15 0
Net_id 144
pin_num 2
56 22 0
32 47 0
Net_id 145
pin_num 2
14 3 0
15 5 0
Net_id 146
pin_num 2
44 41 0
39 42 0
Net_id 147
pin_num 2
15 47 0
4 35 0
Net_id 148
pin_num 2
12 9 0
8 11 0
Net_id 149
pin_num 2
5 23 0
0 40 0
Net_id 150
pin_num 2
50 27 0
42 33 0
Net_id 151
pin_num 2
16 40 0
8 31 0
Net_id 152
pin_num 2
37 3 0
27 28 0
Net_id 153
pin_num 2
53 54 0
44 55 0
Net_id 154
pin_num 2
1 29 0
13 53 0
Net_id 155
pin_num 2
29 8 0
14 17 0
Net_id 156
pin_num 2
32 42 0
21 52 0
Net_id 157
pin_num 2
37 17 0
47 31 0
Net_id 158
pin_num 2
29 30 0
16 17 0
Net_id 159
pin_num 2
53 33 0
32 7 0
