Width 60
Height 60
Layer 6
Total_WL 7046
Obstacle_num 144
44 42 0 49 43 0
52 14 0 55 15 0
22 31 0 25 32 0
0 4 0 8 5 0
33 34 0 40 35 0
36 14 0 44 15 0
23 39 0 29 40 0
25 42 0 35 43 0
2 36 0 5 37 0
18 40 0 23 41 0
3 49 0 13 50 0
23 52 0 33 53 0
44 29 0 50 30 0
40 6 0 44 7 0
44 51 0 48 52 0
45 25 0 54 26 0
38 19 0 48 20 0
4 8 0 13 9 0
22 38 0 25 39 0
25 51 0 31 52 0
38 56 0 48 57 0
25 46 0 33 47 0
21 44 0 27 45 0
30 28 0 35 29 0
11 29 1 12 36 1
58 28 1 59 33 1
46 33 1 47 41 1
52 10 1 53 15 1
58 5 1 59 14 1
27 34 1 28 41 1
15 45 1 16 54 1
36 54 1 37 57 1
4 20 1 5 27 1
37 4 1 38 7 1
37 25 1 38 35 1
25 33 1 26 39 1
26 7 1 27 17 1
22 37 1 23 45 1
31 3 1 32 8 1
6 24 1 7 33 1
11 2 1 12 11 1
16 16 1 17 23 1
51 37 1 52 43 1
27 4 1 28 10 1
56 36 1 57 44 1
6 14 1 7 23 1
31 31 1 32 35 1
13 28 1 14 32 1
49 28 2 52 29 2
42 6 2 48 7 2
45 38 2 55 39 2
6 5 2 13 6 2
36 24 2 42 25 2
9 12 2 16 13 2
0 42 2 5 43 2
54 9 2 59 10 2
36 34 2 45 35 2
56 51 2 59 52 2
44 5 2 52 6 2
8 33 2 14 34 2
29 53 2 35 54 2
23 19 2 29 20 2
53 45 2 57 46 2
27 30 2 36 31 2
50 4 2 57 5 2
22 41 2 26 42 2
2 4 2 5 5 2
37 56 2 40 57 2
23 2 2 32 3 2
25 43 2 34 44 2
13 50 2 18 51 2
52 42 2 57 43 2
17 5 3 18 11 3
35 18 3 36 22 3
11 21 3 12 25 3
33 40 3 34 48 3
35 39 3 36 46 3
57 18 3 58 28 3
21 18 3 22 27 3
17 36 3 18 45 3
38 46 3 39 55 3
25 48 3 26 58 3
23 18 3 24 24 3
14 27 3 15 31 3
42 50 3 43 54 3
53 50 3 54 55 3
34 15 3 35 23 3
29 34 3 30 39 3
45 39 3 46 44 3
24 44 3 25 50 3
21 35 3 22 40 3
46 30 3 47 40 3
30 42 3 31 52 3
29 44 3 30 52 3
9 54 3 10 58 3
31 51 3 32 55 3
2 5 4 11 6 4
41 25 4 49 26 4
36 21 4 40 22 4
39 46 4 42 47 4
16 36 4 19 37 4
22 1 4 27 2 4
3 52 4 12 53 4
43 1 4 48 2 4
44 5 4 54 6 4
28 44 4 37 45 4
38 39 4 41 40 4
2 25 4 11 26 4
34 15 4 39 16 4
1 39 4 6 40 4
1 43 4 8 44 4
28 2 4 34 3 4
12 0 4 16 1 4
12 43 4 22 44 4
2 51 4 7 52 4
10 45 4 14 46 4
48 37 4 56 38 4
44 50 4 48 51 4
41 3 4 51 4 4
17 9 4 21 10 4
29 43 5 30 47 5
14 15 5 15 23 5
12 0 5 13 8 5
12 43 5 13 49 5
29 9 5 30 15 5
27 2 5 28 11 5
10 31 5 11 37 5
10 4 5 11 7 5
39 46 5 40 51 5
44 0 5 45 5 5
33 5 5 34 11 5
45 33 5 46 36 5
37 4 5 38 7 5
8 21 5 9 30 5
18 38 5 19 42 5
26 14 5 27 23 5
11 41 5 12 50 5
24 15 5 25 22 5
39 12 5 40 15 5
58 18 5 59 22 5
55 47 5 56 51 5
43 24 5 44 30 5
47 41 5 48 51 5
39 9 5 40 12 5
Net_num 160
Net_id 0
pin_num 5
13 36 0
17 38 0
16 15 0
38 33 0
38 24 0
Net_id 1
pin_num 5
25 53 0
17 47 0
19 59 0
17 51 0
29 59 0
Net_id 2
pin_num 5
26 11 0
22 2 0
21 10 0
31 0 0
19 6 0
Net_id 3
pin_num 5
45 1 0
41 1 0
59 2 0
35 0 0
37 8 0
Net_id 4
pin_num 5
28 22 0
21 12 0
37 13 0
34 17 0
24 12 0
Net_id 5
pin_num 5
47 39 0
55 27 0
55 45 0
42 35 0
43 48 0
Net_id 6
pin_num 5
6 27 0
21 22 0
26 27 0
16 11 0
22 8 0
Net_id 7
pin_num 5
24 51 0
27 58 0
26 47 0
7 59 0
26 48 0
Net_id 8
pin_num 5
42 37 0
44 33 0
32 35 0
57 38 0
55 26 0
Net_id 9
pin_num 5
22 16 0
28 11 0
32 0 0
34 11 0
42 9 0
Net_id 10
pin_num 5
46 37 0
53 37 0
40 29 0
59 27 0
45 9 0
Net_id 11
pin_num 5
23 36 0
15 40 0
17 43 0
15 44 0
0 46 0
Net_id 12
pin_num 5
15 21 0
21 21 0
20 28 0
3 25 0
20 0 0
Net_id 13
pin_num 5
43 47 0
37 41 0
42 58 0
31 47 0
32 56 0
Net_id 14
pin_num 5
54 11 0
45 0 0
49 2 0
43 2 0
30 7 0
Net_id 15
pin_num 5
57 55 0
59 48 0
50 59 0
47 53 0
50 56 0
Net_id 16
pin_num 5
39 52 0
57 49 0
47 59 0
36 59 0
37 58 0
Net_id 17
pin_num 5
39 0 0
47 6 0
39 4 0
41 16 0
18 6 0
Net_id 18
pin_num 5
34 33 0
21 30 0
30 36 0
32 30 0
32 31 0
Net_id 19
pin_num 5
27 16 0
32 16 0
36 5 0
31 25 0
54 15 0
Net_id 20
pin_num 4
27 26 0
16 14 0
45 26 0
29 23 0
Net_id 21
pin_num 4
37 43 0
42 28 0
41 48 0
58 28 0
Net_id 22
pin_num 4
20 39 0
13 43 0
16 31 0
35 42 0
Net_id 23
pin_num 4
30 50 0
27 57 0
27 32 0
40 54 0
Net_id 24
pin_num 4
29 38 0
35 38 0
35 24 0
40 48 0
Net_id 25
pin_num 4
46 5 0
57 10 0
55 22 0
36 0 0
Net_id 26
pin_num 4
18 31 0
23 12 0
21 0 0
24 11 0
Net_id 27
pin_num 4
9 34 0
16 48 0
6 42 0
10 44 0
Net_id 28
pin_num 4
3 19 0
24 15 0
33 16 0
19 0 0
Net_id 29
pin_num 4
13 29 0
24 35 0
21 46 0
25 28 0
Net_id 30
pin_num 4
9 44 0
6 46 0
0 41 0
9 45 0
Net_id 31
pin_num 4
44 54 0
52 55 0
49 44 0
49 31 0
Net_id 32
pin_num 4
53 49 0
59 42 0
53 33 0
43 43 0
Net_id 33
pin_num 4
36 3 0
44 3 0
43 12 0
16 4 0
Net_id 34
pin_num 4
50 12 0
48 18 0
59 14 0
21 1 0
Net_id 35
pin_num 4
58 36 0
53 32 0
31 32 0
51 10 0
Net_id 36
pin_num 4
56 32 0
54 41 0
59 26 0
58 44 0
Net_id 37
pin_num 4
58 18 0
50 31 0
52 20 0
37 20 0
Net_id 38
pin_num 4
44 23 0
54 29 0
48 41 0
28 34 0
Net_id 39
pin_num 4
19 7 0
16 8 0
27 3 0
40 1 0
Net_id 40
pin_num 4
55 21 0
56 14 0
38 18 0
40 2 0
Net_id 41
pin_num 4
29 53 0
42 42 0
25 47 0
33 52 0
Net_id 42
pin_num 4
7 33 0
16 25 0
25 33 0
9 15 0
Net_id 43
pin_num 3
1 1 0
2 13 0
15 5 0
Net_id 44
pin_num 3
47 26 0
57 37 0
50 55 0
Net_id 45
pin_num 3
18 2 0
3 2 0
0 30 0
Net_id 46
pin_num 3
33 46 0
43 46 0
36 23 0
Net_id 47
pin_num 3
57 11 0
50 16 0
55 46 0
Net_id 48
pin_num 3
19 38 0
25 54 0
2 50 0
Net_id 49
pin_num 3
35 12 0
42 16 0
23 9 0
Net_id 50
pin_num 3
43 33 0
39 38 0
54 37 0
Net_id 51
pin_num 3
35 52 0
35 49 0
59 47 0
Net_id 52
pin_num 3
27 18 0
43 31 0
14 4 0
Net_id 53
pin_num 3
34 25 0
46 17 0
32 5 0
Net_id 54
pin_num 3
27 2 0
22 3 0
29 22 0
Net_id 55
pin_num 3
17 1 0
10 13 0
3 37 0
Net_id 56
pin_num 3
26 43 0
3 40 0
6 52 0
Net_id 57
pin_num 3
54 38 0
44 44 0
59 46 0
Net_id 58
pin_num 3
8 24 0
23 5 0
50 2 0
Net_id 59
pin_num 3
56 17 0
40 36 0
59 25 0
Net_id 60
pin_num 3
57 57 0
34 59 0
40 28 0
Net_id 61
pin_num 3
40 10 0
30 21 0
6 33 0
Net_id 62
pin_num 3
31 56 0
27 54 0
29 48 0
Net_id 63
pin_num 3
53 41 0
44 52 0
47 36 0
Net_id 64
pin_num 3
14 8 0
25 18 0
18 22 0
Net_id 65
pin_num 3
34 14 0
51 9 0
36 48 0
Net_id 66
pin_num 3
10 28 0
4 46 0
9 4 0
Net_id 67
pin_num 3
1 35 0
9 46 0
2 22 0
Net_id 68
pin_num 3
41 31 0
30 55 0
15 38 0
Net_id 69
pin_num 3
12 15 0
19 10 0
15 11 0
Net_id 70
pin_num 3
37 38 0
33 33 0
33 41 0
Net_id 71
pin_num 3
2 0 0
0 24 0
7 3 0
Net_id 72
pin_num 3
34 23 0
31 21 0
58 57 0
Net_id 73
pin_num 3
1 17 0
12 16 0
7 38 0
Net_id 74
pin_num 3
6 28 0
4 32 0
1 38 0
Net_id 75
pin_num 3
13 3 0
5 5 0
12 11 0
Net_id 76
pin_num 3
56 59 0
51 58 0
58 34 0
Net_id 77
pin_num 3
2 54 0
1 55 0
16 55 0
Net_id 78
pin_num 3
9 23 0
2 2 0
21 11 0
Net_id 79
pin_num 3
27 21 0
19 14 0
14 15 0
Net_id 80
pin_num 3
18 8 0
11 1 0
12 14 0
Net_id 81
pin_num 2
0 14 0
17 0 0
Net_id 82
pin_num 2
23 23 0
7 18 0
Net_id 83
pin_num 2
46 24 0
44 21 0
Net_id 84
pin_num 2
3 16 0
13 32 0
Net_id 85
pin_num 2
25 25 0
17 32 0
Net_id 86
pin_num 2
32 50 0
43 53 0
Net_id 87
pin_num 2
9 7 0
27 14 0
Net_id 88
pin_num 2
33 6 0
40 11 0
Net_id 89
pin_num 2
11 40 0
13 39 0
Net_id 90
pin_num 2
2 52 0
9 58 0
Net_id 91
pin_num 2
42 23 0
36 19 0
Net_id 92
pin_num 2
14 35 0
6 23 0
Net_id 93
pin_num 2
28 40 0
20 35 0
Net_id 94
pin_num 2
25 50 0
36 58 0
Net_id 95
pin_num 2
51 21 0
36 20 0
Net_id 96
pin_num 2
2 8 0
24 18 0
Net_id 97
pin_num 2
55 56 0
39 42 0
Net_id 98
pin_num 2
49 27 0
31 27 0
Net_id 99
pin_num 2
56 18 0
56 24 0
Net_id 100
pin_num 2
51 26 0
54 27 0
Net_id 101
pin_num 2
6 15 0
12 37 0
Net_id 102
pin_num 2
44 31 0
56 44 0
Net_id 103
pin_num 2
19 45 0
10 57 0
Net_id 104
pin_num 2
5 47 0
2 59 0
Net_id 105
pin_num 2
37 7 0
46 4 0
Net_id 106
pin_num 2
57 12 0
52 21 0
Net_id 107
pin_num 2
59 41 0
46 41 0
Net_id 108
pin_num 2
7 47 0
16 53 0
Net_id 109
pin_num 2
55 43 0
51 47 0
Net_id 110
pin_num 2
33 13 0
34 0 0
Net_id 111
pin_num 2
54 19 0
48 22 0
Net_id 112
pin_num 2
20 23 0
15 22 0
Net_id 113
pin_num 2
8 30 0
28 21 0
Net_id 114
pin_num 2
14 18 0
26 1 0
Net_id 115
pin_num 2
1 59 0
2 56 0
Net_id 116
pin_num 2
9 36 0
18 35 0
Net_id 117
pin_num 2
9 0 0
5 0 0
Net_id 118
pin_num 2
13 53 0
5 56 0
Net_id 119
pin_num 2
45 16 0
43 21 0
Net_id 120
pin_num 2
54 31 0
49 13 0
Net_id 121
pin_num 2
54 50 0
33 57 0
Net_id 122
pin_num 2
53 21 0
59 4 0
Net_id 123
pin_num 2
11 29 0
30 37 0
Net_id 124
pin_num 2
31 3 0
27 12 0
Net_id 125
pin_num 2
32 12 0
25 13 0
Net_id 126
pin_num 2
32 24 0
38 45 0
Net_id 127
pin_num 2
24 9 0
34 12 0
Net_id 128
pin_num 2
2 41 0
13 38 0
Net_id 129
pin_num 2
52 12 0
56 8 0
Net_id 130
pin_num 2
30 20 0
15 20 0
Net_id 131
pin_num 2
58 24 0
49 17 0
Net_id 132
pin_num 2
7 21 0
10 32 0
Net_id 133
pin_num 2
56 36 0
59 3 0
Net_id 134
pin_num 2
0 34 0
3 26 0
Net_id 135
pin_num 2
54 40 0
41 40 0
Net_id 136
pin_num 2
54 36 0
33 29 0
Net_id 137
pin_num 2
57 45 0
56 29 0
Net_id 138
pin_num 2
46 46 0
50 52 0
Net_id 139
pin_num 2
13 28 0
31 48 0
Net_id 140
pin_num 2
8 14 0
24 23 0
Net_id 141
pin_num 2
16 46 0
19 44 0
Net_id 142
pin_num 2
25 3 0
7 1 0
Net_id 143
pin_num 2
44 13 0
55 2 0
Net_id 144
pin_num 2
32 14 0
34 10 0
Net_id 145
pin_num 2
26 57 0
17 52 0
Net_id 146
pin_num 2
10 7 0
14 7 0
Net_id 147
pin_num 2
50 27 0
58 46 0
Net_id 148
pin_num 2
39 40 0
18 41 0
Net_id 149
pin_num 2
15 19 0
8 43 0
Net_id 150
pin_num 2
23 20 0
34 3 0
Net_id 151
pin_num 2
46 57 0
28 49 0
Net_id 152
pin_num 2
7 6 0
2 12 0
Net_id 153
pin_num 2
1 58 0
8 51 0
Net_id 154
pin_num 2
36 45 0
21 58 0
Net_id 155
pin_num 2
57 3 0
57 2 0
Net_id 156
pin_num 2
3 11 0
0 21 0
Net_id 157
pin_num 2
54 9 0
58 9 0
Net_id 158
pin_num 2
7 9 0
2 21 0
Net_id 159
pin_num 2
15 0 0
36 17 0
