Width 60
Height 60
Layer 6
Total_WL 7031
Obstacle_num 144
23 16 0 27 17 0
19 24 0 24 25 0
9 37 0 16 38 0
35 13 0 45 14 0
32 19 0 39 20 0
44 41 0 47 42 0
12 29 0 20 30 0
6 12 0 12 13 0
31 40 0 36 41 0
8 45 0 13 46 0
25 28 0 35 29 0
48 19 0 57 20 0
52 37 0 56 38 0
40 47 0 44 48 0
0 1 0 10 2 0
35 33 0 38 34 0
6 46 0 13 47 0
14 45 0 17 46 0
46 25 0 53 26 0
7 16 0 17 17 0
51 50 0 59 51 0
24 43 0 30 44 0
38 28 0 48 29 0
32 10 0 40 11 0
38 31 1 39 36 1
50 16 1 51 20 1
55 49 1 56 54 1
30 36 1 31 41 1
52 40 1 53 50 1
32 27 1 33 36 1
56 45 1 57 50 1
8 39 1 9 42 1
18 28 1 19 33 1
32 51 1 33 54 1
9 18 1 10 24 1
15 50 1 16 53 1
20 33 1 21 39 1
10 6 1 11 10 1
45 6 1 46 11 1
29 21 1 30 26 1
27 22 1 28 32 1
41 19 1 42 28 1
29 34 1 30 44 1
46 10 1 47 18 1
57 21 1 58 26 1
39 18 1 40 28 1
35 37 1 36 47 1
13 20 1 14 29 1
1 51 2 5 52 2
29 46 2 33 47 2
36 48 2 44 49 2
51 31 2 58 32 2
29 23 2 38 24 2
5 15 2 10 16 2
22 27 2 30 28 2
3 13 2 13 14 2
35 40 2 40 41 2
40 42 2 47 43 2
37 50 2 47 51 2
40 36 2 46 37 2
1 16 2 9 17 2
23 51 2 27 52 2
19 23 2 25 24 2
4 48 2 12 49 2
37 10 2 42 11 2
10 2 2 19 3 2
8 14 2 12 15 2
30 58 2 40 59 2
6 44 2 15 45 2
49 16 2 57 17 2
13 51 2 20 52 2
40 53 2 44 54 2
6 5 3 7 10 3
7 1 3 8 5 3
10 30 3 11 34 3
48 24 3 49 29 3
32 36 3 33 41 3
8 14 3 9 18 3
52 42 3 53 48 3
22 25 3 23 29 3
21 1 3 22 11 3
57 36 3 58 40 3
15 16 3 16 24 3
48 35 3 49 44 3
6 32 3 7 39 3
51 14 3 52 22 3
30 24 3 31 31 3
48 53 3 49 59 3
42 18 3 43 21 3
48 44 3 49 51 3
45 47 3 46 55 3
21 31 3 22 36 3
54 43 3 55 48 3
14 22 3 15 27 3
11 17 3 12 26 3
52 10 3 53 19 3
23 8 4 32 9 4
2 5 4 11 6 4
21 34 4 24 35 4
20 23 4 25 24 4
27 47 4 30 48 4
9 24 4 18 25 4
49 35 4 56 36 4
3 19 4 11 20 4
13 51 4 21 52 4
12 46 4 16 47 4
23 36 4 28 37 4
51 6 4 58 7 4
38 39 4 45 40 4
33 7 4 36 8 4
32 25 4 40 26 4
46 56 4 56 57 4
1 20 4 7 21 4
10 0 4 20 1 4
35 45 4 42 46 4
37 11 4 42 12 4
22 5 4 27 6 4
8 12 4 17 13 4
41 27 4 45 28 4
53 39 4 56 40 4
15 2 5 16 6 5
44 16 5 45 25 5
47 56 5 48 59 5
57 33 5 58 43 5
20 24 5 21 31 5
11 55 5 12 58 5
2 54 5 3 58 5
30 36 5 31 42 5
27 48 5 28 53 5
25 9 5 26 18 5
56 45 5 57 54 5
41 23 5 42 31 5
29 17 5 30 20 5
33 49 5 34 59 5
47 11 5 48 21 5
17 16 5 18 20 5
30 31 5 31 34 5
6 9 5 7 16 5
19 1 5 20 9 5
17 29 5 18 36 5
50 11 5 51 14 5
11 34 5 12 40 5
10 25 5 11 32 5
6 25 5 7 32 5
Net_num 163
Net_id 0
pin_num 5
23 58 0
36 58 0
28 35 0
31 38 0
20 55 0
Net_id 1
pin_num 5
12 40 0
21 32 0
19 59 0
30 52 0
11 39 0
Net_id 2
pin_num 5
54 24 0
58 32 0
58 31 0
53 24 0
59 44 0
Net_id 3
pin_num 5
58 26 0
56 32 0
57 51 0
56 59 0
59 55 0
Net_id 4
pin_num 5
57 28 0
59 20 0
44 26 0
57 0 0
48 7 0
Net_id 5
pin_num 5
48 58 0
41 58 0
55 56 0
56 0 0
34 59 0
Net_id 6
pin_num 5
47 1 0
47 9 0
59 5 0
59 12 0
27 4 0
Net_id 7
pin_num 5
41 49 0
40 43 0
40 36 0
37 44 0
40 19 0
Net_id 8
pin_num 5
49 45 0
42 57 0
46 26 0
30 27 0
55 40 0
Net_id 9
pin_num 5
6 15 0
1 27 0
10 18 0
1 36 0
4 9 0
Net_id 10
pin_num 5
10 31 0
2 28 0
5 24 0
14 28 0
11 31 0
Net_id 11
pin_num 5
6 43 0
3 38 0
3 47 0
17 43 0
11 49 0
Net_id 12
pin_num 5
3 53 0
8 53 0
4 36 0
2 32 0
4 39 0
Net_id 13
pin_num 5
4 54 0
3 55 0
18 51 0
39 51 0
9 42 0
Net_id 14
pin_num 5
35 21 0
35 30 0
16 25 0
17 25 0
26 37 0
Net_id 15
pin_num 5
35 0 0
28 11 0
14 1 0
37 16 0
17 0 0
Net_id 16
pin_num 5
42 48 0
53 44 0
50 39 0
50 22 0
41 30 0
Net_id 17
pin_num 5
44 2 0
49 3 0
55 0 0
52 0 0
54 17 0
Net_id 18
pin_num 5
50 45 0
55 45 0
55 59 0
47 50 0
57 46 0
Net_id 19
pin_num 5
44 25 0
28 23 0
44 17 0
34 16 0
42 6 0
Net_id 20
pin_num 4
20 7 0
23 22 0
17 15 0
12 15 0
Net_id 21
pin_num 4
47 51 0
58 40 0
49 28 0
59 48 0
Net_id 22
pin_num 4
23 38 0
13 36 0
14 30 0
0 14 0
Net_id 23
pin_num 4
22 40 0
27 44 0
22 59 0
25 32 0
Net_id 24
pin_num 4
15 18 0
27 16 0
18 8 0
33 9 0
Net_id 25
pin_num 4
10 24 0
23 28 0
16 10 0
31 10 0
Net_id 26
pin_num 4
29 57 0
41 57 0
31 59 0
58 59 0
Net_id 27
pin_num 4
51 30 0
42 37 0
48 14 0
48 37 0
Net_id 28
pin_num 4
9 17 0
17 13 0
4 0 0
21 6 0
Net_id 29
pin_num 4
59 51 0
49 49 0
55 38 0
47 59 0
Net_id 30
pin_num 4
23 50 0
32 41 0
12 42 0
0 51 0
Net_id 31
pin_num 4
55 33 0
58 38 0
51 37 0
54 33 0
Net_id 32
pin_num 4
45 15 0
44 3 0
42 1 0
35 8 0
Net_id 33
pin_num 4
50 16 0
58 16 0
49 15 0
51 20 0
Net_id 34
pin_num 4
24 34 0
17 28 0
25 29 0
24 24 0
Net_id 35
pin_num 4
17 48 0
23 39 0
18 33 0
32 36 0
Net_id 36
pin_num 4
17 41 0
24 41 0
26 57 0
41 42 0
Net_id 37
pin_num 4
34 23 0
45 20 0
36 34 0
26 31 0
Net_id 38
pin_num 4
35 2 0
43 6 0
41 8 0
57 1 0
Net_id 39
pin_num 4
22 20 0
36 17 0
43 29 0
33 26 0
Net_id 40
pin_num 3
25 6 0
15 25 0
20 12 0
Net_id 41
pin_num 3
56 31 0
38 22 0
50 47 0
Net_id 42
pin_num 3
21 45 0
9 32 0
9 11 0
Net_id 43
pin_num 3
0 3 0
6 9 0
6 44 0
Net_id 44
pin_num 3
43 16 0
27 2 0
29 5 0
Net_id 45
pin_num 3
44 9 0
52 1 0
43 19 0
Net_id 46
pin_num 3
40 25 0
34 18 0
35 18 0
Net_id 47
pin_num 3
4 51 0
14 51 0
2 43 0
Net_id 48
pin_num 3
52 56 0
42 56 0
59 52 0
Net_id 49
pin_num 3
11 17 0
5 4 0
25 17 0
Net_id 50
pin_num 3
4 2 0
9 3 0
13 4 0
Net_id 51
pin_num 3
2 47 0
1 26 0
0 59 0
Net_id 52
pin_num 3
35 46 0
24 39 0
1 49 0
Net_id 53
pin_num 3
20 28 0
30 53 0
43 35 0
Net_id 54
pin_num 3
39 55 0
52 39 0
59 56 0
Net_id 55
pin_num 3
26 18 0
1 14 0
0 10 0
Net_id 56
pin_num 3
31 55 0
38 53 0
49 52 0
Net_id 57
pin_num 3
12 48 0
10 41 0
34 39 0
Net_id 58
pin_num 3
33 45 0
49 55 0
47 42 0
Net_id 59
pin_num 3
44 34 0
59 36 0
55 1 0
Net_id 60
pin_num 3
43 3 0
39 1 0
39 14 0
Net_id 61
pin_num 3
48 36 0
46 24 0
24 31 0
Net_id 62
pin_num 3
35 15 0
29 7 0
11 21 0
Net_id 63
pin_num 3
50 28 0
57 29 0
33 29 0
Net_id 64
pin_num 3
1 20 0
11 19 0
10 30 0
Net_id 65
pin_num 3
16 34 0
1 50 0
46 46 0
Net_id 66
pin_num 3
7 6 0
14 10 0
4 29 0
Net_id 67
pin_num 3
55 5 0
53 17 0
57 19 0
Net_id 68
pin_num 3
7 4 0
3 27 0
4 27 0
Net_id 69
pin_num 3
34 48 0
41 34 0
51 46 0
Net_id 70
pin_num 3
27 38 0
21 47 0
5 39 0
Net_id 71
pin_num 3
18 43 0
33 32 0
34 54 0
Net_id 72
pin_num 3
59 59 0
34 56 0
40 18 0
Net_id 73
pin_num 3
9 39 0
12 33 0
20 32 0
Net_id 74
pin_num 3
58 48 0
51 48 0
56 41 0
Net_id 75
pin_num 3
38 21 0
58 39 0
58 17 0
Net_id 76
pin_num 3
26 49 0
37 43 0
36 22 0
Net_id 77
pin_num 3
11 22 0
5 22 0
24 27 0
Net_id 78
pin_num 3
46 0 0
41 0 0
34 21 0
Net_id 79
pin_num 3
22 8 0
28 10 0
40 1 0
Net_id 80
pin_num 3
51 31 0
56 38 0
58 54 0
Net_id 81
pin_num 3
23 14 0
41 1 0
16 17 0
Net_id 82
pin_num 3
16 51 0
33 41 0
22 17 0
Net_id 83
pin_num 3
57 11 0
50 5 0
36 5 0
Net_id 84
pin_num 2
52 32 0
56 16 0
Net_id 85
pin_num 2
50 8 0
53 11 0
Net_id 86
pin_num 2
33 39 0
26 30 0
Net_id 87
pin_num 2
27 55 0
5 34 0
Net_id 88
pin_num 2
46 49 0
52 30 0
Net_id 89
pin_num 2
41 38 0
33 46 0
Net_id 90
pin_num 2
29 11 0
47 15 0
Net_id 91
pin_num 2
34 53 0
22 50 0
Net_id 92
pin_num 2
31 56 0
39 34 0
Net_id 93
pin_num 2
46 13 0
48 6 0
Net_id 94
pin_num 2
28 1 0
48 8 0
Net_id 95
pin_num 2
49 32 0
57 20 0
Net_id 96
pin_num 2
38 49 0
56 58 0
Net_id 97
pin_num 2
45 8 0
39 15 0
Net_id 98
pin_num 2
31 32 0
12 36 0
Net_id 99
pin_num 2
28 55 0
28 24 0
Net_id 100
pin_num 2
18 58 0
1 59 0
Net_id 101
pin_num 2
48 24 0
54 27 0
Net_id 102
pin_num 2
2 41 0
3 50 0
Net_id 103
pin_num 2
25 39 0
17 33 0
Net_id 104
pin_num 2
43 17 0
37 36 0
Net_id 105
pin_num 2
35 12 0
4 22 0
Net_id 106
pin_num 2
6 13 0
15 12 0
Net_id 107
pin_num 2
27 29 0
35 36 0
Net_id 108
pin_num 2
8 50 0
3 36 0
Net_id 109
pin_num 2
16 0 0
6 2 0
Net_id 110
pin_num 2
14 13 0
17 23 0
Net_id 111
pin_num 2
11 53 0
20 54 0
Net_id 112
pin_num 2
27 18 0
28 15 0
Net_id 113
pin_num 2
45 24 0
35 47 0
Net_id 114
pin_num 2
32 22 0
40 12 0
Net_id 115
pin_num 2
43 38 0
46 23 0
Net_id 116
pin_num 2
1 35 0
4 30 0
Net_id 117
pin_num 2
32 2 0
52 20 0
Net_id 118
pin_num 2
9 8 0
29 9 0
Net_id 119
pin_num 2
7 19 0
5 10 0
Net_id 120
pin_num 2
45 49 0
49 54 0
Net_id 121
pin_num 2
52 10 0
57 3 0
Net_id 122
pin_num 2
42 50 0
51 38 0
Net_id 123
pin_num 2
39 6 0
46 18 0
Net_id 124
pin_num 2
26 23 0
18 21 0
Net_id 125
pin_num 2
4 47 0
22 19 0
Net_id 126
pin_num 2
12 7 0
17 5 0
Net_id 127
pin_num 2
11 29 0
8 27 0
Net_id 128
pin_num 2
23 37 0
13 50 0
Net_id 129
pin_num 2
23 48 0
40 56 0
Net_id 130
pin_num 2
14 54 0
4 35 0
Net_id 131
pin_num 2
38 56 0
12 57 0
Net_id 132
pin_num 2
34 9 0
52 13 0
Net_id 133
pin_num 2
30 55 0
34 41 0
Net_id 134
pin_num 2
56 42 0
51 43 0
Net_id 135
pin_num 2
11 35 0
5 36 0
Net_id 136
pin_num 2
33 5 0
30 7 0
Net_id 137
pin_num 2
21 19 0
5 5 0
Net_id 138
pin_num 2
22 35 0
7 49 0
Net_id 139
pin_num 2
41 46 0
55 54 0
Net_id 140
pin_num 2
19 8 0
24 2 0
Net_id 141
pin_num 2
24 54 0
16 35 0
Net_id 142
pin_num 2
42 54 0
32 44 0
Net_id 143
pin_num 2
9 10 0
5 17 0
Net_id 144
pin_num 2
39 49 0
24 32 0
Net_id 145
pin_num 2
4 5 0
5 3 0
Net_id 146
pin_num 2
41 36 0
43 44 0
Net_id 147
pin_num 2
4 26 0
24 33 0
Net_id 148
pin_num 2
30 44 0
15 56 0
Net_id 149
pin_num 2
49 11 0
48 13 0
Net_id 150
pin_num 2
23 53 0
9 38 0
Net_id 151
pin_num 2
8 33 0
3 17 0
Net_id 152
pin_num 2
35 49 0
37 47 0
Net_id 153
pin_num 2
58 13 0
47 20 0
Net_id 154
pin_num 2
10 40 0
11 33 0
Net_id 155
pin_num 2
9 0 0
1 10 0
Net_id 156
pin_num 2
6 33 0
14 50 0
Net_id 157
pin_num 2
47 16 0
33 8 0
Net_id 158
pin_num 2
39 5 0
58 9 0
Net_id 159
pin_num 2
27 59 0
32 47 0
Net_id 160
pin_num 2
5 48 0
10 57 0
Net_id 161
pin_num 2
54 39 0
56 47 0
Net_id 162
pin_num 2
3 12 0
2 17 0
