Width 60
Height 60
Layer 6
Total_WL 6474
Obstacle_num 144
32 14 0 42 15 0
0 22 0 8 23 0
32 9 0 41 10 0
50 2 0 58 3 0
38 31 0 45 32 0
24 7 0 27 8 0
15 10 0 22 11 0
16 53 0 19 54 0
33 34 0 42 35 0
8 31 0 16 32 0
13 52 0 17 53 0
23 10 0 26 11 0
4 27 0 14 28 0
7 15 0 13 16 0
8 19 0 15 20 0
39 39 0 43 40 0
10 20 0 19 21 0
18 29 0 23 30 0
37 49 0 41 50 0
32 3 0 38 4 0
35 29 0 42 30 0
50 46 0 57 47 0
16 12 0 20 13 0
18 17 0 28 18 0
49 18 1 50 21 1
38 50 1 39 59 1
58 39 1 59 44 1
29 28 1 30 32 1
33 8 1 34 12 1
44 16 1 45 25 1
18 10 1 19 19 1
53 12 1 54 21 1
32 29 1 33 36 1
58 10 1 59 16 1
52 10 1 53 17 1
18 48 1 19 56 1
12 30 1 13 35 1
40 15 1 41 24 1
53 3 1 54 11 1
36 22 1 37 32 1
4 17 1 5 23 1
14 6 1 15 9 1
34 52 1 35 57 1
11 30 1 12 35 1
15 24 1 16 30 1
45 25 1 46 29 1
6 48 1 7 53 1
35 21 1 36 25 1
37 35 2 41 36 2
24 11 2 28 12 2
22 29 2 25 30 2
54 52 2 58 53 2
33 0 2 37 1 2
6 24 2 10 25 2
40 4 2 50 5 2
29 58 2 38 59 2
38 28 2 46 29 2
40 36 2 48 37 2
27 23 2 33 24 2
13 5 2 23 6 2
19 13 2 25 14 2
7 20 2 17 21 2
24 45 2 28 46 2
10 55 2 14 56 2
24 17 2 30 18 2
40 57 2 50 58 2
30 38 2 40 39 2
16 40 2 24 41 2
6 35 2 12 36 2
7 30 2 12 31 2
2 56 2 12 57 2
51 9 2 56 10 2
51 50 3 52 58 3
29 35 3 30 44 3
8 3 3 9 13 3
48 14 3 49 17 3
42 11 3 43 21 3
27 3 3 28 6 3
32 28 3 33 38 3
36 31 3 37 40 3
15 40 3 16 49 3
26 5 3 27 10 3
37 1 3 38 11 3
30 13 3 31 22 3
58 10 3 59 16 3
20 13 3 21 18 3
25 21 3 26 25 3
33 8 3 34 11 3
39 36 3 40 46 3
3 24 3 4 33 3
22 27 3 23 33 3
52 4 3 53 12 3
11 39 3 12 46 3
26 10 3 27 18 3
1 7 3 2 13 3
27 33 3 28 43 3
32 0 4 42 1 4
22 49 4 26 50 4
20 57 4 29 58 4
6 57 4 9 58 4
49 42 4 58 43 4
12 36 4 21 37 4
6 48 4 11 49 4
30 27 4 38 28 4
41 50 4 49 51 4
50 27 4 55 28 4
38 48 4 47 49 4
5 26 4 13 27 4
6 40 4 16 41 4
12 12 4 16 13 4
45 58 4 52 59 4
15 11 4 20 12 4
27 47 4 36 48 4
6 53 4 15 54 4
18 5 4 25 6 4
1 14 4 4 15 4
4 28 4 7 29 4
42 40 4 52 41 4
43 5 4 51 6 4
21 3 4 27 4 4
35 47 5 36 54 5
38 0 5 39 8 5
17 2 5 18 11 5
3 2 5 4 8 5
6 45 5 7 53 5
33 31 5 34 35 5
50 46 5 51 53 5
5 49 5 6 54 5
40 20 5 41 28 5
34 14 5 35 23 5
8 24 5 9 32 5
51 31 5 52 34 5
41 9 5 42 13 5
9 43 5 10 53 5
42 14 5 43 20 5
29 38 5 30 46 5
53 3 5 54 6 5
15 53 5 16 59 5
42 45 5 43 50 5
52 16 5 53 25 5
30 23 5 31 31 5
26 49 5 27 55 5
27 5 5 28 12 5
36 31 5 37 39 5
Net_num 156
Net_id 0
pin_num 5
57 14 0
52 23 0
59 7 0
59 4 0
38 10 0
Net_id 1
pin_num 5
14 36 0
25 29 0
14 53 0
24 23 0
15 6 0
Net_id 2
pin_num 5
41 7 0
37 5 0
17 1 0
24 19 0
42 1 0
Net_id 3
pin_num 5
17 2 0
28 3 0
31 11 0
7 1 0
20 3 0
Net_id 4
pin_num 5
23 4 0
16 9 0
19 0 0
0 5 0
13 5 0
Net_id 5
pin_num 5
42 47 0
43 45 0
55 47 0
51 40 0
46 40 0
Net_id 6
pin_num 5
52 44 0
47 49 0
59 40 0
58 58 0
54 26 0
Net_id 7
pin_num 5
35 52 0
25 54 0
35 54 0
17 59 0
39 55 0
Net_id 8
pin_num 5
6 21 0
16 31 0
24 30 0
20 11 0
10 16 0
Net_id 9
pin_num 5
24 3 0
34 6 0
31 10 0
34 13 0
49 6 0
Net_id 10
pin_num 5
34 28 0
28 27 0
33 40 0
13 39 0
33 15 0
Net_id 11
pin_num 5
51 15 0
34 22 0
34 15 0
34 18 0
45 14 0
Net_id 12
pin_num 5
4 19 0
11 28 0
23 24 0
0 17 0
3 8 0
Net_id 13
pin_num 5
56 5 0
52 5 0
54 17 0
59 3 0
50 7 0
Net_id 14
pin_num 5
43 48 0
35 48 0
56 49 0
17 49 0
28 41 0
Net_id 15
pin_num 5
52 15 0
51 5 0
56 0 0
38 6 0
51 20 0
Net_id 16
pin_num 5
21 14 0
17 14 0
19 36 0
1 30 0
7 18 0
Net_id 17
pin_num 5
36 51 0
29 48 0
27 49 0
16 46 0
16 42 0
Net_id 18
pin_num 5
6 17 0
0 6 0
17 16 0
21 16 0
9 7 0
Net_id 19
pin_num 4
7 51 0
4 57 0
3 58 0
3 39 0
Net_id 20
pin_num 4
20 35 0
27 26 0
34 37 0
24 41 0
Net_id 21
pin_num 4
47 42 0
42 41 0
29 42 0
57 36 0
Net_id 22
pin_num 4
9 47 0
15 59 0
27 48 0
1 50 0
Net_id 23
pin_num 4
47 55 0
49 37 0
56 47 0
28 59 0
Net_id 24
pin_num 4
7 45 0
2 38 0
1 23 0
15 36 0
Net_id 25
pin_num 4
10 56 0
2 56 0
4 59 0
5 48 0
Net_id 26
pin_num 4
33 17 0
30 21 0
57 21 0
46 38 0
Net_id 27
pin_num 4
55 16 0
43 17 0
47 26 0
30 7 0
Net_id 28
pin_num 4
23 38 0
22 33 0
6 34 0
21 49 0
Net_id 29
pin_num 4
42 43 0
26 38 0
21 27 0
12 21 0
Net_id 30
pin_num 4
28 57 0
37 53 0
31 53 0
48 59 0
Net_id 31
pin_num 4
54 20 0
32 15 0
49 34 0
48 33 0
Net_id 32
pin_num 4
0 9 0
3 0 0
14 3 0
15 2 0
Net_id 33
pin_num 4
49 30 0
42 29 0
59 29 0
25 36 0
Net_id 34
pin_num 4
34 4 0
25 12 0
20 15 0
29 0 0
Net_id 35
pin_num 4
42 46 0
33 55 0
15 47 0
31 35 0
Net_id 36
pin_num 4
18 41 0
2 40 0
26 41 0
21 26 0
Net_id 37
pin_num 4
12 10 0
12 9 0
10 1 0
19 3 0
Net_id 38
pin_num 4
21 36 0
42 27 0
17 22 0
34 39 0
Net_id 39
pin_num 4
46 41 0
37 31 0
40 8 0
28 33 0
Net_id 40
pin_num 4
46 8 0
38 7 0
46 7 0
41 6 0
Net_id 41
pin_num 3
50 38 0
59 33 0
54 3 0
Net_id 42
pin_num 3
58 38 0
58 29 0
43 32 0
Net_id 43
pin_num 3
7 6 0
0 15 0
11 12 0
Net_id 44
pin_num 3
34 24 0
29 20 0
24 25 0
Net_id 45
pin_num 3
14 17 0
11 41 0
29 32 0
Net_id 46
pin_num 3
34 36 0
18 43 0
12 48 0
Net_id 47
pin_num 3
29 45 0
29 40 0
41 26 0
Net_id 48
pin_num 3
49 0 0
54 1 0
55 17 0
Net_id 49
pin_num 3
41 1 0
34 0 0
45 0 0
Net_id 50
pin_num 3
52 31 0
59 35 0
38 4 0
Net_id 51
pin_num 3
47 41 0
55 38 0
51 36 0
Net_id 52
pin_num 3
24 56 0
6 58 0
45 56 0
Net_id 53
pin_num 3
6 38 0
17 52 0
2 46 0
Net_id 54
pin_num 3
46 23 0
37 24 0
50 28 0
Net_id 55
pin_num 3
21 58 0
12 55 0
14 57 0
Net_id 56
pin_num 3
42 32 0
35 44 0
50 27 0
Net_id 57
pin_num 3
18 13 0
1 1 0
12 2 0
Net_id 58
pin_num 3
54 44 0
44 58 0
56 41 0
Net_id 59
pin_num 3
17 57 0
11 53 0
1 53 0
Net_id 60
pin_num 3
23 14 0
18 0 0
31 16 0
Net_id 61
pin_num 3
58 51 0
59 47 0
57 43 0
Net_id 62
pin_num 3
51 21 0
52 27 0
35 22 0
Net_id 63
pin_num 3
55 13 0
48 13 0
25 25 0
Net_id 64
pin_num 3
57 51 0
46 51 0
55 59 0
Net_id 65
pin_num 3
18 40 0
39 27 0
33 26 0
Net_id 66
pin_num 3
31 25 0
28 22 0
35 4 0
Net_id 67
pin_num 3
13 37 0
12 38 0
12 18 0
Net_id 68
pin_num 3
15 9 0
6 15 0
31 12 0
Net_id 69
pin_num 3
5 55 0
0 54 0
22 54 0
Net_id 70
pin_num 3
7 57 0
14 56 0
9 25 0
Net_id 71
pin_num 3
43 27 0
51 38 0
53 33 0
Net_id 72
pin_num 3
45 3 0
36 5 0
57 16 0
Net_id 73
pin_num 3
40 3 0
16 2 0
28 31 0
Net_id 74
pin_num 3
57 13 0
53 11 0
44 11 0
Net_id 75
pin_num 3
4 13 0
1 24 0
1 7 0
Net_id 76
pin_num 3
28 18 0
39 25 0
39 58 0
Net_id 77
pin_num 3
49 54 0
43 58 0
52 49 0
Net_id 78
pin_num 3
16 1 0
8 0 0
17 15 0
Net_id 79
pin_num 2
8 44 0
18 45 0
Net_id 80
pin_num 2
32 16 0
50 23 0
Net_id 81
pin_num 2
1 45 0
7 58 0
Net_id 82
pin_num 2
37 33 0
27 25 0
Net_id 83
pin_num 2
30 20 0
48 37 0
Net_id 84
pin_num 2
3 21 0
1 20 0
Net_id 85
pin_num 2
19 41 0
25 37 0
Net_id 86
pin_num 2
7 29 0
36 19 0
Net_id 87
pin_num 2
22 31 0
18 32 0
Net_id 88
pin_num 2
45 54 0
58 44 0
Net_id 89
pin_num 2
23 55 0
9 58 0
Net_id 90
pin_num 2
16 17 0
23 26 0
Net_id 91
pin_num 2
25 49 0
18 36 0
Net_id 92
pin_num 2
59 54 0
43 44 0
Net_id 93
pin_num 2
5 42 0
1 29 0
Net_id 94
pin_num 2
58 28 0
59 26 0
Net_id 95
pin_num 2
19 6 0
12 6 0
Net_id 96
pin_num 2
55 37 0
41 47 0
Net_id 97
pin_num 2
37 13 0
46 3 0
Net_id 98
pin_num 2
16 8 0
23 8 0
Net_id 99
pin_num 2
2 14 0
18 19 0
Net_id 100
pin_num 2
45 37 0
57 48 0
Net_id 101
pin_num 2
26 0 0
45 12 0
Net_id 102
pin_num 2
15 8 0
5 0 0
Net_id 103
pin_num 2
6 39 0
3 23 0
Net_id 104
pin_num 2
47 48 0
37 44 0
Net_id 105
pin_num 2
15 23 0
1 32 0
Net_id 106
pin_num 2
52 26 0
41 19 0
Net_id 107
pin_num 2
19 44 0
1 57 0
Net_id 108
pin_num 2
26 54 0
36 55 0
Net_id 109
pin_num 2
22 44 0
20 53 0
Net_id 110
pin_num 2
38 26 0
23 6 0
Net_id 111
pin_num 2
36 38 0
40 45 0
Net_id 112
pin_num 2
41 18 0
52 22 0
Net_id 113
pin_num 2
5 16 0
7 17 0
Net_id 114
pin_num 2
17 34 0
33 44 0
Net_id 115
pin_num 2
37 52 0
21 56 0
Net_id 116
pin_num 2
1 28 0
6 26 0
Net_id 117
pin_num 2
16 18 0
11 6 0
Net_id 118
pin_num 2
37 46 0
26 37 0
Net_id 119
pin_num 2
24 0 0
32 7 0
Net_id 120
pin_num 2
50 24 0
37 39 0
Net_id 121
pin_num 2
57 52 0
44 40 0
Net_id 122
pin_num 2
25 34 0
30 34 0
Net_id 123
pin_num 2
53 21 0
56 1 0
Net_id 124
pin_num 2
43 26 0
31 40 0
Net_id 125
pin_num 2
26 13 0
19 7 0
Net_id 126
pin_num 2
56 50 0
55 58 0
Net_id 127
pin_num 2
54 38 0
45 31 0
Net_id 128
pin_num 2
10 36 0
21 18 0
Net_id 129
pin_num 2
22 46 0
25 47 0
Net_id 130
pin_num 2
26 21 0
22 7 0
Net_id 131
pin_num 2
19 27 0
17 43 0
Net_id 132
pin_num 2
40 19 0
30 3 0
Net_id 133
pin_num 2
50 34 0
56 43 0
Net_id 134
pin_num 2
17 26 0
18 22 0
Net_id 135
pin_num 2
51 59 0
45 55 0
Net_id 136
pin_num 2
51 33 0
59 36 0
Net_id 137
pin_num 2
34 48 0
29 27 0
Net_id 138
pin_num 2
55 36 0
50 43 0
Net_id 139
pin_num 2
23 27 0
23 31 0
Net_id 140
pin_num 2
6 57 0
4 53 0
Net_id 141
pin_num 2
41 17 0
58 22 0
Net_id 142
pin_num 2
50 53 0
37 45 0
Net_id 143
pin_num 2
57 8 0
44 32 0
Net_id 144
pin_num 2
55 57 0
59 57 0
Net_id 145
pin_num 2
9 2 0
2 11 0
Net_id 146
pin_num 2
11 49 0
24 55 0
Net_id 147
pin_num 2
48 14 0
50 14 0
Net_id 148
pin_num 2
5 24 0
1 37 0
Net_id 149
pin_num 2
42 50 0
26 55 0
Net_id 150
pin_num 2
21 37 0
7 44 0
Net_id 151
pin_num 2
30 26 0
47 13 0
Net_id 152
pin_num 2
1 34 0
16 22 0
Net_id 153
pin_num 2
33 27 0
23 33 0
Net_id 154
pin_num 2
1 52 0
3 51 0
Net_id 155
pin_num 2
0 33 0
30 37 0
