Width 60
Height 60
Layer 6
Total_WL 6707
Obstacle_num 144
45 19 0 52 20 0
32 43 0 41 44 0
10 46 0 14 47 0
47 38 0 56 39 0
13 39 0 17 40 0
41 13 0 47 14 0
28 24 0 35 25 0
30 53 0 35 54 0
21 33 0 29 34 0
41 40 0 51 41 0
4 50 0 11 51 0
13 41 0 17 42 0
25 3 0 28 4 0
48 7 0 56 8 0
10 26 0 20 27 0
6 48 0 13 49 0
39 28 0 45 29 0
35 57 0 43 58 0
37 20 0 47 21 0
0 43 0 3 44 0
13 1 0 17 2 0
14 20 0 21 21 0
17 31 0 26 32 0
42 24 0 52 25 0
7 42 1 8 47 1
53 20 1 54 28 1
56 8 1 57 15 1
34 4 1 35 9 1
18 55 1 19 58 1
28 24 1 29 32 1
29 7 1 30 10 1
30 30 1 31 34 1
1 35 1 2 39 1
51 47 1 52 51 1
27 16 1 28 24 1
52 6 1 53 11 1
37 22 1 38 27 1
40 14 1 41 20 1
34 46 1 35 53 1
10 26 1 11 32 1
24 0 1 25 9 1
41 13 1 42 20 1
41 45 1 42 51 1
40 46 1 41 50 1
20 41 1 21 49 1
50 16 1 51 20 1
46 17 1 47 27 1
57 30 1 58 33 1
50 58 2 54 59 2
23 24 2 33 25 2
49 13 2 58 14 2
2 14 2 5 15 2
16 28 2 23 29 2
23 5 2 30 6 2
46 2 2 53 3 2
21 14 2 28 15 2
18 0 2 24 1 2
26 44 2 34 45 2
43 5 2 53 6 2
38 38 2 41 39 2
33 1 2 36 2 2
44 43 2 54 44 2
32 13 2 37 14 2
1 39 2 8 40 2
3 46 2 11 47 2
37 25 2 45 26 2
25 15 2 31 16 2
16 54 2 24 55 2
31 37 2 39 38 2
29 41 2 36 42 2
35 20 2 39 21 2
30 31 2 39 32 2
19 26 3 20 32 3
48 45 3 49 51 3
7 20 3 8 27 3
44 47 3 45 54 3
32 25 3 33 30 3
43 36 3 44 40 3
31 43 3 32 52 3
51 47 3 52 51 3
15 51 3 16 56 3
3 11 3 4 15 3
49 20 3 50 25 3
9 31 3 10 38 3
19 19 3 20 24 3
28 26 3 29 33 3
40 40 3 41 45 3
0 49 3 1 57 3
45 38 3 46 43 3
38 12 3 39 21 3
26 46 3 27 49 3
0 7 3 1 17 3
24 3 3 25 13 3
55 49 3 56 57 3
15 9 3 16 18 3
58 1 3 59 8 3
41 35 4 51 36 4
21 53 4 25 54 4
28 39 4 32 40 4
55 13 4 59 14 4
9 19 4 17 20 4
20 54 4 25 55 4
35 52 4 41 53 4
30 9 4 34 10 4
1 43 4 9 44 4
45 43 4 54 44 4
13 15 4 23 16 4
34 11 4 37 12 4
43 29 4 48 30 4
41 48 4 48 49 4
0 21 4 6 22 4
24 56 4 32 57 4
29 32 4 36 33 4
14 12 4 20 13 4
39 4 4 43 5 4
20 12 4 27 13 4
23 34 4 26 35 4
37 15 4 42 16 4
6 10 4 14 11 4
41 12 4 48 13 4
37 32 5 38 38 5
12 11 5 13 14 5
13 14 5 14 22 5
13 47 5 14 57 5
28 42 5 29 45 5
40 23 5 41 33 5
23 4 5 24 14 5
2 42 5 3 46 5
22 38 5 23 44 5
5 8 5 6 15 5
55 12 5 56 19 5
3 37 5 4 47 5
14 34 5 15 40 5
56 38 5 57 43 5
49 2 5 50 11 5
26 40 5 27 48 5
41 50 5 42 53 5
49 24 5 50 34 5
58 21 5 59 28 5
50 34 5 51 43 5
17 48 5 18 57 5
53 20 5 54 28 5
8 26 5 9 30 5
21 10 5 22 14 5
Net_num 155
Net_id 0
pin_num 5
53 17 0
57 17 0
58 0 0
42 1 0
49 10 0
Net_id 1
pin_num 5
35 7 0
22 10 0
17 7 0
40 15 0
31 4 0
Net_id 2
pin_num 5
29 36 0
26 39 0
26 23 0
44 34 0
33 36 0
Net_id 3
pin_num 5
57 31 0
52 23 0
37 29 0
56 7 0
52 35 0
Net_id 4
pin_num 5
38 25 0
49 27 0
59 32 0
44 18 0
45 42 0
Net_id 5
pin_num 5
18 53 0
32 58 0
46 59 0
48 58 0
32 51 0
Net_id 6
pin_num 5
15 57 0
17 59 0
15 33 0
47 59 0
11 56 0
Net_id 7
pin_num 5
56 16 0
58 27 0
42 16 0
58 22 0
48 26 0
Net_id 8
pin_num 5
17 27 0
10 18 0
23 32 0
0 25 0
38 22 0
Net_id 9
pin_num 5
42 38 0
46 37 0
47 23 0
28 37 0
58 28 0
Net_id 10
pin_num 5
35 23 0
51 22 0
42 5 0
33 29 0
43 31 0
Net_id 11
pin_num 5
52 37 0
58 34 0
59 38 0
55 27 0
58 55 0
Net_id 12
pin_num 5
3 0 0
6 15 0
0 9 0
5 8 0
0 20 0
Net_id 13
pin_num 5
26 57 0
16 58 0
37 53 0
33 52 0
56 57 0
Net_id 14
pin_num 5
13 8 0
22 18 0
1 6 0
12 5 0
6 23 0
Net_id 15
pin_num 5
5 52 0
2 59 0
0 58 0
14 49 0
0 57 0
Net_id 16
pin_num 5
34 32 0
34 20 0
36 38 0
34 45 0
22 30 0
Net_id 17
pin_num 5
23 19 0
11 15 0
19 32 0
43 19 0
43 17 0
Net_id 18
pin_num 5
48 9 0
57 0 0
54 32 0
39 14 0
46 27 0
Net_id 19
pin_num 5
6 37 0
0 36 0
0 53 0
2 34 0
2 58 0
Net_id 20
pin_num 4
7 8 0
25 11 0
18 30 0
9 27 0
Net_id 21
pin_num 4
14 32 0
22 29 0
17 40 0
22 50 0
Net_id 22
pin_num 4
4 21 0
2 15 0
2 25 0
3 41 0
Net_id 23
pin_num 4
5 44 0
0 35 0
8 37 0
23 38 0
Net_id 24
pin_num 4
50 11 0
59 18 0
55 6 0
52 0 0
Net_id 25
pin_num 4
46 53 0
59 58 0
48 52 0
59 48 0
Net_id 26
pin_num 4
13 6 0
2 7 0
0 1 0
18 4 0
Net_id 27
pin_num 4
21 49 0
14 40 0
19 57 0
49 58 0
Net_id 28
pin_num 4
28 20 0
13 23 0
28 9 0
31 0 0
Net_id 29
pin_num 4
7 32 0
7 24 0
21 30 0
16 10 0
Net_id 30
pin_num 4
16 51 0
32 52 0
21 40 0
36 48 0
Net_id 31
pin_num 4
58 43 0
48 43 0
49 54 0
51 37 0
Net_id 32
pin_num 4
14 4 0
2 8 0
14 6 0
4 3 0
Net_id 33
pin_num 4
16 12 0
38 21 0
27 31 0
9 14 0
Net_id 34
pin_num 4
29 8 0
21 8 0
23 2 0
44 7 0
Net_id 35
pin_num 4
28 29 0
39 35 0
39 22 0
30 50 0
Net_id 36
pin_num 4
58 57 0
47 49 0
57 57 0
27 54 0
Net_id 37
pin_num 4
2 42 0
16 42 0
11 19 0
17 30 0
Net_id 38
pin_num 4
52 20 0
56 19 0
59 20 0
41 1 0
Net_id 39
pin_num 4
31 14 0
29 6 0
20 8 0
45 7 0
Net_id 40
pin_num 3
7 27 0
12 45 0
6 34 0
Net_id 41
pin_num 3
49 52 0
59 56 0
56 33 0
Net_id 42
pin_num 3
5 35 0
33 33 0
28 53 0
Net_id 43
pin_num 3
16 46 0
25 44 0
39 46 0
Net_id 44
pin_num 3
14 58 0
6 47 0
24 50 0
Net_id 45
pin_num 3
59 45 0
55 19 0
59 55 0
Net_id 46
pin_num 3
35 21 0
25 18 0
34 23 0
Net_id 47
pin_num 3
47 39 0
44 54 0
52 41 0
Net_id 48
pin_num 3
39 1 0
31 1 0
51 14 0
Net_id 49
pin_num 3
12 57 0
21 48 0
4 58 0
Net_id 50
pin_num 3
50 58 0
48 59 0
52 51 0
Net_id 51
pin_num 3
43 58 0
40 52 0
47 52 0
Net_id 52
pin_num 3
14 8 0
24 23 0
22 16 0
Net_id 53
pin_num 3
16 43 0
31 47 0
51 54 0
Net_id 54
pin_num 3
10 9 0
1 26 0
21 10 0
Net_id 55
pin_num 3
33 47 0
53 50 0
44 57 0
Net_id 56
pin_num 3
26 56 0
37 58 0
39 48 0
Net_id 57
pin_num 3
6 56 0
5 54 0
17 56 0
Net_id 58
pin_num 3
35 30 0
43 30 0
38 35 0
Net_id 59
pin_num 3
53 51 0
59 54 0
41 56 0
Net_id 60
pin_num 3
15 46 0
12 41 0
9 32 0
Net_id 61
pin_num 3
14 52 0
21 52 0
31 54 0
Net_id 62
pin_num 3
39 36 0
25 29 0
58 30 0
Net_id 63
pin_num 3
11 47 0
4 57 0
1 50 0
Net_id 64
pin_num 3
43 33 0
36 33 0
59 42 0
Net_id 65
pin_num 3
39 44 0
58 32 0
44 17 0
Net_id 66
pin_num 3
58 13 0
42 26 0
56 44 0
Net_id 67
pin_num 3
45 53 0
56 50 0
45 50 0
Net_id 68
pin_num 3
28 25 0
22 27 0
8 14 0
Net_id 69
pin_num 3
47 18 0
50 22 0
39 18 0
Net_id 70
pin_num 3
25 59 0
54 50 0
6 45 0
Net_id 71
pin_num 3
46 49 0
31 48 0
21 58 0
Net_id 72
pin_num 3
53 5 0
42 2 0
51 17 0
Net_id 73
pin_num 3
12 17 0
23 17 0
30 17 0
Net_id 74
pin_num 3
0 55 0
18 45 0
47 47 0
Net_id 75
pin_num 3
13 2 0
14 9 0
7 0 0
Net_id 76
pin_num 3
10 34 0
28 41 0
4 53 0
Net_id 77
pin_num 2
8 26 0
20 26 0
Net_id 78
pin_num 2
25 13 0
19 13 0
Net_id 79
pin_num 2
40 46 0
59 57 0
Net_id 80
pin_num 2
19 1 0
10 12 0
Net_id 81
pin_num 2
38 44 0
24 29 0
Net_id 82
pin_num 2
11 11 0
7 19 0
Net_id 83
pin_num 2
11 32 0
21 9 0
Net_id 84
pin_num 2
21 53 0
24 54 0
Net_id 85
pin_num 2
15 22 0
12 22 0
Net_id 86
pin_num 2
44 14 0
47 0 0
Net_id 87
pin_num 2
48 54 0
40 50 0
Net_id 88
pin_num 2
51 25 0
55 47 0
Net_id 89
pin_num 2
16 3 0
4 7 0
Net_id 90
pin_num 2
27 40 0
43 45 0
Net_id 91
pin_num 2
55 24 0
46 31 0
Net_id 92
pin_num 2
31 41 0
16 9 0
Net_id 93
pin_num 2
28 27 0
17 9 0
Net_id 94
pin_num 2
42 12 0
56 15 0
Net_id 95
pin_num 2
35 8 0
21 3 0
Net_id 96
pin_num 2
28 14 0
8 4 0
Net_id 97
pin_num 2
23 45 0
29 45 0
Net_id 98
pin_num 2
31 51 0
13 53 0
Net_id 99
pin_num 2
23 5 0
15 5 0
Net_id 100
pin_num 2
10 54 0
8 49 0
Net_id 101
pin_num 2
1 45 0
5 51 0
Net_id 102
pin_num 2
2 36 0
20 36 0
Net_id 103
pin_num 2
0 28 0
9 52 0
Net_id 104
pin_num 2
44 9 0
23 18 0
Net_id 105
pin_num 2
8 13 0
18 10 0
Net_id 106
pin_num 2
20 1 0
37 13 0
Net_id 107
pin_num 2
27 39 0
37 38 0
Net_id 108
pin_num 2
42 50 0
50 47 0
Net_id 109
pin_num 2
12 53 0
1 27 0
Net_id 110
pin_num 2
23 24 0
11 12 0
Net_id 111
pin_num 2
23 12 0
13 5 0
Net_id 112
pin_num 2
18 15 0
26 22 0
Net_id 113
pin_num 2
1 35 0
4 33 0
Net_id 114
pin_num 2
59 4 0
54 5 0
Net_id 115
pin_num 2
58 39 0
48 42 0
Net_id 116
pin_num 2
23 3 0
7 7 0
Net_id 117
pin_num 2
47 35 0
57 23 0
Net_id 118
pin_num 2
14 37 0
23 37 0
Net_id 119
pin_num 2
51 55 0
46 55 0
Net_id 120
pin_num 2
25 26 0
41 9 0
Net_id 121
pin_num 2
41 35 0
52 50 0
Net_id 122
pin_num 2
23 25 0
12 24 0
Net_id 123
pin_num 2
2 50 0
17 42 0
Net_id 124
pin_num 2
33 55 0
6 33 0
Net_id 125
pin_num 2
9 30 0
1 5 0
Net_id 126
pin_num 2
7 49 0
5 38 0
Net_id 127
pin_num 2
20 39 0
8 25 0
Net_id 128
pin_num 2
46 34 0
49 32 0
Net_id 129
pin_num 2
54 21 0
43 14 0
Net_id 130
pin_num 2
27 11 0
36 45 0
Net_id 131
pin_num 2
14 43 0
8 43 0
Net_id 132
pin_num 2
12 21 0
16 21 0
Net_id 133
pin_num 2
17 44 0
38 55 0
Net_id 134
pin_num 2
46 32 0
36 52 0
Net_id 135
pin_num 2
35 41 0
45 46 0
Net_id 136
pin_num 2
29 2 0
39 9 0
Net_id 137
pin_num 2
49 13 0
45 11 0
Net_id 138
pin_num 2
36 7 0
49 18 0
Net_id 139
pin_num 2
5 10 0
13 10 0
Net_id 140
pin_num 2
31 16 0
11 7 0
Net_id 141
pin_num 2
46 11 0
49 15 0
Net_id 142
pin_num 2
18 3 0
3 12 0
Net_id 143
pin_num 2
46 44 0
30 58 0
Net_id 144
pin_num 2
38 45 0
39 39 0
Net_id 145
pin_num 2
20 27 0
18 22 0
Net_id 146
pin_num 2
41 24 0
43 18 0
Net_id 147
pin_num 2
46 7 0
59 19 0
Net_id 148
pin_num 2
28 6 0
19 8 0
Net_id 149
pin_num 2
34 17 0
26 40 0
Net_id 150
pin_num 2
56 41 0
40 35 0
Net_id 151
pin_num 2
52 4 0
47 6 0
Net_id 152
pin_num 2
48 48 0
53 35 0
Net_id 153
pin_num 2
24 28 0
17 24 0
Net_id 154
pin_num 2
2 19 0
5 28 0
