Width 60
Height 60
Layer 6
Total_WL 6835
Obstacle_num 144
30 34 0 39 35 0
23 7 0 27 8 0
26 48 0 31 49 0
46 44 0 54 45 0
2 53 0 5 54 0
3 52 0 10 53 0
21 4 0 25 5 0
26 8 0 29 9 0
8 28 0 16 29 0
1 19 0 8 20 0
42 25 0 45 26 0
11 54 0 19 55 0
37 21 0 47 22 0
27 55 0 32 56 0
46 55 0 54 56 0
21 45 0 28 46 0
2 12 0 10 13 0
24 17 0 28 18 0
15 32 0 25 33 0
53 29 0 59 30 0
7 53 0 14 54 0
28 2 0 37 3 0
27 36 0 30 37 0
3 36 0 10 37 0
53 46 1 54 53 1
47 33 1 48 41 1
20 3 1 21 6 1
53 27 1 54 37 1
13 34 1 14 42 1
5 33 1 6 36 1
0 2 1 1 10 1
36 48 1 37 57 1
57 39 1 58 44 1
58 40 1 59 45 1
52 17 1 53 22 1
9 16 1 10 24 1
23 28 1 24 31 1
13 24 1 14 28 1
5 53 1 6 56 1
52 2 1 53 6 1
32 45 1 33 50 1
26 32 1 27 35 1
8 51 1 9 54 1
37 48 1 38 51 1
38 31 1 39 38 1
19 39 1 20 47 1
5 21 1 6 26 1
31 17 1 32 23 1
30 55 2 40 56 2
5 33 2 15 34 2
30 32 2 40 33 2
24 17 2 31 18 2
53 13 2 59 14 2
17 18 2 20 19 2
44 57 2 54 58 2
27 23 2 37 24 2
47 16 2 52 17 2
31 13 2 40 14 2
50 26 2 54 27 2
44 39 2 49 40 2
51 11 2 56 12 2
15 5 2 20 6 2
16 16 2 19 17 2
32 44 2 35 45 2
48 2 2 57 3 2
5 7 2 12 8 2
28 10 2 38 11 2
16 23 2 19 24 2
19 55 2 27 56 2
36 47 2 40 48 2
8 5 2 13 6 2
46 51 2 51 52 2
5 20 3 6 29 3
54 26 3 55 34 3
25 39 3 26 46 3
1 7 3 2 14 3
27 7 3 28 16 3
44 17 3 45 22 3
25 50 3 26 53 3
4 51 3 5 57 3
32 3 3 33 9 3
51 50 3 52 53 3
52 22 3 53 30 3
30 24 3 31 28 3
36 33 3 37 36 3
46 1 3 47 4 3
31 2 3 32 12 3
32 38 3 33 41 3
11 28 3 12 31 3
20 5 3 21 14 3
21 41 3 22 44 3
26 22 3 27 32 3
15 48 3 16 52 3
13 41 3 14 46 3
4 37 3 5 45 3
18 49 3 19 58 3
15 58 4 19 59 4
26 51 4 32 52 4
23 35 4 27 36 4
36 31 4 43 32 4
12 31 4 18 32 4
20 32 4 30 33 4
39 8 4 46 9 4
12 49 4 16 50 4
46 53 4 49 54 4
9 48 4 17 49 4
25 56 4 35 57 4
26 53 4 30 54 4
13 36 4 19 37 4
22 27 4 31 28 4
7 43 4 12 44 4
4 38 4 7 39 4
37 27 4 44 28 4
2 58 4 12 59 4
33 13 4 38 14 4
20 49 4 25 50 4
6 20 4 16 21 4
31 32 4 34 33 4
5 24 4 10 25 4
30 54 4 36 55 4
32 24 5 33 29 5
38 51 5 39 56 5
26 30 5 27 35 5
30 50 5 31 56 5
21 30 5 22 40 5
51 19 5 52 24 5
35 26 5 36 34 5
17 32 5 18 40 5
20 13 5 21 17 5
40 33 5 41 43 5
0 27 5 1 31 5
7 24 5 8 33 5
22 29 5 23 37 5
15 45 5 16 49 5
17 10 5 18 16 5
24 51 5 25 59 5
5 32 5 6 41 5
15 13 5 16 21 5
13 33 5 14 43 5
33 45 5 34 55 5
5 49 5 6 56 5
0 44 5 1 48 5
23 11 5 24 14 5
11 13 5 12 23 5
Net_num 160
Net_id 0
pin_num 5
28 18 0
23 14 0
25 0 0
19 17 0
32 0 0
Net_id 1
pin_num 5
43 15 0
36 15 0
37 0 0
39 0 0
38 14 0
Net_id 2
pin_num 5
16 43 0
31 45 0
10 43 0
17 29 0
23 31 0
Net_id 3
pin_num 5
52 42 0
56 32 0
46 41 0
37 39 0
36 36 0
Net_id 4
pin_num 5
35 52 0
46 59 0
40 59 0
26 59 0
59 47 0
Net_id 5
pin_num 5
3 49 0
11 45 0
31 48 0
27 29 0
45 48 0
Net_id 6
pin_num 5
52 51 0
45 51 0
51 54 0
56 59 0
54 53 0
Net_id 7
pin_num 5
44 30 0
42 47 0
42 7 0
37 8 0
55 22 0
Net_id 8
pin_num 5
1 22 0
8 21 0
3 30 0
7 43 0
7 27 0
Net_id 9
pin_num 5
35 59 0
33 51 0
43 56 0
33 40 0
43 32 0
Net_id 10
pin_num 5
33 29 0
43 29 0
29 29 0
34 47 0
41 0 0
Net_id 11
pin_num 5
22 2 0
27 11 0
27 23 0
42 1 0
34 8 0
Net_id 12
pin_num 5
8 6 0
13 4 0
0 1 0
22 1 0
22 0 0
Net_id 13
pin_num 5
27 47 0
12 47 0
13 59 0
39 46 0
32 56 0
Net_id 14
pin_num 5
24 50 0
18 56 0
0 46 0
2 55 0
10 29 0
Net_id 15
pin_num 5
53 38 0
34 33 0
33 37 0
44 28 0
38 59 0
Net_id 16
pin_num 5
32 57 0
37 58 0
45 58 0
41 57 0
41 37 0
Net_id 17
pin_num 5
16 31 0
8 31 0
24 31 0
12 59 0
18 37 0
Net_id 18
pin_num 5
50 21 0
53 10 0
59 26 0
41 32 0
43 28 0
Net_id 19
pin_num 4
53 54 0
49 59 0
46 43 0
48 49 0
Net_id 20
pin_num 4
58 9 0
53 9 0
54 21 0
43 17 0
Net_id 21
pin_num 4
0 20 0
8 34 0
19 28 0
19 24 0
Net_id 22
pin_num 4
52 24 0
44 26 0
50 47 0
52 35 0
Net_id 23
pin_num 4
51 7 0
57 6 0
57 21 0
37 13 0
Net_id 24
pin_num 4
14 23 0
12 14 0
22 17 0
16 33 0
Net_id 25
pin_num 4
46 8 0
38 8 0
47 0 0
45 7 0
Net_id 26
pin_num 4
2 3 0
12 2 0
0 12 0
22 3 0
Net_id 27
pin_num 4
49 28 0
49 46 0
43 57 0
31 40 0
Net_id 28
pin_num 4
2 6 0
11 13 0
1 23 0
10 25 0
Net_id 29
pin_num 4
22 26 0
11 26 0
29 34 0
11 34 0
Net_id 30
pin_num 4
36 57 0
54 57 0
55 53 0
37 53 0
Net_id 31
pin_num 4
22 9 0
31 11 0
18 9 0
26 13 0
Net_id 32
pin_num 4
51 31 0
39 31 0
33 30 0
41 19 0
Net_id 33
pin_num 4
37 50 0
30 51 0
42 57 0
15 51 0
Net_id 34
pin_num 4
54 23 0
43 24 0
48 40 0
59 25 0
Net_id 35
pin_num 4
51 4 0
52 0 0
48 9 0
56 0 0
Net_id 36
pin_num 4
50 43 0
48 59 0
59 56 0
49 47 0
Net_id 37
pin_num 4
32 5 0
33 1 0
36 14 0
54 6 0
Net_id 38
pin_num 4
47 8 0
52 12 0
46 0 0
59 10 0
Net_id 39
pin_num 4
16 39 0
28 39 0
28 33 0
35 39 0
Net_id 40
pin_num 3
43 27 0
49 25 0
40 27 0
Net_id 41
pin_num 3
58 47 0
51 42 0
45 44 0
Net_id 42
pin_num 3
32 4 0
23 3 0
13 3 0
Net_id 43
pin_num 3
55 11 0
54 15 0
54 24 0
Net_id 44
pin_num 3
39 12 0
33 12 0
49 4 0
Net_id 45
pin_num 3
43 39 0
37 41 0
6 41 0
Net_id 46
pin_num 3
55 45 0
53 37 0
54 39 0
Net_id 47
pin_num 3
45 57 0
55 43 0
58 59 0
Net_id 48
pin_num 3
29 52 0
34 49 0
16 49 0
Net_id 49
pin_num 3
44 56 0
51 56 0
57 59 0
Net_id 50
pin_num 3
36 20 0
15 30 0
24 1 0
Net_id 51
pin_num 3
33 8 0
15 7 0
30 11 0
Net_id 52
pin_num 3
23 30 0
35 28 0
41 28 0
Net_id 53
pin_num 3
14 16 0
2 23 0
6 8 0
Net_id 54
pin_num 3
54 42 0
44 55 0
25 59 0
Net_id 55
pin_num 3
51 29 0
45 30 0
57 46 0
Net_id 56
pin_num 3
28 42 0
22 44 0
20 59 0
Net_id 57
pin_num 3
20 24 0
27 24 0
13 6 0
Net_id 58
pin_num 3
0 56 0
12 52 0
16 42 0
Net_id 59
pin_num 3
2 40 0
4 46 0
11 59 0
Net_id 60
pin_num 3
50 18 0
44 41 0
57 50 0
Net_id 61
pin_num 3
10 17 0
0 13 0
1 32 0
Net_id 62
pin_num 3
12 4 0
5 18 0
12 18 0
Net_id 63
pin_num 3
31 21 0
40 26 0
24 12 0
Net_id 64
pin_num 3
10 38 0
3 35 0
36 42 0
Net_id 65
pin_num 3
3 10 0
2 16 0
16 17 0
Net_id 66
pin_num 3
25 58 0
30 36 0
29 57 0
Net_id 67
pin_num 3
38 25 0
43 16 0
56 16 0
Net_id 68
pin_num 3
20 14 0
21 3 0
27 25 0
Net_id 69
pin_num 3
30 16 0
18 8 0
7 13 0
Net_id 70
pin_num 3
38 10 0
37 19 0
53 14 0
Net_id 71
pin_num 3
2 2 0
19 12 0
2 15 0
Net_id 72
pin_num 3
40 49 0
39 37 0
58 54 0
Net_id 73
pin_num 3
13 20 0
24 22 0
35 19 0
Net_id 74
pin_num 3
42 34 0
58 33 0
54 56 0
Net_id 75
pin_num 3
47 46 0
31 57 0
54 54 0
Net_id 76
pin_num 3
29 21 0
17 14 0
33 5 0
Net_id 77
pin_num 3
28 26 0
39 23 0
20 30 0
Net_id 78
pin_num 3
16 10 0
33 10 0
32 36 0
Net_id 79
pin_num 3
41 7 0
34 7 0
33 3 0
Net_id 80
pin_num 3
3 23 0
14 36 0
4 25 0
Net_id 81
pin_num 2
59 48 0
44 44 0
Net_id 82
pin_num 2
57 42 0
43 26 0
Net_id 83
pin_num 2
50 8 0
21 2 0
Net_id 84
pin_num 2
30 30 0
33 24 0
Net_id 85
pin_num 2
39 51 0
15 48 0
Net_id 86
pin_num 2
17 11 0
0 11 0
Net_id 87
pin_num 2
4 40 0
33 46 0
Net_id 88
pin_num 2
1 38 0
9 34 0
Net_id 89
pin_num 2
33 31 0
40 44 0
Net_id 90
pin_num 2
50 49 0
54 38 0
Net_id 91
pin_num 2
24 14 0
33 14 0
Net_id 92
pin_num 2
38 2 0
48 2 0
Net_id 93
pin_num 2
43 9 0
19 14 0
Net_id 94
pin_num 2
1 42 0
10 21 0
Net_id 95
pin_num 2
50 45 0
40 46 0
Net_id 96
pin_num 2
37 6 0
19 8 0
Net_id 97
pin_num 2
7 54 0
21 44 0
Net_id 98
pin_num 2
26 31 0
36 46 0
Net_id 99
pin_num 2
24 53 0
24 47 0
Net_id 100
pin_num 2
15 2 0
2 26 0
Net_id 101
pin_num 2
20 9 0
37 2 0
Net_id 102
pin_num 2
21 59 0
33 25 0
Net_id 103
pin_num 2
9 35 0
31 47 0
Net_id 104
pin_num 2
57 3 0
40 6 0
Net_id 105
pin_num 2
54 14 0
58 20 0
Net_id 106
pin_num 2
39 10 0
58 1 0
Net_id 107
pin_num 2
41 17 0
35 17 0
Net_id 108
pin_num 2
36 8 0
31 12 0
Net_id 109
pin_num 2
42 43 0
48 20 0
Net_id 110
pin_num 2
46 32 0
34 42 0
Net_id 111
pin_num 2
9 8 0
20 2 0
Net_id 112
pin_num 2
41 55 0
37 23 0
Net_id 113
pin_num 2
51 28 0
58 22 0
Net_id 114
pin_num 2
38 47 0
55 39 0
Net_id 115
pin_num 2
2 1 0
7 1 0
Net_id 116
pin_num 2
34 53 0
15 49 0
Net_id 117
pin_num 2
36 29 0
47 20 0
Net_id 118
pin_num 2
29 16 0
18 13 0
Net_id 119
pin_num 2
53 35 0
55 40 0
Net_id 120
pin_num 2
45 28 0
55 10 0
Net_id 121
pin_num 2
41 36 0
41 35 0
Net_id 122
pin_num 2
18 42 0
22 18 0
Net_id 123
pin_num 2
34 40 0
46 47 0
Net_id 124
pin_num 2
22 52 0
28 54 0
Net_id 125
pin_num 2
55 37 0
57 30 0
Net_id 126
pin_num 2
59 37 0
58 36 0
Net_id 127
pin_num 2
32 13 0
28 13 0
Net_id 128
pin_num 2
24 15 0
10 2 0
Net_id 129
pin_num 2
2 36 0
4 21 0
Net_id 130
pin_num 2
3 15 0
9 13 0
Net_id 131
pin_num 2
45 20 0
37 20 0
Net_id 132
pin_num 2
56 56 0
48 47 0
Net_id 133
pin_num 2
10 18 0
7 14 0
Net_id 134
pin_num 2
34 0 0
43 7 0
Net_id 135
pin_num 2
48 46 0
55 56 0
Net_id 136
pin_num 2
29 12 0
19 4 0
Net_id 137
pin_num 2
58 5 0
46 7 0
Net_id 138
pin_num 2
10 19 0
5 20 0
Net_id 139
pin_num 2
50 16 0
38 24 0
Net_id 140
pin_num 2
19 36 0
6 51 0
Net_id 141
pin_num 2
11 7 0
29 3 0
Net_id 142
pin_num 2
53 56 0
58 38 0
Net_id 143
pin_num 2
39 14 0
54 19 0
Net_id 144
pin_num 2
33 58 0
23 40 0
Net_id 145
pin_num 2
0 39 0
0 36 0
Net_id 146
pin_num 2
51 1 0
55 19 0
Net_id 147
pin_num 2
57 53 0
50 15 0
Net_id 148
pin_num 2
14 33 0
22 40 0
Net_id 149
pin_num 2
28 35 0
36 35 0
Net_id 150
pin_num 2
12 42 0
0 51 0
Net_id 151
pin_num 2
8 55 0
19 54 0
Net_id 152
pin_num 2
6 43 0
2 39 0
Net_id 153
pin_num 2
17 7 0
30 3 0
Net_id 154
pin_num 2
6 10 0
13 10 0
Net_id 155
pin_num 2
2 32 0
15 16 0
Net_id 156
pin_num 2
24 5 0
37 3 0
Net_id 157
pin_num 2
25 56 0
19 47 0
Net_id 158
pin_num 2
22 47 0
2 37 0
Net_id 159
pin_num 2
16 16 0
35 22 0
