Width 60
Height 60
Layer 6
Total_WL 6672
Obstacle_num 144
44 21 0 51 22 0
22 54 0 31 55 0
28 37 0 33 38 0
28 18 0 36 19 0
33 0 0 38 1 0
30 32 0 34 33 0
28 5 0 31 6 0
47 20 0 51 21 0
11 52 0 20 53 0
33 48 0 37 49 0
7 34 0 10 35 0
9 29 0 15 30 0
49 11 0 57 12 0
12 30 0 22 31 0
39 23 0 49 24 0
27 51 0 37 52 0
27 39 0 31 40 0
52 32 0 57 33 0
47 53 0 54 54 0
2 3 0 6 4 0
16 5 0 26 6 0
46 36 0 54 37 0
34 15 0 43 16 0
18 38 0 24 39 0
7 9 1 8 15 1
4 45 1 5 48 1
26 41 1 27 48 1
19 44 1 20 54 1
57 0 1 58 8 1
48 25 1 49 32 1
19 9 1 20 17 1
31 49 1 32 54 1
2 14 1 3 24 1
54 41 1 55 44 1
58 1 1 59 6 1
24 20 1 25 25 1
39 43 1 40 50 1
32 16 1 33 21 1
53 14 1 54 17 1
30 46 1 31 56 1
46 30 1 47 35 1
31 3 1 32 10 1
36 25 1 37 35 1
30 26 1 31 33 1
18 35 1 19 41 1
41 15 1 42 21 1
3 31 1 4 36 1
56 31 1 57 34 1
51 23 2 54 24 2
47 12 2 53 13 2
34 36 2 44 37 2
42 49 2 48 50 2
7 38 2 11 39 2
3 41 2 8 42 2
17 15 2 20 16 2
0 23 2 6 24 2
21 18 2 31 19 2
39 34 2 43 35 2
28 43 2 37 44 2
49 55 2 52 56 2
52 50 2 57 51 2
38 50 2 42 51 2
53 11 2 58 12 2
36 14 2 44 15 2
21 13 2 25 14 2
10 52 2 17 53 2
41 4 2 44 5 2
33 19 2 38 20 2
54 9 2 59 10 2
12 22 2 16 23 2
8 27 2 12 28 2
33 38 2 41 39 2
51 18 3 52 23 3
21 50 3 22 55 3
56 37 3 57 40 3
46 39 3 47 46 3
58 19 3 59 22 3
58 36 3 59 41 3
47 33 3 48 43 3
13 14 3 14 18 3
19 51 3 20 57 3
4 25 3 5 30 3
35 19 3 36 26 3
54 49 3 55 57 3
23 14 3 24 24 3
20 51 3 21 56 3
41 23 3 42 31 3
31 21 3 32 30 3
43 7 3 44 11 3
33 13 3 34 20 3
28 18 3 29 24 3
29 41 3 30 49 3
22 50 3 23 53 3
47 19 3 48 24 3
15 48 3 16 52 3
57 15 3 58 20 3
15 33 4 24 34 4
3 55 4 12 56 4
38 11 4 42 12 4
1 6 4 5 7 4
31 35 4 36 36 4
9 10 4 17 11 4
13 53 4 17 54 4
5 13 4 15 14 4
31 4 4 36 5 4
6 36 4 10 37 4
30 11 4 33 12 4
22 38 4 28 39 4
54 40 4 59 41 4
35 49 4 45 50 4
27 0 4 36 1 4
46 10 4 56 11 4
1 31 4 6 32 4
15 6 4 22 7 4
16 21 4 26 22 4
42 38 4 45 39 4
23 35 4 30 36 4
30 44 4 39 45 4
36 56 4 44 57 4
49 36 4 52 37 4
46 1 5 47 9 5
17 43 5 18 53 5
8 3 5 9 11 5
15 33 5 16 43 5
47 42 5 48 49 5
27 17 5 28 24 5
35 10 5 36 20 5
4 29 5 5 36 5
23 7 5 24 16 5
16 42 5 17 49 5
49 41 5 50 51 5
25 12 5 26 22 5
52 24 5 53 33 5
27 10 5 28 14 5
27 28 5 28 31 5
42 31 5 43 35 5
3 20 5 4 28 5
50 22 5 51 28 5
52 15 5 53 23 5
47 13 5 48 18 5
53 44 5 54 49 5
36 46 5 37 49 5
55 48 5 56 52 5
17 31 5 18 41 5
Net_num 167
Net_id 0
pin_num 5
31 14 0
51 16 0
35 12 0
52 13 0
56 13 0
Net_id 1
pin_num 5
39 34 0
33 39 0
37 17 0
35 47 0
43 22 0
Net_id 2
pin_num 5
12 9 0
10 4 0
16 0 0
0 2 0
31 4 0
Net_id 3
pin_num 5
24 53 0
20 53 0
42 53 0
43 53 0
7 53 0
Net_id 4
pin_num 5
44 39 0
46 37 0
34 45 0
43 35 0
34 27 0
Net_id 5
pin_num 5
20 46 0
29 40 0
0 44 0
14 26 0
25 58 0
Net_id 6
pin_num 5
0 29 0
8 33 0
6 50 0
19 44 0
12 26 0
Net_id 7
pin_num 5
23 22 0
20 20 0
7 20 0
9 17 0
12 7 0
Net_id 8
pin_num 5
14 7 0
11 11 0
6 9 0
7 4 0
6 28 0
Net_id 9
pin_num 5
53 40 0
59 33 0
45 35 0
44 35 0
50 51 0
Net_id 10
pin_num 5
19 36 0
13 36 0
13 48 0
0 47 0
4 59 0
Net_id 11
pin_num 5
14 58 0
21 59 0
6 51 0
9 58 0
21 47 0
Net_id 12
pin_num 5
39 10 0
50 9 0
31 0 0
34 17 0
34 10 0
Net_id 13
pin_num 5
42 5 0
46 5 0
45 2 0
36 5 0
39 19 0
Net_id 14
pin_num 5
23 17 0
22 17 0
29 1 0
20 18 0
24 13 0
Net_id 15
pin_num 5
39 54 0
28 52 0
37 33 0
47 38 0
40 49 0
Net_id 16
pin_num 5
9 46 0
20 44 0
8 45 0
0 57 0
16 54 0
Net_id 17
pin_num 5
14 37 0
1 38 0
9 21 0
7 28 0
12 24 0
Net_id 18
pin_num 5
48 22 0
59 31 0
52 31 0
59 8 0
46 8 0
Net_id 19
pin_num 4
39 52 0
48 54 0
46 46 0
38 52 0
Net_id 20
pin_num 4
20 15 0
26 15 0
44 16 0
32 8 0
Net_id 21
pin_num 4
15 48 0
4 56 0
32 59 0
12 46 0
Net_id 22
pin_num 4
58 46 0
49 47 0
49 55 0
59 41 0
Net_id 23
pin_num 4
16 10 0
5 18 0
27 14 0
0 3 0
Net_id 24
pin_num 4
7 13 0
1 1 0
0 8 0
1 21 0
Net_id 25
pin_num 4
52 55 0
40 56 0
51 40 0
55 47 0
Net_id 26
pin_num 4
46 12 0
31 13 0
57 14 0
54 5 0
Net_id 27
pin_num 4
54 28 0
54 38 0
37 28 0
47 39 0
Net_id 28
pin_num 4
23 31 0
7 31 0
0 21 0
23 27 0
Net_id 29
pin_num 4
19 2 0
26 5 0
45 1 0
34 20 0
Net_id 30
pin_num 4
5 22 0
9 19 0
19 25 0
18 15 0
Net_id 31
pin_num 4
39 17 0
48 15 0
40 37 0
38 51 0
Net_id 32
pin_num 4
15 23 0
15 16 0
2 24 0
0 12 0
Net_id 33
pin_num 4
3 53 0
2 56 0
1 48 0
3 55 0
Net_id 34
pin_num 4
52 52 0
50 59 0
41 48 0
54 57 0
Net_id 35
pin_num 4
40 30 0
31 12 0
13 24 0
48 17 0
Net_id 36
pin_num 4
22 14 0
15 28 0
36 24 0
43 15 0
Net_id 37
pin_num 4
40 11 0
45 7 0
48 12 0
58 0 0
Net_id 38
pin_num 4
7 36 0
5 30 0
0 43 0
22 30 0
Net_id 39
pin_num 4
58 37 0
48 38 0
46 53 0
55 38 0
Net_id 40
pin_num 3
50 50 0
43 51 0
30 38 0
Net_id 41
pin_num 3
2 16 0
3 8 0
15 8 0
Net_id 42
pin_num 3
43 37 0
41 27 0
59 34 0
Net_id 43
pin_num 3
57 48 0
40 51 0
59 32 0
Net_id 44
pin_num 3
6 27 0
1 43 0
22 59 0
Net_id 45
pin_num 3
49 44 0
58 33 0
56 36 0
Net_id 46
pin_num 3
22 57 0
31 56 0
46 57 0
Net_id 47
pin_num 3
5 25 0
6 26 0
1 12 0
Net_id 48
pin_num 3
4 2 0
16 2 0
14 23 0
Net_id 49
pin_num 3
20 2 0
33 9 0
44 0 0
Net_id 50
pin_num 3
59 9 0
55 16 0
58 18 0
Net_id 51
pin_num 3
21 55 0
7 55 0
16 51 0
Net_id 52
pin_num 3
56 43 0
53 42 0
24 42 0
Net_id 53
pin_num 3
34 6 0
42 3 0
18 2 0
Net_id 54
pin_num 3
58 4 0
49 0 0
30 13 0
Net_id 55
pin_num 3
13 11 0
28 11 0
5 1 0
Net_id 56
pin_num 3
18 29 0
21 36 0
2 47 0
Net_id 57
pin_num 3
52 17 0
53 12 0
45 0 0
Net_id 58
pin_num 3
54 33 0
27 37 0
57 58 0
Net_id 59
pin_num 3
26 26 0
55 28 0
30 22 0
Net_id 60
pin_num 3
37 55 0
52 49 0
20 50 0
Net_id 61
pin_num 3
5 26 0
1 7 0
0 35 0
Net_id 62
pin_num 3
46 47 0
32 29 0
8 29 0
Net_id 63
pin_num 3
16 56 0
25 44 0
27 49 0
Net_id 64
pin_num 3
27 44 0
37 59 0
58 56 0
Net_id 65
pin_num 3
11 33 0
2 49 0
22 37 0
Net_id 66
pin_num 3
46 27 0
44 24 0
59 24 0
Net_id 67
pin_num 3
38 11 0
24 14 0
34 7 0
Net_id 68
pin_num 3
12 45 0
26 58 0
16 11 0
Net_id 69
pin_num 3
28 40 0
42 26 0
20 51 0
Net_id 70
pin_num 3
42 20 0
43 20 0
44 6 0
Net_id 71
pin_num 3
10 25 0
36 18 0
58 11 0
Net_id 72
pin_num 3
26 19 0
26 31 0
5 23 0
Net_id 73
pin_num 3
17 16 0
27 16 0
22 3 0
Net_id 74
pin_num 3
1 3 0
10 1 0
28 9 0
Net_id 75
pin_num 3
1 0 0
16 7 0
0 4 0
Net_id 76
pin_num 3
53 58 0
41 44 0
29 43 0
Net_id 77
pin_num 3
6 16 0
8 25 0
11 25 0
Net_id 78
pin_num 3
44 53 0
50 54 0
45 32 0
Net_id 79
pin_num 3
14 17 0
8 26 0
2 2 0
Net_id 80
pin_num 3
23 13 0
10 15 0
9 16 0
Net_id 81
pin_num 2
19 7 0
30 1 0
Net_id 82
pin_num 2
9 27 0
4 20 0
Net_id 83
pin_num 2
55 29 0
43 50 0
Net_id 84
pin_num 2
29 41 0
33 56 0
Net_id 85
pin_num 2
59 15 0
47 7 0
Net_id 86
pin_num 2
5 49 0
11 50 0
Net_id 87
pin_num 2
28 27 0
25 19 0
Net_id 88
pin_num 2
33 28 0
28 14 0
Net_id 89
pin_num 2
43 46 0
29 26 0
Net_id 90
pin_num 2
22 46 0
33 50 0
Net_id 91
pin_num 2
18 50 0
7 42 0
Net_id 92
pin_num 2
12 25 0
38 23 0
Net_id 93
pin_num 2
7 29 0
25 41 0
Net_id 94
pin_num 2
22 51 0
33 36 0
Net_id 95
pin_num 2
52 25 0
57 25 0
Net_id 96
pin_num 2
50 25 0
45 25 0
Net_id 97
pin_num 2
8 57 0
2 42 0
Net_id 98
pin_num 2
49 7 0
33 10 0
Net_id 99
pin_num 2
28 30 0
42 30 0
Net_id 100
pin_num 2
8 5 0
25 3 0
Net_id 101
pin_num 2
53 15 0
44 8 0
Net_id 102
pin_num 2
59 22 0
57 32 0
Net_id 103
pin_num 2
27 8 0
13 3 0
Net_id 104
pin_num 2
7 38 0
21 12 0
Net_id 105
pin_num 2
30 58 0
25 56 0
Net_id 106
pin_num 2
13 40 0
9 40 0
Net_id 107
pin_num 2
29 19 0
32 25 0
Net_id 108
pin_num 2
4 37 0
7 39 0
Net_id 109
pin_num 2
9 9 0
5 7 0
Net_id 110
pin_num 2
36 32 0
52 21 0
Net_id 111
pin_num 2
14 15 0
24 3 0
Net_id 112
pin_num 2
44 58 0
33 58 0
Net_id 113
pin_num 2
19 47 0
4 35 0
Net_id 114
pin_num 2
43 6 0
37 22 0
Net_id 115
pin_num 2
3 58 0
2 38 0
Net_id 116
pin_num 2
58 50 0
54 50 0
Net_id 117
pin_num 2
51 0 0
49 16 0
Net_id 118
pin_num 2
48 44 0
39 37 0
Net_id 119
pin_num 2
9 26 0
17 41 0
Net_id 120
pin_num 2
13 49 0
46 58 0
Net_id 121
pin_num 2
23 55 0
27 55 0
Net_id 122
pin_num 2
16 8 0
4 14 0
Net_id 123
pin_num 2
38 9 0
33 8 0
Net_id 124
pin_num 2
42 55 0
52 51 0
Net_id 125
pin_num 2
28 41 0
18 46 0
Net_id 126
pin_num 2
43 19 0
58 16 0
Net_id 127
pin_num 2
57 3 0
51 3 0
Net_id 128
pin_num 2
25 52 0
14 38 0
Net_id 129
pin_num 2
33 26 0
44 20 0
Net_id 130
pin_num 2
18 9 0
23 6 0
Net_id 131
pin_num 2
45 8 0
12 18 0
Net_id 132
pin_num 2
56 5 0
55 5 0
Net_id 133
pin_num 2
21 28 0
26 28 0
Net_id 134
pin_num 2
32 35 0
29 34 0
Net_id 135
pin_num 2
48 16 0
41 22 0
Net_id 136
pin_num 2
11 18 0
4 5 0
Net_id 137
pin_num 2
30 50 0
18 57 0
Net_id 138
pin_num 2
52 10 0
46 2 0
Net_id 139
pin_num 2
9 14 0
8 30 0
Net_id 140
pin_num 2
49 38 0
49 42 0
Net_id 141
pin_num 2
55 4 0
38 24 0
Net_id 142
pin_num 2
6 34 0
15 41 0
Net_id 143
pin_num 2
35 3 0
22 19 0
Net_id 144
pin_num 2
49 33 0
40 33 0
Net_id 145
pin_num 2
25 7 0
23 0 0
Net_id 146
pin_num 2
17 54 0
22 43 0
Net_id 147
pin_num 2
17 57 0
21 43 0
Net_id 148
pin_num 2
21 20 0
21 3 0
Net_id 149
pin_num 2
1 9 0
5 14 0
Net_id 150
pin_num 2
14 56 0
3 45 0
Net_id 151
pin_num 2
17 24 0
22 0 0
Net_id 152
pin_num 2
3 17 0
14 32 0
Net_id 153
pin_num 2
33 29 0
38 27 0
Net_id 154
pin_num 2
49 39 0
55 33 0
Net_id 155
pin_num 2
54 24 0
57 26 0
Net_id 156
pin_num 2
41 31 0
58 45 0
Net_id 157
pin_num 2
30 21 0
27 33 0
Net_id 158
pin_num 2
37 47 0
19 42 0
Net_id 159
pin_num 2
7 17 0
3 7 0
Net_id 160
pin_num 2
38 5 0
52 5 0
Net_id 161
pin_num 2
21 41 0
14 46 0
Net_id 162
pin_num 2
4 18 0
20 12 0
Net_id 163
pin_num 2
11 38 0
19 39 0
Net_id 164
pin_num 2
35 41 0
57 49 0
Net_id 165
pin_num 2
27 42 0
23 43 0
Net_id 166
pin_num 2
28 43 0
20 28 0
