Width 60
Height 60
Layer 6
Total_WL 6975
Obstacle_num 144
48 20 0 51 21 0
46 15 0 55 16 0
36 15 0 42 16 0
5 27 0 12 28 0
23 1 0 29 2 0
28 43 0 33 44 0
47 9 0 56 10 0
9 1 0 17 2 0
19 30 0 23 31 0
35 7 0 41 8 0
26 10 0 30 11 0
50 21 0 59 22 0
11 13 0 20 14 0
17 36 0 23 37 0
16 4 0 25 5 0
14 53 0 20 54 0
5 8 0 12 9 0
26 45 0 34 46 0
47 30 0 51 31 0
9 44 0 19 45 0
26 49 0 34 50 0
21 58 0 30 59 0
26 42 0 34 43 0
41 7 0 44 8 0
19 39 1 20 49 1
52 45 1 53 54 1
10 13 1 11 17 1
8 40 1 9 46 1
29 13 1 30 18 1
41 11 1 42 15 1
7 5 1 8 13 1
47 53 1 48 57 1
30 39 1 31 48 1
2 12 1 3 18 1
43 45 1 44 55 1
38 18 1 39 24 1
49 54 1 50 59 1
39 11 1 40 17 1
43 28 1 44 38 1
58 44 1 59 49 1
20 0 1 21 5 1
7 23 1 8 26 1
39 38 1 40 41 1
1 31 1 2 41 1
20 25 1 21 33 1
0 20 1 1 27 1
4 15 1 5 24 1
6 9 1 7 14 1
14 35 2 22 36 2
13 56 2 23 57 2
16 55 2 25 56 2
11 15 2 21 16 2
9 48 2 14 49 2
31 12 2 41 13 2
22 50 2 27 51 2
22 36 2 30 37 2
19 24 2 25 25 2
37 8 2 40 9 2
2 6 2 12 7 2
47 50 2 53 51 2
11 39 2 21 40 2
0 10 2 4 11 2
2 14 2 8 15 2
50 29 2 57 30 2
32 40 2 40 41 2
41 27 2 45 28 2
21 54 2 29 55 2
43 55 2 48 56 2
16 23 2 21 24 2
32 30 2 38 31 2
51 10 2 58 11 2
39 58 2 49 59 2
12 24 3 13 27 3
0 16 3 1 20 3
32 42 3 33 49 3
50 40 3 51 45 3
7 5 3 8 9 3
12 46 3 13 54 3
1 22 3 2 31 3
29 0 3 30 7 3
46 6 3 47 16 3
42 28 3 43 36 3
11 34 3 12 38 3
32 11 3 33 16 3
23 31 3 24 35 3
49 47 3 50 51 3
37 37 3 38 45 3
40 51 3 41 57 3
27 46 3 28 56 3
16 9 3 17 19 3
38 17 3 39 22 3
15 26 3 16 35 3
38 45 3 39 52 3
58 13 3 59 18 3
37 48 3 38 52 3
6 16 3 7 23 3
20 23 4 23 24 4
17 38 4 25 39 4
40 46 4 49 47 4
29 56 4 35 57 4
37 30 4 41 31 4
23 42 4 33 43 4
28 38 4 32 39 4
29 25 4 38 26 4
48 34 4 57 35 4
38 49 4 41 50 4
31 17 4 35 18 4
34 33 4 40 34 4
54 23 4 57 24 4
4 56 4 10 57 4
34 50 4 40 51 4
1 22 4 11 23 4
29 40 4 39 41 4
42 36 4 46 37 4
50 4 4 56 5 4
49 50 4 59 51 4
27 6 4 32 7 4
39 40 4 49 41 4
4 34 4 8 35 4
43 42 4 46 43 4
44 6 5 45 10 5
22 50 5 23 55 5
37 17 5 38 22 5
6 26 5 7 31 5
56 16 5 57 20 5
33 31 5 34 38 5
3 46 5 4 49 5
9 32 5 10 35 5
28 7 5 29 14 5
58 4 5 59 12 5
47 16 5 48 21 5
58 53 5 59 58 5
14 24 5 15 34 5
12 17 5 13 21 5
33 4 5 34 11 5
23 8 5 24 18 5
22 40 5 23 50 5
10 27 5 11 32 5
41 6 5 42 9 5
8 33 5 9 43 5
25 41 5 26 45 5
27 36 5 28 44 5
35 34 5 36 43 5
48 28 5 49 32 5
Net_num 158
Net_id 0
pin_num 5
7 28 0
17 34 0
18 24 0
1 27 0
20 32 0
Net_id 1
pin_num 5
34 12 0
27 6 0
21 11 0
23 12 0
42 11 0
Net_id 2
pin_num 5
52 51 0
59 48 0
47 48 0
32 48 0
47 33 0
Net_id 3
pin_num 5
39 26 0
31 26 0
33 40 0
48 33 0
46 27 0
Net_id 4
pin_num 5
57 6 0
59 0 0
53 0 0
54 8 0
53 17 0
Net_id 5
pin_num 5
59 41 0
50 41 0
53 52 0
59 40 0
59 58 0
Net_id 6
pin_num 5
31 58 0
33 55 0
54 57 0
46 45 0
23 57 0
Net_id 7
pin_num 5
10 35 0
0 38 0
8 22 0
6 38 0
5 54 0
Net_id 8
pin_num 5
21 57 0
29 59 0
28 41 0
8 47 0
47 47 0
Net_id 9
pin_num 5
46 21 0
42 21 0
45 25 0
44 5 0
26 21 0
Net_id 10
pin_num 5
15 0 0
0 1 0
16 0 0
4 10 0
10 11 0
Net_id 11
pin_num 5
19 46 0
14 50 0
9 59 0
13 35 0
22 38 0
Net_id 12
pin_num 5
36 42 0
43 40 0
38 45 0
34 51 0
43 59 0
Net_id 13
pin_num 5
7 26 0
1 26 0
2 36 0
2 18 0
0 35 0
Net_id 14
pin_num 5
18 0 0
21 0 0
21 7 0
17 19 0
43 0 0
Net_id 15
pin_num 5
50 12 0
40 14 0
55 14 0
41 37 0
50 0 0
Net_id 16
pin_num 5
47 41 0
44 42 0
49 34 0
45 44 0
50 53 0
Net_id 17
pin_num 5
56 59 0
44 54 0
46 58 0
34 59 0
23 48 0
Net_id 18
pin_num 5
21 39 0
13 39 0
15 19 0
16 15 0
6 23 0
Net_id 19
pin_num 5
30 51 0
32 55 0
43 44 0
31 48 0
32 51 0
Net_id 20
pin_num 4
46 10 0
22 12 0
30 10 0
44 0 0
Net_id 21
pin_num 4
6 25 0
11 38 0
11 24 0
21 32 0
Net_id 22
pin_num 4
30 20 0
34 22 0
30 0 0
16 22 0
Net_id 23
pin_num 4
8 42 0
17 41 0
9 49 0
2 39 0
Net_id 24
pin_num 4
10 20 0
16 28 0
25 40 0
10 37 0
Net_id 25
pin_num 4
50 37 0
58 27 0
56 53 0
41 59 0
Net_id 26
pin_num 4
2 40 0
8 51 0
6 36 0
0 53 0
Net_id 27
pin_num 4
3 47 0
4 56 0
15 49 0
6 43 0
Net_id 28
pin_num 4
25 4 0
34 6 0
34 0 0
55 3 0
Net_id 29
pin_num 4
2 44 0
16 50 0
0 59 0
29 50 0
Net_id 30
pin_num 4
43 23 0
51 26 0
20 24 0
19 5 0
Net_id 31
pin_num 4
3 58 0
7 43 0
3 39 0
0 15 0
Net_id 32
pin_num 4
29 28 0
18 22 0
3 21 0
22 8 0
Net_id 33
pin_num 4
1 47 0
13 52 0
4 30 0
21 46 0
Net_id 34
pin_num 4
2 49 0
2 57 0
2 11 0
1 1 0
Net_id 35
pin_num 4
25 18 0
28 27 0
34 23 0
44 25 0
Net_id 36
pin_num 4
3 18 0
10 19 0
9 11 0
18 1 0
Net_id 37
pin_num 4
38 36 0
23 35 0
30 28 0
49 28 0
Net_id 38
pin_num 4
51 24 0
59 25 0
57 15 0
58 7 0
Net_id 39
pin_num 4
54 5 0
48 1 0
46 16 0
47 6 0
Net_id 40
pin_num 3
38 16 0
58 28 0
57 1 0
Net_id 41
pin_num 3
44 49 0
53 55 0
47 53 0
Net_id 42
pin_num 3
42 12 0
36 27 0
50 22 0
Net_id 43
pin_num 3
32 46 0
35 27 0
42 44 0
Net_id 44
pin_num 3
18 5 0
8 19 0
26 20 0
Net_id 45
pin_num 3
21 3 0
0 2 0
54 3 0
Net_id 46
pin_num 3
16 45 0
10 43 0
27 48 0
Net_id 47
pin_num 3
2 56 0
9 43 0
35 43 0
Net_id 48
pin_num 3
8 5 0
11 14 0
11 3 0
Net_id 49
pin_num 3
8 59 0
10 56 0
12 35 0
Net_id 50
pin_num 3
7 57 0
26 40 0
31 56 0
Net_id 51
pin_num 3
52 43 0
45 43 0
59 27 0
Net_id 52
pin_num 3
0 54 0
13 40 0
57 29 0
Net_id 53
pin_num 3
9 5 0
12 9 0
31 5 0
Net_id 54
pin_num 3
19 58 0
22 42 0
20 44 0
Net_id 55
pin_num 3
15 17 0
38 9 0
14 17 0
Net_id 56
pin_num 3
42 39 0
31 30 0
59 31 0
Net_id 57
pin_num 3
30 44 0
33 46 0
33 53 0
Net_id 58
pin_num 3
14 35 0
23 44 0
29 35 0
Net_id 59
pin_num 3
59 9 0
53 18 0
34 13 0
Net_id 60
pin_num 3
58 18 0
55 19 0
53 26 0
Net_id 61
pin_num 3
37 51 0
55 57 0
55 58 0
Net_id 62
pin_num 3
27 34 0
16 38 0
32 20 0
Net_id 63
pin_num 3
13 54 0
5 58 0
22 53 0
Net_id 64
pin_num 3
23 18 0
31 8 0
0 7 0
Net_id 65
pin_num 3
46 4 0
37 20 0
52 7 0
Net_id 66
pin_num 3
26 8 0
35 29 0
31 41 0
Net_id 67
pin_num 3
15 16 0
37 14 0
7 20 0
Net_id 68
pin_num 3
26 5 0
31 7 0
32 1 0
Net_id 69
pin_num 3
3 9 0
0 5 0
14 4 0
Net_id 70
pin_num 3
53 12 0
57 7 0
47 8 0
Net_id 71
pin_num 3
8 1 0
2 2 0
5 33 0
Net_id 72
pin_num 3
34 53 0
53 46 0
57 57 0
Net_id 73
pin_num 3
55 30 0
39 43 0
29 29 0
Net_id 74
pin_num 3
34 17 0
54 17 0
51 19 0
Net_id 75
pin_num 3
19 57 0
14 51 0
20 59 0
Net_id 76
pin_num 3
45 52 0
40 29 0
35 54 0
Net_id 77
pin_num 3
20 31 0
4 31 0
21 49 0
Net_id 78
pin_num 3
54 1 0
59 20 0
54 18 0
Net_id 79
pin_num 3
13 9 0
28 2 0
16 2 0
Net_id 80
pin_num 2
14 3 0
14 2 0
Net_id 81
pin_num 2
38 4 0
35 14 0
Net_id 82
pin_num 2
39 40 0
25 49 0
Net_id 83
pin_num 2
31 33 0
9 51 0
Net_id 84
pin_num 2
46 5 0
55 4 0
Net_id 85
pin_num 2
28 14 0
12 8 0
Net_id 86
pin_num 2
42 49 0
15 52 0
Net_id 87
pin_num 2
14 37 0
47 51 0
Net_id 88
pin_num 2
53 7 0
45 15 0
Net_id 89
pin_num 2
35 19 0
47 11 0
Net_id 90
pin_num 2
6 4 0
6 5 0
Net_id 91
pin_num 2
51 23 0
53 22 0
Net_id 92
pin_num 2
22 50 0
33 41 0
Net_id 93
pin_num 2
21 15 0
3 31 0
Net_id 94
pin_num 2
57 36 0
43 16 0
Net_id 95
pin_num 2
19 26 0
16 36 0
Net_id 96
pin_num 2
30 1 0
48 18 0
Net_id 97
pin_num 2
14 41 0
4 29 0
Net_id 98
pin_num 2
58 36 0
59 22 0
Net_id 99
pin_num 2
16 58 0
31 46 0
Net_id 100
pin_num 2
21 42 0
11 45 0
Net_id 101
pin_num 2
6 24 0
18 14 0
Net_id 102
pin_num 2
47 45 0
59 51 0
Net_id 103
pin_num 2
14 26 0
22 37 0
Net_id 104
pin_num 2
23 30 0
26 32 0
Net_id 105
pin_num 2
49 13 0
57 13 0
Net_id 106
pin_num 2
47 2 0
55 5 0
Net_id 107
pin_num 2
42 26 0
27 20 0
Net_id 108
pin_num 2
38 23 0
27 25 0
Net_id 109
pin_num 2
49 29 0
34 8 0
Net_id 110
pin_num 2
6 45 0
21 59 0
Net_id 111
pin_num 2
12 12 0
27 7 0
Net_id 112
pin_num 2
28 23 0
19 29 0
Net_id 113
pin_num 2
49 22 0
49 19 0
Net_id 114
pin_num 2
43 6 0
34 7 0
Net_id 115
pin_num 2
30 22 0
41 38 0
Net_id 116
pin_num 2
52 40 0
47 27 0
Net_id 117
pin_num 2
40 32 0
44 26 0
Net_id 118
pin_num 2
3 55 0
11 55 0
Net_id 119
pin_num 2
13 55 0
17 49 0
Net_id 120
pin_num 2
53 38 0
59 26 0
Net_id 121
pin_num 2
44 22 0
55 53 0
Net_id 122
pin_num 2
12 25 0
24 25 0
Net_id 123
pin_num 2
42 37 0
37 33 0
Net_id 124
pin_num 2
35 59 0
35 55 0
Net_id 125
pin_num 2
2 19 0
11 2 0
Net_id 126
pin_num 2
41 1 0
47 5 0
Net_id 127
pin_num 2
6 47 0
22 27 0
Net_id 128
pin_num 2
14 19 0
8 38 0
Net_id 129
pin_num 2
46 20 0
55 46 0
Net_id 130
pin_num 2
59 19 0
46 25 0
Net_id 131
pin_num 2
21 19 0
2 45 0
Net_id 132
pin_num 2
22 21 0
16 21 0
Net_id 133
pin_num 2
32 15 0
39 22 0
Net_id 134
pin_num 2
48 22 0
48 31 0
Net_id 135
pin_num 2
14 52 0
15 58 0
Net_id 136
pin_num 2
11 53 0
18 49 0
Net_id 137
pin_num 2
1 29 0
10 38 0
Net_id 138
pin_num 2
35 41 0
55 44 0
Net_id 139
pin_num 2
55 55 0
50 55 0
Net_id 140
pin_num 2
24 23 0
15 10 0
Net_id 141
pin_num 2
1 13 0
14 7 0
Net_id 142
pin_num 2
37 43 0
36 35 0
Net_id 143
pin_num 2
32 33 0
43 12 0
Net_id 144
pin_num 2
6 20 0
15 4 0
Net_id 145
pin_num 2
52 11 0
43 20 0
Net_id 146
pin_num 2
8 12 0
4 12 0
Net_id 147
pin_num 2
30 39 0
38 29 0
Net_id 148
pin_num 2
40 8 0
26 25 0
Net_id 149
pin_num 2
7 25 0
4 57 0
Net_id 150
pin_num 2
49 5 0
48 10 0
Net_id 151
pin_num 2
45 7 0
51 1 0
Net_id 152
pin_num 2
3 19 0
23 10 0
Net_id 153
pin_num 2
8 37 0
1 48 0
Net_id 154
pin_num 2
51 51 0
23 23 0
Net_id 155
pin_num 2
58 32 0
42 29 0
Net_id 156
pin_num 2
31 29 0
25 10 0
Net_id 157
pin_num 2
33 9 0
57 3 0
