Width 60
Height 60
Layer 6
Total_WL 6513
Obstacle_num 144
47 34 0 50 35 0
10 29 0 17 30 0
39 1 0 42 2 0
20 21 0 30 22 0
46 3 0 52 4 0
41 22 0 47 23 0
39 30 0 47 31 0
18 30 0 25 31 0
53 33 0 57 34 0
42 24 0 48 25 0
21 12 0 28 13 0
31 30 0 35 31 0
40 3 0 46 4 0
22 37 0 32 38 0
34 3 0 40 4 0
41 52 0 47 53 0
5 28 0 14 29 0
5 32 0 9 33 0
17 13 0 21 14 0
46 2 0 55 3 0
22 23 0 26 24 0
11 31 0 21 32 0
47 15 0 53 16 0
16 50 0 19 51 0
51 45 1 52 55 1
13 4 1 14 12 1
30 6 1 31 13 1
2 32 1 3 41 1
7 49 1 8 57 1
49 10 1 50 15 1
8 42 1 9 48 1
34 20 1 35 24 1
53 6 1 54 9 1
31 1 1 32 7 1
25 11 1 26 18 1
23 13 1 24 21 1
17 28 1 18 33 1
47 18 1 48 25 1
17 50 1 18 56 1
19 49 1 20 55 1
44 45 1 45 54 1
16 49 1 17 55 1
1 31 1 2 40 1
35 33 1 36 39 1
45 27 1 46 34 1
7 3 1 8 12 1
41 50 1 42 57 1
28 55 1 29 58 1
26 33 2 34 34 2
0 51 2 10 52 2
13 42 2 17 43 2
39 24 2 44 25 2
45 58 2 54 59 2
10 16 2 18 17 2
19 42 2 27 43 2
15 39 2 23 40 2
54 41 2 59 42 2
48 20 2 54 21 2
7 10 2 12 11 2
38 40 2 41 41 2
40 52 2 45 53 2
23 44 2 30 45 2
9 49 2 12 50 2
4 7 2 10 8 2
8 27 2 17 28 2
34 6 2 39 7 2
35 49 2 41 50 2
41 0 2 50 1 2
23 46 2 28 47 2
25 4 2 33 5 2
16 3 2 22 4 2
19 10 2 25 11 2
33 11 3 34 15 3
28 34 3 29 44 3
38 23 3 39 30 3
48 41 3 49 44 3
29 10 3 30 19 3
16 12 3 17 22 3
21 16 3 22 24 3
30 52 3 31 55 3
6 22 3 7 26 3
17 37 3 18 47 3
25 28 3 26 36 3
24 49 3 25 52 3
0 15 3 1 25 3
35 39 3 36 48 3
55 7 3 56 17 3
48 6 3 49 13 3
12 8 3 13 16 3
43 3 3 44 12 3
18 37 3 19 42 3
48 56 3 49 59 3
31 49 3 32 59 3
3 2 3 4 7 3
39 34 3 40 40 3
2 33 3 3 41 3
44 19 4 53 20 4
9 20 4 17 21 4
23 22 4 30 23 4
29 1 4 39 2 4
8 7 4 17 8 4
16 48 4 20 49 4
40 29 4 46 30 4
8 51 4 11 52 4
16 41 4 23 42 4
36 55 4 40 56 4
15 0 4 24 1 4
24 15 4 29 16 4
7 18 4 12 19 4
15 57 4 20 58 4
26 6 4 33 7 4
33 24 4 39 25 4
33 10 4 42 11 4
25 17 4 28 18 4
0 37 4 6 38 4
31 43 4 35 44 4
21 34 4 29 35 4
29 45 4 35 46 4
32 39 4 35 40 4
0 56 4 9 57 4
43 24 5 44 27 5
39 38 5 40 47 5
15 35 5 16 42 5
34 20 5 35 27 5
10 50 5 11 59 5
58 31 5 59 35 5
25 16 5 26 23 5
45 23 5 46 28 5
7 28 5 8 31 5
19 26 5 20 30 5
13 25 5 14 29 5
2 32 5 3 40 5
36 51 5 37 58 5
35 23 5 36 31 5
16 55 5 17 58 5
22 39 5 23 49 5
2 7 5 3 12 5
8 50 5 9 55 5
57 41 5 58 47 5
43 7 5 44 17 5
41 38 5 42 46 5
21 49 5 22 52 5
5 39 5 6 48 5
8 23 5 9 29 5
Net_num 157
Net_id 0
pin_num 5
29 23 0
26 22 0
40 21 0
30 41 0
37 38 0
Net_id 1
pin_num 5
53 51 0
48 55 0
45 48 0
59 54 0
49 50 0
Net_id 2
pin_num 5
53 37 0
45 35 0
56 36 0
34 36 0
50 47 0
Net_id 3
pin_num 5
22 38 0
7 35 0
0 40 0
0 45 0
21 41 0
Net_id 4
pin_num 5
15 13 0
20 1 0
20 9 0
0 4 0
13 12 0
Net_id 5
pin_num 5
35 46 0
27 40 0
27 35 0
47 37 0
41 16 0
Net_id 6
pin_num 5
55 37 0
38 30 0
51 33 0
38 37 0
50 36 0
Net_id 7
pin_num 5
40 41 0
44 59 0
35 54 0
28 56 0
42 38 0
Net_id 8
pin_num 5
44 37 0
58 38 0
54 29 0
49 46 0
43 34 0
Net_id 9
pin_num 5
5 6 0
1 6 0
1 25 0
3 18 0
10 21 0
Net_id 10
pin_num 5
3 2 0
4 10 0
14 1 0
20 2 0
19 21 0
Net_id 11
pin_num 5
51 51 0
48 53 0
28 51 0
15 51 0
32 59 0
Net_id 12
pin_num 5
3 51 0
3 55 0
10 46 0
0 55 0
22 46 0
Net_id 13
pin_num 5
31 26 0
25 26 0
32 27 0
26 20 0
42 20 0
Net_id 14
pin_num 5
11 12 0
12 16 0
0 15 0
6 5 0
6 3 0
Net_id 15
pin_num 5
32 41 0
29 58 0
54 51 0
32 45 0
46 59 0
Net_id 16
pin_num 5
41 9 0
39 0 0
59 4 0
42 1 0
56 0 0
Net_id 17
pin_num 5
32 44 0
40 40 0
53 45 0
38 59 0
22 45 0
Net_id 18
pin_num 4
26 32 0
32 24 0
37 26 0
19 25 0
Net_id 19
pin_num 4
8 45 0
14 35 0
9 44 0
11 25 0
Net_id 20
pin_num 4
4 36 0
15 35 0
6 45 0
1 47 0
Net_id 21
pin_num 4
56 26 0
53 23 0
53 12 0
38 24 0
Net_id 22
pin_num 4
5 1 0
0 6 0
27 0 0
28 0 0
Net_id 23
pin_num 4
46 28 0
59 32 0
50 21 0
57 37 0
Net_id 24
pin_num 4
7 50 0
0 57 0
18 57 0
0 48 0
Net_id 25
pin_num 4
49 45 0
41 45 0
44 35 0
34 45 0
Net_id 26
pin_num 4
30 5 0
23 5 0
51 5 0
55 2 0
Net_id 27
pin_num 4
24 41 0
24 34 0
31 34 0
38 28 0
Net_id 28
pin_num 4
18 37 0
12 30 0
14 54 0
13 30 0
Net_id 29
pin_num 4
22 33 0
19 45 0
12 34 0
21 27 0
Net_id 30
pin_num 4
58 23 0
55 8 0
55 30 0
49 23 0
Net_id 31
pin_num 4
50 48 0
43 47 0
49 49 0
47 56 0
Net_id 32
pin_num 4
4 23 0
2 16 0
25 19 0
21 10 0
Net_id 33
pin_num 4
45 55 0
48 49 0
30 50 0
59 38 0
Net_id 34
pin_num 4
16 35 0
26 38 0
15 49 0
2 47 0
Net_id 35
pin_num 4
6 22 0
14 19 0
5 4 0
25 10 0
Net_id 36
pin_num 4
35 20 0
46 15 0
36 0 0
29 15 0
Net_id 37
pin_num 4
38 49 0
33 48 0
9 48 0
40 39 0
Net_id 38
pin_num 3
39 9 0
32 17 0
59 12 0
Net_id 39
pin_num 3
48 8 0
46 14 0
18 12 0
Net_id 40
pin_num 3
57 14 0
53 5 0
59 31 0
Net_id 41
pin_num 3
28 32 0
50 32 0
44 43 0
Net_id 42
pin_num 3
59 9 0
40 2 0
56 5 0
Net_id 43
pin_num 3
59 25 0
43 21 0
46 21 0
Net_id 44
pin_num 3
15 10 0
2 20 0
39 13 0
Net_id 45
pin_num 3
57 58 0
58 43 0
35 52 0
Net_id 46
pin_num 3
40 8 0
43 10 0
49 0 0
Net_id 47
pin_num 3
25 49 0
25 43 0
41 35 0
Net_id 48
pin_num 3
48 57 0
40 49 0
45 41 0
Net_id 49
pin_num 3
3 13 0
14 14 0
1 14 0
Net_id 50
pin_num 3
26 46 0
37 53 0
12 59 0
Net_id 51
pin_num 3
33 27 0
39 43 0
33 16 0
Net_id 52
pin_num 3
6 56 0
10 58 0
11 51 0
Net_id 53
pin_num 3
25 11 0
14 5 0
10 3 0
Net_id 54
pin_num 3
30 52 0
41 57 0
54 27 0
Net_id 55
pin_num 3
59 33 0
48 31 0
57 44 0
Net_id 56
pin_num 3
1 8 0
9 26 0
1 5 0
Net_id 57
pin_num 3
20 8 0
14 7 0
15 14 0
Net_id 58
pin_num 3
34 25 0
51 24 0
50 50 0
Net_id 59
pin_num 3
42 10 0
32 18 0
48 17 0
Net_id 60
pin_num 3
4 40 0
0 59 0
8 37 0
Net_id 61
pin_num 3
34 20 0
28 18 0
49 19 0
Net_id 62
pin_num 3
7 15 0
15 1 0
3 22 0
Net_id 63
pin_num 3
37 15 0
18 10 0
30 3 0
Net_id 64
pin_num 3
4 42 0
17 42 0
6 17 0
Net_id 65
pin_num 3
4 24 0
30 42 0
2 44 0
Net_id 66
pin_num 3
51 36 0
49 33 0
59 18 0
Net_id 67
pin_num 3
44 58 0
59 37 0
56 43 0
Net_id 68
pin_num 3
53 29 0
51 27 0
52 37 0
Net_id 69
pin_num 3
36 8 0
24 27 0
32 0 0
Net_id 70
pin_num 3
54 23 0
49 37 0
48 44 0
Net_id 71
pin_num 3
26 51 0
12 39 0
8 48 0
Net_id 72
pin_num 3
47 44 0
37 24 0
16 43 0
Net_id 73
pin_num 3
50 46 0
53 49 0
51 39 0
Net_id 74
pin_num 3
43 27 0
48 24 0
21 23 0
Net_id 75
pin_num 3
20 50 0
33 40 0
29 40 0
Net_id 76
pin_num 3
28 29 0
22 28 0
22 40 0
Net_id 77
pin_num 3
41 29 0
50 29 0
59 28 0
Net_id 78
pin_num 3
0 37 0
7 30 0
5 54 0
Net_id 79
pin_num 2
26 13 0
18 21 0
Net_id 80
pin_num 2
24 25 0
36 21 0
Net_id 81
pin_num 2
46 6 0
27 19 0
Net_id 82
pin_num 2
31 16 0
8 35 0
Net_id 83
pin_num 2
46 34 0
35 31 0
Net_id 84
pin_num 2
28 53 0
20 52 0
Net_id 85
pin_num 2
10 59 0
4 53 0
Net_id 86
pin_num 2
16 33 0
34 49 0
Net_id 87
pin_num 2
56 31 0
40 28 0
Net_id 88
pin_num 2
7 55 0
23 58 0
Net_id 89
pin_num 2
44 31 0
47 7 0
Net_id 90
pin_num 2
35 58 0
24 57 0
Net_id 91
pin_num 2
50 17 0
56 7 0
Net_id 92
pin_num 2
18 56 0
26 45 0
Net_id 93
pin_num 2
23 3 0
32 1 0
Net_id 94
pin_num 2
46 20 0
56 39 0
Net_id 95
pin_num 2
10 32 0
17 56 0
Net_id 96
pin_num 2
25 44 0
31 59 0
Net_id 97
pin_num 2
53 4 0
46 1 0
Net_id 98
pin_num 2
46 16 0
52 1 0
Net_id 99
pin_num 2
18 59 0
30 58 0
Net_id 100
pin_num 2
28 13 0
24 1 0
Net_id 101
pin_num 2
6 16 0
10 11 0
Net_id 102
pin_num 2
3 8 0
16 2 0
Net_id 103
pin_num 2
44 19 0
50 18 0
Net_id 104
pin_num 2
55 13 0
45 12 0
Net_id 105
pin_num 2
22 39 0
4 38 0
Net_id 106
pin_num 2
57 54 0
34 40 0
Net_id 107
pin_num 2
43 57 0
54 48 0
Net_id 108
pin_num 2
46 42 0
47 40 0
Net_id 109
pin_num 2
12 27 0
2 59 0
Net_id 110
pin_num 2
54 34 0
57 27 0
Net_id 111
pin_num 2
10 33 0
4 28 0
Net_id 112
pin_num 2
32 53 0
28 46 0
Net_id 113
pin_num 2
7 10 0
16 7 0
Net_id 114
pin_num 2
18 49 0
59 57 0
Net_id 115
pin_num 2
32 3 0
34 0 0
Net_id 116
pin_num 2
35 53 0
25 58 0
Net_id 117
pin_num 2
17 23 0
22 14 0
Net_id 118
pin_num 2
53 32 0
58 39 0
Net_id 119
pin_num 2
18 53 0
8 53 0
Net_id 120
pin_num 2
43 1 0
48 0 0
Net_id 121
pin_num 2
8 41 0
16 39 0
Net_id 122
pin_num 2
8 54 0
2 43 0
Net_id 123
pin_num 2
21 1 0
16 6 0
Net_id 124
pin_num 2
41 14 0
32 9 0
Net_id 125
pin_num 2
52 39 0
53 27 0
Net_id 126
pin_num 2
56 20 0
56 18 0
Net_id 127
pin_num 2
4 32 0
0 34 0
Net_id 128
pin_num 2
3 45 0
2 48 0
Net_id 129
pin_num 2
47 1 0
56 15 0
Net_id 130
pin_num 2
47 10 0
54 1 0
Net_id 131
pin_num 2
53 52 0
43 46 0
Net_id 132
pin_num 2
15 9 0
23 6 0
Net_id 133
pin_num 2
3 15 0
7 21 0
Net_id 134
pin_num 2
4 58 0
14 56 0
Net_id 135
pin_num 2
22 25 0
37 21 0
Net_id 136
pin_num 2
52 54 0
56 42 0
Net_id 137
pin_num 2
12 56 0
4 52 0
Net_id 138
pin_num 2
38 0 0
59 13 0
Net_id 139
pin_num 2
28 54 0
51 43 0
Net_id 140
pin_num 2
27 11 0
42 7 0
Net_id 141
pin_num 2
30 38 0
50 34 0
Net_id 142
pin_num 2
37 33 0
10 40 0
Net_id 143
pin_num 2
3 36 0
9 54 0
Net_id 144
pin_num 2
23 4 0
21 2 0
Net_id 145
pin_num 2
51 44 0
56 44 0
Net_id 146
pin_num 2
46 33 0
38 33 0
Net_id 147
pin_num 2
55 51 0
55 45 0
Net_id 148
pin_num 2
36 19 0
29 9 0
Net_id 149
pin_num 2
51 29 0
53 40 0
Net_id 150
pin_num 2
46 7 0
44 10 0
Net_id 151
pin_num 2
2 49 0
18 33 0
Net_id 152
pin_num 2
22 19 0
26 11 0
Net_id 153
pin_num 2
12 43 0
4 31 0
Net_id 154
pin_num 2
15 21 0
3 27 0
Net_id 155
pin_num 2
38 31 0
49 56 0
Net_id 156
pin_num 2
55 43 0
50 53 0
