Width 60
Height 60
Layer 6
Total_WL 6626
Obstacle_num 144
23 45 0 26 46 0
34 58 0 44 59 0
0 14 0 4 15 0
52 21 0 56 22 0
39 43 0 45 44 0
6 58 0 15 59 0
5 26 0 11 27 0
44 31 0 53 32 0
10 20 0 17 21 0
15 17 0 24 18 0
37 39 0 46 40 0
5 41 0 12 42 0
3 44 0 9 45 0
36 35 0 44 36 0
38 41 0 45 42 0
34 56 0 37 57 0
24 26 0 34 27 0
51 4 0 58 5 0
51 58 0 59 59 0
33 55 0 37 56 0
43 5 0 47 6 0
12 57 0 18 58 0
11 37 0 18 38 0
15 7 0 23 8 0
13 48 1 14 52 1
44 14 1 45 23 1
18 11 1 19 17 1
36 35 1 37 43 1
6 29 1 7 37 1
20 20 1 21 23 1
48 16 1 49 26 1
26 37 1 27 41 1
48 1 1 49 11 1
9 14 1 10 21 1
17 43 1 18 48 1
22 13 1 23 19 1
32 55 1 33 58 1
4 43 1 5 52 1
29 10 1 30 20 1
19 45 1 20 54 1
56 50 1 57 54 1
51 35 1 52 38 1
4 5 1 5 12 1
5 26 1 6 34 1
16 35 1 17 41 1
21 38 1 22 44 1
16 48 1 17 58 1
45 18 1 46 23 1
31 53 2 37 54 2
31 28 2 35 29 2
24 48 2 29 49 2
40 37 2 45 38 2
32 20 2 41 21 2
30 49 2 38 50 2
10 49 2 18 50 2
40 54 2 49 55 2
26 44 2 29 45 2
26 33 2 32 34 2
35 31 2 40 32 2
12 39 2 22 40 2
30 10 2 37 11 2
30 58 2 33 59 2
2 14 2 10 15 2
10 21 2 18 22 2
28 39 2 36 40 2
46 48 2 52 49 2
17 7 2 21 8 2
10 7 2 15 8 2
2 5 2 8 6 2
28 38 2 38 39 2
48 38 2 54 39 2
14 5 2 24 6 2
51 10 3 52 20 3
29 30 3 30 39 3
12 30 3 13 39 3
54 14 3 55 24 3
42 30 3 43 36 3
11 22 3 12 30 3
13 27 3 14 31 3
35 32 3 36 36 3
34 2 3 35 12 3
53 34 3 54 42 3
53 43 3 54 53 3
9 18 3 10 21 3
38 24 3 39 33 3
5 40 3 6 49 3
1 16 3 2 24 3
39 38 3 40 42 3
46 1 3 47 7 3
45 25 3 46 32 3
1 25 3 2 31 3
11 11 3 12 15 3
10 23 3 11 30 3
0 49 3 1 58 3
18 17 3 19 20 3
4 37 3 5 40 3
50 16 4 57 17 4
28 15 4 35 16 4
45 31 4 52 32 4
8 48 4 11 49 4
33 9 4 42 10 4
1 34 4 9 35 4
33 2 4 36 3 4
47 3 4 53 4 4
32 43 4 42 44 4
1 11 4 5 12 4
22 34 4 28 35 4
16 12 4 19 13 4
2 30 4 12 31 4
13 11 4 23 12 4
48 52 4 53 53 4
31 37 4 37 38 4
22 41 4 26 42 4
2 40 4 5 41 4
19 51 4 26 52 4
18 9 4 22 10 4
41 6 4 44 7 4
29 1 4 38 2 4
15 2 4 25 3 4
44 21 4 47 22 4
46 1 5 47 10 5
42 1 5 43 7 5
22 16 5 23 24 5
13 34 5 14 43 5
45 33 5 46 43 5
52 25 5 53 34 5
22 6 5 23 13 5
24 4 5 25 8 5
37 34 5 38 44 5
37 17 5 38 27 5
51 28 5 52 37 5
51 46 5 52 51 5
6 15 5 7 19 5
46 11 5 47 16 5
11 23 5 12 29 5
15 47 5 16 54 5
36 6 5 37 15 5
18 44 5 19 47 5
42 9 5 43 19 5
16 50 5 17 55 5
49 50 5 50 59 5
26 19 5 27 23 5
45 1 5 46 4 5
35 38 5 36 48 5
Net_num 157
Net_id 0
pin_num 5
58 22 0
59 30 0
51 30 0
39 25 0
39 17 0
Net_id 1
pin_num 5
29 31 0
37 30 0
31 23 0
17 25 0
33 48 0
Net_id 2
pin_num 5
20 33 0
32 33 0
25 10 0
3 21 0
5 25 0
Net_id 3
pin_num 5
49 7 0
57 11 0
45 0 0
54 0 0
50 18 0
Net_id 4
pin_num 5
34 35 0
40 45 0
46 40 0
35 30 0
46 43 0
Net_id 5
pin_num 5
23 57 0
28 59 0
25 47 0
2 53 0
41 55 0
Net_id 6
pin_num 5
33 1 0
28 1 0
16 1 0
5 0 0
8 22 0
Net_id 7
pin_num 5
6 54 0
4 55 0
10 59 0
13 55 0
0 48 0
Net_id 8
pin_num 5
30 28 0
36 19 0
57 24 0
47 35 0
40 9 0
Net_id 9
pin_num 5
32 2 0
28 6 0
31 8 0
42 4 0
44 6 0
Net_id 10
pin_num 5
20 40 0
16 40 0
25 40 0
18 24 0
30 24 0
Net_id 11
pin_num 5
45 16 0
38 16 0
28 16 0
36 9 0
44 1 0
Net_id 12
pin_num 5
17 26 0
23 16 0
23 0 0
11 26 0
30 19 0
Net_id 13
pin_num 5
55 3 0
54 9 0
38 0 0
25 0 0
33 7 0
Net_id 14
pin_num 5
37 23 0
34 24 0
34 30 0
38 21 0
17 24 0
Net_id 15
pin_num 5
38 47 0
36 45 0
53 46 0
50 59 0
56 54 0
Net_id 16
pin_num 5
50 33 0
53 27 0
43 33 0
28 31 0
42 25 0
Net_id 17
pin_num 5
54 1 0
51 3 0
56 8 0
43 1 0
43 19 0
Net_id 18
pin_num 5
1 31 0
2 13 0
20 29 0
21 22 0
0 32 0
Net_id 19
pin_num 4
3 15 0
7 7 0
0 0 0
0 1 0
Net_id 20
pin_num 4
22 0 0
22 10 0
5 2 0
16 8 0
Net_id 21
pin_num 4
11 54 0
3 45 0
10 45 0
10 39 0
Net_id 22
pin_num 4
13 39 0
0 43 0
6 46 0
13 34 0
Net_id 23
pin_num 4
55 45 0
43 52 0
51 53 0
52 20 0
Net_id 24
pin_num 4
57 55 0
46 50 0
44 42 0
49 54 0
Net_id 25
pin_num 4
28 10 0
35 4 0
29 30 0
10 30 0
Net_id 26
pin_num 4
47 40 0
51 48 0
36 48 0
29 58 0
Net_id 27
pin_num 4
23 8 0
17 5 0
27 21 0
31 12 0
Net_id 28
pin_num 4
0 24 0
24 20 0
24 14 0
4 17 0
Net_id 29
pin_num 4
52 38 0
46 38 0
51 47 0
59 59 0
Net_id 30
pin_num 4
37 53 0
32 51 0
43 59 0
30 55 0
Net_id 31
pin_num 4
28 41 0
17 42 0
18 48 0
8 40 0
Net_id 32
pin_num 4
26 55 0
37 57 0
48 57 0
40 38 0
Net_id 33
pin_num 4
9 40 0
21 37 0
20 44 0
5 20 0
Net_id 34
pin_num 4
55 28 0
47 17 0
48 29 0
46 12 0
Net_id 35
pin_num 4
2 17 0
3 1 0
37 2 0
1 13 0
Net_id 36
pin_num 4
57 21 0
58 17 0
49 22 0
56 32 0
Net_id 37
pin_num 4
1 23 0
9 23 0
8 32 0
0 18 0
Net_id 38
pin_num 3
58 15 0
55 22 0
57 10 0
Net_id 39
pin_num 3
34 38 0
47 53 0
25 59 0
Net_id 40
pin_num 3
16 31 0
26 13 0
19 44 0
Net_id 41
pin_num 3
17 48 0
5 46 0
0 36 0
Net_id 42
pin_num 3
57 14 0
41 4 0
27 3 0
Net_id 43
pin_num 3
18 30 0
24 23 0
11 38 0
Net_id 44
pin_num 3
2 50 0
13 50 0
0 52 0
Net_id 45
pin_num 3
43 46 0
53 59 0
45 56 0
Net_id 46
pin_num 3
8 18 0
2 4 0
24 11 0
Net_id 47
pin_num 3
31 29 0
43 42 0
59 45 0
Net_id 48
pin_num 3
18 3 0
11 4 0
24 10 0
Net_id 49
pin_num 3
57 12 0
46 23 0
56 23 0
Net_id 50
pin_num 3
19 52 0
41 56 0
13 52 0
Net_id 51
pin_num 3
15 19 0
21 4 0
28 32 0
Net_id 52
pin_num 3
8 36 0
20 54 0
45 58 0
Net_id 53
pin_num 3
58 40 0
49 41 0
56 46 0
Net_id 54
pin_num 3
23 18 0
7 24 0
16 32 0
Net_id 55
pin_num 3
24 12 0
7 30 0
14 28 0
Net_id 56
pin_num 3
16 49 0
39 56 0
44 36 0
Net_id 57
pin_num 3
55 9 0
58 20 0
55 6 0
Net_id 58
pin_num 3
13 23 0
18 20 0
11 13 0
Net_id 59
pin_num 3
32 24 0
36 30 0
4 26 0
Net_id 60
pin_num 3
25 54 0
14 59 0
20 59 0
Net_id 61
pin_num 3
1 19 0
12 19 0
14 16 0
Net_id 62
pin_num 3
29 47 0
21 53 0
11 29 0
Net_id 63
pin_num 3
41 50 0
45 51 0
42 42 0
Net_id 64
pin_num 3
5 15 0
2 31 0
6 37 0
Net_id 65
pin_num 3
23 28 0
12 14 0
17 10 0
Net_id 66
pin_num 3
33 15 0
26 16 0
11 1 0
Net_id 67
pin_num 3
21 0 0
4 13 0
8 33 0
Net_id 68
pin_num 3
44 10 0
35 10 0
30 37 0
Net_id 69
pin_num 3
44 35 0
44 24 0
33 23 0
Net_id 70
pin_num 3
40 13 0
25 35 0
3 28 0
Net_id 71
pin_num 3
22 42 0
12 27 0
12 54 0
Net_id 72
pin_num 3
47 12 0
57 23 0
58 14 0
Net_id 73
pin_num 3
12 36 0
27 16 0
1 27 0
Net_id 74
pin_num 3
3 48 0
2 32 0
21 35 0
Net_id 75
pin_num 3
47 14 0
54 8 0
19 13 0
Net_id 76
pin_num 3
39 27 0
10 33 0
32 23 0
Net_id 77
pin_num 3
14 7 0
20 3 0
2 8 0
Net_id 78
pin_num 3
18 25 0
39 29 0
20 9 0
Net_id 79
pin_num 2
19 34 0
3 26 0
Net_id 80
pin_num 2
26 32 0
23 42 0
Net_id 81
pin_num 2
8 51 0
1 50 0
Net_id 82
pin_num 2
9 29 0
1 29 0
Net_id 83
pin_num 2
4 12 0
2 2 0
Net_id 84
pin_num 2
46 6 0
44 11 0
Net_id 85
pin_num 2
47 32 0
54 32 0
Net_id 86
pin_num 2
4 58 0
1 53 0
Net_id 87
pin_num 2
43 55 0
49 43 0
Net_id 88
pin_num 2
39 57 0
23 43 0
Net_id 89
pin_num 2
3 52 0
13 43 0
Net_id 90
pin_num 2
35 22 0
21 6 0
Net_id 91
pin_num 2
20 47 0
27 50 0
Net_id 92
pin_num 2
8 14 0
5 17 0
Net_id 93
pin_num 2
19 43 0
29 54 0
Net_id 94
pin_num 2
59 55 0
58 53 0
Net_id 95
pin_num 2
18 58 0
31 42 0
Net_id 96
pin_num 2
29 14 0
21 3 0
Net_id 97
pin_num 2
57 30 0
44 28 0
Net_id 98
pin_num 2
9 57 0
12 59 0
Net_id 99
pin_num 2
13 44 0
29 41 0
Net_id 100
pin_num 2
12 53 0
31 48 0
Net_id 101
pin_num 2
17 32 0
24 31 0
Net_id 102
pin_num 2
41 47 0
58 59 0
Net_id 103
pin_num 2
51 18 0
58 27 0
Net_id 104
pin_num 2
7 38 0
32 17 0
Net_id 105
pin_num 2
10 25 0
2 42 0
Net_id 106
pin_num 2
6 13 0
9 8 0
Net_id 107
pin_num 2
53 26 0
32 34 0
Net_id 108
pin_num 2
47 13 0
57 17 0
Net_id 109
pin_num 2
5 42 0
24 22 0
Net_id 110
pin_num 2
29 44 0
53 33 0
Net_id 111
pin_num 2
31 32 0
29 40 0
Net_id 112
pin_num 2
5 30 0
4 37 0
Net_id 113
pin_num 2
46 1 0
37 12 0
Net_id 114
pin_num 2
10 27 0
2 21 0
Net_id 115
pin_num 2
48 20 0
34 19 0
Net_id 116
pin_num 2
57 46 0
58 56 0
Net_id 117
pin_num 2
46 51 0
58 50 0
Net_id 118
pin_num 2
59 29 0
53 29 0
Net_id 119
pin_num 2
47 4 0
55 14 0
Net_id 120
pin_num 2
16 29 0
3 37 0
Net_id 121
pin_num 2
24 28 0
40 1 0
Net_id 122
pin_num 2
48 3 0
55 5 0
Net_id 123
pin_num 2
19 45 0
4 56 0
Net_id 124
pin_num 2
32 6 0
29 4 0
Net_id 125
pin_num 2
44 23 0
56 37 0
Net_id 126
pin_num 2
56 5 0
49 1 0
Net_id 127
pin_num 2
55 26 0
47 36 0
Net_id 128
pin_num 2
48 6 0
58 31 0
Net_id 129
pin_num 2
49 13 0
55 27 0
Net_id 130
pin_num 2
40 57 0
53 42 0
Net_id 131
pin_num 2
59 6 0
35 24 0
Net_id 132
pin_num 2
2 34 0
19 23 0
Net_id 133
pin_num 2
25 15 0
13 22 0
Net_id 134
pin_num 2
23 2 0
30 2 0
Net_id 135
pin_num 2
26 37 0
30 39 0
Net_id 136
pin_num 2
6 36 0
7 56 0
Net_id 137
pin_num 2
35 54 0
30 47 0
Net_id 138
pin_num 2
49 58 0
53 57 0
Net_id 139
pin_num 2
34 7 0
34 6 0
Net_id 140
pin_num 2
26 46 0
23 38 0
Net_id 141
pin_num 2
35 45 0
20 57 0
Net_id 142
pin_num 2
33 3 0
26 2 0
Net_id 143
pin_num 2
49 42 0
45 38 0
Net_id 144
pin_num 2
31 56 0
15 13 0
Net_id 145
pin_num 2
20 36 0
30 40 0
Net_id 146
pin_num 2
0 47 0
17 38 0
Net_id 147
pin_num 2
38 53 0
42 53 0
Net_id 148
pin_num 2
57 13 0
42 9 0
Net_id 149
pin_num 2
25 8 0
14 24 0
Net_id 150
pin_num 2
12 10 0
20 6 0
Net_id 151
pin_num 2
30 51 0
33 51 0
Net_id 152
pin_num 2
18 52 0
2 44 0
Net_id 153
pin_num 2
26 4 0
41 18 0
Net_id 154
pin_num 2
55 36 0
47 16 0
Net_id 155
pin_num 2
5 58 0
7 57 0
Net_id 156
pin_num 2
54 57 0
54 38 0
