Width 60
Height 60
Layer 6
Total_WL 6976
Obstacle_num 144
11 40 0 18 41 0
44 52 0 51 53 0
38 2 0 46 3 0
9 47 0 17 48 0
18 13 0 27 14 0
41 12 0 44 13 0
31 43 0 36 44 0
5 8 0 11 9 0
51 46 0 54 47 0
25 48 0 35 49 0
23 23 0 33 24 0
12 24 0 21 25 0
27 4 0 37 5 0
22 57 0 29 58 0
3 14 0 11 15 0
26 30 0 30 31 0
55 14 0 59 15 0
18 21 0 26 22 0
23 47 0 32 48 0
45 11 0 51 12 0
4 30 0 14 31 0
36 8 0 43 9 0
36 22 0 40 23 0
41 5 0 48 6 0
1 48 1 2 56 1
16 23 1 17 33 1
13 16 1 14 21 1
11 6 1 12 15 1
34 31 1 35 36 1
58 4 1 59 11 1
45 2 1 46 12 1
8 33 1 9 39 1
42 29 1 43 36 1
55 32 1 56 37 1
45 13 1 46 20 1
15 5 1 16 15 1
12 46 1 13 52 1
4 17 1 5 25 1
11 21 1 12 27 1
57 4 1 58 13 1
27 8 1 28 13 1
37 29 1 38 37 1
53 41 1 54 44 1
16 48 1 17 56 1
23 33 1 24 43 1
48 42 1 49 49 1
30 33 1 31 38 1
55 22 1 56 27 1
52 11 2 56 12 2
0 47 2 8 48 2
21 25 2 31 26 2
23 23 2 31 24 2
42 26 2 52 27 2
11 14 2 20 15 2
33 2 2 42 3 2
46 45 2 55 46 2
27 40 2 31 41 2
6 24 2 15 25 2
2 34 2 7 35 2
39 27 2 43 28 2
3 35 2 10 36 2
40 9 2 45 10 2
30 16 2 40 17 2
15 28 2 23 29 2
31 14 2 35 15 2
29 44 2 32 45 2
7 32 2 17 33 2
44 4 2 49 5 2
49 3 2 59 4 2
49 52 2 54 53 2
51 37 2 54 38 2
11 30 2 19 31 2
21 47 3 22 57 3
30 6 3 31 14 3
42 7 3 43 13 3
3 45 3 4 48 3
11 21 3 12 26 3
38 21 3 39 29 3
35 17 3 36 24 3
10 4 3 11 11 3
23 3 3 24 6 3
18 54 3 19 59 3
29 17 3 30 22 3
20 34 3 21 39 3
22 25 3 23 34 3
39 17 3 40 21 3
4 41 3 5 51 3
49 43 3 50 49 3
12 29 3 13 38 3
0 39 3 1 48 3
20 10 3 21 20 3
38 29 3 39 34 3
57 34 3 58 44 3
26 4 3 27 9 3
7 47 3 8 53 3
20 40 3 21 46 3
52 54 4 55 55 4
40 49 4 44 50 4
8 51 4 12 52 4
22 21 4 30 22 4
17 26 4 23 27 4
41 47 4 51 48 4
52 46 4 57 47 4
23 3 4 30 4 4
46 31 4 51 32 4
50 10 4 55 11 4
29 1 4 38 2 4
34 46 4 39 47 4
33 16 4 43 17 4
31 13 4 35 14 4
5 55 4 11 56 4
37 27 4 40 28 4
49 0 4 57 1 4
21 35 4 24 36 4
37 13 4 41 14 4
35 8 4 38 9 4
8 18 4 17 19 4
52 48 4 55 49 4
14 48 4 17 49 4
6 23 4 10 24 4
6 28 5 7 35 5
25 22 5 26 32 5
42 35 5 43 40 5
34 22 5 35 29 5
20 5 5 21 9 5
3 23 5 4 26 5
22 34 5 23 37 5
23 34 5 24 41 5
16 1 5 17 11 5
27 19 5 28 29 5
15 21 5 16 31 5
37 28 5 38 35 5
34 33 5 35 36 5
28 34 5 29 42 5
14 25 5 15 35 5
35 42 5 36 47 5
29 40 5 30 45 5
22 10 5 23 14 5
45 35 5 46 44 5
30 9 5 31 17 5
58 53 5 59 57 5
37 48 5 38 57 5
9 41 5 10 46 5
4 37 5 5 41 5
Net_num 165
Net_id 0
pin_num 5
55 45 0
58 41 0
47 44 0
48 24 0
41 35 0
Net_id 1
pin_num 5
21 52 0
26 52 0
38 52 0
35 36 0
14 59 0
Net_id 2
pin_num 5
27 42 0
35 42 0
55 42 0
39 48 0
32 45 0
Net_id 3
pin_num 5
4 54 0
9 56 0
28 56 0
21 58 0
15 46 0
Net_id 4
pin_num 5
53 31 0
48 31 0
49 21 0
53 24 0
55 29 0
Net_id 5
pin_num 5
33 38 0
28 44 0
57 42 0
34 59 0
46 45 0
Net_id 6
pin_num 5
21 45 0
20 39 0
8 39 0
21 30 0
14 17 0
Net_id 7
pin_num 5
20 9 0
2 8 0
17 0 0
10 25 0
8 25 0
Net_id 8
pin_num 5
14 55 0
17 46 0
6 58 0
12 53 0
2 59 0
Net_id 9
pin_num 5
13 38 0
26 33 0
10 34 0
10 49 0
25 19 0
Net_id 10
pin_num 5
18 1 0
0 0 0
16 0 0
0 11 0
12 21 0
Net_id 11
pin_num 5
24 19 0
16 19 0
17 28 0
19 14 0
36 15 0
Net_id 12
pin_num 5
58 37 0
52 49 0
45 45 0
59 39 0
53 40 0
Net_id 13
pin_num 5
10 3 0
15 15 0
14 16 0
16 3 0
9 11 0
Net_id 14
pin_num 5
58 57 0
54 53 0
54 59 0
59 49 0
59 58 0
Net_id 15
pin_num 5
20 4 0
43 10 0
49 32 0
58 38 0
43 36 0
Net_id 16
pin_num 5
0 19 0
4 19 0
3 24 0
0 20 0
15 20 0
Net_id 17
pin_num 5
3 54 0
0 48 0
3 49 0
11 51 0
13 48 0
Net_id 18
pin_num 5
2 26 0
0 31 0
18 27 0
6 18 0
6 48 0
Net_id 19
pin_num 5
52 59 0
34 57 0
19 57 0
44 59 0
43 53 0
Net_id 20
pin_num 5
24 34 0
28 35 0
28 10 0
31 26 0
32 25 0
Net_id 21
pin_num 4
6 31 0
15 25 0
9 13 0
27 22 0
Net_id 22
pin_num 4
21 55 0
6 57 0
35 59 0
19 33 0
Net_id 23
pin_num 4
39 33 0
41 24 0
40 57 0
52 34 0
Net_id 24
pin_num 4
39 53 0
44 40 0
21 50 0
14 50 0
Net_id 25
pin_num 4
24 7 0
31 12 0
25 35 0
6 12 0
Net_id 26
pin_num 4
58 54 0
48 56 0
39 58 0
59 59 0
Net_id 27
pin_num 4
19 0 0
18 4 0
40 1 0
30 0 0
Net_id 28
pin_num 4
34 51 0
27 38 0
45 40 0
58 42 0
Net_id 29
pin_num 4
1 20 0
7 20 0
1 32 0
1 11 0
Net_id 30
pin_num 4
0 17 0
14 13 0
2 10 0
7 26 0
Net_id 31
pin_num 4
24 55 0
36 58 0
29 53 0
34 56 0
Net_id 32
pin_num 4
44 55 0
34 55 0
37 39 0
39 56 0
Net_id 33
pin_num 4
27 44 0
16 42 0
0 44 0
24 39 0
Net_id 34
pin_num 4
53 49 0
58 44 0
58 59 0
54 35 0
Net_id 35
pin_num 4
23 48 0
13 50 0
26 59 0
33 55 0
Net_id 36
pin_num 4
6 38 0
13 25 0
13 13 0
13 7 0
Net_id 37
pin_num 4
26 0 0
29 19 0
39 10 0
35 6 0
Net_id 38
pin_num 4
49 17 0
56 13 0
56 4 0
59 7 0
Net_id 39
pin_num 4
29 56 0
35 58 0
44 53 0
23 53 0
Net_id 40
pin_num 4
13 26 0
16 34 0
23 29 0
11 45 0
Net_id 41
pin_num 3
44 1 0
31 7 0
59 6 0
Net_id 42
pin_num 3
47 1 0
51 0 0
47 12 0
Net_id 43
pin_num 3
2 47 0
3 41 0
1 46 0
Net_id 44
pin_num 3
37 12 0
27 5 0
18 15 0
Net_id 45
pin_num 3
47 51 0
50 58 0
53 56 0
Net_id 46
pin_num 3
52 16 0
44 16 0
15 16 0
Net_id 47
pin_num 3
7 37 0
30 45 0
22 46 0
Net_id 48
pin_num 3
12 5 0
19 25 0
20 1 0
Net_id 49
pin_num 3
36 10 0
41 1 0
38 11 0
Net_id 50
pin_num 3
1 16 0
14 11 0
1 0 0
Net_id 51
pin_num 3
4 46 0
2 42 0
20 43 0
Net_id 52
pin_num 3
22 5 0
2 9 0
26 9 0
Net_id 53
pin_num 3
12 26 0
10 22 0
0 55 0
Net_id 54
pin_num 3
7 12 0
18 12 0
6 1 0
Net_id 55
pin_num 3
9 4 0
4 13 0
2 3 0
Net_id 56
pin_num 3
16 54 0
5 49 0
39 52 0
Net_id 57
pin_num 3
55 27 0
54 50 0
41 31 0
Net_id 58
pin_num 3
59 35 0
57 30 0
54 48 0
Net_id 59
pin_num 3
52 21 0
36 11 0
31 3 0
Net_id 60
pin_num 3
43 15 0
42 7 0
27 28 0
Net_id 61
pin_num 3
47 4 0
58 17 0
53 12 0
Net_id 62
pin_num 3
56 38 0
50 55 0
1 43 0
Net_id 63
pin_num 3
55 50 0
45 53 0
43 52 0
Net_id 64
pin_num 3
2 56 0
16 45 0
9 40 0
Net_id 65
pin_num 3
47 7 0
58 2 0
33 1 0
Net_id 66
pin_num 3
27 18 0
44 18 0
33 10 0
Net_id 67
pin_num 3
44 27 0
32 35 0
21 46 0
Net_id 68
pin_num 3
55 23 0
52 20 0
41 4 0
Net_id 69
pin_num 3
56 30 0
57 16 0
36 25 0
Net_id 70
pin_num 3
31 21 0
41 25 0
27 6 0
Net_id 71
pin_num 3
21 54 0
39 54 0
22 49 0
Net_id 72
pin_num 3
42 20 0
32 17 0
42 3 0
Net_id 73
pin_num 3
15 22 0
39 19 0
38 13 0
Net_id 74
pin_num 3
23 14 0
36 23 0
30 2 0
Net_id 75
pin_num 3
13 52 0
24 36 0
49 41 0
Net_id 76
pin_num 3
27 55 0
16 36 0
7 39 0
Net_id 77
pin_num 3
42 10 0
41 23 0
59 14 0
Net_id 78
pin_num 3
19 1 0
22 6 0
25 12 0
Net_id 79
pin_num 3
24 28 0
30 22 0
24 32 0
Net_id 80
pin_num 3
58 18 0
45 18 0
44 13 0
Net_id 81
pin_num 3
56 31 0
57 45 0
26 18 0
Net_id 82
pin_num 2
10 24 0
5 11 0
Net_id 83
pin_num 2
29 5 0
35 5 0
Net_id 84
pin_num 2
16 23 0
6 15 0
Net_id 85
pin_num 2
37 37 0
47 38 0
Net_id 86
pin_num 2
24 9 0
1 3 0
Net_id 87
pin_num 2
56 19 0
39 29 0
Net_id 88
pin_num 2
20 53 0
1 56 0
Net_id 89
pin_num 2
53 27 0
44 45 0
Net_id 90
pin_num 2
59 16 0
55 7 0
Net_id 91
pin_num 2
55 36 0
36 32 0
Net_id 92
pin_num 2
9 57 0
5 58 0
Net_id 93
pin_num 2
47 32 0
25 41 0
Net_id 94
pin_num 2
21 51 0
32 49 0
Net_id 95
pin_num 2
15 19 0
5 3 0
Net_id 96
pin_num 2
34 20 0
7 15 0
Net_id 97
pin_num 2
32 34 0
51 56 0
Net_id 98
pin_num 2
6 42 0
44 56 0
Net_id 99
pin_num 2
49 33 0
34 45 0
Net_id 100
pin_num 2
17 6 0
6 6 0
Net_id 101
pin_num 2
52 22 0
24 17 0
Net_id 102
pin_num 2
1 27 0
6 27 0
Net_id 103
pin_num 2
29 2 0
16 8 0
Net_id 104
pin_num 2
3 31 0
0 12 0
Net_id 105
pin_num 2
28 15 0
19 32 0
Net_id 106
pin_num 2
44 24 0
39 55 0
Net_id 107
pin_num 2
24 5 0
27 7 0
Net_id 108
pin_num 2
51 44 0
38 58 0
Net_id 109
pin_num 2
39 23 0
43 14 0
Net_id 110
pin_num 2
31 6 0
20 8 0
Net_id 111
pin_num 2
39 24 0
40 14 0
Net_id 112
pin_num 2
45 30 0
24 22 0
Net_id 113
pin_num 2
39 6 0
50 1 0
Net_id 114
pin_num 2
4 10 0
31 10 0
Net_id 115
pin_num 2
59 41 0
47 41 0
Net_id 116
pin_num 2
34 31 0
30 31 0
Net_id 117
pin_num 2
24 10 0
12 20 0
Net_id 118
pin_num 2
18 18 0
36 7 0
Net_id 119
pin_num 2
5 45 0
13 43 0
Net_id 120
pin_num 2
13 29 0
2 40 0
Net_id 121
pin_num 2
5 4 0
9 10 0
Net_id 122
pin_num 2
56 58 0
52 58 0
Net_id 123
pin_num 2
7 47 0
14 51 0
Net_id 124
pin_num 2
4 57 0
5 57 0
Net_id 125
pin_num 2
55 52 0
51 41 0
Net_id 126
pin_num 2
38 17 0
56 33 0
Net_id 127
pin_num 2
19 3 0
16 2 0
Net_id 128
pin_num 2
23 46 0
35 33 0
Net_id 129
pin_num 2
38 47 0
32 46 0
Net_id 130
pin_num 2
58 13 0
58 1 0
Net_id 131
pin_num 2
43 21 0
46 7 0
Net_id 132
pin_num 2
57 53 0
52 56 0
Net_id 133
pin_num 2
49 14 0
57 26 0
Net_id 134
pin_num 2
51 12 0
43 1 0
Net_id 135
pin_num 2
14 35 0
2 7 0
Net_id 136
pin_num 2
23 30 0
29 27 0
Net_id 137
pin_num 2
28 36 0
36 45 0
Net_id 138
pin_num 2
30 9 0
43 3 0
Net_id 139
pin_num 2
58 22 0
56 21 0
Net_id 140
pin_num 2
15 4 0
1 4 0
Net_id 141
pin_num 2
7 19 0
1 10 0
Net_id 142
pin_num 2
45 35 0
57 56 0
Net_id 143
pin_num 2
8 15 0
14 14 0
Net_id 144
pin_num 2
14 43 0
2 5 0
Net_id 145
pin_num 2
40 48 0
36 55 0
Net_id 146
pin_num 2
8 49 0
2 55 0
Net_id 147
pin_num 2
37 43 0
46 48 0
Net_id 148
pin_num 2
38 59 0
36 40 0
Net_id 149
pin_num 2
45 39 0
51 39 0
Net_id 150
pin_num 2
25 5 0
23 2 0
Net_id 151
pin_num 2
44 6 0
50 6 0
Net_id 152
pin_num 2
40 35 0
31 53 0
Net_id 153
pin_num 2
30 36 0
29 33 0
Net_id 154
pin_num 2
17 35 0
24 35 0
Net_id 155
pin_num 2
46 37 0
56 28 0
Net_id 156
pin_num 2
5 42 0
7 36 0
Net_id 157
pin_num 2
4 5 0
10 5 0
Net_id 158
pin_num 2
37 24 0
30 39 0
Net_id 159
pin_num 2
19 43 0
16 20 0
Net_id 160
pin_num 2
23 3 0
18 17 0
Net_id 161
pin_num 2
41 33 0
57 19 0
Net_id 162
pin_num 2
26 41 0
33 41 0
Net_id 163
pin_num 2
4 50 0
3 53 0
Net_id 164
pin_num 2
40 22 0
59 17 0
