Width 60
Height 60
Layer 6
Total_WL 6488
Obstacle_num 144
36 22 0 41 23 0
30 34 0 39 35 0
28 19 0 34 20 0
42 38 0 47 39 0
24 24 0 31 25 0
2 47 0 7 48 0
33 4 0 43 5 0
11 47 0 18 48 0
31 55 0 35 56 0
47 54 0 55 55 0
21 47 0 26 48 0
27 45 0 36 46 0
19 17 0 29 18 0
53 19 0 56 20 0
48 30 0 57 31 0
7 34 0 16 35 0
1 44 0 7 45 0
18 7 0 23 8 0
53 37 0 59 38 0
3 36 0 10 37 0
36 30 0 41 31 0
1 0 0 5 1 0
49 45 0 59 46 0
30 17 0 33 18 0
0 51 1 1 59 1
56 43 1 57 47 1
25 10 1 26 13 1
49 12 1 50 15 1
54 33 1 55 37 1
21 38 1 22 45 1
53 32 1 54 38 1
15 47 1 16 50 1
13 26 1 14 32 1
45 10 1 46 14 1
20 5 1 21 11 1
29 23 1 30 30 1
19 5 1 20 9 1
19 15 1 20 18 1
33 32 1 34 41 1
1 1 1 2 5 1
27 53 1 28 58 1
8 32 1 9 37 1
43 30 1 44 38 1
30 7 1 31 17 1
55 40 1 56 47 1
4 54 1 5 58 1
48 33 1 49 40 1
23 30 1 24 37 1
46 25 2 51 26 2
4 10 2 14 11 2
25 8 2 30 9 2
54 51 2 59 52 2
20 10 2 26 11 2
22 48 2 28 49 2
21 6 2 27 7 2
15 26 2 18 27 2
21 31 2 27 32 2
26 21 2 34 22 2
38 51 2 46 52 2
34 36 2 39 37 2
18 39 2 24 40 2
8 6 2 14 7 2
48 16 2 53 17 2
1 50 2 11 51 2
37 0 2 41 1 2
23 35 2 32 36 2
5 25 2 8 26 2
20 0 2 23 1 2
37 43 2 44 44 2
2 54 2 5 55 2
30 8 2 34 9 2
14 33 2 22 34 2
5 18 3 6 22 3
3 38 3 4 41 3
26 15 3 27 18 3
34 41 3 35 47 3
11 7 3 12 17 3
38 9 3 39 14 3
32 14 3 33 21 3
19 0 3 20 8 3
1 46 3 2 51 3
11 30 3 12 35 3
50 34 3 51 42 3
39 26 3 40 30 3
17 7 3 18 10 3
10 34 3 11 44 3
14 43 3 15 50 3
28 31 3 29 40 3
58 33 3 59 40 3
28 18 3 29 21 3
43 22 3 44 25 3
26 7 3 27 10 3
56 14 3 57 18 3
0 7 3 1 11 3
55 47 3 56 55 3
5 29 3 6 38 3
10 19 4 18 20 4
52 33 4 57 34 4
23 47 4 31 48 4
38 33 4 44 34 4
20 14 4 29 15 4
18 48 4 28 49 4
22 5 4 32 6 4
28 20 4 31 21 4
22 26 4 28 27 4
19 43 4 22 44 4
42 49 4 50 50 4
12 49 4 18 50 4
23 51 4 28 52 4
39 34 4 46 35 4
9 27 4 18 28 4
12 54 4 21 55 4
26 49 4 30 50 4
53 16 4 57 17 4
21 2 4 27 3 4
4 41 4 9 42 4
38 56 4 48 57 4
3 1 4 10 2 4
17 37 4 26 38 4
17 53 4 20 54 4
2 41 5 3 47 5
1 23 5 2 27 5
46 50 5 47 54 5
51 20 5 52 30 5
6 44 5 7 51 5
17 6 5 18 10 5
29 47 5 30 51 5
4 39 5 5 45 5
46 10 5 47 18 5
17 40 5 18 44 5
7 36 5 8 39 5
9 38 5 10 44 5
48 11 5 49 19 5
42 34 5 43 38 5
50 21 5 51 28 5
17 29 5 18 34 5
14 17 5 15 27 5
16 15 5 17 18 5
41 46 5 42 52 5
28 40 5 29 50 5
35 1 5 36 9 5
57 51 5 58 59 5
47 33 5 48 42 5
20 29 5 21 32 5
Net_num 157
Net_id 0
pin_num 5
19 36 0
30 36 0
22 32 0
44 36 0
33 54 0
Net_id 1
pin_num 5
50 4 0
42 7 0
41 16 0
35 12 0
59 5 0
Net_id 2
pin_num 5
40 47 0
44 47 0
44 58 0
44 59 0
49 58 0
Net_id 3
pin_num 5
2 16 0
7 16 0
15 16 0
10 0 0
12 21 0
Net_id 4
pin_num 5
35 59 0
21 54 0
17 59 0
34 58 0
55 58 0
Net_id 5
pin_num 5
42 1 0
43 12 0
37 5 0
30 3 0
38 6 0
Net_id 6
pin_num 5
20 30 0
10 30 0
15 9 0
16 46 0
11 8 0
Net_id 7
pin_num 5
51 21 0
52 24 0
59 9 0
46 9 0
30 23 0
Net_id 8
pin_num 5
58 28 0
40 31 0
32 29 0
35 26 0
59 37 0
Net_id 9
pin_num 5
41 56 0
22 56 0
16 59 0
21 35 0
24 55 0
Net_id 10
pin_num 5
43 42 0
33 49 0
41 35 0
50 44 0
49 47 0
Net_id 11
pin_num 5
22 11 0
16 17 0
27 11 0
22 13 0
29 17 0
Net_id 12
pin_num 5
20 45 0
24 51 0
47 51 0
25 33 0
17 58 0
Net_id 13
pin_num 5
45 0 0
44 10 0
26 13 0
39 10 0
30 10 0
Net_id 14
pin_num 5
40 27 0
34 38 0
14 38 0
28 28 0
18 48 0
Net_id 15
pin_num 5
56 51 0
50 51 0
59 30 0
59 14 0
41 49 0
Net_id 16
pin_num 5
56 31 0
51 44 0
59 53 0
51 12 0
52 46 0
Net_id 17
pin_num 5
27 31 0
25 28 0
12 29 0
17 22 0
16 28 0
Net_id 18
pin_num 5
56 32 0
59 26 0
53 27 0
54 32 0
42 30 0
Net_id 19
pin_num 5
37 20 0
40 21 0
41 0 0
32 6 0
21 16 0
Net_id 20
pin_num 4
19 14 0
34 17 0
23 7 0
16 27 0
Net_id 21
pin_num 4
21 29 0
23 20 0
33 25 0
14 43 0
Net_id 22
pin_num 4
14 13 0
15 31 0
6 28 0
28 11 0
Net_id 23
pin_num 4
44 2 0
31 6 0
23 0 0
18 17 0
Net_id 24
pin_num 4
5 22 0
2 13 0
1 27 0
9 13 0
Net_id 25
pin_num 4
53 8 0
48 1 0
56 1 0
59 8 0
Net_id 26
pin_num 4
8 42 0
21 37 0
5 39 0
19 53 0
Net_id 27
pin_num 4
16 21 0
10 25 0
29 30 0
5 23 0
Net_id 28
pin_num 4
9 8 0
6 15 0
8 0 0
8 13 0
Net_id 29
pin_num 4
51 47 0
56 42 0
56 25 0
42 41 0
Net_id 30
pin_num 4
14 2 0
5 0 0
6 17 0
1 16 0
Net_id 31
pin_num 4
25 49 0
23 43 0
14 49 0
16 44 0
Net_id 32
pin_num 4
6 54 0
9 47 0
0 59 0
22 46 0
Net_id 33
pin_num 4
36 8 0
33 2 0
38 7 0
31 0 0
Net_id 34
pin_num 4
58 24 0
36 45 0
46 43 0
49 28 0
Net_id 35
pin_num 4
51 13 0
31 13 0
39 25 0
26 18 0
Net_id 36
pin_num 4
32 0 0
43 14 0
49 5 0
46 0 0
Net_id 37
pin_num 4
52 57 0
57 50 0
42 50 0
51 52 0
Net_id 38
pin_num 4
50 8 0
56 13 0
52 11 0
58 0 0
Net_id 39
pin_num 4
27 5 0
30 0 0
24 9 0
32 20 0
Net_id 40
pin_num 4
14 3 0
14 11 0
22 1 0
10 7 0
Net_id 41
pin_num 3
6 32 0
2 10 0
0 44 0
Net_id 42
pin_num 3
21 25 0
32 35 0
26 49 0
Net_id 43
pin_num 3
51 10 0
45 10 0
46 37 0
Net_id 44
pin_num 3
9 35 0
9 43 0
36 41 0
Net_id 45
pin_num 3
22 0 0
16 0 0
28 4 0
Net_id 46
pin_num 3
16 51 0
7 46 0
15 46 0
Net_id 47
pin_num 3
6 20 0
17 20 0
7 26 0
Net_id 48
pin_num 3
41 50 0
27 50 0
29 42 0
Net_id 49
pin_num 3
21 1 0
9 1 0
9 3 0
Net_id 50
pin_num 3
1 42 0
17 43 0
11 50 0
Net_id 51
pin_num 3
35 6 0
38 8 0
23 14 0
Net_id 52
pin_num 3
9 50 0
13 18 0
29 31 0
Net_id 53
pin_num 3
41 27 0
48 27 0
55 29 0
Net_id 54
pin_num 3
14 33 0
2 39 0
7 14 0
Net_id 55
pin_num 3
34 48 0
39 54 0
30 53 0
Net_id 56
pin_num 3
38 9 0
24 15 0
14 7 0
Net_id 57
pin_num 3
44 33 0
32 37 0
38 18 0
Net_id 58
pin_num 3
25 2 0
2 2 0
28 12 0
Net_id 59
pin_num 3
6 24 0
10 19 0
4 21 0
Net_id 60
pin_num 3
44 39 0
36 33 0
58 43 0
Net_id 61
pin_num 3
32 5 0
30 1 0
23 15 0
Net_id 62
pin_num 3
27 39 0
12 48 0
12 13 0
Net_id 63
pin_num 3
57 35 0
56 47 0
52 59 0
Net_id 64
pin_num 3
47 57 0
56 48 0
57 39 0
Net_id 65
pin_num 3
56 46 0
55 35 0
58 17 0
Net_id 66
pin_num 3
5 25 0
8 40 0
0 24 0
Net_id 67
pin_num 3
10 12 0
21 3 0
16 12 0
Net_id 68
pin_num 3
3 7 0
17 10 0
5 8 0
Net_id 69
pin_num 3
46 28 0
22 24 0
28 29 0
Net_id 70
pin_num 3
15 40 0
6 35 0
24 26 0
Net_id 71
pin_num 3
45 44 0
40 52 0
50 50 0
Net_id 72
pin_num 3
6 4 0
0 0 0
12 11 0
Net_id 73
pin_num 3
49 24 0
24 12 0
29 6 0
Net_id 74
pin_num 3
13 53 0
24 57 0
11 57 0
Net_id 75
pin_num 3
4 6 0
20 6 0
2 3 0
Net_id 76
pin_num 2
35 21 0
28 20 0
Net_id 77
pin_num 2
22 54 0
45 59 0
Net_id 78
pin_num 2
3 14 0
4 3 0
Net_id 79
pin_num 2
25 14 0
43 25 0
Net_id 80
pin_num 2
31 23 0
33 18 0
Net_id 81
pin_num 2
1 58 0
14 46 0
Net_id 82
pin_num 2
28 55 0
32 57 0
Net_id 83
pin_num 2
33 27 0
29 27 0
Net_id 84
pin_num 2
33 6 0
52 13 0
Net_id 85
pin_num 2
13 27 0
5 30 0
Net_id 86
pin_num 2
8 25 0
48 3 0
Net_id 87
pin_num 2
38 38 0
49 42 0
Net_id 88
pin_num 2
28 6 0
28 1 0
Net_id 89
pin_num 2
30 49 0
25 52 0
Net_id 90
pin_num 2
4 19 0
0 30 0
Net_id 91
pin_num 2
18 56 0
30 52 0
Net_id 92
pin_num 2
1 47 0
11 38 0
Net_id 93
pin_num 2
58 40 0
37 52 0
Net_id 94
pin_num 2
17 30 0
12 38 0
Net_id 95
pin_num 2
58 55 0
47 59 0
Net_id 96
pin_num 2
22 42 0
14 44 0
Net_id 97
pin_num 2
55 5 0
49 11 0
Net_id 98
pin_num 2
28 33 0
47 14 0
Net_id 99
pin_num 2
47 8 0
34 5 0
Net_id 100
pin_num 2
43 11 0
23 40 0
Net_id 101
pin_num 2
28 58 0
51 48 0
Net_id 102
pin_num 2
53 52 0
55 36 0
Net_id 103
pin_num 2
3 17 0
16 15 0
Net_id 104
pin_num 2
11 14 0
16 14 0
Net_id 105
pin_num 2
7 32 0
20 26 0
Net_id 106
pin_num 2
55 17 0
53 10 0
Net_id 107
pin_num 2
28 5 0
59 3 0
Net_id 108
pin_num 2
54 11 0
49 15 0
Net_id 109
pin_num 2
31 29 0
30 35 0
Net_id 110
pin_num 2
43 35 0
28 52 0
Net_id 111
pin_num 2
43 23 0
38 23 0
Net_id 112
pin_num 2
30 20 0
33 12 0
Net_id 113
pin_num 2
18 30 0
1 34 0
Net_id 114
pin_num 2
57 36 0
47 40 0
Net_id 115
pin_num 2
35 58 0
47 55 0
Net_id 116
pin_num 2
4 50 0
1 52 0
Net_id 117
pin_num 2
40 58 0
48 59 0
Net_id 118
pin_num 2
1 24 0
10 21 0
Net_id 119
pin_num 2
47 18 0
51 5 0
Net_id 120
pin_num 2
46 32 0
42 34 0
Net_id 121
pin_num 2
47 53 0
49 59 0
Net_id 122
pin_num 2
4 35 0
22 57 0
Net_id 123
pin_num 2
28 48 0
32 49 0
Net_id 124
pin_num 2
21 15 0
13 3 0
Net_id 125
pin_num 2
34 44 0
19 45 0
Net_id 126
pin_num 2
33 32 0
20 51 0
Net_id 127
pin_num 2
50 21 0
18 4 0
Net_id 128
pin_num 2
22 35 0
33 31 0
Net_id 129
pin_num 2
24 5 0
29 1 0
Net_id 130
pin_num 2
4 56 0
1 54 0
Net_id 131
pin_num 2
5 52 0
7 57 0
Net_id 132
pin_num 2
34 47 0
40 35 0
Net_id 133
pin_num 2
19 20 0
22 23 0
Net_id 134
pin_num 2
40 34 0
20 47 0
Net_id 135
pin_num 2
45 42 0
53 59 0
Net_id 136
pin_num 2
6 38 0
16 25 0
Net_id 137
pin_num 2
19 26 0
6 22 0
Net_id 138
pin_num 2
47 33 0
55 33 0
Net_id 139
pin_num 2
25 46 0
38 52 0
Net_id 140
pin_num 2
15 59 0
4 52 0
Net_id 141
pin_num 2
2 23 0
2 26 0
Net_id 142
pin_num 2
58 58 0
47 50 0
Net_id 143
pin_num 2
20 3 0
4 9 0
Net_id 144
pin_num 2
5 49 0
13 35 0
Net_id 145
pin_num 2
24 53 0
37 49 0
Net_id 146
pin_num 2
40 57 0
23 42 0
Net_id 147
pin_num 2
43 31 0
30 6 0
Net_id 148
pin_num 2
36 38 0
59 54 0
Net_id 149
pin_num 2
35 44 0
48 51 0
Net_id 150
pin_num 2
59 18 0
51 32 0
Net_id 151
pin_num 2
41 18 0
28 22 0
Net_id 152
pin_num 2
59 15 0
54 14 0
Net_id 153
pin_num 2
1 36 0
25 55 0
Net_id 154
pin_num 2
32 48 0
20 52 0
Net_id 155
pin_num 2
5 41 0
19 24 0
Net_id 156
pin_num 2
57 26 0
56 19 0
