Width 60
Height 60
Layer 6
Total_WL 6666
Obstacle_num 144
34 11 0 43 12 0
23 4 0 31 5 0
50 57 0 58 58 0
10 40 0 19 41 0
10 53 0 17 54 0
13 45 0 20 46 0
45 37 0 54 38 0
41 36 0 48 37 0
3 21 0 13 22 0
30 0 0 39 1 0
25 36 0 32 37 0
35 38 0 41 39 0
14 30 0 17 31 0
39 48 0 42 49 0
14 27 0 24 28 0
13 1 0 19 2 0
40 32 0 43 33 0
47 48 0 57 49 0
22 48 0 27 49 0
10 37 0 18 38 0
45 17 0 51 18 0
4 2 0 7 3 0
14 26 0 24 27 0
3 1 0 8 2 0
13 49 1 14 54 1
52 30 1 53 34 1
24 21 1 25 31 1
41 25 1 42 34 1
36 11 1 37 17 1
42 2 1 43 11 1
37 17 1 38 27 1
34 33 1 35 41 1
11 8 1 12 17 1
50 27 1 51 36 1
14 22 1 15 29 1
4 26 1 5 29 1
45 19 1 46 29 1
55 38 1 56 48 1
6 25 1 7 35 1
10 27 1 11 30 1
26 27 1 27 35 1
27 24 1 28 33 1
48 17 1 49 23 1
31 43 1 32 52 1
3 22 1 4 27 1
15 5 1 16 15 1
11 46 1 12 50 1
51 8 1 52 18 1
30 54 2 36 55 2
52 2 2 55 3 2
22 9 2 25 10 2
8 54 2 14 55 2
15 11 2 24 12 2
12 40 2 16 41 2
34 33 2 40 34 2
39 34 2 46 35 2
32 12 2 37 13 2
52 29 2 57 30 2
10 5 2 13 6 2
23 17 2 31 18 2
5 47 2 11 48 2
17 8 2 25 9 2
19 53 2 28 54 2
51 15 2 59 16 2
23 34 2 27 35 2
27 51 2 33 52 2
44 1 2 53 2 2
38 16 2 41 17 2
31 28 2 38 29 2
11 6 2 20 7 2
12 17 2 15 18 2
15 16 2 18 17 2
5 46 3 6 54 3
10 26 3 11 34 3
58 14 3 59 19 3
39 11 3 40 17 3
58 3 3 59 13 3
8 21 3 9 29 3
44 23 3 45 32 3
46 10 3 47 17 3
38 45 3 39 53 3
15 51 3 16 57 3
53 16 3 54 20 3
20 1 3 21 7 3
44 5 3 45 15 3
23 3 3 24 6 3
17 43 3 18 49 3
50 17 3 51 24 3
48 28 3 49 32 3
57 45 3 58 50 3
14 40 3 15 47 3
29 27 3 30 36 3
9 28 3 10 37 3
56 52 3 57 56 3
38 4 3 39 9 3
18 38 3 19 41 3
27 44 4 34 45 4
2 14 4 5 15 4
34 8 4 40 9 4
19 39 4 27 40 4
19 43 4 25 44 4
3 26 4 7 27 4
42 3 4 47 4 4
15 6 4 19 7 4
45 27 4 52 28 4
11 30 4 14 31 4
40 25 4 46 26 4
47 55 4 55 56 4
28 24 4 31 25 4
7 57 4 14 58 4
16 51 4 22 52 4
4 43 4 7 44 4
1 42 4 11 43 4
4 25 4 11 26 4
51 2 4 58 3 4
51 15 4 54 16 4
52 10 4 59 11 4
30 42 4 38 43 4
24 48 4 32 49 4
49 0 4 56 1 4
19 38 5 20 42 5
36 37 5 37 40 5
26 3 5 27 11 5
42 51 5 43 58 5
24 4 5 25 11 5
41 1 5 42 8 5
40 50 5 41 59 5
8 8 5 9 17 5
36 19 5 37 28 5
38 35 5 39 41 5
43 22 5 44 31 5
38 14 5 39 18 5
18 8 5 19 12 5
8 40 5 9 48 5
31 39 5 32 49 5
27 21 5 28 26 5
41 54 5 42 57 5
15 41 5 16 49 5
13 23 5 14 33 5
36 44 5 37 50 5
2 51 5 3 57 5
10 5 5 11 14 5
16 18 5 17 25 5
48 20 5 49 29 5
Net_num 157
Net_id 0
pin_num 5
16 9 0
3 6 0
0 3 0
26 1 0
39 0 0
Net_id 1
pin_num 5
42 30 0
31 30 0
37 33 0
33 50 0
38 27 0
Net_id 2
pin_num 5
35 24 0
29 24 0
5 24 0
34 2 0
31 19 0
Net_id 3
pin_num 5
27 28 0
31 28 0
6 28 0
7 48 0
0 46 0
Net_id 4
pin_num 5
42 21 0
53 25 0
41 21 0
46 9 0
59 14 0
Net_id 5
pin_num 5
38 16 0
41 24 0
50 22 0
19 22 0
48 0 0
Net_id 6
pin_num 5
25 15 0
43 14 0
25 0 0
46 0 0
29 9 0
Net_id 7
pin_num 5
56 19 0
51 19 0
52 8 0
55 16 0
59 17 0
Net_id 8
pin_num 5
9 4 0
8 2 0
19 0 0
22 8 0
3 3 0
Net_id 9
pin_num 5
49 59 0
53 59 0
35 59 0
41 46 0
43 51 0
Net_id 10
pin_num 5
54 0 0
58 6 0
57 10 0
58 25 0
47 13 0
Net_id 11
pin_num 5
54 13 0
45 4 0
42 6 0
38 4 0
53 18 0
Net_id 12
pin_num 5
46 2 0
41 2 0
44 18 0
47 0 0
37 4 0
Net_id 13
pin_num 5
48 41 0
45 48 0
59 48 0
59 26 0
59 41 0
Net_id 14
pin_num 5
27 46 0
35 35 0
41 38 0
59 37 0
44 34 0
Net_id 15
pin_num 5
59 29 0
54 28 0
42 37 0
53 26 0
48 31 0
Net_id 16
pin_num 5
38 10 0
42 10 0
39 7 0
33 8 0
40 24 0
Net_id 17
pin_num 5
4 35 0
5 20 0
0 39 0
21 20 0
19 11 0
Net_id 18
pin_num 5
55 51 0
59 58 0
42 53 0
36 54 0
41 39 0
Net_id 19
pin_num 5
5 6 0
11 6 0
1 9 0
2 1 0
21 7 0
Net_id 20
pin_num 4
48 26 0
47 8 0
59 10 0
41 9 0
Net_id 21
pin_num 4
23 11 0
17 3 0
20 14 0
36 14 0
Net_id 22
pin_num 4
50 53 0
43 43 0
48 46 0
54 46 0
Net_id 23
pin_num 4
34 44 0
43 44 0
28 55 0
57 49 0
Net_id 24
pin_num 4
51 47 0
45 51 0
49 31 0
59 23 0
Net_id 25
pin_num 4
44 29 0
59 22 0
51 36 0
48 23 0
Net_id 26
pin_num 4
49 36 0
50 41 0
40 36 0
46 45 0
Net_id 27
pin_num 4
40 43 0
54 36 0
54 26 0
52 20 0
Net_id 28
pin_num 4
55 39 0
39 37 0
43 20 0
56 58 0
Net_id 29
pin_num 4
10 52 0
0 59 0
17 54 0
9 31 0
Net_id 30
pin_num 4
36 37 0
27 42 0
33 26 0
25 32 0
Net_id 31
pin_num 4
56 46 0
56 50 0
34 59 0
35 51 0
Net_id 32
pin_num 4
54 52 0
57 45 0
55 55 0
57 42 0
Net_id 33
pin_num 4
56 23 0
49 8 0
35 17 0
43 11 0
Net_id 34
pin_num 4
2 23 0
1 17 0
0 32 0
3 42 0
Net_id 35
pin_num 4
46 19 0
50 26 0
51 7 0
28 20 0
Net_id 36
pin_num 4
23 5 0
35 2 0
47 5 0
31 3 0
Net_id 37
pin_num 4
58 12 0
46 12 0
39 13 0
26 13 0
Net_id 38
pin_num 4
37 6 0
24 2 0
38 1 0
57 19 0
Net_id 39
pin_num 4
4 48 0
2 45 0
2 55 0
4 45 0
Net_id 40
pin_num 3
52 25 0
36 35 0
56 18 0
Net_id 41
pin_num 3
20 12 0
23 13 0
20 6 0
Net_id 42
pin_num 3
24 12 0
41 14 0
39 24 0
Net_id 43
pin_num 3
59 21 0
56 24 0
33 23 0
Net_id 44
pin_num 3
24 37 0
38 12 0
59 18 0
Net_id 45
pin_num 3
19 29 0
28 21 0
23 0 0
Net_id 46
pin_num 3
17 47 0
8 44 0
12 8 0
Net_id 47
pin_num 3
9 33 0
22 34 0
13 39 0
Net_id 48
pin_num 3
50 44 0
43 50 0
51 58 0
Net_id 49
pin_num 3
4 6 0
10 8 0
7 2 0
Net_id 50
pin_num 3
28 23 0
35 19 0
32 47 0
Net_id 51
pin_num 3
14 19 0
4 23 0
1 10 0
Net_id 52
pin_num 3
27 41 0
42 29 0
52 24 0
Net_id 53
pin_num 3
16 41 0
5 39 0
26 33 0
Net_id 54
pin_num 3
13 6 0
9 27 0
46 10 0
Net_id 55
pin_num 3
33 10 0
29 17 0
50 3 0
Net_id 56
pin_num 3
59 13 0
40 2 0
56 5 0
Net_id 57
pin_num 3
50 56 0
37 58 0
44 54 0
Net_id 58
pin_num 3
52 51 0
37 56 0
44 57 0
Net_id 59
pin_num 3
55 1 0
56 14 0
49 4 0
Net_id 60
pin_num 3
20 21 0
9 25 0
35 34 0
Net_id 61
pin_num 3
12 25 0
6 48 0
0 15 0
Net_id 62
pin_num 3
14 29 0
2 29 0
3 40 0
Net_id 63
pin_num 3
47 31 0
37 40 0
19 31 0
Net_id 64
pin_num 3
5 40 0
1 58 0
9 59 0
Net_id 65
pin_num 3
6 58 0
11 59 0
26 55 0
Net_id 66
pin_num 3
8 43 0
4 41 0
7 27 0
Net_id 67
pin_num 3
2 16 0
18 15 0
17 22 0
Net_id 68
pin_num 3
39 25 0
48 15 0
59 27 0
Net_id 69
pin_num 3
31 52 0
16 34 0
58 58 0
Net_id 70
pin_num 3
17 11 0
33 1 0
43 3 0
Net_id 71
pin_num 3
14 57 0
8 57 0
23 45 0
Net_id 72
pin_num 3
24 20 0
1 14 0
1 27 0
Net_id 73
pin_num 3
43 32 0
52 46 0
40 39 0
Net_id 74
pin_num 3
5 36 0
18 35 0
15 42 0
Net_id 75
pin_num 3
6 32 0
5 55 0
22 38 0
Net_id 76
pin_num 3
28 38 0
29 22 0
50 11 0
Net_id 77
pin_num 2
52 4 0
54 20 0
Net_id 78
pin_num 2
28 29 0
46 40 0
Net_id 79
pin_num 2
22 25 0
7 17 0
Net_id 80
pin_num 2
33 48 0
35 27 0
Net_id 81
pin_num 2
13 11 0
7 3 0
Net_id 82
pin_num 2
37 47 0
21 59 0
Net_id 83
pin_num 2
18 13 0
31 2 0
Net_id 84
pin_num 2
21 33 0
28 30 0
Net_id 85
pin_num 2
16 39 0
28 35 0
Net_id 86
pin_num 2
21 36 0
22 30 0
Net_id 87
pin_num 2
14 47 0
6 47 0
Net_id 88
pin_num 2
12 34 0
2 44 0
Net_id 89
pin_num 2
44 27 0
50 16 0
Net_id 90
pin_num 2
49 1 0
40 27 0
Net_id 91
pin_num 2
49 18 0
48 20 0
Net_id 92
pin_num 2
50 27 0
31 41 0
Net_id 93
pin_num 2
8 9 0
5 26 0
Net_id 94
pin_num 2
19 50 0
34 47 0
Net_id 95
pin_num 2
56 8 0
56 7 0
Net_id 96
pin_num 2
50 14 0
57 17 0
Net_id 97
pin_num 2
16 59 0
5 58 0
Net_id 98
pin_num 2
50 46 0
31 42 0
Net_id 99
pin_num 2
59 56 0
49 57 0
Net_id 100
pin_num 2
43 12 0
25 3 0
Net_id 101
pin_num 2
12 55 0
2 57 0
Net_id 102
pin_num 2
26 8 0
12 39 0
Net_id 103
pin_num 2
18 46 0
30 59 0
Net_id 104
pin_num 2
40 56 0
35 50 0
Net_id 105
pin_num 2
5 46 0
1 57 0
Net_id 106
pin_num 2
7 5 0
25 6 0
Net_id 107
pin_num 2
19 12 0
3 27 0
Net_id 108
pin_num 2
18 49 0
3 56 0
Net_id 109
pin_num 2
25 52 0
45 42 0
Net_id 110
pin_num 2
27 49 0
18 53 0
Net_id 111
pin_num 2
36 57 0
23 37 0
Net_id 112
pin_num 2
7 11 0
19 5 0
Net_id 113
pin_num 2
12 27 0
20 36 0
Net_id 114
pin_num 2
40 42 0
34 58 0
Net_id 115
pin_num 2
22 49 0
25 53 0
Net_id 116
pin_num 2
44 30 0
55 28 0
Net_id 117
pin_num 2
2 59 0
0 45 0
Net_id 118
pin_num 2
20 37 0
1 28 0
Net_id 119
pin_num 2
7 10 0
45 3 0
Net_id 120
pin_num 2
26 45 0
34 45 0
Net_id 121
pin_num 2
48 54 0
57 44 0
Net_id 122
pin_num 2
46 56 0
59 42 0
Net_id 123
pin_num 2
40 41 0
57 30 0
Net_id 124
pin_num 2
4 50 0
11 50 0
Net_id 125
pin_num 2
48 40 0
32 21 0
Net_id 126
pin_num 2
10 13 0
22 23 0
Net_id 127
pin_num 2
36 17 0
38 21 0
Net_id 128
pin_num 2
47 52 0
39 47 0
Net_id 129
pin_num 2
47 57 0
35 49 0
Net_id 130
pin_num 2
27 34 0
15 46 0
Net_id 131
pin_num 2
43 58 0
38 57 0
Net_id 132
pin_num 2
2 15 0
19 30 0
Net_id 133
pin_num 2
2 49 0
12 51 0
Net_id 134
pin_num 2
49 52 0
53 52 0
Net_id 135
pin_num 2
57 28 0
55 25 0
Net_id 136
pin_num 2
3 10 0
6 8 0
Net_id 137
pin_num 2
6 51 0
39 41 0
Net_id 138
pin_num 2
40 9 0
16 6 0
Net_id 139
pin_num 2
22 29 0
30 30 0
Net_id 140
pin_num 2
27 33 0
40 26 0
Net_id 141
pin_num 2
34 17 0
26 16 0
Net_id 142
pin_num 2
35 43 0
24 45 0
Net_id 143
pin_num 2
4 18 0
26 11 0
Net_id 144
pin_num 2
32 50 0
26 50 0
Net_id 145
pin_num 2
30 45 0
21 23 0
Net_id 146
pin_num 2
10 34 0
6 23 0
Net_id 147
pin_num 2
35 21 0
36 19 0
Net_id 148
pin_num 2
31 11 0
39 1 0
Net_id 149
pin_num 2
42 55 0
45 55 0
Net_id 150
pin_num 2
24 11 0
9 12 0
Net_id 151
pin_num 2
34 40 0
3 50 0
Net_id 152
pin_num 2
5 13 0
2 27 0
Net_id 153
pin_num 2
17 13 0
16 29 0
Net_id 154
pin_num 2
22 18 0
15 43 0
Net_id 155
pin_num 2
50 15 0
54 18 0
Net_id 156
pin_num 2
2 4 0
14 3 0
