Width 60
Height 60
Layer 6
Total_WL 6752
Obstacle_num 144
53 25 0 58 26 0
44 8 0 47 9 0
44 19 0 48 20 0
42 57 0 50 58 0
10 52 0 16 53 0
52 50 0 55 51 0
23 54 0 29 55 0
45 49 0 54 50 0
40 40 0 45 41 0
24 35 0 34 36 0
38 32 0 42 33 0
2 6 0 9 7 0
22 21 0 26 22 0
2 23 0 8 24 0
48 1 0 55 2 0
52 31 0 56 32 0
35 28 0 44 29 0
44 52 0 51 53 0
47 15 0 57 16 0
13 45 0 19 46 0
10 15 0 18 16 0
53 39 0 56 40 0
41 14 0 45 15 0
41 17 0 48 18 0
28 5 1 29 10 1
21 53 1 22 56 1
58 23 1 59 33 1
25 38 1 26 46 1
56 40 1 57 49 1
11 15 1 12 21 1
41 16 1 42 21 1
11 26 1 12 31 1
42 49 1 43 59 1
8 19 1 9 29 1
49 0 1 50 10 1
32 19 1 33 24 1
45 49 1 46 59 1
33 52 1 34 57 1
38 2 1 39 9 1
36 49 1 37 53 1
51 19 1 52 23 1
56 9 1 57 12 1
9 39 1 10 45 1
6 44 1 7 53 1
5 8 1 6 14 1
29 9 1 30 17 1
41 2 1 42 9 1
29 36 1 30 44 1
1 30 2 7 31 2
36 0 2 41 1 2
15 27 2 25 28 2
49 9 2 52 10 2
20 48 2 30 49 2
29 15 2 34 16 2
45 36 2 48 37 2
32 38 2 39 39 2
49 3 2 53 4 2
25 52 2 32 53 2
36 51 2 39 52 2
15 44 2 25 45 2
8 14 2 15 15 2
24 31 2 31 32 2
39 49 2 46 50 2
39 41 2 45 42 2
9 47 2 16 48 2
12 8 2 21 9 2
21 54 2 31 55 2
17 4 2 25 5 2
9 4 2 15 5 2
23 50 2 33 51 2
30 9 2 36 10 2
3 37 2 12 38 2
38 40 3 39 50 3
13 41 3 14 50 3
43 11 3 44 20 3
8 0 3 9 10 3
15 0 3 16 5 3
1 17 3 2 25 3
23 36 3 24 44 3
13 35 3 14 38 3
51 41 3 52 45 3
19 11 3 20 15 3
54 30 3 55 38 3
53 45 3 54 49 3
49 22 3 50 31 3
39 43 3 40 49 3
30 6 3 31 9 3
32 9 3 33 19 3
36 16 3 37 22 3
29 26 3 30 31 3
38 18 3 39 21 3
25 42 3 26 46 3
27 11 3 28 15 3
16 6 3 17 15 3
46 16 3 47 22 3
2 19 3 3 29 3
13 7 4 23 8 4
24 31 4 33 32 4
45 47 4 52 48 4
19 53 4 28 54 4
11 45 4 18 46 4
6 25 4 12 26 4
47 3 4 51 4 4
0 16 4 9 17 4
46 14 4 56 15 4
11 29 4 14 30 4
38 42 4 43 43 4
43 6 4 48 7 4
20 17 4 24 18 4
27 35 4 34 36 4
5 47 4 12 48 4
41 34 4 44 35 4
38 32 4 47 33 4
34 33 4 40 34 4
29 11 4 33 12 4
1 19 4 9 20 4
51 38 4 57 39 4
16 58 4 22 59 4
30 41 4 40 42 4
21 14 4 27 15 4
39 12 5 40 15 5
32 0 5 33 3 5
52 41 5 53 50 5
23 13 5 24 16 5
18 50 5 19 55 5
11 19 5 12 25 5
34 0 5 35 3 5
55 42 5 56 50 5
8 19 5 9 27 5
0 35 5 1 45 5
9 27 5 10 36 5
4 36 5 5 43 5
7 32 5 8 39 5
20 6 5 21 15 5
29 51 5 30 55 5
22 16 5 23 24 5
47 0 5 48 4 5
45 26 5 46 31 5
51 4 5 52 14 5
34 48 5 35 57 5
55 26 5 56 32 5
5 25 5 6 34 5
37 20 5 38 26 5
47 10 5 48 17 5
Net_num 158
Net_id 0
pin_num 5
34 22 0
13 22 0
27 17 0
17 7 0
10 19 0
Net_id 1
pin_num 5
17 52 0
16 39 0
11 39 0
19 44 0
27 41 0
Net_id 2
pin_num 5
25 43 0
11 38 0
11 49 0
3 39 0
11 59 0
Net_id 3
pin_num 5
7 45 0
1 45 0
0 31 0
4 40 0
1 32 0
Net_id 4
pin_num 5
4 1 0
10 3 0
1 6 0
9 9 0
28 0 0
Net_id 5
pin_num 5
10 8 0
7 10 0
14 10 0
9 15 0
28 4 0
Net_id 6
pin_num 5
21 40 0
15 50 0
21 21 0
21 4 0
31 24 0
Net_id 7
pin_num 5
26 17 0
26 14 0
26 28 0
14 20 0
42 20 0
Net_id 8
pin_num 5
33 57 0
39 56 0
32 59 0
53 59 0
51 55 0
Net_id 9
pin_num 5
45 6 0
35 2 0
36 15 0
55 2 0
18 13 0
Net_id 10
pin_num 5
45 27 0
38 17 0
54 20 0
42 42 0
29 21 0
Net_id 11
pin_num 5
30 36 0
14 34 0
35 37 0
16 55 0
15 36 0
Net_id 12
pin_num 5
40 1 0
33 1 0
12 1 0
20 0 0
20 14 0
Net_id 13
pin_num 5
14 56 0
0 50 0
0 54 0
2 55 0
13 38 0
Net_id 14
pin_num 5
21 56 0
8 58 0
25 51 0
10 45 0
9 51 0
Net_id 15
pin_num 5
16 47 0
9 50 0
19 46 0
18 48 0
5 46 0
Net_id 16
pin_num 5
2 57 0
4 58 0
4 47 0
15 57 0
14 51 0
Net_id 17
pin_num 5
41 35 0
28 41 0
29 59 0
12 55 0
32 34 0
Net_id 18
pin_num 5
19 37 0
14 49 0
12 22 0
0 28 0
24 37 0
Net_id 19
pin_num 4
15 41 0
12 43 0
2 43 0
10 58 0
Net_id 20
pin_num 4
35 48 0
20 53 0
11 36 0
21 46 0
Net_id 21
pin_num 4
2 27 0
1 47 0
2 58 0
19 57 0
Net_id 22
pin_num 4
9 3 0
17 2 0
41 0 0
47 6 0
Net_id 23
pin_num 4
35 44 0
39 40 0
35 58 0
12 45 0
Net_id 24
pin_num 4
15 5 0
16 13 0
0 11 0
25 8 0
Net_id 25
pin_num 4
38 42 0
41 39 0
43 21 0
50 25 0
Net_id 26
pin_num 4
23 48 0
16 57 0
3 53 0
17 32 0
Net_id 27
pin_num 4
27 9 0
18 16 0
27 5 0
22 14 0
Net_id 28
pin_num 4
34 46 0
31 59 0
9 46 0
16 50 0
Net_id 29
pin_num 4
50 27 0
46 24 0
46 0 0
59 16 0
Net_id 30
pin_num 4
53 5 0
48 7 0
59 7 0
58 6 0
Net_id 31
pin_num 4
57 50 0
59 58 0
34 53 0
22 54 0
Net_id 32
pin_num 4
28 43 0
26 46 0
40 43 0
31 57 0
Net_id 33
pin_num 4
56 28 0
48 28 0
53 42 0
34 30 0
Net_id 34
pin_num 4
58 17 0
54 17 0
59 8 0
34 2 0
Net_id 35
pin_num 4
38 9 0
30 18 0
37 29 0
25 26 0
Net_id 36
pin_num 4
19 33 0
12 37 0
17 14 0
28 18 0
Net_id 37
pin_num 4
41 13 0
44 23 0
59 15 0
58 16 0
Net_id 38
pin_num 4
49 5 0
37 7 0
44 20 0
59 20 0
Net_id 39
pin_num 4
49 47 0
43 54 0
54 59 0
51 52 0
Net_id 40
pin_num 3
6 22 0
3 14 0
12 2 0
Net_id 41
pin_num 3
2 18 0
22 3 0
29 19 0
Net_id 42
pin_num 3
16 23 0
43 26 0
37 18 0
Net_id 43
pin_num 3
8 15 0
2 15 0
0 23 0
Net_id 44
pin_num 3
13 31 0
29 49 0
14 43 0
Net_id 45
pin_num 3
1 30 0
9 30 0
24 15 0
Net_id 46
pin_num 3
57 6 0
54 9 0
55 21 0
Net_id 47
pin_num 3
52 35 0
54 49 0
56 34 0
Net_id 48
pin_num 3
25 40 0
45 40 0
44 43 0
Net_id 49
pin_num 3
28 56 0
30 47 0
58 53 0
Net_id 50
pin_num 3
53 58 0
52 57 0
57 49 0
Net_id 51
pin_num 3
31 45 0
32 28 0
36 37 0
Net_id 52
pin_num 3
13 36 0
30 28 0
17 28 0
Net_id 53
pin_num 3
37 24 0
51 11 0
35 24 0
Net_id 54
pin_num 3
34 42 0
14 54 0
8 45 0
Net_id 55
pin_num 3
54 5 0
56 20 0
39 11 0
Net_id 56
pin_num 3
14 2 0
6 7 0
2 20 0
Net_id 57
pin_num 3
38 20 0
34 15 0
35 16 0
Net_id 58
pin_num 3
43 19 0
34 24 0
21 27 0
Net_id 59
pin_num 3
16 25 0
0 22 0
33 50 0
Net_id 60
pin_num 3
34 54 0
39 39 0
18 57 0
Net_id 61
pin_num 3
38 58 0
49 55 0
34 50 0
Net_id 62
pin_num 3
19 9 0
32 24 0
23 33 0
Net_id 63
pin_num 3
25 49 0
35 39 0
50 57 0
Net_id 64
pin_num 3
11 51 0
27 57 0
17 48 0
Net_id 65
pin_num 3
24 58 0
6 56 0
17 55 0
Net_id 66
pin_num 3
3 29 0
13 27 0
14 24 0
Net_id 67
pin_num 3
58 32 0
52 25 0
51 36 0
Net_id 68
pin_num 3
2 10 0
7 8 0
6 24 0
Net_id 69
pin_num 3
35 11 0
34 3 0
28 5 0
Net_id 70
pin_num 3
14 3 0
12 6 0
19 6 0
Net_id 71
pin_num 3
13 54 0
1 53 0
3 38 0
Net_id 72
pin_num 3
19 54 0
3 48 0
14 32 0
Net_id 73
pin_num 3
8 17 0
1 25 0
3 9 0
Net_id 74
pin_num 3
58 14 0
46 14 0
45 5 0
Net_id 75
pin_num 3
57 47 0
59 50 0
52 58 0
Net_id 76
pin_num 3
45 42 0
50 39 0
40 45 0
Net_id 77
pin_num 3
20 29 0
3 34 0
4 44 0
Net_id 78
pin_num 3
4 51 0
14 55 0
1 12 0
Net_id 79
pin_num 3
33 9 0
32 2 0
51 0 0
Net_id 80
pin_num 3
24 16 0
19 28 0
14 23 0
Net_id 81
pin_num 2
51 31 0
47 31 0
Net_id 82
pin_num 2
46 40 0
54 24 0
Net_id 83
pin_num 2
34 14 0
11 5 0
Net_id 84
pin_num 2
26 49 0
34 32 0
Net_id 85
pin_num 2
28 52 0
18 55 0
Net_id 86
pin_num 2
41 15 0
32 3 0
Net_id 87
pin_num 2
30 29 0
25 33 0
Net_id 88
pin_num 2
58 28 0
50 29 0
Net_id 89
pin_num 2
58 54 0
36 48 0
Net_id 90
pin_num 2
42 51 0
33 58 0
Net_id 91
pin_num 2
30 44 0
34 33 0
Net_id 92
pin_num 2
33 14 0
27 16 0
Net_id 93
pin_num 2
43 41 0
54 30 0
Net_id 94
pin_num 2
31 28 0
5 14 0
Net_id 95
pin_num 2
47 33 0
57 16 0
Net_id 96
pin_num 2
29 51 0
26 58 0
Net_id 97
pin_num 2
38 7 0
29 6 0
Net_id 98
pin_num 2
37 34 0
58 49 0
Net_id 99
pin_num 2
16 34 0
10 36 0
Net_id 100
pin_num 2
54 38 0
57 34 0
Net_id 101
pin_num 2
26 25 0
17 21 0
Net_id 102
pin_num 2
16 38 0
18 34 0
Net_id 103
pin_num 2
27 10 0
35 18 0
Net_id 104
pin_num 2
11 41 0
2 44 0
Net_id 105
pin_num 2
42 19 0
30 24 0
Net_id 106
pin_num 2
17 16 0
2 19 0
Net_id 107
pin_num 2
24 32 0
18 30 0
Net_id 108
pin_num 2
27 32 0
43 38 0
Net_id 109
pin_num 2
0 21 0
26 10 0
Net_id 110
pin_num 2
11 55 0
0 56 0
Net_id 111
pin_num 2
12 18 0
5 31 0
Net_id 112
pin_num 2
53 24 0
47 37 0
Net_id 113
pin_num 2
39 50 0
55 58 0
Net_id 114
pin_num 2
37 27 0
40 25 0
Net_id 115
pin_num 2
5 51 0
7 39 0
Net_id 116
pin_num 2
18 51 0
22 51 0
Net_id 117
pin_num 2
40 48 0
33 39 0
Net_id 118
pin_num 2
25 5 0
18 5 0
Net_id 119
pin_num 2
42 27 0
28 17 0
Net_id 120
pin_num 2
14 5 0
7 12 0
Net_id 121
pin_num 2
38 51 0
45 48 0
Net_id 122
pin_num 2
18 21 0
32 4 0
Net_id 123
pin_num 2
5 3 0
10 9 0
Net_id 124
pin_num 2
40 3 0
53 26 0
Net_id 125
pin_num 2
32 37 0
48 21 0
Net_id 126
pin_num 2
49 38 0
36 24 0
Net_id 127
pin_num 2
53 30 0
46 42 0
Net_id 128
pin_num 2
57 37 0
56 32 0
Net_id 129
pin_num 2
37 32 0
26 39 0
Net_id 130
pin_num 2
29 34 0
33 44 0
Net_id 131
pin_num 2
58 10 0
48 26 0
Net_id 132
pin_num 2
17 49 0
24 57 0
Net_id 133
pin_num 2
44 5 0
37 5 0
Net_id 134
pin_num 2
59 40 0
48 32 0
Net_id 135
pin_num 2
6 12 0
6 2 0
Net_id 136
pin_num 2
31 0 0
15 14 0
Net_id 137
pin_num 2
17 47 0
27 47 0
Net_id 138
pin_num 2
48 13 0
54 23 0
Net_id 139
pin_num 2
13 34 0
9 45 0
Net_id 140
pin_num 2
46 39 0
49 43 0
Net_id 141
pin_num 2
54 48 0
41 44 0
Net_id 142
pin_num 2
29 9 0
32 15 0
Net_id 143
pin_num 2
28 26 0
45 33 0
Net_id 144
pin_num 2
6 20 0
37 25 0
Net_id 145
pin_num 2
44 12 0
24 7 0
Net_id 146
pin_num 2
31 15 0
24 6 0
Net_id 147
pin_num 2
57 46 0
53 43 0
Net_id 148
pin_num 2
49 35 0
52 38 0
Net_id 149
pin_num 2
22 36 0
20 57 0
Net_id 150
pin_num 2
30 46 0
20 45 0
Net_id 151
pin_num 2
17 24 0
40 13 0
Net_id 152
pin_num 2
26 55 0
33 55 0
Net_id 153
pin_num 2
59 41 0
41 54 0
Net_id 154
pin_num 2
42 37 0
34 55 0
Net_id 155
pin_num 2
34 44 0
21 52 0
Net_id 156
pin_num 2
32 8 0
39 9 0
Net_id 157
pin_num 2
56 19 0
51 39 0
