Width 60
Height 60
Layer 6
Total_WL 6781
Obstacle_num 144
39 30 0 44 31 0
42 33 0 47 34 0
5 51 0 14 52 0
10 13 0 13 14 0
41 29 0 46 30 0
37 36 0 46 37 0
21 10 0 25 11 0
28 12 0 36 13 0
0 44 0 5 45 0
14 52 0 20 53 0
36 56 0 41 57 0
51 2 0 55 3 0
45 28 0 52 29 0
33 24 0 41 25 0
34 58 0 41 59 0
7 42 0 13 43 0
24 36 0 34 37 0
38 50 0 45 51 0
9 35 0 14 36 0
40 54 0 48 55 0
46 47 0 54 48 0
12 17 0 20 18 0
36 16 0 43 17 0
53 7 0 58 8 0
33 15 1 34 19 1
55 30 1 56 36 1
50 41 1 51 49 1
37 20 1 38 23 1
57 3 1 58 8 1
54 48 1 55 58 1
3 11 1 4 16 1
46 38 1 47 48 1
14 32 1 15 35 1
54 10 1 55 13 1
44 48 1 45 52 1
40 39 1 41 49 1
11 14 1 12 17 1
40 4 1 41 11 1
30 37 1 31 44 1
20 11 1 21 15 1
6 32 1 7 42 1
13 49 1 14 57 1
31 46 1 32 54 1
30 27 1 31 32 1
58 6 1 59 15 1
39 18 1 40 26 1
57 20 1 58 26 1
39 1 1 40 10 1
52 17 2 59 18 2
12 16 2 17 17 2
16 13 2 25 14 2
17 28 2 25 29 2
15 9 2 19 10 2
14 24 2 24 25 2
13 18 2 21 19 2
43 27 2 52 28 2
38 39 2 43 40 2
13 43 2 19 44 2
3 17 2 13 18 2
33 17 2 36 18 2
31 56 2 39 57 2
26 22 2 29 23 2
37 28 2 42 29 2
33 15 2 43 16 2
35 32 2 44 33 2
0 10 2 5 11 2
18 45 2 23 46 2
15 5 2 20 6 2
10 45 2 15 46 2
54 38 2 59 39 2
11 34 2 20 35 2
21 41 2 28 42 2
51 25 3 52 31 3
25 45 3 26 54 3
50 18 3 51 28 3
32 31 3 33 37 3
46 37 3 47 41 3
43 32 3 44 39 3
33 45 3 34 54 3
43 51 3 44 59 3
7 9 3 8 18 3
55 39 3 56 42 3
3 39 3 4 43 3
5 25 3 6 32 3
5 33 3 6 37 3
29 3 3 30 12 3
33 31 3 34 36 3
29 14 3 30 20 3
37 4 3 38 7 3
14 48 3 15 51 3
14 18 3 15 28 3
11 28 3 12 38 3
31 7 3 32 16 3
51 37 3 52 47 3
5 2 3 6 7 3
33 0 3 34 8 3
21 10 4 25 11 4
14 37 4 23 38 4
8 10 4 18 11 4
4 39 4 11 40 4
38 55 4 47 56 4
46 48 4 54 49 4
9 52 4 19 53 4
41 14 4 50 15 4
50 58 4 56 59 4
50 12 4 54 13 4
19 27 4 22 28 4
18 13 4 24 14 4
21 25 4 28 26 4
34 11 4 42 12 4
28 23 4 38 24 4
21 57 4 29 58 4
24 50 4 33 51 4
55 48 4 59 49 4
24 17 4 32 18 4
8 43 4 18 44 4
26 53 4 32 54 4
17 7 4 24 8 4
30 16 4 35 17 4
5 36 4 12 37 4
57 25 5 58 29 5
53 8 5 54 14 5
11 6 5 12 13 5
7 1 5 8 10 5
34 42 5 35 46 5
6 0 5 7 3 5
8 24 5 9 31 5
46 0 5 47 10 5
55 0 5 56 4 5
5 25 5 6 29 5
0 29 5 1 36 5
38 41 5 39 48 5
17 50 5 18 54 5
4 47 5 5 52 5
55 17 5 56 23 5
46 13 5 47 17 5
48 8 5 49 13 5
35 48 5 36 53 5
9 52 5 10 55 5
12 39 5 13 48 5
10 39 5 11 45 5
52 0 5 53 4 5
48 39 5 49 44 5
6 20 5 7 28 5
Net_num 159
Net_id 0
pin_num 5
44 30 0
49 38 0
47 41 0
47 14 0
59 40 0
Net_id 1
pin_num 5
41 35 0
54 40 0
43 38 0
43 19 0
34 29 0
Net_id 2
pin_num 5
50 53 0
55 51 0
44 59 0
59 41 0
56 41 0
Net_id 3
pin_num 5
51 15 0
57 8 0
54 16 0
47 0 0
48 13 0
Net_id 4
pin_num 5
55 32 0
44 27 0
59 32 0
56 37 0
45 48 0
Net_id 5
pin_num 5
20 36 0
14 48 0
38 48 0
23 25 0
36 57 0
Net_id 6
pin_num 5
14 37 0
0 38 0
7 40 0
7 58 0
8 50 0
Net_id 7
pin_num 5
16 40 0
9 50 0
27 59 0
2 39 0
37 54 0
Net_id 8
pin_num 5
22 35 0
35 33 0
30 33 0
33 28 0
31 28 0
Net_id 9
pin_num 5
45 14 0
52 16 0
46 24 0
47 8 0
48 39 0
Net_id 10
pin_num 5
46 5 0
38 0 0
39 10 0
59 9 0
46 6 0
Net_id 11
pin_num 5
59 0 0
55 0 0
59 8 0
50 4 0
38 2 0
Net_id 12
pin_num 5
36 41 0
37 34 0
40 35 0
54 35 0
59 28 0
Net_id 13
pin_num 5
40 41 0
30 34 0
42 46 0
49 17 0
33 41 0
Net_id 14
pin_num 5
43 53 0
38 52 0
39 37 0
35 47 0
36 28 0
Net_id 15
pin_num 5
56 12 0
50 12 0
46 12 0
40 12 0
49 16 0
Net_id 16
pin_num 5
54 58 0
56 59 0
50 58 0
51 55 0
54 47 0
Net_id 17
pin_num 5
48 42 0
30 45 0
31 53 0
34 45 0
27 50 0
Net_id 18
pin_num 4
16 42 0
10 46 0
8 59 0
19 46 0
Net_id 19
pin_num 4
22 43 0
9 46 0
13 33 0
13 14 0
Net_id 20
pin_num 4
9 22 0
3 31 0
27 31 0
0 31 0
Net_id 21
pin_num 4
6 26 0
1 38 0
15 38 0
1 45 0
Net_id 22
pin_num 4
23 20 0
26 28 0
26 39 0
39 31 0
Net_id 23
pin_num 4
26 25 0
21 12 0
23 11 0
24 16 0
Net_id 24
pin_num 4
27 12 0
21 11 0
22 1 0
36 2 0
Net_id 25
pin_num 4
51 10 0
59 3 0
57 1 0
31 9 0
Net_id 26
pin_num 4
34 46 0
43 44 0
21 44 0
55 44 0
Net_id 27
pin_num 4
31 6 0
43 3 0
59 10 0
30 0 0
Net_id 28
pin_num 4
9 48 0
0 53 0
20 52 0
27 52 0
Net_id 29
pin_num 4
29 39 0
26 51 0
29 58 0
24 45 0
Net_id 30
pin_num 4
8 57 0
6 50 0
3 40 0
8 35 0
Net_id 31
pin_num 4
48 15 0
32 18 0
48 19 0
37 55 0
Net_id 32
pin_num 4
14 14 0
23 3 0
15 22 0
36 5 0
Net_id 33
pin_num 4
10 20 0
13 13 0
22 21 0
19 7 0
Net_id 34
pin_num 4
53 40 0
44 40 0
51 34 0
50 17 0
Net_id 35
pin_num 4
57 42 0
48 52 0
30 49 0
42 28 0
Net_id 36
pin_num 4
47 46 0
33 45 0
43 56 0
31 49 0
Net_id 37
pin_num 4
27 44 0
28 49 0
28 31 0
41 37 0
Net_id 38
pin_num 4
41 31 0
27 51 0
40 51 0
44 34 0
Net_id 39
pin_num 3
21 38 0
38 53 0
22 53 0
Net_id 40
pin_num 3
4 3 0
7 1 0
6 11 0
Net_id 41
pin_num 3
12 41 0
4 20 0
7 21 0
Net_id 42
pin_num 3
27 10 0
40 1 0
19 22 0
Net_id 43
pin_num 3
4 33 0
8 53 0
21 36 0
Net_id 44
pin_num 3
0 15 0
11 15 0
0 12 0
Net_id 45
pin_num 3
36 51 0
38 34 0
11 40 0
Net_id 46
pin_num 3
8 27 0
4 40 0
26 27 0
Net_id 47
pin_num 3
7 52 0
13 47 0
7 59 0
Net_id 48
pin_num 3
30 51 0
19 55 0
40 37 0
Net_id 49
pin_num 3
9 7 0
12 28 0
2 26 0
Net_id 50
pin_num 3
43 40 0
36 40 0
17 26 0
Net_id 51
pin_num 3
36 34 0
26 46 0
12 32 0
Net_id 52
pin_num 3
56 34 0
49 21 0
51 24 0
Net_id 53
pin_num 3
59 44 0
51 51 0
53 31 0
Net_id 54
pin_num 3
11 25 0
24 29 0
25 41 0
Net_id 55
pin_num 3
43 26 0
59 13 0
28 20 0
Net_id 56
pin_num 3
17 38 0
25 51 0
22 34 0
Net_id 57
pin_num 3
4 19 0
3 55 0
11 58 0
Net_id 58
pin_num 3
11 36 0
19 41 0
21 37 0
Net_id 59
pin_num 3
8 3 0
0 2 0
7 23 0
Net_id 60
pin_num 3
13 49 0
6 42 0
25 49 0
Net_id 61
pin_num 3
11 17 0
6 19 0
5 50 0
Net_id 62
pin_num 3
10 41 0
0 39 0
15 44 0
Net_id 63
pin_num 3
56 55 0
47 55 0
48 54 0
Net_id 64
pin_num 3
13 45 0
44 31 0
31 4 0
Net_id 65
pin_num 3
24 26 0
4 23 0
16 54 0
Net_id 66
pin_num 3
5 24 0
9 24 0
16 0 0
Net_id 67
pin_num 3
55 17 0
53 26 0
59 26 0
Net_id 68
pin_num 3
7 32 0
15 54 0
17 25 0
Net_id 69
pin_num 3
52 49 0
40 59 0
43 43 0
Net_id 70
pin_num 3
8 2 0
13 2 0
6 1 0
Net_id 71
pin_num 3
5 5 0
9 1 0
9 8 0
Net_id 72
pin_num 3
34 6 0
38 26 0
14 13 0
Net_id 73
pin_num 3
17 18 0
26 15 0
25 7 0
Net_id 74
pin_num 3
10 54 0
2 46 0
14 51 0
Net_id 75
pin_num 3
55 35 0
44 24 0
55 2 0
Net_id 76
pin_num 3
0 55 0
3 59 0
27 57 0
Net_id 77
pin_num 3
42 21 0
34 20 0
20 32 0
Net_id 78
pin_num 2
48 14 0
40 31 0
Net_id 79
pin_num 2
9 19 0
0 9 0
Net_id 80
pin_num 2
20 42 0
4 35 0
Net_id 81
pin_num 2
43 17 0
59 4 0
Net_id 82
pin_num 2
9 0 0
31 3 0
Net_id 83
pin_num 2
58 46 0
52 42 0
Net_id 84
pin_num 2
41 7 0
37 12 0
Net_id 85
pin_num 2
12 38 0
28 21 0
Net_id 86
pin_num 2
43 8 0
45 1 0
Net_id 87
pin_num 2
46 7 0
57 5 0
Net_id 88
pin_num 2
40 43 0
33 43 0
Net_id 89
pin_num 2
9 29 0
0 13 0
Net_id 90
pin_num 2
26 8 0
17 6 0
Net_id 91
pin_num 2
29 31 0
35 19 0
Net_id 92
pin_num 2
26 26 0
28 27 0
Net_id 93
pin_num 2
36 19 0
57 12 0
Net_id 94
pin_num 2
58 53 0
39 34 0
Net_id 95
pin_num 2
22 8 0
12 3 0
Net_id 96
pin_num 2
0 16 0
22 22 0
Net_id 97
pin_num 2
59 54 0
50 55 0
Net_id 98
pin_num 2
49 6 0
55 13 0
Net_id 99
pin_num 2
54 27 0
50 11 0
Net_id 100
pin_num 2
5 12 0
16 15 0
Net_id 101
pin_num 2
6 14 0
1 18 0
Net_id 102
pin_num 2
3 39 0
15 43 0
Net_id 103
pin_num 2
48 8 0
57 2 0
Net_id 104
pin_num 2
25 19 0
27 19 0
Net_id 105
pin_num 2
45 8 0
58 16 0
Net_id 106
pin_num 2
15 34 0
23 8 0
Net_id 107
pin_num 2
32 25 0
24 49 0
Net_id 108
pin_num 2
31 19 0
29 19 0
Net_id 109
pin_num 2
1 34 0
20 56 0
Net_id 110
pin_num 2
44 56 0
59 57 0
Net_id 111
pin_num 2
40 10 0
52 3 0
Net_id 112
pin_num 2
54 38 0
58 37 0
Net_id 113
pin_num 2
25 22 0
17 47 0
Net_id 114
pin_num 2
19 12 0
4 18 0
Net_id 115
pin_num 2
39 45 0
55 57 0
Net_id 116
pin_num 2
55 49 0
58 24 0
Net_id 117
pin_num 2
55 3 0
54 28 0
Net_id 118
pin_num 2
39 15 0
49 18 0
Net_id 119
pin_num 2
5 34 0
1 11 0
Net_id 120
pin_num 2
18 35 0
27 55 0
Net_id 121
pin_num 2
9 5 0
1 2 0
Net_id 122
pin_num 2
38 54 0
36 59 0
Net_id 123
pin_num 2
28 11 0
37 23 0
Net_id 124
pin_num 2
26 50 0
44 32 0
Net_id 125
pin_num 2
38 11 0
45 18 0
Net_id 126
pin_num 2
21 2 0
27 2 0
Net_id 127
pin_num 2
44 37 0
50 37 0
Net_id 128
pin_num 2
14 7 0
9 20 0
Net_id 129
pin_num 2
29 21 0
35 35 0
Net_id 130
pin_num 2
22 56 0
57 37 0
Net_id 131
pin_num 2
15 2 0
20 10 0
Net_id 132
pin_num 2
38 39 0
57 47 0
Net_id 133
pin_num 2
5 7 0
15 0 0
Net_id 134
pin_num 2
3 10 0
16 4 0
Net_id 135
pin_num 2
16 1 0
10 10 0
Net_id 136
pin_num 2
43 20 0
51 19 0
Net_id 137
pin_num 2
11 53 0
5 53 0
Net_id 138
pin_num 2
42 55 0
47 59 0
Net_id 139
pin_num 2
37 30 0
34 37 0
Net_id 140
pin_num 2
21 14 0
27 8 0
Net_id 141
pin_num 2
4 2 0
12 30 0
Net_id 142
pin_num 2
49 36 0
58 55 0
Net_id 143
pin_num 2
17 5 0
15 6 0
Net_id 144
pin_num 2
19 53 0
10 36 0
Net_id 145
pin_num 2
11 1 0
12 29 0
Net_id 146
pin_num 2
41 52 0
58 39 0
Net_id 147
pin_num 2
48 22 0
15 26 0
Net_id 148
pin_num 2
50 30 0
35 13 0
Net_id 149
pin_num 2
53 59 0
49 54 0
Net_id 150
pin_num 2
26 55 0
22 55 0
Net_id 151
pin_num 2
19 58 0
2 43 0
Net_id 152
pin_num 2
18 10 0
14 10 0
Net_id 153
pin_num 2
30 18 0
21 6 0
Net_id 154
pin_num 2
32 17 0
22 29 0
Net_id 155
pin_num 2
44 47 0
42 56 0
Net_id 156
pin_num 2
10 8 0
17 11 0
Net_id 157
pin_num 2
37 33 0
52 23 0
Net_id 158
pin_num 2
51 0 0
50 3 0
