Width 60
Height 60
Layer 6
Total_WL 6554
Obstacle_num 144
13 19 0 21 20 0
4 21 0 13 22 0
2 26 0 10 27 0
38 56 0 41 57 0
47 32 0 52 33 0
8 57 0 15 58 0
30 7 0 36 8 0
27 54 0 33 55 0
1 2 0 5 3 0
17 18 0 21 19 0
27 44 0 36 45 0
43 44 0 50 45 0
50 27 0 54 28 0
28 43 0 38 44 0
0 44 0 7 45 0
38 6 0 47 7 0
38 45 0 47 46 0
34 11 0 39 12 0
29 3 0 33 4 0
53 54 0 59 55 0
48 41 0 57 42 0
39 55 0 45 56 0
44 52 0 54 53 0
22 46 0 30 47 0
11 25 1 12 32 1
48 39 1 49 47 1
56 41 1 57 47 1
19 4 1 20 11 1
58 5 1 59 14 1
13 1 1 14 11 1
46 49 1 47 53 1
48 9 1 49 14 1
10 16 1 11 24 1
2 16 1 3 25 1
41 24 1 42 34 1
20 11 1 21 17 1
14 38 1 15 47 1
22 23 1 23 32 1
31 0 1 32 10 1
27 31 1 28 39 1
37 28 1 38 32 1
0 22 1 1 30 1
12 38 1 13 41 1
16 22 1 17 28 1
44 35 1 45 45 1
58 34 1 59 43 1
21 26 1 22 36 1
43 52 1 44 57 1
1 3 2 10 4 2
14 18 2 24 19 2
35 51 2 40 52 2
43 10 2 52 11 2
17 14 2 25 15 2
52 49 2 56 50 2
39 29 2 47 30 2
5 14 2 14 15 2
20 20 2 28 21 2
45 7 2 49 8 2
36 21 2 42 22 2
42 6 2 51 7 2
39 58 2 49 59 2
37 4 2 42 5 2
34 40 2 38 41 2
17 20 2 20 21 2
7 48 2 17 49 2
18 24 2 21 25 2
27 10 2 34 11 2
18 53 2 25 54 2
43 11 2 53 12 2
53 0 2 58 1 2
44 1 2 52 2 2
34 28 2 38 29 2
46 21 3 47 25 3
13 32 3 14 39 3
33 39 3 34 49 3
52 49 3 53 55 3
26 0 3 27 4 3
11 26 3 12 31 3
26 16 3 27 19 3
7 24 3 8 27 3
5 35 3 6 42 3
45 19 3 46 27 3
35 14 3 36 17 3
58 32 3 59 35 3
50 50 3 51 57 3
50 32 3 51 41 3
32 38 3 33 47 3
20 33 3 21 42 3
41 16 3 42 25 3
16 44 3 17 51 3
8 24 3 9 33 3
38 28 3 39 36 3
10 11 3 11 15 3
34 21 3 35 30 3
30 5 3 31 14 3
14 49 3 15 58 3
39 31 4 42 32 4
38 25 4 45 26 4
50 42 4 54 43 4
2 39 4 5 40 4
36 18 4 42 19 4
49 53 4 52 54 4
7 28 4 14 29 4
50 0 4 57 1 4
48 58 4 57 59 4
11 57 4 16 58 4
25 9 4 30 10 4
25 33 4 33 34 4
14 38 4 24 39 4
14 56 4 17 57 4
42 28 4 47 29 4
41 46 4 45 47 4
26 25 4 31 26 4
7 33 4 17 34 4
38 57 4 42 58 4
31 14 4 40 15 4
15 55 4 19 56 4
19 15 4 25 16 4
44 23 4 51 24 4
36 50 4 45 51 4
20 37 5 21 47 5
11 44 5 12 48 5
39 36 5 40 46 5
32 27 5 33 34 5
18 29 5 19 35 5
33 4 5 34 7 5
8 12 5 9 15 5
58 15 5 59 23 5
1 17 5 2 24 5
25 47 5 26 52 5
0 39 5 1 48 5
18 20 5 19 23 5
13 39 5 14 46 5
41 26 5 42 30 5
34 34 5 35 43 5
23 49 5 24 54 5
18 36 5 19 45 5
14 5 5 15 15 5
38 47 5 39 52 5
27 30 5 28 40 5
0 13 5 1 22 5
19 6 5 20 14 5
55 18 5 56 24 5
40 10 5 41 17 5
Net_num 162
Net_id 0
pin_num 5
10 25 0
14 17 0
36 17 0
19 20 0
35 23 0
Net_id 1
pin_num 5
3 5 0
4 0 0
8 0 0
17 0 0
17 5 0
Net_id 2
pin_num 5
42 27 0
51 39 0
49 48 0
42 48 0
29 38 0
Net_id 3
pin_num 5
40 50 0
53 50 0
58 59 0
58 55 0
59 56 0
Net_id 4
pin_num 5
32 20 0
48 20 0
35 18 0
34 0 0
33 27 0
Net_id 5
pin_num 5
37 31 0
33 36 0
30 35 0
33 31 0
31 45 0
Net_id 6
pin_num 5
10 44 0
13 51 0
13 36 0
10 33 0
18 48 0
Net_id 7
pin_num 5
10 40 0
14 40 0
0 51 0
10 59 0
15 44 0
Net_id 8
pin_num 5
40 48 0
32 48 0
40 37 0
36 54 0
36 55 0
Net_id 9
pin_num 5
44 32 0
54 27 0
54 43 0
43 24 0
59 33 0
Net_id 10
pin_num 5
49 5 0
55 11 0
59 10 0
47 10 0
58 4 0
Net_id 11
pin_num 5
48 0 0
48 6 0
58 0 0
27 4 0
29 1 0
Net_id 12
pin_num 5
22 8 0
16 15 0
25 9 0
0 16 0
25 10 0
Net_id 13
pin_num 5
7 38 0
13 31 0
0 38 0
7 58 0
4 17 0
Net_id 14
pin_num 5
48 16 0
42 17 0
55 16 0
42 28 0
28 21 0
Net_id 15
pin_num 5
2 7 0
12 7 0
9 10 0
16 3 0
16 7 0
Net_id 16
pin_num 5
30 12 0
40 16 0
35 5 0
41 10 0
32 31 0
Net_id 17
pin_num 5
55 7 0
57 13 0
56 6 0
56 17 0
57 2 0
Net_id 18
pin_num 5
56 59 0
56 56 0
50 59 0
59 49 0
59 35 0
Net_id 19
pin_num 4
59 2 0
50 9 0
56 18 0
59 14 0
Net_id 20
pin_num 4
54 17 0
37 19 0
53 39 0
52 30 0
Net_id 21
pin_num 4
30 25 0
34 23 0
29 13 0
12 20 0
Net_id 22
pin_num 4
43 5 0
33 11 0
40 0 0
33 3 0
Net_id 23
pin_num 4
27 28 0
27 13 0
35 27 0
37 26 0
Net_id 24
pin_num 4
5 43 0
2 34 0
5 30 0
15 42 0
Net_id 25
pin_num 4
4 46 0
15 47 0
11 53 0
19 59 0
Net_id 26
pin_num 4
50 42 0
56 51 0
56 31 0
55 55 0
Net_id 27
pin_num 4
34 3 0
49 8 0
18 4 0
42 0 0
Net_id 28
pin_num 4
24 27 0
17 34 0
15 11 0
35 21 0
Net_id 29
pin_num 4
31 56 0
34 58 0
32 47 0
20 58 0
Net_id 30
pin_num 4
35 6 0
26 6 0
43 18 0
39 2 0
Net_id 31
pin_num 4
28 2 0
43 8 0
41 2 0
53 8 0
Net_id 32
pin_num 4
16 16 0
25 24 0
21 2 0
23 8 0
Net_id 33
pin_num 4
38 51 0
42 49 0
53 59 0
51 40 0
Net_id 34
pin_num 4
51 45 0
47 53 0
50 49 0
49 31 0
Net_id 35
pin_num 4
46 7 0
40 7 0
19 3 0
39 9 0
Net_id 36
pin_num 4
38 52 0
42 56 0
26 52 0
41 59 0
Net_id 37
pin_num 4
35 19 0
23 19 0
31 24 0
43 22 0
Net_id 38
pin_num 4
21 32 0
14 30 0
36 32 0
22 33 0
Net_id 39
pin_num 4
20 46 0
21 41 0
16 37 0
30 46 0
Net_id 40
pin_num 4
32 37 0
26 37 0
30 18 0
23 31 0
Net_id 41
pin_num 3
38 16 0
36 33 0
26 0 0
Net_id 42
pin_num 3
2 37 0
1 16 0
11 1 0
Net_id 43
pin_num 3
38 10 0
19 1 0
23 21 0
Net_id 44
pin_num 3
25 8 0
41 0 0
32 33 0
Net_id 45
pin_num 3
12 16 0
15 2 0
25 6 0
Net_id 46
pin_num 3
13 0 0
4 20 0
14 1 0
Net_id 47
pin_num 3
46 33 0
48 47 0
59 38 0
Net_id 48
pin_num 3
6 17 0
19 12 0
28 18 0
Net_id 49
pin_num 3
35 29 0
26 33 0
34 47 0
Net_id 50
pin_num 3
11 19 0
0 19 0
7 1 0
Net_id 51
pin_num 3
16 26 0
3 28 0
0 11 0
Net_id 52
pin_num 3
16 41 0
9 41 0
15 29 0
Net_id 53
pin_num 3
46 11 0
40 19 0
48 14 0
Net_id 54
pin_num 3
37 41 0
45 41 0
41 35 0
Net_id 55
pin_num 3
54 22 0
45 37 0
26 34 0
Net_id 56
pin_num 3
59 3 0
47 3 0
44 8 0
Net_id 57
pin_num 3
17 13 0
14 8 0
8 13 0
Net_id 58
pin_num 3
39 21 0
26 35 0
34 51 0
Net_id 59
pin_num 3
56 21 0
51 23 0
55 31 0
Net_id 60
pin_num 3
39 33 0
44 18 0
39 11 0
Net_id 61
pin_num 3
48 55 0
54 57 0
55 20 0
Net_id 62
pin_num 3
5 2 0
8 20 0
6 10 0
Net_id 63
pin_num 3
45 14 0
48 18 0
52 2 0
Net_id 64
pin_num 3
24 36 0
20 37 0
48 34 0
Net_id 65
pin_num 3
5 5 0
11 5 0
7 25 0
Net_id 66
pin_num 3
23 57 0
10 47 0
24 49 0
Net_id 67
pin_num 3
0 24 0
5 36 0
5 48 0
Net_id 68
pin_num 3
16 30 0
26 30 0
18 22 0
Net_id 69
pin_num 3
49 4 0
51 11 0
56 16 0
Net_id 70
pin_num 3
48 7 0
57 5 0
44 9 0
Net_id 71
pin_num 3
37 56 0
33 50 0
28 55 0
Net_id 72
pin_num 3
47 26 0
57 39 0
57 15 0
Net_id 73
pin_num 3
31 57 0
19 47 0
42 59 0
Net_id 74
pin_num 3
33 22 0
39 13 0
49 2 0
Net_id 75
pin_num 3
33 16 0
27 7 0
1 12 0
Net_id 76
pin_num 3
42 29 0
30 33 0
14 29 0
Net_id 77
pin_num 3
39 17 0
52 6 0
54 26 0
Net_id 78
pin_num 3
20 29 0
6 48 0
38 43 0
Net_id 79
pin_num 3
8 59 0
21 40 0
0 58 0
Net_id 80
pin_num 3
10 1 0
38 26 0
31 46 0
Net_id 81
pin_num 3
26 47 0
14 56 0
42 42 0
Net_id 82
pin_num 2
3 25 0
17 42 0
Net_id 83
pin_num 2
4 18 0
0 17 0
Net_id 84
pin_num 2
53 34 0
52 34 0
Net_id 85
pin_num 2
34 41 0
21 25 0
Net_id 86
pin_num 2
28 15 0
41 12 0
Net_id 87
pin_num 2
40 25 0
25 40 0
Net_id 88
pin_num 2
54 6 0
52 12 0
Net_id 89
pin_num 2
1 29 0
10 24 0
Net_id 90
pin_num 2
32 5 0
18 2 0
Net_id 91
pin_num 2
22 50 0
18 40 0
Net_id 92
pin_num 2
23 14 0
30 14 0
Net_id 93
pin_num 2
36 35 0
57 41 0
Net_id 94
pin_num 2
12 59 0
18 53 0
Net_id 95
pin_num 2
58 35 0
46 59 0
Net_id 96
pin_num 2
24 29 0
35 49 0
Net_id 97
pin_num 2
6 22 0
17 14 0
Net_id 98
pin_num 2
48 37 0
45 18 0
Net_id 99
pin_num 2
45 2 0
45 13 0
Net_id 100
pin_num 2
31 40 0
37 40 0
Net_id 101
pin_num 2
49 36 0
57 31 0
Net_id 102
pin_num 2
4 57 0
11 51 0
Net_id 103
pin_num 2
36 14 0
43 17 0
Net_id 104
pin_num 2
27 47 0
25 38 0
Net_id 105
pin_num 2
26 42 0
44 56 0
Net_id 106
pin_num 2
37 14 0
50 21 0
Net_id 107
pin_num 2
12 5 0
16 1 0
Net_id 108
pin_num 2
12 10 0
28 13 0
Net_id 109
pin_num 2
55 14 0
48 8 0
Net_id 110
pin_num 2
2 27 0
12 19 0
Net_id 111
pin_num 2
45 38 0
58 30 0
Net_id 112
pin_num 2
58 31 0
57 33 0
Net_id 113
pin_num 2
54 25 0
56 23 0
Net_id 114
pin_num 2
24 34 0
14 21 0
Net_id 115
pin_num 2
7 12 0
12 4 0
Net_id 116
pin_num 2
3 39 0
19 26 0
Net_id 117
pin_num 2
2 32 0
7 34 0
Net_id 118
pin_num 2
19 5 0
7 4 0
Net_id 119
pin_num 2
5 55 0
1 58 0
Net_id 120
pin_num 2
57 44 0
32 46 0
Net_id 121
pin_num 2
1 15 0
5 6 0
Net_id 122
pin_num 2
48 21 0
40 39 0
Net_id 123
pin_num 2
56 5 0
53 11 0
Net_id 124
pin_num 2
21 27 0
3 16 0
Net_id 125
pin_num 2
21 52 0
23 52 0
Net_id 126
pin_num 2
54 33 0
49 33 0
Net_id 127
pin_num 2
43 21 0
57 6 0
Net_id 128
pin_num 2
31 28 0
25 26 0
Net_id 129
pin_num 2
13 53 0
12 45 0
Net_id 130
pin_num 2
18 42 0
40 30 0
Net_id 131
pin_num 2
48 11 0
31 11 0
Net_id 132
pin_num 2
56 32 0
38 39 0
Net_id 133
pin_num 2
10 51 0
1 45 0
Net_id 134
pin_num 2
35 51 0
45 56 0
Net_id 135
pin_num 2
18 11 0
25 11 0
Net_id 136
pin_num 2
17 6 0
18 15 0
Net_id 137
pin_num 2
39 49 0
28 56 0
Net_id 138
pin_num 2
47 33 0
54 12 0
Net_id 139
pin_num 2
5 58 0
5 49 0
Net_id 140
pin_num 2
55 39 0
45 51 0
Net_id 141
pin_num 2
45 36 0
36 36 0
Net_id 142
pin_num 2
7 13 0
4 45 0
Net_id 143
pin_num 2
36 26 0
53 15 0
Net_id 144
pin_num 2
53 25 0
48 25 0
Net_id 145
pin_num 2
10 26 0
16 28 0
Net_id 146
pin_num 2
42 53 0
25 52 0
Net_id 147
pin_num 2
5 15 0
10 15 0
Net_id 148
pin_num 2
35 13 0
56 2 0
Net_id 149
pin_num 2
46 15 0
40 11 0
Net_id 150
pin_num 2
30 34 0
30 24 0
Net_id 151
pin_num 2
13 56 0
4 54 0
Net_id 152
pin_num 2
24 15 0
13 12 0
Net_id 153
pin_num 2
32 51 0
23 44 0
Net_id 154
pin_num 2
8 29 0
12 43 0
Net_id 155
pin_num 2
4 50 0
14 58 0
Net_id 156
pin_num 2
45 24 0
53 24 0
Net_id 157
pin_num 2
46 36 0
59 39 0
Net_id 158
pin_num 2
9 12 0
42 7 0
Net_id 159
pin_num 2
48 23 0
28 16 0
Net_id 160
pin_num 2
55 28 0
40 24 0
Net_id 161
pin_num 2
22 49 0
7 41 0
