Width 60
Height 60
Layer 6
Total_WL 6478
Obstacle_num 144
30 14 0 34 15 0
27 32 0 31 33 0
36 14 0 41 15 0
22 53 0 32 54 0
6 7 0 12 8 0
44 19 0 53 20 0
50 47 0 59 48 0
34 4 0 41 5 0
18 30 0 28 31 0
5 33 0 14 34 0
31 17 0 35 18 0
30 9 0 39 10 0
42 41 0 51 42 0
11 51 0 14 52 0
34 6 0 37 7 0
13 25 0 18 26 0
29 7 0 36 8 0
27 57 0 32 58 0
35 23 0 38 24 0
13 20 0 19 21 0
16 53 0 20 54 0
38 45 0 46 46 0
2 4 0 6 5 0
41 42 0 50 43 0
14 20 1 15 25 1
34 22 1 35 32 1
6 41 1 7 51 1
18 23 1 19 27 1
43 7 1 44 14 1
2 36 1 3 44 1
41 4 1 42 11 1
48 5 1 49 9 1
39 47 1 40 54 1
58 51 1 59 55 1
3 40 1 4 47 1
31 34 1 32 42 1
43 28 1 44 33 1
54 41 1 55 44 1
35 56 1 36 59 1
18 32 1 19 35 1
14 52 1 15 56 1
13 7 1 14 16 1
52 49 1 53 56 1
13 16 1 14 20 1
5 54 1 6 57 1
10 35 1 11 40 1
4 26 1 5 34 1
38 12 1 39 20 1
42 24 2 46 25 2
31 31 2 40 32 2
27 3 2 32 4 2
34 21 2 44 22 2
28 13 2 34 14 2
11 35 2 19 36 2
9 29 2 18 30 2
8 58 2 17 59 2
33 25 2 41 26 2
40 3 2 45 4 2
31 48 2 39 49 2
47 4 2 57 5 2
25 38 2 31 39 2
27 45 2 34 46 2
42 41 2 45 42 2
31 38 2 40 39 2
47 9 2 54 10 2
46 40 2 55 41 2
49 50 2 54 51 2
51 30 2 55 31 2
16 42 2 22 43 2
25 4 2 30 5 2
15 8 2 20 9 2
43 13 2 52 14 2
53 6 3 54 12 3
30 31 3 31 41 3
2 30 3 3 38 3
27 14 3 28 18 3
22 26 3 23 33 3
56 20 3 57 26 3
19 2 3 20 12 3
15 19 3 16 24 3
40 26 3 41 33 3
42 56 3 43 59 3
51 5 3 52 8 3
14 22 3 15 32 3
57 37 3 58 42 3
55 1 3 56 7 3
37 3 3 38 10 3
4 29 3 5 35 3
33 27 3 34 37 3
36 31 3 37 39 3
53 29 3 54 35 3
34 45 3 35 52 3
42 14 3 43 23 3
54 14 3 55 17 3
48 4 3 49 9 3
54 30 3 55 38 3
48 0 4 57 1 4
34 41 4 44 42 4
44 39 4 49 40 4
47 5 4 57 6 4
18 24 4 27 25 4
35 42 4 40 43 4
25 31 4 29 32 4
50 38 4 55 39 4
28 42 4 32 43 4
30 44 4 37 45 4
47 47 4 55 48 4
39 19 4 49 20 4
11 18 4 15 19 4
5 15 4 14 16 4
42 32 4 52 33 4
27 55 4 33 56 4
50 1 4 56 2 4
52 45 4 56 46 4
37 35 4 47 36 4
13 39 4 22 40 4
21 30 4 25 31 4
3 20 4 12 21 4
22 45 4 26 46 4
42 48 4 50 49 4
17 37 5 18 47 5
3 9 5 4 17 5
33 7 5 34 12 5
5 3 5 6 6 5
7 31 5 8 36 5
19 29 5 20 39 5
37 16 5 38 22 5
52 36 5 53 43 5
52 12 5 53 17 5
16 48 5 17 57 5
21 23 5 22 29 5
41 51 5 42 58 5
47 35 5 48 45 5
4 30 5 5 34 5
24 51 5 25 55 5
9 12 5 10 15 5
21 6 5 22 14 5
31 4 5 32 10 5
2 0 5 3 8 5
0 15 5 1 18 5
2 9 5 3 17 5
52 1 5 53 4 5
44 40 5 45 47 5
36 28 5 37 36 5
Net_num 159
Net_id 0
pin_num 5
48 52 0
52 59 0
34 52 0
34 59 0
59 57 0
Net_id 1
pin_num 5
46 51 0
50 58 0
33 52 0
59 54 0
46 40 0
Net_id 2
pin_num 5
7 9 0
10 6 0
10 1 0
0 4 0
6 4 0
Net_id 3
pin_num 5
26 1 0
24 18 0
24 35 0
20 35 0
20 18 0
Net_id 4
pin_num 5
19 22 0
12 14 0
0 13 0
11 17 0
11 6 0
Net_id 5
pin_num 5
48 47 0
55 36 0
38 43 0
38 34 0
51 56 0
Net_id 6
pin_num 5
56 27 0
59 34 0
37 28 0
58 22 0
50 32 0
Net_id 7
pin_num 5
23 37 0
9 37 0
20 57 0
15 50 0
19 32 0
Net_id 8
pin_num 5
59 0 0
51 12 0
39 6 0
53 13 0
40 8 0
Net_id 9
pin_num 5
40 17 0
36 13 0
39 1 0
34 11 0
49 7 0
Net_id 10
pin_num 5
29 17 0
26 8 0
36 8 0
28 5 0
18 0 0
Net_id 11
pin_num 5
41 46 0
46 54 0
38 49 0
43 27 0
49 17 0
Net_id 12
pin_num 5
39 57 0
41 59 0
37 47 0
45 53 0
49 57 0
Net_id 13
pin_num 5
13 16 0
4 17 0
7 10 0
5 31 0
14 8 0
Net_id 14
pin_num 5
4 0 0
7 5 0
4 13 0
4 21 0
14 16 0
Net_id 15
pin_num 5
31 13 0
26 16 0
35 16 0
28 0 0
30 31 0
Net_id 16
pin_num 5
35 54 0
41 49 0
36 51 0
36 33 0
14 49 0
Net_id 17
pin_num 5
56 23 0
59 20 0
57 40 0
57 7 0
56 22 0
Net_id 18
pin_num 5
50 22 0
34 20 0
46 10 0
45 17 0
36 28 0
Net_id 19
pin_num 5
2 36 0
14 35 0
0 27 0
11 34 0
7 52 0
Net_id 20
pin_num 4
26 38 0
12 32 0
23 16 0
17 16 0
Net_id 21
pin_num 4
34 23 0
26 12 0
40 9 0
34 14 0
Net_id 22
pin_num 4
28 18 0
36 18 0
41 17 0
44 20 0
Net_id 23
pin_num 4
31 34 0
21 23 0
14 29 0
8 26 0
Net_id 24
pin_num 4
50 48 0
36 55 0
48 39 0
39 42 0
Net_id 25
pin_num 4
20 23 0
11 20 0
13 40 0
24 31 0
Net_id 26
pin_num 4
48 43 0
39 46 0
34 45 0
44 46 0
Net_id 27
pin_num 4
10 51 0
8 48 0
25 48 0
26 48 0
Net_id 28
pin_num 4
44 44 0
34 44 0
44 53 0
59 50 0
Net_id 29
pin_num 4
40 5 0
51 9 0
38 6 0
52 16 0
Net_id 30
pin_num 4
12 29 0
9 23 0
3 24 0
2 24 0
Net_id 31
pin_num 4
27 55 0
14 50 0
35 53 0
0 56 0
Net_id 32
pin_num 4
1 21 0
9 22 0
5 35 0
28 33 0
Net_id 33
pin_num 4
1 54 0
13 49 0
19 54 0
13 52 0
Net_id 34
pin_num 4
44 16 0
38 11 0
38 22 0
39 0 0
Net_id 35
pin_num 4
59 6 0
56 9 0
44 0 0
38 8 0
Net_id 36
pin_num 4
17 51 0
11 42 0
0 57 0
31 46 0
Net_id 37
pin_num 4
11 5 0
6 0 0
3 3 0
13 3 0
Net_id 38
pin_num 3
27 52 0
47 50 0
53 58 0
Net_id 39
pin_num 3
46 20 0
47 24 0
53 0 0
Net_id 40
pin_num 3
5 6 0
1 0 0
1 28 0
Net_id 41
pin_num 3
45 38 0
51 46 0
43 0 0
Net_id 42
pin_num 3
37 22 0
24 36 0
31 47 0
Net_id 43
pin_num 3
4 35 0
5 37 0
5 13 0
Net_id 44
pin_num 3
33 38 0
44 36 0
40 46 0
Net_id 45
pin_num 3
21 46 0
21 50 0
16 43 0
Net_id 46
pin_num 3
55 25 0
40 23 0
46 12 0
Net_id 47
pin_num 3
7 48 0
1 30 0
26 39 0
Net_id 48
pin_num 3
19 31 0
27 28 0
37 18 0
Net_id 49
pin_num 3
40 58 0
51 43 0
54 50 0
Net_id 50
pin_num 3
10 38 0
12 35 0
2 25 0
Net_id 51
pin_num 3
7 23 0
8 35 0
0 22 0
Net_id 52
pin_num 3
35 48 0
34 41 0
0 41 0
Net_id 53
pin_num 3
22 5 0
15 1 0
14 0 0
Net_id 54
pin_num 3
24 47 0
19 46 0
15 47 0
Net_id 55
pin_num 3
21 38 0
13 38 0
9 34 0
Net_id 56
pin_num 3
53 24 0
48 23 0
48 17 0
Net_id 57
pin_num 3
7 42 0
18 27 0
10 2 0
Net_id 58
pin_num 3
49 43 0
50 39 0
55 59 0
Net_id 59
pin_num 3
4 46 0
11 31 0
42 33 0
Net_id 60
pin_num 3
23 13 0
20 8 0
12 22 0
Net_id 61
pin_num 3
25 57 0
58 48 0
50 59 0
Net_id 62
pin_num 3
29 23 0
16 9 0
44 12 0
Net_id 63
pin_num 3
53 27 0
45 27 0
37 25 0
Net_id 64
pin_num 3
52 54 0
51 55 0
54 48 0
Net_id 65
pin_num 3
24 26 0
12 28 0
20 0 0
Net_id 66
pin_num 3
0 14 0
11 24 0
13 0 0
Net_id 67
pin_num 3
47 17 0
45 36 0
47 45 0
Net_id 68
pin_num 3
5 40 0
21 52 0
6 55 0
Net_id 69
pin_num 3
32 51 0
29 47 0
37 43 0
Net_id 70
pin_num 3
12 15 0
6 25 0
18 29 0
Net_id 71
pin_num 3
58 45 0
55 43 0
55 35 0
Net_id 72
pin_num 3
15 52 0
16 36 0
33 47 0
Net_id 73
pin_num 3
18 35 0
30 12 0
40 13 0
Net_id 74
pin_num 3
24 2 0
39 18 0
42 9 0
Net_id 75
pin_num 3
29 6 0
34 19 0
32 3 0
Net_id 76
pin_num 3
27 4 0
8 0 0
20 22 0
Net_id 77
pin_num 3
47 53 0
53 53 0
35 47 0
Net_id 78
pin_num 2
55 29 0
33 22 0
Net_id 79
pin_num 2
5 52 0
5 47 0
Net_id 80
pin_num 2
50 54 0
40 49 0
Net_id 81
pin_num 2
18 39 0
30 54 0
Net_id 82
pin_num 2
33 35 0
25 35 0
Net_id 83
pin_num 2
16 47 0
27 54 0
Net_id 84
pin_num 2
37 40 0
58 30 0
Net_id 85
pin_num 2
59 15 0
40 16 0
Net_id 86
pin_num 2
27 48 0
44 39 0
Net_id 87
pin_num 2
40 35 0
54 29 0
Net_id 88
pin_num 2
22 27 0
32 22 0
Net_id 89
pin_num 2
22 43 0
13 47 0
Net_id 90
pin_num 2
2 34 0
15 36 0
Net_id 91
pin_num 2
23 15 0
16 15 0
Net_id 92
pin_num 2
36 21 0
57 1 0
Net_id 93
pin_num 2
0 32 0
4 32 0
Net_id 94
pin_num 2
30 21 0
21 20 0
Net_id 95
pin_num 2
47 30 0
35 25 0
Net_id 96
pin_num 2
41 2 0
51 14 0
Net_id 97
pin_num 2
43 4 0
51 29 0
Net_id 98
pin_num 2
23 21 0
29 24 0
Net_id 99
pin_num 2
31 15 0
24 42 0
Net_id 100
pin_num 2
30 3 0
29 10 0
Net_id 101
pin_num 2
37 15 0
24 21 0
Net_id 102
pin_num 2
35 11 0
37 8 0
Net_id 103
pin_num 2
31 19 0
40 12 0
Net_id 104
pin_num 2
8 19 0
2 13 0
Net_id 105
pin_num 2
37 35 0
49 55 0
Net_id 106
pin_num 2
33 39 0
45 55 0
Net_id 107
pin_num 2
15 43 0
12 46 0
Net_id 108
pin_num 2
56 2 0
53 14 0
Net_id 109
pin_num 2
49 30 0
54 45 0
Net_id 110
pin_num 2
53 48 0
58 50 0
Net_id 111
pin_num 2
12 10 0
17 3 0
Net_id 112
pin_num 2
4 25 0
6 9 0
Net_id 113
pin_num 2
1 11 0
20 11 0
Net_id 114
pin_num 2
54 49 0
35 55 0
Net_id 115
pin_num 2
31 48 0
26 59 0
Net_id 116
pin_num 2
22 18 0
13 6 0
Net_id 117
pin_num 2
38 16 0
25 9 0
Net_id 118
pin_num 2
7 53 0
6 56 0
Net_id 119
pin_num 2
22 22 0
41 13 0
Net_id 120
pin_num 2
26 19 0
9 2 0
Net_id 121
pin_num 2
21 8 0
26 0 0
Net_id 122
pin_num 2
25 24 0
26 36 0
Net_id 123
pin_num 2
16 31 0
12 43 0
Net_id 124
pin_num 2
41 23 0
48 18 0
Net_id 125
pin_num 2
6 27 0
3 20 0
Net_id 126
pin_num 2
33 2 0
41 31 0
Net_id 127
pin_num 2
22 58 0
32 56 0
Net_id 128
pin_num 2
9 36 0
2 56 0
Net_id 129
pin_num 2
15 18 0
7 18 0
Net_id 130
pin_num 2
54 39 0
58 49 0
Net_id 131
pin_num 2
16 56 0
9 56 0
Net_id 132
pin_num 2
23 24 0
6 51 0
Net_id 133
pin_num 2
24 12 0
15 27 0
Net_id 134
pin_num 2
28 56 0
16 59 0
Net_id 135
pin_num 2
43 14 0
55 21 0
Net_id 136
pin_num 2
36 29 0
33 43 0
Net_id 137
pin_num 2
27 36 0
35 36 0
Net_id 138
pin_num 2
27 6 0
23 2 0
Net_id 139
pin_num 2
18 5 0
25 18 0
Net_id 140
pin_num 2
20 7 0
28 6 0
Net_id 141
pin_num 2
30 39 0
9 41 0
Net_id 142
pin_num 2
56 31 0
59 43 0
Net_id 143
pin_num 2
48 12 0
55 7 0
Net_id 144
pin_num 2
13 32 0
17 57 0
Net_id 145
pin_num 2
43 46 0
43 54 0
Net_id 146
pin_num 2
15 30 0
18 28 0
Net_id 147
pin_num 2
26 3 0
27 1 0
Net_id 148
pin_num 2
22 9 0
29 16 0
Net_id 149
pin_num 2
12 59 0
14 44 0
Net_id 150
pin_num 2
8 22 0
3 28 0
Net_id 151
pin_num 2
37 45 0
22 54 0
Net_id 152
pin_num 2
57 3 0
49 3 0
Net_id 153
pin_num 2
59 40 0
49 56 0
Net_id 154
pin_num 2
52 34 0
41 24 0
Net_id 155
pin_num 2
23 25 0
44 11 0
Net_id 156
pin_num 2
9 26 0
14 10 0
Net_id 157
pin_num 2
25 16 0
3 8 0
Net_id 158
pin_num 2
25 10 0
20 20 0
