Width 60
Height 60
Layer 6
Total_WL 6600
Obstacle_num 144
9 1 0 15 2 0
27 55 0 37 56 0
26 24 0 32 25 0
18 9 0 23 10 0
39 36 0 43 37 0
17 28 0 20 29 0
34 36 0 39 37 0
26 40 0 35 41 0
27 30 0 31 31 0
9 42 0 16 43 0
13 50 0 22 51 0
9 4 0 18 5 0
25 17 0 35 18 0
16 25 0 19 26 0
5 10 0 8 11 0
27 35 0 31 36 0
11 13 0 18 14 0
43 12 0 46 13 0
19 11 0 25 12 0
34 38 0 40 39 0
42 29 0 48 30 0
20 36 0 28 37 0
50 34 0 59 35 0
9 8 0 12 9 0
50 50 1 51 58 1
29 11 1 30 18 1
58 17 1 59 27 1
33 14 1 34 19 1
47 23 1 48 29 1
45 25 1 46 30 1
16 50 1 17 57 1
32 41 1 33 50 1
55 20 1 56 23 1
50 26 1 51 35 1
13 1 1 14 7 1
14 22 1 15 30 1
52 56 1 53 59 1
57 25 1 58 35 1
41 30 1 42 39 1
56 16 1 57 20 1
30 17 1 31 23 1
44 2 1 45 7 1
58 35 1 59 45 1
30 27 1 31 33 1
19 27 1 20 37 1
33 21 1 34 26 1
49 50 1 50 56 1
0 19 1 1 27 1
0 20 2 8 21 2
10 15 2 19 16 2
32 51 2 37 52 2
20 39 2 23 40 2
20 45 2 27 46 2
49 24 2 55 25 2
17 24 2 26 25 2
33 57 2 40 58 2
6 22 2 11 23 2
52 2 2 57 3 2
38 56 2 46 57 2
41 12 2 49 13 2
23 51 2 27 52 2
30 39 2 38 40 2
8 31 2 17 32 2
48 45 2 58 46 2
7 28 2 14 29 2
21 44 2 30 45 2
42 6 2 49 7 2
19 13 2 26 14 2
51 47 2 55 48 2
42 20 2 49 21 2
13 52 2 20 53 2
27 54 2 37 55 2
2 43 3 3 50 3
36 46 3 37 54 3
49 33 3 50 37 3
28 17 3 29 24 3
23 37 3 24 44 3
14 51 3 15 56 3
27 6 3 28 10 3
16 10 3 17 19 3
0 35 3 1 38 3
17 9 3 18 12 3
30 5 3 31 9 3
16 39 3 17 49 3
31 15 3 32 19 3
27 1 3 28 6 3
51 44 3 52 51 3
58 7 3 59 12 3
29 13 3 30 16 3
37 8 3 38 13 3
12 48 3 13 52 3
12 36 3 13 45 3
3 33 3 4 41 3
47 15 3 48 22 3
41 0 3 42 7 3
0 1 3 1 4 3
17 23 4 27 24 4
48 3 4 55 4 4
3 5 4 12 6 4
38 26 4 41 27 4
1 51 4 5 52 4
23 0 4 28 1 4
22 17 4 29 18 4
32 58 4 39 59 4
21 26 4 31 27 4
11 51 4 16 52 4
26 44 4 34 45 4
17 2 4 24 3 4
8 10 4 16 11 4
7 41 4 13 42 4
44 22 4 47 23 4
0 29 4 9 30 4
48 14 4 57 15 4
37 28 4 42 29 4
38 52 4 46 53 4
7 24 4 16 25 4
42 17 4 52 18 4
39 42 4 45 43 4
0 9 4 6 10 4
47 55 4 50 56 4
6 18 5 7 25 5
49 14 5 50 22 5
11 3 5 12 6 5
37 49 5 38 55 5
33 40 5 34 48 5
26 35 5 27 45 5
29 19 5 30 28 5
56 11 5 57 18 5
0 21 5 1 30 5
20 30 5 21 36 5
51 22 5 52 29 5
46 43 5 47 51 5
54 36 5 55 44 5
20 40 5 21 50 5
7 22 5 8 29 5
4 11 5 5 16 5
51 12 5 52 15 5
50 17 5 51 26 5
33 6 5 34 11 5
4 42 5 5 51 5
12 41 5 13 46 5
24 41 5 25 49 5
2 13 5 3 22 5
13 37 5 14 47 5
Net_num 157
Net_id 0
pin_num 5
32 42 0
49 46 0
35 30 0
40 46 0
57 59 0
Net_id 1
pin_num 5
12 48 0
3 59 0
9 52 0
2 56 0
15 54 0
Net_id 2
pin_num 5
6 31 0
8 33 0
7 22 0
0 43 0
15 25 0
Net_id 3
pin_num 5
12 58 0
15 56 0
5 59 0
11 37 0
25 58 0
Net_id 4
pin_num 5
57 24 0
59 20 0
37 22 0
18 22 0
8 9 0
Net_id 5
pin_num 5
47 31 0
44 38 0
44 11 0
37 7 0
40 19 0
Net_id 6
pin_num 5
53 35 0
43 33 0
43 27 0
34 35 0
59 37 0
Net_id 7
pin_num 5
6 23 0
10 28 0
3 23 0
3 17 0
3 13 0
Net_id 8
pin_num 5
41 8 0
47 8 0
17 8 0
39 13 0
20 12 0
Net_id 9
pin_num 5
43 10 0
34 6 0
36 17 0
35 5 0
36 9 0
Net_id 10
pin_num 5
3 48 0
12 37 0
3 41 0
0 59 0
4 53 0
Net_id 11
pin_num 5
5 32 0
9 45 0
1 52 0
6 44 0
28 45 0
Net_id 12
pin_num 5
11 20 0
6 6 0
5 9 0
0 16 0
9 0 0
Net_id 13
pin_num 5
9 20 0
12 17 0
10 29 0
25 18 0
4 27 0
Net_id 14
pin_num 5
11 38 0
10 47 0
0 52 0
7 39 0
2 57 0
Net_id 15
pin_num 5
6 21 0
6 13 0
10 0 0
0 4 0
8 0 0
Net_id 16
pin_num 5
55 13 0
59 6 0
46 7 0
57 8 0
43 6 0
Net_id 17
pin_num 5
39 43 0
27 47 0
27 29 0
22 44 0
10 34 0
Net_id 18
pin_num 5
53 56 0
59 50 0
35 56 0
40 59 0
42 33 0
Net_id 19
pin_num 4
39 52 0
43 55 0
33 36 0
48 44 0
Net_id 20
pin_num 4
31 5 0
16 0 0
0 2 0
34 0 0
Net_id 21
pin_num 4
48 52 0
33 56 0
33 46 0
18 55 0
Net_id 22
pin_num 4
39 21 0
35 13 0
49 21 0
59 18 0
Net_id 23
pin_num 4
27 10 0
39 1 0
35 18 0
26 0 0
Net_id 24
pin_num 4
23 0 0
25 19 0
1 3 0
1 2 0
Net_id 25
pin_num 4
27 31 0
39 29 0
32 18 0
18 29 0
Net_id 26
pin_num 4
46 2 0
52 1 0
28 1 0
38 0 0
Net_id 27
pin_num 4
50 20 0
59 26 0
55 30 0
47 23 0
Net_id 28
pin_num 4
9 49 0
19 58 0
26 59 0
37 59 0
Net_id 29
pin_num 4
40 33 0
28 27 0
9 27 0
28 16 0
Net_id 30
pin_num 4
18 44 0
30 41 0
23 55 0
13 57 0
Net_id 31
pin_num 4
33 1 0
22 10 0
9 10 0
26 2 0
Net_id 32
pin_num 4
6 2 0
0 7 0
4 15 0
7 14 0
Net_id 33
pin_num 4
7 17 0
9 21 0
26 21 0
5 7 0
Net_id 34
pin_num 4
24 41 0
13 40 0
18 26 0
1 34 0
Net_id 35
pin_num 4
45 20 0
54 15 0
49 1 0
50 10 0
Net_id 36
pin_num 4
46 48 0
52 46 0
50 25 0
31 37 0
Net_id 37
pin_num 4
22 56 0
31 49 0
15 57 0
38 59 0
Net_id 38
pin_num 3
47 38 0
37 27 0
16 32 0
Net_id 39
pin_num 3
14 24 0
3 31 0
0 18 0
Net_id 40
pin_num 3
53 38 0
58 48 0
31 44 0
Net_id 41
pin_num 3
25 12 0
16 11 0
23 6 0
Net_id 42
pin_num 3
11 16 0
1 23 0
15 19 0
Net_id 43
pin_num 3
43 3 0
26 11 0
40 16 0
Net_id 44
pin_num 3
39 0 0
45 14 0
40 2 0
Net_id 45
pin_num 3
50 54 0
53 46 0
52 43 0
Net_id 46
pin_num 3
2 15 0
5 5 0
3 25 0
Net_id 47
pin_num 3
24 6 0
34 14 0
34 41 0
Net_id 48
pin_num 3
43 53 0
17 57 0
56 50 0
Net_id 49
pin_num 3
57 54 0
58 49 0
54 50 0
Net_id 50
pin_num 3
20 15 0
38 15 0
39 4 0
Net_id 51
pin_num 3
19 52 0
3 52 0
14 46 0
Net_id 52
pin_num 3
49 19 0
30 14 0
23 9 0
Net_id 53
pin_num 3
16 46 0
21 53 0
15 24 0
Net_id 54
pin_num 3
32 24 0
47 34 0
56 32 0
Net_id 55
pin_num 3
55 50 0
55 19 0
46 45 0
Net_id 56
pin_num 3
30 33 0
38 20 0
58 59 0
Net_id 57
pin_num 3
53 21 0
50 17 0
12 23 0
Net_id 58
pin_num 3
18 30 0
4 32 0
1 37 0
Net_id 59
pin_num 3
10 56 0
28 47 0
27 28 0
Net_id 60
pin_num 3
20 0 0
22 5 0
21 6 0
Net_id 61
pin_num 3
22 14 0
6 27 0
24 39 0
Net_id 62
pin_num 3
38 4 0
15 11 0
45 7 0
Net_id 63
pin_num 3
57 41 0
39 45 0
52 33 0
Net_id 64
pin_num 3
40 24 0
46 24 0
28 28 0
Net_id 65
pin_num 3
29 11 0
45 13 0
37 1 0
Net_id 66
pin_num 3
30 48 0
28 57 0
21 57 0
Net_id 67
pin_num 3
17 7 0
28 7 0
31 4 0
Net_id 68
pin_num 3
46 54 0
53 58 0
47 36 0
Net_id 69
pin_num 3
30 12 0
53 5 0
23 16 0
Net_id 70
pin_num 3
31 41 0
33 38 0
38 39 0
Net_id 71
pin_num 3
10 11 0
3 11 0
1 8 0
Net_id 72
pin_num 3
41 20 0
38 28 0
48 28 0
Net_id 73
pin_num 3
15 17 0
24 16 0
23 24 0
Net_id 74
pin_num 3
58 55 0
45 48 0
45 54 0
Net_id 75
pin_num 3
50 33 0
56 24 0
59 4 0
Net_id 76
pin_num 3
41 23 0
48 8 0
32 23 0
Net_id 77
pin_num 3
44 48 0
38 47 0
54 51 0
Net_id 78
pin_num 3
43 26 0
51 9 0
37 40 0
Net_id 79
pin_num 2
8 8 0
3 6 0
Net_id 80
pin_num 2
10 12 0
12 3 0
Net_id 81
pin_num 2
28 14 0
11 5 0
Net_id 82
pin_num 2
46 51 0
52 50 0
Net_id 83
pin_num 2
17 49 0
0 47 0
Net_id 84
pin_num 2
57 9 0
37 25 0
Net_id 85
pin_num 2
36 14 0
27 21 0
Net_id 86
pin_num 2
18 1 0
38 12 0
Net_id 87
pin_num 2
1 6 0
3 8 0
Net_id 88
pin_num 2
30 34 0
44 40 0
Net_id 89
pin_num 2
1 25 0
6 53 0
Net_id 90
pin_num 2
19 19 0
11 29 0
Net_id 91
pin_num 2
35 46 0
44 43 0
Net_id 92
pin_num 2
15 27 0
29 45 0
Net_id 93
pin_num 2
17 34 0
19 38 0
Net_id 94
pin_num 2
15 12 0
12 2 0
Net_id 95
pin_num 2
53 16 0
45 2 0
Net_id 96
pin_num 2
55 29 0
49 20 0
Net_id 97
pin_num 2
32 14 0
10 5 0
Net_id 98
pin_num 2
49 45 0
52 28 0
Net_id 99
pin_num 2
53 18 0
57 23 0
Net_id 100
pin_num 2
59 15 0
31 26 0
Net_id 101
pin_num 2
33 48 0
52 27 0
Net_id 102
pin_num 2
23 25 0
1 13 0
Net_id 103
pin_num 2
37 44 0
46 47 0
Net_id 104
pin_num 2
21 51 0
24 53 0
Net_id 105
pin_num 2
15 51 0
19 57 0
Net_id 106
pin_num 2
36 12 0
19 0 0
Net_id 107
pin_num 2
17 16 0
3 9 0
Net_id 108
pin_num 2
48 22 0
57 5 0
Net_id 109
pin_num 2
23 53 0
18 57 0
Net_id 110
pin_num 2
2 0 0
12 14 0
Net_id 111
pin_num 2
0 51 0
11 44 0
Net_id 112
pin_num 2
9 53 0
9 58 0
Net_id 113
pin_num 2
20 43 0
31 42 0
Net_id 114
pin_num 2
0 31 0
3 39 0
Net_id 115
pin_num 2
6 3 0
3 0 0
Net_id 116
pin_num 2
26 47 0
27 58 0
Net_id 117
pin_num 2
15 6 0
10 6 0
Net_id 118
pin_num 2
14 44 0
17 47 0
Net_id 119
pin_num 2
52 14 0
21 12 0
Net_id 120
pin_num 2
24 23 0
34 30 0
Net_id 121
pin_num 2
54 30 0
48 47 0
Net_id 122
pin_num 2
43 37 0
56 36 0
Net_id 123
pin_num 2
37 57 0
34 47 0
Net_id 124
pin_num 2
26 28 0
11 32 0
Net_id 125
pin_num 2
59 49 0
57 40 0
Net_id 126
pin_num 2
45 16 0
42 25 0
Net_id 127
pin_num 2
43 58 0
30 38 0
Net_id 128
pin_num 2
57 31 0
54 16 0
Net_id 129
pin_num 2
6 37 0
1 55 0
Net_id 130
pin_num 2
21 49 0
0 44 0
Net_id 131
pin_num 2
36 51 0
41 45 0
Net_id 132
pin_num 2
3 21 0
1 35 0
Net_id 133
pin_num 2
44 9 0
27 2 0
Net_id 134
pin_num 2
28 50 0
20 53 0
Net_id 135
pin_num 2
28 46 0
8 49 0
Net_id 136
pin_num 2
51 13 0
58 5 0
Net_id 137
pin_num 2
50 19 0
57 17 0
Net_id 138
pin_num 2
5 49 0
21 31 0
Net_id 139
pin_num 2
7 56 0
2 42 0
Net_id 140
pin_num 2
14 40 0
29 57 0
Net_id 141
pin_num 2
24 34 0
28 34 0
Net_id 142
pin_num 2
7 33 0
1 53 0
Net_id 143
pin_num 2
15 53 0
37 54 0
Net_id 144
pin_num 2
44 17 0
46 23 0
Net_id 145
pin_num 2
48 16 0
21 30 0
Net_id 146
pin_num 2
9 37 0
4 34 0
Net_id 147
pin_num 2
15 18 0
38 14 0
Net_id 148
pin_num 2
44 14 0
38 1 0
Net_id 149
pin_num 2
27 16 0
26 25 0
Net_id 150
pin_num 2
53 0 0
54 9 0
Net_id 151
pin_num 2
33 20 0
39 15 0
Net_id 152
pin_num 2
2 19 0
10 2 0
Net_id 153
pin_num 2
4 46 0
12 47 0
Net_id 154
pin_num 2
59 19 0
47 55 0
Net_id 155
pin_num 2
32 21 0
2 6 0
Net_id 156
pin_num 2
14 36 0
11 34 0
