Width 60
Height 60
Layer 6
Total_WL 6668
Obstacle_num 144
27 6 0 35 7 0
14 11 0 18 12 0
22 20 0 25 21 0
46 20 0 54 21 0
21 21 0 28 22 0
10 1 0 14 2 0
46 54 0 52 55 0
48 55 0 56 56 0
2 50 0 12 51 0
0 26 0 5 27 0
42 29 0 45 30 0
20 39 0 30 40 0
13 18 0 23 19 0
13 14 0 17 15 0
45 2 0 54 3 0
40 14 0 47 15 0
19 31 0 29 32 0
31 1 0 40 2 0
49 7 0 55 8 0
45 48 0 54 49 0
49 44 0 54 45 0
28 13 0 33 14 0
7 48 0 13 49 0
36 15 0 46 16 0
25 40 1 26 49 1
27 44 1 28 47 1
23 9 1 24 12 1
56 11 1 57 15 1
19 41 1 20 50 1
17 50 1 18 58 1
51 24 1 52 33 1
29 13 1 30 18 1
10 55 1 11 59 1
21 42 1 22 49 1
38 4 1 39 10 1
14 44 1 15 51 1
55 15 1 56 18 1
54 19 1 55 28 1
14 30 1 15 33 1
36 48 1 37 54 1
48 5 1 49 10 1
57 1 1 58 6 1
9 22 1 10 30 1
2 21 1 3 28 1
34 0 1 35 5 1
28 23 1 29 30 1
16 2 1 17 6 1
5 32 1 6 40 1
40 12 2 50 13 2
0 21 2 4 22 2
48 11 2 56 12 2
19 3 2 23 4 2
5 33 2 12 34 2
50 48 2 56 49 2
25 10 2 33 11 2
18 55 2 26 56 2
20 35 2 30 36 2
45 40 2 51 41 2
21 30 2 29 31 2
1 55 2 4 56 2
53 10 2 59 11 2
50 43 2 54 44 2
26 33 2 30 34 2
43 1 2 53 2 2
27 9 2 33 10 2
15 6 2 21 7 2
4 9 2 8 10 2
39 33 2 49 34 2
32 24 2 39 25 2
28 23 2 33 24 2
54 51 2 59 52 2
0 2 2 8 3 2
17 5 3 18 11 3
4 53 3 5 57 3
51 49 3 52 59 3
7 6 3 8 10 3
33 45 3 34 55 3
6 23 3 7 30 3
6 0 3 7 4 3
24 15 3 25 21 3
50 1 3 51 9 3
41 9 3 42 16 3
21 8 3 22 16 3
31 7 3 32 11 3
1 18 3 2 28 3
16 48 3 17 56 3
12 47 3 13 54 3
1 35 3 2 41 3
53 36 3 54 39 3
25 42 3 26 45 3
22 10 3 23 15 3
52 45 3 53 50 3
30 43 3 31 47 3
28 8 3 29 15 3
28 28 3 29 34 3
45 36 3 46 44 3
1 38 4 10 39 4
15 28 4 20 29 4
50 34 4 56 35 4
6 36 4 14 37 4
12 41 4 22 42 4
34 50 4 39 51 4
16 48 4 22 49 4
38 6 4 41 7 4
27 5 4 33 6 4
48 40 4 57 41 4
39 47 4 42 48 4
48 15 4 52 16 4
36 7 4 43 8 4
35 22 4 43 23 4
10 32 4 18 33 4
46 42 4 51 43 4
51 2 4 57 3 4
47 19 4 57 20 4
26 46 4 31 47 4
18 40 4 26 41 4
29 18 4 33 19 4
24 42 4 27 43 4
40 14 4 44 15 4
5 20 4 9 21 4
28 14 5 29 20 5
34 16 5 35 21 5
47 13 5 48 23 5
56 0 5 57 7 5
16 43 5 17 46 5
44 5 5 45 14 5
21 52 5 22 55 5
34 25 5 35 33 5
35 3 5 36 11 5
8 38 5 9 41 5
28 2 5 29 6 5
3 26 5 4 33 5
31 17 5 32 25 5
29 17 5 30 20 5
36 39 5 37 44 5
15 39 5 16 48 5
36 5 5 37 9 5
27 0 5 28 7 5
52 23 5 53 31 5
33 1 5 34 10 5
36 10 5 37 13 5
46 30 5 47 37 5
30 25 5 31 29 5
20 8 5 21 17 5
Net_num 156
Net_id 0
pin_num 5
54 37 0
56 45 0
47 39 0
35 37 0
47 41 0
Net_id 1
pin_num 5
16 56 0
2 59 0
5 42 0
18 56 0
18 41 0
Net_id 2
pin_num 5
19 38 0
21 38 0
20 59 0
13 38 0
35 39 0
Net_id 3
pin_num 5
45 26 0
59 33 0
50 31 0
59 40 0
59 19 0
Net_id 4
pin_num 5
30 53 0
14 53 0
35 53 0
58 53 0
35 43 0
Net_id 5
pin_num 5
6 41 0
8 36 0
12 38 0
7 49 0
14 45 0
Net_id 6
pin_num 5
15 2 0
12 6 0
31 2 0
37 0 0
24 17 0
Net_id 7
pin_num 5
3 24 0
9 14 0
5 40 0
0 9 0
0 19 0
Net_id 8
pin_num 5
8 37 0
11 28 0
0 36 0
10 46 0
32 37 0
Net_id 9
pin_num 5
48 23 0
54 14 0
58 17 0
53 0 0
51 4 0
Net_id 10
pin_num 5
36 58 0
41 58 0
37 44 0
33 45 0
13 53 0
Net_id 11
pin_num 5
42 8 0
36 14 0
39 0 0
38 16 0
33 8 0
Net_id 12
pin_num 5
16 43 0
14 36 0
29 42 0
19 42 0
18 59 0
Net_id 13
pin_num 5
57 6 0
48 6 0
40 1 0
50 10 0
43 8 0
Net_id 14
pin_num 5
21 14 0
17 21 0
20 6 0
41 13 0
5 9 0
Net_id 15
pin_num 5
35 23 0
27 19 0
32 34 0
28 43 0
31 33 0
Net_id 16
pin_num 5
41 7 0
37 16 0
39 34 0
29 32 0
40 38 0
Net_id 17
pin_num 5
42 19 0
56 18 0
44 1 0
21 6 0
35 3 0
Net_id 18
pin_num 4
51 49 0
40 51 0
35 59 0
44 36 0
Net_id 19
pin_num 4
3 22 0
2 20 0
20 20 0
3 10 0
Net_id 20
pin_num 4
11 39 0
1 45 0
7 30 0
0 44 0
Net_id 21
pin_num 4
38 28 0
42 30 0
41 47 0
51 45 0
Net_id 22
pin_num 4
59 44 0
51 56 0
57 29 0
43 48 0
Net_id 23
pin_num 4
32 43 0
30 58 0
52 52 0
38 42 0
Net_id 24
pin_num 4
47 46 0
39 49 0
43 38 0
39 41 0
Net_id 25
pin_num 4
58 10 0
52 21 0
44 11 0
43 17 0
Net_id 26
pin_num 4
47 7 0
43 4 0
41 5 0
46 0 0
Net_id 27
pin_num 4
4 30 0
1 33 0
4 46 0
6 34 0
Net_id 28
pin_num 4
32 50 0
32 56 0
10 51 0
36 43 0
Net_id 29
pin_num 4
32 19 0
24 22 0
24 38 0
30 9 0
Net_id 30
pin_num 4
14 4 0
12 0 0
12 10 0
4 0 0
Net_id 31
pin_num 4
21 15 0
19 8 0
1 8 0
26 14 0
Net_id 32
pin_num 4
50 4 0
47 10 0
33 9 0
39 30 0
Net_id 33
pin_num 4
2 7 0
3 3 0
3 9 0
7 1 0
Net_id 34
pin_num 4
26 42 0
30 38 0
31 29 0
58 39 0
Net_id 35
pin_num 4
49 9 0
59 10 0
59 17 0
46 6 0
Net_id 36
pin_num 4
47 40 0
50 24 0
53 12 0
43 28 0
Net_id 37
pin_num 4
15 59 0
17 49 0
38 57 0
34 59 0
Net_id 38
pin_num 3
38 22 0
44 22 0
59 13 0
Net_id 39
pin_num 3
45 29 0
56 21 0
54 54 0
Net_id 40
pin_num 3
37 2 0
41 11 0
10 7 0
Net_id 41
pin_num 3
51 38 0
42 57 0
56 47 0
Net_id 42
pin_num 3
57 11 0
58 16 0
54 2 0
Net_id 43
pin_num 3
20 56 0
33 51 0
32 49 0
Net_id 44
pin_num 3
36 34 0
45 42 0
37 17 0
Net_id 45
pin_num 3
57 36 0
46 55 0
46 36 0
Net_id 46
pin_num 3
23 4 0
33 4 0
31 18 0
Net_id 47
pin_num 3
53 51 0
34 48 0
38 55 0
Net_id 48
pin_num 3
29 15 0
43 2 0
41 24 0
Net_id 49
pin_num 3
45 8 0
59 0 0
47 18 0
Net_id 50
pin_num 3
29 28 0
20 30 0
22 56 0
Net_id 51
pin_num 3
8 0 0
10 4 0
0 20 0
Net_id 52
pin_num 3
0 34 0
8 18 0
22 43 0
Net_id 53
pin_num 3
39 31 0
28 22 0
40 40 0
Net_id 54
pin_num 3
16 49 0
16 58 0
15 34 0
Net_id 55
pin_num 3
5 21 0
1 32 0
3 52 0
Net_id 56
pin_num 3
13 10 0
35 4 0
2 6 0
Net_id 57
pin_num 3
10 22 0
0 45 0
15 29 0
Net_id 58
pin_num 3
14 47 0
0 56 0
5 41 0
Net_id 59
pin_num 3
41 35 0
35 35 0
36 17 0
Net_id 60
pin_num 3
33 54 0
9 55 0
22 48 0
Net_id 61
pin_num 3
37 46 0
30 30 0
50 30 0
Net_id 62
pin_num 3
7 0 0
0 15 0
7 28 0
Net_id 63
pin_num 3
44 21 0
31 21 0
59 34 0
Net_id 64
pin_num 3
38 36 0
56 20 0
42 17 0
Net_id 65
pin_num 3
37 26 0
54 12 0
21 20 0
Net_id 66
pin_num 3
38 45 0
56 54 0
37 43 0
Net_id 67
pin_num 3
34 41 0
43 35 0
41 57 0
Net_id 68
pin_num 3
53 1 0
32 11 0
51 33 0
Net_id 69
pin_num 3
34 2 0
20 17 0
21 0 0
Net_id 70
pin_num 3
55 15 0
57 0 0
33 14 0
Net_id 71
pin_num 3
1 10 0
2 4 0
11 0 0
Net_id 72
pin_num 3
44 41 0
34 50 0
46 59 0
Net_id 73
pin_num 3
16 57 0
1 59 0
1 46 0
Net_id 74
pin_num 3
31 5 0
46 15 0
53 21 0
Net_id 75
pin_num 3
24 41 0
35 29 0
14 35 0
Net_id 76
pin_num 3
40 47 0
15 47 0
56 56 0
Net_id 77
pin_num 3
6 1 0
16 12 0
6 17 0
Net_id 78
pin_num 2
26 32 0
18 38 0
Net_id 79
pin_num 2
32 58 0
49 41 0
Net_id 80
pin_num 2
0 37 0
6 40 0
Net_id 81
pin_num 2
49 14 0
42 13 0
Net_id 82
pin_num 2
22 50 0
24 59 0
Net_id 83
pin_num 2
19 11 0
35 15 0
Net_id 84
pin_num 2
12 33 0
4 47 0
Net_id 85
pin_num 2
58 43 0
46 43 0
Net_id 86
pin_num 2
26 58 0
29 57 0
Net_id 87
pin_num 2
20 13 0
6 5 0
Net_id 88
pin_num 2
26 34 0
1 42 0
Net_id 89
pin_num 2
32 32 0
28 32 0
Net_id 90
pin_num 2
51 41 0
58 5 0
Net_id 91
pin_num 2
59 48 0
52 58 0
Net_id 92
pin_num 2
18 28 0
34 33 0
Net_id 93
pin_num 2
58 2 0
54 13 0
Net_id 94
pin_num 2
38 5 0
17 0 0
Net_id 95
pin_num 2
5 15 0
12 29 0
Net_id 96
pin_num 2
52 38 0
52 32 0
Net_id 97
pin_num 2
16 54 0
6 45 0
Net_id 98
pin_num 2
8 19 0
4 3 0
Net_id 99
pin_num 2
4 10 0
11 7 0
Net_id 100
pin_num 2
1 54 0
19 54 0
Net_id 101
pin_num 2
8 52 0
25 50 0
Net_id 102
pin_num 2
16 26 0
18 22 0
Net_id 103
pin_num 2
58 42 0
42 43 0
Net_id 104
pin_num 2
48 50 0
36 57 0
Net_id 105
pin_num 2
19 40 0
4 51 0
Net_id 106
pin_num 2
55 20 0
58 32 0
Net_id 107
pin_num 2
21 19 0
25 25 0
Net_id 108
pin_num 2
23 59 0
6 49 0
Net_id 109
pin_num 2
54 40 0
59 18 0
Net_id 110
pin_num 2
33 30 0
42 36 0
Net_id 111
pin_num 2
26 8 0
9 13 0
Net_id 112
pin_num 2
53 24 0
58 27 0
Net_id 113
pin_num 2
37 23 0
56 16 0
Net_id 114
pin_num 2
33 24 0
19 25 0
Net_id 115
pin_num 2
38 56 0
36 55 0
Net_id 116
pin_num 2
42 47 0
46 58 0
Net_id 117
pin_num 2
18 32 0
1 44 0
Net_id 118
pin_num 2
4 59 0
6 47 0
Net_id 119
pin_num 2
32 28 0
54 16 0
Net_id 120
pin_num 2
51 47 0
58 33 0
Net_id 121
pin_num 2
18 30 0
9 34 0
Net_id 122
pin_num 2
1 35 0
12 37 0
Net_id 123
pin_num 2
30 7 0
16 19 0
Net_id 124
pin_num 2
46 40 0
42 38 0
Net_id 125
pin_num 2
12 17 0
22 4 0
Net_id 126
pin_num 2
25 13 0
28 1 0
Net_id 127
pin_num 2
13 25 0
18 26 0
Net_id 128
pin_num 2
15 28 0
1 25 0
Net_id 129
pin_num 2
35 6 0
43 13 0
Net_id 130
pin_num 2
22 40 0
45 44 0
Net_id 131
pin_num 2
35 20 0
55 57 0
Net_id 132
pin_num 2
9 26 0
2 17 0
Net_id 133
pin_num 2
23 23 0
15 26 0
Net_id 134
pin_num 2
7 38 0
32 59 0
Net_id 135
pin_num 2
39 43 0
34 51 0
Net_id 136
pin_num 2
5 43 0
43 31 0
Net_id 137
pin_num 2
10 28 0
6 21 0
Net_id 138
pin_num 2
29 45 0
19 58 0
Net_id 139
pin_num 2
13 37 0
24 30 0
Net_id 140
pin_num 2
48 56 0
51 59 0
Net_id 141
pin_num 2
45 41 0
55 27 0
Net_id 142
pin_num 2
1 55 0
9 40 0
Net_id 143
pin_num 2
45 34 0
58 30 0
Net_id 144
pin_num 2
52 5 0
44 5 0
Net_id 145
pin_num 2
44 25 0
32 22 0
Net_id 146
pin_num 2
16 17 0
4 4 0
Net_id 147
pin_num 2
34 7 0
29 11 0
Net_id 148
pin_num 2
5 23 0
3 29 0
Net_id 149
pin_num 2
52 27 0
43 49 0
Net_id 150
pin_num 2
43 32 0
37 32 0
Net_id 151
pin_num 2
37 11 0
18 15 0
Net_id 152
pin_num 2
34 34 0
58 3 0
Net_id 153
pin_num 2
32 38 0
31 55 0
Net_id 154
pin_num 2
54 51 0
58 50 0
Net_id 155
pin_num 2
35 27 0
46 35 0
