Width 60
Height 60
Layer 6
Total_WL 6682
Obstacle_num 144
7 16 0 10 17 0
9 1 0 15 2 0
40 53 0 45 54 0
36 46 0 44 47 0
50 50 0 56 51 0
28 32 0 35 33 0
13 50 0 22 51 0
48 57 0 57 58 0
31 14 0 40 15 0
4 18 0 11 19 0
15 3 0 21 4 0
9 58 0 17 59 0
40 33 0 43 34 0
7 20 0 10 21 0
1 13 0 6 14 0
36 52 0 42 53 0
48 58 0 58 59 0
20 49 0 29 50 0
26 55 0 34 56 0
44 23 0 49 24 0
4 28 0 9 29 0
25 16 0 34 17 0
15 18 0 20 19 0
26 2 0 30 3 0
37 33 1 38 40 1
9 33 1 10 43 1
16 40 1 17 50 1
21 52 1 22 57 1
26 17 1 27 25 1
58 11 1 59 20 1
54 13 1 55 19 1
0 7 1 1 17 1
35 38 1 36 42 1
33 25 1 34 32 1
11 29 1 12 36 1
17 43 1 18 50 1
48 43 1 49 51 1
36 38 1 37 47 1
48 27 1 49 30 1
57 52 1 58 58 1
9 44 1 10 52 1
10 14 1 11 18 1
16 14 1 17 20 1
32 12 1 33 20 1
9 18 1 10 24 1
3 44 1 4 54 1
19 21 1 20 27 1
39 48 1 40 52 1
44 2 2 54 3 2
7 54 2 12 55 2
15 45 2 23 46 2
5 42 2 9 43 2
40 56 2 44 57 2
29 6 2 33 7 2
8 35 2 16 36 2
20 47 2 26 48 2
38 49 2 48 50 2
40 26 2 44 27 2
43 55 2 50 56 2
27 40 2 33 41 2
32 20 2 42 21 2
18 26 2 22 27 2
7 2 2 15 3 2
50 28 2 55 29 2
8 50 2 16 51 2
30 39 2 39 40 2
37 9 2 45 10 2
3 39 2 10 40 2
30 54 2 36 55 2
39 37 2 46 38 2
20 5 2 27 6 2
41 58 2 44 59 2
41 50 3 42 56 3
21 41 3 22 51 3
47 27 3 48 36 3
1 36 3 2 45 3
12 42 3 13 48 3
13 25 3 14 33 3
0 32 3 1 39 3
1 1 3 2 9 3
22 13 3 23 23 3
11 43 3 12 50 3
41 3 3 42 12 3
8 0 3 9 9 3
5 51 3 6 58 3
37 32 3 38 40 3
52 28 3 53 33 3
28 29 3 29 37 3
45 35 3 46 43 3
32 51 3 33 58 3
19 0 3 20 7 3
34 1 3 35 7 3
19 34 3 20 43 3
56 17 3 57 27 3
45 22 3 46 28 3
54 49 3 55 54 3
11 47 4 18 48 4
32 38 4 39 39 4
45 10 4 55 11 4
18 58 4 28 59 4
8 7 4 16 8 4
36 27 4 41 28 4
48 49 4 52 50 4
24 25 4 33 26 4
20 4 4 25 5 4
44 39 4 52 40 4
33 34 4 43 35 4
37 31 4 45 32 4
40 57 4 44 58 4
55 43 4 59 44 4
29 23 4 37 24 4
52 14 4 57 15 4
32 7 4 39 8 4
7 0 4 15 1 4
24 6 4 29 7 4
40 52 4 47 53 4
8 51 4 12 52 4
43 2 4 46 3 4
7 16 4 15 17 4
47 17 4 55 18 4
55 51 5 56 58 5
9 31 5 10 35 5
32 25 5 33 30 5
10 33 5 11 38 5
20 1 5 21 10 5
30 7 5 31 13 5
6 8 5 7 15 5
44 52 5 45 59 5
13 1 5 14 11 5
57 47 5 58 54 5
17 56 5 18 59 5
29 13 5 30 16 5
24 26 5 25 30 5
16 10 5 17 15 5
19 1 5 20 5 5
36 33 5 37 40 5
53 40 5 54 46 5
22 38 5 23 42 5
58 27 5 59 35 5
46 35 5 47 44 5
41 12 5 42 18 5
23 28 5 24 38 5
5 48 5 6 57 5
4 32 5 5 38 5
Net_num 162
Net_id 0
pin_num 5
5 20 0
3 18 0
6 4 0
1 6 0
1 32 0
Net_id 1
pin_num 5
46 51 0
50 59 0
59 56 0
49 38 0
56 48 0
Net_id 2
pin_num 5
29 51 0
15 49 0
2 49 0
18 57 0
4 59 0
Net_id 3
pin_num 5
34 58 0
28 57 0
39 45 0
24 48 0
17 55 0
Net_id 4
pin_num 5
4 47 0
7 34 0
22 34 0
29 35 0
10 39 0
Net_id 5
pin_num 5
45 21 0
39 20 0
44 0 0
42 7 0
24 9 0
Net_id 6
pin_num 5
10 41 0
10 45 0
33 45 0
15 27 0
0 35 0
Net_id 7
pin_num 5
31 53 0
39 57 0
30 57 0
30 47 0
49 46 0
Net_id 8
pin_num 5
14 33 0
10 46 0
8 43 0
20 33 0
6 54 0
Net_id 9
pin_num 5
28 8 0
29 5 0
36 5 0
36 0 0
22 11 0
Net_id 10
pin_num 5
19 39 0
7 56 0
1 39 0
4 38 0
6 50 0
Net_id 11
pin_num 5
33 31 0
36 36 0
34 48 0
46 46 0
14 46 0
Net_id 12
pin_num 5
37 31 0
34 19 0
35 13 0
49 21 0
41 28 0
Net_id 13
pin_num 5
13 23 0
5 24 0
26 23 0
13 41 0
28 41 0
Net_id 14
pin_num 5
16 9 0
5 14 0
5 36 0
13 6 0
4 50 0
Net_id 15
pin_num 5
28 58 0
25 59 0
25 52 0
9 52 0
24 58 0
Net_id 16
pin_num 5
34 57 0
15 57 0
22 43 0
34 49 0
26 54 0
Net_id 17
pin_num 5
7 36 0
19 37 0
35 34 0
29 41 0
27 25 0
Net_id 18
pin_num 5
12 54 0
0 57 0
10 57 0
11 57 0
12 51 0
Net_id 19
pin_num 5
58 46 0
56 45 0
57 22 0
40 41 0
54 52 0
Net_id 20
pin_num 5
4 22 0
21 25 0
12 12 0
4 15 0
9 15 0
Net_id 21
pin_num 4
34 18 0
28 17 0
17 28 0
18 25 0
Net_id 22
pin_num 4
35 38 0
26 34 0
32 44 0
31 20 0
Net_id 23
pin_num 4
20 51 0
4 56 0
6 38 0
17 58 0
Net_id 24
pin_num 4
41 18 0
43 8 0
59 20 0
50 26 0
Net_id 25
pin_num 4
44 11 0
53 11 0
45 19 0
36 22 0
Net_id 26
pin_num 4
27 8 0
15 8 0
4 0 0
15 11 0
Net_id 27
pin_num 4
16 52 0
28 52 0
14 52 0
0 53 0
Net_id 28
pin_num 4
19 17 0
14 19 0
18 5 0
25 21 0
Net_id 29
pin_num 4
2 50 0
1 52 0
1 58 0
2 54 0
Net_id 30
pin_num 4
8 19 0
19 27 0
11 27 0
18 2 0
Net_id 31
pin_num 4
35 55 0
35 59 0
16 38 0
36 54 0
Net_id 32
pin_num 4
44 15 0
23 16 0
38 36 0
52 15 0
Net_id 33
pin_num 4
46 56 0
23 56 0
47 58 0
43 48 0
Net_id 34
pin_num 4
6 32 0
1 48 0
2 51 0
3 43 0
Net_id 35
pin_num 4
47 52 0
52 35 0
52 26 0
39 27 0
Net_id 36
pin_num 4
35 20 0
41 25 0
28 21 0
54 25 0
Net_id 37
pin_num 4
11 11 0
19 11 0
25 18 0
15 26 0
Net_id 38
pin_num 4
57 43 0
53 49 0
55 56 0
55 25 0
Net_id 39
pin_num 4
9 3 0
18 1 0
19 5 0
20 17 0
Net_id 40
pin_num 4
25 47 0
29 34 0
43 41 0
31 19 0
Net_id 41
pin_num 3
19 2 0
41 1 0
44 4 0
Net_id 42
pin_num 3
8 42 0
20 32 0
14 40 0
Net_id 43
pin_num 3
21 22 0
25 27 0
14 47 0
Net_id 44
pin_num 3
13 4 0
17 12 0
24 10 0
Net_id 45
pin_num 3
58 27 0
40 18 0
54 44 0
Net_id 46
pin_num 3
31 35 0
46 30 0
46 22 0
Net_id 47
pin_num 3
5 40 0
11 52 0
14 53 0
Net_id 48
pin_num 3
42 8 0
36 8 0
58 0 0
Net_id 49
pin_num 3
10 8 0
17 7 0
45 7 0
Net_id 50
pin_num 3
40 5 0
37 3 0
34 7 0
Net_id 51
pin_num 3
23 17 0
12 5 0
27 5 0
Net_id 52
pin_num 3
36 47 0
30 51 0
0 31 0
Net_id 53
pin_num 3
26 5 0
44 22 0
44 38 0
Net_id 54
pin_num 3
38 7 0
59 0 0
34 2 0
Net_id 55
pin_num 3
6 37 0
0 29 0
0 6 0
Net_id 56
pin_num 3
40 10 0
48 5 0
48 22 0
Net_id 57
pin_num 3
59 3 0
37 10 0
39 11 0
Net_id 58
pin_num 3
48 49 0
39 49 0
47 25 0
Net_id 59
pin_num 3
50 27 0
55 15 0
41 12 0
Net_id 60
pin_num 3
52 23 0
50 7 0
59 10 0
Net_id 61
pin_num 3
59 58 0
51 51 0
24 53 0
Net_id 62
pin_num 3
4 19 0
14 14 0
11 25 0
Net_id 63
pin_num 3
27 3 0
32 1 0
40 6 0
Net_id 64
pin_num 3
2 57 0
5 58 0
46 54 0
Net_id 65
pin_num 3
54 46 0
59 47 0
58 51 0
Net_id 66
pin_num 3
18 28 0
34 23 0
45 47 0
Net_id 67
pin_num 3
30 3 0
9 2 0
4 7 0
Net_id 68
pin_num 3
56 25 0
48 26 0
59 39 0
Net_id 69
pin_num 3
3 3 0
0 17 0
16 10 0
Net_id 70
pin_num 3
9 31 0
7 53 0
25 19 0
Net_id 71
pin_num 3
10 17 0
3 12 0
4 21 0
Net_id 72
pin_num 3
50 48 0
56 40 0
51 40 0
Net_id 73
pin_num 3
33 28 0
31 26 0
33 6 0
Net_id 74
pin_num 3
26 38 0
42 55 0
0 49 0
Net_id 75
pin_num 3
1 59 0
8 55 0
7 43 0
Net_id 76
pin_num 3
14 20 0
6 35 0
11 53 0
Net_id 77
pin_num 3
57 48 0
56 50 0
57 17 0
Net_id 78
pin_num 3
51 43 0
39 36 0
48 36 0
Net_id 79
pin_num 3
38 16 0
26 1 0
20 19 0
Net_id 80
pin_num 2
52 20 0
45 1 0
Net_id 81
pin_num 2
37 49 0
29 26 0
Net_id 82
pin_num 2
49 51 0
42 59 0
Net_id 83
pin_num 2
47 24 0
32 29 0
Net_id 84
pin_num 2
5 48 0
18 48 0
Net_id 85
pin_num 2
35 57 0
56 39 0
Net_id 86
pin_num 2
20 55 0
17 56 0
Net_id 87
pin_num 2
38 59 0
42 32 0
Net_id 88
pin_num 2
25 6 0
33 10 0
Net_id 89
pin_num 2
47 8 0
32 21 0
Net_id 90
pin_num 2
21 5 0
5 1 0
Net_id 91
pin_num 2
12 41 0
20 53 0
Net_id 92
pin_num 2
53 52 0
51 56 0
Net_id 93
pin_num 2
8 47 0
23 38 0
Net_id 94
pin_num 2
5 5 0
29 8 0
Net_id 95
pin_num 2
10 2 0
21 6 0
Net_id 96
pin_num 2
6 25 0
6 29 0
Net_id 97
pin_num 2
42 39 0
22 39 0
Net_id 98
pin_num 2
27 23 0
43 6 0
Net_id 99
pin_num 2
56 51 0
58 57 0
Net_id 100
pin_num 2
16 57 0
21 58 0
Net_id 101
pin_num 2
4 43 0
16 31 0
Net_id 102
pin_num 2
35 24 0
40 23 0
Net_id 103
pin_num 2
52 2 0
50 6 0
Net_id 104
pin_num 2
9 10 0
7 3 0
Net_id 105
pin_num 2
4 10 0
2 1 0
Net_id 106
pin_num 2
31 44 0
24 44 0
Net_id 107
pin_num 2
8 39 0
3 35 0
Net_id 108
pin_num 2
46 27 0
44 37 0
Net_id 109
pin_num 2
2 28 0
9 43 0
Net_id 110
pin_num 2
4 23 0
0 21 0
Net_id 111
pin_num 2
0 9 0
11 8 0
Net_id 112
pin_num 2
12 16 0
17 29 0
Net_id 113
pin_num 2
44 47 0
53 39 0
Net_id 114
pin_num 2
30 7 0
17 6 0
Net_id 115
pin_num 2
24 25 0
30 30 0
Net_id 116
pin_num 2
37 54 0
46 58 0
Net_id 117
pin_num 2
16 30 0
39 18 0
Net_id 118
pin_num 2
57 29 0
40 40 0
Net_id 119
pin_num 2
13 33 0
7 41 0
Net_id 120
pin_num 2
51 17 0
29 19 0
Net_id 121
pin_num 2
55 33 0
48 33 0
Net_id 122
pin_num 2
53 29 0
42 1 0
Net_id 123
pin_num 2
24 27 0
10 20 0
Net_id 124
pin_num 2
53 42 0
40 55 0
Net_id 125
pin_num 2
27 31 0
16 29 0
Net_id 126
pin_num 2
2 47 0
2 53 0
Net_id 127
pin_num 2
9 46 0
21 51 0
Net_id 128
pin_num 2
7 38 0
22 42 0
Net_id 129
pin_num 2
15 52 0
7 47 0
Net_id 130
pin_num 2
23 21 0
40 14 0
Net_id 131
pin_num 2
12 15 0
17 19 0
Net_id 132
pin_num 2
15 43 0
11 43 0
Net_id 133
pin_num 2
28 18 0
31 41 0
Net_id 134
pin_num 2
24 20 0
16 13 0
Net_id 135
pin_num 2
12 32 0
7 31 0
Net_id 136
pin_num 2
27 24 0
41 23 0
Net_id 137
pin_num 2
57 13 0
45 2 0
Net_id 138
pin_num 2
1 34 0
14 32 0
Net_id 139
pin_num 2
20 12 0
42 5 0
Net_id 140
pin_num 2
50 42 0
41 41 0
Net_id 141
pin_num 2
17 49 0
26 33 0
Net_id 142
pin_num 2
41 38 0
12 31 0
Net_id 143
pin_num 2
32 51 0
41 43 0
Net_id 144
pin_num 2
56 47 0
37 55 0
Net_id 145
pin_num 2
21 24 0
42 43 0
Net_id 146
pin_num 2
53 23 0
58 24 0
Net_id 147
pin_num 2
45 39 0
51 36 0
Net_id 148
pin_num 2
41 22 0
17 32 0
Net_id 149
pin_num 2
59 32 0
36 34 0
Net_id 150
pin_num 2
15 37 0
25 20 0
Net_id 151
pin_num 2
53 19 0
59 17 0
Net_id 152
pin_num 2
41 40 0
43 28 0
Net_id 153
pin_num 2
55 35 0
50 36 0
Net_id 154
pin_num 2
16 56 0
20 48 0
Net_id 155
pin_num 2
20 58 0
10 53 0
Net_id 156
pin_num 2
50 2 0
33 2 0
Net_id 157
pin_num 2
10 33 0
24 16 0
Net_id 158
pin_num 2
12 27 0
23 10 0
Net_id 159
pin_num 2
46 57 0
32 47 0
Net_id 160
pin_num 2
44 51 0
36 51 0
Net_id 161
pin_num 2
34 16 0
31 12 0
