Width 60
Height 60
Layer 6
Total_WL 6861
Obstacle_num 144
26 17 0 29 18 0
39 26 0 49 27 0
2 6 0 9 7 0
5 35 0 11 36 0
41 50 0 50 51 0
21 7 0 28 8 0
17 10 0 25 11 0
51 51 0 56 52 0
31 44 0 34 45 0
37 52 0 47 53 0
7 8 0 13 9 0
21 11 0 26 12 0
45 25 0 48 26 0
54 46 0 57 47 0
47 21 0 51 22 0
34 35 0 39 36 0
22 20 0 31 21 0
39 23 0 46 24 0
21 30 0 27 31 0
48 23 0 54 24 0
42 44 0 46 45 0
5 0 0 12 1 0
19 58 0 26 59 0
29 1 0 35 2 0
57 3 1 58 9 1
48 21 1 49 31 1
52 39 1 53 44 1
28 5 1 29 14 1
21 13 1 22 18 1
0 33 1 1 42 1
16 39 1 17 43 1
9 46 1 10 54 1
3 19 1 4 25 1
27 28 1 28 38 1
47 46 1 48 52 1
2 3 1 3 6 1
41 1 1 42 8 1
43 26 1 44 34 1
46 26 1 47 31 1
33 48 1 34 58 1
0 25 1 1 30 1
1 30 1 2 34 1
34 5 1 35 14 1
13 39 1 14 43 1
6 34 1 7 38 1
0 11 1 1 18 1
18 19 1 19 22 1
50 27 1 51 37 1
23 20 2 29 21 2
50 0 2 56 1 2
25 30 2 28 31 2
14 21 2 24 22 2
46 10 2 49 11 2
5 6 2 11 7 2
40 18 2 50 19 2
39 56 2 49 57 2
28 0 2 33 1 2
34 10 2 38 11 2
25 6 2 30 7 2
41 41 2 46 42 2
37 36 2 44 37 2
9 41 2 15 42 2
45 32 2 48 33 2
1 12 2 9 13 2
54 5 2 58 6 2
9 21 2 14 22 2
3 5 2 10 6 2
21 44 2 27 45 2
27 27 2 31 28 2
35 3 2 41 4 2
45 28 2 51 29 2
20 36 2 28 37 2
44 35 3 45 40 3
46 0 3 47 8 3
56 17 3 57 24 3
19 6 3 20 12 3
29 31 3 30 40 3
27 7 3 28 16 3
34 45 3 35 54 3
3 46 3 4 49 3
30 16 3 31 25 3
3 17 3 4 23 3
58 41 3 59 44 3
20 30 3 21 40 3
14 15 3 15 22 3
47 13 3 48 20 3
25 40 3 26 47 3
3 40 3 4 44 3
39 39 3 40 43 3
32 21 3 33 25 3
9 6 3 10 9 3
34 21 3 35 31 3
43 5 3 44 11 3
58 20 3 59 23 3
20 11 3 21 21 3
11 34 3 12 42 3
50 11 4 57 12 4
30 4 4 33 5 4
15 41 4 22 42 4
38 47 4 47 48 4
31 31 4 35 32 4
33 17 4 37 18 4
31 0 4 38 1 4
6 30 4 13 31 4
51 17 4 56 18 4
47 55 4 55 56 4
32 49 4 37 50 4
10 22 4 20 23 4
33 52 4 38 53 4
10 53 4 16 54 4
48 48 4 51 49 4
5 28 4 10 29 4
12 37 4 15 38 4
3 50 4 11 51 4
3 24 4 12 25 4
16 4 4 26 5 4
47 31 4 52 32 4
2 9 4 8 10 4
39 53 4 45 54 4
35 51 4 45 52 4
51 20 5 52 28 5
5 1 5 6 5 5
51 38 5 52 43 5
29 18 5 30 21 5
9 5 5 10 12 5
42 19 5 43 27 5
26 52 5 27 59 5
32 45 5 33 54 5
44 26 5 45 33 5
35 38 5 36 42 5
40 17 5 41 26 5
23 21 5 24 29 5
48 12 5 49 16 5
1 18 5 2 28 5
41 42 5 42 46 5
58 37 5 59 41 5
22 4 5 23 7 5
14 44 5 15 47 5
16 45 5 17 54 5
3 36 5 4 43 5
49 47 5 50 54 5
4 40 5 5 43 5
31 6 5 32 14 5
24 26 5 25 29 5
Net_num 160
Net_id 0
pin_num 5
33 18 0
26 31 0
17 24 0
26 14 0
39 25 0
Net_id 1
pin_num 5
3 57 0
0 54 0
12 57 0
3 38 0
20 55 0
Net_id 2
pin_num 5
0 53 0
9 45 0
7 38 0
3 59 0
31 52 0
Net_id 3
pin_num 5
47 23 0
46 19 0
40 27 0
32 20 0
24 21 0
Net_id 4
pin_num 5
35 38 0
37 31 0
36 56 0
56 39 0
45 49 0
Net_id 5
pin_num 5
32 32 0
41 40 0
34 16 0
38 53 0
24 39 0
Net_id 6
pin_num 5
2 38 0
0 48 0
4 43 0
8 47 0
12 48 0
Net_id 7
pin_num 5
39 32 0
28 35 0
56 32 0
45 22 0
48 43 0
Net_id 8
pin_num 5
4 27 0
1 11 0
6 23 0
7 18 0
0 19 0
Net_id 9
pin_num 5
14 42 0
20 48 0
9 43 0
35 46 0
35 29 0
Net_id 10
pin_num 5
38 3 0
50 10 0
45 13 0
41 0 0
33 6 0
Net_id 11
pin_num 5
54 35 0
46 33 0
53 31 0
57 31 0
53 17 0
Net_id 12
pin_num 5
18 54 0
31 59 0
26 55 0
27 41 0
30 49 0
Net_id 13
pin_num 5
30 17 0
46 17 0
39 24 0
33 13 0
32 21 0
Net_id 14
pin_num 5
11 28 0
16 25 0
33 25 0
38 33 0
4 20 0
Net_id 15
pin_num 5
35 10 0
45 2 0
42 28 0
40 19 0
44 42 0
Net_id 16
pin_num 5
7 44 0
13 31 0
31 36 0
24 35 0
16 51 0
Net_id 17
pin_num 5
5 22 0
0 23 0
14 22 0
16 23 0
11 5 0
Net_id 18
pin_num 5
59 4 0
53 4 0
59 19 0
48 2 0
54 19 0
Net_id 19
pin_num 5
24 8 0
24 12 0
36 11 0
27 1 0
34 4 0
Net_id 20
pin_num 5
29 47 0
25 50 0
5 50 0
18 59 0
25 42 0
Net_id 21
pin_num 5
27 37 0
36 36 0
32 24 0
31 43 0
35 34 0
Net_id 22
pin_num 5
20 3 0
5 1 0
18 12 0
20 18 0
41 5 0
Net_id 23
pin_num 4
53 47 0
50 44 0
55 59 0
59 51 0
Net_id 24
pin_num 4
42 7 0
30 9 0
40 6 0
31 31 0
Net_id 25
pin_num 4
55 55 0
42 48 0
33 59 0
46 59 0
Net_id 26
pin_num 4
11 40 0
2 43 0
8 38 0
0 32 0
Net_id 27
pin_num 4
28 58 0
47 59 0
18 58 0
48 52 0
Net_id 28
pin_num 4
51 59 0
59 52 0
36 54 0
48 58 0
Net_id 29
pin_num 4
17 15 0
6 21 0
0 30 0
14 30 0
Net_id 30
pin_num 4
19 33 0
13 29 0
29 30 0
31 34 0
Net_id 31
pin_num 4
46 31 0
51 33 0
47 40 0
59 33 0
Net_id 32
pin_num 4
53 14 0
35 18 0
35 2 0
48 0 0
Net_id 33
pin_num 4
45 51 0
57 46 0
59 50 0
59 34 0
Net_id 34
pin_num 4
44 46 0
51 53 0
58 55 0
58 40 0
Net_id 35
pin_num 4
58 59 0
55 43 0
46 47 0
53 42 0
Net_id 36
pin_num 4
25 19 0
33 24 0
47 17 0
42 29 0
Net_id 37
pin_num 4
9 14 0
13 12 0
1 15 0
13 0 0
Net_id 38
pin_num 4
42 15 0
55 14 0
47 14 0
33 14 0
Net_id 39
pin_num 4
57 38 0
58 45 0
40 44 0
52 45 0
Net_id 40
pin_num 4
27 52 0
17 49 0
0 49 0
8 54 0
Net_id 41
pin_num 4
24 32 0
45 33 0
41 25 0
36 57 0
Net_id 42
pin_num 4
14 34 0
18 34 0
38 34 0
28 16 0
Net_id 43
pin_num 4
38 4 0
44 4 0
47 8 0
28 3 0
Net_id 44
pin_num 3
25 4 0
31 4 0
29 2 0
Net_id 45
pin_num 3
54 13 0
32 15 0
32 7 0
Net_id 46
pin_num 3
48 7 0
46 4 0
19 2 0
Net_id 47
pin_num 3
18 20 0
25 12 0
25 3 0
Net_id 48
pin_num 3
58 16 0
55 9 0
57 32 0
Net_id 49
pin_num 3
11 25 0
19 38 0
29 29 0
Net_id 50
pin_num 3
35 0 0
27 0 0
33 0 0
Net_id 51
pin_num 3
48 30 0
59 31 0
54 49 0
Net_id 52
pin_num 3
31 6 0
37 22 0
8 21 0
Net_id 53
pin_num 3
58 37 0
34 43 0
52 24 0
Net_id 54
pin_num 3
29 31 0
38 12 0
52 16 0
Net_id 55
pin_num 3
59 59 0
56 51 0
55 47 0
Net_id 56
pin_num 3
47 27 0
52 19 0
43 34 0
Net_id 57
pin_num 3
37 18 0
51 8 0
59 20 0
Net_id 58
pin_num 3
40 29 0
25 28 0
34 31 0
Net_id 59
pin_num 3
10 11 0
2 12 0
24 0 0
Net_id 60
pin_num 3
8 18 0
21 9 0
15 22 0
Net_id 61
pin_num 3
35 55 0
35 56 0
58 53 0
Net_id 62
pin_num 3
18 9 0
9 12 0
23 2 0
Net_id 63
pin_num 3
43 47 0
32 38 0
50 58 0
Net_id 64
pin_num 3
13 35 0
12 38 0
18 51 0
Net_id 65
pin_num 3
13 48 0
37 55 0
37 53 0
Net_id 66
pin_num 3
16 39 0
24 29 0
34 19 0
Net_id 67
pin_num 3
16 4 0
27 22 0
16 1 0
Net_id 68
pin_num 3
55 53 0
42 55 0
39 47 0
Net_id 69
pin_num 3
31 41 0
38 44 0
27 26 0
Net_id 70
pin_num 3
6 58 0
5 54 0
1 49 0
Net_id 71
pin_num 3
55 35 0
46 40 0
53 9 0
Net_id 72
pin_num 3
50 48 0
58 34 0
45 48 0
Net_id 73
pin_num 3
34 44 0
40 47 0
46 43 0
Net_id 74
pin_num 3
18 30 0
28 38 0
14 36 0
Net_id 75
pin_num 3
39 34 0
50 18 0
59 32 0
Net_id 76
pin_num 3
53 27 0
34 38 0
48 45 0
Net_id 77
pin_num 3
53 41 0
58 58 0
56 8 0
Net_id 78
pin_num 3
0 33 0
12 29 0
10 36 0
Net_id 79
pin_num 3
46 22 0
50 25 0
33 28 0
Net_id 80
pin_num 3
49 5 0
55 12 0
49 25 0
Net_id 81
pin_num 3
37 57 0
40 37 0
48 57 0
Net_id 82
pin_num 2
56 14 0
56 1 0
Net_id 83
pin_num 2
51 3 0
40 12 0
Net_id 84
pin_num 2
24 3 0
7 15 0
Net_id 85
pin_num 2
9 19 0
23 6 0
Net_id 86
pin_num 2
58 36 0
45 19 0
Net_id 87
pin_num 2
9 51 0
2 59 0
Net_id 88
pin_num 2
6 5 0
9 1 0
Net_id 89
pin_num 2
49 13 0
35 3 0
Net_id 90
pin_num 2
12 6 0
1 10 0
Net_id 91
pin_num 2
58 38 0
39 28 0
Net_id 92
pin_num 2
10 17 0
37 11 0
Net_id 93
pin_num 2
0 29 0
8 32 0
Net_id 94
pin_num 2
11 20 0
7 23 0
Net_id 95
pin_num 2
7 29 0
4 48 0
Net_id 96
pin_num 2
43 53 0
42 43 0
Net_id 97
pin_num 2
35 19 0
28 33 0
Net_id 98
pin_num 2
14 21 0
25 9 0
Net_id 99
pin_num 2
29 8 0
39 8 0
Net_id 100
pin_num 2
45 40 0
20 43 0
Net_id 101
pin_num 2
5 19 0
14 14 0
Net_id 102
pin_num 2
39 55 0
46 58 0
Net_id 103
pin_num 2
30 3 0
43 19 0
Net_id 104
pin_num 2
5 3 0
19 1 0
Net_id 105
pin_num 2
14 41 0
2 49 0
Net_id 106
pin_num 2
21 57 0
23 32 0
Net_id 107
pin_num 2
27 9 0
26 12 0
Net_id 108
pin_num 2
38 51 0
56 43 0
Net_id 109
pin_num 2
17 40 0
10 38 0
Net_id 110
pin_num 2
30 47 0
43 51 0
Net_id 111
pin_num 2
22 18 0
47 41 0
Net_id 112
pin_num 2
26 13 0
14 13 0
Net_id 113
pin_num 2
28 52 0
40 41 0
Net_id 114
pin_num 2
24 59 0
22 55 0
Net_id 115
pin_num 2
1 8 0
6 4 0
Net_id 116
pin_num 2
27 14 0
37 6 0
Net_id 117
pin_num 2
3 42 0
11 42 0
Net_id 118
pin_num 2
48 5 0
30 10 0
Net_id 119
pin_num 2
33 57 0
24 49 0
Net_id 120
pin_num 2
5 15 0
10 12 0
Net_id 121
pin_num 2
25 34 0
27 16 0
Net_id 122
pin_num 2
1 41 0
12 49 0
Net_id 123
pin_num 2
17 41 0
15 39 0
Net_id 124
pin_num 2
25 55 0
3 58 0
Net_id 125
pin_num 2
37 4 0
41 2 0
Net_id 126
pin_num 2
45 18 0
58 12 0
Net_id 127
pin_num 2
12 43 0
16 58 0
Net_id 128
pin_num 2
51 40 0
41 31 0
Net_id 129
pin_num 2
21 15 0
7 25 0
Net_id 130
pin_num 2
38 9 0
50 26 0
Net_id 131
pin_num 2
18 41 0
39 37 0
Net_id 132
pin_num 2
8 49 0
11 53 0
Net_id 133
pin_num 2
58 13 0
40 11 0
Net_id 134
pin_num 2
44 18 0
35 24 0
Net_id 135
pin_num 2
12 3 0
21 6 0
Net_id 136
pin_num 2
51 18 0
29 23 0
Net_id 137
pin_num 2
18 14 0
29 9 0
Net_id 138
pin_num 2
46 48 0
50 57 0
Net_id 139
pin_num 2
20 2 0
24 1 0
Net_id 140
pin_num 2
19 24 0
13 16 0
Net_id 141
pin_num 2
10 1 0
29 12 0
Net_id 142
pin_num 2
23 46 0
40 48 0
Net_id 143
pin_num 2
28 23 0
5 36 0
Net_id 144
pin_num 2
32 12 0
22 26 0
Net_id 145
pin_num 2
9 4 0
20 23 0
Net_id 146
pin_num 2
50 8 0
44 13 0
Net_id 147
pin_num 2
12 34 0
1 52 0
Net_id 148
pin_num 2
49 41 0
52 12 0
Net_id 149
pin_num 2
32 22 0
36 18 0
Net_id 150
pin_num 2
50 36 0
35 33 0
Net_id 151
pin_num 2
50 9 0
52 11 0
Net_id 152
pin_num 2
17 47 0
13 44 0
Net_id 153
pin_num 2
25 1 0
25 0 0
Net_id 154
pin_num 2
52 7 0
58 11 0
Net_id 155
pin_num 2
33 16 0
37 13 0
Net_id 156
pin_num 2
46 1 0
53 1 0
Net_id 157
pin_num 2
51 46 0
32 59 0
Net_id 158
pin_num 2
22 15 0
30 13 0
Net_id 159
pin_num 2
27 55 0
16 57 0
