Width 60
Height 60
Layer 6
Total_WL 6390
Obstacle_num 144
2 47 0 9 48 0
51 39 0 56 40 0
7 41 0 15 42 0
22 31 0 31 32 0
39 2 0 43 3 0
48 0 0 55 1 0
8 29 0 14 30 0
25 40 0 30 41 0
53 27 0 57 28 0
21 2 0 27 3 0
24 23 0 34 24 0
4 43 0 13 44 0
0 16 0 7 17 0
12 49 0 18 50 0
43 6 0 48 7 0
22 47 0 31 48 0
17 50 0 24 51 0
1 57 0 8 58 0
11 18 0 18 19 0
11 38 0 19 39 0
32 13 0 38 14 0
21 32 0 31 33 0
6 12 0 16 13 0
10 42 0 13 43 0
5 34 1 6 43 1
32 38 1 33 43 1
38 7 1 39 10 1
38 29 1 39 35 1
20 20 1 21 23 1
13 49 1 14 55 1
4 29 1 5 39 1
4 54 1 5 59 1
18 14 1 19 18 1
47 18 1 48 24 1
29 10 1 30 16 1
6 23 1 7 30 1
31 34 1 32 37 1
9 7 1 10 17 1
0 38 1 1 45 1
48 37 1 49 43 1
42 26 1 43 32 1
26 12 1 27 18 1
23 2 1 24 9 1
22 19 1 23 22 1
13 39 1 14 46 1
18 29 1 19 37 1
5 9 1 6 16 1
57 3 1 58 7 1
37 16 2 47 17 2
19 10 2 24 11 2
45 27 2 55 28 2
31 33 2 39 34 2
20 25 2 25 26 2
43 44 2 52 45 2
11 53 2 20 54 2
35 39 2 42 40 2
18 21 2 21 22 2
47 34 2 57 35 2
36 26 2 44 27 2
39 2 2 48 3 2
1 58 2 11 59 2
40 46 2 50 47 2
13 4 2 20 5 2
12 12 2 18 13 2
49 32 2 52 33 2
35 55 2 41 56 2
4 34 2 8 35 2
7 47 2 16 48 2
42 13 2 48 14 2
25 46 2 29 47 2
13 43 2 19 44 2
44 52 2 49 53 2
23 32 3 24 41 3
32 29 3 33 35 3
34 8 3 35 15 3
53 49 3 54 55 3
39 42 3 40 50 3
27 45 3 28 48 3
0 9 3 1 18 3
25 0 3 26 9 3
2 13 3 3 21 3
41 2 3 42 6 3
18 4 3 19 12 3
51 9 3 52 14 3
12 51 3 13 56 3
31 5 3 32 8 3
53 28 3 54 36 3
38 9 3 39 19 3
53 12 3 54 15 3
17 54 3 18 59 3
18 48 3 19 58 3
30 7 3 31 11 3
48 16 3 49 24 3
25 48 3 26 57 3
42 1 3 43 9 3
1 45 3 2 53 3
10 43 4 13 44 4
45 18 4 55 19 4
23 6 4 26 7 4
27 34 4 32 35 4
52 31 4 57 32 4
44 49 4 51 50 4
10 27 4 14 28 4
15 18 4 25 19 4
0 15 4 10 16 4
4 31 4 13 32 4
13 0 4 18 1 4
18 10 4 26 11 4
10 30 4 16 31 4
35 57 4 41 58 4
51 22 4 54 23 4
22 41 4 27 42 4
22 22 4 31 23 4
5 53 4 14 54 4
32 27 4 39 28 4
10 6 4 20 7 4
12 14 4 15 15 4
1 6 4 7 7 4
39 2 4 49 3 4
35 56 4 45 57 4
36 32 5 37 36 5
49 12 5 50 22 5
19 36 5 20 46 5
29 31 5 30 41 5
42 30 5 43 36 5
46 45 5 47 49 5
57 14 5 58 21 5
14 40 5 15 49 5
38 32 5 39 37 5
49 5 5 50 12 5
40 8 5 41 16 5
56 21 5 57 24 5
55 19 5 56 26 5
36 22 5 37 28 5
18 26 5 19 35 5
46 12 5 47 16 5
21 9 5 22 19 5
22 15 5 23 23 5
6 34 5 7 40 5
58 44 5 59 47 5
3 7 5 4 10 5
35 44 5 36 52 5
56 38 5 57 41 5
5 11 5 6 19 5
Net_num 158
Net_id 0
pin_num 5
31 8 0
44 8 0
44 0 0
35 3 0
35 28 0
Net_id 1
pin_num 5
49 7 0
39 12 0
54 12 0
59 20 0
56 17 0
Net_id 2
pin_num 5
33 22 0
26 22 0
53 22 0
44 1 0
24 8 0
Net_id 3
pin_num 5
6 53 0
20 51 0
0 58 0
7 58 0
12 58 0
Net_id 4
pin_num 5
51 53 0
56 56 0
38 53 0
34 54 0
55 50 0
Net_id 5
pin_num 5
50 9 0
48 3 0
59 4 0
56 18 0
56 28 0
Net_id 6
pin_num 5
34 35 0
17 31 0
33 54 0
39 49 0
0 36 0
Net_id 7
pin_num 5
50 14 0
46 3 0
49 26 0
47 8 0
59 21 0
Net_id 8
pin_num 5
30 20 0
20 27 0
20 14 0
20 39 0
0 25 0
Net_id 9
pin_num 5
53 13 0
57 10 0
56 0 0
47 0 0
58 6 0
Net_id 10
pin_num 5
58 5 0
59 6 0
55 5 0
59 22 0
46 14 0
Net_id 11
pin_num 5
41 50 0
49 50 0
32 50 0
36 59 0
57 57 0
Net_id 12
pin_num 5
46 11 0
40 5 0
43 9 0
28 4 0
39 7 0
Net_id 13
pin_num 5
32 24 0
27 24 0
31 32 0
6 24 0
17 16 0
Net_id 14
pin_num 5
58 49 0
58 52 0
59 30 0
38 35 0
44 37 0
Net_id 15
pin_num 5
32 20 0
31 37 0
19 37 0
30 59 0
31 3 0
Net_id 16
pin_num 5
51 13 0
45 13 0
49 4 0
41 14 0
42 1 0
Net_id 17
pin_num 5
28 15 0
43 10 0
45 9 0
37 7 0
28 10 0
Net_id 18
pin_num 5
36 29 0
37 35 0
59 28 0
51 10 0
56 47 0
Net_id 19
pin_num 5
57 50 0
53 40 0
54 28 0
52 50 0
42 44 0
Net_id 20
pin_num 4
52 46 0
49 42 0
36 43 0
35 43 0
Net_id 21
pin_num 4
20 15 0
14 13 0
14 32 0
4 15 0
Net_id 22
pin_num 4
23 1 0
14 5 0
15 5 0
7 3 0
Net_id 23
pin_num 4
19 57 0
11 57 0
15 55 0
15 40 0
Net_id 24
pin_num 4
26 56 0
48 56 0
32 37 0
48 59 0
Net_id 25
pin_num 4
48 46 0
51 59 0
44 54 0
55 53 0
Net_id 26
pin_num 4
33 51 0
29 42 0
12 45 0
0 57 0
Net_id 27
pin_num 4
57 41 0
55 47 0
43 42 0
46 51 0
Net_id 28
pin_num 4
54 56 0
50 54 0
44 55 0
59 54 0
Net_id 29
pin_num 4
41 9 0
36 17 0
31 0 0
22 17 0
Net_id 30
pin_num 4
14 34 0
15 21 0
0 18 0
0 26 0
Net_id 31
pin_num 4
39 13 0
45 17 0
51 16 0
47 11 0
Net_id 32
pin_num 4
34 15 0
46 15 0
43 33 0
37 21 0
Net_id 33
pin_num 4
24 58 0
18 47 0
25 55 0
0 47 0
Net_id 34
pin_num 4
41 4 0
46 8 0
55 1 0
51 2 0
Net_id 35
pin_num 4
18 43 0
21 42 0
30 40 0
3 40 0
Net_id 36
pin_num 4
50 38 0
52 33 0
59 45 0
48 48 0
Net_id 37
pin_num 4
40 57 0
37 58 0
29 58 0
50 50 0
Net_id 38
pin_num 4
57 11 0
47 24 0
27 15 0
23 9 0
Net_id 39
pin_num 3
12 37 0
19 38 0
16 51 0
Net_id 40
pin_num 3
44 45 0
35 38 0
24 45 0
Net_id 41
pin_num 3
5 28 0
11 22 0
34 23 0
Net_id 42
pin_num 3
39 32 0
38 36 0
50 31 0
Net_id 43
pin_num 3
10 38 0
0 28 0
1 55 0
Net_id 44
pin_num 3
37 49 0
41 47 0
40 48 0
Net_id 45
pin_num 3
33 36 0
16 32 0
24 46 0
Net_id 46
pin_num 3
28 52 0
42 58 0
51 50 0
Net_id 47
pin_num 3
5 34 0
3 17 0
3 43 0
Net_id 48
pin_num 3
32 4 0
32 18 0
26 11 0
Net_id 49
pin_num 3
42 40 0
28 42 0
9 42 0
Net_id 50
pin_num 3
3 52 0
6 21 0
27 56 0
Net_id 51
pin_num 3
56 53 0
52 52 0
52 59 0
Net_id 52
pin_num 3
26 41 0
39 41 0
52 41 0
Net_id 53
pin_num 3
47 35 0
51 25 0
58 23 0
Net_id 54
pin_num 3
11 11 0
23 11 0
25 0 0
Net_id 55
pin_num 3
7 59 0
19 49 0
17 59 0
Net_id 56
pin_num 3
14 6 0
13 14 0
0 7 0
Net_id 57
pin_num 3
28 2 0
39 14 0
21 29 0
Net_id 58
pin_num 3
28 34 0
38 34 0
33 21 0
Net_id 59
pin_num 3
36 7 0
24 7 0
30 21 0
Net_id 60
pin_num 3
33 16 0
21 13 0
22 46 0
Net_id 61
pin_num 3
32 12 0
19 22 0
34 36 0
Net_id 62
pin_num 3
34 3 0
37 0 0
45 8 0
Net_id 63
pin_num 3
30 33 0
14 33 0
26 46 0
Net_id 64
pin_num 3
0 15 0
16 21 0
6 7 0
Net_id 65
pin_num 3
33 31 0
39 31 0
41 24 0
Net_id 66
pin_num 3
16 13 0
17 25 0
2 20 0
Net_id 67
pin_num 3
45 40 0
54 50 0
27 39 0
Net_id 68
pin_num 3
40 25 0
32 28 0
44 27 0
Net_id 69
pin_num 3
33 5 0
17 13 0
6 4 0
Net_id 70
pin_num 3
48 14 0
34 21 0
52 6 0
Net_id 71
pin_num 3
3 49 0
7 56 0
1 37 0
Net_id 72
pin_num 3
12 23 0
3 32 0
27 28 0
Net_id 73
pin_num 3
42 57 0
54 53 0
47 47 0
Net_id 74
pin_num 3
8 51 0
4 42 0
12 56 0
Net_id 75
pin_num 3
1 41 0
8 57 0
19 48 0
Net_id 76
pin_num 3
53 34 0
31 11 0
58 33 0
Net_id 77
pin_num 3
20 59 0
4 49 0
40 52 0
Net_id 78
pin_num 3
3 37 0
5 46 0
4 41 0
Net_id 79
pin_num 2
17 55 0
14 42 0
Net_id 80
pin_num 2
30 44 0
25 43 0
Net_id 81
pin_num 2
51 55 0
55 55 0
Net_id 82
pin_num 2
36 48 0
58 36 0
Net_id 83
pin_num 2
59 17 0
55 16 0
Net_id 84
pin_num 2
28 44 0
24 44 0
Net_id 85
pin_num 2
6 14 0
15 19 0
Net_id 86
pin_num 2
43 30 0
58 28 0
Net_id 87
pin_num 2
30 42 0
49 33 0
Net_id 88
pin_num 2
24 56 0
39 54 0
Net_id 89
pin_num 2
21 20 0
43 34 0
Net_id 90
pin_num 2
16 23 0
26 1 0
Net_id 91
pin_num 2
50 52 0
57 58 0
Net_id 92
pin_num 2
17 51 0
36 53 0
Net_id 93
pin_num 2
21 43 0
38 46 0
Net_id 94
pin_num 2
2 26 0
6 26 0
Net_id 95
pin_num 2
19 26 0
3 27 0
Net_id 96
pin_num 2
1 42 0
2 36 0
Net_id 97
pin_num 2
20 4 0
16 6 0
Net_id 98
pin_num 2
10 17 0
1 36 0
Net_id 99
pin_num 2
2 7 0
8 0 0
Net_id 100
pin_num 2
11 6 0
11 17 0
Net_id 101
pin_num 2
9 14 0
5 33 0
Net_id 102
pin_num 2
22 30 0
9 44 0
Net_id 103
pin_num 2
27 53 0
12 39 0
Net_id 104
pin_num 2
8 40 0
4 51 0
Net_id 105
pin_num 2
40 30 0
41 26 0
Net_id 106
pin_num 2
34 33 0
48 31 0
Net_id 107
pin_num 2
20 44 0
24 30 0
Net_id 108
pin_num 2
39 35 0
49 58 0
Net_id 109
pin_num 2
44 10 0
51 9 0
Net_id 110
pin_num 2
20 42 0
10 28 0
Net_id 111
pin_num 2
30 13 0
23 13 0
Net_id 112
pin_num 2
54 52 0
51 43 0
Net_id 113
pin_num 2
55 24 0
59 27 0
Net_id 114
pin_num 2
10 9 0
0 9 0
Net_id 115
pin_num 2
32 21 0
27 27 0
Net_id 116
pin_num 2
47 37 0
58 27 0
Net_id 117
pin_num 2
28 46 0
21 34 0
Net_id 118
pin_num 2
0 27 0
8 27 0
Net_id 119
pin_num 2
24 4 0
19 2 0
Net_id 120
pin_num 2
59 37 0
38 44 0
Net_id 121
pin_num 2
34 16 0
38 16 0
Net_id 122
pin_num 2
31 56 0
46 42 0
Net_id 123
pin_num 2
45 14 0
51 8 0
Net_id 124
pin_num 2
14 27 0
0 13 0
Net_id 125
pin_num 2
20 13 0
19 8 0
Net_id 126
pin_num 2
7 36 0
25 30 0
Net_id 127
pin_num 2
5 0 0
4 2 0
Net_id 128
pin_num 2
39 36 0
26 30 0
Net_id 129
pin_num 2
18 34 0
20 36 0
Net_id 130
pin_num 2
26 49 0
32 55 0
Net_id 131
pin_num 2
11 54 0
6 46 0
Net_id 132
pin_num 2
22 15 0
25 22 0
Net_id 133
pin_num 2
22 22 0
45 3 0
Net_id 134
pin_num 2
31 10 0
38 3 0
Net_id 135
pin_num 2
5 52 0
22 54 0
Net_id 136
pin_num 2
2 54 0
25 59 0
Net_id 137
pin_num 2
10 57 0
8 49 0
Net_id 138
pin_num 2
2 12 0
5 11 0
Net_id 139
pin_num 2
34 9 0
10 11 0
Net_id 140
pin_num 2
36 21 0
36 25 0
Net_id 141
pin_num 2
44 52 0
58 40 0
Net_id 142
pin_num 2
32 19 0
10 8 0
Net_id 143
pin_num 2
22 40 0
9 49 0
Net_id 144
pin_num 2
16 10 0
45 0 0
Net_id 145
pin_num 2
31 46 0
51 58 0
Net_id 146
pin_num 2
2 5 0
10 6 0
Net_id 147
pin_num 2
32 31 0
14 10 0
Net_id 148
pin_num 2
54 23 0
42 25 0
Net_id 149
pin_num 2
9 2 0
0 4 0
Net_id 150
pin_num 2
55 30 0
51 21 0
Net_id 151
pin_num 2
58 34 0
39 37 0
Net_id 152
pin_num 2
32 59 0
13 58 0
Net_id 153
pin_num 2
11 32 0
23 30 0
Net_id 154
pin_num 2
13 16 0
22 6 0
Net_id 155
pin_num 2
19 36 0
1 21 0
Net_id 156
pin_num 2
25 39 0
10 55 0
Net_id 157
pin_num 2
9 16 0
12 9 0
