Width 60
Height 60
Layer 6
Total_WL 6877
Obstacle_num 144
14 41 0 24 42 0
56 18 0 59 19 0
55 21 0 59 22 0
39 46 0 46 47 0
23 18 0 33 19 0
7 16 0 14 17 0
20 39 0 23 40 0
20 53 0 28 54 0
26 43 0 36 44 0
15 39 0 19 40 0
30 31 0 36 32 0
50 52 0 57 53 0
45 20 0 51 21 0
30 37 0 35 38 0
36 20 0 43 21 0
17 52 0 27 53 0
47 54 0 57 55 0
49 36 0 57 37 0
11 6 0 21 7 0
10 47 0 16 48 0
46 55 0 51 56 0
3 44 0 10 45 0
26 22 0 33 23 0
17 36 0 26 37 0
50 29 1 51 33 1
18 22 1 19 26 1
36 13 1 37 22 1
40 6 1 41 10 1
24 31 1 25 37 1
36 49 1 37 56 1
24 8 1 25 17 1
37 51 1 38 59 1
54 14 1 55 23 1
2 55 1 3 58 1
52 17 1 53 27 1
28 5 1 29 13 1
33 41 1 34 47 1
37 28 1 38 37 1
20 29 1 21 35 1
25 46 1 26 53 1
6 38 1 7 44 1
17 5 1 18 12 1
35 13 1 36 19 1
35 23 1 36 30 1
16 14 1 17 22 1
50 54 1 51 59 1
44 14 1 45 24 1
38 46 1 39 56 1
27 47 2 37 48 2
8 10 2 18 11 2
16 57 2 25 58 2
20 19 2 23 20 2
53 20 2 56 21 2
28 4 2 38 5 2
10 37 2 14 38 2
3 10 2 8 11 2
44 5 2 54 6 2
45 26 2 51 27 2
40 9 2 47 10 2
7 40 2 10 41 2
14 9 2 21 10 2
19 32 2 26 33 2
10 43 2 20 44 2
40 45 2 44 46 2
25 7 2 32 8 2
4 55 2 11 56 2
34 58 2 40 59 2
17 27 2 23 28 2
13 22 2 19 23 2
12 1 2 17 2 2
33 38 2 39 39 2
19 37 2 24 38 2
19 25 3 20 28 3
27 49 3 28 56 3
48 46 3 49 49 3
17 39 3 18 47 3
31 7 3 32 15 3
41 37 3 42 45 3
43 49 3 44 59 3
58 20 3 59 27 3
45 47 3 46 54 3
1 52 3 2 55 3
25 13 3 26 20 3
38 42 3 39 50 3
10 26 3 11 34 3
19 29 3 20 36 3
54 44 3 55 51 3
9 33 3 10 42 3
40 9 3 41 14 3
3 35 3 4 44 3
20 42 3 21 48 3
54 15 3 55 24 3
4 31 3 5 35 3
26 8 3 27 15 3
2 45 3 3 52 3
54 31 3 55 38 3
3 54 4 11 55 4
54 34 4 57 35 4
37 56 4 46 57 4
41 57 4 44 58 4
2 4 4 6 5 4
21 5 4 28 6 4
17 36 4 26 37 4
38 22 4 44 23 4
22 58 4 26 59 4
14 55 4 24 56 4
10 9 4 14 10 4
35 40 4 43 41 4
44 3 4 54 4 4
26 41 4 33 42 4
13 45 4 18 46 4
7 33 4 16 34 4
15 21 4 24 22 4
1 48 4 6 49 4
46 46 4 55 47 4
8 13 4 18 14 4
7 56 4 17 57 4
2 19 4 11 20 4
50 38 4 55 39 4
49 10 4 55 11 4
5 35 5 6 38 5
3 35 5 4 38 5
28 14 5 29 23 5
27 5 5 28 13 5
5 0 5 6 10 5
29 19 5 30 27 5
16 18 5 17 21 5
2 1 5 3 11 5
1 38 5 2 41 5
58 20 5 59 25 5
58 4 5 59 13 5
30 32 5 31 41 5
9 15 5 10 25 5
47 14 5 48 22 5
21 17 5 22 23 5
21 48 5 22 51 5
18 16 5 19 23 5
56 4 5 57 11 5
46 23 5 47 29 5
17 3 5 18 6 5
42 13 5 43 20 5
40 27 5 41 30 5
41 45 5 42 53 5
35 43 5 36 49 5
Net_num 161
Net_id 0
pin_num 5
40 16 0
26 15 0
2 15 0
24 7 0
1 15 0
Net_id 1
pin_num 5
45 55 0
34 46 0
39 53 0
34 29 0
26 48 0
Net_id 2
pin_num 5
0 7 0
0 10 0
23 8 0
16 11 0
6 9 0
Net_id 3
pin_num 5
1 40 0
12 40 0
10 19 0
17 27 0
0 38 0
Net_id 4
pin_num 5
47 2 0
53 6 0
53 1 0
50 0 0
59 0 0
Net_id 5
pin_num 5
45 59 0
36 57 0
56 57 0
39 56 0
59 45 0
Net_id 6
pin_num 5
47 16 0
58 14 0
52 11 0
58 0 0
37 14 0
Net_id 7
pin_num 5
44 8 0
44 12 0
34 11 0
59 6 0
57 1 0
Net_id 8
pin_num 5
57 15 0
58 9 0
44 9 0
58 26 0
55 16 0
Net_id 9
pin_num 5
37 49 0
33 49 0
35 46 0
35 57 0
20 50 0
Net_id 10
pin_num 5
42 25 0
30 21 0
25 25 0
26 47 0
33 30 0
Net_id 11
pin_num 5
36 37 0
55 37 0
44 26 0
46 29 0
49 41 0
Net_id 12
pin_num 5
22 33 0
36 33 0
25 15 0
27 24 0
29 14 0
Net_id 13
pin_num 5
15 10 0
10 13 0
1 0 0
13 23 0
32 11 0
Net_id 14
pin_num 5
52 13 0
56 14 0
56 7 0
54 1 0
55 23 0
Net_id 15
pin_num 5
0 25 0
2 39 0
0 59 0
18 58 0
15 57 0
Net_id 16
pin_num 5
35 55 0
40 56 0
46 56 0
40 45 0
27 51 0
Net_id 17
pin_num 5
53 47 0
44 51 0
21 51 0
35 59 0
57 46 0
Net_id 18
pin_num 5
29 0 0
18 4 0
20 17 0
10 6 0
42 17 0
Net_id 19
pin_num 5
30 44 0
36 39 0
36 28 0
14 36 0
26 49 0
Net_id 20
pin_num 4
46 33 0
51 23 0
28 23 0
47 11 0
Net_id 21
pin_num 4
49 53 0
55 58 0
38 58 0
51 39 0
Net_id 22
pin_num 4
0 41 0
9 41 0
13 43 0
10 50 0
Net_id 23
pin_num 4
11 48 0
18 48 0
25 42 0
32 42 0
Net_id 24
pin_num 4
37 50 0
42 35 0
29 37 0
42 41 0
Net_id 25
pin_num 4
16 57 0
30 49 0
29 56 0
34 54 0
Net_id 26
pin_num 4
7 26 0
17 30 0
1 25 0
13 40 0
Net_id 27
pin_num 4
18 26 0
27 37 0
37 26 0
19 17 0
Net_id 28
pin_num 4
58 27 0
58 36 0
53 16 0
59 44 0
Net_id 29
pin_num 4
40 14 0
38 18 0
52 10 0
27 34 0
Net_id 30
pin_num 4
3 17 0
8 1 0
0 6 0
0 5 0
Net_id 31
pin_num 4
11 4 0
18 0 0
6 3 0
14 1 0
Net_id 32
pin_num 4
41 31 0
52 30 0
56 48 0
50 59 0
Net_id 33
pin_num 4
11 39 0
1 37 0
1 59 0
19 58 0
Net_id 34
pin_num 4
17 28 0
35 22 0
22 46 0
28 44 0
Net_id 35
pin_num 4
10 44 0
24 39 0
24 54 0
46 44 0
Net_id 36
pin_num 4
25 6 0
19 16 0
35 0 0
22 18 0
Net_id 37
pin_num 4
41 32 0
21 32 0
33 23 0
23 25 0
Net_id 38
pin_num 4
20 58 0
1 47 0
16 47 0
8 43 0
Net_id 39
pin_num 4
47 56 0
55 56 0
55 49 0
57 48 0
Net_id 40
pin_num 3
35 12 0
55 14 0
57 30 0
Net_id 41
pin_num 3
8 37 0
21 55 0
0 34 0
Net_id 42
pin_num 3
20 11 0
26 13 0
34 10 0
Net_id 43
pin_num 3
36 56 0
46 59 0
40 43 0
Net_id 44
pin_num 3
54 55 0
57 51 0
33 58 0
Net_id 45
pin_num 3
4 14 0
3 7 0
5 5 0
Net_id 46
pin_num 3
33 10 0
19 24 0
36 15 0
Net_id 47
pin_num 3
46 54 0
33 57 0
9 48 0
Net_id 48
pin_num 3
2 55 0
10 55 0
3 50 0
Net_id 49
pin_num 3
26 38 0
17 47 0
2 54 0
Net_id 50
pin_num 3
33 45 0
34 41 0
38 34 0
Net_id 51
pin_num 3
11 53 0
1 36 0
19 40 0
Net_id 52
pin_num 3
56 42 0
55 35 0
43 20 0
Net_id 53
pin_num 3
46 43 0
57 45 0
37 42 0
Net_id 54
pin_num 3
17 22 0
34 30 0
22 9 0
Net_id 55
pin_num 3
42 44 0
47 36 0
37 27 0
Net_id 56
pin_num 3
16 54 0
18 46 0
27 38 0
Net_id 57
pin_num 3
24 4 0
21 5 0
2 1 0
Net_id 58
pin_num 3
34 38 0
21 30 0
21 16 0
Net_id 59
pin_num 3
31 46 0
41 53 0
9 53 0
Net_id 60
pin_num 3
29 5 0
14 2 0
29 34 0
Net_id 61
pin_num 3
39 33 0
31 29 0
2 29 0
Net_id 62
pin_num 3
47 12 0
42 8 0
58 13 0
Net_id 63
pin_num 3
20 19 0
11 23 0
29 12 0
Net_id 64
pin_num 3
5 19 0
17 31 0
4 23 0
Net_id 65
pin_num 3
45 41 0
52 48 0
52 7 0
Net_id 66
pin_num 3
39 49 0
57 49 0
57 17 0
Net_id 67
pin_num 3
5 29 0
14 46 0
9 46 0
Net_id 68
pin_num 3
12 21 0
1 28 0
16 7 0
Net_id 69
pin_num 3
17 2 0
41 2 0
48 15 0
Net_id 70
pin_num 3
26 19 0
37 13 0
16 28 0
Net_id 71
pin_num 3
25 59 0
41 50 0
27 54 0
Net_id 72
pin_num 3
11 26 0
5 23 0
18 30 0
Net_id 73
pin_num 3
37 53 0
25 56 0
35 42 0
Net_id 74
pin_num 3
27 3 0
14 12 0
4 15 0
Net_id 75
pin_num 3
7 2 0
2 12 0
9 24 0
Net_id 76
pin_num 3
54 24 0
57 14 0
55 5 0
Net_id 77
pin_num 3
50 47 0
48 59 0
38 31 0
Net_id 78
pin_num 3
23 44 0
23 30 0
43 47 0
Net_id 79
pin_num 3
2 53 0
8 46 0
18 42 0
Net_id 80
pin_num 3
17 50 0
7 52 0
14 20 0
Net_id 81
pin_num 2
15 22 0
16 25 0
Net_id 82
pin_num 2
5 16 0
2 31 0
Net_id 83
pin_num 2
39 38 0
30 20 0
Net_id 84
pin_num 2
47 52 0
31 52 0
Net_id 85
pin_num 2
3 57 0
6 59 0
Net_id 86
pin_num 2
28 55 0
4 38 0
Net_id 87
pin_num 2
8 7 0
14 4 0
Net_id 88
pin_num 2
11 50 0
16 40 0
Net_id 89
pin_num 2
1 52 0
4 53 0
Net_id 90
pin_num 2
15 29 0
12 20 0
Net_id 91
pin_num 2
54 7 0
48 22 0
Net_id 92
pin_num 2
15 11 0
5 1 0
Net_id 93
pin_num 2
48 32 0
47 34 0
Net_id 94
pin_num 2
2 42 0
9 32 0
Net_id 95
pin_num 2
56 40 0
46 50 0
Net_id 96
pin_num 2
21 59 0
14 52 0
Net_id 97
pin_num 2
12 38 0
1 48 0
Net_id 98
pin_num 2
1 39 0
5 50 0
Net_id 99
pin_num 2
15 54 0
5 54 0
Net_id 100
pin_num 2
4 29 0
0 13 0
Net_id 101
pin_num 2
41 33 0
37 39 0
Net_id 102
pin_num 2
32 1 0
57 7 0
Net_id 103
pin_num 2
34 27 0
12 11 0
Net_id 104
pin_num 2
48 29 0
53 23 0
Net_id 105
pin_num 2
49 13 0
38 9 0
Net_id 106
pin_num 2
9 11 0
3 30 0
Net_id 107
pin_num 2
47 59 0
43 53 0
Net_id 108
pin_num 2
23 42 0
17 38 0
Net_id 109
pin_num 2
2 57 0
1 54 0
Net_id 110
pin_num 2
3 54 0
16 49 0
Net_id 111
pin_num 2
43 18 0
50 22 0
Net_id 112
pin_num 2
53 34 0
40 18 0
Net_id 113
pin_num 2
30 12 0
36 22 0
Net_id 114
pin_num 2
35 41 0
39 41 0
Net_id 115
pin_num 2
23 48 0
49 52 0
Net_id 116
pin_num 2
7 7 0
0 1 0
Net_id 117
pin_num 2
7 10 0
26 6 0
Net_id 118
pin_num 2
51 0 0
57 12 0
Net_id 119
pin_num 2
2 48 0
21 58 0
Net_id 120
pin_num 2
52 21 0
41 35 0
Net_id 121
pin_num 2
39 6 0
51 24 0
Net_id 122
pin_num 2
54 3 0
34 5 0
Net_id 123
pin_num 2
59 53 0
54 59 0
Net_id 124
pin_num 2
11 45 0
5 42 0
Net_id 125
pin_num 2
49 38 0
41 36 0
Net_id 126
pin_num 2
7 42 0
9 43 0
Net_id 127
pin_num 2
28 6 0
45 22 0
Net_id 128
pin_num 2
16 43 0
42 55 0
Net_id 129
pin_num 2
36 11 0
58 7 0
Net_id 130
pin_num 2
2 38 0
10 18 0
Net_id 131
pin_num 2
57 4 0
50 4 0
Net_id 132
pin_num 2
43 43 0
41 48 0
Net_id 133
pin_num 2
54 17 0
37 9 0
Net_id 134
pin_num 2
44 10 0
54 25 0
Net_id 135
pin_num 2
11 7 0
21 23 0
Net_id 136
pin_num 2
31 57 0
31 49 0
Net_id 137
pin_num 2
24 57 0
25 54 0
Net_id 138
pin_num 2
9 28 0
16 33 0
Net_id 139
pin_num 2
22 40 0
6 37 0
Net_id 140
pin_num 2
19 7 0
39 19 0
Net_id 141
pin_num 2
52 38 0
18 32 0
Net_id 142
pin_num 2
13 2 0
10 4 0
Net_id 143
pin_num 2
33 54 0
13 55 0
Net_id 144
pin_num 2
56 22 0
51 22 0
Net_id 145
pin_num 2
47 23 0
57 34 0
Net_id 146
pin_num 2
5 32 0
8 31 0
Net_id 147
pin_num 2
35 51 0
57 57 0
Net_id 148
pin_num 2
48 12 0
55 11 0
Net_id 149
pin_num 2
43 10 0
15 28 0
Net_id 150
pin_num 2
11 36 0
7 25 0
Net_id 151
pin_num 2
33 9 0
49 11 0
Net_id 152
pin_num 2
1 27 0
8 20 0
Net_id 153
pin_num 2
37 30 0
46 27 0
Net_id 154
pin_num 2
39 5 0
29 1 0
Net_id 155
pin_num 2
27 19 0
37 8 0
Net_id 156
pin_num 2
23 40 0
47 45 0
Net_id 157
pin_num 2
31 3 0
35 3 0
Net_id 158
pin_num 2
33 28 0
29 28 0
Net_id 159
pin_num 2
55 44 0
47 42 0
Net_id 160
pin_num 2
51 45 0
33 22 0
