Width 60
Height 60
Layer 6
Total_WL 6913
Obstacle_num 144
34 31 0 39 32 0
13 36 0 16 37 0
35 34 0 40 35 0
44 8 0 54 9 0
22 25 0 29 26 0
4 17 0 11 18 0
16 7 0 26 8 0
53 11 0 57 12 0
45 57 0 54 58 0
8 42 0 14 43 0
4 55 0 13 56 0
15 4 0 25 5 0
48 32 0 55 33 0
51 33 0 59 34 0
7 21 0 13 22 0
30 46 0 40 47 0
40 49 0 45 50 0
41 23 0 44 24 0
32 10 0 35 11 0
34 16 0 39 17 0
49 56 0 55 57 0
37 30 0 40 31 0
23 3 0 31 4 0
16 39 0 23 40 0
56 4 1 57 13 1
55 6 1 56 11 1
53 18 1 54 27 1
40 5 1 41 15 1
7 47 1 8 56 1
40 26 1 41 35 1
11 28 1 12 32 1
43 1 1 44 10 1
30 12 1 31 21 1
6 48 1 7 56 1
2 17 1 3 24 1
15 10 1 16 19 1
22 51 1 23 58 1
31 39 1 32 49 1
16 2 1 17 12 1
32 51 1 33 54 1
7 4 1 8 10 1
41 15 1 42 21 1
8 48 1 9 53 1
33 9 1 34 19 1
58 45 1 59 48 1
29 38 1 30 46 1
43 27 1 44 35 1
52 50 1 53 56 1
41 54 2 44 55 2
3 37 2 6 38 2
37 49 2 41 50 2
48 19 2 57 20 2
9 27 2 18 28 2
6 50 2 16 51 2
9 19 2 18 20 2
2 24 2 9 25 2
41 12 2 49 13 2
43 9 2 49 10 2
45 42 2 48 43 2
45 0 2 51 1 2
8 22 2 18 23 2
16 11 2 25 12 2
9 5 2 17 6 2
36 54 2 40 55 2
10 8 2 16 9 2
17 51 2 26 52 2
32 38 2 41 39 2
5 30 2 11 31 2
39 32 2 43 33 2
18 52 2 23 53 2
50 52 2 54 53 2
5 53 2 10 54 2
57 34 3 58 37 3
11 7 3 12 14 3
45 48 3 46 51 3
1 40 3 2 50 3
26 29 3 27 36 3
33 47 3 34 53 3
34 39 3 35 47 3
18 17 3 19 25 3
19 44 3 20 54 3
30 34 3 31 37 3
58 35 3 59 41 3
39 53 3 40 58 3
55 50 3 56 53 3
39 26 3 40 29 3
31 27 3 32 34 3
21 34 3 22 42 3
11 17 3 12 23 3
12 7 3 13 11 3
55 24 3 56 28 3
9 16 3 10 25 3
51 25 3 52 31 3
15 45 3 16 52 3
37 53 3 38 56 3
52 30 3 53 40 3
23 10 4 31 11 4
56 54 4 59 55 4
41 35 4 44 36 4
13 52 4 18 53 4
24 33 4 34 34 4
46 1 4 54 2 4
6 26 4 14 27 4
28 48 4 35 49 4
10 13 4 20 14 4
24 6 4 31 7 4
10 17 4 15 18 4
27 27 4 36 28 4
33 40 4 41 41 4
43 24 4 51 25 4
46 29 4 54 30 4
29 22 4 35 23 4
35 51 4 38 52 4
31 1 4 40 2 4
47 7 4 57 8 4
16 41 4 25 42 4
49 21 4 52 22 4
8 16 4 11 17 4
9 37 4 18 38 4
15 33 4 23 34 4
10 54 5 11 58 5
36 6 5 37 14 5
45 27 5 46 35 5
30 0 5 31 6 5
31 19 5 32 24 5
2 25 5 3 28 5
26 43 5 27 51 5
43 46 5 44 55 5
4 8 5 5 17 5
3 37 5 4 44 5
31 9 5 32 19 5
34 34 5 35 40 5
45 52 5 46 59 5
36 45 5 37 51 5
56 17 5 57 25 5
7 42 5 8 51 5
57 52 5 58 58 5
5 39 5 6 49 5
10 30 5 11 39 5
23 13 5 24 18 5
54 40 5 55 46 5
26 0 5 27 5 5
23 38 5 24 48 5
33 17 5 34 24 5
Net_num 158
Net_id 0
pin_num 5
22 53 0
16 46 0
16 26 0
24 43 0
4 35 0
Net_id 1
pin_num 5
34 22 0
37 19 0
37 45 0
35 8 0
36 21 0
Net_id 2
pin_num 5
19 41 0
5 43 0
5 47 0
8 44 0
15 33 0
Net_id 3
pin_num 5
24 46 0
13 51 0
36 53 0
25 26 0
25 17 0
Net_id 4
pin_num 5
49 41 0
38 44 0
52 35 0
45 59 0
14 44 0
Net_id 5
pin_num 5
45 21 0
55 23 0
50 3 0
51 13 0
38 18 0
Net_id 6
pin_num 5
56 57 0
54 55 0
51 58 0
54 57 0
43 57 0
Net_id 7
pin_num 5
58 39 0
53 39 0
56 54 0
59 29 0
55 31 0
Net_id 8
pin_num 5
44 1 0
59 0 0
58 2 0
49 0 0
51 10 0
Net_id 9
pin_num 5
39 22 0
36 15 0
36 2 0
29 15 0
35 10 0
Net_id 10
pin_num 5
50 47 0
52 46 0
54 36 0
53 43 0
50 46 0
Net_id 11
pin_num 5
37 27 0
51 27 0
41 39 0
45 42 0
41 55 0
Net_id 12
pin_num 5
29 30 0
22 37 0
4 30 0
22 9 0
6 46 0
Net_id 13
pin_num 5
53 35 0
58 36 0
56 29 0
59 49 0
46 37 0
Net_id 14
pin_num 5
46 44 0
39 33 0
51 36 0
47 59 0
28 58 0
Net_id 15
pin_num 5
6 8 0
6 5 0
1 0 0
5 0 0
22 2 0
Net_id 16
pin_num 5
9 25 0
3 23 0
13 24 0
0 39 0
2 16 0
Net_id 17
pin_num 5
35 44 0
19 49 0
18 54 0
23 26 0
17 54 0
Net_id 18
pin_num 5
42 35 0
30 33 0
8 35 0
33 55 0
17 45 0
Net_id 19
pin_num 4
39 47 0
47 47 0
55 56 0
36 48 0
Net_id 20
pin_num 4
31 33 0
32 45 0
37 42 0
17 34 0
Net_id 21
pin_num 4
57 15 0
59 20 0
38 17 0
47 20 0
Net_id 22
pin_num 4
16 9 0
33 19 0
23 14 0
24 8 0
Net_id 23
pin_num 4
27 8 0
17 0 0
17 16 0
10 6 0
Net_id 24
pin_num 4
31 56 0
41 56 0
23 59 0
48 54 0
Net_id 25
pin_num 4
46 39 0
37 43 0
42 52 0
59 48 0
Net_id 26
pin_num 4
21 15 0
39 16 0
0 13 0
29 25 0
Net_id 27
pin_num 4
16 27 0
18 40 0
19 45 0
24 34 0
Net_id 28
pin_num 4
11 58 0
17 40 0
12 51 0
20 48 0
Net_id 29
pin_num 4
26 53 0
21 56 0
13 55 0
1 59 0
Net_id 30
pin_num 4
44 2 0
35 5 0
21 5 0
44 4 0
Net_id 31
pin_num 4
47 7 0
47 2 0
59 13 0
38 0 0
Net_id 32
pin_num 4
56 56 0
56 55 0
46 52 0
49 39 0
Net_id 33
pin_num 4
50 37 0
54 46 0
46 48 0
38 51 0
Net_id 34
pin_num 4
23 33 0
36 26 0
14 33 0
52 26 0
Net_id 35
pin_num 4
9 14 0
16 13 0
12 9 0
13 7 0
Net_id 36
pin_num 4
29 58 0
45 58 0
50 55 0
25 59 0
Net_id 37
pin_num 4
14 7 0
21 14 0
49 12 0
18 5 0
Net_id 38
pin_num 3
46 25 0
57 40 0
38 36 0
Net_id 39
pin_num 3
50 36 0
36 40 0
49 14 0
Net_id 40
pin_num 3
1 43 0
9 44 0
5 54 0
Net_id 41
pin_num 3
25 5 0
21 8 0
16 6 0
Net_id 42
pin_num 3
47 35 0
52 14 0
45 19 0
Net_id 43
pin_num 3
20 12 0
29 18 0
27 47 0
Net_id 44
pin_num 3
50 38 0
53 55 0
40 50 0
Net_id 45
pin_num 3
1 26 0
8 34 0
14 26 0
Net_id 46
pin_num 3
48 3 0
33 3 0
26 14 0
Net_id 47
pin_num 3
20 59 0
34 36 0
21 24 0
Net_id 48
pin_num 3
0 6 0
23 2 0
4 0 0
Net_id 49
pin_num 3
11 2 0
3 4 0
0 9 0
Net_id 50
pin_num 3
20 11 0
13 3 0
19 23 0
Net_id 51
pin_num 3
58 45 0
35 48 0
23 56 0
Net_id 52
pin_num 3
49 53 0
36 23 0
17 58 0
Net_id 53
pin_num 3
44 43 0
28 36 0
36 28 0
Net_id 54
pin_num 3
55 7 0
47 22 0
59 23 0
Net_id 55
pin_num 3
39 21 0
50 28 0
44 11 0
Net_id 56
pin_num 3
27 26 0
43 20 0
42 33 0
Net_id 57
pin_num 3
45 2 0
53 15 0
48 43 0
Net_id 58
pin_num 3
28 38 0
18 26 0
22 18 0
Net_id 59
pin_num 3
5 31 0
13 53 0
13 37 0
Net_id 60
pin_num 3
59 37 0
55 30 0
57 10 0
Net_id 61
pin_num 3
34 33 0
33 26 0
25 48 0
Net_id 62
pin_num 3
37 37 0
43 42 0
52 40 0
Net_id 63
pin_num 3
16 23 0
20 19 0
26 7 0
Net_id 64
pin_num 3
17 24 0
25 29 0
29 47 0
Net_id 65
pin_num 3
41 26 0
25 22 0
34 32 0
Net_id 66
pin_num 3
22 36 0
26 39 0
32 54 0
Net_id 67
pin_num 3
57 49 0
47 23 0
59 24 0
Net_id 68
pin_num 3
5 13 0
0 26 0
20 22 0
Net_id 69
pin_num 3
24 23 0
19 31 0
33 23 0
Net_id 70
pin_num 3
50 5 0
52 6 0
42 1 0
Net_id 71
pin_num 3
58 22 0
35 47 0
30 43 0
Net_id 72
pin_num 3
13 43 0
8 38 0
2 58 0
Net_id 73
pin_num 3
44 7 0
51 11 0
55 18 0
Net_id 74
pin_num 3
44 31 0
53 44 0
21 42 0
Net_id 75
pin_num 3
30 42 0
15 29 0
38 59 0
Net_id 76
pin_num 3
26 37 0
36 38 0
48 44 0
Net_id 77
pin_num 3
7 49 0
1 40 0
19 40 0
Net_id 78
pin_num 3
41 25 0
56 28 0
58 21 0
Net_id 79
pin_num 2
35 13 0
31 21 0
Net_id 80
pin_num 2
37 33 0
35 43 0
Net_id 81
pin_num 2
30 26 0
43 13 0
Net_id 82
pin_num 2
35 49 0
17 57 0
Net_id 83
pin_num 2
54 49 0
58 41 0
Net_id 84
pin_num 2
28 46 0
21 48 0
Net_id 85
pin_num 2
45 16 0
35 20 0
Net_id 86
pin_num 2
41 12 0
50 34 0
Net_id 87
pin_num 2
37 54 0
40 55 0
Net_id 88
pin_num 2
16 44 0
22 48 0
Net_id 89
pin_num 2
54 34 0
52 24 0
Net_id 90
pin_num 2
48 29 0
57 41 0
Net_id 91
pin_num 2
25 31 0
42 26 0
Net_id 92
pin_num 2
18 14 0
30 40 0
Net_id 93
pin_num 2
11 48 0
2 42 0
Net_id 94
pin_num 2
14 57 0
10 58 0
Net_id 95
pin_num 2
24 57 0
19 48 0
Net_id 96
pin_num 2
21 2 0
10 10 0
Net_id 97
pin_num 2
27 29 0
20 45 0
Net_id 98
pin_num 2
47 43 0
39 50 0
Net_id 99
pin_num 2
47 6 0
53 3 0
Net_id 100
pin_num 2
21 28 0
12 31 0
Net_id 101
pin_num 2
27 17 0
42 31 0
Net_id 102
pin_num 2
7 20 0
4 39 0
Net_id 103
pin_num 2
32 3 0
48 7 0
Net_id 104
pin_num 2
43 14 0
47 19 0
Net_id 105
pin_num 2
26 13 0
43 10 0
Net_id 106
pin_num 2
11 19 0
4 41 0
Net_id 107
pin_num 2
4 21 0
20 5 0
Net_id 108
pin_num 2
12 13 0
15 21 0
Net_id 109
pin_num 2
12 40 0
26 46 0
Net_id 110
pin_num 2
0 57 0
14 39 0
Net_id 111
pin_num 2
50 22 0
47 34 0
Net_id 112
pin_num 2
30 18 0
49 13 0
Net_id 113
pin_num 2
46 20 0
17 36 0
Net_id 114
pin_num 2
5 37 0
3 36 0
Net_id 115
pin_num 2
35 6 0
30 6 0
Net_id 116
pin_num 2
15 6 0
6 23 0
Net_id 117
pin_num 2
9 36 0
31 57 0
Net_id 118
pin_num 2
52 16 0
59 17 0
Net_id 119
pin_num 2
36 30 0
32 11 0
Net_id 120
pin_num 2
39 23 0
33 20 0
Net_id 121
pin_num 2
47 11 0
54 3 0
Net_id 122
pin_num 2
3 13 0
13 1 0
Net_id 123
pin_num 2
1 25 0
7 36 0
Net_id 124
pin_num 2
4 51 0
8 36 0
Net_id 125
pin_num 2
0 12 0
12 20 0
Net_id 126
pin_num 2
9 13 0
30 21 0
Net_id 127
pin_num 2
28 12 0
52 3 0
Net_id 128
pin_num 2
1 14 0
13 28 0
Net_id 129
pin_num 2
27 49 0
38 37 0
Net_id 130
pin_num 2
22 38 0
53 53 0
Net_id 131
pin_num 2
29 16 0
34 13 0
Net_id 132
pin_num 2
13 17 0
6 29 0
Net_id 133
pin_num 2
33 14 0
39 4 0
Net_id 134
pin_num 2
19 59 0
10 38 0
Net_id 135
pin_num 2
36 25 0
48 5 0
Net_id 136
pin_num 2
50 44 0
59 15 0
Net_id 137
pin_num 2
31 40 0
44 23 0
Net_id 138
pin_num 2
1 21 0
9 26 0
Net_id 139
pin_num 2
42 20 0
34 19 0
Net_id 140
pin_num 2
6 32 0
11 26 0
Net_id 141
pin_num 2
11 27 0
7 19 0
Net_id 142
pin_num 2
6 33 0
0 27 0
Net_id 143
pin_num 2
2 3 0
1 7 0
Net_id 144
pin_num 2
45 6 0
25 33 0
Net_id 145
pin_num 2
23 54 0
35 32 0
Net_id 146
pin_num 2
11 9 0
6 4 0
Net_id 147
pin_num 2
18 36 0
36 45 0
Net_id 148
pin_num 2
16 31 0
28 29 0
Net_id 149
pin_num 2
44 34 0
58 44 0
Net_id 150
pin_num 2
36 49 0
39 42 0
Net_id 151
pin_num 2
11 59 0
3 42 0
Net_id 152
pin_num 2
35 2 0
20 8 0
Net_id 153
pin_num 2
40 39 0
24 42 0
Net_id 154
pin_num 2
2 55 0
10 52 0
Net_id 155
pin_num 2
11 31 0
1 34 0
Net_id 156
pin_num 2
59 51 0
39 51 0
Net_id 157
pin_num 2
55 6 0
53 12 0
