Width 60
Height 60
Layer 6
Total_WL 7031
Obstacle_num 144
32 54 0 36 55 0
50 7 0 57 8 0
15 44 0 22 45 0
36 28 0 46 29 0
47 8 0 52 9 0
18 50 0 24 51 0
46 19 0 49 20 0
4 11 0 11 12 0
12 54 0 16 55 0
43 35 0 51 36 0
18 4 0 23 5 0
20 27 0 28 28 0
35 5 0 39 6 0
3 13 0 11 14 0
28 40 0 33 41 0
33 1 0 39 2 0
15 39 0 21 40 0
2 40 0 5 41 0
15 57 0 25 58 0
12 37 0 20 38 0
33 40 0 43 41 0
15 52 0 24 53 0
44 37 0 54 38 0
10 25 0 17 26 0
11 46 1 12 49 1
37 38 1 38 42 1
58 19 1 59 22 1
23 19 1 24 28 1
34 21 1 35 24 1
49 15 1 50 22 1
51 46 1 52 50 1
8 42 1 9 52 1
44 34 1 45 44 1
50 32 1 51 42 1
42 0 1 43 5 1
52 48 1 53 53 1
18 49 1 19 54 1
32 45 1 33 48 1
56 35 1 57 45 1
40 12 1 41 21 1
27 43 1 28 51 1
23 3 1 24 8 1
50 49 1 51 56 1
48 16 1 49 26 1
35 20 1 36 29 1
39 13 1 40 18 1
18 8 1 19 18 1
33 45 1 34 48 1
29 1 2 35 2 2
10 1 2 19 2 2
35 21 2 43 22 2
9 25 2 19 26 2
26 35 2 36 36 2
4 17 2 12 18 2
10 14 2 19 15 2
32 8 2 36 9 2
6 25 2 9 26 2
18 10 2 22 11 2
15 12 2 19 13 2
4 48 2 12 49 2
2 58 2 12 59 2
9 11 2 18 12 2
34 20 2 38 21 2
54 27 2 59 28 2
9 20 2 19 21 2
46 50 2 54 51 2
34 27 2 41 28 2
55 7 2 58 8 2
51 8 2 54 9 2
42 36 2 47 37 2
23 56 2 32 57 2
45 32 2 50 33 2
56 29 3 57 38 3
19 40 3 20 45 3
14 34 3 15 42 3
15 40 3 16 47 3
55 11 3 56 21 3
16 20 3 17 28 3
1 33 3 2 43 3
52 30 3 53 33 3
4 24 3 5 34 3
12 0 3 13 7 3
2 29 3 3 34 3
3 29 3 4 33 3
23 37 3 24 46 3
7 20 3 8 26 3
20 42 3 21 49 3
27 32 3 28 36 3
28 7 3 29 17 3
44 50 3 45 53 3
15 51 3 16 59 3
24 40 3 25 48 3
52 48 3 53 56 3
21 43 3 22 51 3
5 6 3 6 11 3
22 8 3 23 12 3
11 55 4 21 56 4
18 15 4 22 16 4
26 46 4 29 47 4
10 0 4 17 1 4
36 17 4 45 18 4
20 33 4 24 34 4
8 43 4 16 44 4
1 6 4 5 7 4
19 43 4 24 44 4
9 15 4 15 16 4
16 8 4 26 9 4
29 49 4 33 50 4
41 26 4 51 27 4
10 50 4 14 51 4
7 20 4 14 21 4
41 49 4 44 50 4
20 57 4 25 58 4
7 49 4 13 50 4
42 30 4 46 31 4
26 8 4 32 9 4
27 45 4 34 46 4
20 37 4 29 38 4
4 16 4 7 17 4
9 34 4 15 35 4
26 20 5 27 28 5
10 13 5 11 22 5
27 1 5 28 8 5
14 1 5 15 6 5
49 21 5 50 27 5
10 50 5 11 59 5
20 1 5 21 10 5
42 34 5 43 40 5
7 38 5 8 46 5
16 11 5 17 20 5
6 30 5 7 35 5
51 35 5 52 43 5
12 43 5 13 52 5
10 27 5 11 35 5
9 31 5 10 39 5
35 0 5 36 7 5
34 50 5 35 57 5
21 11 5 22 20 5
43 15 5 44 25 5
37 48 5 38 58 5
40 30 5 41 37 5
34 37 5 35 45 5
35 33 5 36 37 5
14 15 5 15 25 5
Net_num 163
Net_id 0
pin_num 5
8 33 0
24 33 0
24 16 0
13 42 0
11 39 0
Net_id 1
pin_num 5
29 33 0
32 36 0
46 44 0
38 38 0
45 36 0
Net_id 2
pin_num 5
34 33 0
43 33 0
36 41 0
31 34 0
21 34 0
Net_id 3
pin_num 5
51 33 0
45 33 0
48 51 0
20 34 0
47 38 0
Net_id 4
pin_num 5
4 20 0
1 12 0
8 32 0
2 44 0
7 10 0
Net_id 5
pin_num 5
2 2 0
7 2 0
0 0 0
7 7 0
7 33 0
Net_id 6
pin_num 5
3 55 0
1 57 0
0 47 0
5 57 0
5 47 0
Net_id 7
pin_num 5
59 46 0
55 45 0
59 50 0
37 48 0
59 54 0
Net_id 8
pin_num 5
15 45 0
24 42 0
19 29 0
23 31 0
29 42 0
Net_id 9
pin_num 5
10 22 0
3 18 0
25 18 0
30 21 0
34 30 0
Net_id 10
pin_num 5
33 33 0
28 32 0
28 14 0
36 29 0
37 15 0
Net_id 11
pin_num 5
39 18 0
52 10 0
41 34 0
41 0 0
49 34 0
Net_id 12
pin_num 5
26 30 0
19 30 0
20 17 0
33 36 0
25 25 0
Net_id 13
pin_num 5
39 3 0
31 5 0
33 17 0
19 12 0
34 20 0
Net_id 14
pin_num 5
54 33 0
55 39 0
59 18 0
52 44 0
31 39 0
Net_id 15
pin_num 5
3 42 0
0 44 0
12 34 0
10 31 0
4 45 0
Net_id 16
pin_num 5
42 23 0
39 19 0
31 20 0
56 20 0
55 12 0
Net_id 17
pin_num 5
12 21 0
8 21 0
9 38 0
18 18 0
27 26 0
Net_id 18
pin_num 5
27 33 0
18 30 0
21 35 0
20 16 0
21 17 0
Net_id 19
pin_num 5
23 4 0
26 4 0
24 8 0
11 0 0
14 8 0
Net_id 20
pin_num 5
34 29 0
22 29 0
32 28 0
31 31 0
25 22 0
Net_id 21
pin_num 4
13 26 0
17 31 0
23 26 0
17 17 0
Net_id 22
pin_num 4
30 20 0
40 29 0
37 35 0
42 27 0
Net_id 23
pin_num 4
3 44 0
14 44 0
7 55 0
17 50 0
Net_id 24
pin_num 4
49 5 0
38 14 0
25 16 0
43 17 0
Net_id 25
pin_num 4
15 24 0
22 28 0
0 23 0
1 35 0
Net_id 26
pin_num 4
6 23 0
12 26 0
0 31 0
5 23 0
Net_id 27
pin_num 4
48 36 0
57 36 0
52 21 0
35 22 0
Net_id 28
pin_num 4
46 52 0
51 50 0
55 58 0
52 53 0
Net_id 29
pin_num 4
11 53 0
24 55 0
21 59 0
21 48 0
Net_id 30
pin_num 4
4 47 0
0 58 0
9 52 0
9 37 0
Net_id 31
pin_num 4
20 38 0
15 36 0
0 45 0
17 58 0
Net_id 32
pin_num 4
5 48 0
16 48 0
19 59 0
19 55 0
Net_id 33
pin_num 4
28 19 0
23 28 0
23 2 0
0 18 0
Net_id 34
pin_num 4
46 26 0
58 35 0
49 43 0
47 29 0
Net_id 35
pin_num 4
42 55 0
55 49 0
33 52 0
53 45 0
Net_id 36
pin_num 4
4 1 0
9 4 0
19 16 0
14 16 0
Net_id 37
pin_num 4
5 37 0
0 34 0
1 51 0
8 34 0
Net_id 38
pin_num 4
13 0 0
25 6 0
21 12 0
8 14 0
Net_id 39
pin_num 4
3 59 0
7 56 0
7 34 0
10 52 0
Net_id 40
pin_num 4
13 47 0
6 47 0
7 59 0
13 59 0
Net_id 41
pin_num 3
0 41 0
10 29 0
43 40 0
Net_id 42
pin_num 3
20 40 0
5 30 0
50 42 0
Net_id 43
pin_num 3
4 34 0
3 46 0
25 31 0
Net_id 44
pin_num 3
44 25 0
47 21 0
46 17 0
Net_id 45
pin_num 3
23 21 0
3 25 0
14 51 0
Net_id 46
pin_num 3
29 17 0
42 26 0
22 1 0
Net_id 47
pin_num 3
45 9 0
56 9 0
50 27 0
Net_id 48
pin_num 3
18 1 0
20 13 0
2 13 0
Net_id 49
pin_num 3
39 23 0
22 17 0
45 29 0
Net_id 50
pin_num 3
42 53 0
25 53 0
14 53 0
Net_id 51
pin_num 3
47 28 0
57 35 0
57 26 0
Net_id 52
pin_num 3
22 49 0
18 47 0
31 48 0
Net_id 53
pin_num 3
20 18 0
18 3 0
26 16 0
Net_id 54
pin_num 3
57 55 0
43 51 0
40 59 0
Net_id 55
pin_num 3
10 34 0
5 27 0
30 26 0
Net_id 56
pin_num 3
23 5 0
36 14 0
44 0 0
Net_id 57
pin_num 3
43 29 0
58 22 0
53 0 0
Net_id 58
pin_num 3
3 51 0
16 51 0
4 59 0
Net_id 59
pin_num 3
26 20 0
8 17 0
4 22 0
Net_id 60
pin_num 3
40 7 0
45 8 0
29 2 0
Net_id 61
pin_num 3
1 26 0
6 17 0
3 0 0
Net_id 62
pin_num 3
22 53 0
13 46 0
12 46 0
Net_id 63
pin_num 3
0 17 0
22 19 0
13 32 0
Net_id 64
pin_num 3
33 38 0
32 35 0
34 56 0
Net_id 65
pin_num 3
27 6 0
23 18 0
47 17 0
Net_id 66
pin_num 3
35 13 0
46 13 0
57 13 0
Net_id 67
pin_num 3
0 7 0
12 23 0
17 32 0
Net_id 68
pin_num 3
57 45 0
44 49 0
41 36 0
Net_id 69
pin_num 3
2 50 0
25 50 0
22 35 0
Net_id 70
pin_num 3
36 36 0
42 41 0
59 51 0
Net_id 71
pin_num 3
42 0 0
50 18 0
17 2 0
Net_id 72
pin_num 3
41 25 0
30 39 0
25 51 0
Net_id 73
pin_num 3
58 34 0
58 26 0
44 33 0
Net_id 74
pin_num 3
37 4 0
57 14 0
57 6 0
Net_id 75
pin_num 3
7 22 0
24 13 0
21 28 0
Net_id 76
pin_num 3
42 34 0
54 26 0
29 30 0
Net_id 77
pin_num 3
46 51 0
57 58 0
39 59 0
Net_id 78
pin_num 3
37 24 0
19 15 0
6 27 0
Net_id 79
pin_num 3
30 54 0
35 46 0
58 50 0
Net_id 80
pin_num 3
0 5 0
0 19 0
0 28 0
Net_id 81
pin_num 3
1 58 0
13 52 0
13 58 0
Net_id 82
pin_num 3
57 15 0
52 16 0
40 8 0
Net_id 83
pin_num 2
2 32 0
19 11 0
Net_id 84
pin_num 2
39 56 0
18 42 0
Net_id 85
pin_num 2
20 19 0
3 19 0
Net_id 86
pin_num 2
30 56 0
39 38 0
Net_id 87
pin_num 2
31 26 0
46 16 0
Net_id 88
pin_num 2
13 45 0
8 39 0
Net_id 89
pin_num 2
57 17 0
36 23 0
Net_id 90
pin_num 2
30 52 0
21 41 0
Net_id 91
pin_num 2
44 11 0
42 9 0
Net_id 92
pin_num 2
34 58 0
17 59 0
Net_id 93
pin_num 2
7 41 0
0 27 0
Net_id 94
pin_num 2
56 14 0
35 18 0
Net_id 95
pin_num 2
31 30 0
29 27 0
Net_id 96
pin_num 2
25 11 0
16 2 0
Net_id 97
pin_num 2
50 54 0
37 55 0
Net_id 98
pin_num 2
24 17 0
38 20 0
Net_id 99
pin_num 2
25 47 0
36 50 0
Net_id 100
pin_num 2
42 31 0
23 46 0
Net_id 101
pin_num 2
5 8 0
5 25 0
Net_id 102
pin_num 2
10 2 0
4 0 0
Net_id 103
pin_num 2
29 59 0
29 55 0
Net_id 104
pin_num 2
28 48 0
26 51 0
Net_id 105
pin_num 2
21 51 0
36 54 0
Net_id 106
pin_num 2
56 53 0
43 58 0
Net_id 107
pin_num 2
54 30 0
57 47 0
Net_id 108
pin_num 2
33 9 0
40 30 0
Net_id 109
pin_num 2
41 44 0
32 50 0
Net_id 110
pin_num 2
31 18 0
48 30 0
Net_id 111
pin_num 2
3 22 0
15 6 0
Net_id 112
pin_num 2
58 6 0
56 6 0
Net_id 113
pin_num 2
5 6 0
28 36 0
Net_id 114
pin_num 2
51 19 0
45 19 0
Net_id 115
pin_num 2
1 43 0
21 39 0
Net_id 116
pin_num 2
54 4 0
54 1 0
Net_id 117
pin_num 2
59 25 0
51 21 0
Net_id 118
pin_num 2
26 23 0
13 36 0
Net_id 119
pin_num 2
43 57 0
54 54 0
Net_id 120
pin_num 2
2 41 0
5 29 0
Net_id 121
pin_num 2
52 15 0
58 8 0
Net_id 122
pin_num 2
56 8 0
46 8 0
Net_id 123
pin_num 2
9 26 0
26 57 0
Net_id 124
pin_num 2
52 4 0
56 1 0
Net_id 125
pin_num 2
13 9 0
19 9 0
Net_id 126
pin_num 2
1 19 0
11 5 0
Net_id 127
pin_num 2
28 20 0
45 2 0
Net_id 128
pin_num 2
4 55 0
15 47 0
Net_id 129
pin_num 2
11 28 0
0 32 0
Net_id 130
pin_num 2
57 22 0
52 34 0
Net_id 131
pin_num 2
22 13 0
25 19 0
Net_id 132
pin_num 2
46 12 0
26 19 0
Net_id 133
pin_num 2
41 42 0
58 18 0
Net_id 134
pin_num 2
27 12 0
35 10 0
Net_id 135
pin_num 2
47 30 0
43 21 0
Net_id 136
pin_num 2
0 10 0
3 1 0
Net_id 137
pin_num 2
32 39 0
40 43 0
Net_id 138
pin_num 2
23 43 0
28 43 0
Net_id 139
pin_num 2
43 19 0
57 24 0
Net_id 140
pin_num 2
17 28 0
9 36 0
Net_id 141
pin_num 2
47 15 0
54 25 0
Net_id 142
pin_num 2
17 18 0
13 10 0
Net_id 143
pin_num 2
12 8 0
0 6 0
Net_id 144
pin_num 2
42 57 0
18 46 0
Net_id 145
pin_num 2
29 7 0
39 20 0
Net_id 146
pin_num 2
52 8 0
57 1 0
Net_id 147
pin_num 2
23 37 0
36 31 0
Net_id 148
pin_num 2
20 35 0
4 49 0
Net_id 149
pin_num 2
57 28 0
54 34 0
Net_id 150
pin_num 2
57 10 0
58 17 0
Net_id 151
pin_num 2
44 17 0
50 25 0
Net_id 152
pin_num 2
52 45 0
30 42 0
Net_id 153
pin_num 2
19 22 0
2 48 0
Net_id 154
pin_num 2
0 33 0
38 15 0
Net_id 155
pin_num 2
49 27 0
59 23 0
Net_id 156
pin_num 2
48 46 0
28 51 0
Net_id 157
pin_num 2
28 54 0
23 59 0
Net_id 158
pin_num 2
19 41 0
23 32 0
Net_id 159
pin_num 2
26 49 0
10 15 0
Net_id 160
pin_num 2
42 38 0
35 41 0
Net_id 161
pin_num 2
41 55 0
16 58 0
Net_id 162
pin_num 2
22 6 0
18 10 0
