Width 60
Height 60
Layer 6
Total_WL 6896
Obstacle_num 144
36 40 0 45 41 0
36 16 0 42 17 0
23 38 0 28 39 0
43 56 0 53 57 0
10 9 0 13 10 0
14 9 0 18 10 0
49 6 0 53 7 0
33 52 0 40 53 0
35 6 0 43 7 0
28 43 0 31 44 0
24 51 0 30 52 0
52 18 0 58 19 0
36 43 0 44 44 0
31 5 0 34 6 0
40 36 0 49 37 0
3 43 0 7 44 0
29 8 0 37 9 0
31 41 0 40 42 0
15 22 0 18 23 0
18 21 0 27 22 0
25 55 0 31 56 0
11 49 0 21 50 0
37 37 0 47 38 0
6 57 0 11 58 0
34 51 1 35 55 1
35 42 1 36 46 1
56 49 1 57 55 1
23 42 1 24 52 1
42 10 1 43 18 1
10 54 1 11 57 1
33 18 1 34 26 1
2 28 1 3 31 1
48 23 1 49 32 1
29 53 1 30 57 1
11 23 1 12 26 1
8 24 1 9 30 1
14 27 1 15 36 1
3 42 1 4 47 1
58 8 1 59 16 1
36 10 1 37 17 1
24 34 1 25 44 1
10 46 1 11 53 1
2 24 1 3 28 1
8 32 1 9 39 1
55 32 1 56 37 1
40 45 1 41 52 1
7 19 1 8 23 1
25 12 1 26 18 1
46 44 2 56 45 2
1 15 2 10 16 2
35 11 2 43 12 2
18 49 2 21 50 2
21 51 2 30 52 2
23 38 2 30 39 2
23 37 2 32 38 2
51 28 2 55 29 2
21 5 2 29 6 2
35 37 2 38 38 2
31 42 2 40 43 2
16 6 2 20 7 2
53 38 2 59 39 2
32 54 2 42 55 2
26 39 2 34 40 2
7 24 2 12 25 2
32 26 2 41 27 2
31 47 2 34 48 2
44 27 2 54 28 2
6 40 2 9 41 2
34 0 2 44 1 2
15 58 2 19 59 2
35 20 2 45 21 2
10 8 2 20 9 2
37 27 3 38 32 3
46 38 3 47 42 3
55 6 3 56 9 3
52 30 3 53 39 3
22 2 3 23 5 3
22 53 3 23 59 3
51 23 3 52 30 3
41 40 3 42 44 3
25 29 3 26 35 3
38 28 3 39 37 3
40 3 3 41 6 3
25 10 3 26 15 3
6 32 3 7 41 3
40 31 3 41 41 3
58 48 3 59 53 3
26 44 3 27 54 3
56 4 3 57 14 3
6 22 3 7 25 3
34 1 3 35 5 3
57 11 3 58 21 3
7 24 3 8 33 3
52 48 3 53 52 3
42 38 3 43 47 3
53 21 3 54 24 3
34 25 4 38 26 4
19 40 4 24 41 4
2 47 4 5 48 4
20 24 4 28 25 4
38 37 4 48 38 4
30 12 4 40 13 4
37 46 4 44 47 4
40 41 4 43 42 4
37 15 4 45 16 4
10 12 4 16 13 4
4 6 4 8 7 4
43 16 4 53 17 4
22 52 4 26 53 4
13 42 4 19 43 4
14 46 4 18 47 4
0 49 4 8 50 4
12 48 4 20 49 4
43 36 4 48 37 4
50 21 4 54 22 4
36 3 4 39 4 4
8 17 4 16 18 4
32 31 4 37 32 4
48 40 4 58 41 4
34 51 4 41 52 4
22 54 5 23 59 5
18 13 5 19 19 5
15 50 5 16 57 5
49 0 5 50 4 5
35 29 5 36 39 5
10 2 5 11 7 5
14 45 5 15 53 5
34 38 5 35 46 5
49 19 5 50 26 5
40 31 5 41 36 5
28 30 5 29 33 5
24 7 5 25 12 5
55 32 5 56 36 5
44 46 5 45 54 5
43 42 5 44 45 5
58 7 5 59 15 5
13 5 5 14 10 5
24 37 5 25 40 5
28 19 5 29 23 5
3 47 5 4 56 5
3 4 5 4 13 5
22 34 5 23 40 5
0 1 5 1 5 5
57 36 5 58 44 5
Net_num 157
Net_id 0
pin_num 5
29 16 0
24 16 0
17 16 0
22 22 0
26 26 0
Net_id 1
pin_num 5
4 33 0
3 32 0
1 44 0
0 20 0
17 34 0
Net_id 2
pin_num 5
26 3 0
12 0 0
14 18 0
0 4 0
18 5 0
Net_id 3
pin_num 5
36 22 0
35 16 0
13 17 0
36 36 0
35 4 0
Net_id 4
pin_num 5
10 58 0
18 52 0
36 58 0
0 58 0
9 41 0
Net_id 5
pin_num 5
32 15 0
37 15 0
34 24 0
29 0 0
53 24 0
Net_id 6
pin_num 5
6 9 0
0 1 0
20 4 0
20 1 0
2 2 0
Net_id 7
pin_num 5
42 59 0
44 55 0
53 58 0
59 51 0
53 53 0
Net_id 8
pin_num 5
56 16 0
44 21 0
47 34 0
59 30 0
43 22 0
Net_id 9
pin_num 5
8 8 0
20 0 0
11 11 0
28 9 0
23 7 0
Net_id 10
pin_num 5
44 22 0
49 30 0
49 0 0
45 4 0
59 12 0
Net_id 11
pin_num 5
58 28 0
51 28 0
52 49 0
59 39 0
50 13 0
Net_id 12
pin_num 5
33 2 0
23 8 0
41 8 0
17 6 0
52 3 0
Net_id 13
pin_num 5
59 41 0
55 53 0
58 33 0
39 47 0
59 28 0
Net_id 14
pin_num 5
59 56 0
53 52 0
58 59 0
55 54 0
55 56 0
Net_id 15
pin_num 5
31 38 0
40 42 0
30 41 0
41 59 0
42 32 0
Net_id 16
pin_num 5
6 12 0
1 15 0
11 12 0
17 15 0
8 16 0
Net_id 17
pin_num 5
20 24 0
38 27 0
7 23 0
21 9 0
38 8 0
Net_id 18
pin_num 4
48 59 0
43 55 0
45 43 0
54 57 0
Net_id 19
pin_num 4
16 28 0
9 28 0
21 26 0
12 33 0
Net_id 20
pin_num 4
7 38 0
17 29 0
1 32 0
0 50 0
Net_id 21
pin_num 4
1 13 0
3 10 0
24 10 0
14 19 0
Net_id 22
pin_num 4
32 45 0
16 44 0
27 56 0
40 52 0
Net_id 23
pin_num 4
54 2 0
35 1 0
50 0 0
24 1 0
Net_id 24
pin_num 4
48 26 0
54 24 0
51 48 0
54 30 0
Net_id 25
pin_num 4
41 22 0
34 31 0
41 31 0
51 18 0
Net_id 26
pin_num 4
26 39 0
33 49 0
33 14 0
31 57 0
Net_id 27
pin_num 4
54 21 0
51 19 0
56 27 0
45 21 0
Net_id 28
pin_num 4
55 9 0
59 17 0
51 4 0
52 22 0
Net_id 29
pin_num 4
6 16 0
11 3 0
9 25 0
1 3 0
Net_id 30
pin_num 4
32 22 0
26 9 0
43 13 0
33 0 0
Net_id 31
pin_num 4
36 53 0
25 47 0
18 53 0
49 53 0
Net_id 32
pin_num 4
20 7 0
11 7 0
19 15 0
29 7 0
Net_id 33
pin_num 4
12 14 0
16 10 0
10 30 0
30 30 0
Net_id 34
pin_num 4
0 46 0
8 50 0
11 59 0
4 52 0
Net_id 35
pin_num 4
26 20 0
19 22 0
25 41 0
5 18 0
Net_id 36
pin_num 4
4 2 0
13 16 0
19 5 0
36 38 0
Net_id 37
pin_num 4
39 38 0
45 35 0
20 36 0
35 36 0
Net_id 38
pin_num 3
56 38 0
58 26 0
35 33 0
Net_id 39
pin_num 3
50 22 0
53 17 0
53 6 0
Net_id 40
pin_num 3
9 40 0
31 40 0
16 17 0
Net_id 41
pin_num 3
59 2 0
39 10 0
55 30 0
Net_id 42
pin_num 3
53 56 0
55 55 0
33 55 0
Net_id 43
pin_num 3
41 51 0
29 47 0
21 59 0
Net_id 44
pin_num 3
57 39 0
56 46 0
54 59 0
Net_id 45
pin_num 3
46 32 0
53 31 0
48 50 0
Net_id 46
pin_num 3
49 49 0
8 58 0
43 58 0
Net_id 47
pin_num 3
19 44 0
44 43 0
55 57 0
Net_id 48
pin_num 3
57 6 0
51 5 0
32 3 0
Net_id 49
pin_num 3
7 7 0
1 28 0
2 31 0
Net_id 50
pin_num 3
47 47 0
41 47 0
34 33 0
Net_id 51
pin_num 3
39 33 0
47 37 0
37 11 0
Net_id 52
pin_num 3
37 12 0
20 25 0
46 9 0
Net_id 53
pin_num 3
22 35 0
5 30 0
13 22 0
Net_id 54
pin_num 3
47 50 0
33 57 0
38 39 0
Net_id 55
pin_num 3
15 39 0
18 48 0
28 41 0
Net_id 56
pin_num 3
52 42 0
44 35 0
59 19 0
Net_id 57
pin_num 3
28 57 0
14 53 0
46 48 0
Net_id 58
pin_num 3
55 10 0
51 10 0
58 0 0
Net_id 59
pin_num 3
46 26 0
37 14 0
54 27 0
Net_id 60
pin_num 3
32 50 0
54 32 0
49 46 0
Net_id 61
pin_num 3
42 35 0
56 26 0
44 42 0
Net_id 62
pin_num 3
55 7 0
55 1 0
52 11 0
Net_id 63
pin_num 3
17 25 0
3 18 0
6 29 0
Net_id 64
pin_num 3
37 13 0
41 12 0
46 5 0
Net_id 65
pin_num 3
14 32 0
24 19 0
4 30 0
Net_id 66
pin_num 3
1 26 0
10 26 0
30 42 0
Net_id 67
pin_num 3
55 6 0
50 1 0
58 5 0
Net_id 68
pin_num 3
24 47 0
13 47 0
20 52 0
Net_id 69
pin_num 3
23 25 0
29 28 0
4 37 0
Net_id 70
pin_num 3
38 1 0
49 7 0
58 24 0
Net_id 71
pin_num 3
46 13 0
56 14 0
40 17 0
Net_id 72
pin_num 3
58 52 0
49 54 0
55 43 0
Net_id 73
pin_num 3
4 18 0
15 6 0
15 37 0
Net_id 74
pin_num 3
8 19 0
7 2 0
10 35 0
Net_id 75
pin_num 3
3 56 0
0 57 0
6 51 0
Net_id 76
pin_num 2
57 3 0
47 4 0
Net_id 77
pin_num 2
21 33 0
34 32 0
Net_id 78
pin_num 2
11 10 0
6 2 0
Net_id 79
pin_num 2
41 25 0
41 28 0
Net_id 80
pin_num 2
19 42 0
13 46 0
Net_id 81
pin_num 2
30 29 0
18 15 0
Net_id 82
pin_num 2
39 58 0
53 51 0
Net_id 83
pin_num 2
39 27 0
57 25 0
Net_id 84
pin_num 2
38 35 0
56 40 0
Net_id 85
pin_num 2
46 19 0
51 15 0
Net_id 86
pin_num 2
58 12 0
37 4 0
Net_id 87
pin_num 2
50 53 0
20 51 0
Net_id 88
pin_num 2
46 38 0
59 42 0
Net_id 89
pin_num 2
4 41 0
21 52 0
Net_id 90
pin_num 2
42 51 0
56 57 0
Net_id 91
pin_num 2
0 35 0
6 35 0
Net_id 92
pin_num 2
5 42 0
2 45 0
Net_id 93
pin_num 2
26 8 0
22 9 0
Net_id 94
pin_num 2
0 29 0
24 23 0
Net_id 95
pin_num 2
18 51 0
37 49 0
Net_id 96
pin_num 2
15 8 0
19 28 0
Net_id 97
pin_num 2
12 55 0
7 45 0
Net_id 98
pin_num 2
5 27 0
1 21 0
Net_id 99
pin_num 2
13 21 0
26 34 0
Net_id 100
pin_num 2
32 42 0
42 57 0
Net_id 101
pin_num 2
36 45 0
50 45 0
Net_id 102
pin_num 2
57 24 0
54 25 0
Net_id 103
pin_num 2
33 34 0
31 39 0
Net_id 104
pin_num 2
27 10 0
41 7 0
Net_id 105
pin_num 2
59 14 0
57 15 0
Net_id 106
pin_num 2
3 44 0
11 45 0
Net_id 107
pin_num 2
1 16 0
9 2 0
Net_id 108
pin_num 2
41 18 0
49 8 0
Net_id 109
pin_num 2
8 21 0
10 37 0
Net_id 110
pin_num 2
55 50 0
53 37 0
Net_id 111
pin_num 2
29 37 0
35 19 0
Net_id 112
pin_num 2
12 12 0
26 27 0
Net_id 113
pin_num 2
36 25 0
16 3 0
Net_id 114
pin_num 2
55 40 0
42 48 0
Net_id 115
pin_num 2
34 39 0
42 34 0
Net_id 116
pin_num 2
33 47 0
40 44 0
Net_id 117
pin_num 2
23 9 0
30 18 0
Net_id 118
pin_num 2
20 46 0
35 49 0
Net_id 119
pin_num 2
3 21 0
6 14 0
Net_id 120
pin_num 2
33 18 0
28 15 0
Net_id 121
pin_num 2
27 52 0
22 42 0
Net_id 122
pin_num 2
31 49 0
44 51 0
Net_id 123
pin_num 2
39 21 0
49 34 0
Net_id 124
pin_num 2
11 14 0
13 3 0
Net_id 125
pin_num 2
21 38 0
1 51 0
Net_id 126
pin_num 2
47 17 0
58 17 0
Net_id 127
pin_num 2
47 15 0
43 23 0
Net_id 128
pin_num 2
39 5 0
51 13 0
Net_id 129
pin_num 2
36 26 0
24 11 0
Net_id 130
pin_num 2
47 48 0
54 49 0
Net_id 131
pin_num 2
14 39 0
6 47 0
Net_id 132
pin_num 2
10 20 0
10 23 0
Net_id 133
pin_num 2
11 24 0
0 37 0
Net_id 134
pin_num 2
22 10 0
17 10 0
Net_id 135
pin_num 2
52 31 0
31 26 0
Net_id 136
pin_num 2
57 34 0
32 14 0
Net_id 137
pin_num 2
23 22 0
41 20 0
Net_id 138
pin_num 2
23 1 0
3 17 0
Net_id 139
pin_num 2
0 14 0
3 25 0
Net_id 140
pin_num 2
27 48 0
14 45 0
Net_id 141
pin_num 2
3 47 0
3 48 0
Net_id 142
pin_num 2
14 35 0
6 13 0
Net_id 143
pin_num 2
29 4 0
36 4 0
Net_id 144
pin_num 2
16 19 0
8 0 0
Net_id 145
pin_num 2
56 41 0
50 54 0
Net_id 146
pin_num 2
31 7 0
29 14 0
Net_id 147
pin_num 2
58 42 0
46 23 0
Net_id 148
pin_num 2
13 42 0
4 55 0
Net_id 149
pin_num 2
46 35 0
42 49 0
Net_id 150
pin_num 2
6 33 0
3 57 0
Net_id 151
pin_num 2
28 4 0
31 0 0
Net_id 152
pin_num 2
50 51 0
35 40 0
Net_id 153
pin_num 2
18 55 0
14 55 0
Net_id 154
pin_num 2
10 13 0
35 10 0
Net_id 155
pin_num 2
39 2 0
29 5 0
Net_id 156
pin_num 2
42 44 0
37 35 0
