Width 60
Height 60
Layer 6
Total_WL 6912
Obstacle_num 144
27 53 0 31 54 0
28 47 0 33 48 0
10 35 0 18 36 0
13 46 0 22 47 0
31 32 0 40 33 0
13 16 0 22 17 0
20 7 0 25 8 0
49 12 0 54 13 0
19 42 0 29 43 0
35 15 0 43 16 0
24 46 0 28 47 0
22 1 0 30 2 0
29 16 0 38 17 0
45 28 0 48 29 0
21 56 0 31 57 0
24 12 0 30 13 0
10 44 0 20 45 0
45 5 0 54 6 0
45 53 0 55 54 0
18 8 0 21 9 0
21 39 0 26 40 0
18 9 0 26 10 0
38 55 0 42 56 0
31 34 0 37 35 0
58 11 1 59 19 1
47 25 1 48 31 1
45 50 1 46 55 1
58 39 1 59 43 1
33 45 1 34 50 1
50 41 1 51 48 1
55 52 1 56 55 1
49 11 1 50 20 1
41 37 1 42 45 1
44 9 1 45 16 1
55 16 1 56 25 1
48 12 1 49 15 1
12 31 1 13 41 1
53 43 1 54 50 1
1 9 1 2 13 1
22 34 1 23 40 1
35 53 1 36 57 1
43 3 1 44 8 1
7 50 1 8 54 1
31 42 1 32 51 1
48 5 1 49 8 1
34 41 1 35 49 1
35 30 1 36 36 1
56 49 1 57 55 1
32 56 2 42 57 2
46 41 2 54 42 2
32 6 2 35 7 2
24 43 2 30 44 2
25 18 2 31 19 2
7 49 2 11 50 2
4 53 2 9 54 2
14 44 2 22 45 2
32 11 2 38 12 2
55 9 2 58 10 2
2 56 2 12 57 2
25 17 2 28 18 2
42 35 2 49 36 2
19 9 2 23 10 2
44 57 2 52 58 2
46 31 2 49 32 2
46 33 2 49 34 2
24 37 2 29 38 2
46 52 2 54 53 2
38 52 2 42 53 2
52 49 2 59 50 2
37 58 2 46 59 2
3 41 2 12 42 2
25 5 2 29 6 2
5 43 3 6 47 3
53 8 3 54 18 3
12 36 3 13 43 3
5 13 3 6 21 3
13 8 3 14 17 3
24 29 3 25 34 3
13 28 3 14 34 3
31 26 3 32 30 3
19 30 3 20 40 3
26 33 3 27 39 3
8 13 3 9 23 3
37 4 3 38 14 3
6 9 3 7 12 3
51 27 3 52 37 3
56 18 3 57 26 3
24 25 3 25 29 3
42 46 3 43 49 3
7 48 3 8 55 3
10 14 3 11 23 3
34 47 3 35 50 3
24 11 3 25 21 3
41 30 3 42 33 3
7 1 3 8 11 3
25 26 3 26 35 3
12 12 4 19 13 4
2 1 4 8 2 4
15 30 4 21 31 4
53 36 4 56 37 4
9 46 4 15 47 4
51 35 4 57 36 4
39 54 4 44 55 4
14 48 4 18 49 4
2 19 4 10 20 4
33 37 4 37 38 4
41 53 4 45 54 4
9 57 4 15 58 4
16 24 4 26 25 4
28 6 4 37 7 4
27 53 4 33 54 4
4 32 4 12 33 4
32 13 4 35 14 4
32 3 4 37 4 4
30 2 4 35 3 4
31 32 4 40 33 4
51 4 4 59 5 4
28 56 4 35 57 4
41 48 4 46 49 4
3 51 4 7 52 4
24 24 5 25 27 5
18 22 5 19 25 5
17 28 5 18 35 5
8 53 5 9 56 5
53 2 5 54 12 5
13 27 5 14 35 5
7 22 5 8 28 5
29 45 5 30 50 5
14 38 5 15 46 5
35 30 5 36 38 5
32 52 5 33 56 5
2 46 5 3 53 5
37 18 5 38 27 5
35 26 5 36 29 5
40 26 5 41 31 5
31 9 5 32 15 5
11 41 5 12 49 5
53 48 5 54 51 5
27 1 5 28 4 5
13 45 5 14 52 5
2 9 5 3 16 5
4 27 5 5 33 5
13 16 5 14 19 5
42 35 5 43 44 5
Net_num 161
Net_id 0
pin_num 5
49 26 0
37 24 0
37 29 0
47 24 0
45 8 0
Net_id 1
pin_num 5
12 28 0
18 24 0
17 14 0
35 28 0
32 43 0
Net_id 2
pin_num 5
38 50 0
33 58 0
49 51 0
40 54 0
47 57 0
Net_id 3
pin_num 5
25 16 0
28 18 0
21 0 0
20 17 0
46 11 0
Net_id 4
pin_num 5
9 1 0
12 5 0
31 4 0
30 17 0
30 1 0
Net_id 5
pin_num 5
52 31 0
59 19 0
39 19 0
59 27 0
59 36 0
Net_id 6
pin_num 5
6 55 0
3 46 0
6 59 0
0 37 0
9 46 0
Net_id 7
pin_num 5
50 47 0
39 50 0
45 55 0
45 49 0
45 50 0
Net_id 8
pin_num 5
25 48 0
27 39 0
47 42 0
12 46 0
22 41 0
Net_id 9
pin_num 5
38 20 0
44 18 0
58 20 0
44 34 0
37 19 0
Net_id 10
pin_num 5
27 31 0
31 33 0
46 41 0
43 38 0
36 14 0
Net_id 11
pin_num 5
36 46 0
42 59 0
37 48 0
24 50 0
31 31 0
Net_id 12
pin_num 5
19 55 0
14 55 0
13 59 0
17 43 0
17 42 0
Net_id 13
pin_num 5
1 38 0
13 42 0
8 20 0
6 45 0
23 32 0
Net_id 14
pin_num 5
42 2 0
24 2 0
50 0 0
16 2 0
47 7 0
Net_id 15
pin_num 5
22 55 0
12 59 0
19 38 0
3 54 0
32 45 0
Net_id 16
pin_num 5
49 6 0
43 2 0
58 0 0
59 4 0
29 5 0
Net_id 17
pin_num 5
1 24 0
4 23 0
3 39 0
0 21 0
11 13 0
Net_id 18
pin_num 5
14 6 0
22 5 0
15 23 0
16 8 0
4 12 0
Net_id 19
pin_num 4
53 55 0
54 59 0
54 51 0
57 47 0
Net_id 20
pin_num 4
54 45 0
39 43 0
42 37 0
35 59 0
Net_id 21
pin_num 4
17 2 0
25 3 0
10 0 0
10 12 0
Net_id 22
pin_num 4
27 45 0
42 49 0
20 59 0
40 35 0
Net_id 23
pin_num 4
18 50 0
9 43 0
0 56 0
28 48 0
Net_id 24
pin_num 4
34 40 0
48 46 0
45 36 0
50 49 0
Net_id 25
pin_num 4
35 17 0
28 20 0
48 17 0
46 24 0
Net_id 26
pin_num 4
46 37 0
43 35 0
43 23 0
50 33 0
Net_id 27
pin_num 4
55 29 0
54 29 0
59 35 0
49 37 0
Net_id 28
pin_num 4
23 51 0
20 39 0
18 43 0
21 34 0
Net_id 29
pin_num 4
42 34 0
37 33 0
50 40 0
47 23 0
Net_id 30
pin_num 4
40 3 0
31 7 0
34 18 0
29 10 0
Net_id 31
pin_num 4
44 7 0
52 2 0
55 5 0
47 3 0
Net_id 32
pin_num 4
15 18 0
10 15 0
14 3 0
18 5 0
Net_id 33
pin_num 4
17 24 0
7 23 0
8 47 0
13 30 0
Net_id 34
pin_num 4
45 42 0
34 33 0
40 26 0
32 27 0
Net_id 35
pin_num 4
17 49 0
13 43 0
1 46 0
14 54 0
Net_id 36
pin_num 4
35 14 0
22 16 0
24 6 0
5 11 0
Net_id 37
pin_num 4
18 59 0
12 52 0
27 58 0
20 58 0
Net_id 38
pin_num 4
2 15 0
19 13 0
18 0 0
16 29 0
Net_id 39
pin_num 4
31 12 0
33 7 0
46 12 0
38 22 0
Net_id 40
pin_num 4
45 2 0
52 10 0
59 16 0
48 18 0
Net_id 41
pin_num 3
56 56 0
58 44 0
50 37 0
Net_id 42
pin_num 3
13 5 0
3 12 0
42 8 0
Net_id 43
pin_num 3
46 52 0
53 58 0
43 48 0
Net_id 44
pin_num 3
29 46 0
10 37 0
9 58 0
Net_id 45
pin_num 3
19 7 0
15 7 0
29 7 0
Net_id 46
pin_num 3
47 31 0
51 27 0
46 38 0
Net_id 47
pin_num 3
22 19 0
28 24 0
11 38 0
Net_id 48
pin_num 3
41 54 0
55 56 0
55 47 0
Net_id 49
pin_num 3
9 41 0
18 39 0
3 55 0
Net_id 50
pin_num 3
37 20 0
24 34 0
12 25 0
Net_id 51
pin_num 3
34 38 0
22 44 0
0 20 0
Net_id 52
pin_num 3
26 49 0
20 47 0
43 44 0
Net_id 53
pin_num 3
37 58 0
22 50 0
52 44 0
Net_id 54
pin_num 3
29 23 0
4 14 0
20 3 0
Net_id 55
pin_num 3
19 20 0
19 21 0
26 30 0
Net_id 56
pin_num 3
21 41 0
11 22 0
9 34 0
Net_id 57
pin_num 3
38 36 0
19 36 0
22 52 0
Net_id 58
pin_num 3
20 35 0
28 39 0
18 54 0
Net_id 59
pin_num 3
1 51 0
12 47 0
6 25 0
Net_id 60
pin_num 3
29 37 0
17 13 0
43 40 0
Net_id 61
pin_num 3
32 21 0
33 15 0
52 33 0
Net_id 62
pin_num 3
3 52 0
1 45 0
5 31 0
Net_id 63
pin_num 3
25 8 0
9 2 0
17 5 0
Net_id 64
pin_num 3
37 7 0
31 21 0
21 15 0
Net_id 65
pin_num 3
10 21 0
39 16 0
32 0 0
Net_id 66
pin_num 3
48 56 0
51 54 0
36 39 0
Net_id 67
pin_num 3
55 52 0
35 27 0
29 17 0
Net_id 68
pin_num 3
46 21 0
55 0 0
24 5 0
Net_id 69
pin_num 3
26 31 0
19 31 0
9 18 0
Net_id 70
pin_num 3
2 17 0
19 19 0
6 24 0
Net_id 71
pin_num 3
50 20 0
44 22 0
18 3 0
Net_id 72
pin_num 3
2 56 0
1 56 0
44 49 0
Net_id 73
pin_num 3
27 37 0
18 25 0
1 44 0
Net_id 74
pin_num 3
31 55 0
57 53 0
52 37 0
Net_id 75
pin_num 3
12 27 0
35 19 0
2 27 0
Net_id 76
pin_num 3
35 46 0
30 30 0
42 53 0
Net_id 77
pin_num 3
42 25 0
53 18 0
59 26 0
Net_id 78
pin_num 3
27 34 0
18 36 0
9 37 0
Net_id 79
pin_num 3
51 26 0
42 28 0
52 20 0
Net_id 80
pin_num 2
48 23 0
58 1 0
Net_id 81
pin_num 2
42 14 0
51 7 0
Net_id 82
pin_num 2
3 7 0
1 1 0
Net_id 83
pin_num 2
54 28 0
39 38 0
Net_id 84
pin_num 2
16 10 0
24 10 0
Net_id 85
pin_num 2
57 13 0
40 13 0
Net_id 86
pin_num 2
26 39 0
28 33 0
Net_id 87
pin_num 2
45 9 0
56 6 0
Net_id 88
pin_num 2
48 16 0
59 6 0
Net_id 89
pin_num 2
30 32 0
9 21 0
Net_id 90
pin_num 2
23 16 0
11 26 0
Net_id 91
pin_num 2
21 30 0
23 21 0
Net_id 92
pin_num 2
15 34 0
19 34 0
Net_id 93
pin_num 2
21 33 0
26 10 0
Net_id 94
pin_num 2
45 59 0
44 51 0
Net_id 95
pin_num 2
43 21 0
42 29 0
Net_id 96
pin_num 2
25 43 0
27 35 0
Net_id 97
pin_num 2
51 35 0
57 51 0
Net_id 98
pin_num 2
19 18 0
26 8 0
Net_id 99
pin_num 2
12 9 0
29 0 0
Net_id 100
pin_num 2
22 40 0
33 43 0
Net_id 101
pin_num 2
42 31 0
26 45 0
Net_id 102
pin_num 2
22 27 0
29 27 0
Net_id 103
pin_num 2
13 45 0
16 47 0
Net_id 104
pin_num 2
24 54 0
36 55 0
Net_id 105
pin_num 2
45 38 0
53 29 0
Net_id 106
pin_num 2
54 12 0
40 22 0
Net_id 107
pin_num 2
7 7 0
11 6 0
Net_id 108
pin_num 2
35 37 0
38 53 0
Net_id 109
pin_num 2
11 56 0
6 58 0
Net_id 110
pin_num 2
48 7 0
45 4 0
Net_id 111
pin_num 2
26 11 0
35 0 0
Net_id 112
pin_num 2
5 24 0
1 5 0
Net_id 113
pin_num 2
6 31 0
15 27 0
Net_id 114
pin_num 2
10 43 0
16 57 0
Net_id 115
pin_num 2
13 25 0
21 26 0
Net_id 116
pin_num 2
17 11 0
42 16 0
Net_id 117
pin_num 2
47 1 0
50 8 0
Net_id 118
pin_num 2
54 49 0
47 56 0
Net_id 119
pin_num 2
44 31 0
46 32 0
Net_id 120
pin_num 2
36 29 0
8 1 0
Net_id 121
pin_num 2
7 48 0
2 25 0
Net_id 122
pin_num 2
31 37 0
40 1 0
Net_id 123
pin_num 2
49 32 0
47 34 0
Net_id 124
pin_num 2
2 4 0
13 20 0
Net_id 125
pin_num 2
46 18 0
39 28 0
Net_id 126
pin_num 2
17 31 0
0 18 0
Net_id 127
pin_num 2
35 26 0
52 34 0
Net_id 128
pin_num 2
54 8 0
52 6 0
Net_id 129
pin_num 2
21 25 0
25 22 0
Net_id 130
pin_num 2
46 48 0
51 24 0
Net_id 131
pin_num 2
56 52 0
58 48 0
Net_id 132
pin_num 2
3 43 0
2 46 0
Net_id 133
pin_num 2
18 14 0
26 9 0
Net_id 134
pin_num 2
40 27 0
43 1 0
Net_id 135
pin_num 2
2 42 0
18 42 0
Net_id 136
pin_num 2
36 51 0
28 58 0
Net_id 137
pin_num 2
21 21 0
12 19 0
Net_id 138
pin_num 2
11 48 0
30 58 0
Net_id 139
pin_num 2
14 57 0
2 48 0
Net_id 140
pin_num 2
56 11 0
45 1 0
Net_id 141
pin_num 2
8 45 0
12 45 0
Net_id 142
pin_num 2
41 48 0
23 35 0
Net_id 143
pin_num 2
9 13 0
9 10 0
Net_id 144
pin_num 2
53 30 0
59 5 0
Net_id 145
pin_num 2
34 45 0
55 58 0
Net_id 146
pin_num 2
10 48 0
16 56 0
Net_id 147
pin_num 2
9 25 0
11 29 0
Net_id 148
pin_num 2
41 56 0
45 56 0
Net_id 149
pin_num 2
18 48 0
22 57 0
Net_id 150
pin_num 2
1 9 0
5 25 0
Net_id 151
pin_num 2
55 20 0
45 32 0
Net_id 152
pin_num 2
42 5 0
36 1 0
Net_id 153
pin_num 2
13 19 0
21 45 0
Net_id 154
pin_num 2
0 28 0
9 20 0
Net_id 155
pin_num 2
48 38 0
56 5 0
Net_id 156
pin_num 2
56 33 0
44 46 0
Net_id 157
pin_num 2
6 28 0
10 28 0
Net_id 158
pin_num 2
34 19 0
25 10 0
Net_id 159
pin_num 2
2 26 0
26 33 0
Net_id 160
pin_num 2
53 54 0
56 48 0
