Width 60
Height 60
Layer 6
Total_WL 6613
Obstacle_num 144
1 52 0 9 53 0
14 27 0 18 28 0
9 55 0 14 56 0
39 46 0 46 47 0
55 1 0 58 2 0
34 38 0 44 39 0
14 29 0 24 30 0
36 50 0 39 51 0
42 49 0 51 50 0
36 55 0 46 56 0
15 32 0 23 33 0
22 3 0 28 4 0
31 0 0 37 1 0
48 40 0 52 41 0
33 11 0 36 12 0
29 15 0 32 16 0
23 22 0 33 23 0
52 30 0 58 31 0
26 6 0 29 7 0
37 12 0 41 13 0
0 49 0 8 50 0
40 42 0 43 43 0
1 29 0 11 30 0
30 40 0 38 41 0
41 25 1 42 33 1
38 38 1 39 45 1
5 38 1 6 41 1
43 26 1 44 36 1
29 16 1 30 21 1
23 18 1 24 24 1
16 33 1 17 40 1
12 19 1 13 27 1
53 20 1 54 24 1
34 30 1 35 39 1
54 11 1 55 15 1
32 42 1 33 50 1
6 40 1 7 43 1
3 26 1 4 32 1
5 9 1 6 13 1
16 12 1 17 21 1
55 36 1 56 43 1
41 11 1 42 16 1
3 8 1 4 18 1
42 15 1 43 21 1
18 6 1 19 12 1
48 53 1 49 59 1
23 4 1 24 7 1
23 7 1 24 15 1
3 48 2 11 49 2
34 42 2 37 43 2
12 40 2 19 41 2
21 22 2 30 23 2
45 55 2 49 56 2
46 41 2 52 42 2
14 46 2 19 47 2
45 34 2 52 35 2
50 36 2 57 37 2
48 15 2 52 16 2
18 31 2 23 32 2
37 43 2 41 44 2
29 8 2 34 9 2
4 2 2 8 3 2
41 54 2 50 55 2
20 36 2 27 37 2
4 52 2 12 53 2
22 16 2 32 17 2
22 10 2 31 11 2
16 0 2 25 1 2
25 28 2 33 29 2
11 36 2 19 37 2
9 41 2 19 42 2
36 39 2 41 40 2
35 7 3 36 17 3
12 50 3 13 56 3
13 23 3 14 29 3
9 48 3 10 52 3
35 25 3 36 32 3
12 2 3 13 5 3
14 42 3 15 47 3
51 29 3 52 37 3
39 11 3 40 16 3
20 42 3 21 52 3
7 50 3 8 58 3
3 49 3 4 53 3
21 19 3 22 24 3
7 15 3 8 20 3
14 48 3 15 58 3
24 27 3 25 33 3
39 47 3 40 52 3
28 9 3 29 19 3
5 5 3 6 10 3
30 40 3 31 45 3
16 45 3 17 48 3
43 43 3 44 53 3
58 31 3 59 36 3
44 36 3 45 46 3
36 58 4 43 59 4
40 16 4 45 17 4
33 56 4 41 57 4
23 52 4 27 53 4
49 7 4 57 8 4
46 4 4 49 5 4
19 23 4 25 24 4
51 5 4 54 6 4
32 46 4 35 47 4
39 11 4 46 12 4
0 1 4 9 2 4
20 47 4 25 48 4
34 34 4 41 35 4
26 8 4 34 9 4
25 5 4 33 6 4
36 39 4 44 40 4
12 26 4 17 27 4
14 53 4 22 54 4
37 21 4 45 22 4
20 35 4 28 36 4
10 44 4 18 45 4
10 9 4 19 10 4
5 41 4 8 42 4
28 24 4 36 25 4
52 38 5 53 48 5
19 29 5 20 39 5
53 21 5 54 30 5
58 48 5 59 53 5
23 40 5 24 44 5
6 40 5 7 47 5
22 42 5 23 50 5
11 32 5 12 40 5
49 21 5 50 28 5
17 41 5 18 44 5
12 48 5 13 55 5
17 37 5 18 41 5
3 21 5 4 28 5
52 10 5 53 19 5
9 22 5 10 26 5
36 1 5 37 11 5
42 14 5 43 18 5
40 11 5 41 19 5
24 23 5 25 33 5
32 9 5 33 15 5
57 46 5 58 51 5
13 26 5 14 29 5
26 11 5 27 16 5
38 4 5 39 13 5
Net_num 156
Net_id 0
pin_num 5
48 31 0
42 40 0
59 33 0
51 18 0
43 25 0
Net_id 1
pin_num 5
19 16 0
36 18 0
25 12 0
33 12 0
26 0 0
Net_id 2
pin_num 5
2 8 0
2 3 0
14 0 0
11 8 0
21 3 0
Net_id 3
pin_num 5
13 11 0
25 8 0
15 12 0
22 18 0
11 3 0
Net_id 4
pin_num 5
44 39 0
23 38 0
30 30 0
31 36 0
24 44 0
Net_id 5
pin_num 5
19 2 0
19 1 0
4 2 0
9 13 0
16 5 0
Net_id 6
pin_num 5
59 15 0
48 17 0
45 15 0
47 26 0
56 33 0
Net_id 7
pin_num 5
7 59 0
1 46 0
9 58 0
0 44 0
15 50 0
Net_id 8
pin_num 5
43 3 0
38 3 0
59 2 0
51 0 0
50 19 0
Net_id 9
pin_num 5
1 5 0
4 1 0
12 5 0
10 23 0
1 28 0
Net_id 10
pin_num 5
37 31 0
33 35 0
42 33 0
36 14 0
29 33 0
Net_id 11
pin_num 5
3 48 0
1 36 0
0 42 0
0 38 0
13 42 0
Net_id 12
pin_num 5
50 6 0
59 7 0
57 4 0
49 6 0
44 5 0
Net_id 13
pin_num 5
44 28 0
59 31 0
50 37 0
55 22 0
46 41 0
Net_id 14
pin_num 5
40 28 0
49 33 0
34 28 0
39 21 0
10 28 0
Net_id 15
pin_num 5
31 8 0
26 8 0
27 4 0
30 23 0
54 23 0
Net_id 16
pin_num 5
36 51 0
50 48 0
48 29 0
34 59 0
41 59 0
Net_id 17
pin_num 5
14 18 0
24 23 0
17 3 0
30 17 0
0 19 0
Net_id 18
pin_num 5
15 4 0
3 0 0
13 0 0
13 4 0
12 6 0
Net_id 19
pin_num 5
28 24 0
20 26 0
2 24 0
16 42 0
23 31 0
Net_id 20
pin_num 4
9 32 0
4 25 0
59 27 0
8 7 0
Net_id 21
pin_num 4
18 1 0
6 4 0
16 4 0
6 20 0
Net_id 22
pin_num 4
52 57 0
46 59 0
47 47 0
51 38 0
Net_id 23
pin_num 4
18 15 0
25 25 0
24 8 0
34 25 0
Net_id 24
pin_num 4
59 58 0
37 58 0
44 48 0
30 58 0
Net_id 25
pin_num 4
4 15 0
0 21 0
1 30 0
22 14 0
Net_id 26
pin_num 4
34 5 0
20 5 0
50 0 0
44 14 0
Net_id 27
pin_num 4
15 56 0
7 56 0
8 34 0
0 45 0
Net_id 28
pin_num 4
2 44 0
11 49 0
5 50 0
13 49 0
Net_id 29
pin_num 4
57 40 0
47 42 0
52 55 0
45 51 0
Net_id 30
pin_num 4
33 57 0
20 59 0
24 53 0
26 34 0
Net_id 31
pin_num 4
35 22 0
45 24 0
45 42 0
54 47 0
Net_id 32
pin_num 4
40 16 0
34 19 0
52 21 0
57 23 0
Net_id 33
pin_num 4
42 20 0
50 18 0
59 20 0
44 16 0
Net_id 34
pin_num 4
52 42 0
57 24 0
59 44 0
49 59 0
Net_id 35
pin_num 4
24 58 0
31 59 0
29 46 0
49 54 0
Net_id 36
pin_num 4
42 11 0
43 17 0
36 12 0
36 1 0
Net_id 37
pin_num 4
48 48 0
39 45 0
44 35 0
53 59 0
Net_id 38
pin_num 4
36 47 0
46 56 0
55 59 0
35 51 0
Net_id 39
pin_num 3
59 37 0
52 56 0
54 16 0
Net_id 40
pin_num 3
50 41 0
49 35 0
43 42 0
Net_id 41
pin_num 3
27 33 0
18 42 0
24 59 0
Net_id 42
pin_num 3
19 14 0
21 6 0
21 30 0
Net_id 43
pin_num 3
34 48 0
43 45 0
10 48 0
Net_id 44
pin_num 3
16 24 0
2 7 0
15 33 0
Net_id 45
pin_num 3
24 31 0
21 37 0
33 37 0
Net_id 46
pin_num 3
26 7 0
39 9 0
59 0 0
Net_id 47
pin_num 3
49 11 0
37 15 0
31 1 0
Net_id 48
pin_num 3
8 46 0
6 57 0
14 53 0
Net_id 49
pin_num 3
18 22 0
27 19 0
40 34 0
Net_id 50
pin_num 3
6 13 0
18 14 0
13 31 0
Net_id 51
pin_num 3
13 20 0
7 26 0
43 24 0
Net_id 52
pin_num 3
37 7 0
22 13 0
27 35 0
Net_id 53
pin_num 3
51 43 0
30 42 0
28 33 0
Net_id 54
pin_num 3
57 47 0
51 37 0
35 32 0
Net_id 55
pin_num 3
49 21 0
52 29 0
30 24 0
Net_id 56
pin_num 3
7 9 0
14 30 0
46 22 0
Net_id 57
pin_num 3
18 39 0
22 47 0
19 13 0
Net_id 58
pin_num 3
59 43 0
55 55 0
56 39 0
Net_id 59
pin_num 3
7 58 0
15 51 0
0 53 0
Net_id 60
pin_num 3
18 47 0
13 57 0
15 59 0
Net_id 61
pin_num 3
42 16 0
47 13 0
38 31 0
Net_id 62
pin_num 3
52 1 0
58 22 0
49 5 0
Net_id 63
pin_num 3
26 26 0
15 38 0
4 35 0
Net_id 64
pin_num 3
14 38 0
4 43 0
9 39 0
Net_id 65
pin_num 3
13 32 0
26 18 0
5 18 0
Net_id 66
pin_num 3
18 12 0
16 6 0
0 9 0
Net_id 67
pin_num 3
21 1 0
11 21 0
2 11 0
Net_id 68
pin_num 3
48 4 0
55 7 0
55 29 0
Net_id 69
pin_num 3
38 8 0
32 17 0
58 19 0
Net_id 70
pin_num 3
59 9 0
57 2 0
52 9 0
Net_id 71
pin_num 3
1 41 0
3 35 0
11 27 0
Net_id 72
pin_num 3
38 59 0
45 45 0
59 45 0
Net_id 73
pin_num 3
29 13 0
20 30 0
0 24 0
Net_id 74
pin_num 3
35 57 0
19 56 0
33 56 0
Net_id 75
pin_num 3
13 22 0
3 18 0
0 26 0
Net_id 76
pin_num 3
2 53 0
17 35 0
25 55 0
Net_id 77
pin_num 2
34 3 0
22 2 0
Net_id 78
pin_num 2
38 4 0
26 4 0
Net_id 79
pin_num 2
27 23 0
41 10 0
Net_id 80
pin_num 2
11 57 0
14 46 0
Net_id 81
pin_num 2
55 36 0
58 11 0
Net_id 82
pin_num 2
42 29 0
59 25 0
Net_id 83
pin_num 2
42 17 0
36 19 0
Net_id 84
pin_num 2
11 51 0
24 54 0
Net_id 85
pin_num 2
30 31 0
46 42 0
Net_id 86
pin_num 2
57 38 0
47 44 0
Net_id 87
pin_num 2
43 56 0
29 41 0
Net_id 88
pin_num 2
43 14 0
35 6 0
Net_id 89
pin_num 2
25 47 0
21 47 0
Net_id 90
pin_num 2
22 0 0
20 12 0
Net_id 91
pin_num 2
10 30 0
4 13 0
Net_id 92
pin_num 2
28 41 0
24 41 0
Net_id 93
pin_num 2
14 43 0
18 33 0
Net_id 94
pin_num 2
59 42 0
48 46 0
Net_id 95
pin_num 2
55 17 0
40 5 0
Net_id 96
pin_num 2
0 31 0
14 34 0
Net_id 97
pin_num 2
57 13 0
49 22 0
Net_id 98
pin_num 2
59 17 0
55 12 0
Net_id 99
pin_num 2
16 10 0
11 34 0
Net_id 100
pin_num 2
17 31 0
26 29 0
Net_id 101
pin_num 2
23 53 0
25 37 0
Net_id 102
pin_num 2
45 33 0
29 30 0
Net_id 103
pin_num 2
13 59 0
23 51 0
Net_id 104
pin_num 2
24 42 0
33 55 0
Net_id 105
pin_num 2
50 11 0
59 1 0
Net_id 106
pin_num 2
47 25 0
51 2 0
Net_id 107
pin_num 2
30 44 0
16 51 0
Net_id 108
pin_num 2
19 52 0
2 57 0
Net_id 109
pin_num 2
2 25 0
10 36 0
Net_id 110
pin_num 2
25 0 0
22 6 0
Net_id 111
pin_num 2
20 27 0
35 27 0
Net_id 112
pin_num 2
37 19 0
48 16 0
Net_id 113
pin_num 2
54 13 0
49 18 0
Net_id 114
pin_num 2
48 5 0
31 10 0
Net_id 115
pin_num 2
8 40 0
15 42 0
Net_id 116
pin_num 2
41 6 0
30 26 0
Net_id 117
pin_num 2
50 7 0
19 4 0
Net_id 118
pin_num 2
36 27 0
52 27 0
Net_id 119
pin_num 2
54 55 0
43 50 0
Net_id 120
pin_num 2
37 17 0
27 37 0
Net_id 121
pin_num 2
8 54 0
16 43 0
Net_id 122
pin_num 2
55 25 0
52 26 0
Net_id 123
pin_num 2
44 53 0
33 47 0
Net_id 124
pin_num 2
58 57 0
53 44 0
Net_id 125
pin_num 2
20 45 0
48 52 0
Net_id 126
pin_num 2
21 49 0
6 37 0
Net_id 127
pin_num 2
36 11 0
39 13 0
Net_id 128
pin_num 2
56 49 0
37 46 0
Net_id 129
pin_num 2
46 35 0
59 46 0
Net_id 130
pin_num 2
32 15 0
22 10 0
Net_id 131
pin_num 2
47 45 0
57 56 0
Net_id 132
pin_num 2
45 52 0
32 21 0
Net_id 133
pin_num 2
20 50 0
41 57 0
Net_id 134
pin_num 2
54 59 0
54 49 0
Net_id 135
pin_num 2
45 53 0
59 49 0
Net_id 136
pin_num 2
22 40 0
31 29 0
Net_id 137
pin_num 2
16 17 0
8 11 0
Net_id 138
pin_num 2
28 14 0
35 18 0
Net_id 139
pin_num 2
3 17 0
11 19 0
Net_id 140
pin_num 2
26 25 0
29 35 0
Net_id 141
pin_num 2
43 2 0
38 2 0
Net_id 142
pin_num 2
53 39 0
59 57 0
Net_id 143
pin_num 2
54 29 0
51 12 0
Net_id 144
pin_num 2
5 16 0
10 16 0
Net_id 145
pin_num 2
11 12 0
25 21 0
Net_id 146
pin_num 2
57 25 0
57 44 0
Net_id 147
pin_num 2
55 44 0
47 30 0
Net_id 148
pin_num 2
43 1 0
54 18 0
Net_id 149
pin_num 2
51 47 0
43 57 0
Net_id 150
pin_num 2
46 37 0
57 29 0
Net_id 151
pin_num 2
30 53 0
19 45 0
Net_id 152
pin_num 2
20 55 0
13 58 0
Net_id 153
pin_num 2
36 35 0
39 34 0
Net_id 154
pin_num 2
46 45 0
53 49 0
Net_id 155
pin_num 2
34 50 0
35 47 0
