Width 60
Height 60
Layer 6
Total_WL 7045
Obstacle_num 144
26 15 0 29 16 0
40 5 0 43 6 0
15 55 0 25 56 0
53 55 0 58 56 0
9 3 0 12 4 0
37 0 0 45 1 0
51 2 0 59 3 0
35 47 0 39 48 0
42 44 0 48 45 0
29 48 0 38 49 0
4 17 0 7 18 0
49 57 0 52 58 0
42 8 0 52 9 0
31 3 0 41 4 0
45 25 0 51 26 0
28 40 0 38 41 0
14 11 0 24 12 0
39 13 0 43 14 0
23 54 0 27 55 0
51 54 0 59 55 0
34 22 0 39 23 0
40 35 0 43 36 0
6 12 0 11 13 0
36 36 0 43 37 0
31 23 1 32 27 1
57 22 1 58 31 1
45 12 1 46 21 1
51 44 1 52 54 1
28 42 1 29 50 1
39 1 1 40 5 1
43 35 1 44 38 1
45 4 1 46 8 1
15 22 1 16 25 1
8 42 1 9 52 1
50 26 1 51 29 1
6 4 1 7 7 1
21 27 1 22 32 1
24 46 1 25 53 1
4 2 1 5 8 1
42 1 1 43 10 1
8 31 1 9 36 1
47 0 1 48 8 1
15 7 1 16 16 1
27 38 1 28 41 1
26 34 1 27 44 1
34 11 1 35 17 1
20 49 1 21 55 1
20 37 1 21 47 1
5 49 2 8 50 2
48 29 2 55 30 2
14 58 2 24 59 2
42 50 2 49 51 2
38 49 2 44 50 2
53 47 2 58 48 2
33 28 2 38 29 2
0 4 2 6 5 2
34 5 2 40 6 2
12 5 2 22 6 2
55 9 2 59 10 2
16 29 2 23 30 2
32 33 2 41 34 2
27 54 2 36 55 2
6 13 2 14 14 2
35 8 2 38 9 2
8 0 2 13 1 2
33 38 2 40 39 2
43 35 2 48 36 2
31 35 2 37 36 2
19 50 2 25 51 2
39 24 2 48 25 2
38 58 2 45 59 2
37 27 2 46 28 2
7 49 3 8 57 3
53 19 3 54 29 3
17 35 3 18 45 3
56 19 3 57 29 3
31 3 3 32 12 3
48 50 3 49 54 3
29 27 3 30 35 3
50 8 3 51 16 3
20 31 3 21 35 3
0 3 3 1 8 3
24 0 3 25 7 3
44 44 3 45 51 3
55 27 3 56 30 3
22 7 3 23 14 3
58 12 3 59 15 3
7 8 3 8 13 3
10 0 3 11 7 3
52 15 3 53 21 3
18 39 3 19 47 3
9 16 3 10 23 3
18 18 3 19 22 3
19 21 3 20 31 3
18 5 3 19 14 3
18 23 3 19 32 3
12 40 4 22 41 4
16 12 4 23 13 4
31 48 4 40 49 4
41 45 4 45 46 4
43 16 4 50 17 4
32 1 4 35 2 4
13 21 4 17 22 4
25 17 4 31 18 4
37 29 4 47 30 4
16 7 4 25 8 4
45 50 4 55 51 4
3 18 4 7 19 4
41 11 4 51 12 4
15 53 4 25 54 4
2 20 4 11 21 4
37 55 4 41 56 4
0 38 4 10 39 4
33 50 4 37 51 4
20 49 4 26 50 4
39 47 4 43 48 4
20 13 4 25 14 4
4 29 4 11 30 4
49 27 4 53 28 4
22 48 4 29 49 4
30 32 5 31 35 5
33 26 5 34 29 5
30 3 5 31 10 5
40 16 5 41 26 5
55 12 5 56 15 5
50 51 5 51 58 5
56 42 5 57 47 5
29 5 5 30 13 5
57 52 5 58 58 5
7 39 5 8 43 5
3 28 5 4 38 5
11 24 5 12 27 5
38 25 5 39 29 5
5 22 5 6 27 5
18 20 5 19 25 5
14 1 5 15 9 5
55 41 5 56 48 5
49 53 5 50 58 5
10 22 5 11 31 5
9 52 5 10 59 5
38 35 5 39 45 5
28 35 5 29 43 5
25 6 5 26 12 5
16 23 5 17 28 5
Net_num 166
Net_id 0
pin_num 5
5 53 0
19 53 0
21 59 0
15 38 0
33 53 0
Net_id 1
pin_num 5
39 54 0
53 59 0
47 47 0
29 54 0
47 27 0
Net_id 2
pin_num 5
42 11 0
29 12 0
12 12 0
14 30 0
25 21 0
Net_id 3
pin_num 5
58 27 0
51 37 0
59 31 0
52 45 0
59 43 0
Net_id 4
pin_num 5
16 10 0
11 10 0
18 0 0
16 3 0
13 15 0
Net_id 5
pin_num 5
25 45 0
23 38 0
6 38 0
2 39 0
42 45 0
Net_id 6
pin_num 5
50 15 0
44 20 0
44 27 0
46 3 0
33 16 0
Net_id 7
pin_num 5
27 58 0
33 50 0
30 59 0
35 56 0
31 42 0
Net_id 8
pin_num 5
42 47 0
47 56 0
33 59 0
56 44 0
42 31 0
Net_id 9
pin_num 5
28 7 0
26 21 0
23 8 0
35 12 0
26 31 0
Net_id 10
pin_num 5
55 7 0
44 1 0
52 11 0
59 7 0
36 0 0
Net_id 11
pin_num 5
44 32 0
41 31 0
56 32 0
49 50 0
43 21 0
Net_id 12
pin_num 5
56 24 0
56 34 0
37 25 0
51 21 0
48 11 0
Net_id 13
pin_num 5
44 40 0
28 38 0
35 15 0
17 22 0
17 13 0
Net_id 14
pin_num 5
22 23 0
18 23 0
19 13 0
25 22 0
1 16 0
Net_id 15
pin_num 5
26 58 0
17 51 0
4 59 0
13 52 0
18 34 0
Net_id 16
pin_num 5
26 56 0
11 56 0
27 56 0
20 59 0
1 56 0
Net_id 17
pin_num 5
40 19 0
44 25 0
40 37 0
24 28 0
25 37 0
Net_id 18
pin_num 5
48 56 0
58 38 0
59 52 0
38 55 0
40 52 0
Net_id 19
pin_num 5
1 55 0
14 55 0
1 59 0
10 56 0
0 56 0
Net_id 20
pin_num 5
36 13 0
30 3 0
27 5 0
43 7 0
20 4 0
Net_id 21
pin_num 4
35 18 0
29 21 0
18 13 0
24 2 0
Net_id 22
pin_num 4
40 50 0
33 47 0
34 31 0
25 48 0
Net_id 23
pin_num 4
49 10 0
39 8 0
46 2 0
34 10 0
Net_id 24
pin_num 4
2 41 0
6 30 0
1 45 0
0 48 0
Net_id 25
pin_num 4
8 9 0
7 25 0
1 11 0
0 19 0
Net_id 26
pin_num 4
9 9 0
16 9 0
19 0 0
32 0 0
Net_id 27
pin_num 4
57 5 0
48 4 0
43 6 0
50 16 0
Net_id 28
pin_num 4
24 24 0
13 28 0
19 34 0
10 23 0
Net_id 29
pin_num 4
11 19 0
21 14 0
12 13 0
18 14 0
Net_id 30
pin_num 4
16 1 0
40 12 0
38 1 0
59 11 0
Net_id 31
pin_num 4
2 30 0
4 35 0
24 31 0
18 20 0
Net_id 32
pin_num 4
5 58 0
12 49 0
10 44 0
22 59 0
Net_id 33
pin_num 4
28 59 0
40 51 0
37 46 0
59 53 0
Net_id 34
pin_num 4
19 14 0
30 22 0
35 17 0
27 4 0
Net_id 35
pin_num 4
43 59 0
41 53 0
55 58 0
51 43 0
Net_id 36
pin_num 4
25 41 0
28 55 0
23 49 0
4 58 0
Net_id 37
pin_num 4
34 46 0
33 32 0
14 46 0
24 57 0
Net_id 38
pin_num 4
29 51 0
18 51 0
22 35 0
25 36 0
Net_id 39
pin_num 4
8 25 0
32 25 0
24 37 0
35 27 0
Net_id 40
pin_num 4
42 28 0
55 23 0
54 46 0
41 28 0
Net_id 41
pin_num 4
28 20 0
31 22 0
31 12 0
34 21 0
Net_id 42
pin_num 4
50 23 0
57 15 0
59 32 0
59 3 0
Net_id 43
pin_num 3
33 17 0
10 19 0
10 29 0
Net_id 44
pin_num 3
6 51 0
7 57 0
9 54 0
Net_id 45
pin_num 3
58 43 0
48 57 0
32 57 0
Net_id 46
pin_num 3
0 3 0
14 1 0
7 0 0
Net_id 47
pin_num 3
18 30 0
34 24 0
20 17 0
Net_id 48
pin_num 3
32 50 0
29 43 0
32 51 0
Net_id 49
pin_num 3
13 48 0
5 32 0
29 57 0
Net_id 50
pin_num 3
1 36 0
12 48 0
39 41 0
Net_id 51
pin_num 3
22 3 0
22 19 0
25 0 0
Net_id 52
pin_num 3
3 18 0
17 32 0
2 15 0
Net_id 53
pin_num 3
33 35 0
28 36 0
32 10 0
Net_id 54
pin_num 3
41 27 0
52 22 0
48 31 0
Net_id 55
pin_num 3
50 6 0
56 17 0
37 9 0
Net_id 56
pin_num 3
57 8 0
49 11 0
46 7 0
Net_id 57
pin_num 3
51 1 0
56 6 0
29 6 0
Net_id 58
pin_num 3
55 57 0
58 48 0
44 52 0
Net_id 59
pin_num 3
30 26 0
46 27 0
49 18 0
Net_id 60
pin_num 3
47 24 0
58 42 0
40 42 0
Net_id 61
pin_num 3
37 59 0
42 53 0
53 57 0
Net_id 62
pin_num 3
13 50 0
19 35 0
3 58 0
Net_id 63
pin_num 3
36 30 0
46 37 0
56 51 0
Net_id 64
pin_num 3
34 36 0
29 23 0
29 50 0
Net_id 65
pin_num 3
7 46 0
20 47 0
4 42 0
Net_id 66
pin_num 3
19 31 0
23 19 0
0 22 0
Net_id 67
pin_num 3
47 22 0
53 31 0
58 31 0
Net_id 68
pin_num 3
16 2 0
2 9 0
11 6 0
Net_id 69
pin_num 3
56 14 0
58 0 0
53 0 0
Net_id 70
pin_num 3
16 57 0
6 50 0
40 44 0
Net_id 71
pin_num 3
30 38 0
36 38 0
16 54 0
Net_id 72
pin_num 3
50 46 0
55 46 0
52 26 0
Net_id 73
pin_num 3
51 38 0
58 23 0
59 12 0
Net_id 74
pin_num 3
19 42 0
11 45 0
2 44 0
Net_id 75
pin_num 3
33 23 0
18 15 0
43 9 0
Net_id 76
pin_num 3
44 19 0
38 2 0
51 13 0
Net_id 77
pin_num 3
53 47 0
48 52 0
45 59 0
Net_id 78
pin_num 3
10 38 0
28 31 0
22 52 0
Net_id 79
pin_num 3
10 1 0
0 0 0
14 32 0
Net_id 80
pin_num 3
32 6 0
30 1 0
38 23 0
Net_id 81
pin_num 2
34 59 0
26 49 0
Net_id 82
pin_num 2
1 43 0
5 52 0
Net_id 83
pin_num 2
0 25 0
20 16 0
Net_id 84
pin_num 2
39 14 0
24 29 0
Net_id 85
pin_num 2
20 9 0
22 14 0
Net_id 86
pin_num 2
44 33 0
52 50 0
Net_id 87
pin_num 2
34 5 0
43 4 0
Net_id 88
pin_num 2
59 28 0
36 29 0
Net_id 89
pin_num 2
25 23 0
7 21 0
Net_id 90
pin_num 2
8 10 0
19 10 0
Net_id 91
pin_num 2
14 51 0
2 40 0
Net_id 92
pin_num 2
7 48 0
11 49 0
Net_id 93
pin_num 2
8 37 0
20 57 0
Net_id 94
pin_num 2
27 34 0
8 54 0
Net_id 95
pin_num 2
19 37 0
12 11 0
Net_id 96
pin_num 2
38 7 0
18 10 0
Net_id 97
pin_num 2
32 9 0
39 21 0
Net_id 98
pin_num 2
29 32 0
9 44 0
Net_id 99
pin_num 2
19 48 0
2 46 0
Net_id 100
pin_num 2
43 41 0
57 40 0
Net_id 101
pin_num 2
57 52 0
55 59 0
Net_id 102
pin_num 2
46 55 0
58 58 0
Net_id 103
pin_num 2
10 22 0
15 22 0
Net_id 104
pin_num 2
15 26 0
2 19 0
Net_id 105
pin_num 2
45 37 0
28 16 0
Net_id 106
pin_num 2
45 49 0
37 53 0
Net_id 107
pin_num 2
30 2 0
43 3 0
Net_id 108
pin_num 2
54 33 0
42 21 0
Net_id 109
pin_num 2
56 28 0
56 26 0
Net_id 110
pin_num 2
24 39 0
33 49 0
Net_id 111
pin_num 2
22 20 0
13 35 0
Net_id 112
pin_num 2
52 53 0
56 53 0
Net_id 113
pin_num 2
32 58 0
46 53 0
Net_id 114
pin_num 2
54 42 0
47 21 0
Net_id 115
pin_num 2
27 22 0
34 23 0
Net_id 116
pin_num 2
54 8 0
41 30 0
Net_id 117
pin_num 2
7 52 0
6 48 0
Net_id 118
pin_num 2
39 12 0
20 1 0
Net_id 119
pin_num 2
44 38 0
50 31 0
Net_id 120
pin_num 2
40 56 0
34 55 0
Net_id 121
pin_num 2
44 55 0
15 54 0
Net_id 122
pin_num 2
15 35 0
37 24 0
Net_id 123
pin_num 2
36 51 0
56 58 0
Net_id 124
pin_num 2
28 52 0
5 42 0
Net_id 125
pin_num 2
18 2 0
27 16 0
Net_id 126
pin_num 2
27 24 0
24 33 0
Net_id 127
pin_num 2
7 30 0
15 34 0
Net_id 128
pin_num 2
55 21 0
50 1 0
Net_id 129
pin_num 2
9 34 0
23 17 0
Net_id 130
pin_num 2
32 30 0
28 29 0
Net_id 131
pin_num 2
22 7 0
11 8 0
Net_id 132
pin_num 2
10 11 0
23 34 0
Net_id 133
pin_num 2
44 4 0
47 9 0
Net_id 134
pin_num 2
21 35 0
36 44 0
Net_id 135
pin_num 2
5 37 0
0 49 0
Net_id 136
pin_num 2
52 39 0
56 48 0
Net_id 137
pin_num 2
16 34 0
23 57 0
Net_id 138
pin_num 2
24 40 0
19 43 0
Net_id 139
pin_num 2
17 14 0
12 14 0
Net_id 140
pin_num 2
35 53 0
41 48 0
Net_id 141
pin_num 2
46 14 0
56 15 0
Net_id 142
pin_num 2
30 55 0
33 51 0
Net_id 143
pin_num 2
59 17 0
55 16 0
Net_id 144
pin_num 2
10 4 0
7 3 0
Net_id 145
pin_num 2
43 22 0
24 34 0
Net_id 146
pin_num 2
2 20 0
5 13 0
Net_id 147
pin_num 2
28 1 0
7 14 0
Net_id 148
pin_num 2
36 50 0
29 42 0
Net_id 149
pin_num 2
47 18 0
49 30 0
Net_id 150
pin_num 2
31 41 0
13 29 0
Net_id 151
pin_num 2
5 6 0
9 5 0
Net_id 152
pin_num 2
11 29 0
6 8 0
Net_id 153
pin_num 2
9 22 0
9 14 0
Net_id 154
pin_num 2
59 51 0
47 26 0
Net_id 155
pin_num 2
23 33 0
9 37 0
Net_id 156
pin_num 2
20 44 0
15 44 0
Net_id 157
pin_num 2
19 6 0
23 7 0
Net_id 158
pin_num 2
40 41 0
59 54 0
Net_id 159
pin_num 2
46 20 0
53 20 0
Net_id 160
pin_num 2
45 42 0
39 31 0
Net_id 161
pin_num 2
22 26 0
38 24 0
Net_id 162
pin_num 2
17 20 0
8 27 0
Net_id 163
pin_num 2
5 4 0
23 14 0
Net_id 164
pin_num 2
5 54 0
8 41 0
Net_id 165
pin_num 2
52 21 0
59 23 0
