Width 60
Height 60
Layer 6
Total_WL 6684
Obstacle_num 144
44 47 0 47 48 0
6 40 0 12 41 0
38 20 0 47 21 0
44 57 0 52 58 0
6 42 0 16 43 0
36 49 0 45 50 0
45 38 0 54 39 0
45 42 0 55 43 0
53 48 0 58 49 0
6 4 0 15 5 0
5 18 0 9 19 0
0 46 0 10 47 0
7 5 0 10 6 0
40 23 0 45 24 0
52 41 0 57 42 0
52 25 0 56 26 0
27 28 0 31 29 0
36 38 0 39 39 0
12 7 0 17 8 0
53 5 0 57 6 0
19 34 0 24 35 0
51 10 0 58 11 0
8 53 0 17 54 0
28 56 0 37 57 0
15 32 1 16 35 1
38 32 1 39 42 1
7 8 1 8 17 1
32 28 1 33 34 1
13 3 1 14 11 1
50 17 1 51 24 1
50 50 1 51 53 1
10 33 1 11 37 1
22 38 1 23 46 1
50 27 1 51 30 1
36 42 1 37 48 1
41 30 1 42 36 1
35 12 1 36 15 1
18 11 1 19 18 1
57 36 1 58 45 1
6 0 1 7 7 1
40 41 1 41 48 1
55 37 1 56 42 1
16 45 1 17 50 1
4 4 1 5 13 1
5 18 1 6 27 1
43 47 1 44 54 1
42 35 1 43 45 1
15 1 1 16 8 1
31 45 2 35 46 2
47 27 2 51 28 2
45 50 2 49 51 2
22 42 2 26 43 2
24 32 2 27 33 2
27 54 2 37 55 2
11 28 2 21 29 2
3 37 2 10 38 2
40 4 2 46 5 2
51 50 2 57 51 2
54 39 2 58 40 2
20 46 2 24 47 2
2 13 2 11 14 2
3 15 2 9 16 2
31 26 2 36 27 2
37 34 2 41 35 2
34 44 2 38 45 2
40 8 2 47 9 2
3 2 2 7 3 2
44 37 2 54 38 2
20 7 2 29 8 2
16 13 2 21 14 2
35 1 2 38 2 2
33 6 2 43 7 2
39 28 3 40 32 3
52 13 3 53 22 3
48 24 3 49 33 3
16 24 3 17 34 3
45 17 3 46 27 3
26 3 3 27 7 3
10 16 3 11 22 3
22 33 3 23 41 3
48 44 3 49 47 3
8 51 3 9 56 3
33 43 3 34 49 3
17 51 3 18 58 3
53 28 3 54 36 3
23 41 3 24 50 3
55 20 3 56 29 3
32 31 3 33 40 3
19 27 3 20 30 3
2 8 3 3 16 3
49 19 3 50 25 3
0 34 3 1 39 3
11 9 3 12 18 3
12 21 3 13 30 3
46 32 3 47 39 3
14 34 3 15 42 3
24 40 4 28 41 4
13 49 4 17 50 4
39 53 4 49 54 4
2 6 4 8 7 4
12 16 4 17 17 4
23 38 4 33 39 4
28 13 4 34 14 4
30 0 4 35 1 4
54 54 4 59 55 4
13 29 4 16 30 4
17 50 4 25 51 4
24 57 4 34 58 4
29 10 4 33 11 4
2 26 4 10 27 4
46 1 4 56 2 4
33 49 4 36 50 4
52 14 4 58 15 4
19 21 4 25 22 4
16 4 4 19 5 4
3 35 4 11 36 4
56 15 4 59 16 4
39 4 4 45 5 4
13 31 4 22 32 4
25 6 4 33 7 4
26 26 5 27 32 5
16 37 5 17 47 5
11 41 5 12 45 5
4 35 5 5 45 5
13 22 5 14 27 5
20 39 5 21 43 5
5 39 5 6 44 5
6 33 5 7 42 5
21 17 5 22 23 5
14 5 5 15 12 5
50 48 5 51 52 5
30 10 5 31 14 5
17 10 5 18 14 5
47 27 5 48 32 5
8 41 5 9 48 5
9 39 5 10 44 5
58 43 5 59 48 5
11 2 5 12 5 5
21 5 5 22 10 5
26 39 5 27 47 5
33 50 5 34 54 5
11 54 5 12 59 5
23 29 5 24 37 5
57 10 5 58 17 5
Net_num 159
Net_id 0
pin_num 5
42 40 0
28 42 0
37 17 0
19 27 0
12 39 0
Net_id 1
pin_num 5
49 5 0
39 1 0
45 1 0
28 0 0
38 10 0
Net_id 2
pin_num 5
49 26 0
46 16 0
57 26 0
59 29 0
46 22 0
Net_id 3
pin_num 5
10 6 0
1 5 0
4 17 0
27 5 0
20 17 0
Net_id 4
pin_num 5
31 33 0
19 33 0
23 45 0
24 25 0
12 33 0
Net_id 5
pin_num 5
36 28 0
31 30 0
34 20 0
18 29 0
36 36 0
Net_id 6
pin_num 5
53 19 0
52 19 0
53 37 0
59 24 0
58 27 0
Net_id 7
pin_num 5
12 16 0
24 15 0
17 31 0
29 18 0
17 11 0
Net_id 8
pin_num 5
34 1 0
40 2 0
51 0 0
42 8 0
59 5 0
Net_id 9
pin_num 5
31 23 0
39 14 0
24 22 0
34 31 0
32 22 0
Net_id 10
pin_num 5
57 56 0
51 49 0
57 42 0
59 58 0
51 59 0
Net_id 11
pin_num 5
59 57 0
55 59 0
57 49 0
50 58 0
59 41 0
Net_id 12
pin_num 5
13 24 0
8 24 0
9 15 0
14 18 0
11 11 0
Net_id 13
pin_num 5
23 39 0
26 39 0
27 59 0
45 49 0
33 55 0
Net_id 14
pin_num 5
6 10 0
0 15 0
0 6 0
7 15 0
3 14 0
Net_id 15
pin_num 5
47 27 0
59 34 0
46 34 0
57 29 0
52 54 0
Net_id 16
pin_num 5
37 42 0
41 42 0
39 48 0
39 33 0
30 53 0
Net_id 17
pin_num 5
26 2 0
36 2 0
43 2 0
25 2 0
35 9 0
Net_id 18
pin_num 5
2 28 0
0 21 0
0 33 0
8 32 0
6 14 0
Net_id 19
pin_num 5
12 21 0
16 26 0
14 36 0
6 12 0
30 19 0
Net_id 20
pin_num 4
48 14 0
40 8 0
59 8 0
26 3 0
Net_id 21
pin_num 4
18 49 0
22 48 0
16 59 0
0 57 0
Net_id 22
pin_num 4
40 45 0
21 44 0
28 51 0
13 51 0
Net_id 23
pin_num 4
26 11 0
15 19 0
8 22 0
18 35 0
Net_id 24
pin_num 4
23 47 0
38 47 0
7 47 0
0 59 0
Net_id 25
pin_num 4
1 51 0
11 51 0
5 31 0
0 54 0
Net_id 26
pin_num 4
11 39 0
5 39 0
7 20 0
0 40 0
Net_id 27
pin_num 4
27 13 0
28 3 0
15 0 0
19 6 0
Net_id 28
pin_num 4
5 5 0
0 3 0
2 16 0
5 2 0
Net_id 29
pin_num 4
34 36 0
27 43 0
4 40 0
21 32 0
Net_id 30
pin_num 4
24 37 0
30 25 0
26 52 0
10 44 0
Net_id 31
pin_num 4
19 13 0
23 6 0
32 12 0
20 4 0
Net_id 32
pin_num 4
9 23 0
2 22 0
30 24 0
29 14 0
Net_id 33
pin_num 4
26 22 0
24 34 0
12 36 0
12 34 0
Net_id 34
pin_num 4
11 1 0
15 10 0
19 10 0
24 8 0
Net_id 35
pin_num 4
55 13 0
31 13 0
41 8 0
29 15 0
Net_id 36
pin_num 4
3 17 0
1 12 0
20 16 0
20 30 0
Net_id 37
pin_num 4
4 26 0
11 25 0
16 32 0
15 15 0
Net_id 38
pin_num 4
41 35 0
35 35 0
19 35 0
32 25 0
Net_id 39
pin_num 3
36 52 0
53 47 0
50 45 0
Net_id 40
pin_num 3
21 20 0
15 25 0
21 28 0
Net_id 41
pin_num 3
31 4 0
33 1 0
59 0 0
Net_id 42
pin_num 3
17 56 0
1 57 0
0 43 0
Net_id 43
pin_num 3
13 35 0
41 37 0
40 36 0
Net_id 44
pin_num 3
42 32 0
31 32 0
35 46 0
Net_id 45
pin_num 3
6 34 0
11 37 0
9 12 0
Net_id 46
pin_num 3
30 5 0
39 24 0
37 12 0
Net_id 47
pin_num 3
12 20 0
19 24 0
36 39 0
Net_id 48
pin_num 3
5 7 0
1 19 0
10 13 0
Net_id 49
pin_num 3
36 16 0
21 12 0
14 3 0
Net_id 50
pin_num 3
22 47 0
8 38 0
17 46 0
Net_id 51
pin_num 3
34 53 0
27 46 0
33 44 0
Net_id 52
pin_num 3
0 44 0
19 58 0
14 39 0
Net_id 53
pin_num 3
10 46 0
19 54 0
19 53 0
Net_id 54
pin_num 3
49 33 0
42 31 0
51 30 0
Net_id 55
pin_num 3
25 41 0
20 39 0
0 55 0
Net_id 56
pin_num 3
3 58 0
18 46 0
38 59 0
Net_id 57
pin_num 3
53 8 0
58 18 0
57 0 0
Net_id 58
pin_num 3
44 11 0
57 1 0
52 0 0
Net_id 59
pin_num 3
22 56 0
37 58 0
59 40 0
Net_id 60
pin_num 3
44 18 0
57 18 0
49 37 0
Net_id 61
pin_num 3
48 6 0
53 7 0
53 15 0
Net_id 62
pin_num 3
26 21 0
36 41 0
44 48 0
Net_id 63
pin_num 3
19 3 0
18 2 0
2 24 0
Net_id 64
pin_num 3
1 42 0
4 47 0
6 44 0
Net_id 65
pin_num 3
39 4 0
58 0 0
48 20 0
Net_id 66
pin_num 3
6 37 0
1 47 0
1 31 0
Net_id 67
pin_num 3
6 9 0
19 1 0
1 6 0
Net_id 68
pin_num 3
20 31 0
27 31 0
43 31 0
Net_id 69
pin_num 3
24 46 0
21 27 0
50 31 0
Net_id 70
pin_num 3
3 25 0
2 31 0
8 29 0
Net_id 71
pin_num 3
43 32 0
59 30 0
38 51 0
Net_id 72
pin_num 3
45 36 0
48 29 0
49 39 0
Net_id 73
pin_num 3
54 30 0
56 45 0
45 34 0
Net_id 74
pin_num 3
45 37 0
51 56 0
38 53 0
Net_id 75
pin_num 3
39 41 0
53 52 0
20 44 0
Net_id 76
pin_num 3
17 29 0
9 29 0
12 22 0
Net_id 77
pin_num 3
13 8 0
28 7 0
19 0 0
Net_id 78
pin_num 3
53 0 0
58 16 0
58 5 0
Net_id 79
pin_num 2
58 11 0
52 9 0
Net_id 80
pin_num 2
42 34 0
30 34 0
Net_id 81
pin_num 2
58 1 0
38 11 0
Net_id 82
pin_num 2
52 47 0
45 29 0
Net_id 83
pin_num 2
1 27 0
12 10 0
Net_id 84
pin_num 2
42 10 0
49 10 0
Net_id 85
pin_num 2
48 30 0
31 38 0
Net_id 86
pin_num 2
17 59 0
24 43 0
Net_id 87
pin_num 2
40 51 0
47 47 0
Net_id 88
pin_num 2
57 45 0
54 40 0
Net_id 89
pin_num 2
56 39 0
58 51 0
Net_id 90
pin_num 2
7 3 0
1 8 0
Net_id 91
pin_num 2
58 6 0
55 9 0
Net_id 92
pin_num 2
55 19 0
36 4 0
Net_id 93
pin_num 2
31 15 0
35 27 0
Net_id 94
pin_num 2
58 9 0
51 5 0
Net_id 95
pin_num 2
23 36 0
38 19 0
Net_id 96
pin_num 2
27 4 0
8 8 0
Net_id 97
pin_num 2
43 38 0
50 16 0
Net_id 98
pin_num 2
14 30 0
2 21 0
Net_id 99
pin_num 2
10 49 0
22 50 0
Net_id 100
pin_num 2
25 44 0
30 44 0
Net_id 101
pin_num 2
55 23 0
48 39 0
Net_id 102
pin_num 2
12 13 0
21 9 0
Net_id 103
pin_num 2
5 19 0
10 37 0
Net_id 104
pin_num 2
47 17 0
49 2 0
Net_id 105
pin_num 2
35 26 0
58 37 0
Net_id 106
pin_num 2
6 24 0
3 22 0
Net_id 107
pin_num 2
5 38 0
20 1 0
Net_id 108
pin_num 2
42 25 0
48 25 0
Net_id 109
pin_num 2
19 25 0
19 22 0
Net_id 110
pin_num 2
26 55 0
14 55 0
Net_id 111
pin_num 2
54 38 0
48 22 0
Net_id 112
pin_num 2
5 25 0
12 19 0
Net_id 113
pin_num 2
47 35 0
33 21 0
Net_id 114
pin_num 2
25 46 0
28 59 0
Net_id 115
pin_num 2
48 45 0
58 28 0
Net_id 116
pin_num 2
37 29 0
50 12 0
Net_id 117
pin_num 2
58 52 0
41 25 0
Net_id 118
pin_num 2
30 54 0
22 58 0
Net_id 119
pin_num 2
45 55 0
57 47 0
Net_id 120
pin_num 2
4 9 0
13 2 0
Net_id 121
pin_num 2
23 29 0
46 27 0
Net_id 122
pin_num 2
20 15 0
25 17 0
Net_id 123
pin_num 2
56 28 0
52 7 0
Net_id 124
pin_num 2
43 11 0
36 9 0
Net_id 125
pin_num 2
59 6 0
47 15 0
Net_id 126
pin_num 2
30 31 0
43 40 0
Net_id 127
pin_num 2
44 51 0
28 41 0
Net_id 128
pin_num 2
43 48 0
40 53 0
Net_id 129
pin_num 2
4 11 0
17 9 0
Net_id 130
pin_num 2
34 9 0
22 1 0
Net_id 131
pin_num 2
42 28 0
32 50 0
Net_id 132
pin_num 2
19 43 0
17 37 0
Net_id 133
pin_num 2
7 52 0
1 43 0
Net_id 134
pin_num 2
20 5 0
11 19 0
Net_id 135
pin_num 2
20 21 0
6 11 0
Net_id 136
pin_num 2
1 32 0
7 49 0
Net_id 137
pin_num 2
13 32 0
12 26 0
Net_id 138
pin_num 2
59 22 0
52 56 0
Net_id 139
pin_num 2
51 54 0
41 55 0
Net_id 140
pin_num 2
39 50 0
59 48 0
Net_id 141
pin_num 2
31 46 0
44 55 0
Net_id 142
pin_num 2
46 45 0
39 44 0
Net_id 143
pin_num 2
22 59 0
33 58 0
Net_id 144
pin_num 2
4 33 0
8 33 0
Net_id 145
pin_num 2
39 47 0
28 55 0
Net_id 146
pin_num 2
26 41 0
14 46 0
Net_id 147
pin_num 2
34 4 0
51 7 0
Net_id 148
pin_num 2
46 58 0
51 51 0
Net_id 149
pin_num 2
30 17 0
13 22 0
Net_id 150
pin_num 2
17 32 0
11 21 0
Net_id 151
pin_num 2
35 54 0
54 47 0
Net_id 152
pin_num 2
34 52 0
43 42 0
Net_id 153
pin_num 2
1 59 0
15 41 0
Net_id 154
pin_num 2
37 21 0
43 43 0
Net_id 155
pin_num 2
37 15 0
50 25 0
Net_id 156
pin_num 2
33 43 0
28 43 0
Net_id 157
pin_num 2
11 35 0
31 14 0
Net_id 158
pin_num 2
20 12 0
9 3 0
