Width 60
Height 60
Layer 6
Total_WL 6583
Obstacle_num 144
48 35 0 53 36 0
8 20 0 14 21 0
54 31 0 57 32 0
1 17 0 7 18 0
38 7 0 48 8 0
28 4 0 31 5 0
25 45 0 30 46 0
33 17 0 39 18 0
5 36 0 13 37 0
47 56 0 56 57 0
39 44 0 43 45 0
51 34 0 54 35 0
9 6 0 12 7 0
52 50 0 57 51 0
11 0 0 15 1 0
14 13 0 19 14 0
1 58 0 8 59 0
24 17 0 27 18 0
19 38 0 29 39 0
42 8 0 50 9 0
23 37 0 29 38 0
1 26 0 10 27 0
25 11 0 29 12 0
37 20 0 45 21 0
53 46 1 54 55 1
37 4 1 38 13 1
16 52 1 17 57 1
17 7 1 18 11 1
12 13 1 13 18 1
5 46 1 6 53 1
51 38 1 52 43 1
1 29 1 2 38 1
0 17 1 1 24 1
17 18 1 18 28 1
54 36 1 55 44 1
18 38 1 19 47 1
0 43 1 1 46 1
31 9 1 32 12 1
21 9 1 22 15 1
33 4 1 34 11 1
46 15 1 47 21 1
14 38 1 15 46 1
37 16 1 38 25 1
49 46 1 50 55 1
52 10 1 53 17 1
55 52 1 56 56 1
7 13 1 8 23 1
37 32 1 38 42 1
28 3 2 32 4 2
46 14 2 54 15 2
7 20 2 10 21 2
1 27 2 4 28 2
17 33 2 22 34 2
7 53 2 15 54 2
8 46 2 11 47 2
4 58 2 11 59 2
18 58 2 24 59 2
20 1 2 26 2 2
3 28 2 9 29 2
5 47 2 14 48 2
2 3 2 9 4 2
25 54 2 29 55 2
35 26 2 42 27 2
10 2 2 20 3 2
43 35 2 53 36 2
5 33 2 14 34 2
13 49 2 18 50 2
7 16 2 15 17 2
16 48 2 19 49 2
36 36 2 43 37 2
49 49 2 59 50 2
24 41 2 33 42 2
42 10 3 43 20 3
42 45 3 43 52 3
20 44 3 21 49 3
14 29 3 15 34 3
56 41 3 57 50 3
47 35 3 48 43 3
4 2 3 5 12 3
0 2 3 1 5 3
11 15 3 12 19 3
50 39 3 51 48 3
25 49 3 26 57 3
40 44 3 41 47 3
56 4 3 57 14 3
37 15 3 38 21 3
34 24 3 35 34 3
18 21 3 19 31 3
50 26 3 51 31 3
13 28 3 14 31 3
16 23 3 17 32 3
47 47 3 48 57 3
48 29 3 49 37 3
16 40 3 17 44 3
0 17 3 1 27 3
11 31 3 12 37 3
8 25 4 12 26 4
8 23 4 18 24 4
41 46 4 47 47 4
50 28 4 55 29 4
13 57 4 21 58 4
49 21 4 53 22 4
15 22 4 23 23 4
47 47 4 54 48 4
32 48 4 41 49 4
18 2 4 26 3 4
18 53 4 28 54 4
21 26 4 24 27 4
43 50 4 50 51 4
7 5 4 11 6 4
27 15 4 31 16 4
24 10 4 27 11 4
0 56 4 10 57 4
48 41 4 56 42 4
28 29 4 37 30 4
42 26 4 46 27 4
42 18 4 50 19 4
0 32 4 5 33 4
44 34 4 53 35 4
53 12 4 59 13 4
42 21 5 43 27 5
17 42 5 18 47 5
17 48 5 18 55 5
51 39 5 52 44 5
41 33 5 42 39 5
27 0 5 28 7 5
56 27 5 57 37 5
18 31 5 19 37 5
52 35 5 53 41 5
29 4 5 30 12 5
29 28 5 30 32 5
53 23 5 54 31 5
8 2 5 9 9 5
36 17 5 37 27 5
19 33 5 20 38 5
42 50 5 43 55 5
0 22 5 1 32 5
1 12 5 2 21 5
44 9 5 45 16 5
30 32 5 31 39 5
53 51 5 54 56 5
51 48 5 52 53 5
37 27 5 38 31 5
58 9 5 59 13 5
Net_num 156
Net_id 0
pin_num 5
6 12 0
5 18 0
2 31 0
6 27 0
1 23 0
Net_id 1
pin_num 5
49 5 0
54 14 0
52 22 0
59 21 0
59 10 0
Net_id 2
pin_num 5
52 19 0
41 27 0
44 21 0
46 42 0
32 31 0
Net_id 3
pin_num 5
31 43 0
30 35 0
36 42 0
33 55 0
31 52 0
Net_id 4
pin_num 5
44 2 0
43 10 0
35 3 0
32 3 0
39 0 0
Net_id 5
pin_num 5
58 36 0
49 36 0
55 28 0
39 34 0
56 29 0
Net_id 6
pin_num 5
9 14 0
1 19 0
4 24 0
22 22 0
4 35 0
Net_id 7
pin_num 5
7 56 0
13 56 0
9 59 0
12 44 0
0 51 0
Net_id 8
pin_num 5
32 53 0
21 59 0
12 59 0
30 50 0
26 55 0
Net_id 9
pin_num 5
35 45 0
29 59 0
35 59 0
11 59 0
10 45 0
Net_id 10
pin_num 5
33 43 0
44 47 0
25 44 0
31 59 0
26 41 0
Net_id 11
pin_num 5
18 17 0
15 19 0
1 13 0
3 19 0
9 0 0
Net_id 12
pin_num 5
7 29 0
5 29 0
25 29 0
14 18 0
0 22 0
Net_id 13
pin_num 5
10 7 0
2 16 0
18 0 0
19 13 0
0 18 0
Net_id 14
pin_num 5
56 16 0
51 16 0
53 13 0
39 14 0
38 13 0
Net_id 15
pin_num 5
55 6 0
58 0 0
50 0 0
54 13 0
58 5 0
Net_id 16
pin_num 5
58 37 0
59 43 0
29 43 0
8 43 0
16 39 0
Net_id 17
pin_num 5
1 40 0
7 40 0
12 40 0
7 30 0
18 38 0
Net_id 18
pin_num 5
3 43 0
0 59 0
14 46 0
7 59 0
6 52 0
Net_id 19
pin_num 5
54 11 0
57 18 0
32 17 0
50 16 0
34 23 0
Net_id 20
pin_num 4
43 22 0
54 20 0
58 33 0
53 32 0
Net_id 21
pin_num 4
54 33 0
49 45 0
50 37 0
43 34 0
Net_id 22
pin_num 4
25 0 0
30 15 0
44 5 0
4 9 0
Net_id 23
pin_num 4
38 54 0
50 45 0
48 51 0
59 44 0
Net_id 24
pin_num 4
36 57 0
44 57 0
38 45 0
42 40 0
Net_id 25
pin_num 4
27 14 0
32 10 0
51 12 0
44 12 0
Net_id 26
pin_num 4
51 2 0
45 24 0
28 20 0
56 24 0
Net_id 27
pin_num 4
23 45 0
9 45 0
24 45 0
23 56 0
Net_id 28
pin_num 4
13 7 0
17 3 0
0 1 0
8 15 0
Net_id 29
pin_num 4
35 56 0
52 58 0
50 57 0
37 48 0
Net_id 30
pin_num 4
53 39 0
47 26 0
59 22 0
54 32 0
Net_id 31
pin_num 4
4 33 0
13 47 0
21 44 0
15 26 0
Net_id 32
pin_num 4
42 10 0
34 8 0
42 26 0
34 0 0
Net_id 33
pin_num 4
22 31 0
35 38 0
35 26 0
40 37 0
Net_id 34
pin_num 4
51 55 0
38 59 0
36 38 0
31 55 0
Net_id 35
pin_num 4
38 55 0
52 55 0
46 11 0
50 59 0
Net_id 36
pin_num 4
11 29 0
0 34 0
3 33 0
3 48 0
Net_id 37
pin_num 4
30 55 0
22 56 0
22 59 0
56 56 0
Net_id 38
pin_num 4
44 41 0
58 45 0
51 37 0
57 24 0
Net_id 39
pin_num 4
20 51 0
31 57 0
54 57 0
53 57 0
Net_id 40
pin_num 3
20 32 0
29 38 0
31 34 0
Net_id 41
pin_num 3
17 30 0
7 23 0
1 33 0
Net_id 42
pin_num 3
15 8 0
9 8 0
13 24 0
Net_id 43
pin_num 3
25 4 0
15 5 0
19 12 0
Net_id 44
pin_num 3
5 32 0
22 27 0
7 25 0
Net_id 45
pin_num 3
57 3 0
39 4 0
59 13 0
Net_id 46
pin_num 3
15 40 0
30 33 0
47 33 0
Net_id 47
pin_num 3
53 58 0
57 52 0
34 54 0
Net_id 48
pin_num 3
53 24 0
38 23 0
46 0 0
Net_id 49
pin_num 3
8 57 0
21 52 0
19 46 0
Net_id 50
pin_num 3
33 1 0
25 16 0
59 7 0
Net_id 51
pin_num 3
12 31 0
31 54 0
28 57 0
Net_id 52
pin_num 3
14 19 0
1 25 0
20 35 0
Net_id 53
pin_num 3
19 2 0
12 2 0
2 11 0
Net_id 54
pin_num 3
23 33 0
28 29 0
0 40 0
Net_id 55
pin_num 3
44 26 0
52 7 0
33 22 0
Net_id 56
pin_num 3
13 26 0
1 20 0
14 17 0
Net_id 57
pin_num 3
22 41 0
34 49 0
37 30 0
Net_id 58
pin_num 3
1 32 0
8 21 0
0 24 0
Net_id 59
pin_num 3
47 50 0
32 37 0
34 41 0
Net_id 60
pin_num 3
20 16 0
17 6 0
24 36 0
Net_id 61
pin_num 3
0 53 0
5 45 0
15 25 0
Net_id 62
pin_num 3
35 12 0
20 3 0
20 8 0
Net_id 63
pin_num 3
46 39 0
29 42 0
22 28 0
Net_id 64
pin_num 3
54 55 0
48 58 0
39 46 0
Net_id 65
pin_num 3
57 17 0
56 23 0
55 9 0
Net_id 66
pin_num 3
25 59 0
37 58 0
58 58 0
Net_id 67
pin_num 3
51 42 0
53 38 0
41 58 0
Net_id 68
pin_num 3
41 41 0
47 37 0
59 39 0
Net_id 69
pin_num 3
52 43 0
39 42 0
33 56 0
Net_id 70
pin_num 3
57 44 0
39 37 0
43 58 0
Net_id 71
pin_num 3
5 11 0
2 5 0
11 7 0
Net_id 72
pin_num 3
27 32 0
24 39 0
17 29 0
Net_id 73
pin_num 3
11 55 0
0 42 0
10 44 0
Net_id 74
pin_num 3
0 27 0
5 25 0
6 31 0
Net_id 75
pin_num 3
16 36 0
7 27 0
9 42 0
Net_id 76
pin_num 3
2 34 0
17 41 0
15 46 0
Net_id 77
pin_num 3
1 3 0
16 8 0
4 14 0
Net_id 78
pin_num 2
3 54 0
13 52 0
Net_id 79
pin_num 2
47 57 0
52 48 0
Net_id 80
pin_num 2
30 46 0
10 39 0
Net_id 81
pin_num 2
18 54 0
26 57 0
Net_id 82
pin_num 2
15 32 0
10 32 0
Net_id 83
pin_num 2
11 4 0
17 1 0
Net_id 84
pin_num 2
33 20 0
39 19 0
Net_id 85
pin_num 2
54 48 0
59 49 0
Net_id 86
pin_num 2
45 47 0
45 57 0
Net_id 87
pin_num 2
59 45 0
57 58 0
Net_id 88
pin_num 2
21 56 0
12 42 0
Net_id 89
pin_num 2
13 39 0
10 15 0
Net_id 90
pin_num 2
10 4 0
2 6 0
Net_id 91
pin_num 2
27 1 0
25 6 0
Net_id 92
pin_num 2
28 41 0
38 37 0
Net_id 93
pin_num 2
9 35 0
19 30 0
Net_id 94
pin_num 2
11 13 0
19 27 0
Net_id 95
pin_num 2
24 56 0
29 32 0
Net_id 96
pin_num 2
45 55 0
52 41 0
Net_id 97
pin_num 2
27 50 0
48 48 0
Net_id 98
pin_num 2
49 10 0
44 9 0
Net_id 99
pin_num 2
41 4 0
46 9 0
Net_id 100
pin_num 2
14 53 0
28 49 0
Net_id 101
pin_num 2
46 16 0
53 2 0
Net_id 102
pin_num 2
15 21 0
17 14 0
Net_id 103
pin_num 2
13 58 0
6 49 0
Net_id 104
pin_num 2
58 13 0
53 1 0
Net_id 105
pin_num 2
9 10 0
6 35 0
Net_id 106
pin_num 2
42 24 0
33 24 0
Net_id 107
pin_num 2
57 19 0
55 23 0
Net_id 108
pin_num 2
17 55 0
29 57 0
Net_id 109
pin_num 2
28 6 0
38 11 0
Net_id 110
pin_num 2
42 17 0
32 34 0
Net_id 111
pin_num 2
49 1 0
45 27 0
Net_id 112
pin_num 2
6 11 0
14 1 0
Net_id 113
pin_num 2
11 15 0
23 27 0
Net_id 114
pin_num 2
1 35 0
5 54 0
Net_id 115
pin_num 2
4 52 0
8 52 0
Net_id 116
pin_num 2
18 10 0
23 9 0
Net_id 117
pin_num 2
31 23 0
4 45 0
Net_id 118
pin_num 2
58 28 0
59 52 0
Net_id 119
pin_num 2
13 12 0
17 11 0
Net_id 120
pin_num 2
35 22 0
39 22 0
Net_id 121
pin_num 2
43 30 0
19 21 0
Net_id 122
pin_num 2
55 34 0
55 27 0
Net_id 123
pin_num 2
20 24 0
11 24 0
Net_id 124
pin_num 2
50 51 0
59 42 0
Net_id 125
pin_num 2
7 48 0
3 25 0
Net_id 126
pin_num 2
29 8 0
24 14 0
Net_id 127
pin_num 2
17 19 0
11 5 0
Net_id 128
pin_num 2
52 54 0
45 44 0
Net_id 129
pin_num 2
0 10 0
17 5 0
Net_id 130
pin_num 2
43 9 0
31 24 0
Net_id 131
pin_num 2
18 22 0
26 47 0
Net_id 132
pin_num 2
4 37 0
22 25 0
Net_id 133
pin_num 2
1 1 0
6 5 0
Net_id 134
pin_num 2
58 14 0
43 24 0
Net_id 135
pin_num 2
11 9 0
18 19 0
Net_id 136
pin_num 2
25 2 0
16 11 0
Net_id 137
pin_num 2
41 8 0
30 13 0
Net_id 138
pin_num 2
27 40 0
41 37 0
Net_id 139
pin_num 2
24 27 0
45 36 0
Net_id 140
pin_num 2
54 44 0
58 35 0
Net_id 141
pin_num 2
3 8 0
14 14 0
Net_id 142
pin_num 2
52 29 0
42 33 0
Net_id 143
pin_num 2
24 52 0
43 36 0
Net_id 144
pin_num 2
35 55 0
42 28 0
Net_id 145
pin_num 2
31 16 0
23 35 0
Net_id 146
pin_num 2
23 25 0
29 33 0
Net_id 147
pin_num 2
5 20 0
0 41 0
Net_id 148
pin_num 2
29 29 0
44 24 0
Net_id 149
pin_num 2
52 27 0
29 35 0
Net_id 150
pin_num 2
10 52 0
6 51 0
Net_id 151
pin_num 2
39 27 0
54 15 0
Net_id 152
pin_num 2
41 25 0
55 38 0
Net_id 153
pin_num 2
15 20 0
31 38 0
Net_id 154
pin_num 2
34 5 0
36 4 0
Net_id 155
pin_num 2
30 8 0
32 9 0
