Width 60
Height 60
Layer 6
Total_WL 6005
Obstacle_num 144
15 57 0 25 58 0
12 30 0 17 31 0
5 58 0 8 59 0
46 11 0 53 12 0
39 29 0 49 30 0
6 31 0 13 32 0
39 39 0 46 40 0
42 13 0 47 14 0
8 22 0 18 23 0
28 46 0 34 47 0
51 49 0 56 50 0
1 4 0 8 5 0
13 32 0 22 33 0
23 15 0 31 16 0
47 25 0 54 26 0
40 27 0 48 28 0
10 21 0 17 22 0
41 8 0 47 9 0
10 17 0 16 18 0
30 51 0 40 52 0
17 56 0 27 57 0
48 31 0 57 32 0
36 15 0 44 16 0
27 16 0 34 17 0
2 3 1 3 8 1
13 39 1 14 43 1
57 18 1 58 24 1
23 17 1 24 25 1
40 13 1 41 22 1
54 0 1 55 8 1
49 24 1 50 30 1
57 38 1 58 41 1
39 27 1 40 30 1
34 35 1 35 45 1
51 5 1 52 8 1
38 16 1 39 21 1
25 19 1 26 26 1
32 37 1 33 47 1
3 34 1 4 38 1
28 9 1 29 12 1
43 22 1 44 28 1
37 27 1 38 33 1
49 37 1 50 41 1
26 26 1 27 34 1
21 33 1 22 37 1
2 19 1 3 22 1
10 36 1 11 41 1
0 7 1 1 12 1
19 31 2 28 32 2
24 37 2 29 38 2
23 46 2 33 47 2
50 15 2 57 16 2
46 25 2 50 26 2
12 50 2 17 51 2
0 2 2 5 3 2
49 48 2 59 49 2
9 33 2 19 34 2
33 37 2 42 38 2
7 47 2 10 48 2
35 8 2 44 9 2
48 21 2 58 22 2
6 51 2 12 52 2
36 17 2 44 18 2
34 41 2 44 42 2
28 16 2 38 17 2
50 24 2 56 25 2
45 7 2 48 8 2
5 7 2 8 8 2
3 37 2 13 38 2
20 38 2 28 39 2
33 30 2 41 31 2
25 11 2 29 12 2
43 16 3 44 19 3
16 5 3 17 8 3
8 20 3 9 30 3
47 16 3 48 19 3
34 0 3 35 5 3
11 3 3 12 7 3
46 55 3 47 59 3
31 34 3 32 37 3
32 34 3 33 42 3
33 16 3 34 24 3
20 39 3 21 42 3
31 1 3 32 4 3
52 39 3 53 49 3
40 46 3 41 49 3
36 10 3 37 20 3
32 11 3 33 14 3
0 7 3 1 10 3
1 43 3 2 53 3
47 43 3 48 53 3
44 0 3 45 8 3
51 44 3 52 48 3
39 19 3 40 27 3
38 40 3 39 44 3
55 6 3 56 15 3
54 46 4 58 47 4
24 24 4 33 25 4
40 36 4 50 37 4
28 34 4 32 35 4
26 9 4 32 10 4
20 40 4 24 41 4
25 6 4 28 7 4
20 30 4 29 31 4
54 44 4 59 45 4
46 9 4 52 10 4
28 23 4 35 24 4
52 35 4 56 36 4
2 15 4 11 16 4
20 43 4 26 44 4
35 25 4 39 26 4
35 52 4 42 53 4
11 11 4 16 12 4
7 10 4 10 11 4
12 27 4 19 28 4
12 48 4 15 49 4
21 39 4 28 40 4
21 50 4 25 51 4
36 18 4 40 19 4
23 46 4 29 47 4
47 17 5 48 20 5
20 25 5 21 33 5
12 46 5 13 55 5
23 20 5 24 30 5
17 9 5 18 15 5
36 31 5 37 37 5
38 16 5 39 22 5
49 46 5 50 54 5
51 3 5 52 11 5
58 26 5 59 31 5
1 15 5 2 18 5
30 38 5 31 45 5
57 40 5 58 48 5
43 29 5 44 32 5
16 49 5 17 56 5
49 14 5 50 20 5
53 15 5 54 24 5
17 31 5 18 34 5
34 41 5 35 48 5
18 28 5 19 33 5
45 39 5 46 44 5
33 15 5 34 25 5
33 48 5 34 53 5
30 30 5 31 37 5
Net_num 157
Net_id 0
pin_num 5
46 7 0
49 10 0
55 0 0
32 9 0
39 7 0
Net_id 1
pin_num 5
13 50 0
21 59 0
16 59 0
7 59 0
16 53 0
Net_id 2
pin_num 5
48 55 0
34 59 0
52 55 0
59 40 0
51 59 0
Net_id 3
pin_num 5
12 55 0
5 51 0
2 55 0
9 43 0
31 55 0
Net_id 4
pin_num 5
37 45 0
38 32 0
44 37 0
59 35 0
42 50 0
Net_id 5
pin_num 5
1 59 0
9 58 0
0 47 0
0 46 0
6 51 0
Net_id 6
pin_num 5
27 22 0
15 26 0
0 28 0
11 18 0
1 12 0
Net_id 7
pin_num 5
7 41 0
0 42 0
23 41 0
1 37 0
16 42 0
Net_id 8
pin_num 5
56 19 0
53 18 0
33 18 0
36 11 0
12 20 0
Net_id 9
pin_num 5
17 13 0
24 19 0
30 19 0
25 30 0
19 1 0
Net_id 10
pin_num 5
4 17 0
5 33 0
2 10 0
8 27 0
0 22 0
Net_id 11
pin_num 5
53 23 0
56 28 0
58 2 0
59 28 0
59 10 0
Net_id 12
pin_num 5
5 56 0
4 52 0
0 57 0
25 57 0
8 49 0
Net_id 13
pin_num 5
40 8 0
36 9 0
24 8 0
26 4 0
40 5 0
Net_id 14
pin_num 5
21 27 0
27 27 0
26 47 0
45 37 0
33 27 0
Net_id 15
pin_num 5
8 51 0
20 51 0
7 54 0
3 43 0
14 45 0
Net_id 16
pin_num 5
53 16 0
43 16 0
52 3 0
48 1 0
33 3 0
Net_id 17
pin_num 5
33 17 0
47 14 0
47 20 0
47 3 0
58 21 0
Net_id 18
pin_num 5
5 36 0
6 29 0
1 32 0
3 40 0
17 40 0
Net_id 19
pin_num 5
1 48 0
11 50 0
7 30 0
0 45 0
4 36 0
Net_id 20
pin_num 4
21 29 0
30 32 0
7 34 0
27 12 0
Net_id 21
pin_num 4
18 38 0
7 46 0
31 43 0
33 43 0
Net_id 22
pin_num 4
14 23 0
24 23 0
32 14 0
3 13 0
Net_id 23
pin_num 4
29 23 0
19 29 0
28 38 0
14 28 0
Net_id 24
pin_num 4
40 0 0
42 10 0
48 0 0
41 1 0
Net_id 25
pin_num 4
11 29 0
9 26 0
6 26 0
1 21 0
Net_id 26
pin_num 4
49 42 0
55 42 0
50 50 0
51 32 0
Net_id 27
pin_num 4
9 55 0
3 50 0
7 57 0
10 58 0
Net_id 28
pin_num 4
54 34 0
52 37 0
53 36 0
43 41 0
Net_id 29
pin_num 4
52 22 0
59 19 0
59 18 0
46 20 0
Net_id 30
pin_num 4
25 42 0
30 39 0
35 31 0
26 59 0
Net_id 31
pin_num 4
48 43 0
45 44 0
33 44 0
48 32 0
Net_id 32
pin_num 4
8 36 0
13 24 0
1 24 0
10 44 0
Net_id 33
pin_num 4
23 10 0
17 24 0
17 0 0
18 21 0
Net_id 34
pin_num 4
16 12 0
13 0 0
1 6 0
28 2 0
Net_id 35
pin_num 4
38 54 0
28 52 0
50 52 0
15 52 0
Net_id 36
pin_num 4
40 45 0
35 57 0
23 58 0
40 26 0
Net_id 37
pin_num 4
1 50 0
5 49 0
8 44 0
24 41 0
Net_id 38
pin_num 3
12 15 0
7 12 0
23 8 0
Net_id 39
pin_num 3
36 26 0
59 17 0
49 14 0
Net_id 40
pin_num 3
11 26 0
9 38 0
2 40 0
Net_id 41
pin_num 3
17 48 0
4 51 0
36 42 0
Net_id 42
pin_num 3
17 41 0
12 49 0
13 20 0
Net_id 43
pin_num 3
52 57 0
56 53 0
52 58 0
Net_id 44
pin_num 3
7 36 0
17 35 0
4 53 0
Net_id 45
pin_num 3
25 26 0
21 30 0
21 10 0
Net_id 46
pin_num 3
35 45 0
28 49 0
27 53 0
Net_id 47
pin_num 3
17 4 0
20 17 0
52 19 0
Net_id 48
pin_num 3
19 2 0
32 0 0
26 21 0
Net_id 49
pin_num 3
56 27 0
56 38 0
53 39 0
Net_id 50
pin_num 3
13 37 0
3 29 0
4 22 0
Net_id 51
pin_num 3
42 1 0
49 2 0
48 26 0
Net_id 52
pin_num 3
39 36 0
47 38 0
39 16 0
Net_id 53
pin_num 3
4 20 0
1 31 0
2 43 0
Net_id 54
pin_num 3
0 5 0
12 5 0
3 11 0
Net_id 55
pin_num 3
42 33 0
45 23 0
20 26 0
Net_id 56
pin_num 3
11 45 0
16 49 0
12 28 0
Net_id 57
pin_num 3
49 45 0
36 40 0
53 43 0
Net_id 58
pin_num 3
50 13 0
58 1 0
40 1 0
Net_id 59
pin_num 3
25 35 0
18 30 0
21 49 0
Net_id 60
pin_num 3
31 53 0
39 54 0
16 54 0
Net_id 61
pin_num 3
48 15 0
35 1 0
35 20 0
Net_id 62
pin_num 3
40 23 0
41 19 0
31 22 0
Net_id 63
pin_num 3
19 4 0
25 1 0
16 0 0
Net_id 64
pin_num 3
58 48 0
57 49 0
44 49 0
Net_id 65
pin_num 3
51 2 0
57 5 0
45 5 0
Net_id 66
pin_num 3
21 54 0
7 39 0
1 36 0
Net_id 67
pin_num 3
59 53 0
31 40 0
36 45 0
Net_id 68
pin_num 3
21 41 0
12 54 0
9 39 0
Net_id 69
pin_num 3
11 46 0
17 47 0
41 47 0
Net_id 70
pin_num 3
24 38 0
18 46 0
5 16 0
Net_id 71
pin_num 3
41 3 0
56 6 0
41 5 0
Net_id 72
pin_num 3
0 19 0
17 21 0
10 28 0
Net_id 73
pin_num 3
17 45 0
29 32 0
22 33 0
Net_id 74
pin_num 3
36 0 0
40 4 0
24 3 0
Net_id 75
pin_num 3
22 40 0
24 28 0
14 7 0
Net_id 76
pin_num 3
54 43 0
59 29 0
46 12 0
Net_id 77
pin_num 3
15 4 0
4 6 0
4 0 0
Net_id 78
pin_num 2
31 26 0
40 2 0
Net_id 79
pin_num 2
35 47 0
17 36 0
Net_id 80
pin_num 2
28 5 0
20 3 0
Net_id 81
pin_num 2
14 10 0
20 5 0
Net_id 82
pin_num 2
57 8 0
54 1 0
Net_id 83
pin_num 2
43 46 0
34 55 0
Net_id 84
pin_num 2
45 26 0
40 49 0
Net_id 85
pin_num 2
11 16 0
7 16 0
Net_id 86
pin_num 2
47 43 0
33 38 0
Net_id 87
pin_num 2
22 1 0
26 1 0
Net_id 88
pin_num 2
37 55 0
40 56 0
Net_id 89
pin_num 2
10 30 0
28 17 0
Net_id 90
pin_num 2
41 6 0
47 6 0
Net_id 91
pin_num 2
41 12 0
56 3 0
Net_id 92
pin_num 2
53 48 0
55 47 0
Net_id 93
pin_num 2
21 36 0
9 56 0
Net_id 94
pin_num 2
48 23 0
42 21 0
Net_id 95
pin_num 2
21 6 0
29 3 0
Net_id 96
pin_num 2
42 2 0
43 9 0
Net_id 97
pin_num 2
18 48 0
36 59 0
Net_id 98
pin_num 2
29 53 0
30 49 0
Net_id 99
pin_num 2
45 54 0
56 41 0
Net_id 100
pin_num 2
41 51 0
58 46 0
Net_id 101
pin_num 2
51 14 0
57 10 0
Net_id 102
pin_num 2
15 40 0
4 34 0
Net_id 103
pin_num 2
56 37 0
46 40 0
Net_id 104
pin_num 2
38 25 0
54 32 0
Net_id 105
pin_num 2
45 46 0
32 50 0
Net_id 106
pin_num 2
46 4 0
37 1 0
Net_id 107
pin_num 2
23 12 0
11 10 0
Net_id 108
pin_num 2
47 10 0
43 11 0
Net_id 109
pin_num 2
22 14 0
39 34 0
Net_id 110
pin_num 2
24 47 0
22 59 0
Net_id 111
pin_num 2
37 40 0
9 21 0
Net_id 112
pin_num 2
34 21 0
3 30 0
Net_id 113
pin_num 2
12 42 0
0 44 0
Net_id 114
pin_num 2
50 26 0
44 46 0
Net_id 115
pin_num 2
35 12 0
28 12 0
Net_id 116
pin_num 2
59 24 0
42 26 0
Net_id 117
pin_num 2
9 45 0
10 50 0
Net_id 118
pin_num 2
54 24 0
56 10 0
Net_id 119
pin_num 2
33 2 0
30 9 0
Net_id 120
pin_num 2
44 42 0
52 39 0
Net_id 121
pin_num 2
5 7 0
16 17 0
Net_id 122
pin_num 2
29 19 0
13 38 0
Net_id 123
pin_num 2
18 7 0
10 8 0
Net_id 124
pin_num 2
22 51 0
11 28 0
Net_id 125
pin_num 2
25 50 0
31 58 0
Net_id 126
pin_num 2
59 11 0
54 17 0
Net_id 127
pin_num 2
40 59 0
38 53 0
Net_id 128
pin_num 2
25 7 0
14 26 0
Net_id 129
pin_num 2
15 24 0
23 30 0
Net_id 130
pin_num 2
59 33 0
45 34 0
Net_id 131
pin_num 2
46 17 0
49 13 0
Net_id 132
pin_num 2
19 5 0
2 16 0
Net_id 133
pin_num 2
59 59 0
55 54 0
Net_id 134
pin_num 2
31 28 0
26 13 0
Net_id 135
pin_num 2
35 11 0
24 16 0
Net_id 136
pin_num 2
40 48 0
39 40 0
Net_id 137
pin_num 2
9 9 0
0 0 0
Net_id 138
pin_num 2
59 49 0
58 47 0
Net_id 139
pin_num 2
37 9 0
33 1 0
Net_id 140
pin_num 2
58 26 0
54 18 0
Net_id 141
pin_num 2
23 51 0
39 56 0
Net_id 142
pin_num 2
56 52 0
55 32 0
Net_id 143
pin_num 2
8 56 0
2 46 0
Net_id 144
pin_num 2
39 38 0
49 43 0
Net_id 145
pin_num 2
57 46 0
49 59 0
Net_id 146
pin_num 2
3 34 0
0 32 0
Net_id 147
pin_num 2
56 50 0
58 56 0
Net_id 148
pin_num 2
48 33 0
54 47 0
Net_id 149
pin_num 2
24 58 0
31 49 0
Net_id 150
pin_num 2
9 41 0
12 43 0
Net_id 151
pin_num 2
9 2 0
7 1 0
Net_id 152
pin_num 2
8 54 0
13 57 0
Net_id 153
pin_num 2
31 20 0
37 24 0
Net_id 154
pin_num 2
36 7 0
31 7 0
Net_id 155
pin_num 2
48 3 0
51 17 0
Net_id 156
pin_num 2
59 41 0
49 47 0
