Width 60
Height 60
Layer 6
Total_WL 6561
Obstacle_num 144
45 5 0 53 6 0
13 39 0 23 40 0
38 41 0 48 42 0
47 0 0 52 1 0
24 35 0 33 36 0
45 28 0 53 29 0
29 42 0 34 43 0
16 41 0 19 42 0
40 50 0 46 51 0
18 58 0 26 59 0
29 36 0 34 37 0
14 27 0 20 28 0
31 38 0 37 39 0
38 30 0 45 31 0
49 12 0 52 13 0
9 15 0 13 16 0
29 27 0 39 28 0
51 43 0 57 44 0
0 0 0 5 1 0
50 14 0 53 15 0
28 52 0 37 53 0
44 44 0 48 45 0
20 54 0 23 55 0
50 11 0 53 12 0
58 37 1 59 42 1
18 11 1 19 17 1
2 13 1 3 18 1
24 4 1 25 12 1
9 12 1 10 17 1
46 42 1 47 47 1
29 50 1 30 55 1
57 33 1 58 38 1
16 42 1 17 47 1
0 16 1 1 26 1
20 44 1 21 53 1
33 43 1 34 46 1
54 18 1 55 26 1
10 7 1 11 12 1
12 47 1 13 51 1
40 11 1 41 20 1
36 4 1 37 9 1
54 50 1 55 56 1
10 42 1 11 45 1
44 8 1 45 13 1
19 40 1 20 46 1
24 30 1 25 40 1
57 24 1 58 31 1
13 49 1 14 56 1
41 37 2 50 38 2
15 30 2 24 31 2
49 17 2 59 18 2
26 23 2 35 24 2
24 34 2 33 35 2
25 6 2 34 7 2
2 18 2 6 19 2
27 12 2 30 13 2
52 36 2 57 37 2
38 27 2 47 28 2
27 18 2 37 19 2
20 20 2 28 21 2
17 58 2 22 59 2
38 47 2 48 48 2
15 43 2 18 44 2
28 41 2 34 42 2
18 38 2 21 39 2
23 48 2 28 49 2
38 12 2 46 13 2
9 31 2 18 32 2
8 0 2 11 1 2
7 38 2 13 39 2
0 48 2 10 49 2
5 21 2 13 22 2
42 29 3 43 39 3
56 46 3 57 52 3
32 11 3 33 21 3
21 5 3 22 9 3
52 47 3 53 54 3
37 40 3 38 48 3
20 20 3 21 23 3
42 8 3 43 18 3
50 28 3 51 33 3
48 3 3 49 9 3
14 35 3 15 44 3
32 0 3 33 10 3
40 24 3 41 33 3
46 36 3 47 43 3
2 7 3 3 11 3
15 44 3 16 48 3
30 26 3 31 32 3
15 21 3 16 25 3
53 32 3 54 39 3
35 12 3 36 19 3
55 19 3 56 28 3
51 38 3 52 41 3
51 5 3 52 11 3
2 18 3 3 22 3
46 43 4 49 44 4
13 48 4 20 49 4
35 19 4 38 20 4
53 58 4 58 59 4
20 28 4 28 29 4
22 51 4 28 52 4
6 37 4 16 38 4
50 10 4 58 11 4
8 48 4 12 49 4
17 55 4 21 56 4
52 20 4 59 21 4
32 37 4 42 38 4
42 50 4 45 51 4
1 10 4 11 11 4
27 49 4 36 50 4
24 43 4 29 44 4
9 44 4 16 45 4
46 56 4 50 57 4
49 50 4 55 51 4
38 21 4 42 22 4
51 57 4 58 58 4
39 30 4 45 31 4
24 45 4 34 46 4
20 41 4 30 42 4
19 25 5 20 30 5
16 51 5 17 54 5
13 39 5 14 44 5
11 16 5 12 24 5
27 44 5 28 49 5
46 5 5 47 13 5
51 50 5 52 55 5
0 1 5 1 4 5
30 50 5 31 55 5
46 27 5 47 37 5
56 48 5 57 51 5
6 37 5 7 42 5
43 53 5 44 57 5
12 20 5 13 30 5
55 15 5 56 21 5
56 6 5 57 15 5
10 20 5 11 23 5
33 3 5 34 6 5
53 4 5 54 10 5
3 50 5 4 56 5
8 8 5 9 13 5
45 36 5 46 39 5
40 22 5 41 28 5
11 40 5 12 44 5
Net_num 158
Net_id 0
pin_num 5
44 34 0
35 34 0
39 21 0
42 19 0
41 11 0
Net_id 1
pin_num 5
50 38 0
51 34 0
50 49 0
46 36 0
34 40 0
Net_id 2
pin_num 5
18 29 0
14 19 0
37 26 0
15 22 0
21 9 0
Net_id 3
pin_num 5
49 21 0
57 14 0
32 20 0
32 37 0
35 0 0
Net_id 4
pin_num 5
25 7 0
23 13 0
38 7 0
39 12 0
33 28 0
Net_id 5
pin_num 5
25 30 0
25 25 0
38 26 0
27 34 0
25 46 0
Net_id 6
pin_num 5
53 18 0
49 18 0
46 0 0
59 16 0
45 7 0
Net_id 7
pin_num 5
5 53 0
1 55 0
0 36 0
11 42 0
5 59 0
Net_id 8
pin_num 5
17 33 0
6 38 0
9 11 0
38 33 0
13 44 0
Net_id 9
pin_num 5
36 23 0
38 9 0
38 1 0
23 11 0
27 18 0
Net_id 10
pin_num 5
51 50 0
43 46 0
36 47 0
59 56 0
53 50 0
Net_id 11
pin_num 5
41 3 0
42 1 0
36 3 0
45 1 0
34 2 0
Net_id 12
pin_num 5
16 32 0
10 22 0
0 15 0
16 22 0
11 13 0
Net_id 13
pin_num 5
7 49 0
8 42 0
14 44 0
27 48 0
6 59 0
Net_id 14
pin_num 5
13 8 0
17 21 0
31 21 0
1 14 0
15 1 0
Net_id 15
pin_num 5
8 18 0
0 26 0
4 11 0
24 16 0
13 11 0
Net_id 16
pin_num 5
53 8 0
56 9 0
49 4 0
49 19 0
39 7 0
Net_id 17
pin_num 5
18 24 0
5 23 0
11 32 0
17 44 0
1 43 0
Net_id 18
pin_num 5
48 17 0
42 16 0
59 25 0
48 29 0
41 1 0
Net_id 19
pin_num 5
50 37 0
46 24 0
59 36 0
51 27 0
54 45 0
Net_id 20
pin_num 5
2 48 0
11 52 0
6 45 0
7 54 0
5 43 0
Net_id 21
pin_num 4
32 48 0
45 48 0
23 59 0
28 42 0
Net_id 22
pin_num 4
51 57 0
42 59 0
43 49 0
45 45 0
Net_id 23
pin_num 4
48 24 0
58 22 0
59 39 0
55 16 0
Net_id 24
pin_num 4
16 13 0
25 0 0
17 4 0
11 1 0
Net_id 25
pin_num 4
12 58 0
18 51 0
18 28 0
33 29 0
Net_id 26
pin_num 4
48 52 0
34 57 0
46 59 0
41 51 0
Net_id 27
pin_num 4
7 28 0
4 37 0
6 35 0
13 28 0
Net_id 28
pin_num 4
12 20 0
7 25 0
4 22 0
8 29 0
Net_id 29
pin_num 4
3 14 0
17 10 0
8 0 0
6 0 0
Net_id 30
pin_num 4
22 47 0
31 47 0
26 30 0
49 43 0
Net_id 31
pin_num 4
58 19 0
44 22 0
58 21 0
59 40 0
Net_id 32
pin_num 4
12 51 0
17 56 0
5 57 0
33 51 0
Net_id 33
pin_num 4
2 39 0
11 39 0
23 39 0
12 52 0
Net_id 34
pin_num 4
39 55 0
32 40 0
42 51 0
41 43 0
Net_id 35
pin_num 4
57 52 0
53 54 0
37 53 0
25 53 0
Net_id 36
pin_num 4
56 46 0
49 50 0
47 59 0
47 40 0
Net_id 37
pin_num 4
26 5 0
37 5 0
30 13 0
24 8 0
Net_id 38
pin_num 4
23 0 0
13 9 0
42 4 0
30 2 0
Net_id 39
pin_num 4
57 20 0
46 18 0
53 9 0
18 22 0
Net_id 40
pin_num 3
56 38 0
55 31 0
58 59 0
Net_id 41
pin_num 3
9 13 0
14 18 0
22 18 0
Net_id 42
pin_num 3
27 25 0
53 25 0
58 42 0
Net_id 43
pin_num 3
20 2 0
31 20 0
26 25 0
Net_id 44
pin_num 3
6 40 0
1 46 0
24 44 0
Net_id 45
pin_num 3
38 3 0
52 1 0
35 1 0
Net_id 46
pin_num 3
17 23 0
7 24 0
3 38 0
Net_id 47
pin_num 3
4 52 0
7 41 0
8 41 0
Net_id 48
pin_num 3
49 39 0
37 28 0
33 2 0
Net_id 49
pin_num 3
15 21 0
10 18 0
27 46 0
Net_id 50
pin_num 3
19 55 0
27 58 0
21 59 0
Net_id 51
pin_num 3
56 58 0
48 49 0
56 56 0
Net_id 52
pin_num 3
8 12 0
16 12 0
1 7 0
Net_id 53
pin_num 3
48 6 0
53 4 0
52 3 0
Net_id 54
pin_num 3
28 23 0
34 37 0
27 0 0
Net_id 55
pin_num 3
20 5 0
21 1 0
27 1 0
Net_id 56
pin_num 3
55 7 0
49 3 0
39 5 0
Net_id 57
pin_num 3
37 42 0
34 54 0
22 56 0
Net_id 58
pin_num 3
57 29 0
56 26 0
55 55 0
Net_id 59
pin_num 3
16 1 0
30 15 0
9 7 0
Net_id 60
pin_num 3
18 30 0
24 49 0
22 49 0
Net_id 61
pin_num 3
52 40 0
58 40 0
54 59 0
Net_id 62
pin_num 3
19 28 0
22 24 0
30 45 0
Net_id 63
pin_num 3
18 2 0
11 3 0
26 10 0
Net_id 64
pin_num 3
47 14 0
49 22 0
40 5 0
Net_id 65
pin_num 3
44 49 0
51 45 0
25 49 0
Net_id 66
pin_num 3
34 32 0
39 49 0
53 59 0
Net_id 67
pin_num 3
13 42 0
23 45 0
12 59 0
Net_id 68
pin_num 3
2 27 0
9 16 0
4 32 0
Net_id 69
pin_num 3
25 56 0
7 45 0
9 9 0
Net_id 70
pin_num 3
8 58 0
1 58 0
5 41 0
Net_id 71
pin_num 3
29 34 0
14 17 0
7 0 0
Net_id 72
pin_num 3
32 56 0
51 46 0
59 44 0
Net_id 73
pin_num 3
5 50 0
1 56 0
11 56 0
Net_id 74
pin_num 3
39 50 0
29 44 0
32 30 0
Net_id 75
pin_num 3
55 33 0
39 42 0
57 32 0
Net_id 76
pin_num 3
31 28 0
28 22 0
19 15 0
Net_id 77
pin_num 3
22 9 0
30 6 0
28 9 0
Net_id 78
pin_num 3
40 20 0
52 9 0
37 14 0
Net_id 79
pin_num 3
22 3 0
12 3 0
19 14 0
Net_id 80
pin_num 3
18 35 0
21 37 0
20 29 0
Net_id 81
pin_num 2
29 9 0
34 13 0
Net_id 82
pin_num 2
40 32 0
54 11 0
Net_id 83
pin_num 2
21 22 0
9 3 0
Net_id 84
pin_num 2
17 25 0
23 42 0
Net_id 85
pin_num 2
53 45 0
44 35 0
Net_id 86
pin_num 2
44 13 0
58 24 0
Net_id 87
pin_num 2
38 32 0
35 22 0
Net_id 88
pin_num 2
14 13 0
2 22 0
Net_id 89
pin_num 2
18 44 0
30 32 0
Net_id 90
pin_num 2
35 21 0
23 19 0
Net_id 91
pin_num 2
36 37 0
31 46 0
Net_id 92
pin_num 2
23 1 0
23 5 0
Net_id 93
pin_num 2
22 29 0
21 31 0
Net_id 94
pin_num 2
13 16 0
28 1 0
Net_id 95
pin_num 2
53 28 0
51 32 0
Net_id 96
pin_num 2
49 6 0
54 16 0
Net_id 97
pin_num 2
58 35 0
48 35 0
Net_id 98
pin_num 2
52 26 0
52 39 0
Net_id 99
pin_num 2
11 54 0
9 47 0
Net_id 100
pin_num 2
53 57 0
58 57 0
Net_id 101
pin_num 2
45 23 0
31 39 0
Net_id 102
pin_num 2
9 58 0
20 42 0
Net_id 103
pin_num 2
52 7 0
54 5 0
Net_id 104
pin_num 2
35 54 0
38 52 0
Net_id 105
pin_num 2
6 4 0
1 13 0
Net_id 106
pin_num 2
39 6 0
54 2 0
Net_id 107
pin_num 2
2 20 0
10 29 0
Net_id 108
pin_num 2
28 40 0
50 59 0
Net_id 109
pin_num 2
31 45 0
43 45 0
Net_id 110
pin_num 2
4 33 0
9 44 0
Net_id 111
pin_num 2
8 35 0
18 32 0
Net_id 112
pin_num 2
45 58 0
29 55 0
Net_id 113
pin_num 2
9 56 0
2 55 0
Net_id 114
pin_num 2
2 45 0
9 37 0
Net_id 115
pin_num 2
25 37 0
42 18 0
Net_id 116
pin_num 2
5 56 0
9 45 0
Net_id 117
pin_num 2
30 58 0
16 54 0
Net_id 118
pin_num 2
9 41 0
35 49 0
Net_id 119
pin_num 2
23 17 0
7 2 0
Net_id 120
pin_num 2
55 27 0
46 11 0
Net_id 121
pin_num 2
17 45 0
23 25 0
Net_id 122
pin_num 2
39 52 0
44 45 0
Net_id 123
pin_num 2
8 54 0
3 57 0
Net_id 124
pin_num 2
15 6 0
36 17 0
Net_id 125
pin_num 2
0 47 0
8 34 0
Net_id 126
pin_num 2
59 14 0
52 12 0
Net_id 127
pin_num 2
16 38 0
34 36 0
Net_id 128
pin_num 2
45 36 0
22 19 0
Net_id 129
pin_num 2
6 15 0
8 2 0
Net_id 130
pin_num 2
29 18 0
25 23 0
Net_id 131
pin_num 2
6 1 0
25 24 0
Net_id 132
pin_num 2
35 23 0
30 24 0
Net_id 133
pin_num 2
39 44 0
26 55 0
Net_id 134
pin_num 2
13 36 0
7 32 0
Net_id 135
pin_num 2
13 22 0
23 15 0
Net_id 136
pin_num 2
51 52 0
56 24 0
Net_id 137
pin_num 2
58 16 0
46 6 0
Net_id 138
pin_num 2
53 39 0
53 41 0
Net_id 139
pin_num 2
15 4 0
7 5 0
Net_id 140
pin_num 2
41 27 0
46 27 0
Net_id 141
pin_num 2
50 34 0
34 29 0
Net_id 142
pin_num 2
0 1 0
23 18 0
Net_id 143
pin_num 2
23 3 0
35 13 0
Net_id 144
pin_num 2
10 11 0
25 5 0
Net_id 145
pin_num 2
41 35 0
46 3 0
Net_id 146
pin_num 2
19 7 0
9 1 0
Net_id 147
pin_num 2
36 19 0
15 17 0
Net_id 148
pin_num 2
33 59 0
46 51 0
Net_id 149
pin_num 2
42 33 0
36 35 0
Net_id 150
pin_num 2
31 15 0
36 20 0
Net_id 151
pin_num 2
7 59 0
27 44 0
Net_id 152
pin_num 2
13 34 0
36 24 0
Net_id 153
pin_num 2
3 43 0
11 53 0
Net_id 154
pin_num 2
43 29 0
47 29 0
Net_id 155
pin_num 2
27 28 0
4 25 0
Net_id 156
pin_num 2
22 52 0
5 35 0
Net_id 157
pin_num 2
43 31 0
34 31 0
