Width 60
Height 60
Layer 6
Total_WL 6867
Obstacle_num 144
3 28 0 7 29 0
9 3 0 16 4 0
40 13 0 44 14 0
4 39 0 9 40 0
48 35 0 58 36 0
16 47 0 24 48 0
50 47 0 58 48 0
20 54 0 28 55 0
5 10 0 11 11 0
36 21 0 42 22 0
20 10 0 29 11 0
7 0 0 12 1 0
17 52 0 23 53 0
44 27 0 48 28 0
32 8 0 35 9 0
27 52 0 36 53 0
26 28 0 30 29 0
32 15 0 36 16 0
53 9 0 59 10 0
10 20 0 16 21 0
54 17 0 59 18 0
20 48 0 28 49 0
37 54 0 46 55 0
46 38 0 49 39 0
42 35 1 43 44 1
12 38 1 13 44 1
9 39 1 10 45 1
28 5 1 29 10 1
57 14 1 58 23 1
37 19 1 38 22 1
8 54 1 9 59 1
50 8 1 51 12 1
22 16 1 23 26 1
5 36 1 6 44 1
22 35 1 23 40 1
0 2 1 1 7 1
2 13 1 3 17 1
31 25 1 32 29 1
45 50 1 46 58 1
35 38 1 36 46 1
1 36 1 2 43 1
40 29 1 41 32 1
54 35 1 55 39 1
6 34 1 7 43 1
34 12 1 35 17 1
26 10 1 27 17 1
54 43 1 55 49 1
49 0 1 50 8 1
29 47 2 33 48 2
13 20 2 18 21 2
6 16 2 10 17 2
39 36 2 48 37 2
48 30 2 51 31 2
33 34 2 42 35 2
2 15 2 5 16 2
1 46 2 9 47 2
6 38 2 12 39 2
34 48 2 44 49 2
16 24 2 20 25 2
48 42 2 57 43 2
5 33 2 9 34 2
7 47 2 11 48 2
23 37 2 29 38 2
13 47 2 23 48 2
10 55 2 18 56 2
10 54 2 13 55 2
55 35 2 59 36 2
35 14 2 40 15 2
12 8 2 16 9 2
37 20 2 41 21 2
24 46 2 28 47 2
51 10 2 59 11 2
52 20 3 53 26 3
25 26 3 26 30 3
10 33 3 11 41 3
41 43 3 42 50 3
52 41 3 53 44 3
37 20 3 38 28 3
2 49 3 3 59 3
24 39 3 25 48 3
29 49 3 30 56 3
42 18 3 43 27 3
39 56 3 40 59 3
15 32 3 16 41 3
55 20 3 56 29 3
16 53 3 17 56 3
9 42 3 10 46 3
0 45 3 1 52 3
7 33 3 8 41 3
24 48 3 25 54 3
35 0 3 36 8 3
31 51 3 32 56 3
10 28 3 11 33 3
8 52 3 9 57 3
1 32 3 2 41 3
51 3 3 52 9 3
26 0 4 34 1 4
39 44 4 45 45 4
47 50 4 54 51 4
8 48 4 18 49 4
42 20 4 50 21 4
2 17 4 11 18 4
26 56 4 36 57 4
22 2 4 32 3 4
47 3 4 50 4 4
38 6 4 48 7 4
7 6 4 13 7 4
54 36 4 57 37 4
27 38 4 34 39 4
8 32 4 12 33 4
33 4 4 43 5 4
21 6 4 31 7 4
16 57 4 21 58 4
30 48 4 35 49 4
28 49 4 33 50 4
2 54 4 5 55 4
19 1 4 26 2 4
15 25 4 21 26 4
32 52 4 36 53 4
18 16 4 28 17 4
1 26 5 2 32 5
3 14 5 4 22 5
20 0 5 21 9 5
12 8 5 13 12 5
41 18 5 42 25 5
2 21 5 3 24 5
14 26 5 15 30 5
44 14 5 45 22 5
47 39 5 48 47 5
26 8 5 27 18 5
16 16 5 17 23 5
41 47 5 42 55 5
36 48 5 37 58 5
44 23 5 45 30 5
27 25 5 28 35 5
6 51 5 7 56 5
36 7 5 37 11 5
20 43 5 21 52 5
13 30 5 14 37 5
19 7 5 20 17 5
38 35 5 39 44 5
8 33 5 9 40 5
17 29 5 18 35 5
37 1 5 38 5 5
Net_num 158
Net_id 0
pin_num 5
35 2 0
28 15 0
14 0 0
38 1 0
27 0 0
Net_id 1
pin_num 5
32 12 0
49 8 0
17 12 0
36 0 0
45 5 0
Net_id 2
pin_num 5
29 45 0
19 38 0
21 33 0
21 57 0
19 43 0
Net_id 3
pin_num 5
19 51 0
28 57 0
18 59 0
16 52 0
19 46 0
Net_id 4
pin_num 5
48 49 0
50 59 0
55 50 0
57 58 0
53 54 0
Net_id 5
pin_num 5
33 29 0
27 29 0
53 29 0
28 18 0
38 34 0
Net_id 6
pin_num 5
15 31 0
5 44 0
17 43 0
24 37 0
0 58 0
Net_id 7
pin_num 5
4 8 0
7 7 0
1 23 0
14 11 0
0 0 0
Net_id 8
pin_num 5
57 16 0
51 30 0
59 30 0
45 19 0
54 26 0
Net_id 9
pin_num 5
26 36 0
21 35 0
7 34 0
10 43 0
20 55 0
Net_id 10
pin_num 5
29 7 0
48 10 0
48 33 0
56 7 0
36 18 0
Net_id 11
pin_num 5
30 10 0
36 3 0
21 9 0
47 5 0
27 7 0
Net_id 12
pin_num 5
46 20 0
35 26 0
39 44 0
39 9 0
49 37 0
Net_id 13
pin_num 5
58 21 0
59 3 0
50 4 0
50 20 0
56 2 0
Net_id 14
pin_num 5
32 54 0
26 53 0
33 59 0
29 49 0
33 35 0
Net_id 15
pin_num 5
12 43 0
16 42 0
16 31 0
21 42 0
43 42 0
Net_id 16
pin_num 5
14 26 0
6 26 0
20 26 0
18 3 0
34 20 0
Net_id 17
pin_num 5
39 20 0
45 25 0
57 25 0
56 48 0
59 46 0
Net_id 18
pin_num 5
49 40 0
41 44 0
58 43 0
42 59 0
59 43 0
Net_id 19
pin_num 5
16 59 0
18 51 0
31 58 0
24 56 0
29 59 0
Net_id 20
pin_num 4
7 23 0
13 19 0
10 6 0
33 22 0
Net_id 21
pin_num 4
58 11 0
57 23 0
58 35 0
49 22 0
Net_id 22
pin_num 4
58 30 0
51 21 0
47 22 0
56 12 0
Net_id 23
pin_num 4
18 45 0
28 45 0
27 50 0
23 55 0
Net_id 24
pin_num 4
0 16 0
5 20 0
3 31 0
4 36 0
Net_id 25
pin_num 4
36 13 0
29 11 0
29 25 0
37 0 0
Net_id 26
pin_num 4
52 49 0
44 41 0
46 59 0
37 47 0
Net_id 27
pin_num 4
3 32 0
0 27 0
0 56 0
3 55 0
Net_id 28
pin_num 4
50 55 0
54 41 0
58 52 0
51 57 0
Net_id 29
pin_num 4
36 53 0
40 51 0
59 51 0
51 45 0
Net_id 30
pin_num 4
56 26 0
58 44 0
44 19 0
55 53 0
Net_id 31
pin_num 4
30 24 0
36 24 0
33 34 0
44 29 0
Net_id 32
pin_num 4
25 11 0
38 0 0
57 7 0
15 16 0
Net_id 33
pin_num 4
4 46 0
13 51 0
24 44 0
1 46 0
Net_id 34
pin_num 4
18 29 0
8 24 0
0 35 0
11 14 0
Net_id 35
pin_num 4
3 34 0
5 27 0
1 44 0
4 14 0
Net_id 36
pin_num 4
24 34 0
18 20 0
18 9 0
43 26 0
Net_id 37
pin_num 4
42 16 0
46 4 0
31 15 0
33 1 0
Net_id 38
pin_num 4
46 6 0
51 0 0
45 0 0
59 11 0
Net_id 39
pin_num 4
52 6 0
52 15 0
51 9 0
58 36 0
Net_id 40
pin_num 3
29 2 0
8 3 0
6 14 0
Net_id 41
pin_num 3
59 1 0
53 26 0
40 1 0
Net_id 42
pin_num 3
26 22 0
40 14 0
35 49 0
Net_id 43
pin_num 3
14 23 0
36 23 0
47 17 0
Net_id 44
pin_num 3
57 49 0
52 46 0
42 53 0
Net_id 45
pin_num 3
38 53 0
47 48 0
34 48 0
Net_id 46
pin_num 3
38 12 0
47 21 0
50 17 0
Net_id 47
pin_num 3
31 11 0
36 15 0
53 12 0
Net_id 48
pin_num 3
1 52 0
5 50 0
11 27 0
Net_id 49
pin_num 3
36 5 0
38 9 0
44 6 0
Net_id 50
pin_num 3
13 7 0
25 7 0
27 19 0
Net_id 51
pin_num 3
17 0 0
12 12 0
0 1 0
Net_id 52
pin_num 3
34 32 0
41 35 0
25 14 0
Net_id 53
pin_num 3
37 23 0
45 20 0
51 12 0
Net_id 54
pin_num 3
25 38 0
22 15 0
47 34 0
Net_id 55
pin_num 3
54 14 0
50 2 0
35 8 0
Net_id 56
pin_num 3
5 5 0
5 4 0
2 42 0
Net_id 57
pin_num 3
19 2 0
25 19 0
21 13 0
Net_id 58
pin_num 3
59 55 0
42 58 0
55 56 0
Net_id 59
pin_num 3
2 38 0
8 42 0
18 32 0
Net_id 60
pin_num 3
6 30 0
14 19 0
11 40 0
Net_id 61
pin_num 3
59 15 0
48 34 0
54 16 0
Net_id 62
pin_num 3
13 11 0
0 22 0
3 2 0
Net_id 63
pin_num 3
43 45 0
55 54 0
45 32 0
Net_id 64
pin_num 3
48 36 0
56 28 0
59 28 0
Net_id 65
pin_num 3
26 14 0
44 5 0
53 2 0
Net_id 66
pin_num 3
39 0 0
41 11 0
53 27 0
Net_id 67
pin_num 3
12 39 0
6 31 0
1 47 0
Net_id 68
pin_num 3
10 9 0
13 14 0
1 14 0
Net_id 69
pin_num 3
59 41 0
53 31 0
59 42 0
Net_id 70
pin_num 3
33 3 0
13 0 0
19 18 0
Net_id 71
pin_num 3
21 20 0
12 44 0
27 36 0
Net_id 72
pin_num 3
34 36 0
40 39 0
28 39 0
Net_id 73
pin_num 3
41 8 0
53 13 0
49 31 0
Net_id 74
pin_num 3
33 44 0
28 42 0
39 59 0
Net_id 75
pin_num 3
36 2 0
46 3 0
24 13 0
Net_id 76
pin_num 3
30 56 0
18 50 0
17 59 0
Net_id 77
pin_num 3
4 48 0
23 41 0
15 30 0
Net_id 78
pin_num 3
22 33 0
32 28 0
26 7 0
Net_id 79
pin_num 3
12 16 0
11 21 0
8 7 0
Net_id 80
pin_num 3
49 14 0
58 42 0
26 29 0
Net_id 81
pin_num 2
24 49 0
17 35 0
Net_id 82
pin_num 2
48 39 0
57 5 0
Net_id 83
pin_num 2
55 4 0
57 11 0
Net_id 84
pin_num 2
0 10 0
12 1 0
Net_id 85
pin_num 2
45 53 0
43 56 0
Net_id 86
pin_num 2
58 14 0
45 23 0
Net_id 87
pin_num 2
14 54 0
13 59 0
Net_id 88
pin_num 2
12 59 0
2 26 0
Net_id 89
pin_num 2
41 43 0
51 23 0
Net_id 90
pin_num 2
14 17 0
9 18 0
Net_id 91
pin_num 2
14 30 0
17 38 0
Net_id 92
pin_num 2
42 36 0
32 50 0
Net_id 93
pin_num 2
22 43 0
1 51 0
Net_id 94
pin_num 2
5 23 0
2 1 0
Net_id 95
pin_num 2
12 40 0
19 42 0
Net_id 96
pin_num 2
37 13 0
50 23 0
Net_id 97
pin_num 2
30 35 0
13 33 0
Net_id 98
pin_num 2
40 28 0
54 39 0
Net_id 99
pin_num 2
17 3 0
5 12 0
Net_id 100
pin_num 2
13 36 0
25 41 0
Net_id 101
pin_num 2
52 23 0
53 8 0
Net_id 102
pin_num 2
18 5 0
37 16 0
Net_id 103
pin_num 2
16 1 0
13 2 0
Net_id 104
pin_num 2
37 28 0
31 40 0
Net_id 105
pin_num 2
6 8 0
11 8 0
Net_id 106
pin_num 2
3 14 0
7 5 0
Net_id 107
pin_num 2
51 4 0
55 32 0
Net_id 108
pin_num 2
27 47 0
23 49 0
Net_id 109
pin_num 2
53 38 0
44 39 0
Net_id 110
pin_num 2
30 45 0
42 44 0
Net_id 111
pin_num 2
33 55 0
44 55 0
Net_id 112
pin_num 2
32 55 0
22 50 0
Net_id 113
pin_num 2
55 29 0
51 37 0
Net_id 114
pin_num 2
8 57 0
22 55 0
Net_id 115
pin_num 2
9 19 0
6 20 0
Net_id 116
pin_num 2
59 44 0
51 56 0
Net_id 117
pin_num 2
52 17 0
51 18 0
Net_id 118
pin_num 2
28 24 0
17 24 0
Net_id 119
pin_num 2
49 55 0
39 52 0
Net_id 120
pin_num 2
1 19 0
46 2 0
Net_id 121
pin_num 2
49 54 0
45 58 0
Net_id 122
pin_num 2
41 14 0
51 8 0
Net_id 123
pin_num 2
32 2 0
16 3 0
Net_id 124
pin_num 2
36 50 0
54 55 0
Net_id 125
pin_num 2
53 56 0
48 57 0
Net_id 126
pin_num 2
11 42 0
23 57 0
Net_id 127
pin_num 2
59 39 0
51 44 0
Net_id 128
pin_num 2
1 37 0
5 21 0
Net_id 129
pin_num 2
55 55 0
59 48 0
Net_id 130
pin_num 2
8 58 0
16 58 0
Net_id 131
pin_num 2
13 41 0
18 41 0
Net_id 132
pin_num 2
11 5 0
21 19 0
Net_id 133
pin_num 2
18 0 0
23 14 0
Net_id 134
pin_num 2
20 39 0
40 58 0
Net_id 135
pin_num 2
17 16 0
24 25 0
Net_id 136
pin_num 2
52 5 0
32 25 0
Net_id 137
pin_num 2
6 50 0
17 58 0
Net_id 138
pin_num 2
6 35 0
2 47 0
Net_id 139
pin_num 2
57 52 0
45 31 0
Net_id 140
pin_num 2
48 25 0
42 46 0
Net_id 141
pin_num 2
17 54 0
6 57 0
Net_id 142
pin_num 2
44 11 0
21 27 0
Net_id 143
pin_num 2
12 51 0
7 58 0
Net_id 144
pin_num 2
55 13 0
57 8 0
Net_id 145
pin_num 2
53 3 0
47 2 0
Net_id 146
pin_num 2
3 9 0
18 27 0
Net_id 147
pin_num 2
26 37 0
36 37 0
Net_id 148
pin_num 2
19 8 0
20 18 0
Net_id 149
pin_num 2
36 58 0
26 50 0
Net_id 150
pin_num 2
7 49 0
14 53 0
Net_id 151
pin_num 2
15 38 0
0 25 0
Net_id 152
pin_num 2
28 5 0
42 21 0
Net_id 153
pin_num 2
1 48 0
3 56 0
Net_id 154
pin_num 2
26 46 0
40 42 0
Net_id 155
pin_num 2
16 26 0
7 28 0
Net_id 156
pin_num 2
37 12 0
40 6 0
Net_id 157
pin_num 2
11 10 0
20 6 0
