Width 60
Height 60
Layer 6
Total_WL 6330
Obstacle_num 144
54 36 0 58 37 0
33 34 0 41 35 0
14 58 0 24 59 0
43 4 0 50 5 0
1 53 0 6 54 0
27 18 0 37 19 0
10 14 0 20 15 0
15 9 0 20 10 0
3 47 0 10 48 0
44 25 0 47 26 0
9 1 0 15 2 0
44 33 0 51 34 0
19 37 0 26 38 0
36 51 0 40 52 0
51 46 0 57 47 0
13 2 0 23 3 0
7 57 0 16 58 0
20 56 0 24 57 0
35 40 0 38 41 0
31 22 0 41 23 0
10 27 0 15 28 0
10 21 0 19 22 0
24 50 0 29 51 0
1 40 0 6 41 0
48 12 1 49 15 1
42 7 1 43 10 1
24 1 1 25 5 1
44 52 1 45 56 1
54 1 1 55 7 1
52 30 1 53 40 1
9 31 1 10 37 1
46 15 1 47 25 1
34 4 1 35 13 1
50 39 1 51 47 1
9 13 1 10 18 1
44 11 1 45 21 1
29 3 1 30 10 1
12 19 1 13 22 1
58 30 1 59 39 1
53 26 1 54 31 1
36 23 1 37 32 1
26 24 1 27 33 1
47 9 1 48 16 1
3 26 1 4 32 1
1 16 1 2 25 1
29 16 1 30 22 1
19 28 1 20 32 1
5 10 1 6 20 1
10 25 2 15 26 2
19 36 2 29 37 2
13 17 2 20 18 2
7 18 2 12 19 2
3 46 2 10 47 2
5 14 2 11 15 2
20 42 2 26 43 2
47 6 2 51 7 2
55 15 2 58 16 2
32 51 2 41 52 2
41 18 2 45 19 2
6 33 2 9 34 2
11 19 2 20 20 2
44 5 2 54 6 2
13 20 2 16 21 2
45 49 2 52 50 2
46 28 2 53 29 2
5 27 2 9 28 2
45 38 2 55 39 2
42 9 2 51 10 2
27 49 2 35 50 2
4 28 2 13 29 2
11 24 2 15 25 2
41 22 2 47 23 2
0 20 3 1 27 3
24 13 3 25 17 3
29 17 3 30 22 3
40 6 3 41 14 3
10 0 3 11 7 3
53 46 3 54 55 3
28 34 3 29 41 3
31 51 3 32 58 3
11 15 3 12 24 3
12 41 3 13 51 3
49 8 3 50 16 3
10 51 3 11 58 3
37 10 3 38 16 3
17 25 3 18 29 3
15 25 3 16 28 3
38 53 3 39 58 3
54 13 3 55 20 3
25 36 3 26 45 3
2 5 3 3 12 3
20 19 3 21 27 3
13 22 3 14 31 3
14 30 3 15 34 3
8 40 3 9 50 3
2 40 3 3 49 3
7 33 4 13 34 4
47 54 4 50 55 4
13 55 4 20 56 4
55 32 4 58 33 4
36 48 4 42 49 4
16 34 4 21 35 4
34 52 4 38 53 4
51 42 4 54 43 4
6 48 4 14 49 4
16 24 4 26 25 4
31 46 4 38 47 4
26 3 4 30 4 4
17 26 4 23 27 4
14 18 4 23 19 4
42 32 4 48 33 4
6 18 4 12 19 4
37 38 4 41 39 4
16 44 4 26 45 4
3 16 4 12 17 4
31 32 4 40 33 4
32 17 4 42 18 4
32 58 4 42 59 4
5 19 4 13 20 4
22 16 4 27 17 4
21 6 5 22 12 5
27 33 5 28 42 5
20 20 5 21 29 5
29 10 5 30 16 5
47 44 5 48 48 5
21 21 5 22 26 5
9 42 5 10 47 5
53 31 5 54 39 5
5 24 5 6 30 5
3 8 5 4 11 5
17 24 5 18 34 5
19 38 5 20 48 5
23 8 5 24 15 5
37 17 5 38 22 5
57 20 5 58 27 5
13 29 5 14 32 5
25 5 5 26 8 5
42 37 5 43 42 5
35 9 5 36 13 5
13 24 5 14 29 5
45 9 5 46 13 5
50 15 5 51 22 5
53 23 5 54 27 5
14 6 5 15 12 5
Net_num 155
Net_id 0
pin_num 5
50 47 0
31 46 0
41 59 0
34 56 0
33 52 0
Net_id 1
pin_num 5
0 19 0
0 25 0
3 24 0
15 24 0
3 1 0
Net_id 2
pin_num 5
56 25 0
47 27 0
51 6 0
58 7 0
30 22 0
Net_id 3
pin_num 5
56 26 0
59 29 0
37 29 0
53 29 0
53 23 0
Net_id 4
pin_num 5
3 31 0
8 31 0
16 31 0
8 22 0
4 21 0
Net_id 5
pin_num 5
24 49 0
12 56 0
18 48 0
1 59 0
16 48 0
Net_id 6
pin_num 5
34 15 0
36 20 0
35 19 0
32 20 0
20 19 0
Net_id 7
pin_num 5
30 33 0
24 35 0
8 33 0
12 32 0
6 45 0
Net_id 8
pin_num 5
42 15 0
37 17 0
59 12 0
50 22 0
50 38 0
Net_id 9
pin_num 5
52 0 0
49 16 0
49 36 0
59 21 0
33 4 0
Net_id 10
pin_num 5
55 19 0
48 23 0
30 23 0
51 4 0
59 5 0
Net_id 11
pin_num 5
3 15 0
19 18 0
30 17 0
22 0 0
12 4 0
Net_id 12
pin_num 5
16 42 0
13 42 0
13 22 0
23 47 0
19 34 0
Net_id 13
pin_num 5
21 40 0
12 41 0
16 47 0
26 45 0
7 56 0
Net_id 14
pin_num 5
34 21 0
31 31 0
28 28 0
32 1 0
29 31 0
Net_id 15
pin_num 5
30 59 0
32 48 0
40 47 0
54 50 0
59 59 0
Net_id 16
pin_num 5
58 6 0
46 1 0
47 16 0
54 9 0
59 4 0
Net_id 17
pin_num 5
30 7 0
28 3 0
36 0 0
17 7 0
14 5 0
Net_id 18
pin_num 4
42 34 0
18 37 0
29 52 0
0 36 0
Net_id 19
pin_num 4
51 39 0
58 39 0
55 47 0
43 42 0
Net_id 20
pin_num 4
26 24 0
27 14 0
45 20 0
37 0 0
Net_id 21
pin_num 4
22 19 0
37 18 0
16 18 0
23 40 0
Net_id 22
pin_num 4
46 55 0
37 57 0
43 43 0
28 55 0
Net_id 23
pin_num 4
25 14 0
19 20 0
45 17 0
37 23 0
Net_id 24
pin_num 4
28 47 0
24 58 0
9 52 0
22 36 0
Net_id 25
pin_num 4
30 10 0
22 21 0
30 5 0
13 16 0
Net_id 26
pin_num 4
17 25 0
28 25 0
22 20 0
31 20 0
Net_id 27
pin_num 4
49 26 0
54 30 0
59 32 0
35 29 0
Net_id 28
pin_num 4
9 44 0
3 48 0
17 41 0
5 46 0
Net_id 29
pin_num 4
19 24 0
24 26 0
9 25 0
15 32 0
Net_id 30
pin_num 4
30 1 0
28 9 0
6 8 0
24 0 0
Net_id 31
pin_num 4
20 48 0
17 54 0
25 42 0
4 54 0
Net_id 32
pin_num 4
53 34 0
54 38 0
55 27 0
57 38 0
Net_id 33
pin_num 4
16 54 0
14 48 0
4 46 0
8 43 0
Net_id 34
pin_num 4
15 27 0
18 6 0
31 27 0
27 30 0
Net_id 35
pin_num 4
17 57 0
20 55 0
13 58 0
25 49 0
Net_id 36
pin_num 4
40 31 0
38 40 0
48 24 0
44 30 0
Net_id 37
pin_num 4
11 26 0
4 30 0
24 28 0
9 32 0
Net_id 38
pin_num 3
56 47 0
56 37 0
59 24 0
Net_id 39
pin_num 3
40 16 0
31 17 0
33 35 0
Net_id 40
pin_num 3
27 31 0
32 26 0
37 24 0
Net_id 41
pin_num 3
17 19 0
5 9 0
26 12 0
Net_id 42
pin_num 3
20 28 0
30 26 0
4 28 0
Net_id 43
pin_num 3
39 17 0
45 31 0
39 50 0
Net_id 44
pin_num 3
47 35 0
59 34 0
54 40 0
Net_id 45
pin_num 3
19 12 0
13 12 0
36 13 0
Net_id 46
pin_num 3
10 6 0
2 1 0
20 13 0
Net_id 47
pin_num 3
42 48 0
45 46 0
39 46 0
Net_id 48
pin_num 3
1 16 0
12 23 0
12 34 0
Net_id 49
pin_num 3
15 3 0
0 7 0
15 10 0
Net_id 50
pin_num 3
12 46 0
1 36 0
11 41 0
Net_id 51
pin_num 3
31 48 0
11 56 0
59 55 0
Net_id 52
pin_num 3
50 20 0
35 25 0
32 29 0
Net_id 53
pin_num 3
5 26 0
8 30 0
15 39 0
Net_id 54
pin_num 3
9 35 0
2 38 0
11 13 0
Net_id 55
pin_num 3
22 43 0
0 49 0
0 18 0
Net_id 56
pin_num 3
44 13 0
27 1 0
30 30 0
Net_id 57
pin_num 3
9 9 0
14 4 0
23 4 0
Net_id 58
pin_num 3
27 6 0
36 6 0
31 14 0
Net_id 59
pin_num 3
54 17 0
58 23 0
58 40 0
Net_id 60
pin_num 3
2 12 0
0 8 0
14 15 0
Net_id 61
pin_num 3
18 30 0
41 16 0
28 16 0
Net_id 62
pin_num 3
58 34 0
56 24 0
57 14 0
Net_id 63
pin_num 3
22 38 0
41 30 0
11 29 0
Net_id 64
pin_num 3
43 26 0
49 21 0
30 21 0
Net_id 65
pin_num 3
9 55 0
1 56 0
4 59 0
Net_id 66
pin_num 3
44 40 0
28 46 0
43 12 0
Net_id 67
pin_num 3
29 4 0
23 13 0
35 2 0
Net_id 68
pin_num 3
52 51 0
59 35 0
41 51 0
Net_id 69
pin_num 3
27 23 0
15 11 0
0 2 0
Net_id 70
pin_num 3
4 58 0
12 53 0
13 59 0
Net_id 71
pin_num 3
47 11 0
54 0 0
58 22 0
Net_id 72
pin_num 3
6 21 0
0 5 0
33 12 0
Net_id 73
pin_num 3
0 23 0
6 9 0
4 8 0
Net_id 74
pin_num 3
23 9 0
37 6 0
30 12 0
Net_id 75
pin_num 3
5 34 0
5 41 0
32 37 0
Net_id 76
pin_num 3
5 52 0
2 49 0
25 58 0
Net_id 77
pin_num 2
0 30 0
2 34 0
Net_id 78
pin_num 2
43 20 0
37 33 0
Net_id 79
pin_num 2
23 10 0
16 13 0
Net_id 80
pin_num 2
25 31 0
2 22 0
Net_id 81
pin_num 2
33 39 0
37 39 0
Net_id 82
pin_num 2
34 55 0
40 27 0
Net_id 83
pin_num 2
58 10 0
46 10 0
Net_id 84
pin_num 2
32 52 0
20 43 0
Net_id 85
pin_num 2
51 55 0
38 33 0
Net_id 86
pin_num 2
41 21 0
40 10 0
Net_id 87
pin_num 2
53 56 0
47 43 0
Net_id 88
pin_num 2
34 52 0
37 50 0
Net_id 89
pin_num 2
38 39 0
48 39 0
Net_id 90
pin_num 2
11 50 0
2 35 0
Net_id 91
pin_num 2
53 54 0
42 49 0
Net_id 92
pin_num 2
46 3 0
16 1 0
Net_id 93
pin_num 2
39 45 0
54 49 0
Net_id 94
pin_num 2
57 12 0
55 4 0
Net_id 95
pin_num 2
48 2 0
44 3 0
Net_id 96
pin_num 2
14 13 0
5 1 0
Net_id 97
pin_num 2
45 10 0
41 12 0
Net_id 98
pin_num 2
18 1 0
27 9 0
Net_id 99
pin_num 2
9 8 0
20 14 0
Net_id 100
pin_num 2
9 13 0
4 19 0
Net_id 101
pin_num 2
21 36 0
14 23 0
Net_id 102
pin_num 2
19 11 0
10 2 0
Net_id 103
pin_num 2
46 35 0
42 35 0
Net_id 104
pin_num 2
57 51 0
44 38 0
Net_id 105
pin_num 2
53 7 0
31 5 0
Net_id 106
pin_num 2
32 2 0
21 21 0
Net_id 107
pin_num 2
18 43 0
14 55 0
Net_id 108
pin_num 2
25 56 0
37 58 0
Net_id 109
pin_num 2
37 27 0
48 43 0
Net_id 110
pin_num 2
44 41 0
52 40 0
Net_id 111
pin_num 2
11 2 0
7 2 0
Net_id 112
pin_num 2
2 17 0
17 13 0
Net_id 113
pin_num 2
52 59 0
38 42 0
Net_id 114
pin_num 2
26 34 0
32 31 0
Net_id 115
pin_num 2
0 4 0
4 1 0
Net_id 116
pin_num 2
41 24 0
4 3 0
Net_id 117
pin_num 2
52 33 0
57 46 0
Net_id 118
pin_num 2
54 25 0
52 27 0
Net_id 119
pin_num 2
2 20 0
8 27 0
Net_id 120
pin_num 2
5 31 0
5 56 0
Net_id 121
pin_num 2
20 26 0
19 15 0
Net_id 122
pin_num 2
11 10 0
11 6 0
Net_id 123
pin_num 2
33 57 0
45 37 0
Net_id 124
pin_num 2
53 28 0
41 14 0
Net_id 125
pin_num 2
18 39 0
9 19 0
Net_id 126
pin_num 2
38 26 0
45 23 0
Net_id 127
pin_num 2
25 0 0
27 13 0
Net_id 128
pin_num 2
10 3 0
2 21 0
Net_id 129
pin_num 2
41 57 0
37 53 0
Net_id 130
pin_num 2
44 16 0
49 2 0
Net_id 131
pin_num 2
10 51 0
5 49 0
Net_id 132
pin_num 2
23 35 0
19 26 0
Net_id 133
pin_num 2
48 16 0
55 8 0
Net_id 134
pin_num 2
17 45 0
4 18 0
Net_id 135
pin_num 2
48 53 0
46 59 0
Net_id 136
pin_num 2
36 45 0
46 48 0
Net_id 137
pin_num 2
29 29 0
3 42 0
Net_id 138
pin_num 2
1 10 0
7 10 0
Net_id 139
pin_num 2
16 52 0
36 49 0
Net_id 140
pin_num 2
44 22 0
50 8 0
Net_id 141
pin_num 2
55 41 0
57 58 0
Net_id 142
pin_num 2
42 6 0
42 0 0
Net_id 143
pin_num 2
47 49 0
53 41 0
Net_id 144
pin_num 2
41 52 0
51 50 0
Net_id 145
pin_num 2
12 6 0
36 8 0
Net_id 146
pin_num 2
51 25 0
48 37 0
Net_id 147
pin_num 2
5 32 0
12 26 0
Net_id 148
pin_num 2
16 44 0
2 29 0
Net_id 149
pin_num 2
24 40 0
36 32 0
Net_id 150
pin_num 2
59 6 0
52 20 0
Net_id 151
pin_num 2
8 19 0
6 18 0
Net_id 152
pin_num 2
16 34 0
10 13 0
Net_id 153
pin_num 2
52 57 0
47 54 0
Net_id 154
pin_num 2
2 36 0
31 40 0
