Width 60
Height 60
Layer 6
Total_WL 7184
Obstacle_num 144
48 13 0 52 14 0
21 18 0 30 19 0
45 51 0 50 52 0
21 16 0 26 17 0
54 0 0 58 1 0
52 17 0 56 18 0
24 15 0 27 16 0
3 36 0 6 37 0
47 50 0 57 51 0
18 30 0 28 31 0
17 38 0 24 39 0
46 56 0 52 57 0
0 0 0 3 1 0
23 46 0 28 47 0
23 49 0 30 50 0
17 9 0 26 10 0
44 40 0 50 41 0
5 15 0 15 16 0
9 32 0 18 33 0
36 49 0 46 50 0
5 31 0 15 32 0
8 40 0 11 41 0
27 22 0 31 23 0
14 28 0 18 29 0
19 40 1 20 49 1
47 32 1 48 37 1
31 2 1 32 12 1
9 1 1 10 10 1
6 17 1 7 25 1
34 20 1 35 26 1
17 6 1 18 13 1
2 32 1 3 37 1
49 21 1 50 29 1
22 19 1 23 26 1
27 14 1 28 18 1
22 45 1 23 52 1
5 52 1 6 59 1
48 8 1 49 11 1
45 9 1 46 16 1
20 14 1 21 24 1
50 35 1 51 43 1
51 14 1 52 24 1
19 30 1 20 38 1
41 13 1 42 19 1
9 42 1 10 52 1
4 2 1 5 9 1
12 13 1 13 18 1
56 9 1 57 19 1
26 5 2 30 6 2
41 22 2 50 23 2
10 23 2 20 24 2
6 51 2 13 52 2
27 2 2 32 3 2
51 37 2 59 38 2
13 12 2 21 13 2
52 23 2 55 24 2
28 8 2 31 9 2
47 12 2 57 13 2
45 40 2 51 41 2
48 8 2 51 9 2
37 9 2 42 10 2
1 23 2 4 24 2
23 37 2 30 38 2
4 32 2 8 33 2
22 19 2 30 20 2
31 38 2 39 39 2
13 32 2 21 33 2
40 32 2 43 33 2
17 40 2 20 41 2
29 41 2 36 42 2
29 27 2 39 28 2
42 1 2 49 2 2
58 22 3 59 30 3
54 16 3 55 20 3
16 26 3 17 32 3
51 20 3 52 25 3
10 43 3 11 47 3
10 24 3 11 29 3
44 22 3 45 26 3
31 0 3 32 10 3
31 33 3 32 37 3
24 27 3 25 32 3
35 47 3 36 54 3
10 16 3 11 23 3
33 39 3 34 44 3
26 18 3 27 25 3
29 7 3 30 14 3
54 28 3 55 36 3
18 25 3 19 34 3
1 48 3 2 57 3
57 26 3 58 31 3
53 34 3 54 40 3
18 52 3 19 58 3
2 49 3 3 57 3
28 40 3 29 46 3
57 43 3 58 47 3
30 56 4 38 57 4
21 15 4 28 16 4
37 16 4 42 17 4
13 44 4 22 45 4
6 39 4 12 40 4
3 38 4 10 39 4
39 53 4 49 54 4
45 14 4 49 15 4
19 2 4 29 3 4
30 48 4 40 49 4
6 57 4 15 58 4
2 20 4 5 21 4
19 22 4 29 23 4
39 2 4 49 3 4
14 46 4 22 47 4
45 40 4 50 41 4
52 44 4 58 45 4
18 49 4 22 50 4
38 22 4 48 23 4
30 36 4 33 37 4
49 55 4 57 56 4
19 7 4 25 8 4
38 56 4 44 57 4
7 21 4 13 22 4
13 35 5 14 42 5
21 50 5 22 54 5
21 30 5 22 37 5
36 29 5 37 39 5
31 49 5 32 59 5
38 9 5 39 13 5
26 17 5 27 20 5
14 37 5 15 42 5
40 49 5 41 53 5
26 48 5 27 55 5
13 11 5 14 15 5
0 45 5 1 49 5
32 35 5 33 39 5
16 8 5 17 14 5
0 6 5 1 16 5
11 25 5 12 32 5
15 33 5 16 37 5
39 24 5 40 28 5
19 5 5 20 9 5
36 40 5 37 47 5
17 45 5 18 48 5
11 16 5 12 25 5
33 18 5 34 23 5
45 13 5 46 23 5
Net_num 162
Net_id 0
pin_num 5
54 10 0
43 5 0
34 0 0
33 3 0
58 0 0
Net_id 1
pin_num 5
12 40 0
22 37 0
20 40 0
19 20 0
19 5 0
Net_id 2
pin_num 5
47 10 0
39 21 0
30 15 0
37 29 0
33 28 0
Net_id 3
pin_num 5
44 26 0
29 21 0
58 26 0
38 15 0
42 45 0
Net_id 4
pin_num 5
6 28 0
4 25 0
6 48 0
0 48 0
20 35 0
Net_id 5
pin_num 5
56 49 0
50 43 0
48 49 0
55 57 0
55 59 0
Net_id 6
pin_num 5
12 22 0
12 44 0
0 26 0
0 25 0
8 36 0
Net_id 7
pin_num 5
48 45 0
51 48 0
59 50 0
50 29 0
27 33 0
Net_id 8
pin_num 5
35 20 0
31 13 0
15 13 0
42 12 0
23 24 0
Net_id 9
pin_num 5
5 47 0
9 47 0
13 47 0
11 29 0
34 42 0
Net_id 10
pin_num 5
51 0 0
43 0 0
46 8 0
26 6 0
36 13 0
Net_id 11
pin_num 5
54 2 0
58 3 0
35 0 0
59 10 0
50 1 0
Net_id 12
pin_num 5
9 24 0
22 32 0
35 25 0
22 43 0
26 59 0
Net_id 13
pin_num 5
37 47 0
29 54 0
15 49 0
17 56 0
30 48 0
Net_id 14
pin_num 5
33 38 0
32 44 0
35 59 0
35 55 0
47 43 0
Net_id 15
pin_num 5
25 28 0
18 35 0
38 34 0
7 39 0
26 33 0
Net_id 16
pin_num 5
53 5 0
49 9 0
44 5 0
49 14 0
28 10 0
Net_id 17
pin_num 5
51 47 0
47 49 0
59 38 0
56 54 0
58 29 0
Net_id 18
pin_num 5
55 45 0
57 54 0
44 54 0
44 32 0
32 47 0
Net_id 19
pin_num 5
9 43 0
5 40 0
1 59 0
0 32 0
9 41 0
Net_id 20
pin_num 4
0 12 0
3 17 0
12 17 0
30 17 0
Net_id 21
pin_num 4
59 23 0
52 33 0
38 23 0
32 31 0
Net_id 22
pin_num 4
26 43 0
22 58 0
33 55 0
28 48 0
Net_id 23
pin_num 4
6 0 0
3 6 0
8 16 0
14 6 0
Net_id 24
pin_num 4
25 19 0
27 39 0
26 50 0
36 50 0
Net_id 25
pin_num 4
34 14 0
32 9 0
8 9 0
0 9 0
Net_id 26
pin_num 4
7 58 0
3 57 0
22 59 0
14 48 0
Net_id 27
pin_num 4
9 44 0
1 41 0
0 58 0
15 54 0
Net_id 28
pin_num 4
43 37 0
37 37 0
41 27 0
56 19 0
Net_id 29
pin_num 4
8 3 0
23 1 0
13 10 0
10 18 0
Net_id 30
pin_num 4
44 52 0
37 51 0
53 59 0
30 56 0
Net_id 31
pin_num 4
41 9 0
30 14 0
33 37 0
39 1 0
Net_id 32
pin_num 4
45 9 0
46 3 0
33 4 0
36 3 0
Net_id 33
pin_num 4
8 32 0
19 29 0
11 16 0
17 23 0
Net_id 34
pin_num 4
36 17 0
37 13 0
18 14 0
31 0 0
Net_id 35
pin_num 4
37 27 0
39 26 0
59 29 0
53 28 0
Net_id 36
pin_num 4
10 26 0
0 21 0
2 28 0
20 25 0
Net_id 37
pin_num 4
48 12 0
44 9 0
38 10 0
57 11 0
Net_id 38
pin_num 4
20 10 0
15 14 0
20 6 0
27 4 0
Net_id 39
pin_num 4
32 19 0
28 21 0
37 8 0
4 15 0
Net_id 40
pin_num 3
55 15 0
51 25 0
48 22 0
Net_id 41
pin_num 3
12 50 0
12 59 0
26 54 0
Net_id 42
pin_num 3
39 11 0
25 1 0
53 11 0
Net_id 43
pin_num 3
39 40 0
21 37 0
10 39 0
Net_id 44
pin_num 3
21 4 0
0 11 0
1 8 0
Net_id 45
pin_num 3
17 1 0
23 7 0
3 3 0
Net_id 46
pin_num 3
51 41 0
56 27 0
50 4 0
Net_id 47
pin_num 3
20 22 0
21 8 0
12 45 0
Net_id 48
pin_num 3
14 11 0
35 15 0
0 20 0
Net_id 49
pin_num 3
43 14 0
58 5 0
50 9 0
Net_id 50
pin_num 3
18 21 0
15 31 0
21 29 0
Net_id 51
pin_num 3
39 32 0
30 47 0
15 47 0
Net_id 52
pin_num 3
14 55 0
18 51 0
22 40 0
Net_id 53
pin_num 3
4 56 0
6 50 0
5 34 0
Net_id 54
pin_num 3
9 18 0
0 17 0
16 36 0
Net_id 55
pin_num 3
41 15 0
34 1 0
24 20 0
Net_id 56
pin_num 3
38 5 0
33 8 0
42 13 0
Net_id 57
pin_num 3
36 56 0
28 41 0
34 36 0
Net_id 58
pin_num 3
3 37 0
0 59 0
23 58 0
Net_id 59
pin_num 3
57 45 0
55 39 0
35 48 0
Net_id 60
pin_num 3
5 50 0
13 37 0
18 46 0
Net_id 61
pin_num 3
0 8 0
11 5 0
2 16 0
Net_id 62
pin_num 3
18 41 0
8 28 0
8 8 0
Net_id 63
pin_num 3
0 53 0
8 59 0
2 31 0
Net_id 64
pin_num 3
36 52 0
21 52 0
36 37 0
Net_id 65
pin_num 3
45 34 0
29 32 0
32 37 0
Net_id 66
pin_num 3
54 35 0
57 24 0
57 14 0
Net_id 67
pin_num 3
6 39 0
3 22 0
0 16 0
Net_id 68
pin_num 3
36 39 0
32 59 0
44 51 0
Net_id 69
pin_num 3
40 19 0
53 21 0
58 1 0
Net_id 70
pin_num 3
51 28 0
30 38 0
1 34 0
Net_id 71
pin_num 3
15 3 0
23 0 0
17 30 0
Net_id 72
pin_num 3
10 46 0
0 49 0
14 30 0
Net_id 73
pin_num 3
44 41 0
24 44 0
23 27 0
Net_id 74
pin_num 3
55 25 0
51 24 0
54 8 0
Net_id 75
pin_num 3
22 44 0
3 52 0
17 57 0
Net_id 76
pin_num 3
42 44 0
59 22 0
41 44 0
Net_id 77
pin_num 3
58 58 0
51 58 0
28 58 0
Net_id 78
pin_num 3
24 13 0
30 9 0
9 11 0
Net_id 79
pin_num 3
38 48 0
35 38 0
40 38 0
Net_id 80
pin_num 3
30 3 0
12 10 0
11 8 0
Net_id 81
pin_num 3
41 46 0
51 57 0
57 46 0
Net_id 82
pin_num 2
34 45 0
56 38 0
Net_id 83
pin_num 2
56 43 0
50 48 0
Net_id 84
pin_num 2
36 35 0
54 7 0
Net_id 85
pin_num 2
24 35 0
25 35 0
Net_id 86
pin_num 2
7 59 0
10 53 0
Net_id 87
pin_num 2
13 53 0
19 42 0
Net_id 88
pin_num 2
24 4 0
22 5 0
Net_id 89
pin_num 2
49 11 0
32 4 0
Net_id 90
pin_num 2
58 4 0
36 23 0
Net_id 91
pin_num 2
25 20 0
53 48 0
Net_id 92
pin_num 2
48 20 0
58 14 0
Net_id 93
pin_num 2
37 39 0
57 56 0
Net_id 94
pin_num 2
9 51 0
23 41 0
Net_id 95
pin_num 2
41 50 0
59 55 0
Net_id 96
pin_num 2
5 5 0
8 7 0
Net_id 97
pin_num 2
27 36 0
28 14 0
Net_id 98
pin_num 2
55 24 0
53 32 0
Net_id 99
pin_num 2
16 5 0
20 26 0
Net_id 100
pin_num 2
6 37 0
10 37 0
Net_id 101
pin_num 2
47 52 0
57 32 0
Net_id 102
pin_num 2
33 7 0
42 14 0
Net_id 103
pin_num 2
31 14 0
12 18 0
Net_id 104
pin_num 2
40 56 0
10 36 0
Net_id 105
pin_num 2
9 38 0
17 55 0
Net_id 106
pin_num 2
25 12 0
19 13 0
Net_id 107
pin_num 2
27 57 0
33 57 0
Net_id 108
pin_num 2
17 54 0
24 41 0
Net_id 109
pin_num 2
4 28 0
3 41 0
Net_id 110
pin_num 2
16 7 0
25 2 0
Net_id 111
pin_num 2
20 59 0
10 34 0
Net_id 112
pin_num 2
33 59 0
58 50 0
Net_id 113
pin_num 2
55 7 0
47 17 0
Net_id 114
pin_num 2
37 14 0
41 14 0
Net_id 115
pin_num 2
13 41 0
4 52 0
Net_id 116
pin_num 2
58 18 0
49 18 0
Net_id 117
pin_num 2
4 37 0
8 50 0
Net_id 118
pin_num 2
27 32 0
46 25 0
Net_id 119
pin_num 2
23 42 0
27 44 0
Net_id 120
pin_num 2
34 53 0
10 50 0
Net_id 121
pin_num 2
3 15 0
24 8 0
Net_id 122
pin_num 2
25 59 0
25 58 0
Net_id 123
pin_num 2
41 57 0
47 45 0
Net_id 124
pin_num 2
22 54 0
21 56 0
Net_id 125
pin_num 2
16 22 0
1 32 0
Net_id 126
pin_num 2
28 59 0
25 45 0
Net_id 127
pin_num 2
1 24 0
18 16 0
Net_id 128
pin_num 2
38 50 0
41 38 0
Net_id 129
pin_num 2
27 51 0
14 57 0
Net_id 130
pin_num 2
37 15 0
16 34 0
Net_id 131
pin_num 2
25 6 0
23 5 0
Net_id 132
pin_num 2
10 14 0
14 10 0
Net_id 133
pin_num 2
8 42 0
24 50 0
Net_id 134
pin_num 2
40 13 0
28 12 0
Net_id 135
pin_num 2
27 6 0
30 5 0
Net_id 136
pin_num 2
19 12 0
30 21 0
Net_id 137
pin_num 2
5 13 0
15 21 0
Net_id 138
pin_num 2
56 13 0
54 3 0
Net_id 139
pin_num 2
12 23 0
26 16 0
Net_id 140
pin_num 2
8 35 0
23 56 0
Net_id 141
pin_num 2
12 35 0
9 29 0
Net_id 142
pin_num 2
43 43 0
24 36 0
Net_id 143
pin_num 2
59 54 0
34 35 0
Net_id 144
pin_num 2
18 23 0
41 8 0
Net_id 145
pin_num 2
35 3 0
28 7 0
Net_id 146
pin_num 2
15 56 0
4 50 0
Net_id 147
pin_num 2
15 18 0
19 18 0
Net_id 148
pin_num 2
7 52 0
44 57 0
Net_id 149
pin_num 2
43 33 0
40 25 0
Net_id 150
pin_num 2
21 55 0
39 50 0
Net_id 151
pin_num 2
50 57 0
45 32 0
Net_id 152
pin_num 2
38 59 0
54 48 0
Net_id 153
pin_num 2
2 12 0
14 12 0
Net_id 154
pin_num 2
16 16 0
2 4 0
Net_id 155
pin_num 2
30 31 0
50 25 0
Net_id 156
pin_num 2
55 14 0
52 13 0
Net_id 157
pin_num 2
41 20 0
25 25 0
Net_id 158
pin_num 2
21 40 0
10 55 0
Net_id 159
pin_num 2
13 36 0
1 28 0
Net_id 160
pin_num 2
41 59 0
53 57 0
Net_id 161
pin_num 2
26 47 0
43 45 0
