Width 60
Height 60
Layer 6
Total_WL 6864
Obstacle_num 144
30 44 0 33 45 0
31 41 0 40 42 0
11 42 0 20 43 0
7 55 0 16 56 0
1 8 0 6 9 0
48 40 0 52 41 0
7 7 0 17 8 0
5 23 0 8 24 0
25 51 0 35 52 0
48 33 0 51 34 0
44 46 0 49 47 0
37 13 0 43 14 0
42 49 0 48 50 0
20 47 0 29 48 0
48 21 0 52 22 0
51 29 0 59 30 0
18 29 0 23 30 0
28 55 0 35 56 0
10 20 0 15 21 0
38 5 0 41 6 0
18 45 0 25 46 0
8 40 0 17 41 0
1 35 0 11 36 0
30 17 0 35 18 0
58 40 1 59 48 1
21 53 1 22 57 1
41 6 1 42 16 1
47 46 1 48 54 1
18 31 1 19 38 1
10 51 1 11 56 1
5 37 1 6 46 1
18 49 1 19 57 1
42 39 1 43 48 1
27 52 1 28 55 1
12 51 1 13 57 1
4 36 1 5 41 1
43 19 1 44 24 1
13 38 1 14 47 1
34 21 1 35 31 1
27 19 1 28 27 1
28 32 1 29 36 1
7 44 1 8 49 1
26 25 1 27 30 1
53 3 1 54 11 1
50 31 1 51 40 1
4 8 1 5 14 1
31 9 1 32 17 1
26 13 1 27 19 1
27 11 2 30 12 2
20 22 2 28 23 2
6 6 2 14 7 2
24 29 2 34 30 2
49 41 2 56 42 2
12 46 2 21 47 2
0 52 2 4 53 2
16 19 2 25 20 2
45 3 2 53 4 2
45 22 2 51 23 2
28 56 2 31 57 2
42 0 2 52 1 2
46 58 2 53 59 2
15 11 2 21 12 2
37 22 2 45 23 2
33 19 2 42 20 2
5 22 2 9 23 2
38 52 2 46 53 2
9 10 2 14 11 2
50 46 2 53 47 2
11 29 2 15 30 2
49 36 2 54 37 2
45 37 2 49 38 2
16 15 2 23 16 2
13 0 3 14 8 3
49 26 3 50 31 3
39 23 3 40 30 3
21 17 3 22 21 3
10 47 3 11 54 3
1 17 3 2 27 3
35 47 3 36 53 3
27 41 3 28 49 3
52 27 3 53 37 3
35 39 3 36 45 3
33 45 3 34 50 3
12 51 3 13 57 3
6 11 3 7 15 3
14 47 3 15 50 3
43 35 3 44 40 3
16 23 3 17 27 3
25 10 3 26 16 3
29 37 3 30 40 3
54 13 3 55 21 3
26 18 3 27 27 3
48 5 3 49 12 3
41 45 3 42 54 3
47 44 3 48 50 3
16 11 3 17 17 3
53 19 4 56 20 4
49 35 4 55 36 4
44 50 4 48 51 4
20 6 4 24 7 4
33 9 4 37 10 4
25 54 4 33 55 4
28 42 4 31 43 4
1 53 4 5 54 4
13 53 4 22 54 4
3 16 4 12 17 4
2 22 4 12 23 4
26 20 4 32 21 4
32 20 4 39 21 4
9 52 4 17 53 4
39 7 4 47 8 4
50 15 4 58 16 4
49 43 4 56 44 4
0 49 4 5 50 4
35 0 4 42 1 4
6 40 4 9 41 4
17 46 4 20 47 4
17 14 4 27 15 4
40 15 4 46 16 4
10 2 4 18 3 4
47 39 5 48 42 5
51 15 5 52 23 5
14 16 5 15 24 5
4 12 5 5 20 5
33 41 5 34 44 5
41 38 5 42 47 5
23 28 5 24 34 5
33 51 5 34 57 5
46 42 5 47 47 5
45 19 5 46 22 5
15 53 5 16 58 5
57 12 5 58 18 5
3 32 5 4 41 5
36 56 5 37 59 5
27 41 5 28 46 5
6 15 5 7 21 5
8 47 5 9 53 5
19 56 5 20 59 5
42 29 5 43 35 5
2 11 5 3 15 5
8 8 5 9 14 5
12 52 5 13 59 5
29 14 5 30 23 5
36 44 5 37 51 5
Net_num 160
Net_id 0
pin_num 5
38 19 0
33 19 0
36 25 0
37 42 0
34 3 0
Net_id 1
pin_num 5
8 15 0
17 17 0
37 17 0
0 12 0
8 12 0
Net_id 2
pin_num 5
56 24 0
52 24 0
59 34 0
54 2 0
56 44 0
Net_id 3
pin_num 5
34 47 0
19 47 0
15 59 0
5 48 0
29 49 0
Net_id 4
pin_num 5
4 40 0
2 51 0
21 46 0
35 51 0
15 32 0
Net_id 5
pin_num 5
29 40 0
17 41 0
17 29 0
6 18 0
36 27 0
Net_id 6
pin_num 5
36 11 0
29 12 0
21 12 0
25 26 0
36 18 0
Net_id 7
pin_num 5
8 49 0
16 49 0
27 50 0
13 50 0
17 56 0
Net_id 8
pin_num 5
3 58 0
16 45 0
1 59 0
25 53 0
14 52 0
Net_id 9
pin_num 5
10 25 0
4 25 0
0 13 0
8 17 0
14 15 0
Net_id 10
pin_num 5
28 33 0
22 33 0
18 27 0
35 32 0
35 25 0
Net_id 11
pin_num 5
0 7 0
5 10 0
3 0 0
3 13 0
2 3 0
Net_id 12
pin_num 5
7 52 0
19 55 0
8 38 0
4 44 0
1 39 0
Net_id 13
pin_num 5
4 3 0
22 0 0
19 0 0
7 10 0
18 6 0
Net_id 14
pin_num 5
0 44 0
3 43 0
20 43 0
2 49 0
14 45 0
Net_id 15
pin_num 5
14 13 0
9 5 0
0 8 0
19 8 0
17 2 0
Net_id 16
pin_num 5
20 48 0
23 55 0
21 35 0
20 39 0
18 38 0
Net_id 17
pin_num 5
43 31 0
31 28 0
40 21 0
50 25 0
33 48 0
Net_id 18
pin_num 5
36 3 0
35 4 0
23 1 0
28 15 0
41 1 0
Net_id 19
pin_num 5
48 27 0
48 10 0
39 25 0
58 32 0
58 21 0
Net_id 20
pin_num 4
59 53 0
53 53 0
57 47 0
59 46 0
Net_id 21
pin_num 4
27 39 0
20 36 0
0 38 0
40 38 0
Net_id 22
pin_num 4
53 15 0
50 9 0
53 0 0
44 4 0
Net_id 23
pin_num 4
59 52 0
41 52 0
52 34 0
58 59 0
Net_id 24
pin_num 4
43 8 0
51 18 0
49 29 0
41 20 0
Net_id 25
pin_num 4
51 57 0
59 45 0
59 23 0
45 41 0
Net_id 26
pin_num 4
54 32 0
57 44 0
54 46 0
56 23 0
Net_id 27
pin_num 4
7 32 0
11 26 0
16 44 0
9 20 0
Net_id 28
pin_num 4
14 34 0
30 34 0
25 49 0
17 45 0
Net_id 29
pin_num 4
35 21 0
40 16 0
50 19 0
47 37 0
Net_id 30
pin_num 4
21 25 0
24 37 0
35 29 0
44 31 0
Net_id 31
pin_num 4
52 27 0
41 30 0
57 13 0
51 28 0
Net_id 32
pin_num 4
57 12 0
59 16 0
52 22 0
36 13 0
Net_id 33
pin_num 4
53 51 0
51 59 0
29 59 0
46 39 0
Net_id 34
pin_num 4
9 1 0
14 0 0
10 21 0
20 20 0
Net_id 35
pin_num 4
16 27 0
6 27 0
10 36 0
0 39 0
Net_id 36
pin_num 4
10 4 0
0 9 0
11 11 0
6 11 0
Net_id 37
pin_num 4
3 54 0
1 57 0
6 40 0
2 30 0
Net_id 38
pin_num 4
6 41 0
3 45 0
28 50 0
25 55 0
Net_id 39
pin_num 4
54 11 0
59 21 0
44 21 0
38 11 0
Net_id 40
pin_num 3
38 42 0
49 46 0
17 57 0
Net_id 41
pin_num 3
22 52 0
23 59 0
37 49 0
Net_id 42
pin_num 3
2 15 0
16 1 0
7 1 0
Net_id 43
pin_num 3
30 5 0
24 5 0
34 20 0
Net_id 44
pin_num 3
36 6 0
46 6 0
38 29 0
Net_id 45
pin_num 3
17 44 0
29 33 0
34 36 0
Net_id 46
pin_num 3
9 28 0
21 28 0
10 37 0
Net_id 47
pin_num 3
10 58 0
7 51 0
0 51 0
Net_id 48
pin_num 3
58 48 0
48 36 0
54 47 0
Net_id 49
pin_num 3
29 43 0
39 37 0
51 42 0
Net_id 50
pin_num 3
2 37 0
13 47 0
3 32 0
Net_id 51
pin_num 3
46 22 0
50 20 0
53 17 0
Net_id 52
pin_num 3
21 14 0
6 5 0
14 10 0
Net_id 53
pin_num 3
36 28 0
31 8 0
19 16 0
Net_id 54
pin_num 3
28 44 0
4 34 0
0 27 0
Net_id 55
pin_num 3
48 49 0
58 50 0
26 52 0
Net_id 56
pin_num 3
22 18 0
13 26 0
18 2 0
Net_id 57
pin_num 3
55 23 0
49 5 0
42 1 0
Net_id 58
pin_num 3
5 9 0
12 21 0
8 0 0
Net_id 59
pin_num 3
33 32 0
21 24 0
15 26 0
Net_id 60
pin_num 3
26 21 0
13 22 0
1 36 0
Net_id 61
pin_num 3
31 49 0
50 55 0
39 44 0
Net_id 62
pin_num 3
25 10 0
7 0 0
0 6 0
Net_id 63
pin_num 3
8 50 0
1 29 0
11 21 0
Net_id 64
pin_num 3
18 47 0
9 57 0
9 38 0
Net_id 65
pin_num 3
44 38 0
35 35 0
51 35 0
Net_id 66
pin_num 3
55 56 0
48 48 0
54 48 0
Net_id 67
pin_num 3
50 45 0
53 54 0
48 56 0
Net_id 68
pin_num 3
29 11 0
12 11 0
1 0 0
Net_id 69
pin_num 3
41 10 0
48 28 0
46 12 0
Net_id 70
pin_num 3
52 59 0
48 51 0
25 58 0
Net_id 71
pin_num 3
40 45 0
29 58 0
45 59 0
Net_id 72
pin_num 3
3 16 0
1 13 0
0 0 0
Net_id 73
pin_num 3
7 21 0
29 44 0
13 58 0
Net_id 74
pin_num 3
38 40 0
23 56 0
6 48 0
Net_id 75
pin_num 3
48 37 0
59 42 0
50 24 0
Net_id 76
pin_num 3
39 15 0
27 17 0
23 5 0
Net_id 77
pin_num 3
6 56 0
30 50 0
5 36 0
Net_id 78
pin_num 3
2 18 0
9 17 0
0 26 0
Net_id 79
pin_num 2
41 46 0
51 32 0
Net_id 80
pin_num 2
53 7 0
58 8 0
Net_id 81
pin_num 2
5 45 0
18 57 0
Net_id 82
pin_num 2
55 10 0
55 5 0
Net_id 83
pin_num 2
19 5 0
11 2 0
Net_id 84
pin_num 2
36 59 0
32 56 0
Net_id 85
pin_num 2
43 19 0
39 17 0
Net_id 86
pin_num 2
10 17 0
29 23 0
Net_id 87
pin_num 2
43 22 0
30 9 0
Net_id 88
pin_num 2
25 37 0
36 1 0
Net_id 89
pin_num 2
25 4 0
11 8 0
Net_id 90
pin_num 2
8 31 0
4 33 0
Net_id 91
pin_num 2
5 29 0
4 21 0
Net_id 92
pin_num 2
30 29 0
44 32 0
Net_id 93
pin_num 2
41 53 0
52 55 0
Net_id 94
pin_num 2
43 33 0
48 43 0
Net_id 95
pin_num 2
12 50 0
7 49 0
Net_id 96
pin_num 2
43 44 0
55 44 0
Net_id 97
pin_num 2
41 9 0
53 1 0
Net_id 98
pin_num 2
13 48 0
10 41 0
Net_id 99
pin_num 2
42 5 0
32 23 0
Net_id 100
pin_num 2
7 34 0
3 29 0
Net_id 101
pin_num 2
40 50 0
47 48 0
Net_id 102
pin_num 2
1 24 0
15 25 0
Net_id 103
pin_num 2
8 22 0
15 19 0
Net_id 104
pin_num 2
56 5 0
55 36 0
Net_id 105
pin_num 2
51 5 0
43 1 0
Net_id 106
pin_num 2
51 0 0
48 29 0
Net_id 107
pin_num 2
42 21 0
35 24 0
Net_id 108
pin_num 2
44 1 0
56 11 0
Net_id 109
pin_num 2
11 35 0
23 18 0
Net_id 110
pin_num 2
22 58 0
26 57 0
Net_id 111
pin_num 2
45 20 0
56 10 0
Net_id 112
pin_num 2
28 42 0
13 37 0
Net_id 113
pin_num 2
14 25 0
8 5 0
Net_id 114
pin_num 2
25 20 0
2 1 0
Net_id 115
pin_num 2
16 39 0
24 55 0
Net_id 116
pin_num 2
13 5 0
1 14 0
Net_id 117
pin_num 2
10 54 0
5 55 0
Net_id 118
pin_num 2
14 19 0
2 26 0
Net_id 119
pin_num 2
58 40 0
46 24 0
Net_id 120
pin_num 2
44 17 0
30 36 0
Net_id 121
pin_num 2
50 12 0
36 26 0
Net_id 122
pin_num 2
34 39 0
32 28 0
Net_id 123
pin_num 2
59 33 0
49 38 0
Net_id 124
pin_num 2
41 12 0
55 3 0
Net_id 125
pin_num 2
59 41 0
41 44 0
Net_id 126
pin_num 2
15 30 0
1 55 0
Net_id 127
pin_num 2
19 2 0
27 4 0
Net_id 128
pin_num 2
51 51 0
34 58 0
Net_id 129
pin_num 2
12 34 0
25 46 0
Net_id 130
pin_num 2
31 9 0
44 7 0
Net_id 131
pin_num 2
18 41 0
36 37 0
Net_id 132
pin_num 2
15 33 0
15 16 0
Net_id 133
pin_num 2
9 14 0
2 19 0
Net_id 134
pin_num 2
53 34 0
50 57 0
Net_id 135
pin_num 2
33 54 0
41 54 0
Net_id 136
pin_num 2
34 5 0
6 1 0
Net_id 137
pin_num 2
21 7 0
13 14 0
Net_id 138
pin_num 2
58 9 0
49 2 0
Net_id 139
pin_num 2
34 42 0
49 32 0
Net_id 140
pin_num 2
16 51 0
16 48 0
Net_id 141
pin_num 2
15 13 0
29 18 0
Net_id 142
pin_num 2
49 23 0
57 30 0
Net_id 143
pin_num 2
10 22 0
13 31 0
Net_id 144
pin_num 2
4 27 0
26 43 0
Net_id 145
pin_num 2
46 36 0
30 28 0
Net_id 146
pin_num 2
27 3 0
21 1 0
Net_id 147
pin_num 2
44 14 0
38 32 0
Net_id 148
pin_num 2
5 5 0
0 2 0
Net_id 149
pin_num 2
47 54 0
40 51 0
Net_id 150
pin_num 2
46 43 0
24 32 0
Net_id 151
pin_num 2
15 38 0
6 52 0
Net_id 152
pin_num 2
1 38 0
7 33 0
Net_id 153
pin_num 2
9 37 0
9 26 0
Net_id 154
pin_num 2
50 36 0
39 32 0
Net_id 155
pin_num 2
1 23 0
5 26 0
Net_id 156
pin_num 2
25 8 0
30 6 0
Net_id 157
pin_num 2
35 47 0
53 58 0
Net_id 158
pin_num 2
19 57 0
30 49 0
Net_id 159
pin_num 2
25 52 0
12 33 0
