Width 60
Height 60
Layer 6
Total_WL 6700
Obstacle_num 144
45 24 0 50 25 0
26 40 0 35 41 0
16 57 0 26 58 0
34 20 0 43 21 0
27 26 0 34 27 0
41 48 0 50 49 0
42 38 0 46 39 0
17 31 0 21 32 0
2 1 0 6 2 0
7 39 0 13 40 0
34 16 0 38 17 0
19 10 0 25 11 0
14 49 0 22 50 0
46 7 0 51 8 0
45 17 0 55 18 0
27 39 0 36 40 0
19 42 0 25 43 0
40 6 0 43 7 0
27 15 0 31 16 0
10 38 0 19 39 0
52 11 0 58 12 0
51 41 0 55 42 0
15 20 0 23 21 0
25 55 0 35 56 0
39 16 1 40 21 1
7 35 1 8 41 1
5 17 1 6 21 1
28 39 1 29 46 1
51 38 1 52 45 1
6 35 1 7 45 1
33 2 1 34 10 1
9 41 1 10 50 1
12 10 1 13 16 1
34 32 1 35 40 1
30 21 1 31 31 1
4 6 1 5 12 1
33 43 1 34 51 1
10 24 1 11 29 1
20 17 1 21 21 1
3 4 1 4 10 1
51 21 1 52 28 1
1 41 1 2 47 1
11 8 1 12 16 1
54 36 1 55 46 1
2 27 1 3 37 1
40 20 1 41 29 1
5 26 1 6 35 1
50 44 1 51 51 1
31 3 2 41 4 2
30 9 2 40 10 2
45 43 2 54 44 2
20 23 2 26 24 2
10 48 2 16 49 2
4 19 2 13 20 2
23 56 2 29 57 2
2 41 2 12 42 2
15 9 2 20 10 2
3 13 2 8 14 2
3 57 2 7 58 2
9 20 2 17 21 2
16 47 2 22 48 2
30 2 2 38 3 2
48 2 2 54 3 2
27 3 2 30 4 2
45 44 2 48 45 2
2 10 2 8 11 2
12 7 2 17 8 2
52 31 2 56 32 2
34 43 2 44 44 2
18 4 2 26 5 2
13 57 2 21 58 2
10 38 2 19 39 2
34 31 3 35 35 3
22 47 3 23 55 3
35 23 3 36 30 3
37 17 3 38 24 3
12 47 3 13 52 3
30 47 3 31 53 3
54 43 3 55 48 3
53 6 3 54 13 3
7 32 3 8 42 3
47 16 3 48 26 3
44 41 3 45 50 3
30 35 3 31 38 3
53 43 3 54 52 3
46 8 3 47 14 3
15 28 3 16 34 3
4 46 3 5 54 3
10 28 3 11 31 3
30 7 3 31 11 3
16 17 3 17 20 3
35 44 3 36 48 3
26 15 3 27 25 3
45 50 3 46 55 3
49 16 3 50 20 3
6 11 3 7 17 3
9 25 4 14 26 4
39 16 4 48 17 4
14 34 4 23 35 4
32 51 4 40 52 4
28 19 4 35 20 4
8 33 4 15 34 4
20 52 4 24 53 4
18 10 4 27 11 4
30 45 4 40 46 4
28 24 4 36 25 4
2 9 4 5 10 4
12 13 4 15 14 4
32 28 4 35 29 4
52 33 4 55 34 4
16 20 4 26 21 4
34 29 4 43 30 4
21 9 4 29 10 4
28 21 4 38 22 4
0 21 4 4 22 4
19 50 4 29 51 4
6 16 4 15 17 4
32 13 4 39 14 4
26 48 4 31 49 4
6 39 4 16 40 4
3 2 5 4 5 5
19 22 5 20 30 5
3 39 5 4 46 5
52 38 5 53 46 5
27 10 5 28 20 5
57 19 5 58 28 5
3 11 5 4 18 5
28 7 5 29 17 5
50 52 5 51 58 5
49 28 5 50 31 5
39 23 5 40 27 5
38 29 5 39 34 5
13 24 5 14 34 5
7 8 5 8 13 5
50 24 5 51 31 5
2 56 5 3 59 5
13 48 5 14 57 5
9 35 5 10 44 5
11 37 5 12 41 5
5 9 5 6 13 5
0 10 5 1 14 5
53 31 5 54 35 5
36 49 5 37 57 5
40 52 5 41 55 5
Net_num 158
Net_id 0
pin_num 5
30 42 0
35 42 0
33 21 0
27 36 0
27 32 0
Net_id 1
pin_num 5
20 35 0
14 35 0
15 12 0
19 47 0
33 12 0
Net_id 2
pin_num 5
30 37 0
36 44 0
50 40 0
36 28 0
44 40 0
Net_id 3
pin_num 5
17 51 0
22 49 0
22 50 0
19 55 0
20 50 0
Net_id 4
pin_num 5
51 4 0
44 2 0
59 2 0
59 1 0
55 13 0
Net_id 5
pin_num 5
38 24 0
45 14 0
33 19 0
40 19 0
39 27 0
Net_id 6
pin_num 5
49 32 0
55 32 0
52 50 0
59 32 0
56 17 0
Net_id 7
pin_num 5
46 51 0
33 52 0
42 40 0
42 17 0
58 18 0
Net_id 8
pin_num 5
1 23 0
1 32 0
23 32 0
20 24 0
4 46 0
Net_id 9
pin_num 5
46 5 0
34 10 0
59 15 0
54 1 0
42 8 0
Net_id 10
pin_num 5
27 17 0
40 11 0
16 14 0
29 0 0
35 33 0
Net_id 11
pin_num 5
33 31 0
26 19 0
28 24 0
47 30 0
26 15 0
Net_id 12
pin_num 5
45 25 0
49 29 0
25 29 0
41 50 0
31 18 0
Net_id 13
pin_num 5
41 28 0
37 26 0
32 11 0
32 10 0
57 24 0
Net_id 14
pin_num 5
20 29 0
41 27 0
22 11 0
7 11 0
1 0 0
Net_id 15
pin_num 5
19 3 0
25 10 0
24 4 0
20 28 0
20 33 0
Net_id 16
pin_num 5
34 57 0
41 57 0
20 59 0
59 59 0
39 44 0
Net_id 17
pin_num 5
6 28 0
11 33 0
7 21 0
1 33 0
0 37 0
Net_id 18
pin_num 5
59 57 0
51 52 0
59 42 0
58 58 0
44 58 0
Net_id 19
pin_num 5
49 42 0
29 41 0
31 47 0
22 30 0
30 56 0
Net_id 20
pin_num 4
34 28 0
21 25 0
0 26 0
12 41 0
Net_id 21
pin_num 4
20 48 0
25 42 0
44 46 0
30 43 0
Net_id 22
pin_num 4
53 10 0
49 12 0
57 0 0
59 16 0
Net_id 23
pin_num 4
57 49 0
43 53 0
47 57 0
47 39 0
Net_id 24
pin_num 4
54 21 0
55 30 0
59 37 0
32 32 0
Net_id 25
pin_num 4
40 1 0
34 5 0
30 3 0
31 48 0
Net_id 26
pin_num 4
9 13 0
1 13 0
8 6 0
30 7 0
Net_id 27
pin_num 4
43 21 0
57 21 0
48 23 0
29 21 0
Net_id 28
pin_num 4
6 23 0
2 20 0
20 25 0
12 16 0
Net_id 29
pin_num 4
59 34 0
51 45 0
51 28 0
59 53 0
Net_id 30
pin_num 4
35 25 0
43 28 0
59 27 0
43 27 0
Net_id 31
pin_num 4
54 39 0
52 42 0
53 28 0
58 39 0
Net_id 32
pin_num 4
2 47 0
3 41 0
3 31 0
10 42 0
Net_id 33
pin_num 4
59 51 0
52 51 0
44 59 0
55 44 0
Net_id 34
pin_num 4
29 6 0
24 0 0
19 0 0
10 0 0
Net_id 35
pin_num 4
44 33 0
39 29 0
47 32 0
40 44 0
Net_id 36
pin_num 4
20 14 0
17 21 0
18 1 0
5 3 0
Net_id 37
pin_num 4
25 22 0
23 13 0
9 22 0
13 31 0
Net_id 38
pin_num 4
37 4 0
51 7 0
59 17 0
57 15 0
Net_id 39
pin_num 4
9 29 0
0 30 0
14 30 0
2 8 0
Net_id 40
pin_num 4
25 13 0
24 20 0
7 19 0
0 14 0
Net_id 41
pin_num 3
0 23 0
16 10 0
15 6 0
Net_id 42
pin_num 3
39 37 0
28 23 0
28 47 0
Net_id 43
pin_num 3
5 42 0
14 46 0
43 45 0
Net_id 44
pin_num 3
40 37 0
45 56 0
58 50 0
Net_id 45
pin_num 3
45 11 0
38 13 0
56 3 0
Net_id 46
pin_num 3
10 4 0
12 2 0
1 18 0
Net_id 47
pin_num 3
8 9 0
2 16 0
27 11 0
Net_id 48
pin_num 3
26 1 0
21 6 0
14 16 0
Net_id 49
pin_num 3
45 39 0
32 50 0
10 47 0
Net_id 50
pin_num 3
6 18 0
32 15 0
14 12 0
Net_id 51
pin_num 3
10 21 0
32 7 0
17 6 0
Net_id 52
pin_num 3
17 10 0
26 0 0
24 9 0
Net_id 53
pin_num 3
42 3 0
43 7 0
28 2 0
Net_id 54
pin_num 3
17 54 0
27 35 0
0 39 0
Net_id 55
pin_num 3
48 53 0
59 56 0
57 45 0
Net_id 56
pin_num 3
36 18 0
26 35 0
19 59 0
Net_id 57
pin_num 3
48 32 0
50 30 0
52 25 0
Net_id 58
pin_num 3
4 55 0
0 51 0
0 28 0
Net_id 59
pin_num 3
6 29 0
18 15 0
2 0 0
Net_id 60
pin_num 3
53 6 0
51 1 0
51 6 0
Net_id 61
pin_num 3
48 46 0
58 33 0
50 56 0
Net_id 62
pin_num 3
47 22 0
58 36 0
33 20 0
Net_id 63
pin_num 3
3 20 0
17 5 0
8 5 0
Net_id 64
pin_num 3
10 41 0
11 48 0
3 53 0
Net_id 65
pin_num 3
12 13 0
21 13 0
10 1 0
Net_id 66
pin_num 3
14 51 0
1 56 0
24 32 0
Net_id 67
pin_num 3
49 54 0
42 57 0
52 20 0
Net_id 68
pin_num 3
10 48 0
2 44 0
5 40 0
Net_id 69
pin_num 3
36 5 0
28 18 0
35 22 0
Net_id 70
pin_num 3
59 21 0
55 1 0
45 12 0
Net_id 71
pin_num 3
11 57 0
24 55 0
3 58 0
Net_id 72
pin_num 3
0 6 0
18 21 0
25 0 0
Net_id 73
pin_num 3
57 28 0
56 34 0
46 19 0
Net_id 74
pin_num 3
23 24 0
25 8 0
1 3 0
Net_id 75
pin_num 3
54 44 0
48 44 0
49 39 0
Net_id 76
pin_num 3
27 49 0
32 51 0
38 49 0
Net_id 77
pin_num 3
23 17 0
13 17 0
3 18 0
Net_id 78
pin_num 3
14 58 0
29 42 0
21 56 0
Net_id 79
pin_num 3
43 22 0
46 20 0
51 16 0
Net_id 80
pin_num 3
11 9 0
22 5 0
2 2 0
Net_id 81
pin_num 3
29 53 0
43 50 0
43 56 0
Net_id 82
pin_num 2
2 37 0
13 37 0
Net_id 83
pin_num 2
48 19 0
56 36 0
Net_id 84
pin_num 2
35 56 0
25 44 0
Net_id 85
pin_num 2
54 42 0
45 35 0
Net_id 86
pin_num 2
58 44 0
38 36 0
Net_id 87
pin_num 2
10 58 0
16 48 0
Net_id 88
pin_num 2
20 1 0
1 22 0
Net_id 89
pin_num 2
20 39 0
35 31 0
Net_id 90
pin_num 2
53 52 0
56 45 0
Net_id 91
pin_num 2
47 31 0
56 31 0
Net_id 92
pin_num 2
53 15 0
56 14 0
Net_id 93
pin_num 2
4 10 0
22 6 0
Net_id 94
pin_num 2
50 6 0
32 16 0
Net_id 95
pin_num 2
38 17 0
26 3 0
Net_id 96
pin_num 2
4 45 0
15 50 0
Net_id 97
pin_num 2
54 40 0
55 34 0
Net_id 98
pin_num 2
46 10 0
58 16 0
Net_id 99
pin_num 2
19 53 0
29 25 0
Net_id 100
pin_num 2
36 36 0
18 39 0
Net_id 101
pin_num 2
14 15 0
3 14 0
Net_id 102
pin_num 2
1 26 0
16 44 0
Net_id 103
pin_num 2
37 17 0
32 2 0
Net_id 104
pin_num 2
55 37 0
48 38 0
Net_id 105
pin_num 2
3 12 0
0 13 0
Net_id 106
pin_num 2
11 1 0
16 23 0
Net_id 107
pin_num 2
48 51 0
49 55 0
Net_id 108
pin_num 2
13 5 0
10 16 0
Net_id 109
pin_num 2
1 19 0
6 12 0
Net_id 110
pin_num 2
5 5 0
11 17 0
Net_id 111
pin_num 2
0 53 0
5 50 0
Net_id 112
pin_num 2
48 18 0
57 25 0
Net_id 113
pin_num 2
14 3 0
9 1 0
Net_id 114
pin_num 2
41 29 0
38 31 0
Net_id 115
pin_num 2
52 48 0
50 38 0
Net_id 116
pin_num 2
45 0 0
50 9 0
Net_id 117
pin_num 2
43 13 0
33 15 0
Net_id 118
pin_num 2
31 29 0
41 11 0
Net_id 119
pin_num 2
25 47 0
36 55 0
Net_id 120
pin_num 2
38 53 0
31 58 0
Net_id 121
pin_num 2
38 21 0
29 24 0
Net_id 122
pin_num 2
43 10 0
51 9 0
Net_id 123
pin_num 2
29 35 0
38 35 0
Net_id 124
pin_num 2
42 53 0
34 48 0
Net_id 125
pin_num 2
1 51 0
15 46 0
Net_id 126
pin_num 2
36 58 0
49 36 0
Net_id 127
pin_num 2
40 16 0
46 38 0
Net_id 128
pin_num 2
7 17 0
16 30 0
Net_id 129
pin_num 2
25 23 0
3 3 0
Net_id 130
pin_num 2
36 7 0
45 4 0
Net_id 131
pin_num 2
26 52 0
30 34 0
Net_id 132
pin_num 2
5 25 0
0 17 0
Net_id 133
pin_num 2
44 28 0
55 41 0
Net_id 134
pin_num 2
34 31 0
31 27 0
Net_id 135
pin_num 2
20 15 0
11 34 0
Net_id 136
pin_num 2
44 0 0
36 0 0
Net_id 137
pin_num 2
11 43 0
3 22 0
Net_id 138
pin_num 2
11 29 0
24 48 0
Net_id 139
pin_num 2
33 24 0
44 31 0
Net_id 140
pin_num 2
46 46 0
39 40 0
Net_id 141
pin_num 2
38 55 0
49 57 0
Net_id 142
pin_num 2
15 47 0
7 54 0
Net_id 143
pin_num 2
50 29 0
58 49 0
Net_id 144
pin_num 2
6 0 0
8 1 0
Net_id 145
pin_num 2
45 49 0
51 51 0
Net_id 146
pin_num 2
28 58 0
28 51 0
Net_id 147
pin_num 2
25 4 0
29 11 0
Net_id 148
pin_num 2
6 3 0
9 16 0
Net_id 149
pin_num 2
32 17 0
27 20 0
Net_id 150
pin_num 2
30 44 0
24 47 0
Net_id 151
pin_num 2
24 49 0
21 55 0
Net_id 152
pin_num 2
2 21 0
14 5 0
Net_id 153
pin_num 2
13 14 0
7 31 0
Net_id 154
pin_num 2
49 47 0
38 40 0
Net_id 155
pin_num 2
31 44 0
43 36 0
Net_id 156
pin_num 2
9 58 0
1 50 0
Net_id 157
pin_num 2
56 30 0
30 6 0
