Width 60
Height 60
Layer 6
Total_WL 6831
Obstacle_num 144
7 56 0 14 57 0
3 38 0 9 39 0
48 57 0 54 58 0
6 18 0 14 19 0
37 43 0 45 44 0
31 10 0 38 11 0
7 21 0 10 22 0
22 9 0 27 10 0
6 9 0 13 10 0
18 41 0 21 42 0
16 43 0 19 44 0
39 46 0 45 47 0
17 1 0 20 2 0
29 39 0 39 40 0
24 55 0 29 56 0
8 26 0 15 27 0
13 37 0 16 38 0
47 5 0 54 6 0
39 37 0 49 38 0
50 42 0 53 43 0
45 35 0 49 36 0
50 44 0 59 45 0
28 0 0 37 1 0
22 4 0 25 5 0
15 36 1 16 45 1
46 16 1 47 21 1
10 3 1 11 7 1
18 1 1 19 8 1
42 14 1 43 21 1
30 0 1 31 7 1
20 39 1 21 49 1
12 19 1 13 24 1
21 39 1 22 42 1
50 22 1 51 29 1
52 9 1 53 16 1
27 29 1 28 34 1
5 49 1 6 53 1
50 41 1 51 50 1
18 24 1 19 28 1
18 31 1 19 41 1
8 3 1 9 12 1
51 43 1 52 52 1
22 34 1 23 40 1
39 40 1 40 49 1
8 36 1 9 44 1
31 2 1 32 7 1
53 30 1 54 36 1
19 26 1 20 36 1
36 52 2 40 53 2
9 28 2 16 29 2
19 46 2 29 47 2
45 12 2 49 13 2
44 41 2 50 42 2
28 58 2 31 59 2
12 19 2 17 20 2
47 17 2 56 18 2
1 12 2 9 13 2
12 16 2 19 17 2
22 0 2 27 1 2
55 25 2 59 26 2
14 38 2 23 39 2
28 51 2 36 52 2
15 9 2 22 10 2
48 52 2 57 53 2
29 19 2 38 20 2
27 56 2 37 57 2
36 0 2 46 1 2
8 6 2 18 7 2
44 50 2 54 51 2
32 54 2 36 55 2
10 36 2 20 37 2
42 23 2 50 24 2
41 35 3 42 38 3
33 32 3 34 35 3
55 38 3 56 45 3
14 35 3 15 44 3
57 10 3 58 20 3
41 20 3 42 27 3
53 2 3 54 12 3
9 23 3 10 26 3
35 12 3 36 20 3
23 3 3 24 13 3
28 39 3 29 43 3
21 21 3 22 25 3
36 24 3 37 34 3
27 55 3 28 59 3
54 27 3 55 35 3
0 5 3 1 15 3
34 33 3 35 42 3
16 21 3 17 26 3
32 18 3 33 27 3
33 16 3 34 25 3
44 47 3 45 52 3
23 25 3 24 33 3
42 5 3 43 13 3
35 38 3 36 47 3
23 21 4 28 22 4
27 6 4 33 7 4
53 42 4 59 43 4
13 13 4 22 14 4
39 2 4 46 3 4
17 25 4 26 26 4
22 39 4 29 40 4
2 16 4 6 17 4
51 29 4 54 30 4
48 41 4 56 42 4
49 21 4 57 22 4
0 51 4 7 52 4
53 5 4 57 6 4
43 39 4 47 40 4
18 54 4 25 55 4
31 21 4 36 22 4
30 17 4 34 18 4
28 14 4 38 15 4
33 40 4 36 41 4
17 27 4 27 28 4
5 38 4 8 39 4
24 45 4 31 46 4
41 22 4 50 23 4
40 6 4 49 7 4
40 46 5 41 54 5
37 20 5 38 30 5
46 20 5 47 26 5
54 17 5 55 27 5
16 39 5 17 49 5
0 13 5 1 21 5
49 12 5 50 20 5
45 37 5 46 40 5
7 37 5 8 47 5
29 12 5 30 18 5
43 22 5 44 32 5
6 3 5 7 6 5
43 50 5 44 56 5
20 11 5 21 19 5
43 4 5 44 12 5
52 49 5 53 59 5
1 37 5 2 41 5
29 40 5 30 47 5
23 0 5 24 4 5
31 6 5 32 13 5
55 5 5 56 9 5
22 35 5 23 38 5
39 15 5 40 21 5
50 17 5 51 21 5
Net_num 157
Net_id 0
pin_num 5
29 51 0
32 55 0
51 55 0
28 59 0
14 56 0
Net_id 1
pin_num 5
28 42 0
34 40 0
49 36 0
39 41 0
49 58 0
Net_id 2
pin_num 5
16 23 0
9 37 0
39 35 0
23 47 0
42 44 0
Net_id 3
pin_num 5
30 23 0
27 22 0
29 20 0
28 28 0
23 20 0
Net_id 4
pin_num 5
40 45 0
38 44 0
40 32 0
40 59 0
56 50 0
Net_id 5
pin_num 5
46 15 0
29 19 0
33 20 0
44 5 0
35 5 0
Net_id 6
pin_num 5
22 5 0
17 13 0
17 0 0
12 5 0
21 0 0
Net_id 7
pin_num 5
6 10 0
12 4 0
0 15 0
1 3 0
7 0 0
Net_id 8
pin_num 5
17 38 0
13 38 0
9 55 0
0 28 0
0 51 0
Net_id 9
pin_num 5
46 16 0
49 26 0
57 24 0
48 8 0
57 16 0
Net_id 10
pin_num 5
50 25 0
41 22 0
29 31 0
32 28 0
32 44 0
Net_id 11
pin_num 5
28 4 0
30 14 0
43 13 0
32 13 0
31 31 0
Net_id 12
pin_num 5
8 29 0
2 26 0
20 26 0
30 26 0
6 35 0
Net_id 13
pin_num 5
31 47 0
24 50 0
24 25 0
8 32 0
33 27 0
Net_id 14
pin_num 5
50 9 0
49 9 0
46 0 0
59 20 0
56 13 0
Net_id 15
pin_num 5
23 52 0
24 57 0
37 54 0
39 59 0
31 49 0
Net_id 16
pin_num 5
39 21 0
43 19 0
42 40 0
48 22 0
23 29 0
Net_id 17
pin_num 5
4 12 0
1 13 0
13 12 0
5 32 0
26 14 0
Net_id 18
pin_num 5
27 46 0
36 38 0
33 34 0
36 58 0
31 28 0
Net_id 19
pin_num 5
0 39 0
15 41 0
11 48 0
5 42 0
10 42 0
Net_id 20
pin_num 4
51 48 0
59 49 0
45 59 0
47 40 0
Net_id 21
pin_num 4
47 1 0
48 19 0
58 7 0
27 0 0
Net_id 22
pin_num 4
50 29 0
58 42 0
59 59 0
59 37 0
Net_id 23
pin_num 4
58 37 0
57 58 0
47 54 0
58 26 0
Net_id 24
pin_num 4
55 15 0
54 4 0
47 27 0
58 19 0
Net_id 25
pin_num 4
24 41 0
29 52 0
24 59 0
28 32 0
Net_id 26
pin_num 4
50 3 0
41 12 0
55 3 0
57 0 0
Net_id 27
pin_num 4
20 30 0
22 18 0
22 8 0
26 3 0
Net_id 28
pin_num 4
21 51 0
31 43 0
30 58 0
38 50 0
Net_id 29
pin_num 4
43 16 0
37 17 0
37 37 0
38 26 0
Net_id 30
pin_num 4
20 59 0
17 49 0
26 44 0
21 49 0
Net_id 31
pin_num 4
33 16 0
29 3 0
43 6 0
18 8 0
Net_id 32
pin_num 4
43 23 0
35 22 0
35 13 0
39 12 0
Net_id 33
pin_num 4
30 27 0
26 19 0
4 14 0
22 27 0
Net_id 34
pin_num 4
13 7 0
4 1 0
8 13 0
1 16 0
Net_id 35
pin_num 4
48 40 0
51 56 0
48 28 0
48 56 0
Net_id 36
pin_num 4
18 31 0
1 27 0
15 18 0
17 39 0
Net_id 37
pin_num 4
44 44 0
40 36 0
35 43 0
40 49 0
Net_id 38
pin_num 4
2 28 0
0 33 0
2 30 0
14 39 0
Net_id 39
pin_num 4
10 15 0
17 29 0
25 28 0
26 38 0
Net_id 40
pin_num 3
25 18 0
28 17 0
25 4 0
Net_id 41
pin_num 3
50 51 0
55 38 0
28 44 0
Net_id 42
pin_num 3
18 18 0
16 24 0
34 20 0
Net_id 43
pin_num 3
28 33 0
34 24 0
59 28 0
Net_id 44
pin_num 3
56 53 0
25 57 0
48 59 0
Net_id 45
pin_num 3
10 49 0
16 37 0
16 50 0
Net_id 46
pin_num 3
20 43 0
23 53 0
37 58 0
Net_id 47
pin_num 3
51 27 0
58 23 0
52 6 0
Net_id 48
pin_num 3
51 31 0
49 27 0
46 24 0
Net_id 49
pin_num 3
32 35 0
27 38 0
30 25 0
Net_id 50
pin_num 3
44 9 0
47 12 0
33 9 0
Net_id 51
pin_num 3
13 17 0
0 16 0
27 24 0
Net_id 52
pin_num 3
52 22 0
48 27 0
31 34 0
Net_id 53
pin_num 3
33 3 0
36 7 0
36 34 0
Net_id 54
pin_num 3
20 54 0
15 50 0
1 50 0
Net_id 55
pin_num 3
25 53 0
13 46 0
13 36 0
Net_id 56
pin_num 3
5 28 0
13 28 0
14 18 0
Net_id 57
pin_num 3
25 5 0
35 7 0
27 15 0
Net_id 58
pin_num 3
12 42 0
25 42 0
30 48 0
Net_id 59
pin_num 3
48 36 0
25 17 0
27 39 0
Net_id 60
pin_num 3
16 12 0
10 29 0
25 30 0
Net_id 61
pin_num 3
56 15 0
58 1 0
49 21 0
Net_id 62
pin_num 3
44 51 0
40 58 0
59 36 0
Net_id 63
pin_num 3
51 3 0
58 16 0
46 4 0
Net_id 64
pin_num 3
58 17 0
34 16 0
44 36 0
Net_id 65
pin_num 3
2 42 0
1 46 0
12 55 0
Net_id 66
pin_num 3
22 36 0
24 26 0
3 35 0
Net_id 67
pin_num 3
3 33 0
9 29 0
19 33 0
Net_id 68
pin_num 3
15 35 0
7 34 0
7 11 0
Net_id 69
pin_num 3
31 3 0
58 10 0
58 6 0
Net_id 70
pin_num 3
20 34 0
13 32 0
23 18 0
Net_id 71
pin_num 3
5 24 0
8 44 0
3 48 0
Net_id 72
pin_num 3
19 38 0
27 28 0
9 30 0
Net_id 73
pin_num 3
22 15 0
15 15 0
18 25 0
Net_id 74
pin_num 3
36 48 0
26 42 0
59 47 0
Net_id 75
pin_num 3
26 32 0
6 16 0
38 27 0
Net_id 76
pin_num 3
31 7 0
20 0 0
18 17 0
Net_id 77
pin_num 3
36 25 0
44 34 0
21 36 0
Net_id 78
pin_num 3
52 24 0
35 32 0
45 14 0
Net_id 79
pin_num 3
46 52 0
56 58 0
43 58 0
Net_id 80
pin_num 3
2 51 0
7 59 0
4 53 0
Net_id 81
pin_num 2
51 59 0
52 59 0
Net_id 82
pin_num 2
58 22 0
53 25 0
Net_id 83
pin_num 2
1 25 0
10 25 0
Net_id 84
pin_num 2
21 7 0
38 18 0
Net_id 85
pin_num 2
32 4 0
28 3 0
Net_id 86
pin_num 2
39 54 0
55 57 0
Net_id 87
pin_num 2
17 21 0
9 19 0
Net_id 88
pin_num 2
53 37 0
43 56 0
Net_id 89
pin_num 2
33 32 0
23 59 0
Net_id 90
pin_num 2
55 55 0
47 34 0
Net_id 91
pin_num 2
33 45 0
14 58 0
Net_id 92
pin_num 2
44 48 0
52 39 0
Net_id 93
pin_num 2
12 29 0
37 49 0
Net_id 94
pin_num 2
32 14 0
47 28 0
Net_id 95
pin_num 2
50 32 0
40 34 0
Net_id 96
pin_num 2
53 46 0
58 46 0
Net_id 97
pin_num 2
50 6 0
39 7 0
Net_id 98
pin_num 2
5 44 0
4 44 0
Net_id 99
pin_num 2
53 29 0
39 38 0
Net_id 100
pin_num 2
33 12 0
17 8 0
Net_id 101
pin_num 2
31 8 0
26 22 0
Net_id 102
pin_num 2
44 59 0
42 52 0
Net_id 103
pin_num 2
5 3 0
1 18 0
Net_id 104
pin_num 2
2 14 0
3 6 0
Net_id 105
pin_num 2
1 41 0
18 23 0
Net_id 106
pin_num 2
48 34 0
56 43 0
Net_id 107
pin_num 2
52 14 0
46 13 0
Net_id 108
pin_num 2
29 38 0
54 57 0
Net_id 109
pin_num 2
24 29 0
46 31 0
Net_id 110
pin_num 2
19 2 0
9 1 0
Net_id 111
pin_num 2
46 18 0
55 14 0
Net_id 112
pin_num 2
48 23 0
44 23 0
Net_id 113
pin_num 2
32 27 0
30 20 0
Net_id 114
pin_num 2
50 43 0
40 24 0
Net_id 115
pin_num 2
55 51 0
46 28 0
Net_id 116
pin_num 2
26 30 0
34 49 0
Net_id 117
pin_num 2
23 3 0
5 11 0
Net_id 118
pin_num 2
12 6 0
24 22 0
Net_id 119
pin_num 2
25 40 0
15 45 0
Net_id 120
pin_num 2
9 57 0
17 57 0
Net_id 121
pin_num 2
7 55 0
38 49 0
Net_id 122
pin_num 2
48 1 0
49 4 0
Net_id 123
pin_num 2
35 2 0
46 27 0
Net_id 124
pin_num 2
17 4 0
7 6 0
Net_id 125
pin_num 2
55 31 0
55 22 0
Net_id 126
pin_num 2
17 35 0
30 16 0
Net_id 127
pin_num 2
1 20 0
27 40 0
Net_id 128
pin_num 2
33 31 0
50 40 0
Net_id 129
pin_num 2
4 37 0
1 35 0
Net_id 130
pin_num 2
13 54 0
7 53 0
Net_id 131
pin_num 2
45 28 0
33 24 0
Net_id 132
pin_num 2
48 13 0
40 18 0
Net_id 133
pin_num 2
32 43 0
35 34 0
Net_id 134
pin_num 2
5 48 0
24 23 0
Net_id 135
pin_num 2
59 45 0
37 48 0
Net_id 136
pin_num 2
53 19 0
58 3 0
Net_id 137
pin_num 2
47 56 0
26 33 0
Net_id 138
pin_num 2
47 20 0
36 20 0
Net_id 139
pin_num 2
50 28 0
55 16 0
Net_id 140
pin_num 2
10 47 0
22 33 0
Net_id 141
pin_num 2
10 55 0
25 33 0
Net_id 142
pin_num 2
20 52 0
27 41 0
Net_id 143
pin_num 2
21 16 0
41 30 0
Net_id 144
pin_num 2
34 28 0
38 45 0
Net_id 145
pin_num 2
4 6 0
23 2 0
Net_id 146
pin_num 2
0 56 0
18 21 0
Net_id 147
pin_num 2
12 46 0
1 57 0
Net_id 148
pin_num 2
33 22 0
17 47 0
Net_id 149
pin_num 2
54 5 0
59 5 0
Net_id 150
pin_num 2
14 9 0
23 6 0
Net_id 151
pin_num 2
36 40 0
51 30 0
Net_id 152
pin_num 2
8 11 0
11 19 0
Net_id 153
pin_num 2
56 22 0
49 22 0
Net_id 154
pin_num 2
59 12 0
50 4 0
Net_id 155
pin_num 2
46 38 0
50 2 0
Net_id 156
pin_num 2
0 10 0
10 22 0
