Width 60
Height 60
Layer 6
Total_WL 6767
Obstacle_num 144
32 22 0 42 23 0
33 35 0 42 36 0
46 52 0 56 53 0
42 36 0 47 37 0
7 35 0 13 36 0
14 5 0 20 6 0
26 15 0 32 16 0
13 37 0 16 38 0
47 37 0 57 38 0
7 54 0 17 55 0
18 37 0 22 38 0
13 42 0 19 43 0
0 32 0 10 33 0
43 45 0 53 46 0
4 18 0 11 19 0
20 29 0 30 30 0
0 46 0 10 47 0
7 3 0 17 4 0
35 34 0 41 35 0
31 31 0 38 32 0
32 40 0 41 41 0
46 29 0 50 30 0
0 31 0 8 32 0
3 14 0 9 15 0
5 23 1 6 33 1
9 48 1 10 57 1
2 37 1 3 44 1
14 13 1 15 20 1
40 12 1 41 20 1
52 36 1 53 39 1
50 21 1 51 26 1
25 42 1 26 52 1
7 47 1 8 53 1
7 43 1 8 46 1
28 26 1 29 35 1
55 46 1 56 53 1
39 6 1 40 15 1
36 0 1 37 6 1
39 44 1 40 52 1
48 43 1 49 51 1
38 17 1 39 21 1
18 28 1 19 38 1
42 27 1 43 30 1
55 0 1 56 10 1
6 22 1 7 26 1
2 4 1 3 7 1
54 33 1 55 38 1
39 34 1 40 43 1
31 49 2 35 50 2
15 46 2 25 47 2
27 21 2 33 22 2
52 33 2 55 34 2
7 19 2 17 20 2
26 58 2 29 59 2
12 45 2 16 46 2
55 36 2 59 37 2
34 23 2 44 24 2
0 53 2 5 54 2
48 11 2 55 12 2
49 54 2 52 55 2
42 6 2 52 7 2
26 10 2 33 11 2
34 37 2 42 38 2
24 22 2 32 23 2
15 10 2 22 11 2
22 41 2 28 42 2
15 2 2 18 3 2
16 21 2 22 22 2
18 17 2 27 18 2
6 40 2 13 41 2
28 13 2 35 14 2
13 55 2 17 56 2
56 18 3 57 23 3
32 52 3 33 56 3
29 2 3 30 8 3
18 35 3 19 41 3
38 43 3 39 48 3
22 46 3 23 52 3
30 45 3 31 50 3
26 31 3 27 38 3
31 5 3 32 15 3
1 0 3 2 7 3
17 49 3 18 57 3
15 10 3 16 17 3
12 40 3 13 43 3
37 13 3 38 17 3
40 15 3 41 24 3
41 45 3 42 54 3
23 47 3 24 51 3
1 31 3 2 41 3
31 48 3 32 58 3
52 1 3 53 7 3
36 34 3 37 40 3
43 37 3 44 46 3
43 49 3 44 53 3
57 20 3 58 28 3
18 48 4 27 49 4
19 22 4 23 23 4
49 14 4 54 15 4
53 28 4 57 29 4
11 13 4 20 14 4
36 21 4 43 22 4
27 54 4 34 55 4
2 7 4 9 8 4
12 22 4 18 23 4
12 27 4 17 28 4
26 49 4 33 50 4
37 36 4 44 37 4
3 5 4 10 6 4
40 13 4 45 14 4
54 45 4 57 46 4
21 27 4 27 28 4
39 35 4 48 36 4
44 12 4 48 13 4
44 36 4 53 37 4
18 35 4 27 36 4
50 8 4 54 9 4
15 47 4 18 48 4
10 26 4 17 27 4
50 15 4 56 16 4
49 30 5 50 39 5
34 23 5 35 33 5
44 15 5 45 22 5
37 14 5 38 19 5
28 3 5 29 13 5
57 27 5 58 30 5
52 1 5 53 10 5
35 47 5 36 56 5
42 7 5 43 10 5
9 31 5 10 34 5
29 17 5 30 27 5
2 5 5 3 13 5
12 39 5 13 46 5
48 24 5 49 29 5
26 47 5 27 51 5
5 15 5 6 20 5
26 6 5 27 10 5
40 20 5 41 29 5
29 56 5 30 59 5
1 8 5 2 16 5
11 42 5 12 45 5
1 35 5 2 42 5
39 9 5 40 13 5
15 37 5 16 40 5
Net_num 156
Net_id 0
pin_num 5
26 2 0
37 0 0
37 8 0
21 8 0
37 19 0
Net_id 1
pin_num 5
26 18 0
23 30 0
33 26 0
5 19 0
13 27 0
Net_id 2
pin_num 5
39 56 0
24 58 0
27 44 0
23 55 0
9 58 0
Net_id 3
pin_num 5
51 29 0
40 36 0
46 55 0
42 52 0
47 33 0
Net_id 4
pin_num 5
53 32 0
53 27 0
53 22 0
56 27 0
48 27 0
Net_id 5
pin_num 5
48 31 0
41 43 0
52 59 0
44 56 0
41 54 0
Net_id 6
pin_num 5
57 15 0
52 21 0
34 15 0
59 29 0
32 19 0
Net_id 7
pin_num 5
27 3 0
22 0 0
23 31 0
39 18 0
24 23 0
Net_id 8
pin_num 5
48 17 0
50 20 0
58 28 0
53 13 0
50 0 0
Net_id 9
pin_num 5
18 18 0
8 15 0
8 28 0
18 15 0
10 34 0
Net_id 10
pin_num 5
32 59 0
38 59 0
14 59 0
28 40 0
36 48 0
Net_id 11
pin_num 5
29 55 0
19 49 0
13 59 0
0 56 0
17 49 0
Net_id 12
pin_num 5
36 13 0
24 13 0
34 6 0
4 13 0
35 14 0
Net_id 13
pin_num 5
34 55 0
26 53 0
22 57 0
3 57 0
25 54 0
Net_id 14
pin_num 5
22 26 0
21 35 0
32 32 0
38 31 0
30 29 0
Net_id 15
pin_num 5
10 20 0
16 22 0
0 33 0
9 33 0
0 49 0
Net_id 16
pin_num 5
31 38 0
33 41 0
45 38 0
43 14 0
41 25 0
Net_id 17
pin_num 5
27 23 0
27 21 0
55 23 0
36 36 0
33 17 0
Net_id 18
pin_num 5
59 47 0
58 55 0
47 59 0
38 57 0
54 54 0
Net_id 19
pin_num 5
58 19 0
54 20 0
51 6 0
55 28 0
54 28 0
Net_id 20
pin_num 4
42 11 0
28 14 0
47 0 0
32 9 0
Net_id 21
pin_num 4
42 42 0
53 51 0
47 35 0
52 39 0
Net_id 22
pin_num 4
16 37 0
40 56 0
40 46 0
16 47 0
Net_id 23
pin_num 4
43 4 0
38 1 0
46 27 0
59 8 0
Net_id 24
pin_num 4
53 31 0
48 22 0
42 8 0
51 27 0
Net_id 25
pin_num 4
59 2 0
50 7 0
53 9 0
41 7 0
Net_id 26
pin_num 4
6 48 0
9 59 0
8 38 0
0 19 0
Net_id 27
pin_num 4
20 30 0
22 32 0
0 18 0
12 20 0
Net_id 28
pin_num 4
4 1 0
14 0 0
5 8 0
0 4 0
Net_id 29
pin_num 4
16 41 0
13 44 0
26 43 0
24 54 0
Net_id 30
pin_num 4
57 23 0
55 30 0
45 29 0
57 14 0
Net_id 31
pin_num 4
57 31 0
42 34 0
43 13 0
59 14 0
Net_id 32
pin_num 4
47 53 0
48 57 0
51 44 0
40 53 0
Net_id 33
pin_num 4
48 32 0
52 30 0
50 16 0
37 26 0
Net_id 34
pin_num 4
12 18 0
15 20 0
9 17 0
13 28 0
Net_id 35
pin_num 4
20 53 0
29 47 0
12 59 0
36 58 0
Net_id 36
pin_num 4
38 45 0
43 44 0
14 46 0
17 29 0
Net_id 37
pin_num 4
26 37 0
18 38 0
15 33 0
46 38 0
Net_id 38
pin_num 4
22 17 0
32 24 0
28 11 0
11 14 0
Net_id 39
pin_num 4
6 36 0
12 31 0
8 21 0
22 52 0
Net_id 40
pin_num 4
54 43 0
43 47 0
51 28 0
51 38 0
Net_id 41
pin_num 3
42 56 0
34 58 0
59 56 0
Net_id 42
pin_num 3
49 28 0
30 19 0
56 26 0
Net_id 43
pin_num 3
21 36 0
3 37 0
7 59 0
Net_id 44
pin_num 3
20 43 0
36 51 0
2 33 0
Net_id 45
pin_num 3
16 6 0
33 24 0
49 16 0
Net_id 46
pin_num 3
33 16 0
19 29 0
20 20 0
Net_id 47
pin_num 3
22 20 0
19 30 0
47 25 0
Net_id 48
pin_num 3
24 30 0
44 14 0
56 13 0
Net_id 49
pin_num 3
15 16 0
12 14 0
7 16 0
Net_id 50
pin_num 3
7 28 0
10 14 0
4 25 0
Net_id 51
pin_num 3
17 9 0
1 4 0
15 0 0
Net_id 52
pin_num 3
2 43 0
2 55 0
5 38 0
Net_id 53
pin_num 3
21 43 0
24 32 0
24 56 0
Net_id 54
pin_num 3
25 42 0
27 38 0
35 43 0
Net_id 55
pin_num 3
4 42 0
13 35 0
1 19 0
Net_id 56
pin_num 3
39 37 0
33 32 0
25 35 0
Net_id 57
pin_num 3
54 48 0
50 49 0
59 50 0
Net_id 58
pin_num 3
7 15 0
0 2 0
8 1 0
Net_id 59
pin_num 3
49 11 0
57 5 0
58 30 0
Net_id 60
pin_num 3
39 19 0
48 5 0
53 34 0
Net_id 61
pin_num 3
25 7 0
44 1 0
48 13 0
Net_id 62
pin_num 3
29 54 0
38 55 0
45 59 0
Net_id 63
pin_num 3
22 28 0
39 17 0
44 21 0
Net_id 64
pin_num 3
0 25 0
14 28 0
15 1 0
Net_id 65
pin_num 3
0 16 0
15 21 0
28 27 0
Net_id 66
pin_num 3
57 53 0
55 58 0
50 56 0
Net_id 67
pin_num 3
37 3 0
45 5 0
59 12 0
Net_id 68
pin_num 3
17 23 0
33 12 0
27 0 0
Net_id 69
pin_num 3
20 10 0
38 8 0
27 17 0
Net_id 70
pin_num 3
16 39 0
11 40 0
29 42 0
Net_id 71
pin_num 3
27 24 0
26 35 0
33 47 0
Net_id 72
pin_num 3
27 1 0
41 17 0
30 14 0
Net_id 73
pin_num 3
10 24 0
3 10 0
20 25 0
Net_id 74
pin_num 3
19 24 0
26 30 0
2 23 0
Net_id 75
pin_num 3
29 45 0
37 24 0
23 56 0
Net_id 76
pin_num 3
30 51 0
38 58 0
49 48 0
Net_id 77
pin_num 3
28 38 0
37 20 0
30 50 0
Net_id 78
pin_num 3
35 5 0
26 5 0
21 22 0
Net_id 79
pin_num 2
33 37 0
39 57 0
Net_id 80
pin_num 2
27 16 0
26 21 0
Net_id 81
pin_num 2
3 56 0
0 57 0
Net_id 82
pin_num 2
29 9 0
13 5 0
Net_id 83
pin_num 2
27 32 0
31 27 0
Net_id 84
pin_num 2
25 45 0
12 44 0
Net_id 85
pin_num 2
1 45 0
9 45 0
Net_id 86
pin_num 2
52 3 0
41 12 0
Net_id 87
pin_num 2
52 50 0
34 50 0
Net_id 88
pin_num 2
52 34 0
38 16 0
Net_id 89
pin_num 2
28 56 0
23 54 0
Net_id 90
pin_num 2
47 57 0
42 59 0
Net_id 91
pin_num 2
50 4 0
42 4 0
Net_id 92
pin_num 2
3 18 0
0 9 0
Net_id 93
pin_num 2
26 46 0
0 51 0
Net_id 94
pin_num 2
26 48 0
15 43 0
Net_id 95
pin_num 2
14 11 0
8 30 0
Net_id 96
pin_num 2
13 47 0
23 52 0
Net_id 97
pin_num 2
56 6 0
48 0 0
Net_id 98
pin_num 2
44 5 0
48 16 0
Net_id 99
pin_num 2
11 44 0
2 34 0
Net_id 100
pin_num 2
17 30 0
4 41 0
Net_id 101
pin_num 2
38 5 0
42 30 0
Net_id 102
pin_num 2
41 9 0
29 11 0
Net_id 103
pin_num 2
7 51 0
23 57 0
Net_id 104
pin_num 2
58 7 0
33 14 0
Net_id 105
pin_num 2
27 12 0
50 3 0
Net_id 106
pin_num 2
2 17 0
24 19 0
Net_id 107
pin_num 2
14 14 0
19 22 0
Net_id 108
pin_num 2
10 8 0
41 3 0
Net_id 109
pin_num 2
55 47 0
56 53 0
Net_id 110
pin_num 2
1 26 0
19 41 0
Net_id 111
pin_num 2
37 18 0
36 12 0
Net_id 112
pin_num 2
13 41 0
10 46 0
Net_id 113
pin_num 2
14 38 0
4 43 0
Net_id 114
pin_num 2
53 58 0
37 46 0
Net_id 115
pin_num 2
35 30 0
39 24 0
Net_id 116
pin_num 2
38 53 0
41 52 0
Net_id 117
pin_num 2
36 49 0
37 52 0
Net_id 118
pin_num 2
31 30 0
8 34 0
Net_id 119
pin_num 2
12 43 0
3 47 0
Net_id 120
pin_num 2
36 2 0
58 3 0
Net_id 121
pin_num 2
3 40 0
6 51 0
Net_id 122
pin_num 2
10 37 0
8 31 0
Net_id 123
pin_num 2
41 4 0
26 4 0
Net_id 124
pin_num 2
30 39 0
16 30 0
Net_id 125
pin_num 2
28 47 0
19 50 0
Net_id 126
pin_num 2
7 10 0
3 6 0
Net_id 127
pin_num 2
9 52 0
10 55 0
Net_id 128
pin_num 2
39 20 0
44 17 0
Net_id 129
pin_num 2
53 5 0
47 11 0
Net_id 130
pin_num 2
4 2 0
6 4 0
Net_id 131
pin_num 2
56 57 0
53 59 0
Net_id 132
pin_num 2
28 6 0
33 3 0
Net_id 133
pin_num 2
31 42 0
33 36 0
Net_id 134
pin_num 2
56 17 0
48 3 0
Net_id 135
pin_num 2
37 53 0
30 42 0
Net_id 136
pin_num 2
2 7 0
2 12 0
Net_id 137
pin_num 2
2 41 0
2 47 0
Net_id 138
pin_num 2
45 32 0
55 44 0
Net_id 139
pin_num 2
47 16 0
58 17 0
Net_id 140
pin_num 2
11 12 0
4 21 0
Net_id 141
pin_num 2
1 13 0
18 26 0
Net_id 142
pin_num 2
10 10 0
4 4 0
Net_id 143
pin_num 2
20 34 0
29 34 0
Net_id 144
pin_num 2
30 46 0
41 41 0
Net_id 145
pin_num 2
8 8 0
6 1 0
Net_id 146
pin_num 2
45 43 0
57 30 0
Net_id 147
pin_num 2
26 6 0
19 7 0
Net_id 148
pin_num 2
9 48 0
29 37 0
Net_id 149
pin_num 2
9 23 0
16 26 0
Net_id 150
pin_num 2
2 51 0
2 58 0
Net_id 151
pin_num 2
6 58 0
9 39 0
Net_id 152
pin_num 2
39 49 0
19 56 0
Net_id 153
pin_num 2
56 50 0
32 37 0
Net_id 154
pin_num 2
40 8 0
53 10 0
Net_id 155
pin_num 2
25 5 0
16 20 0
