Width 60
Height 60
Layer 6
Total_WL 6423
Obstacle_num 144
24 41 0 28 42 0
43 57 0 53 58 0
30 13 0 39 14 0
0 26 0 5 27 0
22 1 0 32 2 0
41 26 0 51 27 0
47 6 0 56 7 0
25 5 0 28 6 0
8 39 0 11 40 0
8 57 0 17 58 0
44 14 0 47 15 0
2 15 0 6 16 0
23 24 0 29 25 0
38 0 0 48 1 0
4 1 0 13 2 0
5 19 0 9 20 0
21 44 0 25 45 0
54 33 0 59 34 0
47 21 0 57 22 0
28 46 0 35 47 0
36 37 0 46 38 0
33 31 0 36 32 0
11 10 0 18 11 0
27 11 0 35 12 0
17 25 1 18 35 1
17 51 1 18 54 1
15 19 1 16 25 1
14 37 1 15 43 1
37 31 1 38 37 1
55 36 1 56 46 1
32 44 1 33 52 1
44 56 1 45 59 1
38 39 1 39 43 1
31 46 1 32 49 1
55 14 1 56 19 1
50 27 1 51 34 1
29 16 1 30 25 1
7 6 1 8 9 1
18 24 1 19 28 1
46 51 1 47 58 1
51 31 1 52 39 1
52 10 1 53 14 1
57 36 1 58 43 1
42 27 1 43 32 1
18 36 1 19 43 1
14 26 1 15 32 1
39 34 1 40 37 1
41 26 1 42 32 1
13 9 2 23 10 2
1 54 2 7 55 2
11 13 2 17 14 2
13 31 2 22 32 2
32 22 2 36 23 2
10 33 2 17 34 2
43 18 2 47 19 2
41 32 2 46 33 2
35 49 2 40 50 2
25 53 2 28 54 2
29 50 2 35 51 2
35 18 2 40 19 2
46 33 2 51 34 2
15 51 2 18 52 2
49 17 2 52 18 2
48 40 2 56 41 2
3 9 2 11 10 2
37 57 2 45 58 2
34 1 2 37 2 2
44 55 2 53 56 2
29 45 2 32 46 2
42 11 2 51 12 2
17 27 2 25 28 2
3 45 2 7 46 2
48 32 3 49 39 3
35 14 3 36 17 3
25 34 3 26 38 3
46 39 3 47 45 3
13 1 3 14 9 3
14 23 3 15 33 3
33 18 3 34 21 3
4 25 3 5 28 3
12 10 3 13 13 3
44 39 3 45 48 3
26 35 3 27 43 3
53 19 3 54 29 3
58 48 3 59 53 3
20 39 3 21 48 3
7 17 3 8 25 3
26 19 3 27 24 3
35 17 3 36 25 3
8 29 3 9 35 3
30 30 3 31 35 3
36 18 3 37 25 3
51 1 3 52 4 3
47 26 3 48 33 3
18 5 3 19 9 3
38 27 3 39 31 3
47 34 4 50 35 4
45 40 4 51 41 4
36 23 4 45 24 4
29 7 4 39 8 4
50 33 4 54 34 4
39 35 4 45 36 4
44 3 4 51 4 4
32 30 4 37 31 4
47 46 4 56 47 4
0 3 4 3 4 4
51 11 4 58 12 4
38 17 4 47 18 4
15 45 4 22 46 4
33 13 4 43 14 4
41 6 4 49 7 4
50 48 4 53 49 4
31 23 4 35 24 4
46 15 4 53 16 4
32 2 4 39 3 4
27 5 4 35 6 4
35 50 4 38 51 4
12 33 4 20 34 4
19 48 4 25 49 4
18 35 4 28 36 4
23 6 5 24 9 5
24 31 5 25 39 5
56 10 5 57 18 5
37 26 5 38 33 5
26 46 5 27 55 5
23 38 5 24 43 5
12 5 5 13 10 5
33 37 5 34 46 5
7 27 5 8 36 5
9 12 5 10 21 5
35 46 5 36 50 5
14 50 5 15 55 5
4 22 5 5 26 5
25 16 5 26 21 5
30 14 5 31 21 5
40 14 5 41 18 5
11 0 5 12 5 5
6 37 5 7 47 5
8 6 5 9 13 5
43 55 5 44 59 5
47 12 5 48 21 5
58 6 5 59 14 5
28 29 5 29 33 5
8 25 5 9 31 5
Net_num 155
Net_id 0
pin_num 5
54 0 0
55 10 0
36 10 0
52 9 0
45 8 0
Net_id 1
pin_num 5
58 2 0
43 1 0
47 17 0
33 0 0
33 17 0
Net_id 2
pin_num 5
59 26 0
56 25 0
56 49 0
57 59 0
51 20 0
Net_id 3
pin_num 5
37 38 0
32 38 0
35 50 0
35 55 0
17 50 0
Net_id 4
pin_num 5
23 52 0
38 50 0
27 35 0
30 39 0
36 40 0
Net_id 5
pin_num 5
28 4 0
21 3 0
3 4 0
34 4 0
11 21 0
Net_id 6
pin_num 5
35 20 0
40 18 0
35 33 0
54 26 0
46 8 0
Net_id 7
pin_num 5
22 15 0
15 17 0
19 28 0
26 28 0
23 47 0
Net_id 8
pin_num 5
36 8 0
22 0 0
42 1 0
32 17 0
16 18 0
Net_id 9
pin_num 5
22 3 0
30 3 0
21 14 0
42 6 0
25 0 0
Net_id 10
pin_num 5
8 43 0
23 49 0
44 44 0
18 59 0
16 28 0
Net_id 11
pin_num 5
56 29 0
54 12 0
59 11 0
34 20 0
41 11 0
Net_id 12
pin_num 5
56 16 0
42 15 0
43 8 0
54 13 0
29 13 0
Net_id 13
pin_num 5
21 59 0
14 49 0
0 52 0
30 59 0
11 33 0
Net_id 14
pin_num 5
4 13 0
12 14 0
8 8 0
15 11 0
0 5 0
Net_id 15
pin_num 5
34 18 0
36 32 0
40 48 0
46 21 0
40 25 0
Net_id 16
pin_num 5
4 28 0
8 28 0
26 25 0
12 15 0
0 44 0
Net_id 17
pin_num 5
25 11 0
26 9 0
30 24 0
7 23 0
24 35 0
Net_id 18
pin_num 4
18 22 0
6 23 0
27 19 0
8 7 0
Net_id 19
pin_num 4
5 34 0
0 27 0
1 10 0
25 29 0
Net_id 20
pin_num 4
53 3 0
54 7 0
30 7 0
45 2 0
Net_id 21
pin_num 4
4 19 0
6 18 0
9 24 0
4 40 0
Net_id 22
pin_num 4
33 59 0
38 53 0
34 36 0
46 37 0
Net_id 23
pin_num 4
24 14 0
32 24 0
39 24 0
23 9 0
Net_id 24
pin_num 4
16 56 0
2 59 0
7 53 0
4 47 0
Net_id 25
pin_num 4
47 37 0
47 44 0
56 37 0
44 33 0
Net_id 26
pin_num 4
54 34 0
48 46 0
41 36 0
49 29 0
Net_id 27
pin_num 4
9 5 0
25 2 0
4 0 0
1 4 0
Net_id 28
pin_num 4
27 6 0
19 8 0
17 0 0
26 7 0
Net_id 29
pin_num 4
49 8 0
58 7 0
59 2 0
46 4 0
Net_id 30
pin_num 4
47 7 0
39 9 0
44 25 0
27 12 0
Net_id 31
pin_num 4
8 24 0
3 13 0
8 44 0
10 14 0
Net_id 32
pin_num 4
52 42 0
40 44 0
38 43 0
24 43 0
Net_id 33
pin_num 4
59 27 0
48 24 0
52 36 0
40 26 0
Net_id 34
pin_num 4
47 36 0
42 34 0
49 32 0
45 38 0
Net_id 35
pin_num 4
52 4 0
41 16 0
44 27 0
38 8 0
Net_id 36
pin_num 4
58 37 0
45 41 0
54 54 0
46 58 0
Net_id 37
pin_num 4
30 0 0
17 11 0
19 1 0
33 12 0
Net_id 38
pin_num 3
58 50 0
48 47 0
53 27 0
Net_id 39
pin_num 3
23 0 0
12 5 0
3 1 0
Net_id 40
pin_num 3
9 18 0
3 6 0
20 16 0
Net_id 41
pin_num 3
9 20 0
29 15 0
26 45 0
Net_id 42
pin_num 3
58 45 0
51 48 0
52 56 0
Net_id 43
pin_num 3
29 44 0
35 43 0
26 39 0
Net_id 44
pin_num 3
58 9 0
49 5 0
49 35 0
Net_id 45
pin_num 3
31 19 0
5 23 0
20 1 0
Net_id 46
pin_num 3
52 3 0
35 3 0
35 10 0
Net_id 47
pin_num 3
20 52 0
10 52 0
1 59 0
Net_id 48
pin_num 3
13 40 0
45 47 0
24 54 0
Net_id 49
pin_num 3
19 13 0
28 18 0
10 18 0
Net_id 50
pin_num 3
29 22 0
9 32 0
31 10 0
Net_id 51
pin_num 3
22 46 0
0 47 0
21 31 0
Net_id 52
pin_num 3
11 54 0
25 54 0
12 53 0
Net_id 53
pin_num 3
52 18 0
47 22 0
59 1 0
Net_id 54
pin_num 3
38 33 0
46 35 0
43 50 0
Net_id 55
pin_num 3
44 19 0
28 10 0
31 41 0
Net_id 56
pin_num 3
34 33 0
54 36 0
3 35 0
Net_id 57
pin_num 3
14 20 0
17 36 0
7 29 0
Net_id 58
pin_num 3
3 3 0
2 10 0
10 5 0
Net_id 59
pin_num 3
1 8 0
3 21 0
27 27 0
Net_id 60
pin_num 3
59 44 0
52 44 0
31 42 0
Net_id 61
pin_num 3
25 48 0
16 48 0
22 36 0
Net_id 62
pin_num 3
13 12 0
25 30 0
7 12 0
Net_id 63
pin_num 3
45 1 0
40 11 0
41 25 0
Net_id 64
pin_num 3
31 49 0
25 53 0
51 49 0
Net_id 65
pin_num 3
13 8 0
0 15 0
2 7 0
Net_id 66
pin_num 3
58 10 0
45 5 0
46 22 0
Net_id 67
pin_num 3
55 54 0
58 47 0
58 36 0
Net_id 68
pin_num 3
36 6 0
33 16 0
37 0 0
Net_id 69
pin_num 3
21 15 0
5 16 0
5 7 0
Net_id 70
pin_num 3
17 47 0
3 55 0
31 59 0
Net_id 71
pin_num 3
30 53 0
17 56 0
40 59 0
Net_id 72
pin_num 3
43 5 0
31 5 0
39 2 0
Net_id 73
pin_num 3
13 50 0
4 50 0
18 58 0
Net_id 74
pin_num 3
23 56 0
34 32 0
52 59 0
Net_id 75
pin_num 3
12 3 0
10 10 0
37 1 0
Net_id 76
pin_num 3
48 53 0
29 51 0
25 58 0
Net_id 77
pin_num 3
43 45 0
33 45 0
32 26 0
Net_id 78
pin_num 2
15 13 0
20 8 0
Net_id 79
pin_num 2
58 30 0
50 30 0
Net_id 80
pin_num 2
16 6 0
36 25 0
Net_id 81
pin_num 2
37 31 0
52 31 0
Net_id 82
pin_num 2
55 43 0
35 57 0
Net_id 83
pin_num 2
54 20 0
52 15 0
Net_id 84
pin_num 2
56 34 0
48 27 0
Net_id 85
pin_num 2
55 22 0
47 23 0
Net_id 86
pin_num 2
36 42 0
50 52 0
Net_id 87
pin_num 2
23 35 0
5 22 0
Net_id 88
pin_num 2
59 39 0
49 44 0
Net_id 89
pin_num 2
44 38 0
38 35 0
Net_id 90
pin_num 2
56 59 0
49 51 0
Net_id 91
pin_num 2
44 41 0
37 32 0
Net_id 92
pin_num 2
6 16 0
17 16 0
Net_id 93
pin_num 2
6 57 0
3 56 0
Net_id 94
pin_num 2
57 32 0
45 39 0
Net_id 95
pin_num 2
5 33 0
12 36 0
Net_id 96
pin_num 2
13 58 0
0 50 0
Net_id 97
pin_num 2
25 40 0
20 32 0
Net_id 98
pin_num 2
24 39 0
24 42 0
Net_id 99
pin_num 2
19 44 0
1 55 0
Net_id 100
pin_num 2
11 11 0
16 1 0
Net_id 101
pin_num 2
9 53 0
7 49 0
Net_id 102
pin_num 2
53 38 0
59 56 0
Net_id 103
pin_num 2
24 38 0
39 50 0
Net_id 104
pin_num 2
58 4 0
54 3 0
Net_id 105
pin_num 2
59 6 0
57 22 0
Net_id 106
pin_num 2
26 27 0
32 2 0
Net_id 107
pin_num 2
5 21 0
8 17 0
Net_id 108
pin_num 2
4 32 0
1 44 0
Net_id 109
pin_num 2
28 6 0
38 28 0
Net_id 110
pin_num 2
52 25 0
48 17 0
Net_id 111
pin_num 2
7 39 0
3 25 0
Net_id 112
pin_num 2
7 44 0
2 48 0
Net_id 113
pin_num 2
11 0 0
6 6 0
Net_id 114
pin_num 2
50 0 0
58 11 0
Net_id 115
pin_num 2
45 11 0
57 23 0
Net_id 116
pin_num 2
48 58 0
55 52 0
Net_id 117
pin_num 2
44 24 0
54 25 0
Net_id 118
pin_num 2
34 55 0
16 55 0
Net_id 119
pin_num 2
8 26 0
6 29 0
Net_id 120
pin_num 2
25 16 0
22 24 0
Net_id 121
pin_num 2
36 57 0
59 36 0
Net_id 122
pin_num 2
10 34 0
10 32 0
Net_id 123
pin_num 2
2 41 0
25 31 0
Net_id 124
pin_num 2
46 1 0
56 6 0
Net_id 125
pin_num 2
20 30 0
33 48 0
Net_id 126
pin_num 2
9 29 0
12 31 0
Net_id 127
pin_num 2
47 38 0
58 31 0
Net_id 128
pin_num 2
25 33 0
50 9 0
Net_id 129
pin_num 2
57 10 0
36 4 0
Net_id 130
pin_num 2
44 22 0
19 30 0
Net_id 131
pin_num 2
6 40 0
13 42 0
Net_id 132
pin_num 2
1 33 0
21 16 0
Net_id 133
pin_num 2
58 23 0
58 24 0
Net_id 134
pin_num 2
41 58 0
44 59 0
Net_id 135
pin_num 2
58 18 0
55 31 0
Net_id 136
pin_num 2
34 35 0
28 34 0
Net_id 137
pin_num 2
28 16 0
32 15 0
Net_id 138
pin_num 2
2 16 0
13 14 0
Net_id 139
pin_num 2
47 59 0
43 54 0
Net_id 140
pin_num 2
24 36 0
9 44 0
Net_id 141
pin_num 2
50 15 0
56 22 0
Net_id 142
pin_num 2
43 35 0
45 36 0
Net_id 143
pin_num 2
11 7 0
12 6 0
Net_id 144
pin_num 2
29 38 0
41 32 0
Net_id 145
pin_num 2
1 18 0
14 1 0
Net_id 146
pin_num 2
44 52 0
49 59 0
Net_id 147
pin_num 2
18 26 0
44 29 0
Net_id 148
pin_num 2
55 25 0
45 29 0
Net_id 149
pin_num 2
20 56 0
12 55 0
Net_id 150
pin_num 2
58 22 0
46 6 0
Net_id 151
pin_num 2
18 1 0
17 5 0
Net_id 152
pin_num 2
5 39 0
2 47 0
Net_id 153
pin_num 2
21 53 0
23 51 0
Net_id 154
pin_num 2
54 14 0
46 2 0
