Width 60
Height 60
Layer 6
Total_WL 7064
Obstacle_num 144
23 17 0 32 18 0
30 21 0 36 22 0
9 36 0 12 37 0
5 55 0 12 56 0
43 29 0 50 30 0
37 27 0 47 28 0
40 4 0 48 5 0
49 54 0 53 55 0
42 25 0 51 26 0
47 17 0 54 18 0
5 50 0 10 51 0
29 4 0 32 5 0
17 58 0 23 59 0
7 17 0 15 18 0
19 30 0 23 31 0
41 55 0 45 56 0
1 45 0 8 46 0
12 21 0 18 22 0
19 29 0 26 30 0
39 36 0 47 37 0
5 20 0 12 21 0
17 26 0 26 27 0
12 43 0 18 44 0
19 50 0 27 51 0
1 12 1 2 18 1
34 52 1 35 57 1
9 23 1 10 30 1
25 18 1 26 27 1
58 28 1 59 31 1
8 35 1 9 42 1
1 48 1 2 53 1
51 4 1 52 13 1
10 16 1 11 20 1
28 45 1 29 54 1
7 21 1 8 24 1
50 46 1 51 56 1
39 48 1 40 54 1
19 2 1 20 8 1
29 4 1 30 7 1
18 39 1 19 45 1
54 46 1 55 53 1
16 19 1 17 22 1
45 26 1 46 29 1
56 32 1 57 35 1
20 24 1 21 29 1
52 32 1 53 39 1
4 45 1 5 50 1
46 42 1 47 46 1
37 25 2 47 26 2
36 7 2 46 8 2
17 18 2 21 19 2
8 15 2 11 16 2
5 50 2 14 51 2
16 19 2 25 20 2
21 40 2 30 41 2
35 16 2 43 17 2
22 2 2 28 3 2
20 31 2 25 32 2
17 40 2 20 41 2
45 35 2 51 36 2
6 8 2 10 9 2
55 9 2 59 10 2
44 58 2 54 59 2
24 21 2 33 22 2
5 52 2 15 53 2
51 21 2 56 22 2
54 0 2 57 1 2
45 31 2 55 32 2
11 32 2 14 33 2
43 22 2 50 23 2
24 26 2 28 27 2
43 52 2 48 53 2
42 23 3 43 30 3
21 6 3 22 15 3
19 23 3 20 32 3
22 10 3 23 14 3
48 10 3 49 20 3
10 49 3 11 59 3
4 46 3 5 49 3
32 16 3 33 25 3
50 30 3 51 36 3
53 32 3 54 38 3
57 14 3 58 21 3
35 52 3 36 58 3
7 5 3 8 13 3
16 31 3 17 34 3
41 33 3 42 36 3
31 7 3 32 12 3
50 12 3 51 21 3
45 40 3 46 47 3
3 34 3 4 39 3
3 22 3 4 25 3
35 11 3 36 20 3
22 25 3 23 30 3
14 25 3 15 35 3
20 23 3 21 30 3
31 51 4 34 52 4
30 28 4 34 29 4
5 28 4 9 29 4
1 45 4 6 46 4
45 44 4 53 45 4
44 33 4 53 34 4
34 55 4 39 56 4
37 8 4 42 9 4
10 19 4 16 20 4
40 12 4 44 13 4
24 5 4 34 6 4
35 10 4 45 11 4
28 57 4 37 58 4
25 10 4 29 11 4
39 6 4 48 7 4
28 24 4 36 25 4
21 45 4 30 46 4
2 34 4 7 35 4
7 11 4 17 12 4
47 3 4 50 4 4
37 31 4 45 32 4
25 50 4 34 51 4
31 37 4 40 38 4
2 30 4 8 31 4
32 20 5 33 27 5
23 50 5 24 55 5
55 19 5 56 28 5
4 26 5 5 33 5
41 12 5 42 19 5
28 12 5 29 20 5
4 5 5 5 10 5
17 28 5 18 37 5
56 0 5 57 7 5
7 24 5 8 28 5
44 45 5 45 51 5
45 29 5 46 32 5
37 25 5 38 32 5
50 18 5 51 26 5
51 38 5 52 41 5
46 36 5 47 43 5
3 16 5 4 22 5
23 12 5 24 20 5
33 3 5 34 7 5
38 44 5 39 53 5
43 28 5 44 35 5
45 21 5 46 24 5
12 53 5 13 58 5
49 39 5 50 47 5
Net_num 162
Net_id 0
pin_num 5
28 26 0
20 14 0
34 22 0
7 15 0
21 38 0
Net_id 1
pin_num 5
59 31 0
57 33 0
58 45 0
59 36 0
59 26 0
Net_id 2
pin_num 5
19 35 0
8 27 0
0 35 0
9 19 0
16 34 0
Net_id 3
pin_num 5
45 10 0
39 4 0
43 26 0
39 0 0
26 1 0
Net_id 4
pin_num 5
11 37 0
25 32 0
17 53 0
18 32 0
45 32 0
Net_id 5
pin_num 5
40 9 0
53 8 0
41 24 0
48 14 0
59 17 0
Net_id 6
pin_num 5
1 37 0
8 42 0
8 34 0
2 59 0
9 47 0
Net_id 7
pin_num 5
16 22 0
23 23 0
11 14 0
16 4 0
0 14 0
Net_id 8
pin_num 5
24 45 0
14 44 0
23 59 0
29 58 0
8 59 0
Net_id 9
pin_num 5
39 34 0
31 36 0
31 13 0
40 33 0
35 26 0
Net_id 10
pin_num 5
39 48 0
36 43 0
26 48 0
7 48 0
19 47 0
Net_id 11
pin_num 5
23 49 0
37 49 0
26 45 0
29 32 0
44 35 0
Net_id 12
pin_num 5
59 10 0
51 13 0
28 13 0
50 22 0
59 35 0
Net_id 13
pin_num 5
0 26 0
12 26 0
11 16 0
6 39 0
6 4 0
Net_id 14
pin_num 5
35 10 0
50 15 0
28 15 0
59 9 0
47 5 0
Net_id 15
pin_num 5
42 39 0
51 44 0
57 55 0
37 51 0
52 59 0
Net_id 16
pin_num 5
1 36 0
16 38 0
11 46 0
12 59 0
0 41 0
Net_id 17
pin_num 5
12 46 0
19 49 0
13 58 0
21 59 0
15 26 0
Net_id 18
pin_num 5
7 58 0
5 57 0
7 51 0
0 55 0
21 52 0
Net_id 19
pin_num 5
0 8 0
16 9 0
8 31 0
24 23 0
0 0 0
Net_id 20
pin_num 4
26 54 0
33 54 0
48 49 0
59 55 0
Net_id 21
pin_num 4
33 19 0
23 24 0
32 36 0
44 28 0
Net_id 22
pin_num 4
45 33 0
56 31 0
49 16 0
30 20 0
Net_id 23
pin_num 4
42 1 0
42 11 0
27 3 0
46 14 0
Net_id 24
pin_num 4
34 5 0
42 5 0
38 3 0
38 13 0
Net_id 25
pin_num 4
23 1 0
23 0 0
25 13 0
8 0 0
Net_id 26
pin_num 4
21 32 0
3 25 0
12 49 0
15 30 0
Net_id 27
pin_num 4
17 17 0
22 14 0
21 6 0
17 25 0
Net_id 28
pin_num 4
36 41 0
49 34 0
43 33 0
36 27 0
Net_id 29
pin_num 4
4 28 0
10 22 0
5 49 0
0 32 0
Net_id 30
pin_num 4
51 42 0
43 40 0
40 46 0
44 26 0
Net_id 31
pin_num 4
31 47 0
23 56 0
13 57 0
25 59 0
Net_id 32
pin_num 4
2 24 0
9 24 0
17 24 0
14 23 0
Net_id 33
pin_num 4
54 4 0
46 7 0
45 0 0
55 4 0
Net_id 34
pin_num 4
25 25 0
15 18 0
1 24 0
9 16 0
Net_id 35
pin_num 4
14 15 0
16 25 0
26 15 0
19 0 0
Net_id 36
pin_num 4
6 17 0
0 19 0
6 12 0
1 7 0
Net_id 37
pin_num 4
6 8 0
16 8 0
9 2 0
24 22 0
Net_id 38
pin_num 4
26 53 0
32 47 0
37 59 0
12 51 0
Net_id 39
pin_num 4
29 29 0
25 16 0
47 16 0
48 30 0
Net_id 40
pin_num 3
45 30 0
24 38 0
38 50 0
Net_id 41
pin_num 3
29 55 0
38 52 0
30 52 0
Net_id 42
pin_num 3
58 35 0
46 30 0
46 24 0
Net_id 43
pin_num 3
29 31 0
40 14 0
18 16 0
Net_id 44
pin_num 3
10 10 0
0 20 0
33 17 0
Net_id 45
pin_num 3
32 8 0
27 18 0
26 5 0
Net_id 46
pin_num 3
46 49 0
58 48 0
51 48 0
Net_id 47
pin_num 3
59 56 0
49 41 0
49 53 0
Net_id 48
pin_num 3
35 6 0
22 7 0
3 7 0
Net_id 49
pin_num 3
40 40 0
46 50 0
17 42 0
Net_id 50
pin_num 3
46 1 0
36 14 0
27 5 0
Net_id 51
pin_num 3
52 24 0
54 9 0
50 30 0
Net_id 52
pin_num 3
54 46 0
38 53 0
38 55 0
Net_id 53
pin_num 3
47 52 0
59 57 0
56 36 0
Net_id 54
pin_num 3
0 3 0
8 23 0
0 31 0
Net_id 55
pin_num 3
16 6 0
22 0 0
18 27 0
Net_id 56
pin_num 3
9 38 0
1 43 0
2 22 0
Net_id 57
pin_num 3
14 34 0
19 31 0
1 29 0
Net_id 58
pin_num 3
8 25 0
23 20 0
10 13 0
Net_id 59
pin_num 3
27 25 0
36 25 0
23 5 0
Net_id 60
pin_num 3
2 19 0
12 18 0
0 36 0
Net_id 61
pin_num 3
18 54 0
15 55 0
36 53 0
Net_id 62
pin_num 3
3 31 0
13 26 0
4 13 0
Net_id 63
pin_num 3
42 52 0
26 41 0
35 50 0
Net_id 64
pin_num 3
15 27 0
4 37 0
22 24 0
Net_id 65
pin_num 3
35 23 0
2 33 0
21 5 0
Net_id 66
pin_num 3
19 13 0
30 0 0
17 13 0
Net_id 67
pin_num 3
8 53 0
16 44 0
9 59 0
Net_id 68
pin_num 3
38 21 0
51 24 0
59 58 0
Net_id 69
pin_num 3
24 0 0
46 10 0
9 10 0
Net_id 70
pin_num 3
26 38 0
22 28 0
19 12 0
Net_id 71
pin_num 3
20 46 0
26 57 0
24 53 0
Net_id 72
pin_num 3
0 54 0
4 51 0
9 54 0
Net_id 73
pin_num 3
10 42 0
20 47 0
18 38 0
Net_id 74
pin_num 3
20 23 0
35 14 0
23 35 0
Net_id 75
pin_num 3
43 28 0
30 18 0
28 12 0
Net_id 76
pin_num 3
0 21 0
29 12 0
59 18 0
Net_id 77
pin_num 3
41 11 0
17 12 0
4 11 0
Net_id 78
pin_num 3
21 47 0
16 57 0
2 37 0
Net_id 79
pin_num 3
16 3 0
0 13 0
0 11 0
Net_id 80
pin_num 3
56 5 0
51 1 0
35 7 0
Net_id 81
pin_num 2
18 1 0
25 4 0
Net_id 82
pin_num 2
51 25 0
41 39 0
Net_id 83
pin_num 2
42 46 0
43 50 0
Net_id 84
pin_num 2
47 35 0
58 27 0
Net_id 85
pin_num 2
12 58 0
2 48 0
Net_id 86
pin_num 2
52 29 0
58 46 0
Net_id 87
pin_num 2
2 0 0
1 6 0
Net_id 88
pin_num 2
40 26 0
27 15 0
Net_id 89
pin_num 2
29 10 0
35 2 0
Net_id 90
pin_num 2
0 56 0
10 44 0
Net_id 91
pin_num 2
57 36 0
48 44 0
Net_id 92
pin_num 2
16 56 0
26 44 0
Net_id 93
pin_num 2
2 11 0
6 2 0
Net_id 94
pin_num 2
53 18 0
38 14 0
Net_id 95
pin_num 2
46 22 0
47 27 0
Net_id 96
pin_num 2
0 57 0
8 33 0
Net_id 97
pin_num 2
57 29 0
47 21 0
Net_id 98
pin_num 2
40 48 0
50 45 0
Net_id 99
pin_num 2
29 56 0
19 41 0
Net_id 100
pin_num 2
45 58 0
58 50 0
Net_id 101
pin_num 2
51 38 0
51 32 0
Net_id 102
pin_num 2
59 3 0
38 7 0
Net_id 103
pin_num 2
10 52 0
2 53 0
Net_id 104
pin_num 2
40 49 0
58 26 0
Net_id 105
pin_num 2
39 31 0
58 16 0
Net_id 106
pin_num 2
10 6 0
1 41 0
Net_id 107
pin_num 2
59 46 0
47 28 0
Net_id 108
pin_num 2
22 3 0
13 5 0
Net_id 109
pin_num 2
28 27 0
49 14 0
Net_id 110
pin_num 2
21 27 0
41 38 0
Net_id 111
pin_num 2
55 22 0
41 43 0
Net_id 112
pin_num 2
2 54 0
10 59 0
Net_id 113
pin_num 2
58 14 0
54 14 0
Net_id 114
pin_num 2
59 38 0
55 44 0
Net_id 115
pin_num 2
54 18 0
58 18 0
Net_id 116
pin_num 2
29 46 0
4 50 0
Net_id 117
pin_num 2
44 40 0
54 41 0
Net_id 118
pin_num 2
23 52 0
30 46 0
Net_id 119
pin_num 2
8 15 0
13 14 0
Net_id 120
pin_num 2
49 26 0
47 30 0
Net_id 121
pin_num 2
5 9 0
12 6 0
Net_id 122
pin_num 2
57 37 0
48 37 0
Net_id 123
pin_num 2
49 18 0
57 2 0
Net_id 124
pin_num 2
33 36 0
40 21 0
Net_id 125
pin_num 2
11 6 0
14 11 0
Net_id 126
pin_num 2
45 22 0
35 9 0
Net_id 127
pin_num 2
13 32 0
3 22 0
Net_id 128
pin_num 2
54 47 0
42 56 0
Net_id 129
pin_num 2
34 37 0
40 47 0
Net_id 130
pin_num 2
41 2 0
39 17 0
Net_id 131
pin_num 2
39 24 0
56 27 0
Net_id 132
pin_num 2
48 10 0
57 25 0
Net_id 133
pin_num 2
26 12 0
14 16 0
Net_id 134
pin_num 2
27 30 0
44 19 0
Net_id 135
pin_num 2
37 13 0
20 11 0
Net_id 136
pin_num 2
36 18 0
27 14 0
Net_id 137
pin_num 2
57 5 0
36 9 0
Net_id 138
pin_num 2
8 46 0
2 43 0
Net_id 139
pin_num 2
56 23 0
56 25 0
Net_id 140
pin_num 2
5 44 0
2 39 0
Net_id 141
pin_num 2
34 58 0
11 34 0
Net_id 142
pin_num 2
53 49 0
50 56 0
Net_id 143
pin_num 2
51 8 0
55 12 0
Net_id 144
pin_num 2
7 13 0
36 33 0
Net_id 145
pin_num 2
1 14 0
17 27 0
Net_id 146
pin_num 2
52 32 0
58 58 0
Net_id 147
pin_num 2
47 14 0
52 20 0
Net_id 148
pin_num 2
30 1 0
35 0 0
Net_id 149
pin_num 2
55 27 0
43 43 0
Net_id 150
pin_num 2
14 55 0
10 54 0
Net_id 151
pin_num 2
15 52 0
9 46 0
Net_id 152
pin_num 2
16 37 0
33 53 0
Net_id 153
pin_num 2
37 57 0
36 40 0
Net_id 154
pin_num 2
38 2 0
43 0 0
Net_id 155
pin_num 2
36 22 0
39 23 0
Net_id 156
pin_num 2
44 51 0
25 57 0
Net_id 157
pin_num 2
52 6 0
33 29 0
Net_id 158
pin_num 2
16 11 0
20 9 0
Net_id 159
pin_num 2
42 38 0
54 42 0
Net_id 160
pin_num 2
32 9 0
23 9 0
Net_id 161
pin_num 2
34 12 0
26 4 0
