Width 60
Height 60
Layer 6
Total_WL 6943
Obstacle_num 144
30 37 0 37 38 0
8 15 0 16 16 0
8 24 0 14 25 0
33 4 0 43 5 0
16 12 0 25 13 0
14 14 0 18 15 0
30 48 0 39 49 0
16 31 0 22 32 0
37 7 0 40 8 0
11 3 0 21 4 0
33 38 0 40 39 0
34 8 0 43 9 0
22 4 0 32 5 0
24 31 0 31 32 0
36 15 0 46 16 0
48 8 0 58 9 0
53 32 0 59 33 0
14 10 0 19 11 0
7 27 0 15 28 0
2 49 0 11 50 0
23 49 0 28 50 0
12 29 0 17 30 0
36 31 0 46 32 0
44 3 0 50 4 0
36 2 1 37 8 1
50 6 1 51 15 1
57 3 1 58 8 1
39 50 1 40 58 1
28 13 1 29 17 1
51 24 1 52 30 1
49 0 1 50 7 1
34 10 1 35 15 1
20 18 1 21 26 1
28 36 1 29 46 1
36 21 1 37 26 1
41 4 1 42 14 1
10 14 1 11 18 1
32 31 1 33 39 1
8 47 1 9 55 1
26 39 1 27 42 1
4 38 1 5 44 1
31 21 1 32 31 1
23 6 1 24 9 1
5 23 1 6 32 1
32 14 1 33 23 1
39 5 1 40 8 1
39 41 1 40 48 1
31 7 1 32 16 1
30 15 2 39 16 2
41 54 2 48 55 2
16 21 2 25 22 2
32 4 2 35 5 2
10 20 2 18 21 2
25 17 2 28 18 2
30 49 2 39 50 2
9 32 2 17 33 2
40 29 2 49 30 2
15 19 2 18 20 2
18 6 2 28 7 2
14 46 2 18 47 2
3 11 2 7 12 2
3 16 2 7 17 2
43 19 2 50 20 2
24 23 2 29 24 2
27 9 2 31 10 2
45 42 2 55 43 2
27 56 2 34 57 2
21 19 2 25 20 2
1 50 2 9 51 2
22 50 2 31 51 2
52 44 2 56 45 2
54 11 2 59 12 2
48 47 3 49 51 3
22 17 3 23 24 3
0 28 3 1 32 3
1 34 3 2 39 3
54 31 3 55 40 3
5 38 3 6 43 3
6 19 3 7 29 3
44 45 3 45 52 3
28 33 3 29 37 3
17 33 3 18 41 3
41 48 3 42 56 3
11 23 3 12 33 3
4 6 3 5 14 3
56 2 3 57 8 3
32 0 3 33 8 3
38 18 3 39 25 3
37 27 3 38 35 3
18 37 3 19 45 3
54 25 3 55 30 3
3 24 3 4 27 3
57 0 3 58 9 3
46 1 3 47 4 3
23 3 3 24 6 3
7 25 3 8 35 3
2 2 4 11 3 4
12 22 4 18 23 4
3 58 4 10 59 4
8 15 4 18 16 4
37 57 4 40 58 4
1 1 4 9 2 4
45 36 4 53 37 4
35 22 4 38 23 4
47 43 4 50 44 4
39 7 4 42 8 4
32 27 4 39 28 4
5 36 4 14 37 4
30 2 4 40 3 4
38 4 4 41 5 4
25 48 4 31 49 4
31 51 4 34 52 4
45 31 4 51 32 4
48 11 4 58 12 4
31 25 4 39 26 4
5 57 4 10 58 4
29 29 4 39 30 4
17 46 4 26 47 4
22 3 4 29 4 4
47 14 4 57 15 4
47 7 5 48 17 5
53 14 5 54 18 5
26 34 5 27 41 5
42 11 5 43 15 5
30 37 5 31 42 5
17 16 5 18 21 5
34 17 5 35 23 5
47 45 5 48 51 5
12 49 5 13 59 5
30 26 5 31 35 5
6 10 5 7 14 5
27 35 5 28 41 5
37 5 5 38 8 5
56 32 5 57 39 5
40 14 5 41 24 5
15 2 5 16 10 5
22 25 5 23 33 5
52 42 5 53 46 5
44 19 5 45 27 5
22 18 5 23 24 5
49 11 5 50 17 5
49 0 5 50 9 5
24 10 5 25 18 5
45 44 5 46 51 5
Net_num 161
Net_id 0
pin_num 5
3 4 0
0 3 0
10 13 0
0 12 0
4 25 0
Net_id 1
pin_num 5
21 24 0
10 23 0
17 40 0
15 44 0
2 31 0
Net_id 2
pin_num 5
0 25 0
1 17 0
9 13 0
3 29 0
12 19 0
Net_id 3
pin_num 5
24 40 0
21 39 0
44 39 0
21 33 0
59 38 0
Net_id 4
pin_num 5
24 9 0
28 17 0
28 27 0
39 21 0
18 14 0
Net_id 5
pin_num 5
20 37 0
14 47 0
2 37 0
15 26 0
32 47 0
Net_id 6
pin_num 5
54 54 0
52 53 0
52 41 0
47 53 0
54 39 0
Net_id 7
pin_num 5
28 14 0
25 13 0
25 29 0
29 14 0
31 29 0
Net_id 8
pin_num 5
45 9 0
37 19 0
43 32 0
54 24 0
29 13 0
Net_id 9
pin_num 5
4 19 0
1 20 0
3 15 0
1 43 0
18 27 0
Net_id 10
pin_num 5
15 12 0
7 23 0
7 6 0
14 0 0
7 19 0
Net_id 11
pin_num 5
43 43 0
45 35 0
37 39 0
45 51 0
47 59 0
Net_id 12
pin_num 5
52 3 0
58 3 0
56 15 0
59 6 0
56 28 0
Net_id 13
pin_num 5
52 4 0
44 8 0
52 0 0
51 5 0
53 5 0
Net_id 14
pin_num 5
52 5 0
41 2 0
59 13 0
45 23 0
44 4 0
Net_id 15
pin_num 5
9 57 0
13 57 0
22 57 0
10 40 0
23 59 0
Net_id 16
pin_num 5
47 42 0
36 42 0
56 42 0
42 40 0
55 36 0
Net_id 17
pin_num 5
40 11 0
35 11 0
59 10 0
40 16 0
47 29 0
Net_id 18
pin_num 5
18 17 0
18 22 0
11 13 0
9 14 0
1 6 0
Net_id 19
pin_num 5
54 58 0
59 53 0
58 41 0
53 48 0
59 52 0
Net_id 20
pin_num 5
2 1 0
8 2 0
19 1 0
7 5 0
12 0 0
Net_id 21
pin_num 5
58 18 0
44 18 0
21 18 0
31 0 0
7 15 0
Net_id 22
pin_num 4
21 59 0
15 52 0
18 41 0
11 42 0
Net_id 23
pin_num 4
33 17 0
24 25 0
40 25 0
25 32 0
Net_id 24
pin_num 4
36 21 0
29 32 0
26 28 0
19 27 0
Net_id 25
pin_num 4
44 5 0
31 6 0
31 16 0
43 33 0
Net_id 26
pin_num 4
22 33 0
32 33 0
23 38 0
36 33 0
Net_id 27
pin_num 4
21 22 0
30 16 0
27 41 0
49 30 0
Net_id 28
pin_num 4
59 27 0
52 34 0
41 28 0
57 35 0
Net_id 29
pin_num 4
41 41 0
49 41 0
41 36 0
33 36 0
Net_id 30
pin_num 4
22 53 0
29 54 0
29 39 0
46 53 0
Net_id 31
pin_num 4
31 41 0
38 29 0
27 39 0
23 37 0
Net_id 32
pin_num 4
53 35 0
51 38 0
59 24 0
52 55 0
Net_id 33
pin_num 4
37 44 0
36 51 0
48 47 0
48 58 0
Net_id 34
pin_num 4
32 11 0
38 16 0
18 16 0
24 59 0
Net_id 35
pin_num 4
1 7 0
9 7 0
10 11 0
13 8 0
Net_id 36
pin_num 4
8 7 0
10 21 0
11 18 0
0 32 0
Net_id 37
pin_num 4
15 43 0
7 43 0
11 25 0
20 26 0
Net_id 38
pin_num 4
59 20 0
44 17 0
42 23 0
53 0 0
Net_id 39
pin_num 4
6 32 0
3 33 0
38 33 0
20 13 0
Net_id 40
pin_num 4
51 14 0
44 13 0
54 19 0
47 16 0
Net_id 41
pin_num 4
39 40 0
41 43 0
40 58 0
26 46 0
Net_id 42
pin_num 4
19 33 0
13 35 0
18 46 0
22 35 0
Net_id 43
pin_num 3
42 26 0
51 41 0
40 34 0
Net_id 44
pin_num 3
33 22 0
57 28 0
53 19 0
Net_id 45
pin_num 3
11 32 0
10 36 0
10 26 0
Net_id 46
pin_num 3
32 45 0
30 26 0
25 57 0
Net_id 47
pin_num 3
48 7 0
58 21 0
40 7 0
Net_id 48
pin_num 3
20 21 0
12 23 0
22 30 0
Net_id 49
pin_num 3
42 33 0
26 13 0
52 13 0
Net_id 50
pin_num 3
29 23 0
42 32 0
40 38 0
Net_id 51
pin_num 3
46 2 0
57 9 0
59 3 0
Net_id 52
pin_num 3
43 55 0
19 58 0
35 40 0
Net_id 53
pin_num 3
8 50 0
6 42 0
0 48 0
Net_id 54
pin_num 3
19 38 0
2 43 0
0 47 0
Net_id 55
pin_num 3
53 13 0
55 9 0
36 6 0
Net_id 56
pin_num 3
30 28 0
26 30 0
38 35 0
Net_id 57
pin_num 3
15 58 0
3 41 0
24 57 0
Net_id 58
pin_num 3
8 45 0
0 40 0
2 12 0
Net_id 59
pin_num 3
16 6 0
18 19 0
36 19 0
Net_id 60
pin_num 3
16 34 0
25 36 0
31 54 0
Net_id 61
pin_num 3
15 41 0
32 52 0
12 56 0
Net_id 62
pin_num 3
6 59 0
2 38 0
3 52 0
Net_id 63
pin_num 3
59 44 0
46 38 0
46 52 0
Net_id 64
pin_num 3
36 0 0
20 5 0
47 5 0
Net_id 65
pin_num 3
41 21 0
48 21 0
57 10 0
Net_id 66
pin_num 3
10 5 0
8 20 0
3 10 0
Net_id 67
pin_num 3
41 30 0
48 32 0
46 25 0
Net_id 68
pin_num 3
55 31 0
59 21 0
29 38 0
Net_id 69
pin_num 3
20 56 0
3 54 0
2 41 0
Net_id 70
pin_num 3
8 17 0
19 5 0
6 17 0
Net_id 71
pin_num 3
45 34 0
38 40 0
41 32 0
Net_id 72
pin_num 3
57 12 0
57 22 0
58 4 0
Net_id 73
pin_num 3
0 56 0
21 56 0
19 48 0
Net_id 74
pin_num 3
7 51 0
1 58 0
12 53 0
Net_id 75
pin_num 3
26 40 0
44 52 0
33 45 0
Net_id 76
pin_num 3
35 28 0
23 13 0
38 25 0
Net_id 77
pin_num 3
36 32 0
19 18 0
58 16 0
Net_id 78
pin_num 3
49 1 0
20 1 0
15 13 0
Net_id 79
pin_num 3
5 32 0
1 46 0
37 0 0
Net_id 80
pin_num 3
55 26 0
51 17 0
59 35 0
Net_id 81
pin_num 3
50 57 0
57 54 0
50 37 0
Net_id 82
pin_num 2
16 4 0
11 9 0
Net_id 83
pin_num 2
26 50 0
13 34 0
Net_id 84
pin_num 2
2 9 0
8 28 0
Net_id 85
pin_num 2
10 55 0
20 49 0
Net_id 86
pin_num 2
58 23 0
48 23 0
Net_id 87
pin_num 2
2 42 0
15 25 0
Net_id 88
pin_num 2
43 27 0
55 12 0
Net_id 89
pin_num 2
41 46 0
27 54 0
Net_id 90
pin_num 2
52 22 0
57 38 0
Net_id 91
pin_num 2
39 50 0
48 50 0
Net_id 92
pin_num 2
36 13 0
29 19 0
Net_id 93
pin_num 2
56 53 0
55 52 0
Net_id 94
pin_num 2
31 3 0
48 22 0
Net_id 95
pin_num 2
23 2 0
11 10 0
Net_id 96
pin_num 2
12 47 0
7 57 0
Net_id 97
pin_num 2
11 45 0
24 41 0
Net_id 98
pin_num 2
58 55 0
46 45 0
Net_id 99
pin_num 2
8 33 0
9 30 0
Net_id 100
pin_num 2
6 48 0
9 45 0
Net_id 101
pin_num 2
55 37 0
35 14 0
Net_id 102
pin_num 2
44 40 0
48 43 0
Net_id 103
pin_num 2
0 49 0
6 53 0
Net_id 104
pin_num 2
55 33 0
42 20 0
Net_id 105
pin_num 2
19 45 0
22 47 0
Net_id 106
pin_num 2
41 10 0
19 2 0
Net_id 107
pin_num 2
27 50 0
42 51 0
Net_id 108
pin_num 2
3 5 0
11 11 0
Net_id 109
pin_num 2
24 43 0
43 37 0
Net_id 110
pin_num 2
14 59 0
9 55 0
Net_id 111
pin_num 2
24 19 0
19 30 0
Net_id 112
pin_num 2
0 57 0
12 45 0
Net_id 113
pin_num 2
45 0 0
35 19 0
Net_id 114
pin_num 2
37 54 0
16 40 0
Net_id 115
pin_num 2
6 26 0
9 23 0
Net_id 116
pin_num 2
34 17 0
38 21 0
Net_id 117
pin_num 2
52 10 0
47 7 0
Net_id 118
pin_num 2
33 51 0
35 31 0
Net_id 119
pin_num 2
7 42 0
8 36 0
Net_id 120
pin_num 2
58 24 0
47 44 0
Net_id 121
pin_num 2
18 32 0
14 30 0
Net_id 122
pin_num 2
33 20 0
50 32 0
Net_id 123
pin_num 2
10 34 0
6 40 0
Net_id 124
pin_num 2
45 58 0
26 22 0
Net_id 125
pin_num 2
8 39 0
14 28 0
Net_id 126
pin_num 2
56 49 0
36 56 0
Net_id 127
pin_num 2
20 50 0
22 52 0
Net_id 128
pin_num 2
32 6 0
48 5 0
Net_id 129
pin_num 2
9 44 0
11 51 0
Net_id 130
pin_num 2
21 58 0
25 58 0
Net_id 131
pin_num 2
5 27 0
30 43 0
Net_id 132
pin_num 2
14 13 0
9 4 0
Net_id 133
pin_num 2
56 59 0
57 41 0
Net_id 134
pin_num 2
36 12 0
19 16 0
Net_id 135
pin_num 2
50 30 0
57 0 0
Net_id 136
pin_num 2
32 20 0
16 36 0
Net_id 137
pin_num 2
46 21 0
46 29 0
Net_id 138
pin_num 2
50 34 0
50 41 0
Net_id 139
pin_num 2
5 29 0
19 32 0
Net_id 140
pin_num 2
35 44 0
22 32 0
Net_id 141
pin_num 2
6 39 0
1 39 0
Net_id 142
pin_num 2
27 6 0
29 12 0
Net_id 143
pin_num 2
6 35 0
6 54 0
Net_id 144
pin_num 2
21 28 0
5 36 0
Net_id 145
pin_num 2
4 20 0
2 6 0
Net_id 146
pin_num 2
34 39 0
54 22 0
Net_id 147
pin_num 2
31 7 0
42 13 0
Net_id 148
pin_num 2
1 29 0
21 42 0
Net_id 149
pin_num 2
14 26 0
13 20 0
Net_id 150
pin_num 2
20 15 0
32 28 0
Net_id 151
pin_num 2
37 37 0
42 36 0
Net_id 152
pin_num 2
20 42 0
23 40 0
Net_id 153
pin_num 2
19 15 0
16 13 0
Net_id 154
pin_num 2
39 45 0
57 26 0
Net_id 155
pin_num 2
39 57 0
36 59 0
Net_id 156
pin_num 2
44 12 0
53 1 0
Net_id 157
pin_num 2
58 34 0
54 34 0
Net_id 158
pin_num 2
51 40 0
59 33 0
Net_id 159
pin_num 2
53 38 0
45 20 0
Net_id 160
pin_num 2
12 25 0
23 28 0
