Width 60
Height 60
Layer 6
Total_WL 7235
Obstacle_num 144
30 6 0 40 7 0
5 45 0 12 46 0
41 55 0 44 56 0
43 51 0 52 52 0
9 10 0 19 11 0
48 27 0 54 28 0
27 27 0 33 28 0
5 53 0 10 54 0
21 43 0 26 44 0
33 45 0 36 46 0
26 46 0 36 47 0
53 24 0 59 25 0
21 33 0 24 34 0
23 24 0 26 25 0
17 58 0 24 59 0
33 35 0 40 36 0
35 4 0 43 5 0
45 56 0 54 57 0
0 21 0 6 22 0
54 15 0 59 16 0
13 15 0 18 16 0
2 1 0 5 2 0
12 23 0 19 24 0
50 49 0 53 50 0
14 30 1 15 37 1
41 18 1 42 22 1
52 46 1 53 54 1
57 11 1 58 21 1
0 25 1 1 35 1
55 18 1 56 22 1
15 19 1 16 26 1
45 10 1 46 20 1
27 37 1 28 43 1
9 37 1 10 41 1
17 53 1 18 59 1
19 22 1 20 30 1
20 42 1 21 52 1
22 24 1 23 29 1
18 16 1 19 24 1
38 34 1 39 43 1
53 51 1 54 57 1
46 22 1 47 26 1
16 2 1 17 11 1
25 32 1 26 37 1
47 17 1 48 20 1
20 55 1 21 59 1
14 12 1 15 20 1
57 28 1 58 36 1
50 44 2 53 45 2
2 8 2 6 9 2
19 10 2 26 11 2
13 29 2 20 30 2
2 30 2 11 31 2
14 7 2 20 8 2
19 57 2 27 58 2
21 13 2 30 14 2
47 32 2 53 33 2
37 30 2 41 31 2
35 32 2 42 33 2
34 8 2 42 9 2
6 37 2 13 38 2
5 46 2 15 47 2
14 16 2 22 17 2
0 12 2 4 13 2
1 35 2 10 36 2
1 2 2 9 3 2
8 24 2 12 25 2
15 30 2 24 31 2
41 53 2 48 54 2
0 41 2 7 42 2
7 27 2 11 28 2
16 39 2 21 40 2
1 52 3 2 56 3
43 37 3 44 47 3
6 49 3 7 53 3
53 36 3 54 46 3
44 29 3 45 32 3
21 55 3 22 59 3
54 3 3 55 11 3
0 12 3 1 16 3
29 9 3 30 15 3
36 48 3 37 53 3
9 18 3 10 24 3
1 26 3 2 30 3
3 14 3 4 22 3
32 18 3 33 25 3
17 18 3 18 26 3
14 33 3 15 42 3
23 48 3 24 53 3
4 19 3 5 25 3
27 13 3 28 20 3
35 5 3 36 11 3
42 6 3 43 15 3
50 46 3 51 53 3
58 4 3 59 12 3
6 17 3 7 21 3
15 29 4 18 30 4
44 24 4 53 25 4
45 31 4 50 32 4
15 14 4 25 15 4
26 31 4 33 32 4
52 35 4 57 36 4
30 45 4 39 46 4
28 23 4 32 24 4
44 0 4 50 1 4
50 56 4 59 57 4
37 31 4 45 32 4
44 15 4 53 16 4
41 21 4 49 22 4
3 27 4 12 28 4
11 35 4 15 36 4
32 11 4 39 12 4
33 29 4 42 30 4
51 50 4 55 51 4
40 3 4 44 4 4
42 19 4 47 20 4
17 0 4 24 1 4
47 10 4 55 11 4
45 54 4 54 55 4
29 4 4 32 5 4
14 15 5 15 21 5
21 25 5 22 34 5
9 33 5 10 41 5
55 41 5 56 51 5
54 36 5 55 45 5
35 40 5 36 43 5
10 36 5 11 42 5
44 41 5 45 46 5
32 23 5 33 29 5
38 11 5 39 15 5
11 24 5 12 33 5
32 50 5 33 58 5
18 1 5 19 10 5
33 55 5 34 59 5
53 27 5 54 32 5
16 4 5 17 11 5
53 48 5 54 53 5
24 10 5 25 17 5
50 37 5 51 40 5
57 27 5 58 31 5
17 7 5 18 17 5
29 54 5 30 58 5
54 6 5 55 12 5
46 31 5 47 37 5
Net_num 163
Net_id 0
pin_num 5
56 47 0
54 51 0
56 33 0
55 39 0
59 52 0
Net_id 1
pin_num 5
18 13 0
29 11 0
28 5 0
28 34 0
17 0 0
Net_id 2
pin_num 5
31 18 0
18 18 0
13 14 0
20 15 0
13 35 0
Net_id 3
pin_num 5
10 16 0
23 22 0
24 0 0
21 4 0
7 1 0
Net_id 4
pin_num 5
59 18 0
49 22 0
51 4 0
51 0 0
59 15 0
Net_id 5
pin_num 5
59 8 0
55 10 0
59 20 0
57 3 0
53 20 0
Net_id 6
pin_num 5
45 33 0
48 45 0
59 38 0
57 43 0
48 17 0
Net_id 7
pin_num 5
0 46 0
6 30 0
10 38 0
1 20 0
5 29 0
Net_id 8
pin_num 5
54 48 0
42 46 0
58 53 0
59 53 0
45 53 0
Net_id 9
pin_num 5
49 17 0
55 22 0
35 19 0
20 19 0
0 19 0
Net_id 10
pin_num 5
32 30 0
22 36 0
33 36 0
31 47 0
9 47 0
Net_id 11
pin_num 5
51 28 0
46 21 0
59 26 0
57 41 0
56 11 0
Net_id 12
pin_num 5
29 51 0
16 52 0
1 59 0
1 51 0
0 39 0
Net_id 13
pin_num 5
35 3 0
21 8 0
53 3 0
46 13 0
26 28 0
Net_id 14
pin_num 5
49 36 0
41 51 0
44 49 0
32 57 0
49 52 0
Net_id 15
pin_num 5
17 31 0
21 37 0
6 36 0
24 41 0
21 56 0
Net_id 16
pin_num 5
57 19 0
58 25 0
56 31 0
44 20 0
39 19 0
Net_id 17
pin_num 5
5 4 0
9 4 0
11 14 0
9 12 0
15 3 0
Net_id 18
pin_num 5
32 32 0
24 29 0
25 20 0
24 21 0
28 0 0
Net_id 19
pin_num 5
21 29 0
12 26 0
17 7 0
17 33 0
2 35 0
Net_id 20
pin_num 4
39 12 0
57 12 0
40 31 0
47 16 0
Net_id 21
pin_num 4
34 4 0
26 11 0
32 1 0
26 2 0
Net_id 22
pin_num 4
50 36 0
59 36 0
59 27 0
57 52 0
Net_id 23
pin_num 4
1 28 0
12 25 0
7 17 0
2 16 0
Net_id 24
pin_num 4
30 49 0
43 52 0
38 59 0
42 59 0
Net_id 25
pin_num 4
14 43 0
9 29 0
6 40 0
10 44 0
Net_id 26
pin_num 4
27 26 0
30 24 0
14 24 0
25 31 0
Net_id 27
pin_num 4
56 30 0
52 31 0
53 23 0
57 49 0
Net_id 28
pin_num 4
43 14 0
45 2 0
45 21 0
27 6 0
Net_id 29
pin_num 4
9 11 0
18 8 0
35 9 0
16 24 0
Net_id 30
pin_num 4
40 23 0
52 20 0
29 20 0
46 2 0
Net_id 31
pin_num 4
36 23 0
39 17 0
26 23 0
27 21 0
Net_id 32
pin_num 4
29 35 0
22 35 0
23 50 0
41 35 0
Net_id 33
pin_num 4
27 5 0
7 0 0
24 7 0
8 6 0
Net_id 34
pin_num 4
27 14 0
16 17 0
23 30 0
22 17 0
Net_id 35
pin_num 4
29 22 0
11 23 0
0 35 0
0 15 0
Net_id 36
pin_num 4
24 39 0
36 33 0
58 31 0
55 54 0
Net_id 37
pin_num 4
19 15 0
8 10 0
14 22 0
19 21 0
Net_id 38
pin_num 4
6 35 0
13 40 0
0 59 0
11 25 0
Net_id 39
pin_num 3
28 45 0
25 44 0
26 58 0
Net_id 40
pin_num 3
50 40 0
36 40 0
43 58 0
Net_id 41
pin_num 3
20 35 0
8 31 0
3 58 0
Net_id 42
pin_num 3
52 24 0
44 22 0
54 44 0
Net_id 43
pin_num 3
47 18 0
38 12 0
33 13 0
Net_id 44
pin_num 3
10 13 0
24 6 0
19 1 0
Net_id 45
pin_num 3
1 30 0
16 48 0
2 58 0
Net_id 46
pin_num 3
11 40 0
3 17 0
0 58 0
Net_id 47
pin_num 3
39 33 0
57 44 0
42 18 0
Net_id 48
pin_num 3
2 7 0
29 0 0
23 25 0
Net_id 49
pin_num 3
50 13 0
56 13 0
55 0 0
Net_id 50
pin_num 3
59 0 0
43 16 0
33 5 0
Net_id 51
pin_num 3
35 44 0
31 26 0
59 45 0
Net_id 52
pin_num 3
6 18 0
8 30 0
27 28 0
Net_id 53
pin_num 3
59 54 0
54 29 0
43 17 0
Net_id 54
pin_num 3
12 9 0
32 9 0
51 23 0
Net_id 55
pin_num 3
45 4 0
34 2 0
16 25 0
Net_id 56
pin_num 3
41 41 0
31 25 0
40 52 0
Net_id 57
pin_num 3
0 12 0
2 18 0
6 1 0
Net_id 58
pin_num 3
47 55 0
38 57 0
30 50 0
Net_id 59
pin_num 3
2 56 0
19 54 0
17 50 0
Net_id 60
pin_num 3
43 59 0
54 49 0
42 57 0
Net_id 61
pin_num 3
48 47 0
42 51 0
43 57 0
Net_id 62
pin_num 3
43 35 0
40 33 0
56 32 0
Net_id 63
pin_num 3
41 10 0
24 1 0
59 7 0
Net_id 64
pin_num 3
24 25 0
33 27 0
5 25 0
Net_id 65
pin_num 3
13 34 0
22 46 0
20 47 0
Net_id 66
pin_num 3
30 57 0
34 55 0
37 59 0
Net_id 67
pin_num 3
48 8 0
54 10 0
33 8 0
Net_id 68
pin_num 3
45 11 0
24 12 0
46 17 0
Net_id 69
pin_num 3
13 48 0
15 44 0
1 45 0
Net_id 70
pin_num 3
50 30 0
36 42 0
49 38 0
Net_id 71
pin_num 3
35 31 0
29 40 0
47 39 0
Net_id 72
pin_num 3
52 22 0
44 28 0
51 38 0
Net_id 73
pin_num 3
54 23 0
48 46 0
59 58 0
Net_id 74
pin_num 3
25 34 0
15 43 0
42 37 0
Net_id 75
pin_num 3
57 26 0
50 37 0
38 54 0
Net_id 76
pin_num 3
9 20 0
3 38 0
22 20 0
Net_id 77
pin_num 3
23 13 0
10 23 0
2 17 0
Net_id 78
pin_num 3
6 39 0
18 39 0
9 54 0
Net_id 79
pin_num 3
38 39 0
24 44 0
47 38 0
Net_id 80
pin_num 3
37 48 0
14 55 0
29 28 0
Net_id 81
pin_num 3
10 24 0
1 24 0
5 23 0
Net_id 82
pin_num 3
23 54 0
2 50 0
8 21 0
Net_id 83
pin_num 3
40 35 0
37 28 0
58 14 0
Net_id 84
pin_num 2
40 51 0
22 48 0
Net_id 85
pin_num 2
3 4 0
3 8 0
Net_id 86
pin_num 2
2 42 0
17 38 0
Net_id 87
pin_num 2
49 13 0
41 22 0
Net_id 88
pin_num 2
42 48 0
38 45 0
Net_id 89
pin_num 2
40 39 0
54 25 0
Net_id 90
pin_num 2
4 22 0
25 38 0
Net_id 91
pin_num 2
30 22 0
37 19 0
Net_id 92
pin_num 2
1 11 0
22 15 0
Net_id 93
pin_num 2
29 21 0
35 1 0
Net_id 94
pin_num 2
22 42 0
30 17 0
Net_id 95
pin_num 2
20 40 0
49 47 0
Net_id 96
pin_num 2
51 20 0
55 6 0
Net_id 97
pin_num 2
16 49 0
33 52 0
Net_id 98
pin_num 2
24 38 0
2 47 0
Net_id 99
pin_num 2
12 54 0
8 49 0
Net_id 100
pin_num 2
26 27 0
18 30 0
Net_id 101
pin_num 2
18 24 0
36 18 0
Net_id 102
pin_num 2
38 46 0
33 51 0
Net_id 103
pin_num 2
38 9 0
54 26 0
Net_id 104
pin_num 2
38 13 0
26 33 0
Net_id 105
pin_num 2
47 15 0
34 13 0
Net_id 106
pin_num 2
27 33 0
30 29 0
Net_id 107
pin_num 2
55 45 0
51 52 0
Net_id 108
pin_num 2
21 20 0
9 22 0
Net_id 109
pin_num 2
57 6 0
53 2 0
Net_id 110
pin_num 2
7 18 0
14 18 0
Net_id 111
pin_num 2
44 53 0
36 53 0
Net_id 112
pin_num 2
8 58 0
29 55 0
Net_id 113
pin_num 2
25 47 0
39 43 0
Net_id 114
pin_num 2
35 53 0
20 59 0
Net_id 115
pin_num 2
46 45 0
55 31 0
Net_id 116
pin_num 2
58 56 0
47 58 0
Net_id 117
pin_num 2
2 36 0
7 52 0
Net_id 118
pin_num 2
3 52 0
14 49 0
Net_id 119
pin_num 2
40 20 0
20 25 0
Net_id 120
pin_num 2
55 34 0
31 54 0
Net_id 121
pin_num 2
24 50 0
27 54 0
Net_id 122
pin_num 2
11 8 0
24 16 0
Net_id 123
pin_num 2
49 54 0
39 54 0
Net_id 124
pin_num 2
23 3 0
1 33 0
Net_id 125
pin_num 2
16 44 0
27 29 0
Net_id 126
pin_num 2
45 16 0
44 21 0
Net_id 127
pin_num 2
7 46 0
5 48 0
Net_id 128
pin_num 2
26 1 0
45 6 0
Net_id 129
pin_num 2
44 41 0
49 45 0
Net_id 130
pin_num 2
23 53 0
26 59 0
Net_id 131
pin_num 2
18 4 0
7 3 0
Net_id 132
pin_num 2
38 29 0
7 16 0
Net_id 133
pin_num 2
8 42 0
19 53 0
Net_id 134
pin_num 2
30 25 0
24 17 0
Net_id 135
pin_num 2
11 0 0
3 42 0
Net_id 136
pin_num 2
14 53 0
18 48 0
Net_id 137
pin_num 2
53 52 0
58 58 0
Net_id 138
pin_num 2
56 38 0
51 30 0
Net_id 139
pin_num 2
59 37 0
51 32 0
Net_id 140
pin_num 2
40 27 0
34 29 0
Net_id 141
pin_num 2
26 3 0
8 11 0
Net_id 142
pin_num 2
43 39 0
49 31 0
Net_id 143
pin_num 2
1 31 0
13 37 0
Net_id 144
pin_num 2
46 6 0
57 27 0
Net_id 145
pin_num 2
25 23 0
12 40 0
Net_id 146
pin_num 2
17 52 0
30 56 0
Net_id 147
pin_num 2
30 28 0
39 49 0
Net_id 148
pin_num 2
5 26 0
4 20 0
Net_id 149
pin_num 2
12 33 0
27 10 0
Net_id 150
pin_num 2
52 1 0
48 5 0
Net_id 151
pin_num 2
10 29 0
10 37 0
Net_id 152
pin_num 2
58 1 0
46 14 0
Net_id 153
pin_num 2
37 49 0
50 54 0
Net_id 154
pin_num 2
9 5 0
5 18 0
Net_id 155
pin_num 2
33 0 0
38 16 0
Net_id 156
pin_num 2
23 34 0
7 41 0
Net_id 157
pin_num 2
58 46 0
48 52 0
Net_id 158
pin_num 2
30 3 0
42 16 0
Net_id 159
pin_num 2
47 29 0
49 25 0
Net_id 160
pin_num 2
1 44 0
21 59 0
Net_id 161
pin_num 2
47 14 0
55 14 0
Net_id 162
pin_num 2
56 5 0
49 2 0
