Width 60
Height 60
Layer 6
Total_WL 6671
Obstacle_num 144
51 8 0 56 9 0
34 11 0 41 12 0
44 52 0 53 53 0
16 13 0 21 14 0
31 23 0 38 24 0
2 11 0 8 12 0
36 53 0 40 54 0
36 58 0 43 59 0
2 40 0 9 41 0
13 12 0 18 13 0
35 34 0 39 35 0
42 17 0 46 18 0
34 24 0 41 25 0
43 1 0 47 2 0
48 47 0 54 48 0
51 0 0 59 1 0
8 7 0 17 8 0
9 10 0 14 11 0
9 17 0 18 18 0
6 1 0 16 2 0
2 27 0 7 28 0
21 10 0 25 11 0
29 0 0 35 1 0
6 19 0 9 20 0
7 16 1 8 26 1
15 32 1 16 40 1
4 6 1 5 14 1
40 5 1 41 10 1
34 24 1 35 28 1
10 15 1 11 21 1
19 19 1 20 22 1
22 45 1 23 50 1
38 10 1 39 13 1
6 39 1 7 42 1
21 37 1 22 41 1
47 18 1 48 21 1
25 11 1 26 15 1
7 53 1 8 58 1
36 0 1 37 7 1
48 41 1 49 49 1
2 13 1 3 17 1
32 55 1 33 58 1
49 18 1 50 25 1
43 24 1 44 33 1
5 5 1 6 12 1
32 30 1 33 39 1
40 23 1 41 28 1
16 42 1 17 48 1
55 16 2 59 17 2
6 18 2 9 19 2
10 37 2 13 38 2
30 34 2 40 35 2
40 44 2 47 45 2
17 3 2 21 4 2
17 10 2 20 11 2
30 14 2 34 15 2
5 58 2 10 59 2
9 35 2 17 36 2
22 8 2 30 9 2
24 27 2 29 28 2
35 8 2 38 9 2
53 6 2 57 7 2
14 53 2 20 54 2
17 7 2 22 8 2
45 7 2 48 8 2
2 11 2 8 12 2
35 51 2 44 52 2
46 30 2 49 31 2
26 10 2 29 11 2
45 56 2 49 57 2
1 0 2 8 1 2
35 47 2 45 48 2
57 36 3 58 43 3
56 46 3 57 56 3
40 8 3 41 15 3
45 37 3 46 43 3
46 3 3 47 11 3
7 47 3 8 50 3
46 22 3 47 27 3
3 48 3 4 57 3
41 30 3 42 38 3
51 45 3 52 54 3
13 9 3 14 18 3
33 49 3 34 53 3
41 41 3 42 45 3
11 45 3 12 50 3
34 7 3 35 12 3
41 9 3 42 17 3
25 34 3 26 44 3
43 36 3 44 44 3
26 21 3 27 25 3
55 13 3 56 20 3
29 26 3 30 29 3
43 14 3 44 19 3
30 23 3 31 26 3
6 33 3 7 39 3
0 24 4 5 25 4
43 55 4 52 56 4
27 19 4 37 20 4
51 28 4 58 29 4
17 46 4 26 47 4
28 8 4 33 9 4
47 36 4 55 37 4
28 44 4 36 45 4
1 54 4 6 55 4
3 19 4 6 20 4
44 33 4 54 34 4
27 3 4 30 4 4
31 9 4 38 10 4
26 53 4 34 54 4
19 45 4 25 46 4
3 2 4 9 3 4
30 12 4 35 13 4
25 5 4 28 6 4
8 49 4 18 50 4
14 43 4 24 44 4
5 37 4 15 38 4
52 7 4 58 8 4
10 43 4 13 44 4
36 43 4 43 44 4
0 26 5 1 34 5
14 43 5 15 48 5
12 52 5 13 55 5
36 6 5 37 14 5
31 30 5 32 36 5
47 43 5 48 50 5
43 45 5 44 55 5
26 19 5 27 24 5
11 8 5 12 13 5
17 10 5 18 14 5
7 0 5 8 10 5
54 17 5 55 23 5
30 31 5 31 40 5
11 43 5 12 46 5
38 51 5 39 55 5
17 34 5 18 44 5
7 13 5 8 21 5
6 12 5 7 20 5
14 23 5 15 26 5
20 15 5 21 18 5
4 45 5 5 53 5
46 44 5 47 50 5
34 34 5 35 44 5
22 39 5 23 43 5
Net_num 156
Net_id 0
pin_num 5
39 44 0
40 40 0
39 28 0
51 37 0
52 37 0
Net_id 1
pin_num 5
26 6 0
20 2 0
24 27 0
41 20 0
30 13 0
Net_id 2
pin_num 5
56 7 0
59 10 0
49 9 0
59 5 0
38 10 0
Net_id 3
pin_num 5
34 40 0
38 54 0
37 36 0
48 50 0
38 22 0
Net_id 4
pin_num 5
51 3 0
31 1 0
35 2 0
32 14 0
59 4 0
Net_id 5
pin_num 5
26 34 0
40 38 0
40 36 0
36 51 0
57 45 0
Net_id 6
pin_num 5
48 19 0
37 32 0
45 32 0
55 32 0
38 55 0
Net_id 7
pin_num 5
52 59 0
59 52 0
58 38 0
37 59 0
59 51 0
Net_id 8
pin_num 5
33 45 0
31 35 0
39 42 0
35 32 0
40 41 0
Net_id 9
pin_num 5
20 1 0
10 4 0
16 4 0
24 3 0
23 0 0
Net_id 10
pin_num 5
20 18 0
12 19 0
18 22 0
9 28 0
22 19 0
Net_id 11
pin_num 5
59 46 0
48 40 0
57 52 0
52 43 0
59 23 0
Net_id 12
pin_num 5
22 18 0
33 28 0
50 21 0
42 0 0
29 17 0
Net_id 13
pin_num 5
32 54 0
23 52 0
26 33 0
37 52 0
41 40 0
Net_id 14
pin_num 5
24 11 0
19 14 0
15 0 0
42 20 0
50 20 0
Net_id 15
pin_num 5
35 18 0
32 24 0
15 29 0
29 38 0
42 33 0
Net_id 16
pin_num 5
24 42 0
28 42 0
25 51 0
30 31 0
32 53 0
Net_id 17
pin_num 5
45 58 0
35 58 0
54 58 0
39 57 0
17 56 0
Net_id 18
pin_num 5
12 43 0
0 41 0
0 52 0
0 59 0
19 55 0
Net_id 19
pin_num 4
52 20 0
58 23 0
58 8 0
59 6 0
Net_id 20
pin_num 4
52 1 0
51 1 0
43 4 0
36 7 0
Net_id 21
pin_num 4
29 2 0
27 13 0
21 28 0
52 5 0
Net_id 22
pin_num 4
26 54 0
40 57 0
47 57 0
35 59 0
Net_id 23
pin_num 4
48 45 0
57 35 0
59 19 0
57 13 0
Net_id 24
pin_num 4
35 57 0
31 51 0
35 39 0
37 55 0
Net_id 25
pin_num 4
3 29 0
12 29 0
4 20 0
3 21 0
Net_id 26
pin_num 4
2 24 0
2 21 0
1 40 0
8 37 0
Net_id 27
pin_num 4
22 36 0
22 23 0
36 29 0
23 20 0
Net_id 28
pin_num 4
2 36 0
10 31 0
5 35 0
8 20 0
Net_id 29
pin_num 4
17 58 0
24 59 0
24 50 0
10 59 0
Net_id 30
pin_num 4
49 57 0
40 53 0
45 47 0
44 39 0
Net_id 31
pin_num 4
55 42 0
54 44 0
40 42 0
54 52 0
Net_id 32
pin_num 4
1 13 0
4 30 0
0 4 0
5 18 0
Net_id 33
pin_num 4
20 30 0
33 43 0
35 55 0
33 53 0
Net_id 34
pin_num 4
29 56 0
26 51 0
29 48 0
14 57 0
Net_id 35
pin_num 4
2 37 0
1 47 0
12 38 0
1 59 0
Net_id 36
pin_num 4
4 5 0
1 3 0
3 3 0
9 3 0
Net_id 37
pin_num 4
28 5 0
10 6 0
20 24 0
35 16 0
Net_id 38
pin_num 4
10 24 0
5 23 0
5 31 0
11 21 0
Net_id 39
pin_num 4
6 57 0
2 50 0
10 50 0
17 51 0
Net_id 40
pin_num 3
17 21 0
21 31 0
0 44 0
Net_id 41
pin_num 3
31 14 0
23 23 0
27 27 0
Net_id 42
pin_num 3
26 49 0
46 43 0
36 56 0
Net_id 43
pin_num 3
19 50 0
29 55 0
21 55 0
Net_id 44
pin_num 3
30 57 0
18 49 0
42 49 0
Net_id 45
pin_num 3
20 26 0
12 48 0
6 23 0
Net_id 46
pin_num 3
14 28 0
20 22 0
18 47 0
Net_id 47
pin_num 3
26 9 0
31 6 0
1 1 0
Net_id 48
pin_num 3
58 32 0
46 49 0
23 42 0
Net_id 49
pin_num 3
29 23 0
8 17 0
1 22 0
Net_id 50
pin_num 3
26 11 0
35 10 0
39 12 0
Net_id 51
pin_num 3
29 46 0
21 33 0
32 44 0
Net_id 52
pin_num 3
41 15 0
48 14 0
46 11 0
Net_id 53
pin_num 3
22 56 0
37 43 0
36 37 0
Net_id 54
pin_num 3
54 12 0
45 11 0
12 11 0
Net_id 55
pin_num 3
6 3 0
12 9 0
2 26 0
Net_id 56
pin_num 3
48 16 0
55 37 0
45 45 0
Net_id 57
pin_num 3
25 15 0
17 27 0
12 21 0
Net_id 58
pin_num 3
29 39 0
35 50 0
25 58 0
Net_id 59
pin_num 3
8 16 0
13 15 0
1 25 0
Net_id 60
pin_num 3
39 30 0
33 36 0
17 40 0
Net_id 61
pin_num 3
32 20 0
25 17 0
40 18 0
Net_id 62
pin_num 3
51 44 0
54 41 0
41 41 0
Net_id 63
pin_num 3
18 42 0
10 42 0
13 50 0
Net_id 64
pin_num 3
27 21 0
18 14 0
52 15 0
Net_id 65
pin_num 3
52 35 0
55 12 0
52 27 0
Net_id 66
pin_num 3
13 8 0
2 4 0
4 14 0
Net_id 67
pin_num 3
48 4 0
55 4 0
47 13 0
Net_id 68
pin_num 3
56 58 0
57 34 0
53 46 0
Net_id 69
pin_num 3
3 2 0
3 1 0
2 30 0
Net_id 70
pin_num 3
36 43 0
28 26 0
28 4 0
Net_id 71
pin_num 3
18 8 0
30 3 0
7 5 0
Net_id 72
pin_num 3
46 48 0
35 48 0
50 59 0
Net_id 73
pin_num 3
57 19 0
56 25 0
57 56 0
Net_id 74
pin_num 3
34 53 0
40 54 0
47 40 0
Net_id 75
pin_num 3
17 8 0
27 28 0
23 31 0
Net_id 76
pin_num 3
50 1 0
31 2 0
32 41 0
Net_id 77
pin_num 3
20 34 0
3 34 0
14 29 0
Net_id 78
pin_num 3
30 6 0
50 6 0
53 13 0
Net_id 79
pin_num 2
37 50 0
37 47 0
Net_id 80
pin_num 2
18 44 0
13 44 0
Net_id 81
pin_num 2
37 18 0
50 8 0
Net_id 82
pin_num 2
24 55 0
28 52 0
Net_id 83
pin_num 2
38 13 0
23 19 0
Net_id 84
pin_num 2
2 19 0
4 16 0
Net_id 85
pin_num 2
11 48 0
3 59 0
Net_id 86
pin_num 2
43 43 0
24 47 0
Net_id 87
pin_num 2
58 33 0
54 25 0
Net_id 88
pin_num 2
34 58 0
16 56 0
Net_id 89
pin_num 2
46 34 0
37 35 0
Net_id 90
pin_num 2
25 7 0
47 9 0
Net_id 91
pin_num 2
53 30 0
49 25 0
Net_id 92
pin_num 2
8 8 0
14 6 0
Net_id 93
pin_num 2
4 58 0
15 54 0
Net_id 94
pin_num 2
52 33 0
50 33 0
Net_id 95
pin_num 2
57 22 0
57 8 0
Net_id 96
pin_num 2
34 22 0
26 10 0
Net_id 97
pin_num 2
53 17 0
39 27 0
Net_id 98
pin_num 2
7 14 0
14 0 0
Net_id 99
pin_num 2
10 27 0
23 46 0
Net_id 100
pin_num 2
51 49 0
57 57 0
Net_id 101
pin_num 2
30 8 0
54 13 0
Net_id 102
pin_num 2
23 27 0
16 24 0
Net_id 103
pin_num 2
5 1 0
5 12 0
Net_id 104
pin_num 2
26 22 0
41 38 0
Net_id 105
pin_num 2
45 19 0
34 6 0
Net_id 106
pin_num 2
39 25 0
16 25 0
Net_id 107
pin_num 2
44 33 0
47 8 0
Net_id 108
pin_num 2
17 22 0
3 39 0
Net_id 109
pin_num 2
50 46 0
32 43 0
Net_id 110
pin_num 2
3 33 0
3 45 0
Net_id 111
pin_num 2
6 16 0
3 14 0
Net_id 112
pin_num 2
8 49 0
6 59 0
Net_id 113
pin_num 2
49 36 0
42 28 0
Net_id 114
pin_num 2
29 47 0
40 56 0
Net_id 115
pin_num 2
54 48 0
50 44 0
Net_id 116
pin_num 2
27 47 0
21 49 0
Net_id 117
pin_num 2
36 27 0
28 21 0
Net_id 118
pin_num 2
20 20 0
12 20 0
Net_id 119
pin_num 2
52 25 0
39 26 0
Net_id 120
pin_num 2
49 55 0
27 31 0
Net_id 121
pin_num 2
13 21 0
23 7 0
Net_id 122
pin_num 2
14 50 0
41 39 0
Net_id 123
pin_num 2
5 15 0
3 32 0
Net_id 124
pin_num 2
21 35 0
9 42 0
Net_id 125
pin_num 2
46 33 0
41 53 0
Net_id 126
pin_num 2
54 37 0
52 24 0
Net_id 127
pin_num 2
27 41 0
43 33 0
Net_id 128
pin_num 2
31 36 0
17 30 0
Net_id 129
pin_num 2
56 40 0
51 39 0
Net_id 130
pin_num 2
0 49 0
23 39 0
Net_id 131
pin_num 2
38 45 0
49 48 0
Net_id 132
pin_num 2
21 34 0
25 35 0
Net_id 133
pin_num 2
56 8 0
42 4 0
Net_id 134
pin_num 2
36 18 0
47 28 0
Net_id 135
pin_num 2
54 50 0
55 29 0
Net_id 136
pin_num 2
43 12 0
48 1 0
Net_id 137
pin_num 2
5 22 0
22 3 0
Net_id 138
pin_num 2
11 14 0
0 10 0
Net_id 139
pin_num 2
21 3 0
11 12 0
Net_id 140
pin_num 2
7 48 0
9 39 0
Net_id 141
pin_num 2
12 24 0
10 40 0
Net_id 142
pin_num 2
41 22 0
58 6 0
Net_id 143
pin_num 2
6 20 0
11 22 0
Net_id 144
pin_num 2
43 57 0
46 58 0
Net_id 145
pin_num 2
9 57 0
23 44 0
Net_id 146
pin_num 2
31 55 0
51 43 0
Net_id 147
pin_num 2
19 10 0
9 13 0
Net_id 148
pin_num 2
7 56 0
5 59 0
Net_id 149
pin_num 2
41 54 0
47 53 0
Net_id 150
pin_num 2
14 43 0
23 49 0
Net_id 151
pin_num 2
44 44 0
24 43 0
Net_id 152
pin_num 2
18 48 0
2 35 0
Net_id 153
pin_num 2
2 28 0
1 26 0
Net_id 154
pin_num 2
47 16 0
11 20 0
Net_id 155
pin_num 2
16 41 0
3 35 0
