Width 60
Height 60
Layer 6
Total_WL 6590
Obstacle_num 144
28 46 0 32 47 0
30 40 0 40 41 0
30 23 0 35 24 0
25 3 0 28 4 0
19 18 0 27 19 0
7 13 0 11 14 0
24 57 0 33 58 0
12 7 0 21 8 0
27 27 0 33 28 0
36 1 0 40 2 0
6 19 0 15 20 0
31 17 0 38 18 0
50 55 0 53 56 0
53 7 0 56 8 0
33 9 0 43 10 0
50 14 0 54 15 0
29 41 0 37 42 0
25 14 0 29 15 0
20 37 0 26 38 0
20 39 0 26 40 0
1 18 0 8 19 0
6 42 0 10 43 0
44 10 0 53 11 0
43 35 0 49 36 0
10 28 1 11 34 1
57 50 1 58 53 1
45 3 1 46 6 1
16 43 1 17 48 1
23 2 1 24 12 1
39 10 1 40 14 1
38 47 1 39 56 1
49 15 1 50 21 1
51 53 1 52 56 1
4 27 1 5 31 1
7 37 1 8 44 1
1 32 1 2 36 1
37 50 1 38 57 1
16 26 1 17 36 1
54 14 1 55 17 1
27 14 1 28 23 1
33 20 1 34 27 1
28 9 1 29 14 1
46 13 1 47 21 1
39 31 1 40 37 1
52 31 1 53 41 1
28 46 1 29 52 1
49 35 1 50 45 1
41 5 1 42 10 1
43 16 2 47 17 2
51 31 2 54 32 2
48 49 2 58 50 2
29 58 2 33 59 2
22 48 2 30 49 2
16 20 2 26 21 2
52 52 2 58 53 2
48 48 2 53 49 2
43 30 2 52 31 2
15 33 2 19 34 2
47 53 2 51 54 2
27 56 2 36 57 2
30 28 2 38 29 2
27 22 2 35 23 2
55 10 2 58 11 2
8 54 2 14 55 2
14 36 2 23 37 2
48 17 2 56 18 2
46 10 2 50 11 2
12 32 2 20 33 2
53 29 2 59 30 2
45 14 2 48 15 2
27 43 2 32 44 2
19 9 2 29 10 2
55 11 3 56 16 3
27 3 3 28 7 3
6 29 3 7 35 3
58 13 3 59 16 3
49 27 3 50 33 3
29 19 3 30 26 3
46 7 3 47 16 3
41 15 3 42 18 3
33 30 3 34 36 3
44 43 3 45 52 3
34 53 3 35 56 3
19 15 3 20 22 3
36 53 3 37 57 3
8 48 3 9 51 3
48 35 3 49 41 3
15 28 3 16 37 3
47 38 3 48 46 3
33 11 3 34 19 3
40 20 3 41 24 3
51 13 3 52 21 3
52 1 3 53 9 3
12 25 3 13 29 3
18 39 3 19 46 3
24 4 3 25 11 3
24 24 4 31 25 4
43 25 4 50 26 4
1 12 4 4 13 4
24 40 4 32 41 4
1 4 4 7 5 4
45 28 4 52 29 4
14 44 4 22 45 4
20 39 4 28 40 4
23 27 4 30 28 4
48 18 4 54 19 4
5 20 4 10 21 4
20 18 4 29 19 4
38 45 4 44 46 4
29 20 4 35 21 4
53 35 4 58 36 4
8 54 4 11 55 4
28 26 4 31 27 4
30 23 4 36 24 4
46 42 4 53 43 4
33 47 4 41 48 4
38 50 4 48 51 4
9 14 4 15 15 4
24 49 4 31 50 4
24 19 4 32 20 4
39 31 5 40 39 5
54 45 5 55 48 5
41 25 5 42 28 5
25 49 5 26 52 5
12 49 5 13 53 5
30 3 5 31 13 5
43 47 5 44 55 5
52 5 5 53 14 5
0 10 5 1 17 5
9 7 5 10 11 5
42 36 5 43 41 5
31 26 5 32 30 5
47 6 5 48 10 5
56 36 5 57 41 5
49 52 5 50 57 5
29 5 5 30 15 5
33 28 5 34 36 5
1 20 5 2 27 5
42 2 5 43 7 5
27 27 5 28 36 5
23 52 5 24 56 5
7 7 5 8 10 5
41 48 5 42 57 5
26 23 5 27 26 5
Net_num 158
Net_id 0
pin_num 5
54 24 0
56 27 0
42 26 0
34 24 0
57 17 0
Net_id 1
pin_num 5
54 10 0
58 23 0
59 5 0
51 9 0
36 4 0
Net_id 2
pin_num 5
49 15 0
26 15 0
24 0 0
18 15 0
42 1 0
Net_id 3
pin_num 5
1 16 0
16 16 0
15 0 0
22 1 0
7 33 0
Net_id 4
pin_num 5
33 4 0
26 9 0
14 4 0
23 12 0
15 1 0
Net_id 5
pin_num 5
30 3 0
47 3 0
32 2 0
42 4 0
42 0 0
Net_id 6
pin_num 5
49 51 0
43 59 0
53 55 0
36 56 0
21 56 0
Net_id 7
pin_num 5
48 16 0
51 19 0
59 28 0
44 16 0
39 23 0
Net_id 8
pin_num 5
26 33 0
17 30 0
21 38 0
39 30 0
30 38 0
Net_id 9
pin_num 5
39 14 0
45 14 0
43 36 0
35 2 0
26 17 0
Net_id 10
pin_num 5
27 21 0
21 21 0
0 18 0
0 11 0
2 29 0
Net_id 11
pin_num 5
53 29 0
56 38 0
59 40 0
59 41 0
54 13 0
Net_id 12
pin_num 5
1 46 0
7 52 0
6 46 0
11 50 0
4 38 0
Net_id 13
pin_num 5
22 52 0
26 47 0
45 52 0
12 51 0
17 40 0
Net_id 14
pin_num 5
21 45 0
37 48 0
8 46 0
12 34 0
12 10 0
Net_id 15
pin_num 5
41 10 0
37 23 0
40 34 0
59 24 0
55 18 0
Net_id 16
pin_num 5
30 59 0
36 53 0
33 57 0
35 45 0
27 59 0
Net_id 17
pin_num 5
59 9 0
54 9 0
51 16 0
58 5 0
56 6 0
Net_id 18
pin_num 5
49 42 0
46 43 0
47 47 0
36 39 0
59 43 0
Net_id 19
pin_num 4
19 37 0
10 41 0
11 27 0
0 40 0
Net_id 20
pin_num 4
56 56 0
59 58 0
56 50 0
45 58 0
Net_id 21
pin_num 4
49 57 0
45 54 0
33 58 0
28 55 0
Net_id 22
pin_num 4
21 16 0
22 29 0
11 26 0
37 19 0
Net_id 23
pin_num 4
7 15 0
16 15 0
13 6 0
36 7 0
Net_id 24
pin_num 4
4 3 0
15 3 0
5 19 0
0 33 0
Net_id 25
pin_num 4
1 26 0
4 17 0
0 41 0
16 38 0
Net_id 26
pin_num 4
58 7 0
49 13 0
54 0 0
40 12 0
Net_id 27
pin_num 4
17 16 0
32 11 0
50 11 0
32 29 0
Net_id 28
pin_num 4
25 23 0
15 22 0
18 10 0
0 42 0
Net_id 29
pin_num 4
25 48 0
19 43 0
23 36 0
25 25 0
Net_id 30
pin_num 4
28 19 0
23 14 0
36 25 0
24 14 0
Net_id 31
pin_num 4
26 35 0
24 50 0
29 37 0
34 46 0
Net_id 32
pin_num 4
50 2 0
49 11 0
32 12 0
33 18 0
Net_id 33
pin_num 4
4 31 0
9 31 0
6 17 0
22 17 0
Net_id 34
pin_num 4
46 29 0
55 25 0
53 6 0
48 17 0
Net_id 35
pin_num 4
20 35 0
18 27 0
9 37 0
20 24 0
Net_id 36
pin_num 4
41 1 0
37 16 0
30 9 0
54 6 0
Net_id 37
pin_num 4
52 20 0
58 26 0
56 14 0
55 6 0
Net_id 38
pin_num 4
47 19 0
41 19 0
35 25 0
45 25 0
Net_id 39
pin_num 3
25 53 0
17 57 0
17 39 0
Net_id 40
pin_num 3
9 41 0
8 32 0
3 27 0
Net_id 41
pin_num 3
29 7 0
33 10 0
21 11 0
Net_id 42
pin_num 3
32 13 0
12 9 0
4 10 0
Net_id 43
pin_num 3
54 31 0
58 39 0
57 22 0
Net_id 44
pin_num 3
27 58 0
20 54 0
21 14 0
Net_id 45
pin_num 3
13 20 0
7 20 0
4 0 0
Net_id 46
pin_num 3
30 10 0
19 0 0
43 0 0
Net_id 47
pin_num 3
54 2 0
56 3 0
36 10 0
Net_id 48
pin_num 3
2 52 0
6 50 0
13 59 0
Net_id 49
pin_num 3
5 54 0
16 59 0
27 49 0
Net_id 50
pin_num 3
0 48 0
13 43 0
1 23 0
Net_id 51
pin_num 3
20 22 0
55 8 0
31 31 0
Net_id 52
pin_num 3
1 45 0
5 47 0
17 43 0
Net_id 53
pin_num 3
21 44 0
27 44 0
40 44 0
Net_id 54
pin_num 3
5 4 0
13 5 0
0 16 0
Net_id 55
pin_num 3
29 28 0
35 28 0
32 20 0
Net_id 56
pin_num 3
8 9 0
11 5 0
1 0 0
Net_id 57
pin_num 3
20 19 0
28 21 0
20 10 0
Net_id 58
pin_num 3
59 42 0
56 43 0
24 42 0
Net_id 59
pin_num 3
56 57 0
59 50 0
50 36 0
Net_id 60
pin_num 3
52 35 0
34 27 0
56 26 0
Net_id 61
pin_num 3
58 32 0
46 22 0
58 41 0
Net_id 62
pin_num 3
54 47 0
46 58 0
46 21 0
Net_id 63
pin_num 3
54 26 0
38 32 0
45 53 0
Net_id 64
pin_num 3
20 14 0
13 0 0
3 3 0
Net_id 65
pin_num 3
19 22 0
4 35 0
15 25 0
Net_id 66
pin_num 3
34 29 0
31 21 0
38 46 0
Net_id 67
pin_num 3
43 29 0
36 50 0
57 39 0
Net_id 68
pin_num 3
11 2 0
3 8 0
16 3 0
Net_id 69
pin_num 3
15 13 0
34 10 0
14 17 0
Net_id 70
pin_num 3
42 57 0
37 47 0
14 48 0
Net_id 71
pin_num 3
6 47 0
4 36 0
26 51 0
Net_id 72
pin_num 3
8 6 0
12 5 0
9 26 0
Net_id 73
pin_num 3
12 25 0
14 31 0
21 2 0
Net_id 74
pin_num 3
15 53 0
10 27 0
3 28 0
Net_id 75
pin_num 3
33 31 0
46 31 0
15 24 0
Net_id 76
pin_num 3
10 59 0
0 45 0
7 54 0
Net_id 77
pin_num 3
49 40 0
35 54 0
58 58 0
Net_id 78
pin_num 3
11 18 0
3 22 0
4 1 0
Net_id 79
pin_num 3
9 5 0
9 0 0
1 7 0
Net_id 80
pin_num 2
12 30 0
30 36 0
Net_id 81
pin_num 2
15 44 0
6 53 0
Net_id 82
pin_num 2
43 42 0
52 15 0
Net_id 83
pin_num 2
56 13 0
58 44 0
Net_id 84
pin_num 2
8 14 0
17 23 0
Net_id 85
pin_num 2
41 11 0
25 2 0
Net_id 86
pin_num 2
17 36 0
5 28 0
Net_id 87
pin_num 2
16 14 0
10 5 0
Net_id 88
pin_num 2
53 9 0
49 21 0
Net_id 89
pin_num 2
42 46 0
52 47 0
Net_id 90
pin_num 2
31 26 0
44 22 0
Net_id 91
pin_num 2
23 5 0
37 8 0
Net_id 92
pin_num 2
2 51 0
9 55 0
Net_id 93
pin_num 2
20 45 0
34 49 0
Net_id 94
pin_num 2
56 1 0
48 7 0
Net_id 95
pin_num 2
19 16 0
39 2 0
Net_id 96
pin_num 2
1 21 0
14 35 0
Net_id 97
pin_num 2
41 2 0
50 3 0
Net_id 98
pin_num 2
37 43 0
32 43 0
Net_id 99
pin_num 2
45 17 0
42 21 0
Net_id 100
pin_num 2
7 32 0
6 39 0
Net_id 101
pin_num 2
8 25 0
2 33 0
Net_id 102
pin_num 2
28 41 0
14 41 0
Net_id 103
pin_num 2
34 50 0
20 56 0
Net_id 104
pin_num 2
36 26 0
21 30 0
Net_id 105
pin_num 2
54 28 0
41 28 0
Net_id 106
pin_num 2
18 36 0
30 18 0
Net_id 107
pin_num 2
29 47 0
34 36 0
Net_id 108
pin_num 2
14 50 0
23 51 0
Net_id 109
pin_num 2
19 48 0
29 51 0
Net_id 110
pin_num 2
6 58 0
3 42 0
Net_id 111
pin_num 2
49 30 0
41 38 0
Net_id 112
pin_num 2
16 58 0
11 53 0
Net_id 113
pin_num 2
19 52 0
4 51 0
Net_id 114
pin_num 2
54 30 0
55 41 0
Net_id 115
pin_num 2
50 1 0
22 23 0
Net_id 116
pin_num 2
21 47 0
13 41 0
Net_id 117
pin_num 2
57 34 0
52 34 0
Net_id 118
pin_num 2
27 55 0
36 59 0
Net_id 119
pin_num 2
20 58 0
8 40 0
Net_id 120
pin_num 2
8 12 0
3 29 0
Net_id 121
pin_num 2
53 40 0
51 41 0
Net_id 122
pin_num 2
52 8 0
56 28 0
Net_id 123
pin_num 2
56 44 0
32 39 0
Net_id 124
pin_num 2
47 18 0
58 24 0
Net_id 125
pin_num 2
43 33 0
56 12 0
Net_id 126
pin_num 2
42 43 0
40 59 0
Net_id 127
pin_num 2
40 18 0
31 16 0
Net_id 128
pin_num 2
13 51 0
30 37 0
Net_id 129
pin_num 2
18 2 0
3 23 0
Net_id 130
pin_num 2
56 42 0
51 45 0
Net_id 131
pin_num 2
43 5 0
47 0 0
Net_id 132
pin_num 2
4 43 0
16 42 0
Net_id 133
pin_num 2
19 25 0
28 6 0
Net_id 134
pin_num 2
47 41 0
57 56 0
Net_id 135
pin_num 2
1 36 0
10 47 0
Net_id 136
pin_num 2
1 3 0
10 12 0
Net_id 137
pin_num 2
29 12 0
20 21 0
Net_id 138
pin_num 2
58 42 0
54 38 0
Net_id 139
pin_num 2
40 26 0
41 23 0
Net_id 140
pin_num 2
14 23 0
24 2 0
Net_id 141
pin_num 2
22 2 0
22 8 0
Net_id 142
pin_num 2
14 22 0
4 23 0
Net_id 143
pin_num 2
20 52 0
21 43 0
Net_id 144
pin_num 2
29 14 0
43 9 0
Net_id 145
pin_num 2
44 9 0
44 11 0
Net_id 146
pin_num 2
14 9 0
24 12 0
Net_id 147
pin_num 2
31 25 0
20 34 0
Net_id 148
pin_num 2
26 36 0
37 30 0
Net_id 149
pin_num 2
30 30 0
22 10 0
Net_id 150
pin_num 2
19 54 0
18 57 0
Net_id 151
pin_num 2
34 57 0
40 54 0
Net_id 152
pin_num 2
12 53 0
11 59 0
Net_id 153
pin_num 2
15 40 0
3 44 0
Net_id 154
pin_num 2
48 3 0
41 29 0
Net_id 155
pin_num 2
18 55 0
9 36 0
Net_id 156
pin_num 2
9 23 0
4 26 0
Net_id 157
pin_num 2
48 47 0
46 53 0
