Width 60
Height 60
Layer 6
Total_WL 6830
Obstacle_num 144
11 53 0 16 54 0
44 30 0 50 31 0
38 36 0 41 37 0
19 41 0 29 42 0
27 32 0 36 33 0
41 20 0 48 21 0
18 18 0 23 19 0
11 22 0 15 23 0
44 27 0 49 28 0
50 7 0 53 8 0
52 3 0 59 4 0
54 27 0 57 28 0
8 38 0 16 39 0
30 8 0 38 9 0
26 10 0 33 11 0
37 6 0 46 7 0
0 37 0 5 38 0
24 23 0 28 24 0
15 47 0 21 48 0
22 26 0 26 27 0
48 38 0 56 39 0
27 36 0 35 37 0
34 19 0 42 20 0
42 40 0 48 41 0
5 10 1 6 18 1
16 11 1 17 17 1
45 5 1 46 13 1
18 44 1 19 53 1
21 23 1 22 32 1
1 4 1 2 12 1
13 35 1 14 45 1
10 18 1 11 21 1
57 37 1 58 47 1
17 37 1 18 40 1
54 2 1 55 11 1
13 13 1 14 22 1
16 41 1 17 46 1
6 44 1 7 48 1
55 49 1 56 59 1
47 26 1 48 32 1
35 15 1 36 20 1
9 49 1 10 59 1
27 26 1 28 32 1
20 7 1 21 16 1
6 10 1 7 16 1
26 19 1 27 22 1
19 6 1 20 15 1
3 2 1 4 7 1
46 17 2 53 18 2
0 9 2 4 10 2
46 13 2 53 14 2
2 15 2 9 16 2
46 43 2 53 44 2
12 11 2 22 12 2
53 15 2 58 16 2
53 26 2 59 27 2
3 23 2 12 24 2
27 49 2 36 50 2
35 4 2 40 5 2
11 56 2 14 57 2
7 2 2 15 3 2
31 38 2 40 39 2
14 22 2 17 23 2
8 53 2 15 54 2
21 52 2 25 53 2
7 25 2 15 26 2
31 13 2 35 14 2
48 56 2 58 57 2
14 45 2 22 46 2
14 29 2 18 30 2
35 58 2 38 59 2
33 1 2 38 2 2
51 24 3 52 30 3
54 16 3 55 25 3
14 3 3 15 12 3
4 53 3 5 57 3
28 26 3 29 31 3
33 18 3 34 24 3
0 8 3 1 13 3
42 30 3 43 37 3
30 2 3 31 11 3
19 7 3 20 13 3
14 24 3 15 33 3
52 27 3 53 34 3
1 7 3 2 16 3
15 10 3 16 14 3
34 7 3 35 13 3
17 4 3 18 12 3
2 10 3 3 17 3
35 40 3 36 43 3
43 42 3 44 51 3
0 46 3 1 56 3
31 44 3 32 50 3
15 46 3 16 55 3
5 21 3 6 24 3
11 9 3 12 14 3
52 37 4 56 38 4
37 21 4 42 22 4
52 40 4 57 41 4
34 39 4 42 40 4
6 3 4 15 4 4
39 32 4 49 33 4
49 51 4 57 52 4
20 23 4 28 24 4
15 38 4 23 39 4
21 37 4 24 38 4
17 4 4 26 5 4
43 27 4 48 28 4
2 49 4 7 50 4
29 23 4 32 24 4
28 7 4 36 8 4
31 41 4 35 42 4
25 51 4 34 52 4
44 23 4 48 24 4
30 19 4 37 20 4
29 18 4 39 19 4
25 26 4 29 27 4
52 19 4 57 20 4
2 31 4 5 32 4
8 36 4 17 37 4
30 29 5 31 38 5
22 15 5 23 24 5
4 0 5 5 7 5
48 6 5 49 12 5
42 19 5 43 23 5
50 13 5 51 22 5
58 42 5 59 47 5
7 27 5 8 34 5
57 35 5 58 38 5
33 25 5 34 35 5
18 42 5 19 52 5
50 49 5 51 58 5
16 22 5 17 27 5
43 25 5 44 28 5
38 24 5 39 27 5
29 11 5 30 14 5
40 17 5 41 20 5
28 55 5 29 59 5
41 42 5 42 46 5
38 39 5 39 42 5
56 47 5 57 54 5
58 5 5 59 10 5
56 3 5 57 7 5
46 10 5 47 14 5
Net_num 159
Net_id 0
pin_num 5
49 27 0
59 24 0
56 14 0
59 36 0
57 10 0
Net_id 1
pin_num 5
12 42 0
4 43 0
0 56 0
1 48 0
0 59 0
Net_id 2
pin_num 5
53 23 0
51 4 0
51 0 0
59 21 0
35 2 0
Net_id 3
pin_num 5
6 5 0
3 14 0
18 5 0
11 23 0
8 20 0
Net_id 4
pin_num 5
45 59 0
49 59 0
47 46 0
34 54 0
44 55 0
Net_id 5
pin_num 5
28 50 0
24 52 0
43 51 0
59 44 0
48 39 0
Net_id 6
pin_num 5
27 59 0
29 57 0
29 48 0
25 49 0
27 53 0
Net_id 7
pin_num 5
8 27 0
14 36 0
29 27 0
0 29 0
13 45 0
Net_id 8
pin_num 5
15 43 0
4 46 0
6 24 0
1 41 0
3 59 0
Net_id 9
pin_num 5
26 25 0
22 20 0
22 40 0
8 31 0
45 28 0
Net_id 10
pin_num 5
2 35 0
1 46 0
3 32 0
0 34 0
12 44 0
Net_id 11
pin_num 5
10 28 0
21 22 0
7 26 0
18 15 0
21 46 0
Net_id 12
pin_num 5
9 14 0
4 7 0
2 0 0
1 28 0
25 9 0
Net_id 13
pin_num 5
52 2 0
59 2 0
59 6 0
59 0 0
54 6 0
Net_id 14
pin_num 5
46 12 0
32 11 0
21 12 0
58 7 0
48 34 0
Net_id 15
pin_num 5
57 30 0
51 35 0
56 44 0
54 15 0
47 19 0
Net_id 16
pin_num 5
44 49 0
49 54 0
52 59 0
58 44 0
58 43 0
Net_id 17
pin_num 5
12 46 0
25 47 0
33 59 0
24 49 0
34 58 0
Net_id 18
pin_num 5
57 56 0
55 33 0
51 55 0
54 58 0
53 57 0
Net_id 19
pin_num 5
50 22 0
43 19 0
59 22 0
49 20 0
55 23 0
Net_id 20
pin_num 4
54 33 0
44 33 0
46 19 0
50 55 0
Net_id 21
pin_num 4
7 40 0
24 40 0
49 40 0
4 35 0
Net_id 22
pin_num 4
24 28 0
18 29 0
18 20 0
40 28 0
Net_id 23
pin_num 4
33 38 0
49 41 0
38 17 0
41 53 0
Net_id 24
pin_num 4
26 40 0
31 30 0
39 30 0
28 34 0
Net_id 25
pin_num 4
24 24 0
25 11 0
32 17 0
27 33 0
Net_id 26
pin_num 4
26 1 0
25 3 0
29 2 0
34 15 0
Net_id 27
pin_num 4
28 44 0
39 35 0
39 59 0
46 46 0
Net_id 28
pin_num 4
55 7 0
57 5 0
57 1 0
42 5 0
Net_id 29
pin_num 4
19 39 0
26 39 0
24 20 0
17 32 0
Net_id 30
pin_num 4
36 36 0
37 24 0
17 24 0
7 19 0
Net_id 31
pin_num 4
21 34 0
27 48 0
20 36 0
42 36 0
Net_id 32
pin_num 4
17 42 0
30 50 0
10 55 0
17 58 0
Net_id 33
pin_num 4
9 7 0
16 8 0
12 12 0
4 24 0
Net_id 34
pin_num 4
40 59 0
44 58 0
35 59 0
39 45 0
Net_id 35
pin_num 4
31 50 0
35 48 0
47 50 0
33 54 0
Net_id 36
pin_num 4
9 37 0
2 41 0
3 47 0
14 54 0
Net_id 37
pin_num 4
22 24 0
20 33 0
8 33 0
26 24 0
Net_id 38
pin_num 4
53 36 0
53 40 0
46 56 0
52 28 0
Net_id 39
pin_num 3
45 26 0
51 32 0
49 34 0
Net_id 40
pin_num 3
7 29 0
0 32 0
28 30 0
Net_id 41
pin_num 3
48 50 0
59 51 0
56 57 0
Net_id 42
pin_num 3
42 24 0
44 21 0
43 1 0
Net_id 43
pin_num 3
21 20 0
15 16 0
9 16 0
Net_id 44
pin_num 3
47 10 0
30 23 0
22 48 0
Net_id 45
pin_num 3
35 47 0
3 22 0
1 13 0
Net_id 46
pin_num 3
37 17 0
18 14 0
42 16 0
Net_id 47
pin_num 3
38 56 0
30 59 0
37 49 0
Net_id 48
pin_num 3
9 32 0
7 21 0
19 26 0
Net_id 49
pin_num 3
11 41 0
4 44 0
8 59 0
Net_id 50
pin_num 3
36 57 0
40 53 0
45 34 0
Net_id 51
pin_num 3
9 46 0
12 51 0
0 58 0
Net_id 52
pin_num 3
45 0 0
25 8 0
10 8 0
Net_id 53
pin_num 3
57 16 0
48 3 0
59 5 0
Net_id 54
pin_num 3
21 5 0
1 0 0
6 8 0
Net_id 55
pin_num 3
36 18 0
23 20 0
59 23 0
Net_id 56
pin_num 3
26 47 0
36 47 0
34 57 0
Net_id 57
pin_num 3
25 52 0
35 57 0
12 55 0
Net_id 58
pin_num 3
56 24 0
45 21 0
49 35 0
Net_id 59
pin_num 3
44 36 0
52 42 0
59 26 0
Net_id 60
pin_num 3
8 44 0
15 36 0
30 27 0
Net_id 61
pin_num 3
26 11 0
46 0 0
46 16 0
Net_id 62
pin_num 3
42 55 0
53 58 0
52 53 0
Net_id 63
pin_num 3
44 1 0
53 1 0
22 0 0
Net_id 64
pin_num 3
36 4 0
47 4 0
58 17 0
Net_id 65
pin_num 3
56 56 0
40 44 0
31 54 0
Net_id 66
pin_num 3
5 23 0
4 4 0
3 7 0
Net_id 67
pin_num 3
17 44 0
41 57 0
13 49 0
Net_id 68
pin_num 3
36 16 0
34 21 0
26 22 0
Net_id 69
pin_num 3
14 50 0
0 57 0
6 57 0
Net_id 70
pin_num 3
11 36 0
4 39 0
17 59 0
Net_id 71
pin_num 3
12 58 0
12 59 0
1 50 0
Net_id 72
pin_num 3
53 13 0
53 4 0
40 20 0
Net_id 73
pin_num 3
49 52 0
42 51 0
26 59 0
Net_id 74
pin_num 3
30 19 0
11 24 0
23 31 0
Net_id 75
pin_num 3
29 35 0
40 33 0
1 38 0
Net_id 76
pin_num 3
24 54 0
2 45 0
18 7 0
Net_id 77
pin_num 3
36 48 0
40 37 0
37 40 0
Net_id 78
pin_num 2
11 29 0
15 19 0
Net_id 79
pin_num 2
1 15 0
25 31 0
Net_id 80
pin_num 2
57 59 0
47 39 0
Net_id 81
pin_num 2
31 20 0
33 24 0
Net_id 82
pin_num 2
30 24 0
20 42 0
Net_id 83
pin_num 2
41 32 0
46 38 0
Net_id 84
pin_num 2
15 52 0
1 49 0
Net_id 85
pin_num 2
52 57 0
48 37 0
Net_id 86
pin_num 2
45 48 0
57 52 0
Net_id 87
pin_num 2
17 3 0
2 32 0
Net_id 88
pin_num 2
54 34 0
49 18 0
Net_id 89
pin_num 2
40 24 0
37 33 0
Net_id 90
pin_num 2
8 21 0
21 21 0
Net_id 91
pin_num 2
12 32 0
4 28 0
Net_id 92
pin_num 2
1 2 0
14 6 0
Net_id 93
pin_num 2
59 9 0
40 13 0
Net_id 94
pin_num 2
3 28 0
2 43 0
Net_id 95
pin_num 2
8 49 0
23 46 0
Net_id 96
pin_num 2
55 35 0
52 39 0
Net_id 97
pin_num 2
39 48 0
58 41 0
Net_id 98
pin_num 2
21 56 0
55 44 0
Net_id 99
pin_num 2
58 24 0
52 41 0
Net_id 100
pin_num 2
18 22 0
3 51 0
Net_id 101
pin_num 2
40 31 0
44 34 0
Net_id 102
pin_num 2
26 29 0
39 9 0
Net_id 103
pin_num 2
20 52 0
30 38 0
Net_id 104
pin_num 2
37 23 0
28 9 0
Net_id 105
pin_num 2
45 14 0
31 24 0
Net_id 106
pin_num 2
2 27 0
9 18 0
Net_id 107
pin_num 2
12 20 0
23 21 0
Net_id 108
pin_num 2
41 8 0
58 36 0
Net_id 109
pin_num 2
47 44 0
54 44 0
Net_id 110
pin_num 2
8 39 0
2 22 0
Net_id 111
pin_num 2
37 36 0
40 41 0
Net_id 112
pin_num 2
27 5 0
2 17 0
Net_id 113
pin_num 2
23 8 0
15 14 0
Net_id 114
pin_num 2
50 0 0
49 6 0
Net_id 115
pin_num 2
23 45 0
8 54 0
Net_id 116
pin_num 2
34 39 0
7 44 0
Net_id 117
pin_num 2
6 55 0
25 53 0
Net_id 118
pin_num 2
39 16 0
42 21 0
Net_id 119
pin_num 2
14 9 0
42 1 0
Net_id 120
pin_num 2
24 13 0
12 1 0
Net_id 121
pin_num 2
28 21 0
36 20 0
Net_id 122
pin_num 2
12 31 0
16 20 0
Net_id 123
pin_num 2
22 37 0
31 34 0
Net_id 124
pin_num 2
55 37 0
47 25 0
Net_id 125
pin_num 2
14 44 0
19 38 0
Net_id 126
pin_num 2
32 43 0
40 43 0
Net_id 127
pin_num 2
58 38 0
44 44 0
Net_id 128
pin_num 2
12 34 0
4 32 0
Net_id 129
pin_num 2
48 42 0
50 23 0
Net_id 130
pin_num 2
33 57 0
22 58 0
Net_id 131
pin_num 2
46 7 0
54 20 0
Net_id 132
pin_num 2
59 40 0
57 47 0
Net_id 133
pin_num 2
23 50 0
18 56 0
Net_id 134
pin_num 2
2 47 0
7 57 0
Net_id 135
pin_num 2
59 49 0
45 55 0
Net_id 136
pin_num 2
14 59 0
25 42 0
Net_id 137
pin_num 2
43 49 0
14 41 0
Net_id 138
pin_num 2
30 48 0
43 53 0
Net_id 139
pin_num 2
47 51 0
36 42 0
Net_id 140
pin_num 2
37 59 0
35 46 0
Net_id 141
pin_num 2
5 3 0
4 6 0
Net_id 142
pin_num 2
3 50 0
4 49 0
Net_id 143
pin_num 2
21 6 0
58 11 0
Net_id 144
pin_num 2
28 54 0
20 56 0
Net_id 145
pin_num 2
17 34 0
19 22 0
Net_id 146
pin_num 2
41 52 0
32 46 0
Net_id 147
pin_num 2
37 31 0
14 18 0
Net_id 148
pin_num 2
44 39 0
44 38 0
Net_id 149
pin_num 2
18 1 0
30 13 0
Net_id 150
pin_num 2
3 25 0
36 37 0
Net_id 151
pin_num 2
45 16 0
35 25 0
Net_id 152
pin_num 2
49 25 0
58 20 0
Net_id 153
pin_num 2
30 4 0
58 14 0
Net_id 154
pin_num 2
23 3 0
6 21 0
Net_id 155
pin_num 2
15 32 0
19 24 0
Net_id 156
pin_num 2
40 39 0
54 30 0
Net_id 157
pin_num 2
57 18 0
55 18 0
Net_id 158
pin_num 2
58 42 0
53 18 0
