Width 60
Height 60
Layer 6
Total_WL 6855
Obstacle_num 144
36 46 0 45 47 0
45 42 0 53 43 0
27 2 0 35 3 0
48 30 0 52 31 0
11 54 0 19 55 0
51 27 0 58 28 0
33 22 0 43 23 0
11 41 0 17 42 0
12 38 0 15 39 0
39 3 0 49 4 0
43 19 0 52 20 0
48 43 0 58 44 0
38 50 0 42 51 0
30 31 0 35 32 0
34 7 0 42 8 0
3 36 0 12 37 0
44 18 0 51 19 0
39 0 0 44 1 0
2 22 0 5 23 0
22 11 0 25 12 0
14 16 0 19 17 0
2 55 0 8 56 0
40 31 0 47 32 0
0 6 0 6 7 0
40 50 1 41 59 1
18 21 1 19 26 1
24 40 1 25 43 1
41 46 1 42 54 1
29 38 1 30 45 1
42 43 1 43 53 1
13 18 1 14 25 1
17 5 1 18 11 1
37 38 1 38 41 1
39 40 1 40 47 1
45 44 1 46 52 1
30 44 1 31 50 1
50 20 1 51 25 1
57 37 1 58 43 1
17 30 1 18 40 1
44 22 1 45 28 1
28 16 1 29 24 1
48 7 1 49 13 1
27 10 1 28 13 1
43 19 1 44 26 1
6 55 1 7 58 1
58 45 1 59 49 1
39 35 1 40 40 1
20 47 1 21 54 1
6 28 2 11 29 2
51 11 2 58 12 2
23 30 2 28 31 2
30 53 2 34 54 2
11 8 2 16 9 2
28 8 2 34 9 2
0 31 2 9 32 2
35 11 2 39 12 2
25 44 2 29 45 2
24 29 2 29 30 2
20 22 2 30 23 2
49 54 2 58 55 2
18 9 2 25 10 2
51 44 2 54 45 2
27 46 2 34 47 2
37 20 2 41 21 2
37 25 2 46 26 2
6 6 2 12 7 2
27 6 2 32 7 2
26 21 2 32 22 2
48 20 2 51 21 2
14 23 2 19 24 2
35 32 2 41 33 2
10 33 2 16 34 2
45 10 3 46 20 3
29 15 3 30 22 3
52 19 3 53 29 3
27 43 3 28 46 3
57 53 3 58 59 3
50 29 3 51 37 3
20 49 3 21 53 3
19 36 3 20 46 3
9 20 3 10 30 3
39 44 3 40 52 3
31 21 3 32 30 3
25 53 3 26 58 3
39 15 3 40 24 3
33 6 3 34 11 3
45 28 3 46 37 3
58 37 3 59 46 3
47 33 3 48 39 3
0 51 3 1 57 3
53 22 3 54 25 3
10 12 3 11 22 3
0 45 3 1 50 3
57 18 3 58 25 3
0 12 3 1 17 3
5 37 3 6 40 3
20 9 4 23 10 4
9 31 4 12 32 4
20 43 4 28 44 4
36 14 4 43 15 4
2 37 4 6 38 4
47 2 4 57 3 4
30 41 4 34 42 4
40 55 4 45 56 4
1 57 4 8 58 4
52 48 4 59 49 4
30 25 4 35 26 4
31 43 4 39 44 4
30 52 4 35 53 4
56 34 4 59 35 4
10 13 4 19 14 4
33 56 4 37 57 4
21 42 4 25 43 4
1 17 4 7 18 4
24 55 4 30 56 4
18 47 4 28 48 4
31 10 4 35 11 4
20 48 4 26 49 4
50 6 4 53 7 4
14 47 4 17 48 4
21 19 5 22 24 5
55 7 5 56 17 5
32 38 5 33 45 5
21 36 5 22 43 5
4 24 5 5 27 5
44 10 5 45 18 5
46 47 5 47 57 5
35 55 5 36 59 5
12 46 5 13 51 5
57 39 5 58 48 5
22 13 5 23 20 5
9 34 5 10 37 5
34 13 5 35 21 5
17 55 5 18 59 5
35 2 5 36 11 5
1 22 5 2 25 5
49 51 5 50 58 5
16 54 5 17 57 5
4 53 5 5 57 5
10 16 5 11 23 5
28 26 5 29 29 5
22 55 5 23 59 5
18 21 5 19 26 5
28 45 5 29 54 5
Net_num 161
Net_id 0
pin_num 5
29 0 0
34 11 0
25 4 0
46 11 0
26 10 0
Net_id 1
pin_num 5
11 44 0
7 44 0
10 49 0
19 46 0
4 49 0
Net_id 2
pin_num 5
0 43 0
1 23 0
12 36 0
5 23 0
0 44 0
Net_id 3
pin_num 5
14 45 0
25 35 0
25 51 0
15 47 0
18 52 0
Net_id 4
pin_num 5
38 35 0
37 25 0
16 33 0
16 47 0
51 33 0
Net_id 5
pin_num 5
0 24 0
2 17 0
4 37 0
1 28 0
15 17 0
Net_id 6
pin_num 5
55 50 0
47 58 0
36 58 0
37 52 0
47 40 0
Net_id 7
pin_num 5
12 15 0
9 23 0
21 19 0
8 0 0
14 25 0
Net_id 8
pin_num 5
44 33 0
38 32 0
50 44 0
59 31 0
59 12 0
Net_id 9
pin_num 5
9 5 0
13 5 0
12 27 0
27 20 0
25 16 0
Net_id 10
pin_num 5
13 18 0
9 15 0
11 11 0
0 19 0
5 22 0
Net_id 11
pin_num 5
21 12 0
0 12 0
30 0 0
19 3 0
10 8 0
Net_id 12
pin_num 5
35 15 0
47 15 0
44 0 0
30 15 0
45 12 0
Net_id 13
pin_num 5
20 15 0
33 18 0
43 18 0
40 17 0
32 12 0
Net_id 14
pin_num 5
38 39 0
41 40 0
41 26 0
30 45 0
49 28 0
Net_id 15
pin_num 5
53 0 0
59 3 0
59 1 0
54 21 0
59 11 0
Net_id 16
pin_num 5
10 53 0
2 51 0
21 51 0
19 59 0
31 53 0
Net_id 17
pin_num 5
57 12 0
55 0 0
52 7 0
50 4 0
45 2 0
Net_id 18
pin_num 5
3 50 0
12 50 0
9 59 0
28 56 0
26 59 0
Net_id 19
pin_num 5
46 30 0
35 37 0
46 44 0
53 41 0
35 20 0
Net_id 20
pin_num 5
55 21 0
58 26 0
56 12 0
56 6 0
42 19 0
Net_id 21
pin_num 4
7 46 0
9 54 0
19 49 0
22 47 0
Net_id 22
pin_num 4
13 57 0
22 58 0
22 50 0
35 55 0
Net_id 23
pin_num 4
27 38 0
18 38 0
24 33 0
13 37 0
Net_id 24
pin_num 4
50 14 0
58 13 0
59 45 0
44 30 0
Net_id 25
pin_num 4
25 2 0
27 0 0
3 2 0
28 5 0
Net_id 26
pin_num 4
43 30 0
31 30 0
24 21 0
31 26 0
Net_id 27
pin_num 4
40 55 0
46 55 0
59 52 0
32 59 0
Net_id 28
pin_num 4
28 12 0
31 7 0
30 32 0
41 8 0
Net_id 29
pin_num 4
56 32 0
49 44 0
50 59 0
44 56 0
Net_id 30
pin_num 4
36 41 0
43 43 0
22 43 0
42 32 0
Net_id 31
pin_num 4
1 52 0
8 45 0
6 54 0
2 57 0
Net_id 32
pin_num 4
39 43 0
48 38 0
33 38 0
22 31 0
Net_id 33
pin_num 4
0 41 0
3 39 0
1 33 0
14 29 0
Net_id 34
pin_num 4
22 12 0
26 13 0
19 14 0
26 22 0
Net_id 35
pin_num 4
55 20 0
42 20 0
56 24 0
43 32 0
Net_id 36
pin_num 4
22 46 0
17 43 0
35 43 0
26 52 0
Net_id 37
pin_num 4
46 22 0
44 32 0
21 31 0
22 48 0
Net_id 38
pin_num 4
47 13 0
39 6 0
52 6 0
55 1 0
Net_id 39
pin_num 4
44 59 0
48 58 0
48 41 0
57 59 0
Net_id 40
pin_num 3
23 39 0
14 39 0
15 11 0
Net_id 41
pin_num 3
25 29 0
31 29 0
27 51 0
Net_id 42
pin_num 3
30 48 0
23 54 0
28 26 0
Net_id 43
pin_num 3
14 52 0
28 58 0
10 43 0
Net_id 44
pin_num 3
54 40 0
56 23 0
56 35 0
Net_id 45
pin_num 3
27 42 0
10 42 0
6 26 0
Net_id 46
pin_num 3
40 6 0
43 14 0
58 18 0
Net_id 47
pin_num 3
42 54 0
51 45 0
24 57 0
Net_id 48
pin_num 3
46 9 0
57 9 0
45 5 0
Net_id 49
pin_num 3
4 11 0
5 14 0
0 50 0
Net_id 50
pin_num 3
32 9 0
41 14 0
31 0 0
Net_id 51
pin_num 3
40 41 0
52 37 0
34 33 0
Net_id 52
pin_num 3
20 45 0
22 59 0
14 48 0
Net_id 53
pin_num 3
21 14 0
22 28 0
7 43 0
Net_id 54
pin_num 3
33 40 0
18 44 0
36 54 0
Net_id 55
pin_num 3
5 19 0
14 19 0
8 10 0
Net_id 56
pin_num 3
13 0 0
3 4 0
36 1 0
Net_id 57
pin_num 3
43 4 0
47 1 0
54 23 0
Net_id 58
pin_num 3
7 48 0
1 46 0
6 31 0
Net_id 59
pin_num 3
27 32 0
24 27 0
34 44 0
Net_id 60
pin_num 3
50 40 0
38 29 0
44 36 0
Net_id 61
pin_num 3
53 11 0
57 28 0
51 22 0
Net_id 62
pin_num 3
7 0 0
2 3 0
8 3 0
Net_id 63
pin_num 3
59 54 0
46 51 0
36 44 0
Net_id 64
pin_num 3
31 51 0
36 48 0
27 54 0
Net_id 65
pin_num 3
4 32 0
1 15 0
22 29 0
Net_id 66
pin_num 3
54 5 0
49 4 0
54 24 0
Net_id 67
pin_num 3
39 31 0
34 32 0
11 34 0
Net_id 68
pin_num 3
49 48 0
42 56 0
33 41 0
Net_id 69
pin_num 3
58 5 0
53 12 0
56 18 0
Net_id 70
pin_num 3
5 45 0
1 58 0
18 18 0
Net_id 71
pin_num 3
13 45 0
14 27 0
23 27 0
Net_id 72
pin_num 3
51 24 0
58 35 0
34 28 0
Net_id 73
pin_num 3
46 1 0
34 4 0
7 1 0
Net_id 74
pin_num 3
16 1 0
0 10 0
4 1 0
Net_id 75
pin_num 3
46 29 0
39 16 0
54 19 0
Net_id 76
pin_num 3
3 58 0
13 58 0
38 1 0
Net_id 77
pin_num 3
27 44 0
10 41 0
13 53 0
Net_id 78
pin_num 3
16 32 0
49 46 0
44 43 0
Net_id 79
pin_num 3
6 47 0
9 55 0
14 36 0
Net_id 80
pin_num 3
2 18 0
0 16 0
23 25 0
Net_id 81
pin_num 2
29 38 0
40 47 0
Net_id 82
pin_num 2
15 7 0
18 9 0
Net_id 83
pin_num 2
31 54 0
9 41 0
Net_id 84
pin_num 2
15 36 0
24 36 0
Net_id 85
pin_num 2
31 5 0
45 14 0
Net_id 86
pin_num 2
58 55 0
59 53 0
Net_id 87
pin_num 2
49 5 0
56 15 0
Net_id 88
pin_num 2
19 30 0
19 18 0
Net_id 89
pin_num 2
54 17 0
50 17 0
Net_id 90
pin_num 2
5 13 0
0 1 0
Net_id 91
pin_num 2
13 11 0
27 15 0
Net_id 92
pin_num 2
47 39 0
36 47 0
Net_id 93
pin_num 2
3 16 0
2 25 0
Net_id 94
pin_num 2
28 22 0
17 40 0
Net_id 95
pin_num 2
34 27 0
20 54 0
Net_id 96
pin_num 2
10 55 0
20 35 0
Net_id 97
pin_num 2
9 20 0
3 33 0
Net_id 98
pin_num 2
53 46 0
30 59 0
Net_id 99
pin_num 2
5 25 0
22 49 0
Net_id 100
pin_num 2
48 39 0
51 26 0
Net_id 101
pin_num 2
48 55 0
57 57 0
Net_id 102
pin_num 2
21 7 0
45 7 0
Net_id 103
pin_num 2
7 21 0
20 21 0
Net_id 104
pin_num 2
16 34 0
33 32 0
Net_id 105
pin_num 2
49 3 0
57 8 0
Net_id 106
pin_num 2
17 13 0
29 27 0
Net_id 107
pin_num 2
27 35 0
38 23 0
Net_id 108
pin_num 2
41 18 0
19 7 0
Net_id 109
pin_num 2
16 35 0
23 8 0
Net_id 110
pin_num 2
0 9 0
1 2 0
Net_id 111
pin_num 2
35 19 0
46 5 0
Net_id 112
pin_num 2
53 8 0
57 10 0
Net_id 113
pin_num 2
49 27 0
55 18 0
Net_id 114
pin_num 2
4 10 0
0 5 0
Net_id 115
pin_num 2
35 34 0
48 36 0
Net_id 116
pin_num 2
11 43 0
27 28 0
Net_id 117
pin_num 2
55 23 0
51 35 0
Net_id 118
pin_num 2
50 35 0
33 28 0
Net_id 119
pin_num 2
54 57 0
59 46 0
Net_id 120
pin_num 2
7 27 0
2 49 0
Net_id 121
pin_num 2
22 19 0
35 6 0
Net_id 122
pin_num 2
19 25 0
11 10 0
Net_id 123
pin_num 2
13 52 0
25 28 0
Net_id 124
pin_num 2
22 21 0
11 32 0
Net_id 125
pin_num 2
56 30 0
51 13 0
Net_id 126
pin_num 2
41 1 0
22 8 0
Net_id 127
pin_num 2
46 26 0
50 16 0
Net_id 128
pin_num 2
37 40 0
32 49 0
Net_id 129
pin_num 2
17 15 0
3 35 0
Net_id 130
pin_num 2
4 44 0
3 34 0
Net_id 131
pin_num 2
20 17 0
3 26 0
Net_id 132
pin_num 2
51 10 0
34 3 0
Net_id 133
pin_num 2
13 32 0
21 24 0
Net_id 134
pin_num 2
28 49 0
36 57 0
Net_id 135
pin_num 2
25 37 0
34 20 0
Net_id 136
pin_num 2
21 3 0
28 3 0
Net_id 137
pin_num 2
32 4 0
24 1 0
Net_id 138
pin_num 2
10 46 0
1 45 0
Net_id 139
pin_num 2
43 24 0
53 29 0
Net_id 140
pin_num 2
41 56 0
37 56 0
Net_id 141
pin_num 2
36 37 0
51 51 0
Net_id 142
pin_num 2
39 8 0
29 10 0
Net_id 143
pin_num 2
20 29 0
16 23 0
Net_id 144
pin_num 2
31 52 0
44 45 0
Net_id 145
pin_num 2
31 9 0
25 18 0
Net_id 146
pin_num 2
38 19 0
47 29 0
Net_id 147
pin_num 2
58 52 0
55 47 0
Net_id 148
pin_num 2
52 13 0
50 11 0
Net_id 149
pin_num 2
10 59 0
13 50 0
Net_id 150
pin_num 2
48 50 0
57 35 0
Net_id 151
pin_num 2
4 7 0
4 14 0
Net_id 152
pin_num 2
24 39 0
31 44 0
Net_id 153
pin_num 2
55 12 0
36 20 0
Net_id 154
pin_num 2
31 42 0
40 49 0
Net_id 155
pin_num 2
5 38 0
3 25 0
Net_id 156
pin_num 2
36 16 0
46 46 0
Net_id 157
pin_num 2
35 17 0
43 1 0
Net_id 158
pin_num 2
50 53 0
34 29 0
Net_id 159
pin_num 2
3 8 0
1 10 0
Net_id 160
pin_num 2
55 45 0
39 24 0
