Width 60
Height 60
Layer 6
Total_WL 6432
Obstacle_num 144
27 44 0 33 45 0
51 33 0 59 34 0
46 6 0 56 7 0
11 41 0 21 42 0
54 48 0 57 49 0
46 11 0 53 12 0
49 23 0 59 24 0
34 16 0 43 17 0
28 18 0 37 19 0
29 2 0 36 3 0
13 1 0 18 2 0
22 21 0 31 22 0
18 34 0 23 35 0
36 9 0 44 10 0
13 25 0 21 26 0
24 58 0 29 59 0
31 12 0 35 13 0
29 3 0 36 4 0
0 40 0 10 41 0
48 47 0 57 48 0
29 56 0 36 57 0
39 46 0 49 47 0
39 24 0 46 25 0
7 5 0 11 6 0
50 36 1 51 46 1
30 56 1 31 59 1
11 32 1 12 40 1
33 0 1 34 5 1
11 24 1 12 27 1
51 9 1 52 19 1
48 53 1 49 58 1
38 45 1 39 52 1
10 37 1 11 47 1
41 50 1 42 53 1
14 7 1 15 17 1
39 36 1 40 46 1
36 49 1 37 58 1
22 32 1 23 35 1
57 34 1 58 38 1
0 41 1 1 48 1
16 30 1 17 37 1
4 24 1 5 29 1
5 10 1 6 20 1
54 23 1 55 28 1
58 20 1 59 29 1
30 36 1 31 41 1
56 33 1 57 42 1
43 23 1 44 33 1
51 29 2 59 30 2
49 50 2 52 51 2
8 10 2 17 11 2
29 27 2 34 28 2
50 38 2 57 39 2
13 38 2 19 39 2
25 45 2 34 46 2
23 41 2 32 42 2
26 14 2 32 15 2
0 40 2 9 41 2
16 32 2 21 33 2
17 39 2 22 40 2
30 47 2 40 48 2
0 32 2 4 33 2
36 15 2 45 16 2
26 42 2 36 43 2
28 1 2 37 2 2
3 57 2 11 58 2
2 48 2 5 49 2
13 54 2 20 55 2
7 24 2 17 25 2
6 31 2 16 32 2
50 23 2 59 24 2
28 55 2 34 56 2
9 14 3 10 17 3
6 10 3 7 14 3
7 40 3 8 49 3
54 35 3 55 40 3
40 3 3 41 10 3
26 13 3 27 21 3
2 38 3 3 41 3
5 19 3 6 25 3
58 7 3 59 12 3
36 27 3 37 34 3
24 17 3 25 26 3
9 30 3 10 39 3
53 36 3 54 41 3
26 2 3 27 9 3
45 12 3 46 16 3
38 37 3 39 43 3
17 49 3 18 57 3
4 27 3 5 34 3
17 24 3 18 34 3
0 36 3 1 46 3
48 27 3 49 36 3
53 15 3 54 18 3
56 2 3 57 6 3
33 22 3 34 30 3
39 20 4 44 21 4
46 16 4 52 17 4
13 11 4 22 12 4
19 33 4 29 34 4
36 22 4 42 23 4
23 16 4 26 17 4
36 6 4 42 7 4
7 46 4 14 47 4
52 55 4 58 56 4
10 2 4 18 3 4
40 2 4 50 3 4
14 34 4 21 35 4
0 34 4 7 35 4
20 56 4 23 57 4
23 30 4 32 31 4
40 28 4 45 29 4
19 4 4 29 5 4
12 19 4 20 20 4
24 36 4 30 37 4
18 46 4 21 47 4
34 3 4 44 4 4
46 18 4 56 19 4
25 25 4 33 26 4
14 1 4 20 2 4
15 26 5 16 29 5
36 40 5 37 43 5
32 19 5 33 25 5
12 44 5 13 54 5
57 32 5 58 41 5
31 25 5 32 29 5
1 56 5 2 59 5
4 29 5 5 32 5
46 44 5 47 47 5
8 48 5 9 53 5
34 21 5 35 25 5
16 39 5 17 44 5
47 29 5 48 33 5
0 11 5 1 15 5
49 16 5 50 21 5
22 1 5 23 11 5
48 39 5 49 48 5
36 15 5 37 23 5
8 13 5 9 21 5
55 42 5 56 50 5
53 9 5 54 17 5
25 37 5 26 45 5
16 7 5 17 12 5
13 39 5 14 47 5
Net_num 156
Net_id 0
pin_num 5
58 19 0
50 12 0
59 27 0
57 0 0
33 19 0
Net_id 1
pin_num 5
24 16 0
18 16 0
21 25 0
59 19 0
23 40 0
Net_id 2
pin_num 5
10 9 0
1 14 0
10 12 0
5 5 0
12 5 0
Net_id 3
pin_num 5
32 59 0
35 58 0
43 59 0
28 59 0
33 54 0
Net_id 4
pin_num 5
52 39 0
57 40 0
46 39 0
52 57 0
59 49 0
Net_id 5
pin_num 5
16 15 0
4 17 0
0 24 0
15 10 0
10 35 0
Net_id 6
pin_num 5
39 57 0
53 59 0
50 35 0
54 45 0
49 44 0
Net_id 7
pin_num 5
12 42 0
8 42 0
9 27 0
13 36 0
1 49 0
Net_id 8
pin_num 5
57 10 0
49 14 0
59 4 0
34 10 0
52 5 0
Net_id 9
pin_num 5
48 5 0
56 7 0
56 6 0
53 20 0
52 9 0
Net_id 10
pin_num 5
8 10 0
3 10 0
1 23 0
6 11 0
1 0 0
Net_id 11
pin_num 5
12 3 0
17 2 0
10 0 0
17 7 0
16 11 0
Net_id 12
pin_num 5
30 45 0
12 44 0
25 30 0
26 32 0
20 50 0
Net_id 13
pin_num 5
46 18 0
36 23 0
37 12 0
40 26 0
54 18 0
Net_id 14
pin_num 5
41 37 0
26 31 0
40 47 0
36 45 0
36 31 0
Net_id 15
pin_num 5
59 57 0
58 50 0
58 57 0
59 36 0
47 47 0
Net_id 16
pin_num 5
2 35 0
6 39 0
6 43 0
16 45 0
21 45 0
Net_id 17
pin_num 5
49 21 0
45 28 0
43 0 0
45 36 0
57 26 0
Net_id 18
pin_num 5
4 36 0
7 43 0
5 45 0
21 43 0
1 39 0
Net_id 19
pin_num 5
5 15 0
12 21 0
6 27 0
1 18 0
9 0 0
Net_id 20
pin_num 4
29 33 0
35 17 0
29 28 0
28 22 0
Net_id 21
pin_num 4
14 53 0
2 58 0
13 59 0
23 58 0
Net_id 22
pin_num 4
32 19 0
28 23 0
13 19 0
22 29 0
Net_id 23
pin_num 4
40 27 0
44 37 0
55 37 0
29 24 0
Net_id 24
pin_num 4
34 58 0
40 49 0
35 43 0
41 32 0
Net_id 25
pin_num 4
35 46 0
27 46 0
30 55 0
31 53 0
Net_id 26
pin_num 4
30 12 0
22 12 0
27 18 0
24 15 0
Net_id 27
pin_num 4
26 8 0
30 8 0
30 20 0
44 5 0
Net_id 28
pin_num 4
59 29 0
55 28 0
55 36 0
59 30 0
Net_id 29
pin_num 4
47 25 0
44 15 0
20 17 0
30 34 0
Net_id 30
pin_num 4
52 49 0
37 42 0
58 47 0
25 48 0
Net_id 31
pin_num 4
41 58 0
53 51 0
32 54 0
19 51 0
Net_id 32
pin_num 4
18 13 0
15 21 0
46 17 0
30 0 0
Net_id 33
pin_num 4
14 11 0
4 14 0
12 23 0
17 22 0
Net_id 34
pin_num 4
46 35 0
40 36 0
43 16 0
40 14 0
Net_id 35
pin_num 4
56 43 0
43 44 0
27 59 0
47 58 0
Net_id 36
pin_num 4
52 28 0
54 40 0
53 35 0
58 58 0
Net_id 37
pin_num 4
39 22 0
29 32 0
29 38 0
34 15 0
Net_id 38
pin_num 4
36 15 0
33 30 0
39 13 0
50 21 0
Net_id 39
pin_num 3
35 35 0
46 31 0
49 41 0
Net_id 40
pin_num 3
49 42 0
58 31 0
48 36 0
Net_id 41
pin_num 3
24 35 0
12 26 0
21 51 0
Net_id 42
pin_num 3
40 35 0
39 27 0
23 42 0
Net_id 43
pin_num 3
22 59 0
26 50 0
21 59 0
Net_id 44
pin_num 3
24 33 0
16 12 0
20 3 0
Net_id 45
pin_num 3
22 49 0
29 49 0
28 55 0
Net_id 46
pin_num 3
5 44 0
1 30 0
4 45 0
Net_id 47
pin_num 3
31 34 0
37 31 0
55 27 0
Net_id 48
pin_num 3
38 43 0
55 49 0
36 46 0
Net_id 49
pin_num 3
2 45 0
5 39 0
2 29 0
Net_id 50
pin_num 3
47 40 0
53 30 0
59 39 0
Net_id 51
pin_num 3
3 27 0
18 31 0
2 8 0
Net_id 52
pin_num 3
0 16 0
7 8 0
22 8 0
Net_id 53
pin_num 3
58 54 0
28 47 0
44 52 0
Net_id 54
pin_num 3
37 24 0
49 28 0
46 7 0
Net_id 55
pin_num 3
12 15 0
16 28 0
28 28 0
Net_id 56
pin_num 3
54 16 0
48 22 0
31 30 0
Net_id 57
pin_num 3
9 23 0
1 9 0
14 6 0
Net_id 58
pin_num 3
9 4 0
1 8 0
5 0 0
Net_id 59
pin_num 3
7 44 0
2 47 0
3 52 0
Net_id 60
pin_num 3
20 23 0
13 23 0
19 44 0
Net_id 61
pin_num 3
59 3 0
48 7 0
42 0 0
Net_id 62
pin_num 3
34 25 0
42 18 0
41 12 0
Net_id 63
pin_num 3
0 29 0
12 45 0
22 14 0
Net_id 64
pin_num 3
47 48 0
58 40 0
38 41 0
Net_id 65
pin_num 3
4 18 0
3 26 0
11 28 0
Net_id 66
pin_num 3
27 6 0
37 0 0
11 5 0
Net_id 67
pin_num 3
15 50 0
28 34 0
1 59 0
Net_id 68
pin_num 3
47 53 0
57 55 0
48 45 0
Net_id 69
pin_num 3
35 12 0
38 8 0
13 9 0
Net_id 70
pin_num 3
19 7 0
28 5 0
21 11 0
Net_id 71
pin_num 3
42 36 0
44 51 0
59 58 0
Net_id 72
pin_num 3
30 15 0
38 23 0
7 20 0
Net_id 73
pin_num 3
58 22 0
47 35 0
57 8 0
Net_id 74
pin_num 3
5 21 0
24 34 0
7 19 0
Net_id 75
pin_num 3
24 43 0
33 36 0
8 46 0
Net_id 76
pin_num 2
48 28 0
34 43 0
Net_id 77
pin_num 2
33 58 0
24 48 0
Net_id 78
pin_num 2
15 2 0
6 1 0
Net_id 79
pin_num 2
7 53 0
3 38 0
Net_id 80
pin_num 2
32 40 0
51 52 0
Net_id 81
pin_num 2
6 22 0
16 21 0
Net_id 82
pin_num 2
19 40 0
9 51 0
Net_id 83
pin_num 2
45 53 0
28 57 0
Net_id 84
pin_num 2
49 13 0
40 2 0
Net_id 85
pin_num 2
7 58 0
24 53 0
Net_id 86
pin_num 2
57 32 0
45 43 0
Net_id 87
pin_num 2
28 36 0
32 33 0
Net_id 88
pin_num 2
27 33 0
48 29 0
Net_id 89
pin_num 2
25 3 0
6 9 0
Net_id 90
pin_num 2
32 41 0
7 33 0
Net_id 91
pin_num 2
41 38 0
37 41 0
Net_id 92
pin_num 2
56 17 0
51 31 0
Net_id 93
pin_num 2
32 8 0
31 16 0
Net_id 94
pin_num 2
48 52 0
43 41 0
Net_id 95
pin_num 2
14 38 0
20 27 0
Net_id 96
pin_num 2
0 54 0
21 31 0
Net_id 97
pin_num 2
35 57 0
20 42 0
Net_id 98
pin_num 2
20 14 0
3 3 0
Net_id 99
pin_num 2
0 43 0
16 42 0
Net_id 100
pin_num 2
21 17 0
19 6 0
Net_id 101
pin_num 2
11 12 0
15 4 0
Net_id 102
pin_num 2
51 3 0
55 8 0
Net_id 103
pin_num 2
13 46 0
13 38 0
Net_id 104
pin_num 2
47 43 0
35 53 0
Net_id 105
pin_num 2
9 32 0
5 29 0
Net_id 106
pin_num 2
42 15 0
37 15 0
Net_id 107
pin_num 2
46 50 0
55 56 0
Net_id 108
pin_num 2
6 23 0
3 2 0
Net_id 109
pin_num 2
11 30 0
27 37 0
Net_id 110
pin_num 2
31 40 0
23 43 0
Net_id 111
pin_num 2
17 20 0
8 17 0
Net_id 112
pin_num 2
4 24 0
20 24 0
Net_id 113
pin_num 2
5 27 0
19 13 0
Net_id 114
pin_num 2
17 46 0
6 58 0
Net_id 115
pin_num 2
48 38 0
27 52 0
Net_id 116
pin_num 2
57 42 0
45 39 0
Net_id 117
pin_num 2
14 35 0
1 41 0
Net_id 118
pin_num 2
22 52 0
2 57 0
Net_id 119
pin_num 2
44 23 0
39 17 0
Net_id 120
pin_num 2
30 54 0
16 59 0
Net_id 121
pin_num 2
12 58 0
8 38 0
Net_id 122
pin_num 2
53 27 0
39 12 0
Net_id 123
pin_num 2
14 7 0
21 1 0
Net_id 124
pin_num 2
41 2 0
52 2 0
Net_id 125
pin_num 2
27 5 0
22 42 0
Net_id 126
pin_num 2
27 34 0
34 38 0
Net_id 127
pin_num 2
6 13 0
21 32 0
Net_id 128
pin_num 2
16 35 0
10 25 0
Net_id 129
pin_num 2
50 4 0
56 8 0
Net_id 130
pin_num 2
49 35 0
40 34 0
Net_id 131
pin_num 2
43 30 0
52 37 0
Net_id 132
pin_num 2
35 6 0
46 8 0
Net_id 133
pin_num 2
11 56 0
1 56 0
Net_id 134
pin_num 2
13 29 0
20 29 0
Net_id 135
pin_num 2
37 47 0
31 49 0
Net_id 136
pin_num 2
24 46 0
27 55 0
Net_id 137
pin_num 2
15 44 0
25 27 0
Net_id 138
pin_num 2
53 26 0
49 26 0
Net_id 139
pin_num 2
53 45 0
39 52 0
Net_id 140
pin_num 2
48 56 0
40 56 0
Net_id 141
pin_num 2
1 3 0
0 0 0
Net_id 142
pin_num 2
22 46 0
1 21 0
Net_id 143
pin_num 2
17 58 0
23 55 0
Net_id 144
pin_num 2
15 33 0
15 42 0
Net_id 145
pin_num 2
42 50 0
45 47 0
Net_id 146
pin_num 2
47 4 0
52 8 0
Net_id 147
pin_num 2
35 4 0
20 22 0
Net_id 148
pin_num 2
13 4 0
9 25 0
Net_id 149
pin_num 2
24 52 0
25 55 0
Net_id 150
pin_num 2
45 37 0
49 37 0
Net_id 151
pin_num 2
15 51 0
5 35 0
Net_id 152
pin_num 2
8 47 0
31 38 0
Net_id 153
pin_num 2
59 44 0
47 27 0
Net_id 154
pin_num 2
38 17 0
29 0 0
Net_id 155
pin_num 2
33 42 0
41 30 0
