Width 60
Height 60
Layer 6
Total_WL 6680
Obstacle_num 144
17 54 0 22 55 0
38 41 0 45 42 0
33 48 0 43 49 0
42 25 0 50 26 0
35 2 0 38 3 0
9 6 0 13 7 0
37 26 0 46 27 0
23 32 0 33 33 0
16 23 0 20 24 0
45 45 0 49 46 0
5 7 0 12 8 0
1 46 0 9 47 0
7 23 0 15 24 0
35 29 0 44 30 0
38 55 0 44 56 0
34 13 0 44 14 0
20 14 0 29 15 0
35 35 0 45 36 0
39 7 0 45 8 0
30 3 0 34 4 0
38 40 0 48 41 0
9 33 0 19 34 0
39 16 0 42 17 0
23 21 0 32 22 0
4 11 1 5 20 1
17 31 1 18 36 1
11 48 1 12 51 1
29 14 1 30 22 1
8 35 1 9 45 1
24 47 1 25 54 1
52 31 1 53 39 1
35 16 1 36 20 1
46 48 1 47 54 1
42 48 1 43 54 1
19 19 1 20 25 1
33 12 1 34 17 1
20 8 1 21 14 1
54 1 1 55 9 1
32 13 1 33 23 1
58 16 1 59 26 1
22 47 1 23 53 1
3 40 1 4 47 1
12 21 1 13 29 1
38 22 1 39 26 1
15 24 1 16 27 1
41 7 1 42 11 1
32 8 1 33 13 1
0 10 1 1 20 1
36 12 2 46 13 2
11 0 2 19 1 2
9 33 2 18 34 2
31 39 2 38 40 2
16 21 2 24 22 2
54 31 2 58 32 2
42 38 2 48 39 2
11 44 2 21 45 2
32 32 2 38 33 2
18 35 2 23 36 2
45 5 2 49 6 2
51 21 2 54 22 2
37 48 2 41 49 2
35 33 2 39 34 2
45 20 2 53 21 2
25 34 2 29 35 2
18 46 2 25 47 2
24 30 2 32 31 2
20 0 2 25 1 2
25 5 2 30 6 2
16 40 2 25 41 2
43 42 2 49 43 2
39 25 2 49 26 2
50 42 2 57 43 2
0 30 3 1 37 3
8 48 3 9 56 3
16 17 3 17 21 3
8 15 3 9 24 3
36 0 3 37 9 3
56 19 3 57 27 3
23 8 3 24 13 3
5 20 3 6 30 3
7 27 3 8 36 3
29 17 3 30 25 3
1 41 3 2 50 3
9 41 3 10 44 3
50 26 3 51 29 3
13 49 3 14 58 3
3 38 3 4 46 3
25 46 3 26 53 3
34 47 3 35 57 3
37 35 3 38 40 3
15 34 3 16 38 3
14 20 3 15 23 3
34 35 3 35 38 3
17 45 3 18 48 3
24 48 3 25 58 3
17 11 3 18 15 3
5 48 4 13 49 4
17 25 4 27 26 4
6 15 4 14 16 4
42 52 4 45 53 4
21 22 4 29 23 4
28 55 4 31 56 4
21 56 4 27 57 4
2 53 4 8 54 4
42 40 4 48 41 4
2 50 4 11 51 4
38 5 4 42 6 4
15 21 4 20 22 4
24 28 4 30 29 4
18 58 4 23 59 4
19 14 4 28 15 4
47 1 4 53 2 4
40 55 4 44 56 4
6 35 4 10 36 4
24 51 4 33 52 4
50 21 4 53 22 4
6 29 4 11 30 4
11 24 4 18 25 4
20 49 4 30 50 4
34 20 4 44 21 4
36 24 5 37 30 5
4 49 5 5 55 5
29 8 5 30 12 5
52 17 5 53 25 5
30 10 5 31 19 5
27 23 5 28 33 5
38 16 5 39 22 5
49 32 5 50 42 5
16 26 5 17 34 5
43 14 5 44 17 5
52 38 5 53 41 5
1 37 5 2 41 5
42 27 5 43 36 5
35 34 5 36 41 5
0 28 5 1 31 5
26 28 5 27 32 5
56 31 5 57 41 5
12 20 5 13 26 5
26 39 5 27 45 5
11 4 5 12 10 5
41 35 5 42 41 5
46 10 5 47 13 5
17 32 5 18 38 5
12 11 5 13 16 5
Net_num 158
Net_id 0
pin_num 5
31 28 0
35 31 0
26 28 0
30 16 0
31 42 0
Net_id 1
pin_num 5
46 11 0
56 11 0
56 0 0
47 33 0
54 9 0
Net_id 2
pin_num 5
30 39 0
41 36 0
40 59 0
29 23 0
37 51 0
Net_id 3
pin_num 5
25 48 0
21 48 0
23 25 0
12 43 0
20 32 0
Net_id 4
pin_num 5
53 29 0
59 37 0
55 51 0
56 10 0
58 36 0
Net_id 5
pin_num 5
51 28 0
43 42 0
45 28 0
59 35 0
49 46 0
Net_id 6
pin_num 5
24 9 0
23 20 0
20 17 0
6 19 0
26 16 0
Net_id 7
pin_num 5
52 5 0
59 6 0
41 6 0
42 5 0
45 15 0
Net_id 8
pin_num 5
20 15 0
7 19 0
7 34 0
3 20 0
8 25 0
Net_id 9
pin_num 5
36 21 0
33 22 0
48 21 0
37 15 0
57 11 0
Net_id 10
pin_num 5
38 25 0
33 17 0
24 22 0
40 20 0
10 20 0
Net_id 11
pin_num 5
55 36 0
39 39 0
39 45 0
59 40 0
19 45 0
Net_id 12
pin_num 5
26 33 0
15 39 0
24 26 0
33 33 0
22 30 0
Net_id 13
pin_num 5
50 44 0
57 44 0
51 56 0
30 44 0
56 41 0
Net_id 14
pin_num 5
36 14 0
30 14 0
41 14 0
31 0 0
25 12 0
Net_id 15
pin_num 5
40 0 0
34 0 0
30 15 0
39 22 0
46 4 0
Net_id 16
pin_num 5
49 7 0
59 11 0
43 10 0
42 10 0
49 13 0
Net_id 17
pin_num 5
0 43 0
5 44 0
11 44 0
13 59 0
40 45 0
Net_id 18
pin_num 5
8 53 0
12 50 0
0 56 0
1 52 0
8 50 0
Net_id 19
pin_num 5
22 25 0
15 32 0
13 25 0
19 41 0
7 35 0
Net_id 20
pin_num 5
42 31 0
43 43 0
43 24 0
33 30 0
23 24 0
Net_id 21
pin_num 4
51 19 0
44 16 0
54 14 0
45 0 0
Net_id 22
pin_num 4
18 30 0
11 25 0
0 27 0
4 26 0
Net_id 23
pin_num 4
50 53 0
39 49 0
54 46 0
48 47 0
Net_id 24
pin_num 4
51 14 0
36 26 0
50 29 0
59 28 0
Net_id 25
pin_num 4
57 41 0
58 54 0
47 37 0
57 50 0
Net_id 26
pin_num 4
29 37 0
36 34 0
33 41 0
31 27 0
Net_id 27
pin_num 4
43 59 0
54 59 0
57 54 0
53 58 0
Net_id 28
pin_num 4
7 40 0
26 36 0
18 38 0
18 18 0
Net_id 29
pin_num 4
26 10 0
19 18 0
22 4 0
8 10 0
Net_id 30
pin_num 4
4 12 0
1 18 0
7 18 0
1 35 0
Net_id 31
pin_num 4
3 51 0
6 58 0
2 41 0
0 53 0
Net_id 32
pin_num 4
10 24 0
0 24 0
3 37 0
6 20 0
Net_id 33
pin_num 4
6 57 0
0 57 0
14 59 0
7 37 0
Net_id 34
pin_num 4
55 4 0
58 1 0
50 1 0
46 1 0
Net_id 35
pin_num 4
50 13 0
59 19 0
44 0 0
58 12 0
Net_id 36
pin_num 4
53 15 0
46 17 0
46 43 0
56 36 0
Net_id 37
pin_num 4
21 41 0
20 55 0
10 49 0
5 40 0
Net_id 38
pin_num 4
34 38 0
28 39 0
21 31 0
27 29 0
Net_id 39
pin_num 4
4 0 0
8 9 0
29 6 0
29 3 0
Net_id 40
pin_num 3
8 30 0
6 33 0
5 12 0
Net_id 41
pin_num 3
6 36 0
17 27 0
12 20 0
Net_id 42
pin_num 3
55 27 0
36 28 0
54 41 0
Net_id 43
pin_num 3
20 50 0
26 49 0
49 50 0
Net_id 44
pin_num 3
24 2 0
31 1 0
9 13 0
Net_id 45
pin_num 3
22 1 0
33 4 0
10 0 0
Net_id 46
pin_num 3
52 18 0
54 26 0
54 19 0
Net_id 47
pin_num 3
32 59 0
27 59 0
29 41 0
Net_id 48
pin_num 3
44 38 0
44 47 0
8 45 0
Net_id 49
pin_num 3
58 35 0
45 43 0
55 52 0
Net_id 50
pin_num 3
57 28 0
52 9 0
54 43 0
Net_id 51
pin_num 3
27 55 0
18 53 0
22 53 0
Net_id 52
pin_num 3
59 14 0
49 12 0
56 15 0
Net_id 53
pin_num 3
6 28 0
0 40 0
2 14 0
Net_id 54
pin_num 3
0 15 0
16 12 0
2 31 0
Net_id 55
pin_num 3
0 17 0
11 21 0
14 39 0
Net_id 56
pin_num 3
32 4 0
9 8 0
22 41 0
Net_id 57
pin_num 3
1 10 0
4 6 0
16 22 0
Net_id 58
pin_num 3
26 19 0
52 28 0
30 37 0
Net_id 59
pin_num 3
28 15 0
25 28 0
52 19 0
Net_id 60
pin_num 3
25 58 0
27 54 0
53 55 0
Net_id 61
pin_num 3
32 43 0
19 48 0
0 9 0
Net_id 62
pin_num 3
2 29 0
12 17 0
15 5 0
Net_id 63
pin_num 3
16 21 0
25 36 0
33 27 0
Net_id 64
pin_num 3
0 25 0
8 21 0
5 50 0
Net_id 65
pin_num 3
17 28 0
1 11 0
24 34 0
Net_id 66
pin_num 3
38 52 0
23 59 0
29 44 0
Net_id 67
pin_num 3
42 17 0
51 9 0
36 11 0
Net_id 68
pin_num 3
47 52 0
54 57 0
55 28 0
Net_id 69
pin_num 3
32 24 0
42 43 0
22 3 0
Net_id 70
pin_num 3
37 17 0
40 3 0
36 23 0
Net_id 71
pin_num 3
57 12 0
55 24 0
58 55 0
Net_id 72
pin_num 3
32 13 0
26 11 0
22 18 0
Net_id 73
pin_num 3
14 42 0
3 42 0
12 34 0
Net_id 74
pin_num 3
11 31 0
9 20 0
0 30 0
Net_id 75
pin_num 3
8 57 0
6 35 0
0 42 0
Net_id 76
pin_num 3
8 14 0
1 36 0
13 41 0
Net_id 77
pin_num 3
50 49 0
28 44 0
32 7 0
Net_id 78
pin_num 3
1 42 0
10 12 0
0 0 0
Net_id 79
pin_num 3
29 57 0
20 57 0
13 45 0
Net_id 80
pin_num 3
38 46 0
38 31 0
28 27 0
Net_id 81
pin_num 2
47 29 0
41 39 0
Net_id 82
pin_num 2
6 4 0
13 31 0
Net_id 83
pin_num 2
17 37 0
17 58 0
Net_id 84
pin_num 2
41 42 0
32 53 0
Net_id 85
pin_num 2
43 9 0
24 3 0
Net_id 86
pin_num 2
17 17 0
13 11 0
Net_id 87
pin_num 2
50 47 0
41 59 0
Net_id 88
pin_num 2
55 47 0
37 42 0
Net_id 89
pin_num 2
54 4 0
43 15 0
Net_id 90
pin_num 2
35 58 0
36 40 0
Net_id 91
pin_num 2
24 25 0
42 46 0
Net_id 92
pin_num 2
31 55 0
48 23 0
Net_id 93
pin_num 2
17 4 0
32 2 0
Net_id 94
pin_num 2
9 49 0
3 52 0
Net_id 95
pin_num 2
43 52 0
42 47 0
Net_id 96
pin_num 2
13 15 0
11 5 0
Net_id 97
pin_num 2
12 21 0
17 24 0
Net_id 98
pin_num 2
32 22 0
36 27 0
Net_id 99
pin_num 2
27 41 0
33 43 0
Net_id 100
pin_num 2
43 46 0
50 45 0
Net_id 101
pin_num 2
25 24 0
20 7 0
Net_id 102
pin_num 2
42 30 0
34 33 0
Net_id 103
pin_num 2
28 22 0
16 34 0
Net_id 104
pin_num 2
41 15 0
38 12 0
Net_id 105
pin_num 2
3 44 0
0 45 0
Net_id 106
pin_num 2
16 8 0
23 3 0
Net_id 107
pin_num 2
12 27 0
6 16 0
Net_id 108
pin_num 2
45 55 0
53 43 0
Net_id 109
pin_num 2
22 24 0
17 36 0
Net_id 110
pin_num 2
15 26 0
38 18 0
Net_id 111
pin_num 2
45 31 0
52 31 0
Net_id 112
pin_num 2
16 54 0
3 56 0
Net_id 113
pin_num 2
1 55 0
5 55 0
Net_id 114
pin_num 2
8 1 0
18 11 0
Net_id 115
pin_num 2
4 9 0
0 4 0
Net_id 116
pin_num 2
58 24 0
42 36 0
Net_id 117
pin_num 2
7 1 0
0 2 0
Net_id 118
pin_num 2
44 18 0
40 18 0
Net_id 119
pin_num 2
25 20 0
48 24 0
Net_id 120
pin_num 2
54 3 0
29 10 0
Net_id 121
pin_num 2
51 58 0
33 54 0
Net_id 122
pin_num 2
41 54 0
50 52 0
Net_id 123
pin_num 2
4 20 0
24 43 0
Net_id 124
pin_num 2
16 5 0
24 5 0
Net_id 125
pin_num 2
46 18 0
41 31 0
Net_id 126
pin_num 2
32 5 0
34 1 0
Net_id 127
pin_num 2
26 6 0
29 5 0
Net_id 128
pin_num 2
10 56 0
1 50 0
Net_id 129
pin_num 2
44 39 0
30 56 0
Net_id 130
pin_num 2
16 55 0
12 58 0
Net_id 131
pin_num 2
48 46 0
48 43 0
Net_id 132
pin_num 2
25 37 0
20 39 0
Net_id 133
pin_num 2
59 25 0
52 24 0
Net_id 134
pin_num 2
35 6 0
27 3 0
Net_id 135
pin_num 2
34 42 0
41 45 0
Net_id 136
pin_num 2
32 37 0
38 28 0
Net_id 137
pin_num 2
38 43 0
27 51 0
Net_id 138
pin_num 2
42 0 0
38 9 0
Net_id 139
pin_num 2
52 23 0
44 22 0
Net_id 140
pin_num 2
29 46 0
38 56 0
Net_id 141
pin_num 2
13 7 0
2 0 0
Net_id 142
pin_num 2
32 8 0
29 9 0
Net_id 143
pin_num 2
55 40 0
45 18 0
Net_id 144
pin_num 2
57 38 0
41 46 0
Net_id 145
pin_num 2
51 24 0
57 34 0
Net_id 146
pin_num 2
7 4 0
12 16 0
Net_id 147
pin_num 2
44 9 0
33 1 0
Net_id 148
pin_num 2
34 32 0
43 53 0
Net_id 149
pin_num 2
26 54 0
17 59 0
Net_id 150
pin_num 2
4 50 0
36 31 0
Net_id 151
pin_num 2
30 31 0
41 22 0
Net_id 152
pin_num 2
16 57 0
3 47 0
Net_id 153
pin_num 2
16 48 0
39 36 0
Net_id 154
pin_num 2
37 19 0
32 15 0
Net_id 155
pin_num 2
17 55 0
21 44 0
Net_id 156
pin_num 2
33 2 0
38 16 0
Net_id 157
pin_num 2
33 26 0
16 49 0
