Width 60
Height 60
Layer 6
Total_WL 6609
Obstacle_num 144
44 56 0 49 57 0
16 23 0 24 24 0
14 51 0 20 52 0
44 1 0 48 2 0
19 20 0 29 21 0
50 37 0 57 38 0
32 55 0 40 56 0
16 33 0 23 34 0
18 30 0 25 31 0
49 55 0 53 56 0
9 17 0 12 18 0
6 6 0 13 7 0
16 1 0 20 2 0
4 46 0 10 47 0
39 31 0 42 32 0
35 42 0 42 43 0
6 58 0 14 59 0
7 27 0 12 28 0
14 57 0 24 58 0
36 33 0 46 34 0
24 29 0 32 30 0
32 41 0 42 42 0
12 46 0 18 47 0
2 25 0 11 26 0
57 1 1 58 8 1
35 12 1 36 16 1
27 8 1 28 13 1
31 46 1 32 50 1
45 29 1 46 32 1
47 28 1 48 31 1
27 41 1 28 50 1
34 0 1 35 9 1
32 7 1 33 16 1
57 21 1 58 25 1
7 12 1 8 17 1
11 3 1 12 7 1
55 48 1 56 52 1
7 34 1 8 42 1
27 35 1 28 40 1
47 5 1 48 11 1
51 38 1 52 44 1
8 18 1 9 24 1
56 54 1 57 59 1
21 4 1 22 11 1
30 45 1 31 53 1
4 40 1 5 49 1
33 37 1 34 40 1
14 36 1 15 43 1
39 2 2 45 3 2
16 16 2 19 17 2
28 26 2 38 27 2
14 49 2 21 50 2
48 16 2 57 17 2
35 23 2 44 24 2
50 5 2 59 6 2
20 37 2 23 38 2
46 47 2 53 48 2
51 31 2 59 32 2
6 41 2 13 42 2
1 38 2 9 39 2
17 6 2 20 7 2
25 41 2 33 42 2
5 53 2 15 54 2
21 13 2 29 14 2
45 13 2 49 14 2
31 33 2 34 34 2
42 55 2 51 56 2
34 52 2 43 53 2
52 58 2 55 59 2
36 29 2 40 30 2
31 57 2 38 58 2
44 15 2 49 16 2
31 44 3 32 50 3
47 29 3 48 35 3
45 47 3 46 50 3
14 56 3 15 59 3
24 31 3 25 34 3
23 0 3 24 8 3
46 19 3 47 25 3
14 28 3 15 35 3
20 16 3 21 19 3
39 2 3 40 7 3
51 6 3 52 13 3
20 37 3 21 46 3
29 13 3 30 20 3
26 1 3 27 6 3
27 12 3 28 17 3
56 34 3 57 43 3
39 42 3 40 48 3
24 0 3 25 9 3
54 13 3 55 17 3
42 32 3 43 37 3
37 27 3 38 35 3
12 42 3 13 46 3
48 19 3 49 22 3
18 1 3 19 10 3
9 0 4 19 1 4
12 46 4 17 47 4
36 33 4 46 34 4
50 17 4 55 18 4
9 55 4 18 56 4
16 54 4 23 55 4
38 35 4 42 36 4
56 41 4 59 42 4
48 4 4 57 5 4
31 25 4 36 26 4
12 50 4 17 51 4
32 7 4 36 8 4
32 18 4 37 19 4
32 51 4 35 52 4
27 0 4 32 1 4
29 27 4 39 28 4
15 38 4 20 39 4
8 20 4 13 21 4
44 23 4 48 24 4
31 23 4 38 24 4
5 57 4 11 58 4
49 47 4 54 48 4
26 19 4 32 20 4
6 48 4 13 49 4
18 37 5 19 43 5
26 47 5 27 55 5
22 47 5 23 57 5
37 1 5 38 4 5
18 10 5 19 15 5
24 31 5 25 41 5
19 25 5 20 33 5
13 43 5 14 50 5
40 24 5 41 30 5
17 25 5 18 31 5
6 30 5 7 38 5
38 13 5 39 16 5
21 26 5 22 29 5
15 25 5 16 34 5
47 26 5 48 32 5
15 49 5 16 58 5
0 25 5 1 31 5
46 16 5 47 25 5
44 49 5 45 58 5
5 31 5 6 38 5
11 7 5 12 14 5
51 3 5 52 8 5
58 5 5 59 13 5
21 44 5 22 52 5
Net_num 161
Net_id 0
pin_num 5
6 38 0
1 45 0
0 53 0
0 47 0
0 59 0
Net_id 1
pin_num 5
6 45 0
11 44 0
13 59 0
1 46 0
32 47 0
Net_id 2
pin_num 5
20 48 0
19 55 0
13 51 0
24 48 0
19 29 0
Net_id 3
pin_num 5
29 50 0
4 53 0
5 41 0
37 51 0
1 44 0
Net_id 4
pin_num 5
7 54 0
14 58 0
31 58 0
7 52 0
11 52 0
Net_id 5
pin_num 5
14 48 0
30 52 0
4 52 0
10 59 0
8 54 0
Net_id 6
pin_num 5
21 25 0
31 25 0
28 19 0
24 36 0
10 31 0
Net_id 7
pin_num 5
0 24 0
6 29 0
0 17 0
14 18 0
8 42 0
Net_id 8
pin_num 5
27 47 0
13 50 0
26 27 0
22 56 0
15 44 0
Net_id 9
pin_num 5
38 19 0
50 9 0
57 9 0
32 2 0
50 25 0
Net_id 10
pin_num 5
33 1 0
20 2 0
22 21 0
22 45 0
14 40 0
Net_id 11
pin_num 5
4 17 0
1 1 0
1 16 0
21 15 0
13 6 0
Net_id 12
pin_num 5
51 50 0
59 47 0
56 53 0
58 59 0
59 38 0
Net_id 13
pin_num 5
31 15 0
25 24 0
30 21 0
29 22 0
11 19 0
Net_id 14
pin_num 5
49 17 0
39 16 0
46 21 0
41 20 0
41 11 0
Net_id 15
pin_num 5
28 36 0
31 50 0
21 26 0
44 35 0
12 42 0
Net_id 16
pin_num 5
40 49 0
33 49 0
58 44 0
34 32 0
45 44 0
Net_id 17
pin_num 5
7 32 0
15 33 0
0 38 0
7 42 0
4 16 0
Net_id 18
pin_num 5
52 3 0
39 9 0
32 0 0
58 0 0
52 7 0
Net_id 19
pin_num 5
57 5 0
40 1 0
54 1 0
44 24 0
40 7 0
Net_id 20
pin_num 4
53 0 0
58 4 0
59 16 0
38 12 0
Net_id 21
pin_num 4
36 13 0
28 9 0
17 18 0
17 13 0
Net_id 22
pin_num 4
17 28 0
24 23 0
23 18 0
7 28 0
Net_id 23
pin_num 4
26 6 0
21 16 0
7 24 0
36 3 0
Net_id 24
pin_num 4
28 49 0
26 53 0
17 43 0
20 43 0
Net_id 25
pin_num 4
19 26 0
20 9 0
20 41 0
32 29 0
Net_id 26
pin_num 4
45 37 0
46 54 0
57 58 0
33 42 0
Net_id 27
pin_num 4
8 30 0
1 23 0
13 27 0
1 49 0
Net_id 28
pin_num 4
1 43 0
3 34 0
3 14 0
9 39 0
Net_id 29
pin_num 4
46 41 0
42 40 0
42 26 0
47 32 0
Net_id 30
pin_num 4
17 34 0
27 31 0
27 50 0
18 25 0
Net_id 31
pin_num 4
54 20 0
54 24 0
50 23 0
40 6 0
Net_id 32
pin_num 4
27 54 0
15 53 0
24 59 0
30 56 0
Net_id 33
pin_num 4
37 54 0
27 51 0
21 51 0
44 59 0
Net_id 34
pin_num 4
36 58 0
29 49 0
39 59 0
35 44 0
Net_id 35
pin_num 4
20 56 0
17 53 0
45 59 0
41 46 0
Net_id 36
pin_num 4
56 43 0
59 37 0
57 29 0
42 43 0
Net_id 37
pin_num 4
20 11 0
2 8 0
18 24 0
19 21 0
Net_id 38
pin_num 4
31 11 0
37 14 0
46 14 0
38 32 0
Net_id 39
pin_num 4
29 41 0
17 30 0
16 39 0
28 38 0
Net_id 40
pin_num 4
14 6 0
29 6 0
17 0 0
25 7 0
Net_id 41
pin_num 3
8 24 0
20 8 0
43 15 0
Net_id 42
pin_num 3
21 5 0
18 8 0
37 3 0
Net_id 43
pin_num 3
41 43 0
32 36 0
21 49 0
Net_id 44
pin_num 3
34 12 0
14 13 0
2 16 0
Net_id 45
pin_num 3
54 42 0
56 26 0
48 47 0
Net_id 46
pin_num 3
59 34 0
49 37 0
56 36 0
Net_id 47
pin_num 3
51 17 0
59 25 0
39 18 0
Net_id 48
pin_num 3
13 34 0
19 41 0
1 29 0
Net_id 49
pin_num 3
50 39 0
58 42 0
36 25 0
Net_id 50
pin_num 3
14 31 0
24 31 0
13 43 0
Net_id 51
pin_num 3
6 51 0
1 53 0
3 50 0
Net_id 52
pin_num 3
8 49 0
20 49 0
12 45 0
Net_id 53
pin_num 3
15 7 0
12 33 0
33 28 0
Net_id 54
pin_num 3
13 16 0
6 16 0
13 19 0
Net_id 55
pin_num 3
25 33 0
16 20 0
30 46 0
Net_id 56
pin_num 3
32 31 0
29 9 0
29 45 0
Net_id 57
pin_num 3
36 26 0
36 34 0
36 40 0
Net_id 58
pin_num 3
9 13 0
2 9 0
10 0 0
Net_id 59
pin_num 3
4 0 0
3 7 0
1 0 0
Net_id 60
pin_num 3
48 44 0
47 51 0
19 43 0
Net_id 61
pin_num 3
30 2 0
21 0 0
11 3 0
Net_id 62
pin_num 3
43 28 0
49 14 0
47 24 0
Net_id 63
pin_num 3
29 59 0
16 55 0
25 45 0
Net_id 64
pin_num 3
42 28 0
25 39 0
35 9 0
Net_id 65
pin_num 3
35 39 0
47 38 0
42 54 0
Net_id 66
pin_num 3
1 58 0
1 55 0
7 59 0
Net_id 67
pin_num 3
51 54 0
49 35 0
23 49 0
Net_id 68
pin_num 3
9 0 0
4 14 0
8 11 0
Net_id 69
pin_num 3
52 56 0
57 57 0
53 46 0
Net_id 70
pin_num 3
55 16 0
59 27 0
59 17 0
Net_id 71
pin_num 3
5 20 0
12 20 0
16 45 0
Net_id 72
pin_num 3
11 26 0
1 27 0
3 37 0
Net_id 73
pin_num 3
32 11 0
54 18 0
47 16 0
Net_id 74
pin_num 3
39 26 0
37 30 0
37 52 0
Net_id 75
pin_num 3
19 35 0
12 25 0
13 9 0
Net_id 76
pin_num 3
9 35 0
14 54 0
23 16 0
Net_id 77
pin_num 3
26 50 0
5 45 0
1 56 0
Net_id 78
pin_num 3
45 31 0
28 17 0
1 21 0
Net_id 79
pin_num 3
46 29 0
59 31 0
58 26 0
Net_id 80
pin_num 2
38 3 0
58 11 0
Net_id 81
pin_num 2
50 36 0
59 29 0
Net_id 82
pin_num 2
38 53 0
33 57 0
Net_id 83
pin_num 2
28 34 0
9 59 0
Net_id 84
pin_num 2
39 10 0
33 10 0
Net_id 85
pin_num 2
50 12 0
58 24 0
Net_id 86
pin_num 2
21 17 0
10 21 0
Net_id 87
pin_num 2
10 22 0
2 21 0
Net_id 88
pin_num 2
45 54 0
43 57 0
Net_id 89
pin_num 2
8 1 0
11 0 0
Net_id 90
pin_num 2
4 18 0
0 18 0
Net_id 91
pin_num 2
44 2 0
54 2 0
Net_id 92
pin_num 2
52 48 0
56 40 0
Net_id 93
pin_num 2
7 19 0
16 27 0
Net_id 94
pin_num 2
21 39 0
17 39 0
Net_id 95
pin_num 2
14 39 0
1 42 0
Net_id 96
pin_num 2
29 12 0
33 17 0
Net_id 97
pin_num 2
56 17 0
48 31 0
Net_id 98
pin_num 2
23 21 0
20 19 0
Net_id 99
pin_num 2
33 2 0
38 6 0
Net_id 100
pin_num 2
41 5 0
21 11 0
Net_id 101
pin_num 2
56 4 0
52 11 0
Net_id 102
pin_num 2
55 38 0
48 48 0
Net_id 103
pin_num 2
9 12 0
12 2 0
Net_id 104
pin_num 2
39 3 0
49 11 0
Net_id 105
pin_num 2
4 42 0
24 37 0
Net_id 106
pin_num 2
23 17 0
27 30 0
Net_id 107
pin_num 2
17 21 0
6 35 0
Net_id 108
pin_num 2
42 12 0
35 6 0
Net_id 109
pin_num 2
1 33 0
9 19 0
Net_id 110
pin_num 2
23 24 0
8 17 0
Net_id 111
pin_num 2
20 4 0
25 4 0
Net_id 112
pin_num 2
55 33 0
45 50 0
Net_id 113
pin_num 2
36 32 0
32 44 0
Net_id 114
pin_num 2
55 31 0
30 44 0
Net_id 115
pin_num 2
31 19 0
28 16 0
Net_id 116
pin_num 2
43 36 0
35 36 0
Net_id 117
pin_num 2
11 31 0
24 45 0
Net_id 118
pin_num 2
3 23 0
15 18 0
Net_id 119
pin_num 2
47 9 0
36 15 0
Net_id 120
pin_num 2
36 27 0
56 44 0
Net_id 121
pin_num 2
14 4 0
3 1 0
Net_id 122
pin_num 2
16 0 0
5 21 0
Net_id 123
pin_num 2
1 28 0
19 10 0
Net_id 124
pin_num 2
17 20 0
30 20 0
Net_id 125
pin_num 2
56 2 0
54 7 0
Net_id 126
pin_num 2
5 1 0
19 4 0
Net_id 127
pin_num 2
10 2 0
5 29 0
Net_id 128
pin_num 2
55 43 0
50 28 0
Net_id 129
pin_num 2
23 42 0
10 45 0
Net_id 130
pin_num 2
31 45 0
55 45 0
Net_id 131
pin_num 2
23 36 0
1 40 0
Net_id 132
pin_num 2
31 17 0
31 6 0
Net_id 133
pin_num 2
1 34 0
7 21 0
Net_id 134
pin_num 2
10 55 0
2 53 0
Net_id 135
pin_num 2
25 2 0
40 20 0
Net_id 136
pin_num 2
33 37 0
26 37 0
Net_id 137
pin_num 2
26 12 0
52 8 0
Net_id 138
pin_num 2
22 39 0
30 38 0
Net_id 139
pin_num 2
32 22 0
19 9 0
Net_id 140
pin_num 2
57 32 0
50 50 0
Net_id 141
pin_num 2
41 18 0
56 10 0
Net_id 142
pin_num 2
12 26 0
30 33 0
Net_id 143
pin_num 2
9 11 0
16 8 0
Net_id 144
pin_num 2
36 20 0
42 19 0
Net_id 145
pin_num 2
30 26 0
35 31 0
Net_id 146
pin_num 2
9 29 0
4 49 0
Net_id 147
pin_num 2
2 2 0
10 10 0
Net_id 148
pin_num 2
46 4 0
38 8 0
Net_id 149
pin_num 2
3 53 0
16 41 0
Net_id 150
pin_num 2
58 6 0
49 13 0
Net_id 151
pin_num 2
49 26 0
43 37 0
Net_id 152
pin_num 2
38 54 0
44 37 0
Net_id 153
pin_num 2
26 55 0
22 55 0
Net_id 154
pin_num 2
9 5 0
6 3 0
Net_id 155
pin_num 2
54 22 0
39 22 0
Net_id 156
pin_num 2
4 7 0
20 0 0
Net_id 157
pin_num 2
51 11 0
58 3 0
Net_id 158
pin_num 2
39 29 0
52 20 0
Net_id 159
pin_num 2
41 52 0
59 58 0
Net_id 160
pin_num 2
48 28 0
55 44 0
