Width 60
Height 60
Layer 6
Total_WL 7315
Obstacle_num 144
23 52 0 29 53 0
24 45 0 34 46 0
37 56 0 41 57 0
18 41 0 24 42 0
33 49 0 41 50 0
45 12 0 55 13 0
27 19 0 37 20 0
11 55 0 16 56 0
22 47 0 31 48 0
41 50 0 48 51 0
33 11 0 37 12 0
12 15 0 20 16 0
27 58 0 37 59 0
3 10 0 12 11 0
48 45 0 56 46 0
37 9 0 46 10 0
11 23 0 15 24 0
37 18 0 41 19 0
2 3 0 9 4 0
30 2 0 38 3 0
8 36 0 17 37 0
15 21 0 22 22 0
38 19 0 41 20 0
18 29 0 27 30 0
44 7 1 45 17 1
5 13 1 6 23 1
37 49 1 38 55 1
2 16 1 3 24 1
23 36 1 24 44 1
2 7 1 3 16 1
8 29 1 9 34 1
58 33 1 59 38 1
19 39 1 20 47 1
17 46 1 18 55 1
25 53 1 26 57 1
34 14 1 35 18 1
11 20 1 12 25 1
44 37 1 45 42 1
11 45 1 12 48 1
43 41 1 44 51 1
50 22 1 51 31 1
38 19 1 39 27 1
27 21 1 28 25 1
13 15 1 14 21 1
58 26 1 59 31 1
39 13 1 40 20 1
50 9 1 51 17 1
29 16 1 30 25 1
0 21 2 9 22 2
14 5 2 24 6 2
3 13 2 10 14 2
13 33 2 21 34 2
44 1 2 51 2 2
47 18 2 54 19 2
49 13 2 57 14 2
10 6 2 17 7 2
13 3 2 19 4 2
48 47 2 54 48 2
49 28 2 55 29 2
16 45 2 25 46 2
33 47 2 37 48 2
26 55 2 29 56 2
48 58 2 57 59 2
1 4 2 7 5 2
35 4 2 39 5 2
45 42 2 55 43 2
44 49 2 49 50 2
27 16 2 31 17 2
51 5 2 55 6 2
43 48 2 53 49 2
54 30 2 57 31 2
5 38 2 10 39 2
2 29 3 3 38 3
56 16 3 57 24 3
22 37 3 23 47 3
28 25 3 29 34 3
44 30 3 45 38 3
41 47 3 42 52 3
16 38 3 17 43 3
55 18 3 56 21 3
14 46 3 15 51 3
26 6 3 27 13 3
11 36 3 12 46 3
12 29 3 13 33 3
7 35 3 8 43 3
19 2 3 20 11 3
14 11 3 15 14 3
6 4 3 7 12 3
20 17 3 21 22 3
20 50 3 21 55 3
8 9 3 9 19 3
10 28 3 11 36 3
20 29 3 21 32 3
34 18 3 35 21 3
34 38 3 35 45 3
51 1 3 52 8 3
31 37 4 37 38 4
30 34 4 33 35 4
34 26 4 39 27 4
2 10 4 11 11 4
6 18 4 15 19 4
42 42 4 52 43 4
21 42 4 27 43 4
12 3 4 18 4 4
7 21 4 12 22 4
13 45 4 22 46 4
18 3 4 28 4 4
7 24 4 11 25 4
46 23 4 53 24 4
11 31 4 21 32 4
21 7 4 29 8 4
46 34 4 49 35 4
45 53 4 54 54 4
33 41 4 40 42 4
4 22 4 8 23 4
30 2 4 38 3 4
40 45 4 45 46 4
25 30 4 33 31 4
1 27 4 11 28 4
11 28 4 20 29 4
43 38 5 44 45 5
38 35 5 39 40 5
29 7 5 30 11 5
3 10 5 4 16 5
20 1 5 21 4 5
15 36 5 16 44 5
53 47 5 54 52 5
14 1 5 15 9 5
13 44 5 14 52 5
4 47 5 5 50 5
30 0 5 31 3 5
28 33 5 29 39 5
51 29 5 52 34 5
43 0 5 44 5 5
21 16 5 22 23 5
57 21 5 58 30 5
32 35 5 33 40 5
23 45 5 24 48 5
10 36 5 11 46 5
32 52 5 33 55 5
25 36 5 26 39 5
50 12 5 51 16 5
31 5 5 32 12 5
54 47 5 55 53 5
Net_num 163
Net_id 0
pin_num 5
41 17 0
53 21 0
50 19 0
41 3 0
51 41 0
Net_id 1
pin_num 5
38 32 0
29 31 0
33 20 0
56 20 0
39 31 0
Net_id 2
pin_num 5
10 7 0
4 11 0
16 7 0
15 0 0
0 4 0
Net_id 3
pin_num 5
19 28 0
34 26 0
34 25 0
43 26 0
39 46 0
Net_id 4
pin_num 5
44 58 0
33 50 0
15 59 0
24 49 0
39 47 0
Net_id 5
pin_num 5
16 41 0
8 41 0
12 47 0
2 43 0
12 26 0
Net_id 6
pin_num 5
47 16 0
36 16 0
59 15 0
40 12 0
46 22 0
Net_id 7
pin_num 5
2 29 0
10 37 0
12 48 0
31 35 0
18 52 0
Net_id 8
pin_num 5
53 28 0
56 35 0
56 47 0
59 47 0
55 42 0
Net_id 9
pin_num 5
17 45 0
14 32 0
17 55 0
10 39 0
35 53 0
Net_id 10
pin_num 5
26 26 0
32 26 0
28 6 0
22 26 0
6 14 0
Net_id 11
pin_num 5
44 44 0
36 40 0
43 54 0
47 53 0
44 49 0
Net_id 12
pin_num 5
14 14 0
10 8 0
6 8 0
5 9 0
8 1 0
Net_id 13
pin_num 5
3 42 0
0 30 0
13 30 0
0 54 0
4 37 0
Net_id 14
pin_num 5
20 44 0
9 44 0
11 59 0
0 51 0
16 39 0
Net_id 15
pin_num 5
13 46 0
9 46 0
12 57 0
25 48 0
4 55 0
Net_id 16
pin_num 5
37 6 0
59 6 0
46 0 0
45 23 0
35 9 0
Net_id 17
pin_num 5
7 28 0
16 20 0
18 18 0
34 21 0
46 15 0
Net_id 18
pin_num 5
56 45 0
53 46 0
38 45 0
49 50 0
48 37 0
Net_id 19
pin_num 5
20 6 0
27 1 0
38 2 0
32 17 0
6 1 0
Net_id 20
pin_num 4
30 11 0
36 7 0
24 11 0
20 10 0
Net_id 21
pin_num 4
58 46 0
51 50 0
54 59 0
44 59 0
Net_id 22
pin_num 4
8 46 0
5 42 0
4 23 0
2 50 0
Net_id 23
pin_num 4
35 47 0
38 43 0
38 58 0
59 50 0
Net_id 24
pin_num 4
58 43 0
59 37 0
57 26 0
49 42 0
Net_id 25
pin_num 4
18 4 0
8 4 0
19 19 0
12 19 0
Net_id 26
pin_num 4
51 22 0
44 29 0
59 14 0
48 50 0
Net_id 27
pin_num 4
28 43 0
25 43 0
26 27 0
40 33 0
Net_id 28
pin_num 4
17 47 0
19 51 0
27 29 0
30 39 0
Net_id 29
pin_num 4
54 0 0
48 0 0
59 1 0
54 10 0
Net_id 30
pin_num 4
53 55 0
47 55 0
55 59 0
48 52 0
Net_id 31
pin_num 4
55 4 0
44 0 0
35 0 0
59 7 0
Net_id 32
pin_num 4
37 54 0
40 48 0
43 59 0
59 55 0
Net_id 33
pin_num 4
37 13 0
49 7 0
40 8 0
53 13 0
Net_id 34
pin_num 4
2 58 0
8 58 0
3 54 0
26 59 0
Net_id 35
pin_num 4
51 11 0
48 21 0
53 7 0
53 1 0
Net_id 36
pin_num 4
14 12 0
0 13 0
5 5 0
0 5 0
Net_id 37
pin_num 4
53 22 0
46 30 0
52 23 0
56 17 0
Net_id 38
pin_num 4
50 53 0
52 46 0
58 59 0
42 47 0
Net_id 39
pin_num 4
25 1 0
30 23 0
43 1 0
6 2 0
Net_id 40
pin_num 3
37 39 0
44 24 0
50 38 0
Net_id 41
pin_num 3
44 33 0
37 55 0
27 38 0
Net_id 42
pin_num 3
18 6 0
1 6 0
1 3 0
Net_id 43
pin_num 3
56 29 0
49 36 0
51 19 0
Net_id 44
pin_num 3
13 10 0
30 1 0
40 25 0
Net_id 45
pin_num 3
50 29 0
59 48 0
14 59 0
Net_id 46
pin_num 3
30 46 0
45 46 0
40 52 0
Net_id 47
pin_num 3
47 34 0
40 39 0
58 25 0
Net_id 48
pin_num 3
4 1 0
0 7 0
5 45 0
Net_id 49
pin_num 3
38 4 0
56 2 0
59 5 0
Net_id 50
pin_num 3
59 46 0
52 54 0
58 32 0
Net_id 51
pin_num 3
1 23 0
15 19 0
12 22 0
Net_id 52
pin_num 3
3 23 0
12 10 0
4 5 0
Net_id 53
pin_num 3
31 3 0
13 5 0
25 20 0
Net_id 54
pin_num 3
32 22 0
27 44 0
2 39 0
Net_id 55
pin_num 3
41 21 0
56 56 0
14 29 0
Net_id 56
pin_num 3
48 9 0
58 20 0
57 25 0
Net_id 57
pin_num 3
52 25 0
42 35 0
30 27 0
Net_id 58
pin_num 3
3 29 0
21 19 0
37 19 0
Net_id 59
pin_num 3
10 48 0
1 59 0
24 44 0
Net_id 60
pin_num 3
17 50 0
11 50 0
3 56 0
Net_id 61
pin_num 3
27 54 0
23 59 0
31 50 0
Net_id 62
pin_num 3
30 6 0
29 1 0
34 8 0
Net_id 63
pin_num 3
52 27 0
54 19 0
53 19 0
Net_id 64
pin_num 3
17 38 0
37 44 0
57 58 0
Net_id 65
pin_num 3
55 56 0
28 57 0
55 50 0
Net_id 66
pin_num 3
6 16 0
0 16 0
20 7 0
Net_id 67
pin_num 3
54 58 0
57 53 0
29 56 0
Net_id 68
pin_num 3
35 23 0
31 31 0
33 18 0
Net_id 69
pin_num 3
11 27 0
7 31 0
35 28 0
Net_id 70
pin_num 3
58 38 0
40 50 0
58 47 0
Net_id 71
pin_num 3
50 5 0
58 21 0
41 8 0
Net_id 72
pin_num 3
48 31 0
53 27 0
54 39 0
Net_id 73
pin_num 3
24 9 0
0 14 0
11 9 0
Net_id 74
pin_num 3
15 34 0
0 31 0
0 53 0
Net_id 75
pin_num 3
32 31 0
50 17 0
47 7 0
Net_id 76
pin_num 3
51 24 0
45 24 0
43 22 0
Net_id 77
pin_num 3
0 42 0
9 26 0
13 45 0
Net_id 78
pin_num 3
36 41 0
20 34 0
27 34 0
Net_id 79
pin_num 3
21 15 0
33 1 0
48 13 0
Net_id 80
pin_num 3
3 36 0
6 15 0
0 18 0
Net_id 81
pin_num 3
34 45 0
47 30 0
58 58 0
Net_id 82
pin_num 2
9 11 0
21 11 0
Net_id 83
pin_num 2
30 52 0
29 43 0
Net_id 84
pin_num 2
26 49 0
9 53 0
Net_id 85
pin_num 2
33 3 0
23 22 0
Net_id 86
pin_num 2
38 12 0
42 5 0
Net_id 87
pin_num 2
44 55 0
21 40 0
Net_id 88
pin_num 2
47 10 0
31 18 0
Net_id 89
pin_num 2
6 36 0
3 25 0
Net_id 90
pin_num 2
49 52 0
58 55 0
Net_id 91
pin_num 2
23 3 0
12 25 0
Net_id 92
pin_num 2
21 24 0
24 16 0
Net_id 93
pin_num 2
14 26 0
21 32 0
Net_id 94
pin_num 2
26 57 0
6 41 0
Net_id 95
pin_num 2
5 15 0
13 22 0
Net_id 96
pin_num 2
25 12 0
5 2 0
Net_id 97
pin_num 2
58 18 0
53 3 0
Net_id 98
pin_num 2
27 35 0
37 25 0
Net_id 99
pin_num 2
11 49 0
34 52 0
Net_id 100
pin_num 2
40 7 0
57 1 0
Net_id 101
pin_num 2
7 36 0
21 22 0
Net_id 102
pin_num 2
37 31 0
37 26 0
Net_id 103
pin_num 2
33 35 0
15 39 0
Net_id 104
pin_num 2
24 23 0
34 37 0
Net_id 105
pin_num 2
21 37 0
41 31 0
Net_id 106
pin_num 2
45 58 0
59 49 0
Net_id 107
pin_num 2
52 44 0
45 43 0
Net_id 108
pin_num 2
33 47 0
36 39 0
Net_id 109
pin_num 2
51 48 0
57 50 0
Net_id 110
pin_num 2
7 16 0
11 25 0
Net_id 111
pin_num 2
0 25 0
2 5 0
Net_id 112
pin_num 2
1 10 0
11 3 0
Net_id 113
pin_num 2
36 24 0
45 30 0
Net_id 114
pin_num 2
45 32 0
53 43 0
Net_id 115
pin_num 2
41 46 0
57 5 0
Net_id 116
pin_num 2
44 25 0
56 49 0
Net_id 117
pin_num 2
52 39 0
32 47 0
Net_id 118
pin_num 2
31 39 0
35 31 0
Net_id 119
pin_num 2
59 57 0
56 50 0
Net_id 120
pin_num 2
56 3 0
56 25 0
Net_id 121
pin_num 2
43 40 0
28 46 0
Net_id 122
pin_num 2
1 27 0
14 42 0
Net_id 123
pin_num 2
3 20 0
15 37 0
Net_id 124
pin_num 2
13 25 0
27 42 0
Net_id 125
pin_num 2
31 1 0
20 22 0
Net_id 126
pin_num 2
49 5 0
49 1 0
Net_id 127
pin_num 2
13 13 0
1 24 0
Net_id 128
pin_num 2
12 24 0
5 34 0
Net_id 129
pin_num 2
28 12 0
23 5 0
Net_id 130
pin_num 2
49 41 0
51 54 0
Net_id 131
pin_num 2
4 8 0
1 11 0
Net_id 132
pin_num 2
21 5 0
9 35 0
Net_id 133
pin_num 2
32 36 0
10 33 0
Net_id 134
pin_num 2
25 51 0
35 29 0
Net_id 135
pin_num 2
13 8 0
34 13 0
Net_id 136
pin_num 2
38 48 0
9 55 0
Net_id 137
pin_num 2
32 53 0
22 54 0
Net_id 138
pin_num 2
15 33 0
20 33 0
Net_id 139
pin_num 2
41 37 0
55 17 0
Net_id 140
pin_num 2
52 26 0
49 54 0
Net_id 141
pin_num 2
8 42 0
1 35 0
Net_id 142
pin_num 2
26 13 0
22 13 0
Net_id 143
pin_num 2
31 42 0
42 28 0
Net_id 144
pin_num 2
10 53 0
35 17 0
Net_id 145
pin_num 2
17 43 0
25 22 0
Net_id 146
pin_num 2
39 59 0
22 50 0
Net_id 147
pin_num 2
35 25 0
43 23 0
Net_id 148
pin_num 2
18 56 0
19 54 0
Net_id 149
pin_num 2
27 57 0
5 54 0
Net_id 150
pin_num 2
20 46 0
15 45 0
Net_id 151
pin_num 2
38 36 0
23 20 0
Net_id 152
pin_num 2
14 54 0
5 59 0
Net_id 153
pin_num 2
35 10 0
23 27 0
Net_id 154
pin_num 2
7 53 0
1 47 0
Net_id 155
pin_num 2
24 5 0
30 4 0
Net_id 156
pin_num 2
19 37 0
11 38 0
Net_id 157
pin_num 2
27 13 0
21 13 0
Net_id 158
pin_num 2
36 17 0
46 11 0
Net_id 159
pin_num 2
2 46 0
16 55 0
Net_id 160
pin_num 2
8 33 0
2 45 0
Net_id 161
pin_num 2
10 50 0
6 50 0
Net_id 162
pin_num 2
10 15 0
10 25 0
