Width 60
Height 60
Layer 6
Total_WL 6990
Obstacle_num 144
31 6 0 41 7 0
48 2 0 54 3 0
14 57 0 24 58 0
30 44 0 37 45 0
45 37 0 55 38 0
7 11 0 14 12 0
36 52 0 46 53 0
11 38 0 14 39 0
10 21 0 13 22 0
12 40 0 17 41 0
46 40 0 55 41 0
5 1 0 9 2 0
12 24 0 16 25 0
50 57 0 59 58 0
28 46 0 37 47 0
11 32 0 15 33 0
4 28 0 12 29 0
0 47 0 6 48 0
15 17 0 18 18 0
3 53 0 11 54 0
24 47 0 31 48 0
44 19 0 49 20 0
35 12 0 41 13 0
31 45 0 38 46 0
19 33 1 20 41 1
10 30 1 11 35 1
13 7 1 14 14 1
47 33 1 48 38 1
52 22 1 53 30 1
29 32 1 30 42 1
33 55 1 34 59 1
27 24 1 28 29 1
3 25 1 4 30 1
21 33 1 22 36 1
45 25 1 46 35 1
42 1 1 43 9 1
18 30 1 19 40 1
26 35 1 27 38 1
35 49 1 36 52 1
49 36 1 50 42 1
19 47 1 20 53 1
39 17 1 40 20 1
14 18 1 15 28 1
16 2 1 17 11 1
31 2 1 32 10 1
11 23 1 12 30 1
54 9 1 55 19 1
8 37 1 9 41 1
5 38 2 14 39 2
24 10 2 31 11 2
11 45 2 17 46 2
45 14 2 55 15 2
50 10 2 57 11 2
21 0 2 31 1 2
47 54 2 56 55 2
38 46 2 47 47 2
27 3 2 31 4 2
11 14 2 20 15 2
40 53 2 43 54 2
27 54 2 35 55 2
53 55 2 57 56 2
6 19 2 10 20 2
12 43 2 18 44 2
56 53 2 59 54 2
51 33 2 54 34 2
26 38 2 29 39 2
39 27 2 48 28 2
47 42 2 53 43 2
13 6 2 17 7 2
2 17 2 10 18 2
47 1 2 53 2 2
48 20 2 58 21 2
44 33 3 45 36 3
43 26 3 44 30 3
6 5 3 7 12 3
20 32 3 21 35 3
28 20 3 29 27 3
44 44 3 45 49 3
14 28 3 15 36 3
48 26 3 49 32 3
52 42 3 53 49 3
31 19 3 32 28 3
47 28 3 48 31 3
5 3 3 6 11 3
15 9 3 16 13 3
14 4 3 15 9 3
0 2 3 1 11 3
30 25 3 31 31 3
53 54 3 54 57 3
23 42 3 24 45 3
36 39 3 37 43 3
18 43 3 19 52 3
33 42 3 34 45 3
23 24 3 24 31 3
40 18 3 41 25 3
53 23 3 54 30 3
36 8 4 42 9 4
49 36 4 52 37 4
51 7 4 59 8 4
44 1 4 54 2 4
13 43 4 23 44 4
28 22 4 37 23 4
35 9 4 43 10 4
33 25 4 42 26 4
13 30 4 19 31 4
42 29 4 47 30 4
28 50 4 35 51 4
2 53 4 12 54 4
24 2 4 32 3 4
38 14 4 47 15 4
10 11 4 19 12 4
12 18 4 17 19 4
34 38 4 43 39 4
29 58 4 38 59 4
27 40 4 30 41 4
15 5 4 21 6 4
34 48 4 41 49 4
12 2 4 17 3 4
14 34 4 24 35 4
0 35 4 4 36 4
9 37 5 10 47 5
23 29 5 24 35 5
56 27 5 57 33 5
30 18 5 31 21 5
28 28 5 29 38 5
6 7 5 7 16 5
32 8 5 33 15 5
57 34 5 58 44 5
28 20 5 29 24 5
58 19 5 59 23 5
21 47 5 22 57 5
39 47 5 40 51 5
39 33 5 40 36 5
48 47 5 49 51 5
31 25 5 32 30 5
22 31 5 23 36 5
27 42 5 28 45 5
57 12 5 58 17 5
52 48 5 53 52 5
56 37 5 57 46 5
52 29 5 53 38 5
21 29 5 22 33 5
38 40 5 39 48 5
34 19 5 35 25 5
Net_num 160
Net_id 0
pin_num 5
44 1 0
31 1 0
36 7 0
59 1 0
40 24 0
Net_id 1
pin_num 5
28 27 0
21 30 0
26 27 0
26 33 0
32 31 0
Net_id 2
pin_num 5
5 44 0
3 33 0
13 35 0
27 44 0
26 45 0
Net_id 3
pin_num 5
56 40 0
51 53 0
59 57 0
59 34 0
59 30 0
Net_id 4
pin_num 5
30 11 0
20 11 0
29 2 0
44 11 0
35 2 0
Net_id 5
pin_num 5
6 40 0
9 33 0
0 48 0
6 52 0
5 43 0
Net_id 6
pin_num 5
16 5 0
18 12 0
9 3 0
0 0 0
4 3 0
Net_id 7
pin_num 5
1 55 0
2 59 0
16 59 0
7 54 0
0 51 0
Net_id 8
pin_num 5
55 7 0
58 4 0
45 5 0
59 18 0
45 6 0
Net_id 9
pin_num 5
15 18 0
23 28 0
19 42 0
14 13 0
33 31 0
Net_id 10
pin_num 5
18 18 0
25 16 0
20 37 0
31 17 0
19 8 0
Net_id 11
pin_num 5
5 58 0
16 51 0
12 35 0
5 48 0
0 50 0
Net_id 12
pin_num 5
3 4 0
0 7 0
12 4 0
14 0 0
10 10 0
Net_id 13
pin_num 5
31 29 0
53 29 0
48 13 0
16 29 0
17 43 0
Net_id 14
pin_num 5
20 35 0
16 42 0
33 35 0
0 38 0
33 37 0
Net_id 15
pin_num 5
57 12 0
53 8 0
55 28 0
40 0 0
36 0 0
Net_id 16
pin_num 5
32 22 0
26 22 0
29 31 0
49 22 0
31 30 0
Net_id 17
pin_num 5
28 18 0
30 33 0
52 32 0
34 52 0
23 20 0
Net_id 18
pin_num 5
50 13 0
54 19 0
47 2 0
30 6 0
41 14 0
Net_id 19
pin_num 5
31 53 0
26 49 0
23 46 0
28 56 0
30 48 0
Net_id 20
pin_num 5
10 4 0
11 0 0
1 6 0
7 6 0
2 21 0
Net_id 21
pin_num 4
55 58 0
47 58 0
59 58 0
58 47 0
Net_id 22
pin_num 4
29 30 0
22 34 0
50 28 0
9 32 0
Net_id 23
pin_num 4
10 52 0
0 39 0
28 48 0
4 22 0
Net_id 24
pin_num 4
52 54 0
46 52 0
49 52 0
33 55 0
Net_id 25
pin_num 4
26 24 0
25 26 0
38 26 0
7 24 0
Net_id 26
pin_num 4
10 20 0
1 21 0
9 5 0
5 2 0
Net_id 27
pin_num 4
11 18 0
8 13 0
8 33 0
8 6 0
Net_id 28
pin_num 4
3 5 0
12 5 0
10 9 0
9 14 0
Net_id 29
pin_num 4
7 19 0
3 15 0
6 30 0
14 15 0
Net_id 30
pin_num 4
5 10 0
15 15 0
19 1 0
14 12 0
Net_id 31
pin_num 4
45 18 0
38 18 0
39 10 0
19 19 0
Net_id 32
pin_num 4
20 6 0
34 2 0
26 26 0
33 23 0
Net_id 33
pin_num 4
59 33 0
42 35 0
41 51 0
58 31 0
Net_id 34
pin_num 4
46 7 0
42 15 0
47 0 0
58 12 0
Net_id 35
pin_num 4
19 20 0
5 15 0
0 11 0
17 16 0
Net_id 36
pin_num 4
55 32 0
53 41 0
38 30 0
44 47 0
Net_id 37
pin_num 4
23 36 0
30 37 0
15 29 0
25 54 0
Net_id 38
pin_num 4
52 34 0
57 36 0
50 41 0
58 30 0
Net_id 39
pin_num 4
10 42 0
1 39 0
11 55 0
5 52 0
Net_id 40
pin_num 4
0 16 0
15 16 0
1 12 0
0 26 0
Net_id 41
pin_num 3
18 37 0
7 37 0
15 58 0
Net_id 42
pin_num 3
35 11 0
26 3 0
47 7 0
Net_id 43
pin_num 3
47 16 0
43 23 0
59 2 0
Net_id 44
pin_num 3
18 3 0
26 7 0
22 25 0
Net_id 45
pin_num 3
19 12 0
44 8 0
36 34 0
Net_id 46
pin_num 3
48 8 0
43 24 0
50 22 0
Net_id 47
pin_num 3
57 22 0
44 25 0
16 27 0
Net_id 48
pin_num 3
4 13 0
8 5 0
8 45 0
Net_id 49
pin_num 3
8 51 0
3 58 0
22 58 0
Net_id 50
pin_num 3
40 15 0
33 15 0
41 34 0
Net_id 51
pin_num 3
57 31 0
36 28 0
36 21 0
Net_id 52
pin_num 3
5 30 0
2 36 0
2 27 0
Net_id 53
pin_num 3
0 49 0
24 57 0
1 48 0
Net_id 54
pin_num 3
4 21 0
16 16 0
32 17 0
Net_id 55
pin_num 3
3 14 0
1 31 0
22 26 0
Net_id 56
pin_num 3
26 53 0
31 39 0
58 43 0
Net_id 57
pin_num 3
55 24 0
58 8 0
32 15 0
Net_id 58
pin_num 3
11 2 0
25 3 0
7 14 0
Net_id 59
pin_num 3
41 35 0
35 54 0
16 36 0
Net_id 60
pin_num 3
45 53 0
58 55 0
39 57 0
Net_id 61
pin_num 3
31 47 0
35 48 0
35 34 0
Net_id 62
pin_num 3
21 16 0
24 1 0
24 24 0
Net_id 63
pin_num 3
45 47 0
39 23 0
40 47 0
Net_id 64
pin_num 3
40 53 0
36 37 0
27 58 0
Net_id 65
pin_num 3
29 39 0
15 33 0
32 20 0
Net_id 66
pin_num 3
23 33 0
40 33 0
2 28 0
Net_id 67
pin_num 3
23 24 0
16 22 0
5 12 0
Net_id 68
pin_num 3
39 32 0
49 26 0
57 30 0
Net_id 69
pin_num 3
28 49 0
49 45 0
59 29 0
Net_id 70
pin_num 3
3 29 0
17 15 0
24 32 0
Net_id 71
pin_num 3
18 45 0
10 47 0
14 39 0
Net_id 72
pin_num 3
58 19 0
58 13 0
56 23 0
Net_id 73
pin_num 3
17 59 0
23 59 0
17 52 0
Net_id 74
pin_num 3
7 4 0
2 25 0
2 22 0
Net_id 75
pin_num 3
40 18 0
37 34 0
27 32 0
Net_id 76
pin_num 3
45 46 0
57 39 0
41 39 0
Net_id 77
pin_num 3
1 2 0
4 5 0
1 25 0
Net_id 78
pin_num 3
33 21 0
34 4 0
46 20 0
Net_id 79
pin_num 3
53 28 0
54 20 0
51 27 0
Net_id 80
pin_num 3
19 50 0
10 56 0
18 43 0
Net_id 81
pin_num 3
47 33 0
58 29 0
38 21 0
Net_id 82
pin_num 2
55 23 0
43 41 0
Net_id 83
pin_num 2
35 18 0
35 31 0
Net_id 84
pin_num 2
15 28 0
23 14 0
Net_id 85
pin_num 2
59 6 0
53 0 0
Net_id 86
pin_num 2
43 36 0
50 24 0
Net_id 87
pin_num 2
12 22 0
20 39 0
Net_id 88
pin_num 2
8 8 0
2 30 0
Net_id 89
pin_num 2
43 45 0
36 51 0
Net_id 90
pin_num 2
52 46 0
26 58 0
Net_id 91
pin_num 2
56 4 0
56 8 0
Net_id 92
pin_num 2
47 56 0
50 45 0
Net_id 93
pin_num 2
20 58 0
36 54 0
Net_id 94
pin_num 2
36 36 0
17 31 0
Net_id 95
pin_num 2
1 57 0
5 56 0
Net_id 96
pin_num 2
43 15 0
58 36 0
Net_id 97
pin_num 2
45 23 0
39 0 0
Net_id 98
pin_num 2
2 23 0
13 34 0
Net_id 99
pin_num 2
8 12 0
12 15 0
Net_id 100
pin_num 2
44 2 0
37 16 0
Net_id 101
pin_num 2
18 25 0
4 10 0
Net_id 102
pin_num 2
13 27 0
1 44 0
Net_id 103
pin_num 2
41 49 0
41 56 0
Net_id 104
pin_num 2
23 51 0
11 35 0
Net_id 105
pin_num 2
21 17 0
33 30 0
Net_id 106
pin_num 2
18 21 0
38 3 0
Net_id 107
pin_num 2
43 54 0
43 46 0
Net_id 108
pin_num 2
13 39 0
1 19 0
Net_id 109
pin_num 2
34 17 0
25 22 0
Net_id 110
pin_num 2
25 55 0
17 46 0
Net_id 111
pin_num 2
17 40 0
29 51 0
Net_id 112
pin_num 2
43 26 0
51 38 0
Net_id 113
pin_num 2
9 49 0
1 58 0
Net_id 114
pin_num 2
38 32 0
23 37 0
Net_id 115
pin_num 2
57 43 0
47 48 0
Net_id 116
pin_num 2
13 9 0
22 9 0
Net_id 117
pin_num 2
27 56 0
3 50 0
Net_id 118
pin_num 2
52 1 0
38 10 0
Net_id 119
pin_num 2
57 3 0
52 11 0
Net_id 120
pin_num 2
14 49 0
40 41 0
Net_id 121
pin_num 2
12 23 0
40 28 0
Net_id 122
pin_num 2
30 28 0
31 26 0
Net_id 123
pin_num 2
21 4 0
33 9 0
Net_id 124
pin_num 2
44 20 0
58 11 0
Net_id 125
pin_num 2
39 21 0
44 21 0
Net_id 126
pin_num 2
28 39 0
30 40 0
Net_id 127
pin_num 2
38 28 0
53 13 0
Net_id 128
pin_num 2
28 23 0
15 25 0
Net_id 129
pin_num 2
0 20 0
7 29 0
Net_id 130
pin_num 2
29 19 0
45 24 0
Net_id 131
pin_num 2
6 47 0
10 57 0
Net_id 132
pin_num 2
19 38 0
34 38 0
Net_id 133
pin_num 2
2 41 0
6 54 0
Net_id 134
pin_num 2
4 23 0
11 33 0
Net_id 135
pin_num 2
16 54 0
24 28 0
Net_id 136
pin_num 2
9 54 0
23 45 0
Net_id 137
pin_num 2
55 55 0
45 58 0
Net_id 138
pin_num 2
56 39 0
50 32 0
Net_id 139
pin_num 2
47 28 0
33 16 0
Net_id 140
pin_num 2
53 17 0
58 9 0
Net_id 141
pin_num 2
4 9 0
23 22 0
Net_id 142
pin_num 2
24 42 0
6 56 0
Net_id 143
pin_num 2
14 10 0
33 2 0
Net_id 144
pin_num 2
12 34 0
3 38 0
Net_id 145
pin_num 2
35 4 0
39 4 0
Net_id 146
pin_num 2
58 20 0
47 4 0
Net_id 147
pin_num 2
39 5 0
47 23 0
Net_id 148
pin_num 2
54 11 0
57 37 0
Net_id 149
pin_num 2
52 51 0
47 49 0
Net_id 150
pin_num 2
16 46 0
28 57 0
Net_id 151
pin_num 2
23 32 0
5 22 0
Net_id 152
pin_num 2
9 34 0
27 55 0
Net_id 153
pin_num 2
48 33 0
38 5 0
Net_id 154
pin_num 2
48 5 0
39 20 0
Net_id 155
pin_num 2
11 7 0
5 14 0
Net_id 156
pin_num 2
56 50 0
58 48 0
Net_id 157
pin_num 2
3 31 0
1 33 0
Net_id 158
pin_num 2
56 58 0
54 46 0
Net_id 159
pin_num 2
57 52 0
56 56 0
