Width 60
Height 60
Layer 6
Total_WL 6326
Obstacle_num 144
23 31 0 31 32 0
37 16 0 45 17 0
35 47 0 44 48 0
33 32 0 36 33 0
40 29 0 50 30 0
31 39 0 36 40 0
50 2 0 53 3 0
43 56 0 52 57 0
36 15 0 42 16 0
17 56 0 25 57 0
41 18 0 46 19 0
43 34 0 47 35 0
6 7 0 9 8 0
40 42 0 45 43 0
11 1 0 18 2 0
3 25 0 10 26 0
31 13 0 38 14 0
36 43 0 40 44 0
21 24 0 29 25 0
3 53 0 11 54 0
47 28 0 52 29 0
51 42 0 55 43 0
14 28 0 21 29 0
16 38 0 23 39 0
4 33 1 5 38 1
21 38 1 22 47 1
9 14 1 10 22 1
13 43 1 14 53 1
22 41 1 23 50 1
8 12 1 9 17 1
24 51 1 25 55 1
40 3 1 41 11 1
49 56 1 50 59 1
49 37 1 50 44 1
30 13 1 31 23 1
13 25 1 14 29 1
5 3 1 6 13 1
53 52 1 54 55 1
12 17 1 13 27 1
10 46 1 11 50 1
9 35 1 10 39 1
1 53 1 2 56 1
0 0 1 1 5 1
57 12 1 58 17 1
55 22 1 56 31 1
50 35 1 51 41 1
35 5 1 36 12 1
14 12 1 15 21 1
14 18 2 24 19 2
46 1 2 55 2 2
11 11 2 15 12 2
17 0 2 22 1 2
26 38 2 29 39 2
23 41 2 27 42 2
32 34 2 39 35 2
0 0 2 9 1 2
42 49 2 50 50 2
28 23 2 34 24 2
4 48 2 10 49 2
9 2 2 17 3 2
51 53 2 59 54 2
39 0 2 49 1 2
1 12 2 5 13 2
31 38 2 40 39 2
49 31 2 58 32 2
29 6 2 32 7 2
22 50 2 25 51 2
40 40 2 48 41 2
18 47 2 22 48 2
51 12 2 57 13 2
37 25 2 40 26 2
47 43 2 50 44 2
38 14 3 39 23 3
17 6 3 18 14 3
7 8 3 8 15 3
10 22 3 11 31 3
7 35 3 8 44 3
14 49 3 15 55 3
53 44 3 54 50 3
11 29 3 12 34 3
24 48 3 25 56 3
34 39 3 35 44 3
2 21 3 3 29 3
27 32 3 28 42 3
50 39 3 51 49 3
26 52 3 27 55 3
57 47 3 58 56 3
51 55 3 52 58 3
35 34 3 36 37 3
51 26 3 52 36 3
36 51 3 37 57 3
32 38 3 33 47 3
9 43 3 10 53 3
30 41 3 31 47 3
17 44 3 18 53 3
11 15 3 12 22 3
0 34 4 5 35 4
0 54 4 7 55 4
49 57 4 54 58 4
18 16 4 25 17 4
38 33 4 44 34 4
46 43 4 54 44 4
29 32 4 35 33 4
43 16 4 52 17 4
23 11 4 29 12 4
39 38 4 49 39 4
31 56 4 36 57 4
16 51 4 24 52 4
13 35 4 23 36 4
49 7 4 56 8 4
16 8 4 20 9 4
43 48 4 48 49 4
10 24 4 17 25 4
14 6 4 24 7 4
43 52 4 52 53 4
15 7 4 21 8 4
6 15 4 11 16 4
35 7 4 41 8 4
18 55 4 25 56 4
40 6 4 47 7 4
45 16 5 46 25 5
39 26 5 40 35 5
28 41 5 29 44 5
17 31 5 18 38 5
19 19 5 20 28 5
5 7 5 6 17 5
15 10 5 16 15 5
57 30 5 58 33 5
4 35 5 5 40 5
3 48 5 4 57 5
24 4 5 25 8 5
9 16 5 10 25 5
41 48 5 42 57 5
18 17 5 19 27 5
4 19 5 5 24 5
6 38 5 7 43 5
49 4 5 50 12 5
27 15 5 28 25 5
23 33 5 24 39 5
21 46 5 22 55 5
46 45 5 47 54 5
56 51 5 57 58 5
34 54 5 35 58 5
55 46 5 56 56 5
Net_num 158
Net_id 0
pin_num 5
39 53 0
27 53 0
30 58 0
53 53 0
25 56 0
Net_id 1
pin_num 5
28 35 0
35 37 0
32 41 0
33 24 0
47 36 0
Net_id 2
pin_num 5
43 27 0
37 32 0
41 56 0
20 29 0
36 33 0
Net_id 3
pin_num 5
31 54 0
25 42 0
4 42 0
20 59 0
21 54 0
Net_id 4
pin_num 5
6 55 0
12 53 0
5 59 0
17 48 0
38 50 0
Net_id 5
pin_num 5
14 10 0
2 16 0
10 19 0
0 20 0
3 2 0
Net_id 6
pin_num 5
8 50 0
16 48 0
14 36 0
0 43 0
2 54 0
Net_id 7
pin_num 5
49 37 0
34 31 0
48 33 0
29 32 0
34 25 0
Net_id 8
pin_num 5
0 25 0
2 33 0
1 49 0
10 28 0
3 22 0
Net_id 9
pin_num 5
15 49 0
3 44 0
4 54 0
19 49 0
27 59 0
Net_id 10
pin_num 5
54 58 0
59 51 0
41 58 0
47 59 0
54 53 0
Net_id 11
pin_num 5
18 19 0
20 13 0
38 19 0
38 17 0
58 17 0
Net_id 12
pin_num 5
12 10 0
9 1 0
12 5 0
13 16 0
9 29 0
Net_id 13
pin_num 5
31 21 0
23 21 0
27 7 0
26 33 0
45 16 0
Net_id 14
pin_num 5
20 5 0
28 14 0
11 0 0
13 8 0
28 8 0
Net_id 15
pin_num 5
7 27 0
3 27 0
5 18 0
0 21 0
22 20 0
Net_id 16
pin_num 5
32 44 0
40 45 0
29 59 0
31 52 0
39 38 0
Net_id 17
pin_num 5
52 23 0
47 19 0
48 19 0
43 23 0
47 32 0
Net_id 18
pin_num 5
19 45 0
26 46 0
24 45 0
20 57 0
25 54 0
Net_id 19
pin_num 5
28 45 0
33 46 0
27 45 0
39 35 0
42 43 0
Net_id 20
pin_num 5
11 38 0
11 35 0
22 35 0
34 40 0
27 30 0
Net_id 21
pin_num 4
56 37 0
50 34 0
58 50 0
31 42 0
Net_id 22
pin_num 4
13 18 0
7 18 0
5 0 0
1 1 0
Net_id 23
pin_num 4
12 9 0
2 14 0
8 3 0
0 18 0
Net_id 24
pin_num 4
33 52 0
42 41 0
28 59 0
59 47 0
Net_id 25
pin_num 4
36 12 0
42 1 0
30 0 0
22 12 0
Net_id 26
pin_num 4
2 56 0
13 55 0
8 54 0
19 53 0
Net_id 27
pin_num 4
55 50 0
47 47 0
36 48 0
35 33 0
Net_id 28
pin_num 4
5 8 0
19 1 0
9 4 0
2 6 0
Net_id 29
pin_num 4
18 10 0
31 5 0
31 14 0
28 22 0
Net_id 30
pin_num 4
11 4 0
20 6 0
17 18 0
49 0 0
Net_id 31
pin_num 4
44 35 0
45 27 0
40 34 0
46 13 0
Net_id 32
pin_num 4
12 29 0
15 21 0
8 21 0
11 34 0
Net_id 33
pin_num 4
38 0 0
43 7 0
23 2 0
22 3 0
Net_id 34
pin_num 4
8 6 0
2 7 0
9 5 0
9 0 0
Net_id 35
pin_num 4
31 40 0
26 41 0
18 43 0
28 52 0
Net_id 36
pin_num 4
28 16 0
35 14 0
32 3 0
43 14 0
Net_id 37
pin_num 4
54 24 0
55 37 0
59 13 0
52 15 0
Net_id 38
pin_num 4
6 58 0
2 53 0
3 54 0
16 54 0
Net_id 39
pin_num 3
23 1 0
21 26 0
13 19 0
Net_id 40
pin_num 3
9 17 0
6 23 0
10 51 0
Net_id 41
pin_num 3
37 51 0
21 53 0
34 55 0
Net_id 42
pin_num 3
35 26 0
23 27 0
23 57 0
Net_id 43
pin_num 3
4 20 0
2 30 0
20 26 0
Net_id 44
pin_num 3
17 19 0
43 30 0
4 18 0
Net_id 45
pin_num 3
46 47 0
44 39 0
59 41 0
Net_id 46
pin_num 3
53 32 0
56 34 0
56 59 0
Net_id 47
pin_num 3
34 33 0
21 27 0
36 25 0
Net_id 48
pin_num 3
55 8 0
57 18 0
55 0 0
Net_id 49
pin_num 3
23 4 0
20 24 0
53 4 0
Net_id 50
pin_num 3
41 38 0
35 41 0
39 30 0
Net_id 51
pin_num 3
46 22 0
41 1 0
42 30 0
Net_id 52
pin_num 3
35 21 0
51 37 0
24 36 0
Net_id 53
pin_num 3
16 37 0
21 48 0
54 48 0
Net_id 54
pin_num 3
57 31 0
52 20 0
49 44 0
Net_id 55
pin_num 3
46 0 0
52 13 0
53 1 0
Net_id 56
pin_num 3
2 50 0
20 58 0
40 58 0
Net_id 57
pin_num 3
25 27 0
34 21 0
29 55 0
Net_id 58
pin_num 3
47 54 0
32 52 0
50 52 0
Net_id 59
pin_num 3
45 15 0
54 3 0
51 29 0
Net_id 60
pin_num 3
23 14 0
15 9 0
10 0 0
Net_id 61
pin_num 3
12 20 0
21 28 0
21 6 0
Net_id 62
pin_num 3
10 2 0
27 0 0
10 7 0
Net_id 63
pin_num 3
31 29 0
21 30 0
39 17 0
Net_id 64
pin_num 3
38 52 0
32 58 0
33 49 0
Net_id 65
pin_num 3
27 28 0
22 31 0
43 28 0
Net_id 66
pin_num 3
35 35 0
33 22 0
40 2 0
Net_id 67
pin_num 3
57 12 0
54 10 0
29 10 0
Net_id 68
pin_num 3
3 39 0
4 47 0
24 30 0
Net_id 69
pin_num 3
1 11 0
5 17 0
13 17 0
Net_id 70
pin_num 3
54 57 0
43 51 0
47 57 0
Net_id 71
pin_num 3
50 36 0
43 49 0
59 33 0
Net_id 72
pin_num 3
38 35 0
36 46 0
12 44 0
Net_id 73
pin_num 3
39 22 0
53 10 0
59 38 0
Net_id 74
pin_num 3
45 19 0
58 32 0
39 11 0
Net_id 75
pin_num 3
20 11 0
25 11 0
15 12 0
Net_id 76
pin_num 3
47 43 0
40 30 0
15 37 0
Net_id 77
pin_num 2
0 27 0
20 1 0
Net_id 78
pin_num 2
12 56 0
21 49 0
Net_id 79
pin_num 2
0 31 0
25 39 0
Net_id 80
pin_num 2
28 6 0
10 1 0
Net_id 81
pin_num 2
35 43 0
12 51 0
Net_id 82
pin_num 2
18 33 0
20 15 0
Net_id 83
pin_num 2
44 11 0
58 12 0
Net_id 84
pin_num 2
25 47 0
33 48 0
Net_id 85
pin_num 2
0 33 0
5 15 0
Net_id 86
pin_num 2
30 52 0
11 58 0
Net_id 87
pin_num 2
33 1 0
29 2 0
Net_id 88
pin_num 2
47 46 0
48 57 0
Net_id 89
pin_num 2
2 35 0
7 44 0
Net_id 90
pin_num 2
17 58 0
2 45 0
Net_id 91
pin_num 2
18 55 0
14 54 0
Net_id 92
pin_num 2
4 39 0
14 27 0
Net_id 93
pin_num 2
46 59 0
19 46 0
Net_id 94
pin_num 2
59 32 0
43 50 0
Net_id 95
pin_num 2
7 5 0
1 5 0
Net_id 96
pin_num 2
37 22 0
53 23 0
Net_id 97
pin_num 2
22 9 0
8 24 0
Net_id 98
pin_num 2
58 16 0
46 21 0
Net_id 99
pin_num 2
46 7 0
57 0 0
Net_id 100
pin_num 2
31 8 0
35 0 0
Net_id 101
pin_num 2
7 34 0
20 32 0
Net_id 102
pin_num 2
32 11 0
37 0 0
Net_id 103
pin_num 2
23 52 0
30 49 0
Net_id 104
pin_num 2
5 30 0
2 38 0
Net_id 105
pin_num 2
10 45 0
5 43 0
Net_id 106
pin_num 2
15 31 0
7 33 0
Net_id 107
pin_num 2
52 36 0
46 46 0
Net_id 108
pin_num 2
9 38 0
5 38 0
Net_id 109
pin_num 2
53 13 0
49 22 0
Net_id 110
pin_num 2
15 16 0
20 22 0
Net_id 111
pin_num 2
39 18 0
26 15 0
Net_id 112
pin_num 2
25 44 0
13 34 0
Net_id 113
pin_num 2
50 43 0
44 20 0
Net_id 114
pin_num 2
14 13 0
24 23 0
Net_id 115
pin_num 2
26 36 0
24 27 0
Net_id 116
pin_num 2
28 11 0
43 20 0
Net_id 117
pin_num 2
45 42 0
58 55 0
Net_id 118
pin_num 2
35 6 0
45 12 0
Net_id 119
pin_num 2
55 21 0
57 20 0
Net_id 120
pin_num 2
32 23 0
25 20 0
Net_id 121
pin_num 2
31 24 0
23 15 0
Net_id 122
pin_num 2
36 26 0
49 24 0
Net_id 123
pin_num 2
12 36 0
5 36 0
Net_id 124
pin_num 2
10 23 0
16 22 0
Net_id 125
pin_num 2
56 10 0
50 3 0
Net_id 126
pin_num 2
4 3 0
1 3 0
Net_id 127
pin_num 2
25 38 0
29 38 0
Net_id 128
pin_num 2
46 14 0
56 4 0
Net_id 129
pin_num 2
37 39 0
50 40 0
Net_id 130
pin_num 2
54 43 0
58 51 0
Net_id 131
pin_num 2
14 23 0
22 39 0
Net_id 132
pin_num 2
56 27 0
59 31 0
Net_id 133
pin_num 2
43 12 0
56 1 0
Net_id 134
pin_num 2
11 17 0
19 34 0
Net_id 135
pin_num 2
52 44 0
51 41 0
Net_id 136
pin_num 2
30 25 0
21 23 0
Net_id 137
pin_num 2
44 3 0
51 9 0
Net_id 138
pin_num 2
24 48 0
34 47 0
Net_id 139
pin_num 2
1 15 0
14 7 0
Net_id 140
pin_num 2
52 40 0
59 40 0
Net_id 141
pin_num 2
19 52 0
17 51 0
Net_id 142
pin_num 2
52 12 0
58 24 0
Net_id 143
pin_num 2
1 12 0
7 9 0
Net_id 144
pin_num 2
9 41 0
0 35 0
Net_id 145
pin_num 2
32 24 0
28 34 0
Net_id 146
pin_num 2
13 14 0
4 13 0
Net_id 147
pin_num 2
26 42 0
40 25 0
Net_id 148
pin_num 2
28 55 0
42 32 0
Net_id 149
pin_num 2
20 33 0
46 50 0
Net_id 150
pin_num 2
28 20 0
41 9 0
Net_id 151
pin_num 2
48 44 0
41 44 0
Net_id 152
pin_num 2
13 26 0
2 37 0
Net_id 153
pin_num 2
50 7 0
57 10 0
Net_id 154
pin_num 2
1 29 0
24 20 0
Net_id 155
pin_num 2
35 9 0
27 1 0
Net_id 156
pin_num 2
8 51 0
0 34 0
Net_id 157
pin_num 2
37 1 0
29 1 0
