Width 60
Height 60
Layer 6
Total_WL 7131
Obstacle_num 144
43 55 0 48 56 0
15 23 0 19 24 0
24 31 0 31 32 0
40 42 0 49 43 0
16 16 0 20 17 0
27 10 0 35 11 0
47 32 0 57 33 0
4 38 0 13 39 0
50 35 0 57 36 0
15 49 0 23 50 0
33 22 0 38 23 0
28 37 0 38 38 0
39 19 0 46 20 0
31 46 0 36 47 0
51 42 0 55 43 0
52 9 0 58 10 0
48 20 0 51 21 0
26 5 0 34 6 0
4 22 0 7 23 0
30 34 0 38 35 0
41 54 0 47 55 0
25 26 0 35 27 0
16 9 0 22 10 0
18 38 0 23 39 0
10 33 1 11 38 1
26 37 1 27 45 1
40 43 1 41 46 1
8 8 1 9 11 1
43 34 1 44 44 1
31 30 1 32 40 1
8 45 1 9 50 1
49 49 1 50 56 1
51 49 1 52 52 1
42 8 1 43 14 1
27 37 1 28 42 1
31 8 1 32 15 1
39 24 1 40 33 1
22 9 1 23 17 1
12 25 1 13 31 1
27 48 1 28 56 1
31 52 1 32 55 1
24 43 1 25 46 1
35 1 1 36 4 1
11 50 1 12 54 1
9 37 1 10 43 1
21 36 1 22 39 1
55 50 1 56 54 1
23 28 1 24 33 1
4 53 2 12 54 2
24 1 2 27 2 2
38 27 2 45 28 2
25 25 2 31 26 2
8 20 2 16 21 2
15 52 2 23 53 2
35 38 2 42 39 2
39 15 2 49 16 2
45 0 2 51 1 2
46 6 2 50 7 2
53 24 2 59 25 2
37 0 2 44 1 2
4 40 2 14 41 2
20 2 2 30 3 2
20 0 2 26 1 2
51 34 2 57 35 2
15 5 2 21 6 2
12 7 2 20 8 2
42 46 2 48 47 2
28 54 2 33 55 2
16 28 2 26 29 2
36 25 2 42 26 2
42 10 2 49 11 2
20 53 2 29 54 2
16 29 3 17 36 3
10 33 3 11 39 3
28 10 3 29 16 3
43 45 3 44 49 3
49 10 3 50 19 3
56 48 3 57 53 3
58 55 3 59 59 3
49 50 3 50 56 3
23 23 3 24 26 3
11 35 3 12 43 3
15 1 3 16 5 3
21 36 3 22 46 3
51 39 3 52 42 3
53 37 3 54 47 3
13 16 3 14 25 3
1 22 3 2 32 3
54 38 3 55 42 3
37 36 3 38 40 3
46 34 3 47 38 3
34 22 3 35 32 3
19 43 3 20 49 3
42 38 3 43 44 3
29 7 3 30 10 3
32 15 3 33 20 3
36 55 4 41 56 4
39 33 4 48 34 4
21 16 4 29 17 4
10 45 4 16 46 4
29 28 4 39 29 4
30 22 4 40 23 4
47 37 4 50 38 4
0 9 4 8 10 4
38 2 4 48 3 4
5 30 4 9 31 4
36 39 4 45 40 4
50 9 4 59 10 4
24 27 4 31 28 4
27 25 4 31 26 4
51 58 4 55 59 4
34 3 4 40 4 4
38 56 4 45 57 4
3 21 4 9 22 4
9 49 4 17 50 4
50 2 4 58 3 4
0 39 4 5 40 4
38 15 4 43 16 4
37 27 4 42 28 4
8 18 4 12 19 4
1 43 5 2 53 5
29 42 5 30 47 5
39 49 5 40 56 5
28 52 5 29 59 5
0 29 5 1 36 5
25 52 5 26 56 5
29 13 5 30 19 5
43 3 5 44 10 5
23 40 5 24 48 5
43 35 5 44 44 5
13 46 5 14 54 5
31 38 5 32 48 5
41 12 5 42 16 5
4 1 5 5 5 5
38 12 5 39 18 5
11 21 5 12 26 5
33 19 5 34 27 5
53 31 5 54 41 5
50 28 5 51 37 5
41 52 5 42 55 5
17 20 5 18 28 5
30 38 5 31 43 5
19 9 5 20 16 5
34 28 5 35 35 5
Net_num 164
Net_id 0
pin_num 5
26 45 0
21 48 0
21 45 0
26 57 0
18 50 0
Net_id 1
pin_num 5
23 45 0
22 55 0
25 56 0
34 47 0
22 23 0
Net_id 2
pin_num 5
18 42 0
27 36 0
19 57 0
0 44 0
26 58 0
Net_id 3
pin_num 5
49 56 0
42 58 0
28 58 0
46 59 0
16 59 0
Net_id 4
pin_num 5
7 47 0
1 35 0
5 54 0
1 27 0
24 47 0
Net_id 5
pin_num 5
50 8 0
46 8 0
48 5 0
48 0 0
47 4 0
Net_id 6
pin_num 5
49 31 0
53 49 0
59 58 0
32 38 0
49 59 0
Net_id 7
pin_num 5
45 9 0
39 21 0
56 16 0
25 9 0
32 6 0
Net_id 8
pin_num 5
42 4 0
51 8 0
37 7 0
16 7 0
36 0 0
Net_id 9
pin_num 5
25 10 0
18 8 0
3 8 0
26 23 0
26 8 0
Net_id 10
pin_num 5
42 1 0
49 1 0
43 5 0
59 6 0
36 1 0
Net_id 11
pin_num 5
15 30 0
10 30 0
13 51 0
29 34 0
29 35 0
Net_id 12
pin_num 5
59 5 0
50 5 0
54 10 0
58 7 0
51 7 0
Net_id 13
pin_num 5
17 14 0
18 17 0
6 10 0
1 14 0
32 14 0
Net_id 14
pin_num 5
52 20 0
59 22 0
59 36 0
57 42 0
59 2 0
Net_id 15
pin_num 5
26 56 0
39 57 0
32 55 0
37 52 0
38 53 0
Net_id 16
pin_num 5
7 57 0
3 50 0
0 49 0
0 52 0
15 52 0
Net_id 17
pin_num 5
4 46 0
15 41 0
15 37 0
5 34 0
15 46 0
Net_id 18
pin_num 5
57 45 0
58 48 0
59 1 0
40 45 0
54 44 0
Net_id 19
pin_num 5
7 54 0
10 51 0
8 50 0
37 57 0
1 58 0
Net_id 20
pin_num 5
47 57 0
43 49 0
58 54 0
40 57 0
44 58 0
Net_id 21
pin_num 5
35 14 0
41 6 0
19 10 0
59 12 0
53 15 0
Net_id 22
pin_num 5
13 23 0
14 21 0
14 41 0
37 24 0
35 28 0
Net_id 23
pin_num 4
29 16 0
33 11 0
20 19 0
30 3 0
Net_id 24
pin_num 4
31 22 0
17 25 0
28 33 0
23 9 0
Net_id 25
pin_num 4
33 17 0
41 17 0
58 11 0
30 12 0
Net_id 26
pin_num 4
52 16 0
58 2 0
57 18 0
42 6 0
Net_id 27
pin_num 4
58 47 0
49 41 0
48 47 0
55 40 0
Net_id 28
pin_num 4
34 56 0
42 44 0
27 58 0
9 50 0
Net_id 29
pin_num 4
47 18 0
58 17 0
53 23 0
55 31 0
Net_id 30
pin_num 4
18 10 0
7 7 0
7 28 0
15 0 0
Net_id 31
pin_num 4
45 49 0
46 44 0
23 46 0
39 55 0
Net_id 32
pin_num 4
58 46 0
47 46 0
52 34 0
53 31 0
Net_id 33
pin_num 4
56 15 0
53 8 0
28 13 0
43 24 0
Net_id 34
pin_num 4
39 26 0
24 24 0
35 18 0
38 40 0
Net_id 35
pin_num 4
55 17 0
45 11 0
42 3 0
45 24 0
Net_id 36
pin_num 4
3 38 0
3 29 0
1 51 0
39 34 0
Net_id 37
pin_num 4
36 42 0
25 58 0
31 55 0
21 57 0
Net_id 38
pin_num 4
26 12 0
14 13 0
0 15 0
4 11 0
Net_id 39
pin_num 4
19 56 0
14 48 0
3 47 0
29 53 0
Net_id 40
pin_num 4
56 37 0
45 40 0
45 28 0
58 31 0
Net_id 41
pin_num 4
30 50 0
42 37 0
47 43 0
33 51 0
Net_id 42
pin_num 4
22 27 0
29 27 0
2 26 0
15 24 0
Net_id 43
pin_num 4
58 55 0
57 44 0
54 43 0
33 52 0
Net_id 44
pin_num 4
57 48 0
45 41 0
35 43 0
56 58 0
Net_id 45
pin_num 4
40 20 0
29 6 0
28 12 0
36 2 0
Net_id 46
pin_num 3
3 2 0
10 2 0
1 0 0
Net_id 47
pin_num 3
24 39 0
46 38 0
29 42 0
Net_id 48
pin_num 3
3 45 0
12 45 0
5 33 0
Net_id 49
pin_num 3
42 53 0
42 56 0
32 53 0
Net_id 50
pin_num 3
51 43 0
35 33 0
58 37 0
Net_id 51
pin_num 3
38 14 0
58 16 0
43 0 0
Net_id 52
pin_num 3
25 29 0
21 31 0
4 25 0
Net_id 53
pin_num 3
15 45 0
1 52 0
12 51 0
Net_id 54
pin_num 3
8 22 0
18 5 0
5 10 0
Net_id 55
pin_num 3
21 13 0
20 20 0
0 23 0
Net_id 56
pin_num 3
16 2 0
24 2 0
24 23 0
Net_id 57
pin_num 3
35 10 0
46 19 0
46 32 0
Net_id 58
pin_num 3
38 54 0
23 54 0
40 55 0
Net_id 59
pin_num 3
52 8 0
47 17 0
54 11 0
Net_id 60
pin_num 3
1 41 0
9 33 0
30 35 0
Net_id 61
pin_num 3
13 42 0
40 32 0
19 18 0
Net_id 62
pin_num 3
51 13 0
42 13 0
46 30 0
Net_id 63
pin_num 3
27 20 0
21 23 0
8 19 0
Net_id 64
pin_num 3
49 35 0
44 28 0
44 18 0
Net_id 65
pin_num 3
50 41 0
58 50 0
36 43 0
Net_id 66
pin_num 3
15 40 0
27 45 0
34 49 0
Net_id 67
pin_num 3
41 15 0
48 15 0
58 9 0
Net_id 68
pin_num 3
28 11 0
35 13 0
40 8 0
Net_id 69
pin_num 3
46 22 0
29 20 0
40 22 0
Net_id 70
pin_num 3
39 3 0
54 19 0
47 2 0
Net_id 71
pin_num 3
17 15 0
33 15 0
41 4 0
Net_id 72
pin_num 3
47 50 0
40 49 0
51 53 0
Net_id 73
pin_num 3
56 23 0
48 19 0
38 8 0
Net_id 74
pin_num 3
47 11 0
58 4 0
51 1 0
Net_id 75
pin_num 3
20 25 0
30 32 0
17 18 0
Net_id 76
pin_num 3
16 19 0
5 25 0
5 36 0
Net_id 77
pin_num 3
8 32 0
2 44 0
2 29 0
Net_id 78
pin_num 3
4 3 0
23 5 0
26 3 0
Net_id 79
pin_num 3
49 57 0
48 55 0
54 36 0
Net_id 80
pin_num 3
39 41 0
51 55 0
51 57 0
Net_id 81
pin_num 3
51 56 0
42 51 0
45 58 0
Net_id 82
pin_num 3
53 57 0
57 43 0
57 19 0
Net_id 83
pin_num 3
39 53 0
52 50 0
55 2 0
Net_id 84
pin_num 3
30 25 0
35 30 0
10 24 0
Net_id 85
pin_num 3
58 34 0
54 26 0
49 7 0
Net_id 86
pin_num 2
0 24 0
19 14 0
Net_id 87
pin_num 2
13 39 0
27 12 0
Net_id 88
pin_num 2
40 56 0
35 53 0
Net_id 89
pin_num 2
57 38 0
37 19 0
Net_id 90
pin_num 2
43 16 0
56 27 0
Net_id 91
pin_num 2
58 29 0
45 29 0
Net_id 92
pin_num 2
9 7 0
25 23 0
Net_id 93
pin_num 2
11 57 0
22 58 0
Net_id 94
pin_num 2
47 44 0
51 26 0
Net_id 95
pin_num 2
13 33 0
0 42 0
Net_id 96
pin_num 2
47 20 0
19 26 0
Net_id 97
pin_num 2
27 43 0
20 39 0
Net_id 98
pin_num 2
2 1 0
6 7 0
Net_id 99
pin_num 2
48 22 0
47 19 0
Net_id 100
pin_num 2
7 25 0
8 44 0
Net_id 101
pin_num 2
50 48 0
55 54 0
Net_id 102
pin_num 2
32 19 0
41 26 0
Net_id 103
pin_num 2
53 39 0
38 44 0
Net_id 104
pin_num 2
17 22 0
26 28 0
Net_id 105
pin_num 2
22 51 0
10 39 0
Net_id 106
pin_num 2
52 33 0
48 33 0
Net_id 107
pin_num 2
13 31 0
3 44 0
Net_id 108
pin_num 2
55 50 0
45 48 0
Net_id 109
pin_num 2
8 6 0
2 22 0
Net_id 110
pin_num 2
37 42 0
58 36 0
Net_id 111
pin_num 2
9 25 0
15 36 0
Net_id 112
pin_num 2
20 55 0
11 56 0
Net_id 113
pin_num 2
8 28 0
16 32 0
Net_id 114
pin_num 2
49 9 0
43 25 0
Net_id 115
pin_num 2
7 3 0
3 5 0
Net_id 116
pin_num 2
58 38 0
49 39 0
Net_id 117
pin_num 2
6 18 0
12 24 0
Net_id 118
pin_num 2
26 29 0
49 34 0
Net_id 119
pin_num 2
17 20 0
5 18 0
Net_id 120
pin_num 2
49 42 0
56 55 0
Net_id 121
pin_num 2
59 33 0
53 27 0
Net_id 122
pin_num 2
19 20 0
12 44 0
Net_id 123
pin_num 2
53 54 0
48 50 0
Net_id 124
pin_num 2
21 5 0
11 0 0
Net_id 125
pin_num 2
32 41 0
14 44 0
Net_id 126
pin_num 2
6 15 0
18 30 0
Net_id 127
pin_num 2
16 45 0
24 55 0
Net_id 128
pin_num 2
34 16 0
27 8 0
Net_id 129
pin_num 2
1 22 0
17 6 0
Net_id 130
pin_num 2
42 36 0
59 44 0
Net_id 131
pin_num 2
6 23 0
12 36 0
Net_id 132
pin_num 2
31 32 0
42 23 0
Net_id 133
pin_num 2
17 33 0
27 57 0
Net_id 134
pin_num 2
31 20 0
5 12 0
Net_id 135
pin_num 2
46 48 0
56 43 0
Net_id 136
pin_num 2
4 10 0
0 6 0
Net_id 137
pin_num 2
59 25 0
47 30 0
Net_id 138
pin_num 2
39 11 0
46 17 0
Net_id 139
pin_num 2
37 45 0
15 33 0
Net_id 140
pin_num 2
2 30 0
6 17 0
Net_id 141
pin_num 2
0 21 0
15 31 0
Net_id 142
pin_num 2
3 0 0
8 15 0
Net_id 143
pin_num 2
4 33 0
25 17 0
Net_id 144
pin_num 2
25 19 0
15 6 0
Net_id 145
pin_num 2
42 34 0
47 28 0
Net_id 146
pin_num 2
36 57 0
17 46 0
Net_id 147
pin_num 2
12 52 0
22 56 0
Net_id 148
pin_num 2
0 33 0
2 28 0
Net_id 149
pin_num 2
42 46 0
52 54 0
Net_id 150
pin_num 2
26 44 0
58 32 0
Net_id 151
pin_num 2
20 37 0
30 23 0
Net_id 152
pin_num 2
20 35 0
15 34 0
Net_id 153
pin_num 2
18 6 0
31 29 0
Net_id 154
pin_num 2
6 55 0
18 55 0
Net_id 155
pin_num 2
38 17 0
35 35 0
Net_id 156
pin_num 2
0 10 0
12 1 0
Net_id 157
pin_num 2
1 49 0
17 50 0
Net_id 158
pin_num 2
11 26 0
11 12 0
Net_id 159
pin_num 2
33 43 0
19 33 0
Net_id 160
pin_num 2
43 53 0
51 54 0
Net_id 161
pin_num 2
58 27 0
56 36 0
Net_id 162
pin_num 2
6 5 0
8 1 0
Net_id 163
pin_num 2
36 18 0
49 5 0
