Width 60
Height 60
Layer 6
Total_WL 6878
Obstacle_num 144
26 41 0 29 42 0
30 51 0 36 52 0
14 26 0 23 27 0
41 20 0 48 21 0
0 2 0 9 3 0
26 36 0 30 37 0
17 43 0 24 44 0
22 54 0 27 55 0
43 7 0 47 8 0
28 20 0 35 21 0
18 19 0 21 20 0
12 27 0 19 28 0
2 17 0 10 18 0
12 35 0 17 36 0
2 32 0 12 33 0
1 49 0 9 50 0
11 0 0 18 1 0
12 9 0 19 10 0
37 47 0 47 48 0
30 6 0 40 7 0
23 20 0 26 21 0
39 49 0 42 50 0
43 56 0 50 57 0
7 41 0 17 42 0
14 39 1 15 49 1
26 44 1 27 48 1
47 45 1 48 50 1
44 31 1 45 35 1
40 48 1 41 52 1
22 8 1 23 12 1
37 18 1 38 26 1
11 47 1 12 50 1
36 50 1 37 54 1
7 35 1 8 44 1
34 23 1 35 33 1
42 34 1 43 40 1
27 51 1 28 58 1
16 46 1 17 49 1
6 31 1 7 41 1
28 28 1 29 37 1
7 4 1 8 14 1
31 44 1 32 48 1
29 41 1 30 45 1
45 56 1 46 59 1
14 50 1 15 54 1
38 35 1 39 45 1
31 1 1 32 11 1
33 49 1 34 56 1
31 49 2 34 50 2
41 30 2 49 31 2
43 51 2 47 52 2
45 20 2 54 21 2
35 0 2 41 1 2
21 23 2 29 24 2
42 49 2 45 50 2
33 54 2 41 55 2
4 15 2 7 16 2
30 20 2 38 21 2
9 18 2 17 19 2
11 44 2 14 45 2
3 14 2 8 15 2
0 11 2 4 12 2
20 41 2 23 42 2
45 22 2 48 23 2
7 39 2 17 40 2
48 52 2 53 53 2
44 34 2 49 35 2
2 30 2 8 31 2
36 23 2 40 24 2
22 39 2 27 40 2
43 9 2 46 10 2
16 25 2 26 26 2
37 12 3 38 22 3
23 5 3 24 8 3
58 46 3 59 56 3
52 44 3 53 51 3
30 5 3 31 11 3
49 16 3 50 20 3
26 32 3 27 36 3
19 9 3 20 16 3
21 47 3 22 53 3
48 28 3 49 38 3
7 31 3 8 38 3
47 49 3 48 54 3
3 27 3 4 33 3
51 28 3 52 37 3
5 53 3 6 58 3
56 21 3 57 28 3
33 20 3 34 23 3
51 19 3 52 25 3
11 42 3 12 46 3
3 10 3 4 19 3
12 51 3 13 59 3
23 49 3 24 59 3
8 33 3 9 41 3
32 43 3 33 52 3
17 44 4 27 45 4
14 49 4 19 50 4
23 25 4 32 26 4
25 6 4 35 7 4
37 19 4 46 20 4
13 30 4 23 31 4
15 58 4 22 59 4
28 39 4 32 40 4
15 51 4 20 52 4
19 9 4 28 10 4
30 45 4 39 46 4
36 44 4 46 45 4
55 13 4 59 14 4
6 0 4 9 1 4
0 4 4 8 5 4
42 31 4 50 32 4
38 3 4 42 4 4
7 43 4 17 44 4
14 19 4 18 20 4
46 42 4 51 43 4
5 46 4 9 47 4
29 11 4 37 12 4
3 6 4 9 7 4
39 40 4 44 41 4
14 25 5 15 32 5
47 47 5 48 50 5
56 13 5 57 18 5
46 7 5 47 15 5
30 15 5 31 20 5
27 20 5 28 28 5
39 49 5 40 58 5
57 38 5 58 45 5
46 50 5 47 59 5
43 6 5 44 9 5
4 16 5 5 24 5
8 22 5 9 25 5
52 18 5 53 27 5
40 13 5 41 19 5
33 8 5 34 11 5
35 52 5 36 58 5
38 42 5 39 50 5
8 44 5 9 52 5
35 43 5 36 46 5
26 17 5 27 27 5
48 25 5 49 34 5
17 33 5 18 40 5
14 33 5 15 40 5
19 15 5 20 25 5
Net_num 163
Net_id 0
pin_num 5
20 0 0
15 10 0
26 0 0
13 7 0
37 3 0
Net_id 1
pin_num 5
44 19 0
53 14 0
48 25 0
34 14 0
37 21 0
Net_id 2
pin_num 5
34 50 0
39 58 0
59 59 0
23 59 0
38 50 0
Net_id 3
pin_num 5
40 42 0
31 42 0
20 42 0
23 32 0
38 26 0
Net_id 4
pin_num 5
44 5 0
40 5 0
49 0 0
27 6 0
40 15 0
Net_id 5
pin_num 5
18 25 0
15 28 0
10 28 0
29 26 0
15 47 0
Net_id 6
pin_num 5
50 39 0
50 43 0
41 38 0
35 39 0
49 32 0
Net_id 7
pin_num 5
0 46 0
1 42 0
5 42 0
10 42 0
22 46 0
Net_id 8
pin_num 5
12 49 0
22 48 0
22 28 0
45 29 0
42 9 0
Net_id 9
pin_num 5
33 31 0
23 22 0
16 31 0
4 24 0
20 23 0
Net_id 10
pin_num 5
38 12 0
46 12 0
41 10 0
39 8 0
39 36 0
Net_id 11
pin_num 5
1 24 0
0 16 0
0 37 0
9 43 0
2 12 0
Net_id 12
pin_num 5
14 30 0
1 32 0
12 40 0
19 30 0
6 19 0
Net_id 13
pin_num 5
59 23 0
56 32 0
55 26 0
33 32 0
58 44 0
Net_id 14
pin_num 5
10 17 0
19 4 0
37 4 0
21 8 0
34 1 0
Net_id 15
pin_num 5
12 2 0
28 1 0
30 7 0
8 1 0
9 12 0
Net_id 16
pin_num 5
0 43 0
4 43 0
1 47 0
3 50 0
9 47 0
Net_id 17
pin_num 5
29 19 0
34 2 0
16 11 0
10 0 0
34 33 0
Net_id 18
pin_num 5
54 42 0
51 38 0
52 57 0
35 45 0
57 57 0
Net_id 19
pin_num 5
47 43 0
37 52 0
48 59 0
30 46 0
43 52 0
Net_id 20
pin_num 4
35 24 0
25 43 0
45 39 0
26 48 0
Net_id 21
pin_num 4
10 21 0
20 15 0
1 17 0
7 1 0
Net_id 22
pin_num 4
44 13 0
30 12 0
24 12 0
35 25 0
Net_id 23
pin_num 4
44 22 0
49 23 0
55 42 0
35 35 0
Net_id 24
pin_num 4
35 26 0
24 19 0
33 12 0
2 29 0
Net_id 25
pin_num 4
9 21 0
0 15 0
16 20 0
29 11 0
Net_id 26
pin_num 4
59 10 0
50 10 0
53 22 0
54 25 0
Net_id 27
pin_num 4
22 47 0
12 53 0
12 48 0
3 52 0
Net_id 28
pin_num 4
53 50 0
56 44 0
56 59 0
36 47 0
Net_id 29
pin_num 4
37 38 0
31 38 0
48 46 0
39 40 0
Net_id 30
pin_num 4
25 55 0
28 53 0
24 53 0
9 58 0
Net_id 31
pin_num 4
52 16 0
54 22 0
37 17 0
41 36 0
Net_id 32
pin_num 4
42 48 0
39 51 0
27 48 0
32 43 0
Net_id 33
pin_num 4
8 58 0
12 50 0
9 45 0
1 52 0
Net_id 34
pin_num 4
57 50 0
59 35 0
35 43 0
49 55 0
Net_id 35
pin_num 4
50 8 0
59 8 0
50 0 0
54 0 0
Net_id 36
pin_num 4
33 40 0
38 51 0
20 45 0
38 59 0
Net_id 37
pin_num 4
19 18 0
15 24 0
17 44 0
31 34 0
Net_id 38
pin_num 4
44 1 0
48 1 0
41 8 0
38 15 0
Net_id 39
pin_num 4
29 56 0
37 56 0
44 52 0
31 53 0
Net_id 40
pin_num 3
25 35 0
19 35 0
20 53 0
Net_id 41
pin_num 3
29 14 0
38 33 0
36 15 0
Net_id 42
pin_num 3
23 16 0
14 5 0
1 14 0
Net_id 43
pin_num 3
48 18 0
51 23 0
40 18 0
Net_id 44
pin_num 3
10 59 0
25 49 0
9 57 0
Net_id 45
pin_num 3
13 54 0
5 50 0
12 56 0
Net_id 46
pin_num 3
45 40 0
40 53 0
37 49 0
Net_id 47
pin_num 3
24 18 0
12 3 0
17 15 0
Net_id 48
pin_num 3
58 14 0
38 24 0
39 53 0
Net_id 49
pin_num 3
30 57 0
29 55 0
19 45 0
Net_id 50
pin_num 3
47 5 0
33 2 0
42 33 0
Net_id 51
pin_num 3
27 47 0
43 59 0
59 39 0
Net_id 52
pin_num 3
53 49 0
44 46 0
46 40 0
Net_id 53
pin_num 3
11 43 0
5 38 0
34 55 0
Net_id 54
pin_num 3
25 27 0
19 27 0
54 27 0
Net_id 55
pin_num 3
7 22 0
3 31 0
15 29 0
Net_id 56
pin_num 3
15 15 0
5 10 0
10 37 0
Net_id 57
pin_num 3
21 54 0
10 56 0
17 59 0
Net_id 58
pin_num 3
15 39 0
11 35 0
1 36 0
Net_id 59
pin_num 3
59 12 0
47 10 0
47 1 0
Net_id 60
pin_num 3
13 40 0
31 43 0
5 36 0
Net_id 61
pin_num 3
15 36 0
18 39 0
18 50 0
Net_id 62
pin_num 3
16 3 0
14 10 0
0 12 0
Net_id 63
pin_num 3
32 29 0
18 28 0
29 9 0
Net_id 64
pin_num 3
25 53 0
29 33 0
19 32 0
Net_id 65
pin_num 3
2 48 0
10 54 0
3 54 0
Net_id 66
pin_num 3
55 39 0
54 43 0
58 16 0
Net_id 67
pin_num 3
59 25 0
56 4 0
59 33 0
Net_id 68
pin_num 3
35 15 0
25 15 0
34 5 0
Net_id 69
pin_num 3
26 49 0
53 26 0
39 2 0
Net_id 70
pin_num 3
37 10 0
27 18 0
0 38 0
Net_id 71
pin_num 3
52 24 0
43 1 0
28 14 0
Net_id 72
pin_num 3
2 50 0
8 43 0
0 49 0
Net_id 73
pin_num 3
25 6 0
20 14 0
19 12 0
Net_id 74
pin_num 3
41 53 0
35 41 0
27 50 0
Net_id 75
pin_num 3
10 13 0
20 18 0
13 24 0
Net_id 76
pin_num 3
30 32 0
38 20 0
37 11 0
Net_id 77
pin_num 3
44 41 0
50 56 0
43 50 0
Net_id 78
pin_num 3
57 35 0
34 52 0
27 37 0
Net_id 79
pin_num 3
58 20 0
42 24 0
13 12 0
Net_id 80
pin_num 2
28 35 0
38 31 0
Net_id 81
pin_num 2
3 33 0
10 33 0
Net_id 82
pin_num 2
31 44 0
43 38 0
Net_id 83
pin_num 2
57 40 0
47 16 0
Net_id 84
pin_num 2
10 23 0
5 29 0
Net_id 85
pin_num 2
32 3 0
48 4 0
Net_id 86
pin_num 2
24 40 0
31 41 0
Net_id 87
pin_num 2
33 9 0
37 9 0
Net_id 88
pin_num 2
54 47 0
43 39 0
Net_id 89
pin_num 2
12 7 0
5 7 0
Net_id 90
pin_num 2
56 46 0
43 36 0
Net_id 91
pin_num 2
26 14 0
25 18 0
Net_id 92
pin_num 2
7 44 0
16 29 0
Net_id 93
pin_num 2
21 17 0
28 17 0
Net_id 94
pin_num 2
54 54 0
47 35 0
Net_id 95
pin_num 2
48 31 0
35 28 0
Net_id 96
pin_num 2
36 54 0
54 51 0
Net_id 97
pin_num 2
52 44 0
58 56 0
Net_id 98
pin_num 2
43 30 0
4 51 0
Net_id 99
pin_num 2
46 34 0
26 43 0
Net_id 100
pin_num 2
22 8 0
32 5 0
Net_id 101
pin_num 2
55 41 0
49 57 0
Net_id 102
pin_num 2
37 39 0
50 37 0
Net_id 103
pin_num 2
38 16 0
16 23 0
Net_id 104
pin_num 2
14 32 0
25 39 0
Net_id 105
pin_num 2
8 25 0
20 32 0
Net_id 106
pin_num 2
28 11 0
20 5 0
Net_id 107
pin_num 2
46 30 0
37 7 0
Net_id 108
pin_num 2
9 29 0
1 48 0
Net_id 109
pin_num 2
45 52 0
51 52 0
Net_id 110
pin_num 2
13 53 0
31 58 0
Net_id 111
pin_num 2
54 45 0
25 46 0
Net_id 112
pin_num 2
6 55 0
3 41 0
Net_id 113
pin_num 2
9 49 0
1 56 0
Net_id 114
pin_num 2
7 25 0
10 34 0
Net_id 115
pin_num 2
39 4 0
43 6 0
Net_id 116
pin_num 2
44 6 0
58 7 0
Net_id 117
pin_num 2
26 35 0
31 24 0
Net_id 118
pin_num 2
8 53 0
25 58 0
Net_id 119
pin_num 2
58 53 0
39 57 0
Net_id 120
pin_num 2
37 31 0
27 19 0
Net_id 121
pin_num 2
9 24 0
20 37 0
Net_id 122
pin_num 2
50 20 0
54 13 0
Net_id 123
pin_num 2
32 41 0
46 32 0
Net_id 124
pin_num 2
57 41 0
29 30 0
Net_id 125
pin_num 2
17 33 0
31 57 0
Net_id 126
pin_num 2
2 1 0
4 21 0
Net_id 127
pin_num 2
45 22 0
50 16 0
Net_id 128
pin_num 2
35 17 0
32 11 0
Net_id 129
pin_num 2
2 34 0
13 45 0
Net_id 130
pin_num 2
3 59 0
11 40 0
Net_id 131
pin_num 2
24 57 0
28 25 0
Net_id 132
pin_num 2
53 57 0
59 54 0
Net_id 133
pin_num 2
49 43 0
44 44 0
Net_id 134
pin_num 2
24 44 0
3 21 0
Net_id 135
pin_num 2
58 13 0
53 3 0
Net_id 136
pin_num 2
29 1 0
41 6 0
Net_id 137
pin_num 2
42 25 0
35 22 0
Net_id 138
pin_num 2
46 38 0
31 36 0
Net_id 139
pin_num 2
50 51 0
56 50 0
Net_id 140
pin_num 2
4 5 0
8 12 0
Net_id 141
pin_num 2
20 24 0
27 43 0
Net_id 142
pin_num 2
0 3 0
16 12 0
Net_id 143
pin_num 2
34 18 0
25 32 0
Net_id 144
pin_num 2
19 55 0
41 54 0
Net_id 145
pin_num 2
40 29 0
48 11 0
Net_id 146
pin_num 2
35 1 0
15 11 0
Net_id 147
pin_num 2
46 29 0
30 26 0
Net_id 148
pin_num 2
3 38 0
0 40 0
Net_id 149
pin_num 2
59 5 0
41 11 0
Net_id 150
pin_num 2
48 55 0
22 49 0
Net_id 151
pin_num 2
58 9 0
51 25 0
Net_id 152
pin_num 2
35 58 0
32 50 0
Net_id 153
pin_num 2
37 2 0
41 1 0
Net_id 154
pin_num 2
31 39 0
21 32 0
Net_id 155
pin_num 2
9 9 0
25 36 0
Net_id 156
pin_num 2
12 51 0
0 56 0
Net_id 157
pin_num 2
42 2 0
49 25 0
Net_id 158
pin_num 2
31 25 0
27 20 0
Net_id 159
pin_num 2
32 58 0
42 57 0
Net_id 160
pin_num 2
53 2 0
57 1 0
Net_id 161
pin_num 2
13 32 0
18 41 0
Net_id 162
pin_num 2
33 49 0
55 37 0
