Width 60
Height 60
Layer 6
Total_WL 7268
Obstacle_num 144
14 32 0 18 33 0
48 22 0 52 23 0
25 55 0 32 56 0
31 39 0 35 40 0
32 10 0 41 11 0
22 9 0 32 10 0
10 25 0 17 26 0
43 21 0 47 22 0
51 17 0 58 18 0
44 19 0 52 20 0
47 31 0 50 32 0
3 57 0 7 58 0
1 34 0 10 35 0
25 13 0 29 14 0
21 17 0 27 18 0
9 18 0 14 19 0
20 14 0 27 15 0
0 19 0 6 20 0
22 31 0 31 32 0
20 48 0 30 49 0
28 26 0 35 27 0
34 15 0 44 16 0
41 53 0 50 54 0
12 39 0 15 40 0
48 7 1 49 17 1
21 8 1 22 18 1
20 26 1 21 32 1
22 32 1 23 42 1
33 52 1 34 57 1
46 51 1 47 54 1
14 13 1 15 23 1
12 41 1 13 45 1
19 14 1 20 23 1
31 47 1 32 53 1
18 2 1 19 7 1
56 8 1 57 13 1
7 27 1 8 36 1
10 21 1 11 31 1
16 5 1 17 14 1
45 38 1 46 43 1
10 53 1 11 56 1
44 39 1 45 45 1
25 23 1 26 30 1
2 32 1 3 39 1
33 26 1 34 35 1
5 42 1 6 52 1
51 21 1 52 27 1
1 18 1 2 25 1
50 9 2 53 10 2
33 20 2 38 21 2
50 36 2 59 37 2
20 51 2 29 52 2
50 44 2 56 45 2
44 31 2 54 32 2
4 38 2 11 39 2
41 26 2 44 27 2
47 48 2 51 49 2
40 3 2 43 4 2
48 28 2 57 29 2
19 28 2 27 29 2
27 49 2 30 50 2
41 36 2 50 37 2
3 11 2 6 12 2
18 33 2 21 34 2
49 55 2 56 56 2
28 26 2 32 27 2
47 56 2 56 57 2
2 1 2 9 2 2
20 35 2 30 36 2
40 48 2 46 49 2
4 37 2 11 38 2
36 28 2 46 29 2
17 48 3 18 52 3
16 4 3 17 14 3
15 44 3 16 50 3
41 37 3 42 45 3
4 50 3 5 59 3
38 53 3 39 57 3
35 49 3 36 53 3
0 16 3 1 24 3
35 35 3 36 41 3
4 9 3 5 17 3
52 7 3 53 14 3
37 21 3 38 26 3
3 35 3 4 44 3
14 43 3 15 46 3
21 2 3 22 8 3
49 38 3 50 47 3
29 52 3 30 57 3
0 30 3 1 38 3
15 24 3 16 31 3
56 23 3 57 28 3
23 7 3 24 13 3
30 16 3 31 19 3
0 45 3 1 55 3
56 34 3 57 41 3
5 30 4 11 31 4
22 36 4 29 37 4
52 56 4 56 57 4
47 33 4 55 34 4
10 28 4 15 29 4
52 45 4 57 46 4
17 35 4 26 36 4
33 4 4 39 5 4
11 31 4 21 32 4
5 25 4 10 26 4
4 52 4 13 53 4
32 37 4 37 38 4
40 17 4 49 18 4
11 55 4 17 56 4
51 51 4 55 52 4
11 7 4 14 8 4
12 51 4 20 52 4
51 0 4 54 1 4
37 47 4 42 48 4
49 54 4 56 55 4
52 15 4 56 16 4
24 54 4 27 55 4
6 37 4 15 38 4
37 55 4 44 56 4
26 31 5 27 40 5
34 37 5 35 41 5
49 9 5 50 16 5
40 47 5 41 56 5
36 13 5 37 23 5
44 22 5 45 27 5
31 35 5 32 44 5
40 31 5 41 39 5
22 17 5 23 24 5
55 9 5 56 19 5
54 19 5 55 28 5
42 8 5 43 11 5
33 45 5 34 55 5
8 53 5 9 57 5
56 51 5 57 58 5
10 17 5 11 25 5
30 31 5 31 34 5
35 52 5 36 59 5
34 3 5 35 11 5
17 52 5 18 57 5
0 20 5 1 24 5
34 16 5 35 21 5
22 25 5 23 28 5
58 14 5 59 21 5
Net_num 162
Net_id 0
pin_num 5
45 7 0
43 5 0
59 13 0
58 13 0
35 8 0
Net_id 1
pin_num 5
26 24 0
15 23 0
15 16 0
18 0 0
23 23 0
Net_id 2
pin_num 5
18 59 0
14 56 0
0 59 0
3 43 0
15 59 0
Net_id 3
pin_num 5
1 16 0
2 17 0
0 26 0
9 21 0
11 21 0
Net_id 4
pin_num 5
20 36 0
12 17 0
6 35 0
12 13 0
31 18 0
Net_id 5
pin_num 5
14 52 0
18 57 0
16 49 0
40 57 0
23 53 0
Net_id 6
pin_num 5
35 30 0
16 30 0
19 25 0
30 41 0
44 33 0
Net_id 7
pin_num 5
35 37 0
52 42 0
21 40 0
32 17 0
44 20 0
Net_id 8
pin_num 5
9 40 0
4 24 0
11 58 0
14 40 0
2 55 0
Net_id 9
pin_num 5
7 31 0
5 18 0
22 18 0
24 23 0
14 36 0
Net_id 10
pin_num 5
15 41 0
7 26 0
16 35 0
23 37 0
2 24 0
Net_id 11
pin_num 5
9 11 0
17 9 0
0 8 0
8 17 0
12 12 0
Net_id 12
pin_num 5
1 49 0
13 49 0
19 41 0
8 53 0
14 50 0
Net_id 13
pin_num 5
28 2 0
24 5 0
40 0 0
8 2 0
34 0 0
Net_id 14
pin_num 5
4 33 0
10 34 0
1 44 0
7 36 0
6 17 0
Net_id 15
pin_num 5
56 38 0
49 38 0
34 41 0
48 37 0
48 38 0
Net_id 16
pin_num 5
40 55 0
36 55 0
39 46 0
23 59 0
47 52 0
Net_id 17
pin_num 5
10 56 0
4 59 0
4 40 0
1 55 0
14 57 0
Net_id 18
pin_num 5
57 35 0
54 36 0
54 44 0
47 38 0
52 53 0
Net_id 19
pin_num 5
52 4 0
56 4 0
46 4 0
36 4 0
42 17 0
Net_id 20
pin_num 4
34 34 0
46 39 0
59 30 0
57 49 0
Net_id 21
pin_num 4
58 37 0
48 26 0
31 27 0
43 39 0
Net_id 22
pin_num 4
44 42 0
59 46 0
32 43 0
56 36 0
Net_id 23
pin_num 4
22 19 0
29 19 0
15 19 0
28 33 0
Net_id 24
pin_num 4
46 5 0
39 9 0
57 6 0
45 15 0
Net_id 25
pin_num 4
1 7 0
7 0 0
2 18 0
1 13 0
Net_id 26
pin_num 4
30 36 0
35 35 0
35 28 0
38 46 0
Net_id 27
pin_num 4
33 6 0
27 6 0
30 13 0
43 7 0
Net_id 28
pin_num 4
52 6 0
57 9 0
50 26 0
59 29 0
Net_id 29
pin_num 4
51 53 0
55 43 0
57 59 0
56 59 0
Net_id 30
pin_num 4
6 5 0
11 10 0
11 26 0
18 10 0
Net_id 31
pin_num 4
18 45 0
2 46 0
0 30 0
4 42 0
Net_id 32
pin_num 4
28 50 0
41 55 0
45 59 0
25 53 0
Net_id 33
pin_num 4
37 29 0
19 31 0
21 44 0
42 40 0
Net_id 34
pin_num 4
50 24 0
54 13 0
58 22 0
52 15 0
Net_id 35
pin_num 4
32 56 0
29 59 0
24 45 0
0 58 0
Net_id 36
pin_num 4
58 58 0
50 50 0
50 32 0
20 52 0
Net_id 37
pin_num 4
33 28 0
34 35 0
27 23 0
27 50 0
Net_id 38
pin_num 4
16 3 0
31 1 0
8 3 0
13 17 0
Net_id 39
pin_num 4
51 30 0
41 30 0
43 16 0
42 38 0
Net_id 40
pin_num 4
49 18 0
59 6 0
43 14 0
47 32 0
Net_id 41
pin_num 3
3 0 0
0 10 0
16 15 0
Net_id 42
pin_num 3
12 26 0
27 26 0
24 11 0
Net_id 43
pin_num 3
31 32 0
48 27 0
39 36 0
Net_id 44
pin_num 3
20 26 0
26 33 0
23 22 0
Net_id 45
pin_num 3
43 49 0
49 49 0
49 58 0
Net_id 46
pin_num 3
59 16 0
45 16 0
52 35 0
Net_id 47
pin_num 3
31 58 0
51 43 0
22 59 0
Net_id 48
pin_num 3
45 18 0
54 5 0
14 6 0
Net_id 49
pin_num 3
47 45 0
21 47 0
31 25 0
Net_id 50
pin_num 3
0 51 0
8 51 0
9 46 0
Net_id 51
pin_num 3
37 54 0
51 57 0
55 54 0
Net_id 52
pin_num 3
27 41 0
18 46 0
39 31 0
Net_id 53
pin_num 3
34 27 0
36 19 0
29 58 0
Net_id 54
pin_num 3
14 47 0
20 32 0
38 32 0
Net_id 55
pin_num 3
27 10 0
31 14 0
27 22 0
Net_id 56
pin_num 3
38 9 0
21 20 0
21 1 0
Net_id 57
pin_num 3
58 56 0
49 48 0
59 50 0
Net_id 58
pin_num 3
5 11 0
23 21 0
2 11 0
Net_id 59
pin_num 3
57 58 0
39 39 0
57 10 0
Net_id 60
pin_num 3
17 42 0
0 57 0
23 58 0
Net_id 61
pin_num 3
30 48 0
39 48 0
50 54 0
Net_id 62
pin_num 3
55 59 0
49 47 0
35 42 0
Net_id 63
pin_num 3
52 28 0
41 41 0
58 19 0
Net_id 64
pin_num 3
5 36 0
1 29 0
4 43 0
Net_id 65
pin_num 3
41 5 0
29 15 0
25 22 0
Net_id 66
pin_num 3
19 21 0
29 33 0
0 27 0
Net_id 67
pin_num 3
10 28 0
3 7 0
6 6 0
Net_id 68
pin_num 3
44 31 0
52 57 0
18 34 0
Net_id 69
pin_num 3
26 16 0
39 14 0
13 14 0
Net_id 70
pin_num 3
29 57 0
19 50 0
41 57 0
Net_id 71
pin_num 3
46 3 0
38 3 0
59 5 0
Net_id 72
pin_num 3
4 10 0
12 21 0
23 4 0
Net_id 73
pin_num 3
54 19 0
50 12 0
50 53 0
Net_id 74
pin_num 3
18 41 0
4 44 0
6 20 0
Net_id 75
pin_num 3
47 1 0
36 1 0
42 29 0
Net_id 76
pin_num 3
24 32 0
21 27 0
20 13 0
Net_id 77
pin_num 3
5 54 0
2 50 0
1 46 0
Net_id 78
pin_num 3
21 11 0
14 0 0
18 9 0
Net_id 79
pin_num 3
19 43 0
5 53 0
30 49 0
Net_id 80
pin_num 3
25 38 0
16 48 0
27 51 0
Net_id 81
pin_num 3
12 44 0
2 57 0
6 36 0
Net_id 82
pin_num 2
43 27 0
29 37 0
Net_id 83
pin_num 2
22 38 0
9 36 0
Net_id 84
pin_num 2
14 55 0
35 45 0
Net_id 85
pin_num 2
8 41 0
15 44 0
Net_id 86
pin_num 2
53 21 0
58 17 0
Net_id 87
pin_num 2
47 48 0
57 20 0
Net_id 88
pin_num 2
56 54 0
52 32 0
Net_id 89
pin_num 2
26 6 0
16 1 0
Net_id 90
pin_num 2
30 0 0
32 12 0
Net_id 91
pin_num 2
44 52 0
53 50 0
Net_id 92
pin_num 2
53 13 0
38 18 0
Net_id 93
pin_num 2
31 15 0
44 2 0
Net_id 94
pin_num 2
22 11 0
13 19 0
Net_id 95
pin_num 2
37 17 0
47 35 0
Net_id 96
pin_num 2
54 51 0
43 56 0
Net_id 97
pin_num 2
40 19 0
25 37 0
Net_id 98
pin_num 2
11 16 0
24 22 0
Net_id 99
pin_num 2
12 46 0
0 55 0
Net_id 100
pin_num 2
48 11 0
31 17 0
Net_id 101
pin_num 2
14 7 0
1 1 0
Net_id 102
pin_num 2
40 21 0
54 27 0
Net_id 103
pin_num 2
5 16 0
9 8 0
Net_id 104
pin_num 2
54 49 0
46 26 0
Net_id 105
pin_num 2
15 28 0
13 37 0
Net_id 106
pin_num 2
37 27 0
2 0 0
Net_id 107
pin_num 2
7 42 0
8 43 0
Net_id 108
pin_num 2
6 7 0
2 4 0
Net_id 109
pin_num 2
32 3 0
40 2 0
Net_id 110
pin_num 2
26 26 0
4 46 0
Net_id 111
pin_num 2
8 31 0
22 20 0
Net_id 112
pin_num 2
7 47 0
13 54 0
Net_id 113
pin_num 2
15 56 0
4 47 0
Net_id 114
pin_num 2
9 37 0
12 34 0
Net_id 115
pin_num 2
51 29 0
30 42 0
Net_id 116
pin_num 2
12 6 0
7 3 0
Net_id 117
pin_num 2
40 26 0
38 44 0
Net_id 118
pin_num 2
26 39 0
13 22 0
Net_id 119
pin_num 2
43 42 0
26 36 0
Net_id 120
pin_num 2
22 4 0
9 17 0
Net_id 121
pin_num 2
44 25 0
50 31 0
Net_id 122
pin_num 2
51 54 0
51 47 0
Net_id 123
pin_num 2
18 47 0
10 57 0
Net_id 124
pin_num 2
58 44 0
52 25 0
Net_id 125
pin_num 2
26 58 0
24 21 0
Net_id 126
pin_num 2
29 24 0
17 25 0
Net_id 127
pin_num 2
30 3 0
34 6 0
Net_id 128
pin_num 2
19 13 0
12 8 0
Net_id 129
pin_num 2
4 14 0
12 19 0
Net_id 130
pin_num 2
37 41 0
33 37 0
Net_id 131
pin_num 2
31 52 0
52 58 0
Net_id 132
pin_num 2
18 21 0
13 20 0
Net_id 133
pin_num 2
23 39 0
38 42 0
Net_id 134
pin_num 2
15 20 0
24 26 0
Net_id 135
pin_num 2
11 23 0
6 41 0
Net_id 136
pin_num 2
52 36 0
58 55 0
Net_id 137
pin_num 2
34 56 0
57 27 0
Net_id 138
pin_num 2
32 59 0
34 57 0
Net_id 139
pin_num 2
46 56 0
23 55 0
Net_id 140
pin_num 2
39 21 0
17 34 0
Net_id 141
pin_num 2
48 13 0
38 14 0
Net_id 142
pin_num 2
7 46 0
5 32 0
Net_id 143
pin_num 2
32 1 0
46 10 0
Net_id 144
pin_num 2
0 42 0
12 29 0
Net_id 145
pin_num 2
0 52 0
13 52 0
Net_id 146
pin_num 2
28 25 0
39 11 0
Net_id 147
pin_num 2
16 39 0
29 45 0
Net_id 148
pin_num 2
35 54 0
29 46 0
Net_id 149
pin_num 2
31 43 0
11 34 0
Net_id 150
pin_num 2
15 22 0
25 8 0
Net_id 151
pin_num 2
49 9 0
57 12 0
Net_id 152
pin_num 2
53 0 0
38 16 0
Net_id 153
pin_num 2
45 9 0
50 1 0
Net_id 154
pin_num 2
44 26 0
36 16 0
Net_id 155
pin_num 2
4 12 0
12 3 0
Net_id 156
pin_num 2
49 3 0
58 15 0
Net_id 157
pin_num 2
12 23 0
0 28 0
Net_id 158
pin_num 2
13 26 0
37 35 0
Net_id 159
pin_num 2
21 34 0
36 39 0
Net_id 160
pin_num 2
40 35 0
16 40 0
Net_id 161
pin_num 2
58 38 0
30 27 0
