Width 60
Height 60
Layer 6
Total_WL 6847
Obstacle_num 144
44 43 0 53 44 0
37 51 0 44 52 0
45 11 0 48 12 0
37 49 0 45 50 0
37 10 0 43 11 0
48 34 0 58 35 0
42 35 0 48 36 0
0 17 0 5 18 0
38 45 0 42 46 0
49 18 0 56 19 0
46 37 0 50 38 0
41 22 0 48 23 0
52 19 0 58 20 0
36 4 0 44 5 0
34 44 0 38 45 0
23 9 0 29 10 0
34 58 0 41 59 0
3 34 0 10 35 0
17 23 0 23 24 0
30 7 0 40 8 0
40 52 0 43 53 0
31 22 0 34 23 0
24 51 0 32 52 0
32 31 0 36 32 0
14 12 1 15 20 1
44 23 1 45 31 1
45 45 1 46 49 1
29 9 1 30 17 1
20 20 1 21 27 1
30 48 1 31 51 1
48 8 1 49 18 1
0 40 1 1 47 1
24 41 1 25 47 1
3 19 1 4 26 1
47 0 1 48 7 1
35 47 1 36 56 1
1 28 1 2 38 1
41 41 1 42 50 1
20 41 1 21 51 1
19 22 1 20 28 1
6 8 1 7 16 1
31 3 1 32 10 1
50 13 1 51 23 1
54 4 1 55 11 1
35 13 1 36 19 1
5 23 1 6 28 1
33 31 1 34 39 1
3 50 1 4 57 1
49 45 2 52 46 2
26 18 2 35 19 2
8 4 2 18 5 2
21 14 2 29 15 2
33 41 2 40 42 2
37 32 2 42 33 2
19 15 2 22 16 2
52 15 2 56 16 2
13 5 2 17 6 2
29 5 2 39 6 2
20 23 2 30 24 2
29 1 2 34 2 2
8 17 2 13 18 2
19 41 2 29 42 2
38 51 2 43 52 2
44 23 2 51 24 2
30 4 2 34 5 2
33 37 2 43 38 2
0 52 2 4 53 2
39 17 2 42 18 2
34 56 2 39 57 2
7 53 2 16 54 2
11 35 2 20 36 2
50 51 2 56 52 2
52 12 3 53 18 3
29 30 3 30 33 3
34 21 3 35 26 3
1 31 3 2 36 3
35 31 3 36 40 3
2 0 3 3 4 3
32 3 3 33 6 3
45 27 3 46 33 3
19 6 3 20 16 3
46 37 3 47 41 3
33 44 3 34 52 3
8 18 3 9 25 3
0 8 3 1 13 3
55 8 3 56 11 3
2 19 3 3 27 3
49 49 3 50 54 3
8 44 3 9 48 3
5 36 3 6 43 3
51 20 3 52 26 3
14 22 3 15 25 3
15 33 3 16 43 3
0 47 3 1 57 3
51 10 3 52 18 3
39 38 3 40 42 3
45 58 4 50 59 4
46 45 4 55 46 4
35 21 4 44 22 4
47 19 4 53 20 4
27 55 4 30 56 4
6 49 4 14 50 4
14 24 4 18 25 4
5 6 4 13 7 4
14 14 4 22 15 4
51 43 4 56 44 4
4 24 4 8 25 4
3 38 4 13 39 4
52 13 4 57 14 4
43 47 4 49 48 4
8 9 4 15 10 4
4 54 4 10 55 4
1 14 4 10 15 4
41 36 4 51 37 4
53 23 4 57 24 4
27 3 4 30 4 4
35 58 4 44 59 4
21 27 4 24 28 4
30 53 4 35 54 4
36 13 4 42 14 4
37 20 5 38 30 5
34 5 5 35 9 5
18 1 5 19 9 5
45 43 5 46 51 5
41 19 5 42 28 5
54 41 5 55 45 5
8 23 5 9 32 5
21 17 5 22 20 5
7 14 5 8 24 5
3 19 5 4 28 5
7 1 5 8 10 5
20 4 5 21 9 5
32 9 5 33 13 5
15 51 5 16 59 5
13 23 5 14 29 5
17 8 5 18 11 5
22 15 5 23 22 5
35 50 5 36 56 5
13 4 5 14 8 5
20 53 5 21 58 5
36 28 5 37 31 5
0 35 5 1 41 5
2 24 5 3 33 5
57 2 5 58 10 5
Net_num 155
Net_id 0
pin_num 5
53 14 0
47 16 0
57 5 0
59 9 0
59 24 0
Net_id 1
pin_num 5
47 49 0
45 51 0
46 34 0
24 38 0
36 59 0
Net_id 2
pin_num 5
41 54 0
29 54 0
37 59 0
38 56 0
16 59 0
Net_id 3
pin_num 5
53 40 0
53 46 0
29 46 0
48 42 0
42 32 0
Net_id 4
pin_num 5
45 21 0
25 20 0
38 39 0
58 28 0
56 42 0
Net_id 5
pin_num 5
6 28 0
7 43 0
29 28 0
20 38 0
0 57 0
Net_id 6
pin_num 5
26 47 0
22 54 0
1 51 0
6 58 0
6 30 0
Net_id 7
pin_num 5
3 6 0
1 23 0
0 5 0
5 14 0
26 14 0
Net_id 8
pin_num 5
46 7 0
39 1 0
32 2 0
38 11 0
34 15 0
Net_id 9
pin_num 5
27 33 0
29 34 0
28 26 0
29 44 0
49 36 0
Net_id 10
pin_num 5
1 48 0
8 32 0
29 32 0
0 28 0
0 34 0
Net_id 11
pin_num 5
7 54 0
3 49 0
18 54 0
9 50 0
24 50 0
Net_id 12
pin_num 5
20 36 0
21 31 0
31 20 0
34 25 0
24 11 0
Net_id 13
pin_num 5
19 39 0
25 29 0
37 39 0
23 8 0
1 39 0
Net_id 14
pin_num 5
41 36 0
45 34 0
45 13 0
53 17 0
59 29 0
Net_id 15
pin_num 5
25 44 0
37 40 0
18 40 0
0 39 0
15 51 0
Net_id 16
pin_num 5
12 22 0
5 21 0
5 13 0
4 20 0
17 22 0
Net_id 17
pin_num 5
36 37 0
40 41 0
39 50 0
52 40 0
48 53 0
Net_id 18
pin_num 5
39 8 0
41 9 0
40 20 0
59 7 0
56 4 0
Net_id 19
pin_num 5
56 37 0
50 31 0
59 38 0
51 47 0
52 38 0
Net_id 20
pin_num 5
32 9 0
30 0 0
34 0 0
41 6 0
37 12 0
Net_id 21
pin_num 4
46 56 0
34 50 0
15 59 0
21 30 0
Net_id 22
pin_num 4
28 21 0
29 29 0
27 17 0
5 28 0
Net_id 23
pin_num 4
45 52 0
32 58 0
43 30 0
33 43 0
Net_id 24
pin_num 4
48 44 0
59 37 0
46 29 0
49 22 0
Net_id 25
pin_num 4
30 41 0
34 47 0
38 55 0
31 19 0
Net_id 26
pin_num 4
38 13 0
17 13 0
49 13 0
20 0 0
Net_id 27
pin_num 4
45 28 0
54 40 0
59 13 0
46 10 0
Net_id 28
pin_num 4
24 57 0
11 57 0
6 59 0
17 46 0
Net_id 29
pin_num 4
54 50 0
49 35 0
49 12 0
40 42 0
Net_id 30
pin_num 4
39 36 0
26 33 0
26 13 0
22 8 0
Net_id 31
pin_num 4
54 57 0
57 49 0
53 59 0
39 56 0
Net_id 32
pin_num 4
1 59 0
8 57 0
5 50 0
11 58 0
Net_id 33
pin_num 4
42 57 0
45 42 0
47 39 0
33 42 0
Net_id 34
pin_num 4
27 35 0
20 35 0
22 41 0
34 30 0
Net_id 35
pin_num 4
57 53 0
53 57 0
57 41 0
57 52 0
Net_id 36
pin_num 4
48 24 0
41 18 0
58 11 0
23 24 0
Net_id 37
pin_num 4
21 54 0
19 49 0
21 37 0
3 45 0
Net_id 38
pin_num 4
30 16 0
34 1 0
44 15 0
48 22 0
Net_id 39
pin_num 4
16 43 0
22 55 0
4 52 0
11 55 0
Net_id 40
pin_num 3
37 48 0
51 52 0
59 44 0
Net_id 41
pin_num 3
51 14 0
37 3 0
37 8 0
Net_id 42
pin_num 3
28 57 0
43 59 0
41 39 0
Net_id 43
pin_num 3
39 59 0
28 54 0
59 43 0
Net_id 44
pin_num 3
14 24 0
4 35 0
13 13 0
Net_id 45
pin_num 3
56 51 0
52 42 0
55 58 0
Net_id 46
pin_num 3
34 35 0
16 46 0
2 37 0
Net_id 47
pin_num 3
24 54 0
21 38 0
40 35 0
Net_id 48
pin_num 3
22 25 0
14 25 0
33 25 0
Net_id 49
pin_num 3
20 22 0
37 42 0
30 47 0
Net_id 50
pin_num 3
4 7 0
0 25 0
0 4 0
Net_id 51
pin_num 3
43 45 0
57 48 0
58 59 0
Net_id 52
pin_num 3
30 56 0
42 58 0
26 43 0
Net_id 53
pin_num 3
5 31 0
10 34 0
8 16 0
Net_id 54
pin_num 3
49 29 0
59 23 0
57 37 0
Net_id 55
pin_num 3
53 6 0
57 4 0
29 7 0
Net_id 56
pin_num 3
11 52 0
15 55 0
7 53 0
Net_id 57
pin_num 3
17 42 0
6 56 0
27 48 0
Net_id 58
pin_num 3
26 17 0
3 30 0
32 26 0
Net_id 59
pin_num 3
0 18 0
8 19 0
18 12 0
Net_id 60
pin_num 3
1 35 0
6 31 0
1 46 0
Net_id 61
pin_num 3
41 1 0
31 10 0
15 8 0
Net_id 62
pin_num 3
51 1 0
44 0 0
54 11 0
Net_id 63
pin_num 3
21 41 0
10 41 0
12 33 0
Net_id 64
pin_num 3
3 1 0
12 6 0
9 38 0
Net_id 65
pin_num 3
1 11 0
12 0 0
10 35 0
Net_id 66
pin_num 3
38 14 0
32 14 0
36 0 0
Net_id 67
pin_num 3
3 27 0
10 29 0
23 20 0
Net_id 68
pin_num 3
44 27 0
55 32 0
25 23 0
Net_id 69
pin_num 3
31 29 0
33 32 0
36 27 0
Net_id 70
pin_num 3
12 17 0
1 5 0
27 15 0
Net_id 71
pin_num 3
38 20 0
46 6 0
44 39 0
Net_id 72
pin_num 3
45 4 0
45 12 0
55 9 0
Net_id 73
pin_num 3
48 33 0
54 13 0
41 33 0
Net_id 74
pin_num 3
35 12 0
39 11 0
31 2 0
Net_id 75
pin_num 3
46 30 0
59 35 0
56 22 0
Net_id 76
pin_num 3
38 30 0
53 25 0
42 2 0
Net_id 77
pin_num 3
53 52 0
52 41 0
53 35 0
Net_id 78
pin_num 2
13 56 0
5 36 0
Net_id 79
pin_num 2
10 43 0
5 30 0
Net_id 80
pin_num 2
29 48 0
17 44 0
Net_id 81
pin_num 2
28 59 0
21 56 0
Net_id 82
pin_num 2
53 51 0
55 52 0
Net_id 83
pin_num 2
21 32 0
32 50 0
Net_id 84
pin_num 2
29 2 0
59 25 0
Net_id 85
pin_num 2
49 5 0
49 11 0
Net_id 86
pin_num 2
0 35 0
18 47 0
Net_id 87
pin_num 2
48 16 0
53 4 0
Net_id 88
pin_num 2
26 56 0
54 46 0
Net_id 89
pin_num 2
31 47 0
51 53 0
Net_id 90
pin_num 2
59 18 0
37 28 0
Net_id 91
pin_num 2
55 53 0
54 58 0
Net_id 92
pin_num 2
24 13 0
19 6 0
Net_id 93
pin_num 2
16 5 0
19 1 0
Net_id 94
pin_num 2
5 9 0
10 18 0
Net_id 95
pin_num 2
8 46 0
14 43 0
Net_id 96
pin_num 2
35 19 0
55 13 0
Net_id 97
pin_num 2
38 12 0
59 39 0
Net_id 98
pin_num 2
16 56 0
22 44 0
Net_id 99
pin_num 2
38 17 0
47 34 0
Net_id 100
pin_num 2
14 9 0
8 9 0
Net_id 101
pin_num 2
43 56 0
26 37 0
Net_id 102
pin_num 2
39 25 0
55 40 0
Net_id 103
pin_num 2
14 10 0
52 47 0
Net_id 104
pin_num 2
54 48 0
59 28 0
Net_id 105
pin_num 2
15 44 0
32 51 0
Net_id 106
pin_num 2
13 32 0
18 29 0
Net_id 107
pin_num 2
17 6 0
33 17 0
Net_id 108
pin_num 2
14 48 0
2 40 0
Net_id 109
pin_num 2
47 12 0
48 2 0
Net_id 110
pin_num 2
50 16 0
56 33 0
Net_id 111
pin_num 2
34 52 0
25 49 0
Net_id 112
pin_num 2
3 8 0
25 12 0
Net_id 113
pin_num 2
37 33 0
40 26 0
Net_id 114
pin_num 2
43 3 0
53 0 0
Net_id 115
pin_num 2
59 17 0
50 12 0
Net_id 116
pin_num 2
11 53 0
8 51 0
Net_id 117
pin_num 2
39 35 0
46 32 0
Net_id 118
pin_num 2
46 40 0
33 52 0
Net_id 119
pin_num 2
34 18 0
44 1 0
Net_id 120
pin_num 2
55 20 0
53 27 0
Net_id 121
pin_num 2
36 30 0
55 38 0
Net_id 122
pin_num 2
18 0 0
19 0 0
Net_id 123
pin_num 2
13 17 0
32 20 0
Net_id 124
pin_num 2
50 53 0
34 45 0
Net_id 125
pin_num 2
47 25 0
52 20 0
Net_id 126
pin_num 2
8 55 0
4 55 0
Net_id 127
pin_num 2
29 42 0
25 22 0
Net_id 128
pin_num 2
18 19 0
51 32 0
Net_id 129
pin_num 2
6 0 0
9 1 0
Net_id 130
pin_num 2
30 11 0
23 7 0
Net_id 131
pin_num 2
35 55 0
29 58 0
Net_id 132
pin_num 2
14 51 0
4 53 0
Net_id 133
pin_num 2
27 45 0
7 51 0
Net_id 134
pin_num 2
10 23 0
18 26 0
Net_id 135
pin_num 2
14 18 0
18 22 0
Net_id 136
pin_num 2
23 41 0
54 26 0
Net_id 137
pin_num 2
17 12 0
7 10 0
Net_id 138
pin_num 2
0 41 0
13 40 0
Net_id 139
pin_num 2
14 29 0
14 49 0
Net_id 140
pin_num 2
12 31 0
34 53 0
Net_id 141
pin_num 2
29 52 0
18 52 0
Net_id 142
pin_num 2
5 45 0
14 55 0
Net_id 143
pin_num 2
8 6 0
1 2 0
Net_id 144
pin_num 2
50 7 0
28 16 0
Net_id 145
pin_num 2
7 47 0
13 58 0
Net_id 146
pin_num 2
32 28 0
28 12 0
Net_id 147
pin_num 2
10 3 0
56 17 0
Net_id 148
pin_num 2
55 49 0
37 52 0
Net_id 149
pin_num 2
39 5 0
21 4 0
Net_id 150
pin_num 2
6 9 0
11 7 0
Net_id 151
pin_num 2
18 35 0
18 38 0
Net_id 152
pin_num 2
48 36 0
49 38 0
Net_id 153
pin_num 2
0 36 0
9 44 0
Net_id 154
pin_num 2
9 55 0
9 51 0
