Width 60
Height 60
Layer 6
Total_WL 6799
Obstacle_num 144
56 28 0 59 29 0
39 46 0 47 47 0
26 4 0 29 5 0
9 36 0 14 37 0
4 13 0 14 14 0
5 42 0 8 43 0
23 33 0 32 34 0
44 28 0 50 29 0
22 20 0 28 21 0
1 47 0 6 48 0
2 28 0 5 29 0
4 32 0 13 33 0
53 39 0 57 40 0
2 51 0 6 52 0
16 10 0 20 11 0
6 56 0 9 57 0
2 48 0 10 49 0
14 17 0 23 18 0
36 52 0 45 53 0
10 1 0 19 2 0
2 43 0 12 44 0
33 54 0 43 55 0
41 9 0 44 10 0
32 38 0 41 39 0
41 48 1 42 54 1
12 18 1 13 27 1
43 1 1 44 4 1
55 20 1 56 30 1
15 26 1 16 34 1
3 22 1 4 28 1
30 45 1 31 48 1
21 46 1 22 49 1
14 1 1 15 6 1
11 27 1 12 34 1
29 12 1 30 19 1
49 51 1 50 55 1
1 17 1 2 26 1
44 54 1 45 57 1
17 52 1 18 58 1
51 41 1 52 50 1
24 45 1 25 55 1
44 34 1 45 40 1
20 27 1 21 37 1
3 42 1 4 49 1
8 31 1 9 36 1
41 18 1 42 27 1
50 51 1 51 56 1
37 51 1 38 55 1
37 52 2 47 53 2
21 15 2 30 16 2
31 47 2 39 48 2
52 15 2 59 16 2
9 39 2 12 40 2
20 47 2 30 48 2
10 23 2 17 24 2
31 7 2 41 8 2
35 37 2 40 38 2
49 1 2 56 2 2
53 52 2 56 53 2
25 29 2 29 30 2
29 50 2 32 51 2
31 27 2 37 28 2
13 32 2 22 33 2
47 4 2 50 5 2
13 26 2 16 27 2
16 53 2 22 54 2
38 10 2 45 11 2
25 41 2 32 42 2
11 6 2 20 7 2
24 58 2 30 59 2
24 10 2 31 11 2
4 0 2 8 1 2
5 22 3 6 30 3
57 12 3 58 17 3
48 29 3 49 37 3
8 33 3 9 43 3
3 22 3 4 31 3
19 4 3 20 12 3
15 9 3 16 13 3
46 9 3 47 13 3
18 36 3 19 43 3
6 27 3 7 34 3
31 25 3 32 29 3
49 13 3 50 19 3
41 25 3 42 28 3
0 5 3 1 15 3
33 51 3 34 59 3
42 30 3 43 34 3
5 30 3 6 37 3
58 32 3 59 38 3
13 45 3 14 55 3
19 15 3 20 18 3
55 21 3 56 28 3
7 42 3 8 51 3
24 7 3 25 14 3
40 3 3 41 12 3
42 29 4 49 30 4
39 33 4 43 34 4
35 58 4 39 59 4
19 20 4 26 21 4
47 11 4 56 12 4
35 44 4 44 45 4
18 44 4 21 45 4
45 21 4 52 22 4
31 51 4 34 52 4
8 57 4 12 58 4
15 32 4 20 33 4
29 4 4 32 5 4
37 16 4 40 17 4
32 36 4 42 37 4
9 36 4 15 37 4
5 5 4 14 6 4
38 42 4 46 43 4
34 51 4 43 52 4
47 20 4 50 21 4
5 21 4 10 22 4
53 44 4 56 45 4
37 50 4 44 51 4
39 37 4 48 38 4
45 27 4 53 28 4
22 41 5 23 46 5
38 2 5 39 9 5
53 5 5 54 11 5
44 8 5 45 11 5
46 10 5 47 20 5
28 31 5 29 38 5
52 36 5 53 39 5
47 8 5 48 17 5
22 23 5 23 27 5
45 48 5 46 57 5
55 16 5 56 24 5
0 17 5 1 26 5
26 23 5 27 32 5
40 3 5 41 7 5
25 20 5 26 23 5
20 19 5 21 23 5
22 31 5 23 35 5
23 18 5 24 28 5
34 17 5 35 24 5
25 1 5 26 10 5
12 37 5 13 44 5
49 24 5 50 27 5
41 30 5 42 35 5
8 43 5 9 46 5
Net_num 160
Net_id 0
pin_num 5
46 52 0
41 38 0
59 53 0
59 46 0
50 58 0
Net_id 1
pin_num 5
55 36 0
43 36 0
54 20 0
41 22 0
46 47 0
Net_id 2
pin_num 5
34 56 0
41 59 0
21 59 0
22 37 0
38 32 0
Net_id 3
pin_num 5
54 45 0
45 43 0
53 35 0
53 15 0
46 21 0
Net_id 4
pin_num 5
23 5 0
14 0 0
14 28 0
0 15 0
6 28 0
Net_id 5
pin_num 5
0 14 0
10 14 0
8 8 0
5 22 0
14 14 0
Net_id 6
pin_num 5
51 6 0
54 4 0
59 6 0
55 2 0
48 0 0
Net_id 7
pin_num 5
44 50 0
38 50 0
42 55 0
18 50 0
26 53 0
Net_id 8
pin_num 5
50 1 0
44 1 0
27 1 0
47 9 0
30 22 0
Net_id 9
pin_num 5
54 3 0
46 2 0
59 5 0
51 8 0
57 3 0
Net_id 10
pin_num 5
50 34 0
57 37 0
27 34 0
23 34 0
51 28 0
Net_id 11
pin_num 5
32 26 0
26 17 0
36 22 0
56 22 0
39 13 0
Net_id 12
pin_num 5
20 24 0
31 35 0
26 48 0
33 44 0
26 21 0
Net_id 13
pin_num 5
5 49 0
0 46 0
1 37 0
0 55 0
23 49 0
Net_id 14
pin_num 5
53 3 0
53 6 0
47 3 0
49 15 0
25 15 0
Net_id 15
pin_num 5
54 29 0
43 37 0
59 21 0
48 50 0
59 32 0
Net_id 16
pin_num 5
13 55 0
25 55 0
14 41 0
28 51 0
28 47 0
Net_id 17
pin_num 5
6 35 0
2 40 0
4 33 0
6 26 0
9 38 0
Net_id 18
pin_num 5
41 49 0
25 51 0
25 38 0
42 49 0
6 49 0
Net_id 19
pin_num 4
25 4 0
16 12 0
23 12 0
26 0 0
Net_id 20
pin_num 4
38 28 0
50 33 0
59 36 0
42 24 0
Net_id 21
pin_num 4
50 56 0
47 55 0
39 48 0
43 39 0
Net_id 22
pin_num 4
47 17 0
50 6 0
42 3 0
50 17 0
Net_id 23
pin_num 4
54 21 0
58 25 0
51 37 0
58 37 0
Net_id 24
pin_num 4
48 29 0
41 32 0
47 33 0
33 30 0
Net_id 25
pin_num 4
11 21 0
0 29 0
5 4 0
9 15 0
Net_id 26
pin_num 4
55 19 0
46 4 0
40 7 0
32 0 0
Net_id 27
pin_num 4
22 27 0
38 27 0
48 27 0
29 23 0
Net_id 28
pin_num 4
55 15 0
52 7 0
59 9 0
52 20 0
Net_id 29
pin_num 4
57 2 0
52 23 0
51 9 0
43 5 0
Net_id 30
pin_num 4
5 36 0
12 48 0
0 35 0
7 53 0
Net_id 31
pin_num 4
17 32 0
30 35 0
23 26 0
34 37 0
Net_id 32
pin_num 4
28 38 0
35 40 0
34 58 0
17 42 0
Net_id 33
pin_num 4
19 25 0
29 25 0
49 25 0
36 42 0
Net_id 34
pin_num 4
58 9 0
51 23 0
59 7 0
56 5 0
Net_id 35
pin_num 4
49 48 0
52 53 0
58 50 0
51 59 0
Net_id 36
pin_num 4
39 45 0
39 58 0
45 54 0
35 48 0
Net_id 37
pin_num 4
23 41 0
8 50 0
4 34 0
15 57 0
Net_id 38
pin_num 4
6 3 0
13 0 0
8 4 0
10 22 0
Net_id 39
pin_num 4
13 31 0
21 29 0
19 39 0
31 30 0
Net_id 40
pin_num 3
34 0 0
32 6 0
48 6 0
Net_id 41
pin_num 3
55 26 0
37 39 0
32 14 0
Net_id 42
pin_num 3
32 46 0
37 47 0
13 45 0
Net_id 43
pin_num 3
26 58 0
12 50 0
51 56 0
Net_id 44
pin_num 3
20 14 0
38 12 0
3 13 0
Net_id 45
pin_num 3
3 44 0
23 46 0
6 46 0
Net_id 46
pin_num 3
45 17 0
48 23 0
36 17 0
Net_id 47
pin_num 3
27 21 0
28 0 0
28 20 0
Net_id 48
pin_num 3
46 59 0
52 43 0
21 43 0
Net_id 49
pin_num 3
3 4 0
8 2 0
6 15 0
Net_id 50
pin_num 3
26 24 0
37 13 0
30 39 0
Net_id 51
pin_num 3
55 20 0
52 11 0
56 2 0
Net_id 52
pin_num 3
6 11 0
10 10 0
15 2 0
Net_id 53
pin_num 3
3 26 0
16 20 0
5 45 0
Net_id 54
pin_num 3
24 0 0
18 0 0
23 23 0
Net_id 55
pin_num 3
41 2 0
51 12 0
26 1 0
Net_id 56
pin_num 3
4 1 0
15 14 0
11 2 0
Net_id 57
pin_num 3
24 38 0
23 52 0
41 57 0
Net_id 58
pin_num 3
35 53 0
28 54 0
18 48 0
Net_id 59
pin_num 3
39 42 0
46 23 0
46 16 0
Net_id 60
pin_num 3
2 42 0
4 55 0
14 36 0
Net_id 61
pin_num 3
42 40 0
28 52 0
32 51 0
Net_id 62
pin_num 3
55 58 0
45 50 0
57 48 0
Net_id 63
pin_num 3
41 53 0
57 46 0
42 35 0
Net_id 64
pin_num 3
21 3 0
11 9 0
33 4 0
Net_id 65
pin_num 3
41 21 0
57 17 0
27 22 0
Net_id 66
pin_num 3
9 26 0
0 18 0
10 30 0
Net_id 67
pin_num 3
12 40 0
17 35 0
23 35 0
Net_id 68
pin_num 3
37 10 0
40 26 0
59 10 0
Net_id 69
pin_num 3
40 41 0
49 41 0
59 43 0
Net_id 70
pin_num 3
20 59 0
11 46 0
19 40 0
Net_id 71
pin_num 3
54 41 0
50 46 0
50 35 0
Net_id 72
pin_num 3
22 33 0
1 29 0
2 39 0
Net_id 73
pin_num 3
57 24 0
51 24 0
35 42 0
Net_id 74
pin_num 3
40 23 0
24 26 0
24 2 0
Net_id 75
pin_num 3
15 4 0
7 16 0
1 10 0
Net_id 76
pin_num 3
4 0 0
2 7 0
13 7 0
Net_id 77
pin_num 3
36 30 0
31 48 0
34 10 0
Net_id 78
pin_num 3
33 19 0
44 14 0
37 35 0
Net_id 79
pin_num 2
52 50 0
42 45 0
Net_id 80
pin_num 2
56 23 0
50 28 0
Net_id 81
pin_num 2
59 27 0
48 14 0
Net_id 82
pin_num 2
36 11 0
22 11 0
Net_id 83
pin_num 2
4 10 0
1 3 0
Net_id 84
pin_num 2
14 18 0
16 18 0
Net_id 85
pin_num 2
25 41 0
17 50 0
Net_id 86
pin_num 2
28 48 0
39 57 0
Net_id 87
pin_num 2
5 6 0
24 1 0
Net_id 88
pin_num 2
26 28 0
21 28 0
Net_id 89
pin_num 2
12 26 0
10 25 0
Net_id 90
pin_num 2
32 43 0
9 31 0
Net_id 91
pin_num 2
12 11 0
25 31 0
Net_id 92
pin_num 2
17 0 0
22 14 0
Net_id 93
pin_num 2
49 46 0
56 32 0
Net_id 94
pin_num 2
15 20 0
7 21 0
Net_id 95
pin_num 2
59 38 0
43 33 0
Net_id 96
pin_num 2
2 25 0
9 17 0
Net_id 97
pin_num 2
2 4 0
2 8 0
Net_id 98
pin_num 2
47 43 0
54 47 0
Net_id 99
pin_num 2
55 33 0
56 36 0
Net_id 100
pin_num 2
29 20 0
19 14 0
Net_id 101
pin_num 2
6 51 0
2 44 0
Net_id 102
pin_num 2
26 44 0
32 47 0
Net_id 103
pin_num 2
16 16 0
40 16 0
Net_id 104
pin_num 2
27 35 0
27 30 0
Net_id 105
pin_num 2
32 55 0
29 58 0
Net_id 106
pin_num 2
20 57 0
1 51 0
Net_id 107
pin_num 2
18 52 0
9 57 0
Net_id 108
pin_num 2
29 28 0
41 16 0
Net_id 109
pin_num 2
17 11 0
36 14 0
Net_id 110
pin_num 2
0 24 0
14 35 0
Net_id 111
pin_num 2
9 54 0
11 51 0
Net_id 112
pin_num 2
17 14 0
29 3 0
Net_id 113
pin_num 2
21 8 0
32 12 0
Net_id 114
pin_num 2
6 23 0
27 28 0
Net_id 115
pin_num 2
13 24 0
21 24 0
Net_id 116
pin_num 2
18 5 0
23 2 0
Net_id 117
pin_num 2
38 2 0
27 14 0
Net_id 118
pin_num 2
28 8 0
21 6 0
Net_id 119
pin_num 2
54 17 0
52 14 0
Net_id 120
pin_num 2
47 44 0
40 44 0
Net_id 121
pin_num 2
48 59 0
56 47 0
Net_id 122
pin_num 2
23 37 0
17 22 0
Net_id 123
pin_num 2
42 26 0
36 53 0
Net_id 124
pin_num 2
55 55 0
51 54 0
Net_id 125
pin_num 2
0 27 0
2 29 0
Net_id 126
pin_num 2
9 18 0
5 46 0
Net_id 127
pin_num 2
38 9 0
44 2 0
Net_id 128
pin_num 2
0 17 0
13 2 0
Net_id 129
pin_num 2
43 58 0
36 45 0
Net_id 130
pin_num 2
35 24 0
40 14 0
Net_id 131
pin_num 2
6 59 0
26 46 0
Net_id 132
pin_num 2
39 44 0
45 59 0
Net_id 133
pin_num 2
36 36 0
46 48 0
Net_id 134
pin_num 2
44 16 0
45 0 0
Net_id 135
pin_num 2
45 3 0
41 28 0
Net_id 136
pin_num 2
12 9 0
20 9 0
Net_id 137
pin_num 2
3 30 0
9 24 0
Net_id 138
pin_num 2
4 23 0
3 41 0
Net_id 139
pin_num 2
30 0 0
19 19 0
Net_id 140
pin_num 2
27 17 0
56 25 0
Net_id 141
pin_num 2
44 30 0
36 55 0
Net_id 142
pin_num 2
55 32 0
55 56 0
Net_id 143
pin_num 2
46 19 0
39 22 0
Net_id 144
pin_num 2
28 57 0
29 36 0
Net_id 145
pin_num 2
2 13 0
2 15 0
Net_id 146
pin_num 2
23 17 0
26 13 0
Net_id 147
pin_num 2
39 3 0
46 8 0
Net_id 148
pin_num 2
55 14 0
52 9 0
Net_id 149
pin_num 2
17 48 0
9 59 0
Net_id 150
pin_num 2
36 20 0
43 57 0
Net_id 151
pin_num 2
50 24 0
49 23 0
Net_id 152
pin_num 2
1 21 0
15 15 0
Net_id 153
pin_num 2
0 53 0
6 58 0
Net_id 154
pin_num 2
41 23 0
57 39 0
Net_id 155
pin_num 2
35 6 0
43 14 0
Net_id 156
pin_num 2
58 43 0
46 57 0
Net_id 157
pin_num 2
47 30 0
57 40 0
Net_id 158
pin_num 2
42 43 0
22 36 0
Net_id 159
pin_num 2
22 3 0
26 14 0
