Width 60
Height 60
Layer 6
Total_WL 6823
Obstacle_num 144
40 50 0 47 51 0
26 25 0 34 26 0
17 54 0 20 55 0
33 21 0 40 22 0
43 25 0 47 26 0
14 28 0 18 29 0
0 14 0 6 15 0
7 47 0 11 48 0
40 0 0 47 1 0
54 2 0 59 3 0
50 57 0 53 58 0
37 14 0 44 15 0
9 40 0 18 41 0
39 9 0 47 10 0
23 58 0 32 59 0
6 32 0 16 33 0
23 36 0 32 37 0
44 57 0 47 58 0
0 56 0 10 57 0
48 6 0 56 7 0
24 29 0 34 30 0
21 39 0 25 40 0
22 22 0 27 23 0
15 10 0 19 11 0
13 45 1 14 50 1
47 25 1 48 35 1
6 12 1 7 22 1
21 20 1 22 25 1
54 1 1 55 11 1
32 47 1 33 51 1
58 30 1 59 34 1
26 39 1 27 49 1
27 32 1 28 39 1
22 39 1 23 42 1
9 29 1 10 38 1
10 4 1 11 9 1
37 15 1 38 25 1
39 40 1 40 45 1
23 27 1 24 32 1
51 46 1 52 56 1
33 47 1 34 50 1
35 10 1 36 13 1
50 19 1 51 22 1
29 21 1 30 26 1
51 2 1 52 6 1
35 31 1 36 39 1
5 17 1 6 25 1
8 22 1 9 28 1
46 46 2 54 47 2
39 56 2 46 57 2
46 40 2 55 41 2
45 34 2 49 35 2
22 51 2 32 52 2
52 29 2 55 30 2
19 5 2 23 6 2
42 53 2 48 54 2
45 50 2 53 51 2
3 30 2 8 31 2
43 19 2 53 20 2
18 12 2 27 13 2
28 35 2 32 36 2
21 18 2 25 19 2
23 53 2 32 54 2
0 6 2 8 7 2
34 54 2 39 55 2
7 27 2 10 28 2
3 10 2 11 11 2
36 35 2 45 36 2
35 13 2 42 14 2
37 9 2 41 10 2
27 27 2 37 28 2
47 6 2 55 7 2
43 33 3 44 43 3
49 44 3 50 54 3
50 42 3 51 49 3
0 8 3 1 15 3
15 21 3 16 29 3
42 48 3 43 57 3
4 32 3 5 39 3
31 19 3 32 26 3
46 8 3 47 18 3
7 13 3 8 23 3
13 41 3 14 46 3
52 32 3 53 38 3
45 36 3 46 43 3
0 46 3 1 49 3
31 30 3 32 35 3
22 49 3 23 57 3
43 6 3 44 10 3
17 24 3 18 32 3
54 10 3 55 20 3
53 43 3 54 51 3
53 16 3 54 20 3
48 43 3 49 52 3
0 16 3 1 24 3
0 2 3 1 5 3
45 21 4 54 22 4
41 14 4 45 15 4
55 41 4 58 42 4
29 0 4 39 1 4
1 35 4 11 36 4
50 24 4 56 25 4
6 6 4 12 7 4
45 23 4 54 24 4
26 10 4 36 11 4
35 32 4 40 33 4
28 40 4 31 41 4
7 29 4 10 30 4
4 3 4 13 4 4
25 53 4 31 54 4
4 34 4 10 35 4
17 16 4 22 17 4
22 16 4 29 17 4
28 30 4 35 31 4
26 51 4 29 52 4
50 32 4 57 33 4
42 46 4 49 47 4
32 22 4 36 23 4
23 11 4 33 12 4
42 24 4 45 25 4
32 26 5 33 31 5
52 39 5 53 45 5
1 22 5 2 28 5
39 1 5 40 11 5
55 16 5 56 26 5
21 20 5 22 30 5
19 27 5 20 35 5
0 33 5 1 40 5
20 30 5 21 36 5
20 23 5 21 29 5
18 15 5 19 18 5
7 26 5 8 35 5
22 40 5 23 49 5
37 0 5 38 9 5
49 42 5 50 52 5
57 30 5 58 33 5
10 25 5 11 35 5
29 0 5 30 6 5
40 47 5 41 51 5
36 44 5 37 54 5
30 17 5 31 25 5
16 47 5 17 52 5
34 8 5 35 13 5
22 0 5 23 8 5
Net_num 158
Net_id 0
pin_num 5
46 39 0
41 46 0
52 43 0
59 44 0
50 59 0
Net_id 1
pin_num 5
12 5 0
16 11 0
14 9 0
7 5 0
2 8 0
Net_id 2
pin_num 5
42 48 0
54 48 0
59 59 0
58 44 0
41 58 0
Net_id 3
pin_num 5
45 28 0
48 17 0
25 21 0
42 40 0
59 18 0
Net_id 4
pin_num 5
17 58 0
18 59 0
18 38 0
12 49 0
21 40 0
Net_id 5
pin_num 5
28 46 0
28 41 0
18 46 0
8 42 0
3 42 0
Net_id 6
pin_num 5
28 35 0
30 28 0
36 26 0
39 33 0
36 51 0
Net_id 7
pin_num 5
58 16 0
41 17 0
57 12 0
52 24 0
44 12 0
Net_id 8
pin_num 5
31 55 0
27 55 0
30 52 0
53 55 0
37 36 0
Net_id 9
pin_num 5
35 37 0
49 35 0
40 56 0
43 47 0
46 38 0
Net_id 10
pin_num 5
54 51 0
55 53 0
41 52 0
39 52 0
43 35 0
Net_id 11
pin_num 5
5 49 0
10 41 0
29 46 0
14 57 0
10 51 0
Net_id 12
pin_num 5
23 34 0
17 41 0
19 50 0
21 55 0
27 43 0
Net_id 13
pin_num 5
23 3 0
27 12 0
48 11 0
30 0 0
13 12 0
Net_id 14
pin_num 5
16 45 0
6 45 0
15 54 0
14 33 0
28 38 0
Net_id 15
pin_num 5
46 47 0
44 53 0
49 51 0
30 57 0
31 48 0
Net_id 16
pin_num 5
9 34 0
0 30 0
1 24 0
15 29 0
0 36 0
Net_id 17
pin_num 5
35 43 0
48 43 0
49 37 0
47 47 0
40 58 0
Net_id 18
pin_num 5
57 34 0
59 26 0
44 28 0
53 50 0
57 33 0
Net_id 19
pin_num 5
38 12 0
30 13 0
34 32 0
30 17 0
22 16 0
Net_id 20
pin_num 4
5 41 0
20 38 0
8 31 0
5 37 0
Net_id 21
pin_num 4
24 6 0
13 0 0
29 10 0
20 21 0
Net_id 22
pin_num 4
52 35 0
55 37 0
53 23 0
58 12 0
Net_id 23
pin_num 4
12 7 0
7 9 0
0 11 0
11 15 0
Net_id 24
pin_num 4
52 59 0
46 51 0
59 48 0
43 59 0
Net_id 25
pin_num 4
47 34 0
56 38 0
57 57 0
59 19 0
Net_id 26
pin_num 4
41 19 0
26 17 0
44 20 0
41 37 0
Net_id 27
pin_num 4
42 3 0
52 3 0
58 3 0
52 26 0
Net_id 28
pin_num 4
48 38 0
51 41 0
49 50 0
55 42 0
Net_id 29
pin_num 4
18 18 0
15 23 0
0 19 0
3 38 0
Net_id 30
pin_num 4
28 21 0
20 32 0
0 29 0
3 43 0
Net_id 31
pin_num 4
22 4 0
30 4 0
1 4 0
20 0 0
Net_id 32
pin_num 4
19 23 0
9 43 0
11 20 0
11 39 0
Net_id 33
pin_num 4
7 23 0
13 26 0
12 34 0
31 31 0
Net_id 34
pin_num 4
14 8 0
31 8 0
24 23 0
22 20 0
Net_id 35
pin_num 4
48 12 0
38 16 0
37 15 0
45 1 0
Net_id 36
pin_num 4
26 15 0
6 23 0
27 22 0
35 22 0
Net_id 37
pin_num 4
30 43 0
25 56 0
47 45 0
59 49 0
Net_id 38
pin_num 3
29 22 0
33 17 0
33 41 0
Net_id 39
pin_num 3
12 35 0
30 23 0
46 31 0
Net_id 40
pin_num 3
46 8 0
46 20 0
59 12 0
Net_id 41
pin_num 3
26 12 0
19 2 0
7 0 0
Net_id 42
pin_num 3
47 37 0
49 24 0
45 33 0
Net_id 43
pin_num 3
10 18 0
6 6 0
1 15 0
Net_id 44
pin_num 3
20 10 0
6 5 0
43 8 0
Net_id 45
pin_num 3
20 52 0
29 47 0
30 59 0
Net_id 46
pin_num 3
41 26 0
45 14 0
57 17 0
Net_id 47
pin_num 3
4 58 0
2 47 0
2 25 0
Net_id 48
pin_num 3
59 20 0
52 31 0
59 7 0
Net_id 49
pin_num 3
36 18 0
47 17 0
47 0 0
Net_id 50
pin_num 3
32 47 0
31 42 0
19 59 0
Net_id 51
pin_num 3
39 12 0
43 10 0
59 1 0
Net_id 52
pin_num 3
47 32 0
35 28 0
51 8 0
Net_id 53
pin_num 3
14 37 0
7 28 0
16 59 0
Net_id 54
pin_num 3
13 53 0
28 57 0
55 54 0
Net_id 55
pin_num 3
37 56 0
41 49 0
34 47 0
Net_id 56
pin_num 3
15 7 0
4 5 0
2 2 0
Net_id 57
pin_num 3
13 27 0
24 7 0
4 27 0
Net_id 58
pin_num 3
13 28 0
1 36 0
27 20 0
Net_id 59
pin_num 3
14 58 0
0 59 0
1 49 0
Net_id 60
pin_num 3
21 44 0
16 55 0
0 55 0
Net_id 61
pin_num 3
5 35 0
15 37 0
6 28 0
Net_id 62
pin_num 3
49 11 0
49 8 0
58 29 0
Net_id 63
pin_num 3
6 12 0
10 20 0
17 7 0
Net_id 64
pin_num 3
59 11 0
51 13 0
39 4 0
Net_id 65
pin_num 3
24 10 0
7 26 0
18 28 0
Net_id 66
pin_num 3
28 53 0
23 59 0
25 32 0
Net_id 67
pin_num 3
26 44 0
17 44 0
20 14 0
Net_id 68
pin_num 3
26 41 0
31 28 0
19 11 0
Net_id 69
pin_num 3
36 39 0
41 59 0
59 54 0
Net_id 70
pin_num 3
9 55 0
0 44 0
5 36 0
Net_id 71
pin_num 3
27 14 0
42 19 0
27 16 0
Net_id 72
pin_num 3
4 41 0
12 47 0
40 34 0
Net_id 73
pin_num 3
8 44 0
11 47 0
42 44 0
Net_id 74
pin_num 3
30 3 0
17 5 0
49 31 0
Net_id 75
pin_num 3
30 24 0
45 24 0
59 50 0
Net_id 76
pin_num 3
1 16 0
18 11 0
31 4 0
Net_id 77
pin_num 3
48 36 0
53 51 0
57 26 0
Net_id 78
pin_num 3
6 39 0
15 43 0
16 21 0
Net_id 79
pin_num 2
49 23 0
31 23 0
Net_id 80
pin_num 2
7 57 0
19 52 0
Net_id 81
pin_num 2
42 46 0
50 27 0
Net_id 82
pin_num 2
10 38 0
5 38 0
Net_id 83
pin_num 2
16 25 0
6 44 0
Net_id 84
pin_num 2
40 27 0
20 25 0
Net_id 85
pin_num 2
20 55 0
26 34 0
Net_id 86
pin_num 2
59 39 0
48 49 0
Net_id 87
pin_num 2
48 22 0
57 18 0
Net_id 88
pin_num 2
0 28 0
4 22 0
Net_id 89
pin_num 2
51 45 0
57 47 0
Net_id 90
pin_num 2
12 56 0
5 39 0
Net_id 91
pin_num 2
57 1 0
55 33 0
Net_id 92
pin_num 2
40 31 0
55 46 0
Net_id 93
pin_num 2
5 33 0
1 18 0
Net_id 94
pin_num 2
13 24 0
17 39 0
Net_id 95
pin_num 2
18 48 0
35 58 0
Net_id 96
pin_num 2
43 40 0
55 50 0
Net_id 97
pin_num 2
37 11 0
48 0 0
Net_id 98
pin_num 2
15 36 0
30 7 0
Net_id 99
pin_num 2
18 36 0
24 34 0
Net_id 100
pin_num 2
27 40 0
32 35 0
Net_id 101
pin_num 2
22 18 0
10 0 0
Net_id 102
pin_num 2
54 10 0
58 6 0
Net_id 103
pin_num 2
52 40 0
53 41 0
Net_id 104
pin_num 2
38 50 0
53 59 0
Net_id 105
pin_num 2
52 53 0
45 51 0
Net_id 106
pin_num 2
54 28 0
43 13 0
Net_id 107
pin_num 2
34 50 0
35 59 0
Net_id 108
pin_num 2
48 19 0
58 5 0
Net_id 109
pin_num 2
38 4 0
33 4 0
Net_id 110
pin_num 2
2 9 0
11 17 0
Net_id 111
pin_num 2
56 9 0
57 0 0
Net_id 112
pin_num 2
33 39 0
53 56 0
Net_id 113
pin_num 2
39 6 0
46 2 0
Net_id 114
pin_num 2
29 7 0
21 3 0
Net_id 115
pin_num 2
48 1 0
53 53 0
Net_id 116
pin_num 2
51 33 0
59 38 0
Net_id 117
pin_num 2
11 42 0
16 54 0
Net_id 118
pin_num 2
31 18 0
17 3 0
Net_id 119
pin_num 2
9 17 0
10 19 0
Net_id 120
pin_num 2
48 8 0
41 3 0
Net_id 121
pin_num 2
42 36 0
31 9 0
Net_id 122
pin_num 2
57 53 0
55 47 0
Net_id 123
pin_num 2
9 26 0
13 33 0
Net_id 124
pin_num 2
59 17 0
55 13 0
Net_id 125
pin_num 2
23 1 0
37 13 0
Net_id 126
pin_num 2
22 9 0
31 20 0
Net_id 127
pin_num 2
1 2 0
5 5 0
Net_id 128
pin_num 2
24 28 0
35 30 0
Net_id 129
pin_num 2
38 38 0
20 24 0
Net_id 130
pin_num 2
52 8 0
49 17 0
Net_id 131
pin_num 2
33 0 0
59 5 0
Net_id 132
pin_num 2
14 43 0
0 47 0
Net_id 133
pin_num 2
54 47 0
39 58 0
Net_id 134
pin_num 2
22 0 0
35 1 0
Net_id 135
pin_num 2
34 6 0
22 2 0
Net_id 136
pin_num 2
48 9 0
59 6 0
Net_id 137
pin_num 2
32 17 0
32 13 0
Net_id 138
pin_num 2
16 41 0
2 22 0
Net_id 139
pin_num 2
46 42 0
31 49 0
Net_id 140
pin_num 2
26 32 0
32 31 0
Net_id 141
pin_num 2
11 9 0
17 11 0
Net_id 142
pin_num 2
55 59 0
45 49 0
Net_id 143
pin_num 2
51 17 0
55 15 0
Net_id 144
pin_num 2
14 6 0
21 9 0
Net_id 145
pin_num 2
36 7 0
39 8 0
Net_id 146
pin_num 2
24 37 0
18 37 0
Net_id 147
pin_num 2
21 38 0
35 25 0
Net_id 148
pin_num 2
5 13 0
9 11 0
Net_id 149
pin_num 2
19 26 0
9 22 0
Net_id 150
pin_num 2
42 17 0
46 26 0
Net_id 151
pin_num 2
12 2 0
13 15 0
Net_id 152
pin_num 2
3 36 0
12 20 0
Net_id 153
pin_num 2
6 30 0
0 41 0
Net_id 154
pin_num 2
6 25 0
8 2 0
Net_id 155
pin_num 2
32 40 0
27 39 0
Net_id 156
pin_num 2
39 40 0
3 20 0
Net_id 157
pin_num 2
8 35 0
24 41 0
