Width 60
Height 60
Layer 6
Total_WL 6825
Obstacle_num 144
5 20 0 12 21 0
14 0 0 24 1 0
32 23 0 36 24 0
11 13 0 19 14 0
47 44 0 50 45 0
25 32 0 31 33 0
53 1 0 59 2 0
38 41 0 42 42 0
9 41 0 12 42 0
26 10 0 34 11 0
33 49 0 41 50 0
44 23 0 54 24 0
26 24 0 30 25 0
36 14 0 41 15 0
13 4 0 18 5 0
34 40 0 40 41 0
10 46 0 20 47 0
46 11 0 53 12 0
18 26 0 23 27 0
38 51 0 42 52 0
42 13 0 49 14 0
41 3 0 47 4 0
42 52 0 48 53 0
42 21 0 49 22 0
26 27 1 27 35 1
25 12 1 26 15 1
25 0 1 26 10 1
1 35 1 2 40 1
14 0 1 15 10 1
34 3 1 35 7 1
44 42 1 45 45 1
5 19 1 6 28 1
2 27 1 3 37 1
58 26 1 59 32 1
41 40 1 42 50 1
12 14 1 13 24 1
56 12 1 57 17 1
23 1 1 24 6 1
15 0 1 16 5 1
39 40 1 40 47 1
50 41 1 51 51 1
10 35 1 11 45 1
17 30 1 18 38 1
22 35 1 23 41 1
0 18 1 1 27 1
53 20 1 54 26 1
56 23 1 57 30 1
49 41 1 50 45 1
13 8 2 20 9 2
26 19 2 30 20 2
9 25 2 14 26 2
15 9 2 25 10 2
8 23 2 12 24 2
31 15 2 39 16 2
5 6 2 8 7 2
19 24 2 26 25 2
19 47 2 26 48 2
36 30 2 44 31 2
4 15 2 13 16 2
8 45 2 18 46 2
7 18 2 17 19 2
34 20 2 38 21 2
4 26 2 9 27 2
44 46 2 48 47 2
12 16 2 16 17 2
36 40 2 43 41 2
1 24 2 5 25 2
8 12 2 16 13 2
39 1 2 45 2 2
21 8 2 31 9 2
12 21 2 22 22 2
19 38 2 23 39 2
5 0 3 6 5 3
4 45 3 5 48 3
25 54 3 26 59 3
14 4 3 15 9 3
39 4 3 40 9 3
0 44 3 1 49 3
5 38 3 6 42 3
1 8 3 2 12 3
47 48 3 48 55 3
7 27 3 8 37 3
17 46 3 18 56 3
33 8 3 34 18 3
25 8 3 26 18 3
47 7 3 48 12 3
18 43 3 19 53 3
6 16 3 7 25 3
36 48 3 37 51 3
9 20 3 10 27 3
19 25 3 20 30 3
7 19 3 8 24 3
45 30 3 46 38 3
4 34 3 5 37 3
13 56 3 14 59 3
47 14 3 48 24 3
18 14 4 22 15 4
29 52 4 36 53 4
14 9 4 17 10 4
13 32 4 23 33 4
24 27 4 33 28 4
36 42 4 44 43 4
1 54 4 8 55 4
44 26 4 47 27 4
1 33 4 8 34 4
19 6 4 26 7 4
50 28 4 53 29 4
5 58 4 10 59 4
53 25 4 58 26 4
14 42 4 21 43 4
32 29 4 35 30 4
48 47 4 53 48 4
30 58 4 36 59 4
0 25 4 5 26 4
17 7 4 23 8 4
46 56 4 56 57 4
19 8 4 25 9 4
49 15 4 54 16 4
11 7 4 15 8 4
46 49 4 51 50 4
41 9 5 42 16 5
34 16 5 35 24 5
57 10 5 58 17 5
15 9 5 16 16 5
23 42 5 24 46 5
29 32 5 30 40 5
34 0 5 35 5 5
20 46 5 21 53 5
7 9 5 8 18 5
34 53 5 35 56 5
6 50 5 7 54 5
33 20 5 34 26 5
46 21 5 47 27 5
39 34 5 40 40 5
39 49 5 40 58 5
37 23 5 38 29 5
0 12 5 1 16 5
52 50 5 53 59 5
7 29 5 8 39 5
24 51 5 25 57 5
6 42 5 7 48 5
28 56 5 29 59 5
17 27 5 18 31 5
42 4 5 43 8 5
Net_num 160
Net_id 0
pin_num 5
31 5 0
44 7 0
39 23 0
30 12 0
38 28 0
Net_id 1
pin_num 5
42 28 0
38 38 0
45 33 0
20 33 0
39 29 0
Net_id 2
pin_num 5
9 46 0
0 36 0
4 39 0
5 44 0
0 49 0
Net_id 3
pin_num 5
52 14 0
59 0 0
46 8 0
49 7 0
58 5 0
Net_id 4
pin_num 5
48 34 0
57 29 0
59 22 0
30 34 0
19 33 0
Net_id 5
pin_num 5
13 11 0
6 7 0
7 1 0
19 5 0
10 0 0
Net_id 6
pin_num 5
21 3 0
22 6 0
30 6 0
31 0 0
31 8 0
Net_id 7
pin_num 5
8 21 0
26 22 0
25 30 0
13 30 0
5 24 0
Net_id 8
pin_num 5
1 52 0
3 51 0
3 59 0
7 59 0
8 59 0
Net_id 9
pin_num 5
31 18 0
9 17 0
10 6 0
16 8 0
11 14 0
Net_id 10
pin_num 5
31 32 0
35 32 0
41 32 0
33 28 0
40 37 0
Net_id 11
pin_num 5
8 57 0
5 59 0
21 57 0
15 59 0
0 50 0
Net_id 12
pin_num 5
58 52 0
59 55 0
44 59 0
44 53 0
32 54 0
Net_id 13
pin_num 5
20 39 0
18 38 0
19 36 0
0 38 0
17 39 0
Net_id 14
pin_num 5
33 19 0
24 15 0
28 25 0
28 4 0
32 22 0
Net_id 15
pin_num 5
44 38 0
32 31 0
47 31 0
57 31 0
36 41 0
Net_id 16
pin_num 5
24 52 0
33 51 0
37 51 0
37 59 0
29 58 0
Net_id 17
pin_num 5
25 46 0
30 46 0
28 53 0
28 59 0
41 58 0
Net_id 18
pin_num 5
52 54 0
58 42 0
59 39 0
59 25 0
59 28 0
Net_id 19
pin_num 5
55 58 0
58 59 0
58 51 0
47 45 0
42 48 0
Net_id 20
pin_num 4
38 5 0
47 10 0
45 24 0
24 0 0
Net_id 21
pin_num 4
39 28 0
52 22 0
36 22 0
26 23 0
Net_id 22
pin_num 4
33 4 0
41 0 0
59 15 0
43 11 0
Net_id 23
pin_num 4
6 26 0
1 31 0
17 17 0
16 31 0
Net_id 24
pin_num 4
51 55 0
53 44 0
43 59 0
43 42 0
Net_id 25
pin_num 4
42 12 0
57 20 0
54 28 0
55 19 0
Net_id 26
pin_num 4
55 16 0
56 17 0
42 17 0
32 9 0
Net_id 27
pin_num 4
8 58 0
6 56 0
6 39 0
20 51 0
Net_id 28
pin_num 4
16 36 0
5 34 0
14 20 0
0 30 0
Net_id 29
pin_num 4
20 43 0
5 42 0
11 28 0
27 39 0
Net_id 30
pin_num 4
44 42 0
55 38 0
47 20 0
31 25 0
Net_id 31
pin_num 4
23 40 0
1 40 0
16 55 0
13 31 0
Net_id 32
pin_num 4
33 7 0
44 4 0
40 18 0
35 22 0
Net_id 33
pin_num 4
9 29 0
19 22 0
28 28 0
25 19 0
Net_id 34
pin_num 4
48 1 0
58 2 0
56 7 0
45 0 0
Net_id 35
pin_num 4
39 17 0
42 19 0
42 42 0
35 28 0
Net_id 36
pin_num 4
33 44 0
15 50 0
8 56 0
8 41 0
Net_id 37
pin_num 4
54 22 0
56 21 0
56 40 0
44 40 0
Net_id 38
pin_num 4
10 34 0
21 34 0
15 49 0
30 43 0
Net_id 39
pin_num 4
58 35 0
48 25 0
48 35 0
43 23 0
Net_id 40
pin_num 3
3 5 0
0 0 0
6 0 0
Net_id 41
pin_num 3
48 19 0
51 14 0
58 40 0
Net_id 42
pin_num 3
19 48 0
28 30 0
26 53 0
Net_id 43
pin_num 3
27 29 0
43 37 0
29 17 0
Net_id 44
pin_num 3
48 9 0
58 15 0
42 2 0
Net_id 45
pin_num 3
20 3 0
8 10 0
20 13 0
Net_id 46
pin_num 3
24 3 0
47 3 0
44 10 0
Net_id 47
pin_num 3
35 27 0
20 27 0
48 26 0
Net_id 48
pin_num 3
12 47 0
21 35 0
0 39 0
Net_id 49
pin_num 3
6 5 0
0 27 0
8 28 0
Net_id 50
pin_num 3
12 5 0
19 1 0
37 3 0
Net_id 51
pin_num 3
16 58 0
9 56 0
24 44 0
Net_id 52
pin_num 3
29 16 0
6 28 0
8 30 0
Net_id 53
pin_num 3
12 41 0
3 53 0
30 41 0
Net_id 54
pin_num 3
1 1 0
11 17 0
9 2 0
Net_id 55
pin_num 3
19 44 0
22 51 0
26 56 0
Net_id 56
pin_num 3
36 38 0
28 31 0
34 20 0
Net_id 57
pin_num 3
6 44 0
23 37 0
20 53 0
Net_id 58
pin_num 3
0 21 0
15 33 0
18 4 0
Net_id 59
pin_num 3
12 45 0
1 46 0
5 51 0
Net_id 60
pin_num 3
17 8 0
33 1 0
0 10 0
Net_id 61
pin_num 3
44 28 0
53 29 0
34 39 0
Net_id 62
pin_num 3
56 52 0
57 53 0
42 59 0
Net_id 63
pin_num 3
8 13 0
2 23 0
2 39 0
Net_id 64
pin_num 3
23 10 0
13 27 0
16 32 0
Net_id 65
pin_num 3
3 19 0
16 20 0
9 25 0
Net_id 66
pin_num 3
19 25 0
18 19 0
11 47 0
Net_id 67
pin_num 3
57 41 0
46 44 0
52 49 0
Net_id 68
pin_num 3
26 50 0
11 56 0
17 54 0
Net_id 69
pin_num 3
50 21 0
54 20 0
52 16 0
Net_id 70
pin_num 3
58 37 0
45 27 0
54 2 0
Net_id 71
pin_num 3
27 35 0
11 22 0
17 1 0
Net_id 72
pin_num 3
30 53 0
29 44 0
29 31 0
Net_id 73
pin_num 3
40 57 0
37 41 0
17 59 0
Net_id 74
pin_num 3
35 20 0
44 27 0
30 4 0
Net_id 75
pin_num 3
11 0 0
17 7 0
12 32 0
Net_id 76
pin_num 3
38 42 0
26 52 0
0 40 0
Net_id 77
pin_num 3
12 50 0
5 32 0
3 55 0
Net_id 78
pin_num 3
53 53 0
50 39 0
50 29 0
Net_id 79
pin_num 2
13 56 0
23 46 0
Net_id 80
pin_num 2
25 17 0
8 39 0
Net_id 81
pin_num 2
41 18 0
58 18 0
Net_id 82
pin_num 2
30 13 0
50 20 0
Net_id 83
pin_num 2
32 46 0
31 54 0
Net_id 84
pin_num 2
41 39 0
33 46 0
Net_id 85
pin_num 2
22 2 0
9 27 0
Net_id 86
pin_num 2
57 5 0
45 2 0
Net_id 87
pin_num 2
38 36 0
20 31 0
Net_id 88
pin_num 2
46 17 0
58 21 0
Net_id 89
pin_num 2
36 2 0
59 18 0
Net_id 90
pin_num 2
52 15 0
37 17 0
Net_id 91
pin_num 2
8 32 0
9 32 0
Net_id 92
pin_num 2
28 38 0
51 20 0
Net_id 93
pin_num 2
45 32 0
31 28 0
Net_id 94
pin_num 2
15 15 0
2 9 0
Net_id 95
pin_num 2
51 52 0
45 56 0
Net_id 96
pin_num 2
58 27 0
48 7 0
Net_id 97
pin_num 2
15 9 0
19 9 0
Net_id 98
pin_num 2
35 15 0
45 4 0
Net_id 99
pin_num 2
44 11 0
43 14 0
Net_id 100
pin_num 2
41 16 0
22 20 0
Net_id 101
pin_num 2
43 36 0
33 39 0
Net_id 102
pin_num 2
23 1 0
29 1 0
Net_id 103
pin_num 2
7 10 0
20 17 0
Net_id 104
pin_num 2
14 8 0
15 16 0
Net_id 105
pin_num 2
57 23 0
50 26 0
Net_id 106
pin_num 2
0 8 0
5 13 0
Net_id 107
pin_num 2
22 8 0
41 11 0
Net_id 108
pin_num 2
17 10 0
5 12 0
Net_id 109
pin_num 2
45 38 0
54 52 0
Net_id 110
pin_num 2
46 46 0
26 54 0
Net_id 111
pin_num 2
31 47 0
56 42 0
Net_id 112
pin_num 2
22 49 0
9 34 0
Net_id 113
pin_num 2
54 33 0
36 43 0
Net_id 114
pin_num 2
47 33 0
32 40 0
Net_id 115
pin_num 2
24 28 0
17 42 0
Net_id 116
pin_num 2
35 54 0
31 42 0
Net_id 117
pin_num 2
4 23 0
3 9 0
Net_id 118
pin_num 2
44 48 0
58 47 0
Net_id 119
pin_num 2
51 39 0
57 36 0
Net_id 120
pin_num 2
39 11 0
35 4 0
Net_id 121
pin_num 2
29 37 0
36 27 0
Net_id 122
pin_num 2
32 42 0
35 48 0
Net_id 123
pin_num 2
7 22 0
19 45 0
Net_id 124
pin_num 2
33 26 0
26 36 0
Net_id 125
pin_num 2
29 22 0
18 29 0
Net_id 126
pin_num 2
49 14 0
33 20 0
Net_id 127
pin_num 2
28 50 0
36 50 0
Net_id 128
pin_num 2
18 12 0
29 9 0
Net_id 129
pin_num 2
57 15 0
40 4 0
Net_id 130
pin_num 2
30 14 0
16 33 0
Net_id 131
pin_num 2
15 11 0
44 14 0
Net_id 132
pin_num 2
49 22 0
51 34 0
Net_id 133
pin_num 2
30 5 0
18 17 0
Net_id 134
pin_num 2
22 57 0
39 53 0
Net_id 135
pin_num 2
34 21 0
40 30 0
Net_id 136
pin_num 2
47 25 0
27 21 0
Net_id 137
pin_num 2
4 12 0
1 34 0
Net_id 138
pin_num 2
57 42 0
51 26 0
Net_id 139
pin_num 2
8 14 0
5 7 0
Net_id 140
pin_num 2
18 6 0
13 17 0
Net_id 141
pin_num 2
11 52 0
1 50 0
Net_id 142
pin_num 2
35 0 0
33 2 0
Net_id 143
pin_num 2
4 33 0
13 48 0
Net_id 144
pin_num 2
34 22 0
19 4 0
Net_id 145
pin_num 2
57 8 0
37 5 0
Net_id 146
pin_num 2
30 40 0
35 53 0
Net_id 147
pin_num 2
39 42 0
46 30 0
Net_id 148
pin_num 2
24 31 0
32 20 0
Net_id 149
pin_num 2
21 25 0
47 55 0
Net_id 150
pin_num 2
2 13 0
3 0 0
Net_id 151
pin_num 2
59 23 0
52 36 0
Net_id 152
pin_num 2
24 45 0
46 32 0
Net_id 153
pin_num 2
55 7 0
35 35 0
Net_id 154
pin_num 2
53 58 0
36 44 0
Net_id 155
pin_num 2
53 11 0
57 7 0
Net_id 156
pin_num 2
6 22 0
2 15 0
Net_id 157
pin_num 2
7 29 0
10 17 0
Net_id 158
pin_num 2
25 51 0
32 53 0
Net_id 159
pin_num 2
52 33 0
36 17 0
