Width 60
Height 60
Layer 6
Total_WL 6835
Obstacle_num 144
15 9 0 24 10 0
33 15 0 38 16 0
37 29 0 44 30 0
20 42 0 23 43 0
27 47 0 30 48 0
10 45 0 19 46 0
46 8 0 50 9 0
38 31 0 45 32 0
12 41 0 22 42 0
22 43 0 25 44 0
14 33 0 24 34 0
2 30 0 9 31 0
10 54 0 14 55 0
29 49 0 38 50 0
2 31 0 12 32 0
15 16 0 19 17 0
54 1 0 58 2 0
7 39 0 11 40 0
19 28 0 28 29 0
13 47 0 19 48 0
45 41 0 53 42 0
34 3 0 41 4 0
47 15 0 51 16 0
32 24 0 40 25 0
39 25 1 40 33 1
16 55 1 17 58 1
7 28 1 8 35 1
50 17 1 51 23 1
3 11 1 4 20 1
35 9 1 36 16 1
19 45 1 20 52 1
3 40 1 4 47 1
23 30 1 24 34 1
58 40 1 59 47 1
8 52 1 9 59 1
11 12 1 12 17 1
56 46 1 57 49 1
29 26 1 30 29 1
33 47 1 34 56 1
6 24 1 7 28 1
45 39 1 46 49 1
56 52 1 57 59 1
30 31 1 31 37 1
49 49 1 50 59 1
12 10 1 13 19 1
21 42 1 22 51 1
43 40 1 44 47 1
21 2 1 22 6 1
1 5 2 11 6 2
29 5 2 33 6 2
33 37 2 41 38 2
52 45 2 59 46 2
17 29 2 24 30 2
23 49 2 32 50 2
16 10 2 20 11 2
10 22 2 19 23 2
20 1 2 23 2 2
39 42 2 43 43 2
34 5 2 39 6 2
18 21 2 25 22 2
1 12 2 10 13 2
15 31 2 21 32 2
32 21 2 39 22 2
0 44 2 6 45 2
3 54 2 7 55 2
34 19 2 38 20 2
26 4 2 32 5 2
39 6 2 46 7 2
35 36 2 39 37 2
52 2 2 57 3 2
15 27 2 18 28 2
17 45 2 22 46 2
56 12 3 57 19 3
44 54 3 45 58 3
11 46 3 12 53 3
47 12 3 48 18 3
2 3 3 3 9 3
49 30 3 50 40 3
15 36 3 16 41 3
37 34 3 38 38 3
57 44 3 58 50 3
41 34 3 42 44 3
32 18 3 33 27 3
27 30 3 28 38 3
15 8 3 16 15 3
44 12 3 45 17 3
1 47 3 2 57 3
39 32 3 40 38 3
28 45 3 29 54 3
0 24 3 1 27 3
49 11 3 50 16 3
19 22 3 20 28 3
11 36 3 12 43 3
27 15 3 28 21 3
22 7 3 23 12 3
13 4 3 14 9 3
30 4 4 33 5 4
42 26 4 51 27 4
18 27 4 23 28 4
17 5 4 20 6 4
33 7 4 43 8 4
16 53 4 25 54 4
14 31 4 24 32 4
21 7 4 27 8 4
31 18 4 40 19 4
25 21 4 34 22 4
38 16 4 48 17 4
41 35 4 45 36 4
30 39 4 38 40 4
12 52 4 18 53 4
20 22 4 27 23 4
29 47 4 39 48 4
47 21 4 55 22 4
18 9 4 23 10 4
3 1 4 6 2 4
6 24 4 12 25 4
18 16 4 26 17 4
15 13 4 20 14 4
49 51 4 52 52 4
35 8 4 44 9 4
30 14 5 31 18 5
8 36 5 9 42 5
31 23 5 32 26 5
39 11 5 40 21 5
29 27 5 30 35 5
56 0 5 57 10 5
58 44 5 59 49 5
48 44 5 49 49 5
37 28 5 38 34 5
20 18 5 21 26 5
23 13 5 24 16 5
2 10 5 3 16 5
49 23 5 50 31 5
46 37 5 47 45 5
0 27 5 1 36 5
27 21 5 28 26 5
53 39 5 54 43 5
4 38 5 5 47 5
25 35 5 26 38 5
20 9 5 21 15 5
10 37 5 11 44 5
33 43 5 34 49 5
17 32 5 18 42 5
38 3 5 39 6 5
Net_num 159
Net_id 0
pin_num 5
24 35 0
18 25 0
14 25 0
38 35 0
41 34 0
Net_id 1
pin_num 5
56 17 0
44 16 0
49 35 0
53 10 0
59 21 0
Net_id 2
pin_num 5
9 34 0
20 27 0
6 29 0
10 27 0
0 26 0
Net_id 3
pin_num 5
3 58 0
2 54 0
0 41 0
12 48 0
1 59 0
Net_id 4
pin_num 5
29 22 0
20 14 0
21 17 0
31 15 0
22 6 0
Net_id 5
pin_num 5
13 28 0
12 32 0
12 46 0
23 44 0
6 33 0
Net_id 6
pin_num 5
42 8 0
37 8 0
31 24 0
17 12 0
32 20 0
Net_id 7
pin_num 5
18 51 0
18 49 0
0 46 0
6 59 0
20 56 0
Net_id 8
pin_num 5
41 13 0
47 13 0
59 3 0
37 4 0
47 3 0
Net_id 9
pin_num 5
4 41 0
4 44 0
13 44 0
1 22 0
3 25 0
Net_id 10
pin_num 5
47 21 0
35 18 0
35 7 0
27 11 0
27 3 0
Net_id 11
pin_num 5
48 42 0
38 33 0
43 26 0
39 42 0
56 38 0
Net_id 12
pin_num 5
22 52 0
9 56 0
10 47 0
5 59 0
21 54 0
Net_id 13
pin_num 5
47 9 0
59 1 0
47 0 0
49 0 0
56 0 0
Net_id 14
pin_num 5
19 40 0
14 42 0
14 51 0
16 59 0
13 33 0
Net_id 15
pin_num 5
49 56 0
58 53 0
59 54 0
54 36 0
44 58 0
Net_id 16
pin_num 5
30 58 0
17 55 0
2 57 0
6 50 0
19 59 0
Net_id 17
pin_num 5
47 57 0
40 59 0
32 58 0
27 59 0
32 48 0
Net_id 18
pin_num 4
20 29 0
11 37 0
11 18 0
16 28 0
Net_id 19
pin_num 4
12 40 0
21 30 0
9 41 0
7 19 0
Net_id 20
pin_num 4
6 48 0
11 55 0
23 52 0
1 50 0
Net_id 21
pin_num 4
55 55 0
53 55 0
59 53 0
44 52 0
Net_id 22
pin_num 4
20 24 0
24 32 0
30 13 0
22 8 0
Net_id 23
pin_num 4
42 44 0
33 43 0
33 21 0
44 46 0
Net_id 24
pin_num 4
16 2 0
20 23 0
13 23 0
10 21 0
Net_id 25
pin_num 4
3 47 0
0 47 0
8 45 0
20 47 0
Net_id 26
pin_num 4
39 41 0
36 45 0
25 44 0
28 53 0
Net_id 27
pin_num 4
59 28 0
55 18 0
58 20 0
38 22 0
Net_id 28
pin_num 4
30 38 0
26 32 0
40 45 0
45 32 0
Net_id 29
pin_num 4
9 33 0
7 27 0
0 38 0
16 46 0
Net_id 30
pin_num 4
52 42 0
48 45 0
48 25 0
32 40 0
Net_id 31
pin_num 4
17 8 0
13 6 0
15 0 0
13 18 0
Net_id 32
pin_num 4
13 14 0
17 11 0
0 9 0
2 11 0
Net_id 33
pin_num 4
31 23 0
44 23 0
43 10 0
48 20 0
Net_id 34
pin_num 4
2 22 0
15 24 0
10 35 0
17 28 0
Net_id 35
pin_num 4
27 18 0
28 14 0
46 15 0
46 22 0
Net_id 36
pin_num 4
52 22 0
45 16 0
46 34 0
40 26 0
Net_id 37
pin_num 4
55 56 0
58 54 0
48 56 0
57 43 0
Net_id 38
pin_num 4
17 17 0
3 17 0
42 34 0
18 1 0
Net_id 39
pin_num 3
44 51 0
23 56 0
52 55 0
Net_id 40
pin_num 3
16 55 0
1 57 0
1 21 0
Net_id 41
pin_num 3
32 46 0
26 44 0
40 47 0
Net_id 42
pin_num 3
28 13 0
24 33 0
1 19 0
Net_id 43
pin_num 3
5 16 0
9 10 0
0 17 0
Net_id 44
pin_num 3
14 9 0
1 10 0
8 35 0
Net_id 45
pin_num 3
12 22 0
1 6 0
40 12 0
Net_id 46
pin_num 3
1 55 0
8 59 0
27 52 0
Net_id 47
pin_num 3
44 55 0
58 52 0
22 54 0
Net_id 48
pin_num 3
30 43 0
50 40 0
50 57 0
Net_id 49
pin_num 3
1 36 0
6 40 0
27 36 0
Net_id 50
pin_num 3
13 16 0
20 0 0
31 0 0
Net_id 51
pin_num 3
36 5 0
55 11 0
45 19 0
Net_id 52
pin_num 3
2 24 0
7 10 0
0 18 0
Net_id 53
pin_num 3
42 0 0
28 5 0
34 12 0
Net_id 54
pin_num 3
57 21 0
54 30 0
28 29 0
Net_id 55
pin_num 3
58 27 0
31 26 0
32 33 0
Net_id 56
pin_num 3
30 54 0
10 41 0
22 47 0
Net_id 57
pin_num 3
48 4 0
57 31 0
59 15 0
Net_id 58
pin_num 3
16 6 0
10 7 0
2 0 0
Net_id 59
pin_num 3
31 13 0
43 8 0
1 11 0
Net_id 60
pin_num 3
48 10 0
33 5 0
32 14 0
Net_id 61
pin_num 3
27 15 0
23 12 0
31 17 0
Net_id 62
pin_num 3
3 59 0
2 50 0
12 51 0
Net_id 63
pin_num 3
23 13 0
1 4 0
17 24 0
Net_id 64
pin_num 3
38 54 0
37 38 0
10 40 0
Net_id 65
pin_num 3
25 40 0
17 32 0
16 32 0
Net_id 66
pin_num 3
14 39 0
2 53 0
13 43 0
Net_id 67
pin_num 3
32 32 0
21 23 0
40 25 0
Net_id 68
pin_num 3
33 57 0
52 57 0
26 59 0
Net_id 69
pin_num 3
47 40 0
59 37 0
26 37 0
Net_id 70
pin_num 3
18 54 0
7 43 0
18 35 0
Net_id 71
pin_num 3
56 53 0
44 50 0
57 57 0
Net_id 72
pin_num 3
2 37 0
15 39 0
40 39 0
Net_id 73
pin_num 3
23 34 0
10 26 0
40 38 0
Net_id 74
pin_num 3
54 40 0
58 50 0
47 51 0
Net_id 75
pin_num 3
6 14 0
10 10 0
4 47 0
Net_id 76
pin_num 3
31 48 0
20 35 0
37 59 0
Net_id 77
pin_num 3
56 39 0
55 39 0
53 40 0
Net_id 78
pin_num 3
9 52 0
17 48 0
48 57 0
Net_id 79
pin_num 2
22 25 0
38 2 0
Net_id 80
pin_num 2
56 34 0
44 41 0
Net_id 81
pin_num 2
24 2 0
17 5 0
Net_id 82
pin_num 2
9 42 0
4 21 0
Net_id 83
pin_num 2
30 20 0
50 24 0
Net_id 84
pin_num 2
49 10 0
57 12 0
Net_id 85
pin_num 2
40 4 0
44 5 0
Net_id 86
pin_num 2
0 19 0
18 37 0
Net_id 87
pin_num 2
52 20 0
38 18 0
Net_id 88
pin_num 2
48 23 0
54 23 0
Net_id 89
pin_num 2
28 31 0
31 38 0
Net_id 90
pin_num 2
55 6 0
42 11 0
Net_id 91
pin_num 2
36 1 0
31 14 0
Net_id 92
pin_num 2
4 40 0
4 27 0
Net_id 93
pin_num 2
25 50 0
30 50 0
Net_id 94
pin_num 2
39 10 0
30 5 0
Net_id 95
pin_num 2
50 12 0
18 18 0
Net_id 96
pin_num 2
54 54 0
43 54 0
Net_id 97
pin_num 2
31 57 0
37 55 0
Net_id 98
pin_num 2
20 18 0
30 30 0
Net_id 99
pin_num 2
59 16 0
37 22 0
Net_id 100
pin_num 2
13 3 0
8 1 0
Net_id 101
pin_num 2
45 52 0
22 32 0
Net_id 102
pin_num 2
2 56 0
16 24 0
Net_id 103
pin_num 2
40 36 0
44 36 0
Net_id 104
pin_num 2
40 30 0
26 26 0
Net_id 105
pin_num 2
57 36 0
57 33 0
Net_id 106
pin_num 2
20 12 0
10 0 0
Net_id 107
pin_num 2
25 6 0
26 10 0
Net_id 108
pin_num 2
45 2 0
40 13 0
Net_id 109
pin_num 2
30 31 0
29 33 0
Net_id 110
pin_num 2
10 5 0
11 5 0
Net_id 111
pin_num 2
37 27 0
56 33 0
Net_id 112
pin_num 2
1 42 0
11 8 0
Net_id 113
pin_num 2
29 27 0
17 6 0
Net_id 114
pin_num 2
39 59 0
40 55 0
Net_id 115
pin_num 2
23 31 0
13 21 0
Net_id 116
pin_num 2
56 12 0
51 15 0
Net_id 117
pin_num 2
31 54 0
34 52 0
Net_id 118
pin_num 2
39 43 0
53 39 0
Net_id 119
pin_num 2
31 47 0
42 38 0
Net_id 120
pin_num 2
40 53 0
23 50 0
Net_id 121
pin_num 2
52 24 0
57 38 0
Net_id 122
pin_num 2
2 45 0
7 45 0
Net_id 123
pin_num 2
12 28 0
1 17 0
Net_id 124
pin_num 2
21 48 0
25 56 0
Net_id 125
pin_num 2
40 49 0
46 46 0
Net_id 126
pin_num 2
45 15 0
27 21 0
Net_id 127
pin_num 2
1 38 0
9 58 0
Net_id 128
pin_num 2
19 55 0
27 38 0
Net_id 129
pin_num 2
53 25 0
53 41 0
Net_id 130
pin_num 2
31 5 0
38 7 0
Net_id 131
pin_num 2
22 30 0
32 28 0
Net_id 132
pin_num 2
39 47 0
24 37 0
Net_id 133
pin_num 2
42 52 0
51 45 0
Net_id 134
pin_num 2
44 48 0
38 43 0
Net_id 135
pin_num 2
25 51 0
5 42 0
Net_id 136
pin_num 2
32 27 0
51 44 0
Net_id 137
pin_num 2
16 0 0
24 13 0
Net_id 138
pin_num 2
18 20 0
25 19 0
Net_id 139
pin_num 2
33 41 0
51 57 0
Net_id 140
pin_num 2
22 40 0
1 8 0
Net_id 141
pin_num 2
30 53 0
39 45 0
Net_id 142
pin_num 2
8 2 0
3 4 0
Net_id 143
pin_num 2
12 5 0
30 41 0
Net_id 144
pin_num 2
7 3 0
3 1 0
Net_id 145
pin_num 2
39 28 0
41 26 0
Net_id 146
pin_num 2
21 21 0
4 4 0
Net_id 147
pin_num 2
51 47 0
55 51 0
Net_id 148
pin_num 2
29 51 0
36 55 0
Net_id 149
pin_num 2
48 31 0
58 38 0
Net_id 150
pin_num 2
44 45 0
41 52 0
Net_id 151
pin_num 2
38 56 0
56 51 0
Net_id 152
pin_num 2
49 45 0
51 46 0
Net_id 153
pin_num 2
24 15 0
14 32 0
Net_id 154
pin_num 2
50 51 0
54 35 0
Net_id 155
pin_num 2
7 6 0
18 24 0
Net_id 156
pin_num 2
10 11 0
25 7 0
Net_id 157
pin_num 2
27 33 0
26 38 0
Net_id 158
pin_num 2
44 2 0
27 10 0
