Width 60
Height 60
Layer 6
Total_WL 6675
Obstacle_num 144
40 15 0 48 16 0
46 51 0 49 52 0
18 37 0 26 38 0
24 38 0 31 39 0
51 38 0 58 39 0
38 14 0 48 15 0
20 13 0 30 14 0
8 14 0 15 15 0
1 0 0 9 1 0
46 12 0 49 13 0
37 2 0 42 3 0
12 29 0 20 30 0
17 4 0 23 5 0
40 47 0 43 48 0
6 24 0 15 25 0
30 43 0 34 44 0
29 48 0 34 49 0
33 22 0 36 23 0
18 40 0 26 41 0
49 7 0 55 8 0
43 43 0 46 44 0
20 46 0 26 47 0
20 49 0 24 50 0
8 35 0 16 36 0
47 34 1 48 40 1
43 9 1 44 18 1
45 21 1 46 25 1
16 38 1 17 42 1
34 44 1 35 51 1
20 51 1 21 59 1
41 46 1 42 54 1
44 51 1 45 58 1
49 31 1 50 37 1
12 25 1 13 28 1
24 24 1 25 28 1
41 10 1 42 13 1
31 10 1 32 15 1
7 33 1 8 38 1
13 34 1 14 38 1
49 0 1 50 7 1
46 14 1 47 23 1
5 34 1 6 38 1
28 16 1 29 23 1
15 49 1 16 54 1
29 52 1 30 57 1
27 9 1 28 18 1
31 39 1 32 45 1
4 32 1 5 37 1
32 24 2 37 25 2
10 27 2 13 28 2
45 26 2 53 27 2
5 29 2 15 30 2
28 30 2 33 31 2
44 18 2 52 19 2
16 6 2 21 7 2
1 52 2 8 53 2
15 28 2 23 29 2
25 18 2 29 19 2
20 35 2 25 36 2
16 3 2 24 4 2
3 37 2 6 38 2
50 14 2 59 15 2
36 7 2 45 8 2
1 41 2 6 42 2
9 17 2 14 18 2
34 47 2 43 48 2
30 35 2 40 36 2
32 28 2 35 29 2
27 19 2 31 20 2
15 19 2 18 20 2
43 50 2 50 51 2
44 4 2 52 5 2
8 10 3 9 14 3
37 38 3 38 47 3
27 34 3 28 40 3
13 16 3 14 19 3
22 45 3 23 48 3
40 24 3 41 29 3
31 31 3 32 39 3
10 1 3 11 6 3
20 50 3 21 57 3
39 18 3 40 23 3
53 53 3 54 59 3
10 22 3 11 26 3
48 17 3 49 25 3
15 43 3 16 53 3
20 25 3 21 30 3
23 41 3 24 46 3
34 43 3 35 53 3
2 34 3 3 44 3
44 11 3 45 19 3
55 11 3 56 17 3
44 37 3 45 44 3
6 11 3 7 15 3
36 47 3 37 57 3
10 33 3 11 36 3
37 22 4 41 23 4
16 42 4 21 43 4
39 34 4 48 35 4
31 48 4 41 49 4
41 21 4 46 22 4
16 47 4 21 48 4
13 10 4 16 11 4
28 17 4 31 18 4
19 34 4 23 35 4
24 35 4 31 36 4
27 18 4 35 19 4
45 37 4 53 38 4
42 23 4 48 24 4
16 5 4 22 6 4
2 4 4 5 5 4
36 52 4 44 53 4
7 57 4 15 58 4
27 57 4 34 58 4
18 32 4 28 33 4
9 14 4 17 15 4
49 52 4 52 53 4
46 50 4 50 51 4
19 11 4 29 12 4
38 54 4 46 55 4
16 16 5 17 19 5
40 5 5 41 11 5
41 12 5 42 21 5
11 40 5 12 49 5
57 10 5 58 18 5
46 40 5 47 43 5
12 21 5 13 29 5
4 5 5 5 15 5
44 31 5 45 38 5
20 26 5 21 32 5
57 34 5 58 43 5
8 51 5 9 57 5
31 37 5 32 45 5
38 43 5 39 48 5
58 34 5 59 41 5
21 45 5 22 51 5
37 29 5 38 36 5
8 17 5 9 23 5
11 30 5 12 36 5
51 5 5 52 11 5
47 47 5 48 54 5
44 23 5 45 26 5
18 35 5 19 40 5
40 12 5 41 18 5
Net_num 160
Net_id 0
pin_num 5
9 57 0
15 44 0
15 48 0
11 44 0
3 55 0
Net_id 1
pin_num 5
16 11 0
29 15 0
39 8 0
19 14 0
32 20 0
Net_id 2
pin_num 5
35 45 0
43 46 0
24 45 0
26 27 0
35 28 0
Net_id 3
pin_num 5
6 57 0
7 58 0
27 59 0
13 52 0
7 50 0
Net_id 4
pin_num 5
42 30 0
49 38 0
47 13 0
44 26 0
47 8 0
Net_id 5
pin_num 5
45 19 0
55 19 0
50 2 0
52 24 0
30 0 0
Net_id 6
pin_num 5
48 43 0
41 41 0
45 38 0
33 41 0
34 59 0
Net_id 7
pin_num 5
58 52 0
55 43 0
59 57 0
56 52 0
50 38 0
Net_id 8
pin_num 5
22 48 0
27 52 0
23 36 0
26 58 0
16 45 0
Net_id 9
pin_num 5
24 33 0
28 31 0
27 39 0
45 39 0
48 32 0
Net_id 10
pin_num 5
9 0 0
11 7 0
5 3 0
6 4 0
15 15 0
Net_id 11
pin_num 5
4 18 0
13 7 0
12 2 0
14 0 0
0 12 0
Net_id 12
pin_num 5
24 31 0
14 23 0
14 38 0
8 37 0
20 12 0
Net_id 13
pin_num 5
46 25 0
42 23 0
29 18 0
30 22 0
32 23 0
Net_id 14
pin_num 5
5 57 0
0 46 0
9 46 0
16 49 0
12 42 0
Net_id 15
pin_num 5
54 12 0
49 12 0
47 0 0
59 10 0
49 10 0
Net_id 16
pin_num 5
6 59 0
8 51 0
0 59 0
15 55 0
4 46 0
Net_id 17
pin_num 5
50 15 0
53 18 0
54 31 0
55 12 0
58 23 0
Net_id 18
pin_num 5
37 40 0
27 48 0
6 42 0
18 51 0
26 46 0
Net_id 19
pin_num 5
37 21 0
29 27 0
41 23 0
40 20 0
33 3 0
Net_id 20
pin_num 5
40 30 0
31 30 0
32 41 0
50 32 0
15 24 0
Net_id 21
pin_num 4
25 16 0
35 16 0
18 16 0
19 28 0
Net_id 22
pin_num 4
10 16 0
3 8 0
8 13 0
17 13 0
Net_id 23
pin_num 4
30 26 0
47 23 0
13 26 0
29 19 0
Net_id 24
pin_num 4
41 11 0
38 19 0
30 17 0
38 42 0
Net_id 25
pin_num 4
6 45 0
8 40 0
24 50 0
25 49 0
Net_id 26
pin_num 4
9 42 0
19 49 0
17 53 0
28 59 0
Net_id 27
pin_num 4
32 17 0
30 14 0
31 25 0
37 18 0
Net_id 28
pin_num 4
28 1 0
23 8 0
35 5 0
43 0 0
Net_id 29
pin_num 4
12 1 0
19 2 0
17 6 0
6 12 0
Net_id 30
pin_num 4
36 37 0
58 37 0
58 45 0
51 25 0
Net_id 31
pin_num 4
49 58 0
48 53 0
54 59 0
59 36 0
Net_id 32
pin_num 4
19 12 0
10 18 0
17 22 0
34 20 0
Net_id 33
pin_num 4
39 4 0
48 15 0
41 8 0
59 8 0
Net_id 34
pin_num 4
59 59 0
57 51 0
41 55 0
59 54 0
Net_id 35
pin_num 4
45 13 0
56 6 0
58 7 0
45 6 0
Net_id 36
pin_num 4
54 29 0
55 25 0
53 16 0
41 26 0
Net_id 37
pin_num 4
40 23 0
31 28 0
31 9 0
37 24 0
Net_id 38
pin_num 4
49 43 0
51 39 0
30 42 0
17 40 0
Net_id 39
pin_num 4
28 12 0
16 8 0
23 0 0
7 9 0
Net_id 40
pin_num 4
34 47 0
39 50 0
48 50 0
50 57 0
Net_id 41
pin_num 3
29 12 0
36 12 0
46 23 0
Net_id 42
pin_num 3
30 25 0
15 21 0
14 30 0
Net_id 43
pin_num 3
48 38 0
40 51 0
43 44 0
Net_id 44
pin_num 3
11 30 0
5 30 0
1 14 0
Net_id 45
pin_num 3
49 42 0
57 45 0
54 44 0
Net_id 46
pin_num 3
49 26 0
57 35 0
48 35 0
Net_id 47
pin_num 3
37 10 0
56 16 0
46 0 0
Net_id 48
pin_num 3
37 54 0
49 44 0
42 38 0
Net_id 49
pin_num 3
13 5 0
33 36 0
10 11 0
Net_id 50
pin_num 3
34 21 0
28 21 0
36 17 0
Net_id 51
pin_num 3
48 4 0
59 4 0
59 7 0
Net_id 52
pin_num 3
26 21 0
34 34 0
13 30 0
Net_id 53
pin_num 3
45 0 0
40 8 0
58 5 0
Net_id 54
pin_num 3
12 28 0
10 33 0
17 45 0
Net_id 55
pin_num 3
9 44 0
19 39 0
16 10 0
Net_id 56
pin_num 3
46 57 0
31 52 0
49 41 0
Net_id 57
pin_num 3
16 46 0
3 42 0
21 58 0
Net_id 58
pin_num 3
6 37 0
2 51 0
35 50 0
Net_id 59
pin_num 3
22 21 0
5 12 0
16 36 0
Net_id 60
pin_num 3
44 16 0
55 24 0
50 34 0
Net_id 61
pin_num 3
14 37 0
25 39 0
5 24 0
Net_id 62
pin_num 3
8 1 0
0 0 0
2 17 0
Net_id 63
pin_num 3
57 0 0
52 17 0
59 19 0
Net_id 64
pin_num 3
20 42 0
20 35 0
15 36 0
Net_id 65
pin_num 3
15 34 0
36 29 0
37 33 0
Net_id 66
pin_num 3
22 42 0
36 31 0
53 21 0
Net_id 67
pin_num 3
55 46 0
54 53 0
37 49 0
Net_id 68
pin_num 3
15 8 0
1 4 0
0 25 0
Net_id 69
pin_num 3
1 10 0
8 11 0
13 9 0
Net_id 70
pin_num 3
50 23 0
49 27 0
57 22 0
Net_id 71
pin_num 3
3 43 0
0 33 0
19 38 0
Net_id 72
pin_num 3
13 4 0
24 0 0
29 14 0
Net_id 73
pin_num 3
47 3 0
37 3 0
43 26 0
Net_id 74
pin_num 3
10 51 0
1 56 0
6 51 0
Net_id 75
pin_num 3
1 35 0
8 25 0
17 15 0
Net_id 76
pin_num 3
45 9 0
36 4 0
59 20 0
Net_id 77
pin_num 3
57 47 0
46 58 0
39 59 0
Net_id 78
pin_num 3
2 39 0
9 39 0
13 33 0
Net_id 79
pin_num 3
44 45 0
58 57 0
52 57 0
Net_id 80
pin_num 3
37 59 0
31 51 0
38 50 0
Net_id 81
pin_num 3
10 7 0
7 11 0
6 6 0
Net_id 82
pin_num 2
31 34 0
25 31 0
Net_id 83
pin_num 2
12 22 0
1 15 0
Net_id 84
pin_num 2
16 31 0
10 9 0
Net_id 85
pin_num 2
44 33 0
54 40 0
Net_id 86
pin_num 2
22 56 0
10 39 0
Net_id 87
pin_num 2
58 34 0
33 47 0
Net_id 88
pin_num 2
52 54 0
58 41 0
Net_id 89
pin_num 2
56 35 0
57 50 0
Net_id 90
pin_num 2
4 23 0
1 9 0
Net_id 91
pin_num 2
3 50 0
3 59 0
Net_id 92
pin_num 2
24 29 0
21 32 0
Net_id 93
pin_num 2
53 56 0
41 43 0
Net_id 94
pin_num 2
17 18 0
13 18 0
Net_id 95
pin_num 2
6 23 0
18 36 0
Net_id 96
pin_num 2
13 56 0
3 34 0
Net_id 97
pin_num 2
8 56 0
24 58 0
Net_id 98
pin_num 2
14 13 0
10 12 0
Net_id 99
pin_num 2
53 30 0
55 39 0
Net_id 100
pin_num 2
20 52 0
7 42 0
Net_id 101
pin_num 2
12 43 0
29 43 0
Net_id 102
pin_num 2
15 19 0
30 36 0
Net_id 103
pin_num 2
29 0 0
21 22 0
Net_id 104
pin_num 2
10 26 0
11 34 0
Net_id 105
pin_num 2
21 10 0
9 1 0
Net_id 106
pin_num 2
9 25 0
28 35 0
Net_id 107
pin_num 2
29 3 0
32 9 0
Net_id 108
pin_num 2
51 44 0
38 56 0
Net_id 109
pin_num 2
5 50 0
11 40 0
Net_id 110
pin_num 2
45 24 0
59 22 0
Net_id 111
pin_num 2
20 17 0
39 21 0
Net_id 112
pin_num 2
4 51 0
5 54 0
Net_id 113
pin_num 2
16 55 0
25 47 0
Net_id 114
pin_num 2
6 54 0
1 38 0
Net_id 115
pin_num 2
15 39 0
20 10 0
Net_id 116
pin_num 2
8 20 0
5 4 0
Net_id 117
pin_num 2
10 37 0
35 20 0
Net_id 118
pin_num 2
16 58 0
0 40 0
Net_id 119
pin_num 2
31 38 0
35 9 0
Net_id 120
pin_num 2
9 50 0
18 56 0
Net_id 121
pin_num 2
59 30 0
41 22 0
Net_id 122
pin_num 2
13 38 0
8 29 0
Net_id 123
pin_num 2
14 49 0
5 45 0
Net_id 124
pin_num 2
31 27 0
29 30 0
Net_id 125
pin_num 2
57 44 0
47 57 0
Net_id 126
pin_num 2
7 23 0
15 38 0
Net_id 127
pin_num 2
26 7 0
35 7 0
Net_id 128
pin_num 2
2 57 0
16 53 0
Net_id 129
pin_num 2
22 0 0
16 4 0
Net_id 130
pin_num 2
13 42 0
13 39 0
Net_id 131
pin_num 2
58 35 0
52 18 0
Net_id 132
pin_num 2
4 55 0
4 59 0
Net_id 133
pin_num 2
43 24 0
47 25 0
Net_id 134
pin_num 2
4 2 0
16 9 0
Net_id 135
pin_num 2
22 33 0
11 23 0
Net_id 136
pin_num 2
4 32 0
13 11 0
Net_id 137
pin_num 2
18 47 0
20 41 0
Net_id 138
pin_num 2
42 48 0
51 45 0
Net_id 139
pin_num 2
20 56 0
6 40 0
Net_id 140
pin_num 2
39 46 0
51 5 0
Net_id 141
pin_num 2
59 13 0
25 27 0
Net_id 142
pin_num 2
50 27 0
58 36 0
Net_id 143
pin_num 2
19 6 0
16 2 0
Net_id 144
pin_num 2
18 15 0
22 15 0
Net_id 145
pin_num 2
57 32 0
53 36 0
Net_id 146
pin_num 2
47 29 0
33 31 0
Net_id 147
pin_num 2
10 20 0
6 17 0
Net_id 148
pin_num 2
43 1 0
58 6 0
Net_id 149
pin_num 2
2 21 0
11 26 0
Net_id 150
pin_num 2
47 54 0
35 49 0
Net_id 151
pin_num 2
7 56 0
11 53 0
Net_id 152
pin_num 2
44 28 0
39 36 0
Net_id 153
pin_num 2
58 11 0
36 2 0
Net_id 154
pin_num 2
59 46 0
40 58 0
Net_id 155
pin_num 2
14 39 0
5 27 0
Net_id 156
pin_num 2
46 53 0
42 53 0
Net_id 157
pin_num 2
34 38 0
33 46 0
Net_id 158
pin_num 2
57 43 0
54 41 0
Net_id 159
pin_num 2
39 13 0
26 19 0
