Width 60
Height 60
Layer 6
Total_WL 6629
Obstacle_num 144
52 15 0 58 16 0
41 48 0 50 49 0
11 43 0 19 44 0
17 26 0 21 27 0
25 44 0 28 45 0
11 9 0 15 10 0
10 25 0 15 26 0
11 27 0 18 28 0
28 8 0 35 9 0
7 51 0 12 52 0
50 17 0 59 18 0
29 21 0 32 22 0
18 40 0 22 41 0
7 26 0 15 27 0
48 28 0 52 29 0
15 38 0 25 39 0
12 55 0 19 56 0
55 40 0 58 41 0
10 18 0 18 19 0
30 52 0 35 53 0
19 28 0 26 29 0
40 6 0 48 7 0
24 39 0 27 40 0
50 48 0 58 49 0
53 44 1 54 50 1
36 46 1 37 50 1
54 45 1 55 48 1
47 35 1 48 45 1
13 40 1 14 43 1
8 37 1 9 40 1
11 4 1 12 12 1
15 42 1 16 47 1
57 41 1 58 49 1
16 30 1 17 35 1
15 49 1 16 52 1
4 28 1 5 33 1
32 4 1 33 7 1
46 34 1 47 44 1
23 49 1 24 52 1
33 12 1 34 20 1
58 45 1 59 51 1
16 16 1 17 21 1
10 7 1 11 16 1
55 33 1 56 40 1
48 31 1 49 34 1
45 42 1 46 45 1
30 21 1 31 25 1
6 47 1 7 53 1
13 3 2 17 4 2
6 27 2 13 28 2
52 30 2 58 31 2
33 10 2 38 11 2
36 41 2 43 42 2
50 29 2 54 30 2
18 1 2 21 2 2
18 9 2 24 10 2
11 49 2 19 50 2
27 53 2 34 54 2
51 39 2 54 40 2
38 50 2 41 51 2
16 32 2 20 33 2
48 36 2 55 37 2
19 6 2 23 7 2
34 32 2 42 33 2
14 15 2 18 16 2
18 12 2 27 13 2
11 39 2 15 40 2
38 57 2 47 58 2
35 22 2 43 23 2
29 47 2 34 48 2
17 16 2 21 17 2
36 3 2 46 4 2
3 0 3 4 6 3
30 0 3 31 3 3
10 27 3 11 34 3
22 2 3 23 5 3
50 30 3 51 34 3
40 38 3 41 43 3
37 33 3 38 40 3
41 22 3 42 26 3
1 41 3 2 50 3
56 49 3 57 57 3
34 6 3 35 12 3
55 8 3 56 18 3
21 30 3 22 35 3
3 14 3 4 19 3
51 10 3 52 18 3
34 12 3 35 15 3
53 45 3 54 51 3
21 12 3 22 19 3
32 38 3 33 44 3
12 52 3 13 58 3
50 36 3 51 43 3
1 22 3 2 26 3
47 19 3 48 23 3
43 12 3 44 15 3
2 57 4 9 58 4
35 8 4 42 9 4
19 51 4 28 52 4
51 47 4 54 48 4
17 2 4 25 3 4
40 10 4 43 11 4
38 6 4 43 7 4
33 49 4 37 50 4
19 8 4 22 9 4
47 13 4 56 14 4
19 30 4 27 31 4
55 11 4 59 12 4
39 53 4 43 54 4
46 54 4 50 55 4
38 55 4 42 56 4
36 9 4 45 10 4
3 45 4 11 46 4
33 28 4 43 29 4
7 37 4 17 38 4
46 3 4 51 4 4
25 50 4 35 51 4
11 6 4 14 7 4
5 0 4 9 1 4
39 31 4 49 32 4
42 47 5 43 51 5
58 9 5 59 12 5
37 54 5 38 57 5
35 52 5 36 55 5
13 8 5 14 16 5
51 36 5 52 46 5
32 48 5 33 54 5
3 33 5 4 40 5
7 17 5 8 21 5
6 33 5 7 40 5
11 28 5 12 38 5
46 33 5 47 40 5
31 25 5 32 35 5
24 11 5 25 14 5
58 41 5 59 45 5
56 47 5 57 57 5
23 40 5 24 43 5
54 53 5 55 56 5
1 16 5 2 23 5
15 51 5 16 54 5
7 25 5 8 29 5
4 44 5 5 50 5
53 22 5 54 28 5
50 30 5 51 38 5
Net_num 158
Net_id 0
pin_num 5
28 24 0
34 24 0
29 9 0
32 13 0
11 13 0
Net_id 1
pin_num 5
35 51 0
25 51 0
27 43 0
34 46 0
26 50 0
Net_id 2
pin_num 5
37 50 0
23 44 0
4 44 0
26 41 0
19 59 0
Net_id 3
pin_num 5
56 25 0
59 37 0
59 6 0
58 16 0
55 11 0
Net_id 4
pin_num 5
2 10 0
6 17 0
2 30 0
2 36 0
22 16 0
Net_id 5
pin_num 5
21 13 0
28 10 0
24 8 0
27 35 0
39 30 0
Net_id 6
pin_num 5
19 18 0
18 20 0
21 19 0
43 19 0
34 7 0
Net_id 7
pin_num 5
47 34 0
44 33 0
39 33 0
59 34 0
49 30 0
Net_id 8
pin_num 5
9 14 0
6 14 0
17 14 0
14 0 0
12 35 0
Net_id 9
pin_num 5
9 52 0
3 52 0
0 39 0
10 53 0
7 50 0
Net_id 10
pin_num 5
4 2 0
1 0 0
5 9 0
9 13 0
2 6 0
Net_id 11
pin_num 5
48 21 0
56 26 0
56 6 0
56 31 0
57 28 0
Net_id 12
pin_num 5
26 1 0
22 2 0
33 0 0
25 16 0
18 1 0
Net_id 13
pin_num 5
41 29 0
48 17 0
45 31 0
31 29 0
45 9 0
Net_id 14
pin_num 5
43 25 0
35 25 0
40 35 0
41 35 0
37 28 0
Net_id 15
pin_num 5
34 49 0
40 51 0
48 49 0
39 38 0
54 38 0
Net_id 16
pin_num 5
50 57 0
50 42 0
59 42 0
43 59 0
48 43 0
Net_id 17
pin_num 5
54 25 0
39 31 0
23 31 0
58 26 0
23 11 0
Net_id 18
pin_num 5
19 17 0
24 14 0
22 7 0
21 20 0
22 11 0
Net_id 19
pin_num 5
18 51 0
12 53 0
12 36 0
8 59 0
6 53 0
Net_id 20
pin_num 4
57 51 0
48 51 0
58 55 0
52 56 0
Net_id 21
pin_num 4
37 57 0
46 52 0
44 47 0
25 55 0
Net_id 22
pin_num 4
42 1 0
42 11 0
50 1 0
27 6 0
Net_id 23
pin_num 4
15 46 0
9 49 0
11 52 0
13 57 0
Net_id 24
pin_num 4
48 58 0
55 47 0
40 48 0
47 47 0
Net_id 25
pin_num 4
16 16 0
9 18 0
11 23 0
0 22 0
Net_id 26
pin_num 4
40 14 0
39 21 0
57 23 0
51 0 0
Net_id 27
pin_num 4
55 7 0
49 10 0
52 1 0
54 11 0
Net_id 28
pin_num 4
7 2 0
8 8 0
23 5 0
33 3 0
Net_id 29
pin_num 4
14 10 0
18 13 0
3 11 0
12 1 0
Net_id 30
pin_num 4
11 42 0
25 38 0
7 38 0
9 24 0
Net_id 31
pin_num 4
7 4 0
14 6 0
13 1 0
0 1 0
Net_id 32
pin_num 4
59 0 0
53 18 0
53 5 0
50 15 0
Net_id 33
pin_num 4
37 53 0
28 52 0
33 59 0
31 49 0
Net_id 34
pin_num 4
1 36 0
7 30 0
6 31 0
0 57 0
Net_id 35
pin_num 4
15 12 0
21 7 0
8 11 0
20 59 0
Net_id 36
pin_num 4
36 54 0
29 52 0
17 54 0
20 43 0
Net_id 37
pin_num 4
5 34 0
3 38 0
4 55 0
1 42 0
Net_id 38
pin_num 4
47 56 0
51 46 0
56 51 0
56 55 0
Net_id 39
pin_num 4
7 32 0
7 41 0
6 41 0
10 54 0
Net_id 40
pin_num 4
44 53 0
58 53 0
45 58 0
48 55 0
Net_id 41
pin_num 4
21 33 0
3 37 0
29 42 0
13 32 0
Net_id 42
pin_num 3
0 7 0
8 23 0
1 22 0
Net_id 43
pin_num 3
39 6 0
40 3 0
54 20 0
Net_id 44
pin_num 3
9 35 0
14 24 0
5 12 0
Net_id 45
pin_num 3
27 11 0
16 21 0
4 0 0
Net_id 46
pin_num 3
43 12 0
21 10 0
3 24 0
Net_id 47
pin_num 3
20 53 0
27 52 0
21 27 0
Net_id 48
pin_num 3
10 3 0
4 18 0
0 58 0
Net_id 49
pin_num 3
44 10 0
41 13 0
50 14 0
Net_id 50
pin_num 3
17 21 0
32 21 0
38 33 0
Net_id 51
pin_num 3
39 10 0
35 13 0
21 0 0
Net_id 52
pin_num 3
33 11 0
30 6 0
30 20 0
Net_id 53
pin_num 3
43 27 0
53 32 0
37 41 0
Net_id 54
pin_num 3
55 28 0
57 32 0
52 44 0
Net_id 55
pin_num 3
40 2 0
34 4 0
47 0 0
Net_id 56
pin_num 3
12 11 0
18 11 0
17 15 0
Net_id 57
pin_num 3
1 38 0
4 23 0
21 26 0
Net_id 58
pin_num 3
20 20 0
10 36 0
34 27 0
Net_id 59
pin_num 3
3 29 0
15 19 0
17 22 0
Net_id 60
pin_num 3
7 31 0
15 9 0
22 26 0
Net_id 61
pin_num 3
57 19 0
51 6 0
51 45 0
Net_id 62
pin_num 3
53 12 0
42 14 0
20 0 0
Net_id 63
pin_num 3
16 47 0
29 48 0
9 47 0
Net_id 64
pin_num 3
14 36 0
2 46 0
1 35 0
Net_id 65
pin_num 3
42 57 0
58 52 0
51 50 0
Net_id 66
pin_num 3
37 30 0
17 34 0
23 37 0
Net_id 67
pin_num 3
20 24 0
12 22 0
17 20 0
Net_id 68
pin_num 3
55 6 0
38 15 0
44 29 0
Net_id 69
pin_num 3
32 16 0
36 22 0
17 37 0
Net_id 70
pin_num 3
26 37 0
28 32 0
26 38 0
Net_id 71
pin_num 3
40 45 0
26 45 0
31 34 0
Net_id 72
pin_num 3
8 21 0
0 18 0
34 23 0
Net_id 73
pin_num 3
1 6 0
10 2 0
51 1 0
Net_id 74
pin_num 3
10 32 0
2 47 0
9 40 0
Net_id 75
pin_num 3
0 51 0
6 51 0
4 59 0
Net_id 76
pin_num 3
35 4 0
46 9 0
24 4 0
Net_id 77
pin_num 3
45 45 0
52 34 0
19 46 0
Net_id 78
pin_num 3
27 58 0
39 55 0
11 55 0
Net_id 79
pin_num 3
39 43 0
58 58 0
25 50 0
Net_id 80
pin_num 3
22 45 0
25 48 0
41 59 0
Net_id 81
pin_num 3
39 20 0
28 17 0
59 38 0
Net_id 82
pin_num 2
50 23 0
43 18 0
Net_id 83
pin_num 2
29 33 0
15 32 0
Net_id 84
pin_num 2
1 8 0
17 0 0
Net_id 85
pin_num 2
2 40 0
8 47 0
Net_id 86
pin_num 2
46 28 0
38 11 0
Net_id 87
pin_num 2
57 31 0
52 27 0
Net_id 88
pin_num 2
55 56 0
43 58 0
Net_id 89
pin_num 2
23 30 0
42 35 0
Net_id 90
pin_num 2
13 38 0
6 30 0
Net_id 91
pin_num 2
20 52 0
25 52 0
Net_id 92
pin_num 2
54 51 0
44 32 0
Net_id 93
pin_num 2
34 18 0
10 34 0
Net_id 94
pin_num 2
22 36 0
0 30 0
Net_id 95
pin_num 2
5 26 0
1 29 0
Net_id 96
pin_num 2
23 46 0
3 28 0
Net_id 97
pin_num 2
21 45 0
5 45 0
Net_id 98
pin_num 2
1 28 0
4 34 0
Net_id 99
pin_num 2
51 26 0
52 19 0
Net_id 100
pin_num 2
23 9 0
0 21 0
Net_id 101
pin_num 2
14 59 0
5 49 0
Net_id 102
pin_num 2
33 25 0
37 14 0
Net_id 103
pin_num 2
5 4 0
8 12 0
Net_id 104
pin_num 2
44 14 0
52 13 0
Net_id 105
pin_num 2
6 27 0
16 25 0
Net_id 106
pin_num 2
15 48 0
10 55 0
Net_id 107
pin_num 2
36 43 0
28 42 0
Net_id 108
pin_num 2
15 35 0
17 29 0
Net_id 109
pin_num 2
56 39 0
28 56 0
Net_id 110
pin_num 2
13 19 0
15 30 0
Net_id 111
pin_num 2
51 36 0
56 57 0
Net_id 112
pin_num 2
53 29 0
57 7 0
Net_id 113
pin_num 2
14 39 0
3 39 0
Net_id 114
pin_num 2
8 50 0
27 36 0
Net_id 115
pin_num 2
39 59 0
54 50 0
Net_id 116
pin_num 2
14 52 0
36 58 0
Net_id 117
pin_num 2
28 25 0
36 34 0
Net_id 118
pin_num 2
47 50 0
56 42 0
Net_id 119
pin_num 2
55 1 0
57 2 0
Net_id 120
pin_num 2
38 44 0
15 59 0
Net_id 121
pin_num 2
52 29 0
46 3 0
Net_id 122
pin_num 2
49 35 0
42 32 0
Net_id 123
pin_num 2
54 13 0
41 2 0
Net_id 124
pin_num 2
44 2 0
57 18 0
Net_id 125
pin_num 2
44 8 0
28 16 0
Net_id 126
pin_num 2
38 52 0
29 56 0
Net_id 127
pin_num 2
57 8 0
44 4 0
Net_id 128
pin_num 2
43 20 0
31 6 0
Net_id 129
pin_num 2
45 42 0
23 56 0
Net_id 130
pin_num 2
3 44 0
5 50 0
Net_id 131
pin_num 2
4 38 0
15 28 0
Net_id 132
pin_num 2
24 25 0
13 37 0
Net_id 133
pin_num 2
14 40 0
57 52 0
Net_id 134
pin_num 2
42 37 0
37 36 0
Net_id 135
pin_num 2
10 20 0
43 11 0
Net_id 136
pin_num 2
37 15 0
17 6 0
Net_id 137
pin_num 2
30 18 0
17 28 0
Net_id 138
pin_num 2
54 40 0
51 43 0
Net_id 139
pin_num 2
0 20 0
13 4 0
Net_id 140
pin_num 2
40 11 0
20 14 0
Net_id 141
pin_num 2
27 42 0
24 57 0
Net_id 142
pin_num 2
28 26 0
7 53 0
Net_id 143
pin_num 2
16 32 0
27 32 0
Net_id 144
pin_num 2
11 30 0
6 12 0
Net_id 145
pin_num 2
23 23 0
7 28 0
Net_id 146
pin_num 2
16 5 0
4 22 0
Net_id 147
pin_num 2
35 34 0
20 15 0
Net_id 148
pin_num 2
13 17 0
4 24 0
Net_id 149
pin_num 2
26 15 0
9 7 0
Net_id 150
pin_num 2
32 38 0
55 23 0
Net_id 151
pin_num 2
29 4 0
23 2 0
Net_id 152
pin_num 2
4 35 0
5 31 0
Net_id 153
pin_num 2
24 2 0
47 4 0
Net_id 154
pin_num 2
44 24 0
39 27 0
Net_id 155
pin_num 2
32 10 0
37 8 0
Net_id 156
pin_num 2
53 20 0
38 34 0
Net_id 157
pin_num 2
56 50 0
59 41 0
