Width 60
Height 60
Layer 6
Total_WL 7060
Obstacle_num 144
4 35 0 12 36 0
49 48 0 57 49 0
48 47 0 52 48 0
20 54 0 23 55 0
27 15 0 31 16 0
34 47 0 40 48 0
51 55 0 54 56 0
46 2 0 55 3 0
31 11 0 38 12 0
11 27 0 20 28 0
45 13 0 48 14 0
19 33 0 27 34 0
26 14 0 32 15 0
23 6 0 32 7 0
33 39 0 37 40 0
25 34 0 29 35 0
36 19 0 43 20 0
12 1 0 18 2 0
17 10 0 21 11 0
1 19 0 6 20 0
22 31 0 30 32 0
12 7 0 21 8 0
40 10 0 47 11 0
19 47 0 22 48 0
39 11 1 40 21 1
1 36 1 2 43 1
56 27 1 57 31 1
20 15 1 21 25 1
11 8 1 12 17 1
58 26 1 59 31 1
47 12 1 48 15 1
2 23 1 3 29 1
51 49 1 52 53 1
8 40 1 9 44 1
40 8 1 41 11 1
29 4 1 30 8 1
12 1 1 13 6 1
20 36 1 21 45 1
41 4 1 42 10 1
13 1 1 14 9 1
43 9 1 44 13 1
55 40 1 56 48 1
31 49 1 32 54 1
45 6 1 46 11 1
22 49 1 23 53 1
4 13 1 5 21 1
19 32 1 20 40 1
18 35 1 19 43 1
41 46 2 47 47 2
47 56 2 52 57 2
28 29 2 36 30 2
49 26 2 58 27 2
32 15 2 37 16 2
29 47 2 36 48 2
36 52 2 46 53 2
6 45 2 12 46 2
53 25 2 59 26 2
9 42 2 16 43 2
47 45 2 50 46 2
47 37 2 57 38 2
0 56 2 5 57 2
42 18 2 47 19 2
31 28 2 40 29 2
13 31 2 18 32 2
31 1 2 37 2 2
1 46 2 5 47 2
10 0 2 13 1 2
13 37 2 17 38 2
9 53 2 18 54 2
52 50 2 57 51 2
4 41 2 7 42 2
22 35 2 29 36 2
34 21 3 35 25 3
54 14 3 55 21 3
43 20 3 44 29 3
23 43 3 24 48 3
54 33 3 55 39 3
15 8 3 16 14 3
52 51 3 53 55 3
55 46 3 56 56 3
4 19 3 5 27 3
13 47 3 14 56 3
13 27 3 14 33 3
11 12 3 12 15 3
29 48 3 30 53 3
55 40 3 56 46 3
48 34 3 49 41 3
0 33 3 1 37 3
23 19 3 24 28 3
10 44 3 11 49 3
19 40 3 20 45 3
0 19 3 1 28 3
35 29 3 36 35 3
10 13 3 11 20 3
50 52 3 51 58 3
1 45 3 2 49 3
30 27 4 39 28 4
43 7 4 48 8 4
3 30 4 8 31 4
26 40 4 29 41 4
41 37 4 49 38 4
12 38 4 16 39 4
45 8 4 51 9 4
12 26 4 16 27 4
27 49 4 37 50 4
15 39 4 22 40 4
31 34 4 37 35 4
30 31 4 37 32 4
6 53 4 15 54 4
34 37 4 41 38 4
33 23 4 40 24 4
17 56 4 24 57 4
22 6 4 32 7 4
50 41 4 59 42 4
50 49 4 57 50 4
0 12 4 5 13 4
7 21 4 14 22 4
18 58 4 28 59 4
41 51 4 45 52 4
24 48 4 27 49 4
44 35 5 45 45 5
38 7 5 39 14 5
23 2 5 24 5 5
12 15 5 13 22 5
46 51 5 47 54 5
5 21 5 6 26 5
33 20 5 34 30 5
3 0 5 4 7 5
15 10 5 16 16 5
28 12 5 29 19 5
4 24 5 5 31 5
19 18 5 20 25 5
51 24 5 52 33 5
20 2 5 21 5 5
51 38 5 52 42 5
9 29 5 10 38 5
27 36 5 28 46 5
6 37 5 7 46 5
5 31 5 6 35 5
36 6 5 37 11 5
12 32 5 13 42 5
48 9 5 49 19 5
34 1 5 35 8 5
58 6 5 59 13 5
Net_num 161
Net_id 0
pin_num 5
31 18 0
25 18 0
55 18 0
27 30 0
34 20 0
Net_id 1
pin_num 5
25 29 0
21 29 0
24 34 0
24 51 0
35 46 0
Net_id 2
pin_num 5
57 25 0
53 25 0
56 20 0
49 25 0
55 29 0
Net_id 3
pin_num 5
26 52 0
26 55 0
33 52 0
17 52 0
28 47 0
Net_id 4
pin_num 5
41 28 0
32 30 0
46 21 0
40 13 0
43 22 0
Net_id 5
pin_num 5
1 5 0
11 2 0
0 10 0
1 8 0
9 6 0
Net_id 6
pin_num 5
50 51 0
59 58 0
29 51 0
41 52 0
58 35 0
Net_id 7
pin_num 5
29 55 0
35 55 0
27 41 0
25 54 0
31 44 0
Net_id 8
pin_num 5
31 2 0
43 2 0
37 9 0
34 13 0
23 5 0
Net_id 9
pin_num 5
17 16 0
14 13 0
17 22 0
22 13 0
18 34 0
Net_id 10
pin_num 5
15 31 0
21 36 0
21 21 0
27 32 0
34 32 0
Net_id 11
pin_num 5
40 33 0
46 34 0
42 49 0
29 38 0
38 38 0
Net_id 12
pin_num 5
13 16 0
2 6 0
0 11 0
2 30 0
13 9 0
Net_id 13
pin_num 5
56 37 0
47 37 0
59 28 0
54 34 0
59 48 0
Net_id 14
pin_num 5
4 4 0
1 10 0
12 9 0
2 1 0
10 6 0
Net_id 15
pin_num 5
6 22 0
3 38 0
0 25 0
17 26 0
26 29 0
Net_id 16
pin_num 5
28 12 0
40 4 0
59 10 0
47 10 0
57 27 0
Net_id 17
pin_num 5
23 42 0
34 26 0
28 53 0
34 45 0
28 46 0
Net_id 18
pin_num 5
43 39 0
37 40 0
38 52 0
40 35 0
59 49 0
Net_id 19
pin_num 5
32 16 0
35 17 0
23 14 0
38 27 0
19 9 0
Net_id 20
pin_num 4
56 31 0
59 50 0
45 39 0
57 42 0
Net_id 21
pin_num 4
13 51 0
20 50 0
8 59 0
11 45 0
Net_id 22
pin_num 4
36 56 0
31 57 0
9 56 0
21 58 0
Net_id 23
pin_num 4
18 4 0
7 4 0
5 12 0
16 3 0
Net_id 24
pin_num 4
36 4 0
41 1 0
51 0 0
42 20 0
Net_id 25
pin_num 4
11 38 0
16 34 0
15 59 0
25 57 0
Net_id 26
pin_num 4
48 45 0
58 54 0
53 28 0
39 44 0
Net_id 27
pin_num 4
13 19 0
28 25 0
23 27 0
41 17 0
Net_id 28
pin_num 4
50 44 0
58 55 0
41 45 0
49 59 0
Net_id 29
pin_num 4
12 34 0
8 33 0
12 20 0
17 45 0
Net_id 30
pin_num 4
37 15 0
26 15 0
33 4 0
21 11 0
Net_id 31
pin_num 4
16 20 0
13 36 0
26 24 0
1 29 0
Net_id 32
pin_num 4
7 38 0
11 39 0
7 25 0
10 57 0
Net_id 33
pin_num 4
32 32 0
33 28 0
43 30 0
23 28 0
Net_id 34
pin_num 4
0 20 0
16 6 0
8 18 0
30 0 0
Net_id 35
pin_num 4
54 41 0
59 24 0
49 41 0
50 46 0
Net_id 36
pin_num 4
25 44 0
26 30 0
13 43 0
35 43 0
Net_id 37
pin_num 4
19 32 0
10 22 0
22 25 0
6 28 0
Net_id 38
pin_num 4
17 38 0
14 21 0
0 30 0
13 15 0
Net_id 39
pin_num 3
16 42 0
22 42 0
0 49 0
Net_id 40
pin_num 3
6 27 0
1 33 0
3 4 0
Net_id 41
pin_num 3
45 38 0
32 48 0
32 26 0
Net_id 42
pin_num 3
32 47 0
41 54 0
7 59 0
Net_id 43
pin_num 3
59 18 0
43 8 0
58 53 0
Net_id 44
pin_num 3
13 25 0
27 33 0
15 6 0
Net_id 45
pin_num 3
49 30 0
55 19 0
42 27 0
Net_id 46
pin_num 3
46 27 0
57 17 0
51 26 0
Net_id 47
pin_num 3
28 0 0
19 20 0
25 36 0
Net_id 48
pin_num 3
55 46 0
52 43 0
52 11 0
Net_id 49
pin_num 3
30 2 0
21 9 0
38 1 0
Net_id 50
pin_num 3
53 40 0
37 36 0
48 55 0
Net_id 51
pin_num 3
4 49 0
0 32 0
12 19 0
Net_id 52
pin_num 3
15 54 0
41 58 0
24 23 0
Net_id 53
pin_num 3
57 2 0
41 12 0
45 29 0
Net_id 54
pin_num 3
46 20 0
51 9 0
47 30 0
Net_id 55
pin_num 3
48 21 0
56 40 0
49 33 0
Net_id 56
pin_num 3
12 52 0
13 46 0
5 50 0
Net_id 57
pin_num 3
18 29 0
14 28 0
21 28 0
Net_id 58
pin_num 3
44 9 0
58 31 0
20 2 0
Net_id 59
pin_num 3
53 5 0
59 8 0
48 7 0
Net_id 60
pin_num 3
54 20 0
44 28 0
34 24 0
Net_id 61
pin_num 3
55 47 0
36 53 0
16 51 0
Net_id 62
pin_num 3
13 24 0
1 18 0
1 50 0
Net_id 63
pin_num 3
23 35 0
12 39 0
1 30 0
Net_id 64
pin_num 3
42 42 0
14 44 0
25 59 0
Net_id 65
pin_num 3
41 5 0
20 11 0
12 8 0
Net_id 66
pin_num 3
6 37 0
0 41 0
15 24 0
Net_id 67
pin_num 3
22 36 0
34 59 0
3 57 0
Net_id 68
pin_num 3
50 29 0
48 31 0
56 47 0
Net_id 69
pin_num 3
30 50 0
16 40 0
36 46 0
Net_id 70
pin_num 3
12 51 0
14 51 0
4 59 0
Net_id 71
pin_num 3
1 56 0
14 54 0
14 46 0
Net_id 72
pin_num 3
28 21 0
39 10 0
51 32 0
Net_id 73
pin_num 3
37 59 0
55 38 0
46 30 0
Net_id 74
pin_num 3
39 59 0
26 45 0
8 56 0
Net_id 75
pin_num 3
10 25 0
4 33 0
12 17 0
Net_id 76
pin_num 3
28 13 0
25 38 0
54 27 0
Net_id 77
pin_num 3
44 1 0
28 11 0
18 24 0
Net_id 78
pin_num 3
16 8 0
10 20 0
1 25 0
Net_id 79
pin_num 2
52 58 0
43 49 0
Net_id 80
pin_num 2
36 13 0
55 17 0
Net_id 81
pin_num 2
53 49 0
54 40 0
Net_id 82
pin_num 2
29 29 0
6 33 0
Net_id 83
pin_num 2
35 26 0
22 28 0
Net_id 84
pin_num 2
12 10 0
2 45 0
Net_id 85
pin_num 2
47 7 0
37 7 0
Net_id 86
pin_num 2
6 24 0
1 23 0
Net_id 87
pin_num 2
31 36 0
39 45 0
Net_id 88
pin_num 2
35 21 0
29 33 0
Net_id 89
pin_num 2
14 49 0
47 48 0
Net_id 90
pin_num 2
11 21 0
4 13 0
Net_id 91
pin_num 2
54 36 0
51 31 0
Net_id 92
pin_num 2
20 25 0
43 13 0
Net_id 93
pin_num 2
1 48 0
16 55 0
Net_id 94
pin_num 2
14 15 0
37 1 0
Net_id 95
pin_num 2
48 16 0
36 31 0
Net_id 96
pin_num 2
2 50 0
8 34 0
Net_id 97
pin_num 2
21 55 0
18 47 0
Net_id 98
pin_num 2
51 56 0
35 41 0
Net_id 99
pin_num 2
10 47 0
0 59 0
Net_id 100
pin_num 2
46 14 0
54 29 0
Net_id 101
pin_num 2
48 0 0
58 2 0
Net_id 102
pin_num 2
14 57 0
3 52 0
Net_id 103
pin_num 2
20 44 0
0 57 0
Net_id 104
pin_num 2
15 30 0
24 21 0
Net_id 105
pin_num 2
56 38 0
55 32 0
Net_id 106
pin_num 2
44 47 0
41 49 0
Net_id 107
pin_num 2
34 38 0
46 55 0
Net_id 108
pin_num 2
22 44 0
17 58 0
Net_id 109
pin_num 2
50 13 0
54 23 0
Net_id 110
pin_num 2
39 3 0
52 0 0
Net_id 111
pin_num 2
7 52 0
9 44 0
Net_id 112
pin_num 2
46 54 0
32 50 0
Net_id 113
pin_num 2
47 35 0
56 44 0
Net_id 114
pin_num 2
14 53 0
22 58 0
Net_id 115
pin_num 2
35 50 0
29 45 0
Net_id 116
pin_num 2
51 22 0
59 12 0
Net_id 117
pin_num 2
59 7 0
49 12 0
Net_id 118
pin_num 2
31 4 0
41 20 0
Net_id 119
pin_num 2
11 1 0
3 1 0
Net_id 120
pin_num 2
9 28 0
13 39 0
Net_id 121
pin_num 2
21 0 0
23 4 0
Net_id 122
pin_num 2
54 59 0
50 54 0
Net_id 123
pin_num 2
49 6 0
31 3 0
Net_id 124
pin_num 2
50 39 0
56 19 0
Net_id 125
pin_num 2
39 36 0
57 53 0
Net_id 126
pin_num 2
4 12 0
29 41 0
Net_id 127
pin_num 2
7 20 0
13 0 0
Net_id 128
pin_num 2
28 20 0
16 14 0
Net_id 129
pin_num 2
11 8 0
16 2 0
Net_id 130
pin_num 2
50 23 0
24 13 0
Net_id 131
pin_num 2
40 23 0
48 23 0
Net_id 132
pin_num 2
59 1 0
53 0 0
Net_id 133
pin_num 2
14 18 0
8 19 0
Net_id 134
pin_num 2
53 3 0
30 8 0
Net_id 135
pin_num 2
2 35 0
7 23 0
Net_id 136
pin_num 2
33 3 0
32 8 0
Net_id 137
pin_num 2
44 39 0
47 32 0
Net_id 138
pin_num 2
47 58 0
42 56 0
Net_id 139
pin_num 2
55 9 0
48 33 0
Net_id 140
pin_num 2
44 42 0
43 43 0
Net_id 141
pin_num 2
6 34 0
2 53 0
Net_id 142
pin_num 2
5 6 0
12 15 0
Net_id 143
pin_num 2
10 54 0
6 39 0
Net_id 144
pin_num 2
22 23 0
1 15 0
Net_id 145
pin_num 2
32 6 0
22 1 0
Net_id 146
pin_num 2
16 45 0
1 35 0
Net_id 147
pin_num 2
51 57 0
35 57 0
Net_id 148
pin_num 2
33 24 0
20 22 0
Net_id 149
pin_num 2
3 56 0
5 45 0
Net_id 150
pin_num 2
49 19 0
54 13 0
Net_id 151
pin_num 2
51 1 0
58 6 0
Net_id 152
pin_num 2
44 54 0
48 46 0
Net_id 153
pin_num 2
10 13 0
22 26 0
Net_id 154
pin_num 2
0 39 0
18 58 0
Net_id 155
pin_num 2
59 45 0
42 55 0
Net_id 156
pin_num 2
3 28 0
10 30 0
Net_id 157
pin_num 2
25 45 0
6 44 0
Net_id 158
pin_num 2
39 8 0
26 12 0
Net_id 159
pin_num 2
34 28 0
27 38 0
Net_id 160
pin_num 2
50 5 0
56 13 0
