Width 60
Height 60
Layer 6
Total_WL 6934
Obstacle_num 144
41 42 0 47 43 0
45 35 0 54 36 0
10 36 0 15 37 0
1 20 0 4 21 0
24 39 0 30 40 0
23 33 0 32 34 0
27 32 0 36 33 0
41 20 0 45 21 0
6 41 0 11 42 0
31 57 0 38 58 0
36 14 0 42 15 0
48 40 0 57 41 0
7 15 0 15 16 0
25 51 0 33 52 0
32 58 0 37 59 0
45 29 0 50 30 0
13 18 0 18 19 0
25 2 0 28 3 0
15 46 0 25 47 0
31 0 0 34 1 0
40 0 0 44 1 0
46 21 0 56 22 0
28 20 0 35 21 0
45 10 0 55 11 0
49 33 1 50 36 1
16 6 1 17 11 1
51 34 1 52 41 1
41 1 1 42 11 1
14 30 1 15 40 1
27 2 1 28 7 1
58 15 1 59 23 1
35 52 1 36 58 1
9 27 1 10 33 1
8 34 1 9 37 1
48 34 1 49 37 1
41 24 1 42 31 1
54 13 1 55 16 1
23 13 1 24 23 1
19 2 1 20 10 1
36 15 1 37 23 1
8 40 1 9 49 1
41 16 1 42 19 1
17 45 1 18 51 1
36 0 1 37 6 1
42 33 1 43 37 1
39 48 1 40 58 1
44 30 1 45 35 1
20 30 1 21 35 1
14 50 2 19 51 2
47 54 2 56 55 2
38 20 2 43 21 2
27 19 2 33 20 2
25 15 2 31 16 2
38 48 2 41 49 2
5 14 2 12 15 2
13 30 2 18 31 2
40 15 2 46 16 2
21 29 2 28 30 2
39 43 2 47 44 2
7 19 2 14 20 2
50 25 2 54 26 2
50 32 2 57 33 2
33 12 2 41 13 2
9 27 2 19 28 2
21 4 2 26 5 2
40 36 2 49 37 2
20 10 2 28 11 2
44 55 2 54 56 2
32 0 2 41 1 2
52 51 2 58 52 2
13 24 2 23 25 2
19 49 2 29 50 2
45 35 3 46 45 3
48 7 3 49 10 3
24 6 3 25 9 3
55 4 3 56 13 3
13 19 3 14 22 3
13 36 3 14 41 3
14 23 3 15 27 3
15 8 3 16 11 3
1 25 3 2 35 3
20 1 3 21 11 3
58 29 3 59 39 3
40 2 3 41 11 3
18 24 3 19 29 3
48 19 3 49 22 3
42 45 3 43 52 3
11 42 3 12 49 3
23 13 3 24 20 3
1 43 3 2 47 3
15 29 3 16 33 3
39 15 3 40 24 3
56 6 3 57 16 3
29 23 3 30 29 3
6 12 3 7 22 3
32 25 3 33 31 3
4 45 4 7 46 4
41 33 4 48 34 4
35 11 4 41 12 4
41 40 4 47 41 4
11 22 4 20 23 4
35 52 4 45 53 4
41 54 4 48 55 4
10 53 4 19 54 4
51 27 4 57 28 4
32 2 4 39 3 4
7 1 4 16 2 4
8 55 4 14 56 4
47 58 4 52 59 4
21 35 4 27 36 4
20 38 4 29 39 4
11 27 4 16 28 4
19 55 4 23 56 4
4 36 4 7 37 4
11 17 4 20 18 4
17 4 4 25 5 4
34 14 4 39 15 4
20 9 4 29 10 4
25 47 4 34 48 4
39 29 4 46 30 4
19 16 5 20 25 5
11 41 5 12 44 5
55 29 5 56 39 5
56 20 5 57 25 5
48 46 5 49 53 5
18 37 5 19 45 5
39 35 5 40 42 5
50 17 5 51 25 5
42 21 5 43 27 5
25 31 5 26 39 5
12 0 5 13 8 5
20 14 5 21 23 5
50 44 5 51 47 5
36 13 5 37 18 5
43 29 5 44 37 5
25 25 5 26 29 5
30 18 5 31 26 5
39 44 5 40 47 5
44 35 5 45 39 5
52 6 5 53 16 5
4 41 5 5 50 5
15 26 5 16 30 5
55 10 5 56 20 5
33 14 5 34 19 5
Net_num 160
Net_id 0
pin_num 5
38 40 0
26 40 0
44 40 0
30 59 0
18 40 0
Net_id 1
pin_num 5
48 0 0
39 9 0
41 12 0
49 0 0
45 17 0
Net_id 2
pin_num 5
52 43 0
57 53 0
45 52 0
37 46 0
54 29 0
Net_id 3
pin_num 5
44 49 0
53 56 0
31 59 0
59 51 0
53 37 0
Net_id 4
pin_num 5
0 44 0
11 44 0
4 37 0
45 40 0
0 53 0
Net_id 5
pin_num 5
54 1 0
46 13 0
58 9 0
59 13 0
40 7 0
Net_id 6
pin_num 5
9 42 0
15 44 0
11 59 0
16 53 0
12 52 0
Net_id 7
pin_num 5
57 52 0
53 55 0
51 59 0
52 53 0
50 59 0
Net_id 8
pin_num 5
42 5 0
50 5 0
30 5 0
17 0 0
47 19 0
Net_id 9
pin_num 5
20 12 0
25 12 0
18 3 0
30 4 0
10 12 0
Net_id 10
pin_num 5
17 26 0
30 26 0
28 19 0
24 9 0
27 13 0
Net_id 11
pin_num 5
58 42 0
58 48 0
58 41 0
45 46 0
51 43 0
Net_id 12
pin_num 5
1 31 0
8 27 0
0 23 0
5 9 0
5 8 0
Net_id 13
pin_num 5
49 44 0
44 29 0
57 36 0
38 32 0
40 51 0
Net_id 14
pin_num 5
6 42 0
10 54 0
5 54 0
0 48 0
14 43 0
Net_id 15
pin_num 5
32 47 0
47 47 0
35 35 0
45 59 0
24 59 0
Net_id 16
pin_num 5
57 38 0
37 48 0
27 48 0
56 50 0
56 35 0
Net_id 17
pin_num 5
42 9 0
38 15 0
40 30 0
43 11 0
35 31 0
Net_id 18
pin_num 5
43 48 0
41 55 0
29 59 0
35 34 0
29 47 0
Net_id 19
pin_num 5
39 4 0
46 1 0
43 21 0
57 11 0
51 17 0
Net_id 20
pin_num 5
49 15 0
44 16 0
39 16 0
55 16 0
50 31 0
Net_id 21
pin_num 4
1 33 0
5 39 0
2 28 0
0 40 0
Net_id 22
pin_num 4
17 10 0
17 3 0
6 18 0
12 2 0
Net_id 23
pin_num 4
39 13 0
55 14 0
59 22 0
54 6 0
Net_id 24
pin_num 4
20 6 0
32 6 0
30 3 0
20 1 0
Net_id 25
pin_num 4
41 37 0
58 40 0
37 22 0
59 32 0
Net_id 26
pin_num 4
35 15 0
35 10 0
40 21 0
56 12 0
Net_id 27
pin_num 4
35 38 0
24 28 0
34 30 0
24 36 0
Net_id 28
pin_num 4
40 24 0
34 24 0
37 41 0
16 39 0
Net_id 29
pin_num 4
3 53 0
4 58 0
15 57 0
4 52 0
Net_id 30
pin_num 4
25 1 0
33 6 0
30 22 0
13 6 0
Net_id 31
pin_num 4
26 7 0
39 3 0
51 5 0
31 12 0
Net_id 32
pin_num 4
1 26 0
8 11 0
14 0 0
28 5 0
Net_id 33
pin_num 4
21 33 0
25 34 0
34 44 0
40 41 0
Net_id 34
pin_num 4
19 43 0
8 52 0
35 51 0
26 41 0
Net_id 35
pin_num 4
25 18 0
32 3 0
7 6 0
3 0 0
Net_id 36
pin_num 4
7 48 0
1 37 0
2 34 0
3 36 0
Net_id 37
pin_num 4
21 49 0
23 31 0
20 53 0
15 49 0
Net_id 38
pin_num 4
6 30 0
10 28 0
0 38 0
26 30 0
Net_id 39
pin_num 4
6 10 0
3 2 0
2 11 0
18 8 0
Net_id 40
pin_num 4
18 32 0
22 25 0
32 1 0
34 25 0
Net_id 41
pin_num 3
5 20 0
16 20 0
11 26 0
Net_id 42
pin_num 3
51 29 0
56 54 0
48 57 0
Net_id 43
pin_num 3
29 53 0
21 42 0
32 33 0
Net_id 44
pin_num 3
50 6 0
42 17 0
48 1 0
Net_id 45
pin_num 3
16 36 0
7 28 0
11 33 0
Net_id 46
pin_num 3
18 34 0
31 37 0
19 18 0
Net_id 47
pin_num 3
16 28 0
36 26 0
36 32 0
Net_id 48
pin_num 3
36 22 0
21 3 0
25 16 0
Net_id 49
pin_num 3
53 30 0
41 44 0
58 39 0
Net_id 50
pin_num 3
17 13 0
27 8 0
10 2 0
Net_id 51
pin_num 3
50 18 0
54 22 0
46 39 0
Net_id 52
pin_num 3
35 56 0
23 58 0
10 53 0
Net_id 53
pin_num 3
25 59 0
16 48 0
34 55 0
Net_id 54
pin_num 3
19 2 0
25 7 0
3 1 0
Net_id 55
pin_num 3
41 19 0
42 23 0
54 23 0
Net_id 56
pin_num 3
59 17 0
47 28 0
59 6 0
Net_id 57
pin_num 3
47 48 0
59 37 0
57 56 0
Net_id 58
pin_num 3
26 3 0
12 13 0
19 47 0
Net_id 59
pin_num 3
46 54 0
48 47 0
52 45 0
Net_id 60
pin_num 3
24 52 0
38 43 0
29 45 0
Net_id 61
pin_num 3
5 3 0
9 4 0
3 16 0
Net_id 62
pin_num 3
21 17 0
44 21 0
37 19 0
Net_id 63
pin_num 3
45 57 0
37 58 0
51 57 0
Net_id 64
pin_num 3
3 14 0
1 1 0
11 7 0
Net_id 65
pin_num 3
34 6 0
47 4 0
37 0 0
Net_id 66
pin_num 3
19 56 0
24 45 0
6 57 0
Net_id 67
pin_num 3
7 39 0
0 22 0
16 37 0
Net_id 68
pin_num 3
42 14 0
50 14 0
59 34 0
Net_id 69
pin_num 3
53 36 0
40 43 0
52 15 0
Net_id 70
pin_num 3
32 26 0
47 45 0
56 22 0
Net_id 71
pin_num 3
36 43 0
48 38 0
31 58 0
Net_id 72
pin_num 3
12 31 0
10 48 0
33 37 0
Net_id 73
pin_num 3
39 52 0
49 50 0
46 53 0
Net_id 74
pin_num 3
22 7 0
6 2 0
14 5 0
Net_id 75
pin_num 3
41 33 0
59 36 0
59 26 0
Net_id 76
pin_num 3
13 24 0
22 32 0
14 7 0
Net_id 77
pin_num 3
46 49 0
53 38 0
28 57 0
Net_id 78
pin_num 3
15 15 0
18 14 0
23 15 0
Net_id 79
pin_num 3
41 35 0
52 47 0
22 38 0
Net_id 80
pin_num 3
0 21 0
3 28 0
1 49 0
Net_id 81
pin_num 3
16 32 0
20 29 0
15 13 0
Net_id 82
pin_num 2
27 16 0
53 20 0
Net_id 83
pin_num 2
24 11 0
36 23 0
Net_id 84
pin_num 2
39 53 0
46 57 0
Net_id 85
pin_num 2
0 43 0
25 21 0
Net_id 86
pin_num 2
57 15 0
49 2 0
Net_id 87
pin_num 2
8 14 0
5 6 0
Net_id 88
pin_num 2
17 6 0
9 2 0
Net_id 89
pin_num 2
20 16 0
37 18 0
Net_id 90
pin_num 2
2 6 0
8 2 0
Net_id 91
pin_num 2
52 54 0
49 57 0
Net_id 92
pin_num 2
14 23 0
2 17 0
Net_id 93
pin_num 2
56 2 0
52 31 0
Net_id 94
pin_num 2
5 2 0
21 8 0
Net_id 95
pin_num 2
31 24 0
20 35 0
Net_id 96
pin_num 2
33 29 0
36 11 0
Net_id 97
pin_num 2
20 41 0
26 45 0
Net_id 98
pin_num 2
23 44 0
19 44 0
Net_id 99
pin_num 2
19 37 0
5 49 0
Net_id 100
pin_num 2
52 34 0
46 34 0
Net_id 101
pin_num 2
29 50 0
18 38 0
Net_id 102
pin_num 2
57 3 0
39 7 0
Net_id 103
pin_num 2
17 9 0
16 19 0
Net_id 104
pin_num 2
28 24 0
42 24 0
Net_id 105
pin_num 2
7 10 0
26 12 0
Net_id 106
pin_num 2
5 43 0
33 42 0
Net_id 107
pin_num 2
36 9 0
47 1 0
Net_id 108
pin_num 2
49 27 0
57 21 0
Net_id 109
pin_num 2
38 50 0
52 38 0
Net_id 110
pin_num 2
24 24 0
17 19 0
Net_id 111
pin_num 2
0 2 0
9 11 0
Net_id 112
pin_num 2
18 10 0
23 11 0
Net_id 113
pin_num 2
9 14 0
35 25 0
Net_id 114
pin_num 2
46 2 0
58 10 0
Net_id 115
pin_num 2
4 55 0
17 54 0
Net_id 116
pin_num 2
59 5 0
52 13 0
Net_id 117
pin_num 2
32 54 0
36 46 0
Net_id 118
pin_num 2
58 14 0
52 24 0
Net_id 119
pin_num 2
5 21 0
29 35 0
Net_id 120
pin_num 2
3 31 0
3 22 0
Net_id 121
pin_num 2
0 57 0
6 56 0
Net_id 122
pin_num 2
35 21 0
29 12 0
Net_id 123
pin_num 2
53 53 0
54 50 0
Net_id 124
pin_num 2
25 46 0
36 42 0
Net_id 125
pin_num 2
35 20 0
55 44 0
Net_id 126
pin_num 2
58 11 0
46 24 0
Net_id 127
pin_num 2
19 35 0
2 42 0
Net_id 128
pin_num 2
51 20 0
45 28 0
Net_id 129
pin_num 2
34 37 0
46 36 0
Net_id 130
pin_num 2
9 51 0
7 36 0
Net_id 131
pin_num 2
6 27 0
11 6 0
Net_id 132
pin_num 2
36 27 0
25 29 0
Net_id 133
pin_num 2
18 17 0
9 9 0
Net_id 134
pin_num 2
15 41 0
22 50 0
Net_id 135
pin_num 2
9 12 0
1 11 0
Net_id 136
pin_num 2
11 38 0
2 55 0
Net_id 137
pin_num 2
39 42 0
32 37 0
Net_id 138
pin_num 2
52 26 0
56 25 0
Net_id 139
pin_num 2
44 7 0
51 44 0
Net_id 140
pin_num 2
1 24 0
1 8 0
Net_id 141
pin_num 2
11 27 0
31 35 0
Net_id 142
pin_num 2
23 38 0
29 41 0
Net_id 143
pin_num 2
7 45 0
5 32 0
Net_id 144
pin_num 2
1 30 0
13 35 0
Net_id 145
pin_num 2
23 50 0
48 56 0
Net_id 146
pin_num 2
54 57 0
37 50 0
Net_id 147
pin_num 2
27 44 0
31 47 0
Net_id 148
pin_num 2
57 50 0
51 53 0
Net_id 149
pin_num 2
1 56 0
8 53 0
Net_id 150
pin_num 2
17 11 0
26 23 0
Net_id 151
pin_num 2
56 28 0
31 22 0
Net_id 152
pin_num 2
39 33 0
55 55 0
Net_id 153
pin_num 2
30 29 0
16 47 0
Net_id 154
pin_num 2
55 57 0
51 50 0
Net_id 155
pin_num 2
23 57 0
31 53 0
Net_id 156
pin_num 2
39 47 0
45 54 0
Net_id 157
pin_num 2
29 9 0
33 4 0
Net_id 158
pin_num 2
19 8 0
2 15 0
Net_id 159
pin_num 2
25 55 0
36 56 0
