Width 60
Height 60
Layer 6
Total_WL 7086
Obstacle_num 144
38 29 0 43 30 0
33 25 0 40 26 0
49 41 0 53 42 0
22 32 0 29 33 0
9 5 0 15 6 0
34 44 0 37 45 0
36 54 0 40 55 0
5 52 0 11 53 0
4 30 0 14 31 0
48 46 0 57 47 0
3 47 0 13 48 0
39 19 0 46 20 0
3 48 0 7 49 0
12 1 0 16 2 0
38 26 0 41 27 0
37 57 0 47 58 0
16 31 0 23 32 0
13 27 0 23 28 0
3 28 0 10 29 0
38 3 0 43 4 0
7 24 0 14 25 0
11 4 0 21 5 0
34 7 0 39 8 0
14 3 0 17 4 0
4 11 1 5 17 1
3 6 1 4 10 1
18 13 1 19 22 1
56 9 1 57 12 1
44 25 1 45 35 1
48 9 1 49 19 1
5 38 1 6 46 1
16 46 1 17 49 1
34 22 1 35 27 1
12 5 1 13 9 1
24 30 1 25 33 1
14 5 1 15 11 1
39 5 1 40 10 1
25 18 1 26 27 1
50 50 1 51 58 1
40 54 1 41 57 1
46 16 1 47 19 1
43 36 1 44 43 1
24 40 1 25 45 1
58 45 1 59 52 1
5 49 1 6 53 1
7 50 1 8 53 1
19 14 1 20 19 1
25 33 1 26 41 1
22 8 2 27 9 2
6 49 2 11 50 2
4 27 2 12 28 2
27 37 2 34 38 2
41 1 2 46 2 2
4 46 2 12 47 2
53 7 2 57 8 2
53 28 2 57 29 2
25 14 2 32 15 2
36 16 2 46 17 2
19 48 2 27 49 2
38 37 2 47 38 2
23 20 2 31 21 2
28 35 2 38 36 2
30 1 2 36 2 2
21 32 2 31 33 2
22 19 2 30 20 2
45 23 2 54 24 2
12 34 2 18 35 2
33 52 2 37 53 2
24 43 2 31 44 2
35 10 2 41 11 2
2 58 2 8 59 2
47 48 2 55 49 2
20 26 3 21 35 3
33 8 3 34 18 3
40 17 3 41 27 3
24 8 3 25 17 3
26 1 3 27 9 3
12 42 3 13 52 3
45 16 3 46 21 3
8 23 3 9 31 3
52 32 3 53 42 3
49 42 3 50 52 3
48 13 3 49 23 3
26 46 3 27 51 3
58 47 3 59 51 3
32 37 3 33 45 3
31 0 3 32 6 3
55 37 3 56 47 3
56 30 3 57 38 3
34 41 3 35 49 3
25 46 3 26 50 3
53 27 3 54 34 3
22 42 3 23 51 3
47 25 3 48 28 3
20 6 3 21 16 3
53 50 3 54 58 3
4 48 4 14 49 4
29 2 4 34 3 4
9 55 4 18 56 4
33 6 4 43 7 4
31 44 4 39 45 4
29 48 4 39 49 4
27 30 4 37 31 4
35 23 4 43 24 4
38 3 4 45 4 4
8 29 4 17 30 4
54 39 4 59 40 4
26 11 4 31 12 4
14 27 4 21 28 4
5 52 4 15 53 4
46 49 4 50 50 4
14 20 4 21 21 4
8 0 4 15 1 4
7 4 4 16 5 4
35 16 4 41 17 4
32 31 4 37 32 4
2 37 4 12 38 4
40 38 4 48 39 4
49 27 4 55 28 4
7 18 4 12 19 4
1 20 5 2 30 5
31 38 5 32 48 5
49 9 5 50 13 5
28 29 5 29 35 5
47 47 5 48 55 5
27 25 5 28 33 5
57 45 5 58 48 5
14 22 5 15 27 5
13 34 5 14 40 5
38 43 5 39 47 5
51 4 5 52 13 5
23 6 5 24 16 5
10 44 5 11 47 5
45 19 5 46 29 5
56 49 5 57 59 5
2 26 5 3 34 5
58 4 5 59 14 5
40 20 5 41 24 5
53 38 5 54 47 5
43 23 5 44 26 5
26 46 5 27 49 5
44 29 5 45 36 5
50 27 5 51 32 5
48 9 5 49 19 5
Net_num 162
Net_id 0
pin_num 5
9 10 0
0 4 0
5 6 0
2 24 0
8 22 0
Net_id 1
pin_num 5
57 56 0
52 47 0
59 53 0
46 59 0
52 54 0
Net_id 2
pin_num 5
19 57 0
8 56 0
26 59 0
0 55 0
23 40 0
Net_id 3
pin_num 5
46 31 0
36 23 0
37 30 0
37 8 0
44 8 0
Net_id 4
pin_num 5
54 12 0
58 12 0
56 33 0
42 22 0
45 12 0
Net_id 5
pin_num 5
40 48 0
44 59 0
40 59 0
41 26 0
55 30 0
Net_id 6
pin_num 5
27 4 0
32 0 0
30 3 0
42 0 0
23 0 0
Net_id 7
pin_num 5
58 44 0
57 35 0
51 35 0
59 20 0
54 41 0
Net_id 8
pin_num 5
7 19 0
13 7 0
8 0 0
28 17 0
0 19 0
Net_id 9
pin_num 5
23 12 0
11 10 0
22 6 0
29 11 0
15 11 0
Net_id 10
pin_num 5
20 26 0
17 40 0
26 38 0
22 15 0
10 18 0
Net_id 11
pin_num 5
59 29 0
55 29 0
46 34 0
56 37 0
53 41 0
Net_id 12
pin_num 5
7 36 0
17 42 0
0 37 0
13 13 0
11 15 0
Net_id 13
pin_num 5
39 2 0
44 5 0
51 0 0
49 5 0
38 2 0
Net_id 14
pin_num 5
35 59 0
25 52 0
27 58 0
27 39 0
41 54 0
Net_id 15
pin_num 5
54 51 0
53 45 0
40 42 0
39 42 0
40 31 0
Net_id 16
pin_num 5
55 49 0
59 49 0
53 36 0
53 22 0
45 21 0
Net_id 17
pin_num 5
17 3 0
22 3 0
0 1 0
5 1 0
3 0 0
Net_id 18
pin_num 5
6 37 0
0 27 0
6 40 0
17 36 0
6 15 0
Net_id 19
pin_num 5
1 3 0
6 2 0
7 20 0
3 16 0
30 20 0
Net_id 20
pin_num 5
31 20 0
31 15 0
0 20 0
12 38 0
35 24 0
Net_id 21
pin_num 4
52 2 0
41 13 0
43 1 0
59 8 0
Net_id 22
pin_num 4
57 4 0
44 6 0
44 24 0
58 26 0
Net_id 23
pin_num 4
13 44 0
5 35 0
0 39 0
18 37 0
Net_id 24
pin_num 4
17 23 0
5 23 0
14 39 0
12 41 0
Net_id 25
pin_num 4
15 38 0
18 40 0
7 35 0
27 35 0
Net_id 26
pin_num 4
47 16 0
42 12 0
43 24 0
36 15 0
Net_id 27
pin_num 4
55 40 0
45 36 0
45 44 0
48 47 0
Net_id 28
pin_num 4
55 50 0
51 58 0
59 48 0
49 57 0
Net_id 29
pin_num 4
11 27 0
0 41 0
11 42 0
9 32 0
Net_id 30
pin_num 4
46 28 0
33 29 0
20 28 0
27 36 0
Net_id 31
pin_num 4
32 34 0
25 44 0
8 42 0
15 51 0
Net_id 32
pin_num 4
12 51 0
2 57 0
9 56 0
20 57 0
Net_id 33
pin_num 4
6 58 0
4 52 0
25 58 0
24 53 0
Net_id 34
pin_num 4
26 27 0
14 16 0
33 26 0
30 46 0
Net_id 35
pin_num 4
8 54 0
11 50 0
5 55 0
9 50 0
Net_id 36
pin_num 4
0 51 0
3 53 0
10 53 0
22 42 0
Net_id 37
pin_num 4
36 32 0
36 51 0
29 48 0
20 50 0
Net_id 38
pin_num 4
52 51 0
55 57 0
52 31 0
59 31 0
Net_id 39
pin_num 4
49 16 0
54 9 0
47 35 0
57 25 0
Net_id 40
pin_num 4
14 15 0
7 25 0
1 22 0
2 1 0
Net_id 41
pin_num 4
15 31 0
1 30 0
4 1 0
9 33 0
Net_id 42
pin_num 4
49 22 0
38 19 0
46 11 0
39 24 0
Net_id 43
pin_num 3
44 38 0
40 35 0
26 36 0
Net_id 44
pin_num 3
31 5 0
39 5 0
25 7 0
Net_id 45
pin_num 3
27 26 0
35 19 0
41 21 0
Net_id 46
pin_num 3
38 9 0
30 5 0
41 18 0
Net_id 47
pin_num 3
54 52 0
47 50 0
59 35 0
Net_id 48
pin_num 3
42 36 0
40 27 0
34 38 0
Net_id 49
pin_num 3
37 18 0
41 10 0
30 23 0
Net_id 50
pin_num 3
11 6 0
30 9 0
15 13 0
Net_id 51
pin_num 3
21 10 0
12 3 0
24 5 0
Net_id 52
pin_num 3
46 51 0
58 36 0
35 50 0
Net_id 53
pin_num 3
31 43 0
18 50 0
8 45 0
Net_id 54
pin_num 3
33 3 0
47 15 0
37 3 0
Net_id 55
pin_num 3
50 47 0
57 51 0
48 56 0
Net_id 56
pin_num 3
12 28 0
2 38 0
5 18 0
Net_id 57
pin_num 3
53 44 0
50 29 0
58 38 0
Net_id 58
pin_num 3
31 44 0
33 40 0
26 56 0
Net_id 59
pin_num 3
57 19 0
54 5 0
36 14 0
Net_id 60
pin_num 3
0 24 0
10 38 0
6 43 0
Net_id 61
pin_num 3
31 50 0
44 45 0
51 59 0
Net_id 62
pin_num 3
33 11 0
6 3 0
5 13 0
Net_id 63
pin_num 3
4 5 0
10 11 0
25 9 0
Net_id 64
pin_num 3
39 22 0
42 11 0
49 20 0
Net_id 65
pin_num 3
47 43 0
42 44 0
42 39 0
Net_id 66
pin_num 3
30 55 0
10 59 0
10 55 0
Net_id 67
pin_num 3
45 7 0
55 14 0
55 1 0
Net_id 68
pin_num 3
16 39 0
8 50 0
23 39 0
Net_id 69
pin_num 3
23 44 0
19 41 0
35 49 0
Net_id 70
pin_num 3
40 16 0
26 12 0
51 6 0
Net_id 71
pin_num 3
16 21 0
32 33 0
32 17 0
Net_id 72
pin_num 3
27 51 0
37 49 0
37 6 0
Net_id 73
pin_num 3
8 49 0
14 49 0
17 56 0
Net_id 74
pin_num 3
14 42 0
2 33 0
11 45 0
Net_id 75
pin_num 3
16 13 0
20 11 0
28 27 0
Net_id 76
pin_num 3
13 16 0
1 9 0
21 6 0
Net_id 77
pin_num 3
52 20 0
26 33 0
49 32 0
Net_id 78
pin_num 3
19 16 0
23 10 0
20 18 0
Net_id 79
pin_num 3
26 23 0
36 27 0
13 9 0
Net_id 80
pin_num 3
37 29 0
40 41 0
45 59 0
Net_id 81
pin_num 3
32 13 0
53 17 0
27 1 0
Net_id 82
pin_num 3
6 46 0
0 48 0
1 32 0
Net_id 83
pin_num 3
43 20 0
33 22 0
31 25 0
Net_id 84
pin_num 2
46 48 0
35 47 0
Net_id 85
pin_num 2
0 56 0
20 52 0
Net_id 86
pin_num 2
46 54 0
30 57 0
Net_id 87
pin_num 2
15 16 0
27 38 0
Net_id 88
pin_num 2
43 53 0
50 53 0
Net_id 89
pin_num 2
44 7 0
33 2 0
Net_id 90
pin_num 2
11 8 0
27 8 0
Net_id 91
pin_num 2
39 51 0
48 50 0
Net_id 92
pin_num 2
7 0 0
12 12 0
Net_id 93
pin_num 2
11 39 0
24 26 0
Net_id 94
pin_num 2
27 56 0
40 51 0
Net_id 95
pin_num 2
12 25 0
25 5 0
Net_id 96
pin_num 2
9 9 0
9 4 0
Net_id 97
pin_num 2
46 46 0
48 41 0
Net_id 98
pin_num 2
8 48 0
8 38 0
Net_id 99
pin_num 2
41 58 0
14 56 0
Net_id 100
pin_num 2
4 19 0
0 25 0
Net_id 101
pin_num 2
10 7 0
3 15 0
Net_id 102
pin_num 2
50 57 0
48 36 0
Net_id 103
pin_num 2
52 23 0
58 34 0
Net_id 104
pin_num 2
1 50 0
29 57 0
Net_id 105
pin_num 2
5 45 0
1 42 0
Net_id 106
pin_num 2
15 33 0
3 27 0
Net_id 107
pin_num 2
53 28 0
49 28 0
Net_id 108
pin_num 2
35 34 0
26 51 0
Net_id 109
pin_num 2
42 52 0
45 58 0
Net_id 110
pin_num 2
16 54 0
8 32 0
Net_id 111
pin_num 2
37 58 0
31 57 0
Net_id 112
pin_num 2
57 58 0
52 55 0
Net_id 113
pin_num 2
42 14 0
49 14 0
Net_id 114
pin_num 2
45 41 0
51 53 0
Net_id 115
pin_num 2
31 54 0
48 49 0
Net_id 116
pin_num 2
46 36 0
56 47 0
Net_id 117
pin_num 2
46 49 0
31 39 0
Net_id 118
pin_num 2
15 40 0
11 43 0
Net_id 119
pin_num 2
0 7 0
24 14 0
Net_id 120
pin_num 2
55 3 0
57 10 0
Net_id 121
pin_num 2
51 3 0
58 25 0
Net_id 122
pin_num 2
28 40 0
20 19 0
Net_id 123
pin_num 2
41 12 0
37 12 0
Net_id 124
pin_num 2
21 46 0
5 54 0
Net_id 125
pin_num 2
11 12 0
5 3 0
Net_id 126
pin_num 2
18 48 0
36 26 0
Net_id 127
pin_num 2
0 30 0
15 22 0
Net_id 128
pin_num 2
22 45 0
7 38 0
Net_id 129
pin_num 2
19 34 0
24 39 0
Net_id 130
pin_num 2
25 6 0
3 46 0
Net_id 131
pin_num 2
36 33 0
58 23 0
Net_id 132
pin_num 2
35 57 0
45 51 0
Net_id 133
pin_num 2
4 3 0
11 13 0
Net_id 134
pin_num 2
56 6 0
42 24 0
Net_id 135
pin_num 2
5 57 0
6 45 0
Net_id 136
pin_num 2
56 7 0
43 3 0
Net_id 137
pin_num 2
56 14 0
57 18 0
Net_id 138
pin_num 2
54 14 0
45 11 0
Net_id 139
pin_num 2
48 33 0
58 27 0
Net_id 140
pin_num 2
55 45 0
54 32 0
Net_id 141
pin_num 2
13 22 0
1 14 0
Net_id 142
pin_num 2
45 46 0
35 31 0
Net_id 143
pin_num 2
24 3 0
5 24 0
Net_id 144
pin_num 2
37 59 0
59 45 0
Net_id 145
pin_num 2
48 45 0
56 45 0
Net_id 146
pin_num 2
57 15 0
56 0 0
Net_id 147
pin_num 2
41 5 0
48 35 0
Net_id 148
pin_num 2
37 43 0
21 52 0
Net_id 149
pin_num 2
43 54 0
26 53 0
Net_id 150
pin_num 2
13 41 0
13 38 0
Net_id 151
pin_num 2
38 56 0
33 37 0
Net_id 152
pin_num 2
7 6 0
1 4 0
Net_id 153
pin_num 2
7 39 0
24 45 0
Net_id 154
pin_num 2
51 18 0
57 17 0
Net_id 155
pin_num 2
57 21 0
50 18 0
Net_id 156
pin_num 2
46 24 0
49 54 0
Net_id 157
pin_num 2
38 43 0
50 31 0
Net_id 158
pin_num 2
27 13 0
40 4 0
Net_id 159
pin_num 2
56 55 0
56 57 0
Net_id 160
pin_num 2
54 29 0
59 30 0
Net_id 161
pin_num 2
15 30 0
32 12 0
