Width 60
Height 60
Layer 6
Total_WL 6812
Obstacle_num 144
33 12 0 39 13 0
18 2 0 22 3 0
17 35 0 25 36 0
20 45 0 27 46 0
12 58 0 16 59 0
2 28 0 8 29 0
21 36 0 28 37 0
41 34 0 48 35 0
50 2 0 59 3 0
31 21 0 40 22 0
28 49 0 35 50 0
42 13 0 50 14 0
24 32 0 27 33 0
35 48 0 43 49 0
0 0 0 6 1 0
49 26 0 55 27 0
39 15 0 48 16 0
52 11 0 58 12 0
54 55 0 59 56 0
8 32 0 18 33 0
18 5 0 25 6 0
19 50 0 23 51 0
23 12 0 31 13 0
34 31 0 37 32 0
20 46 1 21 54 1
22 11 1 23 14 1
32 38 1 33 47 1
49 5 1 50 13 1
48 28 1 49 38 1
30 7 1 31 16 1
17 29 1 18 37 1
27 26 1 28 34 1
56 17 1 57 26 1
33 28 1 34 37 1
39 10 1 40 15 1
51 31 1 52 36 1
53 35 1 54 45 1
28 17 1 29 22 1
24 47 1 25 55 1
46 31 1 47 37 1
43 30 1 44 40 1
56 33 1 57 41 1
8 33 1 9 41 1
41 47 1 42 55 1
29 32 1 30 40 1
56 26 1 57 32 1
52 23 1 53 29 1
33 39 1 34 48 1
51 18 2 55 19 2
42 46 2 49 47 2
18 34 2 24 35 2
32 18 2 35 19 2
23 6 2 30 7 2
38 25 2 47 26 2
21 45 2 30 46 2
31 4 2 34 5 2
32 52 2 38 53 2
48 4 2 53 5 2
43 17 2 48 18 2
6 7 2 15 8 2
16 13 2 26 14 2
2 55 2 10 56 2
49 28 2 56 29 2
13 43 2 21 44 2
14 33 2 19 34 2
25 57 2 28 58 2
31 50 2 36 51 2
12 31 2 16 32 2
22 36 2 27 37 2
5 1 2 13 2 2
36 3 2 45 4 2
29 13 2 37 14 2
47 3 3 48 7 3
58 14 3 59 21 3
17 49 3 18 58 3
5 47 3 6 54 3
10 35 3 11 44 3
6 11 3 7 20 3
45 49 3 46 56 3
19 46 3 20 50 3
23 25 3 24 35 3
46 24 3 47 31 3
8 40 3 9 48 3
43 0 3 44 5 3
40 6 3 41 9 3
2 31 3 3 41 3
48 4 3 49 11 3
34 1 3 35 6 3
6 49 3 7 54 3
44 50 3 45 58 3
34 28 3 35 34 3
18 37 3 19 43 3
11 29 3 12 33 3
39 4 3 40 14 3
40 31 3 41 39 3
31 30 3 32 33 3
28 12 4 36 13 4
19 14 4 24 15 4
50 28 4 53 29 4
27 0 4 35 1 4
53 5 4 58 6 4
40 30 4 48 31 4
5 22 4 14 23 4
34 50 4 40 51 4
40 29 4 46 30 4
47 27 4 57 28 4
49 8 4 55 9 4
53 23 4 57 24 4
51 36 4 55 37 4
4 40 4 10 41 4
11 27 4 19 28 4
23 52 4 33 53 4
26 27 4 34 28 4
21 55 4 31 56 4
48 57 4 52 58 4
19 28 4 23 29 4
12 39 4 17 40 4
39 39 4 47 40 4
48 48 4 58 49 4
5 35 4 9 36 4
23 32 5 24 35 5
42 44 5 43 53 5
39 26 5 40 30 5
19 50 5 20 59 5
57 46 5 58 56 5
23 28 5 24 31 5
10 49 5 11 54 5
26 27 5 27 32 5
45 2 5 46 5 5
43 6 5 44 15 5
1 38 5 2 42 5
35 37 5 36 45 5
14 2 5 15 10 5
43 25 5 44 33 5
50 43 5 51 48 5
58 20 5 59 23 5
55 17 5 56 26 5
14 48 5 15 54 5
5 12 5 6 21 5
22 39 5 23 45 5
42 39 5 43 43 5
42 29 5 43 38 5
9 17 5 10 22 5
22 6 5 23 12 5
Net_num 162
Net_id 0
pin_num 5
8 19 0
13 7 0
29 14 0
23 7 0
14 0 0
Net_id 1
pin_num 5
12 24 0
17 15 0
17 24 0
17 19 0
18 17 0
Net_id 2
pin_num 5
17 55 0
19 58 0
19 49 0
0 53 0
43 58 0
Net_id 3
pin_num 5
39 45 0
38 38 0
27 39 0
31 56 0
40 59 0
Net_id 4
pin_num 5
32 17 0
35 23 0
42 23 0
51 19 0
35 27 0
Net_id 5
pin_num 5
1 31 0
0 43 0
10 51 0
0 30 0
19 36 0
Net_id 6
pin_num 5
28 35 0
37 25 0
36 40 0
31 38 0
31 20 0
Net_id 7
pin_num 5
12 20 0
20 12 0
31 18 0
20 13 0
14 36 0
Net_id 8
pin_num 5
43 17 0
47 17 0
44 8 0
28 15 0
36 0 0
Net_id 9
pin_num 5
4 3 0
7 15 0
19 0 0
0 5 0
8 2 0
Net_id 10
pin_num 5
38 33 0
41 24 0
32 30 0
41 18 0
39 27 0
Net_id 11
pin_num 5
7 34 0
5 16 0
0 29 0
5 41 0
2 31 0
Net_id 12
pin_num 5
15 43 0
14 45 0
5 45 0
12 40 0
18 59 0
Net_id 13
pin_num 5
38 54 0
54 54 0
37 59 0
53 46 0
57 59 0
Net_id 14
pin_num 5
42 8 0
48 21 0
45 42 0
59 48 0
59 32 0
Net_id 15
pin_num 5
45 23 0
56 15 0
59 33 0
59 28 0
49 22 0
Net_id 16
pin_num 5
55 6 0
49 0 0
50 1 0
56 1 0
59 4 0
Net_id 17
pin_num 5
42 37 0
51 45 0
42 43 0
50 44 0
59 45 0
Net_id 18
pin_num 5
17 37 0
23 50 0
23 19 0
6 24 0
30 51 0
Net_id 19
pin_num 5
40 28 0
46 28 0
42 14 0
59 16 0
57 28 0
Net_id 20
pin_num 4
56 9 0
59 12 0
35 11 0
32 12 0
Net_id 21
pin_num 4
12 0 0
7 1 0
30 1 0
25 8 0
Net_id 22
pin_num 4
27 29 0
13 29 0
13 35 0
0 15 0
Net_id 23
pin_num 4
57 48 0
48 48 0
51 54 0
54 56 0
Net_id 24
pin_num 4
50 27 0
54 25 0
44 26 0
58 22 0
Net_id 25
pin_num 4
47 47 0
52 39 0
39 46 0
39 55 0
Net_id 26
pin_num 4
9 9 0
14 15 0
16 0 0
0 11 0
Net_id 27
pin_num 4
45 33 0
49 32 0
58 28 0
56 32 0
Net_id 28
pin_num 4
52 51 0
44 50 0
58 41 0
54 42 0
Net_id 29
pin_num 4
38 56 0
29 51 0
29 47 0
5 47 0
Net_id 30
pin_num 4
58 12 0
41 8 0
51 1 0
55 1 0
Net_id 31
pin_num 4
34 9 0
25 9 0
41 9 0
35 6 0
Net_id 32
pin_num 4
33 18 0
38 6 0
36 25 0
30 19 0
Net_id 33
pin_num 4
25 5 0
30 6 0
17 6 0
19 16 0
Net_id 34
pin_num 4
22 2 0
30 2 0
26 17 0
38 4 0
Net_id 35
pin_num 4
19 22 0
27 13 0
31 22 0
21 3 0
Net_id 36
pin_num 4
45 59 0
41 57 0
35 44 0
33 48 0
Net_id 37
pin_num 4
45 48 0
43 45 0
40 41 0
43 56 0
Net_id 38
pin_num 4
29 17 0
32 20 0
48 20 0
29 3 0
Net_id 39
pin_num 4
10 31 0
18 19 0
3 30 0
1 25 0
Net_id 40
pin_num 4
22 39 0
16 31 0
20 23 0
39 26 0
Net_id 41
pin_num 3
2 9 0
15 15 0
19 10 0
Net_id 42
pin_num 3
28 25 0
21 21 0
23 9 0
Net_id 43
pin_num 3
44 55 0
58 39 0
35 34 0
Net_id 44
pin_num 3
19 45 0
14 51 0
44 58 0
Net_id 45
pin_num 3
57 52 0
55 59 0
27 53 0
Net_id 46
pin_num 3
8 59 0
1 56 0
33 59 0
Net_id 47
pin_num 3
48 0 0
41 5 0
37 14 0
Net_id 48
pin_num 3
5 44 0
18 53 0
9 43 0
Net_id 49
pin_num 3
54 46 0
56 59 0
33 51 0
Net_id 50
pin_num 3
2 26 0
8 23 0
0 1 0
Net_id 51
pin_num 3
43 4 0
52 4 0
28 7 0
Net_id 52
pin_num 3
0 18 0
4 19 0
1 10 0
Net_id 53
pin_num 3
40 34 0
39 31 0
53 38 0
Net_id 54
pin_num 3
56 24 0
47 16 0
30 29 0
Net_id 55
pin_num 3
12 15 0
0 2 0
11 46 0
Net_id 56
pin_num 3
1 51 0
20 57 0
0 56 0
Net_id 57
pin_num 3
27 7 0
16 21 0
0 10 0
Net_id 58
pin_num 3
29 36 0
44 32 0
20 34 0
Net_id 59
pin_num 3
8 33 0
1 30 0
5 59 0
Net_id 60
pin_num 3
9 13 0
24 7 0
2 4 0
Net_id 61
pin_num 3
51 49 0
58 54 0
26 53 0
Net_id 62
pin_num 3
13 43 0
29 48 0
1 37 0
Net_id 63
pin_num 3
52 29 0
56 47 0
59 30 0
Net_id 64
pin_num 3
34 13 0
50 21 0
34 15 0
Net_id 65
pin_num 3
39 7 0
13 0 0
28 11 0
Net_id 66
pin_num 3
4 4 0
20 4 0
40 4 0
Net_id 67
pin_num 3
24 50 0
34 51 0
30 34 0
Net_id 68
pin_num 3
54 35 0
57 26 0
37 11 0
Net_id 69
pin_num 3
24 27 0
6 30 0
22 30 0
Net_id 70
pin_num 3
27 16 0
18 28 0
22 53 0
Net_id 71
pin_num 3
39 17 0
48 15 0
18 22 0
Net_id 72
pin_num 3
25 10 0
42 5 0
54 14 0
Net_id 73
pin_num 3
36 1 0
35 8 0
15 10 0
Net_id 74
pin_num 3
52 42 0
37 54 0
55 47 0
Net_id 75
pin_num 3
38 43 0
46 48 0
26 33 0
Net_id 76
pin_num 3
4 44 0
3 57 0
1 49 0
Net_id 77
pin_num 3
58 40 0
52 40 0
55 17 0
Net_id 78
pin_num 3
36 26 0
22 28 0
13 51 0
Net_id 79
pin_num 3
38 40 0
46 40 0
52 35 0
Net_id 80
pin_num 3
4 57 0
24 43 0
1 53 0
Net_id 81
pin_num 2
48 29 0
58 38 0
Net_id 82
pin_num 2
24 31 0
18 32 0
Net_id 83
pin_num 2
18 50 0
14 54 0
Net_id 84
pin_num 2
1 41 0
8 56 0
Net_id 85
pin_num 2
12 22 0
1 9 0
Net_id 86
pin_num 2
57 42 0
55 38 0
Net_id 87
pin_num 2
32 37 0
34 40 0
Net_id 88
pin_num 2
7 36 0
17 41 0
Net_id 89
pin_num 2
3 59 0
21 52 0
Net_id 90
pin_num 2
27 37 0
20 25 0
Net_id 91
pin_num 2
57 43 0
57 24 0
Net_id 92
pin_num 2
58 4 0
49 2 0
Net_id 93
pin_num 2
36 28 0
14 18 0
Net_id 94
pin_num 2
9 17 0
0 9 0
Net_id 95
pin_num 2
40 0 0
25 15 0
Net_id 96
pin_num 2
55 45 0
57 44 0
Net_id 97
pin_num 2
38 28 0
34 25 0
Net_id 98
pin_num 2
24 56 0
10 46 0
Net_id 99
pin_num 2
28 6 0
7 2 0
Net_id 100
pin_num 2
28 36 0
4 47 0
Net_id 101
pin_num 2
1 42 0
28 33 0
Net_id 102
pin_num 2
37 51 0
40 55 0
Net_id 103
pin_num 2
53 56 0
41 55 0
Net_id 104
pin_num 2
18 47 0
6 27 0
Net_id 105
pin_num 2
44 31 0
37 57 0
Net_id 106
pin_num 2
58 20 0
38 8 0
Net_id 107
pin_num 2
6 19 0
32 5 0
Net_id 108
pin_num 2
31 19 0
56 54 0
Net_id 109
pin_num 2
46 1 0
57 17 0
Net_id 110
pin_num 2
8 3 0
4 15 0
Net_id 111
pin_num 2
20 39 0
8 41 0
Net_id 112
pin_num 2
40 1 0
58 10 0
Net_id 113
pin_num 2
31 23 0
55 43 0
Net_id 114
pin_num 2
45 32 0
50 6 0
Net_id 115
pin_num 2
43 35 0
50 35 0
Net_id 116
pin_num 2
23 13 0
38 2 0
Net_id 117
pin_num 2
21 47 0
13 41 0
Net_id 118
pin_num 2
42 25 0
50 24 0
Net_id 119
pin_num 2
27 11 0
12 3 0
Net_id 120
pin_num 2
32 38 0
37 40 0
Net_id 121
pin_num 2
42 35 0
37 22 0
Net_id 122
pin_num 2
20 3 0
13 6 0
Net_id 123
pin_num 2
49 52 0
57 25 0
Net_id 124
pin_num 2
54 41 0
42 30 0
Net_id 125
pin_num 2
19 48 0
10 47 0
Net_id 126
pin_num 2
57 37 0
51 24 0
Net_id 127
pin_num 2
26 52 0
16 34 0
Net_id 128
pin_num 2
21 33 0
2 48 0
Net_id 129
pin_num 2
51 31 0
59 31 0
Net_id 130
pin_num 2
49 57 0
58 57 0
Net_id 131
pin_num 2
1 43 0
15 39 0
Net_id 132
pin_num 2
23 4 0
10 16 0
Net_id 133
pin_num 2
9 48 0
8 54 0
Net_id 134
pin_num 2
37 26 0
48 24 0
Net_id 135
pin_num 2
35 30 0
33 14 0
Net_id 136
pin_num 2
59 52 0
49 58 0
Net_id 137
pin_num 2
49 11 0
40 11 0
Net_id 138
pin_num 2
6 23 0
3 27 0
Net_id 139
pin_num 2
28 57 0
32 57 0
Net_id 140
pin_num 2
31 33 0
25 23 0
Net_id 141
pin_num 2
19 41 0
37 47 0
Net_id 142
pin_num 2
6 16 0
13 25 0
Net_id 143
pin_num 2
19 26 0
0 8 0
Net_id 144
pin_num 2
27 21 0
12 8 0
Net_id 145
pin_num 2
53 36 0
59 34 0
Net_id 146
pin_num 2
50 10 0
46 18 0
Net_id 147
pin_num 2
20 17 0
10 34 0
Net_id 148
pin_num 2
43 43 0
49 36 0
Net_id 149
pin_num 2
13 8 0
22 3 0
Net_id 150
pin_num 2
21 43 0
23 34 0
Net_id 151
pin_num 2
45 8 0
56 6 0
Net_id 152
pin_num 2
13 38 0
6 38 0
Net_id 153
pin_num 2
44 3 0
58 21 0
Net_id 154
pin_num 2
42 44 0
36 43 0
Net_id 155
pin_num 2
8 47 0
1 39 0
Net_id 156
pin_num 2
25 4 0
31 14 0
Net_id 157
pin_num 2
50 9 0
56 10 0
Net_id 158
pin_num 2
43 42 0
26 49 0
Net_id 159
pin_num 2
30 30 0
40 21 0
Net_id 160
pin_num 2
51 25 0
50 34 0
Net_id 161
pin_num 2
27 20 0
21 32 0
