Width 60
Height 60
Layer 6
Total_WL 6732
Obstacle_num 144
38 39 0 43 40 0
27 56 0 32 57 0
45 14 0 52 15 0
26 43 0 32 44 0
6 26 0 14 27 0
2 47 0 11 48 0
40 32 0 47 33 0
6 54 0 12 55 0
8 49 0 12 50 0
45 8 0 55 9 0
5 11 0 10 12 0
33 11 0 40 12 0
21 42 0 24 43 0
47 44 0 54 45 0
55 30 0 59 31 0
12 39 0 15 40 0
37 34 0 46 35 0
20 37 0 23 38 0
38 16 0 44 17 0
7 23 0 14 24 0
53 12 0 58 13 0
45 46 0 50 47 0
5 55 0 9 56 0
50 49 0 53 50 0
9 12 1 10 16 1
38 42 1 39 47 1
13 0 1 14 10 1
46 4 1 47 12 1
18 9 1 19 19 1
49 45 1 50 54 1
33 16 1 34 22 1
8 36 1 9 45 1
19 42 1 20 46 1
26 43 1 27 50 1
6 28 1 7 38 1
13 51 1 14 54 1
24 47 1 25 51 1
51 38 1 52 43 1
52 16 1 53 19 1
16 22 1 17 25 1
33 49 1 34 54 1
7 4 1 8 12 1
2 33 1 3 43 1
36 39 1 37 47 1
58 5 1 59 8 1
35 15 1 36 23 1
24 29 1 25 37 1
43 33 1 44 40 1
36 8 2 43 9 2
43 25 2 50 26 2
47 3 2 52 4 2
32 45 2 37 46 2
26 2 2 32 3 2
14 14 2 21 15 2
46 10 2 49 11 2
36 10 2 45 11 2
13 6 2 22 7 2
22 7 2 26 8 2
33 21 2 43 22 2
2 14 2 11 15 2
3 29 2 12 30 2
19 2 2 26 3 2
33 16 2 39 17 2
50 43 2 54 44 2
44 17 2 51 18 2
3 43 2 7 44 2
8 44 2 14 45 2
42 41 2 48 42 2
49 51 2 54 52 2
39 57 2 43 58 2
40 58 2 44 59 2
32 27 2 42 28 2
12 36 3 13 41 3
29 3 3 30 6 3
5 20 3 6 27 3
11 25 3 12 30 3
18 51 3 19 58 3
58 55 3 59 58 3
39 50 3 40 59 3
32 40 3 33 48 3
1 42 3 2 50 3
36 6 3 37 15 3
11 47 3 12 53 3
4 16 3 5 25 3
47 37 3 48 44 3
47 32 3 48 36 3
20 30 3 21 39 3
40 7 3 41 15 3
10 44 3 11 52 3
44 20 3 45 29 3
16 23 3 17 29 3
34 48 3 35 54 3
54 23 3 55 31 3
0 26 3 1 34 3
48 9 3 49 15 3
20 21 3 21 26 3
38 47 4 43 48 4
48 30 4 55 31 4
21 56 4 26 57 4
10 58 4 19 59 4
44 6 4 54 7 4
52 3 4 57 4 4
38 45 4 46 46 4
30 46 4 35 47 4
34 17 4 41 18 4
37 1 4 45 2 4
23 45 4 30 46 4
39 37 4 47 38 4
19 16 4 28 17 4
35 9 4 38 10 4
50 1 4 59 2 4
42 48 4 50 49 4
8 52 4 15 53 4
40 38 4 49 39 4
10 10 4 14 11 4
14 21 4 17 22 4
14 16 4 19 17 4
48 17 4 57 18 4
5 35 4 11 36 4
22 54 4 29 55 4
50 5 5 51 8 5
56 19 5 57 27 5
12 11 5 13 14 5
43 11 5 44 21 5
11 17 5 12 22 5
1 26 5 2 30 5
32 29 5 33 34 5
27 2 5 28 8 5
21 54 5 22 57 5
9 38 5 10 47 5
27 19 5 28 27 5
4 15 5 5 24 5
38 42 5 39 45 5
1 17 5 2 21 5
23 44 5 24 53 5
10 24 5 11 27 5
11 49 5 12 54 5
47 25 5 48 28 5
44 24 5 45 30 5
13 53 5 14 57 5
31 11 5 32 19 5
23 20 5 24 28 5
17 13 5 18 17 5
9 50 5 10 54 5
Net_num 162
Net_id 0
pin_num 5
4 22 0
21 16 0
41 18 0
36 8 0
9 31 0
Net_id 1
pin_num 5
31 48 0
51 50 0
51 33 0
59 50 0
36 51 0
Net_id 2
pin_num 5
14 17 0
17 7 0
8 2 0
9 7 0
36 5 0
Net_id 3
pin_num 5
17 10 0
28 16 0
27 40 0
22 33 0
15 18 0
Net_id 4
pin_num 5
37 14 0
33 14 0
35 3 0
12 8 0
34 25 0
Net_id 5
pin_num 5
50 33 0
48 21 0
42 15 0
42 44 0
25 27 0
Net_id 6
pin_num 5
11 43 0
11 36 0
24 36 0
21 22 0
30 31 0
Net_id 7
pin_num 5
12 1 0
3 0 0
6 15 0
0 16 0
25 9 0
Net_id 8
pin_num 5
27 32 0
19 24 0
25 13 0
5 26 0
7 16 0
Net_id 9
pin_num 5
3 27 0
7 25 0
0 34 0
9 0 0
14 1 0
Net_id 10
pin_num 5
35 21 0
47 22 0
46 16 0
59 16 0
52 32 0
Net_id 11
pin_num 5
15 56 0
23 56 0
22 41 0
16 38 0
0 48 0
Net_id 12
pin_num 5
29 0 0
10 2 0
17 4 0
22 6 0
10 10 0
Net_id 13
pin_num 5
16 37 0
3 39 0
9 50 0
15 44 0
0 53 0
Net_id 14
pin_num 5
38 43 0
25 50 0
34 54 0
15 59 0
30 26 0
Net_id 15
pin_num 5
26 24 0
30 24 0
46 24 0
36 25 0
31 32 0
Net_id 16
pin_num 5
15 21 0
21 21 0
10 21 0
15 25 0
25 25 0
Net_id 17
pin_num 5
15 41 0
8 45 0
25 46 0
14 59 0
0 43 0
Net_id 18
pin_num 5
54 11 0
38 12 0
44 15 0
36 0 0
53 1 0
Net_id 19
pin_num 4
48 12 0
39 7 0
52 6 0
55 9 0
Net_id 20
pin_num 4
51 43 0
48 59 0
50 37 0
35 59 0
Net_id 21
pin_num 4
51 24 0
44 30 0
55 25 0
25 30 0
Net_id 22
pin_num 4
59 25 0
59 30 0
59 37 0
48 36 0
Net_id 23
pin_num 4
14 43 0
12 53 0
12 34 0
36 53 0
Net_id 24
pin_num 4
30 45 0
37 49 0
33 23 0
23 40 0
Net_id 25
pin_num 4
19 33 0
24 28 0
44 28 0
47 30 0
Net_id 26
pin_num 4
46 44 0
26 23 0
50 35 0
45 50 0
Net_id 27
pin_num 4
23 49 0
42 47 0
41 25 0
51 45 0
Net_id 28
pin_num 4
49 47 0
59 43 0
54 54 0
40 48 0
Net_id 29
pin_num 4
7 41 0
15 45 0
27 44 0
17 35 0
Net_id 30
pin_num 4
32 23 0
13 20 0
19 40 0
27 33 0
Net_id 31
pin_num 4
49 17 0
41 17 0
32 17 0
42 23 0
Net_id 32
pin_num 4
22 30 0
8 30 0
14 15 0
25 26 0
Net_id 33
pin_num 4
33 22 0
23 30 0
32 2 0
43 31 0
Net_id 34
pin_num 4
9 12 0
29 12 0
16 2 0
33 15 0
Net_id 35
pin_num 4
51 21 0
45 26 0
57 26 0
59 51 0
Net_id 36
pin_num 4
8 28 0
16 35 0
0 37 0
14 40 0
Net_id 37
pin_num 4
21 38 0
16 32 0
16 10 0
0 25 0
Net_id 38
pin_num 4
29 14 0
29 6 0
9 8 0
22 26 0
Net_id 39
pin_num 3
4 9 0
1 1 0
8 0 0
Net_id 40
pin_num 3
22 59 0
30 47 0
17 52 0
Net_id 41
pin_num 3
56 40 0
53 30 0
58 31 0
Net_id 42
pin_num 3
23 20 0
18 20 0
50 20 0
Net_id 43
pin_num 3
10 17 0
1 24 0
2 28 0
Net_id 44
pin_num 3
0 20 0
12 18 0
24 27 0
Net_id 45
pin_num 3
56 52 0
40 46 0
59 57 0
Net_id 46
pin_num 3
5 16 0
3 4 0
2 29 0
Net_id 47
pin_num 3
30 0 0
39 12 0
26 3 0
Net_id 48
pin_num 3
4 30 0
0 54 0
21 54 0
Net_id 49
pin_num 3
23 58 0
13 47 0
53 58 0
Net_id 50
pin_num 3
34 37 0
45 38 0
44 59 0
Net_id 51
pin_num 3
42 54 0
38 53 0
59 56 0
Net_id 52
pin_num 3
47 29 0
46 40 0
28 54 0
Net_id 53
pin_num 3
29 20 0
39 19 0
48 13 0
Net_id 54
pin_num 3
46 3 0
59 10 0
26 1 0
Net_id 55
pin_num 3
34 45 0
24 55 0
58 54 0
Net_id 56
pin_num 3
2 55 0
4 59 0
3 55 0
Net_id 57
pin_num 3
16 18 0
24 1 0
12 14 0
Net_id 58
pin_num 3
46 1 0
59 19 0
49 37 0
Net_id 59
pin_num 3
42 22 0
51 28 0
25 29 0
Net_id 60
pin_num 3
49 36 0
59 52 0
54 20 0
Net_id 61
pin_num 3
38 5 0
59 6 0
51 19 0
Net_id 62
pin_num 3
47 49 0
34 55 0
19 57 0
Net_id 63
pin_num 3
54 17 0
59 7 0
47 7 0
Net_id 64
pin_num 3
14 51 0
19 48 0
15 46 0
Net_id 65
pin_num 3
17 40 0
10 42 0
1 58 0
Net_id 66
pin_num 3
27 16 0
13 25 0
0 18 0
Net_id 67
pin_num 3
49 13 0
53 15 0
49 0 0
Net_id 68
pin_num 3
19 56 0
30 42 0
26 59 0
Net_id 69
pin_num 3
5 40 0
18 34 0
6 59 0
Net_id 70
pin_num 3
7 35 0
10 27 0
5 57 0
Net_id 71
pin_num 3
12 50 0
17 57 0
2 52 0
Net_id 72
pin_num 3
25 32 0
8 27 0
9 52 0
Net_id 73
pin_num 3
1 33 0
17 24 0
2 43 0
Net_id 74
pin_num 3
57 54 0
49 41 0
51 32 0
Net_id 75
pin_num 3
31 27 0
28 21 0
28 7 0
Net_id 76
pin_num 2
38 41 0
23 28 0
Net_id 77
pin_num 2
4 34 0
11 20 0
Net_id 78
pin_num 2
48 7 0
58 22 0
Net_id 79
pin_num 2
17 45 0
31 38 0
Net_id 80
pin_num 2
50 41 0
54 43 0
Net_id 81
pin_num 2
42 18 0
50 34 0
Net_id 82
pin_num 2
54 16 0
57 15 0
Net_id 83
pin_num 2
46 9 0
50 6 0
Net_id 84
pin_num 2
20 47 0
32 43 0
Net_id 85
pin_num 2
55 4 0
18 4 0
Net_id 86
pin_num 2
14 34 0
21 11 0
Net_id 87
pin_num 2
36 46 0
19 37 0
Net_id 88
pin_num 2
2 19 0
12 27 0
Net_id 89
pin_num 2
56 59 0
56 51 0
Net_id 90
pin_num 2
7 20 0
12 13 0
Net_id 91
pin_num 2
1 44 0
13 58 0
Net_id 92
pin_num 2
50 57 0
37 45 0
Net_id 93
pin_num 2
14 58 0
5 46 0
Net_id 94
pin_num 2
4 25 0
23 13 0
Net_id 95
pin_num 2
24 9 0
20 1 0
Net_id 96
pin_num 2
4 50 0
8 52 0
Net_id 97
pin_num 2
3 46 0
11 56 0
Net_id 98
pin_num 2
35 42 0
43 46 0
Net_id 99
pin_num 2
33 32 0
36 26 0
Net_id 100
pin_num 2
31 14 0
14 47 0
Net_id 101
pin_num 2
52 31 0
41 15 0
Net_id 102
pin_num 2
39 54 0
17 47 0
Net_id 103
pin_num 2
19 50 0
20 57 0
Net_id 104
pin_num 2
15 48 0
31 57 0
Net_id 105
pin_num 2
29 22 0
21 7 0
Net_id 106
pin_num 2
6 18 0
3 2 0
Net_id 107
pin_num 2
55 29 0
54 29 0
Net_id 108
pin_num 2
0 49 0
21 57 0
Net_id 109
pin_num 2
29 33 0
52 29 0
Net_id 110
pin_num 2
10 31 0
25 11 0
Net_id 111
pin_num 2
8 48 0
5 52 0
Net_id 112
pin_num 2
48 28 0
39 26 0
Net_id 113
pin_num 2
38 29 0
25 34 0
Net_id 114
pin_num 2
59 39 0
49 56 0
Net_id 115
pin_num 2
14 45 0
11 50 0
Net_id 116
pin_num 2
24 40 0
37 25 0
Net_id 117
pin_num 2
1 39 0
5 53 0
Net_id 118
pin_num 2
7 2 0
5 4 0
Net_id 119
pin_num 2
38 51 0
43 47 0
Net_id 120
pin_num 2
26 7 0
35 23 0
Net_id 121
pin_num 2
52 38 0
46 36 0
Net_id 122
pin_num 2
36 3 0
45 9 0
Net_id 123
pin_num 2
28 6 0
25 5 0
Net_id 124
pin_num 2
8 10 0
4 26 0
Net_id 125
pin_num 2
19 38 0
9 21 0
Net_id 126
pin_num 2
24 39 0
35 34 0
Net_id 127
pin_num 2
58 4 0
56 2 0
Net_id 128
pin_num 2
38 38 0
14 13 0
Net_id 129
pin_num 2
27 34 0
30 32 0
Net_id 130
pin_num 2
4 51 0
0 58 0
Net_id 131
pin_num 2
31 41 0
13 55 0
Net_id 132
pin_num 2
5 24 0
18 40 0
Net_id 133
pin_num 2
39 35 0
33 38 0
Net_id 134
pin_num 2
52 23 0
55 18 0
Net_id 135
pin_num 2
23 38 0
23 35 0
Net_id 136
pin_num 2
15 13 0
38 25 0
Net_id 137
pin_num 2
13 11 0
7 28 0
Net_id 138
pin_num 2
43 55 0
29 59 0
Net_id 139
pin_num 2
7 56 0
5 59 0
Net_id 140
pin_num 2
14 24 0
10 24 0
Net_id 141
pin_num 2
7 14 0
4 13 0
Net_id 142
pin_num 2
40 47 0
26 56 0
Net_id 143
pin_num 2
25 24 0
13 29 0
Net_id 144
pin_num 2
29 21 0
31 33 0
Net_id 145
pin_num 2
51 34 0
58 42 0
Net_id 146
pin_num 2
4 42 0
33 13 0
Net_id 147
pin_num 2
24 33 0
18 41 0
Net_id 148
pin_num 2
49 32 0
47 33 0
Net_id 149
pin_num 2
1 41 0
5 39 0
Net_id 150
pin_num 2
36 50 0
42 50 0
Net_id 151
pin_num 2
15 50 0
18 43 0
Net_id 152
pin_num 2
53 42 0
36 34 0
Net_id 153
pin_num 2
36 15 0
40 15 0
Net_id 154
pin_num 2
37 56 0
32 33 0
Net_id 155
pin_num 2
28 38 0
29 35 0
Net_id 156
pin_num 2
6 31 0
5 19 0
Net_id 157
pin_num 2
7 43 0
2 48 0
Net_id 158
pin_num 2
48 35 0
28 55 0
Net_id 159
pin_num 2
8 19 0
36 22 0
Net_id 160
pin_num 2
59 59 0
57 57 0
Net_id 161
pin_num 2
52 43 0
54 22 0
