Width 60
Height 60
Layer 6
Total_WL 6581
Obstacle_num 144
4 10 0 12 11 0
14 38 0 22 39 0
31 57 0 38 58 0
1 49 0 7 50 0
32 44 0 35 45 0
38 11 0 45 12 0
51 9 0 55 10 0
23 45 0 33 46 0
38 52 0 41 53 0
46 39 0 55 40 0
7 4 0 14 5 0
41 12 0 46 13 0
20 28 0 30 29 0
32 27 0 42 28 0
33 40 0 40 41 0
6 52 0 10 53 0
24 21 0 27 22 0
4 12 0 11 13 0
8 18 0 17 19 0
38 46 0 46 47 0
21 11 0 27 12 0
30 9 0 36 10 0
31 18 0 39 19 0
25 48 0 33 49 0
27 37 1 28 41 1
4 40 1 5 47 1
55 27 1 56 30 1
11 32 1 12 41 1
39 42 1 40 46 1
24 4 1 25 10 1
36 15 1 37 20 1
0 55 1 1 58 1
34 17 1 35 20 1
48 36 1 49 43 1
3 12 1 4 21 1
34 41 1 35 50 1
25 50 1 26 58 1
14 42 1 15 46 1
10 5 1 11 10 1
16 54 1 17 58 1
9 13 1 10 21 1
18 5 1 19 12 1
41 38 1 42 48 1
37 33 1 38 42 1
21 8 1 22 17 1
11 48 1 12 56 1
23 25 1 24 30 1
7 31 1 8 36 1
14 19 2 24 20 2
33 14 2 37 15 2
55 42 2 59 43 2
11 14 2 14 15 2
17 48 2 26 49 2
40 57 2 49 58 2
11 18 2 19 19 2
2 10 2 6 11 2
6 54 2 13 55 2
2 56 2 6 57 2
36 17 2 44 18 2
9 4 2 16 5 2
33 15 2 37 16 2
40 9 2 49 10 2
12 38 2 22 39 2
22 45 2 27 46 2
23 49 2 27 50 2
4 41 2 11 42 2
4 13 2 10 14 2
10 2 2 15 3 2
53 40 2 59 41 2
40 24 2 48 25 2
7 20 2 13 21 2
10 17 2 15 18 2
24 0 3 25 6 3
53 28 3 54 38 3
50 8 3 51 12 3
3 26 3 4 36 3
13 25 3 14 33 3
12 36 3 13 42 3
22 45 3 23 51 3
8 24 3 9 34 3
53 13 3 54 19 3
29 42 3 30 46 3
52 49 3 53 54 3
23 37 3 24 40 3
51 37 3 52 40 3
10 6 3 11 9 3
20 13 3 21 23 3
38 52 3 39 59 3
1 44 3 2 51 3
50 25 3 51 29 3
28 14 3 29 24 3
25 4 3 26 11 3
54 25 3 55 32 3
23 13 3 24 20 3
13 0 3 14 10 3
26 4 3 27 10 3
3 38 4 7 39 4
47 34 4 51 35 4
53 8 4 59 9 4
45 41 4 48 42 4
47 45 4 54 46 4
37 28 4 47 29 4
24 0 4 32 1 4
55 45 4 59 46 4
2 4 4 12 5 4
5 39 4 15 40 4
50 54 4 53 55 4
9 52 4 19 53 4
48 44 4 52 45 4
32 53 4 35 54 4
14 25 4 23 26 4
49 20 4 55 21 4
23 23 4 29 24 4
33 23 4 37 24 4
37 39 4 41 40 4
18 57 4 21 58 4
11 3 4 14 4 4
29 57 4 36 58 4
6 40 4 16 41 4
1 14 4 9 15 4
47 12 5 48 18 5
27 34 5 28 39 5
21 47 5 22 50 5
22 12 5 23 16 5
34 17 5 35 24 5
44 36 5 45 41 5
7 0 5 8 6 5
10 31 5 11 39 5
43 8 5 44 18 5
29 35 5 30 38 5
43 1 5 44 4 5
38 47 5 39 55 5
41 24 5 42 34 5
55 13 5 56 21 5
12 9 5 13 12 5
43 56 5 44 59 5
5 37 5 6 40 5
23 51 5 24 54 5
40 17 5 41 20 5
46 19 5 47 23 5
25 45 5 26 48 5
11 12 5 12 18 5
46 44 5 47 52 5
41 38 5 42 47 5
Net_num 160
Net_id 0
pin_num 5
44 33 0
57 38 0
55 51 0
59 54 0
50 31 0
Net_id 1
pin_num 5
1 40 0
8 35 0
8 41 0
11 44 0
11 58 0
Net_id 2
pin_num 5
26 51 0
18 47 0
26 34 0
33 48 0
48 47 0
Net_id 3
pin_num 5
7 25 0
6 11 0
0 28 0
6 3 0
19 18 0
Net_id 4
pin_num 5
4 35 0
6 39 0
5 14 0
18 32 0
6 58 0
Net_id 5
pin_num 5
13 58 0
11 57 0
5 57 0
7 59 0
8 43 0
Net_id 6
pin_num 5
54 25 0
58 25 0
57 4 0
41 21 0
42 25 0
Net_id 7
pin_num 5
49 29 0
59 25 0
59 17 0
50 20 0
40 25 0
Net_id 8
pin_num 5
23 22 0
19 29 0
37 23 0
5 28 0
36 25 0
Net_id 9
pin_num 5
22 17 0
27 17 0
26 22 0
24 32 0
4 27 0
Net_id 10
pin_num 5
4 1 0
5 1 0
8 0 0
9 0 0
23 8 0
Net_id 11
pin_num 5
40 56 0
39 54 0
16 55 0
21 49 0
27 50 0
Net_id 12
pin_num 5
53 17 0
48 8 0
58 17 0
35 8 0
38 0 0
Net_id 13
pin_num 5
40 43 0
36 53 0
13 51 0
19 59 0
31 53 0
Net_id 14
pin_num 5
14 6 0
8 1 0
36 6 0
14 19 0
32 0 0
Net_id 15
pin_num 5
2 38 0
12 39 0
10 57 0
0 42 0
32 56 0
Net_id 16
pin_num 5
6 48 0
12 52 0
0 36 0
10 45 0
12 48 0
Net_id 17
pin_num 5
43 51 0
50 51 0
46 31 0
46 17 0
46 38 0
Net_id 18
pin_num 5
43 7 0
40 4 0
59 8 0
59 1 0
51 5 0
Net_id 19
pin_num 5
59 13 0
42 16 0
44 26 0
44 2 0
59 26 0
Net_id 20
pin_num 5
23 38 0
20 35 0
35 38 0
39 35 0
40 40 0
Net_id 21
pin_num 4
9 37 0
5 50 0
7 46 0
0 35 0
Net_id 22
pin_num 4
37 52 0
27 59 0
31 59 0
12 54 0
Net_id 23
pin_num 4
59 19 0
44 27 0
59 29 0
45 35 0
Net_id 24
pin_num 4
39 6 0
13 13 0
18 0 0
25 1 0
Net_id 25
pin_num 4
18 58 0
8 58 0
9 43 0
27 49 0
Net_id 26
pin_num 4
34 8 0
27 15 0
27 36 0
24 14 0
Net_id 27
pin_num 4
11 49 0
20 41 0
19 57 0
6 59 0
Net_id 28
pin_num 4
47 15 0
50 17 0
50 4 0
58 10 0
Net_id 29
pin_num 4
59 34 0
53 29 0
58 9 0
56 24 0
Net_id 30
pin_num 4
15 7 0
15 27 0
28 12 0
33 20 0
Net_id 31
pin_num 4
32 4 0
32 15 0
32 32 0
52 18 0
Net_id 32
pin_num 4
30 43 0
42 38 0
12 41 0
35 39 0
Net_id 33
pin_num 4
25 31 0
22 39 0
38 36 0
27 42 0
Net_id 34
pin_num 4
16 34 0
25 46 0
15 37 0
26 44 0
Net_id 35
pin_num 4
37 22 0
24 18 0
26 33 0
31 21 0
Net_id 36
pin_num 4
31 0 0
20 0 0
19 5 0
12 3 0
Net_id 37
pin_num 4
50 23 0
56 13 0
42 13 0
45 19 0
Net_id 38
pin_num 4
44 48 0
51 44 0
51 20 0
50 16 0
Net_id 39
pin_num 4
34 50 0
43 50 0
38 59 0
32 54 0
Net_id 40
pin_num 4
20 30 0
17 31 0
9 39 0
17 39 0
Net_id 41
pin_num 4
0 10 0
7 18 0
1 29 0
10 34 0
Net_id 42
pin_num 3
49 14 0
41 14 0
25 10 0
Net_id 43
pin_num 3
40 30 0
32 30 0
33 37 0
Net_id 44
pin_num 3
26 24 0
30 33 0
37 33 0
Net_id 45
pin_num 3
7 56 0
1 41 0
1 9 0
Net_id 46
pin_num 3
35 0 0
17 9 0
26 10 0
Net_id 47
pin_num 3
10 51 0
5 47 0
5 59 0
Net_id 48
pin_num 3
40 49 0
34 56 0
59 50 0
Net_id 49
pin_num 3
24 58 0
35 37 0
28 39 0
Net_id 50
pin_num 3
50 34 0
18 17 0
47 56 0
Net_id 51
pin_num 3
0 4 0
9 9 0
0 11 0
Net_id 52
pin_num 3
23 41 0
13 55 0
19 52 0
Net_id 53
pin_num 3
29 37 0
21 41 0
13 37 0
Net_id 54
pin_num 3
28 23 0
46 7 0
18 1 0
Net_id 55
pin_num 3
56 58 0
56 50 0
53 52 0
Net_id 56
pin_num 3
4 52 0
2 50 0
4 58 0
Net_id 57
pin_num 3
53 2 0
55 8 0
36 5 0
Net_id 58
pin_num 3
11 31 0
3 39 0
28 34 0
Net_id 59
pin_num 3
50 8 0
39 21 0
59 12 0
Net_id 60
pin_num 3
29 21 0
39 13 0
57 3 0
Net_id 61
pin_num 3
10 1 0
20 15 0
35 21 0
Net_id 62
pin_num 3
53 12 0
58 4 0
56 2 0
Net_id 63
pin_num 3
54 45 0
40 57 0
53 40 0
Net_id 64
pin_num 3
40 8 0
55 0 0
48 18 0
Net_id 65
pin_num 3
5 39 0
2 19 0
14 33 0
Net_id 66
pin_num 3
4 50 0
7 47 0
1 52 0
Net_id 67
pin_num 3
15 35 0
26 30 0
0 34 0
Net_id 68
pin_num 3
34 20 0
38 25 0
59 9 0
Net_id 69
pin_num 3
36 9 0
46 9 0
37 21 0
Net_id 70
pin_num 3
7 57 0
0 52 0
4 29 0
Net_id 71
pin_num 3
23 21 0
0 23 0
6 1 0
Net_id 72
pin_num 3
46 58 0
43 59 0
45 51 0
Net_id 73
pin_num 3
51 52 0
46 52 0
35 49 0
Net_id 74
pin_num 3
1 58 0
12 53 0
6 30 0
Net_id 75
pin_num 3
30 2 0
23 7 0
25 15 0
Net_id 76
pin_num 3
51 27 0
57 27 0
41 25 0
Net_id 77
pin_num 3
56 45 0
44 54 0
50 38 0
Net_id 78
pin_num 3
6 9 0
2 3 0
0 22 0
Net_id 79
pin_num 3
18 53 0
12 55 0
17 48 0
Net_id 80
pin_num 3
37 0 0
31 5 0
24 16 0
Net_id 81
pin_num 3
3 18 0
22 7 0
3 3 0
Net_id 82
pin_num 2
17 4 0
13 7 0
Net_id 83
pin_num 2
19 19 0
9 24 0
Net_id 84
pin_num 2
28 11 0
39 1 0
Net_id 85
pin_num 2
6 19 0
11 29 0
Net_id 86
pin_num 2
51 33 0
48 51 0
Net_id 87
pin_num 2
59 32 0
36 42 0
Net_id 88
pin_num 2
46 59 0
58 58 0
Net_id 89
pin_num 2
33 3 0
45 10 0
Net_id 90
pin_num 2
15 24 0
2 15 0
Net_id 91
pin_num 2
25 53 0
42 54 0
Net_id 92
pin_num 2
21 39 0
3 32 0
Net_id 93
pin_num 2
7 29 0
22 26 0
Net_id 94
pin_num 2
55 55 0
48 58 0
Net_id 95
pin_num 2
36 32 0
43 40 0
Net_id 96
pin_num 2
53 49 0
43 15 0
Net_id 97
pin_num 2
32 3 0
33 7 0
Net_id 98
pin_num 2
51 24 0
43 24 0
Net_id 99
pin_num 2
21 33 0
24 39 0
Net_id 100
pin_num 2
35 56 0
42 55 0
Net_id 101
pin_num 2
49 12 0
32 21 0
Net_id 102
pin_num 2
10 15 0
18 27 0
Net_id 103
pin_num 2
3 14 0
4 20 0
Net_id 104
pin_num 2
43 23 0
58 31 0
Net_id 105
pin_num 2
22 35 0
24 27 0
Net_id 106
pin_num 2
57 51 0
53 38 0
Net_id 107
pin_num 2
24 42 0
10 58 0
Net_id 108
pin_num 2
49 22 0
46 4 0
Net_id 109
pin_num 2
2 41 0
10 37 0
Net_id 110
pin_num 2
14 52 0
19 58 0
Net_id 111
pin_num 2
45 7 0
34 2 0
Net_id 112
pin_num 2
42 33 0
33 21 0
Net_id 113
pin_num 2
8 24 0
2 23 0
Net_id 114
pin_num 2
24 51 0
21 57 0
Net_id 115
pin_num 2
7 20 0
3 40 0
Net_id 116
pin_num 2
24 40 0
42 27 0
Net_id 117
pin_num 2
6 35 0
33 41 0
Net_id 118
pin_num 2
54 37 0
50 36 0
Net_id 119
pin_num 2
11 7 0
42 1 0
Net_id 120
pin_num 2
55 32 0
54 18 0
Net_id 121
pin_num 2
43 52 0
47 58 0
Net_id 122
pin_num 2
52 4 0
45 11 0
Net_id 123
pin_num 2
43 44 0
40 58 0
Net_id 124
pin_num 2
38 8 0
29 5 0
Net_id 125
pin_num 2
41 28 0
36 34 0
Net_id 126
pin_num 2
7 2 0
11 3 0
Net_id 127
pin_num 2
47 37 0
38 42 0
Net_id 128
pin_num 2
42 3 0
48 0 0
Net_id 129
pin_num 2
5 25 0
0 25 0
Net_id 130
pin_num 2
28 51 0
42 49 0
Net_id 131
pin_num 2
19 13 0
8 3 0
Net_id 132
pin_num 2
32 13 0
28 13 0
Net_id 133
pin_num 2
32 19 0
38 16 0
Net_id 134
pin_num 2
24 19 0
4 16 0
Net_id 135
pin_num 2
42 36 0
33 29 0
Net_id 136
pin_num 2
49 58 0
55 52 0
Net_id 137
pin_num 2
47 11 0
56 1 0
Net_id 138
pin_num 2
31 28 0
37 4 0
Net_id 139
pin_num 2
42 31 0
30 18 0
Net_id 140
pin_num 2
0 17 0
11 16 0
Net_id 141
pin_num 2
18 26 0
23 16 0
Net_id 142
pin_num 2
44 59 0
31 54 0
Net_id 143
pin_num 2
33 42 0
24 52 0
Net_id 144
pin_num 2
29 47 0
30 46 0
Net_id 145
pin_num 2
11 8 0
7 6 0
Net_id 146
pin_num 2
7 40 0
0 27 0
Net_id 147
pin_num 2
55 3 0
51 12 0
Net_id 148
pin_num 2
10 46 0
32 40 0
Net_id 149
pin_num 2
12 13 0
8 11 0
Net_id 150
pin_num 2
52 29 0
55 11 0
Net_id 151
pin_num 2
14 35 0
3 43 0
Net_id 152
pin_num 2
33 13 0
39 2 0
Net_id 153
pin_num 2
26 41 0
16 23 0
Net_id 154
pin_num 2
20 4 0
15 1 0
Net_id 155
pin_num 2
24 15 0
22 10 0
Net_id 156
pin_num 2
34 4 0
30 5 0
Net_id 157
pin_num 2
27 19 0
44 1 0
Net_id 158
pin_num 2
36 16 0
31 16 0
Net_id 159
pin_num 2
54 38 0
56 36 0
