Width 60
Height 60
Layer 6
Total_WL 6415
Obstacle_num 144
26 34 0 34 35 0
39 49 0 47 50 0
3 42 0 7 43 0
32 15 0 42 16 0
1 24 0 10 25 0
27 4 0 33 5 0
24 7 0 28 8 0
40 31 0 48 32 0
34 50 0 42 51 0
13 35 0 23 36 0
0 9 0 3 10 0
35 37 0 45 38 0
16 51 0 25 52 0
12 42 0 17 43 0
6 57 0 9 58 0
26 3 0 29 4 0
51 37 0 54 38 0
9 12 0 15 13 0
25 44 0 33 45 0
46 55 0 54 56 0
32 56 0 38 57 0
46 45 0 50 46 0
17 54 0 24 55 0
48 50 0 58 51 0
12 7 1 13 16 1
45 19 1 46 25 1
29 24 1 30 32 1
54 31 1 55 39 1
6 46 1 7 56 1
27 16 1 28 22 1
54 1 1 55 7 1
4 16 1 5 22 1
42 49 1 43 53 1
15 10 1 16 20 1
45 0 1 46 5 1
55 36 1 56 40 1
58 20 1 59 26 1
45 43 1 46 53 1
23 12 1 24 22 1
25 27 1 26 35 1
36 18 1 37 23 1
3 42 1 4 51 1
6 25 1 7 34 1
34 55 1 35 58 1
15 35 1 16 40 1
32 22 1 33 26 1
53 9 1 54 17 1
2 16 1 3 21 1
29 44 2 39 45 2
42 39 2 45 40 2
19 20 2 23 21 2
8 29 2 13 30 2
7 37 2 12 38 2
16 8 2 19 9 2
1 10 2 5 11 2
43 19 2 51 20 2
22 53 2 29 54 2
46 9 2 51 10 2
42 58 2 47 59 2
53 1 2 58 2 2
30 12 2 34 13 2
41 0 2 48 1 2
35 20 2 41 21 2
47 45 2 52 46 2
40 33 2 46 34 2
47 28 2 57 29 2
0 3 2 6 4 2
11 34 2 17 35 2
7 1 2 10 2 2
52 10 2 55 11 2
22 34 2 31 35 2
0 56 2 7 57 2
45 48 3 46 53 3
45 24 3 46 33 3
37 20 3 38 25 3
17 10 3 18 18 3
41 1 3 42 6 3
32 1 3 33 9 3
44 45 3 45 50 3
43 20 3 44 24 3
28 28 3 29 35 3
2 12 3 3 22 3
14 11 3 15 21 3
49 9 3 50 14 3
40 44 3 41 50 3
40 8 3 41 15 3
7 48 3 8 52 3
35 3 3 36 9 3
48 38 3 49 41 3
52 34 3 53 43 3
5 48 3 6 57 3
28 50 3 29 56 3
58 2 3 59 12 3
33 5 3 34 8 3
4 25 3 5 33 3
38 5 3 39 10 3
10 28 4 14 29 4
30 5 4 33 6 4
24 50 4 29 51 4
19 8 4 25 9 4
21 54 4 30 55 4
40 20 4 48 21 4
38 18 4 45 19 4
32 1 4 40 2 4
37 34 4 46 35 4
34 51 4 42 52 4
14 14 4 17 15 4
16 26 4 26 27 4
33 48 4 43 49 4
28 46 4 38 47 4
53 47 4 57 48 4
4 46 4 9 47 4
31 22 4 36 23 4
3 35 4 10 36 4
30 7 4 40 8 4
20 4 4 25 5 4
13 13 4 18 14 4
32 24 4 41 25 4
7 30 4 10 31 4
20 32 4 24 33 4
20 15 5 21 19 5
0 13 5 1 16 5
2 38 5 3 45 5
16 21 5 17 30 5
0 16 5 1 21 5
38 1 5 39 4 5
55 30 5 56 33 5
28 11 5 29 15 5
2 17 5 3 23 5
46 42 5 47 46 5
14 22 5 15 31 5
19 48 5 20 55 5
21 33 5 22 43 5
5 20 5 6 24 5
45 3 5 46 8 5
52 50 5 53 56 5
14 46 5 15 55 5
27 17 5 28 21 5
49 41 5 50 51 5
7 45 5 8 48 5
43 26 5 44 31 5
6 18 5 7 22 5
2 1 5 3 7 5
51 19 5 52 26 5
Net_num 158
Net_id 0
pin_num 5
47 15 0
48 7 0
55 14 0
58 7 0
31 11 0
Net_id 1
pin_num 5
16 21 0
27 15 0
23 11 0
42 14 0
10 11 0
Net_id 2
pin_num 5
43 55 0
34 58 0
54 53 0
25 58 0
21 58 0
Net_id 3
pin_num 5
43 3 0
59 1 0
59 23 0
53 3 0
59 24 0
Net_id 4
pin_num 5
41 8 0
29 13 0
13 9 0
30 19 0
20 9 0
Net_id 5
pin_num 5
43 12 0
46 14 0
36 0 0
43 4 0
39 18 0
Net_id 6
pin_num 5
26 22 0
12 22 0
4 22 0
17 12 0
9 0 0
Net_id 7
pin_num 5
14 9 0
7 8 0
0 5 0
0 13 0
19 2 0
Net_id 8
pin_num 5
36 14 0
31 13 0
40 1 0
30 20 0
35 21 0
Net_id 9
pin_num 5
43 40 0
48 27 0
59 33 0
59 36 0
37 35 0
Net_id 10
pin_num 5
55 24 0
57 5 0
51 5 0
36 24 0
58 26 0
Net_id 11
pin_num 5
10 47 0
16 36 0
12 36 0
10 38 0
36 39 0
Net_id 12
pin_num 5
12 28 0
3 27 0
5 7 0
15 0 0
6 20 0
Net_id 13
pin_num 5
36 6 0
48 0 0
49 0 0
44 17 0
22 12 0
Net_id 14
pin_num 5
17 36 0
24 36 0
18 13 0
20 59 0
15 59 0
Net_id 15
pin_num 5
0 4 0
8 0 0
0 0 0
0 14 0
11 15 0
Net_id 16
pin_num 5
20 11 0
17 8 0
19 25 0
0 21 0
31 0 0
Net_id 17
pin_num 5
39 1 0
23 5 0
33 10 0
16 7 0
29 7 0
Net_id 18
pin_num 4
18 45 0
10 48 0
11 43 0
7 59 0
Net_id 19
pin_num 4
53 28 0
45 25 0
48 16 0
37 19 0
Net_id 20
pin_num 4
46 37 0
50 54 0
50 27 0
59 56 0
Net_id 21
pin_num 4
40 47 0
38 42 0
39 26 0
27 33 0
Net_id 22
pin_num 4
43 41 0
38 54 0
30 41 0
39 25 0
Net_id 23
pin_num 4
34 10 0
40 7 0
22 10 0
57 25 0
Net_id 24
pin_num 4
51 1 0
42 2 0
45 13 0
51 13 0
Net_id 25
pin_num 4
38 14 0
48 15 0
53 8 0
41 26 0
Net_id 26
pin_num 4
18 52 0
11 57 0
38 57 0
21 59 0
Net_id 27
pin_num 4
5 13 0
11 19 0
8 30 0
0 32 0
Net_id 28
pin_num 4
21 10 0
11 9 0
1 12 0
16 8 0
Net_id 29
pin_num 4
41 7 0
49 5 0
52 1 0
47 40 0
Net_id 30
pin_num 4
53 38 0
43 30 0
58 45 0
56 35 0
Net_id 31
pin_num 4
10 41 0
8 36 0
0 37 0
0 41 0
Net_id 32
pin_num 4
53 18 0
49 12 0
58 16 0
55 22 0
Net_id 33
pin_num 4
32 50 0
34 48 0
23 50 0
31 59 0
Net_id 34
pin_num 4
19 53 0
9 53 0
8 53 0
14 45 0
Net_id 35
pin_num 4
16 31 0
28 32 0
46 32 0
21 21 0
Net_id 36
pin_num 4
21 3 0
35 2 0
34 7 0
48 2 0
Net_id 37
pin_num 4
17 58 0
24 57 0
36 57 0
22 42 0
Net_id 38
pin_num 3
58 13 0
41 6 0
56 8 0
Net_id 39
pin_num 3
39 59 0
34 47 0
32 43 0
Net_id 40
pin_num 3
58 52 0
46 38 0
34 37 0
Net_id 41
pin_num 3
22 44 0
12 49 0
12 33 0
Net_id 42
pin_num 3
30 16 0
17 16 0
44 23 0
Net_id 43
pin_num 3
0 43 0
14 33 0
25 35 0
Net_id 44
pin_num 3
0 35 0
1 31 0
7 34 0
Net_id 45
pin_num 3
17 13 0
5 29 0
31 2 0
Net_id 46
pin_num 3
32 0 0
35 13 0
32 7 0
Net_id 47
pin_num 3
52 34 0
38 39 0
33 35 0
Net_id 48
pin_num 3
0 54 0
9 54 0
0 39 0
Net_id 49
pin_num 3
59 20 0
52 20 0
46 40 0
Net_id 50
pin_num 3
50 33 0
42 17 0
59 25 0
Net_id 51
pin_num 3
28 49 0
45 38 0
31 38 0
Net_id 52
pin_num 3
30 28 0
42 32 0
25 36 0
Net_id 53
pin_num 3
33 36 0
27 36 0
48 36 0
Net_id 54
pin_num 3
43 42 0
54 42 0
58 33 0
Net_id 55
pin_num 3
21 45 0
33 26 0
19 29 0
Net_id 56
pin_num 3
45 47 0
27 28 0
38 17 0
Net_id 57
pin_num 3
42 50 0
54 55 0
21 55 0
Net_id 58
pin_num 3
1 7 0
6 6 0
17 4 0
Net_id 59
pin_num 3
5 38 0
0 36 0
9 48 0
Net_id 60
pin_num 3
21 49 0
33 43 0
38 29 0
Net_id 61
pin_num 3
51 57 0
57 57 0
30 59 0
Net_id 62
pin_num 3
11 26 0
0 22 0
12 26 0
Net_id 63
pin_num 3
55 43 0
52 19 0
38 16 0
Net_id 64
pin_num 3
53 30 0
47 38 0
58 35 0
Net_id 65
pin_num 3
29 51 0
46 43 0
51 51 0
Net_id 66
pin_num 3
27 27 0
44 27 0
45 37 0
Net_id 67
pin_num 3
50 18 0
51 10 0
30 3 0
Net_id 68
pin_num 3
16 26 0
26 19 0
4 23 0
Net_id 69
pin_num 3
28 47 0
7 53 0
19 41 0
Net_id 70
pin_num 3
48 26 0
57 4 0
59 41 0
Net_id 71
pin_num 3
10 34 0
5 39 0
1 15 0
Net_id 72
pin_num 3
51 53 0
58 31 0
38 49 0
Net_id 73
pin_num 3
30 57 0
44 46 0
37 42 0
Net_id 74
pin_num 3
54 52 0
44 52 0
28 52 0
Net_id 75
pin_num 3
14 26 0
17 20 0
15 27 0
Net_id 76
pin_num 3
36 32 0
25 13 0
20 30 0
Net_id 77
pin_num 3
54 49 0
53 29 0
59 51 0
Net_id 78
pin_num 3
44 2 0
54 16 0
54 51 0
Net_id 79
pin_num 3
38 44 0
48 29 0
28 37 0
Net_id 80
pin_num 2
12 55 0
16 55 0
Net_id 81
pin_num 2
10 19 0
5 19 0
Net_id 82
pin_num 2
56 2 0
53 7 0
Net_id 83
pin_num 2
26 13 0
25 23 0
Net_id 84
pin_num 2
5 46 0
15 46 0
Net_id 85
pin_num 2
6 23 0
17 34 0
Net_id 86
pin_num 2
14 34 0
16 33 0
Net_id 87
pin_num 2
18 55 0
25 48 0
Net_id 88
pin_num 2
11 20 0
14 16 0
Net_id 89
pin_num 2
26 55 0
17 47 0
Net_id 90
pin_num 2
2 57 0
23 43 0
Net_id 91
pin_num 2
33 53 0
21 52 0
Net_id 92
pin_num 2
41 22 0
20 17 0
Net_id 93
pin_num 2
57 41 0
44 22 0
Net_id 94
pin_num 2
56 42 0
58 43 0
Net_id 95
pin_num 2
45 18 0
56 10 0
Net_id 96
pin_num 2
21 31 0
3 19 0
Net_id 97
pin_num 2
56 7 0
51 20 0
Net_id 98
pin_num 2
31 5 0
37 5 0
Net_id 99
pin_num 2
56 40 0
48 44 0
Net_id 100
pin_num 2
19 34 0
22 31 0
Net_id 101
pin_num 2
7 18 0
29 17 0
Net_id 102
pin_num 2
54 41 0
47 32 0
Net_id 103
pin_num 2
7 56 0
5 53 0
Net_id 104
pin_num 2
21 50 0
16 56 0
Net_id 105
pin_num 2
16 24 0
40 6 0
Net_id 106
pin_num 2
14 37 0
9 39 0
Net_id 107
pin_num 2
55 44 0
59 40 0
Net_id 108
pin_num 2
59 14 0
51 29 0
Net_id 109
pin_num 2
51 23 0
57 33 0
Net_id 110
pin_num 2
39 54 0
44 41 0
Net_id 111
pin_num 2
15 56 0
21 40 0
Net_id 112
pin_num 2
40 2 0
34 40 0
Net_id 113
pin_num 2
54 54 0
26 31 0
Net_id 114
pin_num 2
32 17 0
32 21 0
Net_id 115
pin_num 2
0 11 0
10 33 0
Net_id 116
pin_num 2
59 39 0
40 34 0
Net_id 117
pin_num 2
18 48 0
9 52 0
Net_id 118
pin_num 2
7 27 0
14 25 0
Net_id 119
pin_num 2
37 31 0
17 19 0
Net_id 120
pin_num 2
3 30 0
3 15 0
Net_id 121
pin_num 2
29 28 0
17 25 0
Net_id 122
pin_num 2
33 20 0
31 35 0
Net_id 123
pin_num 2
5 12 0
2 6 0
Net_id 124
pin_num 2
39 17 0
48 21 0
Net_id 125
pin_num 2
27 32 0
21 33 0
Net_id 126
pin_num 2
56 4 0
41 13 0
Net_id 127
pin_num 2
37 30 0
27 23 0
Net_id 128
pin_num 2
42 46 0
44 26 0
Net_id 129
pin_num 2
15 20 0
7 16 0
Net_id 130
pin_num 2
25 34 0
16 28 0
Net_id 131
pin_num 2
9 5 0
10 7 0
Net_id 132
pin_num 2
34 55 0
21 42 0
Net_id 133
pin_num 2
6 12 0
0 18 0
Net_id 134
pin_num 2
52 17 0
58 17 0
Net_id 135
pin_num 2
22 2 0
28 5 0
Net_id 136
pin_num 2
45 8 0
53 9 0
Net_id 137
pin_num 2
47 51 0
34 53 0
Net_id 138
pin_num 2
41 32 0
28 22 0
Net_id 139
pin_num 2
58 54 0
53 27 0
Net_id 140
pin_num 2
5 59 0
1 45 0
Net_id 141
pin_num 2
8 45 0
2 52 0
Net_id 142
pin_num 2
40 44 0
56 58 0
Net_id 143
pin_num 2
40 51 0
31 51 0
Net_id 144
pin_num 2
37 57 0
51 54 0
Net_id 145
pin_num 2
14 49 0
42 57 0
Net_id 146
pin_num 2
6 47 0
22 28 0
Net_id 147
pin_num 2
17 49 0
19 42 0
Net_id 148
pin_num 2
29 19 0
43 5 0
Net_id 149
pin_num 2
6 1 0
0 1 0
Net_id 150
pin_num 2
46 41 0
56 51 0
Net_id 151
pin_num 2
45 4 0
50 7 0
Net_id 152
pin_num 2
20 14 0
7 29 0
Net_id 153
pin_num 2
32 6 0
44 4 0
Net_id 154
pin_num 2
13 26 0
9 32 0
Net_id 155
pin_num 2
48 56 0
53 44 0
Net_id 156
pin_num 2
7 20 0
18 12 0
Net_id 157
pin_num 2
58 1 0
33 16 0
