Width 60
Height 60
Layer 6
Total_WL 6888
Obstacle_num 144
6 35 0 11 36 0
37 50 0 41 51 0
15 42 0 22 43 0
22 30 0 32 31 0
19 54 0 29 55 0
40 43 0 46 44 0
26 22 0 34 23 0
35 28 0 45 29 0
55 0 0 59 1 0
37 25 0 40 26 0
6 46 0 10 47 0
0 28 0 8 29 0
47 57 0 56 58 0
49 52 0 54 53 0
49 31 0 59 32 0
21 20 0 25 21 0
14 48 0 22 49 0
35 52 0 43 53 0
43 14 0 52 15 0
27 19 0 30 20 0
2 32 0 7 33 0
32 2 0 40 3 0
22 45 0 32 46 0
16 30 0 22 31 0
53 40 1 54 49 1
7 41 1 8 49 1
30 29 1 31 38 1
49 17 1 50 24 1
13 3 1 14 10 1
54 50 1 55 56 1
36 29 1 37 37 1
18 38 1 19 48 1
9 43 1 10 47 1
25 27 1 26 33 1
44 4 1 45 11 1
43 26 1 44 36 1
30 5 1 31 11 1
38 15 1 39 22 1
31 42 1 32 51 1
35 10 1 36 17 1
36 43 1 37 48 1
14 49 1 15 53 1
54 9 1 55 12 1
6 3 1 7 9 1
50 44 1 51 48 1
56 24 1 57 34 1
20 22 1 21 28 1
29 51 1 30 56 1
29 10 2 36 11 2
37 7 2 47 8 2
15 31 2 21 32 2
6 51 2 15 52 2
35 51 2 39 52 2
15 7 2 24 8 2
49 47 2 55 48 2
50 15 2 57 16 2
13 19 2 19 20 2
8 17 2 14 18 2
14 28 2 19 29 2
19 37 2 25 38 2
15 54 2 22 55 2
15 27 2 24 28 2
35 26 2 39 27 2
4 6 2 10 7 2
10 33 2 19 34 2
51 13 2 54 14 2
47 29 2 52 30 2
36 31 2 44 32 2
39 12 2 46 13 2
18 1 2 22 2 2
8 57 2 13 58 2
27 36 2 33 37 2
33 43 3 34 53 3
47 0 3 48 10 3
51 52 3 52 59 3
8 48 3 9 52 3
32 51 3 33 59 3
34 28 3 35 36 3
46 30 3 47 34 3
42 3 3 43 11 3
54 2 3 55 5 3
26 12 3 27 16 3
49 14 3 50 23 3
9 44 3 10 53 3
53 7 3 54 17 3
7 0 3 8 6 3
17 49 3 18 52 3
51 45 3 52 52 3
8 43 3 9 48 3
44 10 3 45 13 3
4 32 3 5 42 3
6 3 3 7 10 3
16 8 3 17 11 3
19 41 3 20 44 3
39 5 3 40 14 3
55 9 3 56 15 3
34 57 4 39 58 4
51 12 4 55 13 4
29 30 4 37 31 4
44 37 4 48 38 4
7 50 4 10 51 4
48 8 4 58 9 4
15 39 4 18 40 4
54 6 4 57 7 4
12 56 4 18 57 4
10 18 4 20 19 4
4 17 4 11 18 4
3 34 4 13 35 4
50 39 4 54 40 4
23 40 4 29 41 4
42 11 4 52 12 4
1 6 4 10 7 4
46 36 4 52 37 4
46 56 4 51 57 4
54 55 4 59 56 4
31 52 4 40 53 4
33 32 4 43 33 4
0 56 4 4 57 4
35 29 4 42 30 4
34 49 4 37 50 4
12 28 5 13 36 5
29 23 5 30 28 5
37 49 5 38 52 5
1 38 5 2 43 5
17 27 5 18 31 5
44 6 5 45 9 5
16 37 5 17 40 5
55 34 5 56 39 5
35 40 5 36 43 5
47 10 5 48 15 5
32 12 5 33 18 5
22 46 5 23 55 5
11 12 5 12 18 5
45 34 5 46 40 5
22 3 5 23 7 5
10 21 5 11 28 5
56 52 5 57 55 5
30 40 5 31 49 5
5 20 5 6 27 5
17 41 5 18 44 5
56 34 5 57 41 5
52 42 5 53 52 5
42 5 5 43 15 5
46 15 5 47 24 5
Net_num 162
Net_id 0
pin_num 5
32 0 0
22 1 0
29 3 0
53 3 0
48 13 0
Net_id 1
pin_num 5
21 4 0
29 14 0
34 13 0
23 26 0
26 25 0
Net_id 2
pin_num 5
10 43 0
16 41 0
2 43 0
16 53 0
11 50 0
Net_id 3
pin_num 5
6 14 0
10 26 0
12 14 0
0 8 0
0 29 0
Net_id 4
pin_num 5
43 9 0
59 7 0
42 0 0
57 7 0
59 14 0
Net_id 5
pin_num 5
51 10 0
58 11 0
58 28 0
59 35 0
44 27 0
Net_id 6
pin_num 5
48 33 0
51 43 0
55 36 0
59 24 0
27 42 0
Net_id 7
pin_num 5
47 25 0
55 25 0
42 25 0
45 19 0
40 44 0
Net_id 8
pin_num 5
57 2 0
59 1 0
50 4 0
53 5 0
53 21 0
Net_id 9
pin_num 5
57 46 0
59 58 0
49 55 0
52 48 0
32 59 0
Net_id 10
pin_num 5
10 31 0
0 30 0
5 44 0
0 42 0
9 41 0
Net_id 11
pin_num 5
1 8 0
19 8 0
2 0 0
33 0 0
3 6 0
Net_id 12
pin_num 5
13 24 0
9 21 0
30 24 0
49 24 0
14 7 0
Net_id 13
pin_num 5
49 50 0
55 39 0
48 49 0
46 44 0
55 43 0
Net_id 14
pin_num 5
20 7 0
15 4 0
17 11 0
4 3 0
16 21 0
Net_id 15
pin_num 5
21 2 0
27 2 0
54 3 0
36 0 0
35 17 0
Net_id 16
pin_num 5
47 27 0
43 36 0
45 16 0
55 15 0
43 53 0
Net_id 17
pin_num 5
7 44 0
6 38 0
6 21 0
0 47 0
5 54 0
Net_id 18
pin_num 5
59 30 0
47 32 0
47 49 0
47 17 0
48 43 0
Net_id 19
pin_num 5
55 58 0
51 58 0
29 58 0
59 45 0
34 41 0
Net_id 20
pin_num 5
1 22 0
15 21 0
3 9 0
1 10 0
5 20 0
Net_id 21
pin_num 5
42 20 0
25 16 0
29 16 0
27 27 0
35 38 0
Net_id 22
pin_num 4
4 57 0
0 51 0
10 52 0
4 59 0
Net_id 23
pin_num 4
28 57 0
16 59 0
37 57 0
32 52 0
Net_id 24
pin_num 4
37 44 0
41 50 0
24 44 0
57 49 0
Net_id 25
pin_num 4
41 30 0
39 17 0
49 28 0
46 13 0
Net_id 26
pin_num 4
14 37 0
12 34 0
33 34 0
11 27 0
Net_id 27
pin_num 4
9 34 0
2 26 0
3 53 0
3 58 0
Net_id 28
pin_num 4
59 56 0
51 56 0
33 56 0
45 45 0
Net_id 29
pin_num 4
52 23 0
55 26 0
29 25 0
58 44 0
Net_id 30
pin_num 4
28 49 0
38 49 0
35 41 0
54 41 0
Net_id 31
pin_num 4
15 37 0
21 25 0
21 23 0
26 40 0
Net_id 32
pin_num 4
41 18 0
36 23 0
25 22 0
27 40 0
Net_id 33
pin_num 4
29 33 0
14 29 0
12 37 0
13 25 0
Net_id 34
pin_num 4
51 35 0
56 21 0
54 14 0
41 0 0
Net_id 35
pin_num 4
27 43 0
24 38 0
56 41 0
14 36 0
Net_id 36
pin_num 4
4 12 0
10 12 0
8 33 0
9 25 0
Net_id 37
pin_num 4
35 23 0
26 11 0
58 3 0
41 9 0
Net_id 38
pin_num 4
56 44 0
48 44 0
50 26 0
37 26 0
Net_id 39
pin_num 4
14 35 0
28 38 0
23 55 0
28 56 0
Net_id 40
pin_num 4
12 10 0
2 1 0
11 25 0
16 22 0
Net_id 41
pin_num 3
17 32 0
2 44 0
0 21 0
Net_id 42
pin_num 3
7 51 0
1 33 0
9 47 0
Net_id 43
pin_num 3
8 44 0
17 38 0
12 54 0
Net_id 44
pin_num 3
36 35 0
19 41 0
33 59 0
Net_id 45
pin_num 3
6 4 0
2 9 0
4 1 0
Net_id 46
pin_num 3
21 12 0
28 12 0
25 37 0
Net_id 47
pin_num 3
45 35 0
57 25 0
27 18 0
Net_id 48
pin_num 3
52 45 0
56 58 0
56 43 0
Net_id 49
pin_num 3
42 38 0
36 38 0
38 43 0
Net_id 50
pin_num 3
6 57 0
14 57 0
0 52 0
Net_id 51
pin_num 3
32 31 0
47 30 0
33 28 0
Net_id 52
pin_num 3
36 11 0
57 28 0
42 27 0
Net_id 53
pin_num 3
5 13 0
2 15 0
28 13 0
Net_id 54
pin_num 3
30 40 0
34 22 0
19 36 0
Net_id 55
pin_num 3
46 58 0
30 54 0
18 59 0
Net_id 56
pin_num 3
35 12 0
41 8 0
40 19 0
Net_id 57
pin_num 3
37 8 0
16 14 0
33 17 0
Net_id 58
pin_num 3
11 53 0
6 54 0
11 59 0
Net_id 59
pin_num 3
30 19 0
40 21 0
17 33 0
Net_id 60
pin_num 3
6 20 0
1 32 0
5 1 0
Net_id 61
pin_num 3
43 39 0
57 29 0
53 34 0
Net_id 62
pin_num 3
59 36 0
48 19 0
26 19 0
Net_id 63
pin_num 3
26 42 0
22 42 0
11 58 0
Net_id 64
pin_num 3
3 23 0
12 35 0
1 34 0
Net_id 65
pin_num 3
23 7 0
21 1 0
44 2 0
Net_id 66
pin_num 3
45 48 0
28 58 0
55 46 0
Net_id 67
pin_num 3
59 29 0
58 38 0
44 44 0
Net_id 68
pin_num 3
48 48 0
33 37 0
21 45 0
Net_id 69
pin_num 3
13 18 0
24 15 0
11 28 0
Net_id 70
pin_num 3
29 26 0
25 10 0
57 24 0
Net_id 71
pin_num 3
22 39 0
32 33 0
41 59 0
Net_id 72
pin_num 3
1 16 0
15 9 0
15 20 0
Net_id 73
pin_num 3
36 18 0
38 6 0
30 25 0
Net_id 74
pin_num 3
12 6 0
37 1 0
0 20 0
Net_id 75
pin_num 3
50 20 0
38 12 0
2 12 0
Net_id 76
pin_num 3
40 45 0
32 47 0
39 55 0
Net_id 77
pin_num 3
51 6 0
50 17 0
47 13 0
Net_id 78
pin_num 3
26 52 0
25 48 0
45 51 0
Net_id 79
pin_num 3
30 31 0
42 17 0
13 26 0
Net_id 80
pin_num 3
30 32 0
22 33 0
24 14 0
Net_id 81
pin_num 2
18 29 0
38 27 0
Net_id 82
pin_num 2
56 32 0
46 49 0
Net_id 83
pin_num 2
0 57 0
13 49 0
Net_id 84
pin_num 2
46 23 0
58 6 0
Net_id 85
pin_num 2
51 45 0
44 55 0
Net_id 86
pin_num 2
58 14 0
48 40 0
Net_id 87
pin_num 2
27 37 0
41 55 0
Net_id 88
pin_num 2
52 59 0
57 59 0
Net_id 89
pin_num 2
17 39 0
4 40 0
Net_id 90
pin_num 2
3 5 0
0 6 0
Net_id 91
pin_num 2
18 22 0
32 9 0
Net_id 92
pin_num 2
57 22 0
44 18 0
Net_id 93
pin_num 2
48 18 0
44 17 0
Net_id 94
pin_num 2
35 9 0
14 2 0
Net_id 95
pin_num 2
9 36 0
19 38 0
Net_id 96
pin_num 2
49 58 0
47 59 0
Net_id 97
pin_num 2
38 33 0
24 51 0
Net_id 98
pin_num 2
18 41 0
10 58 0
Net_id 99
pin_num 2
47 29 0
56 12 0
Net_id 100
pin_num 2
19 50 0
27 58 0
Net_id 101
pin_num 2
32 12 0
22 10 0
Net_id 102
pin_num 2
11 9 0
5 2 0
Net_id 103
pin_num 2
51 54 0
55 54 0
Net_id 104
pin_num 2
21 19 0
19 25 0
Net_id 105
pin_num 2
8 26 0
16 20 0
Net_id 106
pin_num 2
42 9 0
53 28 0
Net_id 107
pin_num 2
3 40 0
8 25 0
Net_id 108
pin_num 2
30 7 0
42 1 0
Net_id 109
pin_num 2
52 53 0
42 47 0
Net_id 110
pin_num 2
17 57 0
24 48 0
Net_id 111
pin_num 2
28 18 0
34 18 0
Net_id 112
pin_num 2
56 35 0
53 39 0
Net_id 113
pin_num 2
48 0 0
44 0 0
Net_id 114
pin_num 2
1 55 0
10 59 0
Net_id 115
pin_num 2
53 47 0
41 36 0
Net_id 116
pin_num 2
24 11 0
13 23 0
Net_id 117
pin_num 2
5 9 0
12 11 0
Net_id 118
pin_num 2
4 2 0
12 4 0
Net_id 119
pin_num 2
41 46 0
21 58 0
Net_id 120
pin_num 2
37 53 0
11 49 0
Net_id 121
pin_num 2
26 27 0
10 10 0
Net_id 122
pin_num 2
46 37 0
23 58 0
Net_id 123
pin_num 2
30 50 0
31 33 0
Net_id 124
pin_num 2
20 28 0
16 40 0
Net_id 125
pin_num 2
27 44 0
46 52 0
Net_id 126
pin_num 2
56 17 0
54 7 0
Net_id 127
pin_num 2
57 41 0
45 13 0
Net_id 128
pin_num 2
0 3 0
2 6 0
Net_id 129
pin_num 2
51 19 0
46 10 0
Net_id 130
pin_num 2
14 1 0
0 7 0
Net_id 131
pin_num 2
5 33 0
8 20 0
Net_id 132
pin_num 2
49 51 0
49 34 0
Net_id 133
pin_num 2
54 40 0
49 40 0
Net_id 134
pin_num 2
16 29 0
4 53 0
Net_id 135
pin_num 2
19 17 0
4 24 0
Net_id 136
pin_num 2
39 40 0
37 36 0
Net_id 137
pin_num 2
2 47 0
1 43 0
Net_id 138
pin_num 2
15 12 0
1 42 0
Net_id 139
pin_num 2
23 23 0
31 17 0
Net_id 140
pin_num 2
3 50 0
22 55 0
Net_id 141
pin_num 2
23 15 0
8 2 0
Net_id 142
pin_num 2
14 46 0
42 46 0
Net_id 143
pin_num 2
59 21 0
57 18 0
Net_id 144
pin_num 2
53 4 0
46 8 0
Net_id 145
pin_num 2
21 47 0
31 52 0
Net_id 146
pin_num 2
13 45 0
23 56 0
Net_id 147
pin_num 2
11 41 0
11 36 0
Net_id 148
pin_num 2
15 44 0
29 56 0
Net_id 149
pin_num 2
31 54 0
29 43 0
Net_id 150
pin_num 2
50 15 0
57 40 0
Net_id 151
pin_num 2
21 32 0
4 9 0
Net_id 152
pin_num 2
8 6 0
2 7 0
Net_id 153
pin_num 2
43 54 0
36 50 0
Net_id 154
pin_num 2
38 21 0
41 32 0
Net_id 155
pin_num 2
45 52 0
28 31 0
Net_id 156
pin_num 2
36 9 0
46 6 0
Net_id 157
pin_num 2
58 19 0
46 34 0
Net_id 158
pin_num 2
45 32 0
45 30 0
Net_id 159
pin_num 2
52 18 0
52 17 0
Net_id 160
pin_num 2
23 5 0
15 1 0
Net_id 161
pin_num 2
33 15 0
24 7 0
