Width 60
Height 60
Layer 6
Total_WL 6637
Obstacle_num 144
10 6 0 20 7 0
37 37 0 43 38 0
32 52 0 36 53 0
34 5 0 38 6 0
34 49 0 44 50 0
31 48 0 34 49 0
34 17 0 42 18 0
6 33 0 9 34 0
2 19 0 5 20 0
28 11 0 36 12 0
22 57 0 30 58 0
48 26 0 54 27 0
33 32 0 37 33 0
14 40 0 23 41 0
0 57 0 7 58 0
39 35 0 49 36 0
44 33 0 48 34 0
13 31 0 23 32 0
40 56 0 43 57 0
42 4 0 52 5 0
42 27 0 50 28 0
3 33 0 6 34 0
39 30 0 42 31 0
27 40 0 37 41 0
51 26 1 52 31 1
51 9 1 52 18 1
13 53 1 14 58 1
24 42 1 25 46 1
6 28 1 7 35 1
22 30 1 23 35 1
31 47 1 32 55 1
30 24 1 31 33 1
37 26 1 38 35 1
11 5 1 12 13 1
45 29 1 46 35 1
44 13 1 45 22 1
16 54 1 17 59 1
14 6 1 15 13 1
20 35 1 21 41 1
57 27 1 58 37 1
17 41 1 18 51 1
47 6 1 48 10 1
24 9 1 25 19 1
16 2 1 17 7 1
58 29 1 59 36 1
47 49 1 48 54 1
18 46 1 19 52 1
3 39 1 4 48 1
33 56 2 41 57 2
12 33 2 17 34 2
45 38 2 49 39 2
23 11 2 27 12 2
49 38 2 53 39 2
36 34 2 43 35 2
16 30 2 20 31 2
33 8 2 41 9 2
26 23 2 29 24 2
29 45 2 37 46 2
21 55 2 30 56 2
51 6 2 55 7 2
28 33 2 36 34 2
50 14 2 58 15 2
40 32 2 43 33 2
14 17 2 17 18 2
3 5 2 12 6 2
40 31 2 48 32 2
36 52 2 42 53 2
47 13 2 50 14 2
23 28 2 29 29 2
5 49 2 13 50 2
43 53 2 46 54 2
54 10 2 57 11 2
38 55 3 39 58 3
2 23 3 3 32 3
58 31 3 59 36 3
9 18 3 10 24 3
20 17 3 21 25 3
18 14 3 19 20 3
6 20 3 7 27 3
30 37 3 31 45 3
46 37 3 47 47 3
11 36 3 12 46 3
1 31 3 2 36 3
23 40 3 24 46 3
44 31 3 45 36 3
2 0 3 3 6 3
8 39 3 9 45 3
17 3 3 18 12 3
50 39 3 51 42 3
55 39 3 56 43 3
43 28 3 44 37 3
58 51 3 59 57 3
18 26 3 19 32 3
21 28 3 22 38 3
53 35 3 54 38 3
51 28 3 52 35 3
4 17 4 7 18 4
16 27 4 26 28 4
27 7 4 35 8 4
23 42 4 31 43 4
46 28 4 50 29 4
11 25 4 15 26 4
45 40 4 52 41 4
26 0 4 33 1 4
34 25 4 39 26 4
18 16 4 28 17 4
5 35 4 10 36 4
46 10 4 56 11 4
22 45 4 25 46 4
19 43 4 25 44 4
46 4 4 51 5 4
36 52 4 39 53 4
3 34 4 12 35 4
20 8 4 27 9 4
38 11 4 41 12 4
7 5 4 13 6 4
50 9 4 53 10 4
50 38 4 59 39 4
8 57 4 14 58 4
41 50 4 45 51 4
8 20 5 9 29 5
36 10 5 37 20 5
45 49 5 46 57 5
13 17 5 14 23 5
53 51 5 54 55 5
20 35 5 21 45 5
28 26 5 29 34 5
32 47 5 33 50 5
4 9 5 5 15 5
4 48 5 5 57 5
3 38 5 4 46 5
55 18 5 56 25 5
51 14 5 52 19 5
15 49 5 16 56 5
2 23 5 3 32 5
30 20 5 31 29 5
43 48 5 44 58 5
53 33 5 54 39 5
3 2 5 4 9 5
45 37 5 46 45 5
34 13 5 35 18 5
44 28 5 45 34 5
40 40 5 41 45 5
41 40 5 42 47 5
Net_num 163
Net_id 0
pin_num 5
42 57 0
45 56 0
45 51 0
54 57 0
49 56 0
Net_id 1
pin_num 5
13 11 0
13 4 0
13 27 0
22 7 0
34 0 0
Net_id 2
pin_num 5
58 31 0
57 21 0
59 18 0
56 27 0
48 22 0
Net_id 3
pin_num 5
14 27 0
28 29 0
21 23 0
25 35 0
27 33 0
Net_id 4
pin_num 5
34 15 0
43 16 0
59 16 0
18 15 0
41 36 0
Net_id 5
pin_num 5
7 4 0
12 7 0
10 20 0
25 16 0
1 16 0
Net_id 6
pin_num 5
55 21 0
58 26 0
54 45 0
43 24 0
54 22 0
Net_id 7
pin_num 5
31 56 0
27 56 0
18 59 0
16 46 0
21 39 0
Net_id 8
pin_num 5
4 38 0
1 47 0
11 40 0
0 37 0
20 34 0
Net_id 9
pin_num 5
24 17 0
17 15 0
35 12 0
33 28 0
33 5 0
Net_id 10
pin_num 5
16 10 0
27 12 0
7 14 0
20 3 0
21 7 0
Net_id 11
pin_num 5
45 24 0
42 41 0
59 35 0
43 58 0
35 39 0
Net_id 12
pin_num 5
13 13 0
16 1 0
26 10 0
38 10 0
33 1 0
Net_id 13
pin_num 5
16 53 0
14 59 0
2 59 0
7 43 0
4 36 0
Net_id 14
pin_num 5
1 24 0
2 25 0
11 25 0
19 25 0
5 3 0
Net_id 15
pin_num 5
45 59 0
35 58 0
36 55 0
29 52 0
33 42 0
Net_id 16
pin_num 5
21 37 0
28 43 0
48 42 0
49 43 0
59 44 0
Net_id 17
pin_num 5
36 35 0
39 31 0
39 7 0
35 31 0
59 32 0
Net_id 18
pin_num 5
37 48 0
34 41 0
14 47 0
21 57 0
43 45 0
Net_id 19
pin_num 5
25 0 0
21 2 0
17 14 0
20 12 0
20 21 0
Net_id 20
pin_num 5
26 46 0
30 46 0
25 40 0
21 55 0
39 46 0
Net_id 21
pin_num 4
50 18 0
32 18 0
48 6 0
59 2 0
Net_id 22
pin_num 4
30 35 0
36 47 0
57 44 0
49 54 0
Net_id 23
pin_num 4
44 7 0
35 3 0
32 9 0
21 9 0
Net_id 24
pin_num 4
54 6 0
42 0 0
50 14 0
59 7 0
Net_id 25
pin_num 4
1 0 0
8 1 0
0 22 0
7 15 0
Net_id 26
pin_num 4
59 56 0
46 54 0
50 32 0
59 36 0
Net_id 27
pin_num 4
10 42 0
0 51 0
1 26 0
16 36 0
Net_id 28
pin_num 4
7 30 0
11 22 0
4 31 0
29 25 0
Net_id 29
pin_num 4
18 14 0
23 15 0
32 1 0
22 16 0
Net_id 30
pin_num 4
0 25 0
12 28 0
20 28 0
3 0 0
Net_id 31
pin_num 4
51 35 0
48 41 0
59 34 0
55 39 0
Net_id 32
pin_num 4
22 19 0
16 20 0
8 13 0
1 22 0
Net_id 33
pin_num 4
11 56 0
3 56 0
19 56 0
13 58 0
Net_id 34
pin_num 4
26 54 0
19 58 0
0 58 0
26 59 0
Net_id 35
pin_num 4
44 54 0
25 52 0
44 37 0
24 44 0
Net_id 36
pin_num 4
2 33 0
2 36 0
4 29 0
18 29 0
Net_id 37
pin_num 4
53 21 0
58 8 0
56 31 0
54 13 0
Net_id 38
pin_num 4
46 25 0
52 16 0
58 17 0
44 17 0
Net_id 39
pin_num 4
20 52 0
37 50 0
25 38 0
33 36 0
Net_id 40
pin_num 4
47 52 0
37 52 0
36 53 0
44 58 0
Net_id 41
pin_num 3
36 41 0
42 55 0
23 49 0
Net_id 42
pin_num 3
23 13 0
27 21 0
53 9 0
Net_id 43
pin_num 3
37 57 0
51 59 0
17 59 0
Net_id 44
pin_num 3
9 32 0
1 39 0
26 24 0
Net_id 45
pin_num 3
59 15 0
43 17 0
57 39 0
Net_id 46
pin_num 3
29 19 0
32 12 0
59 45 0
Net_id 47
pin_num 3
11 44 0
3 50 0
36 50 0
Net_id 48
pin_num 3
7 52 0
23 58 0
15 22 0
Net_id 49
pin_num 3
27 48 0
6 48 0
12 38 0
Net_id 50
pin_num 3
32 38 0
28 41 0
38 40 0
Net_id 51
pin_num 3
6 51 0
19 50 0
33 59 0
Net_id 52
pin_num 3
1 6 0
18 20 0
15 7 0
Net_id 53
pin_num 3
29 47 0
10 38 0
8 44 0
Net_id 54
pin_num 3
22 13 0
12 1 0
1 10 0
Net_id 55
pin_num 3
38 24 0
27 26 0
55 27 0
Net_id 56
pin_num 3
10 17 0
16 43 0
3 24 0
Net_id 57
pin_num 3
33 58 0
14 55 0
32 41 0
Net_id 58
pin_num 3
42 29 0
35 22 0
30 34 0
Net_id 59
pin_num 3
55 2 0
58 6 0
51 1 0
Net_id 60
pin_num 3
43 32 0
55 25 0
42 30 0
Net_id 61
pin_num 3
29 34 0
20 29 0
34 37 0
Net_id 62
pin_num 3
25 51 0
24 47 0
37 58 0
Net_id 63
pin_num 3
7 55 0
11 47 0
11 32 0
Net_id 64
pin_num 3
34 16 0
27 16 0
31 0 0
Net_id 65
pin_num 3
6 18 0
11 21 0
9 11 0
Net_id 66
pin_num 3
5 18 0
3 4 0
18 4 0
Net_id 67
pin_num 3
59 37 0
37 42 0
27 41 0
Net_id 68
pin_num 3
24 29 0
16 45 0
22 58 0
Net_id 69
pin_num 3
51 7 0
54 3 0
56 5 0
Net_id 70
pin_num 3
20 18 0
25 26 0
9 26 0
Net_id 71
pin_num 3
58 55 0
30 48 0
54 59 0
Net_id 72
pin_num 3
11 45 0
19 57 0
0 59 0
Net_id 73
pin_num 3
48 30 0
44 36 0
46 23 0
Net_id 74
pin_num 3
37 25 0
44 12 0
34 20 0
Net_id 75
pin_num 3
44 19 0
31 8 0
18 0 0
Net_id 76
pin_num 3
6 21 0
7 27 0
5 26 0
Net_id 77
pin_num 3
29 51 0
51 36 0
51 46 0
Net_id 78
pin_num 3
18 9 0
0 9 0
1 2 0
Net_id 79
pin_num 3
23 6 0
9 3 0
4 0 0
Net_id 80
pin_num 3
12 15 0
15 8 0
24 4 0
Net_id 81
pin_num 3
50 34 0
41 34 0
49 20 0
Net_id 82
pin_num 3
0 7 0
16 21 0
5 0 0
Net_id 83
pin_num 2
7 26 0
27 39 0
Net_id 84
pin_num 2
59 51 0
53 56 0
Net_id 85
pin_num 2
25 37 0
29 39 0
Net_id 86
pin_num 2
12 37 0
18 55 0
Net_id 87
pin_num 2
51 27 0
53 45 0
Net_id 88
pin_num 2
45 58 0
57 54 0
Net_id 89
pin_num 2
51 34 0
57 38 0
Net_id 90
pin_num 2
41 58 0
16 51 0
Net_id 91
pin_num 2
27 5 0
11 15 0
Net_id 92
pin_num 2
48 29 0
55 38 0
Net_id 93
pin_num 2
0 8 0
30 6 0
Net_id 94
pin_num 2
50 41 0
50 42 0
Net_id 95
pin_num 2
25 32 0
13 32 0
Net_id 96
pin_num 2
21 35 0
19 28 0
Net_id 97
pin_num 2
34 57 0
19 52 0
Net_id 98
pin_num 2
36 56 0
59 50 0
Net_id 99
pin_num 2
18 37 0
3 53 0
Net_id 100
pin_num 2
49 22 0
58 22 0
Net_id 101
pin_num 2
6 32 0
1 52 0
Net_id 102
pin_num 2
39 12 0
50 15 0
Net_id 103
pin_num 2
53 52 0
48 55 0
Net_id 104
pin_num 2
12 51 0
19 42 0
Net_id 105
pin_num 2
55 17 0
56 0 0
Net_id 106
pin_num 2
37 6 0
32 6 0
Net_id 107
pin_num 2
59 29 0
44 31 0
Net_id 108
pin_num 2
1 31 0
24 30 0
Net_id 109
pin_num 2
55 57 0
54 50 0
Net_id 110
pin_num 2
52 15 0
56 16 0
Net_id 111
pin_num 2
24 36 0
29 12 0
Net_id 112
pin_num 2
4 53 0
8 55 0
Net_id 113
pin_num 2
9 58 0
17 35 0
Net_id 114
pin_num 2
45 49 0
54 58 0
Net_id 115
pin_num 2
36 23 0
30 23 0
Net_id 116
pin_num 2
48 0 0
50 21 0
Net_id 117
pin_num 2
52 8 0
57 8 0
Net_id 118
pin_num 2
1 44 0
16 35 0
Net_id 119
pin_num 2
21 29 0
36 11 0
Net_id 120
pin_num 2
46 22 0
34 31 0
Net_id 121
pin_num 2
55 36 0
40 25 0
Net_id 122
pin_num 2
46 16 0
28 45 0
Net_id 123
pin_num 2
38 55 0
23 43 0
Net_id 124
pin_num 2
57 16 0
47 5 0
Net_id 125
pin_num 2
54 28 0
45 45 0
Net_id 126
pin_num 2
44 23 0
38 23 0
Net_id 127
pin_num 2
12 57 0
18 58 0
Net_id 128
pin_num 2
56 17 0
54 2 0
Net_id 129
pin_num 2
29 30 0
25 30 0
Net_id 130
pin_num 2
29 3 0
15 2 0
Net_id 131
pin_num 2
47 55 0
46 59 0
Net_id 132
pin_num 2
58 1 0
48 5 0
Net_id 133
pin_num 2
23 45 0
9 49 0
Net_id 134
pin_num 2
35 42 0
41 40 0
Net_id 135
pin_num 2
20 53 0
26 53 0
Net_id 136
pin_num 2
29 5 0
45 3 0
Net_id 137
pin_num 2
29 18 0
25 2 0
Net_id 138
pin_num 2
51 20 0
49 12 0
Net_id 139
pin_num 2
10 5 0
22 8 0
Net_id 140
pin_num 2
22 38 0
19 24 0
Net_id 141
pin_num 2
1 42 0
17 24 0
Net_id 142
pin_num 2
16 30 0
23 36 0
Net_id 143
pin_num 2
15 26 0
36 33 0
Net_id 144
pin_num 2
14 24 0
17 22 0
Net_id 145
pin_num 2
26 12 0
15 19 0
Net_id 146
pin_num 2
40 5 0
22 29 0
Net_id 147
pin_num 2
42 33 0
48 33 0
Net_id 148
pin_num 2
50 2 0
44 5 0
Net_id 149
pin_num 2
56 11 0
56 15 0
Net_id 150
pin_num 2
16 16 0
6 28 0
Net_id 151
pin_num 2
54 23 0
45 5 0
Net_id 152
pin_num 2
8 35 0
18 44 0
Net_id 153
pin_num 2
39 1 0
34 4 0
Net_id 154
pin_num 2
42 15 0
46 14 0
Net_id 155
pin_num 2
1 17 0
15 1 0
Net_id 156
pin_num 2
36 9 0
51 2 0
Net_id 157
pin_num 2
49 38 0
46 20 0
Net_id 158
pin_num 2
56 58 0
49 19 0
Net_id 159
pin_num 2
5 27 0
2 20 0
Net_id 160
pin_num 2
37 7 0
33 7 0
Net_id 161
pin_num 2
7 32 0
24 40 0
Net_id 162
pin_num 2
29 59 0
31 55 0
