Width 60
Height 60
Layer 6
Total_WL 7384
Obstacle_num 144
36 13 0 42 14 0
40 30 0 44 31 0
42 29 0 49 30 0
18 38 0 24 39 0
8 6 0 12 7 0
56 9 0 59 10 0
27 0 0 35 1 0
6 0 0 13 1 0
22 58 0 27 59 0
19 36 0 26 37 0
9 37 0 13 38 0
19 4 0 22 5 0
49 25 0 55 26 0
12 24 0 18 25 0
11 35 0 18 36 0
16 57 0 23 58 0
36 56 0 45 57 0
16 54 0 22 55 0
24 53 0 30 54 0
4 28 0 13 29 0
6 45 0 15 46 0
0 14 0 10 15 0
5 42 0 14 43 0
38 11 0 44 12 0
38 21 1 39 30 1
27 52 1 28 59 1
10 45 1 11 51 1
48 22 1 49 26 1
7 3 1 8 12 1
24 16 1 25 23 1
32 4 1 33 11 1
38 35 1 39 41 1
40 45 1 41 50 1
16 23 1 17 30 1
2 13 1 3 16 1
20 0 1 21 8 1
22 52 1 23 59 1
8 53 1 9 56 1
3 15 1 4 21 1
25 18 1 26 26 1
26 38 1 27 46 1
11 18 1 12 28 1
11 5 1 12 15 1
2 0 1 3 10 1
1 18 1 2 28 1
14 34 1 15 42 1
12 44 1 13 50 1
11 48 1 12 53 1
18 56 2 27 57 2
34 20 2 42 21 2
10 4 2 18 5 2
31 32 2 34 33 2
47 12 2 52 13 2
42 45 2 52 46 2
1 18 2 10 19 2
20 16 2 28 17 2
2 20 2 8 21 2
41 18 2 48 19 2
15 15 2 25 16 2
31 10 2 34 11 2
38 10 2 47 11 2
28 24 2 33 25 2
30 28 2 35 29 2
51 34 2 59 35 2
24 37 2 27 38 2
4 31 2 10 32 2
37 36 2 43 37 2
0 2 2 9 3 2
25 27 2 30 28 2
3 25 2 13 26 2
3 23 2 6 24 2
44 48 2 54 49 2
10 17 3 11 24 3
48 11 3 49 21 3
1 54 3 2 58 3
51 37 3 52 42 3
50 51 3 51 54 3
32 14 3 33 23 3
21 48 3 22 57 3
33 32 3 34 38 3
30 39 3 31 46 3
35 9 3 36 15 3
10 38 3 11 41 3
45 48 3 46 56 3
5 22 3 6 32 3
1 11 3 2 20 3
19 42 3 20 49 3
4 49 3 5 56 3
36 35 3 37 38 3
35 55 3 36 59 3
43 36 3 44 46 3
12 33 3 13 43 3
3 21 3 4 28 3
49 3 3 50 13 3
44 8 3 45 11 3
41 10 3 42 13 3
1 51 4 8 52 4
23 53 4 28 54 4
6 31 4 11 32 4
28 38 4 38 39 4
39 7 4 44 8 4
31 28 4 39 29 4
12 57 4 16 58 4
2 10 4 6 11 4
49 17 4 55 18 4
14 43 4 22 44 4
26 26 4 34 27 4
21 35 4 25 36 4
14 38 4 24 39 4
7 54 4 17 55 4
19 48 4 24 49 4
23 41 4 33 42 4
18 1 4 21 2 4
12 18 4 15 19 4
7 10 4 16 11 4
48 55 4 51 56 4
17 34 4 20 35 4
16 45 4 24 46 4
17 47 4 25 48 4
13 53 4 17 54 4
52 20 5 53 30 5
52 43 5 53 53 5
19 30 5 20 37 5
45 45 5 46 49 5
22 45 5 23 48 5
43 42 5 44 50 5
31 7 5 32 12 5
15 42 5 16 47 5
50 40 5 51 47 5
53 29 5 54 37 5
17 8 5 18 13 5
20 28 5 21 36 5
54 46 5 55 54 5
40 4 5 41 13 5
46 19 5 47 22 5
24 3 5 25 11 5
3 2 5 4 12 5
57 10 5 58 20 5
40 46 5 41 49 5
51 19 5 52 25 5
35 32 5 36 35 5
56 17 5 57 26 5
45 21 5 46 30 5
39 13 5 40 23 5
Net_num 164
Net_id 0
pin_num 5
1 15 0
10 7 0
25 15 0
0 6 0
33 9 0
Net_id 1
pin_num 5
23 33 0
29 43 0
26 51 0
25 55 0
32 59 0
Net_id 2
pin_num 5
56 25 0
49 17 0
42 31 0
34 31 0
59 30 0
Net_id 3
pin_num 5
16 50 0
28 47 0
17 32 0
12 36 0
4 43 0
Net_id 4
pin_num 5
25 25 0
37 22 0
36 37 0
46 22 0
26 26 0
Net_id 5
pin_num 5
5 7 0
0 1 0
21 2 0
17 0 0
8 15 0
Net_id 6
pin_num 5
59 4 0
57 5 0
59 6 0
54 4 0
56 0 0
Net_id 7
pin_num 5
6 31 0
6 46 0
3 33 0
13 33 0
11 44 0
Net_id 8
pin_num 5
50 1 0
48 3 0
58 1 0
36 1 0
33 3 0
Net_id 9
pin_num 5
35 26 0
27 27 0
34 48 0
48 44 0
49 29 0
Net_id 10
pin_num 5
49 21 0
52 13 0
59 23 0
32 20 0
53 36 0
Net_id 11
pin_num 5
20 18 0
16 17 0
0 15 0
10 32 0
17 17 0
Net_id 12
pin_num 5
24 29 0
31 29 0
41 36 0
31 7 0
45 23 0
Net_id 13
pin_num 5
11 39 0
4 32 0
8 51 0
5 21 0
26 41 0
Net_id 14
pin_num 5
32 43 0
40 38 0
29 38 0
37 58 0
26 45 0
Net_id 15
pin_num 5
15 2 0
0 4 0
3 0 0
13 13 0
35 11 0
Net_id 16
pin_num 5
28 50 0
18 36 0
33 52 0
19 14 0
22 59 0
Net_id 17
pin_num 5
8 10 0
13 10 0
0 5 0
21 8 0
4 9 0
Net_id 18
pin_num 5
19 13 0
9 4 0
11 15 0
12 19 0
2 11 0
Net_id 19
pin_num 5
5 51 0
13 52 0
9 56 0
4 59 0
5 50 0
Net_id 20
pin_num 5
24 24 0
33 33 0
8 29 0
21 26 0
27 14 0
Net_id 21
pin_num 4
53 7 0
38 8 0
48 2 0
44 25 0
Net_id 22
pin_num 4
11 27 0
14 42 0
15 21 0
18 0 0
Net_id 23
pin_num 4
17 29 0
13 32 0
21 30 0
33 35 0
Net_id 24
pin_num 4
56 23 0
47 19 0
26 19 0
47 6 0
Net_id 25
pin_num 4
57 48 0
58 52 0
57 29 0
57 17 0
Net_id 26
pin_num 4
18 9 0
26 4 0
14 15 0
18 10 0
Net_id 27
pin_num 4
0 3 0
14 3 0
28 1 0
36 0 0
Net_id 28
pin_num 4
48 12 0
47 5 0
44 4 0
40 21 0
Net_id 29
pin_num 4
24 55 0
17 51 0
10 51 0
2 51 0
Net_id 30
pin_num 4
5 46 0
1 34 0
0 27 0
28 43 0
Net_id 31
pin_num 4
49 14 0
59 14 0
56 19 0
46 18 0
Net_id 32
pin_num 4
23 29 0
15 34 0
14 23 0
41 27 0
Net_id 33
pin_num 4
22 18 0
17 25 0
19 6 0
37 18 0
Net_id 34
pin_num 4
39 53 0
44 40 0
49 51 0
55 53 0
Net_id 35
pin_num 4
28 13 0
32 1 0
27 23 0
51 4 0
Net_id 36
pin_num 4
35 5 0
25 5 0
26 11 0
30 21 0
Net_id 37
pin_num 4
50 45 0
49 47 0
59 38 0
58 59 0
Net_id 38
pin_num 4
17 21 0
26 21 0
28 7 0
35 0 0
Net_id 39
pin_num 4
52 24 0
46 19 0
41 10 0
44 0 0
Net_id 40
pin_num 4
32 3 0
23 14 0
19 0 0
33 8 0
Net_id 41
pin_num 4
18 6 0
10 2 0
7 3 0
1 1 0
Net_id 42
pin_num 4
1 50 0
4 35 0
0 24 0
14 33 0
Net_id 43
pin_num 3
7 34 0
2 45 0
13 55 0
Net_id 44
pin_num 3
5 6 0
0 19 0
14 12 0
Net_id 45
pin_num 3
7 19 0
25 34 0
9 20 0
Net_id 46
pin_num 3
34 39 0
51 39 0
38 46 0
Net_id 47
pin_num 3
58 15 0
46 14 0
59 32 0
Net_id 48
pin_num 3
26 27 0
18 28 0
30 36 0
Net_id 49
pin_num 3
26 42 0
13 50 0
23 34 0
Net_id 50
pin_num 3
13 14 0
10 34 0
19 31 0
Net_id 51
pin_num 3
4 39 0
9 50 0
21 59 0
Net_id 52
pin_num 3
35 55 0
42 47 0
40 59 0
Net_id 53
pin_num 3
37 14 0
26 20 0
50 10 0
Net_id 54
pin_num 3
47 23 0
36 17 0
45 15 0
Net_id 55
pin_num 3
28 12 0
14 19 0
16 32 0
Net_id 56
pin_num 3
9 29 0
1 41 0
22 40 0
Net_id 57
pin_num 3
52 37 0
57 35 0
35 30 0
Net_id 58
pin_num 3
52 48 0
55 42 0
52 39 0
Net_id 59
pin_num 3
52 34 0
33 44 0
48 59 0
Net_id 60
pin_num 3
24 50 0
20 34 0
26 36 0
Net_id 61
pin_num 3
42 52 0
24 44 0
39 37 0
Net_id 62
pin_num 3
4 24 0
0 22 0
3 25 0
Net_id 63
pin_num 3
6 4 0
0 11 0
5 13 0
Net_id 64
pin_num 3
27 13 0
24 23 0
39 25 0
Net_id 65
pin_num 3
41 26 0
32 37 0
23 48 0
Net_id 66
pin_num 3
24 45 0
30 50 0
13 56 0
Net_id 67
pin_num 3
37 42 0
18 37 0
39 33 0
Net_id 68
pin_num 3
50 8 0
59 7 0
48 26 0
Net_id 69
pin_num 3
40 14 0
33 18 0
37 19 0
Net_id 70
pin_num 3
42 12 0
44 5 0
10 35 0
Net_id 71
pin_num 3
38 3 0
17 14 0
50 0 0
Net_id 72
pin_num 3
21 28 0
4 36 0
4 45 0
Net_id 73
pin_num 3
4 47 0
1 45 0
18 46 0
Net_id 74
pin_num 3
26 54 0
38 57 0
33 56 0
Net_id 75
pin_num 3
35 12 0
45 16 0
45 9 0
Net_id 76
pin_num 3
52 10 0
58 38 0
58 8 0
Net_id 77
pin_num 3
46 51 0
32 55 0
43 24 0
Net_id 78
pin_num 3
48 49 0
55 33 0
47 59 0
Net_id 79
pin_num 3
40 43 0
58 44 0
44 26 0
Net_id 80
pin_num 3
48 11 0
58 16 0
46 16 0
Net_id 81
pin_num 3
6 6 0
18 3 0
8 11 0
Net_id 82
pin_num 3
25 9 0
12 11 0
22 17 0
Net_id 83
pin_num 2
1 23 0
2 19 0
Net_id 84
pin_num 2
56 16 0
54 9 0
Net_id 85
pin_num 2
12 16 0
14 14 0
Net_id 86
pin_num 2
33 13 0
33 7 0
Net_id 87
pin_num 2
44 41 0
59 37 0
Net_id 88
pin_num 2
2 58 0
0 53 0
Net_id 89
pin_num 2
19 8 0
19 3 0
Net_id 90
pin_num 2
48 34 0
53 44 0
Net_id 91
pin_num 2
59 53 0
44 42 0
Net_id 92
pin_num 2
11 16 0
3 5 0
Net_id 93
pin_num 2
1 25 0
17 27 0
Net_id 94
pin_num 2
24 5 0
11 2 0
Net_id 95
pin_num 2
39 1 0
29 2 0
Net_id 96
pin_num 2
5 40 0
2 55 0
Net_id 97
pin_num 2
36 30 0
40 27 0
Net_id 98
pin_num 2
25 7 0
22 22 0
Net_id 99
pin_num 2
21 43 0
3 31 0
Net_id 100
pin_num 2
15 47 0
28 36 0
Net_id 101
pin_num 2
10 30 0
16 39 0
Net_id 102
pin_num 2
32 18 0
15 13 0
Net_id 103
pin_num 2
50 42 0
56 48 0
Net_id 104
pin_num 2
19 59 0
35 48 0
Net_id 105
pin_num 2
14 4 0
18 2 0
Net_id 106
pin_num 2
23 31 0
33 21 0
Net_id 107
pin_num 2
8 12 0
17 7 0
Net_id 108
pin_num 2
33 23 0
39 36 0
Net_id 109
pin_num 2
57 30 0
36 46 0
Net_id 110
pin_num 2
47 26 0
39 45 0
Net_id 111
pin_num 2
26 52 0
23 54 0
Net_id 112
pin_num 2
7 5 0
12 5 0
Net_id 113
pin_num 2
17 44 0
4 58 0
Net_id 114
pin_num 2
58 7 0
53 2 0
Net_id 115
pin_num 2
47 9 0
28 2 0
Net_id 116
pin_num 2
20 20 0
24 7 0
Net_id 117
pin_num 2
45 3 0
46 2 0
Net_id 118
pin_num 2
8 40 0
9 15 0
Net_id 119
pin_num 2
21 23 0
26 28 0
Net_id 120
pin_num 2
36 58 0
20 52 0
Net_id 121
pin_num 2
46 12 0
31 4 0
Net_id 122
pin_num 2
30 12 0
28 4 0
Net_id 123
pin_num 2
4 56 0
29 50 0
Net_id 124
pin_num 2
33 39 0
45 56 0
Net_id 125
pin_num 2
39 43 0
28 22 0
Net_id 126
pin_num 2
55 56 0
45 58 0
Net_id 127
pin_num 2
1 55 0
1 51 0
Net_id 128
pin_num 2
52 47 0
59 52 0
Net_id 129
pin_num 2
53 5 0
49 5 0
Net_id 130
pin_num 2
42 0 0
55 13 0
Net_id 131
pin_num 2
16 19 0
26 34 0
Net_id 132
pin_num 2
14 37 0
7 38 0
Net_id 133
pin_num 2
30 56 0
56 57 0
Net_id 134
pin_num 2
23 25 0
12 14 0
Net_id 135
pin_num 2
13 49 0
7 48 0
Net_id 136
pin_num 2
36 43 0
46 57 0
Net_id 137
pin_num 2
21 52 0
31 57 0
Net_id 138
pin_num 2
42 42 0
19 34 0
Net_id 139
pin_num 2
16 26 0
36 11 0
Net_id 140
pin_num 2
47 48 0
58 56 0
Net_id 141
pin_num 2
44 9 0
27 7 0
Net_id 142
pin_num 2
4 48 0
2 49 0
Net_id 143
pin_num 2
46 30 0
40 17 0
Net_id 144
pin_num 2
13 43 0
19 58 0
Net_id 145
pin_num 2
51 19 0
55 2 0
Net_id 146
pin_num 2
57 37 0
27 30 0
Net_id 147
pin_num 2
9 27 0
1 32 0
Net_id 148
pin_num 2
33 16 0
29 16 0
Net_id 149
pin_num 2
28 8 0
20 10 0
Net_id 150
pin_num 2
36 51 0
58 42 0
Net_id 151
pin_num 2
29 15 0
27 10 0
Net_id 152
pin_num 2
56 50 0
57 42 0
Net_id 153
pin_num 2
52 44 0
50 33 0
Net_id 154
pin_num 2
5 57 0
3 58 0
Net_id 155
pin_num 2
39 34 0
53 38 0
Net_id 156
pin_num 2
20 14 0
40 25 0
Net_id 157
pin_num 2
22 46 0
17 55 0
Net_id 158
pin_num 2
8 13 0
1 37 0
Net_id 159
pin_num 2
4 53 0
13 44 0
Net_id 160
pin_num 2
54 19 0
55 8 0
Net_id 161
pin_num 2
43 51 0
55 54 0
Net_id 162
pin_num 2
40 28 0
58 17 0
Net_id 163
pin_num 2
39 17 0
46 11 0
