Width 60
Height 60
Layer 6
Total_WL 6695
Obstacle_num 144
8 7 0 11 8 0
19 9 0 23 10 0
17 28 0 25 29 0
7 8 0 10 9 0
30 11 0 33 12 0
14 54 0 21 55 0
31 29 0 41 30 0
34 15 0 44 16 0
40 13 0 48 14 0
7 42 0 17 43 0
39 14 0 46 15 0
13 18 0 22 19 0
30 39 0 34 40 0
0 30 0 7 31 0
9 47 0 13 48 0
11 51 0 15 52 0
15 30 0 23 31 0
27 16 0 34 17 0
12 46 0 22 47 0
19 43 0 22 44 0
33 46 0 43 47 0
3 45 0 13 46 0
16 40 0 19 41 0
8 9 0 15 10 0
58 32 1 59 35 1
37 9 1 38 13 1
2 53 1 3 59 1
1 31 1 2 41 1
7 14 1 8 17 1
18 47 1 19 54 1
50 15 1 51 23 1
10 5 1 11 10 1
36 10 1 37 20 1
27 17 1 28 25 1
38 15 1 39 21 1
0 2 1 1 12 1
22 45 1 23 51 1
47 36 1 48 45 1
18 10 1 19 13 1
48 47 1 49 56 1
18 41 1 19 45 1
18 16 1 19 23 1
56 23 1 57 29 1
31 9 1 32 13 1
32 49 1 33 59 1
19 18 1 20 24 1
9 28 1 10 32 1
36 22 1 37 25 1
32 58 2 35 59 2
43 3 2 50 4 2
3 13 2 9 14 2
32 52 2 38 53 2
1 26 2 7 27 2
38 30 2 45 31 2
2 28 2 8 29 2
15 22 2 20 23 2
10 56 2 20 57 2
18 54 2 22 55 2
23 27 2 30 28 2
48 16 2 58 17 2
3 42 2 10 43 2
47 13 2 57 14 2
25 49 2 32 50 2
15 34 2 19 35 2
23 45 2 32 46 2
9 53 2 14 54 2
36 8 2 42 9 2
3 29 2 10 30 2
38 21 2 48 22 2
3 22 2 13 23 2
17 35 2 23 36 2
8 17 2 12 18 2
18 24 3 19 29 3
48 7 3 49 15 3
57 52 3 58 55 3
23 40 3 24 50 3
33 32 3 34 39 3
33 25 3 34 30 3
29 21 3 30 25 3
15 26 3 16 29 3
54 47 3 55 56 3
15 42 3 16 46 3
34 13 3 35 16 3
7 25 3 8 31 3
50 40 3 51 49 3
23 56 3 24 59 3
37 52 3 38 58 3
11 18 3 12 22 3
54 28 3 55 37 3
33 19 3 34 23 3
55 17 3 56 26 3
42 8 3 43 17 3
0 44 3 1 51 3
25 47 3 26 51 3
20 20 3 21 26 3
25 26 3 26 31 3
2 35 4 5 36 4
37 51 4 45 52 4
27 48 4 36 49 4
24 14 4 33 15 4
32 35 4 39 36 4
18 40 4 27 41 4
26 11 4 35 12 4
46 7 4 54 8 4
10 9 4 14 10 4
24 49 4 27 50 4
26 27 4 31 28 4
40 38 4 43 39 4
15 21 4 22 22 4
22 52 4 25 53 4
27 32 4 37 33 4
1 46 4 11 47 4
48 34 4 52 35 4
15 53 4 23 54 4
4 6 4 8 7 4
3 38 4 13 39 4
30 37 4 40 38 4
37 4 4 43 5 4
31 0 4 38 1 4
25 7 4 32 8 4
54 3 5 55 8 5
26 0 5 27 4 5
31 28 5 32 36 5
0 18 5 1 22 5
7 39 5 8 44 5
15 35 5 16 43 5
42 38 5 43 47 5
40 20 5 41 27 5
15 16 5 16 21 5
23 1 5 24 4 5
32 0 5 33 4 5
58 0 5 59 3 5
10 34 5 11 37 5
6 14 5 7 23 5
15 46 5 16 51 5
33 13 5 34 22 5
9 9 5 10 14 5
5 28 5 6 31 5
19 4 5 20 12 5
32 28 5 33 35 5
19 32 5 20 40 5
36 48 5 37 55 5
15 8 5 16 11 5
53 30 5 54 35 5
Net_num 160
Net_id 0
pin_num 5
27 10 0
25 22 0
25 13 0
20 4 0
12 21 0
Net_id 1
pin_num 5
20 27 0
24 23 0
10 25 0
23 13 0
14 47 0
Net_id 2
pin_num 5
12 54 0
7 54 0
11 41 0
29 46 0
22 52 0
Net_id 3
pin_num 5
7 59 0
4 50 0
0 31 0
8 36 0
11 37 0
Net_id 4
pin_num 5
4 28 0
0 24 0
1 43 0
5 43 0
0 56 0
Net_id 5
pin_num 5
52 59 0
59 58 0
56 48 0
59 57 0
35 54 0
Net_id 6
pin_num 5
53 11 0
59 13 0
53 7 0
48 19 0
53 2 0
Net_id 7
pin_num 5
46 41 0
42 41 0
44 37 0
55 41 0
49 20 0
Net_id 8
pin_num 5
46 30 0
34 31 0
45 46 0
43 47 0
34 13 0
Net_id 9
pin_num 5
2 56 0
12 58 0
6 38 0
19 50 0
3 50 0
Net_id 10
pin_num 5
46 49 0
39 51 0
28 51 0
50 51 0
59 49 0
Net_id 11
pin_num 5
16 36 0
30 37 0
30 25 0
19 37 0
26 45 0
Net_id 12
pin_num 5
35 47 0
39 33 0
58 38 0
31 33 0
53 45 0
Net_id 13
pin_num 5
45 15 0
44 24 0
59 29 0
25 19 0
44 5 0
Net_id 14
pin_num 5
42 47 0
32 38 0
39 52 0
35 43 0
27 26 0
Net_id 15
pin_num 5
11 26 0
9 27 0
22 38 0
2 42 0
22 42 0
Net_id 16
pin_num 5
18 51 0
34 55 0
4 59 0
47 55 0
31 43 0
Net_id 17
pin_num 5
23 19 0
24 16 0
22 22 0
18 16 0
16 22 0
Net_id 18
pin_num 5
55 47 0
58 48 0
58 39 0
36 43 0
57 34 0
Net_id 19
pin_num 5
10 2 0
16 5 0
27 2 0
17 0 0
12 20 0
Net_id 20
pin_num 5
55 52 0
51 56 0
59 53 0
40 56 0
53 55 0
Net_id 21
pin_num 5
5 18 0
0 1 0
9 32 0
4 14 0
25 32 0
Net_id 22
pin_num 4
10 5 0
16 15 0
1 14 0
12 0 0
Net_id 23
pin_num 4
7 34 0
16 39 0
15 58 0
5 50 0
Net_id 24
pin_num 4
25 52 0
38 52 0
21 59 0
34 39 0
Net_id 25
pin_num 4
39 9 0
28 0 0
35 24 0
44 8 0
Net_id 26
pin_num 4
36 50 0
50 53 0
46 57 0
59 52 0
Net_id 27
pin_num 4
9 0 0
21 5 0
30 1 0
29 17 0
Net_id 28
pin_num 4
26 32 0
39 32 0
27 44 0
38 27 0
Net_id 29
pin_num 4
32 30 0
26 30 0
33 27 0
22 13 0
Net_id 30
pin_num 4
55 22 0
54 11 0
48 17 0
53 23 0
Net_id 31
pin_num 4
36 45 0
40 57 0
40 34 0
51 48 0
Net_id 32
pin_num 4
33 37 0
42 45 0
29 34 0
39 28 0
Net_id 33
pin_num 4
15 39 0
1 41 0
3 33 0
10 31 0
Net_id 34
pin_num 4
29 7 0
38 7 0
9 2 0
24 15 0
Net_id 35
pin_num 4
21 52 0
1 49 0
9 40 0
21 44 0
Net_id 36
pin_num 4
30 3 0
43 11 0
24 4 0
23 4 0
Net_id 37
pin_num 4
54 2 0
59 2 0
53 12 0
59 3 0
Net_id 38
pin_num 4
3 31 0
7 32 0
5 17 0
8 33 0
Net_id 39
pin_num 4
56 49 0
55 53 0
57 33 0
50 33 0
Net_id 40
pin_num 4
17 8 0
9 3 0
3 6 0
34 6 0
Net_id 41
pin_num 4
37 2 0
48 0 0
41 16 0
31 13 0
Net_id 42
pin_num 3
26 15 0
33 14 0
17 10 0
Net_id 43
pin_num 3
49 35 0
58 17 0
45 12 0
Net_id 44
pin_num 3
1 34 0
9 46 0
16 37 0
Net_id 45
pin_num 3
37 49 0
44 46 0
27 47 0
Net_id 46
pin_num 3
55 11 0
59 1 0
49 12 0
Net_id 47
pin_num 3
4 7 0
16 0 0
1 8 0
Net_id 48
pin_num 3
21 21 0
33 21 0
28 45 0
Net_id 49
pin_num 3
17 42 0
17 35 0
16 27 0
Net_id 50
pin_num 3
38 14 0
32 1 0
20 26 0
Net_id 51
pin_num 3
13 15 0
13 10 0
14 22 0
Net_id 52
pin_num 3
17 29 0
12 33 0
29 33 0
Net_id 53
pin_num 3
24 58 0
28 50 0
17 53 0
Net_id 54
pin_num 3
8 17 0
1 42 0
29 35 0
Net_id 55
pin_num 3
57 21 0
59 18 0
48 18 0
Net_id 56
pin_num 3
30 9 0
23 5 0
46 0 0
Net_id 57
pin_num 3
29 50 0
37 54 0
37 42 0
Net_id 58
pin_num 3
29 43 0
33 49 0
32 41 0
Net_id 59
pin_num 3
11 14 0
22 5 0
24 0 0
Net_id 60
pin_num 3
56 5 0
52 19 0
53 22 0
Net_id 61
pin_num 3
31 24 0
37 22 0
25 40 0
Net_id 62
pin_num 3
57 0 0
35 2 0
49 14 0
Net_id 63
pin_num 3
13 43 0
27 53 0
28 46 0
Net_id 64
pin_num 3
56 17 0
42 25 0
48 36 0
Net_id 65
pin_num 3
36 36 0
57 28 0
57 44 0
Net_id 66
pin_num 3
51 36 0
33 42 0
25 42 0
Net_id 67
pin_num 3
8 28 0
1 25 0
8 14 0
Net_id 68
pin_num 3
38 17 0
54 8 0
45 5 0
Net_id 69
pin_num 3
59 50 0
46 59 0
32 59 0
Net_id 70
pin_num 3
5 53 0
0 52 0
20 50 0
Net_id 71
pin_num 3
21 58 0
45 47 0
3 47 0
Net_id 72
pin_num 3
10 17 0
21 13 0
47 14 0
Net_id 73
pin_num 3
35 53 0
1 29 0
11 55 0
Net_id 74
pin_num 3
10 30 0
3 40 0
5 40 0
Net_id 75
pin_num 3
0 38 0
7 30 0
20 38 0
Net_id 76
pin_num 3
20 3 0
3 9 0
42 9 0
Net_id 77
pin_num 3
9 23 0
0 17 0
25 41 0
Net_id 78
pin_num 3
54 46 0
55 32 0
44 35 0
Net_id 79
pin_num 3
23 53 0
13 47 0
5 44 0
Net_id 80
pin_num 3
56 29 0
39 26 0
48 31 0
Net_id 81
pin_num 3
26 12 0
8 3 0
0 15 0
Net_id 82
pin_num 2
29 41 0
46 28 0
Net_id 83
pin_num 2
3 57 0
16 51 0
Net_id 84
pin_num 2
58 10 0
33 17 0
Net_id 85
pin_num 2
45 57 0
37 58 0
Net_id 86
pin_num 2
28 28 0
10 18 0
Net_id 87
pin_num 2
54 37 0
49 42 0
Net_id 88
pin_num 2
47 26 0
58 53 0
Net_id 89
pin_num 2
31 1 0
39 7 0
Net_id 90
pin_num 2
26 37 0
11 33 0
Net_id 91
pin_num 2
30 31 0
21 31 0
Net_id 92
pin_num 2
48 30 0
48 23 0
Net_id 93
pin_num 2
27 51 0
25 57 0
Net_id 94
pin_num 2
18 24 0
32 13 0
Net_id 95
pin_num 2
10 20 0
25 11 0
Net_id 96
pin_num 2
13 11 0
0 21 0
Net_id 97
pin_num 2
17 39 0
23 39 0
Net_id 98
pin_num 2
29 47 0
26 49 0
Net_id 99
pin_num 2
7 58 0
4 58 0
Net_id 100
pin_num 2
52 5 0
46 1 0
Net_id 101
pin_num 2
38 6 0
42 7 0
Net_id 102
pin_num 2
46 56 0
30 56 0
Net_id 103
pin_num 2
19 48 0
29 26 0
Net_id 104
pin_num 2
24 35 0
41 48 0
Net_id 105
pin_num 2
40 18 0
23 29 0
Net_id 106
pin_num 2
10 15 0
17 31 0
Net_id 107
pin_num 2
0 58 0
13 49 0
Net_id 108
pin_num 2
4 17 0
1 21 0
Net_id 109
pin_num 2
49 2 0
55 1 0
Net_id 110
pin_num 2
52 9 0
51 23 0
Net_id 111
pin_num 2
51 27 0
45 11 0
Net_id 112
pin_num 2
22 55 0
35 58 0
Net_id 113
pin_num 2
42 23 0
4 33 0
Net_id 114
pin_num 2
13 59 0
19 49 0
Net_id 115
pin_num 2
58 55 0
40 44 0
Net_id 116
pin_num 2
11 40 0
29 39 0
Net_id 117
pin_num 2
46 15 0
54 15 0
Net_id 118
pin_num 2
51 25 0
17 51 0
Net_id 119
pin_num 2
6 47 0
8 41 0
Net_id 120
pin_num 2
2 2 0
7 5 0
Net_id 121
pin_num 2
7 55 0
27 54 0
Net_id 122
pin_num 2
12 27 0
5 49 0
Net_id 123
pin_num 2
25 56 0
33 54 0
Net_id 124
pin_num 2
16 1 0
33 11 0
Net_id 125
pin_num 2
21 10 0
8 12 0
Net_id 126
pin_num 2
48 40 0
30 38 0
Net_id 127
pin_num 2
50 38 0
21 29 0
Net_id 128
pin_num 2
19 13 0
11 10 0
Net_id 129
pin_num 2
9 15 0
10 10 0
Net_id 130
pin_num 2
22 58 0
26 54 0
Net_id 131
pin_num 2
52 31 0
56 19 0
Net_id 132
pin_num 2
28 20 0
16 20 0
Net_id 133
pin_num 2
58 15 0
52 7 0
Net_id 134
pin_num 2
0 54 0
4 54 0
Net_id 135
pin_num 2
25 17 0
35 28 0
Net_id 136
pin_num 2
14 12 0
3 3 0
Net_id 137
pin_num 2
14 56 0
24 54 0
Net_id 138
pin_num 2
41 18 0
46 39 0
Net_id 139
pin_num 2
6 19 0
35 31 0
Net_id 140
pin_num 2
10 13 0
21 19 0
Net_id 141
pin_num 2
48 44 0
24 38 0
Net_id 142
pin_num 2
49 19 0
53 14 0
Net_id 143
pin_num 2
3 4 0
13 16 0
Net_id 144
pin_num 2
34 34 0
31 42 0
Net_id 145
pin_num 2
7 4 0
25 0 0
Net_id 146
pin_num 2
55 34 0
56 42 0
Net_id 147
pin_num 2
8 59 0
21 57 0
Net_id 148
pin_num 2
33 23 0
37 5 0
Net_id 149
pin_num 2
48 59 0
44 54 0
Net_id 150
pin_num 2
4 47 0
12 49 0
Net_id 151
pin_num 2
56 54 0
58 58 0
Net_id 152
pin_num 2
52 47 0
51 49 0
Net_id 153
pin_num 2
32 36 0
43 23 0
Net_id 154
pin_num 2
43 39 0
31 59 0
Net_id 155
pin_num 2
42 34 0
46 37 0
Net_id 156
pin_num 2
51 3 0
54 1 0
Net_id 157
pin_num 2
57 31 0
58 29 0
Net_id 158
pin_num 2
44 32 0
26 8 0
Net_id 159
pin_num 2
8 57 0
4 51 0
