Width 60
Height 60
Layer 6
Total_WL 7214
Obstacle_num 144
34 48 0 42 49 0
18 2 0 25 3 0
26 27 0 34 28 0
29 36 0 34 37 0
46 7 0 53 8 0
7 7 0 15 8 0
22 25 0 27 26 0
2 3 0 6 4 0
14 41 0 17 42 0
46 17 0 49 18 0
29 14 0 32 15 0
40 7 0 45 8 0
25 33 0 34 34 0
44 55 0 50 56 0
46 56 0 51 57 0
51 32 0 56 33 0
14 9 0 21 10 0
44 12 0 52 13 0
17 19 0 22 20 0
26 44 0 30 45 0
50 28 0 54 29 0
5 18 0 10 19 0
47 22 0 54 23 0
32 8 0 35 9 0
24 6 1 25 16 1
13 36 1 14 42 1
3 52 1 4 58 1
28 9 1 29 14 1
48 49 1 49 57 1
26 44 1 27 48 1
32 2 1 33 11 1
15 0 1 16 6 1
45 30 1 46 37 1
1 30 1 2 35 1
25 35 1 26 40 1
48 24 1 49 27 1
42 24 1 43 28 1
43 10 1 44 15 1
14 36 1 15 44 1
8 19 1 9 25 1
19 41 1 20 51 1
6 34 1 7 40 1
55 2 1 56 9 1
11 1 1 12 8 1
30 45 1 31 49 1
44 30 1 45 37 1
3 31 1 4 40 1
21 43 1 22 51 1
3 29 2 12 30 2
45 43 2 53 44 2
6 54 2 15 55 2
2 52 2 6 53 2
44 16 2 54 17 2
4 34 2 7 35 2
49 25 2 56 26 2
43 29 2 52 30 2
27 28 2 35 29 2
44 35 2 52 36 2
16 54 2 25 55 2
5 22 2 12 23 2
38 15 2 46 16 2
43 18 2 53 19 2
43 33 2 47 34 2
30 43 2 39 44 2
34 9 2 40 10 2
5 50 2 13 51 2
3 42 2 13 43 2
20 38 2 25 39 2
49 2 2 57 3 2
56 54 2 59 55 2
15 24 2 23 25 2
11 9 2 17 10 2
4 13 3 5 23 3
37 12 3 38 22 3
4 41 3 5 44 3
17 4 3 18 8 3
5 45 3 6 55 3
12 42 3 13 48 3
49 1 3 50 6 3
6 41 3 7 45 3
56 32 3 57 36 3
45 45 3 46 49 3
34 19 3 35 27 3
44 45 3 45 55 3
36 8 3 37 14 3
11 26 3 12 31 3
23 7 3 24 17 3
29 8 3 30 16 3
26 35 3 27 39 3
5 4 3 6 13 3
31 5 3 32 11 3
3 23 3 4 32 3
7 35 3 8 39 3
6 6 3 7 12 3
35 18 3 36 26 3
2 4 3 3 11 3
34 19 4 38 20 4
25 5 4 33 6 4
19 9 4 22 10 4
50 47 4 59 48 4
9 57 4 14 58 4
44 47 4 49 48 4
27 15 4 36 16 4
2 2 4 7 3 4
40 30 4 47 31 4
26 11 4 29 12 4
52 38 4 59 39 4
45 1 4 49 2 4
12 25 4 17 26 4
11 54 4 16 55 4
7 43 4 16 44 4
24 31 4 31 32 4
49 9 4 52 10 4
47 21 4 57 22 4
24 20 4 30 21 4
14 8 4 19 9 4
13 14 4 23 15 4
19 54 4 25 55 4
4 56 4 14 57 4
34 45 4 41 46 4
35 39 5 36 47 5
4 19 5 5 28 5
8 5 5 9 14 5
24 28 5 25 38 5
11 43 5 12 53 5
37 17 5 38 25 5
32 27 5 33 34 5
2 18 5 3 25 5
58 10 5 59 20 5
51 24 5 52 27 5
3 30 5 4 38 5
45 17 5 46 23 5
37 3 5 38 9 5
53 15 5 54 19 5
32 51 5 33 56 5
5 6 5 6 13 5
42 14 5 43 23 5
23 46 5 24 49 5
54 46 5 55 52 5
2 28 5 3 38 5
13 19 5 14 24 5
52 32 5 53 36 5
16 25 5 17 30 5
9 17 5 10 27 5
Net_num 161
Net_id 0
pin_num 5
57 50 0
59 47 0
58 28 0
59 44 0
44 42 0
Net_id 1
pin_num 5
14 2 0
17 4 0
1 3 0
7 8 0
0 0 0
Net_id 2
pin_num 5
22 18 0
10 21 0
19 38 0
14 18 0
39 24 0
Net_id 3
pin_num 5
2 36 0
4 21 0
0 14 0
18 20 0
2 32 0
Net_id 4
pin_num 5
13 18 0
0 29 0
16 4 0
4 14 0
7 17 0
Net_id 5
pin_num 5
19 54 0
17 52 0
11 54 0
11 44 0
12 28 0
Net_id 6
pin_num 5
43 2 0
46 1 0
45 11 0
43 9 0
45 28 0
Net_id 7
pin_num 5
52 5 0
59 14 0
42 13 0
53 0 0
51 13 0
Net_id 8
pin_num 5
55 1 0
59 4 0
53 3 0
53 8 0
58 21 0
Net_id 9
pin_num 5
32 17 0
20 20 0
30 13 0
36 16 0
31 9 0
Net_id 10
pin_num 5
11 19 0
10 20 0
15 19 0
16 6 0
10 43 0
Net_id 11
pin_num 5
10 34 0
20 41 0
13 15 0
11 23 0
16 17 0
Net_id 12
pin_num 5
23 47 0
17 38 0
10 40 0
14 55 0
20 43 0
Net_id 13
pin_num 5
10 5 0
1 18 0
23 0 0
14 14 0
23 18 0
Net_id 14
pin_num 5
1 56 0
1 47 0
10 35 0
8 48 0
0 58 0
Net_id 15
pin_num 5
8 21 0
6 27 0
0 42 0
9 31 0
23 30 0
Net_id 16
pin_num 5
29 3 0
29 11 0
26 7 0
33 7 0
44 6 0
Net_id 17
pin_num 5
23 11 0
25 1 0
40 1 0
47 0 0
17 5 0
Net_id 18
pin_num 5
27 32 0
39 26 0
21 32 0
27 37 0
32 35 0
Net_id 19
pin_num 4
48 30 0
20 32 0
21 26 0
40 14 0
Net_id 20
pin_num 4
40 34 0
22 33 0
31 41 0
33 55 0
Net_id 21
pin_num 4
13 6 0
0 5 0
7 13 0
27 2 0
Net_id 22
pin_num 4
51 55 0
57 48 0
47 59 0
48 49 0
Net_id 23
pin_num 4
51 23 0
43 24 0
59 30 0
57 47 0
Net_id 24
pin_num 4
47 33 0
59 37 0
50 18 0
44 25 0
Net_id 25
pin_num 4
32 12 0
40 4 0
28 5 0
56 5 0
Net_id 26
pin_num 4
6 28 0
1 7 0
8 8 0
14 8 0
Net_id 27
pin_num 4
42 45 0
51 33 0
50 44 0
45 59 0
Net_id 28
pin_num 4
26 40 0
18 40 0
28 59 0
21 59 0
Net_id 29
pin_num 4
40 21 0
28 18 0
32 40 0
23 23 0
Net_id 30
pin_num 4
51 53 0
54 46 0
35 51 0
56 42 0
Net_id 31
pin_num 4
15 37 0
23 34 0
11 33 0
15 51 0
Net_id 32
pin_num 4
37 20 0
43 23 0
27 21 0
11 20 0
Net_id 33
pin_num 4
54 42 0
58 51 0
56 59 0
59 26 0
Net_id 34
pin_num 4
52 46 0
34 49 0
47 26 0
47 18 0
Net_id 35
pin_num 4
1 52 0
5 58 0
5 44 0
5 59 0
Net_id 36
pin_num 4
42 1 0
40 0 0
42 5 0
26 6 0
Net_id 37
pin_num 4
33 43 0
42 32 0
37 19 0
42 49 0
Net_id 38
pin_num 4
10 15 0
25 22 0
16 8 0
33 26 0
Net_id 39
pin_num 3
38 6 0
54 22 0
59 16 0
Net_id 40
pin_num 3
29 38 0
16 53 0
44 50 0
Net_id 41
pin_num 3
0 35 0
6 51 0
6 26 0
Net_id 42
pin_num 3
36 19 0
36 42 0
38 38 0
Net_id 43
pin_num 3
56 6 0
56 4 0
24 16 0
Net_id 44
pin_num 3
28 50 0
36 56 0
18 51 0
Net_id 45
pin_num 3
2 7 0
6 4 0
27 14 0
Net_id 46
pin_num 3
54 57 0
43 58 0
41 58 0
Net_id 47
pin_num 3
7 55 0
20 42 0
43 49 0
Net_id 48
pin_num 3
43 35 0
26 28 0
39 44 0
Net_id 49
pin_num 3
43 53 0
59 54 0
49 58 0
Net_id 50
pin_num 3
41 45 0
39 33 0
56 57 0
Net_id 51
pin_num 3
59 58 0
53 56 0
55 54 0
Net_id 52
pin_num 3
7 11 0
21 33 0
14 26 0
Net_id 53
pin_num 3
12 56 0
41 49 0
38 22 0
Net_id 54
pin_num 3
28 36 0
9 27 0
9 36 0
Net_id 55
pin_num 3
38 17 0
41 27 0
40 39 0
Net_id 56
pin_num 3
0 10 0
13 2 0
7 28 0
Net_id 57
pin_num 3
41 11 0
30 6 0
44 8 0
Net_id 58
pin_num 3
58 42 0
53 38 0
55 10 0
Net_id 59
pin_num 3
6 29 0
2 42 0
1 19 0
Net_id 60
pin_num 3
34 28 0
21 13 0
42 18 0
Net_id 61
pin_num 3
33 20 0
43 19 0
22 1 0
Net_id 62
pin_num 3
41 33 0
53 30 0
55 35 0
Net_id 63
pin_num 3
32 22 0
46 38 0
56 14 0
Net_id 64
pin_num 3
47 13 0
49 17 0
59 20 0
Net_id 65
pin_num 3
41 36 0
24 35 0
27 10 0
Net_id 66
pin_num 3
41 42 0
27 40 0
35 59 0
Net_id 67
pin_num 3
35 52 0
42 59 0
45 51 0
Net_id 68
pin_num 3
47 53 0
29 58 0
39 53 0
Net_id 69
pin_num 3
41 3 0
23 13 0
52 12 0
Net_id 70
pin_num 3
47 51 0
36 51 0
44 54 0
Net_id 71
pin_num 3
43 13 0
46 2 0
46 20 0
Net_id 72
pin_num 3
26 54 0
29 55 0
15 59 0
Net_id 73
pin_num 3
33 15 0
51 41 0
44 37 0
Net_id 74
pin_num 3
13 16 0
17 10 0
7 2 0
Net_id 75
pin_num 3
30 58 0
49 53 0
54 52 0
Net_id 76
pin_num 3
35 31 0
25 34 0
5 30 0
Net_id 77
pin_num 3
50 50 0
30 34 0
34 44 0
Net_id 78
pin_num 3
18 59 0
24 45 0
6 59 0
Net_id 79
pin_num 3
31 48 0
11 49 0
23 37 0
Net_id 80
pin_num 2
22 37 0
9 28 0
Net_id 81
pin_num 2
22 7 0
26 23 0
Net_id 82
pin_num 2
33 13 0
18 1 0
Net_id 83
pin_num 2
40 37 0
34 34 0
Net_id 84
pin_num 2
10 2 0
0 1 0
Net_id 85
pin_num 2
23 4 0
13 1 0
Net_id 86
pin_num 2
31 26 0
11 37 0
Net_id 87
pin_num 2
45 2 0
42 2 0
Net_id 88
pin_num 2
23 26 0
11 38 0
Net_id 89
pin_num 2
48 16 0
43 17 0
Net_id 90
pin_num 2
56 23 0
46 36 0
Net_id 91
pin_num 2
44 29 0
29 29 0
Net_id 92
pin_num 2
35 57 0
27 59 0
Net_id 93
pin_num 2
27 58 0
33 54 0
Net_id 94
pin_num 2
58 16 0
50 1 0
Net_id 95
pin_num 2
1 12 0
20 7 0
Net_id 96
pin_num 2
3 40 0
15 26 0
Net_id 97
pin_num 2
43 47 0
51 43 0
Net_id 98
pin_num 2
45 31 0
38 16 0
Net_id 99
pin_num 2
42 6 0
31 3 0
Net_id 100
pin_num 2
32 56 0
23 56 0
Net_id 101
pin_num 2
45 43 0
39 49 0
Net_id 102
pin_num 2
21 43 0
36 59 0
Net_id 103
pin_num 2
39 32 0
52 50 0
Net_id 104
pin_num 2
24 55 0
27 42 0
Net_id 105
pin_num 2
22 6 0
25 14 0
Net_id 106
pin_num 2
1 53 0
5 53 0
Net_id 107
pin_num 2
3 2 0
0 2 0
Net_id 108
pin_num 2
56 52 0
55 51 0
Net_id 109
pin_num 2
54 29 0
59 46 0
Net_id 110
pin_num 2
14 0 0
26 8 0
Net_id 111
pin_num 2
41 38 0
49 44 0
Net_id 112
pin_num 2
14 15 0
19 11 0
Net_id 113
pin_num 2
38 58 0
38 57 0
Net_id 114
pin_num 2
30 19 0
14 32 0
Net_id 115
pin_num 2
39 56 0
35 42 0
Net_id 116
pin_num 2
37 40 0
32 53 0
Net_id 117
pin_num 2
25 53 0
20 53 0
Net_id 118
pin_num 2
23 58 0
1 27 0
Net_id 119
pin_num 2
3 21 0
10 44 0
Net_id 120
pin_num 2
57 37 0
59 25 0
Net_id 121
pin_num 2
32 43 0
24 49 0
Net_id 122
pin_num 2
2 8 0
12 26 0
Net_id 123
pin_num 2
57 27 0
43 26 0
Net_id 124
pin_num 2
11 11 0
1 5 0
Net_id 125
pin_num 2
30 18 0
30 30 0
Net_id 126
pin_num 2
2 17 0
8 32 0
Net_id 127
pin_num 2
58 19 0
36 3 0
Net_id 128
pin_num 2
58 38 0
32 39 0
Net_id 129
pin_num 2
37 13 0
33 14 0
Net_id 130
pin_num 2
4 15 0
7 33 0
Net_id 131
pin_num 2
29 40 0
21 10 0
Net_id 132
pin_num 2
31 46 0
10 58 0
Net_id 133
pin_num 2
12 14 0
2 25 0
Net_id 134
pin_num 2
18 4 0
31 2 0
Net_id 135
pin_num 2
5 55 0
7 47 0
Net_id 136
pin_num 2
40 40 0
54 28 0
Net_id 137
pin_num 2
25 13 0
41 8 0
Net_id 138
pin_num 2
5 19 0
16 5 0
Net_id 139
pin_num 2
38 45 0
30 45 0
Net_id 140
pin_num 2
43 3 0
42 9 0
Net_id 141
pin_num 2
12 57 0
20 50 0
Net_id 142
pin_num 2
21 8 0
36 2 0
Net_id 143
pin_num 2
42 53 0
26 50 0
Net_id 144
pin_num 2
8 42 0
18 17 0
Net_id 145
pin_num 2
18 31 0
33 30 0
Net_id 146
pin_num 2
27 6 0
31 18 0
Net_id 147
pin_num 2
45 10 0
24 18 0
Net_id 148
pin_num 2
6 7 0
18 3 0
Net_id 149
pin_num 2
20 45 0
6 45 0
Net_id 150
pin_num 2
16 7 0
41 9 0
Net_id 151
pin_num 2
13 31 0
15 52 0
Net_id 152
pin_num 2
46 52 0
40 49 0
Net_id 153
pin_num 2
15 20 0
17 17 0
Net_id 154
pin_num 2
19 57 0
13 50 0
Net_id 155
pin_num 2
46 48 0
39 30 0
Net_id 156
pin_num 2
34 9 0
36 14 0
Net_id 157
pin_num 2
46 28 0
56 39 0
Net_id 158
pin_num 2
28 3 0
22 9 0
Net_id 159
pin_num 2
55 52 0
38 40 0
Net_id 160
pin_num 2
22 50 0
33 59 0
