Width 60
Height 60
Layer 6
Total_WL 7315
Obstacle_num 144
26 19 0 35 20 0
13 2 0 17 3 0
23 46 0 33 47 0
23 31 0 30 32 0
25 43 0 30 44 0
28 13 0 37 14 0
21 29 0 29 30 0
0 13 0 10 14 0
47 29 0 51 30 0
17 4 0 22 5 0
53 21 0 58 22 0
7 26 0 11 27 0
32 17 0 36 18 0
25 5 0 28 6 0
10 33 0 15 34 0
34 42 0 42 43 0
47 24 0 55 25 0
45 0 0 48 1 0
20 12 0 23 13 0
10 20 0 13 21 0
29 14 0 35 15 0
19 18 0 27 19 0
7 24 0 13 25 0
50 0 0 58 1 0
55 39 1 56 48 1
27 50 1 28 56 1
30 20 1 31 24 1
54 13 1 55 22 1
17 37 1 18 40 1
39 11 1 40 20 1
46 41 1 47 49 1
27 25 1 28 29 1
12 35 1 13 39 1
21 45 1 22 54 1
40 24 1 41 28 1
27 43 1 28 50 1
18 12 1 19 20 1
56 41 1 57 51 1
49 46 1 50 51 1
26 24 1 27 27 1
17 9 1 18 14 1
51 34 1 52 43 1
32 4 1 33 11 1
40 51 1 41 57 1
47 25 1 48 28 1
14 4 1 15 13 1
7 16 1 8 26 1
52 13 1 53 23 1
27 13 2 30 14 2
42 31 2 51 32 2
35 35 2 40 36 2
38 20 2 43 21 2
2 17 2 12 18 2
4 10 2 9 11 2
23 3 2 27 4 2
7 25 2 16 26 2
2 11 2 8 12 2
6 14 2 16 15 2
16 37 2 21 38 2
41 40 2 48 41 2
15 42 2 22 43 2
34 4 2 41 5 2
1 24 2 7 25 2
51 40 2 56 41 2
49 20 2 59 21 2
22 49 2 26 50 2
19 47 2 24 48 2
41 45 2 46 46 2
37 14 2 44 15 2
35 13 2 40 14 2
1 56 2 9 57 2
3 30 2 9 31 2
54 43 3 55 53 3
6 49 3 7 59 3
12 20 3 13 30 3
39 26 3 40 34 3
48 31 3 49 41 3
18 38 3 19 42 3
46 1 3 47 11 3
28 13 3 29 23 3
57 7 3 58 10 3
4 23 3 5 32 3
27 17 3 28 21 3
11 1 3 12 10 3
9 36 3 10 41 3
1 51 3 2 56 3
9 50 3 10 59 3
39 39 3 40 42 3
32 16 3 33 21 3
40 7 3 41 10 3
15 35 3 16 38 3
57 16 3 58 21 3
46 55 3 47 59 3
25 55 3 26 59 3
40 21 3 41 29 3
35 22 3 36 30 3
0 26 4 4 27 4
4 4 4 10 5 4
19 27 4 28 28 4
30 58 4 40 59 4
40 40 4 48 41 4
45 3 4 51 4 4
4 46 4 14 47 4
20 8 4 23 9 4
18 44 4 26 45 4
50 10 4 55 11 4
27 10 4 34 11 4
39 47 4 47 48 4
52 31 4 59 32 4
46 5 4 55 6 4
21 47 4 25 48 4
38 37 4 46 38 4
18 23 4 21 24 4
32 32 4 38 33 4
31 16 4 34 17 4
50 29 4 54 30 4
17 29 4 25 30 4
4 40 4 12 41 4
7 0 4 17 1 4
46 0 4 51 1 4
27 31 5 28 40 5
1 55 5 2 59 5
0 38 5 1 41 5
13 23 5 14 32 5
31 17 5 32 27 5
53 45 5 54 49 5
35 35 5 36 45 5
32 7 5 33 17 5
42 22 5 43 30 5
11 22 5 12 31 5
51 51 5 52 57 5
49 43 5 50 47 5
37 42 5 38 45 5
15 6 5 16 16 5
15 42 5 16 45 5
2 17 5 3 26 5
23 9 5 24 13 5
32 44 5 33 54 5
31 5 5 32 13 5
33 23 5 34 31 5
47 36 5 48 41 5
55 41 5 56 50 5
5 12 5 6 22 5
7 29 5 8 35 5
Net_num 161
Net_id 0
pin_num 5
36 53 0
41 49 0
59 52 0
42 31 0
45 59 0
Net_id 1
pin_num 5
51 46 0
35 45 0
36 51 0
44 54 0
52 50 0
Net_id 2
pin_num 5
1 48 0
2 42 0
0 33 0
2 27 0
11 28 0
Net_id 3
pin_num 5
11 43 0
7 39 0
0 32 0
15 39 0
16 34 0
Net_id 4
pin_num 5
9 25 0
6 19 0
0 9 0
0 27 0
15 9 0
Net_id 5
pin_num 5
28 58 0
25 54 0
1 54 0
43 56 0
4 58 0
Net_id 6
pin_num 5
47 42 0
39 34 0
36 41 0
41 45 0
44 53 0
Net_id 7
pin_num 5
25 49 0
35 57 0
19 59 0
19 53 0
1 59 0
Net_id 8
pin_num 5
12 3 0
19 10 0
26 0 0
19 17 0
19 1 0
Net_id 9
pin_num 5
39 16 0
58 16 0
44 38 0
50 25 0
49 0 0
Net_id 10
pin_num 5
26 3 0
37 15 0
33 7 0
16 15 0
22 0 0
Net_id 11
pin_num 5
29 52 0
17 52 0
28 48 0
22 59 0
23 39 0
Net_id 12
pin_num 5
4 52 0
1 53 0
16 45 0
4 59 0
12 57 0
Net_id 13
pin_num 5
45 8 0
52 1 0
52 7 0
41 2 0
48 9 0
Net_id 14
pin_num 5
24 48 0
42 52 0
34 31 0
35 44 0
29 41 0
Net_id 15
pin_num 5
52 4 0
49 1 0
57 15 0
39 3 0
51 6 0
Net_id 16
pin_num 5
23 57 0
17 54 0
0 56 0
6 59 0
16 59 0
Net_id 17
pin_num 5
12 25 0
24 25 0
19 41 0
11 27 0
11 34 0
Net_id 18
pin_num 5
31 18 0
24 24 0
0 28 0
24 20 0
16 22 0
Net_id 19
pin_num 5
32 57 0
36 52 0
36 36 0
44 49 0
36 12 0
Net_id 20
pin_num 5
30 32 0
16 23 0
16 31 0
31 25 0
27 25 0
Net_id 21
pin_num 4
37 11 0
44 9 0
52 10 0
42 18 0
Net_id 22
pin_num 4
35 10 0
43 7 0
49 7 0
53 2 0
Net_id 23
pin_num 4
18 22 0
10 32 0
3 27 0
10 41 0
Net_id 24
pin_num 4
17 17 0
11 17 0
16 8 0
25 6 0
Net_id 25
pin_num 4
32 2 0
27 1 0
35 1 0
28 10 0
Net_id 26
pin_num 4
1 31 0
13 23 0
20 38 0
17 29 0
Net_id 27
pin_num 4
30 53 0
39 45 0
22 43 0
8 50 0
Net_id 28
pin_num 4
50 19 0
45 15 0
59 17 0
59 28 0
Net_id 29
pin_num 4
33 4 0
34 16 0
27 2 0
34 29 0
Net_id 30
pin_num 4
2 20 0
6 12 0
11 23 0
2 8 0
Net_id 31
pin_num 4
39 44 0
47 39 0
28 41 0
46 35 0
Net_id 32
pin_num 4
5 30 0
13 30 0
2 26 0
6 48 0
Net_id 33
pin_num 4
58 10 0
54 8 0
58 34 0
58 35 0
Net_id 34
pin_num 4
23 44 0
28 42 0
30 55 0
26 42 0
Net_id 35
pin_num 4
24 45 0
16 51 0
41 48 0
16 42 0
Net_id 36
pin_num 4
15 22 0
4 16 0
20 17 0
17 18 0
Net_id 37
pin_num 4
56 49 0
59 57 0
46 59 0
48 50 0
Net_id 38
pin_num 4
40 15 0
33 21 0
25 32 0
30 33 0
Net_id 39
pin_num 4
14 40 0
1 40 0
38 40 0
13 24 0
Net_id 40
pin_num 4
18 32 0
25 41 0
40 38 0
52 40 0
Net_id 41
pin_num 3
14 19 0
24 2 0
0 2 0
Net_id 42
pin_num 3
7 44 0
12 51 0
22 50 0
Net_id 43
pin_num 3
58 18 0
54 25 0
44 8 0
Net_id 44
pin_num 3
26 6 0
36 1 0
39 6 0
Net_id 45
pin_num 3
49 35 0
33 42 0
17 21 0
Net_id 46
pin_num 3
20 31 0
22 17 0
41 27 0
Net_id 47
pin_num 3
41 43 0
33 28 0
39 59 0
Net_id 48
pin_num 3
39 47 0
48 36 0
41 54 0
Net_id 49
pin_num 3
45 9 0
57 14 0
56 19 0
Net_id 50
pin_num 3
43 35 0
55 22 0
32 36 0
Net_id 51
pin_num 3
6 35 0
3 42 0
37 54 0
Net_id 52
pin_num 3
20 2 0
24 16 0
17 2 0
Net_id 53
pin_num 3
4 54 0
21 44 0
36 59 0
Net_id 54
pin_num 3
2 10 0
25 7 0
21 39 0
Net_id 55
pin_num 3
3 11 0
18 11 0
0 0 0
Net_id 56
pin_num 3
4 17 0
1 14 0
27 15 0
Net_id 57
pin_num 3
55 2 0
53 11 0
23 20 0
Net_id 58
pin_num 3
6 53 0
2 57 0
18 39 0
Net_id 59
pin_num 3
54 32 0
57 34 0
49 33 0
Net_id 60
pin_num 3
48 58 0
49 55 0
57 41 0
Net_id 61
pin_num 3
58 43 0
39 41 0
49 23 0
Net_id 62
pin_num 3
51 21 0
44 21 0
58 40 0
Net_id 63
pin_num 3
7 19 0
15 41 0
10 0 0
Net_id 64
pin_num 3
42 42 0
47 47 0
37 29 0
Net_id 65
pin_num 3
6 43 0
1 27 0
18 29 0
Net_id 66
pin_num 3
14 42 0
0 54 0
14 23 0
Net_id 67
pin_num 3
48 55 0
37 52 0
3 44 0
Net_id 68
pin_num 3
11 0 0
20 3 0
2 0 0
Net_id 69
pin_num 3
58 39 0
53 32 0
45 52 0
Net_id 70
pin_num 3
17 44 0
38 51 0
27 39 0
Net_id 71
pin_num 3
10 17 0
4 0 0
29 20 0
Net_id 72
pin_num 3
25 13 0
26 8 0
8 1 0
Net_id 73
pin_num 3
53 55 0
50 28 0
36 30 0
Net_id 74
pin_num 3
24 11 0
18 24 0
26 16 0
Net_id 75
pin_num 3
14 34 0
20 48 0
15 20 0
Net_id 76
pin_num 3
43 33 0
47 28 0
50 34 0
Net_id 77
pin_num 3
50 48 0
33 45 0
44 15 0
Net_id 78
pin_num 2
5 31 0
10 55 0
Net_id 79
pin_num 2
34 26 0
47 57 0
Net_id 80
pin_num 2
17 31 0
25 14 0
Net_id 81
pin_num 2
58 46 0
40 58 0
Net_id 82
pin_num 2
15 43 0
24 30 0
Net_id 83
pin_num 2
31 29 0
14 13 0
Net_id 84
pin_num 2
35 0 0
49 9 0
Net_id 85
pin_num 2
47 11 0
57 1 0
Net_id 86
pin_num 2
19 51 0
29 51 0
Net_id 87
pin_num 2
55 10 0
43 0 0
Net_id 88
pin_num 2
27 41 0
17 34 0
Net_id 89
pin_num 2
52 3 0
57 23 0
Net_id 90
pin_num 2
16 6 0
3 1 0
Net_id 91
pin_num 2
30 39 0
32 38 0
Net_id 92
pin_num 2
9 32 0
3 37 0
Net_id 93
pin_num 2
24 41 0
4 48 0
Net_id 94
pin_num 2
20 30 0
14 37 0
Net_id 95
pin_num 2
52 44 0
53 30 0
Net_id 96
pin_num 2
24 50 0
11 55 0
Net_id 97
pin_num 2
57 47 0
50 47 0
Net_id 98
pin_num 2
23 8 0
10 2 0
Net_id 99
pin_num 2
35 14 0
36 20 0
Net_id 100
pin_num 2
34 44 0
22 39 0
Net_id 101
pin_num 2
38 25 0
52 46 0
Net_id 102
pin_num 2
0 49 0
16 49 0
Net_id 103
pin_num 2
43 12 0
55 8 0
Net_id 104
pin_num 2
53 57 0
31 51 0
Net_id 105
pin_num 2
27 26 0
1 19 0
Net_id 106
pin_num 2
23 37 0
16 20 0
Net_id 107
pin_num 2
25 33 0
6 22 0
Net_id 108
pin_num 2
42 5 0
53 7 0
Net_id 109
pin_num 2
39 51 0
47 51 0
Net_id 110
pin_num 2
41 37 0
57 36 0
Net_id 111
pin_num 2
58 25 0
41 18 0
Net_id 112
pin_num 2
54 13 0
38 18 0
Net_id 113
pin_num 2
8 21 0
3 19 0
Net_id 114
pin_num 2
3 30 0
11 42 0
Net_id 115
pin_num 2
59 27 0
40 13 0
Net_id 116
pin_num 2
29 23 0
20 23 0
Net_id 117
pin_num 2
16 37 0
22 37 0
Net_id 118
pin_num 2
36 32 0
53 17 0
Net_id 119
pin_num 2
2 2 0
1 12 0
Net_id 120
pin_num 2
4 37 0
16 35 0
Net_id 121
pin_num 2
32 10 0
26 20 0
Net_id 122
pin_num 2
28 17 0
38 31 0
Net_id 123
pin_num 2
57 35 0
43 24 0
Net_id 124
pin_num 2
15 18 0
2 23 0
Net_id 125
pin_num 2
49 31 0
32 26 0
Net_id 126
pin_num 2
57 54 0
47 58 0
Net_id 127
pin_num 2
17 7 0
22 7 0
Net_id 128
pin_num 2
40 31 0
59 39 0
Net_id 129
pin_num 2
29 34 0
33 34 0
Net_id 130
pin_num 2
30 37 0
26 21 0
Net_id 131
pin_num 2
33 33 0
43 36 0
Net_id 132
pin_num 2
58 56 0
50 54 0
Net_id 133
pin_num 2
9 3 0
28 28 0
Net_id 134
pin_num 2
59 29 0
42 19 0
Net_id 135
pin_num 2
59 9 0
53 9 0
Net_id 136
pin_num 2
36 33 0
49 17 0
Net_id 137
pin_num 2
15 55 0
2 58 0
Net_id 138
pin_num 2
40 23 0
46 11 0
Net_id 139
pin_num 2
11 25 0
5 0 0
Net_id 140
pin_num 2
0 36 0
15 16 0
Net_id 141
pin_num 2
54 11 0
51 25 0
Net_id 142
pin_num 2
23 56 0
4 51 0
Net_id 143
pin_num 2
1 47 0
19 49 0
Net_id 144
pin_num 2
25 3 0
24 6 0
Net_id 145
pin_num 2
44 55 0
39 57 0
Net_id 146
pin_num 2
55 13 0
57 30 0
Net_id 147
pin_num 2
54 31 0
43 26 0
Net_id 148
pin_num 2
0 59 0
7 55 0
Net_id 149
pin_num 2
51 56 0
54 34 0
Net_id 150
pin_num 2
21 20 0
31 37 0
Net_id 151
pin_num 2
0 22 0
8 8 0
Net_id 152
pin_num 2
7 41 0
27 57 0
Net_id 153
pin_num 2
12 21 0
31 3 0
Net_id 154
pin_num 2
43 25 0
46 15 0
Net_id 155
pin_num 2
18 41 0
11 2 0
Net_id 156
pin_num 2
43 28 0
54 45 0
Net_id 157
pin_num 2
24 34 0
56 26 0
Net_id 158
pin_num 2
20 28 0
29 38 0
Net_id 159
pin_num 2
50 44 0
54 53 0
Net_id 160
pin_num 2
21 0 0
36 9 0
