Width 60
Height 60
Layer 6
Total_WL 6664
Obstacle_num 144
45 37 0 55 38 0
37 30 0 42 31 0
13 32 0 20 33 0
18 39 0 27 40 0
29 17 0 38 18 0
25 43 0 28 44 0
43 25 0 46 26 0
36 52 0 41 53 0
52 32 0 59 33 0
8 20 0 14 21 0
8 12 0 14 13 0
44 45 0 54 46 0
42 47 0 48 48 0
41 31 0 47 32 0
10 26 0 16 27 0
41 52 0 51 53 0
4 57 0 14 58 0
41 16 0 45 17 0
11 39 0 17 40 0
3 41 0 6 42 0
4 22 0 14 23 0
48 20 0 57 21 0
41 1 0 48 2 0
1 10 0 8 11 0
43 26 1 44 33 1
17 41 1 18 50 1
42 41 1 43 44 1
52 34 1 53 38 1
18 22 1 19 30 1
16 32 1 17 35 1
24 37 1 25 46 1
27 18 1 28 21 1
31 6 1 32 14 1
28 42 1 29 45 1
13 4 1 14 7 1
10 55 1 11 59 1
34 9 1 35 13 1
51 39 1 52 48 1
50 40 1 51 48 1
21 54 1 22 59 1
8 28 1 9 32 1
42 14 1 43 24 1
26 14 1 27 21 1
49 49 1 50 54 1
39 37 1 40 44 1
46 21 1 47 27 1
15 4 1 16 11 1
22 5 1 23 13 1
25 22 2 33 23 2
45 8 2 53 9 2
46 22 2 55 23 2
33 46 2 42 47 2
16 43 2 25 44 2
48 40 2 58 41 2
56 42 2 59 43 2
19 19 2 24 20 2
35 7 2 45 8 2
4 35 2 7 36 2
30 9 2 38 10 2
21 4 2 30 5 2
36 29 2 41 30 2
11 18 2 14 19 2
36 3 2 43 4 2
30 16 2 40 17 2
26 41 2 31 42 2
0 48 2 6 49 2
1 12 2 11 13 2
45 32 2 50 33 2
7 48 2 15 49 2
46 26 2 50 27 2
25 51 2 35 52 2
18 15 2 21 16 2
32 0 3 33 5 3
35 13 3 36 16 3
43 28 3 44 34 3
3 49 3 4 55 3
23 34 3 24 41 3
1 43 3 2 52 3
58 47 3 59 54 3
32 39 3 33 44 3
23 8 3 24 16 3
34 13 3 35 20 3
37 19 3 38 23 3
47 27 3 48 35 3
14 38 3 15 45 3
7 19 3 8 28 3
14 46 3 15 55 3
13 10 3 14 19 3
30 26 3 31 31 3
39 44 3 40 50 3
38 55 3 39 59 3
40 47 3 41 53 3
13 52 3 14 55 3
32 53 3 33 57 3
55 21 3 56 24 3
8 52 3 9 55 3
16 11 4 22 12 4
35 43 4 44 44 4
0 46 4 5 47 4
41 18 4 44 19 4
41 6 4 49 7 4
40 0 4 47 1 4
46 3 4 55 4 4
2 7 4 11 8 4
35 29 4 43 30 4
33 40 4 36 41 4
23 38 4 27 39 4
46 26 4 50 27 4
32 2 4 42 3 4
39 34 4 44 35 4
9 0 4 16 1 4
45 41 4 53 42 4
39 46 4 43 47 4
17 1 4 26 2 4
19 35 4 29 36 4
39 9 4 49 10 4
27 39 4 35 40 4
49 39 4 59 40 4
38 23 4 45 24 4
20 55 4 29 56 4
12 4 5 13 10 5
56 46 5 57 54 5
5 8 5 6 18 5
57 36 5 58 45 5
23 24 5 24 30 5
26 28 5 27 36 5
42 22 5 43 29 5
38 40 5 39 48 5
10 4 5 11 12 5
36 43 5 37 48 5
4 14 5 5 20 5
21 22 5 22 27 5
13 20 5 14 24 5
2 39 5 3 49 5
48 6 5 49 16 5
53 30 5 54 37 5
16 22 5 17 29 5
44 8 5 45 14 5
25 12 5 26 17 5
57 11 5 58 15 5
46 35 5 47 41 5
44 51 5 45 58 5
17 24 5 18 27 5
58 45 5 59 54 5
Net_num 157
Net_id 0
pin_num 5
52 50 0
44 59 0
35 53 0
45 43 0
45 46 0
Net_id 1
pin_num 5
3 15 0
0 17 0
0 27 0
19 26 0
20 15 0
Net_id 2
pin_num 5
3 49 0
11 43 0
1 59 0
9 53 0
16 43 0
Net_id 3
pin_num 5
25 55 0
20 42 0
23 36 0
1 39 0
9 49 0
Net_id 4
pin_num 5
30 44 0
33 52 0
48 49 0
20 49 0
29 32 0
Net_id 5
pin_num 5
39 44 0
42 58 0
19 49 0
42 39 0
21 46 0
Net_id 6
pin_num 5
6 56 0
15 56 0
27 59 0
2 59 0
23 59 0
Net_id 7
pin_num 5
16 36 0
26 28 0
0 32 0
34 35 0
45 35 0
Net_id 8
pin_num 5
27 21 0
32 21 0
24 14 0
27 7 0
11 14 0
Net_id 9
pin_num 5
49 53 0
37 53 0
31 59 0
34 48 0
36 59 0
Net_id 10
pin_num 5
36 7 0
45 0 0
39 0 0
26 2 0
40 21 0
Net_id 11
pin_num 5
13 9 0
10 14 0
10 34 0
0 14 0
4 27 0
Net_id 12
pin_num 5
0 31 0
6 38 0
0 30 0
12 31 0
30 38 0
Net_id 13
pin_num 5
8 13 0
17 5 0
24 5 0
24 0 0
0 13 0
Net_id 14
pin_num 5
7 52 0
20 52 0
16 55 0
28 59 0
12 53 0
Net_id 15
pin_num 5
4 44 0
11 58 0
28 57 0
25 58 0
11 50 0
Net_id 16
pin_num 5
45 10 0
26 10 0
44 24 0
40 18 0
59 8 0
Net_id 17
pin_num 5
56 52 0
33 53 0
52 57 0
46 56 0
35 39 0
Net_id 18
pin_num 5
14 1 0
32 0 0
30 19 0
9 8 0
16 2 0
Net_id 19
pin_num 5
26 41 0
35 40 0
15 40 0
18 31 0
29 27 0
Net_id 20
pin_num 5
24 53 0
42 48 0
46 40 0
59 44 0
40 54 0
Net_id 21
pin_num 5
51 21 0
43 21 0
48 44 0
45 4 0
59 25 0
Net_id 22
pin_num 4
19 8 0
7 13 0
1 8 0
1 11 0
Net_id 23
pin_num 4
10 35 0
14 23 0
32 33 0
0 8 0
Net_id 24
pin_num 4
14 21 0
6 18 0
9 10 0
8 4 0
Net_id 25
pin_num 4
26 34 0
5 40 0
12 24 0
20 27 0
Net_id 26
pin_num 4
58 17 0
52 17 0
56 27 0
58 29 0
Net_id 27
pin_num 4
49 16 0
43 36 0
51 19 0
43 51 0
Net_id 28
pin_num 4
31 38 0
26 32 0
34 40 0
18 40 0
Net_id 29
pin_num 4
22 43 0
16 31 0
18 51 0
15 31 0
Net_id 30
pin_num 4
49 30 0
51 34 0
37 38 0
57 20 0
Net_id 31
pin_num 4
48 40 0
46 44 0
31 32 0
38 47 0
Net_id 32
pin_num 4
24 28 0
25 41 0
9 33 0
32 37 0
Net_id 33
pin_num 4
31 26 0
36 25 0
46 26 0
20 21 0
Net_id 34
pin_num 4
33 4 0
37 5 0
25 4 0
23 2 0
Net_id 35
pin_num 4
4 38 0
1 35 0
2 58 0
10 37 0
Net_id 36
pin_num 4
6 28 0
9 43 0
17 13 0
5 48 0
Net_id 37
pin_num 4
18 13 0
24 25 0
35 37 0
21 16 0
Net_id 38
pin_num 4
39 50 0
43 55 0
59 55 0
59 54 0
Net_id 39
pin_num 4
7 19 0
17 10 0
1 19 0
1 16 0
Net_id 40
pin_num 4
0 23 0
8 23 0
4 7 0
19 0 0
Net_id 41
pin_num 3
58 26 0
49 47 0
50 27 0
Net_id 42
pin_num 3
54 45 0
40 59 0
35 52 0
Net_id 43
pin_num 3
3 26 0
12 21 0
2 20 0
Net_id 44
pin_num 3
14 51 0
0 41 0
5 52 0
Net_id 45
pin_num 3
21 52 0
31 58 0
17 37 0
Net_id 46
pin_num 3
9 4 0
5 7 0
6 21 0
Net_id 47
pin_num 3
1 40 0
3 28 0
45 24 0
Net_id 48
pin_num 3
58 16 0
51 35 0
50 19 0
Net_id 49
pin_num 3
27 12 0
14 7 0
32 11 0
Net_id 50
pin_num 3
39 38 0
54 36 0
34 37 0
Net_id 51
pin_num 3
4 0 0
32 12 0
33 0 0
Net_id 52
pin_num 3
33 12 0
49 25 0
56 22 0
Net_id 53
pin_num 3
47 39 0
39 40 0
25 24 0
Net_id 54
pin_num 3
43 18 0
55 5 0
59 6 0
Net_id 55
pin_num 3
38 44 0
27 37 0
41 48 0
Net_id 56
pin_num 3
57 5 0
58 13 0
58 22 0
Net_id 57
pin_num 3
2 54 0
8 55 0
11 54 0
Net_id 58
pin_num 3
25 21 0
43 24 0
26 27 0
Net_id 59
pin_num 3
47 26 0
54 27 0
49 43 0
Net_id 60
pin_num 3
44 48 0
32 52 0
40 58 0
Net_id 61
pin_num 3
40 20 0
49 19 0
52 0 0
Net_id 62
pin_num 3
4 14 0
2 21 0
10 40 0
Net_id 63
pin_num 3
33 27 0
29 28 0
19 44 0
Net_id 64
pin_num 3
28 0 0
25 5 0
35 24 0
Net_id 65
pin_num 3
57 13 0
53 16 0
55 13 0
Net_id 66
pin_num 3
40 8 0
53 5 0
50 49 0
Net_id 67
pin_num 3
52 7 0
58 6 0
56 34 0
Net_id 68
pin_num 3
35 47 0
20 53 0
32 54 0
Net_id 69
pin_num 3
54 47 0
59 34 0
58 23 0
Net_id 70
pin_num 3
23 6 0
36 6 0
37 0 0
Net_id 71
pin_num 3
33 56 0
20 55 0
19 53 0
Net_id 72
pin_num 3
36 34 0
44 34 0
37 16 0
Net_id 73
pin_num 3
33 11 0
52 21 0
40 1 0
Net_id 74
pin_num 3
15 48 0
16 37 0
3 47 0
Net_id 75
pin_num 3
52 4 0
51 2 0
53 15 0
Net_id 76
pin_num 3
31 14 0
18 9 0
18 16 0
Net_id 77
pin_num 3
22 11 0
29 11 0
23 22 0
Net_id 78
pin_num 3
11 37 0
18 56 0
27 50 0
Net_id 79
pin_num 2
47 9 0
59 21 0
Net_id 80
pin_num 2
12 44 0
7 43 0
Net_id 81
pin_num 2
31 13 0
23 10 0
Net_id 82
pin_num 2
3 16 0
1 1 0
Net_id 83
pin_num 2
26 45 0
26 50 0
Net_id 84
pin_num 2
43 39 0
25 50 0
Net_id 85
pin_num 2
56 42 0
56 45 0
Net_id 86
pin_num 2
37 48 0
46 29 0
Net_id 87
pin_num 2
42 14 0
49 14 0
Net_id 88
pin_num 2
21 42 0
36 58 0
Net_id 89
pin_num 2
46 25 0
59 32 0
Net_id 90
pin_num 2
55 34 0
43 19 0
Net_id 91
pin_num 2
45 33 0
39 33 0
Net_id 92
pin_num 2
55 40 0
48 51 0
Net_id 93
pin_num 2
56 49 0
47 51 0
Net_id 94
pin_num 2
50 34 0
46 42 0
Net_id 95
pin_num 2
23 0 0
18 18 0
Net_id 96
pin_num 2
12 11 0
23 23 0
Net_id 97
pin_num 2
28 30 0
40 31 0
Net_id 98
pin_num 2
3 27 0
1 21 0
Net_id 99
pin_num 2
15 42 0
4 30 0
Net_id 100
pin_num 2
19 45 0
40 57 0
Net_id 101
pin_num 2
45 12 0
57 28 0
Net_id 102
pin_num 2
15 23 0
19 10 0
Net_id 103
pin_num 2
5 4 0
1 4 0
Net_id 104
pin_num 2
1 24 0
17 27 0
Net_id 105
pin_num 2
12 54 0
26 44 0
Net_id 106
pin_num 2
0 33 0
19 47 0
Net_id 107
pin_num 2
18 17 0
32 7 0
Net_id 108
pin_num 2
56 44 0
53 46 0
Net_id 109
pin_num 2
10 42 0
6 30 0
Net_id 110
pin_num 2
39 29 0
44 43 0
Net_id 111
pin_num 2
11 32 0
1 57 0
Net_id 112
pin_num 2
28 8 0
52 19 0
Net_id 113
pin_num 2
58 47 0
55 54 0
Net_id 114
pin_num 2
59 18 0
51 7 0
Net_id 115
pin_num 2
29 23 0
34 21 0
Net_id 116
pin_num 2
28 22 0
27 30 0
Net_id 117
pin_num 2
54 1 0
41 27 0
Net_id 118
pin_num 2
30 16 0
20 4 0
Net_id 119
pin_num 2
7 55 0
12 37 0
Net_id 120
pin_num 2
19 57 0
23 56 0
Net_id 121
pin_num 2
8 2 0
18 6 0
Net_id 122
pin_num 2
2 25 0
14 9 0
Net_id 123
pin_num 2
40 0 0
42 4 0
Net_id 124
pin_num 2
43 42 0
58 35 0
Net_id 125
pin_num 2
55 12 0
55 8 0
Net_id 126
pin_num 2
18 57 0
13 58 0
Net_id 127
pin_num 2
52 44 0
42 57 0
Net_id 128
pin_num 2
12 41 0
20 41 0
Net_id 129
pin_num 2
1 17 0
26 9 0
Net_id 130
pin_num 2
28 39 0
50 14 0
Net_id 131
pin_num 2
20 31 0
18 21 0
Net_id 132
pin_num 2
17 6 0
7 6 0
Net_id 133
pin_num 2
33 44 0
47 46 0
Net_id 134
pin_num 2
37 24 0
56 35 0
Net_id 135
pin_num 2
12 28 0
18 28 0
Net_id 136
pin_num 2
44 6 0
31 1 0
Net_id 137
pin_num 2
23 50 0
17 50 0
Net_id 138
pin_num 2
54 13 0
47 10 0
Net_id 139
pin_num 2
32 55 0
35 45 0
Net_id 140
pin_num 2
7 29 0
1 34 0
Net_id 141
pin_num 2
33 50 0
4 28 0
Net_id 142
pin_num 2
38 18 0
23 25 0
Net_id 143
pin_num 2
27 9 0
48 1 0
Net_id 144
pin_num 2
51 39 0
53 36 0
Net_id 145
pin_num 2
12 47 0
6 42 0
Net_id 146
pin_num 2
28 29 0
39 32 0
Net_id 147
pin_num 2
50 39 0
54 29 0
Net_id 148
pin_num 2
18 49 0
10 43 0
Net_id 149
pin_num 2
4 35 0
1 42 0
Net_id 150
pin_num 2
33 46 0
24 50 0
Net_id 151
pin_num 2
2 30 0
6 41 0
Net_id 152
pin_num 2
36 0 0
18 4 0
Net_id 153
pin_num 2
48 48 0
44 44 0
Net_id 154
pin_num 2
59 48 0
49 57 0
Net_id 155
pin_num 2
28 51 0
25 59 0
Net_id 156
pin_num 2
4 9 0
3 18 0
