Width 60
Height 60
Layer 6
Total_WL 6980
Obstacle_num 144
10 11 0 18 12 0
25 54 0 30 55 0
10 50 0 18 51 0
33 54 0 37 55 0
22 34 0 27 35 0
18 37 0 21 38 0
37 15 0 40 16 0
1 43 0 11 44 0
3 51 0 13 52 0
22 13 0 26 14 0
14 8 0 17 9 0
27 17 0 32 18 0
37 22 0 44 23 0
29 37 0 38 38 0
8 42 0 15 43 0
30 38 0 37 39 0
17 15 0 20 16 0
9 10 0 15 11 0
52 55 0 59 56 0
1 15 0 5 16 0
12 22 0 22 23 0
2 16 0 11 17 0
17 10 0 20 11 0
32 19 0 38 20 0
6 15 1 7 23 1
32 44 1 33 48 1
12 11 1 13 16 1
16 47 1 17 50 1
54 51 1 55 56 1
57 49 1 58 54 1
29 14 1 30 21 1
16 33 1 17 43 1
0 15 1 1 20 1
3 49 1 4 55 1
33 14 1 34 23 1
50 47 1 51 51 1
22 37 1 23 43 1
26 37 1 27 46 1
46 47 1 47 55 1
39 1 1 40 4 1
20 54 1 21 59 1
58 24 1 59 30 1
55 13 1 56 22 1
4 50 1 5 57 1
17 19 1 18 23 1
49 26 1 50 33 1
49 51 1 50 55 1
17 7 1 18 14 1
44 33 2 53 34 2
37 40 2 46 41 2
5 28 2 14 29 2
7 33 2 13 34 2
43 2 2 47 3 2
15 35 2 18 36 2
40 56 2 46 57 2
1 23 2 6 24 2
10 26 2 18 27 2
52 15 2 59 16 2
41 26 2 44 27 2
43 20 2 50 21 2
4 2 2 8 3 2
32 34 2 42 35 2
52 53 2 58 54 2
32 50 2 42 51 2
16 34 2 23 35 2
48 52 2 54 53 2
17 36 2 22 37 2
17 14 2 23 15 2
44 19 2 48 20 2
19 5 2 22 6 2
36 3 2 39 4 2
20 9 2 26 10 2
31 39 3 32 47 3
48 9 3 49 13 3
39 3 3 40 9 3
27 52 3 28 56 3
31 48 3 32 51 3
49 34 3 50 42 3
53 17 3 54 20 3
12 16 3 13 22 3
14 49 3 15 52 3
23 40 3 24 46 3
48 25 3 49 31 3
25 36 3 26 40 3
28 43 3 29 53 3
23 47 3 24 54 3
38 43 3 39 46 3
21 29 3 22 39 3
40 10 3 41 14 3
29 25 3 30 33 3
30 40 3 31 50 3
44 43 3 45 53 3
2 34 3 3 37 3
32 14 3 33 21 3
1 25 3 2 28 3
44 38 3 45 42 3
16 28 4 21 29 4
40 12 4 43 13 4
22 24 4 29 25 4
52 13 4 57 14 4
29 3 4 33 4 4
40 44 4 45 45 4
3 2 4 8 3 4
49 28 4 52 29 4
2 56 4 11 57 4
7 52 4 13 53 4
32 44 4 38 45 4
12 50 4 19 51 4
35 11 4 44 12 4
22 14 4 27 15 4
4 20 4 12 21 4
31 34 4 40 35 4
29 16 4 39 17 4
7 23 4 16 24 4
1 49 4 9 50 4
43 33 4 52 34 4
12 47 4 15 48 4
0 57 4 10 58 4
15 44 4 21 45 4
17 46 4 21 47 4
4 27 5 5 31 5
25 19 5 26 24 5
3 31 5 4 41 5
48 37 5 49 46 5
13 11 5 14 17 5
15 26 5 16 34 5
35 28 5 36 37 5
6 4 5 7 7 5
57 18 5 58 25 5
58 25 5 59 33 5
49 27 5 50 36 5
45 21 5 46 31 5
37 33 5 38 43 5
36 45 5 37 53 5
8 11 5 9 21 5
48 4 5 49 9 5
18 48 5 19 54 5
11 1 5 12 7 5
19 35 5 20 42 5
1 18 5 2 26 5
10 22 5 11 26 5
17 14 5 18 17 5
43 6 5 44 9 5
46 38 5 47 46 5
Net_num 161
Net_id 0
pin_num 5
28 22 0
39 12 0
43 14 0
30 40 0
15 35 0
Net_id 1
pin_num 5
57 5 0
58 2 0
58 12 0
37 5 0
52 25 0
Net_id 2
pin_num 5
28 20 0
18 29 0
7 23 0
20 15 0
17 42 0
Net_id 3
pin_num 5
21 20 0
23 16 0
43 16 0
30 0 0
29 0 0
Net_id 4
pin_num 5
42 46 0
43 41 0
40 59 0
48 42 0
40 44 0
Net_id 5
pin_num 5
26 50 0
24 51 0
30 51 0
31 54 0
17 59 0
Net_id 6
pin_num 5
10 38 0
24 43 0
19 55 0
13 20 0
15 47 0
Net_id 7
pin_num 5
59 15 0
53 18 0
29 18 0
40 27 0
31 14 0
Net_id 8
pin_num 5
4 26 0
12 21 0
35 25 0
34 21 0
34 48 0
Net_id 9
pin_num 5
12 41 0
11 30 0
0 31 0
17 40 0
15 37 0
Net_id 10
pin_num 5
25 3 0
34 7 0
19 7 0
28 26 0
23 6 0
Net_id 11
pin_num 5
6 25 0
6 30 0
15 20 0
6 6 0
3 26 0
Net_id 12
pin_num 5
6 33 0
10 33 0
9 55 0
31 49 0
3 59 0
Net_id 13
pin_num 5
38 34 0
26 36 0
36 48 0
50 37 0
48 15 0
Net_id 14
pin_num 5
52 22 0
57 30 0
57 11 0
51 17 0
59 29 0
Net_id 15
pin_num 5
53 34 0
59 33 0
58 23 0
54 33 0
58 1 0
Net_id 16
pin_num 5
22 14 0
16 14 0
19 21 0
8 17 0
20 18 0
Net_id 17
pin_num 5
24 37 0
28 39 0
21 21 0
28 55 0
32 32 0
Net_id 18
pin_num 5
56 16 0
47 11 0
48 13 0
36 11 0
58 20 0
Net_id 19
pin_num 5
35 45 0
50 51 0
30 50 0
27 46 0
48 41 0
Net_id 20
pin_num 5
54 0 0
45 12 0
32 20 0
44 1 0
39 6 0
Net_id 21
pin_num 4
32 12 0
16 9 0
20 29 0
11 22 0
Net_id 22
pin_num 4
31 28 0
25 36 0
50 28 0
25 44 0
Net_id 23
pin_num 4
0 7 0
5 17 0
5 24 0
15 7 0
Net_id 24
pin_num 4
0 14 0
10 14 0
8 34 0
4 29 0
Net_id 25
pin_num 4
34 4 0
16 5 0
44 4 0
17 4 0
Net_id 26
pin_num 4
24 36 0
6 36 0
22 18 0
16 20 0
Net_id 27
pin_num 4
30 57 0
39 55 0
48 55 0
39 39 0
Net_id 28
pin_num 4
1 11 0
3 11 0
0 40 0
23 39 0
Net_id 29
pin_num 4
56 24 0
46 24 0
45 22 0
46 38 0
Net_id 30
pin_num 4
49 55 0
45 59 0
45 49 0
47 57 0
Net_id 31
pin_num 4
9 54 0
6 56 0
1 48 0
1 25 0
Net_id 32
pin_num 4
15 18 0
18 16 0
11 15 0
15 6 0
Net_id 33
pin_num 4
0 35 0
14 43 0
22 43 0
2 46 0
Net_id 34
pin_num 4
27 50 0
33 41 0
48 48 0
32 54 0
Net_id 35
pin_num 4
10 4 0
0 0 0
18 0 0
19 0 0
Net_id 36
pin_num 4
14 13 0
18 6 0
34 10 0
26 5 0
Net_id 37
pin_num 4
3 1 0
18 1 0
23 0 0
10 18 0
Net_id 38
pin_num 4
48 38 0
54 39 0
49 45 0
48 46 0
Net_id 39
pin_num 4
14 39 0
21 41 0
24 58 0
22 50 0
Net_id 40
pin_num 4
47 14 0
56 11 0
45 0 0
46 12 0
Net_id 41
pin_num 3
55 11 0
42 3 0
59 8 0
Net_id 42
pin_num 3
59 49 0
54 44 0
50 56 0
Net_id 43
pin_num 3
4 25 0
2 19 0
1 55 0
Net_id 44
pin_num 3
39 40 0
32 40 0
35 20 0
Net_id 45
pin_num 3
55 19 0
36 29 0
58 31 0
Net_id 46
pin_num 3
5 19 0
16 32 0
46 32 0
Net_id 47
pin_num 3
13 8 0
4 1 0
8 12 0
Net_id 48
pin_num 3
28 48 0
33 49 0
51 54 0
Net_id 49
pin_num 3
12 9 0
14 24 0
5 31 0
Net_id 50
pin_num 3
30 58 0
44 54 0
26 51 0
Net_id 51
pin_num 3
24 40 0
51 45 0
40 51 0
Net_id 52
pin_num 3
52 1 0
58 0 0
49 2 0
Net_id 53
pin_num 3
28 42 0
53 48 0
59 39 0
Net_id 54
pin_num 3
51 1 0
38 6 0
42 16 0
Net_id 55
pin_num 3
4 30 0
7 11 0
0 1 0
Net_id 56
pin_num 3
46 17 0
34 9 0
44 38 0
Net_id 57
pin_num 3
8 56 0
24 48 0
46 40 0
Net_id 58
pin_num 3
21 16 0
34 23 0
15 33 0
Net_id 59
pin_num 3
40 0 0
31 5 0
59 7 0
Net_id 60
pin_num 3
12 32 0
4 45 0
27 41 0
Net_id 61
pin_num 3
49 3 0
55 6 0
47 13 0
Net_id 62
pin_num 3
31 33 0
13 44 0
29 55 0
Net_id 63
pin_num 3
46 11 0
34 20 0
39 23 0
Net_id 64
pin_num 3
15 43 0
23 42 0
8 58 0
Net_id 65
pin_num 3
42 38 0
33 47 0
31 59 0
Net_id 66
pin_num 3
23 28 0
19 30 0
35 41 0
Net_id 67
pin_num 3
10 34 0
26 23 0
22 11 0
Net_id 68
pin_num 3
8 9 0
18 8 0
1 5 0
Net_id 69
pin_num 3
57 19 0
53 21 0
56 8 0
Net_id 70
pin_num 3
0 49 0
34 49 0
2 57 0
Net_id 71
pin_num 3
59 13 0
47 29 0
54 35 0
Net_id 72
pin_num 3
36 53 0
51 41 0
41 57 0
Net_id 73
pin_num 3
48 35 0
53 37 0
47 59 0
Net_id 74
pin_num 3
43 12 0
35 3 0
26 19 0
Net_id 75
pin_num 3
21 29 0
32 55 0
3 41 0
Net_id 76
pin_num 3
32 45 0
42 52 0
51 50 0
Net_id 77
pin_num 3
6 3 0
13 18 0
1 9 0
Net_id 78
pin_num 3
21 40 0
9 11 0
31 40 0
Net_id 79
pin_num 3
32 52 0
17 55 0
46 58 0
Net_id 80
pin_num 2
6 34 0
3 10 0
Net_id 81
pin_num 2
29 15 0
44 0 0
Net_id 82
pin_num 2
25 26 0
16 28 0
Net_id 83
pin_num 2
5 10 0
15 5 0
Net_id 84
pin_num 2
55 45 0
44 48 0
Net_id 85
pin_num 2
26 47 0
33 51 0
Net_id 86
pin_num 2
24 32 0
18 30 0
Net_id 87
pin_num 2
38 31 0
23 31 0
Net_id 88
pin_num 2
21 31 0
9 31 0
Net_id 89
pin_num 2
27 39 0
11 18 0
Net_id 90
pin_num 2
32 27 0
24 27 0
Net_id 91
pin_num 2
24 57 0
31 56 0
Net_id 92
pin_num 2
43 38 0
33 30 0
Net_id 93
pin_num 2
8 41 0
22 45 0
Net_id 94
pin_num 2
14 45 0
24 50 0
Net_id 95
pin_num 2
24 24 0
30 24 0
Net_id 96
pin_num 2
44 29 0
55 35 0
Net_id 97
pin_num 2
15 54 0
33 29 0
Net_id 98
pin_num 2
42 35 0
53 39 0
Net_id 99
pin_num 2
54 25 0
57 31 0
Net_id 100
pin_num 2
35 24 0
49 23 0
Net_id 101
pin_num 2
31 6 0
38 25 0
Net_id 102
pin_num 2
21 46 0
7 42 0
Net_id 103
pin_num 2
15 15 0
27 43 0
Net_id 104
pin_num 2
53 2 0
41 9 0
Net_id 105
pin_num 2
23 57 0
16 57 0
Net_id 106
pin_num 2
37 14 0
6 38 0
Net_id 107
pin_num 2
9 47 0
1 47 0
Net_id 108
pin_num 2
24 16 0
43 17 0
Net_id 109
pin_num 2
47 56 0
56 48 0
Net_id 110
pin_num 2
49 57 0
53 56 0
Net_id 111
pin_num 2
36 30 0
52 40 0
Net_id 112
pin_num 2
19 12 0
31 26 0
Net_id 113
pin_num 2
31 32 0
24 53 0
Net_id 114
pin_num 2
0 59 0
0 51 0
Net_id 115
pin_num 2
0 50 0
15 57 0
Net_id 116
pin_num 2
4 9 0
9 8 0
Net_id 117
pin_num 2
28 46 0
32 39 0
Net_id 118
pin_num 2
37 2 0
47 2 0
Net_id 119
pin_num 2
55 2 0
43 23 0
Net_id 120
pin_num 2
1 42 0
13 39 0
Net_id 121
pin_num 2
3 18 0
8 38 0
Net_id 122
pin_num 2
5 57 0
12 59 0
Net_id 123
pin_num 2
56 39 0
53 49 0
Net_id 124
pin_num 2
42 23 0
27 44 0
Net_id 125
pin_num 2
11 14 0
25 11 0
Net_id 126
pin_num 2
50 2 0
49 7 0
Net_id 127
pin_num 2
32 53 0
36 55 0
Net_id 128
pin_num 2
47 1 0
43 7 0
Net_id 129
pin_num 2
23 17 0
34 15 0
Net_id 130
pin_num 2
7 12 0
14 30 0
Net_id 131
pin_num 2
22 3 0
4 10 0
Net_id 132
pin_num 2
22 47 0
26 26 0
Net_id 133
pin_num 2
43 48 0
33 35 0
Net_id 134
pin_num 2
43 3 0
40 6 0
Net_id 135
pin_num 2
37 8 0
51 24 0
Net_id 136
pin_num 2
44 56 0
59 55 0
Net_id 137
pin_num 2
57 51 0
37 59 0
Net_id 138
pin_num 2
14 48 0
8 40 0
Net_id 139
pin_num 2
2 44 0
16 59 0
Net_id 140
pin_num 2
58 47 0
46 56 0
Net_id 141
pin_num 2
3 58 0
17 52 0
Net_id 142
pin_num 2
50 32 0
52 36 0
Net_id 143
pin_num 2
8 19 0
23 22 0
Net_id 144
pin_num 2
15 48 0
24 56 0
Net_id 145
pin_num 2
3 3 0
9 2 0
Net_id 146
pin_num 2
1 13 0
2 11 0
Net_id 147
pin_num 2
3 2 0
11 27 0
Net_id 148
pin_num 2
7 25 0
21 15 0
Net_id 149
pin_num 2
40 19 0
56 7 0
Net_id 150
pin_num 2
41 49 0
7 31 0
Net_id 151
pin_num 2
0 36 0
10 30 0
Net_id 152
pin_num 2
58 45 0
58 50 0
Net_id 153
pin_num 2
31 10 0
34 8 0
Net_id 154
pin_num 2
53 57 0
59 38 0
Net_id 155
pin_num 2
18 5 0
10 8 0
Net_id 156
pin_num 2
46 20 0
37 23 0
Net_id 157
pin_num 2
1 31 0
9 59 0
Net_id 158
pin_num 2
44 49 0
56 45 0
Net_id 159
pin_num 2
11 53 0
5 40 0
Net_id 160
pin_num 2
54 50 0
59 59 0
