Width 60
Height 60
Layer 6
Total_WL 6777
Obstacle_num 144
40 4 0 50 5 0
49 28 0 58 29 0
21 44 0 25 45 0
29 17 0 33 18 0
39 52 0 49 53 0
4 56 0 12 57 0
17 20 0 24 21 0
12 18 0 15 19 0
50 15 0 55 16 0
40 29 0 47 30 0
32 5 0 38 6 0
14 25 0 21 26 0
24 30 0 33 31 0
23 21 0 32 22 0
54 6 0 59 7 0
43 50 0 50 51 0
35 8 0 40 9 0
11 43 0 19 44 0
6 2 0 16 3 0
53 47 0 56 48 0
14 52 0 20 53 0
8 39 0 11 40 0
39 54 0 45 55 0
40 24 0 50 25 0
54 33 1 55 42 1
8 51 1 9 54 1
30 4 1 31 7 1
22 25 1 23 35 1
14 25 1 15 29 1
20 6 1 21 9 1
43 43 1 44 49 1
20 20 1 21 27 1
6 48 1 7 51 1
36 24 1 37 27 1
48 55 1 49 59 1
25 45 1 26 54 1
10 11 1 11 21 1
30 32 1 31 39 1
6 4 1 7 12 1
12 25 1 13 32 1
40 0 1 41 7 1
21 30 1 22 34 1
43 4 1 44 13 1
7 12 1 8 22 1
58 36 1 59 45 1
20 34 1 21 39 1
48 10 1 49 18 1
19 34 1 20 41 1
47 9 2 51 10 2
6 42 2 12 43 2
35 49 2 45 50 2
13 9 2 22 10 2
5 37 2 11 38 2
9 7 2 17 8 2
28 11 2 35 12 2
23 44 2 29 45 2
0 52 2 5 53 2
33 46 2 42 47 2
12 26 2 21 27 2
10 20 2 16 21 2
27 8 2 37 9 2
31 6 2 36 7 2
16 16 2 26 17 2
35 10 2 42 11 2
44 55 2 49 56 2
39 15 2 42 16 2
16 53 2 24 54 2
5 21 2 11 22 2
25 0 2 31 1 2
15 1 2 21 2 2
23 15 2 32 16 2
15 37 2 23 38 2
13 31 3 14 34 3
16 11 3 17 19 3
47 48 3 48 52 3
9 23 3 10 30 3
29 36 3 30 41 3
1 8 3 2 16 3
0 44 3 1 54 3
7 28 3 8 33 3
49 49 3 50 57 3
29 9 3 30 18 3
51 24 3 52 34 3
32 12 3 33 21 3
38 44 3 39 51 3
7 24 3 8 28 3
43 25 3 44 28 3
17 24 3 18 33 3
26 34 3 27 43 3
46 10 3 47 15 3
36 37 3 37 40 3
13 7 3 14 11 3
25 32 3 26 37 3
30 24 3 31 33 3
17 0 3 18 3 3
33 41 3 34 47 3
38 5 4 48 6 4
7 18 4 11 19 4
26 57 4 29 58 4
0 40 4 3 41 4
49 9 4 59 10 4
3 13 4 12 14 4
52 7 4 56 8 4
16 50 4 23 51 4
23 34 4 29 35 4
45 19 4 54 20 4
49 55 4 53 56 4
35 11 4 38 12 4
20 43 4 25 44 4
17 29 4 23 30 4
23 39 4 26 40 4
7 29 4 11 30 4
38 47 4 41 48 4
1 20 4 9 21 4
41 55 4 46 56 4
9 39 4 16 40 4
29 3 4 38 4 4
38 1 4 48 2 4
10 51 4 19 52 4
52 1 4 59 2 4
26 10 5 27 18 5
5 30 5 6 38 5
1 11 5 2 19 5
34 32 5 35 37 5
15 17 5 16 26 5
35 27 5 36 31 5
39 9 5 40 19 5
46 38 5 47 44 5
20 20 5 21 29 5
55 11 5 56 19 5
32 33 5 33 40 5
25 42 5 26 46 5
34 21 5 35 26 5
41 37 5 42 44 5
0 16 5 1 26 5
42 5 5 43 12 5
11 45 5 12 54 5
32 17 5 33 27 5
10 38 5 11 48 5
40 25 5 41 33 5
22 47 5 23 52 5
49 37 5 50 47 5
51 49 5 52 52 5
2 19 5 3 26 5
Net_num 156
Net_id 0
pin_num 5
59 24 0
47 28 0
49 16 0
59 13 0
51 46 0
Net_id 1
pin_num 5
23 8 0
27 8 0
11 8 0
15 11 0
11 0 0
Net_id 2
pin_num 5
16 55 0
1 51 0
23 52 0
4 59 0
0 57 0
Net_id 3
pin_num 5
54 8 0
54 5 0
41 5 0
37 0 0
40 7 0
Net_id 4
pin_num 5
58 20 0
48 20 0
52 41 0
29 33 0
30 20 0
Net_id 5
pin_num 5
33 38 0
50 42 0
49 51 0
52 38 0
38 22 0
Net_id 6
pin_num 5
26 41 0
28 42 0
27 44 0
28 25 0
48 40 0
Net_id 7
pin_num 5
35 33 0
31 35 0
50 33 0
37 13 0
31 11 0
Net_id 8
pin_num 5
51 11 0
59 20 0
36 17 0
54 14 0
44 0 0
Net_id 9
pin_num 5
17 5 0
4 1 0
0 1 0
2 0 0
3 11 0
Net_id 10
pin_num 5
59 56 0
44 59 0
45 56 0
45 54 0
43 58 0
Net_id 11
pin_num 5
38 36 0
34 36 0
27 36 0
36 58 0
52 44 0
Net_id 12
pin_num 5
39 10 0
33 10 0
31 5 0
18 5 0
50 4 0
Net_id 13
pin_num 5
0 13 0
9 10 0
5 31 0
19 11 0
1 0 0
Net_id 14
pin_num 5
3 7 0
1 22 0
11 13 0
10 9 0
3 15 0
Net_id 15
pin_num 5
29 16 0
20 33 0
21 42 0
5 40 0
16 29 0
Net_id 16
pin_num 5
57 21 0
51 21 0
52 16 0
56 41 0
53 33 0
Net_id 17
pin_num 5
7 41 0
0 54 0
4 32 0
17 54 0
19 43 0
Net_id 18
pin_num 5
36 24 0
29 22 0
39 23 0
34 44 0
27 32 0
Net_id 19
pin_num 5
21 1 0
40 8 0
55 7 0
27 33 0
23 15 0
Net_id 20
pin_num 5
9 31 0
7 30 0
24 31 0
15 26 0
11 29 0
Net_id 21
pin_num 5
50 24 0
43 23 0
44 25 0
48 41 0
44 41 0
Net_id 22
pin_num 4
47 20 0
36 30 0
29 28 0
46 21 0
Net_id 23
pin_num 4
58 36 0
46 53 0
59 23 0
43 36 0
Net_id 24
pin_num 4
36 50 0
39 59 0
31 58 0
27 39 0
Net_id 25
pin_num 4
33 50 0
26 50 0
23 45 0
24 39 0
Net_id 26
pin_num 4
18 30 0
25 37 0
21 19 0
14 32 0
Net_id 27
pin_num 4
19 35 0
29 26 0
31 38 0
26 49 0
Net_id 28
pin_num 4
18 26 0
27 13 0
34 19 0
32 10 0
Net_id 29
pin_num 4
7 22 0
3 20 0
12 16 0
19 21 0
Net_id 30
pin_num 4
28 29 0
22 29 0
41 27 0
35 35 0
Net_id 31
pin_num 4
30 18 0
46 18 0
19 23 0
20 10 0
Net_id 32
pin_num 4
46 35 0
39 32 0
41 42 0
42 15 0
Net_id 33
pin_num 4
19 40 0
8 40 0
18 27 0
16 30 0
Net_id 34
pin_num 4
27 3 0
16 3 0
36 1 0
25 11 0
Net_id 35
pin_num 4
51 52 0
42 58 0
59 52 0
31 59 0
Net_id 36
pin_num 4
59 0 0
51 1 0
57 13 0
58 12 0
Net_id 37
pin_num 4
22 58 0
14 58 0
14 50 0
5 53 0
Net_id 38
pin_num 4
42 26 0
55 29 0
44 34 0
36 29 0
Net_id 39
pin_num 4
35 56 0
42 57 0
35 59 0
40 55 0
Net_id 40
pin_num 4
9 58 0
24 59 0
13 42 0
15 41 0
Net_id 41
pin_num 4
42 0 0
37 2 0
16 2 0
10 10 0
Net_id 42
pin_num 3
38 28 0
22 15 0
46 11 0
Net_id 43
pin_num 3
19 5 0
32 1 0
37 9 0
Net_id 44
pin_num 3
35 53 0
54 55 0
47 41 0
Net_id 45
pin_num 3
1 1 0
1 20 0
6 3 0
Net_id 46
pin_num 3
34 26 0
47 19 0
58 22 0
Net_id 47
pin_num 3
35 45 0
47 45 0
38 54 0
Net_id 48
pin_num 3
14 45 0
1 44 0
16 45 0
Net_id 49
pin_num 3
6 35 0
2 42 0
3 25 0
Net_id 50
pin_num 3
44 10 0
38 7 0
46 0 0
Net_id 51
pin_num 3
55 32 0
41 41 0
50 21 0
Net_id 52
pin_num 3
23 6 0
4 12 0
9 38 0
Net_id 53
pin_num 3
46 30 0
37 41 0
45 32 0
Net_id 54
pin_num 3
59 41 0
59 46 0
39 34 0
Net_id 55
pin_num 3
52 39 0
56 55 0
33 49 0
Net_id 56
pin_num 3
12 57 0
25 57 0
14 49 0
Net_id 57
pin_num 3
40 15 0
29 7 0
24 9 0
Net_id 58
pin_num 3
13 32 0
0 34 0
4 46 0
Net_id 59
pin_num 3
57 17 0
57 19 0
34 21 0
Net_id 60
pin_num 3
2 43 0
24 50 0
4 48 0
Net_id 61
pin_num 3
52 14 0
56 7 0
33 4 0
Net_id 62
pin_num 3
22 52 0
18 58 0
32 35 0
Net_id 63
pin_num 3
15 47 0
1 35 0
0 43 0
Net_id 64
pin_num 3
47 15 0
53 9 0
38 51 0
Net_id 65
pin_num 3
29 48 0
14 30 0
0 32 0
Net_id 66
pin_num 3
1 47 0
17 39 0
9 57 0
Net_id 67
pin_num 3
8 51 0
1 36 0
18 44 0
Net_id 68
pin_num 3
18 23 0
9 19 0
45 22 0
Net_id 69
pin_num 3
49 43 0
29 46 0
32 59 0
Net_id 70
pin_num 3
51 51 0
58 45 0
57 47 0
Net_id 71
pin_num 3
22 25 0
30 3 0
19 12 0
Net_id 72
pin_num 3
1 32 0
24 27 0
11 46 0
Net_id 73
pin_num 3
35 13 0
28 1 0
43 1 0
Net_id 74
pin_num 3
39 27 0
53 8 0
46 41 0
Net_id 75
pin_num 3
13 13 0
4 6 0
29 6 0
Net_id 76
pin_num 3
4 20 0
10 33 0
41 31 0
Net_id 77
pin_num 3
33 16 0
45 25 0
33 7 0
Net_id 78
pin_num 3
3 17 0
0 26 0
33 21 0
Net_id 79
pin_num 3
50 10 0
32 4 0
59 1 0
Net_id 80
pin_num 2
19 46 0
28 50 0
Net_id 81
pin_num 2
9 0 0
4 19 0
Net_id 82
pin_num 2
52 4 0
44 8 0
Net_id 83
pin_num 2
53 55 0
57 55 0
Net_id 84
pin_num 2
2 19 0
0 5 0
Net_id 85
pin_num 2
48 53 0
40 42 0
Net_id 86
pin_num 2
20 21 0
29 41 0
Net_id 87
pin_num 2
59 3 0
39 3 0
Net_id 88
pin_num 2
26 57 0
29 54 0
Net_id 89
pin_num 2
2 58 0
6 57 0
Net_id 90
pin_num 2
50 23 0
58 25 0
Net_id 91
pin_num 2
37 46 0
21 38 0
Net_id 92
pin_num 2
13 39 0
34 12 0
Net_id 93
pin_num 2
46 51 0
42 39 0
Net_id 94
pin_num 2
54 1 0
42 6 0
Net_id 95
pin_num 2
49 48 0
57 50 0
Net_id 96
pin_num 2
51 25 0
39 37 0
Net_id 97
pin_num 2
58 52 0
59 55 0
Net_id 98
pin_num 2
13 5 0
29 34 0
Net_id 99
pin_num 2
49 32 0
52 34 0
Net_id 100
pin_num 2
35 23 0
10 8 0
Net_id 101
pin_num 2
35 31 0
16 41 0
Net_id 102
pin_num 2
5 7 0
10 0 0
Net_id 103
pin_num 2
56 52 0
58 30 0
Net_id 104
pin_num 2
10 3 0
33 22 0
Net_id 105
pin_num 2
30 58 0
22 56 0
Net_id 106
pin_num 2
13 19 0
23 10 0
Net_id 107
pin_num 2
42 2 0
57 2 0
Net_id 108
pin_num 2
33 11 0
40 6 0
Net_id 109
pin_num 2
39 46 0
58 48 0
Net_id 110
pin_num 2
51 49 0
45 58 0
Net_id 111
pin_num 2
8 22 0
23 22 0
Net_id 112
pin_num 2
24 42 0
15 35 0
Net_id 113
pin_num 2
6 37 0
8 34 0
Net_id 114
pin_num 2
12 53 0
21 54 0
Net_id 115
pin_num 2
55 58 0
58 57 0
Net_id 116
pin_num 2
38 27 0
26 27 0
Net_id 117
pin_num 2
31 3 0
39 12 0
Net_id 118
pin_num 2
51 12 0
49 8 0
Net_id 119
pin_num 2
2 37 0
16 42 0
Net_id 120
pin_num 2
40 5 0
36 14 0
Net_id 121
pin_num 2
55 53 0
45 57 0
Net_id 122
pin_num 2
15 23 0
7 10 0
Net_id 123
pin_num 2
13 49 0
7 46 0
Net_id 124
pin_num 2
53 43 0
37 54 0
Net_id 125
pin_num 2
45 15 0
40 20 0
Net_id 126
pin_num 2
34 25 0
29 24 0
Net_id 127
pin_num 2
41 9 0
32 29 0
Net_id 128
pin_num 2
39 36 0
3 56 0
Net_id 129
pin_num 2
12 30 0
13 30 0
Net_id 130
pin_num 2
18 35 0
13 27 0
Net_id 131
pin_num 2
36 21 0
50 8 0
Net_id 132
pin_num 2
22 40 0
12 50 0
Net_id 133
pin_num 2
23 50 0
17 29 0
Net_id 134
pin_num 2
43 0 0
34 13 0
Net_id 135
pin_num 2
24 54 0
29 51 0
Net_id 136
pin_num 2
47 12 0
41 19 0
Net_id 137
pin_num 2
55 52 0
53 35 0
Net_id 138
pin_num 2
26 56 0
45 41 0
Net_id 139
pin_num 2
50 46 0
53 29 0
Net_id 140
pin_num 2
41 37 0
47 47 0
Net_id 141
pin_num 2
3 53 0
1 39 0
Net_id 142
pin_num 2
11 9 0
19 9 0
Net_id 143
pin_num 2
6 49 0
8 58 0
Net_id 144
pin_num 2
44 53 0
40 49 0
Net_id 145
pin_num 2
18 49 0
35 37 0
Net_id 146
pin_num 2
25 22 0
28 14 0
Net_id 147
pin_num 2
46 31 0
48 8 0
Net_id 148
pin_num 2
31 43 0
34 48 0
Net_id 149
pin_num 2
36 51 0
30 48 0
Net_id 150
pin_num 2
52 12 0
56 4 0
Net_id 151
pin_num 2
36 19 0
26 51 0
Net_id 152
pin_num 2
13 38 0
47 32 0
Net_id 153
pin_num 2
6 0 0
19 13 0
Net_id 154
pin_num 2
40 47 0
17 49 0
Net_id 155
pin_num 2
35 58 0
31 51 0
