Width 60
Height 60
Layer 6
Total_WL 6886
Obstacle_num 144
36 48 0 42 49 0
48 23 0 56 24 0
37 20 0 43 21 0
22 48 0 26 49 0
49 52 0 56 53 0
46 29 0 53 30 0
28 11 0 32 12 0
2 38 0 8 39 0
4 43 0 10 44 0
34 34 0 42 35 0
55 14 0 58 15 0
36 53 0 43 54 0
45 44 0 48 45 0
25 31 0 34 32 0
49 4 0 57 5 0
9 6 0 16 7 0
19 34 0 28 35 0
36 11 0 42 12 0
22 10 0 25 11 0
32 21 0 36 22 0
16 9 0 23 10 0
21 41 0 26 42 0
7 2 0 10 3 0
47 37 0 57 38 0
51 39 1 52 46 1
2 32 1 3 38 1
19 44 1 20 48 1
33 15 1 34 22 1
7 40 1 8 44 1
49 27 1 50 36 1
25 22 1 26 27 1
18 23 1 19 27 1
43 22 1 44 30 1
29 7 1 30 15 1
14 19 1 15 26 1
34 36 1 35 43 1
2 25 1 3 31 1
20 56 1 21 59 1
37 6 1 38 15 1
56 0 1 57 6 1
22 0 1 23 4 1
16 26 1 17 32 1
11 15 1 12 21 1
50 13 1 51 22 1
46 51 1 47 56 1
29 48 1 30 52 1
25 4 1 26 11 1
17 33 1 18 37 1
17 45 2 22 46 2
22 26 2 26 27 2
42 15 2 50 16 2
51 28 2 56 29 2
7 7 2 13 8 2
46 32 2 50 33 2
6 10 2 9 11 2
51 24 2 54 25 2
53 38 2 56 39 2
36 28 2 40 29 2
9 47 2 14 48 2
24 56 2 28 57 2
55 16 2 58 17 2
51 4 2 54 5 2
23 41 2 28 42 2
19 6 2 23 7 2
44 5 2 53 6 2
38 56 2 48 57 2
28 29 2 37 30 2
39 19 2 47 20 2
30 2 2 37 3 2
24 47 2 33 48 2
7 41 2 10 42 2
17 12 2 22 13 2
26 9 3 27 15 3
34 54 3 35 59 3
35 45 3 36 52 3
26 26 3 27 29 3
9 36 3 10 42 3
25 48 3 26 54 3
27 34 3 28 38 3
1 3 3 2 6 3
55 6 3 56 16 3
20 5 3 21 14 3
56 54 3 57 57 3
6 24 3 7 29 3
24 46 3 25 56 3
7 3 3 8 13 3
38 5 3 39 12 3
42 38 3 43 45 3
0 2 3 1 5 3
8 2 3 9 7 3
24 27 3 25 30 3
44 18 3 45 23 3
17 38 3 18 48 3
34 34 3 35 40 3
2 49 3 3 59 3
25 18 3 26 21 3
3 13 4 6 14 4
49 48 4 52 49 4
26 14 4 33 15 4
27 32 4 33 33 4
2 50 4 12 51 4
23 33 4 32 34 4
20 44 4 24 45 4
5 26 4 13 27 4
40 18 4 44 19 4
36 25 4 43 26 4
5 12 4 14 13 4
38 3 4 43 4 4
14 39 4 22 40 4
1 34 4 9 35 4
5 10 4 13 11 4
4 1 4 12 2 4
48 56 4 54 57 4
50 53 4 59 54 4
2 8 4 7 9 4
29 17 4 32 18 4
9 7 4 14 8 4
43 41 4 50 42 4
29 0 4 37 1 4
29 3 4 33 4 4
31 43 5 32 50 5
55 12 5 56 18 5
35 7 5 36 10 5
45 16 5 46 19 5
30 1 5 31 5 5
44 7 5 45 17 5
55 39 5 56 43 5
57 8 5 58 18 5
27 11 5 28 18 5
48 45 5 49 52 5
39 22 5 40 26 5
5 32 5 6 41 5
49 40 5 50 47 5
4 27 5 5 32 5
51 28 5 52 33 5
52 53 5 53 56 5
53 20 5 54 26 5
6 43 5 7 48 5
56 42 5 57 49 5
54 16 5 55 22 5
31 51 5 32 55 5
0 46 5 1 53 5
42 25 5 43 34 5
16 51 5 17 57 5
Net_num 161
Net_id 0
pin_num 5
2 43 0
10 53 0
7 59 0
22 59 0
10 49 0
Net_id 1
pin_num 5
25 59 0
23 54 0
47 54 0
40 59 0
32 59 0
Net_id 2
pin_num 5
30 52 0
35 58 0
19 57 0
22 55 0
41 57 0
Net_id 3
pin_num 5
44 13 0
58 13 0
48 0 0
49 1 0
45 4 0
Net_id 4
pin_num 5
55 9 0
59 4 0
47 0 0
59 22 0
55 3 0
Net_id 5
pin_num 5
1 12 0
20 12 0
16 0 0
0 4 0
0 9 0
Net_id 6
pin_num 5
35 47 0
33 30 0
52 43 0
49 50 0
39 32 0
Net_id 7
pin_num 5
13 18 0
21 18 0
11 0 0
9 5 0
17 0 0
Net_id 8
pin_num 5
2 35 0
2 48 0
2 44 0
0 37 0
3 42 0
Net_id 9
pin_num 5
57 40 0
41 39 0
53 28 0
41 28 0
41 47 0
Net_id 10
pin_num 5
35 29 0
29 33 0
34 32 0
33 46 0
23 53 0
Net_id 11
pin_num 5
5 27 0
1 23 0
0 29 0
0 18 0
3 31 0
Net_id 12
pin_num 5
15 14 0
20 22 0
19 0 0
8 13 0
21 1 0
Net_id 13
pin_num 5
37 24 0
35 22 0
29 23 0
29 32 0
40 29 0
Net_id 14
pin_num 5
52 2 0
41 0 0
46 14 0
42 10 0
33 1 0
Net_id 15
pin_num 5
56 17 0
59 15 0
58 12 0
42 16 0
43 13 0
Net_id 16
pin_num 5
43 35 0
32 30 0
20 30 0
23 49 0
32 55 0
Net_id 17
pin_num 5
59 27 0
52 22 0
44 22 0
41 27 0
51 15 0
Net_id 18
pin_num 5
24 37 0
24 46 0
2 39 0
14 39 0
3 33 0
Net_id 19
pin_num 5
8 53 0
8 57 0
21 56 0
21 33 0
8 34 0
Net_id 20
pin_num 5
52 49 0
47 47 0
46 59 0
43 55 0
35 48 0
Net_id 21
pin_num 4
4 7 0
0 17 0
0 33 0
7 23 0
Net_id 22
pin_num 4
35 3 0
20 0 0
21 19 0
23 14 0
Net_id 23
pin_num 4
13 28 0
13 22 0
27 28 0
2 28 0
Net_id 24
pin_num 4
31 6 0
17 4 0
17 15 0
2 9 0
Net_id 25
pin_num 4
24 36 0
27 41 0
48 36 0
44 31 0
Net_id 26
pin_num 4
4 35 0
6 22 0
4 30 0
1 17 0
Net_id 27
pin_num 4
31 56 0
28 41 0
8 47 0
34 41 0
Net_id 28
pin_num 4
37 19 0
31 15 0
33 28 0
41 10 0
Net_id 29
pin_num 4
5 33 0
4 48 0
0 35 0
18 41 0
Net_id 30
pin_num 4
59 45 0
48 39 0
57 59 0
42 46 0
Net_id 31
pin_num 4
51 57 0
59 57 0
52 48 0
59 39 0
Net_id 32
pin_num 4
37 49 0
18 49 0
22 54 0
26 33 0
Net_id 33
pin_num 4
1 47 0
0 56 0
6 58 0
9 42 0
Net_id 34
pin_num 4
19 54 0
9 56 0
15 35 0
17 44 0
Net_id 35
pin_num 4
39 47 0
48 54 0
46 35 0
52 58 0
Net_id 36
pin_num 4
30 51 0
31 37 0
39 43 0
35 28 0
Net_id 37
pin_num 4
59 30 0
49 36 0
46 0 0
59 23 0
Net_id 38
pin_num 4
45 42 0
34 42 0
42 22 0
38 22 0
Net_id 39
pin_num 4
18 25 0
24 35 0
35 27 0
28 5 0
Net_id 40
pin_num 4
56 38 0
43 34 0
47 28 0
43 11 0
Net_id 41
pin_num 3
7 27 0
0 34 0
5 25 0
Net_id 42
pin_num 3
20 40 0
29 37 0
42 21 0
Net_id 43
pin_num 3
44 44 0
32 40 0
49 30 0
Net_id 44
pin_num 3
41 37 0
45 29 0
25 44 0
Net_id 45
pin_num 3
41 8 0
38 6 0
45 20 0
Net_id 46
pin_num 3
49 12 0
27 7 0
18 11 0
Net_id 47
pin_num 3
14 42 0
1 58 0
6 50 0
Net_id 48
pin_num 3
17 11 0
6 11 0
16 3 0
Net_id 49
pin_num 3
47 32 0
41 26 0
51 33 0
Net_id 50
pin_num 3
48 7 0
22 14 0
26 29 0
Net_id 51
pin_num 3
11 16 0
1 21 0
19 32 0
Net_id 52
pin_num 3
9 31 0
5 22 0
23 24 0
Net_id 53
pin_num 3
15 13 0
9 14 0
5 6 0
Net_id 54
pin_num 3
34 9 0
48 24 0
44 9 0
Net_id 55
pin_num 3
42 0 0
47 10 0
22 8 0
Net_id 56
pin_num 3
11 58 0
34 56 0
7 51 0
Net_id 57
pin_num 3
3 8 0
5 20 0
32 18 0
Net_id 58
pin_num 3
26 32 0
34 22 0
51 11 0
Net_id 59
pin_num 3
3 58 0
9 54 0
4 53 0
Net_id 60
pin_num 3
7 17 0
14 26 0
2 15 0
Net_id 61
pin_num 3
5 52 0
12 49 0
1 50 0
Net_id 62
pin_num 3
53 10 0
59 2 0
18 8 0
Net_id 63
pin_num 3
6 44 0
20 37 0
7 55 0
Net_id 64
pin_num 3
59 38 0
46 28 0
56 48 0
Net_id 65
pin_num 3
53 41 0
59 41 0
54 32 0
Net_id 66
pin_num 3
17 25 0
10 27 0
3 18 0
Net_id 67
pin_num 3
36 56 0
50 57 0
47 49 0
Net_id 68
pin_num 3
21 38 0
25 29 0
6 13 0
Net_id 69
pin_num 3
9 57 0
16 57 0
32 58 0
Net_id 70
pin_num 3
24 1 0
29 2 0
37 26 0
Net_id 71
pin_num 3
27 11 0
29 0 0
38 4 0
Net_id 72
pin_num 3
53 33 0
59 33 0
30 42 0
Net_id 73
pin_num 3
58 39 0
40 28 0
32 24 0
Net_id 74
pin_num 3
12 4 0
16 20 0
37 5 0
Net_id 75
pin_num 3
24 11 0
10 1 0
50 9 0
Net_id 76
pin_num 3
53 2 0
46 17 0
25 13 0
Net_id 77
pin_num 3
8 55 0
32 56 0
14 49 0
Net_id 78
pin_num 3
29 19 0
40 6 0
58 25 0
Net_id 79
pin_num 3
58 1 0
52 1 0
43 8 0
Net_id 80
pin_num 3
31 46 0
16 47 0
1 54 0
Net_id 81
pin_num 3
9 9 0
3 3 0
4 4 0
Net_id 82
pin_num 2
53 58 0
59 47 0
Net_id 83
pin_num 2
20 3 0
1 29 0
Net_id 84
pin_num 2
30 26 0
23 26 0
Net_id 85
pin_num 2
0 28 0
1 43 0
Net_id 86
pin_num 2
27 8 0
25 18 0
Net_id 87
pin_num 2
0 11 0
27 2 0
Net_id 88
pin_num 2
2 52 0
19 53 0
Net_id 89
pin_num 2
18 21 0
37 44 0
Net_id 90
pin_num 2
58 58 0
52 46 0
Net_id 91
pin_num 2
46 8 0
57 18 0
Net_id 92
pin_num 2
59 32 0
49 39 0
Net_id 93
pin_num 2
49 15 0
48 17 0
Net_id 94
pin_num 2
49 18 0
54 18 0
Net_id 95
pin_num 2
27 58 0
15 33 0
Net_id 96
pin_num 2
36 18 0
22 4 0
Net_id 97
pin_num 2
38 19 0
51 1 0
Net_id 98
pin_num 2
50 32 0
54 26 0
Net_id 99
pin_num 2
6 48 0
0 51 0
Net_id 100
pin_num 2
3 23 0
8 51 0
Net_id 101
pin_num 2
30 47 0
23 50 0
Net_id 102
pin_num 2
57 52 0
53 55 0
Net_id 103
pin_num 2
42 26 0
52 19 0
Net_id 104
pin_num 2
36 35 0
39 37 0
Net_id 105
pin_num 2
28 25 0
51 36 0
Net_id 106
pin_num 2
10 2 0
42 1 0
Net_id 107
pin_num 2
54 14 0
47 20 0
Net_id 108
pin_num 2
50 33 0
59 50 0
Net_id 109
pin_num 2
22 3 0
10 10 0
Net_id 110
pin_num 2
40 0 0
32 2 0
Net_id 111
pin_num 2
7 14 0
8 32 0
Net_id 112
pin_num 2
43 41 0
39 39 0
Net_id 113
pin_num 2
30 32 0
42 45 0
Net_id 114
pin_num 2
28 21 0
31 53 0
Net_id 115
pin_num 2
26 39 0
13 52 0
Net_id 116
pin_num 2
41 14 0
59 24 0
Net_id 117
pin_num 2
17 36 0
26 53 0
Net_id 118
pin_num 2
24 17 0
40 10 0
Net_id 119
pin_num 2
20 43 0
7 47 0
Net_id 120
pin_num 2
32 48 0
44 39 0
Net_id 121
pin_num 2
10 14 0
17 17 0
Net_id 122
pin_num 2
41 15 0
58 10 0
Net_id 123
pin_num 2
31 50 0
27 52 0
Net_id 124
pin_num 2
11 47 0
23 52 0
Net_id 125
pin_num 2
15 29 0
8 38 0
Net_id 126
pin_num 2
48 11 0
57 19 0
Net_id 127
pin_num 2
25 16 0
32 17 0
Net_id 128
pin_num 2
5 18 0
11 3 0
Net_id 129
pin_num 2
41 51 0
37 50 0
Net_id 130
pin_num 2
53 45 0
54 47 0
Net_id 131
pin_num 2
47 41 0
39 38 0
Net_id 132
pin_num 2
51 54 0
57 42 0
Net_id 133
pin_num 2
2 4 0
3 10 0
Net_id 134
pin_num 2
25 17 0
30 17 0
Net_id 135
pin_num 2
23 22 0
16 21 0
Net_id 136
pin_num 2
47 51 0
29 52 0
Net_id 137
pin_num 2
6 15 0
0 14 0
Net_id 138
pin_num 2
59 21 0
54 9 0
Net_id 139
pin_num 2
48 47 0
55 36 0
Net_id 140
pin_num 2
43 53 0
45 58 0
Net_id 141
pin_num 2
41 31 0
47 6 0
Net_id 142
pin_num 2
9 1 0
4 2 0
Net_id 143
pin_num 2
19 51 0
7 45 0
Net_id 144
pin_num 2
53 19 0
58 23 0
Net_id 145
pin_num 2
7 13 0
4 22 0
Net_id 146
pin_num 2
37 6 0
22 7 0
Net_id 147
pin_num 2
1 52 0
25 45 0
Net_id 148
pin_num 2
15 30 0
29 42 0
Net_id 149
pin_num 2
13 7 0
21 7 0
Net_id 150
pin_num 2
51 45 0
43 39 0
Net_id 151
pin_num 2
21 12 0
40 5 0
Net_id 152
pin_num 2
55 50 0
47 46 0
Net_id 153
pin_num 2
54 20 0
44 28 0
Net_id 154
pin_num 2
25 4 0
35 13 0
Net_id 155
pin_num 2
33 13 0
5 2 0
Net_id 156
pin_num 2
11 20 0
15 26 0
Net_id 157
pin_num 2
12 27 0
4 46 0
Net_id 158
pin_num 2
16 27 0
23 27 0
Net_id 159
pin_num 2
15 51 0
20 36 0
Net_id 160
pin_num 2
44 33 0
22 25 0
