Width 60
Height 60
Layer 6
Total_WL 6703
Obstacle_num 144
0 11 0 6 12 0
10 45 0 13 46 0
1 33 0 11 34 0
19 37 0 29 38 0
39 24 0 44 25 0
31 34 0 35 35 0
4 8 0 12 9 0
2 43 0 10 44 0
3 6 0 7 7 0
18 31 0 23 32 0
40 5 0 45 6 0
39 39 0 49 40 0
3 47 0 11 48 0
30 17 0 38 18 0
51 21 0 56 22 0
0 49 0 3 50 0
7 13 0 13 14 0
42 4 0 50 5 0
14 12 0 23 13 0
13 1 0 16 2 0
30 6 0 38 7 0
12 37 0 19 38 0
46 11 0 54 12 0
25 15 0 29 16 0
35 35 1 36 45 1
31 16 1 32 20 1
46 14 1 47 23 1
26 39 1 27 48 1
44 30 1 45 39 1
22 38 1 23 42 1
47 31 1 48 37 1
47 3 1 48 10 1
6 46 1 7 56 1
11 25 1 12 34 1
40 10 1 41 13 1
0 21 1 1 27 1
55 11 1 56 19 1
54 5 1 55 14 1
44 16 1 45 20 1
29 0 1 30 6 1
4 3 1 5 13 1
16 56 1 17 59 1
13 0 1 14 3 1
30 49 1 31 54 1
24 32 1 25 38 1
28 49 1 29 59 1
11 3 1 12 6 1
47 47 1 48 56 1
46 14 2 54 15 2
4 18 2 9 19 2
5 58 2 14 59 2
13 41 2 18 42 2
26 57 2 33 58 2
23 51 2 33 52 2
31 29 2 37 30 2
34 5 2 40 6 2
35 36 2 39 37 2
24 14 2 30 15 2
40 44 2 44 45 2
12 2 2 20 3 2
3 54 2 12 55 2
39 38 2 48 39 2
24 38 2 34 39 2
40 18 2 46 19 2
10 26 2 17 27 2
40 41 2 45 42 2
27 54 2 32 55 2
31 7 2 41 8 2
22 19 2 32 20 2
14 6 2 18 7 2
30 18 2 35 19 2
5 6 2 12 7 2
6 38 3 7 45 3
4 18 3 5 23 3
23 24 3 24 29 3
0 50 3 1 55 3
22 51 3 23 56 3
49 2 3 50 10 3
30 43 3 31 49 3
44 32 3 45 37 3
26 27 3 27 37 3
20 25 3 21 33 3
49 17 3 50 26 3
36 48 3 37 54 3
51 48 3 52 56 3
8 26 3 9 31 3
29 30 3 30 37 3
16 35 3 17 42 3
7 4 3 8 7 3
27 47 3 28 50 3
18 13 3 19 20 3
31 48 3 32 54 3
39 3 3 40 11 3
12 36 3 13 42 3
19 49 3 20 59 3
12 15 3 13 21 3
50 0 4 55 1 4
37 0 4 47 1 4
14 1 4 24 2 4
34 52 4 43 53 4
41 49 4 46 50 4
18 28 4 23 29 4
13 54 4 21 55 4
48 44 4 57 45 4
19 15 4 28 16 4
7 48 4 17 49 4
4 24 4 11 25 4
34 27 4 39 28 4
39 12 4 45 13 4
6 23 4 16 24 4
16 50 4 21 51 4
20 0 4 30 1 4
3 58 4 9 59 4
40 7 4 43 8 4
32 15 4 35 16 4
16 20 4 19 21 4
31 29 4 39 30 4
36 56 4 45 57 4
42 58 4 50 59 4
46 19 4 52 20 4
38 49 5 39 55 5
6 29 5 7 39 5
45 12 5 46 21 5
52 46 5 53 53 5
28 39 5 29 48 5
6 17 5 7 24 5
52 32 5 53 36 5
43 35 5 44 45 5
43 1 5 44 10 5
45 26 5 46 30 5
9 2 5 10 8 5
5 21 5 6 29 5
52 27 5 53 30 5
49 48 5 50 52 5
31 20 5 32 25 5
7 20 5 8 23 5
8 48 5 9 54 5
22 46 5 23 51 5
52 1 5 53 4 5
55 7 5 56 15 5
12 20 5 13 23 5
19 45 5 20 50 5
58 12 5 59 22 5
10 7 5 11 10 5
Net_num 156
Net_id 0
pin_num 5
43 37 0
47 30 0
59 30 0
50 42 0
50 21 0
Net_id 1
pin_num 5
6 53 0
18 52 0
0 58 0
7 44 0
9 37 0
Net_id 2
pin_num 5
55 18 0
59 28 0
40 27 0
58 48 0
51 48 0
Net_id 3
pin_num 5
58 16 0
54 15 0
52 26 0
58 6 0
59 12 0
Net_id 4
pin_num 5
55 11 0
59 13 0
57 20 0
40 13 0
50 0 0
Net_id 5
pin_num 5
46 26 0
38 22 0
58 22 0
54 14 0
39 36 0
Net_id 6
pin_num 5
7 36 0
7 41 0
7 18 0
23 18 0
0 12 0
Net_id 7
pin_num 5
33 28 0
42 20 0
41 25 0
35 31 0
26 25 0
Net_id 8
pin_num 5
29 17 0
8 15 0
15 0 0
4 0 0
1 13 0
Net_id 9
pin_num 5
23 29 0
32 19 0
46 23 0
30 8 0
35 16 0
Net_id 10
pin_num 5
10 26 0
2 24 0
21 24 0
14 3 0
9 9 0
Net_id 11
pin_num 5
50 12 0
47 24 0
58 19 0
58 17 0
43 29 0
Net_id 12
pin_num 5
21 10 0
7 7 0
12 31 0
12 51 0
5 7 0
Net_id 13
pin_num 5
15 36 0
9 16 0
0 29 0
14 29 0
13 26 0
Net_id 14
pin_num 5
50 46 0
43 46 0
28 45 0
47 37 0
38 52 0
Net_id 15
pin_num 5
14 42 0
17 46 0
24 42 0
22 51 0
13 49 0
Net_id 16
pin_num 5
9 22 0
21 16 0
20 36 0
39 16 0
43 31 0
Net_id 17
pin_num 5
45 9 0
41 10 0
43 14 0
24 9 0
35 14 0
Net_id 18
pin_num 5
31 20 0
34 16 0
22 14 0
54 18 0
30 0 0
Net_id 19
pin_num 5
25 30 0
24 28 0
30 36 0
37 15 0
32 48 0
Net_id 20
pin_num 4
41 16 0
31 11 0
53 16 0
40 0 0
Net_id 21
pin_num 4
16 24 0
19 13 0
38 17 0
1 14 0
Net_id 22
pin_num 4
21 49 0
23 53 0
30 51 0
38 50 0
Net_id 23
pin_num 4
23 2 0
20 0 0
21 15 0
0 9 0
Net_id 24
pin_num 4
37 3 0
33 2 0
33 10 0
47 1 0
Net_id 25
pin_num 4
5 32 0
19 38 0
18 45 0
0 35 0
Net_id 26
pin_num 4
32 12 0
37 13 0
38 15 0
44 15 0
Net_id 27
pin_num 4
13 54 0
27 36 0
27 55 0
40 42 0
Net_id 28
pin_num 4
23 5 0
9 2 0
13 3 0
9 0 0
Net_id 29
pin_num 4
14 45 0
22 34 0
21 56 0
26 43 0
Net_id 30
pin_num 4
49 53 0
43 53 0
33 59 0
40 49 0
Net_id 31
pin_num 4
23 6 0
12 9 0
29 13 0
18 26 0
Net_id 32
pin_num 4
54 51 0
54 45 0
44 51 0
54 31 0
Net_id 33
pin_num 4
6 45 0
19 39 0
17 59 0
15 44 0
Net_id 34
pin_num 4
0 54 0
13 43 0
10 29 0
12 52 0
Net_id 35
pin_num 4
37 21 0
46 28 0
38 12 0
48 21 0
Net_id 36
pin_num 4
52 57 0
50 59 0
46 49 0
33 56 0
Net_id 37
pin_num 4
57 24 0
47 17 0
22 13 0
47 2 0
Net_id 38
pin_num 4
24 32 0
6 31 0
7 42 0
16 19 0
Net_id 39
pin_num 3
30 34 0
11 38 0
28 13 0
Net_id 40
pin_num 3
11 46 0
16 30 0
16 0 0
Net_id 41
pin_num 3
12 34 0
13 31 0
17 28 0
Net_id 42
pin_num 3
46 32 0
54 32 0
59 48 0
Net_id 43
pin_num 3
11 37 0
1 37 0
10 50 0
Net_id 44
pin_num 3
19 56 0
2 47 0
39 47 0
Net_id 45
pin_num 3
58 23 0
48 7 0
31 1 0
Net_id 46
pin_num 3
15 58 0
20 57 0
46 57 0
Net_id 47
pin_num 3
18 27 0
3 32 0
38 38 0
Net_id 48
pin_num 3
39 56 0
35 45 0
12 55 0
Net_id 49
pin_num 3
53 6 0
51 1 0
57 0 0
Net_id 50
pin_num 3
57 12 0
47 0 0
56 4 0
Net_id 51
pin_num 3
54 56 0
55 49 0
49 57 0
Net_id 52
pin_num 3
13 48 0
2 50 0
10 28 0
Net_id 53
pin_num 3
47 47 0
38 32 0
59 47 0
Net_id 54
pin_num 3
23 19 0
45 25 0
32 59 0
Net_id 55
pin_num 3
10 0 0
21 2 0
13 8 0
Net_id 56
pin_num 3
23 56 0
11 50 0
31 58 0
Net_id 57
pin_num 3
9 21 0
20 21 0
27 27 0
Net_id 58
pin_num 3
15 16 0
13 27 0
0 30 0
Net_id 59
pin_num 3
1 30 0
9 25 0
7 17 0
Net_id 60
pin_num 3
14 9 0
22 29 0
0 18 0
Net_id 61
pin_num 3
2 17 0
18 29 0
21 38 0
Net_id 62
pin_num 3
17 7 0
11 7 0
22 4 0
Net_id 63
pin_num 3
54 39 0
57 43 0
57 21 0
Net_id 64
pin_num 3
48 14 0
56 25 0
55 1 0
Net_id 65
pin_num 3
22 53 0
1 58 0
1 32 0
Net_id 66
pin_num 3
33 46 0
37 55 0
31 52 0
Net_id 67
pin_num 3
27 40 0
14 30 0
23 40 0
Net_id 68
pin_num 3
53 46 0
51 26 0
23 34 0
Net_id 69
pin_num 3
56 17 0
48 10 0
37 19 0
Net_id 70
pin_num 3
2 39 0
10 27 0
0 28 0
Net_id 71
pin_num 3
20 3 0
16 5 0
11 1 0
Net_id 72
pin_num 3
6 2 0
1 21 0
23 12 0
Net_id 73
pin_num 3
38 56 0
46 48 0
59 58 0
Net_id 74
pin_num 3
45 52 0
49 44 0
57 50 0
Net_id 75
pin_num 3
57 2 0
49 1 0
58 49 0
Net_id 76
pin_num 3
24 45 0
37 58 0
29 37 0
Net_id 77
pin_num 3
31 28 0
27 31 0
34 10 0
Net_id 78
pin_num 2
28 18 0
46 40 0
Net_id 79
pin_num 2
10 58 0
23 48 0
Net_id 80
pin_num 2
16 57 0
9 59 0
Net_id 81
pin_num 2
36 48 0
41 47 0
Net_id 82
pin_num 2
4 34 0
1 23 0
Net_id 83
pin_num 2
5 9 0
9 1 0
Net_id 84
pin_num 2
7 29 0
22 36 0
Net_id 85
pin_num 2
23 13 0
44 10 0
Net_id 86
pin_num 2
13 16 0
10 24 0
Net_id 87
pin_num 2
31 13 0
36 13 0
Net_id 88
pin_num 2
23 44 0
1 47 0
Net_id 89
pin_num 2
18 33 0
26 33 0
Net_id 90
pin_num 2
9 57 0
1 44 0
Net_id 91
pin_num 2
14 23 0
31 14 0
Net_id 92
pin_num 2
18 57 0
11 39 0
Net_id 93
pin_num 2
1 6 0
10 1 0
Net_id 94
pin_num 2
7 20 0
1 16 0
Net_id 95
pin_num 2
51 29 0
57 11 0
Net_id 96
pin_num 2
2 10 0
6 11 0
Net_id 97
pin_num 2
56 45 0
41 54 0
Net_id 98
pin_num 2
49 50 0
53 59 0
Net_id 99
pin_num 2
11 24 0
19 20 0
Net_id 100
pin_num 2
45 32 0
42 33 0
Net_id 101
pin_num 2
27 29 0
57 5 0
Net_id 102
pin_num 2
24 35 0
29 35 0
Net_id 103
pin_num 2
36 19 0
22 3 0
Net_id 104
pin_num 2
22 38 0
34 26 0
Net_id 105
pin_num 2
30 1 0
21 1 0
Net_id 106
pin_num 2
33 49 0
52 54 0
Net_id 107
pin_num 2
59 46 0
48 58 0
Net_id 108
pin_num 2
17 38 0
13 28 0
Net_id 109
pin_num 2
38 55 0
55 43 0
Net_id 110
pin_num 2
1 35 0
24 41 0
Net_id 111
pin_num 2
21 19 0
22 11 0
Net_id 112
pin_num 2
35 7 0
56 28 0
Net_id 113
pin_num 2
42 1 0
33 14 0
Net_id 114
pin_num 2
2 13 0
24 2 0
Net_id 115
pin_num 2
26 52 0
41 53 0
Net_id 116
pin_num 2
24 7 0
20 1 0
Net_id 117
pin_num 2
51 3 0
57 6 0
Net_id 118
pin_num 2
24 27 0
3 19 0
Net_id 119
pin_num 2
44 6 0
50 3 0
Net_id 120
pin_num 2
55 6 0
48 9 0
Net_id 121
pin_num 2
52 9 0
57 1 0
Net_id 122
pin_num 2
39 27 0
20 19 0
Net_id 123
pin_num 2
29 33 0
40 28 0
Net_id 124
pin_num 2
13 41 0
23 45 0
Net_id 125
pin_num 2
53 36 0
25 44 0
Net_id 126
pin_num 2
27 53 0
41 46 0
Net_id 127
pin_num 2
2 38 0
6 23 0
Net_id 128
pin_num 2
38 33 0
46 41 0
Net_id 129
pin_num 2
53 20 0
59 35 0
Net_id 130
pin_num 2
18 11 0
31 4 0
Net_id 131
pin_num 2
31 7 0
45 2 0
Net_id 132
pin_num 2
5 53 0
12 56 0
Net_id 133
pin_num 2
47 57 0
50 52 0
Net_id 134
pin_num 2
46 5 0
55 10 0
Net_id 135
pin_num 2
28 14 0
31 33 0
Net_id 136
pin_num 2
2 29 0
2 21 0
Net_id 137
pin_num 2
53 31 0
37 26 0
Net_id 138
pin_num 2
53 49 0
43 35 0
Net_id 139
pin_num 2
14 5 0
1 7 0
Net_id 140
pin_num 2
39 54 0
31 56 0
Net_id 141
pin_num 2
8 24 0
14 22 0
Net_id 142
pin_num 2
20 7 0
6 17 0
Net_id 143
pin_num 2
45 44 0
43 58 0
Net_id 144
pin_num 2
36 58 0
58 52 0
Net_id 145
pin_num 2
20 25 0
32 22 0
Net_id 146
pin_num 2
58 57 0
52 41 0
Net_id 147
pin_num 2
10 52 0
10 51 0
Net_id 148
pin_num 2
55 32 0
45 20 0
Net_id 149
pin_num 2
14 8 0
30 2 0
Net_id 150
pin_num 2
29 25 0
42 11 0
Net_id 151
pin_num 2
10 40 0
6 40 0
Net_id 152
pin_num 2
27 5 0
23 9 0
Net_id 153
pin_num 2
28 0 0
17 13 0
Net_id 154
pin_num 2
6 22 0
11 2 0
Net_id 155
pin_num 2
9 28 0
16 9 0
