Width 60
Height 60
Layer 6
Total_WL 6937
Obstacle_num 144
14 27 0 18 28 0
9 42 0 12 43 0
34 55 0 42 56 0
41 23 0 47 24 0
7 3 0 16 4 0
3 50 0 11 51 0
8 41 0 12 42 0
32 42 0 38 43 0
43 20 0 53 21 0
29 14 0 37 15 0
45 15 0 55 16 0
37 10 0 47 11 0
44 25 0 52 26 0
4 17 0 14 18 0
44 17 0 49 18 0
43 22 0 48 23 0
46 39 0 55 40 0
54 55 0 59 56 0
22 15 0 25 16 0
41 44 0 47 45 0
38 19 0 43 20 0
11 21 0 21 22 0
39 52 0 43 53 0
33 9 0 42 10 0
38 33 1 39 41 1
50 37 1 51 44 1
0 31 1 1 41 1
42 45 1 43 50 1
4 26 1 5 31 1
55 39 1 56 47 1
17 50 1 18 54 1
32 11 1 33 21 1
2 37 1 3 46 1
15 43 1 16 52 1
9 25 1 10 31 1
45 2 1 46 12 1
6 54 1 7 57 1
50 4 1 51 9 1
43 20 1 44 28 1
14 47 1 15 50 1
37 22 1 38 29 1
18 11 1 19 15 1
48 36 1 49 43 1
38 22 1 39 29 1
51 21 1 52 26 1
30 45 1 31 55 1
47 2 1 48 8 1
17 4 1 18 8 1
25 28 2 32 29 2
40 12 2 45 13 2
8 18 2 12 19 2
20 46 2 28 47 2
39 8 2 42 9 2
29 19 2 33 20 2
34 43 2 37 44 2
15 47 2 20 48 2
45 49 2 51 50 2
29 18 2 32 19 2
52 54 2 59 55 2
7 57 2 10 58 2
24 29 2 34 30 2
3 28 2 6 29 2
47 4 2 51 5 2
4 31 2 14 32 2
42 32 2 48 33 2
37 58 2 47 59 2
4 56 2 12 57 2
9 14 2 15 15 2
34 3 2 41 4 2
4 55 2 10 56 2
34 13 2 43 14 2
42 9 2 52 10 2
15 3 3 16 8 3
56 35 3 57 42 3
50 24 3 51 30 3
49 12 3 50 15 3
29 11 3 30 21 3
31 36 3 32 45 3
12 50 3 13 54 3
57 3 3 58 10 3
7 8 3 8 17 3
28 34 3 29 44 3
45 0 3 46 5 3
52 37 3 53 45 3
2 38 3 3 48 3
10 11 3 11 14 3
45 10 3 46 19 3
16 27 3 17 33 3
57 49 3 58 57 3
6 20 3 7 25 3
48 31 3 49 39 3
37 54 3 38 57 3
10 24 3 11 33 3
4 0 3 5 5 3
58 16 3 59 19 3
16 48 3 17 58 3
54 36 4 57 37 4
54 5 4 59 6 4
19 8 4 22 9 4
35 46 4 38 47 4
31 6 4 39 7 4
16 42 4 23 43 4
3 50 4 13 51 4
37 15 4 46 16 4
50 20 4 59 21 4
19 35 4 26 36 4
21 1 4 29 2 4
40 11 4 45 12 4
6 0 4 15 1 4
44 47 4 49 48 4
51 30 4 56 31 4
50 13 4 55 14 4
29 52 4 35 53 4
5 36 4 11 37 4
41 2 4 47 3 4
5 54 4 10 55 4
25 30 4 35 31 4
3 33 4 7 34 4
0 34 4 10 35 4
2 7 4 8 8 4
40 4 5 41 14 5
24 3 5 25 12 5
22 16 5 23 26 5
13 10 5 14 19 5
20 37 5 21 46 5
58 13 5 59 20 5
11 17 5 12 21 5
41 21 5 42 28 5
36 11 5 37 15 5
27 1 5 28 9 5
2 41 5 3 50 5
9 35 5 10 41 5
8 53 5 9 56 5
50 24 5 51 30 5
12 32 5 13 38 5
48 27 5 49 37 5
44 32 5 45 40 5
17 17 5 18 26 5
17 30 5 18 39 5
11 24 5 12 29 5
27 41 5 28 46 5
52 13 5 53 22 5
30 9 5 31 15 5
18 33 5 19 41 5
Net_num 161
Net_id 0
pin_num 5
57 19 0
52 31 0
42 20 0
47 29 0
47 34 0
Net_id 1
pin_num 5
30 51 0
40 49 0
34 40 0
49 42 0
36 37 0
Net_id 2
pin_num 5
16 11 0
12 4 0
1 6 0
20 0 0
0 6 0
Net_id 3
pin_num 5
41 24 0
51 24 0
49 9 0
45 46 0
59 25 0
Net_id 4
pin_num 5
20 18 0
15 23 0
42 18 0
18 42 0
0 27 0
Net_id 5
pin_num 5
26 38 0
20 38 0
25 30 0
12 30 0
24 59 0
Net_id 6
pin_num 5
39 47 0
27 58 0
47 53 0
37 59 0
46 42 0
Net_id 7
pin_num 5
31 57 0
36 56 0
33 41 0
45 57 0
30 58 0
Net_id 8
pin_num 5
31 35 0
37 41 0
35 19 0
39 59 0
17 45 0
Net_id 9
pin_num 5
59 38 0
49 38 0
58 50 0
59 33 0
44 48 0
Net_id 10
pin_num 5
54 59 0
52 59 0
53 46 0
59 43 0
57 58 0
Net_id 11
pin_num 5
38 25 0
34 25 0
10 25 0
29 3 0
52 11 0
Net_id 12
pin_num 5
14 28 0
5 22 0
0 29 0
1 11 0
0 46 0
Net_id 13
pin_num 5
3 59 0
1 45 0
3 47 0
2 58 0
9 59 0
Net_id 14
pin_num 5
52 47 0
41 47 0
41 58 0
47 54 0
42 38 0
Net_id 15
pin_num 5
0 9 0
5 8 0
26 9 0
26 8 0
12 10 0
Net_id 16
pin_num 5
47 46 0
53 35 0
43 43 0
59 42 0
30 42 0
Net_id 17
pin_num 5
31 36 0
21 39 0
1 38 0
15 28 0
15 52 0
Net_id 18
pin_num 5
30 32 0
30 17 0
12 20 0
28 35 0
25 0 0
Net_id 19
pin_num 5
55 0 0
53 12 0
53 6 0
53 21 0
59 24 0
Net_id 20
pin_num 4
54 43 0
43 51 0
37 50 0
43 31 0
Net_id 21
pin_num 4
59 7 0
36 10 0
59 6 0
30 0 0
Net_id 22
pin_num 4
0 44 0
13 47 0
3 37 0
13 56 0
Net_id 23
pin_num 4
33 54 0
27 54 0
31 38 0
33 31 0
Net_id 24
pin_num 4
49 33 0
41 37 0
49 35 0
22 33 0
Net_id 25
pin_num 4
16 33 0
25 43 0
25 23 0
36 32 0
Net_id 26
pin_num 4
42 15 0
48 27 0
39 22 0
59 29 0
Net_id 27
pin_num 4
31 56 0
23 49 0
46 55 0
13 57 0
Net_id 28
pin_num 4
10 58 0
4 56 0
13 45 0
10 59 0
Net_id 29
pin_num 4
3 19 0
0 15 0
15 15 0
4 32 0
Net_id 30
pin_num 4
13 22 0
17 29 0
7 29 0
25 29 0
Net_id 31
pin_num 4
52 56 0
47 59 0
56 44 0
57 37 0
Net_id 32
pin_num 4
17 7 0
22 4 0
0 7 0
38 4 0
Net_id 33
pin_num 4
56 23 0
52 16 0
55 36 0
52 28 0
Net_id 34
pin_num 4
45 56 0
46 40 0
59 32 0
54 28 0
Net_id 35
pin_num 4
11 22 0
6 4 0
13 14 0
7 19 0
Net_id 36
pin_num 4
35 50 0
42 31 0
42 8 0
25 51 0
Net_id 37
pin_num 4
15 5 0
2 0 0
4 5 0
1 2 0
Net_id 38
pin_num 4
34 8 0
36 1 0
36 19 0
41 6 0
Net_id 39
pin_num 4
51 41 0
45 41 0
41 36 0
43 16 0
Net_id 40
pin_num 3
54 2 0
49 1 0
51 16 0
Net_id 41
pin_num 3
15 4 0
25 16 0
21 0 0
Net_id 42
pin_num 3
8 49 0
2 57 0
1 46 0
Net_id 43
pin_num 3
16 51 0
25 56 0
22 53 0
Net_id 44
pin_num 3
47 49 0
58 48 0
54 44 0
Net_id 45
pin_num 3
55 13 0
47 27 0
47 14 0
Net_id 46
pin_num 3
6 37 0
4 43 0
1 40 0
Net_id 47
pin_num 3
47 48 0
32 56 0
44 41 0
Net_id 48
pin_num 3
22 10 0
10 4 0
11 23 0
Net_id 49
pin_num 3
40 0 0
48 2 0
46 29 0
Net_id 50
pin_num 3
20 48 0
14 58 0
20 35 0
Net_id 51
pin_num 3
29 58 0
14 53 0
12 55 0
Net_id 52
pin_num 3
4 16 0
8 40 0
19 19 0
Net_id 53
pin_num 3
10 40 0
9 31 0
35 38 0
Net_id 54
pin_num 3
14 4 0
14 10 0
35 16 0
Net_id 55
pin_num 3
6 1 0
1 4 0
0 17 0
Net_id 56
pin_num 3
16 12 0
24 13 0
52 13 0
Net_id 57
pin_num 3
22 34 0
58 51 0
40 48 0
Net_id 58
pin_num 3
41 12 0
41 27 0
37 17 0
Net_id 59
pin_num 3
13 32 0
11 36 0
11 43 0
Net_id 60
pin_num 3
23 53 0
32 52 0
16 50 0
Net_id 61
pin_num 3
54 19 0
31 23 0
59 5 0
Net_id 62
pin_num 3
26 5 0
9 16 0
49 28 0
Net_id 63
pin_num 3
20 24 0
2 23 0
7 37 0
Net_id 64
pin_num 3
5 51 0
7 39 0
17 48 0
Net_id 65
pin_num 3
44 7 0
57 23 0
40 4 0
Net_id 66
pin_num 3
18 17 0
22 24 0
5 21 0
Net_id 67
pin_num 3
8 35 0
5 42 0
5 11 0
Net_id 68
pin_num 3
18 26 0
14 40 0
42 28 0
Net_id 69
pin_num 3
24 39 0
8 25 0
36 39 0
Net_id 70
pin_num 3
51 54 0
49 59 0
51 49 0
Net_id 71
pin_num 3
28 12 0
20 3 0
33 1 0
Net_id 72
pin_num 3
56 4 0
58 0 0
58 25 0
Net_id 73
pin_num 3
59 9 0
43 52 0
41 1 0
Net_id 74
pin_num 3
55 22 0
48 19 0
56 34 0
Net_id 75
pin_num 3
20 13 0
31 7 0
8 33 0
Net_id 76
pin_num 3
42 21 0
40 23 0
32 44 0
Net_id 77
pin_num 3
47 28 0
37 32 0
37 12 0
Net_id 78
pin_num 3
40 41 0
37 49 0
32 22 0
Net_id 79
pin_num 3
13 38 0
19 39 0
10 51 0
Net_id 80
pin_num 3
13 27 0
4 15 0
3 17 0
Net_id 81
pin_num 3
26 2 0
24 1 0
19 2 0
Net_id 82
pin_num 2
19 56 0
14 56 0
Net_id 83
pin_num 2
57 14 0
55 6 0
Net_id 84
pin_num 2
1 55 0
8 46 0
Net_id 85
pin_num 2
56 31 0
58 21 0
Net_id 86
pin_num 2
8 31 0
5 32 0
Net_id 87
pin_num 2
5 41 0
0 30 0
Net_id 88
pin_num 2
34 57 0
44 56 0
Net_id 89
pin_num 2
43 25 0
36 24 0
Net_id 90
pin_num 2
26 17 0
28 16 0
Net_id 91
pin_num 2
2 49 0
1 48 0
Net_id 92
pin_num 2
53 31 0
58 52 0
Net_id 93
pin_num 2
52 42 0
58 34 0
Net_id 94
pin_num 2
45 4 0
49 4 0
Net_id 95
pin_num 2
29 23 0
22 26 0
Net_id 96
pin_num 2
36 30 0
51 19 0
Net_id 97
pin_num 2
55 52 0
40 56 0
Net_id 98
pin_num 2
41 29 0
27 31 0
Net_id 99
pin_num 2
34 3 0
50 3 0
Net_id 100
pin_num 2
44 5 0
2 22 0
Net_id 101
pin_num 2
13 29 0
2 13 0
Net_id 102
pin_num 2
43 32 0
49 50 0
Net_id 103
pin_num 2
38 0 0
23 7 0
Net_id 104
pin_num 2
9 43 0
4 54 0
Net_id 105
pin_num 2
0 8 0
12 22 0
Net_id 106
pin_num 2
57 0 0
47 12 0
Net_id 107
pin_num 2
10 32 0
0 45 0
Net_id 108
pin_num 2
50 34 0
57 29 0
Net_id 109
pin_num 2
39 32 0
23 24 0
Net_id 110
pin_num 2
24 7 0
9 2 0
Net_id 111
pin_num 2
34 0 0
39 12 0
Net_id 112
pin_num 2
34 20 0
25 21 0
Net_id 113
pin_num 2
51 50 0
54 47 0
Net_id 114
pin_num 2
43 26 0
56 10 0
Net_id 115
pin_num 2
53 42 0
52 51 0
Net_id 116
pin_num 2
34 50 0
16 40 0
Net_id 117
pin_num 2
16 34 0
25 7 0
Net_id 118
pin_num 2
59 13 0
51 17 0
Net_id 119
pin_num 2
0 18 0
5 18 0
Net_id 120
pin_num 2
46 21 0
58 10 0
Net_id 121
pin_num 2
43 35 0
24 23 0
Net_id 122
pin_num 2
40 22 0
54 17 0
Net_id 123
pin_num 2
41 45 0
58 33 0
Net_id 124
pin_num 2
27 14 0
3 20 0
Net_id 125
pin_num 2
14 49 0
5 52 0
Net_id 126
pin_num 2
3 38 0
21 40 0
Net_id 127
pin_num 2
37 27 0
17 31 0
Net_id 128
pin_num 2
59 28 0
55 30 0
Net_id 129
pin_num 2
0 58 0
7 47 0
Net_id 130
pin_num 2
1 53 0
10 54 0
Net_id 131
pin_num 2
37 19 0
47 50 0
Net_id 132
pin_num 2
4 40 0
29 59 0
Net_id 133
pin_num 2
31 59 0
29 55 0
Net_id 134
pin_num 2
15 32 0
17 35 0
Net_id 135
pin_num 2
45 1 0
43 2 0
Net_id 136
pin_num 2
33 22 0
36 20 0
Net_id 137
pin_num 2
37 15 0
48 5 0
Net_id 138
pin_num 2
23 23 0
15 20 0
Net_id 139
pin_num 2
8 54 0
11 47 0
Net_id 140
pin_num 2
34 32 0
20 34 0
Net_id 141
pin_num 2
51 9 0
58 2 0
Net_id 142
pin_num 2
1 29 0
10 39 0
Net_id 143
pin_num 2
22 42 0
39 56 0
Net_id 144
pin_num 2
29 46 0
40 39 0
Net_id 145
pin_num 2
41 16 0
26 50 0
Net_id 146
pin_num 2
37 31 0
27 45 0
Net_id 147
pin_num 2
32 26 0
15 18 0
Net_id 148
pin_num 2
7 42 0
7 45 0
Net_id 149
pin_num 2
36 45 0
49 2 0
Net_id 150
pin_num 2
36 6 0
33 7 0
Net_id 151
pin_num 2
38 50 0
46 59 0
Net_id 152
pin_num 2
51 51 0
45 51 0
Net_id 153
pin_num 2
13 35 0
3 30 0
Net_id 154
pin_num 2
39 58 0
19 46 0
Net_id 155
pin_num 2
13 2 0
30 10 0
Net_id 156
pin_num 2
28 40 0
24 32 0
Net_id 157
pin_num 2
49 37 0
52 41 0
Net_id 158
pin_num 2
20 54 0
14 54 0
Net_id 159
pin_num 2
45 29 0
38 30 0
Net_id 160
pin_num 2
8 1 0
30 15 0
