Width 60
Height 60
Layer 6
Total_WL 6615
Obstacle_num 144
10 11 0 13 12 0
11 14 0 20 15 0
38 28 0 41 29 0
0 12 0 8 13 0
12 33 0 22 34 0
10 19 0 16 20 0
34 3 0 42 4 0
39 50 0 43 51 0
34 9 0 43 10 0
4 58 0 14 59 0
24 21 0 31 22 0
30 45 0 33 46 0
15 41 0 19 42 0
52 2 0 57 3 0
47 54 0 53 55 0
29 49 0 32 50 0
1 3 0 11 4 0
47 2 0 52 3 0
16 47 0 19 48 0
42 58 0 47 59 0
42 51 0 45 52 0
52 27 0 58 28 0
52 30 0 59 31 0
50 46 0 56 47 0
38 12 1 39 17 1
10 3 1 11 9 1
15 13 1 16 19 1
15 41 1 16 46 1
31 34 1 32 38 1
57 10 1 58 20 1
32 29 1 33 34 1
31 25 1 32 28 1
8 33 1 9 38 1
6 11 1 7 19 1
32 13 1 33 21 1
58 28 1 59 37 1
52 17 1 53 20 1
16 6 1 17 9 1
23 49 1 24 55 1
43 9 1 44 12 1
54 11 1 55 18 1
48 16 1 49 22 1
57 23 1 58 26 1
50 6 1 51 16 1
5 3 1 6 9 1
19 41 1 20 50 1
20 15 1 21 19 1
50 49 1 51 54 1
14 38 2 17 39 2
51 19 2 57 20 2
40 17 2 48 18 2
43 23 2 47 24 2
36 7 2 45 8 2
15 26 2 21 27 2
49 22 2 52 23 2
31 43 2 34 44 2
46 49 2 50 50 2
26 21 2 36 22 2
2 27 2 8 28 2
14 13 2 22 14 2
51 50 2 58 51 2
39 9 2 45 10 2
30 33 2 36 34 2
49 38 2 58 39 2
1 32 2 11 33 2
31 57 2 34 58 2
34 0 2 42 1 2
25 0 2 29 1 2
25 36 2 32 37 2
17 57 2 21 58 2
30 26 2 34 27 2
22 23 2 29 24 2
9 36 3 10 40 3
57 29 3 58 36 3
25 9 3 26 16 3
34 39 3 35 48 3
38 45 3 39 50 3
27 5 3 28 11 3
24 41 3 25 45 3
54 26 3 55 32 3
57 21 3 58 29 3
38 19 3 39 26 3
36 30 3 37 37 3
57 12 3 58 15 3
58 25 3 59 29 3
35 35 3 36 43 3
20 44 3 21 48 3
41 18 3 42 22 3
6 27 3 7 36 3
0 35 3 1 45 3
56 9 3 57 19 3
11 41 3 12 48 3
58 2 3 59 5 3
56 38 3 57 43 3
1 32 3 2 40 3
37 50 3 38 55 3
3 4 4 13 5 4
38 6 4 48 7 4
37 56 4 42 57 4
32 9 4 40 10 4
38 12 4 43 13 4
28 24 4 32 25 4
0 2 4 8 3 4
52 18 4 55 19 4
5 21 4 12 22 4
23 27 4 33 28 4
45 45 4 51 46 4
43 15 4 47 16 4
2 11 4 11 12 4
52 58 4 56 59 4
40 39 4 49 40 4
3 15 4 12 16 4
39 24 4 44 25 4
27 48 4 37 49 4
26 44 4 34 45 4
39 18 4 49 19 4
16 58 4 23 59 4
24 2 4 33 3 4
32 54 4 42 55 4
29 46 4 39 47 4
7 4 5 8 9 5
54 43 5 55 53 5
35 38 5 36 42 5
6 19 5 7 24 5
5 29 5 6 34 5
15 8 5 16 14 5
4 50 5 5 59 5
31 10 5 32 20 5
51 21 5 52 28 5
53 42 5 54 52 5
49 51 5 50 54 5
40 50 5 41 53 5
36 10 5 37 19 5
2 8 5 3 15 5
56 19 5 57 29 5
30 13 5 31 20 5
55 29 5 56 32 5
52 36 5 53 45 5
12 28 5 13 38 5
58 49 5 59 54 5
5 39 5 6 44 5
3 23 5 4 31 5
33 10 5 34 14 5
21 12 5 22 20 5
Net_num 159
Net_id 0
pin_num 5
49 33 0
48 33 0
52 29 0
50 48 0
59 35 0
Net_id 1
pin_num 5
3 19 0
0 26 0
6 0 0
0 11 0
15 0 0
Net_id 2
pin_num 5
15 25 0
20 25 0
17 9 0
39 18 0
19 6 0
Net_id 3
pin_num 5
3 24 0
10 24 0
2 17 0
10 17 0
1 19 0
Net_id 4
pin_num 5
19 37 0
21 41 0
21 49 0
1 44 0
20 21 0
Net_id 5
pin_num 5
59 20 0
59 13 0
59 26 0
54 15 0
44 13 0
Net_id 6
pin_num 5
33 0 0
40 0 0
50 0 0
40 7 0
44 11 0
Net_id 7
pin_num 5
1 56 0
0 48 0
6 51 0
24 48 0
15 51 0
Net_id 8
pin_num 5
7 16 0
22 16 0
2 0 0
10 10 0
5 16 0
Net_id 9
pin_num 5
38 38 0
33 45 0
46 45 0
47 41 0
34 23 0
Net_id 10
pin_num 5
15 4 0
5 4 0
0 25 0
5 0 0
2 15 0
Net_id 11
pin_num 5
15 13 0
12 17 0
23 17 0
21 5 0
25 10 0
Net_id 12
pin_num 5
6 53 0
1 50 0
23 50 0
9 45 0
7 52 0
Net_id 13
pin_num 5
58 55 0
58 44 0
59 50 0
34 44 0
45 32 0
Net_id 14
pin_num 5
1 32 0
14 32 0
10 25 0
16 30 0
8 27 0
Net_id 15
pin_num 5
1 40 0
13 45 0
10 59 0
0 57 0
1 49 0
Net_id 16
pin_num 5
4 28 0
12 18 0
7 44 0
21 36 0
6 39 0
Net_id 17
pin_num 5
41 29 0
39 32 0
48 32 0
59 34 0
38 8 0
Net_id 18
pin_num 5
41 7 0
42 13 0
45 1 0
18 1 0
35 8 0
Net_id 19
pin_num 5
36 11 0
46 1 0
32 0 0
38 17 0
17 1 0
Net_id 20
pin_num 4
15 37 0
8 38 0
8 59 0
24 50 0
Net_id 21
pin_num 4
50 3 0
54 4 0
56 21 0
50 29 0
Net_id 22
pin_num 4
3 38 0
0 34 0
11 25 0
7 19 0
Net_id 23
pin_num 4
11 34 0
13 31 0
9 27 0
13 15 0
Net_id 24
pin_num 4
1 6 0
4 5 0
3 2 0
1 7 0
Net_id 25
pin_num 4
43 57 0
48 59 0
37 59 0
48 39 0
Net_id 26
pin_num 4
11 45 0
2 57 0
15 47 0
14 57 0
Net_id 27
pin_num 4
49 19 0
39 10 0
59 28 0
38 20 0
Net_id 28
pin_num 4
56 43 0
51 43 0
51 59 0
54 51 0
Net_id 29
pin_num 4
32 56 0
41 43 0
50 39 0
26 46 0
Net_id 30
pin_num 4
50 58 0
40 52 0
52 59 0
46 50 0
Net_id 31
pin_num 4
15 40 0
21 29 0
18 43 0
30 50 0
Net_id 32
pin_num 4
21 56 0
27 59 0
27 53 0
36 57 0
Net_id 33
pin_num 4
5 8 0
2 18 0
20 14 0
8 0 0
Net_id 34
pin_num 4
24 57 0
31 51 0
29 58 0
13 53 0
Net_id 35
pin_num 4
30 38 0
19 34 0
45 36 0
28 25 0
Net_id 36
pin_num 4
7 25 0
4 16 0
1 41 0
5 2 0
Net_id 37
pin_num 4
38 25 0
27 28 0
32 12 0
24 13 0
Net_id 38
pin_num 4
47 52 0
42 46 0
42 29 0
34 58 0
Net_id 39
pin_num 4
42 59 0
41 49 0
38 43 0
31 43 0
Net_id 40
pin_num 3
26 35 0
41 46 0
51 41 0
Net_id 41
pin_num 3
16 42 0
1 43 0
0 58 0
Net_id 42
pin_num 3
11 27 0
23 42 0
16 59 0
Net_id 43
pin_num 3
37 57 0
47 42 0
24 47 0
Net_id 44
pin_num 3
9 43 0
4 38 0
9 55 0
Net_id 45
pin_num 3
33 24 0
47 25 0
41 33 0
Net_id 46
pin_num 3
20 35 0
25 42 0
24 17 0
Net_id 47
pin_num 3
43 11 0
36 16 0
56 34 0
Net_id 48
pin_num 3
56 57 0
59 58 0
53 48 0
Net_id 49
pin_num 3
5 47 0
0 44 0
1 54 0
Net_id 50
pin_num 3
32 27 0
7 26 0
30 44 0
Net_id 51
pin_num 3
0 55 0
9 53 0
15 39 0
Net_id 52
pin_num 3
11 41 0
22 49 0
11 44 0
Net_id 53
pin_num 3
3 9 0
14 1 0
7 18 0
Net_id 54
pin_num 3
45 15 0
58 10 0
54 5 0
Net_id 55
pin_num 3
28 3 0
18 19 0
13 9 0
Net_id 56
pin_num 3
44 14 0
59 11 0
34 12 0
Net_id 57
pin_num 3
26 12 0
31 17 0
27 2 0
Net_id 58
pin_num 3
22 0 0
32 2 0
26 9 0
Net_id 59
pin_num 3
6 1 0
12 2 0
25 2 0
Net_id 60
pin_num 3
53 17 0
43 21 0
35 11 0
Net_id 61
pin_num 3
45 18 0
37 2 0
33 5 0
Net_id 62
pin_num 3
35 13 0
29 25 0
10 9 0
Net_id 63
pin_num 3
56 8 0
50 18 0
50 8 0
Net_id 64
pin_num 3
45 54 0
36 58 0
58 53 0
Net_id 65
pin_num 3
10 38 0
5 39 0
9 59 0
Net_id 66
pin_num 3
29 43 0
15 59 0
16 29 0
Net_id 67
pin_num 3
43 29 0
59 42 0
38 34 0
Net_id 68
pin_num 3
2 10 0
17 19 0
38 26 0
Net_id 69
pin_num 3
25 18 0
35 4 0
26 26 0
Net_id 70
pin_num 3
40 26 0
26 10 0
21 31 0
Net_id 71
pin_num 3
15 31 0
5 37 0
3 35 0
Net_id 72
pin_num 3
4 56 0
5 41 0
3 36 0
Net_id 73
pin_num 3
21 28 0
32 37 0
10 41 0
Net_id 74
pin_num 3
51 21 0
54 1 0
47 8 0
Net_id 75
pin_num 3
8 25 0
13 18 0
13 3 0
Net_id 76
pin_num 3
40 51 0
31 53 0
28 58 0
Net_id 77
pin_num 3
9 36 0
15 46 0
4 21 0
Net_id 78
pin_num 3
30 16 0
46 6 0
55 9 0
Net_id 79
pin_num 2
50 7 0
59 5 0
Net_id 80
pin_num 2
16 44 0
2 28 0
Net_id 81
pin_num 2
8 52 0
30 58 0
Net_id 82
pin_num 2
18 9 0
21 4 0
Net_id 83
pin_num 2
39 37 0
14 29 0
Net_id 84
pin_num 2
51 32 0
56 28 0
Net_id 85
pin_num 2
43 5 0
53 4 0
Net_id 86
pin_num 2
6 57 0
18 59 0
Net_id 87
pin_num 2
25 46 0
18 49 0
Net_id 88
pin_num 2
16 54 0
20 59 0
Net_id 89
pin_num 2
49 42 0
58 41 0
Net_id 90
pin_num 2
55 25 0
50 21 0
Net_id 91
pin_num 2
39 39 0
47 31 0
Net_id 92
pin_num 2
1 58 0
7 45 0
Net_id 93
pin_num 2
13 46 0
3 49 0
Net_id 94
pin_num 2
52 28 0
57 45 0
Net_id 95
pin_num 2
48 21 0
36 6 0
Net_id 96
pin_num 2
31 4 0
45 4 0
Net_id 97
pin_num 2
28 28 0
42 16 0
Net_id 98
pin_num 2
16 5 0
22 13 0
Net_id 99
pin_num 2
16 31 0
31 39 0
Net_id 100
pin_num 2
38 4 0
25 3 0
Net_id 101
pin_num 2
34 26 0
19 30 0
Net_id 102
pin_num 2
33 27 0
49 9 0
Net_id 103
pin_num 2
53 35 0
59 36 0
Net_id 104
pin_num 2
30 5 0
45 3 0
Net_id 105
pin_num 2
49 32 0
59 43 0
Net_id 106
pin_num 2
45 8 0
52 6 0
Net_id 107
pin_num 2
44 33 0
42 42 0
Net_id 108
pin_num 2
39 21 0
33 12 0
Net_id 109
pin_num 2
45 52 0
57 57 0
Net_id 110
pin_num 2
44 30 0
37 30 0
Net_id 111
pin_num 2
6 33 0
3 34 0
Net_id 112
pin_num 2
7 37 0
10 34 0
Net_id 113
pin_num 2
4 26 0
4 37 0
Net_id 114
pin_num 2
8 2 0
16 1 0
Net_id 115
pin_num 2
39 53 0
43 49 0
Net_id 116
pin_num 2
45 56 0
55 56 0
Net_id 117
pin_num 2
20 15 0
5 11 0
Net_id 118
pin_num 2
11 37 0
19 56 0
Net_id 119
pin_num 2
32 25 0
39 2 0
Net_id 120
pin_num 2
33 9 0
31 13 0
Net_id 121
pin_num 2
23 44 0
13 49 0
Net_id 122
pin_num 2
39 52 0
33 52 0
Net_id 123
pin_num 2
2 13 0
14 6 0
Net_id 124
pin_num 2
36 48 0
46 48 0
Net_id 125
pin_num 2
52 45 0
53 28 0
Net_id 126
pin_num 2
34 35 0
49 57 0
Net_id 127
pin_num 2
49 18 0
43 22 0
Net_id 128
pin_num 2
38 49 0
23 38 0
Net_id 129
pin_num 2
36 2 0
28 2 0
Net_id 130
pin_num 2
3 21 0
3 28 0
Net_id 131
pin_num 2
55 45 0
49 52 0
Net_id 132
pin_num 2
5 15 0
8 6 0
Net_id 133
pin_num 2
33 19 0
42 28 0
Net_id 134
pin_num 2
27 13 0
35 10 0
Net_id 135
pin_num 2
59 38 0
41 40 0
Net_id 136
pin_num 2
26 6 0
50 5 0
Net_id 137
pin_num 2
13 43 0
7 13 0
Net_id 138
pin_num 2
18 46 0
20 46 0
Net_id 139
pin_num 2
27 25 0
6 22 0
Net_id 140
pin_num 2
6 31 0
13 35 0
Net_id 141
pin_num 2
3 52 0
5 49 0
Net_id 142
pin_num 2
39 31 0
28 31 0
Net_id 143
pin_num 2
59 48 0
39 55 0
Net_id 144
pin_num 2
18 4 0
27 15 0
Net_id 145
pin_num 2
10 40 0
2 45 0
Net_id 146
pin_num 2
39 40 0
33 40 0
Net_id 147
pin_num 2
51 29 0
51 26 0
Net_id 148
pin_num 2
22 19 0
3 29 0
Net_id 149
pin_num 2
14 10 0
12 12 0
Net_id 150
pin_num 2
11 18 0
5 38 0
Net_id 151
pin_num 2
10 6 0
5 29 0
Net_id 152
pin_num 2
14 8 0
6 23 0
Net_id 153
pin_num 2
36 32 0
53 47 0
Net_id 154
pin_num 2
5 19 0
11 33 0
Net_id 155
pin_num 2
8 22 0
19 23 0
Net_id 156
pin_num 2
49 45 0
59 44 0
Net_id 157
pin_num 2
29 23 0
25 23 0
Net_id 158
pin_num 2
54 11 0
46 13 0
