Width 60
Height 60
Layer 6
Total_WL 6376
Obstacle_num 144
48 38 0 51 39 0
36 34 0 40 35 0
46 14 0 52 15 0
48 16 0 55 17 0
13 6 0 23 7 0
7 54 0 10 55 0
7 42 0 11 43 0
3 14 0 10 15 0
21 40 0 29 41 0
13 17 0 17 18 0
17 56 0 27 57 0
47 39 0 52 40 0
23 50 0 27 51 0
48 1 0 51 2 0
16 0 0 20 1 0
16 37 0 25 38 0
4 19 0 11 20 0
37 7 0 45 8 0
8 48 0 13 49 0
26 35 0 29 36 0
30 26 0 34 27 0
9 45 0 18 46 0
50 47 0 58 48 0
34 36 0 40 37 0
47 45 1 48 48 1
14 43 1 15 52 1
2 15 1 3 21 1
33 48 1 34 58 1
29 28 1 30 35 1
56 14 1 57 17 1
10 17 1 11 20 1
29 49 1 30 59 1
35 5 1 36 10 1
5 33 1 6 40 1
20 1 1 21 9 1
5 20 1 6 24 1
50 37 1 51 40 1
34 36 1 35 45 1
27 43 1 28 48 1
56 48 1 57 54 1
10 50 1 11 55 1
22 7 1 23 13 1
48 3 1 49 12 1
43 37 1 44 42 1
24 18 1 25 28 1
55 16 1 56 20 1
33 5 1 34 12 1
38 51 1 39 57 1
49 32 2 57 33 2
29 55 2 35 56 2
52 5 2 58 6 2
49 48 2 55 49 2
26 37 2 32 38 2
23 8 2 29 9 2
44 25 2 54 26 2
5 24 2 8 25 2
2 52 2 7 53 2
28 0 2 31 1 2
18 48 2 23 49 2
20 49 2 27 50 2
35 24 2 40 25 2
20 11 2 27 12 2
33 0 2 42 1 2
40 14 2 44 15 2
29 49 2 37 50 2
0 41 2 4 42 2
42 58 2 52 59 2
36 52 2 44 53 2
45 45 2 51 46 2
40 17 2 48 18 2
8 38 2 11 39 2
12 56 2 19 57 2
6 21 3 7 28 3
12 17 3 13 21 3
32 29 3 33 33 3
28 51 3 29 58 3
21 36 3 22 46 3
21 50 3 22 57 3
32 1 3 33 8 3
28 44 3 29 49 3
53 31 3 54 38 3
54 44 3 55 52 3
6 50 3 7 57 3
38 30 3 39 38 3
9 0 3 10 8 3
48 2 3 49 7 3
23 40 3 24 46 3
16 7 3 17 14 3
8 30 3 9 37 3
24 12 3 25 18 3
53 41 3 54 48 3
57 10 3 58 14 3
31 22 3 32 29 3
30 5 3 31 14 3
28 22 3 29 30 3
6 6 3 7 12 3
51 55 4 56 56 4
27 47 4 32 48 4
4 3 4 8 4 4
28 39 4 32 40 4
24 21 4 27 22 4
11 3 4 18 4 4
25 53 4 28 54 4
7 49 4 14 50 4
3 37 4 10 38 4
16 39 4 20 40 4
22 20 4 31 21 4
34 37 4 40 38 4
13 35 4 19 36 4
38 53 4 47 54 4
39 28 4 45 29 4
17 42 4 20 43 4
29 38 4 33 39 4
1 12 4 11 13 4
50 21 4 56 22 4
37 39 4 47 40 4
18 2 4 24 3 4
44 48 4 50 49 4
24 6 4 29 7 4
15 2 4 18 3 4
28 37 5 29 42 5
7 4 5 8 7 5
16 7 5 17 11 5
5 36 5 6 43 5
45 6 5 46 16 5
17 30 5 18 35 5
46 43 5 47 48 5
50 35 5 51 42 5
31 52 5 32 58 5
28 33 5 29 36 5
20 2 5 21 10 5
12 2 5 13 8 5
5 53 5 6 59 5
42 18 5 43 24 5
31 25 5 32 29 5
54 36 5 55 43 5
40 50 5 41 56 5
19 4 5 20 7 5
41 22 5 42 30 5
17 11 5 18 20 5
10 31 5 11 40 5
48 44 5 49 47 5
21 33 5 22 39 5
35 26 5 36 29 5
Net_num 155
Net_id 0
pin_num 5
13 32 0
0 33 0
5 26 0
8 44 0
0 54 0
Net_id 1
pin_num 5
11 34 0
19 35 0
17 54 0
30 47 0
29 35 0
Net_id 2
pin_num 5
37 2 0
16 1 0
27 4 0
27 0 0
28 10 0
Net_id 3
pin_num 5
37 53 0
47 56 0
54 56 0
56 59 0
45 56 0
Net_id 4
pin_num 5
48 24 0
44 23 0
26 24 0
47 21 0
32 42 0
Net_id 5
pin_num 5
27 29 0
38 25 0
4 29 0
38 13 0
22 18 0
Net_id 6
pin_num 5
18 1 0
8 0 0
24 0 0
17 7 0
38 2 0
Net_id 7
pin_num 5
11 33 0
1 24 0
9 20 0
7 25 0
0 24 0
Net_id 8
pin_num 5
11 31 0
4 35 0
4 18 0
21 17 0
33 29 0
Net_id 9
pin_num 5
13 19 0
23 12 0
29 13 0
25 33 0
19 33 0
Net_id 10
pin_num 5
37 43 0
31 43 0
36 32 0
51 43 0
37 49 0
Net_id 11
pin_num 5
44 29 0
38 29 0
46 36 0
41 44 0
30 31 0
Net_id 12
pin_num 5
53 6 0
44 17 0
47 8 0
51 15 0
40 12 0
Net_id 13
pin_num 5
28 56 0
27 42 0
27 23 0
39 48 0
35 41 0
Net_id 14
pin_num 5
6 0 0
0 1 0
1 3 0
7 13 0
3 13 0
Net_id 15
pin_num 5
51 53 0
42 42 0
59 47 0
42 30 0
58 26 0
Net_id 16
pin_num 5
24 39 0
10 44 0
13 28 0
25 39 0
25 36 0
Net_id 17
pin_num 5
20 5 0
7 1 0
14 9 0
13 11 0
13 2 0
Net_id 18
pin_num 5
2 39 0
7 39 0
6 24 0
0 55 0
6 54 0
Net_id 19
pin_num 4
45 52 0
36 58 0
30 59 0
34 46 0
Net_id 20
pin_num 4
25 20 0
9 17 0
23 42 0
3 34 0
Net_id 21
pin_num 4
23 15 0
26 22 0
26 14 0
36 11 0
Net_id 22
pin_num 4
21 4 0
19 3 0
40 3 0
11 12 0
Net_id 23
pin_num 4
27 36 0
21 24 0
31 33 0
28 59 0
Net_id 24
pin_num 4
30 53 0
36 46 0
59 51 0
35 42 0
Net_id 25
pin_num 4
55 26 0
48 42 0
51 35 0
47 28 0
Net_id 26
pin_num 4
43 15 0
41 21 0
59 19 0
21 21 0
Net_id 27
pin_num 4
17 26 0
17 33 0
1 34 0
27 20 0
Net_id 28
pin_num 4
59 13 0
53 13 0
58 19 0
59 0 0
Net_id 29
pin_num 4
17 52 0
28 49 0
29 46 0
23 53 0
Net_id 30
pin_num 4
30 30 0
14 38 0
13 30 0
14 25 0
Net_id 31
pin_num 4
20 7 0
0 8 0
16 25 0
21 10 0
Net_id 32
pin_num 4
50 56 0
54 58 0
43 54 0
32 54 0
Net_id 33
pin_num 4
33 19 0
45 14 0
18 17 0
59 14 0
Net_id 34
pin_num 4
52 39 0
57 44 0
53 42 0
56 21 0
Net_id 35
pin_num 4
14 57 0
4 53 0
4 59 0
9 40 0
Net_id 36
pin_num 4
21 53 0
23 58 0
18 53 0
11 54 0
Net_id 37
pin_num 4
55 58 0
57 53 0
55 57 0
59 38 0
Net_id 38
pin_num 4
46 5 0
42 10 0
47 0 0
59 12 0
Net_id 39
pin_num 3
38 20 0
49 13 0
54 1 0
Net_id 40
pin_num 3
1 20 0
9 10 0
5 16 0
Net_id 41
pin_num 3
0 36 0
7 37 0
4 56 0
Net_id 42
pin_num 3
53 28 0
44 44 0
15 44 0
Net_id 43
pin_num 3
39 37 0
34 35 0
59 31 0
Net_id 44
pin_num 3
48 47 0
51 45 0
49 57 0
Net_id 45
pin_num 3
40 11 0
27 22 0
32 45 0
Net_id 46
pin_num 3
3 46 0
2 40 0
7 35 0
Net_id 47
pin_num 3
2 47 0
7 53 0
0 30 0
Net_id 48
pin_num 3
5 6 0
0 17 0
2 29 0
Net_id 49
pin_num 3
57 35 0
57 31 0
51 52 0
Net_id 50
pin_num 3
53 54 0
46 56 0
40 34 0
Net_id 51
pin_num 3
37 30 0
33 36 0
33 18 0
Net_id 52
pin_num 3
58 7 0
46 2 0
37 1 0
Net_id 53
pin_num 3
19 27 0
40 19 0
28 34 0
Net_id 54
pin_num 3
38 30 0
37 20 0
59 22 0
Net_id 55
pin_num 3
28 50 0
41 50 0
59 30 0
Net_id 56
pin_num 3
26 38 0
9 28 0
41 38 0
Net_id 57
pin_num 3
10 47 0
1 58 0
4 58 0
Net_id 58
pin_num 3
13 53 0
4 36 0
28 43 0
Net_id 59
pin_num 3
48 50 0
44 41 0
46 15 0
Net_id 60
pin_num 3
34 34 0
41 15 0
13 41 0
Net_id 61
pin_num 3
32 4 0
46 7 0
57 4 0
Net_id 62
pin_num 3
10 9 0
23 6 0
2 34 0
Net_id 63
pin_num 3
27 49 0
20 46 0
12 51 0
Net_id 64
pin_num 3
19 46 0
10 43 0
24 43 0
Net_id 65
pin_num 3
46 32 0
37 32 0
38 44 0
Net_id 66
pin_num 3
55 15 0
59 21 0
56 40 0
Net_id 67
pin_num 3
9 59 0
16 35 0
20 55 0
Net_id 68
pin_num 3
38 55 0
53 40 0
48 57 0
Net_id 69
pin_num 3
41 28 0
59 17 0
58 44 0
Net_id 70
pin_num 3
36 41 0
54 34 0
49 33 0
Net_id 71
pin_num 3
8 56 0
10 49 0
17 55 0
Net_id 72
pin_num 3
6 55 0
11 56 0
16 57 0
Net_id 73
pin_num 3
31 54 0
20 54 0
11 50 0
Net_id 74
pin_num 3
33 33 0
35 30 0
18 42 0
Net_id 75
pin_num 3
27 32 0
37 13 0
48 17 0
Net_id 76
pin_num 3
10 0 0
11 13 0
30 17 0
Net_id 77
pin_num 3
45 33 0
55 49 0
58 22 0
Net_id 78
pin_num 2
47 40 0
56 56 0
Net_id 79
pin_num 2
31 13 0
36 13 0
Net_id 80
pin_num 2
52 41 0
58 45 0
Net_id 81
pin_num 2
50 42 0
53 32 0
Net_id 82
pin_num 2
54 6 0
58 6 0
Net_id 83
pin_num 2
59 18 0
50 12 0
Net_id 84
pin_num 2
15 48 0
25 59 0
Net_id 85
pin_num 2
17 41 0
12 36 0
Net_id 86
pin_num 2
12 27 0
16 27 0
Net_id 87
pin_num 2
14 7 0
5 2 0
Net_id 88
pin_num 2
5 48 0
26 52 0
Net_id 89
pin_num 2
49 25 0
39 23 0
Net_id 90
pin_num 2
45 54 0
29 59 0
Net_id 91
pin_num 2
26 1 0
3 4 0
Net_id 92
pin_num 2
3 51 0
2 45 0
Net_id 93
pin_num 2
52 55 0
38 57 0
Net_id 94
pin_num 2
51 12 0
59 6 0
Net_id 95
pin_num 2
45 59 0
47 57 0
Net_id 96
pin_num 2
28 58 0
19 51 0
Net_id 97
pin_num 2
17 51 0
6 58 0
Net_id 98
pin_num 2
43 57 0
49 59 0
Net_id 99
pin_num 2
20 59 0
18 58 0
Net_id 100
pin_num 2
49 12 0
49 2 0
Net_id 101
pin_num 2
20 22 0
28 36 0
Net_id 102
pin_num 2
36 22 0
41 13 0
Net_id 103
pin_num 2
43 27 0
35 35 0
Net_id 104
pin_num 2
51 23 0
33 15 0
Net_id 105
pin_num 2
7 26 0
23 10 0
Net_id 106
pin_num 2
51 17 0
47 52 0
Net_id 107
pin_num 2
38 23 0
30 28 0
Net_id 108
pin_num 2
30 46 0
55 56 0
Net_id 109
pin_num 2
22 35 0
35 51 0
Net_id 110
pin_num 2
1 13 0
26 9 0
Net_id 111
pin_num 2
2 56 0
18 51 0
Net_id 112
pin_num 2
27 46 0
51 36 0
Net_id 113
pin_num 2
4 2 0
3 9 0
Net_id 114
pin_num 2
39 44 0
40 39 0
Net_id 115
pin_num 2
12 30 0
2 37 0
Net_id 116
pin_num 2
56 48 0
58 56 0
Net_id 117
pin_num 2
38 14 0
9 27 0
Net_id 118
pin_num 2
43 9 0
53 11 0
Net_id 119
pin_num 2
24 5 0
31 5 0
Net_id 120
pin_num 2
47 32 0
50 27 0
Net_id 121
pin_num 2
50 11 0
57 21 0
Net_id 122
pin_num 2
48 18 0
54 2 0
Net_id 123
pin_num 2
47 35 0
39 28 0
Net_id 124
pin_num 2
3 44 0
8 17 0
Net_id 125
pin_num 2
13 10 0
12 15 0
Net_id 126
pin_num 2
11 23 0
19 11 0
Net_id 127
pin_num 2
45 0 0
43 2 0
Net_id 128
pin_num 2
4 26 0
0 29 0
Net_id 129
pin_num 2
31 9 0
21 5 0
Net_id 130
pin_num 2
23 45 0
12 41 0
Net_id 131
pin_num 2
27 18 0
9 39 0
Net_id 132
pin_num 2
23 33 0
11 15 0
Net_id 133
pin_num 2
9 36 0
17 57 0
Net_id 134
pin_num 2
8 8 0
3 10 0
Net_id 135
pin_num 2
31 57 0
37 52 0
Net_id 136
pin_num 2
14 22 0
26 12 0
Net_id 137
pin_num 2
42 6 0
45 11 0
Net_id 138
pin_num 2
11 20 0
21 9 0
Net_id 139
pin_num 2
47 38 0
42 34 0
Net_id 140
pin_num 2
41 17 0
24 31 0
Net_id 141
pin_num 2
59 55 0
41 46 0
Net_id 142
pin_num 2
11 28 0
31 16 0
Net_id 143
pin_num 2
32 8 0
30 6 0
Net_id 144
pin_num 2
47 53 0
26 55 0
Net_id 145
pin_num 2
52 44 0
37 40 0
Net_id 146
pin_num 2
48 44 0
45 47 0
Net_id 147
pin_num 2
49 36 0
55 31 0
Net_id 148
pin_num 2
25 12 0
0 20 0
Net_id 149
pin_num 2
59 3 0
50 59 0
Net_id 150
pin_num 2
47 46 0
52 52 0
Net_id 151
pin_num 2
10 35 0
15 36 0
Net_id 152
pin_num 2
47 31 0
55 37 0
Net_id 153
pin_num 2
14 10 0
13 0 0
Net_id 154
pin_num 2
53 22 0
38 45 0
