Width 60
Height 60
Layer 6
Total_WL 6603
Obstacle_num 144
0 47 0 7 48 0
41 21 0 50 22 0
47 35 0 50 36 0
27 24 0 34 25 0
12 27 0 18 28 0
32 14 0 40 15 0
46 48 0 56 49 0
50 13 0 57 14 0
41 19 0 51 20 0
12 37 0 22 38 0
13 22 0 18 23 0
18 50 0 25 51 0
2 17 0 10 18 0
46 42 0 55 43 0
16 14 0 19 15 0
46 49 0 52 50 0
33 28 0 37 29 0
49 31 0 53 32 0
10 18 0 15 19 0
36 32 0 44 33 0
8 26 0 12 27 0
25 32 0 35 33 0
36 43 0 40 44 0
35 48 0 43 49 0
0 15 1 1 20 1
12 22 1 13 31 1
28 42 1 29 50 1
29 43 1 30 51 1
6 51 1 7 54 1
16 11 1 17 18 1
2 43 1 3 47 1
30 16 1 31 21 1
7 24 1 8 30 1
43 10 1 44 18 1
46 45 1 47 51 1
28 18 1 29 26 1
2 6 1 3 10 1
55 22 1 56 29 1
12 47 1 13 54 1
52 8 1 53 14 1
22 49 1 23 52 1
17 11 1 18 15 1
45 0 1 46 10 1
57 25 1 58 31 1
13 16 1 14 25 1
17 49 1 18 53 1
39 18 1 40 24 1
56 43 1 57 50 1
17 18 2 23 19 2
39 33 2 42 34 2
18 56 2 21 57 2
42 18 2 51 19 2
7 42 2 15 43 2
6 41 2 13 42 2
21 33 2 27 34 2
15 49 2 24 50 2
17 52 2 26 53 2
36 14 2 44 15 2
27 23 2 37 24 2
27 46 2 34 47 2
30 0 2 39 1 2
29 27 2 36 28 2
49 38 2 55 39 2
47 32 2 52 33 2
19 20 2 26 21 2
17 2 2 24 3 2
42 53 2 51 54 2
35 18 2 41 19 2
12 1 2 17 2 2
2 9 2 8 10 2
31 9 2 37 10 2
51 29 2 55 30 2
2 8 3 3 15 3
21 46 3 22 50 3
31 22 3 32 25 3
55 17 3 56 20 3
0 20 3 1 29 3
46 24 3 47 34 3
5 9 3 6 14 3
39 10 3 40 20 3
18 19 3 19 28 3
10 4 3 11 10 3
8 52 3 9 59 3
31 30 3 32 37 3
39 49 3 40 55 3
43 12 3 44 20 3
25 11 3 26 15 3
24 51 3 25 59 3
41 34 3 42 37 3
14 44 3 15 52 3
14 4 3 15 14 3
37 28 3 38 37 3
36 14 3 37 17 3
19 32 3 20 38 3
19 42 3 20 50 3
49 33 3 50 41 3
9 50 4 14 51 4
41 21 4 50 22 4
38 56 4 48 57 4
13 43 4 19 44 4
5 18 4 15 19 4
40 32 4 46 33 4
8 14 4 12 15 4
36 58 4 46 59 4
39 9 4 45 10 4
13 53 4 23 54 4
24 25 4 34 26 4
21 48 4 26 49 4
10 13 4 16 14 4
29 22 4 37 23 4
21 19 4 27 20 4
43 40 4 52 41 4
30 28 4 38 29 4
26 27 4 35 28 4
38 55 4 42 56 4
47 14 4 53 15 4
37 11 4 46 12 4
8 56 4 12 57 4
12 14 4 21 15 4
49 17 4 52 18 4
35 8 5 36 18 5
25 34 5 26 39 5
35 43 5 36 52 5
36 37 5 37 42 5
47 5 5 48 9 5
51 29 5 52 39 5
13 40 5 14 50 5
45 54 5 46 59 5
57 12 5 58 19 5
38 44 5 39 51 5
25 16 5 26 24 5
22 21 5 23 30 5
17 35 5 18 39 5
28 53 5 29 56 5
13 29 5 14 33 5
8 23 5 9 30 5
11 32 5 12 39 5
21 39 5 22 49 5
14 9 5 15 14 5
23 46 5 24 56 5
24 26 5 25 35 5
54 52 5 55 55 5
0 50 5 1 53 5
54 21 5 55 29 5
Net_num 158
Net_id 0
pin_num 5
48 56 0
44 59 0
59 57 0
44 43 0
55 49 0
Net_id 1
pin_num 5
3 31 0
21 29 0
18 45 0
6 38 0
18 59 0
Net_id 2
pin_num 5
2 27 0
0 22 0
11 24 0
10 43 0
10 10 0
Net_id 3
pin_num 5
30 31 0
25 31 0
17 31 0
8 44 0
25 43 0
Net_id 4
pin_num 5
24 48 0
8 46 0
27 59 0
34 38 0
16 25 0
Net_id 5
pin_num 5
50 3 0
44 3 0
39 4 0
55 2 0
57 0 0
Net_id 6
pin_num 5
39 26 0
40 20 0
40 15 0
30 18 0
38 1 0
Net_id 7
pin_num 5
38 51 0
51 45 0
43 39 0
47 44 0
44 39 0
Net_id 8
pin_num 5
15 47 0
22 43 0
26 47 0
22 54 0
17 56 0
Net_id 9
pin_num 5
0 4 0
3 4 0
13 4 0
8 18 0
4 6 0
Net_id 10
pin_num 5
14 9 0
15 1 0
26 5 0
2 0 0
16 3 0
Net_id 11
pin_num 5
1 9 0
1 3 0
15 0 0
29 5 0
16 2 0
Net_id 12
pin_num 5
12 9 0
9 5 0
9 9 0
15 7 0
12 15 0
Net_id 13
pin_num 5
28 55 0
15 57 0
37 59 0
43 59 0
3 55 0
Net_id 14
pin_num 5
59 20 0
49 27 0
55 7 0
58 43 0
43 20 0
Net_id 15
pin_num 5
20 38 0
18 36 0
14 44 0
15 43 0
7 40 0
Net_id 16
pin_num 5
24 16 0
21 6 0
0 13 0
31 7 0
4 13 0
Net_id 17
pin_num 5
35 23 0
44 23 0
41 5 0
56 6 0
46 6 0
Net_id 18
pin_num 5
54 3 0
48 16 0
59 21 0
56 17 0
35 17 0
Net_id 19
pin_num 4
19 9 0
27 2 0
34 7 0
7 5 0
Net_id 20
pin_num 4
13 2 0
1 8 0
17 6 0
12 12 0
Net_id 21
pin_num 4
4 21 0
9 15 0
1 15 0
3 10 0
Net_id 22
pin_num 4
37 4 0
35 12 0
40 6 0
25 0 0
Net_id 23
pin_num 4
26 46 0
20 54 0
19 49 0
0 54 0
Net_id 24
pin_num 4
57 45 0
57 47 0
43 47 0
56 31 0
Net_id 25
pin_num 4
56 46 0
51 52 0
59 52 0
20 48 0
Net_id 26
pin_num 4
58 19 0
58 1 0
16 4 0
22 17 0
Net_id 27
pin_num 4
45 2 0
53 2 0
31 6 0
53 8 0
Net_id 28
pin_num 4
26 18 0
28 35 0
40 31 0
31 20 0
Net_id 29
pin_num 4
31 35 0
17 39 0
42 39 0
22 42 0
Net_id 30
pin_num 4
37 31 0
26 24 0
28 17 0
28 10 0
Net_id 31
pin_num 4
46 10 0
49 25 0
26 23 0
4 23 0
Net_id 32
pin_num 4
46 20 0
56 28 0
58 18 0
51 40 0
Net_id 33
pin_num 4
35 10 0
26 3 0
39 3 0
44 1 0
Net_id 34
pin_num 4
49 23 0
48 23 0
59 41 0
53 25 0
Net_id 35
pin_num 4
48 1 0
46 7 0
30 6 0
52 14 0
Net_id 36
pin_num 4
57 4 0
56 3 0
40 3 0
46 12 0
Net_id 37
pin_num 4
26 29 0
24 22 0
38 22 0
38 19 0
Net_id 38
pin_num 4
45 18 0
37 13 0
47 15 0
51 15 0
Net_id 39
pin_num 4
1 36 0
9 44 0
0 50 0
0 28 0
Net_id 40
pin_num 3
31 27 0
29 19 0
38 33 0
Net_id 41
pin_num 3
8 7 0
18 1 0
37 12 0
Net_id 42
pin_num 3
27 28 0
32 20 0
32 50 0
Net_id 43
pin_num 3
18 0 0
9 14 0
15 59 0
Net_id 44
pin_num 3
32 8 0
56 8 0
36 2 0
Net_id 45
pin_num 3
53 16 0
58 11 0
57 19 0
Net_id 46
pin_num 3
18 32 0
2 23 0
1 12 0
Net_id 47
pin_num 3
53 14 0
57 8 0
35 11 0
Net_id 48
pin_num 3
28 53 0
15 52 0
37 57 0
Net_id 49
pin_num 3
3 28 0
11 28 0
5 18 0
Net_id 50
pin_num 3
51 50 0
50 46 0
56 47 0
Net_id 51
pin_num 3
24 51 0
42 44 0
42 37 0
Net_id 52
pin_num 3
34 45 0
46 43 0
39 50 0
Net_id 53
pin_num 3
5 20 0
23 10 0
15 51 0
Net_id 54
pin_num 3
22 4 0
44 16 0
21 16 0
Net_id 55
pin_num 3
56 57 0
59 48 0
33 50 0
Net_id 56
pin_num 3
40 55 0
49 45 0
37 51 0
Net_id 57
pin_num 3
10 22 0
2 1 0
39 12 0
Net_id 58
pin_num 3
48 30 0
41 30 0
59 36 0
Net_id 59
pin_num 3
20 57 0
1 58 0
9 45 0
Net_id 60
pin_num 3
54 25 0
59 26 0
45 22 0
Net_id 61
pin_num 3
55 59 0
55 54 0
53 36 0
Net_id 62
pin_num 3
32 57 0
32 59 0
34 34 0
Net_id 63
pin_num 3
2 28 0
2 29 0
21 25 0
Net_id 64
pin_num 3
24 17 0
27 46 0
49 53 0
Net_id 65
pin_num 3
59 32 0
56 35 0
50 32 0
Net_id 66
pin_num 3
47 18 0
51 17 0
57 7 0
Net_id 67
pin_num 3
48 51 0
35 56 0
45 40 0
Net_id 68
pin_num 3
9 33 0
11 27 0
20 24 0
Net_id 69
pin_num 3
21 30 0
6 39 0
6 56 0
Net_id 70
pin_num 3
39 31 0
38 26 0
47 23 0
Net_id 71
pin_num 3
31 38 0
47 37 0
36 20 0
Net_id 72
pin_num 3
10 38 0
4 27 0
3 34 0
Net_id 73
pin_num 3
37 10 0
49 22 0
30 13 0
Net_id 74
pin_num 3
23 58 0
8 56 0
2 52 0
Net_id 75
pin_num 3
30 17 0
33 4 0
57 22 0
Net_id 76
pin_num 3
39 40 0
31 21 0
1 30 0
Net_id 77
pin_num 3
55 8 0
40 21 0
15 11 0
Net_id 78
pin_num 3
35 2 0
18 6 0
39 1 0
Net_id 79
pin_num 2
22 3 0
11 10 0
Net_id 80
pin_num 2
22 22 0
11 22 0
Net_id 81
pin_num 2
38 29 0
28 15 0
Net_id 82
pin_num 2
46 16 0
48 36 0
Net_id 83
pin_num 2
3 8 0
29 10 0
Net_id 84
pin_num 2
22 44 0
1 38 0
Net_id 85
pin_num 2
40 38 0
57 33 0
Net_id 86
pin_num 2
28 3 0
48 10 0
Net_id 87
pin_num 2
24 25 0
34 25 0
Net_id 88
pin_num 2
15 34 0
15 41 0
Net_id 89
pin_num 2
7 43 0
25 58 0
Net_id 90
pin_num 2
22 15 0
40 4 0
Net_id 91
pin_num 2
51 22 0
40 9 0
Net_id 92
pin_num 2
36 47 0
27 52 0
Net_id 93
pin_num 2
25 57 0
10 44 0
Net_id 94
pin_num 2
3 7 0
14 14 0
Net_id 95
pin_num 2
24 42 0
30 43 0
Net_id 96
pin_num 2
36 27 0
46 37 0
Net_id 97
pin_num 2
58 55 0
37 47 0
Net_id 98
pin_num 2
36 42 0
48 57 0
Net_id 99
pin_num 2
56 38 0
55 36 0
Net_id 100
pin_num 2
20 12 0
34 13 0
Net_id 101
pin_num 2
25 28 0
7 7 0
Net_id 102
pin_num 2
10 51 0
3 51 0
Net_id 103
pin_num 2
9 13 0
16 7 0
Net_id 104
pin_num 2
20 11 0
15 32 0
Net_id 105
pin_num 2
28 52 0
38 57 0
Net_id 106
pin_num 2
35 37 0
40 37 0
Net_id 107
pin_num 2
2 40 0
1 37 0
Net_id 108
pin_num 2
24 52 0
26 44 0
Net_id 109
pin_num 2
35 41 0
30 55 0
Net_id 110
pin_num 2
41 58 0
25 54 0
Net_id 111
pin_num 2
23 32 0
11 38 0
Net_id 112
pin_num 2
14 12 0
29 29 0
Net_id 113
pin_num 2
45 43 0
50 41 0
Net_id 114
pin_num 2
26 39 0
20 51 0
Net_id 115
pin_num 2
0 5 0
7 32 0
Net_id 116
pin_num 2
27 37 0
41 54 0
Net_id 117
pin_num 2
50 59 0
42 47 0
Net_id 118
pin_num 2
14 21 0
4 19 0
Net_id 119
pin_num 2
5 26 0
5 35 0
Net_id 120
pin_num 2
20 0 0
22 2 0
Net_id 121
pin_num 2
25 19 0
15 18 0
Net_id 122
pin_num 2
50 17 0
35 36 0
Net_id 123
pin_num 2
20 45 0
33 42 0
Net_id 124
pin_num 2
54 12 0
50 6 0
Net_id 125
pin_num 2
31 33 0
40 30 0
Net_id 126
pin_num 2
21 41 0
14 48 0
Net_id 127
pin_num 2
22 46 0
33 49 0
Net_id 128
pin_num 2
6 23 0
17 10 0
Net_id 129
pin_num 2
11 44 0
17 36 0
Net_id 130
pin_num 2
42 24 0
41 27 0
Net_id 131
pin_num 2
8 42 0
14 57 0
Net_id 132
pin_num 2
56 2 0
56 0 0
Net_id 133
pin_num 2
51 37 0
41 4 0
Net_id 134
pin_num 2
52 34 0
43 25 0
Net_id 135
pin_num 2
53 49 0
52 16 0
Net_id 136
pin_num 2
34 50 0
51 41 0
Net_id 137
pin_num 2
26 35 0
12 36 0
Net_id 138
pin_num 2
24 44 0
38 36 0
Net_id 139
pin_num 2
27 23 0
40 12 0
Net_id 140
pin_num 2
52 37 0
58 44 0
Net_id 141
pin_num 2
32 26 0
37 15 0
Net_id 142
pin_num 2
55 45 0
44 42 0
Net_id 143
pin_num 2
16 24 0
20 34 0
Net_id 144
pin_num 2
56 53 0
52 39 0
Net_id 145
pin_num 2
44 48 0
43 54 0
Net_id 146
pin_num 2
50 54 0
55 41 0
Net_id 147
pin_num 2
9 53 0
24 53 0
Net_id 148
pin_num 2
19 32 0
31 11 0
Net_id 149
pin_num 2
51 38 0
57 31 0
Net_id 150
pin_num 2
21 36 0
10 49 0
Net_id 151
pin_num 2
36 35 0
30 41 0
Net_id 152
pin_num 2
45 53 0
41 53 0
Net_id 153
pin_num 2
7 44 0
17 34 0
Net_id 154
pin_num 2
57 24 0
42 49 0
Net_id 155
pin_num 2
40 43 0
42 40 0
Net_id 156
pin_num 2
20 29 0
4 3 0
Net_id 157
pin_num 2
16 12 0
21 26 0
