Width 60
Height 60
Layer 6
Total_WL 6864
Obstacle_num 144
24 18 0 30 19 0
12 14 0 20 15 0
1 48 0 6 49 0
5 30 0 13 31 0
31 16 0 39 17 0
37 51 0 42 52 0
51 47 0 59 48 0
2 11 0 11 12 0
48 12 0 58 13 0
15 42 0 25 43 0
19 10 0 29 11 0
49 1 0 59 2 0
17 13 0 26 14 0
7 31 0 15 32 0
45 23 0 52 24 0
3 38 0 12 39 0
23 0 0 28 1 0
39 16 0 48 17 0
50 31 0 59 32 0
4 26 0 10 27 0
10 29 0 19 30 0
46 3 0 53 4 0
41 9 0 51 10 0
21 36 0 31 37 0
51 51 1 52 54 1
4 36 1 5 40 1
17 41 1 18 51 1
54 30 1 55 34 1
7 7 1 8 11 1
17 34 1 18 39 1
49 35 1 50 38 1
31 12 1 32 17 1
47 9 1 48 13 1
41 26 1 42 33 1
55 17 1 56 25 1
31 35 1 32 43 1
18 22 1 19 28 1
8 8 1 9 11 1
45 33 1 46 38 1
27 24 1 28 31 1
44 45 1 45 52 1
57 6 1 58 16 1
56 18 1 57 21 1
22 56 1 23 59 1
25 34 1 26 41 1
41 37 1 42 41 1
15 49 1 16 59 1
38 6 1 39 13 1
44 3 2 52 4 2
10 31 2 13 32 2
25 21 2 28 22 2
1 41 2 7 42 2
2 14 2 8 15 2
6 20 2 10 21 2
49 17 2 57 18 2
12 36 2 18 37 2
19 41 2 26 42 2
29 32 2 34 33 2
27 1 2 35 2 2
46 43 2 55 44 2
30 11 2 36 12 2
50 0 2 58 1 2
3 55 2 11 56 2
12 52 2 19 53 2
16 35 2 25 36 2
38 21 2 43 22 2
24 34 2 34 35 2
6 1 2 12 2 2
24 58 2 29 59 2
23 23 2 33 24 2
53 31 2 58 32 2
2 44 2 9 45 2
13 32 3 14 37 3
55 23 3 56 33 3
30 31 3 31 34 3
28 0 3 29 10 3
22 34 3 23 37 3
12 18 3 13 21 3
51 49 3 52 58 3
48 16 3 49 26 3
39 10 3 40 15 3
5 35 3 6 43 3
26 22 3 27 32 3
34 48 3 35 58 3
44 24 3 45 32 3
28 28 3 29 32 3
37 33 3 38 40 3
16 41 3 17 44 3
17 31 3 18 39 3
21 51 3 22 57 3
40 8 3 41 13 3
11 26 3 12 34 3
36 22 3 37 31 3
54 3 3 55 6 3
45 37 3 46 47 3
8 19 3 9 23 3
0 12 4 5 13 4
43 29 4 50 30 4
6 32 4 13 33 4
53 18 4 57 19 4
20 5 4 30 6 4
28 20 4 33 21 4
52 39 4 58 40 4
35 46 4 42 47 4
29 41 4 35 42 4
11 9 4 14 10 4
38 16 4 47 17 4
37 23 4 45 24 4
41 57 4 49 58 4
49 16 4 56 17 4
20 45 4 27 46 4
28 29 4 31 30 4
11 33 4 16 34 4
46 21 4 56 22 4
1 13 4 11 14 4
54 5 4 57 6 4
39 14 4 46 15 4
30 28 4 39 29 4
1 50 4 9 51 4
9 53 4 19 54 4
39 22 5 40 28 5
58 23 5 59 33 5
6 16 5 7 21 5
8 24 5 9 28 5
53 39 5 54 44 5
21 4 5 22 11 5
39 33 5 40 42 5
2 39 5 3 42 5
22 21 5 23 30 5
29 4 5 30 14 5
22 47 5 23 54 5
23 7 5 24 13 5
50 49 5 51 56 5
1 2 5 2 10 5
16 13 5 17 18 5
21 27 5 22 35 5
51 10 5 52 14 5
27 26 5 28 34 5
20 21 5 21 27 5
58 50 5 59 59 5
58 14 5 59 17 5
48 44 5 49 53 5
54 44 5 55 52 5
40 10 5 41 19 5
Net_num 161
Net_id 0
pin_num 5
45 27 0
47 21 0
57 22 0
49 0 0
33 0 0
Net_id 1
pin_num 5
33 31 0
27 35 0
31 23 0
35 28 0
37 35 0
Net_id 2
pin_num 5
29 44 0
48 41 0
48 37 0
59 37 0
50 15 0
Net_id 3
pin_num 5
45 5 0
24 5 0
36 23 0
28 20 0
45 22 0
Net_id 4
pin_num 5
50 26 0
58 28 0
57 27 0
56 51 0
48 18 0
Net_id 5
pin_num 5
32 59 0
26 43 0
37 50 0
25 56 0
44 50 0
Net_id 6
pin_num 5
39 52 0
48 52 0
59 54 0
46 59 0
43 47 0
Net_id 7
pin_num 5
10 14 0
16 12 0
32 12 0
24 24 0
22 0 0
Net_id 8
pin_num 5
15 12 0
9 12 0
1 0 0
9 27 0
4 16 0
Net_id 9
pin_num 5
23 27 0
21 29 0
21 47 0
4 33 0
26 41 0
Net_id 10
pin_num 5
57 34 0
57 53 0
59 58 0
44 44 0
52 49 0
Net_id 11
pin_num 5
35 36 0
31 36 0
46 36 0
37 39 0
35 13 0
Net_id 12
pin_num 5
14 13 0
2 18 0
0 27 0
1 31 0
3 0 0
Net_id 13
pin_num 5
19 50 0
34 46 0
29 52 0
15 47 0
29 59 0
Net_id 14
pin_num 5
13 6 0
3 1 0
1 9 0
5 8 0
2 0 0
Net_id 15
pin_num 5
28 1 0
15 1 0
8 0 0
4 15 0
18 8 0
Net_id 16
pin_num 5
12 34 0
15 33 0
0 33 0
12 43 0
18 43 0
Net_id 17
pin_num 5
18 3 0
26 3 0
22 14 0
11 7 0
1 11 0
Net_id 18
pin_num 5
9 10 0
3 9 0
16 9 0
4 17 0
17 15 0
Net_id 19
pin_num 5
57 16 0
51 4 0
46 0 0
32 10 0
47 0 0
Net_id 20
pin_num 4
7 10 0
8 7 0
15 2 0
10 21 0
Net_id 21
pin_num 4
9 47 0
1 59 0
18 54 0
32 54 0
Net_id 22
pin_num 4
8 1 0
2 4 0
25 4 0
21 2 0
Net_id 23
pin_num 4
57 42 0
53 32 0
55 53 0
55 15 0
Net_id 24
pin_num 4
26 57 0
16 57 0
23 34 0
16 26 0
Net_id 25
pin_num 4
44 41 0
27 45 0
34 59 0
8 45 0
Net_id 26
pin_num 4
31 35 0
30 39 0
24 37 0
24 51 0
Net_id 27
pin_num 4
47 39 0
34 31 0
38 52 0
35 12 0
Net_id 28
pin_num 4
47 28 0
35 37 0
34 30 0
59 35 0
Net_id 29
pin_num 4
55 42 0
51 29 0
51 48 0
59 51 0
Net_id 30
pin_num 4
10 59 0
2 54 0
4 49 0
3 49 0
Net_id 31
pin_num 4
11 23 0
14 15 0
10 33 0
5 45 0
Net_id 32
pin_num 4
3 44 0
1 35 0
20 40 0
12 39 0
Net_id 33
pin_num 4
44 26 0
49 24 0
59 21 0
42 25 0
Net_id 34
pin_num 4
58 49 0
58 55 0
39 54 0
47 50 0
Net_id 35
pin_num 4
21 51 0
30 59 0
26 42 0
19 41 0
Net_id 36
pin_num 4
56 58 0
57 59 0
56 54 0
37 56 0
Net_id 37
pin_num 4
17 19 0
33 9 0
26 11 0
39 9 0
Net_id 38
pin_num 4
20 18 0
29 26 0
10 5 0
21 25 0
Net_id 39
pin_num 3
38 45 0
49 51 0
41 59 0
Net_id 40
pin_num 3
34 21 0
47 6 0
56 10 0
Net_id 41
pin_num 3
22 40 0
39 46 0
29 39 0
Net_id 42
pin_num 3
12 57 0
2 58 0
0 32 0
Net_id 43
pin_num 3
55 33 0
58 26 0
58 18 0
Net_id 44
pin_num 3
9 3 0
18 6 0
25 6 0
Net_id 45
pin_num 3
33 8 0
27 4 0
5 3 0
Net_id 46
pin_num 3
28 57 0
37 48 0
36 4 0
Net_id 47
pin_num 3
45 15 0
51 18 0
40 18 0
Net_id 48
pin_num 3
34 20 0
39 24 0
30 29 0
Net_id 49
pin_num 3
13 19 0
5 7 0
3 26 0
Net_id 50
pin_num 3
50 35 0
53 24 0
58 36 0
Net_id 51
pin_num 3
48 56 0
43 53 0
53 57 0
Net_id 52
pin_num 3
29 47 0
21 58 0
10 37 0
Net_id 53
pin_num 3
42 20 0
45 7 0
54 11 0
Net_id 54
pin_num 3
35 53 0
41 55 0
27 49 0
Net_id 55
pin_num 3
37 58 0
41 58 0
56 15 0
Net_id 56
pin_num 3
52 45 0
40 43 0
38 13 0
Net_id 57
pin_num 3
11 35 0
29 42 0
8 47 0
Net_id 58
pin_num 3
10 50 0
6 37 0
25 46 0
Net_id 59
pin_num 3
56 19 0
49 30 0
30 19 0
Net_id 60
pin_num 3
26 52 0
38 59 0
10 55 0
Net_id 61
pin_num 3
38 29 0
53 23 0
51 0 0
Net_id 62
pin_num 3
28 49 0
34 43 0
53 40 0
Net_id 63
pin_num 3
4 22 0
19 2 0
17 7 0
Net_id 64
pin_num 3
48 46 0
37 46 0
50 42 0
Net_id 65
pin_num 3
10 58 0
2 38 0
14 41 0
Net_id 66
pin_num 3
36 43 0
35 52 0
59 36 0
Net_id 67
pin_num 3
44 12 0
39 13 0
59 0 0
Net_id 68
pin_num 3
42 35 0
28 38 0
37 17 0
Net_id 69
pin_num 3
44 35 0
33 26 0
58 37 0
Net_id 70
pin_num 3
18 51 0
29 55 0
25 30 0
Net_id 71
pin_num 3
27 8 0
11 16 0
3 30 0
Net_id 72
pin_num 3
17 33 0
19 37 0
31 33 0
Net_id 73
pin_num 3
22 28 0
34 47 0
25 17 0
Net_id 74
pin_num 3
24 15 0
18 2 0
16 15 0
Net_id 75
pin_num 3
49 17 0
34 8 0
54 9 0
Net_id 76
pin_num 3
6 0 0
20 16 0
10 22 0
Net_id 77
pin_num 3
20 44 0
11 52 0
54 40 0
Net_id 78
pin_num 2
34 23 0
20 9 0
Net_id 79
pin_num 2
52 43 0
37 57 0
Net_id 80
pin_num 2
1 58 0
8 35 0
Net_id 81
pin_num 2
11 24 0
1 30 0
Net_id 82
pin_num 2
4 59 0
16 50 0
Net_id 83
pin_num 2
56 37 0
54 23 0
Net_id 84
pin_num 2
14 21 0
24 20 0
Net_id 85
pin_num 2
40 11 0
46 11 0
Net_id 86
pin_num 2
23 30 0
29 22 0
Net_id 87
pin_num 2
49 2 0
59 19 0
Net_id 88
pin_num 2
7 44 0
12 44 0
Net_id 89
pin_num 2
8 14 0
3 27 0
Net_id 90
pin_num 2
41 31 0
43 15 0
Net_id 91
pin_num 2
18 31 0
5 17 0
Net_id 92
pin_num 2
55 20 0
49 27 0
Net_id 93
pin_num 2
27 34 0
31 34 0
Net_id 94
pin_num 2
44 3 0
58 12 0
Net_id 95
pin_num 2
20 7 0
34 32 0
Net_id 96
pin_num 2
47 44 0
59 44 0
Net_id 97
pin_num 2
31 48 0
48 53 0
Net_id 98
pin_num 2
38 31 0
24 11 0
Net_id 99
pin_num 2
55 49 0
50 53 0
Net_id 100
pin_num 2
8 15 0
12 15 0
Net_id 101
pin_num 2
55 30 0
52 27 0
Net_id 102
pin_num 2
12 2 0
13 5 0
Net_id 103
pin_num 2
45 53 0
53 53 0
Net_id 104
pin_num 2
43 42 0
49 46 0
Net_id 105
pin_num 2
20 39 0
30 50 0
Net_id 106
pin_num 2
28 15 0
25 14 0
Net_id 107
pin_num 2
30 4 0
37 7 0
Net_id 108
pin_num 2
7 48 0
5 53 0
Net_id 109
pin_num 2
22 53 0
11 58 0
Net_id 110
pin_num 2
48 48 0
53 45 0
Net_id 111
pin_num 2
47 48 0
41 57 0
Net_id 112
pin_num 2
3 16 0
6 28 0
Net_id 113
pin_num 2
20 23 0
11 36 0
Net_id 114
pin_num 2
28 17 0
23 26 0
Net_id 115
pin_num 2
6 36 0
4 47 0
Net_id 116
pin_num 2
44 40 0
26 32 0
Net_id 117
pin_num 2
29 51 0
21 49 0
Net_id 118
pin_num 2
9 54 0
5 54 0
Net_id 119
pin_num 2
50 55 0
58 40 0
Net_id 120
pin_num 2
0 52 0
9 37 0
Net_id 121
pin_num 2
41 15 0
34 4 0
Net_id 122
pin_num 2
10 4 0
22 4 0
Net_id 123
pin_num 2
27 31 0
51 20 0
Net_id 124
pin_num 2
35 35 0
32 38 0
Net_id 125
pin_num 2
40 6 0
34 6 0
Net_id 126
pin_num 2
53 43 0
56 53 0
Net_id 127
pin_num 2
38 26 0
29 38 0
Net_id 128
pin_num 2
14 54 0
8 43 0
Net_id 129
pin_num 2
57 11 0
58 2 0
Net_id 130
pin_num 2
6 43 0
22 30 0
Net_id 131
pin_num 2
52 8 0
39 11 0
Net_id 132
pin_num 2
33 20 0
29 6 0
Net_id 133
pin_num 2
50 41 0
57 41 0
Net_id 134
pin_num 2
53 27 0
59 43 0
Net_id 135
pin_num 2
27 22 0
6 2 0
Net_id 136
pin_num 2
41 49 0
24 32 0
Net_id 137
pin_num 2
36 12 0
48 16 0
Net_id 138
pin_num 2
17 32 0
21 17 0
Net_id 139
pin_num 2
9 53 0
27 57 0
Net_id 140
pin_num 2
52 18 0
57 23 0
Net_id 141
pin_num 2
44 8 0
25 31 0
Net_id 142
pin_num 2
45 43 0
41 43 0
Net_id 143
pin_num 2
3 53 0
5 32 0
Net_id 144
pin_num 2
40 48 0
14 57 0
Net_id 145
pin_num 2
40 59 0
22 46 0
Net_id 146
pin_num 2
32 56 0
36 52 0
Net_id 147
pin_num 2
42 56 0
53 48 0
Net_id 148
pin_num 2
48 4 0
59 15 0
Net_id 149
pin_num 2
45 58 0
44 53 0
Net_id 150
pin_num 2
38 54 0
30 26 0
Net_id 151
pin_num 2
36 3 0
51 24 0
Net_id 152
pin_num 2
57 43 0
39 26 0
Net_id 153
pin_num 2
18 24 0
5 23 0
Net_id 154
pin_num 2
39 18 0
27 9 0
Net_id 155
pin_num 2
1 21 0
18 12 0
Net_id 156
pin_num 2
40 34 0
53 34 0
Net_id 157
pin_num 2
50 47 0
49 49 0
Net_id 158
pin_num 2
2 46 0
11 46 0
Net_id 159
pin_num 2
42 47 0
32 51 0
Net_id 160
pin_num 2
16 48 0
1 55 0
