Width 60
Height 60
Layer 6
Total_WL 6897
Obstacle_num 144
32 39 0 41 40 0
55 5 0 58 6 0
15 46 0 22 47 0
15 56 0 24 57 0
45 38 0 48 39 0
43 48 0 48 49 0
45 31 0 55 32 0
2 39 0 11 40 0
26 18 0 33 19 0
6 50 0 13 51 0
25 36 0 35 37 0
41 29 0 44 30 0
24 6 0 32 7 0
50 45 0 58 46 0
10 41 0 16 42 0
33 5 0 37 6 0
12 13 0 22 14 0
31 32 0 39 33 0
33 46 0 41 47 0
29 23 0 32 24 0
19 25 0 27 26 0
37 41 0 40 42 0
55 22 0 59 23 0
4 3 0 13 4 0
25 47 1 26 57 1
25 9 1 26 17 1
5 24 1 6 33 1
43 22 1 44 25 1
35 43 1 36 46 1
48 56 1 49 59 1
8 21 1 9 28 1
45 4 1 46 12 1
57 22 1 58 31 1
28 45 1 29 50 1
19 26 1 20 30 1
20 47 1 21 55 1
18 21 1 19 27 1
18 8 1 19 17 1
31 45 1 32 53 1
13 14 1 14 22 1
36 45 1 37 48 1
8 45 1 9 49 1
14 3 1 15 13 1
33 40 1 34 49 1
33 2 1 34 6 1
13 39 1 14 46 1
56 11 1 57 14 1
23 50 1 24 59 1
13 43 2 22 44 2
16 54 2 20 55 2
3 45 2 8 46 2
43 18 2 52 19 2
4 26 2 14 27 2
55 9 2 59 10 2
33 34 2 40 35 2
40 50 2 45 51 2
43 17 2 51 18 2
44 48 2 47 49 2
15 31 2 24 32 2
54 5 2 57 6 2
41 55 2 44 56 2
10 16 2 16 17 2
33 50 2 37 51 2
4 41 2 10 42 2
43 38 2 49 39 2
11 7 2 14 8 2
19 49 2 26 50 2
16 22 2 22 23 2
28 40 2 38 41 2
22 30 2 25 31 2
6 52 2 14 53 2
35 12 2 42 13 2
38 2 3 39 8 3
35 30 3 36 40 3
15 52 3 16 56 3
24 50 3 25 58 3
25 4 3 26 7 3
15 8 3 16 16 3
37 25 3 38 29 3
51 40 3 52 44 3
33 42 3 34 49 3
47 22 3 48 30 3
7 27 3 8 36 3
12 7 3 13 11 3
25 48 3 26 57 3
34 36 3 35 40 3
24 5 3 25 14 3
12 46 3 13 55 3
19 10 3 20 19 3
45 48 3 46 58 3
52 4 3 53 9 3
20 22 3 21 29 3
50 5 3 51 15 3
42 1 3 43 4 3
31 34 3 32 38 3
18 47 3 19 55 3
27 7 4 32 8 4
41 50 4 51 51 4
34 21 4 44 22 4
15 19 4 22 20 4
38 1 4 42 2 4
33 41 4 37 42 4
4 13 4 13 14 4
0 19 4 10 20 4
47 14 4 54 15 4
37 40 4 43 41 4
32 55 4 42 56 4
1 58 4 10 59 4
29 19 4 33 20 4
20 28 4 24 29 4
29 17 4 36 18 4
17 54 4 20 55 4
45 39 4 50 40 4
48 7 4 57 8 4
18 7 4 26 8 4
47 37 4 53 38 4
16 40 4 26 41 4
48 51 4 56 52 4
14 27 4 23 28 4
51 56 4 56 57 4
58 24 5 59 29 5
14 20 5 15 30 5
1 10 5 2 15 5
33 29 5 34 39 5
50 38 5 51 46 5
12 24 5 13 30 5
27 52 5 28 58 5
27 37 5 28 43 5
36 10 5 37 20 5
6 46 5 7 52 5
55 46 5 56 53 5
39 12 5 40 15 5
51 25 5 52 31 5
17 38 5 18 44 5
4 17 5 5 22 5
7 29 5 8 32 5
20 30 5 21 39 5
54 43 5 55 47 5
1 26 5 2 30 5
31 19 5 32 22 5
22 9 5 23 16 5
9 16 5 10 24 5
37 20 5 38 29 5
5 42 5 6 52 5
Net_num 163
Net_id 0
pin_num 5
35 42 0
48 39 0
59 38 0
59 48 0
41 44 0
Net_id 1
pin_num 5
44 43 0
56 50 0
30 43 0
46 50 0
47 44 0
Net_id 2
pin_num 5
10 4 0
16 5 0
0 3 0
5 0 0
0 9 0
Net_id 3
pin_num 5
34 47 0
22 38 0
8 44 0
13 29 0
23 43 0
Net_id 4
pin_num 5
22 45 0
13 45 0
19 57 0
38 51 0
17 31 0
Net_id 5
pin_num 5
10 40 0
17 49 0
23 46 0
30 41 0
10 47 0
Net_id 6
pin_num 5
16 42 0
34 48 0
26 59 0
12 47 0
34 45 0
Net_id 7
pin_num 5
8 14 0
0 14 0
8 10 0
7 2 0
6 2 0
Net_id 8
pin_num 5
5 33 0
20 38 0
15 26 0
39 32 0
29 22 0
Net_id 9
pin_num 5
1 47 0
1 37 0
6 45 0
4 24 0
10 46 0
Net_id 10
pin_num 5
6 11 0
23 7 0
14 0 0
12 7 0
45 7 0
Net_id 11
pin_num 5
54 52 0
58 56 0
59 37 0
59 49 0
51 38 0
Net_id 12
pin_num 5
33 23 0
14 32 0
14 18 0
5 19 0
16 18 0
Net_id 13
pin_num 5
43 36 0
41 33 0
29 43 0
29 53 0
41 49 0
Net_id 14
pin_num 5
25 37 0
24 40 0
9 40 0
10 23 0
26 17 0
Net_id 15
pin_num 5
29 21 0
27 19 0
28 5 0
46 7 0
56 7 0
Net_id 16
pin_num 5
31 8 0
33 9 0
10 8 0
47 6 0
32 13 0
Net_id 17
pin_num 5
31 24 0
43 25 0
40 11 0
36 44 0
18 33 0
Net_id 18
pin_num 5
25 56 0
35 47 0
11 47 0
17 51 0
6 51 0
Net_id 19
pin_num 5
26 54 0
29 55 0
19 54 0
11 58 0
25 44 0
Net_id 20
pin_num 5
58 6 0
59 9 0
57 9 0
59 4 0
55 4 0
Net_id 21
pin_num 4
29 5 0
46 1 0
31 26 0
8 9 0
Net_id 22
pin_num 4
55 44 0
48 44 0
50 53 0
58 53 0
Net_id 23
pin_num 4
23 4 0
34 2 0
37 0 0
18 1 0
Net_id 24
pin_num 4
11 48 0
26 23 0
23 29 0
31 38 0
Net_id 25
pin_num 4
8 22 0
1 6 0
18 6 0
7 15 0
Net_id 26
pin_num 4
35 24 0
33 19 0
33 11 0
43 14 0
Net_id 27
pin_num 4
53 52 0
47 52 0
41 59 0
31 59 0
Net_id 28
pin_num 4
18 20 0
13 19 0
14 28 0
0 22 0
Net_id 29
pin_num 4
37 17 0
43 9 0
37 33 0
27 30 0
Net_id 30
pin_num 4
33 33 0
31 29 0
46 30 0
45 24 0
Net_id 31
pin_num 4
18 39 0
10 51 0
23 34 0
18 35 0
Net_id 32
pin_num 4
5 18 0
21 24 0
19 59 0
14 52 0
Net_id 33
pin_num 4
3 22 0
9 14 0
13 12 0
0 28 0
Net_id 34
pin_num 4
22 39 0
41 46 0
27 40 0
40 36 0
Net_id 35
pin_num 4
25 2 0
22 0 0
30 1 0
48 6 0
Net_id 36
pin_num 4
56 2 0
58 3 0
50 0 0
51 2 0
Net_id 37
pin_num 4
45 29 0
41 15 0
48 22 0
45 35 0
Net_id 38
pin_num 4
39 40 0
40 45 0
26 40 0
32 34 0
Net_id 39
pin_num 4
17 35 0
9 35 0
22 46 0
35 36 0
Net_id 40
pin_num 4
52 33 0
46 33 0
49 22 0
51 36 0
Net_id 41
pin_num 3
55 14 0
44 17 0
45 0 0
Net_id 42
pin_num 3
24 15 0
8 28 0
31 0 0
Net_id 43
pin_num 3
40 8 0
34 9 0
35 18 0
Net_id 44
pin_num 3
34 23 0
36 26 0
54 26 0
Net_id 45
pin_num 3
36 48 0
34 53 0
27 52 0
Net_id 46
pin_num 3
56 48 0
43 40 0
43 54 0
Net_id 47
pin_num 3
44 15 0
42 5 0
15 10 0
Net_id 48
pin_num 3
27 15 0
7 12 0
59 13 0
Net_id 49
pin_num 3
23 48 0
13 55 0
3 59 0
Net_id 50
pin_num 3
9 13 0
0 21 0
3 7 0
Net_id 51
pin_num 3
57 29 0
58 37 0
51 34 0
Net_id 52
pin_num 3
33 49 0
49 51 0
58 41 0
Net_id 53
pin_num 3
22 32 0
15 23 0
21 26 0
Net_id 54
pin_num 3
57 16 0
59 20 0
42 4 0
Net_id 55
pin_num 3
50 20 0
54 2 0
30 13 0
Net_id 56
pin_num 3
21 48 0
5 56 0
8 59 0
Net_id 57
pin_num 3
12 17 0
1 5 0
17 0 0
Net_id 58
pin_num 3
43 13 0
58 18 0
12 10 0
Net_id 59
pin_num 3
15 52 0
24 50 0
46 57 0
Net_id 60
pin_num 3
51 4 0
41 9 0
23 2 0
Net_id 61
pin_num 3
43 11 0
15 12 0
23 5 0
Net_id 62
pin_num 3
40 4 0
44 11 0
44 39 0
Net_id 63
pin_num 3
52 54 0
39 56 0
33 59 0
Net_id 64
pin_num 3
42 54 0
38 31 0
24 38 0
Net_id 65
pin_num 3
42 40 0
44 23 0
59 15 0
Net_id 66
pin_num 3
5 2 0
4 19 0
6 21 0
Net_id 67
pin_num 3
43 32 0
51 11 0
31 30 0
Net_id 68
pin_num 3
26 38 0
35 22 0
26 48 0
Net_id 69
pin_num 3
34 31 0
41 19 0
40 35 0
Net_id 70
pin_num 3
36 19 0
45 34 0
35 38 0
Net_id 71
pin_num 3
17 5 0
9 2 0
15 1 0
Net_id 72
pin_num 3
59 19 0
56 21 0
59 28 0
Net_id 73
pin_num 3
8 16 0
22 13 0
12 5 0
Net_id 74
pin_num 3
17 16 0
2 8 0
17 4 0
Net_id 75
pin_num 3
41 25 0
30 31 0
55 26 0
Net_id 76
pin_num 3
48 7 0
47 18 0
54 15 0
Net_id 77
pin_num 3
29 50 0
15 57 0
12 31 0
Net_id 78
pin_num 3
42 1 0
36 2 0
58 10 0
Net_id 79
pin_num 3
9 7 0
3 16 0
11 28 0
Net_id 80
pin_num 2
42 21 0
37 35 0
Net_id 81
pin_num 2
31 15 0
28 19 0
Net_id 82
pin_num 2
3 53 0
21 53 0
Net_id 83
pin_num 2
49 55 0
37 58 0
Net_id 84
pin_num 2
44 56 0
58 38 0
Net_id 85
pin_num 2
55 46 0
59 32 0
Net_id 86
pin_num 2
3 21 0
2 29 0
Net_id 87
pin_num 2
45 57 0
33 38 0
Net_id 88
pin_num 2
0 42 0
37 37 0
Net_id 89
pin_num 2
34 4 0
29 11 0
Net_id 90
pin_num 2
20 14 0
0 29 0
Net_id 91
pin_num 2
34 13 0
50 27 0
Net_id 92
pin_num 2
15 17 0
1 1 0
Net_id 93
pin_num 2
37 3 0
36 16 0
Net_id 94
pin_num 2
56 30 0
53 37 0
Net_id 95
pin_num 2
16 44 0
31 54 0
Net_id 96
pin_num 2
4 49 0
16 53 0
Net_id 97
pin_num 2
59 14 0
44 21 0
Net_id 98
pin_num 2
7 47 0
1 30 0
Net_id 99
pin_num 2
48 24 0
56 19 0
Net_id 100
pin_num 2
44 51 0
39 52 0
Net_id 101
pin_num 2
28 57 0
46 49 0
Net_id 102
pin_num 2
38 33 0
14 56 0
Net_id 103
pin_num 2
32 16 0
24 4 0
Net_id 104
pin_num 2
20 4 0
8 2 0
Net_id 105
pin_num 2
18 16 0
36 22 0
Net_id 106
pin_num 2
56 6 0
39 18 0
Net_id 107
pin_num 2
26 30 0
16 30 0
Net_id 108
pin_num 2
33 57 0
45 40 0
Net_id 109
pin_num 2
33 21 0
20 33 0
Net_id 110
pin_num 2
30 29 0
11 14 0
Net_id 111
pin_num 2
22 55 0
14 34 0
Net_id 112
pin_num 2
11 23 0
16 17 0
Net_id 113
pin_num 2
49 1 0
59 5 0
Net_id 114
pin_num 2
46 29 0
50 25 0
Net_id 115
pin_num 2
38 37 0
39 45 0
Net_id 116
pin_num 2
56 10 0
52 19 0
Net_id 117
pin_num 2
25 4 0
46 9 0
Net_id 118
pin_num 2
45 21 0
58 28 0
Net_id 119
pin_num 2
47 39 0
45 44 0
Net_id 120
pin_num 2
41 18 0
45 16 0
Net_id 121
pin_num 2
15 55 0
3 38 0
Net_id 122
pin_num 2
8 24 0
29 34 0
Net_id 123
pin_num 2
11 22 0
4 9 0
Net_id 124
pin_num 2
39 54 0
57 59 0
Net_id 125
pin_num 2
33 28 0
30 21 0
Net_id 126
pin_num 2
27 23 0
35 20 0
Net_id 127
pin_num 2
42 27 0
29 27 0
Net_id 128
pin_num 2
59 30 0
52 37 0
Net_id 129
pin_num 2
7 9 0
12 25 0
Net_id 130
pin_num 2
38 21 0
24 29 0
Net_id 131
pin_num 2
18 54 0
11 59 0
Net_id 132
pin_num 2
23 59 0
27 57 0
Net_id 133
pin_num 2
20 20 0
2 5 0
Net_id 134
pin_num 2
43 1 0
53 23 0
Net_id 135
pin_num 2
13 37 0
7 48 0
Net_id 136
pin_num 2
9 52 0
0 37 0
Net_id 137
pin_num 2
52 30 0
40 53 0
Net_id 138
pin_num 2
26 31 0
6 23 0
Net_id 139
pin_num 2
48 0 0
58 20 0
Net_id 140
pin_num 2
48 57 0
46 59 0
Net_id 141
pin_num 2
55 54 0
40 58 0
Net_id 142
pin_num 2
26 33 0
19 41 0
Net_id 143
pin_num 2
7 55 0
2 50 0
Net_id 144
pin_num 2
26 21 0
19 21 0
Net_id 145
pin_num 2
53 42 0
45 42 0
Net_id 146
pin_num 2
45 9 0
25 0 0
Net_id 147
pin_num 2
57 42 0
49 37 0
Net_id 148
pin_num 2
13 2 0
18 19 0
Net_id 149
pin_num 2
13 58 0
8 54 0
Net_id 150
pin_num 2
59 26 0
51 23 0
Net_id 151
pin_num 2
6 27 0
8 12 0
Net_id 152
pin_num 2
55 47 0
52 58 0
Net_id 153
pin_num 2
56 23 0
56 28 0
Net_id 154
pin_num 2
10 55 0
17 48 0
Net_id 155
pin_num 2
15 21 0
10 7 0
Net_id 156
pin_num 2
3 56 0
0 41 0
Net_id 157
pin_num 2
22 37 0
11 37 0
Net_id 158
pin_num 2
41 8 0
53 1 0
Net_id 159
pin_num 2
56 12 0
59 10 0
Net_id 160
pin_num 2
47 1 0
51 16 0
Net_id 161
pin_num 2
51 22 0
58 54 0
Net_id 162
pin_num 2
43 35 0
48 12 0
