Width 60
Height 60
Layer 6
Total_WL 6559
Obstacle_num 144
15 26 0 19 27 0
53 2 0 56 3 0
24 42 0 28 43 0
49 21 0 52 22 0
39 11 0 47 12 0
10 22 0 16 23 0
36 58 0 42 59 0
16 14 0 22 15 0
37 30 0 41 31 0
26 56 0 34 57 0
23 44 0 27 45 0
40 22 0 43 23 0
15 30 0 20 31 0
13 24 0 21 25 0
14 39 0 22 40 0
41 3 0 47 4 0
43 45 0 49 46 0
46 44 0 50 45 0
33 38 0 39 39 0
17 51 0 21 52 0
1 37 0 7 38 0
37 32 0 44 33 0
3 30 0 11 31 0
29 3 0 32 4 0
55 38 1 56 45 1
37 11 1 38 21 1
55 29 1 56 34 1
17 9 1 18 14 1
23 12 1 24 17 1
37 51 1 38 59 1
10 23 1 11 31 1
11 27 1 12 32 1
25 42 1 26 52 1
24 29 1 25 32 1
52 39 1 53 42 1
50 42 1 51 49 1
38 14 1 39 22 1
38 7 1 39 14 1
23 3 1 24 12 1
45 27 1 46 33 1
5 14 1 6 22 1
27 42 1 28 46 1
43 48 1 44 52 1
15 0 1 16 6 1
30 33 1 31 42 1
35 36 1 36 43 1
12 31 1 13 34 1
25 3 1 26 11 1
31 57 2 37 58 2
1 50 2 9 51 2
33 8 2 38 9 2
44 0 2 52 1 2
5 4 2 10 5 2
42 24 2 49 25 2
26 31 2 35 32 2
30 38 2 38 39 2
4 28 2 12 29 2
32 20 2 38 21 2
42 38 2 52 39 2
13 37 2 16 38 2
46 43 2 54 44 2
23 49 2 31 50 2
42 3 2 51 4 2
3 17 2 10 18 2
9 39 2 14 40 2
38 27 2 47 28 2
18 35 2 21 36 2
14 33 2 19 34 2
17 37 2 27 38 2
19 47 2 22 48 2
40 12 2 43 13 2
34 21 2 44 22 2
45 46 3 46 55 3
21 42 3 22 48 3
20 37 3 21 42 3
1 46 3 2 54 3
25 52 3 26 57 3
57 49 3 58 57 3
4 16 3 5 19 3
34 44 3 35 53 3
34 5 3 35 10 3
16 22 3 17 29 3
41 37 3 42 46 3
57 21 3 58 25 3
38 9 3 39 16 3
29 5 3 30 10 3
44 30 3 45 37 3
33 32 3 34 40 3
12 13 3 13 21 3
46 49 3 47 58 3
0 48 3 1 52 3
40 48 3 41 55 3
40 23 3 41 26 3
24 21 3 25 27 3
16 38 3 17 47 3
51 19 3 52 23 3
18 46 4 25 47 4
46 57 4 49 58 4
29 16 4 33 17 4
27 48 4 36 49 4
33 13 4 40 14 4
15 8 4 21 9 4
8 13 4 11 14 4
19 2 4 22 3 4
3 20 4 11 21 4
33 33 4 39 34 4
25 28 4 30 29 4
48 25 4 57 26 4
10 14 4 19 15 4
32 35 4 35 36 4
20 29 4 26 30 4
47 26 4 53 27 4
51 38 4 55 39 4
45 39 4 52 40 4
12 12 4 22 13 4
12 9 4 16 10 4
56 40 4 59 41 4
40 52 4 49 53 4
33 44 4 43 45 4
33 34 4 40 35 4
33 30 5 34 33 5
33 45 5 34 53 5
51 19 5 52 25 5
41 26 5 42 35 5
0 45 5 1 51 5
3 24 5 4 28 5
54 1 5 55 8 5
23 40 5 24 44 5
39 50 5 40 53 5
45 11 5 46 20 5
34 6 5 35 11 5
42 30 5 43 33 5
43 1 5 44 6 5
45 40 5 46 46 5
34 33 5 35 38 5
40 34 5 41 41 5
23 31 5 24 36 5
19 43 5 20 52 5
31 45 5 32 49 5
43 47 5 44 53 5
25 33 5 26 40 5
3 15 5 4 22 5
53 46 5 54 53 5
19 0 5 20 6 5
Net_num 157
Net_id 0
pin_num 5
43 20 0
59 17 0
56 8 0
36 16 0
59 37 0
Net_id 1
pin_num 5
55 46 0
54 42 0
58 38 0
57 23 0
58 58 0
Net_id 2
pin_num 5
39 37 0
33 25 0
13 34 0
22 11 0
14 35 0
Net_id 3
pin_num 5
51 23 0
30 23 0
30 27 0
41 17 0
42 27 0
Net_id 4
pin_num 5
19 50 0
23 42 0
31 43 0
2 46 0
23 33 0
Net_id 5
pin_num 5
26 39 0
22 37 0
46 39 0
38 59 0
27 58 0
Net_id 6
pin_num 5
54 31 0
48 41 0
51 8 0
48 46 0
59 19 0
Net_id 7
pin_num 5
3 48 0
0 51 0
3 29 0
19 44 0
0 36 0
Net_id 8
pin_num 5
26 52 0
34 43 0
26 46 0
26 29 0
35 51 0
Net_id 9
pin_num 5
7 14 0
7 12 0
15 21 0
14 31 0
10 0 0
Net_id 10
pin_num 5
0 7 0
5 8 0
4 13 0
0 11 0
0 30 0
Net_id 11
pin_num 5
1 58 0
10 53 0
7 54 0
9 52 0
3 55 0
Net_id 12
pin_num 5
8 57 0
3 56 0
10 52 0
17 52 0
21 59 0
Net_id 13
pin_num 5
46 5 0
36 14 0
21 15 0
35 7 0
40 2 0
Net_id 14
pin_num 5
12 26 0
4 21 0
13 45 0
7 13 0
0 39 0
Net_id 15
pin_num 5
17 8 0
9 18 0
24 11 0
11 4 0
22 8 0
Net_id 16
pin_num 5
56 28 0
58 31 0
50 30 0
56 36 0
41 31 0
Net_id 17
pin_num 5
28 8 0
35 13 0
30 29 0
23 21 0
30 53 0
Net_id 18
pin_num 5
42 31 0
45 36 0
53 33 0
45 41 0
58 39 0
Net_id 19
pin_num 5
47 31 0
46 29 0
59 30 0
46 53 0
51 50 0
Net_id 20
pin_num 5
4 27 0
19 26 0
6 4 0
0 6 0
20 6 0
Net_id 21
pin_num 4
58 32 0
54 38 0
52 48 0
54 47 0
Net_id 22
pin_num 4
55 54 0
56 42 0
58 59 0
56 38 0
Net_id 23
pin_num 4
44 51 0
51 55 0
41 57 0
53 42 0
Net_id 24
pin_num 4
4 20 0
8 12 0
1 13 0
1 31 0
Net_id 25
pin_num 4
50 12 0
58 14 0
55 26 0
53 6 0
Net_id 26
pin_num 4
28 28 0
21 23 0
48 28 0
42 42 0
Net_id 27
pin_num 4
39 25 0
53 32 0
49 4 0
23 24 0
Net_id 28
pin_num 4
24 16 0
39 18 0
39 29 0
39 12 0
Net_id 29
pin_num 4
30 2 0
22 2 0
33 0 0
27 16 0
Net_id 30
pin_num 4
42 47 0
55 53 0
57 53 0
39 56 0
Net_id 31
pin_num 4
37 44 0
26 51 0
28 32 0
50 40 0
Net_id 32
pin_num 4
47 10 0
52 8 0
52 19 0
57 13 0
Net_id 33
pin_num 4
38 51 0
22 43 0
41 49 0
51 44 0
Net_id 34
pin_num 4
34 59 0
30 54 0
15 54 0
30 59 0
Net_id 35
pin_num 4
44 4 0
48 2 0
52 3 0
55 0 0
Net_id 36
pin_num 4
14 30 0
7 29 0
29 27 0
13 19 0
Net_id 37
pin_num 4
7 8 0
16 5 0
13 23 0
14 0 0
Net_id 38
pin_num 4
51 22 0
39 10 0
45 0 0
50 9 0
Net_id 39
pin_num 4
28 5 0
35 3 0
9 3 0
16 0 0
Net_id 40
pin_num 4
0 23 0
12 15 0
21 22 0
20 25 0
Net_id 41
pin_num 4
53 37 0
49 46 0
53 48 0
55 35 0
Net_id 42
pin_num 3
29 59 0
39 38 0
11 55 0
Net_id 43
pin_num 3
0 16 0
15 17 0
40 14 0
Net_id 44
pin_num 3
53 49 0
44 53 0
50 54 0
Net_id 45
pin_num 3
56 10 0
58 18 0
36 11 0
Net_id 46
pin_num 3
38 21 0
26 47 0
32 16 0
Net_id 47
pin_num 3
7 49 0
2 40 0
4 51 0
Net_id 48
pin_num 3
53 29 0
50 31 0
59 23 0
Net_id 49
pin_num 3
26 31 0
37 33 0
10 16 0
Net_id 50
pin_num 3
59 44 0
53 44 0
53 45 0
Net_id 51
pin_num 3
49 17 0
53 15 0
26 15 0
Net_id 52
pin_num 3
26 3 0
8 7 0
34 3 0
Net_id 53
pin_num 3
41 12 0
44 16 0
35 30 0
Net_id 54
pin_num 3
12 1 0
14 12 0
1 5 0
Net_id 55
pin_num 3
8 24 0
15 28 0
22 40 0
Net_id 56
pin_num 3
59 20 0
48 7 0
49 32 0
Net_id 57
pin_num 3
7 22 0
19 31 0
20 18 0
Net_id 58
pin_num 3
26 6 0
20 4 0
45 1 0
Net_id 59
pin_num 3
49 14 0
45 10 0
48 16 0
Net_id 60
pin_num 3
29 11 0
33 9 0
31 21 0
Net_id 61
pin_num 3
29 58 0
50 37 0
59 55 0
Net_id 62
pin_num 3
51 26 0
58 19 0
31 32 0
Net_id 63
pin_num 3
50 52 0
57 47 0
37 59 0
Net_id 64
pin_num 3
49 29 0
42 26 0
56 39 0
Net_id 65
pin_num 3
23 1 0
16 3 0
3 5 0
Net_id 66
pin_num 3
17 25 0
8 25 0
0 0 0
Net_id 67
pin_num 3
14 47 0
13 53 0
28 55 0
Net_id 68
pin_num 3
36 9 0
34 1 0
41 4 0
Net_id 69
pin_num 3
22 57 0
38 46 0
15 56 0
Net_id 70
pin_num 3
26 21 0
26 26 0
25 58 0
Net_id 71
pin_num 3
49 11 0
54 8 0
59 1 0
Net_id 72
pin_num 3
29 21 0
32 14 0
23 18 0
Net_id 73
pin_num 3
57 11 0
38 22 0
52 35 0
Net_id 74
pin_num 3
23 51 0
27 41 0
0 41 0
Net_id 75
pin_num 3
52 18 0
36 32 0
12 36 0
Net_id 76
pin_num 3
22 23 0
33 19 0
25 19 0
Net_id 77
pin_num 3
52 13 0
42 0 0
42 9 0
Net_id 78
pin_num 3
26 36 0
15 32 0
17 27 0
Net_id 79
pin_num 2
16 42 0
25 38 0
Net_id 80
pin_num 2
13 2 0
2 9 0
Net_id 81
pin_num 2
26 30 0
27 36 0
Net_id 82
pin_num 2
29 45 0
42 57 0
Net_id 83
pin_num 2
37 50 0
18 40 0
Net_id 84
pin_num 2
16 45 0
5 54 0
Net_id 85
pin_num 2
4 58 0
13 54 0
Net_id 86
pin_num 2
26 23 0
38 25 0
Net_id 87
pin_num 2
13 57 0
25 59 0
Net_id 88
pin_num 2
42 19 0
58 23 0
Net_id 89
pin_num 2
3 13 0
1 3 0
Net_id 90
pin_num 2
37 10 0
47 18 0
Net_id 91
pin_num 2
1 8 0
9 0 0
Net_id 92
pin_num 2
41 50 0
35 59 0
Net_id 93
pin_num 2
52 23 0
58 42 0
Net_id 94
pin_num 2
11 57 0
8 53 0
Net_id 95
pin_num 2
13 37 0
22 45 0
Net_id 96
pin_num 2
44 32 0
35 10 0
Net_id 97
pin_num 2
18 13 0
26 13 0
Net_id 98
pin_num 2
40 34 0
58 26 0
Net_id 99
pin_num 2
52 15 0
34 15 0
Net_id 100
pin_num 2
11 43 0
2 53 0
Net_id 101
pin_num 2
46 6 0
51 6 0
Net_id 102
pin_num 2
42 17 0
58 21 0
Net_id 103
pin_num 2
24 0 0
28 0 0
Net_id 104
pin_num 2
1 30 0
12 47 0
Net_id 105
pin_num 2
24 49 0
6 43 0
Net_id 106
pin_num 2
28 12 0
9 31 0
Net_id 107
pin_num 2
5 43 0
2 21 0
Net_id 108
pin_num 2
1 40 0
5 36 0
Net_id 109
pin_num 2
21 8 0
5 24 0
Net_id 110
pin_num 2
40 42 0
21 33 0
Net_id 111
pin_num 2
56 15 0
36 35 0
Net_id 112
pin_num 2
39 16 0
35 18 0
Net_id 113
pin_num 2
39 52 0
52 55 0
Net_id 114
pin_num 2
56 17 0
40 31 0
Net_id 115
pin_num 2
18 48 0
15 42 0
Net_id 116
pin_num 2
26 58 0
39 54 0
Net_id 117
pin_num 2
5 1 0
3 9 0
Net_id 118
pin_num 2
35 49 0
24 41 0
Net_id 119
pin_num 2
8 1 0
10 8 0
Net_id 120
pin_num 2
45 5 0
35 9 0
Net_id 121
pin_num 2
59 7 0
45 6 0
Net_id 122
pin_num 2
38 26 0
29 41 0
Net_id 123
pin_num 2
29 18 0
31 9 0
Net_id 124
pin_num 2
4 48 0
25 41 0
Net_id 125
pin_num 2
55 24 0
35 19 0
Net_id 126
pin_num 2
48 14 0
41 14 0
Net_id 127
pin_num 2
54 35 0
31 22 0
Net_id 128
pin_num 2
36 6 0
33 4 0
Net_id 129
pin_num 2
12 4 0
33 2 0
Net_id 130
pin_num 2
4 55 0
6 59 0
Net_id 131
pin_num 2
10 34 0
2 0 0
Net_id 132
pin_num 2
11 54 0
1 55 0
Net_id 133
pin_num 2
25 29 0
4 22 0
Net_id 134
pin_num 2
10 32 0
8 45 0
Net_id 135
pin_num 2
30 21 0
27 22 0
Net_id 136
pin_num 2
2 34 0
5 22 0
Net_id 137
pin_num 2
15 27 0
2 20 0
Net_id 138
pin_num 2
52 7 0
59 0 0
Net_id 139
pin_num 2
18 36 0
19 41 0
Net_id 140
pin_num 2
37 36 0
12 34 0
Net_id 141
pin_num 2
41 20 0
56 2 0
Net_id 142
pin_num 2
12 31 0
2 44 0
Net_id 143
pin_num 2
52 21 0
48 21 0
Net_id 144
pin_num 2
26 40 0
29 33 0
Net_id 145
pin_num 2
23 52 0
18 47 0
Net_id 146
pin_num 2
17 58 0
2 45 0
Net_id 147
pin_num 2
4 12 0
21 10 0
Net_id 148
pin_num 2
30 32 0
18 23 0
Net_id 149
pin_num 2
58 52 0
47 42 0
Net_id 150
pin_num 2
8 40 0
12 35 0
Net_id 151
pin_num 2
18 43 0
23 55 0
Net_id 152
pin_num 2
23 15 0
37 5 0
Net_id 153
pin_num 2
33 53 0
42 44 0
Net_id 154
pin_num 2
0 24 0
18 25 0
Net_id 155
pin_num 2
11 53 0
20 58 0
Net_id 156
pin_num 2
16 51 0
7 51 0
