Width 60
Height 60
Layer 6
Total_WL 6542
Obstacle_num 144
17 40 0 20 41 0
43 3 0 53 4 0
20 36 0 26 37 0
33 48 0 36 49 0
2 29 0 8 30 0
42 21 0 45 22 0
17 50 0 22 51 0
30 27 0 39 28 0
23 8 0 33 9 0
5 54 0 15 55 0
31 32 0 36 33 0
11 13 0 16 14 0
46 27 0 56 28 0
49 24 0 57 25 0
32 34 0 42 35 0
45 22 0 54 23 0
48 1 0 54 2 0
36 26 0 40 27 0
21 43 0 28 44 0
52 12 0 58 13 0
6 36 0 12 37 0
30 23 0 37 24 0
14 48 0 17 49 0
19 26 0 22 27 0
43 42 1 44 46 1
8 8 1 9 11 1
20 12 1 21 21 1
53 7 1 54 13 1
0 32 1 1 42 1
7 23 1 8 29 1
8 41 1 9 49 1
43 23 1 44 27 1
36 31 1 37 37 1
55 19 1 56 24 1
38 40 1 39 49 1
19 16 1 20 22 1
31 19 1 32 28 1
16 30 1 17 36 1
19 22 1 20 30 1
42 28 1 43 36 1
27 16 1 28 24 1
14 4 1 15 14 1
35 24 1 36 33 1
49 40 1 50 45 1
28 40 1 29 47 1
21 35 1 22 45 1
41 38 1 42 44 1
49 11 1 50 20 1
6 25 2 9 26 2
5 18 2 8 19 2
24 3 2 33 4 2
44 10 2 47 11 2
13 2 2 16 3 2
4 29 2 9 30 2
12 53 2 18 54 2
40 3 2 45 4 2
32 48 2 41 49 2
19 7 2 28 8 2
30 22 2 34 23 2
19 53 2 27 54 2
43 19 2 47 20 2
41 28 2 48 29 2
1 17 2 4 18 2
11 28 2 18 29 2
40 33 2 50 34 2
22 27 2 25 28 2
40 54 2 44 55 2
48 20 2 54 21 2
1 27 2 4 28 2
14 49 2 22 50 2
7 52 2 11 53 2
23 25 2 27 26 2
33 26 3 34 34 3
36 24 3 37 27 3
52 49 3 53 57 3
45 27 3 46 31 3
48 17 3 49 22 3
34 28 3 35 37 3
9 12 3 10 16 3
46 51 3 47 58 3
46 30 3 47 38 3
10 33 3 11 43 3
11 32 3 12 40 3
43 34 3 44 43 3
5 35 3 6 39 3
5 17 3 6 22 3
44 12 3 45 17 3
53 39 3 54 43 3
44 3 3 45 6 3
7 28 3 8 36 3
4 23 3 5 32 3
26 15 3 27 22 3
19 49 3 20 54 3
16 37 3 17 41 3
40 23 3 41 26 3
46 19 3 47 27 3
12 5 4 20 6 4
45 49 4 49 50 4
47 2 4 50 3 4
46 31 4 51 32 4
19 29 4 29 30 4
36 54 4 42 55 4
20 40 4 30 41 4
40 10 4 47 11 4
10 26 4 16 27 4
1 0 4 4 1 4
52 23 4 55 24 4
40 23 4 49 24 4
11 22 4 18 23 4
18 48 4 23 49 4
10 57 4 19 58 4
45 26 4 52 27 4
5 41 4 15 42 4
14 30 4 20 31 4
8 43 4 18 44 4
39 28 4 45 29 4
49 7 4 54 8 4
25 58 4 31 59 4
6 15 4 13 16 4
1 46 4 9 47 4
29 22 5 30 30 5
2 13 5 3 22 5
7 55 5 8 59 5
48 19 5 49 25 5
31 23 5 32 33 5
48 3 5 49 7 5
30 32 5 31 36 5
43 19 5 44 24 5
47 27 5 48 33 5
7 11 5 8 19 5
40 26 5 41 34 5
44 12 5 45 21 5
16 43 5 17 46 5
20 45 5 21 55 5
7 24 5 8 28 5
45 47 5 46 53 5
21 28 5 22 32 5
30 28 5 31 32 5
9 41 5 10 46 5
33 17 5 34 27 5
49 27 5 50 37 5
19 4 5 20 8 5
55 30 5 56 37 5
42 24 5 43 31 5
Net_num 154
Net_id 0
pin_num 5
57 33 0
57 17 0
55 25 0
59 44 0
55 23 0
Net_id 1
pin_num 5
14 0 0
18 0 0
32 0 0
40 0 0
39 22 0
Net_id 2
pin_num 5
53 58 0
43 48 0
52 35 0
37 39 0
59 58 0
Net_id 3
pin_num 5
50 5 0
35 4 0
17 4 0
43 18 0
41 0 0
Net_id 4
pin_num 5
14 53 0
8 53 0
10 44 0
7 49 0
24 46 0
Net_id 5
pin_num 5
4 16 0
2 8 0
0 31 0
12 32 0
9 8 0
Net_id 6
pin_num 5
4 43 0
20 40 0
7 59 0
9 24 0
6 57 0
Net_id 7
pin_num 5
53 0 0
59 10 0
51 21 0
59 15 0
47 0 0
Net_id 8
pin_num 5
50 28 0
45 29 0
48 31 0
58 39 0
58 29 0
Net_id 9
pin_num 5
29 50 0
35 50 0
40 59 0
48 52 0
40 40 0
Net_id 10
pin_num 5
55 19 0
57 18 0
57 26 0
59 45 0
48 44 0
Net_id 11
pin_num 5
47 16 0
52 17 0
26 16 0
47 29 0
52 6 0
Net_id 12
pin_num 5
42 31 0
34 29 0
13 29 0
38 29 0
44 29 0
Net_id 13
pin_num 5
17 1 0
2 1 0
6 0 0
8 7 0
1 5 0
Net_id 14
pin_num 5
7 44 0
1 43 0
6 41 0
1 50 0
4 30 0
Net_id 15
pin_num 5
12 37 0
22 37 0
14 18 0
3 36 0
18 30 0
Net_id 16
pin_num 5
28 22 0
26 35 0
26 7 0
26 46 0
33 20 0
Net_id 17
pin_num 5
29 35 0
43 31 0
39 23 0
29 27 0
39 40 0
Net_id 18
pin_num 5
33 22 0
41 22 0
29 26 0
44 28 0
56 20 0
Net_id 19
pin_num 4
33 24 0
46 24 0
56 27 0
51 48 0
Net_id 20
pin_num 4
32 51 0
40 51 0
10 51 0
21 59 0
Net_id 21
pin_num 4
10 5 0
3 9 0
11 9 0
0 10 0
Net_id 22
pin_num 4
32 31 0
38 49 0
33 21 0
32 59 0
Net_id 23
pin_num 4
22 8 0
12 8 0
2 5 0
10 24 0
Net_id 24
pin_num 4
8 2 0
2 4 0
1 18 0
1 41 0
Net_id 25
pin_num 4
38 47 0
32 37 0
37 30 0
35 58 0
Net_id 26
pin_num 4
32 58 0
37 52 0
36 43 0
55 47 0
Net_id 27
pin_num 4
15 32 0
12 23 0
13 44 0
21 38 0
Net_id 28
pin_num 4
19 32 0
22 38 0
34 38 0
27 28 0
Net_id 29
pin_num 4
56 11 0
42 11 0
48 15 0
56 0 0
Net_id 30
pin_num 4
25 1 0
31 14 0
13 9 0
42 1 0
Net_id 31
pin_num 4
12 40 0
7 53 0
27 47 0
25 49 0
Net_id 32
pin_num 4
45 46 0
41 49 0
41 53 0
49 51 0
Net_id 33
pin_num 4
25 25 0
10 26 0
23 37 0
15 33 0
Net_id 34
pin_num 4
3 13 0
8 26 0
9 11 0
7 16 0
Net_id 35
pin_num 4
30 30 0
23 30 0
24 39 0
23 41 0
Net_id 36
pin_num 4
44 56 0
47 43 0
59 47 0
33 41 0
Net_id 37
pin_num 4
10 19 0
5 25 0
27 25 0
22 24 0
Net_id 38
pin_num 4
36 48 0
43 32 0
54 40 0
9 51 0
Net_id 39
pin_num 4
47 6 0
29 7 0
12 6 0
24 1 0
Net_id 40
pin_num 3
0 12 0
12 30 0
37 28 0
Net_id 41
pin_num 3
11 17 0
11 29 0
25 27 0
Net_id 42
pin_num 3
27 49 0
34 44 0
22 45 0
Net_id 43
pin_num 3
36 33 0
46 33 0
40 49 0
Net_id 44
pin_num 3
36 9 0
43 15 0
15 17 0
Net_id 45
pin_num 3
44 18 0
59 48 0
58 24 0
Net_id 46
pin_num 3
40 56 0
53 33 0
9 57 0
Net_id 47
pin_num 3
55 52 0
48 56 0
55 59 0
Net_id 48
pin_num 3
10 57 0
16 57 0
12 45 0
Net_id 49
pin_num 3
35 55 0
54 43 0
38 56 0
Net_id 50
pin_num 3
52 14 0
40 2 0
12 9 0
Net_id 51
pin_num 3
12 28 0
21 14 0
42 20 0
Net_id 52
pin_num 3
5 14 0
33 10 0
25 12 0
Net_id 53
pin_num 3
32 44 0
21 31 0
13 39 0
Net_id 54
pin_num 3
33 12 0
54 25 0
48 32 0
Net_id 55
pin_num 3
22 22 0
5 21 0
18 5 0
Net_id 56
pin_num 3
21 41 0
25 33 0
3 33 0
Net_id 57
pin_num 3
12 17 0
21 13 0
20 27 0
Net_id 58
pin_num 3
22 13 0
42 14 0
38 28 0
Net_id 59
pin_num 3
55 3 0
49 7 0
55 8 0
Net_id 60
pin_num 3
5 22 0
18 21 0
20 18 0
Net_id 61
pin_num 3
24 35 0
18 35 0
31 34 0
Net_id 62
pin_num 3
34 26 0
12 27 0
2 36 0
Net_id 63
pin_num 3
39 32 0
50 19 0
37 20 0
Net_id 64
pin_num 3
15 4 0
7 3 0
18 1 0
Net_id 65
pin_num 3
20 30 0
32 24 0
27 14 0
Net_id 66
pin_num 3
26 12 0
41 5 0
48 6 0
Net_id 67
pin_num 3
9 38 0
18 26 0
7 30 0
Net_id 68
pin_num 3
33 7 0
40 7 0
48 8 0
Net_id 69
pin_num 3
1 11 0
22 18 0
3 18 0
Net_id 70
pin_num 3
17 26 0
12 12 0
14 50 0
Net_id 71
pin_num 3
30 54 0
45 54 0
33 36 0
Net_id 72
pin_num 3
29 34 0
12 42 0
18 39 0
Net_id 73
pin_num 3
25 5 0
31 2 0
4 3 0
Net_id 74
pin_num 3
33 55 0
24 26 0
39 42 0
Net_id 75
pin_num 3
58 43 0
44 53 0
49 52 0
Net_id 76
pin_num 2
24 49 0
16 58 0
Net_id 77
pin_num 2
55 4 0
32 2 0
Net_id 78
pin_num 2
21 17 0
16 19 0
Net_id 79
pin_num 2
45 27 0
36 39 0
Net_id 80
pin_num 2
48 35 0
39 56 0
Net_id 81
pin_num 2
7 32 0
3 23 0
Net_id 82
pin_num 2
35 8 0
26 2 0
Net_id 83
pin_num 2
29 1 0
12 19 0
Net_id 84
pin_num 2
10 20 0
3 6 0
Net_id 85
pin_num 2
14 52 0
1 57 0
Net_id 86
pin_num 2
49 45 0
38 45 0
Net_id 87
pin_num 2
30 55 0
42 38 0
Net_id 88
pin_num 2
15 53 0
46 42 0
Net_id 89
pin_num 2
43 40 0
16 56 0
Net_id 90
pin_num 2
2 43 0
3 41 0
Net_id 91
pin_num 2
8 50 0
2 42 0
Net_id 92
pin_num 2
27 24 0
37 18 0
Net_id 93
pin_num 2
6 34 0
0 34 0
Net_id 94
pin_num 2
2 41 0
12 34 0
Net_id 95
pin_num 2
24 58 0
42 46 0
Net_id 96
pin_num 2
36 36 0
47 56 0
Net_id 97
pin_num 2
59 5 0
47 1 0
Net_id 98
pin_num 2
43 2 0
54 6 0
Net_id 99
pin_num 2
9 7 0
23 21 0
Net_id 100
pin_num 2
34 46 0
25 42 0
Net_id 101
pin_num 2
25 21 0
31 21 0
Net_id 102
pin_num 2
31 30 0
41 32 0
Net_id 103
pin_num 2
34 5 0
54 22 0
Net_id 104
pin_num 2
41 17 0
28 7 0
Net_id 105
pin_num 2
10 33 0
23 31 0
Net_id 106
pin_num 2
10 35 0
39 44 0
Net_id 107
pin_num 2
1 27 0
6 3 0
Net_id 108
pin_num 2
56 44 0
37 14 0
Net_id 109
pin_num 2
18 44 0
28 36 0
Net_id 110
pin_num 2
33 2 0
46 15 0
Net_id 111
pin_num 2
37 57 0
19 57 0
Net_id 112
pin_num 2
45 14 0
44 8 0
Net_id 113
pin_num 2
23 54 0
5 23 0
Net_id 114
pin_num 2
18 52 0
18 58 0
Net_id 115
pin_num 2
36 21 0
45 0 0
Net_id 116
pin_num 2
52 59 0
58 47 0
Net_id 117
pin_num 2
9 9 0
29 2 0
Net_id 118
pin_num 2
53 43 0
45 31 0
Net_id 119
pin_num 2
23 27 0
25 31 0
Net_id 120
pin_num 2
23 2 0
24 11 0
Net_id 121
pin_num 2
45 40 0
55 40 0
Net_id 122
pin_num 2
53 25 0
43 25 0
Net_id 123
pin_num 2
51 33 0
38 50 0
Net_id 124
pin_num 2
46 8 0
56 32 0
Net_id 125
pin_num 2
54 37 0
54 28 0
Net_id 126
pin_num 2
30 34 0
20 54 0
Net_id 127
pin_num 2
30 7 0
25 39 0
Net_id 128
pin_num 2
29 42 0
48 48 0
Net_id 129
pin_num 2
45 9 0
56 1 0
Net_id 130
pin_num 2
48 54 0
45 59 0
Net_id 131
pin_num 2
33 17 0
41 2 0
Net_id 132
pin_num 2
3 49 0
17 58 0
Net_id 133
pin_num 2
4 55 0
17 54 0
Net_id 134
pin_num 2
51 23 0
53 28 0
Net_id 135
pin_num 2
27 10 0
30 26 0
Net_id 136
pin_num 2
49 34 0
58 54 0
Net_id 137
pin_num 2
59 56 0
51 59 0
Net_id 138
pin_num 2
49 20 0
43 19 0
Net_id 139
pin_num 2
35 28 0
45 1 0
Net_id 140
pin_num 2
19 2 0
23 12 0
Net_id 141
pin_num 2
53 48 0
56 39 0
Net_id 142
pin_num 2
31 19 0
52 21 0
Net_id 143
pin_num 2
23 18 0
38 11 0
Net_id 144
pin_num 2
42 10 0
47 30 0
Net_id 145
pin_num 2
56 48 0
51 51 0
Net_id 146
pin_num 2
41 10 0
34 25 0
Net_id 147
pin_num 2
10 21 0
14 21 0
Net_id 148
pin_num 2
2 15 0
7 13 0
Net_id 149
pin_num 2
8 40 0
0 40 0
Net_id 150
pin_num 2
34 43 0
28 43 0
Net_id 151
pin_num 2
17 52 0
1 58 0
Net_id 152
pin_num 2
44 35 0
41 21 0
Net_id 153
pin_num 2
41 28 0
51 38 0
