Width 60
Height 60
Layer 6
Total_WL 6901
Obstacle_num 144
34 55 0 40 56 0
21 17 0 24 18 0
24 47 0 30 48 0
0 46 0 4 47 0
15 12 0 23 13 0
31 27 0 41 28 0
0 33 0 3 34 0
48 7 0 54 8 0
8 20 0 12 21 0
2 6 0 8 7 0
14 27 0 21 28 0
5 47 0 9 48 0
40 19 0 48 20 0
26 26 0 30 27 0
47 41 0 51 42 0
1 56 0 5 57 0
48 35 0 54 36 0
37 1 0 41 2 0
36 48 0 40 49 0
45 43 0 50 44 0
20 22 0 28 23 0
26 17 0 32 18 0
15 37 0 25 38 0
42 39 0 48 40 0
38 5 1 39 8 1
10 8 1 11 17 1
26 27 1 27 30 1
12 25 1 13 33 1
28 23 1 29 32 1
43 6 1 44 10 1
14 37 1 15 42 1
51 23 1 52 30 1
36 53 1 37 58 1
0 44 1 1 49 1
49 40 1 50 43 1
2 6 1 3 16 1
32 20 1 33 30 1
50 41 1 51 44 1
53 24 1 54 29 1
57 19 1 58 27 1
54 0 1 55 4 1
17 37 1 18 47 1
57 8 1 58 18 1
4 22 1 5 32 1
52 42 1 53 49 1
12 6 1 13 11 1
26 31 1 27 38 1
11 17 1 12 26 1
10 42 2 19 43 2
21 50 2 27 51 2
5 52 2 8 53 2
34 45 2 40 46 2
8 54 2 16 55 2
39 56 2 48 57 2
3 0 2 7 1 2
30 17 2 34 18 2
7 12 2 15 13 2
21 24 2 24 25 2
1 31 2 10 32 2
12 37 2 15 38 2
26 12 2 35 13 2
16 14 2 26 15 2
34 3 2 40 4 2
29 10 2 32 11 2
42 32 2 48 33 2
15 4 2 24 5 2
3 2 2 9 3 2
16 8 2 23 9 2
22 48 2 25 49 2
18 34 2 28 35 2
25 20 2 31 21 2
37 50 2 46 51 2
25 35 3 26 41 3
14 32 3 15 42 3
36 46 3 37 51 3
42 19 3 43 27 3
15 1 3 16 4 3
29 23 3 30 33 3
17 47 3 18 53 3
57 5 3 58 9 3
49 33 3 50 43 3
1 36 3 2 43 3
4 10 3 5 15 3
23 28 3 24 33 3
42 44 3 43 54 3
30 5 3 31 10 3
30 16 3 31 26 3
21 36 3 22 44 3
16 46 3 17 53 3
47 0 3 48 3 3
49 12 3 50 19 3
44 25 3 45 28 3
18 2 3 19 12 3
42 3 3 43 12 3
25 28 3 26 33 3
58 12 3 59 22 3
47 16 4 55 17 4
47 7 4 53 8 4
28 11 4 37 12 4
15 3 4 24 4 4
12 5 4 18 6 4
31 51 4 34 52 4
41 10 4 47 11 4
46 33 4 56 34 4
6 11 4 13 12 4
33 18 4 41 19 4
43 52 4 49 53 4
15 1 4 25 2 4
46 15 4 56 16 4
13 4 4 16 5 4
47 30 4 56 31 4
26 31 4 35 32 4
37 19 4 44 20 4
44 13 4 47 14 4
51 1 4 54 2 4
30 33 4 37 34 4
41 54 4 51 55 4
33 28 4 42 29 4
29 23 4 33 24 4
36 34 4 46 35 4
36 48 5 37 52 5
16 33 5 17 39 5
11 29 5 12 33 5
49 8 5 50 18 5
17 51 5 18 55 5
39 47 5 40 53 5
29 46 5 30 51 5
50 2 5 51 5 5
5 19 5 6 22 5
55 30 5 56 34 5
19 41 5 20 47 5
8 21 5 9 29 5
21 26 5 22 36 5
10 24 5 11 28 5
19 18 5 20 25 5
22 0 5 23 10 5
26 20 5 27 30 5
8 55 5 9 59 5
38 25 5 39 29 5
16 24 5 17 32 5
4 26 5 5 29 5
58 2 5 59 10 5
14 28 5 15 35 5
0 26 5 1 30 5
Net_num 159
Net_id 0
pin_num 5
7 58 0
14 57 0
0 59 0
1 59 0
11 49 0
Net_id 1
pin_num 5
30 15 0
20 9 0
23 23 0
36 18 0
25 5 0
Net_id 2
pin_num 5
0 14 0
4 17 0
3 18 0
1 28 0
0 3 0
Net_id 3
pin_num 5
7 31 0
2 42 0
1 13 0
0 18 0
21 28 0
Net_id 4
pin_num 5
7 50 0
1 43 0
2 48 0
18 51 0
5 56 0
Net_id 5
pin_num 5
26 28 0
27 28 0
23 50 0
44 28 0
44 30 0
Net_id 6
pin_num 5
34 20 0
38 20 0
35 19 0
55 19 0
44 0 0
Net_id 7
pin_num 5
42 46 0
48 32 0
33 34 0
54 34 0
44 29 0
Net_id 8
pin_num 5
19 17 0
5 20 0
1 29 0
0 19 0
18 2 0
Net_id 9
pin_num 5
26 54 0
13 58 0
35 53 0
10 59 0
1 30 0
Net_id 10
pin_num 5
4 33 0
5 26 0
11 24 0
0 15 0
13 19 0
Net_id 11
pin_num 5
54 59 0
48 56 0
53 39 0
34 59 0
53 42 0
Net_id 12
pin_num 5
4 20 0
1 11 0
2 25 0
0 4 0
2 1 0
Net_id 13
pin_num 5
0 51 0
3 48 0
12 49 0
12 55 0
11 52 0
Net_id 14
pin_num 5
29 10 0
24 9 0
32 9 0
36 0 0
22 5 0
Net_id 15
pin_num 5
15 38 0
15 28 0
35 33 0
36 33 0
2 29 0
Net_id 16
pin_num 5
46 15 0
59 17 0
35 15 0
53 10 0
52 22 0
Net_id 17
pin_num 5
36 25 0
42 23 0
42 43 0
47 38 0
59 39 0
Net_id 18
pin_num 5
40 20 0
36 34 0
43 40 0
40 8 0
20 29 0
Net_id 19
pin_num 5
42 34 0
38 36 0
47 40 0
41 27 0
58 37 0
Net_id 20
pin_num 4
42 57 0
31 52 0
51 58 0
59 49 0
Net_id 21
pin_num 4
1 34 0
5 39 0
5 48 0
9 41 0
Net_id 22
pin_num 4
24 5 0
20 2 0
13 4 0
10 0 0
Net_id 23
pin_num 4
19 0 0
10 1 0
33 1 0
44 5 0
Net_id 24
pin_num 4
39 0 0
32 11 0
59 2 0
50 1 0
Net_id 25
pin_num 4
15 15 0
1 10 0
4 0 0
7 7 0
Net_id 26
pin_num 4
48 20 0
50 17 0
58 17 0
56 28 0
Net_id 27
pin_num 4
32 46 0
36 50 0
11 48 0
28 59 0
Net_id 28
pin_num 4
59 24 0
50 24 0
54 7 0
53 18 0
Net_id 29
pin_num 4
53 43 0
54 54 0
57 54 0
48 57 0
Net_id 30
pin_num 4
21 11 0
29 8 0
17 9 0
27 16 0
Net_id 31
pin_num 4
3 40 0
13 26 0
7 54 0
6 28 0
Net_id 32
pin_num 4
39 14 0
30 14 0
37 23 0
28 16 0
Net_id 33
pin_num 4
22 52 0
21 52 0
15 59 0
19 50 0
Net_id 34
pin_num 4
2 58 0
7 56 0
25 58 0
2 52 0
Net_id 35
pin_num 4
53 19 0
45 9 0
45 28 0
55 20 0
Net_id 36
pin_num 4
40 39 0
27 40 0
22 35 0
31 23 0
Net_id 37
pin_num 4
51 56 0
59 48 0
33 59 0
49 54 0
Net_id 38
pin_num 4
10 56 0
4 45 0
1 48 0
12 56 0
Net_id 39
pin_num 4
55 6 0
57 4 0
55 9 0
45 3 0
Net_id 40
pin_num 3
32 3 0
24 7 0
4 1 0
Net_id 41
pin_num 3
52 48 0
43 49 0
40 52 0
Net_id 42
pin_num 3
47 6 0
58 0 0
59 31 0
Net_id 43
pin_num 3
31 51 0
28 44 0
40 58 0
Net_id 44
pin_num 3
15 16 0
28 3 0
17 31 0
Net_id 45
pin_num 3
53 37 0
35 48 0
59 23 0
Net_id 46
pin_num 3
4 46 0
15 58 0
15 26 0
Net_id 47
pin_num 3
51 29 0
50 22 0
45 33 0
Net_id 48
pin_num 3
43 31 0
32 19 0
44 24 0
Net_id 49
pin_num 3
21 57 0
18 55 0
20 52 0
Net_id 50
pin_num 3
52 33 0
59 40 0
57 18 0
Net_id 51
pin_num 3
43 20 0
38 23 0
33 8 0
Net_id 52
pin_num 3
22 18 0
11 14 0
20 17 0
Net_id 53
pin_num 3
27 34 0
38 39 0
7 39 0
Net_id 54
pin_num 3
52 36 0
59 45 0
51 45 0
Net_id 55
pin_num 3
27 53 0
35 51 0
18 58 0
Net_id 56
pin_num 3
44 4 0
58 7 0
53 3 0
Net_id 57
pin_num 3
12 46 0
19 25 0
6 25 0
Net_id 58
pin_num 3
59 36 0
47 22 0
58 8 0
Net_id 59
pin_num 3
35 3 0
40 4 0
9 0 0
Net_id 60
pin_num 3
54 40 0
58 34 0
56 51 0
Net_id 61
pin_num 3
9 33 0
0 13 0
10 6 0
Net_id 62
pin_num 3
25 38 0
33 41 0
28 41 0
Net_id 63
pin_num 3
29 46 0
48 31 0
58 23 0
Net_id 64
pin_num 3
6 29 0
1 26 0
19 30 0
Net_id 65
pin_num 3
38 46 0
46 27 0
59 37 0
Net_id 66
pin_num 3
25 23 0
26 43 0
38 10 0
Net_id 67
pin_num 3
36 11 0
55 23 0
45 8 0
Net_id 68
pin_num 3
0 6 0
9 13 0
14 5 0
Net_id 69
pin_num 3
21 32 0
14 30 0
10 52 0
Net_id 70
pin_num 3
44 40 0
30 27 0
23 2 0
Net_id 71
pin_num 3
21 50 0
9 55 0
37 56 0
Net_id 72
pin_num 3
21 14 0
28 8 0
26 3 0
Net_id 73
pin_num 3
31 20 0
23 20 0
58 14 0
Net_id 74
pin_num 3
17 3 0
5 16 0
6 12 0
Net_id 75
pin_num 3
40 32 0
48 23 0
52 28 0
Net_id 76
pin_num 3
33 43 0
41 42 0
24 58 0
Net_id 77
pin_num 3
12 59 0
18 46 0
39 49 0
Net_id 78
pin_num 3
0 30 0
9 22 0
3 34 0
Net_id 79
pin_num 2
43 54 0
50 58 0
Net_id 80
pin_num 2
29 37 0
40 47 0
Net_id 81
pin_num 2
25 6 0
41 1 0
Net_id 82
pin_num 2
14 34 0
12 35 0
Net_id 83
pin_num 2
17 14 0
3 30 0
Net_id 84
pin_num 2
19 51 0
30 43 0
Net_id 85
pin_num 2
13 40 0
33 32 0
Net_id 86
pin_num 2
46 14 0
32 6 0
Net_id 87
pin_num 2
52 25 0
32 41 0
Net_id 88
pin_num 2
14 20 0
2 2 0
Net_id 89
pin_num 2
9 45 0
18 43 0
Net_id 90
pin_num 2
34 6 0
58 10 0
Net_id 91
pin_num 2
19 46 0
29 59 0
Net_id 92
pin_num 2
6 44 0
17 32 0
Net_id 93
pin_num 2
46 5 0
52 12 0
Net_id 94
pin_num 2
58 26 0
44 18 0
Net_id 95
pin_num 2
18 36 0
7 21 0
Net_id 96
pin_num 2
55 28 0
48 12 0
Net_id 97
pin_num 2
51 30 0
43 51 0
Net_id 98
pin_num 2
57 9 0
51 21 0
Net_id 99
pin_num 2
29 11 0
35 12 0
Net_id 100
pin_num 2
3 39 0
12 33 0
Net_id 101
pin_num 2
1 37 0
14 49 0
Net_id 102
pin_num 2
58 43 0
57 46 0
Net_id 103
pin_num 2
59 1 0
43 21 0
Net_id 104
pin_num 2
25 25 0
12 40 0
Net_id 105
pin_num 2
0 9 0
15 19 0
Net_id 106
pin_num 2
48 13 0
56 10 0
Net_id 107
pin_num 2
38 37 0
57 52 0
Net_id 108
pin_num 2
27 39 0
30 59 0
Net_id 109
pin_num 2
42 45 0
39 42 0
Net_id 110
pin_num 2
18 5 0
38 22 0
Net_id 111
pin_num 2
31 41 0
23 26 0
Net_id 112
pin_num 2
42 11 0
38 4 0
Net_id 113
pin_num 2
38 50 0
49 53 0
Net_id 114
pin_num 2
43 5 0
29 5 0
Net_id 115
pin_num 2
51 47 0
59 38 0
Net_id 116
pin_num 2
31 31 0
27 32 0
Net_id 117
pin_num 2
17 58 0
4 39 0
Net_id 118
pin_num 2
36 9 0
45 5 0
Net_id 119
pin_num 2
6 37 0
27 42 0
Net_id 120
pin_num 2
1 54 0
14 45 0
Net_id 121
pin_num 2
30 24 0
40 38 0
Net_id 122
pin_num 2
4 4 0
6 2 0
Net_id 123
pin_num 2
55 51 0
44 43 0
Net_id 124
pin_num 2
7 55 0
10 35 0
Net_id 125
pin_num 2
50 39 0
48 45 0
Net_id 126
pin_num 2
59 42 0
55 41 0
Net_id 127
pin_num 2
5 8 0
1 4 0
Net_id 128
pin_num 2
59 33 0
52 14 0
Net_id 129
pin_num 2
23 39 0
6 48 0
Net_id 130
pin_num 2
42 55 0
31 55 0
Net_id 131
pin_num 2
52 21 0
59 0 0
Net_id 132
pin_num 2
11 4 0
9 2 0
Net_id 133
pin_num 2
40 26 0
45 40 0
Net_id 134
pin_num 2
36 39 0
30 37 0
Net_id 135
pin_num 2
2 47 0
13 53 0
Net_id 136
pin_num 2
18 15 0
14 2 0
Net_id 137
pin_num 2
34 19 0
34 16 0
Net_id 138
pin_num 2
19 26 0
27 27 0
Net_id 139
pin_num 2
24 24 0
40 33 0
Net_id 140
pin_num 2
5 14 0
8 27 0
Net_id 141
pin_num 2
42 17 0
28 32 0
Net_id 142
pin_num 2
33 45 0
30 42 0
Net_id 143
pin_num 2
29 24 0
27 19 0
Net_id 144
pin_num 2
9 39 0
20 24 0
Net_id 145
pin_num 2
47 8 0
55 16 0
Net_id 146
pin_num 2
12 38 0
8 38 0
Net_id 147
pin_num 2
24 49 0
37 54 0
Net_id 148
pin_num 2
39 8 0
26 23 0
Net_id 149
pin_num 2
33 21 0
19 8 0
Net_id 150
pin_num 2
40 17 0
32 8 0
Net_id 151
pin_num 2
15 55 0
32 57 0
Net_id 152
pin_num 2
43 56 0
23 58 0
Net_id 153
pin_num 2
59 35 0
55 29 0
Net_id 154
pin_num 2
43 58 0
34 26 0
Net_id 155
pin_num 2
25 13 0
31 13 0
Net_id 156
pin_num 2
14 55 0
12 44 0
Net_id 157
pin_num 2
30 44 0
41 44 0
Net_id 158
pin_num 2
49 3 0
47 12 0
