Width 60
Height 60
Layer 6
Total_WL 7522
Obstacle_num 144
47 22 0 55 23 0
37 24 0 41 25 0
36 56 0 40 57 0
18 35 0 26 36 0
46 13 0 56 14 0
30 1 0 38 2 0
23 8 0 29 9 0
30 14 0 34 15 0
51 45 0 58 46 0
53 31 0 56 32 0
13 11 0 16 12 0
54 29 0 59 30 0
3 14 0 7 15 0
32 57 0 41 58 0
1 40 0 9 41 0
1 19 0 5 20 0
26 16 0 36 17 0
53 1 0 59 2 0
25 22 0 33 23 0
19 21 0 28 22 0
26 9 0 34 10 0
37 3 0 47 4 0
17 15 0 21 16 0
12 14 0 17 15 0
41 22 1 42 25 1
20 14 1 21 18 1
22 38 1 23 47 1
19 48 1 20 55 1
48 29 1 49 32 1
36 1 1 37 5 1
46 5 1 47 10 1
38 18 1 39 23 1
25 25 1 26 34 1
49 35 1 50 42 1
58 2 1 59 7 1
15 16 1 16 23 1
19 37 1 20 43 1
18 46 1 19 55 1
51 44 1 52 50 1
40 12 1 41 18 1
36 31 1 37 36 1
37 25 1 38 28 1
50 7 1 51 14 1
36 16 1 37 23 1
42 7 1 43 13 1
1 12 1 2 15 1
3 32 1 4 39 1
0 19 1 1 25 1
55 35 2 59 36 2
29 34 2 39 35 2
53 16 2 59 17 2
8 51 2 18 52 2
9 12 2 13 13 2
47 18 2 52 19 2
18 1 2 24 2 2
17 37 2 22 38 2
2 10 2 9 11 2
29 41 2 34 42 2
35 40 2 38 41 2
6 48 2 12 49 2
6 53 2 10 54 2
16 18 2 23 19 2
37 47 2 42 48 2
23 51 2 26 52 2
29 8 2 36 9 2
6 34 2 16 35 2
3 22 2 6 23 2
5 41 2 9 42 2
14 12 2 20 13 2
41 0 2 51 1 2
34 15 2 42 16 2
48 57 2 57 58 2
31 14 3 32 24 3
36 33 3 37 43 3
42 5 3 43 9 3
53 9 3 54 17 3
36 8 3 37 11 3
23 4 3 24 8 3
18 35 3 19 42 3
58 7 3 59 12 3
41 1 3 42 9 3
33 44 3 34 50 3
51 7 3 52 11 3
41 10 3 42 19 3
50 5 3 51 9 3
46 49 3 47 54 3
17 26 3 18 34 3
48 41 3 49 49 3
13 48 3 14 52 3
5 14 3 6 22 3
2 0 3 3 3 3
8 39 3 9 42 3
45 6 3 46 11 3
37 12 3 38 21 3
2 51 3 3 57 3
52 42 3 53 52 3
42 15 4 48 16 4
21 14 4 27 15 4
24 20 4 34 21 4
5 10 4 12 11 4
52 36 4 56 37 4
39 16 4 43 17 4
15 3 4 18 4 4
44 49 4 53 50 4
40 40 4 49 41 4
21 51 4 29 52 4
30 14 4 34 15 4
52 51 4 57 52 4
38 53 4 41 54 4
35 46 4 39 47 4
10 13 4 18 14 4
22 32 4 29 33 4
38 34 4 44 35 4
33 50 4 42 51 4
8 47 4 17 48 4
21 46 4 26 47 4
43 39 4 52 40 4
48 18 4 53 19 4
17 18 4 22 19 4
5 57 4 8 58 4
45 21 5 46 25 5
43 1 5 44 6 5
36 19 5 37 24 5
17 19 5 18 27 5
2 16 5 3 19 5
18 2 5 19 11 5
25 37 5 26 47 5
13 34 5 14 44 5
30 0 5 31 10 5
16 7 5 17 15 5
38 22 5 39 30 5
36 51 5 37 58 5
56 1 5 57 5 5
43 37 5 44 41 5
27 18 5 28 22 5
3 41 5 4 51 5
51 5 5 52 11 5
26 22 5 27 29 5
44 44 5 45 51 5
21 8 5 22 15 5
40 38 5 41 42 5
4 45 5 5 52 5
44 51 5 45 57 5
28 4 5 29 8 5
Net_num 161
Net_id 0
pin_num 5
0 15 0
10 15 0
15 23 0
1 32 0
7 23 0
Net_id 1
pin_num 5
49 3 0
44 9 0
59 2 0
49 8 0
59 12 0
Net_id 2
pin_num 5
19 50 0
29 47 0
25 34 0
9 48 0
45 35 0
Net_id 3
pin_num 5
12 13 0
30 15 0
18 32 0
15 25 0
12 27 0
Net_id 4
pin_num 5
0 3 0
17 3 0
8 19 0
3 0 0
21 3 0
Net_id 5
pin_num 5
29 42 0
31 35 0
39 42 0
34 56 0
12 43 0
Net_id 6
pin_num 5
45 4 0
53 2 0
52 27 0
35 5 0
39 8 0
Net_id 7
pin_num 5
33 46 0
50 50 0
42 59 0
49 25 0
49 34 0
Net_id 8
pin_num 5
13 41 0
0 42 0
2 52 0
0 54 0
2 53 0
Net_id 9
pin_num 5
16 29 0
18 21 0
2 23 0
14 16 0
7 22 0
Net_id 10
pin_num 5
12 37 0
7 47 0
7 59 0
7 33 0
0 55 0
Net_id 11
pin_num 5
0 25 0
11 32 0
24 22 0
24 29 0
6 23 0
Net_id 12
pin_num 5
30 35 0
26 32 0
39 34 0
41 38 0
28 17 0
Net_id 13
pin_num 5
5 35 0
0 28 0
0 40 0
16 35 0
19 28 0
Net_id 14
pin_num 5
16 20 0
17 34 0
39 27 0
28 46 0
33 32 0
Net_id 15
pin_num 5
59 15 0
47 21 0
53 10 0
59 30 0
34 15 0
Net_id 16
pin_num 5
7 38 0
0 38 0
0 59 0
14 46 0
5 23 0
Net_id 17
pin_num 5
22 15 0
29 17 0
22 0 0
53 17 0
38 0 0
Net_id 18
pin_num 5
20 59 0
4 54 0
6 55 0
4 34 0
11 45 0
Net_id 19
pin_num 5
45 47 0
41 47 0
44 34 0
26 42 0
59 38 0
Net_id 20
pin_num 5
43 34 0
39 37 0
39 58 0
43 27 0
36 43 0
Net_id 21
pin_num 4
40 19 0
27 19 0
52 19 0
23 14 0
Net_id 22
pin_num 4
9 34 0
20 42 0
16 39 0
12 49 0
Net_id 23
pin_num 4
53 41 0
47 42 0
59 41 0
56 22 0
Net_id 24
pin_num 4
48 34 0
45 24 0
47 24 0
59 34 0
Net_id 25
pin_num 4
11 36 0
4 36 0
5 54 0
24 50 0
Net_id 26
pin_num 4
25 53 0
27 41 0
41 45 0
35 50 0
Net_id 27
pin_num 4
10 27 0
6 37 0
11 30 0
9 55 0
Net_id 28
pin_num 4
35 28 0
42 32 0
25 28 0
59 28 0
Net_id 29
pin_num 4
3 29 0
1 34 0
3 43 0
0 58 0
Net_id 30
pin_num 4
45 57 0
55 49 0
41 59 0
34 59 0
Net_id 31
pin_num 4
49 53 0
58 49 0
59 50 0
57 59 0
Net_id 32
pin_num 4
56 25 0
58 21 0
58 45 0
59 45 0
Net_id 33
pin_num 4
27 42 0
35 54 0
40 36 0
36 59 0
Net_id 34
pin_num 4
45 20 0
45 8 0
46 25 0
46 10 0
Net_id 35
pin_num 4
2 9 0
11 0 0
4 31 0
6 24 0
Net_id 36
pin_num 4
7 16 0
0 14 0
9 0 0
1 2 0
Net_id 37
pin_num 4
33 33 0
38 27 0
1 16 0
6 22 0
Net_id 38
pin_num 4
27 32 0
24 40 0
8 32 0
28 0 0
Net_id 39
pin_num 4
59 31 0
46 39 0
57 55 0
32 26 0
Net_id 40
pin_num 3
58 51 0
51 33 0
59 54 0
Net_id 41
pin_num 3
25 0 0
29 26 0
40 8 0
Net_id 42
pin_num 3
0 57 0
23 45 0
14 26 0
Net_id 43
pin_num 3
8 53 0
3 42 0
7 58 0
Net_id 44
pin_num 3
15 40 0
22 40 0
7 44 0
Net_id 45
pin_num 3
7 53 0
3 52 0
14 56 0
Net_id 46
pin_num 3
28 58 0
34 37 0
33 38 0
Net_id 47
pin_num 3
4 49 0
17 58 0
43 57 0
Net_id 48
pin_num 3
26 30 0
38 16 0
46 30 0
Net_id 49
pin_num 3
2 22 0
13 12 0
21 10 0
Net_id 50
pin_num 3
15 3 0
2 24 0
17 20 0
Net_id 51
pin_num 3
41 48 0
55 39 0
59 39 0
Net_id 52
pin_num 3
23 31 0
41 43 0
6 43 0
Net_id 53
pin_num 3
23 26 0
18 6 0
10 0 0
Net_id 54
pin_num 3
8 13 0
0 26 0
22 10 0
Net_id 55
pin_num 3
27 46 0
17 41 0
38 59 0
Net_id 56
pin_num 3
57 43 0
53 42 0
48 44 0
Net_id 57
pin_num 3
57 37 0
51 30 0
56 59 0
Net_id 58
pin_num 3
49 27 0
47 36 0
43 9 0
Net_id 59
pin_num 3
57 38 0
51 16 0
34 29 0
Net_id 60
pin_num 3
48 29 0
54 26 0
55 37 0
Net_id 61
pin_num 3
22 29 0
19 31 0
21 7 0
Net_id 62
pin_num 3
21 53 0
14 53 0
25 59 0
Net_id 63
pin_num 3
59 14 0
56 17 0
49 14 0
Net_id 64
pin_num 3
39 38 0
53 26 0
52 1 0
Net_id 65
pin_num 3
54 12 0
59 55 0
40 0 0
Net_id 66
pin_num 3
41 32 0
32 44 0
14 30 0
Net_id 67
pin_num 3
55 52 0
51 58 0
49 52 0
Net_id 68
pin_num 3
42 54 0
42 49 0
23 28 0
Net_id 69
pin_num 3
58 54 0
46 42 0
11 57 0
Net_id 70
pin_num 3
50 34 0
47 44 0
59 49 0
Net_id 71
pin_num 3
44 7 0
56 0 0
26 3 0
Net_id 72
pin_num 3
53 48 0
56 40 0
25 41 0
Net_id 73
pin_num 3
39 31 0
22 31 0
23 42 0
Net_id 74
pin_num 3
10 17 0
16 17 0
27 17 0
Net_id 75
pin_num 3
23 25 0
24 37 0
13 45 0
Net_id 76
pin_num 3
32 12 0
57 0 0
32 11 0
Net_id 77
pin_num 3
24 3 0
21 0 0
21 31 0
Net_id 78
pin_num 3
18 25 0
26 19 0
22 47 0
Net_id 79
pin_num 3
7 11 0
24 1 0
18 18 0
Net_id 80
pin_num 3
17 16 0
30 29 0
23 34 0
Net_id 81
pin_num 3
52 33 0
58 33 0
31 29 0
Net_id 82
pin_num 2
41 11 0
59 1 0
Net_id 83
pin_num 2
41 46 0
37 55 0
Net_id 84
pin_num 2
50 30 0
25 16 0
Net_id 85
pin_num 2
45 10 0
24 11 0
Net_id 86
pin_num 2
31 20 0
15 31 0
Net_id 87
pin_num 2
1 18 0
12 20 0
Net_id 88
pin_num 2
6 33 0
3 47 0
Net_id 89
pin_num 2
24 58 0
31 48 0
Net_id 90
pin_num 2
43 33 0
24 19 0
Net_id 91
pin_num 2
37 11 0
43 35 0
Net_id 92
pin_num 2
14 27 0
15 38 0
Net_id 93
pin_num 2
15 47 0
31 59 0
Net_id 94
pin_num 2
8 12 0
12 2 0
Net_id 95
pin_num 2
23 20 0
8 38 0
Net_id 96
pin_num 2
13 46 0
5 46 0
Net_id 97
pin_num 2
52 48 0
30 26 0
Net_id 98
pin_num 2
13 1 0
7 9 0
Net_id 99
pin_num 2
19 7 0
28 12 0
Net_id 100
pin_num 2
12 42 0
19 55 0
Net_id 101
pin_num 2
1 59 0
6 56 0
Net_id 102
pin_num 2
2 58 0
7 55 0
Net_id 103
pin_num 2
47 23 0
39 18 0
Net_id 104
pin_num 2
15 45 0
23 36 0
Net_id 105
pin_num 2
12 19 0
19 44 0
Net_id 106
pin_num 2
34 2 0
40 2 0
Net_id 107
pin_num 2
25 20 0
35 6 0
Net_id 108
pin_num 2
33 55 0
26 54 0
Net_id 109
pin_num 2
53 51 0
35 58 0
Net_id 110
pin_num 2
48 21 0
54 21 0
Net_id 111
pin_num 2
58 36 0
52 34 0
Net_id 112
pin_num 2
6 2 0
2 12 0
Net_id 113
pin_num 2
57 32 0
42 18 0
Net_id 114
pin_num 2
41 9 0
19 0 0
Net_id 115
pin_num 2
48 54 0
52 54 0
Net_id 116
pin_num 2
10 58 0
13 52 0
Net_id 117
pin_num 2
43 36 0
59 46 0
Net_id 118
pin_num 2
11 38 0
29 44 0
Net_id 119
pin_num 2
13 55 0
14 52 0
Net_id 120
pin_num 2
56 24 0
19 32 0
Net_id 121
pin_num 2
49 18 0
55 26 0
Net_id 122
pin_num 2
46 37 0
28 48 0
Net_id 123
pin_num 2
42 5 0
58 0 0
Net_id 124
pin_num 2
48 2 0
51 7 0
Net_id 125
pin_num 2
16 30 0
35 24 0
Net_id 126
pin_num 2
56 51 0
50 58 0
Net_id 127
pin_num 2
4 28 0
21 42 0
Net_id 128
pin_num 2
37 37 0
56 21 0
Net_id 129
pin_num 2
44 27 0
58 34 0
Net_id 130
pin_num 2
56 18 0
42 27 0
Net_id 131
pin_num 2
22 27 0
10 42 0
Net_id 132
pin_num 2
30 7 0
13 15 0
Net_id 133
pin_num 2
39 20 0
53 23 0
Net_id 134
pin_num 2
49 33 0
55 30 0
Net_id 135
pin_num 2
32 37 0
29 24 0
Net_id 136
pin_num 2
21 39 0
35 47 0
Net_id 137
pin_num 2
26 26 0
14 29 0
Net_id 138
pin_num 2
57 9 0
53 18 0
Net_id 139
pin_num 2
43 20 0
27 29 0
Net_id 140
pin_num 2
16 41 0
14 39 0
Net_id 141
pin_num 2
56 16 0
46 1 0
Net_id 142
pin_num 2
34 45 0
15 24 0
Net_id 143
pin_num 2
49 12 0
57 13 0
Net_id 144
pin_num 2
22 22 0
28 14 0
Net_id 145
pin_num 2
20 34 0
3 49 0
Net_id 146
pin_num 2
15 1 0
29 4 0
Net_id 147
pin_num 2
26 13 0
37 13 0
Net_id 148
pin_num 2
13 32 0
16 11 0
Net_id 149
pin_num 2
29 12 0
33 22 0
Net_id 150
pin_num 2
54 37 0
38 44 0
Net_id 151
pin_num 2
3 30 0
3 24 0
Net_id 152
pin_num 2
44 25 0
30 21 0
Net_id 153
pin_num 2
29 57 0
21 44 0
Net_id 154
pin_num 2
27 1 0
39 0 0
Net_id 155
pin_num 2
29 14 0
45 2 0
Net_id 156
pin_num 2
36 22 0
33 7 0
Net_id 157
pin_num 2
7 5 0
8 24 0
Net_id 158
pin_num 2
51 48 0
32 29 0
Net_id 159
pin_num 2
55 59 0
50 42 0
Net_id 160
pin_num 2
22 52 0
29 49 0
