Width 60
Height 60
Layer 6
Total_WL 6850
Obstacle_num 144
25 2 0 33 3 0
22 50 0 30 51 0
26 45 0 31 46 0
21 25 0 28 26 0
14 56 0 17 57 0
13 16 0 20 17 0
35 36 0 45 37 0
27 21 0 34 22 0
27 57 0 30 58 0
12 8 0 22 9 0
21 9 0 28 10 0
5 24 0 10 25 0
30 39 0 35 40 0
7 6 0 11 7 0
44 28 0 47 29 0
5 17 0 13 18 0
18 3 0 27 4 0
43 6 0 52 7 0
23 38 0 33 39 0
40 55 0 44 56 0
20 37 0 30 38 0
6 9 0 12 10 0
41 37 0 45 38 0
18 41 0 22 42 0
55 17 1 56 26 1
21 0 1 22 10 1
55 46 1 56 52 1
47 44 1 48 52 1
44 30 1 45 40 1
14 9 1 15 14 1
1 28 1 2 32 1
53 49 1 54 52 1
29 24 1 30 31 1
13 18 1 14 23 1
5 39 1 6 42 1
16 25 1 17 35 1
31 22 1 32 27 1
17 21 1 18 30 1
33 49 1 34 54 1
35 16 1 36 26 1
54 49 1 55 59 1
10 20 1 11 26 1
0 26 1 1 34 1
9 7 1 10 11 1
57 14 1 58 23 1
26 19 1 27 25 1
37 44 1 38 51 1
41 18 1 42 25 1
21 25 2 29 26 2
33 37 2 39 38 2
17 23 2 26 24 2
30 5 2 38 6 2
13 12 2 16 13 2
50 17 2 58 18 2
49 48 2 56 49 2
19 19 2 27 20 2
43 31 2 49 32 2
14 40 2 20 41 2
11 51 2 18 52 2
39 10 2 47 11 2
25 16 2 32 17 2
30 6 2 39 7 2
21 3 2 27 4 2
38 9 2 47 10 2
30 20 2 36 21 2
0 31 2 7 32 2
0 16 2 3 17 2
29 44 2 39 45 2
21 45 2 30 46 2
54 10 2 59 11 2
15 42 2 18 43 2
45 58 2 52 59 2
39 17 3 40 27 3
46 47 3 47 50 3
41 15 3 42 20 3
2 34 3 3 38 3
42 21 3 43 29 3
1 25 3 2 35 3
40 26 3 41 30 3
14 44 3 15 51 3
0 39 3 1 43 3
14 20 3 15 27 3
4 48 3 5 58 3
24 45 3 25 51 3
28 8 3 29 17 3
30 49 3 31 56 3
3 32 3 4 42 3
54 10 3 55 20 3
32 0 3 33 6 3
10 20 3 11 25 3
9 10 3 10 16 3
54 29 3 55 34 3
44 51 3 45 56 3
45 0 3 46 10 3
0 28 3 1 31 3
52 41 3 53 49 3
34 28 4 44 29 4
29 26 4 38 27 4
28 39 4 32 40 4
51 53 4 54 54 4
25 49 4 35 50 4
17 9 4 23 10 4
51 57 4 57 58 4
8 25 4 16 26 4
34 8 4 44 9 4
41 58 4 45 59 4
1 34 4 10 35 4
22 0 4 30 1 4
22 57 4 31 58 4
10 13 4 18 14 4
13 17 4 17 18 4
46 21 4 51 22 4
28 41 4 38 42 4
17 3 4 26 4 4
28 52 4 33 53 4
49 48 4 55 49 4
24 11 4 34 12 4
4 36 4 9 37 4
2 40 4 9 41 4
36 33 4 40 34 4
56 6 5 57 15 5
47 50 5 48 57 5
38 44 5 39 49 5
19 37 5 20 42 5
53 25 5 54 35 5
49 21 5 50 29 5
18 28 5 19 35 5
36 43 5 37 48 5
27 19 5 28 27 5
23 37 5 24 44 5
41 3 5 42 7 5
9 7 5 10 11 5
0 7 5 1 17 5
16 27 5 17 33 5
18 51 5 19 54 5
20 51 5 21 56 5
34 54 5 35 57 5
56 27 5 57 31 5
24 21 5 25 28 5
32 34 5 33 44 5
3 7 5 4 14 5
6 55 5 7 58 5
27 6 5 28 10 5
48 27 5 49 37 5
Net_num 163
Net_id 0
pin_num 5
15 32 0
5 27 0
35 27 0
10 44 0
6 44 0
Net_id 1
pin_num 5
2 59 0
16 52 0
0 43 0
21 56 0
19 59 0
Net_id 2
pin_num 5
45 59 0
36 49 0
44 46 0
57 59 0
50 54 0
Net_id 3
pin_num 5
33 16 0
54 16 0
59 28 0
54 22 0
49 0 0
Net_id 4
pin_num 5
57 37 0
56 49 0
59 41 0
58 58 0
59 46 0
Net_id 5
pin_num 5
49 29 0
56 32 0
53 38 0
56 33 0
57 51 0
Net_id 6
pin_num 5
18 7 0
31 0 0
22 26 0
24 24 0
20 0 0
Net_id 7
pin_num 5
7 7 0
15 6 0
19 6 0
18 24 0
34 21 0
Net_id 8
pin_num 5
55 26 0
58 12 0
48 17 0
59 15 0
38 23 0
Net_id 9
pin_num 5
28 27 0
23 26 0
24 39 0
25 11 0
34 23 0
Net_id 10
pin_num 5
36 13 0
27 24 0
41 20 0
40 12 0
12 21 0
Net_id 11
pin_num 5
7 10 0
2 1 0
16 2 0
7 0 0
0 5 0
Net_id 12
pin_num 5
12 19 0
12 16 0
12 26 0
3 17 0
3 0 0
Net_id 13
pin_num 5
23 32 0
37 39 0
59 38 0
46 34 0
22 32 0
Net_id 14
pin_num 5
22 54 0
24 59 0
9 54 0
13 58 0
21 51 0
Net_id 15
pin_num 5
45 36 0
50 28 0
35 59 0
59 47 0
34 34 0
Net_id 16
pin_num 5
51 54 0
51 59 0
31 57 0
42 54 0
45 52 0
Net_id 17
pin_num 5
50 45 0
59 54 0
55 33 0
47 40 0
33 40 0
Net_id 18
pin_num 5
53 16 0
47 26 0
34 18 0
49 27 0
59 14 0
Net_id 19
pin_num 5
38 25 0
43 21 0
40 43 0
28 39 0
35 39 0
Net_id 20
pin_num 5
51 49 0
54 47 0
59 58 0
51 52 0
53 37 0
Net_id 21
pin_num 4
15 37 0
11 31 0
14 55 0
23 47 0
Net_id 22
pin_num 4
56 25 0
58 31 0
57 43 0
56 21 0
Net_id 23
pin_num 4
25 26 0
33 26 0
30 20 0
50 22 0
Net_id 24
pin_num 4
46 45 0
41 46 0
34 38 0
55 42 0
Net_id 25
pin_num 4
15 9 0
30 12 0
17 30 0
33 11 0
Net_id 26
pin_num 4
31 16 0
39 19 0
37 38 0
32 1 0
Net_id 27
pin_num 4
39 37 0
36 26 0
48 36 0
59 30 0
Net_id 28
pin_num 4
14 50 0
6 58 0
14 59 0
12 43 0
Net_id 29
pin_num 4
45 12 0
35 29 0
20 17 0
25 30 0
Net_id 30
pin_num 4
38 52 0
31 56 0
31 40 0
12 49 0
Net_id 31
pin_num 4
48 30 0
51 26 0
41 29 0
53 23 0
Net_id 32
pin_num 4
44 54 0
40 45 0
59 55 0
45 33 0
Net_id 33
pin_num 4
4 18 0
6 25 0
12 25 0
11 22 0
Net_id 34
pin_num 4
34 36 0
27 46 0
43 44 0
18 38 0
Net_id 35
pin_num 4
53 51 0
45 50 0
45 38 0
32 41 0
Net_id 36
pin_num 4
6 50 0
12 55 0
15 53 0
21 55 0
Net_id 37
pin_num 4
0 1 0
1 19 0
17 7 0
6 5 0
Net_id 38
pin_num 4
32 7 0
42 14 0
34 0 0
38 17 0
Net_id 39
pin_num 4
59 4 0
57 12 0
56 13 0
47 5 0
Net_id 40
pin_num 4
6 28 0
19 22 0
2 27 0
20 18 0
Net_id 41
pin_num 3
8 23 0
15 43 0
47 41 0
Net_id 42
pin_num 3
53 32 0
46 20 0
39 42 0
Net_id 43
pin_num 3
27 6 0
36 10 0
35 2 0
Net_id 44
pin_num 3
19 10 0
27 18 0
35 3 0
Net_id 45
pin_num 3
57 13 0
51 0 0
52 2 0
Net_id 46
pin_num 3
16 4 0
10 4 0
19 1 0
Net_id 47
pin_num 3
37 17 0
15 26 0
22 39 0
Net_id 48
pin_num 3
44 51 0
32 59 0
42 38 0
Net_id 49
pin_num 3
20 39 0
25 29 0
26 19 0
Net_id 50
pin_num 3
58 19 0
47 19 0
58 11 0
Net_id 51
pin_num 3
22 42 0
20 30 0
21 15 0
Net_id 52
pin_num 3
8 11 0
9 16 0
6 11 0
Net_id 53
pin_num 3
33 15 0
36 29 0
26 13 0
Net_id 54
pin_num 3
46 12 0
42 15 0
52 22 0
Net_id 55
pin_num 3
4 27 0
3 20 0
3 49 0
Net_id 56
pin_num 3
31 26 0
45 30 0
54 25 0
Net_id 57
pin_num 3
26 36 0
32 48 0
16 23 0
Net_id 58
pin_num 3
32 52 0
38 50 0
56 59 0
Net_id 59
pin_num 3
52 21 0
39 15 0
46 2 0
Net_id 60
pin_num 3
27 30 0
55 14 0
48 14 0
Net_id 61
pin_num 3
17 26 0
16 19 0
13 29 0
Net_id 62
pin_num 3
2 50 0
4 37 0
32 50 0
Net_id 63
pin_num 3
5 11 0
0 19 0
0 34 0
Net_id 64
pin_num 3
47 59 0
58 40 0
40 46 0
Net_id 65
pin_num 3
28 24 0
37 4 0
33 4 0
Net_id 66
pin_num 3
19 52 0
23 44 0
11 41 0
Net_id 67
pin_num 3
43 30 0
36 38 0
27 42 0
Net_id 68
pin_num 3
19 27 0
25 48 0
44 27 0
Net_id 69
pin_num 3
6 43 0
18 39 0
17 34 0
Net_id 70
pin_num 3
58 33 0
56 22 0
54 2 0
Net_id 71
pin_num 3
14 15 0
18 15 0
29 31 0
Net_id 72
pin_num 3
9 46 0
15 44 0
16 24 0
Net_id 73
pin_num 3
35 24 0
12 31 0
34 42 0
Net_id 74
pin_num 3
26 34 0
30 28 0
13 33 0
Net_id 75
pin_num 3
3 5 0
4 8 0
13 14 0
Net_id 76
pin_num 3
0 7 0
5 12 0
13 26 0
Net_id 77
pin_num 3
55 38 0
53 34 0
54 28 0
Net_id 78
pin_num 3
17 35 0
30 35 0
9 35 0
Net_id 79
pin_num 3
57 27 0
50 32 0
42 32 0
Net_id 80
pin_num 3
37 8 0
28 18 0
48 13 0
Net_id 81
pin_num 3
46 1 0
34 1 0
28 1 0
Net_id 82
pin_num 2
23 53 0
18 53 0
Net_id 83
pin_num 2
44 38 0
39 45 0
Net_id 84
pin_num 2
30 52 0
24 44 0
Net_id 85
pin_num 2
25 43 0
19 30 0
Net_id 86
pin_num 2
14 41 0
12 38 0
Net_id 87
pin_num 2
26 57 0
1 51 0
Net_id 88
pin_num 2
50 50 0
55 11 0
Net_id 89
pin_num 2
17 50 0
32 40 0
Net_id 90
pin_num 2
24 41 0
4 58 0
Net_id 91
pin_num 2
40 9 0
17 2 0
Net_id 92
pin_num 2
32 11 0
23 23 0
Net_id 93
pin_num 2
16 17 0
2 12 0
Net_id 94
pin_num 2
17 53 0
1 55 0
Net_id 95
pin_num 2
50 25 0
59 29 0
Net_id 96
pin_num 2
0 14 0
13 15 0
Net_id 97
pin_num 2
2 52 0
24 58 0
Net_id 98
pin_num 2
14 49 0
25 59 0
Net_id 99
pin_num 2
40 32 0
10 45 0
Net_id 100
pin_num 2
55 54 0
55 44 0
Net_id 101
pin_num 2
3 4 0
15 5 0
Net_id 102
pin_num 2
22 12 0
23 1 0
Net_id 103
pin_num 2
53 11 0
41 11 0
Net_id 104
pin_num 2
23 40 0
7 40 0
Net_id 105
pin_num 2
34 11 0
50 2 0
Net_id 106
pin_num 2
8 30 0
10 30 0
Net_id 107
pin_num 2
44 8 0
57 24 0
Net_id 108
pin_num 2
53 58 0
38 48 0
Net_id 109
pin_num 2
52 14 0
41 32 0
Net_id 110
pin_num 2
1 2 0
17 10 0
Net_id 111
pin_num 2
52 32 0
51 28 0
Net_id 112
pin_num 2
25 1 0
42 5 0
Net_id 113
pin_num 2
58 28 0
49 41 0
Net_id 114
pin_num 2
4 43 0
22 59 0
Net_id 115
pin_num 2
19 56 0
15 59 0
Net_id 116
pin_num 2
55 27 0
51 15 0
Net_id 117
pin_num 2
50 35 0
55 40 0
Net_id 118
pin_num 2
22 28 0
0 22 0
Net_id 119
pin_num 2
44 14 0
43 14 0
Net_id 120
pin_num 2
52 4 0
58 6 0
Net_id 121
pin_num 2
48 9 0
51 4 0
Net_id 122
pin_num 2
41 19 0
49 28 0
Net_id 123
pin_num 2
44 20 0
14 14 0
Net_id 124
pin_num 2
26 4 0
31 18 0
Net_id 125
pin_num 2
40 38 0
35 47 0
Net_id 126
pin_num 2
1 32 0
5 31 0
Net_id 127
pin_num 2
38 47 0
50 44 0
Net_id 128
pin_num 2
49 55 0
59 57 0
Net_id 129
pin_num 2
24 1 0
44 15 0
Net_id 130
pin_num 2
11 5 0
1 0 0
Net_id 131
pin_num 2
39 29 0
56 35 0
Net_id 132
pin_num 2
49 26 0
35 12 0
Net_id 133
pin_num 2
41 9 0
54 5 0
Net_id 134
pin_num 2
40 2 0
16 14 0
Net_id 135
pin_num 2
53 53 0
53 52 0
Net_id 136
pin_num 2
25 14 0
40 13 0
Net_id 137
pin_num 2
18 59 0
9 51 0
Net_id 138
pin_num 2
22 23 0
21 13 0
Net_id 139
pin_num 2
28 3 0
9 1 0
Net_id 140
pin_num 2
46 25 0
30 19 0
Net_id 141
pin_num 2
38 6 0
45 4 0
Net_id 142
pin_num 2
41 18 0
48 18 0
Net_id 143
pin_num 2
34 30 0
47 42 0
Net_id 144
pin_num 2
9 53 0
3 58 0
Net_id 145
pin_num 2
34 26 0
26 15 0
Net_id 146
pin_num 2
48 55 0
43 58 0
Net_id 147
pin_num 2
21 14 0
16 18 0
Net_id 148
pin_num 2
4 36 0
21 36 0
Net_id 149
pin_num 2
12 59 0
2 46 0
Net_id 150
pin_num 2
42 43 0
48 43 0
Net_id 151
pin_num 2
48 3 0
42 2 0
Net_id 152
pin_num 2
34 55 0
51 53 0
Net_id 153
pin_num 2
48 28 0
43 15 0
Net_id 154
pin_num 2
3 53 0
15 45 0
Net_id 155
pin_num 2
14 46 0
24 56 0
Net_id 156
pin_num 2
2 33 0
5 37 0
Net_id 157
pin_num 2
9 19 0
2 28 0
Net_id 158
pin_num 2
5 42 0
24 48 0
Net_id 159
pin_num 2
55 43 0
48 42 0
Net_id 160
pin_num 2
16 32 0
22 30 0
Net_id 161
pin_num 2
26 11 0
20 1 0
Net_id 162
pin_num 2
36 9 0
33 5 0
