Width 60
Height 60
Layer 6
Total_WL 6271
Obstacle_num 144
6 27 0 16 28 0
10 44 0 17 45 0
16 36 0 23 37 0
34 3 0 43 4 0
35 43 0 38 44 0
14 7 0 22 8 0
15 46 0 24 47 0
33 34 0 40 35 0
0 56 0 6 57 0
47 41 0 54 42 0
22 35 0 26 36 0
32 53 0 35 54 0
34 54 0 42 55 0
2 14 0 11 15 0
48 6 0 52 7 0
20 42 0 24 43 0
18 57 0 27 58 0
29 10 0 35 11 0
46 27 0 54 28 0
30 11 0 39 12 0
19 2 0 26 3 0
43 20 0 50 21 0
15 1 0 23 2 0
45 54 0 48 55 0
49 0 1 50 6 1
27 2 1 28 6 1
55 29 1 56 34 1
55 43 1 56 52 1
34 37 1 35 47 1
27 27 1 28 37 1
40 2 1 41 10 1
32 48 1 33 54 1
38 29 1 39 39 1
57 16 1 58 21 1
30 17 1 31 24 1
28 41 1 29 46 1
36 39 1 37 45 1
37 10 1 38 16 1
1 17 1 2 26 1
40 32 1 41 42 1
30 11 1 31 17 1
2 28 1 3 32 1
38 49 1 39 56 1
56 9 1 57 15 1
24 47 1 25 56 1
34 14 1 35 20 1
27 52 1 28 58 1
4 30 1 5 34 1
17 27 2 25 28 2
41 9 2 48 10 2
14 19 2 20 20 2
7 48 2 12 49 2
21 57 2 27 58 2
42 4 2 48 5 2
8 6 2 13 7 2
12 28 2 15 29 2
7 11 2 15 12 2
6 49 2 9 50 2
25 17 2 32 18 2
20 8 2 25 9 2
48 32 2 55 33 2
20 41 2 30 42 2
47 26 2 52 27 2
32 28 2 38 29 2
3 41 2 7 42 2
42 19 2 47 20 2
31 47 2 36 48 2
35 18 2 43 19 2
34 39 2 43 40 2
8 42 2 16 43 2
4 29 2 10 30 2
22 0 2 25 1 2
30 19 3 31 29 3
47 26 3 48 29 3
1 12 3 2 17 3
17 8 3 18 17 3
57 29 3 58 39 3
48 18 3 49 28 3
34 37 3 35 45 3
23 35 3 24 43 3
37 23 3 38 30 3
1 44 3 2 50 3
6 13 3 7 16 3
51 12 3 52 21 3
19 9 3 20 12 3
14 3 3 15 13 3
40 31 3 41 41 3
31 46 3 32 51 3
8 49 3 9 57 3
9 32 3 10 37 3
40 44 3 41 50 3
10 38 3 11 47 3
21 35 3 22 41 3
6 43 3 7 46 3
26 35 3 27 41 3
34 18 3 35 22 3
37 47 4 45 48 4
0 45 4 7 46 4
38 3 4 45 4 4
12 19 4 18 20 4
14 17 4 17 18 4
0 44 4 7 45 4
49 47 4 59 48 4
10 42 4 17 43 4
40 36 4 46 37 4
39 38 4 42 39 4
31 28 4 39 29 4
1 19 4 7 20 4
33 17 4 41 18 4
35 22 4 40 23 4
21 42 4 31 43 4
5 10 4 9 11 4
9 38 4 15 39 4
38 33 4 42 34 4
20 14 4 28 15 4
29 22 4 34 23 4
15 10 4 22 11 4
30 41 4 36 42 4
0 35 4 10 36 4
23 57 4 29 58 4
27 26 5 28 31 5
58 54 5 59 57 5
48 23 5 49 29 5
41 4 5 42 8 5
26 45 5 27 54 5
6 1 5 7 9 5
54 43 5 55 46 5
6 16 5 7 19 5
2 37 5 3 46 5
39 16 5 40 22 5
41 40 5 42 45 5
35 42 5 36 48 5
38 18 5 39 25 5
44 47 5 45 51 5
35 53 5 36 57 5
25 46 5 26 51 5
23 49 5 24 56 5
30 48 5 31 55 5
3 20 5 4 25 5
1 32 5 2 40 5
15 18 5 16 22 5
44 42 5 45 46 5
8 15 5 9 18 5
45 55 5 46 59 5
Net_num 158
Net_id 0
pin_num 5
13 31 0
11 25 0
7 29 0
10 17 0
17 17 0
Net_id 1
pin_num 5
48 51 0
53 59 0
51 54 0
36 56 0
50 28 0
Net_id 2
pin_num 5
1 14 0
0 6 0
7 0 0
7 15 0
6 5 0
Net_id 3
pin_num 5
5 49 0
0 49 0
2 35 0
0 51 0
2 58 0
Net_id 4
pin_num 5
33 31 0
28 46 0
30 35 0
28 59 0
41 43 0
Net_id 5
pin_num 5
13 25 0
12 41 0
32 28 0
21 50 0
33 40 0
Net_id 6
pin_num 5
56 38 0
52 38 0
54 25 0
36 33 0
49 53 0
Net_id 7
pin_num 5
4 23 0
3 27 0
17 26 0
0 21 0
4 18 0
Net_id 8
pin_num 5
17 9 0
11 9 0
21 3 0
21 23 0
8 11 0
Net_id 9
pin_num 5
44 17 0
36 23 0
37 29 0
29 22 0
59 22 0
Net_id 10
pin_num 5
32 56 0
22 54 0
22 39 0
41 59 0
9 57 0
Net_id 11
pin_num 5
3 40 0
2 53 0
0 50 0
19 50 0
8 52 0
Net_id 12
pin_num 5
55 18 0
56 24 0
47 23 0
47 31 0
59 7 0
Net_id 13
pin_num 5
38 13 0
47 17 0
41 25 0
42 10 0
42 14 0
Net_id 14
pin_num 5
49 54 0
51 43 0
59 58 0
54 51 0
37 52 0
Net_id 15
pin_num 5
22 15 0
31 15 0
8 21 0
10 0 0
13 21 0
Net_id 16
pin_num 5
42 6 0
44 2 0
56 3 0
59 6 0
45 21 0
Net_id 17
pin_num 5
45 31 0
40 28 0
43 19 0
33 19 0
44 19 0
Net_id 18
pin_num 5
49 47 0
40 42 0
32 43 0
30 41 0
39 59 0
Net_id 19
pin_num 4
45 13 0
52 13 0
46 16 0
44 5 0
Net_id 20
pin_num 4
10 46 0
5 57 0
22 51 0
0 47 0
Net_id 21
pin_num 4
54 21 0
46 22 0
46 29 0
49 55 0
Net_id 22
pin_num 4
31 48 0
23 37 0
24 30 0
17 37 0
Net_id 23
pin_num 4
31 17 0
25 17 0
18 3 0
13 8 0
Net_id 24
pin_num 4
13 24 0
10 32 0
11 39 0
17 33 0
Net_id 25
pin_num 4
25 10 0
33 29 0
19 10 0
31 23 0
Net_id 26
pin_num 4
55 23 0
59 25 0
57 15 0
50 19 0
Net_id 27
pin_num 4
23 44 0
18 45 0
29 44 0
25 59 0
Net_id 28
pin_num 4
18 20 0
39 21 0
19 5 0
39 26 0
Net_id 29
pin_num 4
12 39 0
18 34 0
41 38 0
29 45 0
Net_id 30
pin_num 4
59 50 0
54 53 0
59 46 0
36 52 0
Net_id 31
pin_num 4
56 9 0
58 0 0
58 25 0
58 26 0
Net_id 32
pin_num 4
56 21 0
56 22 0
57 37 0
57 56 0
Net_id 33
pin_num 4
4 7 0
4 4 0
2 8 0
4 15 0
Net_id 34
pin_num 4
30 44 0
30 51 0
37 48 0
32 45 0
Net_id 35
pin_num 4
46 45 0
33 44 0
43 32 0
20 44 0
Net_id 36
pin_num 4
48 18 0
55 16 0
45 18 0
35 20 0
Net_id 37
pin_num 4
43 42 0
27 38 0
23 27 0
32 22 0
Net_id 38
pin_num 3
35 51 0
29 49 0
20 31 0
Net_id 39
pin_num 3
55 7 0
48 0 0
20 6 0
Net_id 40
pin_num 3
57 5 0
45 3 0
49 11 0
Net_id 41
pin_num 3
39 19 0
26 26 0
35 45 0
Net_id 42
pin_num 3
56 57 0
57 58 0
29 58 0
Net_id 43
pin_num 3
18 52 0
6 55 0
7 59 0
Net_id 44
pin_num 3
28 48 0
14 58 0
5 59 0
Net_id 45
pin_num 3
12 2 0
29 12 0
53 12 0
Net_id 46
pin_num 3
19 14 0
33 1 0
28 23 0
Net_id 47
pin_num 3
33 17 0
27 16 0
41 0 0
Net_id 48
pin_num 3
57 11 0
55 25 0
45 25 0
Net_id 49
pin_num 3
7 39 0
8 30 0
22 30 0
Net_id 50
pin_num 3
46 41 0
42 46 0
45 59 0
Net_id 51
pin_num 3
37 51 0
51 56 0
48 59 0
Net_id 52
pin_num 3
13 36 0
0 39 0
1 34 0
Net_id 53
pin_num 3
13 38 0
3 58 0
11 46 0
Net_id 54
pin_num 3
20 58 0
28 57 0
7 47 0
Net_id 55
pin_num 3
54 14 0
56 25 0
56 8 0
Net_id 56
pin_num 3
48 30 0
38 30 0
45 43 0
Net_id 57
pin_num 3
37 55 0
48 55 0
38 27 0
Net_id 58
pin_num 3
51 40 0
34 27 0
46 0 0
Net_id 59
pin_num 3
6 59 0
2 54 0
16 59 0
Net_id 60
pin_num 3
18 37 0
26 40 0
24 24 0
Net_id 61
pin_num 3
28 18 0
16 13 0
11 18 0
Net_id 62
pin_num 3
46 34 0
54 34 0
59 28 0
Net_id 63
pin_num 3
21 6 0
25 3 0
45 6 0
Net_id 64
pin_num 3
10 55 0
20 47 0
12 49 0
Net_id 65
pin_num 3
7 49 0
0 36 0
26 43 0
Net_id 66
pin_num 3
40 29 0
16 37 0
35 46 0
Net_id 67
pin_num 3
22 29 0
14 31 0
9 52 0
Net_id 68
pin_num 3
8 55 0
13 56 0
2 59 0
Net_id 69
pin_num 3
27 11 0
25 0 0
43 11 0
Net_id 70
pin_num 3
53 32 0
58 44 0
13 40 0
Net_id 71
pin_num 3
57 53 0
49 56 0
52 40 0
Net_id 72
pin_num 3
50 22 0
59 35 0
33 30 0
Net_id 73
pin_num 3
47 46 0
56 56 0
56 45 0
Net_id 74
pin_num 3
5 52 0
12 48 0
46 59 0
Net_id 75
pin_num 3
40 10 0
20 3 0
38 26 0
Net_id 76
pin_num 3
40 37 0
58 31 0
26 31 0
Net_id 77
pin_num 3
27 27 0
17 38 0
27 59 0
Net_id 78
pin_num 2
46 36 0
58 58 0
Net_id 79
pin_num 2
10 1 0
14 1 0
Net_id 80
pin_num 2
6 6 0
3 22 0
Net_id 81
pin_num 2
47 29 0
50 31 0
Net_id 82
pin_num 2
3 33 0
9 28 0
Net_id 83
pin_num 2
2 48 0
9 58 0
Net_id 84
pin_num 2
54 36 0
42 8 0
Net_id 85
pin_num 2
13 5 0
12 8 0
Net_id 86
pin_num 2
17 54 0
10 52 0
Net_id 87
pin_num 2
17 13 0
32 19 0
Net_id 88
pin_num 2
22 48 0
5 45 0
Net_id 89
pin_num 2
2 51 0
12 45 0
Net_id 90
pin_num 2
37 8 0
23 16 0
Net_id 91
pin_num 2
23 4 0
3 8 0
Net_id 92
pin_num 2
39 43 0
48 57 0
Net_id 93
pin_num 2
54 8 0
50 7 0
Net_id 94
pin_num 2
33 21 0
28 5 0
Net_id 95
pin_num 2
46 2 0
31 4 0
Net_id 96
pin_num 2
10 18 0
9 8 0
Net_id 97
pin_num 2
16 3 0
17 0 0
Net_id 98
pin_num 2
39 27 0
40 24 0
Net_id 99
pin_num 2
5 18 0
20 39 0
Net_id 100
pin_num 2
39 50 0
58 40 0
Net_id 101
pin_num 2
45 1 0
52 6 0
Net_id 102
pin_num 2
2 29 0
11 21 0
Net_id 103
pin_num 2
48 43 0
41 53 0
Net_id 104
pin_num 2
59 42 0
40 21 0
Net_id 105
pin_num 2
7 32 0
0 29 0
Net_id 106
pin_num 2
33 22 0
39 37 0
Net_id 107
pin_num 2
42 25 0
41 18 0
Net_id 108
pin_num 2
9 23 0
22 23 0
Net_id 109
pin_num 2
19 54 0
14 46 0
Net_id 110
pin_num 2
8 13 0
30 5 0
Net_id 111
pin_num 2
31 6 0
25 16 0
Net_id 112
pin_num 2
42 9 0
46 9 0
Net_id 113
pin_num 2
2 22 0
29 29 0
Net_id 114
pin_num 2
2 16 0
12 3 0
Net_id 115
pin_num 2
32 13 0
28 13 0
Net_id 116
pin_num 2
36 27 0
31 24 0
Net_id 117
pin_num 2
53 31 0
42 29 0
Net_id 118
pin_num 2
37 46 0
29 48 0
Net_id 119
pin_num 2
5 8 0
2 5 0
Net_id 120
pin_num 2
35 53 0
39 53 0
Net_id 121
pin_num 2
43 40 0
48 54 0
Net_id 122
pin_num 2
25 52 0
38 57 0
Net_id 123
pin_num 2
59 44 0
45 57 0
Net_id 124
pin_num 2
13 58 0
10 56 0
Net_id 125
pin_num 2
31 35 0
46 31 0
Net_id 126
pin_num 2
8 49 0
11 50 0
Net_id 127
pin_num 2
2 37 0
9 25 0
Net_id 128
pin_num 2
27 53 0
39 57 0
Net_id 129
pin_num 2
40 12 0
28 1 0
Net_id 130
pin_num 2
11 32 0
35 16 0
Net_id 131
pin_num 2
9 33 0
41 49 0
Net_id 132
pin_num 2
38 20 0
48 9 0
Net_id 133
pin_num 2
48 22 0
51 14 0
Net_id 134
pin_num 2
44 22 0
30 29 0
Net_id 135
pin_num 2
22 14 0
47 10 0
Net_id 136
pin_num 2
50 29 0
53 35 0
Net_id 137
pin_num 2
40 2 0
26 2 0
Net_id 138
pin_num 2
4 10 0
11 5 0
Net_id 139
pin_num 2
50 56 0
45 46 0
Net_id 140
pin_num 2
18 24 0
27 45 0
Net_id 141
pin_num 2
44 44 0
58 38 0
Net_id 142
pin_num 2
45 22 0
48 24 0
Net_id 143
pin_num 2
48 48 0
43 49 0
Net_id 144
pin_num 2
31 30 0
21 52 0
Net_id 145
pin_num 2
19 33 0
29 36 0
Net_id 146
pin_num 2
22 59 0
31 52 0
Net_id 147
pin_num 2
18 58 0
17 59 0
Net_id 148
pin_num 2
16 22 0
16 21 0
Net_id 149
pin_num 2
24 50 0
23 45 0
Net_id 150
pin_num 2
18 31 0
15 35 0
Net_id 151
pin_num 2
7 17 0
1 26 0
Net_id 152
pin_num 2
0 3 0
15 16 0
Net_id 153
pin_num 2
14 0 0
26 12 0
Net_id 154
pin_num 2
16 14 0
37 1 0
Net_id 155
pin_num 2
40 18 0
34 13 0
Net_id 156
pin_num 2
26 35 0
36 47 0
Net_id 157
pin_num 2
4 34 0
17 6 0
