Width 60
Height 60
Layer 6
Total_WL 7087
Obstacle_num 144
21 20 0 29 21 0
44 5 0 54 6 0
0 3 0 5 4 0
46 15 0 55 16 0
53 0 0 59 1 0
24 28 0 33 29 0
3 45 0 12 46 0
18 56 0 25 57 0
48 42 0 53 43 0
35 37 0 42 38 0
35 5 0 44 6 0
7 41 0 10 42 0
16 28 0 21 29 0
37 51 0 47 52 0
40 52 0 45 53 0
51 17 0 56 18 0
1 22 0 6 23 0
26 48 0 30 49 0
8 52 0 11 53 0
23 0 0 31 1 0
36 2 0 44 3 0
54 58 0 58 59 0
29 50 0 38 51 0
8 2 0 17 3 0
14 25 1 15 32 1
6 29 1 7 32 1
57 11 1 58 20 1
41 20 1 42 23 1
17 52 1 18 57 1
19 47 1 20 57 1
13 39 1 14 45 1
43 4 1 44 10 1
3 18 1 4 26 1
3 13 1 4 16 1
23 34 1 24 41 1
58 21 1 59 28 1
26 47 1 27 51 1
13 30 1 14 35 1
41 39 1 42 45 1
11 27 1 12 33 1
34 28 1 35 34 1
40 41 1 41 47 1
29 5 1 30 12 1
8 46 1 9 50 1
11 4 1 12 9 1
49 34 1 50 42 1
16 13 1 17 21 1
36 11 1 37 20 1
33 45 2 40 46 2
11 16 2 16 17 2
7 49 2 17 50 2
50 23 2 58 24 2
20 13 2 25 14 2
47 53 2 54 54 2
23 11 2 30 12 2
29 17 2 32 18 2
39 35 2 44 36 2
26 36 2 31 37 2
35 21 2 39 22 2
25 57 2 34 58 2
0 30 2 3 31 2
7 12 2 15 13 2
20 20 2 23 21 2
28 33 2 33 34 2
13 18 2 19 19 2
31 23 2 37 24 2
32 38 2 38 39 2
3 56 2 12 57 2
31 43 2 41 44 2
44 47 2 49 48 2
46 31 2 54 32 2
27 9 2 32 10 2
20 10 3 21 17 3
22 38 3 23 46 3
25 43 3 26 52 3
50 11 3 51 18 3
46 41 3 47 46 3
55 22 3 56 32 3
32 24 3 33 28 3
13 20 3 14 26 3
8 5 3 9 9 3
40 10 3 41 17 3
27 13 3 28 21 3
37 12 3 38 17 3
4 0 3 5 3 3
32 34 3 33 39 3
1 0 3 2 10 3
40 46 3 41 56 3
10 51 3 11 59 3
37 19 3 38 22 3
23 2 3 24 12 3
58 11 3 59 16 3
1 25 3 2 31 3
33 41 3 34 48 3
20 33 3 21 43 3
15 3 3 16 13 3
17 58 4 22 59 4
4 2 4 11 3 4
31 32 4 41 33 4
15 35 4 23 36 4
0 33 4 4 34 4
38 24 4 47 25 4
13 38 4 16 39 4
38 27 4 42 28 4
28 16 4 35 17 4
8 37 4 18 38 4
28 13 4 34 14 4
45 2 4 49 3 4
15 31 4 22 32 4
45 52 4 55 53 4
45 31 4 53 32 4
29 58 4 33 59 4
30 36 4 37 37 4
32 4 4 42 5 4
19 41 4 29 42 4
4 44 4 10 45 4
8 1 4 14 2 4
8 39 4 16 40 4
26 21 4 35 22 4
47 38 4 53 39 4
39 9 5 40 16 5
52 49 5 53 58 5
57 27 5 58 32 5
44 47 5 45 57 5
18 21 5 19 25 5
16 20 5 17 29 5
35 0 5 36 6 5
32 0 5 33 8 5
53 26 5 54 30 5
22 17 5 23 20 5
17 16 5 18 21 5
16 3 5 17 13 5
29 23 5 30 27 5
10 23 5 11 32 5
40 5 5 41 15 5
23 50 5 24 57 5
8 4 5 9 13 5
2 33 5 3 39 5
6 34 5 7 40 5
21 31 5 22 39 5
42 13 5 43 18 5
20 15 5 21 19 5
30 17 5 31 25 5
30 47 5 31 51 5
Net_num 163
Net_id 0
pin_num 5
34 22 0
28 22 0
30 4 0
23 21 0
19 24 0
Net_id 1
pin_num 5
53 47 0
55 54 0
58 59 0
32 57 0
53 58 0
Net_id 2
pin_num 5
40 26 0
46 39 0
59 26 0
46 21 0
40 39 0
Net_id 3
pin_num 5
23 43 0
26 37 0
43 37 0
29 51 0
30 30 0
Net_id 4
pin_num 5
26 2 0
17 3 0
37 0 0
0 0 0
32 0 0
Net_id 5
pin_num 5
25 45 0
24 51 0
47 51 0
3 51 0
0 58 0
Net_id 6
pin_num 5
7 22 0
16 31 0
10 42 0
12 39 0
26 32 0
Net_id 7
pin_num 5
52 16 0
58 2 0
54 33 0
52 0 0
56 15 0
Net_id 8
pin_num 5
43 34 0
39 29 0
40 24 0
43 40 0
18 31 0
Net_id 9
pin_num 5
55 14 0
41 14 0
45 22 0
49 20 0
42 10 0
Net_id 10
pin_num 5
10 57 0
0 47 0
12 47 0
24 54 0
16 40 0
Net_id 11
pin_num 5
3 35 0
4 34 0
2 29 0
23 29 0
1 43 0
Net_id 12
pin_num 5
13 50 0
4 50 0
28 50 0
22 36 0
17 44 0
Net_id 13
pin_num 5
4 49 0
1 57 0
11 48 0
12 48 0
3 56 0
Net_id 14
pin_num 5
17 47 0
25 39 0
42 43 0
39 59 0
29 35 0
Net_id 15
pin_num 5
33 21 0
45 30 0
35 26 0
59 25 0
53 27 0
Net_id 16
pin_num 5
52 45 0
55 50 0
53 53 0
31 53 0
44 50 0
Net_id 17
pin_num 5
38 48 0
31 52 0
32 27 0
59 47 0
24 49 0
Net_id 18
pin_num 5
17 24 0
15 30 0
3 17 0
2 33 0
3 7 0
Net_id 19
pin_num 5
31 33 0
26 35 0
28 24 0
16 27 0
22 25 0
Net_id 20
pin_num 5
47 4 0
51 2 0
38 1 0
59 0 0
38 3 0
Net_id 21
pin_num 5
34 42 0
24 36 0
14 39 0
13 59 0
23 52 0
Net_id 22
pin_num 4
49 7 0
55 10 0
59 2 0
49 3 0
Net_id 23
pin_num 4
35 49 0
24 55 0
18 59 0
25 36 0
Net_id 24
pin_num 4
32 34 0
22 34 0
5 33 0
9 15 0
Net_id 25
pin_num 4
34 40 0
23 40 0
33 33 0
28 29 0
Net_id 26
pin_num 4
45 17 0
49 10 0
44 4 0
44 18 0
Net_id 27
pin_num 4
19 20 0
8 28 0
36 22 0
28 23 0
Net_id 28
pin_num 4
1 40 0
5 49 0
4 35 0
0 18 0
Net_id 29
pin_num 4
15 44 0
23 41 0
21 24 0
21 26 0
Net_id 30
pin_num 4
3 48 0
2 25 0
17 46 0
22 52 0
Net_id 31
pin_num 4
20 0 0
24 3 0
25 19 0
24 21 0
Net_id 32
pin_num 4
12 26 0
22 28 0
9 13 0
26 15 0
Net_id 33
pin_num 4
3 9 0
5 11 0
18 0 0
26 9 0
Net_id 34
pin_num 4
4 8 0
14 8 0
3 1 0
0 1 0
Net_id 35
pin_num 4
21 38 0
0 39 0
12 30 0
7 52 0
Net_id 36
pin_num 4
35 52 0
39 55 0
36 59 0
55 59 0
Net_id 37
pin_num 4
10 48 0
6 44 0
6 59 0
1 27 0
Net_id 38
pin_num 4
21 8 0
17 23 0
17 4 0
10 1 0
Net_id 39
pin_num 4
55 35 0
53 26 0
38 29 0
57 10 0
Net_id 40
pin_num 4
57 52 0
43 49 0
40 59 0
51 56 0
Net_id 41
pin_num 4
25 37 0
4 37 0
27 32 0
1 36 0
Net_id 42
pin_num 4
12 22 0
18 14 0
22 16 0
11 26 0
Net_id 43
pin_num 3
54 6 0
59 14 0
56 4 0
Net_id 44
pin_num 3
50 44 0
21 46 0
45 38 0
Net_id 45
pin_num 3
24 33 0
5 42 0
18 46 0
Net_id 46
pin_num 3
43 43 0
45 58 0
41 50 0
Net_id 47
pin_num 3
14 5 0
23 5 0
41 7 0
Net_id 48
pin_num 3
56 18 0
37 26 0
38 10 0
Net_id 49
pin_num 3
9 19 0
15 22 0
2 20 0
Net_id 50
pin_num 3
1 45 0
31 30 0
44 34 0
Net_id 51
pin_num 3
52 23 0
41 36 0
57 38 0
Net_id 52
pin_num 3
10 53 0
11 41 0
26 53 0
Net_id 53
pin_num 3
7 7 0
4 9 0
5 17 0
Net_id 54
pin_num 3
16 59 0
12 55 0
35 58 0
Net_id 55
pin_num 3
23 45 0
16 52 0
20 27 0
Net_id 56
pin_num 3
50 36 0
58 39 0
50 58 0
Net_id 57
pin_num 3
48 43 0
37 35 0
23 28 0
Net_id 58
pin_num 3
45 8 0
59 10 0
58 33 0
Net_id 59
pin_num 3
5 31 0
5 25 0
3 33 0
Net_id 60
pin_num 3
45 20 0
48 4 0
51 27 0
Net_id 61
pin_num 3
4 14 0
19 22 0
31 20 0
Net_id 62
pin_num 3
27 46 0
19 42 0
25 59 0
Net_id 63
pin_num 3
34 4 0
28 19 0
42 1 0
Net_id 64
pin_num 3
33 9 0
26 4 0
49 8 0
Net_id 65
pin_num 3
19 59 0
24 44 0
13 31 0
Net_id 66
pin_num 3
53 49 0
56 40 0
56 25 0
Net_id 67
pin_num 3
22 0 0
28 15 0
57 8 0
Net_id 68
pin_num 3
58 46 0
53 32 0
45 34 0
Net_id 69
pin_num 3
45 31 0
31 41 0
25 18 0
Net_id 70
pin_num 3
12 5 0
2 21 0
0 7 0
Net_id 71
pin_num 3
24 23 0
39 36 0
19 35 0
Net_id 72
pin_num 3
17 18 0
6 15 0
20 12 0
Net_id 73
pin_num 3
54 36 0
44 28 0
45 59 0
Net_id 74
pin_num 3
5 24 0
11 24 0
15 56 0
Net_id 75
pin_num 3
26 8 0
34 1 0
30 39 0
Net_id 76
pin_num 3
40 7 0
27 6 0
32 21 0
Net_id 77
pin_num 3
24 26 0
36 20 0
43 3 0
Net_id 78
pin_num 3
12 21 0
7 19 0
7 55 0
Net_id 79
pin_num 3
58 32 0
51 40 0
57 55 0
Net_id 80
pin_num 3
11 59 0
14 52 0
0 46 0
Net_id 81
pin_num 3
53 42 0
59 49 0
25 52 0
Net_id 82
pin_num 3
37 32 0
41 45 0
47 38 0
Net_id 83
pin_num 3
26 30 0
34 34 0
19 7 0
Net_id 84
pin_num 3
51 37 0
56 24 0
25 48 0
Net_id 85
pin_num 2
35 45 0
24 57 0
Net_id 86
pin_num 2
11 12 0
22 26 0
Net_id 87
pin_num 2
32 2 0
35 6 0
Net_id 88
pin_num 2
10 28 0
21 17 0
Net_id 89
pin_num 2
41 46 0
53 55 0
Net_id 90
pin_num 2
10 15 0
1 10 0
Net_id 91
pin_num 2
26 13 0
50 13 0
Net_id 92
pin_num 2
12 56 0
3 59 0
Net_id 93
pin_num 2
41 3 0
44 2 0
Net_id 94
pin_num 2
25 27 0
37 18 0
Net_id 95
pin_num 2
52 40 0
55 43 0
Net_id 96
pin_num 2
13 41 0
11 40 0
Net_id 97
pin_num 2
38 45 0
52 37 0
Net_id 98
pin_num 2
58 45 0
43 41 0
Net_id 99
pin_num 2
57 19 0
52 19 0
Net_id 100
pin_num 2
22 48 0
20 49 0
Net_id 101
pin_num 2
37 34 0
51 38 0
Net_id 102
pin_num 2
11 33 0
17 33 0
Net_id 103
pin_num 2
8 10 0
6 9 0
Net_id 104
pin_num 2
39 10 0
40 6 0
Net_id 105
pin_num 2
16 46 0
2 59 0
Net_id 106
pin_num 2
24 12 0
31 23 0
Net_id 107
pin_num 2
46 22 0
59 17 0
Net_id 108
pin_num 2
24 52 0
24 35 0
Net_id 109
pin_num 2
21 33 0
23 30 0
Net_id 110
pin_num 2
32 35 0
40 56 0
Net_id 111
pin_num 2
3 12 0
1 11 0
Net_id 112
pin_num 2
10 39 0
15 23 0
Net_id 113
pin_num 2
1 58 0
17 57 0
Net_id 114
pin_num 2
40 9 0
28 10 0
Net_id 115
pin_num 2
53 44 0
55 46 0
Net_id 116
pin_num 2
41 6 0
56 16 0
Net_id 117
pin_num 2
35 8 0
6 22 0
Net_id 118
pin_num 2
52 44 0
45 36 0
Net_id 119
pin_num 2
9 31 0
25 38 0
Net_id 120
pin_num 2
59 55 0
53 37 0
Net_id 121
pin_num 2
39 11 0
29 11 0
Net_id 122
pin_num 2
35 39 0
38 42 0
Net_id 123
pin_num 2
56 3 0
44 1 0
Net_id 124
pin_num 2
15 42 0
5 55 0
Net_id 125
pin_num 2
23 10 0
42 15 0
Net_id 126
pin_num 2
41 42 0
47 45 0
Net_id 127
pin_num 2
36 51 0
27 56 0
Net_id 128
pin_num 2
56 29 0
52 24 0
Net_id 129
pin_num 2
52 6 0
58 18 0
Net_id 130
pin_num 2
58 11 0
52 9 0
Net_id 131
pin_num 2
24 14 0
9 35 0
Net_id 132
pin_num 2
47 12 0
55 13 0
Net_id 133
pin_num 2
46 27 0
39 20 0
Net_id 134
pin_num 2
9 3 0
4 12 0
Net_id 135
pin_num 2
48 33 0
55 38 0
Net_id 136
pin_num 2
11 18 0
11 52 0
Net_id 137
pin_num 2
48 17 0
56 20 0
Net_id 138
pin_num 2
42 17 0
47 39 0
Net_id 139
pin_num 2
27 55 0
27 53 0
Net_id 140
pin_num 2
3 5 0
7 5 0
Net_id 141
pin_num 2
32 15 0
22 21 0
Net_id 142
pin_num 2
36 1 0
46 6 0
Net_id 143
pin_num 2
7 23 0
14 35 0
Net_id 144
pin_num 2
43 56 0
44 30 0
Net_id 145
pin_num 2
54 56 0
30 52 0
Net_id 146
pin_num 2
5 19 0
16 57 0
Net_id 147
pin_num 2
50 6 0
47 9 0
Net_id 148
pin_num 2
43 28 0
42 36 0
Net_id 149
pin_num 2
20 14 0
10 3 0
Net_id 150
pin_num 2
29 3 0
8 15 0
Net_id 151
pin_num 2
30 10 0
44 3 0
Net_id 152
pin_num 2
23 33 0
5 41 0
Net_id 153
pin_num 2
58 56 0
55 47 0
Net_id 154
pin_num 2
10 54 0
28 52 0
Net_id 155
pin_num 2
29 24 0
33 25 0
Net_id 156
pin_num 2
59 21 0
44 25 0
Net_id 157
pin_num 2
25 57 0
29 55 0
Net_id 158
pin_num 2
51 29 0
47 29 0
Net_id 159
pin_num 2
14 13 0
24 24 0
Net_id 160
pin_num 2
5 20 0
1 13 0
Net_id 161
pin_num 2
8 39 0
3 31 0
Net_id 162
pin_num 2
35 32 0
49 24 0
