Width 60
Height 60
Layer 6
Total_WL 6943
Obstacle_num 144
11 26 0 14 27 0
40 58 0 47 59 0
16 47 0 24 48 0
28 43 0 34 44 0
45 30 0 52 31 0
40 27 0 45 28 0
31 35 0 40 36 0
18 13 0 23 14 0
27 0 0 32 1 0
34 29 0 43 30 0
9 29 0 15 30 0
14 44 0 20 45 0
20 20 0 27 21 0
30 25 0 40 26 0
49 4 0 56 5 0
16 27 0 23 28 0
52 55 0 58 56 0
19 43 0 26 44 0
21 5 0 24 6 0
22 4 0 29 5 0
25 47 0 32 48 0
54 28 0 58 29 0
32 28 0 41 29 0
32 10 0 38 11 0
50 6 1 51 13 1
15 33 1 16 38 1
34 42 1 35 47 1
15 21 1 16 30 1
24 34 1 25 40 1
24 6 1 25 15 1
42 22 1 43 32 1
14 35 1 15 39 1
55 5 1 56 12 1
54 51 1 55 56 1
29 46 1 30 54 1
51 46 1 52 50 1
53 45 1 54 50 1
30 40 1 31 47 1
38 37 1 39 43 1
40 53 1 41 59 1
45 49 1 46 54 1
51 0 1 52 4 1
8 23 1 9 31 1
28 48 1 29 52 1
36 39 1 37 48 1
37 45 1 38 49 1
28 18 1 29 25 1
6 27 1 7 35 1
53 43 2 57 44 2
23 16 2 33 17 2
31 50 2 38 51 2
56 19 2 59 20 2
22 22 2 29 23 2
7 0 2 15 1 2
46 43 2 49 44 2
45 31 2 48 32 2
39 16 2 47 17 2
21 6 2 27 7 2
28 11 2 36 12 2
31 35 2 41 36 2
50 57 2 56 58 2
38 13 2 47 14 2
18 13 2 26 14 2
7 14 2 11 15 2
51 15 2 55 16 2
32 47 2 38 48 2
52 49 2 58 50 2
43 7 2 51 8 2
9 5 2 19 6 2
24 46 2 32 47 2
14 11 2 22 12 2
35 17 2 38 18 2
51 23 3 52 31 3
17 50 3 18 54 3
5 22 3 6 32 3
2 21 3 3 30 3
15 8 3 16 12 3
34 48 3 35 56 3
47 2 3 48 7 3
41 20 3 42 29 3
42 47 3 43 54 3
57 38 3 58 46 3
7 31 3 8 39 3
30 32 3 31 35 3
20 14 3 21 21 3
40 12 3 41 21 3
20 23 3 21 32 3
30 3 3 31 10 3
52 5 3 53 15 3
19 48 3 20 58 3
3 43 3 4 46 3
26 31 3 27 37 3
2 39 3 3 46 3
22 33 3 23 37 3
11 48 3 12 57 3
51 48 3 52 54 3
15 7 4 22 8 4
12 39 4 21 40 4
50 38 4 59 39 4
19 21 4 29 22 4
27 28 4 34 29 4
8 7 4 14 8 4
19 26 4 24 27 4
25 56 4 33 57 4
37 16 4 42 17 4
44 9 4 50 10 4
36 6 4 43 7 4
47 51 4 50 52 4
35 53 4 42 54 4
39 41 4 45 42 4
2 40 4 11 41 4
50 8 4 54 9 4
53 42 4 59 43 4
23 49 4 33 50 4
21 25 4 28 26 4
48 23 4 52 24 4
22 3 4 26 4 4
41 25 4 45 26 4
34 57 4 43 58 4
32 25 4 36 26 4
56 42 5 57 48 5
8 4 5 9 13 5
11 25 5 12 31 5
11 35 5 12 38 5
9 0 5 10 4 5
53 52 5 54 56 5
41 6 5 42 10 5
57 7 5 58 11 5
22 11 5 23 18 5
27 10 5 28 14 5
48 20 5 49 24 5
7 33 5 8 36 5
22 32 5 23 42 5
12 8 5 13 14 5
1 2 5 2 8 5
56 30 5 57 33 5
48 43 5 49 50 5
58 50 5 59 58 5
49 34 5 50 40 5
39 33 5 40 40 5
48 8 5 49 16 5
45 9 5 46 12 5
55 19 5 56 23 5
50 29 5 51 38 5
Net_num 164
Net_id 0
pin_num 5
7 23 0
2 30 0
2 38 0
0 24 0
2 12 0
Net_id 1
pin_num 5
50 51 0
59 58 0
39 52 0
42 48 0
45 59 0
Net_id 2
pin_num 5
3 21 0
8 20 0
0 30 0
0 19 0
21 21 0
Net_id 3
pin_num 5
36 23 0
40 25 0
59 24 0
45 45 0
52 13 0
Net_id 4
pin_num 5
5 43 0
18 40 0
37 40 0
28 52 0
25 57 0
Net_id 5
pin_num 5
12 4 0
25 2 0
15 12 0
26 11 0
0 11 0
Net_id 6
pin_num 5
0 17 0
9 25 0
17 24 0
12 28 0
3 30 0
Net_id 7
pin_num 5
24 46 0
24 41 0
32 45 0
27 49 0
20 59 0
Net_id 8
pin_num 5
12 42 0
7 57 0
0 46 0
9 48 0
20 42 0
Net_id 9
pin_num 5
57 14 0
51 7 0
57 25 0
52 0 0
55 30 0
Net_id 10
pin_num 5
27 54 0
23 50 0
47 53 0
8 51 0
21 58 0
Net_id 11
pin_num 5
48 29 0
34 27 0
34 13 0
43 48 0
44 22 0
Net_id 12
pin_num 5
33 20 0
43 15 0
27 20 0
32 0 0
37 0 0
Net_id 13
pin_num 5
53 33 0
44 40 0
59 35 0
31 38 0
37 32 0
Net_id 14
pin_num 5
31 16 0
39 21 0
18 19 0
21 17 0
19 16 0
Net_id 15
pin_num 5
16 50 0
18 58 0
2 59 0
12 45 0
4 54 0
Net_id 16
pin_num 5
8 36 0
1 34 0
8 19 0
26 23 0
8 31 0
Net_id 17
pin_num 5
19 2 0
24 5 0
7 3 0
24 1 0
43 4 0
Net_id 18
pin_num 5
50 57 0
59 51 0
59 53 0
58 34 0
40 57 0
Net_id 19
pin_num 5
48 13 0
40 26 0
58 25 0
50 22 0
41 48 0
Net_id 20
pin_num 4
35 2 0
27 1 0
32 24 0
45 22 0
Net_id 21
pin_num 4
45 0 0
50 3 0
59 6 0
53 16 0
Net_id 22
pin_num 4
6 12 0
22 12 0
18 0 0
31 12 0
Net_id 23
pin_num 4
4 49 0
9 46 0
8 58 0
38 47 0
Net_id 24
pin_num 4
40 3 0
26 0 0
36 15 0
27 14 0
Net_id 25
pin_num 4
19 48 0
11 48 0
12 41 0
14 27 0
Net_id 26
pin_num 4
12 5 0
20 7 0
14 0 0
0 4 0
Net_id 27
pin_num 4
8 33 0
14 39 0
13 53 0
33 34 0
Net_id 28
pin_num 4
36 4 0
27 8 0
21 2 0
19 14 0
Net_id 29
pin_num 4
49 36 0
53 24 0
44 33 0
52 53 0
Net_id 30
pin_num 4
22 57 0
26 59 0
30 51 0
36 58 0
Net_id 31
pin_num 4
8 46 0
0 39 0
2 58 0
0 45 0
Net_id 32
pin_num 4
3 26 0
11 25 0
6 14 0
1 9 0
Net_id 33
pin_num 4
32 22 0
50 31 0
47 11 0
46 17 0
Net_id 34
pin_num 4
59 40 0
45 40 0
51 44 0
55 33 0
Net_id 35
pin_num 4
44 15 0
48 22 0
48 6 0
59 31 0
Net_id 36
pin_num 4
34 45 0
40 36 0
31 37 0
45 51 0
Net_id 37
pin_num 4
20 29 0
27 15 0
26 15 0
39 30 0
Net_id 38
pin_num 4
40 43 0
35 59 0
49 53 0
48 53 0
Net_id 39
pin_num 4
53 47 0
59 44 0
56 34 0
57 27 0
Net_id 40
pin_num 4
43 8 0
53 17 0
42 32 0
37 30 0
Net_id 41
pin_num 4
15 6 0
23 0 0
13 7 0
26 13 0
Net_id 42
pin_num 3
59 17 0
48 1 0
44 0 0
Net_id 43
pin_num 3
27 42 0
12 40 0
9 36 0
Net_id 44
pin_num 3
48 31 0
49 29 0
50 56 0
Net_id 45
pin_num 3
29 57 0
20 48 0
49 58 0
Net_id 46
pin_num 3
40 38 0
59 48 0
50 48 0
Net_id 47
pin_num 3
28 21 0
35 6 0
24 6 0
Net_id 48
pin_num 3
2 8 0
3 19 0
7 10 0
Net_id 49
pin_num 3
28 1 0
33 13 0
42 3 0
Net_id 50
pin_num 3
38 48 0
52 59 0
1 59 0
Net_id 51
pin_num 3
19 49 0
30 49 0
37 58 0
Net_id 52
pin_num 3
4 57 0
3 56 0
1 46 0
Net_id 53
pin_num 3
4 33 0
6 40 0
25 37 0
Net_id 54
pin_num 3
42 20 0
53 18 0
37 19 0
Net_id 55
pin_num 3
1 42 0
17 33 0
0 58 0
Net_id 56
pin_num 3
23 35 0
13 18 0
22 18 0
Net_id 57
pin_num 3
38 14 0
43 21 0
43 49 0
Net_id 58
pin_num 3
11 15 0
15 19 0
0 43 0
Net_id 59
pin_num 3
56 41 0
48 41 0
44 50 0
Net_id 60
pin_num 3
20 50 0
24 33 0
18 22 0
Net_id 61
pin_num 3
36 52 0
24 56 0
32 46 0
Net_id 62
pin_num 3
52 11 0
53 7 0
59 0 0
Net_id 63
pin_num 3
4 38 0
4 58 0
18 36 0
Net_id 64
pin_num 3
23 40 0
42 43 0
19 29 0
Net_id 65
pin_num 3
6 25 0
6 35 0
23 15 0
Net_id 66
pin_num 3
5 4 0
1 30 0
12 14 0
Net_id 67
pin_num 3
16 28 0
12 32 0
5 27 0
Net_id 68
pin_num 3
39 46 0
39 34 0
50 29 0
Net_id 69
pin_num 3
49 32 0
58 31 0
43 19 0
Net_id 70
pin_num 3
47 50 0
59 43 0
52 51 0
Net_id 71
pin_num 3
57 30 0
46 32 0
30 31 0
Net_id 72
pin_num 3
11 2 0
5 2 0
1 3 0
Net_id 73
pin_num 3
37 56 0
29 41 0
29 59 0
Net_id 74
pin_num 3
33 45 0
21 54 0
21 52 0
Net_id 75
pin_num 3
35 42 0
59 39 0
34 39 0
Net_id 76
pin_num 3
22 54 0
29 42 0
9 59 0
Net_id 77
pin_num 3
57 6 0
38 1 0
58 13 0
Net_id 78
pin_num 3
41 25 0
47 25 0
44 19 0
Net_id 79
pin_num 3
42 49 0
22 39 0
12 38 0
Net_id 80
pin_num 3
54 56 0
59 41 0
55 53 0
Net_id 81
pin_num 3
22 21 0
35 23 0
29 39 0
Net_id 82
pin_num 3
31 19 0
38 15 0
34 2 0
Net_id 83
pin_num 3
27 7 0
42 18 0
56 8 0
Net_id 84
pin_num 3
18 26 0
21 7 0
16 29 0
Net_id 85
pin_num 2
40 46 0
48 59 0
Net_id 86
pin_num 2
35 40 0
30 39 0
Net_id 87
pin_num 2
56 49 0
37 27 0
Net_id 88
pin_num 2
5 14 0
1 14 0
Net_id 89
pin_num 2
51 47 0
37 54 0
Net_id 90
pin_num 2
32 41 0
56 33 0
Net_id 91
pin_num 2
52 16 0
37 21 0
Net_id 92
pin_num 2
34 8 0
49 13 0
Net_id 93
pin_num 2
20 23 0
17 8 0
Net_id 94
pin_num 2
10 18 0
12 27 0
Net_id 95
pin_num 2
43 54 0
51 58 0
Net_id 96
pin_num 2
13 30 0
4 53 0
Net_id 97
pin_num 2
11 38 0
5 32 0
Net_id 98
pin_num 2
0 20 0
6 22 0
Net_id 99
pin_num 2
3 24 0
13 25 0
Net_id 100
pin_num 2
26 12 0
31 30 0
Net_id 101
pin_num 2
18 17 0
47 24 0
Net_id 102
pin_num 2
10 15 0
1 15 0
Net_id 103
pin_num 2
10 46 0
3 28 0
Net_id 104
pin_num 2
6 42 0
8 39 0
Net_id 105
pin_num 2
57 24 0
56 13 0
Net_id 106
pin_num 2
30 29 0
25 14 0
Net_id 107
pin_num 2
17 54 0
31 42 0
Net_id 108
pin_num 2
4 28 0
9 28 0
Net_id 109
pin_num 2
19 36 0
32 36 0
Net_id 110
pin_num 2
29 56 0
16 52 0
Net_id 111
pin_num 2
19 1 0
28 5 0
Net_id 112
pin_num 2
33 23 0
33 15 0
Net_id 113
pin_num 2
40 10 0
58 1 0
Net_id 114
pin_num 2
37 24 0
44 36 0
Net_id 115
pin_num 2
6 56 0
10 58 0
Net_id 116
pin_num 2
15 10 0
11 13 0
Net_id 117
pin_num 2
46 37 0
21 45 0
Net_id 118
pin_num 2
6 53 0
5 45 0
Net_id 119
pin_num 2
27 59 0
31 51 0
Net_id 120
pin_num 2
19 15 0
22 19 0
Net_id 121
pin_num 2
15 36 0
20 37 0
Net_id 122
pin_num 2
1 39 0
6 44 0
Net_id 123
pin_num 2
53 10 0
54 18 0
Net_id 124
pin_num 2
14 8 0
5 16 0
Net_id 125
pin_num 2
12 17 0
23 10 0
Net_id 126
pin_num 2
14 14 0
18 8 0
Net_id 127
pin_num 2
34 34 0
46 27 0
Net_id 128
pin_num 2
47 56 0
44 49 0
Net_id 129
pin_num 2
56 51 0
43 56 0
Net_id 130
pin_num 2
10 27 0
3 37 0
Net_id 131
pin_num 2
36 54 0
18 49 0
Net_id 132
pin_num 2
4 3 0
5 6 0
Net_id 133
pin_num 2
57 9 0
50 5 0
Net_id 134
pin_num 2
2 10 0
8 13 0
Net_id 135
pin_num 2
26 35 0
10 49 0
Net_id 136
pin_num 2
1 43 0
5 42 0
Net_id 137
pin_num 2
10 44 0
8 10 0
Net_id 138
pin_num 2
48 21 0
50 14 0
Net_id 139
pin_num 2
10 52 0
3 52 0
Net_id 140
pin_num 2
30 46 0
9 41 0
Net_id 141
pin_num 2
11 16 0
29 15 0
Net_id 142
pin_num 2
39 36 0
32 57 0
Net_id 143
pin_num 2
28 10 0
14 17 0
Net_id 144
pin_num 2
41 6 0
56 22 0
Net_id 145
pin_num 2
33 5 0
50 13 0
Net_id 146
pin_num 2
53 15 0
59 32 0
Net_id 147
pin_num 2
51 37 0
58 32 0
Net_id 148
pin_num 2
52 58 0
50 46 0
Net_id 149
pin_num 2
0 28 0
15 40 0
Net_id 150
pin_num 2
15 41 0
10 53 0
Net_id 151
pin_num 2
37 17 0
46 10 0
Net_id 152
pin_num 2
47 43 0
42 36 0
Net_id 153
pin_num 2
55 29 0
47 14 0
Net_id 154
pin_num 2
6 13 0
10 28 0
Net_id 155
pin_num 2
48 3 0
56 14 0
Net_id 156
pin_num 2
8 30 0
3 33 0
Net_id 157
pin_num 2
22 0 0
32 9 0
Net_id 158
pin_num 2
4 9 0
20 8 0
Net_id 159
pin_num 2
32 56 0
25 39 0
Net_id 160
pin_num 2
51 17 0
47 44 0
Net_id 161
pin_num 2
52 19 0
36 32 0
Net_id 162
pin_num 2
37 5 0
50 7 0
Net_id 163
pin_num 2
3 54 0
10 54 0
