Width 60
Height 60
Layer 6
Total_WL 6506
Obstacle_num 144
30 28 0 40 29 0
52 46 0 58 47 0
29 7 0 39 8 0
38 11 0 46 12 0
55 37 0 58 38 0
15 52 0 24 53 0
44 27 0 50 28 0
38 45 0 47 46 0
4 43 0 10 44 0
35 20 0 43 21 0
24 26 0 34 27 0
18 3 0 22 4 0
13 19 0 17 20 0
13 34 0 23 35 0
37 47 0 42 48 0
4 6 0 13 7 0
51 51 0 55 52 0
43 49 0 50 50 0
41 46 0 48 47 0
13 31 0 19 32 0
40 42 0 48 43 0
5 38 0 9 39 0
41 52 0 51 53 0
22 57 0 26 58 0
50 49 1 51 54 1
35 40 1 36 49 1
10 15 1 11 19 1
56 33 1 57 37 1
11 15 1 12 19 1
56 0 1 57 6 1
26 10 1 27 13 1
5 25 1 6 30 1
2 36 1 3 43 1
1 36 1 2 43 1
49 48 1 50 51 1
37 3 1 38 7 1
16 26 1 17 29 1
51 49 1 52 52 1
3 29 1 4 32 1
25 24 1 26 27 1
58 2 1 59 9 1
32 35 1 33 43 1
1 4 1 2 13 1
56 23 1 57 31 1
47 50 1 48 59 1
44 14 1 45 21 1
4 19 1 5 23 1
48 3 1 49 9 1
1 56 2 10 57 2
39 44 2 49 45 2
51 42 2 56 43 2
0 12 2 10 13 2
27 28 2 31 29 2
46 50 2 56 51 2
52 32 2 58 33 2
51 30 2 56 31 2
34 18 2 41 19 2
17 14 2 23 15 2
31 18 2 34 19 2
16 52 2 24 53 2
54 2 2 59 3 2
29 40 2 33 41 2
10 54 2 18 55 2
19 38 2 26 39 2
18 57 2 26 58 2
23 24 2 33 25 2
38 26 2 42 27 2
5 42 2 9 43 2
17 29 2 26 30 2
43 46 2 46 47 2
27 13 2 30 14 2
26 34 2 31 35 2
39 29 3 40 32 3
21 37 3 22 43 3
17 20 3 18 25 3
33 39 3 34 47 3
27 8 3 28 17 3
55 20 3 56 29 3
12 25 3 13 32 3
54 16 3 55 23 3
39 2 3 40 9 3
13 6 3 14 15 3
17 2 3 18 10 3
22 8 3 23 13 3
41 53 3 42 59 3
38 4 3 39 14 3
55 48 3 56 52 3
11 19 3 12 24 3
53 14 3 54 24 3
41 10 3 42 20 3
3 31 3 4 40 3
38 48 3 39 58 3
0 22 3 1 27 3
10 37 3 11 41 3
57 28 3 58 37 3
48 26 3 49 34 3
29 37 4 37 38 4
41 36 4 50 37 4
17 45 4 27 46 4
16 2 4 20 3 4
0 18 4 7 19 4
12 2 4 16 3 4
51 35 4 56 36 4
35 12 4 41 13 4
54 8 4 59 9 4
24 33 4 28 34 4
2 14 4 8 15 4
10 17 4 18 18 4
26 38 4 34 39 4
38 17 4 41 18 4
1 39 4 10 40 4
1 7 4 7 8 4
21 51 4 29 52 4
0 20 4 10 21 4
53 25 4 58 26 4
27 16 4 30 17 4
39 46 4 48 47 4
20 3 4 25 4 4
38 10 4 47 11 4
4 36 4 14 37 4
50 39 5 51 47 5
37 19 5 38 24 5
25 38 5 26 44 5
32 23 5 33 27 5
2 42 5 3 52 5
29 35 5 30 39 5
12 35 5 13 41 5
39 50 5 40 57 5
26 33 5 27 43 5
53 48 5 54 54 5
30 28 5 31 31 5
29 17 5 30 22 5
45 32 5 46 39 5
8 26 5 9 35 5
52 27 5 53 36 5
34 30 5 35 38 5
43 25 5 44 35 5
24 5 5 25 8 5
24 25 5 25 32 5
38 14 5 39 20 5
21 14 5 22 22 5
57 52 5 58 55 5
0 12 5 1 15 5
37 29 5 38 35 5
Net_num 158
Net_id 0
pin_num 5
38 0 0
36 3 0
36 9 0
51 7 0
41 3 0
Net_id 1
pin_num 5
55 12 0
31 12 0
18 12 0
23 32 0
12 21 0
Net_id 2
pin_num 5
21 32 0
15 30 0
10 32 0
13 44 0
10 28 0
Net_id 3
pin_num 5
13 55 0
19 51 0
21 54 0
20 45 0
28 50 0
Net_id 4
pin_num 5
45 31 0
59 37 0
59 18 0
50 32 0
48 43 0
Net_id 5
pin_num 5
46 59 0
58 49 0
53 57 0
59 56 0
53 40 0
Net_id 6
pin_num 5
25 59 0
25 46 0
37 48 0
38 59 0
40 43 0
Net_id 7
pin_num 5
59 38 0
52 47 0
59 57 0
53 38 0
55 47 0
Net_id 8
pin_num 5
26 11 0
20 2 0
29 10 0
6 7 0
12 25 0
Net_id 9
pin_num 5
23 30 0
36 30 0
58 30 0
33 21 0
33 51 0
Net_id 10
pin_num 5
2 1 0
7 8 0
29 1 0
27 0 0
14 16 0
Net_id 11
pin_num 5
11 36 0
21 39 0
0 47 0
18 45 0
8 56 0
Net_id 12
pin_num 5
46 18 0
42 17 0
45 35 0
42 28 0
45 3 0
Net_id 13
pin_num 5
29 34 0
23 35 0
30 35 0
28 28 0
23 9 0
Net_id 14
pin_num 5
59 0 0
50 3 0
55 16 0
59 1 0
39 8 0
Net_id 15
pin_num 5
27 15 0
22 20 0
18 6 0
30 10 0
0 10 0
Net_id 16
pin_num 5
17 27 0
34 24 0
1 27 0
17 42 0
13 13 0
Net_id 17
pin_num 5
38 54 0
33 54 0
52 54 0
29 59 0
29 43 0
Net_id 18
pin_num 4
43 39 0
25 37 0
15 37 0
18 18 0
Net_id 19
pin_num 4
12 50 0
10 59 0
17 56 0
27 59 0
Net_id 20
pin_num 4
27 27 0
37 33 0
27 44 0
34 25 0
Net_id 21
pin_num 4
36 31 0
43 31 0
27 31 0
44 29 0
Net_id 22
pin_num 4
1 12 0
0 18 0
7 15 0
6 5 0
Net_id 23
pin_num 4
33 25 0
16 25 0
56 12 0
53 17 0
Net_id 24
pin_num 4
19 55 0
6 58 0
11 44 0
0 52 0
Net_id 25
pin_num 4
2 7 0
3 8 0
10 2 0
2 0 0
Net_id 26
pin_num 4
27 47 0
19 47 0
24 32 0
1 48 0
Net_id 27
pin_num 4
28 41 0
18 53 0
12 52 0
0 35 0
Net_id 28
pin_num 4
50 53 0
44 51 0
44 41 0
59 51 0
Net_id 29
pin_num 4
49 41 0
36 45 0
42 27 0
38 29 0
Net_id 30
pin_num 4
56 50 0
58 37 0
44 39 0
58 40 0
Net_id 31
pin_num 4
28 29 0
30 22 0
37 23 0
35 49 0
Net_id 32
pin_num 4
29 38 0
24 31 0
44 31 0
28 51 0
Net_id 33
pin_num 4
21 29 0
13 46 0
1 34 0
6 45 0
Net_id 34
pin_num 4
38 42 0
42 41 0
29 40 0
43 59 0
Net_id 35
pin_num 4
58 34 0
42 34 0
53 19 0
58 12 0
Net_id 36
pin_num 4
48 56 0
31 54 0
28 59 0
45 36 0
Net_id 37
pin_num 3
53 35 0
41 34 0
30 47 0
Net_id 38
pin_num 3
46 19 0
35 5 0
52 3 0
Net_id 39
pin_num 3
16 58 0
25 58 0
17 59 0
Net_id 40
pin_num 3
22 51 0
21 45 0
38 58 0
Net_id 41
pin_num 3
56 39 0
34 42 0
36 47 0
Net_id 42
pin_num 3
1 9 0
8 9 0
1 19 0
Net_id 43
pin_num 3
5 24 0
1 20 0
22 23 0
Net_id 44
pin_num 3
20 5 0
31 0 0
29 8 0
Net_id 45
pin_num 3
14 8 0
39 9 0
26 18 0
Net_id 46
pin_num 3
34 21 0
35 36 0
50 24 0
Net_id 47
pin_num 3
5 7 0
11 2 0
2 13 0
Net_id 48
pin_num 3
13 17 0
16 20 0
14 49 0
Net_id 49
pin_num 3
7 23 0
15 35 0
46 29 0
Net_id 50
pin_num 3
44 48 0
36 44 0
51 47 0
Net_id 51
pin_num 3
16 24 0
6 23 0
8 5 0
Net_id 52
pin_num 3
32 24 0
27 7 0
31 47 0
Net_id 53
pin_num 3
7 31 0
2 23 0
9 26 0
Net_id 54
pin_num 3
2 42 0
13 50 0
27 58 0
Net_id 55
pin_num 3
50 2 0
37 1 0
29 15 0
Net_id 56
pin_num 3
2 17 0
9 22 0
2 11 0
Net_id 57
pin_num 3
12 12 0
22 24 0
10 44 0
Net_id 58
pin_num 3
40 5 0
50 8 0
47 28 0
Net_id 59
pin_num 3
38 14 0
57 14 0
10 14 0
Net_id 60
pin_num 3
41 4 0
20 11 0
16 0 0
Net_id 61
pin_num 3
14 18 0
6 20 0
6 22 0
Net_id 62
pin_num 3
55 18 0
58 26 0
43 18 0
Net_id 63
pin_num 3
7 19 0
19 28 0
24 25 0
Net_id 64
pin_num 3
14 11 0
5 8 0
1 26 0
Net_id 65
pin_num 3
31 53 0
43 37 0
42 43 0
Net_id 66
pin_num 3
54 28 0
54 22 0
58 33 0
Net_id 67
pin_num 3
35 11 0
41 10 0
59 7 0
Net_id 68
pin_num 3
48 51 0
56 55 0
30 53 0
Net_id 69
pin_num 3
52 27 0
51 36 0
52 0 0
Net_id 70
pin_num 3
52 38 0
47 40 0
58 48 0
Net_id 71
pin_num 3
8 37 0
32 11 0
9 16 0
Net_id 72
pin_num 3
40 56 0
55 45 0
54 15 0
Net_id 73
pin_num 3
26 6 0
18 10 0
28 19 0
Net_id 74
pin_num 3
7 44 0
23 51 0
4 38 0
Net_id 75
pin_num 3
5 4 0
8 0 0
2 10 0
Net_id 76
pin_num 3
37 4 0
54 4 0
39 0 0
Net_id 77
pin_num 3
31 48 0
10 48 0
14 0 0
Net_id 78
pin_num 3
6 12 0
13 2 0
30 1 0
Net_id 79
pin_num 2
1 33 0
4 35 0
Net_id 80
pin_num 2
49 15 0
52 26 0
Net_id 81
pin_num 2
53 3 0
44 0 0
Net_id 82
pin_num 2
19 45 0
12 53 0
Net_id 83
pin_num 2
14 52 0
7 35 0
Net_id 84
pin_num 2
51 23 0
46 9 0
Net_id 85
pin_num 2
4 58 0
15 44 0
Net_id 86
pin_num 2
44 32 0
37 35 0
Net_id 87
pin_num 2
18 42 0
19 53 0
Net_id 88
pin_num 2
0 5 0
10 12 0
Net_id 89
pin_num 2
12 33 0
3 41 0
Net_id 90
pin_num 2
32 52 0
49 40 0
Net_id 91
pin_num 2
31 33 0
21 53 0
Net_id 92
pin_num 2
23 55 0
24 59 0
Net_id 93
pin_num 2
23 13 0
8 4 0
Net_id 94
pin_num 2
46 10 0
57 10 0
Net_id 95
pin_num 2
9 45 0
17 45 0
Net_id 96
pin_num 2
26 15 0
15 18 0
Net_id 97
pin_num 2
56 47 0
59 48 0
Net_id 98
pin_num 2
5 33 0
15 43 0
Net_id 99
pin_num 2
19 5 0
3 21 0
Net_id 100
pin_num 2
17 19 0
19 20 0
Net_id 101
pin_num 2
41 0 0
32 17 0
Net_id 102
pin_num 2
10 22 0
15 25 0
Net_id 103
pin_num 2
56 57 0
58 54 0
Net_id 104
pin_num 2
44 25 0
33 15 0
Net_id 105
pin_num 2
25 13 0
50 21 0
Net_id 106
pin_num 2
1 39 0
22 36 0
Net_id 107
pin_num 2
10 34 0
4 17 0
Net_id 108
pin_num 2
46 57 0
57 57 0
Net_id 109
pin_num 2
9 21 0
16 15 0
Net_id 110
pin_num 2
38 6 0
54 1 0
Net_id 111
pin_num 2
8 50 0
0 50 0
Net_id 112
pin_num 2
35 35 0
31 11 0
Net_id 113
pin_num 2
58 1 0
54 9 0
Net_id 114
pin_num 2
57 19 0
54 18 0
Net_id 115
pin_num 2
28 1 0
9 14 0
Net_id 116
pin_num 2
19 17 0
15 0 0
Net_id 117
pin_num 2
10 52 0
3 55 0
Net_id 118
pin_num 2
4 37 0
6 57 0
Net_id 119
pin_num 2
49 11 0
35 0 0
Net_id 120
pin_num 2
1 14 0
11 26 0
Net_id 121
pin_num 2
29 36 0
56 40 0
Net_id 122
pin_num 2
46 50 0
37 36 0
Net_id 123
pin_num 2
21 16 0
18 17 0
Net_id 124
pin_num 2
54 37 0
43 23 0
Net_id 125
pin_num 2
35 22 0
18 9 0
Net_id 126
pin_num 2
8 25 0
20 19 0
Net_id 127
pin_num 2
45 16 0
53 16 0
Net_id 128
pin_num 2
25 16 0
39 16 0
Net_id 129
pin_num 2
16 22 0
24 21 0
Net_id 130
pin_num 2
33 8 0
33 9 0
Net_id 131
pin_num 2
6 56 0
10 55 0
Net_id 132
pin_num 2
53 8 0
46 23 0
Net_id 133
pin_num 2
1 16 0
8 3 0
Net_id 134
pin_num 2
27 53 0
50 56 0
Net_id 135
pin_num 2
40 7 0
32 0 0
Net_id 136
pin_num 2
56 23 0
28 17 0
Net_id 137
pin_num 2
44 3 0
35 1 0
Net_id 138
pin_num 2
5 55 0
6 59 0
Net_id 139
pin_num 2
35 56 0
47 45 0
Net_id 140
pin_num 2
57 11 0
52 21 0
Net_id 141
pin_num 2
10 53 0
2 59 0
Net_id 142
pin_num 2
58 51 0
31 52 0
Net_id 143
pin_num 2
42 40 0
31 29 0
Net_id 144
pin_num 2
42 10 0
44 17 0
Net_id 145
pin_num 2
38 44 0
26 58 0
Net_id 146
pin_num 2
26 29 0
15 15 0
Net_id 147
pin_num 2
50 26 0
55 24 0
Net_id 148
pin_num 2
59 23 0
54 35 0
Net_id 149
pin_num 2
23 56 0
9 32 0
Net_id 150
pin_num 2
43 24 0
38 24 0
Net_id 151
pin_num 2
48 37 0
29 32 0
Net_id 152
pin_num 2
49 17 0
58 45 0
Net_id 153
pin_num 2
38 43 0
30 49 0
Net_id 154
pin_num 2
59 50 0
56 54 0
Net_id 155
pin_num 2
7 59 0
10 58 0
Net_id 156
pin_num 2
6 30 0
15 33 0
Net_id 157
pin_num 2
1 2 0
9 5 0
