Width 60
Height 60
Layer 6
Total_WL 6728
Obstacle_num 144
34 56 0 38 57 0
46 26 0 51 27 0
18 36 0 24 37 0
34 23 0 39 24 0
42 10 0 46 11 0
19 43 0 27 44 0
52 37 0 57 38 0
16 38 0 19 39 0
39 55 0 49 56 0
31 50 0 40 51 0
43 45 0 48 46 0
26 30 0 34 31 0
25 58 0 30 59 0
37 27 0 41 28 0
0 15 0 7 16 0
42 6 0 50 7 0
9 44 0 14 45 0
5 23 0 9 24 0
5 22 0 15 23 0
24 10 0 28 11 0
36 26 0 46 27 0
3 58 0 9 59 0
43 47 0 46 48 0
12 53 0 15 54 0
17 42 1 18 47 1
37 27 1 38 31 1
45 44 1 46 47 1
17 15 1 18 21 1
29 47 1 30 51 1
46 4 1 47 10 1
33 31 1 34 35 1
16 52 1 17 55 1
45 1 1 46 11 1
27 38 1 28 48 1
2 49 1 3 57 1
0 4 1 1 7 1
10 7 1 11 15 1
32 3 1 33 7 1
1 6 1 2 10 1
8 17 1 9 26 1
34 45 1 35 55 1
44 20 1 45 29 1
24 21 1 25 28 1
3 20 1 4 29 1
40 23 1 41 28 1
57 42 1 58 49 1
28 41 1 29 50 1
41 13 1 42 18 1
2 49 2 6 50 2
10 18 2 16 19 2
43 42 2 52 43 2
42 9 2 50 10 2
8 41 2 15 42 2
10 40 2 20 41 2
39 45 2 45 46 2
23 18 2 27 19 2
14 16 2 24 17 2
9 52 2 16 53 2
51 27 2 58 28 2
36 26 2 40 27 2
13 39 2 18 40 2
31 34 2 38 35 2
13 14 2 18 15 2
45 24 2 54 25 2
47 51 2 51 52 2
1 40 2 8 41 2
22 9 2 29 10 2
38 53 2 42 54 2
44 38 2 53 39 2
45 54 2 52 55 2
10 11 2 15 12 2
18 56 2 27 57 2
9 19 3 10 27 3
33 37 3 34 44 3
37 32 3 38 41 3
37 25 3 38 28 3
19 28 3 20 37 3
6 30 3 7 34 3
1 11 3 2 20 3
9 41 3 10 47 3
22 29 3 23 36 3
49 19 3 50 27 3
32 0 3 33 10 3
52 10 3 53 19 3
38 4 3 39 11 3
17 31 3 18 41 3
12 21 3 13 26 3
14 23 3 15 27 3
42 34 3 43 42 3
41 42 3 42 48 3
50 28 3 51 36 3
17 10 3 18 17 3
44 47 3 45 51 3
26 24 3 27 30 3
23 38 3 24 47 3
26 36 3 27 41 3
33 46 4 43 47 4
8 14 4 17 15 4
51 56 4 55 57 4
39 55 4 44 56 4
5 40 4 14 41 4
47 36 4 53 37 4
35 15 4 41 16 4
50 55 4 59 56 4
14 55 4 24 56 4
9 11 4 12 12 4
23 48 4 29 49 4
0 13 4 5 14 4
11 3 4 19 4 4
35 6 4 39 7 4
26 36 4 31 37 4
41 51 4 49 52 4
11 2 4 15 3 4
30 41 4 34 42 4
25 5 4 30 6 4
36 28 4 40 29 4
52 20 4 58 21 4
31 18 4 41 19 4
30 2 4 37 3 4
44 2 4 51 3 4
34 31 5 35 39 5
0 16 5 1 21 5
6 29 5 7 39 5
58 16 5 59 26 5
54 23 5 55 32 5
34 0 5 35 4 5
17 21 5 18 28 5
24 46 5 25 56 5
10 51 5 11 58 5
41 32 5 42 38 5
23 12 5 24 20 5
15 27 5 16 32 5
27 44 5 28 47 5
9 12 5 10 20 5
44 55 5 45 59 5
56 29 5 57 39 5
26 3 5 27 10 5
18 25 5 19 35 5
43 34 5 44 42 5
38 27 5 39 37 5
23 44 5 24 49 5
37 41 5 38 45 5
57 7 5 58 14 5
56 6 5 57 10 5
Net_num 156
Net_id 0
pin_num 5
19 42 0
30 40 0
30 21 0
25 32 0
22 40 0
Net_id 1
pin_num 5
15 55 0
0 55 0
1 51 0
13 43 0
17 54 0
Net_id 2
pin_num 5
20 11 0
15 4 0
15 22 0
30 7 0
6 0 0
Net_id 3
pin_num 5
59 23 0
53 20 0
58 18 0
56 22 0
59 44 0
Net_id 4
pin_num 5
3 4 0
1 20 0
0 3 0
24 19 0
23 15 0
Net_id 5
pin_num 5
31 14 0
20 25 0
28 3 0
41 9 0
42 13 0
Net_id 6
pin_num 5
13 41 0
15 38 0
13 25 0
24 20 0
19 35 0
Net_id 7
pin_num 5
23 2 0
6 5 0
37 2 0
28 0 0
25 20 0
Net_id 8
pin_num 5
25 56 0
29 56 0
42 50 0
9 50 0
25 55 0
Net_id 9
pin_num 5
49 51 0
43 51 0
51 59 0
44 31 0
33 54 0
Net_id 10
pin_num 5
40 7 0
35 7 0
29 4 0
31 19 0
36 24 0
Net_id 11
pin_num 5
5 47 0
2 57 0
4 36 0
11 56 0
0 43 0
Net_id 12
pin_num 5
26 37 0
14 31 0
19 47 0
11 59 0
16 55 0
Net_id 13
pin_num 5
18 28 0
2 34 0
11 51 0
0 36 0
7 48 0
Net_id 14
pin_num 5
19 15 0
23 10 0
22 33 0
45 33 0
14 12 0
Net_id 15
pin_num 5
50 38 0
45 32 0
38 32 0
59 22 0
58 27 0
Net_id 16
pin_num 5
6 27 0
7 29 0
0 37 0
16 33 0
21 30 0
Net_id 17
pin_num 5
36 35 0
51 31 0
47 47 0
51 19 0
36 31 0
Net_id 18
pin_num 5
27 0 0
24 13 0
12 0 0
15 13 0
29 8 0
Net_id 19
pin_num 5
16 43 0
20 47 0
42 47 0
32 42 0
32 46 0
Net_id 20
pin_num 4
31 58 0
29 54 0
32 41 0
10 57 0
Net_id 21
pin_num 4
2 26 0
2 17 0
4 33 0
1 58 0
Net_id 22
pin_num 4
10 25 0
5 24 0
1 30 0
1 44 0
Net_id 23
pin_num 4
33 15 0
46 18 0
53 16 0
53 18 0
Net_id 24
pin_num 4
44 7 0
51 11 0
27 11 0
47 0 0
Net_id 25
pin_num 4
52 40 0
46 40 0
49 22 0
50 58 0
Net_id 26
pin_num 4
58 35 0
51 41 0
33 39 0
58 56 0
Net_id 27
pin_num 4
27 20 0
32 20 0
30 59 0
16 23 0
Net_id 28
pin_num 4
47 50 0
43 46 0
43 27 0
43 9 0
Net_id 29
pin_num 4
14 3 0
25 3 0
1 3 0
11 0 0
Net_id 30
pin_num 4
56 8 0
57 0 0
44 8 0
51 2 0
Net_id 31
pin_num 4
45 57 0
38 52 0
31 55 0
34 44 0
Net_id 32
pin_num 4
50 34 0
38 34 0
38 49 0
21 48 0
Net_id 33
pin_num 4
14 26 0
1 27 0
0 58 0
1 18 0
Net_id 34
pin_num 4
50 46 0
31 42 0
25 39 0
40 29 0
Net_id 35
pin_num 4
0 59 0
6 49 0
48 50 0
14 49 0
Net_id 36
pin_num 4
5 50 0
12 58 0
24 56 0
9 59 0
Net_id 37
pin_num 4
55 13 0
59 12 0
48 12 0
52 28 0
Net_id 38
pin_num 4
24 51 0
39 51 0
32 59 0
33 53 0
Net_id 39
pin_num 4
44 3 0
57 5 0
52 0 0
59 17 0
Net_id 40
pin_num 3
11 49 0
5 44 0
26 59 0
Net_id 41
pin_num 3
25 18 0
33 28 0
41 8 0
Net_id 42
pin_num 3
49 1 0
40 12 0
51 34 0
Net_id 43
pin_num 3
38 48 0
21 40 0
37 21 0
Net_id 44
pin_num 3
0 17 0
5 14 0
0 22 0
Net_id 45
pin_num 3
1 9 0
4 20 0
22 9 0
Net_id 46
pin_num 3
54 43 0
42 43 0
46 36 0
Net_id 47
pin_num 3
33 48 0
14 37 0
20 38 0
Net_id 48
pin_num 3
49 13 0
44 2 0
58 11 0
Net_id 49
pin_num 3
3 2 0
2 11 0
7 7 0
Net_id 50
pin_num 3
25 15 0
13 12 0
6 12 0
Net_id 51
pin_num 3
25 13 0
53 11 0
32 15 0
Net_id 52
pin_num 3
37 38 0
50 47 0
43 52 0
Net_id 53
pin_num 3
59 40 0
44 30 0
47 10 0
Net_id 54
pin_num 3
0 21 0
14 21 0
11 23 0
Net_id 55
pin_num 3
46 30 0
56 43 0
52 59 0
Net_id 56
pin_num 3
39 44 0
31 46 0
31 59 0
Net_id 57
pin_num 3
54 11 0
57 9 0
52 6 0
Net_id 58
pin_num 3
44 22 0
38 18 0
43 2 0
Net_id 59
pin_num 3
59 41 0
53 38 0
45 40 0
Net_id 60
pin_num 3
31 12 0
39 5 0
18 12 0
Net_id 61
pin_num 3
40 17 0
34 43 0
58 33 0
Net_id 62
pin_num 3
37 46 0
42 44 0
27 45 0
Net_id 63
pin_num 3
45 9 0
58 0 0
18 5 0
Net_id 64
pin_num 3
27 3 0
17 1 0
19 4 0
Net_id 65
pin_num 3
36 18 0
29 25 0
21 24 0
Net_id 66
pin_num 3
31 56 0
46 47 0
20 41 0
Net_id 67
pin_num 3
40 30 0
29 41 0
50 13 0
Net_id 68
pin_num 3
13 35 0
4 59 0
7 51 0
Net_id 69
pin_num 3
38 56 0
42 48 0
41 47 0
Net_id 70
pin_num 3
50 18 0
40 14 0
54 7 0
Net_id 71
pin_num 3
26 34 0
21 33 0
6 41 0
Net_id 72
pin_num 3
6 24 0
7 35 0
7 6 0
Net_id 73
pin_num 3
1 41 0
5 42 0
4 22 0
Net_id 74
pin_num 3
49 7 0
56 9 0
59 45 0
Net_id 75
pin_num 3
14 38 0
5 48 0
10 23 0
Net_id 76
pin_num 3
9 47 0
6 20 0
20 59 0
Net_id 77
pin_num 3
51 1 0
59 0 0
55 9 0
Net_id 78
pin_num 3
51 25 0
35 10 0
57 21 0
Net_id 79
pin_num 3
28 36 0
48 56 0
26 26 0
Net_id 80
pin_num 2
18 39 0
8 39 0
Net_id 81
pin_num 2
47 42 0
55 36 0
Net_id 82
pin_num 2
33 44 0
3 46 0
Net_id 83
pin_num 2
39 53 0
46 56 0
Net_id 84
pin_num 2
21 18 0
43 4 0
Net_id 85
pin_num 2
30 57 0
40 52 0
Net_id 86
pin_num 2
53 45 0
55 44 0
Net_id 87
pin_num 2
18 47 0
12 31 0
Net_id 88
pin_num 2
56 51 0
37 58 0
Net_id 89
pin_num 2
15 27 0
8 27 0
Net_id 90
pin_num 2
59 15 0
46 1 0
Net_id 91
pin_num 2
6 18 0
0 16 0
Net_id 92
pin_num 2
13 5 0
5 5 0
Net_id 93
pin_num 2
5 51 0
3 49 0
Net_id 94
pin_num 2
33 24 0
37 10 0
Net_id 95
pin_num 2
23 4 0
48 0 0
Net_id 96
pin_num 2
52 46 0
40 59 0
Net_id 97
pin_num 2
17 19 0
14 14 0
Net_id 98
pin_num 2
29 42 0
13 56 0
Net_id 99
pin_num 2
1 13 0
2 0 0
Net_id 100
pin_num 2
33 16 0
41 7 0
Net_id 101
pin_num 2
51 0 0
46 2 0
Net_id 102
pin_num 2
35 27 0
56 36 0
Net_id 103
pin_num 2
13 34 0
25 45 0
Net_id 104
pin_num 2
57 53 0
45 22 0
Net_id 105
pin_num 2
5 1 0
21 11 0
Net_id 106
pin_num 2
47 56 0
27 49 0
Net_id 107
pin_num 2
57 52 0
40 44 0
Net_id 108
pin_num 2
26 39 0
36 40 0
Net_id 109
pin_num 2
17 44 0
13 40 0
Net_id 110
pin_num 2
27 55 0
18 49 0
Net_id 111
pin_num 2
47 44 0
40 34 0
Net_id 112
pin_num 2
22 5 0
17 9 0
Net_id 113
pin_num 2
46 42 0
27 36 0
Net_id 114
pin_num 2
28 5 0
31 3 0
Net_id 115
pin_num 2
28 10 0
50 6 0
Net_id 116
pin_num 2
24 53 0
35 44 0
Net_id 117
pin_num 2
17 56 0
8 32 0
Net_id 118
pin_num 2
19 7 0
41 1 0
Net_id 119
pin_num 2
4 19 0
23 24 0
Net_id 120
pin_num 2
9 41 0
3 36 0
Net_id 121
pin_num 2
28 37 0
25 46 0
Net_id 122
pin_num 2
6 11 0
1 5 0
Net_id 123
pin_num 2
5 2 0
10 6 0
Net_id 124
pin_num 2
22 11 0
28 19 0
Net_id 125
pin_num 2
33 52 0
42 58 0
Net_id 126
pin_num 2
41 59 0
59 50 0
Net_id 127
pin_num 2
33 1 0
41 11 0
Net_id 128
pin_num 2
19 14 0
12 9 0
Net_id 129
pin_num 2
49 55 0
54 52 0
Net_id 130
pin_num 2
20 46 0
25 29 0
Net_id 131
pin_num 2
45 18 0
19 22 0
Net_id 132
pin_num 2
53 44 0
56 50 0
Net_id 133
pin_num 2
20 55 0
23 31 0
Net_id 134
pin_num 2
13 15 0
5 20 0
Net_id 135
pin_num 2
58 4 0
43 1 0
Net_id 136
pin_num 2
17 17 0
38 6 0
Net_id 137
pin_num 2
4 4 0
22 8 0
Net_id 138
pin_num 2
35 26 0
25 31 0
Net_id 139
pin_num 2
55 7 0
40 16 0
Net_id 140
pin_num 2
38 14 0
17 4 0
Net_id 141
pin_num 2
31 54 0
45 31 0
Net_id 142
pin_num 2
10 29 0
0 23 0
Net_id 143
pin_num 2
36 59 0
18 42 0
Net_id 144
pin_num 2
33 37 0
25 49 0
Net_id 145
pin_num 2
49 53 0
40 48 0
Net_id 146
pin_num 2
18 55 0
6 42 0
Net_id 147
pin_num 2
36 6 0
41 6 0
Net_id 148
pin_num 2
6 47 0
16 31 0
Net_id 149
pin_num 2
58 29 0
45 29 0
Net_id 150
pin_num 2
3 29 0
12 48 0
Net_id 151
pin_num 2
35 58 0
21 41 0
Net_id 152
pin_num 2
54 51 0
49 57 0
Net_id 153
pin_num 2
19 31 0
33 20 0
Net_id 154
pin_num 2
28 18 0
31 6 0
Net_id 155
pin_num 2
59 57 0
50 27 0
