Width 60
Height 60
Layer 6
Total_WL 6596
Obstacle_num 144
44 14 0 49 15 0
44 35 0 47 36 0
28 30 0 36 31 0
35 47 0 41 48 0
52 50 0 59 51 0
8 14 0 11 15 0
48 49 0 53 50 0
15 34 0 18 35 0
12 18 0 15 19 0
38 1 0 41 2 0
37 30 0 43 31 0
3 26 0 12 27 0
17 8 0 25 9 0
20 23 0 30 24 0
0 11 0 10 12 0
35 29 0 44 30 0
35 56 0 44 57 0
15 9 0 23 10 0
5 6 0 14 7 0
38 37 0 44 38 0
14 5 0 20 6 0
50 42 0 56 43 0
40 3 0 45 4 0
13 56 0 23 57 0
2 35 1 3 41 1
20 17 1 21 22 1
38 48 1 39 55 1
7 44 1 8 54 1
15 14 1 16 22 1
47 46 1 48 53 1
3 22 1 4 25 1
2 16 1 3 20 1
51 34 1 52 40 1
42 37 1 43 43 1
11 53 1 12 57 1
37 47 1 38 53 1
47 4 1 48 8 1
49 18 1 50 26 1
20 52 1 21 58 1
35 45 1 36 54 1
53 27 1 54 37 1
57 20 1 58 25 1
9 36 1 10 40 1
2 1 1 3 11 1
0 6 1 1 16 1
6 5 1 7 15 1
16 13 1 17 19 1
39 22 1 40 30 1
32 6 2 37 7 2
5 26 2 12 27 2
7 32 2 16 33 2
18 57 2 25 58 2
12 48 2 17 49 2
41 56 2 45 57 2
23 18 2 28 19 2
15 12 2 22 13 2
1 47 2 11 48 2
30 39 2 39 40 2
42 41 2 46 42 2
30 16 2 37 17 2
27 36 2 30 37 2
34 37 2 38 38 2
22 10 2 29 11 2
6 33 2 14 34 2
19 22 2 27 23 2
44 53 2 53 54 2
56 47 2 59 48 2
23 9 2 31 10 2
0 12 2 6 13 2
33 1 2 39 2 2
0 52 2 3 53 2
34 30 2 43 31 2
2 24 3 3 30 3
32 20 3 33 27 3
6 49 3 7 58 3
41 6 3 42 9 3
41 31 3 42 36 3
32 53 3 33 57 3
2 52 3 3 59 3
37 39 3 38 47 3
25 26 3 26 30 3
6 16 3 7 19 3
24 16 3 25 25 3
19 29 3 20 35 3
11 1 3 12 8 3
42 32 3 43 38 3
45 26 3 46 36 3
19 53 3 20 58 3
35 17 3 36 23 3
11 48 3 12 58 3
20 20 3 21 24 3
38 35 3 39 43 3
50 4 3 51 12 3
39 13 3 40 18 3
11 18 3 12 28 3
7 38 3 8 48 3
33 4 4 38 5 4
51 35 4 55 36 4
26 57 4 32 58 4
34 0 4 37 1 4
46 54 4 54 55 4
23 27 4 32 28 4
43 39 4 47 40 4
39 50 4 48 51 4
6 50 4 12 51 4
52 31 4 57 32 4
14 13 4 23 14 4
4 48 4 11 49 4
46 43 4 50 44 4
34 27 4 40 28 4
21 48 4 25 49 4
37 22 4 43 23 4
26 54 4 35 55 4
48 10 4 51 11 4
34 10 4 42 11 4
51 16 4 58 17 4
37 8 4 45 9 4
6 21 4 16 22 4
13 36 4 23 37 4
46 53 4 49 54 4
34 0 5 35 4 5
55 50 5 56 58 5
51 42 5 52 46 5
9 7 5 10 17 5
10 12 5 11 15 5
24 0 5 25 8 5
17 39 5 18 42 5
55 23 5 56 26 5
55 9 5 56 14 5
14 7 5 15 12 5
11 17 5 12 26 5
21 38 5 22 42 5
8 23 5 9 29 5
41 17 5 42 23 5
58 17 5 59 26 5
33 32 5 34 41 5
48 27 5 49 32 5
49 15 5 50 21 5
23 34 5 24 41 5
16 1 5 17 5 5
27 0 5 28 10 5
52 39 5 53 43 5
3 49 5 4 55 5
7 25 5 8 33 5
Net_num 157
Net_id 0
pin_num 5
29 11 0
25 11 0
28 29 0
32 14 0
35 0 0
Net_id 1
pin_num 5
42 21 0
44 7 0
59 9 0
58 18 0
58 24 0
Net_id 2
pin_num 5
0 21 0
4 27 0
0 17 0
4 32 0
10 20 0
Net_id 3
pin_num 5
27 42 0
18 40 0
18 57 0
26 19 0
27 21 0
Net_id 4
pin_num 5
54 18 0
43 20 0
47 16 0
47 43 0
47 54 0
Net_id 5
pin_num 5
43 22 0
18 22 0
18 35 0
22 25 0
38 5 0
Net_id 6
pin_num 5
13 48 0
19 55 0
16 26 0
42 54 0
7 49 0
Net_id 7
pin_num 5
57 26 0
50 33 0
52 7 0
59 12 0
52 51 0
Net_id 8
pin_num 5
19 54 0
6 53 0
2 48 0
2 59 0
41 55 0
Net_id 9
pin_num 5
23 6 0
39 2 0
48 2 0
41 23 0
40 0 0
Net_id 10
pin_num 5
32 15 0
19 7 0
0 16 0
10 0 0
19 22 0
Net_id 11
pin_num 5
43 12 0
33 14 0
37 0 0
35 26 0
33 27 0
Net_id 12
pin_num 5
31 43 0
34 44 0
45 44 0
39 59 0
36 41 0
Net_id 13
pin_num 5
33 29 0
25 21 0
25 32 0
38 31 0
14 28 0
Net_id 14
pin_num 5
34 21 0
29 10 0
32 0 0
33 15 0
49 14 0
Net_id 15
pin_num 5
47 22 0
44 26 0
56 24 0
32 24 0
55 46 0
Net_id 16
pin_num 5
16 6 0
1 3 0
9 5 0
3 0 0
6 25 0
Net_id 17
pin_num 5
39 42 0
34 42 0
49 31 0
38 39 0
43 31 0
Net_id 18
pin_num 5
57 46 0
56 51 0
53 44 0
50 45 0
58 59 0
Net_id 19
pin_num 5
57 43 0
49 50 0
47 59 0
30 49 0
43 30 0
Net_id 20
pin_num 5
13 28 0
15 11 0
21 21 0
19 24 0
13 9 0
Net_id 21
pin_num 4
55 16 0
48 25 0
55 21 0
54 24 0
Net_id 22
pin_num 4
4 49 0
5 50 0
0 58 0
11 58 0
Net_id 23
pin_num 4
5 30 0
2 31 0
26 30 0
27 30 0
Net_id 24
pin_num 4
11 37 0
5 35 0
3 53 0
6 29 0
Net_id 25
pin_num 4
50 8 0
37 10 0
25 9 0
45 0 0
Net_id 26
pin_num 4
33 1 0
37 6 0
39 5 0
20 4 0
Net_id 27
pin_num 4
19 6 0
20 6 0
11 0 0
19 2 0
Net_id 28
pin_num 4
37 20 0
42 19 0
39 6 0
43 14 0
Net_id 29
pin_num 4
21 3 0
14 9 0
18 20 0
22 3 0
Net_id 30
pin_num 4
52 10 0
46 17 0
46 36 0
46 54 0
Net_id 31
pin_num 4
13 45 0
10 43 0
17 44 0
16 20 0
Net_id 32
pin_num 4
57 25 0
50 20 0
52 11 0
37 11 0
Net_id 33
pin_num 4
37 55 0
46 46 0
31 46 0
33 49 0
Net_id 34
pin_num 4
0 1 0
9 4 0
3 6 0
22 21 0
Net_id 35
pin_num 4
17 2 0
9 2 0
25 8 0
7 8 0
Net_id 36
pin_num 4
55 53 0
58 41 0
57 58 0
51 44 0
Net_id 37
pin_num 4
10 17 0
3 25 0
5 19 0
12 24 0
Net_id 38
pin_num 4
28 46 0
30 42 0
39 45 0
30 59 0
Net_id 39
pin_num 4
8 15 0
21 15 0
12 9 0
20 10 0
Net_id 40
pin_num 4
6 57 0
0 47 0
20 49 0
21 59 0
Net_id 41
pin_num 4
31 44 0
40 52 0
26 46 0
16 52 0
Net_id 42
pin_num 3
41 53 0
51 41 0
57 48 0
Net_id 43
pin_num 3
43 36 0
29 24 0
31 13 0
Net_id 44
pin_num 3
0 54 0
23 56 0
16 59 0
Net_id 45
pin_num 3
46 57 0
41 57 0
27 55 0
Net_id 46
pin_num 3
56 20 0
51 12 0
58 0 0
Net_id 47
pin_num 3
26 56 0
27 51 0
40 59 0
Net_id 48
pin_num 3
47 17 0
56 17 0
57 33 0
Net_id 49
pin_num 3
36 39 0
42 28 0
59 27 0
Net_id 50
pin_num 3
25 40 0
36 34 0
50 40 0
Net_id 51
pin_num 3
7 38 0
25 51 0
33 38 0
Net_id 52
pin_num 3
51 8 0
58 4 0
46 19 0
Net_id 53
pin_num 3
0 52 0
3 43 0
1 53 0
Net_id 54
pin_num 3
23 43 0
44 34 0
23 25 0
Net_id 55
pin_num 3
57 30 0
59 36 0
53 35 0
Net_id 56
pin_num 3
22 28 0
17 29 0
14 19 0
Net_id 57
pin_num 3
18 45 0
7 57 0
16 55 0
Net_id 58
pin_num 3
6 47 0
17 51 0
41 52 0
Net_id 59
pin_num 3
4 58 0
25 53 0
13 52 0
Net_id 60
pin_num 3
39 41 0
50 44 0
45 34 0
Net_id 61
pin_num 3
28 21 0
44 33 0
43 25 0
Net_id 62
pin_num 3
36 27 0
17 16 0
15 42 0
Net_id 63
pin_num 3
5 3 0
14 8 0
1 8 0
Net_id 64
pin_num 3
1 23 0
20 21 0
12 7 0
Net_id 65
pin_num 3
33 47 0
19 39 0
2 46 0
Net_id 66
pin_num 3
12 43 0
15 57 0
22 58 0
Net_id 67
pin_num 3
51 4 0
49 5 0
58 2 0
Net_id 68
pin_num 3
10 28 0
1 26 0
3 9 0
Net_id 69
pin_num 3
51 33 0
45 32 0
56 10 0
Net_id 70
pin_num 3
33 0 0
34 11 0
36 25 0
Net_id 71
pin_num 3
47 21 0
41 26 0
40 11 0
Net_id 72
pin_num 3
27 48 0
35 43 0
42 47 0
Net_id 73
pin_num 3
46 26 0
58 32 0
54 41 0
Net_id 74
pin_num 3
29 33 0
17 25 0
0 27 0
Net_id 75
pin_num 3
15 36 0
15 58 0
9 29 0
Net_id 76
pin_num 3
2 36 0
1 40 0
14 39 0
Net_id 77
pin_num 3
59 15 0
35 7 0
10 5 0
Net_id 78
pin_num 2
17 41 0
12 54 0
Net_id 79
pin_num 2
11 44 0
5 59 0
Net_id 80
pin_num 2
12 19 0
22 34 0
Net_id 81
pin_num 2
22 29 0
8 44 0
Net_id 82
pin_num 2
17 52 0
33 58 0
Net_id 83
pin_num 2
49 34 0
59 38 0
Net_id 84
pin_num 2
19 27 0
16 11 0
Net_id 85
pin_num 2
17 40 0
12 39 0
Net_id 86
pin_num 2
48 52 0
32 58 0
Net_id 87
pin_num 2
14 0 0
6 15 0
Net_id 88
pin_num 2
9 39 0
4 46 0
Net_id 89
pin_num 2
12 17 0
17 18 0
Net_id 90
pin_num 2
21 48 0
28 48 0
Net_id 91
pin_num 2
26 2 0
32 2 0
Net_id 92
pin_num 2
39 38 0
21 50 0
Net_id 93
pin_num 2
7 22 0
9 18 0
Net_id 94
pin_num 2
53 36 0
32 32 0
Net_id 95
pin_num 2
28 59 0
32 41 0
Net_id 96
pin_num 2
1 35 0
8 12 0
Net_id 97
pin_num 2
49 11 0
13 16 0
Net_id 98
pin_num 2
45 25 0
57 29 0
Net_id 99
pin_num 2
23 49 0
43 54 0
Net_id 100
pin_num 2
30 25 0
36 33 0
Net_id 101
pin_num 2
32 12 0
46 12 0
Net_id 102
pin_num 2
9 48 0
3 59 0
Net_id 103
pin_num 2
34 57 0
21 51 0
Net_id 104
pin_num 2
29 17 0
57 34 0
Net_id 105
pin_num 2
45 49 0
56 58 0
Net_id 106
pin_num 2
26 53 0
38 58 0
Net_id 107
pin_num 2
15 29 0
8 33 0
Net_id 108
pin_num 2
58 34 0
53 38 0
Net_id 109
pin_num 2
56 39 0
49 54 0
Net_id 110
pin_num 2
59 52 0
48 41 0
Net_id 111
pin_num 2
20 53 0
48 38 0
Net_id 112
pin_num 2
50 12 0
56 34 0
Net_id 113
pin_num 2
8 52 0
12 33 0
Net_id 114
pin_num 2
29 45 0
19 44 0
Net_id 115
pin_num 2
14 22 0
23 37 0
Net_id 116
pin_num 2
45 33 0
56 54 0
Net_id 117
pin_num 2
25 18 0
8 7 0
Net_id 118
pin_num 2
13 31 0
39 58 0
Net_id 119
pin_num 2
11 12 0
9 9 0
Net_id 120
pin_num 2
42 50 0
21 55 0
Net_id 121
pin_num 2
22 37 0
14 37 0
Net_id 122
pin_num 2
15 17 0
0 28 0
Net_id 123
pin_num 2
23 9 0
24 12 0
Net_id 124
pin_num 2
54 19 0
53 11 0
Net_id 125
pin_num 2
22 32 0
43 18 0
Net_id 126
pin_num 2
55 0 0
43 10 0
Net_id 127
pin_num 2
20 32 0
11 25 0
Net_id 128
pin_num 2
8 48 0
3 40 0
Net_id 129
pin_num 2
10 50 0
15 39 0
Net_id 130
pin_num 2
8 55 0
11 59 0
Net_id 131
pin_num 2
45 59 0
45 56 0
Net_id 132
pin_num 2
14 33 0
10 41 0
Net_id 133
pin_num 2
58 11 0
57 10 0
Net_id 134
pin_num 2
37 48 0
27 37 0
Net_id 135
pin_num 2
3 10 0
10 11 0
Net_id 136
pin_num 2
54 57 0
38 57 0
Net_id 137
pin_num 2
5 18 0
16 19 0
Net_id 138
pin_num 2
31 3 0
34 8 0
Net_id 139
pin_num 2
20 27 0
25 13 0
Net_id 140
pin_num 2
4 38 0
12 28 0
Net_id 141
pin_num 2
40 57 0
23 47 0
Net_id 142
pin_num 2
38 41 0
19 35 0
Net_id 143
pin_num 2
57 37 0
35 8 0
Net_id 144
pin_num 2
22 47 0
14 45 0
Net_id 145
pin_num 2
33 20 0
22 20 0
Net_id 146
pin_num 2
29 36 0
28 32 0
Net_id 147
pin_num 2
51 20 0
54 14 0
Net_id 148
pin_num 2
49 13 0
56 29 0
Net_id 149
pin_num 2
57 44 0
56 42 0
Net_id 150
pin_num 2
3 51 0
23 58 0
Net_id 151
pin_num 2
45 5 0
50 1 0
Net_id 152
pin_num 2
5 47 0
22 35 0
Net_id 153
pin_num 2
18 16 0
30 14 0
Net_id 154
pin_num 2
2 54 0
24 41 0
Net_id 155
pin_num 2
7 53 0
12 55 0
Net_id 156
pin_num 2
40 38 0
47 55 0
