Width 60
Height 60
Layer 6
Total_WL 6906
Obstacle_num 144
45 32 0 55 33 0
54 50 0 58 51 0
31 41 0 39 42 0
11 8 0 18 9 0
11 0 0 21 1 0
13 53 0 21 54 0
34 45 0 40 46 0
11 33 0 14 34 0
18 58 0 27 59 0
8 23 0 15 24 0
43 0 0 50 1 0
20 15 0 27 16 0
36 56 0 39 57 0
22 1 0 31 2 0
1 46 0 11 47 0
43 26 0 53 27 0
24 4 0 28 5 0
34 10 0 37 11 0
48 43 0 52 44 0
20 54 0 29 55 0
46 55 0 53 56 0
2 9 0 5 10 0
30 12 0 34 13 0
9 37 0 16 38 0
23 13 1 24 18 1
22 20 1 23 28 1
36 11 1 37 19 1
8 9 1 9 18 1
27 36 1 28 43 1
14 4 1 15 9 1
14 33 1 15 40 1
52 52 1 53 55 1
13 35 1 14 40 1
11 6 1 12 15 1
4 9 1 5 15 1
54 49 1 55 57 1
18 44 1 19 50 1
24 34 1 25 44 1
21 20 1 22 30 1
19 18 1 20 28 1
49 44 1 50 51 1
50 36 1 51 44 1
39 4 1 40 11 1
35 2 1 36 5 1
5 41 1 6 45 1
52 45 1 53 49 1
5 31 1 6 38 1
3 53 1 4 56 1
8 7 2 15 8 2
32 56 2 39 57 2
20 45 2 25 46 2
2 30 2 5 31 2
17 40 2 20 41 2
26 54 2 35 55 2
6 49 2 13 50 2
24 46 2 33 47 2
35 30 2 44 31 2
48 55 2 56 56 2
12 8 2 20 9 2
19 54 2 25 55 2
9 20 2 18 21 2
10 57 2 14 58 2
17 23 2 23 24 2
30 32 2 40 33 2
20 15 2 26 16 2
23 6 2 27 7 2
3 53 2 9 54 2
54 0 2 58 1 2
46 4 2 53 5 2
36 29 2 46 30 2
38 48 2 46 49 2
18 0 2 24 1 2
27 34 3 28 37 3
7 17 3 8 21 3
44 40 3 45 49 3
24 46 3 25 55 3
54 8 3 55 18 3
55 11 3 56 14 3
33 41 3 34 47 3
44 13 3 45 16 3
2 48 3 3 58 3
2 37 3 3 40 3
34 30 3 35 33 3
1 47 3 2 55 3
0 27 3 1 35 3
39 25 3 40 35 3
36 14 3 37 20 3
56 26 3 57 30 3
37 0 3 38 8 3
5 50 3 6 56 3
55 14 3 56 22 3
24 22 3 25 28 3
47 18 3 48 27 3
54 25 3 55 32 3
51 28 3 52 36 3
10 6 3 11 16 3
39 45 4 45 46 4
52 52 4 59 53 4
18 7 4 21 8 4
37 16 4 46 17 4
6 5 4 15 6 4
46 45 4 50 46 4
40 40 4 49 41 4
17 18 4 25 19 4
53 21 4 59 22 4
46 39 4 51 40 4
14 19 4 19 20 4
50 51 4 56 52 4
29 57 4 39 58 4
44 44 4 49 45 4
41 5 4 44 6 4
28 26 4 36 27 4
24 52 4 33 53 4
34 56 4 40 57 4
0 8 4 10 9 4
12 58 4 17 59 4
48 15 4 53 16 4
17 6 4 20 7 4
5 22 4 8 23 4
1 11 4 6 12 4
23 50 5 24 57 5
26 4 5 27 13 5
22 32 5 23 39 5
55 16 5 56 22 5
27 42 5 28 50 5
19 37 5 20 47 5
4 9 5 5 19 5
24 10 5 25 17 5
22 17 5 23 25 5
52 11 5 53 21 5
23 8 5 24 17 5
13 2 5 14 12 5
16 48 5 17 51 5
20 25 5 21 30 5
25 14 5 26 20 5
7 12 5 8 21 5
50 12 5 51 18 5
33 37 5 34 44 5
1 28 5 2 32 5
55 30 5 56 34 5
15 52 5 16 57 5
3 6 5 4 10 5
5 31 5 6 38 5
56 10 5 57 17 5
Net_num 160
Net_id 0
pin_num 5
56 44 0
52 57 0
40 55 0
55 56 0
56 59 0
Net_id 1
pin_num 5
15 57 0
34 59 0
18 59 0
21 41 0
48 59 0
Net_id 2
pin_num 5
3 41 0
8 37 0
0 27 0
21 35 0
5 28 0
Net_id 3
pin_num 5
5 34 0
1 27 0
6 28 0
4 35 0
15 33 0
Net_id 4
pin_num 5
25 43 0
25 46 0
25 25 0
12 43 0
15 36 0
Net_id 5
pin_num 5
4 33 0
12 38 0
10 30 0
1 39 0
12 42 0
Net_id 6
pin_num 5
54 37 0
53 29 0
37 30 0
59 34 0
57 33 0
Net_id 7
pin_num 5
59 9 0
48 10 0
58 27 0
35 24 0
52 0 0
Net_id 8
pin_num 5
32 51 0
33 56 0
35 31 0
44 25 0
26 38 0
Net_id 9
pin_num 5
48 41 0
53 41 0
59 47 0
39 42 0
57 59 0
Net_id 10
pin_num 5
51 50 0
51 35 0
53 59 0
41 37 0
59 48 0
Net_id 11
pin_num 5
24 34 0
29 32 0
27 16 0
34 23 0
33 15 0
Net_id 12
pin_num 5
44 9 0
48 22 0
56 13 0
55 26 0
32 22 0
Net_id 13
pin_num 5
7 10 0
7 4 0
7 24 0
11 15 0
11 34 0
Net_id 14
pin_num 5
32 45 0
40 45 0
34 34 0
12 45 0
23 40 0
Net_id 15
pin_num 5
13 43 0
17 54 0
13 48 0
0 47 0
0 52 0
Net_id 16
pin_num 5
58 11 0
59 13 0
57 29 0
42 15 0
42 31 0
Net_id 17
pin_num 5
53 56 0
35 58 0
45 38 0
42 44 0
50 51 0
Net_id 18
pin_num 5
32 9 0
40 14 0
34 6 0
14 14 0
28 0 0
Net_id 19
pin_num 5
43 35 0
46 43 0
40 29 0
46 54 0
59 53 0
Net_id 20
pin_num 4
2 35 0
4 49 0
0 55 0
13 42 0
Net_id 21
pin_num 4
23 20 0
21 37 0
28 29 0
16 35 0
Net_id 22
pin_num 4
38 22 0
46 18 0
43 2 0
25 18 0
Net_id 23
pin_num 4
55 11 0
38 11 0
43 27 0
59 18 0
Net_id 24
pin_num 4
22 5 0
14 9 0
12 17 0
15 28 0
Net_id 25
pin_num 4
0 25 0
6 32 0
5 45 0
0 3 0
Net_id 26
pin_num 4
33 34 0
40 26 0
12 34 0
33 44 0
Net_id 27
pin_num 4
10 9 0
12 21 0
19 28 0
10 26 0
Net_id 28
pin_num 4
20 41 0
14 32 0
29 39 0
18 19 0
Net_id 29
pin_num 4
55 54 0
56 56 0
56 34 0
52 33 0
Net_id 30
pin_num 4
1 40 0
7 39 0
8 21 0
0 2 0
Net_id 31
pin_num 4
1 57 0
16 59 0
0 59 0
13 59 0
Net_id 32
pin_num 4
58 43 0
52 37 0
30 41 0
49 59 0
Net_id 33
pin_num 4
43 55 0
49 54 0
51 58 0
49 36 0
Net_id 34
pin_num 4
19 23 0
13 19 0
0 1 0
4 36 0
Net_id 35
pin_num 4
28 51 0
26 41 0
32 31 0
9 44 0
Net_id 36
pin_num 4
11 11 0
2 16 0
2 22 0
20 16 0
Net_id 37
pin_num 4
6 29 0
13 22 0
32 27 0
13 40 0
Net_id 38
pin_num 4
42 8 0
47 3 0
54 3 0
54 17 0
Net_id 39
pin_num 4
20 47 0
28 37 0
12 39 0
22 51 0
Net_id 40
pin_num 4
22 30 0
14 30 0
16 18 0
31 21 0
Net_id 41
pin_num 3
13 1 0
6 9 0
8 0 0
Net_id 42
pin_num 3
15 26 0
46 29 0
59 17 0
Net_id 43
pin_num 3
7 42 0
1 32 0
6 58 0
Net_id 44
pin_num 3
1 30 0
13 49 0
11 38 0
Net_id 45
pin_num 3
15 40 0
30 37 0
23 48 0
Net_id 46
pin_num 3
39 23 0
22 13 0
28 4 0
Net_id 47
pin_num 3
29 51 0
46 58 0
40 27 0
Net_id 48
pin_num 3
55 18 0
47 33 0
59 37 0
Net_id 49
pin_num 3
54 4 0
48 5 0
50 35 0
Net_id 50
pin_num 3
18 52 0
30 50 0
54 52 0
Net_id 51
pin_num 3
58 36 0
48 21 0
56 25 0
Net_id 52
pin_num 3
40 19 0
58 19 0
41 34 0
Net_id 53
pin_num 3
10 5 0
16 6 0
17 11 0
Net_id 54
pin_num 3
48 27 0
42 47 0
27 53 0
Net_id 55
pin_num 3
28 5 0
16 1 0
27 2 0
Net_id 56
pin_num 3
27 30 0
31 48 0
24 55 0
Net_id 57
pin_num 3
11 46 0
14 42 0
0 46 0
Net_id 58
pin_num 3
27 50 0
40 46 0
28 42 0
Net_id 59
pin_num 3
20 2 0
24 6 0
33 2 0
Net_id 60
pin_num 3
11 4 0
33 0 0
40 0 0
Net_id 61
pin_num 3
44 6 0
59 24 0
51 0 0
Net_id 62
pin_num 3
21 32 0
30 18 0
29 4 0
Net_id 63
pin_num 3
49 27 0
54 27 0
37 11 0
Net_id 64
pin_num 3
39 7 0
15 2 0
19 29 0
Net_id 65
pin_num 3
22 42 0
26 46 0
10 40 0
Net_id 66
pin_num 3
36 57 0
55 51 0
36 55 0
Net_id 67
pin_num 3
49 21 0
56 24 0
47 24 0
Net_id 68
pin_num 3
14 56 0
26 40 0
16 39 0
Net_id 69
pin_num 3
47 18 0
45 10 0
47 28 0
Net_id 70
pin_num 3
51 49 0
46 33 0
58 29 0
Net_id 71
pin_num 3
48 18 0
55 12 0
52 28 0
Net_id 72
pin_num 3
6 34 0
14 40 0
16 58 0
Net_id 73
pin_num 3
3 27 0
13 41 0
22 35 0
Net_id 74
pin_num 3
6 24 0
1 17 0
4 26 0
Net_id 75
pin_num 3
24 35 0
32 48 0
41 40 0
Net_id 76
pin_num 3
18 20 0
16 31 0
28 22 0
Net_id 77
pin_num 3
57 38 0
52 42 0
20 32 0
Net_id 78
pin_num 3
46 50 0
58 59 0
58 56 0
Net_id 79
pin_num 3
34 2 0
42 6 0
35 5 0
Net_id 80
pin_num 2
39 15 0
40 20 0
Net_id 81
pin_num 2
29 40 0
47 29 0
Net_id 82
pin_num 2
34 28 0
32 29 0
Net_id 83
pin_num 2
41 16 0
57 11 0
Net_id 84
pin_num 2
59 25 0
40 13 0
Net_id 85
pin_num 2
2 13 0
12 2 0
Net_id 86
pin_num 2
39 22 0
22 31 0
Net_id 87
pin_num 2
35 34 0
38 39 0
Net_id 88
pin_num 2
14 22 0
18 42 0
Net_id 89
pin_num 2
15 24 0
26 25 0
Net_id 90
pin_num 2
46 39 0
52 40 0
Net_id 91
pin_num 2
45 17 0
13 24 0
Net_id 92
pin_num 2
39 14 0
28 9 0
Net_id 93
pin_num 2
33 10 0
29 5 0
Net_id 94
pin_num 2
47 38 0
54 38 0
Net_id 95
pin_num 2
20 44 0
26 44 0
Net_id 96
pin_num 2
13 13 0
23 8 0
Net_id 97
pin_num 2
32 53 0
25 56 0
Net_id 98
pin_num 2
46 8 0
58 2 0
Net_id 99
pin_num 2
43 1 0
56 2 0
Net_id 100
pin_num 2
17 58 0
28 49 0
Net_id 101
pin_num 2
50 39 0
44 50 0
Net_id 102
pin_num 2
27 43 0
33 43 0
Net_id 103
pin_num 2
8 5 0
4 6 0
Net_id 104
pin_num 2
32 1 0
19 4 0
Net_id 105
pin_num 2
15 49 0
27 58 0
Net_id 106
pin_num 2
20 50 0
1 52 0
Net_id 107
pin_num 2
16 11 0
6 10 0
Net_id 108
pin_num 2
11 20 0
9 15 0
Net_id 109
pin_num 2
5 32 0
2 25 0
Net_id 110
pin_num 2
56 14 0
57 31 0
Net_id 111
pin_num 2
25 17 0
3 22 0
Net_id 112
pin_num 2
19 25 0
12 26 0
Net_id 113
pin_num 2
49 1 0
57 7 0
Net_id 114
pin_num 2
10 25 0
6 15 0
Net_id 115
pin_num 2
36 30 0
13 14 0
Net_id 116
pin_num 2
49 45 0
36 42 0
Net_id 117
pin_num 2
59 12 0
56 8 0
Net_id 118
pin_num 2
34 22 0
37 31 0
Net_id 119
pin_num 2
12 19 0
3 8 0
Net_id 120
pin_num 2
30 24 0
50 15 0
Net_id 121
pin_num 2
10 20 0
14 28 0
Net_id 122
pin_num 2
4 13 0
12 14 0
Net_id 123
pin_num 2
9 8 0
1 1 0
Net_id 124
pin_num 2
10 14 0
2 23 0
Net_id 125
pin_num 2
15 42 0
19 44 0
Net_id 126
pin_num 2
35 49 0
34 55 0
Net_id 127
pin_num 2
21 42 0
13 30 0
Net_id 128
pin_num 2
22 29 0
27 37 0
Net_id 129
pin_num 2
22 9 0
38 3 0
Net_id 130
pin_num 2
16 38 0
23 49 0
Net_id 131
pin_num 2
33 5 0
47 1 0
Net_id 132
pin_num 2
14 15 0
13 18 0
Net_id 133
pin_num 2
45 1 0
50 2 0
Net_id 134
pin_num 2
12 55 0
7 57 0
Net_id 135
pin_num 2
5 51 0
10 53 0
Net_id 136
pin_num 2
15 15 0
18 18 0
Net_id 137
pin_num 2
32 36 0
15 51 0
Net_id 138
pin_num 2
47 7 0
45 12 0
Net_id 139
pin_num 2
11 57 0
3 25 0
Net_id 140
pin_num 2
5 0 0
9 17 0
Net_id 141
pin_num 2
58 31 0
23 50 0
Net_id 142
pin_num 2
10 22 0
4 17 0
Net_id 143
pin_num 2
34 38 0
54 40 0
Net_id 144
pin_num 2
6 45 0
20 56 0
Net_id 145
pin_num 2
58 37 0
48 12 0
Net_id 146
pin_num 2
55 27 0
54 42 0
Net_id 147
pin_num 2
11 52 0
34 33 0
Net_id 148
pin_num 2
20 43 0
6 36 0
Net_id 149
pin_num 2
36 33 0
26 49 0
Net_id 150
pin_num 2
49 47 0
59 56 0
Net_id 151
pin_num 2
24 50 0
15 55 0
Net_id 152
pin_num 2
21 13 0
6 26 0
Net_id 153
pin_num 2
15 29 0
17 35 0
Net_id 154
pin_num 2
37 55 0
48 47 0
Net_id 155
pin_num 2
21 10 0
4 2 0
Net_id 156
pin_num 2
12 31 0
29 58 0
Net_id 157
pin_num 2
49 51 0
36 54 0
Net_id 158
pin_num 2
30 19 0
15 1 0
Net_id 159
pin_num 2
6 54 0
11 42 0
