Width 60
Height 60
Layer 6
Total_WL 6964
Obstacle_num 144
0 32 0 3 33 0
47 42 0 51 43 0
27 14 0 31 15 0
39 36 0 47 37 0
4 54 0 14 55 0
20 43 0 27 44 0
19 52 0 23 53 0
45 29 0 53 30 0
15 24 0 22 25 0
24 40 0 28 41 0
51 1 0 57 2 0
15 45 0 19 46 0
10 1 0 20 2 0
33 53 0 42 54 0
28 15 0 31 16 0
52 26 0 57 27 0
14 50 0 18 51 0
27 0 0 32 1 0
5 15 0 11 16 0
23 31 0 32 32 0
5 13 0 10 14 0
21 20 0 26 21 0
8 14 0 11 15 0
9 37 0 12 38 0
12 32 1 13 40 1
12 25 1 13 32 1
29 0 1 30 10 1
14 11 1 15 20 1
33 10 1 34 17 1
38 51 1 39 56 1
36 29 1 37 34 1
15 27 1 16 36 1
46 8 1 47 16 1
29 35 1 30 45 1
24 6 1 25 11 1
8 38 1 9 48 1
1 17 1 2 27 1
43 15 1 44 19 1
7 1 1 8 6 1
40 9 1 41 14 1
30 49 1 31 56 1
38 28 1 39 33 1
58 23 1 59 33 1
26 37 1 27 40 1
18 1 1 19 4 1
37 48 1 38 52 1
46 17 1 47 21 1
12 17 1 13 25 1
50 53 2 55 54 2
7 33 2 12 34 2
0 49 2 4 50 2
41 38 2 51 39 2
10 49 2 13 50 2
37 23 2 41 24 2
28 42 2 37 43 2
33 53 2 39 54 2
5 5 2 15 6 2
2 22 2 6 23 2
6 2 2 13 3 2
35 56 2 40 57 2
15 12 2 25 13 2
40 40 2 47 41 2
7 17 2 10 18 2
33 9 2 40 10 2
3 58 2 7 59 2
41 44 2 50 45 2
17 1 2 22 2 2
43 54 2 48 55 2
13 33 2 17 34 2
43 53 2 49 54 2
49 36 2 55 37 2
29 7 2 39 8 2
19 37 3 20 41 3
4 17 3 5 20 3
27 27 3 28 34 3
31 20 3 32 25 3
56 5 3 57 14 3
18 41 3 19 46 3
10 32 3 11 42 3
1 2 3 2 10 3
50 33 3 51 37 3
24 21 3 25 29 3
53 13 3 54 16 3
37 19 3 38 24 3
14 25 3 15 35 3
4 43 3 5 53 3
54 50 3 55 53 3
8 3 3 9 11 3
10 11 3 11 18 3
26 49 3 27 52 3
8 43 3 9 47 3
52 11 3 53 18 3
46 4 3 47 7 3
24 37 3 25 43 3
30 39 3 31 48 3
16 2 3 17 8 3
27 54 4 37 55 4
40 26 4 45 27 4
2 40 4 10 41 4
2 15 4 10 16 4
46 20 4 50 21 4
42 2 4 47 3 4
23 22 4 30 23 4
11 49 4 21 50 4
39 49 4 48 50 4
24 47 4 28 48 4
44 45 4 50 46 4
38 33 4 46 34 4
16 58 4 20 59 4
38 29 4 46 30 4
34 21 4 43 22 4
20 29 4 24 30 4
40 31 4 50 32 4
33 43 4 37 44 4
9 44 4 14 45 4
0 55 4 10 56 4
34 18 4 43 19 4
22 44 4 27 45 4
40 41 4 46 42 4
52 19 4 55 20 4
42 35 5 43 40 5
41 18 5 42 25 5
35 17 5 36 27 5
7 34 5 8 37 5
6 19 5 7 29 5
27 26 5 28 29 5
14 10 5 15 18 5
31 25 5 32 35 5
47 45 5 48 48 5
2 0 5 3 4 5
14 24 5 15 31 5
41 26 5 42 29 5
6 7 5 7 15 5
46 41 5 47 49 5
57 14 5 58 24 5
57 31 5 58 40 5
56 45 5 57 52 5
33 4 5 34 9 5
32 29 5 33 39 5
15 11 5 16 15 5
15 15 5 16 22 5
3 41 5 4 46 5
57 3 5 58 6 5
42 16 5 43 23 5
Net_num 162
Net_id 0
pin_num 5
18 56 0
12 57 0
21 59 0
21 45 0
14 53 0
Net_id 1
pin_num 5
19 19 0
25 26 0
44 25 0
55 27 0
20 13 0
Net_id 2
pin_num 5
10 44 0
9 52 0
23 46 0
1 59 0
7 59 0
Net_id 3
pin_num 5
15 18 0
23 26 0
0 33 0
12 22 0
14 44 0
Net_id 4
pin_num 5
49 59 0
41 47 0
41 32 0
55 32 0
59 54 0
Net_id 5
pin_num 5
20 33 0
12 40 0
30 35 0
16 40 0
25 18 0
Net_id 6
pin_num 5
48 9 0
59 4 0
50 0 0
49 0 0
45 4 0
Net_id 7
pin_num 5
23 44 0
30 43 0
26 52 0
45 48 0
43 50 0
Net_id 8
pin_num 5
45 47 0
40 46 0
41 41 0
43 31 0
54 46 0
Net_id 9
pin_num 5
27 59 0
27 41 0
16 47 0
49 54 0
33 50 0
Net_id 10
pin_num 5
33 15 0
45 18 0
34 1 0
29 8 0
35 4 0
Net_id 11
pin_num 5
29 52 0
38 43 0
59 42 0
44 52 0
50 52 0
Net_id 12
pin_num 5
7 5 0
2 5 0
6 14 0
1 0 0
19 9 0
Net_id 13
pin_num 5
18 35 0
17 38 0
19 55 0
19 34 0
0 38 0
Net_id 14
pin_num 5
1 38 0
6 38 0
4 17 0
0 5 0
0 1 0
Net_id 15
pin_num 5
1 34 0
7 38 0
4 59 0
3 54 0
11 27 0
Net_id 16
pin_num 5
12 37 0
17 34 0
22 59 0
22 45 0
20 42 0
Net_id 17
pin_num 5
48 51 0
42 57 0
58 56 0
30 59 0
42 37 0
Net_id 18
pin_num 5
36 40 0
29 42 0
32 55 0
31 53 0
46 48 0
Net_id 19
pin_num 5
34 7 0
52 7 0
38 2 0
48 11 0
50 6 0
Net_id 20
pin_num 4
24 36 0
14 36 0
6 36 0
22 18 0
Net_id 21
pin_num 4
27 55 0
18 52 0
9 58 0
5 43 0
Net_id 22
pin_num 4
42 43 0
59 39 0
54 18 0
59 34 0
Net_id 23
pin_num 4
47 50 0
48 41 0
57 50 0
44 42 0
Net_id 24
pin_num 4
41 1 0
44 0 0
44 18 0
49 17 0
Net_id 25
pin_num 4
26 11 0
20 3 0
32 0 0
21 0 0
Net_id 26
pin_num 4
2 43 0
5 36 0
6 25 0
1 29 0
Net_id 27
pin_num 4
59 24 0
54 31 0
45 31 0
52 42 0
Net_id 28
pin_num 4
23 6 0
16 16 0
15 6 0
21 25 0
Net_id 29
pin_num 4
39 16 0
36 19 0
26 19 0
57 19 0
Net_id 30
pin_num 4
33 12 0
45 14 0
49 13 0
51 10 0
Net_id 31
pin_num 4
38 11 0
12 0 0
31 16 0
21 7 0
Net_id 32
pin_num 4
13 40 0
13 33 0
2 24 0
34 39 0
Net_id 33
pin_num 4
48 40 0
42 35 0
35 42 0
47 28 0
Net_id 34
pin_num 4
18 46 0
24 53 0
20 59 0
11 56 0
Net_id 35
pin_num 4
38 40 0
34 41 0
35 18 0
37 20 0
Net_id 36
pin_num 4
26 38 0
38 38 0
33 49 0
13 41 0
Net_id 37
pin_num 4
48 13 0
41 21 0
38 24 0
41 11 0
Net_id 38
pin_num 4
54 45 0
59 31 0
40 41 0
45 45 0
Net_id 39
pin_num 4
34 25 0
27 25 0
43 29 0
59 23 0
Net_id 40
pin_num 3
26 1 0
22 5 0
41 5 0
Net_id 41
pin_num 3
42 16 0
32 1 0
59 15 0
Net_id 42
pin_num 3
57 44 0
51 48 0
52 44 0
Net_id 43
pin_num 3
42 22 0
59 6 0
40 1 0
Net_id 44
pin_num 3
28 33 0
23 24 0
1 27 0
Net_id 45
pin_num 3
1 2 0
5 6 0
8 3 0
Net_id 46
pin_num 3
40 44 0
26 54 0
45 57 0
Net_id 47
pin_num 3
2 25 0
0 22 0
17 25 0
Net_id 48
pin_num 3
1 52 0
7 55 0
1 58 0
Net_id 49
pin_num 3
34 43 0
20 30 0
35 34 0
Net_id 50
pin_num 3
12 13 0
0 18 0
16 18 0
Net_id 51
pin_num 3
48 45 0
57 51 0
53 23 0
Net_id 52
pin_num 3
27 18 0
27 23 0
51 23 0
Net_id 53
pin_num 3
43 11 0
36 34 0
37 42 0
Net_id 54
pin_num 3
22 44 0
15 46 0
4 45 0
Net_id 55
pin_num 3
7 43 0
2 57 0
2 47 0
Net_id 56
pin_num 3
1 51 0
21 42 0
5 24 0
Net_id 57
pin_num 3
6 22 0
3 11 0
53 7 0
Net_id 58
pin_num 3
2 30 0
15 41 0
16 54 0
Net_id 59
pin_num 3
38 59 0
18 57 0
27 37 0
Net_id 60
pin_num 3
3 29 0
9 12 0
2 36 0
Net_id 61
pin_num 3
47 16 0
54 12 0
48 28 0
Net_id 62
pin_num 3
25 25 0
18 8 0
17 7 0
Net_id 63
pin_num 3
6 46 0
20 35 0
26 33 0
Net_id 64
pin_num 3
8 9 0
19 17 0
32 24 0
Net_id 65
pin_num 3
22 31 0
13 20 0
15 42 0
Net_id 66
pin_num 3
34 3 0
46 16 0
54 2 0
Net_id 67
pin_num 3
59 47 0
54 40 0
52 55 0
Net_id 68
pin_num 3
11 39 0
9 33 0
14 57 0
Net_id 69
pin_num 3
9 8 0
3 5 0
6 0 0
Net_id 70
pin_num 3
11 31 0
10 29 0
7 25 0
Net_id 71
pin_num 3
17 18 0
32 12 0
10 0 0
Net_id 72
pin_num 3
26 0 0
8 4 0
13 2 0
Net_id 73
pin_num 3
55 34 0
46 26 0
29 45 0
Net_id 74
pin_num 3
6 21 0
28 28 0
26 41 0
Net_id 75
pin_num 3
54 58 0
29 51 0
49 41 0
Net_id 76
pin_num 3
35 58 0
3 47 0
25 51 0
Net_id 77
pin_num 3
33 3 0
27 3 0
18 11 0
Net_id 78
pin_num 3
37 46 0
31 46 0
39 34 0
Net_id 79
pin_num 3
55 6 0
50 11 0
51 44 0
Net_id 80
pin_num 2
48 48 0
55 40 0
Net_id 81
pin_num 2
18 41 0
42 31 0
Net_id 82
pin_num 2
23 22 0
13 19 0
Net_id 83
pin_num 2
20 0 0
16 0 0
Net_id 84
pin_num 2
59 30 0
28 32 0
Net_id 85
pin_num 2
29 43 0
13 49 0
Net_id 86
pin_num 2
17 14 0
32 28 0
Net_id 87
pin_num 2
46 52 0
53 17 0
Net_id 88
pin_num 2
15 35 0
29 18 0
Net_id 89
pin_num 2
56 56 0
39 42 0
Net_id 90
pin_num 2
54 15 0
57 17 0
Net_id 91
pin_num 2
38 4 0
47 15 0
Net_id 92
pin_num 2
50 57 0
58 36 0
Net_id 93
pin_num 2
38 13 0
29 20 0
Net_id 94
pin_num 2
25 47 0
21 47 0
Net_id 95
pin_num 2
42 9 0
49 28 0
Net_id 96
pin_num 2
14 5 0
27 8 0
Net_id 97
pin_num 2
19 40 0
16 48 0
Net_id 98
pin_num 2
32 2 0
26 32 0
Net_id 99
pin_num 2
56 14 0
43 12 0
Net_id 100
pin_num 2
56 13 0
55 7 0
Net_id 101
pin_num 2
54 52 0
58 51 0
Net_id 102
pin_num 2
18 0 0
25 2 0
Net_id 103
pin_num 2
47 18 0
59 28 0
Net_id 104
pin_num 2
19 30 0
1 40 0
Net_id 105
pin_num 2
44 57 0
34 37 0
Net_id 106
pin_num 2
56 8 0
33 4 0
Net_id 107
pin_num 2
53 39 0
54 17 0
Net_id 108
pin_num 2
15 8 0
40 17 0
Net_id 109
pin_num 2
24 33 0
12 53 0
Net_id 110
pin_num 2
44 35 0
59 22 0
Net_id 111
pin_num 2
58 4 0
56 17 0
Net_id 112
pin_num 2
37 50 0
29 53 0
Net_id 113
pin_num 2
49 57 0
55 59 0
Net_id 114
pin_num 2
49 51 0
55 51 0
Net_id 115
pin_num 2
3 57 0
9 55 0
Net_id 116
pin_num 2
37 38 0
16 55 0
Net_id 117
pin_num 2
27 15 0
24 29 0
Net_id 118
pin_num 2
7 48 0
15 48 0
Net_id 119
pin_num 2
25 53 0
32 37 0
Net_id 120
pin_num 2
14 55 0
26 59 0
Net_id 121
pin_num 2
50 2 0
50 10 0
Net_id 122
pin_num 2
17 37 0
34 26 0
Net_id 123
pin_num 2
35 22 0
42 10 0
Net_id 124
pin_num 2
53 36 0
57 58 0
Net_id 125
pin_num 2
49 25 0
37 14 0
Net_id 126
pin_num 2
5 59 0
23 42 0
Net_id 127
pin_num 2
29 11 0
19 20 0
Net_id 128
pin_num 2
25 14 0
19 8 0
Net_id 129
pin_num 2
29 22 0
23 21 0
Net_id 130
pin_num 2
37 2 0
28 6 0
Net_id 131
pin_num 2
57 1 0
41 10 0
Net_id 132
pin_num 2
30 2 0
20 20 0
Net_id 133
pin_num 2
37 58 0
41 58 0
Net_id 134
pin_num 2
16 19 0
24 30 0
Net_id 135
pin_num 2
50 19 0
58 17 0
Net_id 136
pin_num 2
23 49 0
31 49 0
Net_id 137
pin_num 2
36 27 0
15 14 0
Net_id 138
pin_num 2
52 38 0
43 21 0
Net_id 139
pin_num 2
56 42 0
45 28 0
Net_id 140
pin_num 2
53 56 0
27 56 0
Net_id 141
pin_num 2
14 49 0
23 54 0
Net_id 142
pin_num 2
46 24 0
39 11 0
Net_id 143
pin_num 2
51 50 0
59 55 0
Net_id 144
pin_num 2
30 47 0
35 49 0
Net_id 145
pin_num 2
41 35 0
28 46 0
Net_id 146
pin_num 2
4 20 0
16 41 0
Net_id 147
pin_num 2
36 21 0
27 21 0
Net_id 148
pin_num 2
41 40 0
34 28 0
Net_id 149
pin_num 2
2 50 0
9 43 0
Net_id 150
pin_num 2
19 4 0
15 15 0
Net_id 151
pin_num 2
36 51 0
42 42 0
Net_id 152
pin_num 2
58 22 0
26 56 0
Net_id 153
pin_num 2
50 49 0
55 43 0
Net_id 154
pin_num 2
2 2 0
14 8 0
Net_id 155
pin_num 2
15 52 0
4 47 0
Net_id 156
pin_num 2
42 58 0
58 48 0
Net_id 157
pin_num 2
20 32 0
28 55 0
Net_id 158
pin_num 2
40 37 0
46 45 0
Net_id 159
pin_num 2
24 46 0
28 40 0
Net_id 160
pin_num 2
13 47 0
8 53 0
Net_id 161
pin_num 2
5 16 0
15 17 0
