Width 60
Height 60
Layer 6
Total_WL 7411
Obstacle_num 144
33 21 0 39 22 0
16 6 0 26 7 0
35 57 0 38 58 0
51 12 0 57 13 0
2 34 0 7 35 0
3 23 0 6 24 0
49 31 0 55 32 0
34 22 0 40 23 0
25 5 0 28 6 0
48 58 0 56 59 0
5 27 0 9 28 0
47 1 0 53 2 0
23 32 0 30 33 0
26 26 0 31 27 0
26 44 0 36 45 0
3 8 0 9 9 0
25 3 0 34 4 0
11 44 0 20 45 0
1 2 0 10 3 0
8 41 0 17 42 0
6 56 0 10 57 0
34 9 0 41 10 0
13 48 0 16 49 0
17 25 0 27 26 0
37 17 1 38 24 1
26 15 1 27 20 1
19 23 1 20 32 1
7 32 1 8 35 1
25 49 1 26 59 1
3 30 1 4 33 1
47 23 1 48 32 1
54 20 1 55 29 1
52 31 1 53 40 1
19 34 1 20 40 1
0 11 1 1 21 1
11 13 1 12 22 1
16 23 1 17 28 1
34 56 1 35 59 1
30 3 1 31 13 1
33 44 1 34 52 1
6 12 1 7 19 1
8 24 1 9 32 1
19 17 1 20 20 1
36 29 1 37 37 1
43 16 1 44 22 1
7 48 1 8 57 1
8 2 1 9 6 1
31 14 1 32 21 1
51 3 2 57 4 2
8 48 2 18 49 2
19 12 2 23 13 2
34 0 2 41 1 2
41 46 2 44 47 2
45 48 2 49 49 2
25 6 2 31 7 2
17 36 2 21 37 2
20 31 2 27 32 2
1 53 2 11 54 2
18 49 2 27 50 2
28 7 2 34 8 2
21 5 2 25 6 2
13 37 2 23 38 2
28 47 2 33 48 2
10 15 2 19 16 2
39 56 2 49 57 2
30 53 2 39 54 2
6 1 2 13 2 2
28 23 2 33 24 2
11 45 2 21 46 2
0 14 2 10 15 2
54 29 2 57 30 2
41 55 2 46 56 2
46 20 3 47 23 3
50 1 3 51 6 3
47 41 3 48 48 3
37 31 3 38 39 3
35 24 3 36 31 3
22 8 3 23 11 3
29 32 3 30 41 3
46 42 3 47 51 3
14 49 3 15 54 3
21 4 3 22 9 3
8 38 3 9 45 3
9 6 3 10 13 3
27 19 3 28 27 3
31 25 3 32 35 3
12 38 3 13 41 3
1 48 3 2 55 3
15 48 3 16 51 3
18 16 3 19 26 3
40 13 3 41 19 3
27 43 3 28 53 3
22 15 3 23 22 3
4 25 3 5 32 3
8 5 3 9 9 3
37 43 3 38 50 3
5 50 4 12 51 4
0 57 4 9 58 4
32 28 4 36 29 4
47 12 4 55 13 4
44 46 4 54 47 4
7 30 4 16 31 4
51 23 4 59 24 4
16 49 4 21 50 4
8 46 4 18 47 4
25 10 4 33 11 4
48 39 4 56 40 4
39 55 4 49 56 4
13 47 4 16 48 4
41 7 4 45 8 4
15 29 4 20 30 4
1 44 4 8 45 4
18 26 4 25 27 4
26 53 4 36 54 4
5 8 4 8 9 4
5 7 4 10 8 4
44 43 4 50 44 4
19 51 4 27 52 4
17 50 4 27 51 4
38 18 4 47 19 4
47 41 5 48 44 5
38 22 5 39 25 5
4 28 5 5 38 5
37 34 5 38 41 5
48 14 5 49 21 5
14 19 5 15 28 5
29 2 5 30 5 5
1 35 5 2 40 5
30 28 5 31 37 5
24 21 5 25 27 5
17 1 5 18 5 5
23 50 5 24 53 5
18 42 5 19 49 5
52 20 5 53 29 5
19 26 5 20 32 5
36 37 5 37 45 5
46 40 5 47 44 5
10 35 5 11 39 5
33 7 5 34 10 5
6 38 5 7 45 5
8 21 5 9 31 5
5 41 5 6 44 5
39 2 5 40 10 5
45 41 5 46 45 5
Net_num 167
Net_id 0
pin_num 5
15 35 0
0 40 0
27 38 0
9 54 0
20 39 0
Net_id 1
pin_num 5
29 6 0
20 18 0
52 10 0
42 26 0
53 10 0
Net_id 2
pin_num 5
50 30 0
54 40 0
55 59 0
52 17 0
47 40 0
Net_id 3
pin_num 5
15 45 0
17 49 0
15 38 0
15 19 0
31 41 0
Net_id 4
pin_num 5
50 42 0
48 29 0
51 55 0
56 33 0
40 34 0
Net_id 5
pin_num 5
51 3 0
42 1 0
49 26 0
41 6 0
30 18 0
Net_id 6
pin_num 5
30 1 0
34 0 0
41 0 0
35 2 0
21 1 0
Net_id 7
pin_num 5
16 58 0
26 47 0
21 55 0
13 51 0
39 48 0
Net_id 8
pin_num 5
26 37 0
12 34 0
22 30 0
28 38 0
24 27 0
Net_id 9
pin_num 5
49 35 0
58 41 0
58 16 0
28 35 0
59 22 0
Net_id 10
pin_num 5
28 2 0
29 14 0
37 14 0
42 8 0
37 7 0
Net_id 11
pin_num 5
14 45 0
2 45 0
6 55 0
20 58 0
1 53 0
Net_id 12
pin_num 5
31 8 0
37 11 0
50 9 0
19 9 0
21 30 0
Net_id 13
pin_num 5
46 2 0
52 0 0
51 7 0
36 5 0
43 8 0
Net_id 14
pin_num 5
17 9 0
6 19 0
13 14 0
6 28 0
6 35 0
Net_id 15
pin_num 5
27 11 0
33 11 0
38 28 0
34 2 0
16 28 0
Net_id 16
pin_num 5
32 51 0
27 57 0
29 56 0
44 54 0
29 50 0
Net_id 17
pin_num 5
40 40 0
29 37 0
39 46 0
27 49 0
28 42 0
Net_id 18
pin_num 5
9 57 0
18 56 0
6 57 0
17 56 0
0 52 0
Net_id 19
pin_num 5
20 48 0
38 47 0
24 59 0
30 42 0
38 38 0
Net_id 20
pin_num 5
15 27 0
23 27 0
28 29 0
7 29 0
19 49 0
Net_id 21
pin_num 4
57 3 0
45 1 0
55 0 0
47 15 0
Net_id 22
pin_num 4
9 43 0
12 47 0
36 44 0
23 30 0
Net_id 23
pin_num 4
59 15 0
57 12 0
46 21 0
49 36 0
Net_id 24
pin_num 4
47 46 0
54 46 0
53 37 0
44 59 0
Net_id 25
pin_num 4
14 39 0
8 52 0
0 55 0
4 49 0
Net_id 26
pin_num 4
52 39 0
35 39 0
43 59 0
58 45 0
Net_id 27
pin_num 4
56 48 0
48 44 0
53 53 0
44 48 0
Net_id 28
pin_num 4
30 7 0
36 7 0
32 29 0
32 0 0
Net_id 29
pin_num 4
44 25 0
52 13 0
46 30 0
38 24 0
Net_id 30
pin_num 4
36 14 0
37 13 0
31 4 0
26 12 0
Net_id 31
pin_num 4
53 2 0
57 0 0
59 8 0
56 9 0
Net_id 32
pin_num 4
22 47 0
34 39 0
28 55 0
18 43 0
Net_id 33
pin_num 4
3 6 0
17 2 0
0 2 0
16 14 0
Net_id 34
pin_num 4
57 14 0
38 11 0
39 6 0
57 2 0
Net_id 35
pin_num 4
23 55 0
34 38 0
29 31 0
21 32 0
Net_id 36
pin_num 4
11 28 0
19 22 0
16 59 0
19 46 0
Net_id 37
pin_num 4
3 47 0
14 58 0
29 59 0
11 42 0
Net_id 38
pin_num 4
7 11 0
0 21 0
10 0 0
2 23 0
Net_id 39
pin_num 4
3 44 0
1 45 0
32 41 0
11 51 0
Net_id 40
pin_num 4
53 0 0
47 16 0
58 2 0
51 11 0
Net_id 41
pin_num 4
11 32 0
13 27 0
3 32 0
9 14 0
Net_id 42
pin_num 3
25 38 0
39 47 0
59 35 0
Net_id 43
pin_num 3
52 32 0
53 36 0
25 33 0
Net_id 44
pin_num 3
24 10 0
28 30 0
38 17 0
Net_id 45
pin_num 3
47 31 0
58 32 0
36 27 0
Net_id 46
pin_num 3
22 0 0
12 0 0
23 8 0
Net_id 47
pin_num 3
38 44 0
18 40 0
36 50 0
Net_id 48
pin_num 3
19 5 0
1 4 0
27 7 0
Net_id 49
pin_num 3
45 50 0
39 57 0
41 49 0
Net_id 50
pin_num 3
13 37 0
19 52 0
41 48 0
Net_id 51
pin_num 3
5 28 0
5 20 0
5 54 0
Net_id 52
pin_num 3
9 3 0
16 3 0
23 3 0
Net_id 53
pin_num 3
11 40 0
0 37 0
14 47 0
Net_id 54
pin_num 3
45 58 0
38 58 0
54 53 0
Net_id 55
pin_num 3
33 16 0
46 6 0
10 16 0
Net_id 56
pin_num 3
39 50 0
57 43 0
51 57 0
Net_id 57
pin_num 3
47 29 0
33 32 0
35 8 0
Net_id 58
pin_num 3
50 28 0
39 20 0
45 21 0
Net_id 59
pin_num 3
56 28 0
57 34 0
41 24 0
Net_id 60
pin_num 3
37 20 0
32 30 0
50 17 0
Net_id 61
pin_num 3
11 56 0
7 59 0
6 41 0
Net_id 62
pin_num 3
14 13 0
1 9 0
10 28 0
Net_id 63
pin_num 3
33 41 0
47 41 0
37 58 0
Net_id 64
pin_num 3
9 42 0
2 47 0
10 47 0
Net_id 65
pin_num 3
5 49 0
18 53 0
28 47 0
Net_id 66
pin_num 3
55 18 0
53 15 0
22 15 0
Net_id 67
pin_num 3
21 2 0
11 7 0
24 3 0
Net_id 68
pin_num 3
9 44 0
6 58 0
20 51 0
Net_id 69
pin_num 3
34 32 0
31 24 0
44 0 0
Net_id 70
pin_num 3
18 31 0
9 31 0
11 24 0
Net_id 71
pin_num 3
38 3 0
55 5 0
45 22 0
Net_id 72
pin_num 3
47 9 0
32 6 0
34 19 0
Net_id 73
pin_num 3
21 35 0
34 27 0
23 15 0
Net_id 74
pin_num 3
11 15 0
3 16 0
3 24 0
Net_id 75
pin_num 3
21 11 0
26 10 0
30 21 0
Net_id 76
pin_num 3
22 55 0
12 53 0
26 36 0
Net_id 77
pin_num 3
43 1 0
44 5 0
44 11 0
Net_id 78
pin_num 3
58 53 0
48 49 0
56 54 0
Net_id 79
pin_num 3
13 30 0
24 2 0
44 16 0
Net_id 80
pin_num 3
45 40 0
55 43 0
45 57 0
Net_id 81
pin_num 3
44 56 0
57 56 0
36 59 0
Net_id 82
pin_num 3
15 4 0
34 20 0
20 11 0
Net_id 83
pin_num 3
20 5 0
38 19 0
40 4 0
Net_id 84
pin_num 3
2 32 0
12 42 0
2 12 0
Net_id 85
pin_num 3
8 28 0
0 27 0
12 37 0
Net_id 86
pin_num 2
34 30 0
55 28 0
Net_id 87
pin_num 2
23 31 0
17 53 0
Net_id 88
pin_num 2
40 36 0
57 41 0
Net_id 89
pin_num 2
41 13 0
57 8 0
Net_id 90
pin_num 2
40 8 0
50 25 0
Net_id 91
pin_num 2
27 12 0
38 12 0
Net_id 92
pin_num 2
41 45 0
45 45 0
Net_id 93
pin_num 2
59 52 0
55 53 0
Net_id 94
pin_num 2
52 15 0
39 26 0
Net_id 95
pin_num 2
15 32 0
21 34 0
Net_id 96
pin_num 2
55 8 0
34 24 0
Net_id 97
pin_num 2
49 29 0
54 29 0
Net_id 98
pin_num 2
42 24 0
57 30 0
Net_id 99
pin_num 2
3 39 0
3 52 0
Net_id 100
pin_num 2
50 7 0
43 11 0
Net_id 101
pin_num 2
36 31 0
13 54 0
Net_id 102
pin_num 2
10 51 0
1 51 0
Net_id 103
pin_num 2
20 22 0
27 8 0
Net_id 104
pin_num 2
24 42 0
32 45 0
Net_id 105
pin_num 2
40 57 0
57 55 0
Net_id 106
pin_num 2
42 40 0
35 49 0
Net_id 107
pin_num 2
57 40 0
45 53 0
Net_id 108
pin_num 2
26 53 0
36 53 0
Net_id 109
pin_num 2
25 13 0
37 24 0
Net_id 110
pin_num 2
7 14 0
3 9 0
Net_id 111
pin_num 2
52 18 0
26 17 0
Net_id 112
pin_num 2
55 33 0
30 39 0
Net_id 113
pin_num 2
52 55 0
45 51 0
Net_id 114
pin_num 2
28 27 0
52 6 0
Net_id 115
pin_num 2
33 36 0
40 42 0
Net_id 116
pin_num 2
8 0 0
9 7 0
Net_id 117
pin_num 2
53 43 0
33 42 0
Net_id 118
pin_num 2
19 23 0
31 29 0
Net_id 119
pin_num 2
44 49 0
47 32 0
Net_id 120
pin_num 2
29 36 0
32 39 0
Net_id 121
pin_num 2
50 5 0
27 0 0
Net_id 122
pin_num 2
11 30 0
31 45 0
Net_id 123
pin_num 2
19 35 0
1 12 0
Net_id 124
pin_num 2
58 22 0
45 31 0
Net_id 125
pin_num 2
0 43 0
26 51 0
Net_id 126
pin_num 2
22 33 0
7 58 0
Net_id 127
pin_num 2
31 25 0
51 36 0
Net_id 128
pin_num 2
30 5 0
14 34 0
Net_id 129
pin_num 2
36 13 0
13 26 0
Net_id 130
pin_num 2
57 50 0
44 44 0
Net_id 131
pin_num 2
18 42 0
13 46 0
Net_id 132
pin_num 2
55 17 0
55 10 0
Net_id 133
pin_num 2
31 55 0
23 45 0
Net_id 134
pin_num 2
45 26 0
41 53 0
Net_id 135
pin_num 2
49 42 0
40 48 0
Net_id 136
pin_num 2
24 7 0
27 14 0
Net_id 137
pin_num 2
0 29 0
10 50 0
Net_id 138
pin_num 2
3 36 0
19 20 0
Net_id 139
pin_num 2
34 5 0
14 4 0
Net_id 140
pin_num 2
52 24 0
38 37 0
Net_id 141
pin_num 2
16 24 0
4 33 0
Net_id 142
pin_num 2
33 34 0
24 53 0
Net_id 143
pin_num 2
55 51 0
37 56 0
Net_id 144
pin_num 2
29 30 0
33 39 0
Net_id 145
pin_num 2
21 39 0
27 37 0
Net_id 146
pin_num 2
47 23 0
58 19 0
Net_id 147
pin_num 2
2 31 0
20 26 0
Net_id 148
pin_num 2
27 18 0
22 21 0
Net_id 149
pin_num 2
5 10 0
13 4 0
Net_id 150
pin_num 2
19 51 0
35 47 0
Net_id 151
pin_num 2
30 45 0
17 37 0
Net_id 152
pin_num 2
7 4 0
1 0 0
Net_id 153
pin_num 2
42 51 0
58 57 0
Net_id 154
pin_num 2
30 25 0
13 8 0
Net_id 155
pin_num 2
26 35 0
29 34 0
Net_id 156
pin_num 2
5 12 0
13 21 0
Net_id 157
pin_num 2
1 56 0
12 51 0
Net_id 158
pin_num 2
15 2 0
6 10 0
Net_id 159
pin_num 2
58 35 0
55 19 0
Net_id 160
pin_num 2
49 57 0
45 54 0
Net_id 161
pin_num 2
26 20 0
41 37 0
Net_id 162
pin_num 2
7 39 0
28 22 0
Net_id 163
pin_num 2
27 2 0
19 2 0
Net_id 164
pin_num 2
28 7 0
29 21 0
Net_id 165
pin_num 2
23 34 0
43 12 0
Net_id 166
pin_num 2
24 21 0
28 21 0
