Width 60
Height 60
Layer 6
Total_WL 6346
Obstacle_num 144
7 49 0 13 50 0
53 46 0 59 47 0
30 23 0 36 24 0
14 49 0 21 50 0
37 52 0 47 53 0
0 45 0 6 46 0
1 43 0 7 44 0
9 52 0 12 53 0
31 26 0 38 27 0
17 29 0 20 30 0
38 10 0 45 11 0
18 5 0 26 6 0
36 42 0 42 43 0
30 18 0 40 19 0
0 50 0 4 51 0
21 40 0 27 41 0
19 51 0 23 52 0
35 16 0 45 17 0
9 9 0 13 10 0
48 26 0 56 27 0
33 29 0 36 30 0
0 16 0 8 17 0
47 7 0 53 8 0
23 32 0 31 33 0
43 45 1 44 54 1
0 7 1 1 15 1
9 54 1 10 58 1
23 27 1 24 33 1
57 14 1 58 18 1
49 22 1 50 27 1
35 15 1 36 22 1
13 49 1 14 57 1
56 25 1 57 31 1
18 21 1 19 24 1
32 11 1 33 16 1
24 43 1 25 52 1
11 38 1 12 48 1
25 43 1 26 46 1
31 37 1 32 43 1
47 33 1 48 42 1
27 6 1 28 15 1
42 4 1 43 12 1
16 7 1 17 16 1
55 3 1 56 9 1
50 39 1 51 44 1
13 10 1 14 19 1
5 22 1 6 28 1
52 18 1 53 28 1
11 33 2 16 34 2
33 47 2 37 48 2
41 9 2 50 10 2
21 31 2 31 32 2
14 27 2 23 28 2
46 27 2 52 28 2
18 1 2 28 2 2
47 37 2 51 38 2
23 35 2 28 36 2
22 52 2 26 53 2
32 37 2 36 38 2
21 47 2 26 48 2
55 3 2 58 4 2
45 41 2 55 42 2
38 38 2 48 39 2
4 33 2 9 34 2
48 34 2 51 35 2
7 14 2 13 15 2
49 23 2 57 24 2
17 30 2 22 31 2
5 17 2 15 18 2
8 7 2 15 8 2
5 22 2 15 23 2
22 9 2 32 10 2
9 8 3 10 17 3
48 5 3 49 13 3
20 34 3 21 39 3
15 2 3 16 8 3
10 31 3 11 36 3
4 43 3 5 48 3
35 22 3 36 29 3
8 30 3 9 33 3
12 14 3 13 22 3
41 26 3 42 34 3
42 48 3 43 56 3
39 8 3 40 17 3
17 49 3 18 53 3
7 23 3 8 29 3
36 53 3 37 56 3
29 21 3 30 30 3
26 51 3 27 59 3
32 55 3 33 59 3
4 7 3 5 13 3
53 3 3 54 11 3
37 48 3 38 54 3
41 3 3 42 7 3
30 12 3 31 16 3
29 5 3 30 8 3
2 0 4 7 1 4
39 19 4 45 20 4
23 38 4 26 39 4
20 53 4 26 54 4
20 7 4 26 8 4
9 27 4 19 28 4
35 14 4 38 15 4
0 13 4 3 14 4
34 51 4 38 52 4
18 18 4 28 19 4
20 49 4 24 50 4
30 31 4 40 32 4
13 16 4 17 17 4
50 55 4 56 56 4
13 31 4 21 32 4
0 44 4 6 45 4
34 48 4 43 49 4
40 22 4 49 23 4
9 55 4 16 56 4
45 10 4 51 11 4
16 34 4 25 35 4
27 44 4 37 45 4
55 54 4 59 55 4
6 41 4 11 42 4
30 27 5 31 35 5
22 3 5 23 11 5
20 5 5 21 9 5
11 5 5 12 13 5
2 9 5 3 16 5
1 47 5 2 53 5
21 50 5 22 58 5
49 9 5 50 19 5
49 52 5 50 58 5
51 1 5 52 5 5
47 43 5 48 49 5
47 54 5 48 59 5
15 2 5 16 12 5
50 36 5 51 39 5
36 25 5 37 35 5
2 54 5 3 59 5
36 45 5 37 53 5
28 35 5 29 44 5
45 50 5 46 59 5
53 4 5 54 10 5
14 3 5 15 10 5
6 24 5 7 29 5
17 9 5 18 18 5
28 18 5 29 26 5
Net_num 158
Net_id 0
pin_num 5
34 49 0
42 49 0
40 44 0
36 41 0
35 54 0
Net_id 1
pin_num 5
43 36 0
37 36 0
51 43 0
45 40 0
47 38 0
Net_id 2
pin_num 5
18 7 0
17 20 0
15 10 0
11 12 0
15 0 0
Net_id 3
pin_num 5
22 46 0
19 47 0
21 59 0
20 54 0
10 50 0
Net_id 4
pin_num 5
36 19 0
57 19 0
51 12 0
54 0 0
53 33 0
Net_id 5
pin_num 5
24 34 0
17 34 0
1 34 0
2 28 0
4 23 0
Net_id 6
pin_num 5
2 51 0
0 49 0
18 52 0
17 59 0
2 41 0
Net_id 7
pin_num 5
55 51 0
45 51 0
54 57 0
48 59 0
53 47 0
Net_id 8
pin_num 5
58 19 0
57 12 0
57 0 0
45 9 0
36 14 0
Net_id 9
pin_num 5
8 52 0
1 59 0
6 59 0
5 50 0
0 43 0
Net_id 10
pin_num 5
11 4 0
16 1 0
6 0 0
39 1 0
32 6 0
Net_id 11
pin_num 5
51 57 0
43 55 0
48 55 0
46 51 0
29 53 0
Net_id 12
pin_num 5
41 50 0
46 47 0
50 49 0
46 42 0
59 42 0
Net_id 13
pin_num 5
33 2 0
23 0 0
34 2 0
44 0 0
36 0 0
Net_id 14
pin_num 5
3 42 0
8 41 0
6 50 0
12 52 0
4 30 0
Net_id 15
pin_num 5
49 12 0
45 5 0
48 29 0
59 37 0
46 23 0
Net_id 16
pin_num 5
10 47 0
6 49 0
3 36 0
21 49 0
15 42 0
Net_id 17
pin_num 5
38 46 0
50 46 0
41 31 0
55 59 0
47 56 0
Net_id 18
pin_num 5
27 26 0
30 24 0
28 29 0
30 40 0
7 37 0
Net_id 19
pin_num 4
9 10 0
19 3 0
43 6 0
49 0 0
Net_id 20
pin_num 4
20 43 0
32 43 0
46 43 0
37 56 0
Net_id 21
pin_num 4
48 28 0
59 21 0
42 22 0
49 8 0
Net_id 22
pin_num 4
23 21 0
28 33 0
26 44 0
45 33 0
Net_id 23
pin_num 4
43 2 0
9 1 0
28 4 0
23 12 0
Net_id 24
pin_num 4
12 26 0
3 23 0
0 18 0
5 46 0
Net_id 25
pin_num 4
46 7 0
46 13 0
51 22 0
30 20 0
Net_id 26
pin_num 4
36 27 0
41 28 0
46 30 0
25 30 0
Net_id 27
pin_num 4
38 5 0
28 5 0
31 3 0
17 11 0
Net_id 28
pin_num 4
30 9 0
30 2 0
18 24 0
29 17 0
Net_id 29
pin_num 4
56 27 0
56 12 0
56 5 0
50 1 0
Net_id 30
pin_num 4
26 25 0
39 17 0
34 11 0
18 19 0
Net_id 31
pin_num 4
36 6 0
42 1 0
27 5 0
34 28 0
Net_id 32
pin_num 4
17 17 0
5 14 0
11 21 0
0 27 0
Net_id 33
pin_num 4
35 2 0
38 4 0
33 21 0
33 35 0
Net_id 34
pin_num 4
13 12 0
20 22 0
25 20 0
12 8 0
Net_id 35
pin_num 4
46 50 0
49 45 0
35 44 0
56 50 0
Net_id 36
pin_num 4
51 27 0
58 32 0
49 31 0
47 28 0
Net_id 37
pin_num 4
31 42 0
40 34 0
36 51 0
25 34 0
Net_id 38
pin_num 4
16 24 0
6 35 0
7 25 0
17 26 0
Net_id 39
pin_num 3
9 11 0
2 29 0
17 24 0
Net_id 40
pin_num 3
55 34 0
57 25 0
48 31 0
Net_id 41
pin_num 3
4 48 0
31 45 0
0 34 0
Net_id 42
pin_num 3
50 37 0
52 43 0
51 25 0
Net_id 43
pin_num 3
1 37 0
8 26 0
1 31 0
Net_id 44
pin_num 3
29 20 0
25 10 0
20 16 0
Net_id 45
pin_num 3
35 22 0
29 21 0
29 51 0
Net_id 46
pin_num 3
16 7 0
9 7 0
1 5 0
Net_id 47
pin_num 3
5 20 0
24 13 0
14 47 0
Net_id 48
pin_num 3
58 39 0
47 31 0
47 59 0
Net_id 49
pin_num 3
26 52 0
24 38 0
45 59 0
Net_id 50
pin_num 3
9 27 0
19 40 0
1 19 0
Net_id 51
pin_num 3
42 11 0
40 20 0
34 15 0
Net_id 52
pin_num 3
31 48 0
38 48 0
46 48 0
Net_id 53
pin_num 3
36 46 0
28 52 0
41 56 0
Net_id 54
pin_num 3
28 54 0
23 54 0
9 50 0
Net_id 55
pin_num 3
37 29 0
42 23 0
20 40 0
Net_id 56
pin_num 3
49 20 0
54 35 0
55 43 0
Net_id 57
pin_num 3
14 27 0
6 30 0
20 30 0
Net_id 58
pin_num 3
59 49 0
37 40 0
59 51 0
Net_id 59
pin_num 3
17 27 0
20 10 0
28 22 0
Net_id 60
pin_num 3
45 56 0
34 39 0
48 54 0
Net_id 61
pin_num 3
20 38 0
27 58 0
1 47 0
Net_id 62
pin_num 3
6 58 0
14 59 0
13 47 0
Net_id 63
pin_num 3
37 14 0
37 4 0
31 7 0
Net_id 64
pin_num 3
21 23 0
19 28 0
25 28 0
Net_id 65
pin_num 3
47 45 0
35 45 0
45 24 0
Net_id 66
pin_num 3
26 46 0
31 54 0
23 42 0
Net_id 67
pin_num 3
23 10 0
32 21 0
28 10 0
Net_id 68
pin_num 3
22 52 0
41 57 0
17 53 0
Net_id 69
pin_num 3
41 22 0
32 41 0
32 49 0
Net_id 70
pin_num 3
54 7 0
59 20 0
47 17 0
Net_id 71
pin_num 3
37 9 0
24 8 0
31 28 0
Net_id 72
pin_num 3
44 58 0
51 49 0
43 58 0
Net_id 73
pin_num 3
20 4 0
19 14 0
3 2 0
Net_id 74
pin_num 3
6 47 0
1 40 0
7 40 0
Net_id 75
pin_num 3
22 33 0
27 38 0
22 15 0
Net_id 76
pin_num 3
59 15 0
45 15 0
46 36 0
Net_id 77
pin_num 3
14 31 0
27 29 0
27 18 0
Net_id 78
pin_num 3
23 50 0
33 39 0
18 59 0
Net_id 79
pin_num 3
42 26 0
30 41 0
21 28 0
Net_id 80
pin_num 2
24 46 0
7 56 0
Net_id 81
pin_num 2
33 41 0
56 51 0
Net_id 82
pin_num 2
30 42 0
19 43 0
Net_id 83
pin_num 2
15 11 0
14 15 0
Net_id 84
pin_num 2
22 11 0
24 33 0
Net_id 85
pin_num 2
58 48 0
50 54 0
Net_id 86
pin_num 2
4 57 0
10 54 0
Net_id 87
pin_num 2
1 36 0
7 46 0
Net_id 88
pin_num 2
28 8 0
33 17 0
Net_id 89
pin_num 2
23 27 0
9 18 0
Net_id 90
pin_num 2
31 40 0
43 29 0
Net_id 91
pin_num 2
52 30 0
58 35 0
Net_id 92
pin_num 2
26 29 0
10 45 0
Net_id 93
pin_num 2
58 2 0
42 12 0
Net_id 94
pin_num 2
8 14 0
12 32 0
Net_id 95
pin_num 2
31 2 0
32 9 0
Net_id 96
pin_num 2
10 44 0
7 50 0
Net_id 97
pin_num 2
52 58 0
57 41 0
Net_id 98
pin_num 2
52 1 0
52 5 0
Net_id 99
pin_num 2
5 21 0
13 1 0
Net_id 100
pin_num 2
25 39 0
50 52 0
Net_id 101
pin_num 2
17 37 0
25 59 0
Net_id 102
pin_num 2
36 44 0
25 18 0
Net_id 103
pin_num 2
50 17 0
59 11 0
Net_id 104
pin_num 2
44 35 0
53 40 0
Net_id 105
pin_num 2
3 31 0
7 31 0
Net_id 106
pin_num 2
50 2 0
46 2 0
Net_id 107
pin_num 2
26 58 0
11 55 0
Net_id 108
pin_num 2
58 43 0
46 28 0
Net_id 109
pin_num 2
47 47 0
50 45 0
Net_id 110
pin_num 2
24 12 0
40 1 0
Net_id 111
pin_num 2
10 56 0
19 57 0
Net_id 112
pin_num 2
15 20 0
11 19 0
Net_id 113
pin_num 2
56 33 0
40 32 0
Net_id 114
pin_num 2
28 37 0
43 26 0
Net_id 115
pin_num 2
28 7 0
11 16 0
Net_id 116
pin_num 2
15 38 0
6 38 0
Net_id 117
pin_num 2
36 24 0
32 34 0
Net_id 118
pin_num 2
23 4 0
32 4 0
Net_id 119
pin_num 2
36 7 0
50 3 0
Net_id 120
pin_num 2
23 15 0
45 17 0
Net_id 121
pin_num 2
1 0 0
2 6 0
Net_id 122
pin_num 2
5 24 0
21 15 0
Net_id 123
pin_num 2
26 47 0
21 47 0
Net_id 124
pin_num 2
32 57 0
19 45 0
Net_id 125
pin_num 2
55 21 0
52 11 0
Net_id 126
pin_num 2
32 32 0
39 34 0
Net_id 127
pin_num 2
26 41 0
28 44 0
Net_id 128
pin_num 2
2 37 0
8 35 0
Net_id 129
pin_num 2
24 27 0
29 27 0
Net_id 130
pin_num 2
59 53 0
56 45 0
Net_id 131
pin_num 2
11 18 0
1 10 0
Net_id 132
pin_num 2
32 45 0
27 44 0
Net_id 133
pin_num 2
6 14 0
2 22 0
Net_id 134
pin_num 2
47 25 0
39 37 0
Net_id 135
pin_num 2
0 7 0
10 3 0
Net_id 136
pin_num 2
38 30 0
52 38 0
Net_id 137
pin_num 2
46 10 0
54 1 0
Net_id 138
pin_num 2
31 56 0
48 56 0
Net_id 139
pin_num 2
1 46 0
5 53 0
Net_id 140
pin_num 2
15 39 0
1 38 0
Net_id 141
pin_num 2
15 6 0
32 0 0
Net_id 142
pin_num 2
4 35 0
17 40 0
Net_id 143
pin_num 2
55 58 0
44 42 0
Net_id 144
pin_num 2
35 10 0
22 0 0
Net_id 145
pin_num 2
34 33 0
42 17 0
Net_id 146
pin_num 2
5 58 0
11 36 0
Net_id 147
pin_num 2
4 12 0
21 10 0
Net_id 148
pin_num 2
21 6 0
10 4 0
Net_id 149
pin_num 2
30 49 0
17 47 0
Net_id 150
pin_num 2
38 59 0
48 53 0
Net_id 151
pin_num 2
19 42 0
10 40 0
Net_id 152
pin_num 2
35 4 0
51 24 0
Net_id 153
pin_num 2
42 28 0
23 39 0
Net_id 154
pin_num 2
27 24 0
37 23 0
Net_id 155
pin_num 2
1 25 0
10 36 0
Net_id 156
pin_num 2
57 47 0
46 59 0
Net_id 157
pin_num 2
7 55 0
26 59 0
