Width 60
Height 60
Layer 6
Total_WL 6807
Obstacle_num 144
54 9 0 58 10 0
43 19 0 47 20 0
14 36 0 23 37 0
33 18 0 37 19 0
6 44 0 16 45 0
9 9 0 18 10 0
23 25 0 27 26 0
21 39 0 26 40 0
37 8 0 44 9 0
39 1 0 42 2 0
23 33 0 29 34 0
34 10 0 41 11 0
42 40 0 50 41 0
9 24 0 19 25 0
11 14 0 14 15 0
0 30 0 3 31 0
30 38 0 34 39 0
3 11 0 12 12 0
6 55 0 15 56 0
23 57 0 27 58 0
43 51 0 52 52 0
7 25 0 14 26 0
9 57 0 19 58 0
3 37 0 8 38 0
20 50 1 21 55 1
23 28 1 24 36 1
55 22 1 56 26 1
0 50 1 1 54 1
10 2 1 11 11 1
58 2 1 59 9 1
38 39 1 39 48 1
51 43 1 52 48 1
0 1 1 1 6 1
57 5 1 58 11 1
7 31 1 8 40 1
53 30 1 54 39 1
56 11 1 57 14 1
21 50 1 22 58 1
30 50 1 31 54 1
47 6 1 48 13 1
19 28 1 20 35 1
46 47 1 47 52 1
5 21 1 6 26 1
28 45 1 29 51 1
30 36 1 31 40 1
51 34 1 52 37 1
24 4 1 25 11 1
49 4 1 50 12 1
19 44 2 27 45 2
15 22 2 18 23 2
7 50 2 16 51 2
35 46 2 39 47 2
38 28 2 44 29 2
0 57 2 6 58 2
41 58 2 47 59 2
17 31 2 20 32 2
6 37 2 14 38 2
50 7 2 53 8 2
34 32 2 43 33 2
46 53 2 53 54 2
37 3 2 43 4 2
7 23 2 13 24 2
34 11 2 44 12 2
50 57 2 53 58 2
31 1 2 39 2 2
34 7 2 40 8 2
36 9 2 46 10 2
12 49 2 20 50 2
15 19 2 20 20 2
42 21 2 46 22 2
36 58 2 39 59 2
8 30 2 13 31 2
58 1 3 59 11 3
6 51 3 7 54 3
4 49 3 5 54 3
54 18 3 55 21 3
56 43 3 57 46 3
18 27 3 19 35 3
27 30 3 28 36 3
41 32 3 42 40 3
45 0 3 46 3 3
44 9 3 45 19 3
25 14 3 26 24 3
55 29 3 56 34 3
18 7 3 19 14 3
5 44 3 6 51 3
15 26 3 16 34 3
30 8 3 31 11 3
19 11 3 20 19 3
31 20 3 32 27 3
31 15 3 32 19 3
50 8 3 51 14 3
19 4 3 20 10 3
50 19 3 51 28 3
52 28 3 53 34 3
38 0 3 39 8 3
37 58 4 42 59 4
15 14 4 20 15 4
13 32 4 21 33 4
26 3 4 35 4 4
47 44 4 50 45 4
10 19 4 20 20 4
45 6 4 53 7 4
22 40 4 32 41 4
40 12 4 45 13 4
20 51 4 24 52 4
31 5 4 40 6 4
34 14 4 42 15 4
8 27 4 12 28 4
34 34 4 38 35 4
26 54 4 30 55 4
35 38 4 40 39 4
38 31 4 45 32 4
41 45 4 45 46 4
33 15 4 43 16 4
3 55 4 6 56 4
19 29 4 23 30 4
35 44 4 45 45 4
32 13 4 39 14 4
12 46 4 18 47 4
15 16 5 16 26 5
40 13 5 41 19 5
9 20 5 10 28 5
31 20 5 32 26 5
50 25 5 51 28 5
3 38 5 4 43 5
53 49 5 54 55 5
26 45 5 27 50 5
16 56 5 17 59 5
58 1 5 59 11 5
5 14 5 6 19 5
28 22 5 29 31 5
16 41 5 17 45 5
10 48 5 11 55 5
50 19 5 51 23 5
23 48 5 24 55 5
51 27 5 52 37 5
26 9 5 27 13 5
52 49 5 53 56 5
2 33 5 3 39 5
10 15 5 11 24 5
33 23 5 34 27 5
18 10 5 19 17 5
0 39 5 1 47 5
Net_num 161
Net_id 0
pin_num 5
8 59 0
16 58 0
20 59 0
35 59 0
22 54 0
Net_id 1
pin_num 5
42 35 0
38 28 0
47 35 0
15 35 0
51 31 0
Net_id 2
pin_num 5
51 19 0
52 21 0
59 33 0
42 23 0
50 11 0
Net_id 3
pin_num 5
19 39 0
22 44 0
38 40 0
34 57 0
31 20 0
Net_id 4
pin_num 5
29 58 0
17 58 0
25 34 0
7 59 0
27 36 0
Net_id 5
pin_num 5
43 46 0
40 56 0
20 48 0
25 27 0
37 29 0
Net_id 6
pin_num 5
22 30 0
18 32 0
0 33 0
33 32 0
18 56 0
Net_id 7
pin_num 5
14 48 0
4 48 0
4 43 0
13 29 0
16 27 0
Net_id 8
pin_num 5
2 45 0
2 48 0
2 23 0
7 14 0
7 24 0
Net_id 9
pin_num 5
19 43 0
31 43 0
24 20 0
32 36 0
21 33 0
Net_id 10
pin_num 5
13 34 0
0 39 0
13 36 0
6 14 0
1 14 0
Net_id 11
pin_num 5
17 51 0
22 52 0
1 53 0
12 42 0
2 57 0
Net_id 12
pin_num 5
49 20 0
47 21 0
47 34 0
59 34 0
54 25 0
Net_id 13
pin_num 5
9 58 0
20 49 0
7 58 0
9 49 0
29 57 0
Net_id 14
pin_num 5
47 0 0
48 7 0
31 7 0
56 3 0
33 2 0
Net_id 15
pin_num 5
24 34 0
12 39 0
21 41 0
0 40 0
14 16 0
Net_id 16
pin_num 5
9 0 0
4 7 0
3 0 0
12 0 0
4 8 0
Net_id 17
pin_num 5
24 29 0
34 24 0
37 25 0
28 44 0
29 33 0
Net_id 18
pin_num 4
21 31 0
10 35 0
26 38 0
11 45 0
Net_id 19
pin_num 4
58 53 0
54 53 0
55 39 0
35 53 0
Net_id 20
pin_num 4
49 6 0
51 0 0
31 0 0
40 18 0
Net_id 21
pin_num 4
56 6 0
48 15 0
58 33 0
43 28 0
Net_id 22
pin_num 4
35 33 0
37 38 0
50 37 0
39 44 0
Net_id 23
pin_num 4
22 46 0
19 50 0
40 44 0
26 41 0
Net_id 24
pin_num 4
13 8 0
20 12 0
41 10 0
2 12 0
Net_id 25
pin_num 4
3 7 0
0 15 0
17 6 0
13 26 0
Net_id 26
pin_num 4
35 21 0
39 26 0
35 27 0
27 27 0
Net_id 27
pin_num 4
58 49 0
56 55 0
44 55 0
34 55 0
Net_id 28
pin_num 4
56 28 0
44 30 0
58 28 0
48 46 0
Net_id 29
pin_num 4
40 5 0
25 8 0
32 3 0
46 6 0
Net_id 30
pin_num 4
9 29 0
14 11 0
0 22 0
9 15 0
Net_id 31
pin_num 4
53 33 0
51 27 0
45 29 0
33 33 0
Net_id 32
pin_num 4
7 10 0
18 9 0
17 25 0
9 17 0
Net_id 33
pin_num 4
37 51 0
49 56 0
39 36 0
59 58 0
Net_id 34
pin_num 4
17 11 0
23 11 0
16 0 0
50 1 0
Net_id 35
pin_num 4
57 17 0
53 22 0
57 28 0
59 7 0
Net_id 36
pin_num 4
39 11 0
46 11 0
42 2 0
55 4 0
Net_id 37
pin_num 4
1 56 0
3 59 0
2 52 0
3 40 0
Net_id 38
pin_num 3
7 38 0
1 39 0
1 40 0
Net_id 39
pin_num 3
27 48 0
33 45 0
32 56 0
Net_id 40
pin_num 3
39 17 0
47 1 0
59 13 0
Net_id 41
pin_num 3
40 41 0
40 47 0
34 31 0
Net_id 42
pin_num 3
15 16 0
22 37 0
49 35 0
Net_id 43
pin_num 3
12 38 0
1 45 0
1 49 0
Net_id 44
pin_num 3
21 54 0
14 58 0
1 37 0
Net_id 45
pin_num 3
47 56 0
59 54 0
50 35 0
Net_id 46
pin_num 3
0 5 0
5 8 0
31 4 0
Net_id 47
pin_num 3
2 41 0
3 47 0
20 47 0
Net_id 48
pin_num 3
44 6 0
28 1 0
41 23 0
Net_id 49
pin_num 3
14 25 0
17 1 0
54 7 0
Net_id 50
pin_num 3
33 51 0
52 47 0
59 47 0
Net_id 51
pin_num 3
42 44 0
59 45 0
50 25 0
Net_id 52
pin_num 3
14 53 0
32 43 0
24 19 0
Net_id 53
pin_num 3
34 2 0
59 6 0
22 28 0
Net_id 54
pin_num 3
14 51 0
17 50 0
1 35 0
Net_id 55
pin_num 3
37 37 0
58 35 0
36 59 0
Net_id 56
pin_num 3
58 39 0
42 49 0
59 49 0
Net_id 57
pin_num 3
31 18 0
10 31 0
26 26 0
Net_id 58
pin_num 3
50 16 0
33 28 0
39 2 0
Net_id 59
pin_num 3
30 42 0
43 39 0
11 42 0
Net_id 60
pin_num 3
50 43 0
33 34 0
33 41 0
Net_id 61
pin_num 3
43 16 0
35 26 0
36 48 0
Net_id 62
pin_num 3
25 47 0
20 38 0
27 49 0
Net_id 63
pin_num 3
10 3 0
23 14 0
26 11 0
Net_id 64
pin_num 3
43 31 0
17 30 0
26 0 0
Net_id 65
pin_num 3
7 19 0
5 26 0
11 46 0
Net_id 66
pin_num 3
20 16 0
9 8 0
27 13 0
Net_id 67
pin_num 3
49 38 0
58 45 0
41 41 0
Net_id 68
pin_num 3
58 32 0
40 36 0
41 26 0
Net_id 69
pin_num 3
10 42 0
7 54 0
13 54 0
Net_id 70
pin_num 3
8 12 0
3 29 0
8 21 0
Net_id 71
pin_num 3
24 27 0
9 35 0
59 57 0
Net_id 72
pin_num 3
58 54 0
53 51 0
58 59 0
Net_id 73
pin_num 3
5 4 0
9 5 0
20 0 0
Net_id 74
pin_num 3
43 54 0
51 50 0
53 58 0
Net_id 75
pin_num 3
13 5 0
1 4 0
11 10 0
Net_id 76
pin_num 3
48 12 0
56 12 0
46 12 0
Net_id 77
pin_num 3
6 52 0
3 56 0
20 56 0
Net_id 78
pin_num 3
20 20 0
25 12 0
32 31 0
Net_id 79
pin_num 3
8 30 0
15 39 0
1 27 0
Net_id 80
pin_num 2
42 18 0
29 13 0
Net_id 81
pin_num 2
27 4 0
17 7 0
Net_id 82
pin_num 2
26 55 0
56 31 0
Net_id 83
pin_num 2
16 43 0
1 24 0
Net_id 84
pin_num 2
16 17 0
7 41 0
Net_id 85
pin_num 2
29 18 0
22 13 0
Net_id 86
pin_num 2
1 29 0
3 31 0
Net_id 87
pin_num 2
49 54 0
53 48 0
Net_id 88
pin_num 2
11 31 0
3 35 0
Net_id 89
pin_num 2
32 1 0
42 12 0
Net_id 90
pin_num 2
35 36 0
49 46 0
Net_id 91
pin_num 2
8 8 0
8 22 0
Net_id 92
pin_num 2
23 37 0
37 49 0
Net_id 93
pin_num 2
31 49 0
13 58 0
Net_id 94
pin_num 2
56 1 0
51 7 0
Net_id 95
pin_num 2
16 21 0
0 18 0
Net_id 96
pin_num 2
9 45 0
17 43 0
Net_id 97
pin_num 2
41 34 0
30 54 0
Net_id 98
pin_num 2
19 17 0
41 40 0
Net_id 99
pin_num 2
5 23 0
29 45 0
Net_id 100
pin_num 2
55 48 0
54 48 0
Net_id 101
pin_num 2
42 22 0
35 22 0
Net_id 102
pin_num 2
58 31 0
52 43 0
Net_id 103
pin_num 2
48 8 0
31 2 0
Net_id 104
pin_num 2
6 57 0
6 53 0
Net_id 105
pin_num 2
52 25 0
56 22 0
Net_id 106
pin_num 2
18 4 0
37 13 0
Net_id 107
pin_num 2
53 17 0
52 34 0
Net_id 108
pin_num 2
8 3 0
26 8 0
Net_id 109
pin_num 2
51 11 0
58 12 0
Net_id 110
pin_num 2
21 2 0
21 7 0
Net_id 111
pin_num 2
46 43 0
59 40 0
Net_id 112
pin_num 2
36 56 0
44 46 0
Net_id 113
pin_num 2
14 37 0
4 42 0
Net_id 114
pin_num 2
58 50 0
54 52 0
Net_id 115
pin_num 2
21 15 0
8 15 0
Net_id 116
pin_num 2
43 58 0
51 42 0
Net_id 117
pin_num 2
44 48 0
54 56 0
Net_id 118
pin_num 2
55 37 0
51 39 0
Net_id 119
pin_num 2
23 44 0
26 47 0
Net_id 120
pin_num 2
57 19 0
52 24 0
Net_id 121
pin_num 2
29 23 0
45 16 0
Net_id 122
pin_num 2
47 4 0
27 6 0
Net_id 123
pin_num 2
21 9 0
6 8 0
Net_id 124
pin_num 2
5 44 0
1 51 0
Net_id 125
pin_num 2
11 18 0
2 16 0
Net_id 126
pin_num 2
19 25 0
27 20 0
Net_id 127
pin_num 2
36 43 0
12 56 0
Net_id 128
pin_num 2
42 43 0
57 50 0
Net_id 129
pin_num 2
45 27 0
33 11 0
Net_id 130
pin_num 2
34 11 0
54 2 0
Net_id 131
pin_num 2
0 23 0
10 17 0
Net_id 132
pin_num 2
12 52 0
35 58 0
Net_id 133
pin_num 2
25 6 0
7 9 0
Net_id 134
pin_num 2
3 24 0
2 2 0
Net_id 135
pin_num 2
40 12 0
28 21 0
Net_id 136
pin_num 2
49 57 0
56 46 0
Net_id 137
pin_num 2
13 17 0
5 9 0
Net_id 138
pin_num 2
9 20 0
6 23 0
Net_id 139
pin_num 2
30 2 0
14 10 0
Net_id 140
pin_num 2
19 28 0
26 34 0
Net_id 141
pin_num 2
34 8 0
15 5 0
Net_id 142
pin_num 2
58 27 0
37 33 0
Net_id 143
pin_num 2
36 19 0
41 19 0
Net_id 144
pin_num 2
22 8 0
24 0 0
Net_id 145
pin_num 2
45 22 0
33 19 0
Net_id 146
pin_num 2
35 56 0
31 54 0
Net_id 147
pin_num 2
11 16 0
12 11 0
Net_id 148
pin_num 2
1 9 0
7 13 0
Net_id 149
pin_num 2
23 10 0
36 8 0
Net_id 150
pin_num 2
51 45 0
32 57 0
Net_id 151
pin_num 2
17 2 0
5 2 0
Net_id 152
pin_num 2
16 38 0
29 22 0
Net_id 153
pin_num 2
17 4 0
9 7 0
Net_id 154
pin_num 2
20 33 0
2 15 0
Net_id 155
pin_num 2
54 16 0
34 29 0
Net_id 156
pin_num 2
14 1 0
3 8 0
Net_id 157
pin_num 2
35 48 0
53 29 0
Net_id 158
pin_num 2
3 51 0
19 37 0
Net_id 159
pin_num 2
48 18 0
44 18 0
Net_id 160
pin_num 2
33 26 0
14 39 0
