Width 60
Height 60
Layer 6
Total_WL 6325
Obstacle_num 144
36 48 0 44 49 0
22 25 0 32 26 0
23 5 0 30 6 0
15 9 0 21 10 0
53 12 0 57 13 0
46 45 0 54 46 0
54 46 0 59 47 0
4 12 0 13 13 0
29 11 0 36 12 0
55 3 0 59 4 0
3 22 0 11 23 0
31 19 0 35 20 0
10 7 0 18 8 0
41 32 0 51 33 0
39 40 0 43 41 0
21 23 0 28 24 0
30 2 0 38 3 0
30 39 0 37 40 0
14 14 0 18 15 0
22 10 0 31 11 0
37 38 0 44 39 0
0 35 0 4 36 0
25 9 0 34 10 0
15 54 0 23 55 0
0 15 1 1 20 1
6 28 1 7 38 1
7 20 1 8 26 1
56 16 1 57 24 1
17 51 1 18 57 1
45 34 1 46 44 1
48 12 1 49 21 1
20 17 1 21 23 1
52 32 1 53 39 1
43 47 1 44 55 1
15 54 1 16 57 1
0 3 1 1 13 1
7 10 1 8 13 1
10 18 1 11 24 1
17 12 1 18 15 1
53 11 1 54 21 1
55 28 1 56 32 1
42 30 1 43 40 1
23 3 1 24 6 1
42 46 1 43 50 1
13 3 1 14 10 1
21 19 1 22 27 1
26 28 1 27 37 1
36 22 1 37 26 1
13 36 2 20 37 2
13 34 2 23 35 2
33 41 2 38 42 2
23 57 2 31 58 2
27 27 2 31 28 2
5 50 2 12 51 2
48 39 2 54 40 2
39 21 2 47 22 2
38 0 2 45 1 2
0 8 2 10 9 2
37 49 2 45 50 2
15 35 2 25 36 2
26 19 2 34 20 2
40 5 2 49 6 2
10 41 2 17 42 2
42 30 2 52 31 2
3 39 2 12 40 2
13 24 2 18 25 2
13 28 2 20 29 2
46 0 2 56 1 2
24 8 2 30 9 2
40 52 2 49 53 2
11 47 2 20 48 2
22 39 2 25 40 2
53 47 3 54 54 3
49 29 3 50 34 3
36 21 3 37 28 3
21 27 3 22 31 3
1 36 3 2 40 3
25 18 3 26 24 3
18 37 3 19 43 3
33 20 3 34 27 3
7 48 3 8 54 3
52 47 3 53 52 3
13 9 3 14 13 3
51 47 3 52 56 3
17 44 3 18 52 3
30 39 3 31 44 3
23 0 3 24 8 3
14 17 3 15 27 3
21 44 3 22 52 3
50 11 3 51 15 3
2 29 3 3 32 3
34 17 3 35 24 3
8 23 3 9 30 3
14 42 3 15 48 3
38 43 3 39 49 3
33 31 3 34 35 3
38 8 4 47 9 4
43 53 4 53 54 4
21 22 4 31 23 4
24 48 4 27 49 4
42 11 4 48 12 4
37 40 4 47 41 4
54 35 4 58 36 4
38 21 4 45 22 4
24 51 4 27 52 4
37 29 4 46 30 4
42 46 4 45 47 4
30 11 4 39 12 4
42 32 4 51 33 4
42 26 4 52 27 4
25 10 4 29 11 4
9 35 4 16 36 4
2 3 4 12 4 4
11 16 4 19 17 4
32 55 4 39 56 4
12 49 4 21 50 4
48 11 4 54 12 4
7 1 4 14 2 4
15 7 4 19 8 4
4 53 4 9 54 4
35 25 5 36 34 5
48 21 5 49 27 5
28 11 5 29 17 5
45 53 5 46 56 5
49 29 5 50 34 5
40 8 5 41 12 5
7 24 5 8 31 5
10 22 5 11 29 5
44 33 5 45 39 5
5 16 5 6 23 5
35 52 5 36 59 5
26 0 5 27 4 5
12 28 5 13 34 5
33 5 5 34 11 5
29 34 5 30 43 5
29 13 5 30 22 5
56 50 5 57 55 5
13 22 5 14 28 5
42 50 5 43 56 5
0 50 5 1 55 5
28 48 5 29 53 5
51 46 5 52 55 5
4 36 5 5 43 5
43 30 5 44 35 5
Net_num 153
Net_id 0
pin_num 5
11 51 0
5 37 0
5 21 0
8 49 0
5 2 0
Net_id 1
pin_num 5
55 51 0
41 52 0
48 35 0
42 39 0
41 51 0
Net_id 2
pin_num 5
4 44 0
18 44 0
0 51 0
24 43 0
10 29 0
Net_id 3
pin_num 5
42 25 0
55 23 0
48 26 0
44 14 0
59 23 0
Net_id 4
pin_num 5
45 10 0
45 3 0
45 11 0
59 3 0
22 5 0
Net_id 5
pin_num 5
51 42 0
34 40 0
43 55 0
56 47 0
43 18 0
Net_id 6
pin_num 5
11 43 0
9 49 0
30 48 0
14 55 0
35 55 0
Net_id 7
pin_num 5
39 46 0
49 41 0
56 41 0
54 33 0
38 41 0
Net_id 8
pin_num 5
26 36 0
14 32 0
4 35 0
8 21 0
17 21 0
Net_id 9
pin_num 5
16 50 0
24 44 0
28 23 0
24 33 0
25 33 0
Net_id 10
pin_num 5
32 38 0
29 37 0
31 28 0
40 32 0
9 37 0
Net_id 11
pin_num 5
4 16 0
14 16 0
6 27 0
12 27 0
0 24 0
Net_id 12
pin_num 5
4 19 0
0 21 0
4 34 0
1 13 0
13 18 0
Net_id 13
pin_num 5
23 47 0
14 49 0
17 36 0
29 42 0
17 59 0
Net_id 14
pin_num 5
20 42 0
24 52 0
4 45 0
1 40 0
12 51 0
Net_id 15
pin_num 5
47 9 0
50 4 0
55 8 0
56 8 0
50 5 0
Net_id 16
pin_num 5
11 49 0
9 52 0
10 36 0
20 51 0
11 58 0
Net_id 17
pin_num 5
12 22 0
22 20 0
9 34 0
19 1 0
35 31 0
Net_id 18
pin_num 5
47 13 0
28 11 0
25 0 0
47 6 0
33 27 0
Net_id 19
pin_num 4
5 18 0
4 9 0
0 2 0
15 0 0
Net_id 20
pin_num 4
7 49 0
4 51 0
0 56 0
15 49 0
Net_id 21
pin_num 4
55 13 0
52 19 0
53 10 0
56 9 0
Net_id 22
pin_num 4
13 40 0
9 29 0
1 49 0
0 41 0
Net_id 23
pin_num 4
53 49 0
47 49 0
52 57 0
49 37 0
Net_id 24
pin_num 4
40 55 0
38 52 0
25 53 0
46 54 0
Net_id 25
pin_num 4
11 21 0
13 25 0
14 17 0
16 38 0
Net_id 26
pin_num 4
40 23 0
29 29 0
19 28 0
29 17 0
Net_id 27
pin_num 4
52 25 0
58 15 0
46 24 0
58 7 0
Net_id 28
pin_num 4
17 57 0
12 59 0
16 46 0
35 59 0
Net_id 29
pin_num 4
20 34 0
15 30 0
0 31 0
36 31 0
Net_id 30
pin_num 4
18 1 0
1 0 0
14 6 0
2 2 0
Net_id 31
pin_num 4
54 34 0
43 34 0
47 26 0
35 30 0
Net_id 32
pin_num 4
25 14 0
32 8 0
53 7 0
41 0 0
Net_id 33
pin_num 4
19 42 0
8 44 0
5 51 0
20 16 0
Net_id 34
pin_num 4
34 42 0
40 27 0
25 32 0
21 39 0
Net_id 35
pin_num 4
51 39 0
58 34 0
38 46 0
48 22 0
Net_id 36
pin_num 4
49 4 0
41 2 0
43 9 0
22 3 0
Net_id 37
pin_num 4
59 21 0
53 9 0
59 12 0
59 0 0
Net_id 38
pin_num 3
11 38 0
12 53 0
19 59 0
Net_id 39
pin_num 3
22 52 0
23 44 0
16 59 0
Net_id 40
pin_num 3
30 35 0
48 54 0
35 50 0
Net_id 41
pin_num 3
30 50 0
25 56 0
0 59 0
Net_id 42
pin_num 3
58 12 0
50 1 0
54 29 0
Net_id 43
pin_num 3
46 9 0
41 12 0
52 1 0
Net_id 44
pin_num 3
9 59 0
2 40 0
2 51 0
Net_id 45
pin_num 3
2 28 0
3 28 0
12 17 0
Net_id 46
pin_num 3
42 27 0
58 38 0
54 6 0
Net_id 47
pin_num 3
41 42 0
28 58 0
36 57 0
Net_id 48
pin_num 3
14 15 0
7 37 0
16 43 0
Net_id 49
pin_num 3
54 27 0
57 23 0
40 20 0
Net_id 50
pin_num 3
31 59 0
28 43 0
24 24 0
Net_id 51
pin_num 3
32 30 0
52 22 0
33 58 0
Net_id 52
pin_num 3
39 54 0
47 35 0
59 59 0
Net_id 53
pin_num 3
37 47 0
40 37 0
59 35 0
Net_id 54
pin_num 3
43 42 0
50 35 0
49 1 0
Net_id 55
pin_num 3
18 33 0
24 17 0
18 21 0
Net_id 56
pin_num 3
52 18 0
41 27 0
41 10 0
Net_id 57
pin_num 3
47 3 0
51 2 0
55 14 0
Net_id 58
pin_num 3
39 4 0
24 9 0
16 6 0
Net_id 59
pin_num 3
23 21 0
41 23 0
40 6 0
Net_id 60
pin_num 3
37 1 0
51 3 0
58 4 0
Net_id 61
pin_num 3
9 39 0
1 30 0
18 27 0
Net_id 62
pin_num 3
53 56 0
40 58 0
43 57 0
Net_id 63
pin_num 3
8 43 0
2 53 0
0 26 0
Net_id 64
pin_num 3
35 37 0
13 30 0
21 17 0
Net_id 65
pin_num 3
55 26 0
47 14 0
49 33 0
Net_id 66
pin_num 3
18 12 0
41 4 0
8 10 0
Net_id 67
pin_num 3
35 46 0
31 40 0
37 45 0
Net_id 68
pin_num 3
9 28 0
36 29 0
35 36 0
Net_id 69
pin_num 3
16 4 0
15 15 0
1 4 0
Net_id 70
pin_num 3
17 44 0
13 51 0
24 45 0
Net_id 71
pin_num 3
20 27 0
8 52 0
11 26 0
Net_id 72
pin_num 3
53 3 0
50 10 0
55 4 0
Net_id 73
pin_num 3
28 27 0
26 20 0
39 42 0
Net_id 74
pin_num 3
1 50 0
8 58 0
5 55 0
Net_id 75
pin_num 3
56 48 0
52 59 0
44 49 0
Net_id 76
pin_num 3
19 29 0
12 29 0
2 32 0
Net_id 77
pin_num 2
45 23 0
36 1 0
Net_id 78
pin_num 2
21 4 0
18 19 0
Net_id 79
pin_num 2
35 49 0
30 45 0
Net_id 80
pin_num 2
38 58 0
39 56 0
Net_id 81
pin_num 2
47 21 0
56 31 0
Net_id 82
pin_num 2
4 28 0
22 38 0
Net_id 83
pin_num 2
53 50 0
44 35 0
Net_id 84
pin_num 2
36 41 0
30 30 0
Net_id 85
pin_num 2
3 10 0
8 20 0
Net_id 86
pin_num 2
6 53 0
2 57 0
Net_id 87
pin_num 2
56 34 0
44 33 0
Net_id 88
pin_num 2
9 8 0
6 9 0
Net_id 89
pin_num 2
31 58 0
26 49 0
Net_id 90
pin_num 2
19 15 0
16 19 0
Net_id 91
pin_num 2
59 31 0
57 28 0
Net_id 92
pin_num 2
0 33 0
7 33 0
Net_id 93
pin_num 2
1 51 0
1 54 0
Net_id 94
pin_num 2
8 4 0
13 19 0
Net_id 95
pin_num 2
28 17 0
25 18 0
Net_id 96
pin_num 2
0 37 0
24 46 0
Net_id 97
pin_num 2
10 30 0
16 21 0
Net_id 98
pin_num 2
1 5 0
7 3 0
Net_id 99
pin_num 2
54 3 0
57 18 0
Net_id 100
pin_num 2
41 24 0
50 43 0
Net_id 101
pin_num 2
40 44 0
25 45 0
Net_id 102
pin_num 2
2 9 0
7 13 0
Net_id 103
pin_num 2
31 7 0
24 19 0
Net_id 104
pin_num 2
10 48 0
27 36 0
Net_id 105
pin_num 2
21 57 0
23 58 0
Net_id 106
pin_num 2
41 18 0
37 34 0
Net_id 107
pin_num 2
40 56 0
48 56 0
Net_id 108
pin_num 2
25 16 0
32 12 0
Net_id 109
pin_num 2
48 31 0
46 49 0
Net_id 110
pin_num 2
36 14 0
38 15 0
Net_id 111
pin_num 2
49 44 0
39 36 0
Net_id 112
pin_num 2
53 13 0
41 31 0
Net_id 113
pin_num 2
57 34 0
41 25 0
Net_id 114
pin_num 2
57 30 0
50 50 0
Net_id 115
pin_num 2
6 54 0
12 58 0
Net_id 116
pin_num 2
55 40 0
29 41 0
Net_id 117
pin_num 2
53 43 0
50 37 0
Net_id 118
pin_num 2
32 22 0
34 29 0
Net_id 119
pin_num 2
56 55 0
41 39 0
Net_id 120
pin_num 2
6 5 0
27 18 0
Net_id 121
pin_num 2
39 15 0
44 15 0
Net_id 122
pin_num 2
40 57 0
36 47 0
Net_id 123
pin_num 2
38 53 0
29 53 0
Net_id 124
pin_num 2
58 23 0
55 9 0
Net_id 125
pin_num 2
11 53 0
5 57 0
Net_id 126
pin_num 2
44 6 0
40 9 0
Net_id 127
pin_num 2
43 20 0
27 13 0
Net_id 128
pin_num 2
14 10 0
3 14 0
Net_id 129
pin_num 2
50 58 0
39 53 0
Net_id 130
pin_num 2
51 22 0
40 17 0
Net_id 131
pin_num 2
48 10 0
55 11 0
Net_id 132
pin_num 2
46 31 0
36 43 0
Net_id 133
pin_num 2
45 43 0
51 54 0
Net_id 134
pin_num 2
35 6 0
32 27 0
Net_id 135
pin_num 2
39 32 0
23 8 0
Net_id 136
pin_num 2
11 33 0
31 57 0
Net_id 137
pin_num 2
51 46 0
58 37 0
Net_id 138
pin_num 2
51 37 0
51 29 0
Net_id 139
pin_num 2
39 16 0
34 3 0
Net_id 140
pin_num 2
58 43 0
50 44 0
Net_id 141
pin_num 2
33 56 0
36 51 0
Net_id 142
pin_num 2
11 54 0
6 56 0
Net_id 143
pin_num 2
18 17 0
6 2 0
Net_id 144
pin_num 2
55 16 0
59 33 0
Net_id 145
pin_num 2
43 12 0
53 1 0
Net_id 146
pin_num 2
4 20 0
11 13 0
Net_id 147
pin_num 2
59 32 0
57 33 0
Net_id 148
pin_num 2
3 26 0
5 26 0
Net_id 149
pin_num 2
42 53 0
50 59 0
Net_id 150
pin_num 2
22 6 0
24 7 0
Net_id 151
pin_num 2
0 29 0
3 32 0
Net_id 152
pin_num 2
36 33 0
57 25 0
