Width 60
Height 60
Layer 6
Total_WL 6786
Obstacle_num 144
4 10 0 13 11 0
30 54 0 36 55 0
33 35 0 37 36 0
39 16 0 47 17 0
52 31 0 55 32 0
49 58 0 55 59 0
55 29 0 59 30 0
26 16 0 34 17 0
33 17 0 42 18 0
47 33 0 52 34 0
23 57 0 28 58 0
7 1 0 13 2 0
11 2 0 15 3 0
33 29 0 41 30 0
47 43 0 55 44 0
6 53 0 11 54 0
1 39 0 4 40 0
21 1 0 29 2 0
49 17 0 57 18 0
2 58 0 12 59 0
39 14 0 48 15 0
49 55 0 53 56 0
26 32 0 32 33 0
38 4 0 47 5 0
0 45 1 1 54 1
44 23 1 45 32 1
11 48 1 12 51 1
43 35 1 44 45 1
53 11 1 54 16 1
50 4 1 51 13 1
2 21 1 3 26 1
56 27 1 57 32 1
20 32 1 21 39 1
1 33 1 2 38 1
3 42 1 4 52 1
51 8 1 52 12 1
42 6 1 43 12 1
14 40 1 15 47 1
40 41 1 41 44 1
38 30 1 39 34 1
20 16 1 21 19 1
5 10 1 6 19 1
55 41 1 56 48 1
56 0 1 57 5 1
7 44 1 8 49 1
42 39 1 43 48 1
6 17 1 7 25 1
12 40 1 13 48 1
18 11 2 26 12 2
41 13 2 49 14 2
36 3 2 39 4 2
26 55 2 36 56 2
9 56 2 12 57 2
18 22 2 22 23 2
47 43 2 52 44 2
4 50 2 14 51 2
50 27 2 53 28 2
15 13 2 25 14 2
20 31 2 28 32 2
16 30 2 19 31 2
29 30 2 39 31 2
45 7 2 50 8 2
11 19 2 20 20 2
9 54 2 15 55 2
16 25 2 25 26 2
12 46 2 15 47 2
27 57 2 30 58 2
43 10 2 50 11 2
44 35 2 49 36 2
46 20 2 53 21 2
6 49 2 13 50 2
12 51 2 20 52 2
35 38 3 36 44 3
58 1 3 59 7 3
20 15 3 21 22 3
37 1 3 38 9 3
42 40 3 43 45 3
9 30 3 10 36 3
27 36 3 28 43 3
10 11 3 11 15 3
54 16 3 55 20 3
48 39 3 49 44 3
33 45 3 34 54 3
40 41 3 41 45 3
47 13 3 48 21 3
2 36 3 3 40 3
19 46 3 20 53 3
22 1 3 23 10 3
19 27 3 20 33 3
36 0 3 37 4 3
11 31 3 12 38 3
8 13 3 9 22 3
3 28 3 4 35 3
44 10 3 45 20 3
22 29 3 23 35 3
24 18 3 25 28 3
40 19 4 49 20 4
16 42 4 19 43 4
34 51 4 42 52 4
41 57 4 50 58 4
23 34 4 26 35 4
6 8 4 15 9 4
50 9 4 59 10 4
54 4 4 58 5 4
16 34 4 23 35 4
2 46 4 11 47 4
40 41 4 46 42 4
3 50 4 7 51 4
7 51 4 17 52 4
35 13 4 38 14 4
23 46 4 31 47 4
20 13 4 28 14 4
34 0 4 44 1 4
5 27 4 8 28 4
18 26 4 28 27 4
0 17 4 4 18 4
31 53 4 39 54 4
50 18 4 57 19 4
26 15 4 30 16 4
52 13 4 56 14 4
42 17 5 43 26 5
47 29 5 48 32 5
9 21 5 10 29 5
9 44 5 10 54 5
46 9 5 47 13 5
12 15 5 13 18 5
54 34 5 55 44 5
46 33 5 47 39 5
5 50 5 6 59 5
19 47 5 20 53 5
26 7 5 27 10 5
34 4 5 35 12 5
53 44 5 54 47 5
5 5 5 6 8 5
47 39 5 48 47 5
21 5 5 22 12 5
4 18 5 5 23 5
35 50 5 36 57 5
53 29 5 54 33 5
2 32 5 3 41 5
18 28 5 19 33 5
29 19 5 30 29 5
32 49 5 33 52 5
43 15 5 44 18 5
Net_num 162
Net_id 0
pin_num 5
42 33 0
33 42 0
18 33 0
21 48 0
31 48 0
Net_id 1
pin_num 5
49 34 0
59 32 0
43 32 0
47 36 0
51 41 0
Net_id 2
pin_num 5
31 26 0
33 22 0
29 22 0
32 18 0
16 22 0
Net_id 3
pin_num 5
22 4 0
15 1 0
13 15 0
14 8 0
14 11 0
Net_id 4
pin_num 5
35 28 0
41 31 0
37 14 0
44 20 0
21 20 0
Net_id 5
pin_num 5
55 20 0
50 20 0
52 40 0
57 38 0
59 7 0
Net_id 6
pin_num 5
19 45 0
9 51 0
5 59 0
3 36 0
4 54 0
Net_id 7
pin_num 5
23 46 0
18 46 0
19 23 0
28 46 0
9 24 0
Net_id 8
pin_num 5
55 54 0
50 59 0
44 56 0
29 56 0
52 59 0
Net_id 9
pin_num 5
11 56 0
0 44 0
1 53 0
12 58 0
0 35 0
Net_id 10
pin_num 5
44 1 0
45 8 0
58 14 0
54 2 0
57 6 0
Net_id 11
pin_num 5
59 41 0
50 44 0
50 37 0
51 52 0
59 37 0
Net_id 12
pin_num 5
19 25 0
25 13 0
1 23 0
7 17 0
0 25 0
Net_id 13
pin_num 5
59 34 0
54 33 0
58 56 0
58 26 0
59 44 0
Net_id 14
pin_num 5
22 16 0
12 16 0
29 19 0
21 0 0
31 19 0
Net_id 15
pin_num 5
38 12 0
40 9 0
31 12 0
40 27 0
44 0 0
Net_id 16
pin_num 5
18 7 0
5 6 0
9 25 0
5 25 0
14 5 0
Net_id 17
pin_num 5
12 21 0
1 26 0
23 14 0
23 28 0
18 23 0
Net_id 18
pin_num 5
21 44 0
43 44 0
32 59 0
37 53 0
48 46 0
Net_id 19
pin_num 4
59 27 0
51 27 0
42 32 0
46 11 0
Net_id 20
pin_num 4
17 56 0
28 54 0
20 59 0
23 47 0
Net_id 21
pin_num 4
29 55 0
27 50 0
21 50 0
6 47 0
Net_id 22
pin_num 4
9 57 0
5 57 0
6 49 0
4 36 0
Net_id 23
pin_num 4
56 30 0
48 30 0
57 40 0
50 14 0
Net_id 24
pin_num 4
8 50 0
20 42 0
15 42 0
13 35 0
Net_id 25
pin_num 4
13 20 0
22 19 0
16 10 0
14 34 0
Net_id 26
pin_num 4
53 1 0
50 0 0
50 13 0
55 0 0
Net_id 27
pin_num 4
45 12 0
59 12 0
55 19 0
59 21 0
Net_id 28
pin_num 4
5 40 0
0 39 0
6 43 0
0 42 0
Net_id 29
pin_num 4
22 21 0
25 32 0
28 25 0
47 30 0
Net_id 30
pin_num 4
15 46 0
8 42 0
7 29 0
27 31 0
Net_id 31
pin_num 4
54 15 0
32 15 0
44 5 0
43 30 0
Net_id 32
pin_num 4
1 16 0
1 21 0
5 24 0
4 8 0
Net_id 33
pin_num 4
5 3 0
0 7 0
18 3 0
13 9 0
Net_id 34
pin_num 4
7 50 0
1 50 0
3 55 0
2 32 0
Net_id 35
pin_num 4
57 28 0
59 55 0
55 33 0
56 39 0
Net_id 36
pin_num 4
18 0 0
22 12 0
26 7 0
21 26 0
Net_id 37
pin_num 4
38 34 0
29 24 0
28 37 0
19 30 0
Net_id 38
pin_num 4
25 35 0
32 24 0
16 27 0
18 48 0
Net_id 39
pin_num 4
28 5 0
38 2 0
43 8 0
54 0 0
Net_id 40
pin_num 4
48 24 0
56 40 0
56 20 0
56 57 0
Net_id 41
pin_num 3
34 40 0
39 39 0
51 26 0
Net_id 42
pin_num 3
57 54 0
40 55 0
26 54 0
Net_id 43
pin_num 3
1 41 0
10 42 0
12 37 0
Net_id 44
pin_num 3
58 37 0
45 41 0
45 24 0
Net_id 45
pin_num 3
42 30 0
27 23 0
28 13 0
Net_id 46
pin_num 3
38 21 0
32 21 0
48 34 0
Net_id 47
pin_num 3
56 18 0
41 18 0
54 28 0
Net_id 48
pin_num 3
40 13 0
47 16 0
31 14 0
Net_id 49
pin_num 3
56 10 0
22 10 0
39 23 0
Net_id 50
pin_num 3
46 57 0
48 58 0
42 58 0
Net_id 51
pin_num 3
28 43 0
32 47 0
30 15 0
Net_id 52
pin_num 3
30 46 0
27 58 0
22 49 0
Net_id 53
pin_num 3
24 38 0
10 30 0
1 31 0
Net_id 54
pin_num 3
57 20 0
57 15 0
31 15 0
Net_id 55
pin_num 3
0 34 0
25 38 0
21 32 0
Net_id 56
pin_num 3
1 29 0
9 43 0
13 41 0
Net_id 57
pin_num 3
40 57 0
34 43 0
16 56 0
Net_id 58
pin_num 3
1 57 0
3 54 0
20 55 0
Net_id 59
pin_num 3
4 6 0
6 2 0
16 2 0
Net_id 60
pin_num 3
20 23 0
20 28 0
22 17 0
Net_id 61
pin_num 3
22 34 0
20 54 0
15 55 0
Net_id 62
pin_num 3
27 5 0
23 29 0
20 5 0
Net_id 63
pin_num 3
37 36 0
27 25 0
46 36 0
Net_id 64
pin_num 3
1 17 0
11 14 0
11 22 0
Net_id 65
pin_num 3
19 39 0
29 59 0
28 45 0
Net_id 66
pin_num 3
20 36 0
9 29 0
14 52 0
Net_id 67
pin_num 3
51 0 0
42 3 0
51 12 0
Net_id 68
pin_num 3
49 53 0
42 48 0
29 34 0
Net_id 69
pin_num 3
40 3 0
56 19 0
35 3 0
Net_id 70
pin_num 3
24 50 0
11 30 0
0 28 0
Net_id 71
pin_num 3
31 20 0
36 41 0
42 20 0
Net_id 72
pin_num 3
4 16 0
0 13 0
24 16 0
Net_id 73
pin_num 3
19 58 0
13 59 0
13 51 0
Net_id 74
pin_num 3
14 12 0
3 18 0
3 0 0
Net_id 75
pin_num 3
55 22 0
41 12 0
34 16 0
Net_id 76
pin_num 3
10 25 0
23 45 0
9 28 0
Net_id 77
pin_num 3
59 31 0
53 32 0
59 42 0
Net_id 78
pin_num 3
40 59 0
49 42 0
39 59 0
Net_id 79
pin_num 3
48 55 0
31 42 0
56 59 0
Net_id 80
pin_num 3
4 1 0
1 0 0
3 5 0
Net_id 81
pin_num 3
38 11 0
52 9 0
18 9 0
Net_id 82
pin_num 3
34 11 0
49 19 0
36 59 0
Net_id 83
pin_num 3
28 47 0
14 59 0
43 33 0
Net_id 84
pin_num 2
6 45 0
17 33 0
Net_id 85
pin_num 2
38 8 0
29 8 0
Net_id 86
pin_num 2
40 50 0
36 47 0
Net_id 87
pin_num 2
8 8 0
13 14 0
Net_id 88
pin_num 2
56 16 0
39 25 0
Net_id 89
pin_num 2
8 5 0
12 5 0
Net_id 90
pin_num 2
38 26 0
38 24 0
Net_id 91
pin_num 2
4 28 0
0 12 0
Net_id 92
pin_num 2
23 15 0
7 4 0
Net_id 93
pin_num 2
6 32 0
26 21 0
Net_id 94
pin_num 2
58 4 0
47 1 0
Net_id 95
pin_num 2
6 17 0
0 20 0
Net_id 96
pin_num 2
58 18 0
54 44 0
Net_id 97
pin_num 2
15 18 0
4 19 0
Net_id 98
pin_num 2
36 6 0
53 8 0
Net_id 99
pin_num 2
35 59 0
10 52 0
Net_id 100
pin_num 2
0 19 0
15 26 0
Net_id 101
pin_num 2
46 28 0
39 24 0
Net_id 102
pin_num 2
48 26 0
42 5 0
Net_id 103
pin_num 2
8 33 0
1 25 0
Net_id 104
pin_num 2
42 12 0
46 8 0
Net_id 105
pin_num 2
12 55 0
21 49 0
Net_id 106
pin_num 2
55 15 0
57 17 0
Net_id 107
pin_num 2
34 18 0
10 27 0
Net_id 108
pin_num 2
13 30 0
0 27 0
Net_id 109
pin_num 2
14 22 0
13 26 0
Net_id 110
pin_num 2
32 49 0
55 58 0
Net_id 111
pin_num 2
54 1 0
49 1 0
Net_id 112
pin_num 2
24 51 0
5 31 0
Net_id 113
pin_num 2
12 27 0
31 37 0
Net_id 114
pin_num 2
37 7 0
27 21 0
Net_id 115
pin_num 2
56 11 0
41 29 0
Net_id 116
pin_num 2
28 50 0
39 58 0
Net_id 117
pin_num 2
14 9 0
22 0 0
Net_id 118
pin_num 2
45 32 0
57 11 0
Net_id 119
pin_num 2
27 11 0
33 14 0
Net_id 120
pin_num 2
38 54 0
5 39 0
Net_id 121
pin_num 2
30 41 0
30 52 0
Net_id 122
pin_num 2
44 48 0
54 29 0
Net_id 123
pin_num 2
26 20 0
47 23 0
Net_id 124
pin_num 2
46 33 0
45 50 0
Net_id 125
pin_num 2
8 4 0
19 7 0
Net_id 126
pin_num 2
13 55 0
23 58 0
Net_id 127
pin_num 2
15 54 0
5 41 0
Net_id 128
pin_num 2
43 49 0
59 36 0
Net_id 129
pin_num 2
52 46 0
58 57 0
Net_id 130
pin_num 2
20 41 0
17 23 0
Net_id 131
pin_num 2
56 44 0
59 43 0
Net_id 132
pin_num 2
34 58 0
38 43 0
Net_id 133
pin_num 2
45 56 0
57 59 0
Net_id 134
pin_num 2
44 49 0
55 55 0
Net_id 135
pin_num 2
40 26 0
48 14 0
Net_id 136
pin_num 2
30 55 0
34 51 0
Net_id 137
pin_num 2
19 34 0
0 18 0
Net_id 138
pin_num 2
54 8 0
51 19 0
Net_id 139
pin_num 2
31 40 0
20 40 0
Net_id 140
pin_num 2
0 11 0
19 5 0
Net_id 141
pin_num 2
32 40 0
24 52 0
Net_id 142
pin_num 2
19 57 0
40 47 0
Net_id 143
pin_num 2
22 27 0
38 27 0
Net_id 144
pin_num 2
23 35 0
13 37 0
Net_id 145
pin_num 2
28 31 0
49 14 0
Net_id 146
pin_num 2
40 43 0
36 46 0
Net_id 147
pin_num 2
9 15 0
5 1 0
Net_id 148
pin_num 2
43 1 0
33 19 0
Net_id 149
pin_num 2
6 1 0
10 6 0
Net_id 150
pin_num 2
25 51 0
38 52 0
Net_id 151
pin_num 2
23 16 0
19 1 0
Net_id 152
pin_num 2
25 14 0
48 1 0
Net_id 153
pin_num 2
39 47 0
41 55 0
Net_id 154
pin_num 2
26 12 0
39 8 0
Net_id 155
pin_num 2
9 9 0
18 6 0
Net_id 156
pin_num 2
36 52 0
24 54 0
Net_id 157
pin_num 2
4 23 0
1 27 0
Net_id 158
pin_num 2
51 31 0
45 31 0
Net_id 159
pin_num 2
46 35 0
41 47 0
Net_id 160
pin_num 2
22 26 0
40 37 0
Net_id 161
pin_num 2
36 5 0
25 9 0
