Width 60
Height 60
Layer 6
Total_WL 6661
Obstacle_num 144
44 19 0 51 20 0
17 50 0 26 51 0
0 35 0 10 36 0
1 22 0 11 23 0
49 42 0 58 43 0
52 48 0 55 49 0
37 48 0 44 49 0
3 53 0 13 54 0
42 49 0 50 50 0
20 21 0 25 22 0
30 40 0 35 41 0
5 46 0 15 47 0
9 1 0 16 2 0
2 39 0 10 40 0
2 31 0 10 32 0
1 13 0 11 14 0
7 38 0 10 39 0
6 58 0 12 59 0
8 36 0 17 37 0
47 35 0 54 36 0
8 26 0 12 27 0
40 15 0 43 16 0
47 24 0 54 25 0
0 17 0 6 18 0
42 9 1 43 17 1
14 2 1 15 10 1
55 28 1 56 31 1
57 16 1 58 25 1
58 43 1 59 51 1
29 14 1 30 19 1
16 42 1 17 49 1
33 34 1 34 44 1
49 15 1 50 24 1
11 35 1 12 41 1
54 42 1 55 51 1
14 10 1 15 19 1
18 41 1 19 46 1
36 43 1 37 51 1
31 19 1 32 26 1
8 11 1 9 18 1
9 40 1 10 49 1
54 28 1 55 37 1
18 11 1 19 20 1
1 49 1 2 57 1
0 14 1 1 21 1
6 37 1 7 43 1
21 6 1 22 9 1
32 37 1 33 40 1
55 10 2 58 11 2
30 22 2 36 23 2
34 44 2 43 45 2
46 27 2 53 28 2
23 17 2 29 18 2
38 14 2 44 15 2
50 26 2 54 27 2
23 51 2 33 52 2
22 49 2 26 50 2
45 51 2 48 52 2
32 48 2 42 49 2
49 2 2 57 3 2
27 27 2 34 28 2
31 11 2 34 12 2
49 32 2 55 33 2
15 13 2 18 14 2
40 4 2 45 5 2
12 20 2 18 21 2
41 57 2 48 58 2
42 5 2 52 6 2
25 48 2 32 49 2
5 25 2 12 26 2
12 40 2 17 41 2
6 12 2 11 13 2
5 46 3 6 55 3
28 1 3 29 9 3
15 5 3 16 8 3
33 44 3 34 52 3
19 3 3 20 13 3
14 35 3 15 38 3
44 37 3 45 47 3
22 21 3 23 24 3
47 30 3 48 36 3
16 17 3 17 27 3
56 54 3 57 59 3
10 29 3 11 37 3
49 9 3 50 15 3
29 5 3 30 13 3
50 50 3 51 55 3
46 28 3 47 31 3
29 35 3 30 38 3
17 8 3 18 17 3
0 34 3 1 43 3
46 32 3 47 37 3
20 27 3 21 37 3
19 48 3 20 57 3
41 48 3 42 56 3
28 19 3 29 23 3
36 41 4 46 42 4
42 15 4 45 16 4
17 41 4 27 42 4
8 45 4 17 46 4
30 46 4 35 47 4
13 46 4 22 47 4
39 57 4 47 58 4
20 20 4 23 21 4
6 3 4 10 4 4
30 12 4 39 13 4
3 48 4 6 49 4
38 39 4 45 40 4
8 49 4 17 50 4
18 10 4 28 11 4
14 55 4 19 56 4
51 25 4 57 26 4
20 38 4 30 39 4
46 49 4 52 50 4
30 0 4 38 1 4
32 26 4 39 27 4
45 26 4 53 27 4
8 26 4 14 27 4
45 1 4 54 2 4
40 23 4 47 24 4
24 33 5 25 41 5
57 4 5 58 11 5
21 24 5 22 31 5
2 17 5 3 21 5
28 52 5 29 55 5
45 28 5 46 36 5
5 37 5 6 47 5
50 36 5 51 44 5
58 38 5 59 43 5
52 18 5 53 21 5
48 48 5 49 55 5
1 56 5 2 59 5
43 46 5 44 50 5
8 51 5 9 59 5
30 51 5 31 54 5
40 37 5 41 43 5
14 5 5 15 10 5
0 27 5 1 33 5
38 38 5 39 45 5
56 49 5 57 55 5
0 36 5 1 46 5
56 41 5 57 45 5
11 4 5 12 11 5
54 27 5 55 37 5
Net_num 163
Net_id 0
pin_num 5
44 8 0
43 1 0
29 8 0
59 7 0
53 7 0
Net_id 1
pin_num 5
18 20 0
26 31 0
23 0 0
20 28 0
41 13 0
Net_id 2
pin_num 5
16 2 0
1 0 0
5 14 0
0 11 0
0 32 0
Net_id 3
pin_num 5
53 40 0
45 34 0
31 36 0
45 57 0
33 25 0
Net_id 4
pin_num 5
53 5 0
56 3 0
59 6 0
58 20 0
50 0 0
Net_id 5
pin_num 5
26 1 0
34 1 0
27 0 0
42 0 0
54 1 0
Net_id 6
pin_num 5
57 12 0
56 9 0
46 11 0
56 19 0
53 6 0
Net_id 7
pin_num 5
59 22 0
55 22 0
58 33 0
52 25 0
48 21 0
Net_id 8
pin_num 5
39 3 0
46 2 0
38 15 0
40 14 0
48 2 0
Net_id 9
pin_num 5
56 15 0
48 10 0
59 17 0
52 17 0
49 30 0
Net_id 10
pin_num 5
31 12 0
26 14 0
27 21 0
26 5 0
28 23 0
Net_id 11
pin_num 5
31 39 0
40 39 0
39 22 0
38 18 0
15 29 0
Net_id 12
pin_num 5
20 23 0
27 25 0
32 24 0
21 44 0
8 42 0
Net_id 13
pin_num 5
46 38 0
52 38 0
46 59 0
50 39 0
54 40 0
Net_id 14
pin_num 5
39 49 0
33 50 0
38 59 0
46 58 0
26 59 0
Net_id 15
pin_num 5
44 27 0
53 29 0
53 45 0
47 14 0
51 10 0
Net_id 16
pin_num 5
16 52 0
24 52 0
19 29 0
3 38 0
10 28 0
Net_id 17
pin_num 5
55 26 0
54 26 0
58 34 0
48 42 0
59 50 0
Net_id 18
pin_num 5
14 56 0
21 58 0
37 58 0
25 59 0
26 52 0
Net_id 19
pin_num 5
18 17 0
24 17 0
11 22 0
20 26 0
26 27 0
Net_id 20
pin_num 5
18 33 0
12 26 0
17 54 0
41 33 0
0 26 0
Net_id 21
pin_num 4
17 48 0
17 39 0
3 43 0
4 59 0
Net_id 22
pin_num 4
28 11 0
20 8 0
33 10 0
39 19 0
Net_id 23
pin_num 4
45 44 0
29 41 0
44 41 0
29 54 0
Net_id 24
pin_num 4
38 3 0
32 7 0
43 4 0
34 22 0
Net_id 25
pin_num 4
5 51 0
11 52 0
0 54 0
12 59 0
Net_id 26
pin_num 4
0 53 0
10 59 0
11 55 0
3 58 0
Net_id 27
pin_num 4
7 15 0
12 17 0
9 4 0
19 14 0
Net_id 28
pin_num 4
8 24 0
1 16 0
1 4 0
10 4 0
Net_id 29
pin_num 4
6 20 0
23 9 0
43 13 0
7 36 0
Net_id 30
pin_num 4
25 36 0
30 25 0
49 26 0
43 39 0
Net_id 31
pin_num 4
38 10 0
45 4 0
44 9 0
25 8 0
Net_id 32
pin_num 4
19 13 0
11 14 0
15 0 0
5 15 0
Net_id 33
pin_num 4
53 49 0
40 43 0
26 50 0
40 49 0
Net_id 34
pin_num 4
29 39 0
32 23 0
48 31 0
52 14 0
Net_id 35
pin_num 4
42 58 0
41 51 0
33 56 0
32 50 0
Net_id 36
pin_num 4
46 23 0
46 35 0
41 31 0
48 36 0
Net_id 37
pin_num 4
9 51 0
11 59 0
10 37 0
18 37 0
Net_id 38
pin_num 4
37 54 0
47 54 0
30 48 0
44 50 0
Net_id 39
pin_num 4
43 45 0
28 39 0
28 27 0
12 39 0
Net_id 40
pin_num 4
56 33 0
57 47 0
55 18 0
39 18 0
Net_id 41
pin_num 3
58 29 0
55 43 0
27 35 0
Net_id 42
pin_num 3
36 12 0
24 7 0
32 0 0
Net_id 43
pin_num 3
38 27 0
42 32 0
52 22 0
Net_id 44
pin_num 3
59 1 0
47 2 0
43 15 0
Net_id 45
pin_num 3
6 9 0
21 15 0
2 10 0
Net_id 46
pin_num 3
30 42 0
40 37 0
56 52 0
Net_id 47
pin_num 3
42 36 0
52 50 0
54 41 0
Net_id 48
pin_num 3
27 52 0
55 53 0
37 43 0
Net_id 49
pin_num 3
14 55 0
29 57 0
36 55 0
Net_id 50
pin_num 3
8 47 0
0 47 0
9 50 0
Net_id 51
pin_num 3
12 21 0
2 1 0
44 1 0
Net_id 52
pin_num 3
12 23 0
1 27 0
16 0 0
Net_id 53
pin_num 3
24 54 0
38 58 0
32 34 0
Net_id 54
pin_num 3
23 3 0
18 0 0
25 26 0
Net_id 55
pin_num 3
23 5 0
3 1 0
6 3 0
Net_id 56
pin_num 3
17 22 0
8 10 0
3 32 0
Net_id 57
pin_num 3
11 32 0
20 32 0
2 42 0
Net_id 58
pin_num 3
24 46 0
21 51 0
26 58 0
Net_id 59
pin_num 3
19 27 0
9 28 0
13 50 0
Net_id 60
pin_num 3
2 48 0
17 59 0
13 54 0
Net_id 61
pin_num 3
10 11 0
4 14 0
4 4 0
Net_id 62
pin_num 3
32 31 0
20 30 0
31 50 0
Net_id 63
pin_num 3
46 8 0
47 10 0
52 30 0
Net_id 64
pin_num 3
47 28 0
37 32 0
56 43 0
Net_id 65
pin_num 3
56 51 0
57 54 0
54 59 0
Net_id 66
pin_num 3
15 46 0
28 26 0
10 40 0
Net_id 67
pin_num 3
54 15 0
55 10 0
53 12 0
Net_id 68
pin_num 3
8 18 0
1 20 0
12 15 0
Net_id 69
pin_num 3
6 1 0
17 17 0
6 16 0
Net_id 70
pin_num 3
38 26 0
37 15 0
46 20 0
Net_id 71
pin_num 3
41 46 0
25 48 0
27 50 0
Net_id 72
pin_num 3
41 42 0
47 42 0
55 33 0
Net_id 73
pin_num 3
28 53 0
34 43 0
30 58 0
Net_id 74
pin_num 3
33 7 0
44 2 0
36 28 0
Net_id 75
pin_num 3
19 36 0
1 48 0
9 52 0
Net_id 76
pin_num 3
13 18 0
3 33 0
1 46 0
Net_id 77
pin_num 3
59 35 0
44 32 0
53 20 0
Net_id 78
pin_num 3
7 25 0
5 32 0
12 16 0
Net_id 79
pin_num 3
15 43 0
30 51 0
0 52 0
Net_id 80
pin_num 3
8 34 0
31 47 0
19 21 0
Net_id 81
pin_num 3
27 39 0
16 50 0
51 45 0
Net_id 82
pin_num 2
39 12 0
41 11 0
Net_id 83
pin_num 2
52 57 0
59 57 0
Net_id 84
pin_num 2
23 2 0
18 4 0
Net_id 85
pin_num 2
26 32 0
30 32 0
Net_id 86
pin_num 2
33 27 0
48 48 0
Net_id 87
pin_num 2
11 12 0
14 23 0
Net_id 88
pin_num 2
4 46 0
5 48 0
Net_id 89
pin_num 2
37 34 0
44 33 0
Net_id 90
pin_num 2
56 31 0
49 34 0
Net_id 91
pin_num 2
30 16 0
10 24 0
Net_id 92
pin_num 2
50 6 0
36 6 0
Net_id 93
pin_num 2
9 41 0
3 54 0
Net_id 94
pin_num 2
36 37 0
25 37 0
Net_id 95
pin_num 2
18 7 0
7 8 0
Net_id 96
pin_num 2
42 46 0
51 46 0
Net_id 97
pin_num 2
47 9 0
44 30 0
Net_id 98
pin_num 2
36 51 0
42 50 0
Net_id 99
pin_num 2
18 14 0
1 24 0
Net_id 100
pin_num 2
48 41 0
52 36 0
Net_id 101
pin_num 2
27 47 0
40 31 0
Net_id 102
pin_num 2
53 16 0
27 8 0
Net_id 103
pin_num 2
28 41 0
19 41 0
Net_id 104
pin_num 2
14 15 0
33 18 0
Net_id 105
pin_num 2
55 19 0
43 19 0
Net_id 106
pin_num 2
41 36 0
14 29 0
Net_id 107
pin_num 2
4 1 0
12 11 0
Net_id 108
pin_num 2
4 28 0
16 41 0
Net_id 109
pin_num 2
21 30 0
30 30 0
Net_id 110
pin_num 2
25 25 0
7 16 0
Net_id 111
pin_num 2
53 15 0
53 27 0
Net_id 112
pin_num 2
25 22 0
16 39 0
Net_id 113
pin_num 2
15 28 0
1 21 0
Net_id 114
pin_num 2
47 45 0
53 58 0
Net_id 115
pin_num 2
12 22 0
14 19 0
Net_id 116
pin_num 2
57 52 0
52 56 0
Net_id 117
pin_num 2
50 22 0
56 44 0
Net_id 118
pin_num 2
14 41 0
21 45 0
Net_id 119
pin_num 2
29 38 0
20 36 0
Net_id 120
pin_num 2
7 50 0
8 54 0
Net_id 121
pin_num 2
18 54 0
24 26 0
Net_id 122
pin_num 2
37 55 0
53 28 0
Net_id 123
pin_num 2
28 42 0
23 38 0
Net_id 124
pin_num 2
12 14 0
35 10 0
Net_id 125
pin_num 2
24 1 0
24 3 0
Net_id 126
pin_num 2
23 12 0
14 12 0
Net_id 127
pin_num 2
27 6 0
7 12 0
Net_id 128
pin_num 2
30 26 0
23 15 0
Net_id 129
pin_num 2
26 38 0
14 27 0
Net_id 130
pin_num 2
45 18 0
35 24 0
Net_id 131
pin_num 2
5 40 0
1 39 0
Net_id 132
pin_num 2
45 7 0
59 8 0
Net_id 133
pin_num 2
53 34 0
22 51 0
Net_id 134
pin_num 2
12 7 0
29 2 0
Net_id 135
pin_num 2
42 29 0
52 20 0
Net_id 136
pin_num 2
12 58 0
22 40 0
Net_id 137
pin_num 2
2 32 0
13 44 0
Net_id 138
pin_num 2
44 15 0
51 15 0
Net_id 139
pin_num 2
55 16 0
37 27 0
Net_id 140
pin_num 2
46 41 0
59 34 0
Net_id 141
pin_num 2
24 18 0
8 32 0
Net_id 142
pin_num 2
48 0 0
35 11 0
Net_id 143
pin_num 2
30 49 0
38 47 0
Net_id 144
pin_num 2
52 39 0
56 27 0
Net_id 145
pin_num 2
20 7 0
20 1 0
Net_id 146
pin_num 2
15 35 0
30 23 0
Net_id 147
pin_num 2
37 30 0
43 17 0
Net_id 148
pin_num 2
34 47 0
27 43 0
Net_id 149
pin_num 2
5 56 0
11 56 0
Net_id 150
pin_num 2
31 53 0
48 59 0
Net_id 151
pin_num 2
26 45 0
19 59 0
Net_id 152
pin_num 2
12 12 0
1 32 0
Net_id 153
pin_num 2
14 51 0
28 58 0
Net_id 154
pin_num 2
7 30 0
4 29 0
Net_id 155
pin_num 2
12 25 0
24 24 0
Net_id 156
pin_num 2
51 25 0
45 26 0
Net_id 157
pin_num 2
55 27 0
55 32 0
Net_id 158
pin_num 2
55 9 0
45 21 0
Net_id 159
pin_num 2
33 23 0
43 12 0
Net_id 160
pin_num 2
34 57 0
20 53 0
Net_id 161
pin_num 2
50 18 0
39 2 0
Net_id 162
pin_num 2
54 45 0
56 36 0
