Width 60
Height 60
Layer 6
Total_WL 6787
Obstacle_num 144
51 23 0 58 24 0
41 40 0 51 41 0
46 17 0 54 18 0
36 3 0 45 4 0
19 51 0 22 52 0
34 34 0 39 35 0
45 37 0 50 38 0
0 25 0 6 26 0
46 50 0 49 51 0
5 1 0 9 2 0
48 30 0 52 31 0
17 42 0 26 43 0
28 2 0 37 3 0
33 14 0 42 15 0
29 10 0 35 11 0
20 44 0 25 45 0
10 46 0 15 47 0
5 14 0 12 15 0
28 37 0 35 38 0
32 26 0 35 27 0
2 18 0 5 19 0
14 7 0 19 8 0
4 48 0 11 49 0
8 11 0 16 12 0
58 17 1 59 25 1
45 42 1 46 50 1
49 45 1 50 49 1
9 26 1 10 31 1
31 4 1 32 8 1
25 30 1 26 40 1
24 53 1 25 58 1
12 34 1 13 39 1
38 38 1 39 44 1
3 8 1 4 14 1
25 19 1 26 27 1
37 14 1 38 21 1
55 2 1 56 10 1
9 10 1 10 20 1
43 51 1 44 59 1
47 52 1 48 57 1
2 5 1 3 15 1
42 15 1 43 19 1
31 15 1 32 24 1
54 19 1 55 23 1
22 16 1 23 21 1
16 4 1 17 9 1
53 38 1 54 45 1
50 17 1 51 23 1
22 32 2 28 33 2
31 13 2 36 14 2
0 8 2 3 9 2
11 31 2 19 32 2
52 38 2 59 39 2
26 22 2 35 23 2
50 23 2 56 24 2
36 49 2 45 50 2
48 31 2 55 32 2
19 56 2 27 57 2
9 54 2 14 55 2
15 21 2 23 22 2
13 35 2 20 36 2
37 38 2 43 39 2
7 34 2 16 35 2
22 52 2 26 53 2
44 56 2 52 57 2
27 5 2 36 6 2
31 19 2 35 20 2
1 32 2 10 33 2
42 26 2 45 27 2
32 25 2 41 26 2
6 5 2 10 6 2
47 57 2 54 58 2
7 7 3 8 17 3
14 10 3 15 13 3
38 29 3 39 38 3
23 28 3 24 33 3
10 11 3 11 18 3
37 34 3 38 44 3
36 6 3 37 13 3
49 19 3 50 28 3
13 9 3 14 16 3
56 22 3 57 31 3
55 19 3 56 22 3
43 5 3 44 12 3
53 49 3 54 55 3
12 8 3 13 11 3
1 48 3 2 56 3
17 54 3 18 59 3
3 26 3 4 35 3
19 16 3 20 19 3
8 12 3 9 20 3
25 19 3 26 23 3
48 26 3 49 29 3
48 1 3 49 9 3
9 27 3 10 36 3
8 30 3 9 39 3
52 48 4 56 49 4
21 35 4 24 36 4
50 57 4 57 58 4
21 4 4 30 5 4
20 40 4 26 41 4
2 41 4 8 42 4
1 57 4 8 58 4
22 17 4 32 18 4
17 12 4 25 13 4
1 45 4 7 46 4
12 5 4 22 6 4
21 19 4 29 20 4
47 18 4 51 19 4
13 56 4 17 57 4
50 32 4 54 33 4
54 19 4 59 20 4
7 44 4 16 45 4
32 43 4 41 44 4
26 8 4 36 9 4
32 34 4 39 35 4
5 12 4 12 13 4
7 53 4 11 54 4
52 30 4 59 31 4
51 54 4 58 55 4
7 0 5 8 3 5
22 23 5 23 33 5
51 11 5 52 16 5
44 41 5 45 50 5
49 51 5 50 57 5
32 32 5 33 40 5
39 13 5 40 19 5
35 45 5 36 48 5
25 35 5 26 40 5
48 8 5 49 12 5
44 51 5 45 56 5
3 45 5 4 53 5
29 21 5 30 29 5
27 16 5 28 21 5
4 33 5 5 39 5
58 47 5 59 53 5
23 2 5 24 9 5
17 34 5 18 38 5
54 46 5 55 49 5
55 40 5 56 45 5
36 8 5 37 17 5
28 26 5 29 34 5
35 19 5 36 28 5
25 5 5 26 15 5
Net_num 163
Net_id 0
pin_num 5
3 39 0
16 44 0
12 22 0
9 59 0
5 52 0
Net_id 1
pin_num 5
26 20 0
13 25 0
18 38 0
19 59 0
15 15 0
Net_id 2
pin_num 5
8 42 0
5 39 0
0 39 0
0 58 0
18 40 0
Net_id 3
pin_num 5
53 51 0
54 53 0
34 52 0
52 42 0
44 59 0
Net_id 4
pin_num 5
46 4 0
38 0 0
55 0 0
23 0 0
39 4 0
Net_id 5
pin_num 5
45 14 0
45 22 0
59 25 0
56 37 0
55 16 0
Net_id 6
pin_num 5
22 41 0
34 39 0
31 59 0
32 59 0
26 45 0
Net_id 7
pin_num 5
57 42 0
59 41 0
58 46 0
43 41 0
33 31 0
Net_id 8
pin_num 5
35 20 0
27 33 0
35 30 0
35 51 0
11 25 0
Net_id 9
pin_num 5
16 6 0
6 4 0
18 0 0
6 28 0
18 13 0
Net_id 10
pin_num 5
46 15 0
50 15 0
48 31 0
53 27 0
51 19 0
Net_id 11
pin_num 5
27 57 0
10 57 0
13 35 0
14 48 0
17 37 0
Net_id 12
pin_num 5
6 18 0
18 18 0
10 35 0
10 12 0
0 12 0
Net_id 13
pin_num 5
51 6 0
54 17 0
53 21 0
37 7 0
49 10 0
Net_id 14
pin_num 5
7 45 0
6 41 0
0 38 0
1 44 0
19 40 0
Net_id 15
pin_num 5
13 51 0
6 46 0
8 59 0
8 36 0
8 30 0
Net_id 16
pin_num 5
25 28 0
15 30 0
33 29 0
19 21 0
17 9 0
Net_id 17
pin_num 5
22 16 0
15 4 0
20 5 0
41 6 0
27 0 0
Net_id 18
pin_num 5
21 7 0
16 9 0
23 7 0
10 3 0
36 4 0
Net_id 19
pin_num 5
42 45 0
42 48 0
42 26 0
56 34 0
52 29 0
Net_id 20
pin_num 5
57 18 0
56 19 0
56 9 0
59 4 0
55 26 0
Net_id 21
pin_num 4
13 19 0
4 27 0
0 24 0
14 12 0
Net_id 22
pin_num 4
48 54 0
50 59 0
59 48 0
45 56 0
Net_id 23
pin_num 4
50 35 0
41 35 0
43 13 0
50 24 0
Net_id 24
pin_num 4
39 9 0
47 9 0
51 0 0
27 5 0
Net_id 25
pin_num 4
32 34 0
15 27 0
22 13 0
26 14 0
Net_id 26
pin_num 4
57 29 0
45 25 0
49 36 0
51 36 0
Net_id 27
pin_num 4
4 19 0
5 11 0
5 5 0
4 11 0
Net_id 28
pin_num 4
12 9 0
9 6 0
3 0 0
5 28 0
Net_id 29
pin_num 4
59 30 0
57 28 0
50 28 0
54 13 0
Net_id 30
pin_num 4
9 12 0
2 12 0
10 29 0
6 25 0
Net_id 31
pin_num 4
7 53 0
2 51 0
4 59 0
6 38 0
Net_id 32
pin_num 4
30 45 0
26 53 0
9 46 0
25 27 0
Net_id 33
pin_num 4
18 23 0
7 29 0
11 28 0
36 20 0
Net_id 34
pin_num 4
7 0 0
17 6 0
15 1 0
9 24 0
Net_id 35
pin_num 4
17 43 0
11 47 0
16 35 0
25 31 0
Net_id 36
pin_num 4
49 21 0
52 19 0
52 28 0
54 22 0
Net_id 37
pin_num 4
22 8 0
32 1 0
10 8 0
18 6 0
Net_id 38
pin_num 4
18 48 0
27 48 0
41 46 0
30 36 0
Net_id 39
pin_num 4
9 3 0
3 5 0
6 11 0
2 0 0
Net_id 40
pin_num 3
53 31 0
47 21 0
51 55 0
Net_id 41
pin_num 3
1 29 0
9 43 0
2 50 0
Net_id 42
pin_num 3
50 14 0
59 3 0
55 2 0
Net_id 43
pin_num 3
50 32 0
52 38 0
50 43 0
Net_id 44
pin_num 3
35 40 0
24 40 0
41 59 0
Net_id 45
pin_num 3
16 11 0
30 1 0
18 14 0
Net_id 46
pin_num 3
56 32 0
47 22 0
54 11 0
Net_id 47
pin_num 3
20 18 0
42 14 0
41 32 0
Net_id 48
pin_num 3
29 0 0
22 12 0
11 0 0
Net_id 49
pin_num 3
45 13 0
49 9 0
32 9 0
Net_id 50
pin_num 3
58 13 0
44 14 0
57 7 0
Net_id 51
pin_num 3
10 27 0
21 13 0
21 22 0
Net_id 52
pin_num 3
47 36 0
57 34 0
19 34 0
Net_id 53
pin_num 3
54 26 0
48 13 0
53 16 0
Net_id 54
pin_num 3
5 53 0
21 59 0
21 43 0
Net_id 55
pin_num 3
38 48 0
41 58 0
48 59 0
Net_id 56
pin_num 3
40 24 0
34 24 0
47 24 0
Net_id 57
pin_num 3
27 25 0
57 5 0
37 1 0
Net_id 58
pin_num 3
47 47 0
54 47 0
58 57 0
Net_id 59
pin_num 3
38 27 0
47 27 0
36 1 0
Net_id 60
pin_num 3
36 33 0
46 51 0
55 47 0
Net_id 61
pin_num 3
42 43 0
34 42 0
39 50 0
Net_id 62
pin_num 3
41 51 0
34 58 0
39 54 0
Net_id 63
pin_num 3
16 55 0
25 54 0
18 19 0
Net_id 64
pin_num 3
38 22 0
46 33 0
44 19 0
Net_id 65
pin_num 3
33 24 0
10 24 0
29 30 0
Net_id 66
pin_num 3
24 52 0
16 52 0
33 54 0
Net_id 67
pin_num 3
13 18 0
33 16 0
31 44 0
Net_id 68
pin_num 3
38 16 0
33 1 0
14 3 0
Net_id 69
pin_num 3
2 17 0
7 21 0
16 34 0
Net_id 70
pin_num 3
23 37 0
19 30 0
14 36 0
Net_id 71
pin_num 3
8 20 0
0 15 0
1 34 0
Net_id 72
pin_num 3
57 21 0
58 33 0
51 3 0
Net_id 73
pin_num 3
47 4 0
51 10 0
59 33 0
Net_id 74
pin_num 3
40 16 0
43 11 0
58 3 0
Net_id 75
pin_num 3
59 0 0
44 10 0
47 11 0
Net_id 76
pin_num 3
49 39 0
56 55 0
56 48 0
Net_id 77
pin_num 3
16 36 0
27 42 0
24 49 0
Net_id 78
pin_num 3
24 35 0
36 32 0
32 22 0
Net_id 79
pin_num 3
52 25 0
58 30 0
57 11 0
Net_id 80
pin_num 3
36 18 0
45 18 0
36 37 0
Net_id 81
pin_num 2
23 4 0
37 25 0
Net_id 82
pin_num 2
30 23 0
19 0 0
Net_id 83
pin_num 2
25 49 0
30 54 0
Net_id 84
pin_num 2
48 18 0
42 25 0
Net_id 85
pin_num 2
0 32 0
6 34 0
Net_id 86
pin_num 2
5 16 0
0 19 0
Net_id 87
pin_num 2
14 54 0
27 54 0
Net_id 88
pin_num 2
32 30 0
27 19 0
Net_id 89
pin_num 2
11 37 0
2 31 0
Net_id 90
pin_num 2
12 45 0
29 53 0
Net_id 91
pin_num 2
34 12 0
47 2 0
Net_id 92
pin_num 2
36 38 0
29 38 0
Net_id 93
pin_num 2
22 40 0
41 23 0
Net_id 94
pin_num 2
2 56 0
9 55 0
Net_id 95
pin_num 2
49 52 0
56 43 0
Net_id 96
pin_num 2
37 17 0
44 15 0
Net_id 97
pin_num 2
49 48 0
58 55 0
Net_id 98
pin_num 2
41 52 0
22 55 0
Net_id 99
pin_num 2
1 46 0
5 34 0
Net_id 100
pin_num 2
42 55 0
58 40 0
Net_id 101
pin_num 2
2 38 0
19 53 0
Net_id 102
pin_num 2
55 48 0
36 35 0
Net_id 103
pin_num 2
34 54 0
44 57 0
Net_id 104
pin_num 2
24 38 0
11 53 0
Net_id 105
pin_num 2
14 29 0
4 33 0
Net_id 106
pin_num 2
25 9 0
11 10 0
Net_id 107
pin_num 2
48 2 0
54 3 0
Net_id 108
pin_num 2
19 12 0
26 5 0
Net_id 109
pin_num 2
16 47 0
12 48 0
Net_id 110
pin_num 2
5 21 0
1 21 0
Net_id 111
pin_num 2
48 24 0
56 8 0
Net_id 112
pin_num 2
10 16 0
28 28 0
Net_id 113
pin_num 2
7 15 0
14 37 0
Net_id 114
pin_num 2
1 18 0
14 30 0
Net_id 115
pin_num 2
27 8 0
33 3 0
Net_id 116
pin_num 2
54 9 0
42 12 0
Net_id 117
pin_num 2
19 27 0
31 12 0
Net_id 118
pin_num 2
17 10 0
6 15 0
Net_id 119
pin_num 2
29 59 0
22 37 0
Net_id 120
pin_num 2
5 26 0
3 22 0
Net_id 121
pin_num 2
42 23 0
52 39 0
Net_id 122
pin_num 2
18 17 0
37 13 0
Net_id 123
pin_num 2
35 15 0
50 33 0
Net_id 124
pin_num 2
24 51 0
30 48 0
Net_id 125
pin_num 2
32 17 0
37 8 0
Net_id 126
pin_num 2
26 59 0
3 48 0
Net_id 127
pin_num 2
19 35 0
36 39 0
Net_id 128
pin_num 2
4 58 0
5 58 0
Net_id 129
pin_num 2
5 46 0
5 59 0
Net_id 130
pin_num 2
35 22 0
39 19 0
Net_id 131
pin_num 2
20 55 0
17 56 0
Net_id 132
pin_num 2
44 36 0
36 31 0
Net_id 133
pin_num 2
54 58 0
38 44 0
Net_id 134
pin_num 2
56 4 0
39 1 0
Net_id 135
pin_num 2
44 46 0
36 48 0
Net_id 136
pin_num 2
10 20 0
33 42 0
Net_id 137
pin_num 2
53 35 0
52 18 0
Net_id 138
pin_num 2
17 4 0
19 14 0
Net_id 139
pin_num 2
1 52 0
4 49 0
Net_id 140
pin_num 2
40 54 0
52 55 0
Net_id 141
pin_num 2
45 53 0
57 45 0
Net_id 142
pin_num 2
36 10 0
42 6 0
Net_id 143
pin_num 2
28 44 0
26 51 0
Net_id 144
pin_num 2
41 4 0
57 3 0
Net_id 145
pin_num 2
40 29 0
34 31 0
Net_id 146
pin_num 2
56 27 0
54 28 0
Net_id 147
pin_num 2
51 26 0
39 37 0
Net_id 148
pin_num 2
2 57 0
24 36 0
Net_id 149
pin_num 2
52 54 0
59 54 0
Net_id 150
pin_num 2
47 5 0
45 11 0
Net_id 151
pin_num 2
51 33 0
57 30 0
Net_id 152
pin_num 2
12 43 0
9 53 0
Net_id 153
pin_num 2
15 26 0
47 8 0
Net_id 154
pin_num 2
4 30 0
7 38 0
Net_id 155
pin_num 2
23 19 0
29 11 0
Net_id 156
pin_num 2
7 33 0
2 2 0
Net_id 157
pin_num 2
47 45 0
57 57 0
Net_id 158
pin_num 2
30 17 0
15 22 0
Net_id 159
pin_num 2
38 56 0
48 55 0
Net_id 160
pin_num 2
37 21 0
30 21 0
Net_id 161
pin_num 2
24 47 0
13 30 0
Net_id 162
pin_num 2
32 28 0
44 16 0
