Width 60
Height 60
Layer 6
Total_WL 6879
Obstacle_num 144
48 57 0 51 58 0
36 48 0 46 49 0
20 41 0 25 42 0
39 55 0 49 56 0
20 24 0 28 25 0
38 13 0 43 14 0
35 15 0 39 16 0
1 23 0 8 24 0
20 17 0 23 18 0
32 3 0 41 4 0
40 10 0 45 11 0
46 16 0 55 17 0
38 16 0 43 17 0
50 47 0 57 48 0
51 44 0 55 45 0
0 30 0 5 31 0
38 41 0 47 42 0
30 32 0 34 33 0
43 30 0 53 31 0
9 53 0 15 54 0
47 17 0 54 18 0
0 26 0 3 27 0
17 38 0 27 39 0
48 49 0 57 50 0
20 13 1 21 21 1
21 15 1 22 25 1
31 28 1 32 35 1
15 10 1 16 15 1
44 20 1 45 24 1
8 8 1 9 12 1
6 25 1 7 31 1
57 24 1 58 27 1
20 28 1 21 32 1
31 43 1 32 48 1
58 8 1 59 13 1
35 41 1 36 51 1
17 32 1 18 35 1
22 37 1 23 47 1
44 32 1 45 35 1
38 14 1 39 22 1
11 9 1 12 17 1
56 45 1 57 55 1
24 50 1 25 53 1
46 35 1 47 39 1
57 50 1 58 55 1
26 3 1 27 10 1
7 48 1 8 54 1
44 9 1 45 17 1
18 51 2 27 52 2
24 41 2 34 42 2
7 26 2 12 27 2
26 57 2 35 58 2
16 30 2 23 31 2
50 35 2 58 36 2
18 49 2 25 50 2
4 4 2 13 5 2
36 53 2 42 54 2
49 0 2 55 1 2
11 23 2 15 24 2
30 15 2 34 16 2
48 27 2 56 28 2
29 40 2 36 41 2
10 18 2 17 19 2
41 32 2 46 33 2
20 28 2 29 29 2
45 54 2 52 55 2
50 32 2 58 33 2
39 10 2 49 11 2
52 2 2 57 3 2
41 38 2 50 39 2
25 16 2 34 17 2
22 13 2 32 14 2
28 51 3 29 57 3
20 20 3 21 26 3
22 0 3 23 3 3
36 19 3 37 27 3
52 26 3 53 31 3
57 38 3 58 45 3
28 18 3 29 22 3
57 14 3 58 17 3
43 39 3 44 47 3
4 9 3 5 17 3
1 9 3 2 12 3
2 4 3 3 9 3
23 29 3 24 37 3
37 35 3 38 40 3
38 28 3 39 32 3
53 37 3 54 43 3
15 16 3 16 22 3
56 32 3 57 41 3
29 47 3 30 56 3
47 44 3 48 54 3
51 16 3 52 19 3
10 21 3 11 31 3
51 28 3 52 37 3
48 14 3 49 24 3
45 1 4 50 2 4
32 8 4 41 9 4
31 44 4 37 45 4
11 14 4 18 15 4
15 21 4 22 22 4
6 20 4 14 21 4
16 1 4 24 2 4
18 44 4 26 45 4
13 44 4 18 45 4
21 17 4 26 18 4
44 32 4 49 33 4
33 45 4 38 46 4
20 55 4 28 56 4
36 3 4 43 4 4
17 49 4 20 50 4
43 50 4 46 51 4
4 55 4 9 56 4
9 24 4 15 25 4
25 50 4 33 51 4
19 52 4 29 53 4
36 30 4 46 31 4
36 50 4 40 51 4
45 51 4 52 52 4
45 23 4 48 24 4
4 9 5 5 16 5
0 40 5 1 49 5
48 3 5 49 13 5
12 41 5 13 47 5
0 53 5 1 59 5
14 4 5 15 10 5
41 13 5 42 20 5
48 49 5 49 53 5
36 8 5 37 18 5
46 47 5 47 54 5
39 51 5 40 58 5
35 26 5 36 35 5
46 38 5 47 41 5
23 25 5 24 33 5
38 25 5 39 32 5
33 4 5 34 12 5
30 50 5 31 56 5
21 16 5 22 26 5
16 23 5 17 33 5
27 12 5 28 21 5
9 28 5 10 33 5
8 20 5 9 26 5
17 25 5 18 29 5
54 11 5 55 18 5
Net_num 161
Net_id 0
pin_num 5
58 56 0
47 56 0
59 58 0
57 45 0
59 36 0
Net_id 1
pin_num 5
7 40 0
0 45 0
9 59 0
8 55 0
8 58 0
Net_id 2
pin_num 5
30 51 0
21 57 0
30 55 0
29 49 0
9 52 0
Net_id 3
pin_num 5
38 44 0
28 49 0
37 54 0
37 30 0
30 45 0
Net_id 4
pin_num 5
8 6 0
18 3 0
18 10 0
26 4 0
13 3 0
Net_id 5
pin_num 5
57 12 0
46 18 0
51 27 0
57 15 0
59 3 0
Net_id 6
pin_num 5
7 57 0
2 48 0
0 25 0
23 50 0
11 44 0
Net_id 7
pin_num 5
41 6 0
31 3 0
19 5 0
36 21 0
22 11 0
Net_id 8
pin_num 5
26 12 0
41 9 0
41 33 0
20 12 0
56 19 0
Net_id 9
pin_num 5
56 40 0
49 53 0
56 55 0
56 34 0
54 57 0
Net_id 10
pin_num 5
46 33 0
43 36 0
27 36 0
43 16 0
38 43 0
Net_id 11
pin_num 5
33 53 0
18 48 0
32 49 0
48 52 0
36 46 0
Net_id 12
pin_num 5
27 20 0
23 20 0
17 20 0
2 20 0
25 43 0
Net_id 13
pin_num 5
39 51 0
27 48 0
48 59 0
35 53 0
37 56 0
Net_id 14
pin_num 5
32 46 0
36 43 0
26 43 0
16 47 0
44 40 0
Net_id 15
pin_num 5
41 49 0
24 43 0
51 43 0
59 40 0
48 44 0
Net_id 16
pin_num 5
19 28 0
39 30 0
28 25 0
30 6 0
9 19 0
Net_id 17
pin_num 5
15 27 0
23 27 0
33 27 0
23 44 0
16 31 0
Net_id 18
pin_num 5
41 45 0
36 44 0
34 48 0
40 26 0
56 57 0
Net_id 19
pin_num 4
28 14 0
24 2 0
17 12 0
11 14 0
Net_id 20
pin_num 4
59 2 0
54 8 0
44 3 0
59 4 0
Net_id 21
pin_num 4
54 10 0
39 7 0
42 29 0
47 5 0
Net_id 22
pin_num 4
26 50 0
42 50 0
19 59 0
20 37 0
Net_id 23
pin_num 4
12 27 0
27 23 0
22 48 0
4 31 0
Net_id 24
pin_num 4
32 36 0
38 28 0
15 29 0
32 48 0
Net_id 25
pin_num 4
35 19 0
37 13 0
52 14 0
51 5 0
Net_id 26
pin_num 4
11 55 0
8 52 0
10 59 0
14 56 0
Net_id 27
pin_num 4
35 29 0
32 24 0
54 24 0
34 16 0
Net_id 28
pin_num 4
7 36 0
15 44 0
49 52 0
27 38 0
Net_id 29
pin_num 4
30 25 0
20 21 0
24 35 0
14 21 0
Net_id 30
pin_num 4
42 24 0
57 19 0
49 20 0
50 8 0
Net_id 31
pin_num 4
43 42 0
55 36 0
49 31 0
30 39 0
Net_id 32
pin_num 4
12 57 0
5 51 0
10 58 0
4 49 0
Net_id 33
pin_num 4
41 0 0
38 7 0
49 6 0
38 22 0
Net_id 34
pin_num 4
51 35 0
45 35 0
49 43 0
53 31 0
Net_id 35
pin_num 4
27 31 0
37 31 0
35 14 0
48 34 0
Net_id 36
pin_num 4
21 15 0
30 15 0
29 0 0
23 0 0
Net_id 37
pin_num 4
6 56 0
15 59 0
11 49 0
25 49 0
Net_id 38
pin_num 4
54 56 0
45 47 0
58 45 0
59 57 0
Net_id 39
pin_num 4
7 26 0
20 26 0
10 35 0
17 28 0
Net_id 40
pin_num 3
4 39 0
11 39 0
26 39 0
Net_id 41
pin_num 3
55 5 0
49 11 0
49 18 0
Net_id 42
pin_num 3
27 1 0
10 5 0
0 3 0
Net_id 43
pin_num 3
43 21 0
37 28 0
59 18 0
Net_id 44
pin_num 3
56 51 0
53 54 0
53 39 0
Net_id 45
pin_num 3
56 4 0
45 16 0
34 25 0
Net_id 46
pin_num 3
10 21 0
16 32 0
15 0 0
Net_id 47
pin_num 3
19 54 0
23 46 0
16 54 0
Net_id 48
pin_num 3
6 6 0
0 11 0
14 18 0
Net_id 49
pin_num 3
32 17 0
11 27 0
15 22 0
Net_id 50
pin_num 3
59 32 0
55 48 0
58 43 0
Net_id 51
pin_num 3
31 0 0
25 6 0
21 0 0
Net_id 52
pin_num 3
16 48 0
3 45 0
13 32 0
Net_id 53
pin_num 3
53 1 0
58 14 0
56 31 0
Net_id 54
pin_num 3
49 25 0
58 19 0
36 25 0
Net_id 55
pin_num 3
57 29 0
54 9 0
31 10 0
Net_id 56
pin_num 3
42 49 0
55 59 0
55 50 0
Net_id 57
pin_num 3
26 9 0
40 11 0
37 2 0
Net_id 58
pin_num 3
19 11 0
1 21 0
0 17 0
Net_id 59
pin_num 3
18 18 0
18 25 0
42 18 0
Net_id 60
pin_num 3
34 15 0
19 25 0
15 35 0
Net_id 61
pin_num 3
54 50 0
37 57 0
40 23 0
Net_id 62
pin_num 3
41 37 0
52 25 0
59 11 0
Net_id 63
pin_num 3
59 23 0
49 28 0
40 28 0
Net_id 64
pin_num 3
59 7 0
43 0 0
52 0 0
Net_id 65
pin_num 3
23 23 0
14 32 0
20 0 0
Net_id 66
pin_num 3
57 53 0
58 48 0
58 31 0
Net_id 67
pin_num 3
6 30 0
5 35 0
5 4 0
Net_id 68
pin_num 3
49 51 0
58 52 0
48 58 0
Net_id 69
pin_num 3
38 11 0
32 11 0
25 45 0
Net_id 70
pin_num 3
56 38 0
36 41 0
30 38 0
Net_id 71
pin_num 3
10 16 0
0 12 0
29 20 0
Net_id 72
pin_num 3
12 8 0
8 2 0
3 35 0
Net_id 73
pin_num 3
13 55 0
14 54 0
24 58 0
Net_id 74
pin_num 3
40 5 0
52 8 0
33 19 0
Net_id 75
pin_num 3
47 18 0
53 30 0
42 35 0
Net_id 76
pin_num 3
20 2 0
44 18 0
50 5 0
Net_id 77
pin_num 3
26 31 0
59 22 0
29 1 0
Net_id 78
pin_num 3
36 20 0
29 4 0
20 11 0
Net_id 79
pin_num 3
1 2 0
1 5 0
8 3 0
Net_id 80
pin_num 2
17 25 0
28 32 0
Net_id 81
pin_num 2
24 11 0
23 16 0
Net_id 82
pin_num 2
12 55 0
18 45 0
Net_id 83
pin_num 2
40 15 0
53 8 0
Net_id 84
pin_num 2
52 9 0
44 2 0
Net_id 85
pin_num 2
49 13 0
40 19 0
Net_id 86
pin_num 2
16 0 0
32 6 0
Net_id 87
pin_num 2
1 20 0
8 34 0
Net_id 88
pin_num 2
34 21 0
22 30 0
Net_id 89
pin_num 2
16 53 0
38 58 0
Net_id 90
pin_num 2
27 0 0
9 10 0
Net_id 91
pin_num 2
22 55 0
11 51 0
Net_id 92
pin_num 2
8 25 0
2 47 0
Net_id 93
pin_num 2
14 36 0
9 34 0
Net_id 94
pin_num 2
16 23 0
19 41 0
Net_id 95
pin_num 2
35 12 0
45 12 0
Net_id 96
pin_num 2
13 15 0
1 24 0
Net_id 97
pin_num 2
10 2 0
26 2 0
Net_id 98
pin_num 2
27 55 0
15 46 0
Net_id 99
pin_num 2
49 5 0
40 2 0
Net_id 100
pin_num 2
7 37 0
5 36 0
Net_id 101
pin_num 2
42 52 0
33 58 0
Net_id 102
pin_num 2
20 54 0
37 59 0
Net_id 103
pin_num 2
34 45 0
32 40 0
Net_id 104
pin_num 2
10 50 0
30 58 0
Net_id 105
pin_num 2
15 10 0
33 22 0
Net_id 106
pin_num 2
38 23 0
29 10 0
Net_id 107
pin_num 2
58 0 0
52 7 0
Net_id 108
pin_num 2
53 13 0
58 13 0
Net_id 109
pin_num 2
41 44 0
49 55 0
Net_id 110
pin_num 2
20 10 0
19 12 0
Net_id 111
pin_num 2
15 38 0
3 41 0
Net_id 112
pin_num 2
43 14 0
29 26 0
Net_id 113
pin_num 2
44 11 0
39 32 0
Net_id 114
pin_num 2
30 40 0
42 42 0
Net_id 115
pin_num 2
58 20 0
46 22 0
Net_id 116
pin_num 2
59 8 0
49 7 0
Net_id 117
pin_num 2
34 13 0
35 8 0
Net_id 118
pin_num 2
31 48 0
22 32 0
Net_id 119
pin_num 2
56 56 0
45 46 0
Net_id 120
pin_num 2
45 58 0
33 56 0
Net_id 121
pin_num 2
5 2 0
8 17 0
Net_id 122
pin_num 2
7 49 0
2 42 0
Net_id 123
pin_num 2
34 54 0
35 37 0
Net_id 124
pin_num 2
19 24 0
8 22 0
Net_id 125
pin_num 2
0 0 0
19 13 0
Net_id 126
pin_num 2
6 25 0
21 40 0
Net_id 127
pin_num 2
2 21 0
8 21 0
Net_id 128
pin_num 2
1 57 0
14 47 0
Net_id 129
pin_num 2
7 29 0
16 34 0
Net_id 130
pin_num 2
3 34 0
5 41 0
Net_id 131
pin_num 2
14 16 0
18 16 0
Net_id 132
pin_num 2
43 1 0
48 11 0
Net_id 133
pin_num 2
45 43 0
53 57 0
Net_id 134
pin_num 2
13 40 0
8 47 0
Net_id 135
pin_num 2
57 24 0
45 7 0
Net_id 136
pin_num 2
52 29 0
46 39 0
Net_id 137
pin_num 2
5 50 0
1 56 0
Net_id 138
pin_num 2
8 43 0
2 29 0
Net_id 139
pin_num 2
52 11 0
59 1 0
Net_id 140
pin_num 2
10 43 0
14 25 0
Net_id 141
pin_num 2
54 14 0
55 16 0
Net_id 142
pin_num 2
3 13 0
9 28 0
Net_id 143
pin_num 2
14 41 0
34 32 0
Net_id 144
pin_num 2
31 8 0
1 22 0
Net_id 145
pin_num 2
1 47 0
17 59 0
Net_id 146
pin_num 2
38 26 0
57 22 0
Net_id 147
pin_num 2
50 7 0
47 22 0
Net_id 148
pin_num 2
38 53 0
52 57 0
Net_id 149
pin_num 2
33 57 0
18 56 0
Net_id 150
pin_num 2
31 49 0
51 40 0
Net_id 151
pin_num 2
46 37 0
58 26 0
Net_id 152
pin_num 2
9 0 0
32 0 0
Net_id 153
pin_num 2
31 35 0
19 22 0
Net_id 154
pin_num 2
14 3 0
34 26 0
Net_id 155
pin_num 2
37 55 0
17 18 0
Net_id 156
pin_num 2
29 39 0
23 22 0
Net_id 157
pin_num 2
58 33 0
55 43 0
Net_id 158
pin_num 2
35 35 0
45 45 0
Net_id 159
pin_num 2
22 46 0
17 45 0
Net_id 160
pin_num 2
3 1 0
6 22 0
