Width 60
Height 60
Layer 6
Total_WL 6328
Obstacle_num 144
15 43 0 24 44 0
41 33 0 49 34 0
15 3 0 18 4 0
3 56 0 9 57 0
6 55 0 15 56 0
4 8 0 13 9 0
37 15 0 43 16 0
12 18 0 15 19 0
48 7 0 56 8 0
18 52 0 27 53 0
38 51 0 45 52 0
38 57 0 42 58 0
43 22 0 47 23 0
38 31 0 43 32 0
40 53 0 44 54 0
38 10 0 43 11 0
27 36 0 30 37 0
55 19 0 59 20 0
20 29 0 29 30 0
26 15 0 31 16 0
49 18 0 59 19 0
19 45 0 23 46 0
13 49 0 19 50 0
17 42 0 27 43 0
31 3 1 32 12 1
11 23 1 12 31 1
26 38 1 27 46 1
10 26 1 11 35 1
43 48 1 44 52 1
0 17 1 1 21 1
57 41 1 58 47 1
21 44 1 22 50 1
36 40 1 37 43 1
45 31 1 46 37 1
28 38 1 29 42 1
15 33 1 16 40 1
19 38 1 20 43 1
13 45 1 14 51 1
2 19 1 3 28 1
5 35 1 6 41 1
15 5 1 16 9 1
44 48 1 45 58 1
4 2 1 5 8 1
22 23 1 23 31 1
55 54 1 56 59 1
37 5 1 38 12 1
50 6 1 51 10 1
14 49 1 15 54 1
52 25 2 59 26 2
19 34 2 27 35 2
45 38 2 50 39 2
34 18 2 38 19 2
2 3 2 11 4 2
7 17 2 15 18 2
30 37 2 38 38 2
50 15 2 53 16 2
45 13 2 50 14 2
18 11 2 25 12 2
33 17 2 41 18 2
37 40 2 44 41 2
0 38 2 9 39 2
45 4 2 50 5 2
33 42 2 38 43 2
3 32 2 9 33 2
3 11 2 7 12 2
25 11 2 29 12 2
7 45 2 15 46 2
9 28 2 14 29 2
32 55 2 40 56 2
2 36 2 8 37 2
36 6 2 45 7 2
9 2 2 18 3 2
21 5 3 22 11 3
9 39 3 10 47 3
32 31 3 33 40 3
44 29 3 45 36 3
28 4 3 29 14 3
28 18 3 29 25 3
34 30 3 35 38 3
37 50 3 38 56 3
14 45 3 15 53 3
0 14 3 1 23 3
21 32 3 22 40 3
29 6 3 30 11 3
7 30 3 8 39 3
40 40 3 41 48 3
26 48 3 27 56 3
7 18 3 8 24 3
8 0 3 9 8 3
56 10 3 57 18 3
2 0 3 3 9 3
36 39 3 37 49 3
51 15 3 52 21 3
30 47 3 31 55 3
49 43 3 50 47 3
53 24 3 54 33 3
11 6 4 18 7 4
45 46 4 48 47 4
10 50 4 18 51 4
41 47 4 48 48 4
9 28 4 12 29 4
10 10 4 20 11 4
56 2 4 59 3 4
3 58 4 6 59 4
38 44 4 46 45 4
1 39 4 6 40 4
0 42 4 8 43 4
20 39 4 30 40 4
53 52 4 57 53 4
4 56 4 14 57 4
32 5 4 36 6 4
29 31 4 39 32 4
51 28 4 59 29 4
28 44 4 32 45 4
34 55 4 38 56 4
37 57 4 46 58 4
4 17 4 11 18 4
17 29 4 23 30 4
18 0 4 23 1 4
40 33 4 45 34 4
7 45 5 8 48 5
3 8 5 4 15 5
4 18 5 5 26 5
53 10 5 54 16 5
41 29 5 42 36 5
50 4 5 51 12 5
47 23 5 48 26 5
15 47 5 16 51 5
48 11 5 49 15 5
58 45 5 59 52 5
56 12 5 57 19 5
42 0 5 43 3 5
43 38 5 44 43 5
31 50 5 32 55 5
0 43 5 1 52 5
26 24 5 27 34 5
5 44 5 6 48 5
24 7 5 25 15 5
16 13 5 17 17 5
16 31 5 17 36 5
46 48 5 47 53 5
36 28 5 37 31 5
15 8 5 16 12 5
28 49 5 29 55 5
Net_num 157
Net_id 0
pin_num 5
29 54 0
18 54 0
25 51 0
3 51 0
16 42 0
Net_id 1
pin_num 5
58 20 0
54 15 0
54 20 0
59 30 0
43 21 0
Net_id 2
pin_num 5
43 8 0
47 11 0
47 15 0
46 31 0
36 25 0
Net_id 3
pin_num 5
37 57 0
26 57 0
6 57 0
40 59 0
27 46 0
Net_id 4
pin_num 5
28 31 0
31 20 0
18 31 0
0 32 0
14 38 0
Net_id 5
pin_num 5
27 10 0
32 13 0
19 10 0
36 1 0
21 32 0
Net_id 6
pin_num 5
33 39 0
38 48 0
38 20 0
46 39 0
39 36 0
Net_id 7
pin_num 5
33 22 0
42 20 0
53 24 0
59 15 0
58 29 0
Net_id 8
pin_num 5
12 46 0
22 48 0
41 59 0
17 58 0
33 54 0
Net_id 9
pin_num 5
6 46 0
3 44 0
0 55 0
26 51 0
16 41 0
Net_id 10
pin_num 5
10 23 0
4 26 0
9 32 0
7 30 0
0 33 0
Net_id 11
pin_num 5
51 10 0
47 10 0
59 14 0
55 27 0
50 27 0
Net_id 12
pin_num 5
50 46 0
43 31 0
59 41 0
50 59 0
57 33 0
Net_id 13
pin_num 5
29 58 0
21 59 0
22 49 0
23 50 0
11 59 0
Net_id 14
pin_num 5
57 8 0
52 11 0
48 23 0
44 14 0
59 0 0
Net_id 15
pin_num 5
35 6 0
38 9 0
17 8 0
23 0 0
23 1 0
Net_id 16
pin_num 5
55 37 0
48 32 0
59 32 0
45 28 0
54 21 0
Net_id 17
pin_num 5
55 51 0
59 53 0
56 46 0
46 44 0
46 51 0
Net_id 18
pin_num 5
11 5 0
23 5 0
13 19 0
6 19 0
20 21 0
Net_id 19
pin_num 5
28 40 0
24 49 0
5 44 0
45 44 0
14 43 0
Net_id 20
pin_num 4
57 43 0
49 37 0
42 42 0
59 54 0
Net_id 21
pin_num 4
36 46 0
29 37 0
44 43 0
40 58 0
Net_id 22
pin_num 4
50 40 0
58 45 0
47 31 0
58 52 0
Net_id 23
pin_num 4
29 48 0
31 38 0
43 40 0
11 40 0
Net_id 24
pin_num 4
13 8 0
19 3 0
41 3 0
30 19 0
Net_id 25
pin_num 4
49 40 0
48 43 0
49 58 0
58 57 0
Net_id 26
pin_num 4
34 1 0
27 1 0
28 17 0
47 8 0
Net_id 27
pin_num 4
8 45 0
3 47 0
23 47 0
2 56 0
Net_id 28
pin_num 4
43 54 0
34 58 0
29 38 0
17 54 0
Net_id 29
pin_num 4
15 29 0
5 29 0
8 49 0
30 36 0
Net_id 30
pin_num 4
41 11 0
46 5 0
58 0 0
18 10 0
Net_id 31
pin_num 4
8 0 0
10 4 0
10 13 0
23 7 0
Net_id 32
pin_num 4
8 20 0
6 28 0
7 9 0
22 19 0
Net_id 33
pin_num 4
49 38 0
59 34 0
58 43 0
50 50 0
Net_id 34
pin_num 4
16 50 0
1 54 0
20 50 0
1 58 0
Net_id 35
pin_num 4
18 2 0
15 0 0
8 7 0
9 12 0
Net_id 36
pin_num 4
24 4 0
9 1 0
10 20 0
14 15 0
Net_id 37
pin_num 4
42 32 0
26 28 0
26 4 0
32 46 0
Net_id 38
pin_num 4
44 9 0
38 11 0
39 37 0
35 19 0
Net_id 39
pin_num 3
15 54 0
29 52 0
27 23 0
Net_id 40
pin_num 3
41 49 0
48 41 0
59 58 0
Net_id 41
pin_num 3
0 43 0
5 42 0
1 20 0
Net_id 42
pin_num 3
32 51 0
23 38 0
19 56 0
Net_id 43
pin_num 3
58 9 0
43 4 0
56 26 0
Net_id 44
pin_num 3
13 57 0
2 41 0
6 59 0
Net_id 45
pin_num 3
21 21 0
31 17 0
39 0 0
Net_id 46
pin_num 3
30 14 0
19 14 0
23 32 0
Net_id 47
pin_num 3
44 47 0
50 53 0
56 58 0
Net_id 48
pin_num 3
1 48 0
16 48 0
1 52 0
Net_id 49
pin_num 3
49 56 0
52 52 0
58 55 0
Net_id 50
pin_num 3
4 9 0
5 28 0
23 13 0
Net_id 51
pin_num 3
21 27 0
10 27 0
12 42 0
Net_id 52
pin_num 3
17 22 0
4 28 0
27 25 0
Net_id 53
pin_num 3
54 0 0
42 14 0
54 8 0
Net_id 54
pin_num 3
55 49 0
48 49 0
52 22 0
Net_id 55
pin_num 3
4 14 0
18 26 0
15 18 0
Net_id 56
pin_num 3
22 1 0
15 1 0
18 12 0
Net_id 57
pin_num 3
46 48 0
41 50 0
43 47 0
Net_id 58
pin_num 3
51 39 0
39 41 0
40 18 0
Net_id 59
pin_num 3
37 23 0
35 13 0
37 31 0
Net_id 60
pin_num 3
58 41 0
45 27 0
15 28 0
Net_id 61
pin_num 3
34 37 0
18 56 0
42 58 0
Net_id 62
pin_num 3
11 37 0
20 37 0
19 24 0
Net_id 63
pin_num 3
6 39 0
7 59 0
10 42 0
Net_id 64
pin_num 3
31 2 0
9 5 0
42 1 0
Net_id 65
pin_num 3
44 10 0
48 12 0
40 5 0
Net_id 66
pin_num 3
46 59 0
57 52 0
56 39 0
Net_id 67
pin_num 3
15 57 0
21 53 0
33 58 0
Net_id 68
pin_num 3
15 2 0
14 12 0
8 1 0
Net_id 69
pin_num 3
57 40 0
52 37 0
53 32 0
Net_id 70
pin_num 3
8 5 0
3 1 0
2 8 0
Net_id 71
pin_num 3
43 11 0
40 14 0
34 14 0
Net_id 72
pin_num 3
1 33 0
11 21 0
8 12 0
Net_id 73
pin_num 3
32 42 0
13 34 0
25 32 0
Net_id 74
pin_num 3
36 0 0
30 0 0
42 5 0
Net_id 75
pin_num 3
45 18 0
44 1 0
40 37 0
Net_id 76
pin_num 3
29 21 0
19 21 0
12 49 0
Net_id 77
pin_num 3
59 5 0
52 1 0
47 22 0
Net_id 78
pin_num 2
41 56 0
47 30 0
Net_id 79
pin_num 2
35 37 0
42 38 0
Net_id 80
pin_num 2
5 24 0
3 34 0
Net_id 81
pin_num 2
9 30 0
33 31 0
Net_id 82
pin_num 2
20 34 0
11 49 0
Net_id 83
pin_num 2
14 33 0
16 11 0
Net_id 84
pin_num 2
49 55 0
58 58 0
Net_id 85
pin_num 2
28 28 0
39 49 0
Net_id 86
pin_num 2
2 37 0
3 38 0
Net_id 87
pin_num 2
10 9 0
5 7 0
Net_id 88
pin_num 2
28 4 0
27 9 0
Net_id 89
pin_num 2
49 17 0
57 20 0
Net_id 90
pin_num 2
13 24 0
0 13 0
Net_id 91
pin_num 2
44 59 0
46 53 0
Net_id 92
pin_num 2
43 52 0
51 36 0
Net_id 93
pin_num 2
16 34 0
34 35 0
Net_id 94
pin_num 2
55 29 0
52 19 0
Net_id 95
pin_num 2
48 54 0
52 54 0
Net_id 96
pin_num 2
6 10 0
14 10 0
Net_id 97
pin_num 2
34 52 0
47 45 0
Net_id 98
pin_num 2
11 16 0
24 16 0
Net_id 99
pin_num 2
3 18 0
11 20 0
Net_id 100
pin_num 2
28 45 0
51 59 0
Net_id 101
pin_num 2
17 12 0
7 7 0
Net_id 102
pin_num 2
0 11 0
21 2 0
Net_id 103
pin_num 2
12 12 0
17 11 0
Net_id 104
pin_num 2
48 4 0
44 5 0
Net_id 105
pin_num 2
10 25 0
0 35 0
Net_id 106
pin_num 2
2 57 0
9 38 0
Net_id 107
pin_num 2
35 4 0
29 4 0
Net_id 108
pin_num 2
47 14 0
39 33 0
Net_id 109
pin_num 2
9 33 0
22 18 0
Net_id 110
pin_num 2
5 6 0
6 21 0
Net_id 111
pin_num 2
55 30 0
53 34 0
Net_id 112
pin_num 2
25 12 0
15 24 0
Net_id 113
pin_num 2
7 39 0
16 58 0
Net_id 114
pin_num 2
42 26 0
50 13 0
Net_id 115
pin_num 2
9 11 0
4 1 0
Net_id 116
pin_num 2
47 34 0
43 39 0
Net_id 117
pin_num 2
38 35 0
33 49 0
Net_id 118
pin_num 2
8 16 0
31 12 0
Net_id 119
pin_num 2
23 19 0
29 32 0
Net_id 120
pin_num 2
30 9 0
48 1 0
Net_id 121
pin_num 2
20 28 0
24 26 0
Net_id 122
pin_num 2
48 37 0
44 37 0
Net_id 123
pin_num 2
50 3 0
52 8 0
Net_id 124
pin_num 2
23 11 0
33 11 0
Net_id 125
pin_num 2
34 50 0
8 52 0
Net_id 126
pin_num 2
48 11 0
51 3 0
Net_id 127
pin_num 2
31 29 0
40 48 0
Net_id 128
pin_num 2
34 26 0
18 22 0
Net_id 129
pin_num 2
33 34 0
31 32 0
Net_id 130
pin_num 2
8 41 0
6 53 0
Net_id 131
pin_num 2
44 54 0
50 36 0
Net_id 132
pin_num 2
37 48 0
36 51 0
Net_id 133
pin_num 2
42 27 0
35 27 0
Net_id 134
pin_num 2
54 36 0
52 25 0
Net_id 135
pin_num 2
49 24 0
56 36 0
Net_id 136
pin_num 2
33 20 0
42 30 0
Net_id 137
pin_num 2
56 55 0
55 52 0
Net_id 138
pin_num 2
30 54 0
53 54 0
Net_id 139
pin_num 2
8 37 0
18 50 0
Net_id 140
pin_num 2
31 46 0
18 55 0
Net_id 141
pin_num 2
0 24 0
5 17 0
Net_id 142
pin_num 2
16 29 0
26 32 0
Net_id 143
pin_num 2
33 36 0
37 37 0
Net_id 144
pin_num 2
32 3 0
36 11 0
Net_id 145
pin_num 2
0 12 0
22 20 0
Net_id 146
pin_num 2
12 26 0
22 37 0
Net_id 147
pin_num 2
8 36 0
16 39 0
Net_id 148
pin_num 2
24 27 0
34 25 0
Net_id 149
pin_num 2
55 0 0
45 12 0
Net_id 150
pin_num 2
31 41 0
42 37 0
Net_id 151
pin_num 2
52 23 0
56 24 0
Net_id 152
pin_num 2
59 23 0
42 2 0
Net_id 153
pin_num 2
34 19 0
31 18 0
Net_id 154
pin_num 2
26 7 0
16 9 0
Net_id 155
pin_num 2
24 53 0
35 56 0
Net_id 156
pin_num 2
31 22 0
18 32 0
