Width 60
Height 60
Layer 6
Total_WL 6619
Obstacle_num 144
11 40 0 15 41 0
53 48 0 56 49 0
30 15 0 39 16 0
8 26 0 17 27 0
9 36 0 14 37 0
27 32 0 30 33 0
48 15 0 56 16 0
48 14 0 53 15 0
37 33 0 46 34 0
5 42 0 8 43 0
8 39 0 18 40 0
35 21 0 45 22 0
6 15 0 15 16 0
0 1 0 3 2 0
29 35 0 37 36 0
6 19 0 14 20 0
6 45 0 13 46 0
42 1 0 48 2 0
10 31 0 20 32 0
11 35 0 19 36 0
39 0 0 47 1 0
31 29 0 40 30 0
23 42 0 29 43 0
30 14 0 39 15 0
29 53 1 30 59 1
52 19 1 53 22 1
16 24 1 17 30 1
6 43 1 7 46 1
57 29 1 58 34 1
24 49 1 25 52 1
10 36 1 11 42 1
39 9 1 40 14 1
41 53 1 42 59 1
39 44 1 40 49 1
51 19 1 52 29 1
57 43 1 58 48 1
27 27 1 28 37 1
51 13 1 52 18 1
25 17 1 26 20 1
48 4 1 49 10 1
44 33 1 45 39 1
6 8 1 7 18 1
49 4 1 50 11 1
2 41 1 3 51 1
53 26 1 54 30 1
22 33 1 23 39 1
31 38 1 32 46 1
2 23 1 3 29 1
34 17 2 37 18 2
17 30 2 24 31 2
19 3 2 25 4 2
28 47 2 36 48 2
38 51 2 43 52 2
3 7 2 8 8 2
41 44 2 45 45 2
20 54 2 27 55 2
14 20 2 24 21 2
28 12 2 37 13 2
40 55 2 48 56 2
8 50 2 16 51 2
18 56 2 21 57 2
52 17 2 59 18 2
15 19 2 25 20 2
4 1 2 11 2 2
43 8 2 50 9 2
3 30 2 8 31 2
19 23 2 27 24 2
42 35 2 52 36 2
24 22 2 29 23 2
35 2 2 43 3 2
33 16 2 41 17 2
37 13 2 44 14 2
41 28 3 42 33 3
37 31 3 38 39 3
3 49 3 4 58 3
48 36 3 49 46 3
55 45 3 56 53 3
43 25 3 44 30 3
42 1 3 43 11 3
56 32 3 57 42 3
46 15 3 47 25 3
17 34 3 18 43 3
10 20 3 11 26 3
1 36 3 2 46 3
15 12 3 16 16 3
23 24 3 24 28 3
56 8 3 57 14 3
12 31 3 13 35 3
28 19 3 29 25 3
13 41 3 14 45 3
10 44 3 11 54 3
8 53 3 9 59 3
45 20 3 46 28 3
2 37 3 3 45 3
26 19 3 27 26 3
32 39 3 33 44 3
29 43 4 37 44 4
38 7 4 41 8 4
2 19 4 10 20 4
43 35 4 46 36 4
0 10 4 8 11 4
5 28 4 15 29 4
16 12 4 23 13 4
10 43 4 16 44 4
0 42 4 7 43 4
23 25 4 28 26 4
53 12 4 58 13 4
49 16 4 57 17 4
29 16 4 32 17 4
54 47 4 57 48 4
22 36 4 26 37 4
4 1 4 7 2 4
54 28 4 57 29 4
33 27 4 40 28 4
1 3 4 8 4 4
12 17 4 20 18 4
0 6 4 8 7 4
33 40 4 40 41 4
30 4 4 40 5 4
8 15 4 17 16 4
37 13 5 38 16 5
13 12 5 14 17 5
1 14 5 2 23 5
41 22 5 42 27 5
47 34 5 48 44 5
5 6 5 6 16 5
9 6 5 10 13 5
21 51 5 22 57 5
8 22 5 9 26 5
32 36 5 33 45 5
23 0 5 24 5 5
19 19 5 20 27 5
47 3 5 48 11 5
58 27 5 59 35 5
35 0 5 36 5 5
48 17 5 49 27 5
30 16 5 31 21 5
36 38 5 37 48 5
57 25 5 58 32 5
34 51 5 35 56 5
29 11 5 30 20 5
45 47 5 46 56 5
54 34 5 55 40 5
49 13 5 50 17 5
Net_num 158
Net_id 0
pin_num 5
0 22 0
12 22 0
8 8 0
23 10 0
32 10 0
Net_id 1
pin_num 5
24 15 0
27 8 0
9 9 0
29 9 0
27 19 0
Net_id 2
pin_num 5
5 18 0
6 30 0
0 9 0
25 27 0
25 47 0
Net_id 3
pin_num 5
32 17 0
24 4 0
44 4 0
37 7 0
18 13 0
Net_id 4
pin_num 5
46 36 0
41 22 0
32 30 0
52 27 0
26 30 0
Net_id 5
pin_num 5
23 41 0
22 45 0
13 44 0
8 44 0
15 49 0
Net_id 6
pin_num 5
1 25 0
1 32 0
14 36 0
11 42 0
11 18 0
Net_id 7
pin_num 5
44 31 0
52 22 0
52 12 0
26 12 0
29 20 0
Net_id 8
pin_num 5
54 1 0
48 2 0
48 0 0
52 0 0
49 11 0
Net_id 9
pin_num 5
43 23 0
32 23 0
35 17 0
32 20 0
33 13 0
Net_id 10
pin_num 5
13 20 0
7 20 0
8 43 0
0 28 0
3 29 0
Net_id 11
pin_num 5
33 34 0
26 29 0
45 37 0
36 41 0
29 44 0
Net_id 12
pin_num 5
1 15 0
0 17 0
0 27 0
7 27 0
5 24 0
Net_id 13
pin_num 5
33 0 0
40 11 0
19 11 0
42 16 0
42 24 0
Net_id 14
pin_num 5
40 38 0
35 38 0
13 38 0
8 38 0
35 44 0
Net_id 15
pin_num 5
21 0 0
29 13 0
37 6 0
24 20 0
30 0 0
Net_id 16
pin_num 5
21 55 0
36 47 0
32 42 0
24 47 0
23 59 0
Net_id 17
pin_num 5
11 21 0
16 21 0
14 28 0
9 12 0
17 26 0
Net_id 18
pin_num 5
33 10 0
31 1 0
34 18 0
34 36 0
20 2 0
Net_id 19
pin_num 5
48 3 0
36 2 0
28 3 0
34 1 0
24 0 0
Net_id 20
pin_num 4
1 48 0
3 58 0
9 59 0
6 41 0
Net_id 21
pin_num 4
7 43 0
0 33 0
1 58 0
18 37 0
Net_id 22
pin_num 4
20 3 0
25 0 0
41 1 0
20 1 0
Net_id 23
pin_num 4
44 45 0
35 46 0
44 39 0
42 50 0
Net_id 24
pin_num 4
52 6 0
46 9 0
56 2 0
59 2 0
Net_id 25
pin_num 4
27 59 0
36 58 0
32 48 0
41 47 0
Net_id 26
pin_num 4
4 10 0
17 10 0
22 21 0
13 0 0
Net_id 27
pin_num 4
2 36 0
6 36 0
9 34 0
3 46 0
Net_id 28
pin_num 4
3 34 0
7 32 0
1 23 0
21 31 0
Net_id 29
pin_num 4
55 39 0
48 33 0
59 36 0
54 54 0
Net_id 30
pin_num 4
44 28 0
44 32 0
53 32 0
44 14 0
Net_id 31
pin_num 4
18 51 0
21 37 0
45 38 0
38 22 0
Net_id 32
pin_num 4
3 49 0
9 43 0
9 56 0
10 58 0
Net_id 33
pin_num 4
44 49 0
47 39 0
50 20 0
28 26 0
Net_id 34
pin_num 4
18 14 0
18 36 0
12 12 0
7 23 0
Net_id 35
pin_num 4
3 37 0
3 44 0
5 47 0
1 53 0
Net_id 36
pin_num 4
58 39 0
47 41 0
55 41 0
54 32 0
Net_id 37
pin_num 4
38 56 0
25 58 0
37 32 0
55 46 0
Net_id 38
pin_num 4
32 37 0
40 41 0
40 56 0
55 47 0
Net_id 39
pin_num 4
18 45 0
7 41 0
7 25 0
41 38 0
Net_id 40
pin_num 3
46 7 0
26 1 0
32 31 0
Net_id 41
pin_num 3
6 38 0
8 48 0
2 33 0
Net_id 42
pin_num 3
16 42 0
27 26 0
18 59 0
Net_id 43
pin_num 3
2 6 0
22 0 0
4 25 0
Net_id 44
pin_num 3
59 25 0
45 28 0
53 0 0
Net_id 45
pin_num 3
18 12 0
13 22 0
23 4 0
Net_id 46
pin_num 3
18 43 0
16 37 0
1 57 0
Net_id 47
pin_num 3
26 37 0
23 29 0
43 31 0
Net_id 48
pin_num 3
26 57 0
45 53 0
52 59 0
Net_id 49
pin_num 3
58 56 0
44 48 0
38 47 0
Net_id 50
pin_num 3
54 28 0
45 34 0
31 23 0
Net_id 51
pin_num 3
28 45 0
24 35 0
40 45 0
Net_id 52
pin_num 3
20 12 0
17 16 0
16 36 0
Net_id 53
pin_num 3
15 17 0
29 17 0
19 36 0
Net_id 54
pin_num 3
33 6 0
38 10 0
7 8 0
Net_id 55
pin_num 3
27 22 0
14 41 0
11 32 0
Net_id 56
pin_num 3
37 16 0
39 22 0
59 14 0
Net_id 57
pin_num 3
26 16 0
36 31 0
59 13 0
Net_id 58
pin_num 3
46 5 0
30 5 0
19 5 0
Net_id 59
pin_num 3
35 13 0
32 6 0
18 6 0
Net_id 60
pin_num 3
55 36 0
59 52 0
46 58 0
Net_id 61
pin_num 3
47 32 0
31 21 0
39 59 0
Net_id 62
pin_num 3
13 25 0
39 14 0
26 18 0
Net_id 63
pin_num 3
57 7 0
55 4 0
36 10 0
Net_id 64
pin_num 3
14 32 0
2 51 0
0 8 0
Net_id 65
pin_num 3
26 27 0
46 25 0
42 41 0
Net_id 66
pin_num 3
28 47 0
48 49 0
46 55 0
Net_id 67
pin_num 3
15 53 0
11 57 0
8 52 0
Net_id 68
pin_num 3
29 28 0
41 40 0
49 36 0
Net_id 69
pin_num 3
2 12 0
13 7 0
17 15 0
Net_id 70
pin_num 3
20 15 0
12 42 0
20 33 0
Net_id 71
pin_num 3
44 6 0
47 0 0
47 25 0
Net_id 72
pin_num 3
8 6 0
3 4 0
12 23 0
Net_id 73
pin_num 3
46 40 0
38 41 0
41 52 0
Net_id 74
pin_num 3
35 22 0
3 20 0
19 1 0
Net_id 75
pin_num 3
29 58 0
23 48 0
21 59 0
Net_id 76
pin_num 3
13 52 0
28 46 0
12 59 0
Net_id 77
pin_num 3
17 6 0
12 0 0
5 11 0
Net_id 78
pin_num 3
55 14 0
57 4 0
40 9 0
Net_id 79
pin_num 3
32 44 0
27 48 0
22 31 0
Net_id 80
pin_num 2
4 54 0
27 56 0
Net_id 81
pin_num 2
51 12 0
29 15 0
Net_id 82
pin_num 2
59 32 0
55 34 0
Net_id 83
pin_num 2
38 31 0
45 16 0
Net_id 84
pin_num 2
22 14 0
15 7 0
Net_id 85
pin_num 2
55 26 0
46 14 0
Net_id 86
pin_num 2
30 53 0
26 53 0
Net_id 87
pin_num 2
28 40 0
33 28 0
Net_id 88
pin_num 2
56 30 0
54 14 0
Net_id 89
pin_num 2
46 42 0
55 51 0
Net_id 90
pin_num 2
44 20 0
31 46 0
Net_id 91
pin_num 2
25 35 0
47 33 0
Net_id 92
pin_num 2
42 54 0
24 59 0
Net_id 93
pin_num 2
10 48 0
20 52 0
Net_id 94
pin_num 2
34 58 0
51 45 0
Net_id 95
pin_num 2
53 4 0
53 10 0
Net_id 96
pin_num 2
11 12 0
11 7 0
Net_id 97
pin_num 2
47 52 0
43 53 0
Net_id 98
pin_num 2
7 16 0
20 36 0
Net_id 99
pin_num 2
28 50 0
31 52 0
Net_id 100
pin_num 2
58 34 0
36 32 0
Net_id 101
pin_num 2
59 31 0
53 35 0
Net_id 102
pin_num 2
39 56 0
58 48 0
Net_id 103
pin_num 2
26 31 0
23 23 0
Net_id 104
pin_num 2
30 51 0
43 51 0
Net_id 105
pin_num 2
55 20 0
58 15 0
Net_id 106
pin_num 2
3 59 0
1 55 0
Net_id 107
pin_num 2
28 43 0
38 28 0
Net_id 108
pin_num 2
49 17 0
37 10 0
Net_id 109
pin_num 2
51 57 0
31 54 0
Net_id 110
pin_num 2
26 7 0
40 18 0
Net_id 111
pin_num 2
44 38 0
24 52 0
Net_id 112
pin_num 2
39 42 0
47 40 0
Net_id 113
pin_num 2
40 16 0
41 11 0
Net_id 114
pin_num 2
13 5 0
25 24 0
Net_id 115
pin_num 2
55 24 0
54 10 0
Net_id 116
pin_num 2
52 31 0
57 37 0
Net_id 117
pin_num 2
23 33 0
5 29 0
Net_id 118
pin_num 2
4 28 0
10 33 0
Net_id 119
pin_num 2
52 51 0
44 51 0
Net_id 120
pin_num 2
22 59 0
12 47 0
Net_id 121
pin_num 2
2 10 0
16 22 0
Net_id 122
pin_num 2
15 28 0
5 38 0
Net_id 123
pin_num 2
22 51 0
33 58 0
Net_id 124
pin_num 2
14 43 0
7 46 0
Net_id 125
pin_num 2
1 17 0
9 17 0
Net_id 126
pin_num 2
51 11 0
45 15 0
Net_id 127
pin_num 2
54 52 0
59 47 0
Net_id 128
pin_num 2
42 49 0
30 37 0
Net_id 129
pin_num 2
16 49 0
34 44 0
Net_id 130
pin_num 2
1 3 0
22 7 0
Net_id 131
pin_num 2
48 21 0
43 6 0
Net_id 132
pin_num 2
49 43 0
20 53 0
Net_id 133
pin_num 2
36 34 0
33 36 0
Net_id 134
pin_num 2
16 2 0
2 0 0
Net_id 135
pin_num 2
56 56 0
53 59 0
Net_id 136
pin_num 2
10 25 0
11 28 0
Net_id 137
pin_num 2
37 22 0
28 18 0
Net_id 138
pin_num 2
32 25 0
43 27 0
Net_id 139
pin_num 2
26 13 0
28 10 0
Net_id 140
pin_num 2
24 43 0
24 46 0
Net_id 141
pin_num 2
53 43 0
39 52 0
Net_id 142
pin_num 2
58 51 0
34 55 0
Net_id 143
pin_num 2
0 20 0
14 4 0
Net_id 144
pin_num 2
8 40 0
10 18 0
Net_id 145
pin_num 2
5 56 0
4 40 0
Net_id 146
pin_num 2
53 47 0
50 52 0
Net_id 147
pin_num 2
52 17 0
43 2 0
Net_id 148
pin_num 2
52 49 0
42 45 0
Net_id 149
pin_num 2
25 57 0
3 48 0
Net_id 150
pin_num 2
29 10 0
38 8 0
Net_id 151
pin_num 2
9 7 0
20 4 0
Net_id 152
pin_num 2
41 32 0
24 41 0
Net_id 153
pin_num 2
4 58 0
16 47 0
Net_id 154
pin_num 2
20 31 0
51 53 0
Net_id 155
pin_num 2
17 46 0
5 16 0
Net_id 156
pin_num 2
6 48 0
4 38 0
Net_id 157
pin_num 2
42 13 0
56 1 0
