Width 60
Height 60
Layer 6
Total_WL 7144
Obstacle_num 144
43 56 0 48 57 0
40 46 0 44 47 0
31 9 0 38 10 0
8 5 0 14 6 0
26 51 0 29 52 0
33 8 0 38 9 0
33 1 0 41 2 0
55 42 0 58 43 0
47 12 0 56 13 0
10 58 0 13 59 0
34 17 0 38 18 0
27 0 0 34 1 0
1 17 0 7 18 0
32 23 0 39 24 0
18 13 0 28 14 0
4 46 0 10 47 0
10 22 0 17 23 0
52 34 0 59 35 0
2 50 0 8 51 0
36 10 0 43 11 0
3 0 0 9 1 0
42 22 0 49 23 0
0 5 0 5 6 0
38 14 0 42 15 0
40 6 1 41 12 1
29 44 1 30 51 1
10 51 1 11 54 1
15 9 1 16 15 1
44 16 1 45 24 1
30 11 1 31 17 1
33 9 1 34 16 1
57 48 1 58 51 1
26 47 1 27 56 1
52 50 1 53 56 1
42 48 1 43 55 1
5 31 1 6 36 1
30 2 1 31 6 1
19 42 1 20 52 1
48 31 1 49 38 1
56 15 1 57 20 1
32 14 1 33 21 1
17 44 1 18 48 1
4 0 1 5 4 1
24 38 1 25 48 1
11 15 1 12 21 1
0 46 1 1 49 1
41 39 1 42 43 1
46 40 1 47 48 1
3 54 2 10 55 2
35 6 2 40 7 2
43 50 2 53 51 2
23 19 2 30 20 2
3 21 2 6 22 2
36 19 2 41 20 2
37 34 2 45 35 2
14 52 2 22 53 2
25 22 2 32 23 2
55 42 2 58 43 2
38 42 2 47 43 2
12 45 2 19 46 2
27 2 2 32 3 2
37 25 2 44 26 2
1 25 2 4 26 2
11 1 2 14 2 2
31 28 2 41 29 2
30 30 2 35 31 2
47 8 2 55 9 2
33 24 2 37 25 2
40 11 2 47 12 2
52 4 2 56 5 2
15 40 2 22 41 2
49 54 2 53 55 2
47 15 3 48 22 3
6 45 3 7 53 3
24 49 3 25 53 3
31 16 3 32 26 3
7 45 3 8 54 3
18 49 3 19 54 3
16 12 3 17 15 3
25 0 3 26 8 3
20 43 3 21 52 3
0 9 3 1 14 3
13 37 3 14 43 3
15 19 3 16 22 3
55 9 3 56 13 3
12 28 3 13 33 3
41 21 3 42 28 3
3 53 3 4 58 3
56 13 3 57 18 3
17 7 3 18 15 3
58 2 3 59 7 3
35 53 3 36 58 3
24 2 3 25 9 3
16 19 3 17 22 3
37 11 3 38 21 3
8 27 3 9 35 3
24 58 4 30 59 4
12 34 4 19 35 4
4 44 4 12 45 4
13 14 4 18 15 4
41 21 4 49 22 4
34 58 4 40 59 4
20 31 4 28 32 4
4 47 4 13 48 4
7 18 4 16 19 4
9 41 4 16 42 4
48 34 4 51 35 4
37 12 4 42 13 4
40 30 4 43 31 4
11 20 4 20 21 4
5 10 4 13 11 4
34 23 4 44 24 4
27 55 4 33 56 4
7 39 4 16 40 4
40 6 4 45 7 4
51 31 4 55 32 4
34 15 4 44 16 4
36 10 4 40 11 4
50 32 4 59 33 4
55 5 4 59 6 4
52 27 5 53 37 5
20 15 5 21 19 5
41 39 5 42 44 5
52 43 5 53 52 5
23 38 5 24 48 5
37 42 5 38 52 5
55 9 5 56 12 5
53 34 5 54 43 5
34 0 5 35 7 5
5 51 5 6 56 5
57 0 5 58 8 5
9 16 5 10 21 5
28 36 5 29 43 5
38 53 5 39 59 5
10 39 5 11 43 5
13 28 5 14 31 5
38 40 5 39 45 5
42 33 5 43 42 5
33 29 5 34 34 5
30 20 5 31 23 5
15 13 5 16 21 5
34 54 5 35 58 5
23 24 5 24 34 5
46 18 5 47 24 5
Net_num 165
Net_id 0
pin_num 5
56 36 0
55 36 0
57 18 0
36 35 0
39 25 0
Net_id 1
pin_num 5
37 26 0
45 26 0
31 38 0
40 39 0
40 13 0
Net_id 2
pin_num 5
56 3 0
57 2 0
59 24 0
59 1 0
42 1 0
Net_id 3
pin_num 5
19 22 0
21 17 0
25 22 0
23 37 0
27 37 0
Net_id 4
pin_num 5
56 56 0
56 59 0
59 55 0
58 36 0
51 53 0
Net_id 5
pin_num 5
32 39 0
28 38 0
30 23 0
30 46 0
35 30 0
Net_id 6
pin_num 5
20 10 0
35 7 0
24 0 0
42 9 0
28 6 0
Net_id 7
pin_num 5
43 44 0
41 43 0
41 52 0
27 45 0
23 45 0
Net_id 8
pin_num 5
50 25 0
48 20 0
48 38 0
50 38 0
30 29 0
Net_id 9
pin_num 5
52 36 0
44 38 0
47 23 0
54 36 0
34 36 0
Net_id 10
pin_num 5
44 17 0
38 21 0
59 19 0
15 21 0
23 34 0
Net_id 11
pin_num 5
14 3 0
20 2 0
15 2 0
16 0 0
14 0 0
Net_id 12
pin_num 5
57 21 0
49 31 0
53 16 0
59 31 0
53 30 0
Net_id 13
pin_num 5
59 4 0
40 4 0
51 20 0
46 12 0
31 15 0
Net_id 14
pin_num 5
29 59 0
39 51 0
31 50 0
39 59 0
47 59 0
Net_id 15
pin_num 5
42 35 0
37 43 0
43 24 0
29 28 0
58 18 0
Net_id 16
pin_num 5
13 1 0
1 1 0
13 8 0
5 4 0
4 20 0
Net_id 17
pin_num 5
59 16 0
54 20 0
52 15 0
59 36 0
59 18 0
Net_id 18
pin_num 5
18 23 0
32 31 0
49 22 0
50 27 0
29 29 0
Net_id 19
pin_num 5
4 2 0
1 0 0
0 18 0
16 7 0
16 17 0
Net_id 20
pin_num 5
49 49 0
52 56 0
51 25 0
44 34 0
59 49 0
Net_id 21
pin_num 5
42 59 0
47 53 0
49 32 0
31 58 0
45 58 0
Net_id 22
pin_num 4
8 40 0
6 40 0
7 58 0
15 51 0
Net_id 23
pin_num 4
22 33 0
28 27 0
26 11 0
5 27 0
Net_id 24
pin_num 4
33 11 0
21 18 0
23 0 0
19 15 0
Net_id 25
pin_num 4
54 9 0
46 0 0
43 2 0
52 21 0
Net_id 26
pin_num 4
25 15 0
36 20 0
0 0 0
34 27 0
Net_id 27
pin_num 4
6 41 0
20 41 0
18 20 0
8 54 0
Net_id 28
pin_num 4
16 27 0
32 25 0
6 30 0
26 12 0
Net_id 29
pin_num 4
27 38 0
25 43 0
20 42 0
25 26 0
Net_id 30
pin_num 4
40 42 0
42 33 0
54 42 0
46 57 0
Net_id 31
pin_num 4
29 25 0
33 19 0
8 25 0
30 22 0
Net_id 32
pin_num 4
31 14 0
37 13 0
33 29 0
46 17 0
Net_id 33
pin_num 4
30 39 0
22 39 0
0 38 0
22 58 0
Net_id 34
pin_num 4
4 35 0
0 40 0
0 59 0
14 37 0
Net_id 35
pin_num 4
38 11 0
51 21 0
45 0 0
42 12 0
Net_id 36
pin_num 4
38 46 0
36 55 0
35 59 0
20 51 0
Net_id 37
pin_num 4
19 34 0
29 37 0
28 34 0
28 41 0
Net_id 38
pin_num 4
44 18 0
59 12 0
55 17 0
47 9 0
Net_id 39
pin_num 4
55 56 0
53 59 0
59 48 0
58 43 0
Net_id 40
pin_num 4
7 16 0
2 26 0
0 1 0
12 9 0
Net_id 41
pin_num 4
42 31 0
34 30 0
22 30 0
34 20 0
Net_id 42
pin_num 4
27 53 0
36 51 0
34 57 0
32 41 0
Net_id 43
pin_num 4
47 5 0
41 8 0
56 6 0
23 2 0
Net_id 44
pin_num 3
27 57 0
23 40 0
45 40 0
Net_id 45
pin_num 3
34 52 0
21 50 0
25 47 0
Net_id 46
pin_num 3
54 26 0
59 20 0
52 44 0
Net_id 47
pin_num 3
32 1 0
14 10 0
41 1 0
Net_id 48
pin_num 3
9 13 0
48 39 0
21 32 0
Net_id 49
pin_num 3
26 46 0
14 46 0
15 44 0
Net_id 50
pin_num 3
40 41 0
38 27 0
4 27 0
Net_id 51
pin_num 3
19 43 0
14 44 0
18 15 0
Net_id 52
pin_num 3
53 8 0
58 11 0
50 16 0
Net_id 53
pin_num 3
20 45 0
12 45 0
1 50 0
Net_id 54
pin_num 3
46 31 0
39 18 0
41 9 0
Net_id 55
pin_num 3
27 58 0
35 42 0
23 52 0
Net_id 56
pin_num 3
11 46 0
23 59 0
1 52 0
Net_id 57
pin_num 3
25 32 0
35 22 0
16 26 0
Net_id 58
pin_num 3
27 17 0
24 16 0
30 7 0
Net_id 59
pin_num 3
31 13 0
39 24 0
58 13 0
Net_id 60
pin_num 3
36 50 0
36 41 0
31 43 0
Net_id 61
pin_num 3
9 48 0
2 58 0
23 49 0
Net_id 62
pin_num 3
27 6 0
16 6 0
23 36 0
Net_id 63
pin_num 3
22 3 0
11 12 0
14 19 0
Net_id 64
pin_num 3
38 33 0
29 41 0
28 50 0
Net_id 65
pin_num 3
11 54 0
9 45 0
19 38 0
Net_id 66
pin_num 3
29 31 0
23 28 0
0 30 0
Net_id 67
pin_num 3
20 8 0
34 16 0
10 14 0
Net_id 68
pin_num 3
12 33 0
23 43 0
33 33 0
Net_id 69
pin_num 3
11 9 0
3 3 0
21 5 0
Net_id 70
pin_num 3
1 20 0
6 15 0
3 1 0
Net_id 71
pin_num 3
39 0 0
45 21 0
36 0 0
Net_id 72
pin_num 3
9 20 0
7 24 0
2 29 0
Net_id 73
pin_num 3
45 27 0
36 39 0
49 16 0
Net_id 74
pin_num 3
38 29 0
25 20 0
50 26 0
Net_id 75
pin_num 3
0 12 0
10 15 0
10 23 0
Net_id 76
pin_num 3
30 12 0
15 8 0
19 16 0
Net_id 77
pin_num 3
13 48 0
32 37 0
33 20 0
Net_id 78
pin_num 3
47 41 0
54 44 0
50 47 0
Net_id 79
pin_num 3
21 41 0
23 38 0
20 32 0
Net_id 80
pin_num 3
27 29 0
17 40 0
9 17 0
Net_id 81
pin_num 3
47 2 0
57 5 0
57 12 0
Net_id 82
pin_num 3
38 9 0
21 4 0
25 23 0
Net_id 83
pin_num 3
49 6 0
35 0 0
1 22 0
Net_id 84
pin_num 3
7 36 0
9 32 0
6 36 0
Net_id 85
pin_num 3
0 8 0
7 17 0
25 1 0
Net_id 86
pin_num 2
5 10 0
14 12 0
Net_id 87
pin_num 2
6 19 0
1 24 0
Net_id 88
pin_num 2
58 33 0
48 18 0
Net_id 89
pin_num 2
18 44 0
1 34 0
Net_id 90
pin_num 2
12 42 0
12 47 0
Net_id 91
pin_num 2
0 56 0
19 32 0
Net_id 92
pin_num 2
52 10 0
57 23 0
Net_id 93
pin_num 2
6 38 0
13 42 0
Net_id 94
pin_num 2
37 22 0
53 14 0
Net_id 95
pin_num 2
19 53 0
24 53 0
Net_id 96
pin_num 2
50 35 0
47 3 0
Net_id 97
pin_num 2
45 2 0
41 5 0
Net_id 98
pin_num 2
18 24 0
35 27 0
Net_id 99
pin_num 2
57 40 0
43 14 0
Net_id 100
pin_num 2
58 57 0
56 58 0
Net_id 101
pin_num 2
44 29 0
59 38 0
Net_id 102
pin_num 2
42 54 0
55 40 0
Net_id 103
pin_num 2
27 43 0
23 50 0
Net_id 104
pin_num 2
29 47 0
44 41 0
Net_id 105
pin_num 2
0 51 0
6 18 0
Net_id 106
pin_num 2
30 40 0
26 44 0
Net_id 107
pin_num 2
15 16 0
8 17 0
Net_id 108
pin_num 2
10 6 0
2 18 0
Net_id 109
pin_num 2
45 9 0
54 3 0
Net_id 110
pin_num 2
59 14 0
41 3 0
Net_id 111
pin_num 2
18 53 0
5 57 0
Net_id 112
pin_num 2
35 46 0
35 43 0
Net_id 113
pin_num 2
55 24 0
56 37 0
Net_id 114
pin_num 2
11 36 0
25 48 0
Net_id 115
pin_num 2
1 44 0
3 41 0
Net_id 116
pin_num 2
7 4 0
32 34 0
Net_id 117
pin_num 2
32 50 0
38 30 0
Net_id 118
pin_num 2
56 49 0
57 55 0
Net_id 119
pin_num 2
1 58 0
10 59 0
Net_id 120
pin_num 2
55 38 0
55 31 0
Net_id 121
pin_num 2
10 33 0
2 33 0
Net_id 122
pin_num 2
17 37 0
1 23 0
Net_id 123
pin_num 2
45 53 0
26 59 0
Net_id 124
pin_num 2
53 38 0
57 56 0
Net_id 125
pin_num 2
12 49 0
9 51 0
Net_id 126
pin_num 2
54 57 0
55 54 0
Net_id 127
pin_num 2
35 49 0
44 57 0
Net_id 128
pin_num 2
9 44 0
7 59 0
Net_id 129
pin_num 2
33 15 0
38 7 0
Net_id 130
pin_num 2
49 0 0
49 3 0
Net_id 131
pin_num 2
31 16 0
19 35 0
Net_id 132
pin_num 2
53 11 0
50 3 0
Net_id 133
pin_num 2
41 48 0
34 44 0
Net_id 134
pin_num 2
59 53 0
48 59 0
Net_id 135
pin_num 2
39 58 0
14 42 0
Net_id 136
pin_num 2
6 29 0
2 3 0
Net_id 137
pin_num 2
19 36 0
20 38 0
Net_id 138
pin_num 2
47 52 0
38 57 0
Net_id 139
pin_num 2
19 50 0
11 33 0
Net_id 140
pin_num 2
57 48 0
46 28 0
Net_id 141
pin_num 2
51 57 0
45 43 0
Net_id 142
pin_num 2
42 32 0
37 5 0
Net_id 143
pin_num 2
3 43 0
17 48 0
Net_id 144
pin_num 2
40 23 0
44 23 0
Net_id 145
pin_num 2
17 42 0
36 57 0
Net_id 146
pin_num 2
8 23 0
4 34 0
Net_id 147
pin_num 2
23 58 0
3 53 0
Net_id 148
pin_num 2
51 7 0
37 30 0
Net_id 149
pin_num 2
53 37 0
57 43 0
Net_id 150
pin_num 2
5 5 0
12 23 0
Net_id 151
pin_num 2
40 16 0
36 18 0
Net_id 152
pin_num 2
38 6 0
26 3 0
Net_id 153
pin_num 2
56 52 0
50 53 0
Net_id 154
pin_num 2
12 12 0
6 22 0
Net_id 155
pin_num 2
36 37 0
44 37 0
Net_id 156
pin_num 2
8 3 0
4 9 0
Net_id 157
pin_num 2
3 18 0
15 3 0
Net_id 158
pin_num 2
33 40 0
40 40 0
Net_id 159
pin_num 2
30 42 0
27 56 0
Net_id 160
pin_num 2
7 51 0
2 31 0
Net_id 161
pin_num 2
41 57 0
29 54 0
Net_id 162
pin_num 2
10 46 0
1 54 0
Net_id 163
pin_num 2
58 23 0
44 3 0
Net_id 164
pin_num 2
51 45 0
46 45 0
