Width 60
Height 60
Layer 6
Total_WL 6748
Obstacle_num 144
26 14 0 31 15 0
47 11 0 56 12 0
38 40 0 48 41 0
31 2 0 36 3 0
39 12 0 46 13 0
43 49 0 47 50 0
45 42 0 55 43 0
25 19 0 33 20 0
0 47 0 6 48 0
46 23 0 51 24 0
10 56 0 14 57 0
3 7 0 8 8 0
33 18 0 38 19 0
35 29 0 45 30 0
34 55 0 42 56 0
32 56 0 38 57 0
42 24 0 47 25 0
50 8 0 54 9 0
18 17 0 23 18 0
4 52 0 7 53 0
11 53 0 16 54 0
42 9 0 52 10 0
41 58 0 49 59 0
46 35 0 56 36 0
40 46 1 41 55 1
39 54 1 40 57 1
44 31 1 45 37 1
22 44 1 23 54 1
45 19 1 46 25 1
9 23 1 10 27 1
0 27 1 1 37 1
48 45 1 49 55 1
39 0 1 40 7 1
37 31 1 38 34 1
11 16 1 12 25 1
1 31 1 2 41 1
53 14 1 54 17 1
36 2 1 37 10 1
45 0 1 46 9 1
40 27 1 41 35 1
19 52 1 20 56 1
36 49 1 37 55 1
43 13 1 44 23 1
35 45 1 36 54 1
8 38 1 9 45 1
37 9 1 38 17 1
47 51 1 48 58 1
35 14 1 36 19 1
47 44 2 55 45 2
3 52 2 10 53 2
3 41 2 13 42 2
48 0 2 54 1 2
28 0 2 35 1 2
45 32 2 48 33 2
23 54 2 30 55 2
6 4 2 12 5 2
42 43 2 47 44 2
4 49 2 7 50 2
26 14 2 34 15 2
24 19 2 31 20 2
42 55 2 49 56 2
28 27 2 36 28 2
23 39 2 33 40 2
24 5 2 33 6 2
13 0 2 20 1 2
21 47 2 24 48 2
21 41 2 26 42 2
6 22 2 12 23 2
49 21 2 52 22 2
25 45 2 34 46 2
17 23 2 26 24 2
48 32 2 57 33 2
54 42 3 55 49 3
43 22 3 44 28 3
17 35 3 18 41 3
53 2 3 54 11 3
33 1 3 34 9 3
35 17 3 36 22 3
30 21 3 31 25 3
29 9 3 30 15 3
11 32 3 12 42 3
45 36 3 46 46 3
37 5 3 38 11 3
27 41 3 28 50 3
37 49 3 38 52 3
9 3 3 10 7 3
33 41 3 34 47 3
6 9 3 7 14 3
51 36 3 52 42 3
18 7 3 19 13 3
38 40 3 39 50 3
7 1 3 8 6 3
55 43 3 56 46 3
58 18 3 59 25 3
14 13 3 15 21 3
54 30 3 55 37 3
5 44 4 11 45 4
48 37 4 55 38 4
11 0 4 19 1 4
12 20 4 18 21 4
12 37 4 22 38 4
37 4 4 47 5 4
33 47 4 38 48 4
42 3 4 46 4 4
50 6 4 56 7 4
40 7 4 45 8 4
50 28 4 55 29 4
48 16 4 54 17 4
13 26 4 18 27 4
8 36 4 11 37 4
6 51 4 14 52 4
2 14 4 7 15 4
0 7 4 6 8 4
7 23 4 15 24 4
37 28 4 42 29 4
49 58 4 54 59 4
1 37 4 11 38 4
29 44 4 37 45 4
45 54 4 53 55 4
48 48 4 54 49 4
52 15 5 53 18 5
54 49 5 55 56 5
6 21 5 7 28 5
48 3 5 49 13 5
15 21 5 16 27 5
11 40 5 12 47 5
24 19 5 25 26 5
12 2 5 13 9 5
22 40 5 23 45 5
33 11 5 34 18 5
44 28 5 45 37 5
15 11 5 16 15 5
41 6 5 42 16 5
55 25 5 56 34 5
56 16 5 57 22 5
50 0 5 51 6 5
36 35 5 37 43 5
3 54 5 4 59 5
17 36 5 18 46 5
4 18 5 5 21 5
1 34 5 2 41 5
34 31 5 35 36 5
51 53 5 52 57 5
15 0 5 16 8 5
Net_num 155
Net_id 0
pin_num 5
12 41 0
16 41 0
35 41 0
33 55 0
13 30 0
Net_id 1
pin_num 5
20 31 0
27 26 0
25 52 0
27 15 0
15 47 0
Net_id 2
pin_num 5
53 54 0
50 55 0
55 59 0
53 50 0
50 37 0
Net_id 3
pin_num 5
4 18 0
10 18 0
18 18 0
10 6 0
16 36 0
Net_id 4
pin_num 5
53 32 0
53 27 0
53 17 0
59 16 0
49 27 0
Net_id 5
pin_num 5
31 10 0
20 15 0
29 29 0
42 17 0
22 23 0
Net_id 6
pin_num 5
31 40 0
27 38 0
37 38 0
35 30 0
26 40 0
Net_id 7
pin_num 5
41 16 0
36 27 0
17 21 0
56 26 0
50 26 0
Net_id 8
pin_num 5
0 1 0
7 2 0
12 11 0
0 6 0
5 20 0
Net_id 9
pin_num 5
7 26 0
3 26 0
0 10 0
15 19 0
4 21 0
Net_id 10
pin_num 5
56 38 0
59 37 0
59 30 0
44 34 0
46 36 0
Net_id 11
pin_num 5
31 49 0
27 58 0
26 53 0
42 59 0
35 43 0
Net_id 12
pin_num 5
53 30 0
39 35 0
46 37 0
46 50 0
26 50 0
Net_id 13
pin_num 5
35 13 0
22 18 0
28 3 0
19 16 0
19 1 0
Net_id 14
pin_num 5
27 20 0
16 17 0
22 0 0
1 8 0
27 7 0
Net_id 15
pin_num 5
21 42 0
24 45 0
7 44 0
7 55 0
17 24 0
Net_id 16
pin_num 5
50 7 0
42 15 0
28 24 0
49 5 0
33 6 0
Net_id 17
pin_num 5
7 37 0
13 37 0
11 52 0
21 48 0
0 50 0
Net_id 18
pin_num 5
57 8 0
58 6 0
51 6 0
54 12 0
43 11 0
Net_id 19
pin_num 4
0 34 0
15 37 0
21 27 0
28 31 0
Net_id 20
pin_num 4
55 51 0
38 51 0
42 57 0
40 59 0
Net_id 21
pin_num 4
34 44 0
24 33 0
6 42 0
29 51 0
Net_id 22
pin_num 4
38 13 0
38 14 0
25 8 0
26 26 0
Net_id 23
pin_num 4
19 2 0
27 2 0
13 7 0
20 5 0
Net_id 24
pin_num 4
13 26 0
7 21 0
11 10 0
15 4 0
Net_id 25
pin_num 4
46 11 0
32 10 0
56 10 0
49 31 0
Net_id 26
pin_num 4
1 15 0
1 11 0
17 13 0
17 1 0
Net_id 27
pin_num 4
8 6 0
2 22 0
0 8 0
12 7 0
Net_id 28
pin_num 4
50 45 0
44 45 0
24 50 0
26 57 0
Net_id 29
pin_num 4
31 18 0
32 33 0
31 36 0
41 32 0
Net_id 30
pin_num 4
42 43 0
49 52 0
49 41 0
59 49 0
Net_id 31
pin_num 4
29 35 0
14 36 0
1 27 0
16 38 0
Net_id 32
pin_num 4
40 9 0
51 12 0
59 0 0
27 0 0
Net_id 33
pin_num 4
13 43 0
31 43 0
23 48 0
36 41 0
Net_id 34
pin_num 4
46 12 0
59 18 0
59 10 0
46 27 0
Net_id 35
pin_num 4
38 35 0
38 42 0
33 37 0
55 33 0
Net_id 36
pin_num 4
5 15 0
19 9 0
24 6 0
2 3 0
Net_id 37
pin_num 4
43 47 0
51 47 0
58 42 0
37 45 0
Net_id 38
pin_num 4
5 2 0
13 4 0
17 2 0
2 16 0
Net_id 39
pin_num 3
54 22 0
58 4 0
57 12 0
Net_id 40
pin_num 3
55 48 0
44 57 0
49 59 0
Net_id 41
pin_num 3
37 25 0
38 31 0
24 15 0
Net_id 42
pin_num 3
35 11 0
52 20 0
59 29 0
Net_id 43
pin_num 3
54 3 0
47 19 0
55 1 0
Net_id 44
pin_num 3
30 58 0
51 49 0
41 49 0
Net_id 45
pin_num 3
41 56 0
54 49 0
37 54 0
Net_id 46
pin_num 3
23 58 0
14 58 0
28 59 0
Net_id 47
pin_num 3
35 26 0
42 31 0
36 38 0
Net_id 48
pin_num 3
6 23 0
19 23 0
30 35 0
Net_id 49
pin_num 3
52 55 0
56 46 0
55 27 0
Net_id 50
pin_num 3
2 49 0
22 34 0
12 43 0
Net_id 51
pin_num 3
2 18 0
2 26 0
4 44 0
Net_id 52
pin_num 3
57 54 0
50 33 0
48 59 0
Net_id 53
pin_num 3
39 19 0
47 33 0
39 36 0
Net_id 54
pin_num 3
1 4 0
7 14 0
40 11 0
Net_id 55
pin_num 3
26 9 0
20 11 0
4 17 0
Net_id 56
pin_num 3
39 18 0
57 23 0
55 2 0
Net_id 57
pin_num 3
14 52 0
12 55 0
10 44 0
Net_id 58
pin_num 3
34 46 0
37 36 0
25 46 0
Net_id 59
pin_num 3
45 26 0
40 36 0
44 5 0
Net_id 60
pin_num 3
20 7 0
27 32 0
24 28 0
Net_id 61
pin_num 3
26 22 0
10 21 0
16 1 0
Net_id 62
pin_num 3
15 39 0
24 58 0
39 52 0
Net_id 63
pin_num 3
45 43 0
57 33 0
24 17 0
Net_id 64
pin_num 3
20 48 0
7 56 0
0 53 0
Net_id 65
pin_num 3
21 1 0
25 21 0
36 12 0
Net_id 66
pin_num 3
9 31 0
2 5 0
0 18 0
Net_id 67
pin_num 3
4 24 0
0 37 0
18 33 0
Net_id 68
pin_num 3
11 16 0
2 31 0
15 2 0
Net_id 69
pin_num 3
26 58 0
13 29 0
34 53 0
Net_id 70
pin_num 3
42 42 0
41 34 0
49 25 0
Net_id 71
pin_num 3
24 21 0
18 24 0
30 16 0
Net_id 72
pin_num 3
21 32 0
14 39 0
28 56 0
Net_id 73
pin_num 3
24 8 0
14 3 0
6 20 0
Net_id 74
pin_num 3
50 12 0
46 1 0
46 28 0
Net_id 75
pin_num 3
14 55 0
32 51 0
16 59 0
Net_id 76
pin_num 3
1 40 0
0 45 0
3 59 0
Net_id 77
pin_num 2
18 46 0
26 56 0
Net_id 78
pin_num 2
26 18 0
36 13 0
Net_id 79
pin_num 2
3 4 0
10 30 0
Net_id 80
pin_num 2
36 3 0
26 27 0
Net_id 81
pin_num 2
48 57 0
59 45 0
Net_id 82
pin_num 2
13 12 0
18 3 0
Net_id 83
pin_num 2
28 52 0
38 49 0
Net_id 84
pin_num 2
58 23 0
52 45 0
Net_id 85
pin_num 2
9 40 0
13 40 0
Net_id 86
pin_num 2
35 38 0
21 40 0
Net_id 87
pin_num 2
31 8 0
24 1 0
Net_id 88
pin_num 2
17 54 0
34 42 0
Net_id 89
pin_num 2
33 24 0
22 1 0
Net_id 90
pin_num 2
50 39 0
57 47 0
Net_id 91
pin_num 2
9 5 0
2 17 0
Net_id 92
pin_num 2
7 27 0
18 34 0
Net_id 93
pin_num 2
51 45 0
57 26 0
Net_id 94
pin_num 2
26 4 0
22 4 0
Net_id 95
pin_num 2
22 36 0
15 32 0
Net_id 96
pin_num 2
36 5 0
56 9 0
Net_id 97
pin_num 2
52 43 0
58 51 0
Net_id 98
pin_num 2
18 53 0
3 50 0
Net_id 99
pin_num 2
35 39 0
52 31 0
Net_id 100
pin_num 2
26 8 0
40 2 0
Net_id 101
pin_num 2
30 56 0
41 48 0
Net_id 102
pin_num 2
37 26 0
49 4 0
Net_id 103
pin_num 2
16 6 0
7 25 0
Net_id 104
pin_num 2
43 48 0
52 25 0
Net_id 105
pin_num 2
30 28 0
45 16 0
Net_id 106
pin_num 2
10 54 0
20 56 0
Net_id 107
pin_num 2
47 3 0
50 14 0
Net_id 108
pin_num 2
34 33 0
41 43 0
Net_id 109
pin_num 2
20 4 0
15 16 0
Net_id 110
pin_num 2
30 57 0
18 52 0
Net_id 111
pin_num 2
9 25 0
28 32 0
Net_id 112
pin_num 2
27 4 0
39 9 0
Net_id 113
pin_num 2
14 34 0
19 33 0
Net_id 114
pin_num 2
53 12 0
50 4 0
Net_id 115
pin_num 2
25 36 0
24 44 0
Net_id 116
pin_num 2
31 48 0
34 48 0
Net_id 117
pin_num 2
13 2 0
7 9 0
Net_id 118
pin_num 2
19 19 0
0 9 0
Net_id 119
pin_num 2
56 31 0
55 16 0
Net_id 120
pin_num 2
8 20 0
1 14 0
Net_id 121
pin_num 2
33 31 0
35 42 0
Net_id 122
pin_num 2
7 40 0
20 25 0
Net_id 123
pin_num 2
4 28 0
13 42 0
Net_id 124
pin_num 2
38 30 0
25 28 0
Net_id 125
pin_num 2
58 18 0
45 15 0
Net_id 126
pin_num 2
52 52 0
55 49 0
Net_id 127
pin_num 2
57 24 0
23 36 0
Net_id 128
pin_num 2
20 37 0
31 37 0
Net_id 129
pin_num 2
45 2 0
28 1 0
Net_id 130
pin_num 2
53 29 0
44 42 0
Net_id 131
pin_num 2
20 13 0
15 21 0
Net_id 132
pin_num 2
42 14 0
27 11 0
Net_id 133
pin_num 2
10 24 0
0 46 0
Net_id 134
pin_num 2
12 3 0
1 18 0
Net_id 135
pin_num 2
47 54 0
31 57 0
Net_id 136
pin_num 2
49 3 0
58 9 0
Net_id 137
pin_num 2
5 37 0
5 35 0
Net_id 138
pin_num 2
16 51 0
1 52 0
Net_id 139
pin_num 2
40 20 0
59 13 0
Net_id 140
pin_num 2
16 57 0
18 57 0
Net_id 141
pin_num 2
21 52 0
9 55 0
Net_id 142
pin_num 2
3 20 0
6 17 0
Net_id 143
pin_num 2
38 33 0
45 35 0
Net_id 144
pin_num 2
59 39 0
57 19 0
Net_id 145
pin_num 2
26 42 0
35 25 0
Net_id 146
pin_num 2
25 55 0
26 49 0
Net_id 147
pin_num 2
1 42 0
23 56 0
Net_id 148
pin_num 2
10 36 0
19 20 0
Net_id 149
pin_num 2
33 53 0
10 26 0
Net_id 150
pin_num 2
57 42 0
28 30 0
Net_id 151
pin_num 2
21 8 0
7 10 0
Net_id 152
pin_num 2
10 3 0
4 3 0
Net_id 153
pin_num 2
59 55 0
50 59 0
Net_id 154
pin_num 2
23 53 0
18 49 0
