Width 60
Height 60
Layer 6
Total_WL 7103
Obstacle_num 144
0 22 0 8 23 0
4 41 0 9 42 0
13 28 0 20 29 0
40 34 0 46 35 0
46 56 0 54 57 0
18 8 0 27 9 0
41 19 0 44 20 0
22 3 0 28 4 0
19 34 0 26 35 0
34 18 0 37 19 0
37 2 0 46 3 0
40 12 0 46 13 0
18 2 0 27 3 0
25 32 0 34 33 0
15 19 0 21 20 0
22 13 0 30 14 0
14 33 0 23 34 0
48 18 0 58 19 0
12 27 0 21 28 0
23 42 0 32 43 0
44 46 0 51 47 0
6 6 0 13 7 0
45 5 0 50 6 0
43 22 0 51 23 0
7 51 1 8 57 1
0 26 1 1 32 1
57 29 1 58 32 1
26 23 1 27 33 1
42 5 1 43 8 1
43 13 1 44 18 1
41 14 1 42 22 1
47 34 1 48 42 1
21 1 1 22 5 1
48 40 1 49 45 1
3 32 1 4 39 1
26 3 1 27 10 1
37 2 1 38 8 1
17 43 1 18 53 1
8 25 1 9 31 1
51 18 1 52 22 1
16 30 1 17 39 1
44 23 1 45 31 1
23 49 1 24 52 1
5 16 1 6 24 1
42 35 1 43 42 1
29 30 1 30 36 1
51 11 1 52 16 1
14 31 1 15 38 1
38 17 2 47 18 2
18 49 2 24 50 2
4 57 2 7 58 2
8 40 2 11 41 2
33 6 2 38 7 2
16 10 2 26 11 2
1 28 2 10 29 2
45 58 2 48 59 2
5 42 2 14 43 2
2 29 2 12 30 2
43 20 2 47 21 2
1 46 2 9 47 2
35 34 2 44 35 2
53 24 2 57 25 2
10 22 2 14 23 2
4 36 2 12 37 2
2 50 2 6 51 2
18 38 2 22 39 2
38 53 2 43 54 2
13 40 2 21 41 2
49 11 2 56 12 2
12 23 2 18 24 2
27 2 2 34 3 2
52 31 2 55 32 2
42 3 3 43 13 3
54 26 3 55 32 3
30 10 3 31 19 3
3 37 3 4 41 3
22 32 3 23 42 3
34 2 3 35 7 3
28 2 3 29 8 3
2 11 3 3 21 3
58 31 3 59 39 3
38 34 3 39 42 3
12 42 3 13 50 3
53 47 3 54 57 3
15 40 3 16 45 3
53 36 3 54 46 3
33 24 3 34 29 3
36 28 3 37 31 3
18 43 3 19 46 3
7 49 3 8 58 3
5 44 3 6 48 3
26 25 3 27 32 3
19 25 3 20 28 3
10 50 3 11 59 3
55 4 3 56 11 3
24 20 3 25 24 3
5 38 4 10 39 4
5 25 4 10 26 4
10 1 4 19 2 4
21 31 4 28 32 4
11 14 4 17 15 4
15 47 4 20 48 4
42 32 4 47 33 4
10 12 4 19 13 4
32 42 4 37 43 4
0 17 4 7 18 4
22 16 4 26 17 4
26 16 4 30 17 4
25 33 4 35 34 4
2 19 4 11 20 4
32 35 4 35 36 4
2 35 4 5 36 4
3 24 4 10 25 4
39 55 4 49 56 4
25 29 4 31 30 4
22 18 4 31 19 4
47 24 4 54 25 4
46 4 4 51 5 4
51 49 4 57 50 4
20 8 4 27 9 4
5 44 5 6 51 5
50 9 5 51 18 5
47 27 5 48 36 5
13 28 5 14 31 5
23 5 5 24 8 5
21 43 5 22 52 5
45 45 5 46 50 5
25 10 5 26 17 5
33 53 5 34 58 5
58 24 5 59 28 5
31 46 5 32 53 5
3 0 5 4 5 5
6 16 5 7 22 5
2 16 5 3 22 5
33 27 5 34 34 5
40 19 5 41 27 5
48 35 5 49 42 5
44 50 5 45 55 5
27 43 5 28 47 5
40 11 5 41 14 5
29 15 5 30 23 5
15 54 5 16 57 5
17 15 5 18 24 5
40 40 5 41 48 5
Net_num 162
Net_id 0
pin_num 5
3 53 0
13 44 0
3 59 0
6 47 0
0 44 0
Net_id 1
pin_num 5
41 4 0
38 1 0
32 4 0
8 4 0
13 11 0
Net_id 2
pin_num 5
10 14 0
14 18 0
29 18 0
12 28 0
30 15 0
Net_id 3
pin_num 5
40 27 0
46 16 0
35 22 0
59 17 0
45 28 0
Net_id 4
pin_num 5
13 25 0
23 21 0
20 39 0
17 5 0
10 17 0
Net_id 5
pin_num 5
48 40 0
57 41 0
52 20 0
56 29 0
51 35 0
Net_id 6
pin_num 5
35 43 0
49 43 0
43 21 0
21 31 0
31 40 0
Net_id 7
pin_num 5
46 59 0
48 55 0
35 59 0
59 59 0
50 47 0
Net_id 8
pin_num 5
58 54 0
52 51 0
41 51 0
34 59 0
15 59 0
Net_id 9
pin_num 5
18 54 0
3 54 0
11 58 0
12 37 0
13 53 0
Net_id 10
pin_num 5
41 47 0
49 49 0
2 59 0
23 37 0
56 58 0
Net_id 11
pin_num 5
0 32 0
11 30 0
14 24 0
2 53 0
0 36 0
Net_id 12
pin_num 5
24 47 0
20 24 0
44 39 0
53 31 0
49 8 0
Net_id 13
pin_num 5
5 34 0
4 44 0
0 35 0
13 35 0
5 37 0
Net_id 14
pin_num 5
27 11 0
40 15 0
29 0 0
40 6 0
7 4 0
Net_id 15
pin_num 5
55 15 0
58 16 0
56 31 0
59 26 0
44 16 0
Net_id 16
pin_num 5
19 13 0
18 10 0
23 23 0
19 30 0
22 1 0
Net_id 17
pin_num 5
57 48 0
57 40 0
51 50 0
58 41 0
53 42 0
Net_id 18
pin_num 5
11 55 0
4 52 0
3 48 0
1 46 0
9 39 0
Net_id 19
pin_num 5
47 34 0
52 34 0
43 46 0
44 42 0
50 11 0
Net_id 20
pin_num 5
27 36 0
45 36 0
37 20 0
43 45 0
32 57 0
Net_id 21
pin_num 4
7 47 0
13 47 0
10 26 0
1 27 0
Net_id 22
pin_num 4
54 53 0
40 58 0
46 41 0
51 45 0
Net_id 23
pin_num 4
5 27 0
1 33 0
10 28 0
2 27 0
Net_id 24
pin_num 4
5 15 0
2 0 0
0 15 0
17 7 0
Net_id 25
pin_num 4
54 27 0
33 27 0
22 27 0
45 35 0
Net_id 26
pin_num 4
32 16 0
38 24 0
13 20 0
38 12 0
Net_id 27
pin_num 4
20 29 0
11 28 0
7 21 0
30 25 0
Net_id 28
pin_num 4
42 35 0
40 31 0
36 15 0
30 9 0
Net_id 29
pin_num 4
36 8 0
32 5 0
37 0 0
38 21 0
Net_id 30
pin_num 4
59 31 0
55 33 0
55 55 0
39 33 0
Net_id 31
pin_num 4
25 36 0
24 29 0
36 29 0
50 29 0
Net_id 32
pin_num 4
54 51 0
53 44 0
48 50 0
41 52 0
Net_id 33
pin_num 4
56 55 0
57 43 0
52 52 0
44 56 0
Net_id 34
pin_num 4
48 58 0
52 55 0
58 50 0
51 57 0
Net_id 35
pin_num 4
0 6 0
15 0 0
19 3 0
9 20 0
Net_id 36
pin_num 4
33 19 0
18 24 0
27 21 0
22 25 0
Net_id 37
pin_num 4
0 16 0
23 22 0
19 16 0
51 22 0
Net_id 38
pin_num 4
25 54 0
11 56 0
22 32 0
41 55 0
Net_id 39
pin_num 4
3 18 0
14 11 0
18 0 0
7 5 0
Net_id 40
pin_num 4
27 8 0
31 5 0
37 8 0
27 0 0
Net_id 41
pin_num 3
25 41 0
46 28 0
41 50 0
Net_id 42
pin_num 3
36 6 0
50 2 0
59 2 0
Net_id 43
pin_num 3
21 10 0
26 16 0
54 10 0
Net_id 44
pin_num 3
15 45 0
7 45 0
1 42 0
Net_id 45
pin_num 3
18 44 0
28 28 0
30 59 0
Net_id 46
pin_num 3
48 19 0
59 36 0
46 39 0
Net_id 47
pin_num 3
10 40 0
4 26 0
21 27 0
Net_id 48
pin_num 3
49 6 0
51 3 0
45 1 0
Net_id 49
pin_num 3
30 1 0
8 1 0
25 26 0
Net_id 50
pin_num 3
43 11 0
51 1 0
56 26 0
Net_id 51
pin_num 3
48 2 0
48 25 0
53 34 0
Net_id 52
pin_num 3
5 42 0
27 37 0
52 37 0
Net_id 53
pin_num 3
6 9 0
0 18 0
12 36 0
Net_id 54
pin_num 3
38 46 0
39 42 0
21 42 0
Net_id 55
pin_num 3
32 22 0
35 25 0
34 58 0
Net_id 56
pin_num 3
15 30 0
21 46 0
45 39 0
Net_id 57
pin_num 3
3 1 0
3 10 0
2 7 0
Net_id 58
pin_num 3
31 20 0
44 8 0
24 12 0
Net_id 59
pin_num 3
28 57 0
19 46 0
22 55 0
Net_id 60
pin_num 3
1 8 0
6 7 0
11 13 0
Net_id 61
pin_num 3
56 56 0
45 41 0
57 39 0
Net_id 62
pin_num 3
32 15 0
42 26 0
26 36 0
Net_id 63
pin_num 3
31 54 0
19 45 0
2 52 0
Net_id 64
pin_num 3
59 13 0
43 1 0
59 15 0
Net_id 65
pin_num 3
39 23 0
29 24 0
36 45 0
Net_id 66
pin_num 3
50 16 0
59 18 0
47 28 0
Net_id 67
pin_num 3
12 32 0
2 41 0
3 57 0
Net_id 68
pin_num 3
17 9 0
0 17 0
10 7 0
Net_id 69
pin_num 3
9 25 0
2 34 0
7 9 0
Net_id 70
pin_num 3
33 7 0
12 29 0
48 14 0
Net_id 71
pin_num 3
40 3 0
50 5 0
59 1 0
Net_id 72
pin_num 3
35 52 0
29 55 0
33 49 0
Net_id 73
pin_num 3
51 39 0
56 50 0
44 58 0
Net_id 74
pin_num 3
11 23 0
6 24 0
8 5 0
Net_id 75
pin_num 3
49 9 0
57 3 0
40 0 0
Net_id 76
pin_num 3
3 26 0
1 7 0
7 13 0
Net_id 77
pin_num 3
1 15 0
16 9 0
7 33 0
Net_id 78
pin_num 3
39 13 0
46 9 0
34 9 0
Net_id 79
pin_num 3
49 16 0
36 46 0
28 35 0
Net_id 80
pin_num 3
23 19 0
28 14 0
7 14 0
Net_id 81
pin_num 2
18 35 0
2 48 0
Net_id 82
pin_num 2
13 0 0
7 20 0
Net_id 83
pin_num 2
13 43 0
15 51 0
Net_id 84
pin_num 2
43 39 0
34 39 0
Net_id 85
pin_num 2
40 19 0
32 7 0
Net_id 86
pin_num 2
44 24 0
57 7 0
Net_id 87
pin_num 2
50 44 0
30 56 0
Net_id 88
pin_num 2
20 14 0
12 23 0
Net_id 89
pin_num 2
34 24 0
31 22 0
Net_id 90
pin_num 2
16 53 0
36 53 0
Net_id 91
pin_num 2
8 27 0
1 5 0
Net_id 92
pin_num 2
17 31 0
25 43 0
Net_id 93
pin_num 2
23 46 0
28 56 0
Net_id 94
pin_num 2
29 22 0
27 9 0
Net_id 95
pin_num 2
54 20 0
52 12 0
Net_id 96
pin_num 2
57 38 0
57 45 0
Net_id 97
pin_num 2
28 21 0
38 5 0
Net_id 98
pin_num 2
54 22 0
57 6 0
Net_id 99
pin_num 2
45 20 0
28 9 0
Net_id 100
pin_num 2
39 8 0
17 2 0
Net_id 101
pin_num 2
28 27 0
17 32 0
Net_id 102
pin_num 2
37 3 0
32 3 0
Net_id 103
pin_num 2
24 45 0
13 34 0
Net_id 104
pin_num 2
31 17 0
28 22 0
Net_id 105
pin_num 2
33 42 0
35 51 0
Net_id 106
pin_num 2
42 9 0
49 3 0
Net_id 107
pin_num 2
55 48 0
48 45 0
Net_id 108
pin_num 2
29 58 0
18 52 0
Net_id 109
pin_num 2
46 23 0
57 42 0
Net_id 110
pin_num 2
52 57 0
47 32 0
Net_id 111
pin_num 2
46 32 0
40 33 0
Net_id 112
pin_num 2
48 1 0
39 21 0
Net_id 113
pin_num 2
26 47 0
32 58 0
Net_id 114
pin_num 2
57 11 0
54 25 0
Net_id 115
pin_num 2
30 39 0
54 16 0
Net_id 116
pin_num 2
22 12 0
31 25 0
Net_id 117
pin_num 2
45 3 0
35 24 0
Net_id 118
pin_num 2
56 4 0
31 13 0
Net_id 119
pin_num 2
27 38 0
29 48 0
Net_id 120
pin_num 2
5 14 0
6 31 0
Net_id 121
pin_num 2
34 1 0
31 0 0
Net_id 122
pin_num 2
7 49 0
13 30 0
Net_id 123
pin_num 2
17 47 0
33 44 0
Net_id 124
pin_num 2
44 45 0
52 50 0
Net_id 125
pin_num 2
37 10 0
34 11 0
Net_id 126
pin_num 2
1 3 0
6 11 0
Net_id 127
pin_num 2
29 7 0
25 0 0
Net_id 128
pin_num 2
38 28 0
47 42 0
Net_id 129
pin_num 2
14 9 0
1 38 0
Net_id 130
pin_num 2
23 43 0
33 34 0
Net_id 131
pin_num 2
3 58 0
13 31 0
Net_id 132
pin_num 2
14 52 0
7 52 0
Net_id 133
pin_num 2
46 30 0
51 29 0
Net_id 134
pin_num 2
21 12 0
0 0 0
Net_id 135
pin_num 2
19 22 0
9 41 0
Net_id 136
pin_num 2
47 9 0
45 6 0
Net_id 137
pin_num 2
12 41 0
0 57 0
Net_id 138
pin_num 2
36 49 0
40 47 0
Net_id 139
pin_num 2
58 35 0
40 30 0
Net_id 140
pin_num 2
27 5 0
23 9 0
Net_id 141
pin_num 2
9 37 0
11 39 0
Net_id 142
pin_num 2
28 24 0
15 13 0
Net_id 143
pin_num 2
40 24 0
58 7 0
Net_id 144
pin_num 2
18 49 0
16 56 0
Net_id 145
pin_num 2
22 48 0
19 50 0
Net_id 146
pin_num 2
21 40 0
24 36 0
Net_id 147
pin_num 2
53 45 0
54 55 0
Net_id 148
pin_num 2
31 9 0
11 20 0
Net_id 149
pin_num 2
34 38 0
42 49 0
Net_id 150
pin_num 2
34 0 0
40 5 0
Net_id 151
pin_num 2
54 34 0
58 32 0
Net_id 152
pin_num 2
35 28 0
24 24 0
Net_id 153
pin_num 2
10 33 0
22 26 0
Net_id 154
pin_num 2
53 1 0
51 5 0
Net_id 155
pin_num 2
41 18 0
57 4 0
Net_id 156
pin_num 2
46 14 0
28 34 0
Net_id 157
pin_num 2
6 44 0
24 52 0
Net_id 158
pin_num 2
33 12 0
40 35 0
Net_id 159
pin_num 2
49 39 0
42 25 0
Net_id 160
pin_num 2
37 35 0
28 39 0
Net_id 161
pin_num 2
18 39 0
13 39 0
