Width 60
Height 60
Layer 6
Total_WL 6944
Obstacle_num 144
19 38 0 29 39 0
20 10 0 26 11 0
29 36 0 38 37 0
7 27 0 15 28 0
40 43 0 43 44 0
36 50 0 40 51 0
2 9 0 10 10 0
27 30 0 33 31 0
24 41 0 27 42 0
50 2 0 59 3 0
29 29 0 37 30 0
18 18 0 21 19 0
21 22 0 27 23 0
24 50 0 34 51 0
43 52 0 52 53 0
21 24 0 31 25 0
38 45 0 45 46 0
49 26 0 57 27 0
5 40 0 13 41 0
40 51 0 47 52 0
47 50 0 54 51 0
50 17 0 57 18 0
42 9 0 45 10 0
25 0 0 29 1 0
29 51 1 30 56 1
32 34 1 33 40 1
52 20 1 53 24 1
4 20 1 5 26 1
40 31 1 41 41 1
23 28 1 24 32 1
47 35 1 48 43 1
30 33 1 31 39 1
41 18 1 42 28 1
43 40 1 44 48 1
23 45 1 24 51 1
12 6 1 13 15 1
20 2 1 21 7 1
18 19 1 19 23 1
14 10 1 15 20 1
49 35 1 50 39 1
12 35 1 13 45 1
47 47 1 48 53 1
21 25 1 22 28 1
54 17 1 55 25 1
57 44 1 58 50 1
9 13 1 10 19 1
18 34 1 19 39 1
54 1 1 55 10 1
15 58 2 19 59 2
43 17 2 51 18 2
20 36 2 29 37 2
2 52 2 11 53 2
37 37 2 40 38 2
39 43 2 44 44 2
31 11 2 39 12 2
42 0 2 47 1 2
41 20 2 45 21 2
35 15 2 45 16 2
4 34 2 10 35 2
14 46 2 17 47 2
1 14 2 11 15 2
42 27 2 46 28 2
10 32 2 19 33 2
25 8 2 34 9 2
4 9 2 11 10 2
44 25 2 50 26 2
19 46 2 27 47 2
13 36 2 17 37 2
46 43 2 55 44 2
1 56 2 11 57 2
20 9 2 30 10 2
17 40 2 20 41 2
39 30 3 40 37 3
3 52 3 4 57 3
30 46 3 31 51 3
29 11 3 30 21 3
47 25 3 48 34 3
16 10 3 17 15 3
8 11 3 9 21 3
51 48 3 52 55 3
24 28 3 25 36 3
40 18 3 41 24 3
21 27 3 22 32 3
58 38 3 59 41 3
18 4 3 19 9 3
53 40 3 54 50 3
36 4 3 37 11 3
39 20 3 40 24 3
36 35 3 37 43 3
14 39 3 15 42 3
38 39 3 39 45 3
55 23 3 56 30 3
1 22 3 2 25 3
22 44 3 23 50 3
43 33 3 44 38 3
28 22 3 29 32 3
34 58 4 41 59 4
25 55 4 29 56 4
38 53 4 41 54 4
36 6 4 44 7 4
38 49 4 48 50 4
15 47 4 20 48 4
30 44 4 40 45 4
38 13 4 42 14 4
17 14 4 22 15 4
31 52 4 38 53 4
49 32 4 59 33 4
14 53 4 19 54 4
5 19 4 14 20 4
47 56 4 53 57 4
17 20 4 25 21 4
17 37 4 23 38 4
25 34 4 31 35 4
25 54 4 33 55 4
38 38 4 41 39 4
3 2 4 6 3 4
51 13 4 56 14 4
28 45 4 32 46 4
4 45 4 14 46 4
6 5 4 15 6 4
20 42 5 21 48 5
18 11 5 19 21 5
33 12 5 34 18 5
1 44 5 2 49 5
26 24 5 27 28 5
50 29 5 51 38 5
53 14 5 54 18 5
42 12 5 43 20 5
44 14 5 45 20 5
19 1 5 20 8 5
32 5 5 33 13 5
49 45 5 50 48 5
42 43 5 43 50 5
44 49 5 45 55 5
37 48 5 38 54 5
43 19 5 44 26 5
20 23 5 21 28 5
48 36 5 49 45 5
39 12 5 40 15 5
52 22 5 53 26 5
31 24 5 32 30 5
52 45 5 53 53 5
6 11 5 7 21 5
0 42 5 1 52 5
Net_num 161
Net_id 0
pin_num 5
6 0 0
16 3 0
8 23 0
0 3 0
15 17 0
Net_id 1
pin_num 5
13 44 0
29 48 0
50 48 0
37 32 0
40 41 0
Net_id 2
pin_num 5
24 37 0
12 30 0
0 38 0
5 41 0
12 5 0
Net_id 3
pin_num 5
15 35 0
20 42 0
8 35 0
11 13 0
13 49 0
Net_id 4
pin_num 5
38 17 0
37 24 0
31 31 0
32 22 0
18 24 0
Net_id 5
pin_num 5
38 29 0
41 30 0
40 6 0
59 24 0
59 26 0
Net_id 6
pin_num 5
6 55 0
13 58 0
20 59 0
0 57 0
5 59 0
Net_id 7
pin_num 5
16 22 0
27 31 0
31 45 0
31 54 0
31 34 0
Net_id 8
pin_num 5
4 35 0
12 26 0
6 16 0
0 28 0
13 33 0
Net_id 9
pin_num 5
42 14 0
46 14 0
47 0 0
58 11 0
42 1 0
Net_id 10
pin_num 5
4 43 0
3 44 0
10 39 0
7 26 0
4 47 0
Net_id 11
pin_num 5
5 23 0
1 23 0
0 21 0
15 22 0
0 10 0
Net_id 12
pin_num 5
19 40 0
13 34 0
19 49 0
15 28 0
9 29 0
Net_id 13
pin_num 5
19 56 0
28 57 0
22 59 0
39 59 0
39 56 0
Net_id 14
pin_num 5
1 48 0
1 49 0
18 50 0
1 52 0
5 43 0
Net_id 15
pin_num 5
16 25 0
24 31 0
37 25 0
33 34 0
24 30 0
Net_id 16
pin_num 5
54 31 0
51 39 0
51 20 0
40 30 0
38 30 0
Net_id 17
pin_num 5
47 8 0
37 3 0
45 18 0
41 8 0
26 10 0
Net_id 18
pin_num 5
59 44 0
58 32 0
59 34 0
44 38 0
58 59 0
Net_id 19
pin_num 5
59 22 0
56 18 0
59 10 0
57 13 0
58 27 0
Net_id 20
pin_num 4
1 9 0
10 13 0
0 0 0
3 1 0
Net_id 21
pin_num 4
31 10 0
37 11 0
34 22 0
52 16 0
Net_id 22
pin_num 4
39 53 0
22 50 0
18 51 0
27 37 0
Net_id 23
pin_num 4
16 52 0
0 36 0
1 31 0
8 38 0
Net_id 24
pin_num 4
55 59 0
46 58 0
55 53 0
54 45 0
Net_id 25
pin_num 4
41 13 0
18 13 0
56 6 0
42 8 0
Net_id 26
pin_num 4
40 10 0
32 16 0
47 14 0
47 25 0
Net_id 27
pin_num 4
52 58 0
56 52 0
58 49 0
56 45 0
Net_id 28
pin_num 4
55 5 0
50 8 0
26 7 0
50 32 0
Net_id 29
pin_num 4
20 2 0
11 10 0
5 0 0
1 16 0
Net_id 30
pin_num 4
5 46 0
22 43 0
6 41 0
4 48 0
Net_id 31
pin_num 4
7 57 0
3 58 0
5 51 0
11 51 0
Net_id 32
pin_num 4
59 27 0
50 33 0
51 29 0
52 40 0
Net_id 33
pin_num 4
3 41 0
1 40 0
6 47 0
20 45 0
Net_id 34
pin_num 4
44 42 0
39 40 0
57 33 0
43 38 0
Net_id 35
pin_num 4
3 46 0
3 45 0
3 54 0
2 55 0
Net_id 36
pin_num 4
35 31 0
54 39 0
59 37 0
53 25 0
Net_id 37
pin_num 4
44 19 0
52 18 0
54 32 0
54 25 0
Net_id 38
pin_num 4
1 17 0
19 14 0
19 50 0
1 20 0
Net_id 39
pin_num 4
4 22 0
0 33 0
16 29 0
2 12 0
Net_id 40
pin_num 3
24 17 0
23 20 0
24 2 0
Net_id 41
pin_num 3
53 41 0
46 50 0
29 47 0
Net_id 42
pin_num 3
25 45 0
31 32 0
28 26 0
Net_id 43
pin_num 3
16 49 0
32 40 0
8 54 0
Net_id 44
pin_num 3
41 38 0
48 41 0
30 38 0
Net_id 45
pin_num 3
57 45 0
58 54 0
54 16 0
Net_id 46
pin_num 3
45 54 0
30 45 0
22 41 0
Net_id 47
pin_num 3
53 12 0
59 19 0
57 21 0
Net_id 48
pin_num 3
20 3 0
10 1 0
17 14 0
Net_id 49
pin_num 3
15 39 0
1 51 0
23 39 0
Net_id 50
pin_num 3
35 1 0
56 14 0
49 27 0
Net_id 51
pin_num 3
36 49 0
3 57 0
23 43 0
Net_id 52
pin_num 3
24 36 0
15 18 0
4 1 0
Net_id 53
pin_num 3
11 48 0
1 59 0
15 45 0
Net_id 54
pin_num 3
14 7 0
2 6 0
18 12 0
Net_id 55
pin_num 3
7 15 0
0 14 0
0 34 0
Net_id 56
pin_num 3
25 58 0
22 47 0
26 58 0
Net_id 57
pin_num 3
1 8 0
15 5 0
40 42 0
Net_id 58
pin_num 3
34 58 0
58 56 0
37 57 0
Net_id 59
pin_num 3
55 11 0
56 22 0
46 20 0
Net_id 60
pin_num 3
53 47 0
41 34 0
50 34 0
Net_id 61
pin_num 3
59 51 0
43 55 0
17 55 0
Net_id 62
pin_num 3
53 19 0
58 30 0
38 23 0
Net_id 63
pin_num 3
36 12 0
32 17 0
36 43 0
Net_id 64
pin_num 3
10 19 0
31 15 0
24 0 0
Net_id 65
pin_num 3
15 30 0
32 21 0
0 29 0
Net_id 66
pin_num 3
11 11 0
6 13 0
5 19 0
Net_id 67
pin_num 3
41 40 0
51 25 0
48 14 0
Net_id 68
pin_num 3
25 23 0
16 26 0
2 10 0
Net_id 69
pin_num 3
49 30 0
41 32 0
17 24 0
Net_id 70
pin_num 3
7 25 0
16 17 0
17 18 0
Net_id 71
pin_num 3
44 28 0
57 22 0
25 29 0
Net_id 72
pin_num 3
13 28 0
2 27 0
2 40 0
Net_id 73
pin_num 3
42 56 0
48 55 0
41 59 0
Net_id 74
pin_num 3
26 30 0
16 33 0
22 21 0
Net_id 75
pin_num 3
44 29 0
41 35 0
39 14 0
Net_id 76
pin_num 3
10 2 0
0 4 0
7 1 0
Net_id 77
pin_num 3
36 0 0
43 21 0
13 1 0
Net_id 78
pin_num 3
19 54 0
33 49 0
11 47 0
Net_id 79
pin_num 3
22 1 0
32 14 0
6 6 0
Net_id 80
pin_num 2
45 35 0
27 52 0
Net_id 81
pin_num 2
55 8 0
47 5 0
Net_id 82
pin_num 2
58 24 0
39 27 0
Net_id 83
pin_num 2
43 26 0
56 5 0
Net_id 84
pin_num 2
17 45 0
8 30 0
Net_id 85
pin_num 2
16 14 0
13 17 0
Net_id 86
pin_num 2
34 32 0
40 56 0
Net_id 87
pin_num 2
43 43 0
50 58 0
Net_id 88
pin_num 2
19 58 0
4 51 0
Net_id 89
pin_num 2
50 14 0
54 14 0
Net_id 90
pin_num 2
12 25 0
18 27 0
Net_id 91
pin_num 2
41 44 0
26 59 0
Net_id 92
pin_num 2
22 29 0
24 47 0
Net_id 93
pin_num 2
29 18 0
43 39 0
Net_id 94
pin_num 2
21 18 0
25 17 0
Net_id 95
pin_num 2
28 28 0
32 28 0
Net_id 96
pin_num 2
50 54 0
59 36 0
Net_id 97
pin_num 2
33 0 0
20 15 0
Net_id 98
pin_num 2
52 7 0
45 7 0
Net_id 99
pin_num 2
41 27 0
44 32 0
Net_id 100
pin_num 2
11 43 0
16 53 0
Net_id 101
pin_num 2
54 46 0
58 55 0
Net_id 102
pin_num 2
0 59 0
14 38 0
Net_id 103
pin_num 2
14 34 0
39 26 0
Net_id 104
pin_num 2
39 35 0
21 41 0
Net_id 105
pin_num 2
21 43 0
7 20 0
Net_id 106
pin_num 2
37 40 0
34 33 0
Net_id 107
pin_num 2
25 48 0
20 49 0
Net_id 108
pin_num 2
13 26 0
18 0 0
Net_id 109
pin_num 2
17 40 0
22 40 0
Net_id 110
pin_num 2
45 33 0
48 35 0
Net_id 111
pin_num 2
17 11 0
25 6 0
Net_id 112
pin_num 2
49 1 0
33 9 0
Net_id 113
pin_num 2
44 15 0
59 8 0
Net_id 114
pin_num 2
6 44 0
15 48 0
Net_id 115
pin_num 2
55 49 0
49 49 0
Net_id 116
pin_num 2
15 11 0
30 21 0
Net_id 117
pin_num 2
42 53 0
40 46 0
Net_id 118
pin_num 2
48 43 0
55 36 0
Net_id 119
pin_num 2
20 33 0
25 33 0
Net_id 120
pin_num 2
26 34 0
48 44 0
Net_id 121
pin_num 2
12 3 0
26 2 0
Net_id 122
pin_num 2
20 8 0
28 8 0
Net_id 123
pin_num 2
19 42 0
2 25 0
Net_id 124
pin_num 2
44 5 0
19 5 0
Net_id 125
pin_num 2
29 8 0
34 2 0
Net_id 126
pin_num 2
21 19 0
31 9 0
Net_id 127
pin_num 2
19 4 0
42 2 0
Net_id 128
pin_num 2
9 23 0
39 25 0
Net_id 129
pin_num 2
45 20 0
42 3 0
Net_id 130
pin_num 2
28 14 0
22 16 0
Net_id 131
pin_num 2
24 49 0
17 41 0
Net_id 132
pin_num 2
11 25 0
2 19 0
Net_id 133
pin_num 2
37 28 0
29 39 0
Net_id 134
pin_num 2
17 6 0
18 1 0
Net_id 135
pin_num 2
20 50 0
16 55 0
Net_id 136
pin_num 2
19 57 0
26 53 0
Net_id 137
pin_num 2
53 7 0
56 33 0
Net_id 138
pin_num 2
48 11 0
47 9 0
Net_id 139
pin_num 2
10 55 0
26 52 0
Net_id 140
pin_num 2
34 44 0
51 55 0
Net_id 141
pin_num 2
39 23 0
33 20 0
Net_id 142
pin_num 2
26 12 0
40 0 0
Net_id 143
pin_num 2
25 15 0
32 2 0
Net_id 144
pin_num 2
7 32 0
9 33 0
Net_id 145
pin_num 2
49 55 0
48 51 0
Net_id 146
pin_num 2
8 56 0
10 51 0
Net_id 147
pin_num 2
47 27 0
41 11 0
Net_id 148
pin_num 2
45 59 0
57 27 0
Net_id 149
pin_num 2
27 19 0
41 15 0
Net_id 150
pin_num 2
8 3 0
3 3 0
Net_id 151
pin_num 2
56 21 0
41 1 0
Net_id 152
pin_num 2
26 44 0
41 33 0
Net_id 153
pin_num 2
31 11 0
22 15 0
Net_id 154
pin_num 2
48 9 0
56 25 0
Net_id 155
pin_num 2
31 21 0
52 44 0
Net_id 156
pin_num 2
0 13 0
34 30 0
Net_id 157
pin_num 2
54 34 0
43 22 0
Net_id 158
pin_num 2
59 16 0
48 4 0
Net_id 159
pin_num 2
1 38 0
9 24 0
Net_id 160
pin_num 2
22 32 0
10 30 0
