Width 60
Height 60
Layer 6
Total_WL 7002
Obstacle_num 144
0 25 0 6 26 0
30 45 0 40 46 0
18 4 0 28 5 0
48 22 0 53 23 0
23 3 0 32 4 0
35 57 0 45 58 0
9 56 0 18 57 0
4 24 0 13 25 0
31 4 0 36 5 0
22 13 0 29 14 0
27 2 0 37 3 0
32 39 0 38 40 0
16 51 0 22 52 0
37 25 0 45 26 0
19 47 0 28 48 0
2 32 0 6 33 0
32 46 0 42 47 0
37 23 0 44 24 0
11 2 0 14 3 0
41 8 0 47 9 0
44 31 0 53 32 0
38 5 0 47 6 0
8 34 0 14 35 0
39 7 0 43 8 0
12 7 1 13 16 1
56 6 1 57 14 1
14 0 1 15 4 1
39 26 1 40 29 1
14 17 1 15 23 1
16 10 1 17 18 1
1 21 1 2 26 1
50 6 1 51 16 1
20 15 1 21 18 1
22 6 1 23 13 1
15 29 1 16 32 1
43 37 1 44 46 1
46 16 1 47 20 1
23 3 1 24 11 1
27 23 1 28 28 1
49 8 1 50 13 1
31 33 1 32 42 1
30 46 1 31 50 1
57 43 1 58 50 1
11 38 1 12 43 1
50 35 1 51 44 1
49 36 1 50 40 1
31 12 1 32 18 1
0 9 1 1 16 1
9 36 2 18 37 2
39 44 2 44 45 2
10 22 2 20 23 2
22 39 2 26 40 2
28 32 2 37 33 2
10 43 2 13 44 2
34 29 2 41 30 2
22 34 2 31 35 2
31 44 2 39 45 2
40 34 2 44 35 2
30 16 2 38 17 2
46 54 2 49 55 2
51 43 2 57 44 2
12 25 2 16 26 2
47 11 2 57 12 2
0 45 2 7 46 2
2 41 2 10 42 2
24 36 2 34 37 2
11 4 2 16 5 2
37 50 2 41 51 2
30 41 2 38 42 2
11 39 2 21 40 2
52 27 2 59 28 2
18 33 2 28 34 2
6 9 3 7 14 3
5 11 3 6 14 3
58 55 3 59 59 3
37 25 3 38 28 3
39 46 3 40 56 3
5 40 3 6 46 3
41 39 3 42 43 3
12 32 3 13 37 3
16 6 3 17 14 3
34 12 3 35 21 3
47 23 3 48 30 3
5 48 3 6 54 3
38 20 3 39 30 3
44 9 3 45 12 3
55 42 3 56 46 3
43 18 3 44 22 3
17 31 3 18 34 3
13 11 3 14 16 3
39 4 3 40 13 3
8 43 3 9 52 3
49 37 3 50 46 3
56 22 3 57 30 3
43 4 3 44 11 3
16 51 3 17 59 3
30 36 4 40 37 4
1 49 4 5 50 4
3 15 4 13 16 4
10 0 4 16 1 4
13 7 4 16 8 4
45 19 4 55 20 4
2 54 4 11 55 4
9 22 4 18 23 4
14 40 4 21 41 4
41 51 4 49 52 4
9 1 4 19 2 4
37 25 4 45 26 4
14 30 4 17 31 4
21 53 4 31 54 4
37 47 4 47 48 4
42 20 4 52 21 4
37 28 4 43 29 4
4 1 4 9 2 4
5 18 4 9 19 4
24 18 4 34 19 4
42 23 4 49 24 4
3 19 4 11 20 4
19 9 4 26 10 4
14 45 4 22 46 4
6 41 5 7 49 5
51 27 5 52 37 5
46 16 5 47 22 5
38 8 5 39 15 5
25 21 5 26 30 5
16 1 5 17 8 5
45 19 5 46 24 5
30 27 5 31 31 5
15 1 5 16 11 5
10 41 5 11 48 5
7 4 5 8 14 5
55 35 5 56 39 5
54 21 5 55 26 5
3 10 5 4 20 5
51 52 5 52 58 5
44 12 5 45 22 5
40 0 5 41 7 5
41 32 5 42 37 5
46 35 5 47 42 5
47 39 5 48 47 5
36 51 5 37 55 5
33 32 5 34 41 5
26 38 5 27 47 5
16 36 5 17 46 5
Net_num 163
Net_id 0
pin_num 5
40 9 0
32 17 0
59 14 0
18 15 0
42 14 0
Net_id 1
pin_num 5
13 7 0
28 7 0
34 22 0
42 0 0
41 22 0
Net_id 2
pin_num 5
39 14 0
29 6 0
26 12 0
9 11 0
34 6 0
Net_id 3
pin_num 5
20 26 0
25 23 0
0 27 0
8 45 0
2 13 0
Net_id 4
pin_num 5
43 27 0
39 27 0
36 15 0
20 20 0
56 20 0
Net_id 5
pin_num 5
27 12 0
32 9 0
9 9 0
11 1 0
37 0 0
Net_id 6
pin_num 5
0 43 0
12 43 0
4 34 0
4 18 0
5 30 0
Net_id 7
pin_num 5
37 5 0
19 5 0
47 8 0
34 1 0
45 4 0
Net_id 8
pin_num 5
19 18 0
10 18 0
37 18 0
34 11 0
26 16 0
Net_id 9
pin_num 5
5 21 0
0 8 0
5 10 0
21 12 0
23 12 0
Net_id 10
pin_num 5
17 45 0
22 55 0
22 59 0
40 55 0
49 59 0
Net_id 11
pin_num 5
34 32 0
30 28 0
30 35 0
16 30 0
55 32 0
Net_id 12
pin_num 5
59 6 0
53 6 0
58 1 0
59 9 0
48 10 0
Net_id 13
pin_num 5
30 19 0
25 19 0
47 19 0
18 5 0
0 6 0
Net_id 14
pin_num 5
31 28 0
47 26 0
32 43 0
21 43 0
18 33 0
Net_id 15
pin_num 5
52 3 0
49 6 0
46 11 0
26 10 0
45 15 0
Net_id 16
pin_num 5
58 20 0
52 13 0
57 3 0
55 5 0
59 12 0
Net_id 17
pin_num 5
0 45 0
8 55 0
18 49 0
8 25 0
7 40 0
Net_id 18
pin_num 5
56 27 0
59 30 0
57 41 0
59 50 0
48 38 0
Net_id 19
pin_num 5
40 14 0
33 3 0
59 10 0
31 8 0
58 9 0
Net_id 20
pin_num 4
22 24 0
13 15 0
13 1 0
13 48 0
Net_id 21
pin_num 4
36 43 0
39 37 0
39 13 0
31 11 0
Net_id 22
pin_num 4
33 10 0
33 13 0
43 0 0
28 24 0
Net_id 23
pin_num 4
30 29 0
38 30 0
55 30 0
59 36 0
Net_id 24
pin_num 4
39 48 0
50 46 0
46 42 0
48 36 0
Net_id 25
pin_num 4
43 11 0
50 0 0
48 5 0
30 1 0
Net_id 26
pin_num 4
38 11 0
35 0 0
39 2 0
37 22 0
Net_id 27
pin_num 4
43 47 0
46 45 0
46 54 0
44 39 0
Net_id 28
pin_num 4
15 43 0
14 38 0
10 48 0
1 46 0
Net_id 29
pin_num 4
36 12 0
26 6 0
27 6 0
13 0 0
Net_id 30
pin_num 4
14 58 0
22 58 0
22 44 0
3 59 0
Net_id 31
pin_num 4
10 38 0
26 35 0
33 37 0
28 53 0
Net_id 32
pin_num 4
16 14 0
3 11 0
9 0 0
0 24 0
Net_id 33
pin_num 4
40 42 0
28 42 0
31 50 0
45 43 0
Net_id 34
pin_num 4
55 23 0
52 19 0
51 14 0
58 17 0
Net_id 35
pin_num 4
45 41 0
39 29 0
47 34 0
23 34 0
Net_id 36
pin_num 4
33 59 0
25 54 0
13 58 0
25 56 0
Net_id 37
pin_num 4
42 6 0
39 4 0
51 3 0
48 6 0
Net_id 38
pin_num 4
56 45 0
59 34 0
53 23 0
47 46 0
Net_id 39
pin_num 4
5 31 0
6 31 0
4 49 0
14 32 0
Net_id 40
pin_num 3
15 44 0
28 59 0
2 59 0
Net_id 41
pin_num 3
54 39 0
48 35 0
58 36 0
Net_id 42
pin_num 3
15 28 0
25 27 0
25 1 0
Net_id 43
pin_num 3
13 40 0
3 44 0
4 53 0
Net_id 44
pin_num 3
56 30 0
51 21 0
42 47 0
Net_id 45
pin_num 3
44 58 0
56 49 0
37 59 0
Net_id 46
pin_num 3
3 10 0
5 3 0
3 1 0
Net_id 47
pin_num 3
47 15 0
55 25 0
54 49 0
Net_id 48
pin_num 3
11 41 0
1 32 0
0 23 0
Net_id 49
pin_num 3
36 10 0
34 0 0
5 2 0
Net_id 50
pin_num 3
18 32 0
12 33 0
22 29 0
Net_id 51
pin_num 3
25 25 0
38 18 0
47 28 0
Net_id 52
pin_num 3
23 31 0
32 23 0
36 17 0
Net_id 53
pin_num 3
45 9 0
39 21 0
35 15 0
Net_id 54
pin_num 3
54 47 0
59 55 0
27 50 0
Net_id 55
pin_num 3
19 49 0
31 58 0
27 58 0
Net_id 56
pin_num 3
37 51 0
40 38 0
55 39 0
Net_id 57
pin_num 3
45 17 0
37 17 0
58 10 0
Net_id 58
pin_num 3
53 34 0
48 33 0
24 19 0
Net_id 59
pin_num 3
42 18 0
55 0 0
52 24 0
Net_id 60
pin_num 3
47 13 0
51 15 0
37 33 0
Net_id 61
pin_num 3
47 33 0
33 21 0
45 24 0
Net_id 62
pin_num 3
13 43 0
30 36 0
29 21 0
Net_id 63
pin_num 3
42 52 0
54 58 0
56 54 0
Net_id 64
pin_num 3
43 48 0
52 47 0
48 57 0
Net_id 65
pin_num 3
46 9 0
53 10 0
49 15 0
Net_id 66
pin_num 3
19 2 0
12 23 0
45 2 0
Net_id 67
pin_num 3
12 50 0
27 55 0
7 58 0
Net_id 68
pin_num 3
15 52 0
29 47 0
5 52 0
Net_id 69
pin_num 3
9 54 0
5 46 0
25 48 0
Net_id 70
pin_num 3
13 37 0
2 44 0
23 41 0
Net_id 71
pin_num 3
56 8 0
50 28 0
54 24 0
Net_id 72
pin_num 3
0 58 0
1 49 0
14 46 0
Net_id 73
pin_num 3
3 5 0
3 0 0
7 20 0
Net_id 74
pin_num 3
14 15 0
18 27 0
41 24 0
Net_id 75
pin_num 3
13 23 0
19 16 0
14 28 0
Net_id 76
pin_num 3
24 38 0
10 49 0
33 38 0
Net_id 77
pin_num 3
51 51 0
55 53 0
41 40 0
Net_id 78
pin_num 3
6 5 0
21 3 0
21 32 0
Net_id 79
pin_num 3
59 53 0
40 31 0
16 33 0
Net_id 80
pin_num 3
23 8 0
20 10 0
21 21 0
Net_id 81
pin_num 2
8 29 0
3 23 0
Net_id 82
pin_num 2
17 14 0
44 21 0
Net_id 83
pin_num 2
9 27 0
17 33 0
Net_id 84
pin_num 2
54 2 0
57 0 0
Net_id 85
pin_num 2
47 29 0
58 32 0
Net_id 86
pin_num 2
14 8 0
2 9 0
Net_id 87
pin_num 2
15 10 0
9 13 0
Net_id 88
pin_num 2
43 39 0
38 38 0
Net_id 89
pin_num 2
20 46 0
21 1 0
Net_id 90
pin_num 2
5 34 0
12 42 0
Net_id 91
pin_num 2
4 22 0
12 22 0
Net_id 92
pin_num 2
51 0 0
58 18 0
Net_id 93
pin_num 2
9 3 0
36 6 0
Net_id 94
pin_num 2
37 50 0
20 54 0
Net_id 95
pin_num 2
46 13 0
33 0 0
Net_id 96
pin_num 2
44 14 0
40 24 0
Net_id 97
pin_num 2
36 44 0
25 55 0
Net_id 98
pin_num 2
52 50 0
59 56 0
Net_id 99
pin_num 2
48 27 0
34 21 0
Net_id 100
pin_num 2
11 3 0
16 16 0
Net_id 101
pin_num 2
9 28 0
25 24 0
Net_id 102
pin_num 2
47 42 0
57 56 0
Net_id 103
pin_num 2
22 1 0
18 6 0
Net_id 104
pin_num 2
11 54 0
23 36 0
Net_id 105
pin_num 2
25 2 0
9 18 0
Net_id 106
pin_num 2
24 45 0
53 55 0
Net_id 107
pin_num 2
21 13 0
4 15 0
Net_id 108
pin_num 2
45 46 0
35 26 0
Net_id 109
pin_num 2
48 17 0
57 12 0
Net_id 110
pin_num 2
40 53 0
58 46 0
Net_id 111
pin_num 2
0 38 0
26 32 0
Net_id 112
pin_num 2
36 33 0
26 40 0
Net_id 113
pin_num 2
34 30 0
1 28 0
Net_id 114
pin_num 2
31 26 0
21 28 0
Net_id 115
pin_num 2
16 48 0
28 35 0
Net_id 116
pin_num 2
30 8 0
57 24 0
Net_id 117
pin_num 2
0 37 0
1 44 0
Net_id 118
pin_num 2
46 43 0
56 32 0
Net_id 119
pin_num 2
49 55 0
53 56 0
Net_id 120
pin_num 2
54 53 0
46 55 0
Net_id 121
pin_num 2
26 53 0
19 43 0
Net_id 122
pin_num 2
14 49 0
19 57 0
Net_id 123
pin_num 2
21 46 0
23 59 0
Net_id 124
pin_num 2
51 54 0
56 42 0
Net_id 125
pin_num 2
53 49 0
43 49 0
Net_id 126
pin_num 2
0 18 0
11 17 0
Net_id 127
pin_num 2
32 51 0
49 28 0
Net_id 128
pin_num 2
35 17 0
22 14 0
Net_id 129
pin_num 2
7 21 0
0 44 0
Net_id 130
pin_num 2
22 19 0
16 19 0
Net_id 131
pin_num 2
33 43 0
55 49 0
Net_id 132
pin_num 2
57 26 0
45 1 0
Net_id 133
pin_num 2
2 17 0
10 15 0
Net_id 134
pin_num 2
2 14 0
1 20 0
Net_id 135
pin_num 2
11 48 0
4 44 0
Net_id 136
pin_num 2
57 35 0
41 49 0
Net_id 137
pin_num 2
30 37 0
20 40 0
Net_id 138
pin_num 2
4 36 0
11 33 0
Net_id 139
pin_num 2
3 36 0
6 30 0
Net_id 140
pin_num 2
54 4 0
20 14 0
Net_id 141
pin_num 2
51 24 0
27 40 0
Net_id 142
pin_num 2
15 29 0
10 39 0
Net_id 143
pin_num 2
11 49 0
16 43 0
Net_id 144
pin_num 2
45 16 0
33 31 0
Net_id 145
pin_num 2
9 42 0
3 50 0
Net_id 146
pin_num 2
35 37 0
58 29 0
Net_id 147
pin_num 2
56 33 0
52 33 0
Net_id 148
pin_num 2
7 2 0
16 21 0
Net_id 149
pin_num 2
47 12 0
33 24 0
Net_id 150
pin_num 2
7 57 0
12 45 0
Net_id 151
pin_num 2
15 6 0
22 17 0
Net_id 152
pin_num 2
5 56 0
0 59 0
Net_id 153
pin_num 2
45 23 0
51 36 0
Net_id 154
pin_num 2
29 1 0
28 4 0
Net_id 155
pin_num 2
50 57 0
29 57 0
Net_id 156
pin_num 2
3 16 0
11 19 0
Net_id 157
pin_num 2
57 5 0
36 4 0
Net_id 158
pin_num 2
56 39 0
46 33 0
Net_id 159
pin_num 2
7 50 0
24 44 0
Net_id 160
pin_num 2
31 53 0
44 37 0
Net_id 161
pin_num 2
38 56 0
45 56 0
Net_id 162
pin_num 2
52 8 0
59 7 0
