Width 60
Height 60
Layer 6
Total_WL 7028
Obstacle_num 144
36 19 0 44 20 0
27 41 0 35 42 0
31 42 0 34 43 0
11 29 0 19 30 0
46 58 0 53 59 0
23 3 0 30 4 0
1 4 0 9 5 0
28 54 0 35 55 0
48 4 0 58 5 0
34 25 0 44 26 0
50 38 0 56 39 0
35 10 0 38 11 0
36 12 0 43 13 0
0 47 0 8 48 0
1 18 0 7 19 0
39 54 0 42 55 0
24 6 0 29 7 0
9 36 0 18 37 0
52 35 0 55 36 0
11 24 0 18 25 0
13 39 0 17 40 0
20 50 0 27 51 0
44 52 0 51 53 0
5 34 0 12 35 0
42 30 1 43 33 1
41 13 1 42 23 1
10 5 1 11 10 1
30 10 1 31 18 1
43 0 1 44 9 1
3 30 1 4 35 1
50 3 1 51 12 1
13 21 1 14 28 1
50 56 1 51 59 1
32 34 1 33 41 1
0 21 1 1 28 1
11 0 1 12 10 1
10 38 1 11 42 1
7 47 1 8 54 1
26 20 1 27 26 1
47 11 1 48 15 1
21 50 1 22 55 1
15 29 1 16 32 1
12 37 1 13 40 1
46 19 1 47 22 1
57 47 1 58 56 1
0 8 1 1 12 1
22 38 1 23 46 1
40 17 1 41 27 1
32 2 2 37 3 2
2 2 2 10 3 2
25 38 2 35 39 2
4 9 2 10 10 2
47 48 2 55 49 2
46 10 2 53 11 2
25 27 2 35 28 2
36 55 2 46 56 2
33 51 2 40 52 2
28 53 2 31 54 2
45 47 2 54 48 2
26 54 2 29 55 2
18 58 2 25 59 2
25 20 2 28 21 2
34 40 2 40 41 2
24 13 2 31 14 2
15 30 2 25 31 2
48 25 2 52 26 2
28 56 2 36 57 2
48 55 2 58 56 2
32 18 2 42 19 2
3 6 2 7 7 2
31 10 2 38 11 2
8 34 2 18 35 2
41 9 3 42 19 3
16 39 3 17 47 3
47 40 3 48 48 3
56 32 3 57 35 3
16 30 3 17 35 3
56 10 3 57 15 3
30 9 3 31 14 3
14 20 3 15 24 3
46 9 3 47 17 3
38 13 3 39 23 3
53 11 3 54 18 3
7 48 3 8 54 3
17 47 3 18 54 3
43 33 3 44 36 3
42 24 3 43 34 3
57 3 3 58 7 3
53 48 3 54 52 3
23 35 3 24 43 3
42 8 3 43 16 3
2 19 3 3 27 3
15 13 3 16 18 3
54 42 3 55 50 3
32 34 3 33 44 3
14 52 3 15 55 3
50 6 4 54 7 4
48 7 4 53 8 4
52 18 4 58 19 4
11 35 4 20 36 4
11 58 4 16 59 4
32 35 4 36 36 4
11 13 4 17 14 4
12 36 4 20 37 4
10 27 4 13 28 4
6 26 4 10 27 4
31 49 4 37 50 4
24 45 4 32 46 4
43 31 4 49 32 4
34 47 4 38 48 4
29 20 4 32 21 4
25 26 4 33 27 4
27 48 4 30 49 4
48 35 4 54 36 4
27 55 4 34 56 4
29 29 4 35 30 4
1 45 4 11 46 4
21 52 4 29 53 4
38 41 4 43 42 4
3 14 4 7 15 4
38 11 5 39 14 5
37 54 5 38 58 5
58 49 5 59 54 5
46 0 5 47 4 5
15 11 5 16 18 5
51 44 5 52 50 5
12 49 5 13 55 5
18 29 5 19 36 5
49 11 5 50 17 5
7 22 5 8 25 5
0 26 5 1 32 5
40 44 5 41 48 5
47 0 5 48 4 5
39 2 5 40 12 5
10 41 5 11 44 5
46 43 5 47 52 5
41 49 5 42 53 5
18 50 5 19 56 5
49 26 5 50 33 5
37 21 5 38 29 5
5 15 5 6 21 5
16 26 5 17 35 5
53 6 5 54 14 5
54 19 5 55 29 5
Net_num 159
Net_id 0
pin_num 5
12 2 0
19 3 0
0 6 0
6 25 0
2 23 0
Net_id 1
pin_num 5
23 34 0
34 42 0
34 21 0
42 34 0
32 0 0
Net_id 2
pin_num 5
46 27 0
56 28 0
31 27 0
41 48 0
34 31 0
Net_id 3
pin_num 5
47 30 0
59 31 0
49 18 0
31 30 0
51 32 0
Net_id 4
pin_num 5
19 42 0
9 35 0
4 39 0
13 35 0
13 44 0
Net_id 5
pin_num 5
52 41 0
37 41 0
59 46 0
55 36 0
44 29 0
Net_id 6
pin_num 5
10 32 0
17 23 0
0 20 0
5 23 0
22 22 0
Net_id 7
pin_num 5
1 34 0
4 24 0
8 28 0
0 41 0
7 32 0
Net_id 8
pin_num 5
12 51 0
16 50 0
16 40 0
27 50 0
6 45 0
Net_id 9
pin_num 5
11 27 0
7 26 0
7 16 0
9 10 0
6 27 0
Net_id 10
pin_num 5
14 28 0
9 25 0
2 11 0
0 0 0
31 28 0
Net_id 11
pin_num 5
32 14 0
21 14 0
50 14 0
29 0 0
14 0 0
Net_id 12
pin_num 5
52 42 0
57 31 0
35 29 0
57 43 0
54 29 0
Net_id 13
pin_num 5
10 59 0
2 51 0
0 58 0
5 58 0
9 53 0
Net_id 14
pin_num 5
21 34 0
23 29 0
38 23 0
28 35 0
18 46 0
Net_id 15
pin_num 5
50 55 0
59 56 0
36 59 0
35 59 0
42 45 0
Net_id 16
pin_num 5
16 27 0
20 27 0
30 27 0
20 17 0
20 0 0
Net_id 17
pin_num 5
27 24 0
21 31 0
9 8 0
12 42 0
3 21 0
Net_id 18
pin_num 5
27 33 0
21 33 0
26 51 0
20 44 0
22 59 0
Net_id 19
pin_num 5
51 5 0
53 1 0
59 7 0
40 3 0
44 0 0
Net_id 20
pin_num 4
28 12 0
22 9 0
23 31 0
42 18 0
Net_id 21
pin_num 4
59 10 0
52 2 0
46 5 0
35 5 0
Net_id 22
pin_num 4
8 45 0
6 55 0
0 48 0
2 58 0
Net_id 23
pin_num 4
31 22 0
46 32 0
32 29 0
35 33 0
Net_id 24
pin_num 4
14 48 0
4 50 0
7 48 0
21 57 0
Net_id 25
pin_num 4
5 48 0
12 52 0
7 58 0
1 45 0
Net_id 26
pin_num 4
25 8 0
12 10 0
28 4 0
31 8 0
Net_id 27
pin_num 4
17 22 0
25 11 0
39 23 0
43 13 0
Net_id 28
pin_num 4
26 54 0
21 49 0
24 36 0
33 52 0
Net_id 29
pin_num 4
29 35 0
32 33 0
49 35 0
53 27 0
Net_id 30
pin_num 4
11 16 0
1 8 0
1 0 0
0 13 0
Net_id 31
pin_num 4
48 5 0
54 6 0
59 13 0
52 1 0
Net_id 32
pin_num 4
51 12 0
43 9 0
59 8 0
29 9 0
Net_id 33
pin_num 4
20 30 0
11 41 0
14 44 0
0 45 0
Net_id 34
pin_num 4
47 20 0
52 23 0
59 20 0
35 26 0
Net_id 35
pin_num 4
44 6 0
58 4 0
58 23 0
35 15 0
Net_id 36
pin_num 4
11 54 0
4 54 0
4 49 0
13 55 0
Net_id 37
pin_num 4
41 11 0
31 3 0
10 29 0
0 18 0
Net_id 38
pin_num 4
14 54 0
17 51 0
7 57 0
28 57 0
Net_id 39
pin_num 4
24 51 0
31 53 0
28 37 0
21 38 0
Net_id 40
pin_num 3
10 1 0
10 2 0
14 4 0
Net_id 41
pin_num 3
22 2 0
3 35 0
2 27 0
Net_id 42
pin_num 3
14 27 0
3 44 0
1 43 0
Net_id 43
pin_num 3
48 20 0
58 34 0
55 33 0
Net_id 44
pin_num 3
43 57 0
58 50 0
59 35 0
Net_id 45
pin_num 3
33 3 0
57 11 0
46 39 0
Net_id 46
pin_num 3
28 52 0
18 49 0
19 26 0
Net_id 47
pin_num 3
8 2 0
12 5 0
4 7 0
Net_id 48
pin_num 3
18 53 0
5 49 0
1 44 0
Net_id 49
pin_num 3
38 8 0
31 16 0
20 33 0
Net_id 50
pin_num 3
59 28 0
53 32 0
42 40 0
Net_id 51
pin_num 3
18 45 0
23 48 0
17 26 0
Net_id 52
pin_num 3
0 35 0
25 48 0
1 26 0
Net_id 53
pin_num 3
30 0 0
29 10 0
3 9 0
Net_id 54
pin_num 3
11 1 0
43 10 0
48 8 0
Net_id 55
pin_num 3
17 39 0
35 37 0
22 37 0
Net_id 56
pin_num 3
23 19 0
25 15 0
25 29 0
Net_id 57
pin_num 3
29 37 0
39 46 0
39 24 0
Net_id 58
pin_num 3
32 48 0
26 58 0
16 38 0
Net_id 59
pin_num 3
7 8 0
1 2 0
0 7 0
Net_id 60
pin_num 3
41 36 0
58 31 0
58 48 0
Net_id 61
pin_num 3
27 1 0
28 36 0
16 11 0
Net_id 62
pin_num 3
45 7 0
55 8 0
34 8 0
Net_id 63
pin_num 3
57 13 0
46 23 0
55 29 0
Net_id 64
pin_num 3
33 5 0
25 4 0
50 2 0
Net_id 65
pin_num 3
31 44 0
37 33 0
30 51 0
Net_id 66
pin_num 3
41 15 0
38 10 0
56 2 0
Net_id 67
pin_num 3
52 19 0
54 25 0
56 22 0
Net_id 68
pin_num 3
58 42 0
49 37 0
54 58 0
Net_id 69
pin_num 3
20 47 0
31 59 0
11 44 0
Net_id 70
pin_num 3
0 56 0
3 51 0
25 49 0
Net_id 71
pin_num 3
48 2 0
24 2 0
26 1 0
Net_id 72
pin_num 3
47 42 0
54 57 0
59 50 0
Net_id 73
pin_num 3
56 23 0
52 25 0
23 26 0
Net_id 74
pin_num 3
15 50 0
11 49 0
15 43 0
Net_id 75
pin_num 3
15 40 0
13 41 0
1 33 0
Net_id 76
pin_num 3
20 14 0
13 13 0
27 12 0
Net_id 77
pin_num 3
23 59 0
30 52 0
32 56 0
Net_id 78
pin_num 2
38 24 0
35 12 0
Net_id 79
pin_num 2
31 17 0
44 25 0
Net_id 80
pin_num 2
52 50 0
52 53 0
Net_id 81
pin_num 2
14 38 0
8 38 0
Net_id 82
pin_num 2
28 24 0
47 34 0
Net_id 83
pin_num 2
23 9 0
33 15 0
Net_id 84
pin_num 2
3 55 0
10 56 0
Net_id 85
pin_num 2
53 18 0
56 36 0
Net_id 86
pin_num 2
43 29 0
52 17 0
Net_id 87
pin_num 2
24 38 0
35 48 0
Net_id 88
pin_num 2
57 17 0
45 13 0
Net_id 89
pin_num 2
52 40 0
55 39 0
Net_id 90
pin_num 2
41 52 0
44 51 0
Net_id 91
pin_num 2
50 8 0
42 16 0
Net_id 92
pin_num 2
19 31 0
8 58 0
Net_id 93
pin_num 2
31 6 0
19 5 0
Net_id 94
pin_num 2
12 50 0
32 46 0
Net_id 95
pin_num 2
45 28 0
33 6 0
Net_id 96
pin_num 2
51 25 0
39 10 0
Net_id 97
pin_num 2
21 24 0
16 26 0
Net_id 98
pin_num 2
43 11 0
54 8 0
Net_id 99
pin_num 2
31 18 0
51 11 0
Net_id 100
pin_num 2
36 37 0
47 26 0
Net_id 101
pin_num 2
46 25 0
45 20 0
Net_id 102
pin_num 2
54 51 0
52 54 0
Net_id 103
pin_num 2
42 21 0
19 10 0
Net_id 104
pin_num 2
36 45 0
55 53 0
Net_id 105
pin_num 2
15 37 0
21 36 0
Net_id 106
pin_num 2
34 1 0
22 20 0
Net_id 107
pin_num 2
58 44 0
58 37 0
Net_id 108
pin_num 2
17 11 0
33 25 0
Net_id 109
pin_num 2
2 1 0
12 6 0
Net_id 110
pin_num 2
37 54 0
34 48 0
Net_id 111
pin_num 2
11 55 0
2 31 0
Net_id 112
pin_num 2
45 24 0
35 34 0
Net_id 113
pin_num 2
28 43 0
19 46 0
Net_id 114
pin_num 2
54 36 0
59 33 0
Net_id 115
pin_num 2
57 8 0
44 13 0
Net_id 116
pin_num 2
32 52 0
21 26 0
Net_id 117
pin_num 2
21 9 0
13 0 0
Net_id 118
pin_num 2
45 10 0
37 13 0
Net_id 119
pin_num 2
54 3 0
58 6 0
Net_id 120
pin_num 2
49 38 0
38 42 0
Net_id 121
pin_num 2
34 34 0
21 42 0
Net_id 122
pin_num 2
57 35 0
49 56 0
Net_id 123
pin_num 2
45 42 0
29 26 0
Net_id 124
pin_num 2
26 49 0
36 36 0
Net_id 125
pin_num 2
53 33 0
38 34 0
Net_id 126
pin_num 2
46 19 0
25 30 0
Net_id 127
pin_num 2
10 24 0
5 41 0
Net_id 128
pin_num 2
1 17 0
1 10 0
Net_id 129
pin_num 2
5 26 0
16 23 0
Net_id 130
pin_num 2
25 41 0
9 52 0
Net_id 131
pin_num 2
45 16 0
56 49 0
Net_id 132
pin_num 2
18 2 0
14 7 0
Net_id 133
pin_num 2
27 22 0
30 42 0
Net_id 134
pin_num 2
6 2 0
1 9 0
Net_id 135
pin_num 2
51 35 0
47 15 0
Net_id 136
pin_num 2
47 54 0
45 58 0
Net_id 137
pin_num 2
29 45 0
50 39 0
Net_id 138
pin_num 2
58 55 0
56 54 0
Net_id 139
pin_num 2
49 53 0
47 46 0
Net_id 140
pin_num 2
20 16 0
1 29 0
Net_id 141
pin_num 2
22 36 0
25 32 0
Net_id 142
pin_num 2
53 52 0
58 49 0
Net_id 143
pin_num 2
14 21 0
5 13 0
Net_id 144
pin_num 2
26 44 0
47 37 0
Net_id 145
pin_num 2
53 36 0
49 32 0
Net_id 146
pin_num 2
42 56 0
45 51 0
Net_id 147
pin_num 2
3 38 0
11 33 0
Net_id 148
pin_num 2
32 21 0
41 7 0
Net_id 149
pin_num 2
7 10 0
1 24 0
Net_id 150
pin_num 2
1 51 0
4 53 0
Net_id 151
pin_num 2
45 3 0
32 6 0
Net_id 152
pin_num 2
53 14 0
56 48 0
Net_id 153
pin_num 2
20 25 0
33 43 0
Net_id 154
pin_num 2
6 43 0
11 37 0
Net_id 155
pin_num 2
24 15 0
17 10 0
Net_id 156
pin_num 2
48 22 0
54 26 0
Net_id 157
pin_num 2
24 30 0
5 17 0
Net_id 158
pin_num 2
50 51 0
41 58 0
