Width 60
Height 60
Layer 6
Total_WL 6720
Obstacle_num 144
11 1 0 14 2 0
37 15 0 44 16 0
19 46 0 24 47 0
27 12 0 34 13 0
29 55 0 37 56 0
16 36 0 21 37 0
24 9 0 27 10 0
53 24 0 58 25 0
10 30 0 20 31 0
18 7 0 25 8 0
13 55 0 16 56 0
33 2 0 42 3 0
37 21 0 41 22 0
27 57 0 35 58 0
55 45 0 58 46 0
6 49 0 15 50 0
38 25 0 48 26 0
51 29 0 56 30 0
47 33 0 54 34 0
30 29 0 33 30 0
16 4 0 24 5 0
42 33 0 47 34 0
1 30 0 6 31 0
9 45 0 17 46 0
20 51 1 21 59 1
40 48 1 41 55 1
31 35 1 32 45 1
36 7 1 37 12 1
12 33 1 13 38 1
28 51 1 29 58 1
16 41 1 17 51 1
23 26 1 24 33 1
19 36 1 20 46 1
34 11 1 35 20 1
44 48 1 45 58 1
46 32 1 47 40 1
48 47 1 49 55 1
33 12 1 34 22 1
53 6 1 54 11 1
56 17 1 57 21 1
57 10 1 58 20 1
36 36 1 37 41 1
58 7 1 59 10 1
42 40 1 43 46 1
31 16 1 32 22 1
26 43 1 27 52 1
37 38 1 38 42 1
39 26 1 40 34 1
26 17 2 36 18 2
50 8 2 56 9 2
30 41 2 35 42 2
13 28 2 20 29 2
8 44 2 18 45 2
44 12 2 52 13 2
48 29 2 56 30 2
30 39 2 35 40 2
3 29 2 7 30 2
49 27 2 53 28 2
52 12 2 59 13 2
31 57 2 35 58 2
10 40 2 20 41 2
28 27 2 36 28 2
8 47 2 14 48 2
2 12 2 12 13 2
34 47 2 43 48 2
14 23 2 18 24 2
35 44 2 44 45 2
10 10 2 13 11 2
22 48 2 28 49 2
52 4 2 56 5 2
37 7 2 42 8 2
1 50 2 10 51 2
15 2 3 16 9 3
42 40 3 43 44 3
35 0 3 36 4 3
8 37 3 9 45 3
44 29 3 45 35 3
57 21 3 58 31 3
2 45 3 3 49 3
30 45 3 31 49 3
7 6 3 8 10 3
51 13 3 52 23 3
56 22 3 57 30 3
57 7 3 58 15 3
2 28 3 3 33 3
8 52 3 9 59 3
49 17 3 50 22 3
24 48 3 25 58 3
34 14 3 35 19 3
22 50 3 23 54 3
14 5 3 15 13 3
10 11 3 11 16 3
9 32 3 10 41 3
48 17 3 49 26 3
36 3 3 37 12 3
47 29 3 48 36 3
23 20 4 33 21 4
12 32 4 21 33 4
19 2 4 24 3 4
45 19 4 55 20 4
48 37 4 55 38 4
0 46 4 8 47 4
32 16 4 39 17 4
38 55 4 41 56 4
10 25 4 13 26 4
12 36 4 22 37 4
43 2 4 52 3 4
23 11 4 30 12 4
36 0 4 39 1 4
8 5 4 18 6 4
37 52 4 47 53 4
2 0 4 12 1 4
2 12 4 10 13 4
36 18 4 45 19 4
16 29 4 25 30 4
20 52 4 24 53 4
42 25 4 46 26 4
13 31 4 19 32 4
46 43 4 53 44 4
2 55 4 8 56 4
53 28 5 54 35 5
11 48 5 12 57 5
25 37 5 26 43 5
46 46 5 47 53 5
48 20 5 49 26 5
51 4 5 52 11 5
41 49 5 42 56 5
13 1 5 14 9 5
39 42 5 40 52 5
12 49 5 13 58 5
31 27 5 32 32 5
37 5 5 38 15 5
18 29 5 19 32 5
7 0 5 8 6 5
3 50 5 4 57 5
58 34 5 59 39 5
26 1 5 27 10 5
24 10 5 25 15 5
6 14 5 7 18 5
6 25 5 7 34 5
38 47 5 39 51 5
45 10 5 46 13 5
11 22 5 12 27 5
50 24 5 51 34 5
Net_num 163
Net_id 0
pin_num 5
58 57 0
46 49 0
30 51 0
53 59 0
42 52 0
Net_id 1
pin_num 5
51 43 0
50 37 0
44 51 0
48 59 0
41 38 0
Net_id 2
pin_num 5
29 48 0
37 49 0
32 25 0
15 48 0
27 33 0
Net_id 3
pin_num 5
38 7 0
38 26 0
26 23 0
30 11 0
35 20 0
Net_id 4
pin_num 5
4 4 0
0 5 0
7 4 0
3 1 0
0 12 0
Net_id 5
pin_num 5
22 50 0
12 55 0
20 41 0
31 53 0
11 53 0
Net_id 6
pin_num 5
8 23 0
5 26 0
5 19 0
5 40 0
0 45 0
Net_id 7
pin_num 5
49 22 0
39 22 0
44 10 0
25 22 0
40 30 0
Net_id 8
pin_num 5
4 45 0
0 39 0
8 46 0
3 41 0
20 40 0
Net_id 9
pin_num 5
57 27 0
51 27 0
54 21 0
55 26 0
50 22 0
Net_id 10
pin_num 5
28 19 0
46 20 0
41 35 0
59 29 0
57 28 0
Net_id 11
pin_num 5
7 26 0
12 31 0
8 32 0
0 25 0
4 14 0
Net_id 12
pin_num 5
13 18 0
0 18 0
7 11 0
9 15 0
9 24 0
Net_id 13
pin_num 5
31 23 0
31 27 0
23 26 0
37 26 0
28 7 0
Net_id 14
pin_num 5
45 15 0
55 28 0
52 10 0
48 27 0
52 34 0
Net_id 15
pin_num 5
58 10 0
57 2 0
52 1 0
52 9 0
49 3 0
Net_id 16
pin_num 5
40 23 0
37 36 0
29 29 0
48 25 0
13 28 0
Net_id 17
pin_num 5
28 6 0
32 4 0
13 0 0
25 11 0
34 0 0
Net_id 18
pin_num 5
9 14 0
7 10 0
12 4 0
14 12 0
35 4 0
Net_id 19
pin_num 5
52 12 0
54 20 0
32 15 0
43 20 0
13 15 0
Net_id 20
pin_num 4
3 56 0
0 58 0
7 44 0
15 58 0
Net_id 21
pin_num 4
1 16 0
8 17 0
8 0 0
0 16 0
Net_id 22
pin_num 4
21 25 0
19 8 0
39 8 0
11 11 0
Net_id 23
pin_num 4
45 52 0
35 58 0
41 37 0
57 59 0
Net_id 24
pin_num 4
2 50 0
13 56 0
10 35 0
20 59 0
Net_id 25
pin_num 4
8 29 0
2 29 0
7 28 0
1 47 0
Net_id 26
pin_num 4
28 32 0
18 42 0
23 59 0
7 59 0
Net_id 27
pin_num 4
8 56 0
16 58 0
14 43 0
24 49 0
Net_id 28
pin_num 4
24 31 0
27 45 0
27 52 0
49 45 0
Net_id 29
pin_num 4
6 56 0
11 57 0
9 46 0
12 48 0
Net_id 30
pin_num 4
38 44 0
30 49 0
28 49 0
27 47 0
Net_id 31
pin_num 4
47 19 0
59 14 0
56 0 0
41 14 0
Net_id 32
pin_num 4
13 8 0
3 13 0
1 24 0
10 28 0
Net_id 33
pin_num 4
55 6 0
58 0 0
43 6 0
51 1 0
Net_id 34
pin_num 4
35 52 0
45 49 0
45 42 0
59 47 0
Net_id 35
pin_num 4
13 27 0
8 25 0
0 15 0
4 47 0
Net_id 36
pin_num 4
33 33 0
31 14 0
50 23 0
18 22 0
Net_id 37
pin_num 4
25 37 0
16 37 0
33 49 0
54 59 0
Net_id 38
pin_num 4
35 1 0
31 3 0
23 3 0
19 1 0
Net_id 39
pin_num 4
19 0 0
26 8 0
42 2 0
52 0 0
Net_id 40
pin_num 4
10 57 0
7 48 0
19 52 0
14 58 0
Net_id 41
pin_num 3
54 11 0
50 4 0
36 5 0
Net_id 42
pin_num 3
23 11 0
32 9 0
32 20 0
Net_id 43
pin_num 3
47 52 0
58 58 0
47 47 0
Net_id 44
pin_num 3
44 12 0
55 0 0
39 1 0
Net_id 45
pin_num 3
38 24 0
17 19 0
33 1 0
Net_id 46
pin_num 3
41 31 0
46 28 0
38 29 0
Net_id 47
pin_num 3
35 42 0
38 47 0
22 43 0
Net_id 48
pin_num 3
6 39 0
1 48 0
6 59 0
Net_id 49
pin_num 3
0 2 0
3 5 0
0 13 0
Net_id 50
pin_num 3
22 13 0
16 13 0
23 13 0
Net_id 51
pin_num 3
52 17 0
36 27 0
45 1 0
Net_id 52
pin_num 3
26 15 0
29 7 0
59 13 0
Net_id 53
pin_num 3
33 20 0
45 32 0
59 44 0
Net_id 54
pin_num 3
50 41 0
40 20 0
49 31 0
Net_id 55
pin_num 3
31 40 0
55 38 0
56 50 0
Net_id 56
pin_num 3
55 40 0
54 23 0
42 26 0
Net_id 57
pin_num 3
28 18 0
18 1 0
14 6 0
Net_id 58
pin_num 3
6 28 0
1 26 0
16 14 0
Net_id 59
pin_num 3
7 34 0
7 47 0
5 59 0
Net_id 60
pin_num 3
20 54 0
13 51 0
21 27 0
Net_id 61
pin_num 3
21 2 0
34 9 0
23 9 0
Net_id 62
pin_num 3
21 34 0
0 31 0
33 34 0
Net_id 63
pin_num 3
48 39 0
58 41 0
57 50 0
Net_id 64
pin_num 3
20 32 0
33 11 0
6 42 0
Net_id 65
pin_num 3
52 26 0
58 19 0
56 15 0
Net_id 66
pin_num 3
24 51 0
26 41 0
25 58 0
Net_id 67
pin_num 3
24 19 0
35 18 0
14 22 0
Net_id 68
pin_num 3
13 42 0
0 38 0
22 56 0
Net_id 69
pin_num 3
54 31 0
47 26 0
51 35 0
Net_id 70
pin_num 3
55 8 0
43 21 0
40 6 0
Net_id 71
pin_num 3
15 8 0
18 18 0
2 6 0
Net_id 72
pin_num 3
35 36 0
24 39 0
47 58 0
Net_id 73
pin_num 3
50 21 0
35 10 0
18 10 0
Net_id 74
pin_num 3
12 54 0
18 57 0
15 43 0
Net_id 75
pin_num 3
11 40 0
1 51 0
11 48 0
Net_id 76
pin_num 3
47 38 0
41 39 0
37 28 0
Net_id 77
pin_num 3
26 38 0
35 28 0
27 44 0
Net_id 78
pin_num 3
52 32 0
54 36 0
58 11 0
Net_id 79
pin_num 3
21 42 0
35 39 0
47 35 0
Net_id 80
pin_num 3
0 22 0
11 16 0
44 24 0
Net_id 81
pin_num 3
30 38 0
39 38 0
44 46 0
Net_id 82
pin_num 2
58 35 0
56 32 0
Net_id 83
pin_num 2
31 30 0
53 40 0
Net_id 84
pin_num 2
55 14 0
56 36 0
Net_id 85
pin_num 2
25 16 0
14 14 0
Net_id 86
pin_num 2
43 29 0
48 20 0
Net_id 87
pin_num 2
32 52 0
47 53 0
Net_id 88
pin_num 2
25 12 0
20 12 0
Net_id 89
pin_num 2
45 58 0
26 52 0
Net_id 90
pin_num 2
18 6 0
24 8 0
Net_id 91
pin_num 2
24 47 0
1 49 0
Net_id 92
pin_num 2
3 37 0
12 43 0
Net_id 93
pin_num 2
31 33 0
53 41 0
Net_id 94
pin_num 2
39 24 0
43 26 0
Net_id 95
pin_num 2
25 29 0
6 14 0
Net_id 96
pin_num 2
55 21 0
58 44 0
Net_id 97
pin_num 2
30 32 0
34 31 0
Net_id 98
pin_num 2
18 49 0
23 56 0
Net_id 99
pin_num 2
47 57 0
35 57 0
Net_id 100
pin_num 2
13 37 0
17 42 0
Net_id 101
pin_num 2
16 55 0
21 55 0
Net_id 102
pin_num 2
17 9 0
4 3 0
Net_id 103
pin_num 2
12 58 0
22 54 0
Net_id 104
pin_num 2
59 32 0
38 30 0
Net_id 105
pin_num 2
5 53 0
22 52 0
Net_id 106
pin_num 2
15 46 0
3 54 0
Net_id 107
pin_num 2
40 5 0
41 9 0
Net_id 108
pin_num 2
13 46 0
13 35 0
Net_id 109
pin_num 2
2 37 0
34 28 0
Net_id 110
pin_num 2
42 44 0
53 28 0
Net_id 111
pin_num 2
38 42 0
55 34 0
Net_id 112
pin_num 2
25 35 0
25 40 0
Net_id 113
pin_num 2
31 41 0
23 21 0
Net_id 114
pin_num 2
21 31 0
9 23 0
Net_id 115
pin_num 2
28 16 0
32 17 0
Net_id 116
pin_num 2
44 34 0
23 55 0
Net_id 117
pin_num 2
52 11 0
58 18 0
Net_id 118
pin_num 2
21 35 0
28 38 0
Net_id 119
pin_num 2
52 25 0
43 16 0
Net_id 120
pin_num 2
37 0 0
46 14 0
Net_id 121
pin_num 2
29 54 0
23 57 0
Net_id 122
pin_num 2
17 29 0
11 29 0
Net_id 123
pin_num 2
34 25 0
42 10 0
Net_id 124
pin_num 2
53 17 0
56 2 0
Net_id 125
pin_num 2
51 28 0
43 53 0
Net_id 126
pin_num 2
20 26 0
6 21 0
Net_id 127
pin_num 2
17 10 0
9 0 0
Net_id 128
pin_num 2
18 8 0
15 13 0
Net_id 129
pin_num 2
28 34 0
36 43 0
Net_id 130
pin_num 2
25 3 0
20 2 0
Net_id 131
pin_num 2
7 16 0
2 42 0
Net_id 132
pin_num 2
45 26 0
42 36 0
Net_id 133
pin_num 2
48 50 0
36 50 0
Net_id 134
pin_num 2
2 40 0
5 15 0
Net_id 135
pin_num 2
38 9 0
35 8 0
Net_id 136
pin_num 2
29 11 0
13 4 0
Net_id 137
pin_num 2
45 54 0
59 55 0
Net_id 138
pin_num 2
3 14 0
3 0 0
Net_id 139
pin_num 2
58 46 0
34 44 0
Net_id 140
pin_num 2
7 36 0
22 38 0
Net_id 141
pin_num 2
20 44 0
26 37 0
Net_id 142
pin_num 2
13 3 0
20 17 0
Net_id 143
pin_num 2
12 25 0
18 58 0
Net_id 144
pin_num 2
4 23 0
3 26 0
Net_id 145
pin_num 2
14 5 0
39 12 0
Net_id 146
pin_num 2
5 42 0
22 57 0
Net_id 147
pin_num 2
43 55 0
54 51 0
Net_id 148
pin_num 2
35 17 0
53 19 0
Net_id 149
pin_num 2
16 20 0
25 13 0
Net_id 150
pin_num 2
13 32 0
36 14 0
Net_id 151
pin_num 2
55 4 0
50 16 0
Net_id 152
pin_num 2
43 28 0
46 11 0
Net_id 153
pin_num 2
39 20 0
28 4 0
Net_id 154
pin_num 2
21 40 0
10 55 0
Net_id 155
pin_num 2
30 36 0
4 51 0
Net_id 156
pin_num 2
37 16 0
23 17 0
Net_id 157
pin_num 2
35 13 0
29 4 0
Net_id 158
pin_num 2
55 12 0
46 2 0
Net_id 159
pin_num 2
22 3 0
17 7 0
Net_id 160
pin_num 2
26 20 0
29 43 0
Net_id 161
pin_num 2
17 45 0
29 51 0
Net_id 162
pin_num 2
0 41 0
22 30 0
