Width 60
Height 60
Layer 6
Total_WL 7086
Obstacle_num 144
29 5 0 37 6 0
28 29 0 35 30 0
37 6 0 43 7 0
12 43 0 17 44 0
23 15 0 31 16 0
3 47 0 9 48 0
44 27 0 54 28 0
36 12 0 42 13 0
4 25 0 10 26 0
26 55 0 34 56 0
27 40 0 32 41 0
26 3 0 30 4 0
2 46 0 6 47 0
27 28 0 32 29 0
43 47 0 53 48 0
13 50 0 23 51 0
28 47 0 31 48 0
9 54 0 15 55 0
51 2 0 56 3 0
38 21 0 48 22 0
24 47 0 28 48 0
8 28 0 18 29 0
51 38 0 57 39 0
26 41 0 36 42 0
43 14 1 44 21 1
36 33 1 37 41 1
15 20 1 16 28 1
20 51 1 21 55 1
9 37 1 10 40 1
21 25 1 22 29 1
54 0 1 55 4 1
38 21 1 39 30 1
57 41 1 58 51 1
52 18 1 53 28 1
58 3 1 59 11 1
36 5 1 37 14 1
11 28 1 12 32 1
16 2 1 17 11 1
45 33 1 46 40 1
10 44 1 11 52 1
29 53 1 30 59 1
16 15 1 17 25 1
42 4 1 43 10 1
11 16 1 12 22 1
42 24 1 43 28 1
35 16 1 36 26 1
43 21 1 44 29 1
53 20 1 54 23 1
5 24 2 12 25 2
43 52 2 47 53 2
24 57 2 34 58 2
7 27 2 10 28 2
3 35 2 11 36 2
52 30 2 58 31 2
39 36 2 48 37 2
9 42 2 13 43 2
18 18 2 24 19 2
24 1 2 30 2 2
46 44 2 56 45 2
41 34 2 46 35 2
34 17 2 39 18 2
4 36 2 8 37 2
4 4 2 13 5 2
40 39 2 50 40 2
29 47 2 34 48 2
1 38 2 8 39 2
35 14 2 40 15 2
14 49 2 20 50 2
45 13 2 54 14 2
40 42 2 49 43 2
18 55 2 26 56 2
13 4 2 16 5 2
24 39 3 25 47 3
6 2 3 7 7 3
22 2 3 23 11 3
38 13 3 39 19 3
57 49 3 58 54 3
29 47 3 30 55 3
14 1 3 15 9 3
27 14 3 28 18 3
7 45 3 8 49 3
12 20 3 13 25 3
19 31 3 20 35 3
45 1 3 46 11 3
52 15 3 53 19 3
23 27 3 24 37 3
21 22 3 22 26 3
7 11 3 8 20 3
35 11 3 36 18 3
48 43 3 49 52 3
19 45 3 20 48 3
25 29 3 26 33 3
5 36 3 6 43 3
33 17 3 34 24 3
11 43 3 12 48 3
35 20 3 36 25 3
11 24 4 20 25 4
46 11 4 50 12 4
12 18 4 16 19 4
41 3 4 49 4 4
40 21 4 44 22 4
25 47 4 34 48 4
5 4 4 13 5 4
52 48 4 59 49 4
0 44 4 3 45 4
22 53 4 30 54 4
49 26 4 57 27 4
6 5 4 14 6 4
53 8 4 59 9 4
12 30 4 19 31 4
29 27 4 39 28 4
5 18 4 9 19 4
39 51 4 42 52 4
14 3 4 20 4 4
12 57 4 22 58 4
20 51 4 29 52 4
23 22 4 29 23 4
29 40 4 34 41 4
27 39 4 30 40 4
1 10 4 10 11 4
55 12 5 56 19 5
4 9 5 5 13 5
42 24 5 43 33 5
34 52 5 35 58 5
18 49 5 19 56 5
6 42 5 7 51 5
9 40 5 10 46 5
40 29 5 41 35 5
14 8 5 15 13 5
9 54 5 10 58 5
8 21 5 9 25 5
36 1 5 37 7 5
39 52 5 40 55 5
44 43 5 45 46 5
28 9 5 29 17 5
1 28 5 2 38 5
56 41 5 57 51 5
53 54 5 54 59 5
7 36 5 8 45 5
51 7 5 52 12 5
26 49 5 27 53 5
5 28 5 6 37 5
13 25 5 14 35 5
41 18 5 42 22 5
Net_num 160
Net_id 0
pin_num 5
50 17 0
46 10 0
39 11 0
59 9 0
39 0 0
Net_id 1
pin_num 5
54 34 0
56 19 0
50 19 0
59 39 0
55 0 0
Net_id 2
pin_num 5
37 0 0
27 2 0
29 24 0
31 2 0
23 8 0
Net_id 3
pin_num 5
24 59 0
42 58 0
37 36 0
42 41 0
23 59 0
Net_id 4
pin_num 5
11 41 0
26 48 0
20 38 0
11 43 0
17 25 0
Net_id 5
pin_num 5
59 32 0
46 23 0
51 3 0
59 8 0
54 12 0
Net_id 6
pin_num 5
50 30 0
58 30 0
47 22 0
59 42 0
55 51 0
Net_id 7
pin_num 5
11 17 0
2 28 0
0 28 0
2 20 0
4 3 0
Net_id 8
pin_num 5
4 45 0
10 45 0
5 57 0
5 41 0
0 42 0
Net_id 9
pin_num 5
56 56 0
58 54 0
59 18 0
56 59 0
59 54 0
Net_id 10
pin_num 5
17 47 0
34 43 0
46 43 0
19 55 0
41 45 0
Net_id 11
pin_num 5
25 20 0
37 13 0
51 20 0
21 17 0
28 21 0
Net_id 12
pin_num 5
9 33 0
6 26 0
6 20 0
8 18 0
7 38 0
Net_id 13
pin_num 5
31 32 0
28 35 0
37 35 0
34 28 0
8 35 0
Net_id 14
pin_num 5
8 44 0
4 39 0
0 36 0
2 35 0
16 29 0
Net_id 15
pin_num 5
37 22 0
42 16 0
46 32 0
44 10 0
48 15 0
Net_id 16
pin_num 5
44 45 0
43 56 0
59 51 0
48 37 0
33 46 0
Net_id 17
pin_num 5
28 22 0
30 23 0
18 23 0
36 21 0
26 40 0
Net_id 18
pin_num 5
33 24 0
27 32 0
39 31 0
54 24 0
54 27 0
Net_id 19
pin_num 5
17 17 0
13 9 0
14 6 0
28 9 0
13 22 0
Net_id 20
pin_num 4
4 48 0
1 40 0
13 59 0
13 38 0
Net_id 21
pin_num 4
8 16 0
0 7 0
6 12 0
22 12 0
Net_id 22
pin_num 4
16 33 0
10 32 0
15 18 0
7 23 0
Net_id 23
pin_num 4
16 31 0
33 31 0
23 11 0
14 34 0
Net_id 24
pin_num 4
7 15 0
5 12 0
0 14 0
2 2 0
Net_id 25
pin_num 4
40 54 0
52 54 0
38 49 0
47 59 0
Net_id 26
pin_num 4
18 13 0
18 22 0
24 20 0
3 19 0
Net_id 27
pin_num 4
20 22 0
15 37 0
17 24 0
16 58 0
Net_id 28
pin_num 4
48 16 0
47 25 0
42 19 0
55 59 0
Net_id 29
pin_num 4
4 22 0
2 30 0
2 42 0
11 29 0
Net_id 30
pin_num 4
20 45 0
13 49 0
16 59 0
40 47 0
Net_id 31
pin_num 4
51 8 0
59 1 0
55 1 0
45 7 0
Net_id 32
pin_num 4
16 57 0
21 48 0
41 51 0
25 48 0
Net_id 33
pin_num 4
10 11 0
9 8 0
17 14 0
6 0 0
Net_id 34
pin_num 4
57 13 0
49 19 0
45 0 0
55 52 0
Net_id 35
pin_num 4
48 13 0
38 11 0
57 9 0
54 4 0
Net_id 36
pin_num 4
1 4 0
8 2 0
5 8 0
3 9 0
Net_id 37
pin_num 4
31 26 0
20 26 0
16 38 0
26 7 0
Net_id 38
pin_num 4
34 19 0
18 27 0
27 9 0
22 51 0
Net_id 39
pin_num 4
44 5 0
57 18 0
55 22 0
38 10 0
Net_id 40
pin_num 4
50 46 0
42 32 0
49 26 0
56 33 0
Net_id 41
pin_num 3
49 58 0
55 53 0
44 51 0
Net_id 42
pin_num 3
4 31 0
21 44 0
0 25 0
Net_id 43
pin_num 3
35 36 0
15 40 0
31 58 0
Net_id 44
pin_num 3
5 33 0
0 19 0
10 15 0
Net_id 45
pin_num 3
1 35 0
5 34 0
4 30 0
Net_id 46
pin_num 3
24 44 0
30 42 0
47 44 0
Net_id 47
pin_num 3
37 5 0
56 31 0
43 31 0
Net_id 48
pin_num 3
13 23 0
8 17 0
18 28 0
Net_id 49
pin_num 3
5 51 0
1 49 0
12 45 0
Net_id 50
pin_num 3
11 1 0
6 9 0
5 4 0
Net_id 51
pin_num 3
31 51 0
40 51 0
44 48 0
Net_id 52
pin_num 3
9 9 0
7 17 0
9 0 0
Net_id 53
pin_num 3
55 32 0
51 29 0
58 37 0
Net_id 54
pin_num 3
54 47 0
45 55 0
58 57 0
Net_id 55
pin_num 3
33 11 0
45 17 0
43 10 0
Net_id 56
pin_num 3
42 3 0
52 3 0
58 2 0
Net_id 57
pin_num 3
4 38 0
3 27 0
38 35 0
Net_id 58
pin_num 3
18 4 0
6 1 0
43 1 0
Net_id 59
pin_num 3
41 55 0
35 55 0
39 49 0
Net_id 60
pin_num 3
20 19 0
11 6 0
1 26 0
Net_id 61
pin_num 3
37 14 0
50 22 0
49 48 0
Net_id 62
pin_num 3
26 53 0
11 49 0
4 53 0
Net_id 63
pin_num 3
57 41 0
48 34 0
50 38 0
Net_id 64
pin_num 3
11 12 0
17 7 0
22 5 0
Net_id 65
pin_num 3
49 25 0
56 24 0
39 33 0
Net_id 66
pin_num 3
14 44 0
9 42 0
28 36 0
Net_id 67
pin_num 3
6 30 0
29 36 0
26 42 0
Net_id 68
pin_num 3
6 54 0
1 59 0
30 52 0
Net_id 69
pin_num 3
28 43 0
18 38 0
25 34 0
Net_id 70
pin_num 3
15 46 0
25 58 0
34 57 0
Net_id 71
pin_num 3
41 32 0
32 16 0
32 1 0
Net_id 72
pin_num 3
18 8 0
0 16 0
12 17 0
Net_id 73
pin_num 3
8 38 0
17 21 0
19 13 0
Net_id 74
pin_num 3
35 10 0
20 17 0
31 37 0
Net_id 75
pin_num 3
10 47 0
2 47 0
22 17 0
Net_id 76
pin_num 3
5 9 0
1 5 0
10 12 0
Net_id 77
pin_num 3
49 24 0
34 16 0
53 16 0
Net_id 78
pin_num 3
28 14 0
37 23 0
38 19 0
Net_id 79
pin_num 2
21 4 0
38 0 0
Net_id 80
pin_num 2
56 27 0
58 51 0
Net_id 81
pin_num 2
56 6 0
52 6 0
Net_id 82
pin_num 2
30 49 0
41 40 0
Net_id 83
pin_num 2
48 51 0
53 51 0
Net_id 84
pin_num 2
43 58 0
40 41 0
Net_id 85
pin_num 2
44 59 0
53 46 0
Net_id 86
pin_num 2
26 57 0
33 56 0
Net_id 87
pin_num 2
42 46 0
56 40 0
Net_id 88
pin_num 2
2 44 0
17 58 0
Net_id 89
pin_num 2
59 53 0
56 52 0
Net_id 90
pin_num 2
9 27 0
30 9 0
Net_id 91
pin_num 2
28 37 0
30 34 0
Net_id 92
pin_num 2
5 35 0
20 49 0
Net_id 93
pin_num 2
18 3 0
34 1 0
Net_id 94
pin_num 2
9 37 0
0 59 0
Net_id 95
pin_num 2
54 55 0
43 57 0
Net_id 96
pin_num 2
38 50 0
53 36 0
Net_id 97
pin_num 2
40 18 0
57 22 0
Net_id 98
pin_num 2
15 56 0
3 42 0
Net_id 99
pin_num 2
25 6 0
29 4 0
Net_id 100
pin_num 2
39 30 0
56 36 0
Net_id 101
pin_num 2
37 10 0
34 12 0
Net_id 102
pin_num 2
24 33 0
1 55 0
Net_id 103
pin_num 2
32 28 0
45 45 0
Net_id 104
pin_num 2
24 3 0
29 6 0
Net_id 105
pin_num 2
1 43 0
14 47 0
Net_id 106
pin_num 2
48 45 0
58 58 0
Net_id 107
pin_num 2
47 28 0
38 33 0
Net_id 108
pin_num 2
33 33 0
17 10 0
Net_id 109
pin_num 2
19 48 0
7 48 0
Net_id 110
pin_num 2
39 56 0
58 49 0
Net_id 111
pin_num 2
24 29 0
24 22 0
Net_id 112
pin_num 2
14 7 0
35 6 0
Net_id 113
pin_num 2
42 29 0
26 14 0
Net_id 114
pin_num 2
37 8 0
10 43 0
Net_id 115
pin_num 2
37 39 0
56 37 0
Net_id 116
pin_num 2
26 32 0
11 3 0
Net_id 117
pin_num 2
27 12 0
24 16 0
Net_id 118
pin_num 2
48 9 0
57 25 0
Net_id 119
pin_num 2
7 57 0
21 46 0
Net_id 120
pin_num 2
16 0 0
31 6 0
Net_id 121
pin_num 2
27 6 0
46 29 0
Net_id 122
pin_num 2
46 49 0
32 58 0
Net_id 123
pin_num 2
22 24 0
12 34 0
Net_id 124
pin_num 2
38 56 0
34 56 0
Net_id 125
pin_num 2
2 10 0
10 16 0
Net_id 126
pin_num 2
33 4 0
30 8 0
Net_id 127
pin_num 2
25 7 0
20 10 0
Net_id 128
pin_num 2
9 10 0
11 34 0
Net_id 129
pin_num 2
44 7 0
52 1 0
Net_id 130
pin_num 2
33 7 0
55 27 0
Net_id 131
pin_num 2
42 57 0
33 50 0
Net_id 132
pin_num 2
26 27 0
23 7 0
Net_id 133
pin_num 2
2 38 0
5 39 0
Net_id 134
pin_num 2
27 29 0
41 19 0
Net_id 135
pin_num 2
23 18 0
34 9 0
Net_id 136
pin_num 2
18 33 0
3 25 0
Net_id 137
pin_num 2
6 36 0
18 42 0
Net_id 138
pin_num 2
25 40 0
9 34 0
Net_id 139
pin_num 2
57 1 0
50 28 0
Net_id 140
pin_num 2
12 12 0
17 2 0
Net_id 141
pin_num 2
51 24 0
52 29 0
Net_id 142
pin_num 2
50 29 0
57 15 0
Net_id 143
pin_num 2
41 14 0
58 17 0
Net_id 144
pin_num 2
2 1 0
17 23 0
Net_id 145
pin_num 2
31 46 0
18 41 0
Net_id 146
pin_num 2
42 55 0
53 54 0
Net_id 147
pin_num 2
0 58 0
18 39 0
Net_id 148
pin_num 2
13 1 0
6 14 0
Net_id 149
pin_num 2
23 58 0
12 40 0
Net_id 150
pin_num 2
26 0 0
19 14 0
Net_id 151
pin_num 2
14 46 0
8 42 0
Net_id 152
pin_num 2
17 8 0
28 4 0
Net_id 153
pin_num 2
8 53 0
14 51 0
Net_id 154
pin_num 2
32 37 0
45 16 0
Net_id 155
pin_num 2
52 17 0
47 4 0
Net_id 156
pin_num 2
40 40 0
32 48 0
Net_id 157
pin_num 2
44 57 0
54 58 0
Net_id 158
pin_num 2
20 13 0
51 34 0
Net_id 159
pin_num 2
57 19 0
53 9 0
