Width 60
Height 60
Layer 6
Total_WL 6521
Obstacle_num 144
19 18 0 24 19 0
22 25 0 27 26 0
47 40 0 56 41 0
21 5 0 24 6 0
46 9 0 56 10 0
51 37 0 54 38 0
14 27 0 22 28 0
40 13 0 49 14 0
37 24 0 40 25 0
7 15 0 17 16 0
32 1 0 35 2 0
20 11 0 24 12 0
5 30 0 11 31 0
23 19 0 32 20 0
9 6 0 14 7 0
38 11 0 42 12 0
11 35 0 18 36 0
41 46 0 48 47 0
45 24 0 51 25 0
36 52 0 39 53 0
14 49 0 19 50 0
48 38 0 53 39 0
55 15 0 59 16 0
49 0 0 53 1 0
58 45 1 59 53 1
55 36 1 56 39 1
0 13 1 1 16 1
2 5 1 3 9 1
6 34 1 7 38 1
26 3 1 27 10 1
25 33 1 26 42 1
39 36 1 40 46 1
8 55 1 9 59 1
12 7 1 13 15 1
4 27 1 5 35 1
14 25 1 15 31 1
3 49 1 4 57 1
28 5 1 29 15 1
35 19 1 36 27 1
26 50 1 27 58 1
10 29 1 11 39 1
50 32 1 51 37 1
4 13 1 5 16 1
55 41 1 56 49 1
53 38 1 54 42 1
0 8 1 1 11 1
50 43 1 51 52 1
34 22 1 35 26 1
16 16 2 22 17 2
19 38 2 26 39 2
6 19 2 12 20 2
45 46 2 52 47 2
22 29 2 27 30 2
38 15 2 47 16 2
21 0 2 24 1 2
23 18 2 31 19 2
21 37 2 24 38 2
34 48 2 39 49 2
42 46 2 45 47 2
3 2 2 7 3 2
43 30 2 52 31 2
12 49 2 18 50 2
52 1 2 57 2 2
29 39 2 37 40 2
29 50 2 33 51 2
2 39 2 10 40 2
23 7 2 26 8 2
20 17 2 27 18 2
45 53 2 55 54 2
7 2 2 11 3 2
49 56 2 56 57 2
7 10 2 10 11 2
11 20 3 12 29 3
22 1 3 23 9 3
8 18 3 9 26 3
52 7 3 53 10 3
45 13 3 46 21 3
26 14 3 27 24 3
39 50 3 40 59 3
10 16 3 11 19 3
1 38 3 2 41 3
22 33 3 23 39 3
47 35 3 48 40 3
53 20 3 54 25 3
3 16 3 4 24 3
31 22 3 32 30 3
8 33 3 9 36 3
43 35 3 44 45 3
53 6 3 54 14 3
15 43 3 16 46 3
46 56 3 47 59 3
47 42 3 48 46 3
17 4 3 18 13 3
38 27 3 39 34 3
11 50 3 12 53 3
52 10 3 53 19 3
30 34 4 35 35 4
14 11 4 18 12 4
36 9 4 42 10 4
34 28 4 42 29 4
54 24 4 59 25 4
35 1 4 42 2 4
52 10 4 57 11 4
25 16 4 34 17 4
9 51 4 18 52 4
3 52 4 13 53 4
35 3 4 44 4 4
33 15 4 42 16 4
7 53 4 13 54 4
50 45 4 58 46 4
39 55 4 44 56 4
41 6 4 45 7 4
26 0 4 29 1 4
38 35 4 41 36 4
33 57 4 42 58 4
7 29 4 15 30 4
24 51 4 29 52 4
2 23 4 12 24 4
46 9 4 51 10 4
44 56 4 53 57 4
1 21 5 2 26 5
32 27 5 33 31 5
29 24 5 30 34 5
34 9 5 35 13 5
19 27 5 20 33 5
31 12 5 32 20 5
58 22 5 59 29 5
23 43 5 24 52 5
26 2 5 27 12 5
57 49 5 58 59 5
45 8 5 46 11 5
20 54 5 21 57 5
40 34 5 41 38 5
11 50 5 12 57 5
54 29 5 55 32 5
4 40 5 5 49 5
53 25 5 54 33 5
54 43 5 55 50 5
46 17 5 47 27 5
36 16 5 37 25 5
13 29 5 14 34 5
39 8 5 40 17 5
57 26 5 58 34 5
2 2 5 3 7 5
Net_num 158
Net_id 0
pin_num 5
13 22 0
22 22 0
19 8 0
21 28 0
21 50 0
Net_id 1
pin_num 5
49 55 0
31 59 0
37 58 0
59 58 0
46 59 0
Net_id 2
pin_num 5
45 38 0
45 35 0
59 36 0
32 38 0
55 26 0
Net_id 3
pin_num 5
39 1 0
34 2 0
36 13 0
48 1 0
43 4 0
Net_id 4
pin_num 5
23 57 0
16 57 0
20 41 0
27 50 0
27 56 0
Net_id 5
pin_num 5
6 5 0
4 4 0
15 5 0
15 0 0
11 18 0
Net_id 6
pin_num 5
43 2 0
41 12 0
22 12 0
45 6 0
55 10 0
Net_id 7
pin_num 5
4 45 0
11 45 0
14 59 0
3 50 0
0 42 0
Net_id 8
pin_num 5
4 59 0
24 57 0
6 51 0
29 51 0
15 59 0
Net_id 9
pin_num 5
30 35 0
35 39 0
24 35 0
24 39 0
44 31 0
Net_id 10
pin_num 5
41 8 0
42 12 0
37 7 0
40 0 0
44 21 0
Net_id 11
pin_num 5
40 18 0
33 11 0
43 11 0
43 26 0
50 25 0
Net_id 12
pin_num 5
26 12 0
33 21 0
27 0 0
51 19 0
28 0 0
Net_id 13
pin_num 5
5 33 0
2 35 0
19 33 0
18 28 0
2 21 0
Net_id 14
pin_num 5
15 25 0
9 13 0
9 23 0
27 25 0
40 25 0
Net_id 15
pin_num 5
40 42 0
51 49 0
56 42 0
51 36 0
34 42 0
Net_id 16
pin_num 5
5 41 0
5 57 0
0 58 0
10 49 0
2 58 0
Net_id 17
pin_num 5
46 21 0
51 21 0
49 16 0
38 17 0
39 13 0
Net_id 18
pin_num 5
12 53 0
16 53 0
35 53 0
32 58 0
24 59 0
Net_id 19
pin_num 5
53 32 0
56 30 0
54 36 0
59 26 0
59 27 0
Net_id 20
pin_num 4
23 42 0
18 45 0
10 42 0
13 37 0
Net_id 21
pin_num 4
1 33 0
8 43 0
5 22 0
5 36 0
Net_id 22
pin_num 4
4 44 0
15 39 0
7 22 0
16 44 0
Net_id 23
pin_num 4
25 1 0
29 16 0
26 13 0
29 32 0
Net_id 24
pin_num 4
27 43 0
24 58 0
4 56 0
36 53 0
Net_id 25
pin_num 4
55 12 0
59 8 0
56 5 0
57 16 0
Net_id 26
pin_num 4
32 5 0
25 6 0
24 13 0
25 17 0
Net_id 27
pin_num 4
5 55 0
22 52 0
28 59 0
20 35 0
Net_id 28
pin_num 4
58 40 0
55 49 0
37 47 0
41 41 0
Net_id 29
pin_num 4
44 39 0
38 39 0
41 16 0
59 15 0
Net_id 30
pin_num 4
48 50 0
40 41 0
41 58 0
42 59 0
Net_id 31
pin_num 4
6 15 0
1 4 0
6 14 0
3 22 0
Net_id 32
pin_num 4
44 18 0
38 23 0
53 23 0
57 22 0
Net_id 33
pin_num 4
33 14 0
38 10 0
54 15 0
53 3 0
Net_id 34
pin_num 4
46 54 0
43 43 0
25 52 0
34 45 0
Net_id 35
pin_num 4
33 31 0
25 26 0
24 43 0
34 31 0
Net_id 36
pin_num 4
31 42 0
30 34 0
41 34 0
23 35 0
Net_id 37
pin_num 4
31 24 0
26 32 0
43 33 0
48 32 0
Net_id 38
pin_num 4
58 52 0
45 59 0
47 57 0
46 39 0
Net_id 39
pin_num 4
35 28 0
21 21 0
32 36 0
23 8 0
Net_id 40
pin_num 3
43 53 0
38 46 0
33 42 0
Net_id 41
pin_num 3
29 38 0
19 31 0
4 26 0
Net_id 42
pin_num 3
25 48 0
52 48 0
35 31 0
Net_id 43
pin_num 3
59 50 0
36 56 0
33 52 0
Net_id 44
pin_num 3
12 22 0
4 35 0
7 18 0
Net_id 45
pin_num 3
46 37 0
52 46 0
53 48 0
Net_id 46
pin_num 3
58 7 0
33 0 0
59 13 0
Net_id 47
pin_num 3
7 56 0
20 59 0
11 41 0
Net_id 48
pin_num 3
22 10 0
30 10 0
5 9 0
Net_id 49
pin_num 3
16 32 0
25 29 0
20 31 0
Net_id 50
pin_num 3
27 58 0
35 54 0
29 43 0
Net_id 51
pin_num 3
52 4 0
51 17 0
25 9 0
Net_id 52
pin_num 3
18 8 0
10 20 0
4 9 0
Net_id 53
pin_num 3
51 44 0
31 30 0
20 33 0
Net_id 54
pin_num 3
32 14 0
25 8 0
29 33 0
Net_id 55
pin_num 3
14 48 0
28 43 0
44 45 0
Net_id 56
pin_num 3
31 27 0
40 14 0
28 23 0
Net_id 57
pin_num 3
58 19 0
53 2 0
45 11 0
Net_id 58
pin_num 3
36 8 0
45 8 0
33 3 0
Net_id 59
pin_num 3
42 43 0
30 46 0
1 46 0
Net_id 60
pin_num 3
18 59 0
3 45 0
19 39 0
Net_id 61
pin_num 3
6 13 0
2 3 0
30 3 0
Net_id 62
pin_num 3
20 55 0
26 49 0
54 50 0
Net_id 63
pin_num 3
52 54 0
45 57 0
59 53 0
Net_id 64
pin_num 3
7 53 0
2 57 0
2 56 0
Net_id 65
pin_num 3
5 17 0
21 10 0
16 24 0
Net_id 66
pin_num 3
32 32 0
33 40 0
49 43 0
Net_id 67
pin_num 3
29 15 0
20 23 0
0 12 0
Net_id 68
pin_num 3
5 10 0
30 14 0
14 12 0
Net_id 69
pin_num 3
44 49 0
28 57 0
44 54 0
Net_id 70
pin_num 3
36 19 0
44 19 0
56 40 0
Net_id 71
pin_num 3
22 34 0
35 49 0
1 24 0
Net_id 72
pin_num 3
49 23 0
36 45 0
50 31 0
Net_id 73
pin_num 3
7 11 0
14 11 0
15 11 0
Net_id 74
pin_num 3
40 5 0
50 5 0
58 20 0
Net_id 75
pin_num 3
35 18 0
58 22 0
57 9 0
Net_id 76
pin_num 3
7 28 0
2 36 0
2 48 0
Net_id 77
pin_num 2
45 26 0
47 36 0
Net_id 78
pin_num 2
3 35 0
0 7 0
Net_id 79
pin_num 2
14 10 0
24 21 0
Net_id 80
pin_num 2
22 49 0
34 54 0
Net_id 81
pin_num 2
49 31 0
37 23 0
Net_id 82
pin_num 2
52 43 0
59 48 0
Net_id 83
pin_num 2
54 29 0
39 8 0
Net_id 84
pin_num 2
21 2 0
35 1 0
Net_id 85
pin_num 2
43 57 0
37 56 0
Net_id 86
pin_num 2
21 17 0
1 6 0
Net_id 87
pin_num 2
6 42 0
17 39 0
Net_id 88
pin_num 2
58 24 0
48 39 0
Net_id 89
pin_num 2
53 41 0
57 40 0
Net_id 90
pin_num 2
32 2 0
10 1 0
Net_id 91
pin_num 2
16 45 0
22 36 0
Net_id 92
pin_num 2
20 56 0
35 37 0
Net_id 93
pin_num 2
15 9 0
6 18 0
Net_id 94
pin_num 2
26 36 0
30 36 0
Net_id 95
pin_num 2
26 54 0
44 53 0
Net_id 96
pin_num 2
50 20 0
57 1 0
Net_id 97
pin_num 2
44 47 0
36 51 0
Net_id 98
pin_num 2
15 19 0
12 36 0
Net_id 99
pin_num 2
57 38 0
47 38 0
Net_id 100
pin_num 2
19 35 0
18 40 0
Net_id 101
pin_num 2
13 32 0
19 59 0
Net_id 102
pin_num 2
54 37 0
33 41 0
Net_id 103
pin_num 2
18 43 0
34 30 0
Net_id 104
pin_num 2
35 32 0
46 38 0
Net_id 105
pin_num 2
45 20 0
59 46 0
Net_id 106
pin_num 2
46 47 0
50 58 0
Net_id 107
pin_num 2
4 3 0
17 23 0
Net_id 108
pin_num 2
47 0 0
37 13 0
Net_id 109
pin_num 2
11 17 0
32 20 0
Net_id 110
pin_num 2
41 6 0
35 11 0
Net_id 111
pin_num 2
12 23 0
22 21 0
Net_id 112
pin_num 2
13 7 0
4 6 0
Net_id 113
pin_num 2
8 12 0
9 12 0
Net_id 114
pin_num 2
36 4 0
39 7 0
Net_id 115
pin_num 2
58 56 0
52 57 0
Net_id 116
pin_num 2
22 40 0
28 49 0
Net_id 117
pin_num 2
35 23 0
39 28 0
Net_id 118
pin_num 2
33 13 0
27 13 0
Net_id 119
pin_num 2
20 37 0
17 29 0
Net_id 120
pin_num 2
5 28 0
3 31 0
Net_id 121
pin_num 2
51 25 0
48 12 0
Net_id 122
pin_num 2
47 4 0
33 2 0
Net_id 123
pin_num 2
57 54 0
45 50 0
Net_id 124
pin_num 2
52 11 0
48 11 0
Net_id 125
pin_num 2
34 26 0
26 21 0
Net_id 126
pin_num 2
12 37 0
0 40 0
Net_id 127
pin_num 2
43 7 0
34 7 0
Net_id 128
pin_num 2
58 28 0
54 44 0
Net_id 129
pin_num 2
20 52 0
39 30 0
Net_id 130
pin_num 2
35 15 0
47 15 0
Net_id 131
pin_num 2
14 9 0
27 14 0
Net_id 132
pin_num 2
0 3 0
15 12 0
Net_id 133
pin_num 2
16 26 0
8 29 0
Net_id 134
pin_num 2
17 58 0
1 44 0
Net_id 135
pin_num 2
2 55 0
9 38 0
Net_id 136
pin_num 2
19 19 0
33 17 0
Net_id 137
pin_num 2
8 57 0
17 54 0
Net_id 138
pin_num 2
31 18 0
26 18 0
Net_id 139
pin_num 2
27 20 0
38 8 0
Net_id 140
pin_num 2
59 21 0
37 36 0
Net_id 141
pin_num 2
55 3 0
38 20 0
Net_id 142
pin_num 2
7 9 0
3 36 0
Net_id 143
pin_num 2
12 24 0
4 19 0
Net_id 144
pin_num 2
4 51 0
0 27 0
Net_id 145
pin_num 2
30 49 0
36 41 0
Net_id 146
pin_num 2
0 49 0
10 39 0
Net_id 147
pin_num 2
20 12 0
32 3 0
Net_id 148
pin_num 2
47 14 0
56 33 0
Net_id 149
pin_num 2
54 57 0
59 49 0
Net_id 150
pin_num 2
50 2 0
41 14 0
Net_id 151
pin_num 2
57 17 0
47 6 0
Net_id 152
pin_num 2
49 13 0
58 2 0
Net_id 153
pin_num 2
54 4 0
55 1 0
Net_id 154
pin_num 2
30 1 0
20 2 0
Net_id 155
pin_num 2
30 52 0
15 50 0
Net_id 156
pin_num 2
4 17 0
17 15 0
Net_id 157
pin_num 2
59 51 0
38 53 0
