Width 60
Height 60
Layer 6
Total_WL 6781
Obstacle_num 144
12 56 0 22 57 0
34 52 0 42 53 0
23 55 0 28 56 0
36 16 0 45 17 0
46 30 0 54 31 0
48 17 0 58 18 0
10 57 0 17 58 0
53 4 0 56 5 0
34 24 0 43 25 0
51 58 0 54 59 0
39 15 0 44 16 0
26 23 0 30 24 0
38 1 0 47 2 0
29 39 0 35 40 0
31 15 0 35 16 0
20 58 0 27 59 0
30 18 0 36 19 0
17 53 0 23 54 0
22 15 0 31 16 0
17 25 0 21 26 0
21 12 0 24 13 0
37 35 0 45 36 0
9 10 0 19 11 0
31 46 0 35 47 0
42 13 1 43 18 1
51 16 1 52 19 1
38 36 1 39 41 1
31 31 1 32 39 1
32 1 1 33 5 1
16 42 1 17 50 1
13 55 1 14 58 1
33 5 1 34 9 1
46 26 1 47 35 1
50 46 1 51 50 1
44 3 1 45 6 1
22 5 1 23 8 1
55 39 1 56 49 1
18 38 1 19 45 1
18 51 1 19 56 1
33 49 1 34 54 1
28 54 1 29 57 1
10 33 1 11 36 1
27 42 1 28 45 1
54 23 1 55 31 1
22 34 1 23 38 1
2 21 1 3 29 1
43 44 1 44 54 1
31 41 1 32 49 1
2 27 2 9 28 2
31 50 2 37 51 2
18 46 2 25 47 2
36 56 2 40 57 2
1 16 2 5 17 2
2 38 2 5 39 2
21 2 2 26 3 2
55 33 2 58 34 2
52 1 2 57 2 2
5 22 2 9 23 2
29 42 2 39 43 2
29 33 2 32 34 2
6 14 2 16 15 2
21 12 2 26 13 2
20 40 2 30 41 2
0 33 2 3 34 2
4 54 2 8 55 2
22 21 2 26 22 2
37 25 2 43 26 2
50 42 2 54 43 2
50 53 2 59 54 2
46 4 2 53 5 2
43 20 2 52 21 2
34 45 2 39 46 2
20 12 3 21 18 3
19 15 3 20 22 3
55 1 3 56 7 3
27 2 3 28 12 3
3 26 3 4 29 3
51 15 3 52 25 3
5 6 3 6 16 3
42 13 3 43 18 3
28 10 3 29 16 3
19 23 3 20 32 3
8 32 3 9 42 3
13 20 3 14 27 3
54 46 3 55 50 3
41 14 3 42 22 3
36 9 3 37 17 3
27 18 3 28 25 3
43 29 3 44 38 3
7 52 3 8 57 3
17 10 3 18 15 3
54 20 3 55 26 3
24 31 3 25 35 3
3 10 3 4 13 3
40 16 3 41 26 3
9 7 3 10 13 3
6 14 4 15 15 4
20 27 4 23 28 4
2 3 4 10 4 4
1 25 4 9 26 4
10 1 4 19 2 4
13 16 4 19 17 4
7 41 4 16 42 4
52 22 4 58 23 4
36 15 4 39 16 4
19 49 4 28 50 4
17 39 4 23 40 4
38 32 4 48 33 4
23 23 4 32 24 4
21 17 4 26 18 4
26 21 4 33 22 4
4 36 4 10 37 4
15 31 4 23 32 4
43 5 4 53 6 4
18 35 4 28 36 4
29 43 4 32 44 4
8 37 4 18 38 4
2 5 4 12 6 4
14 24 4 22 25 4
20 15 4 29 16 4
23 0 5 24 10 5
41 19 5 42 24 5
30 27 5 31 37 5
36 20 5 37 29 5
34 19 5 35 24 5
54 12 5 55 19 5
33 8 5 34 11 5
22 2 5 23 6 5
8 26 5 9 35 5
1 34 5 2 38 5
40 49 5 41 52 5
53 35 5 54 45 5
37 48 5 38 57 5
40 41 5 41 49 5
5 19 5 6 28 5
51 0 5 52 8 5
1 15 5 2 24 5
42 23 5 43 28 5
14 32 5 15 37 5
27 15 5 28 24 5
27 42 5 28 48 5
0 20 5 1 28 5
50 42 5 51 50 5
57 7 5 58 15 5
Net_num 161
Net_id 0
pin_num 5
30 27 0
14 31 0
0 24 0
6 47 0
9 46 0
Net_id 1
pin_num 5
57 55 0
49 54 0
56 49 0
56 29 0
37 49 0
Net_id 2
pin_num 5
26 14 0
31 7 0
27 16 0
42 7 0
10 0 0
Net_id 3
pin_num 5
39 23 0
51 23 0
40 14 0
44 43 0
59 32 0
Net_id 4
pin_num 5
3 50 0
1 47 0
13 50 0
26 49 0
4 59 0
Net_id 5
pin_num 5
0 3 0
9 0 0
0 0 0
8 1 0
1 9 0
Net_id 6
pin_num 5
41 33 0
36 21 0
55 30 0
36 4 0
45 0 0
Net_id 7
pin_num 5
13 58 0
14 55 0
14 32 0
14 54 0
0 54 0
Net_id 8
pin_num 5
15 16 0
6 17 0
5 23 0
3 17 0
4 5 0
Net_id 9
pin_num 5
27 1 0
35 9 0
35 32 0
10 2 0
20 8 0
Net_id 10
pin_num 5
23 46 0
29 41 0
28 33 0
39 22 0
59 30 0
Net_id 11
pin_num 5
15 3 0
8 3 0
12 19 0
28 0 0
3 3 0
Net_id 12
pin_num 5
14 19 0
11 2 0
0 6 0
9 13 0
6 7 0
Net_id 13
pin_num 5
2 59 0
10 52 0
21 52 0
21 59 0
15 50 0
Net_id 14
pin_num 5
17 14 0
2 11 0
13 8 0
9 21 0
14 1 0
Net_id 15
pin_num 5
1 19 0
10 26 0
0 15 0
16 19 0
7 33 0
Net_id 16
pin_num 5
12 20 0
1 15 0
7 4 0
11 5 0
17 8 0
Net_id 17
pin_num 5
22 22 0
29 14 0
17 24 0
26 37 0
12 23 0
Net_id 18
pin_num 5
53 29 0
47 41 0
59 48 0
50 16 0
48 53 0
Net_id 19
pin_num 5
47 37 0
41 38 0
35 37 0
17 38 0
30 19 0
Net_id 20
pin_num 4
6 54 0
8 57 0
3 59 0
27 58 0
Net_id 21
pin_num 4
44 47 0
36 47 0
18 47 0
26 41 0
Net_id 22
pin_num 4
36 25 0
25 42 0
40 42 0
55 35 0
Net_id 23
pin_num 4
10 41 0
20 41 0
13 23 0
4 31 0
Net_id 24
pin_num 4
25 13 0
35 11 0
17 11 0
44 11 0
Net_id 25
pin_num 4
45 12 0
54 18 0
24 12 0
23 8 0
Net_id 26
pin_num 4
55 32 0
59 36 0
46 36 0
55 50 0
Net_id 27
pin_num 4
19 30 0
8 33 0
0 31 0
3 43 0
Net_id 28
pin_num 4
4 35 0
20 35 0
0 10 0
14 12 0
Net_id 29
pin_num 4
0 43 0
5 38 0
0 40 0
15 34 0
Net_id 30
pin_num 4
15 21 0
11 19 0
15 9 0
16 1 0
Net_id 31
pin_num 4
41 45 0
44 36 0
36 59 0
15 59 0
Net_id 32
pin_num 4
56 43 0
59 57 0
57 21 0
54 43 0
Net_id 33
pin_num 4
42 44 0
48 36 0
16 38 0
59 39 0
Net_id 34
pin_num 4
38 23 0
36 35 0
31 29 0
59 33 0
Net_id 35
pin_num 4
3 40 0
10 42 0
1 29 0
1 46 0
Net_id 36
pin_num 4
34 4 0
45 2 0
45 18 0
47 1 0
Net_id 37
pin_num 4
10 37 0
16 36 0
16 24 0
6 23 0
Net_id 38
pin_num 4
58 23 0
54 38 0
53 26 0
29 26 0
Net_id 39
pin_num 4
29 0 0
44 2 0
35 3 0
40 6 0
Net_id 40
pin_num 3
6 51 0
18 51 0
4 51 0
Net_id 41
pin_num 3
7 38 0
21 50 0
8 34 0
Net_id 42
pin_num 3
39 21 0
37 20 0
50 12 0
Net_id 43
pin_num 3
40 28 0
51 28 0
59 10 0
Net_id 44
pin_num 3
27 6 0
32 8 0
10 13 0
Net_id 45
pin_num 3
30 17 0
15 7 0
2 1 0
Net_id 46
pin_num 3
37 59 0
45 59 0
39 43 0
Net_id 47
pin_num 3
15 44 0
19 55 0
20 46 0
Net_id 48
pin_num 3
13 59 0
21 51 0
3 48 0
Net_id 49
pin_num 3
30 45 0
36 27 0
35 51 0
Net_id 50
pin_num 3
2 2 0
15 22 0
15 5 0
Net_id 51
pin_num 3
21 37 0
29 50 0
46 59 0
Net_id 52
pin_num 3
39 47 0
37 41 0
41 58 0
Net_id 53
pin_num 3
5 56 0
23 50 0
23 36 0
Net_id 54
pin_num 3
3 31 0
1 28 0
9 27 0
Net_id 55
pin_num 3
13 52 0
6 48 0
5 53 0
Net_id 56
pin_num 3
4 28 0
14 15 0
0 4 0
Net_id 57
pin_num 3
24 8 0
29 2 0
39 5 0
Net_id 58
pin_num 3
40 20 0
28 26 0
52 43 0
Net_id 59
pin_num 3
22 20 0
9 6 0
19 1 0
Net_id 60
pin_num 3
17 48 0
1 36 0
0 42 0
Net_id 61
pin_num 3
6 32 0
16 20 0
41 22 0
Net_id 62
pin_num 3
1 6 0
6 13 0
0 14 0
Net_id 63
pin_num 3
56 59 0
36 49 0
35 21 0
Net_id 64
pin_num 3
26 9 0
29 20 0
43 10 0
Net_id 65
pin_num 3
8 53 0
0 41 0
22 41 0
Net_id 66
pin_num 3
40 3 0
57 9 0
58 0 0
Net_id 67
pin_num 3
38 54 0
30 54 0
35 39 0
Net_id 68
pin_num 3
16 9 0
24 3 0
18 2 0
Net_id 69
pin_num 3
31 31 0
21 16 0
33 43 0
Net_id 70
pin_num 3
42 2 0
31 4 0
44 19 0
Net_id 71
pin_num 3
10 28 0
20 28 0
1 55 0
Net_id 72
pin_num 3
20 3 0
37 14 0
19 10 0
Net_id 73
pin_num 3
59 0 0
55 12 0
52 3 0
Net_id 74
pin_num 3
44 25 0
32 19 0
14 25 0
Net_id 75
pin_num 3
46 34 0
42 31 0
58 10 0
Net_id 76
pin_num 3
1 3 0
5 5 0
18 12 0
Net_id 77
pin_num 3
24 4 0
43 4 0
39 8 0
Net_id 78
pin_num 3
54 22 0
58 18 0
55 15 0
Net_id 79
pin_num 3
21 4 0
13 6 0
16 12 0
Net_id 80
pin_num 2
42 21 0
39 18 0
Net_id 81
pin_num 2
38 41 0
36 53 0
Net_id 82
pin_num 2
19 23 0
17 18 0
Net_id 83
pin_num 2
28 37 0
19 12 0
Net_id 84
pin_num 2
28 25 0
16 2 0
Net_id 85
pin_num 2
53 56 0
36 51 0
Net_id 86
pin_num 2
13 17 0
1 37 0
Net_id 87
pin_num 2
0 58 0
15 55 0
Net_id 88
pin_num 2
34 7 0
54 0 0
Net_id 89
pin_num 2
49 20 0
57 16 0
Net_id 90
pin_num 2
58 14 0
40 34 0
Net_id 91
pin_num 2
50 13 0
32 25 0
Net_id 92
pin_num 2
53 47 0
57 57 0
Net_id 93
pin_num 2
38 55 0
24 45 0
Net_id 94
pin_num 2
38 9 0
46 2 0
Net_id 95
pin_num 2
52 6 0
56 10 0
Net_id 96
pin_num 2
16 8 0
3 21 0
Net_id 97
pin_num 2
50 32 0
56 24 0
Net_id 98
pin_num 2
54 39 0
59 29 0
Net_id 99
pin_num 2
8 44 0
7 47 0
Net_id 100
pin_num 2
15 31 0
4 22 0
Net_id 101
pin_num 2
1 50 0
1 59 0
Net_id 102
pin_num 2
27 51 0
9 57 0
Net_id 103
pin_num 2
5 45 0
7 43 0
Net_id 104
pin_num 2
21 2 0
31 5 0
Net_id 105
pin_num 2
1 53 0
11 47 0
Net_id 106
pin_num 2
53 45 0
50 34 0
Net_id 107
pin_num 2
56 40 0
41 42 0
Net_id 108
pin_num 2
45 9 0
48 0 0
Net_id 109
pin_num 2
48 57 0
46 55 0
Net_id 110
pin_num 2
51 1 0
56 23 0
Net_id 111
pin_num 2
26 18 0
23 34 0
Net_id 112
pin_num 2
18 8 0
11 4 0
Net_id 113
pin_num 2
29 58 0
29 49 0
Net_id 114
pin_num 2
47 11 0
47 17 0
Net_id 115
pin_num 2
16 21 0
20 26 0
Net_id 116
pin_num 2
43 40 0
45 27 0
Net_id 117
pin_num 2
46 14 0
50 15 0
Net_id 118
pin_num 2
36 45 0
17 32 0
Net_id 119
pin_num 2
47 21 0
54 21 0
Net_id 120
pin_num 2
7 36 0
3 26 0
Net_id 121
pin_num 2
47 22 0
41 29 0
Net_id 122
pin_num 2
57 50 0
59 58 0
Net_id 123
pin_num 2
2 47 0
13 54 0
Net_id 124
pin_num 2
27 59 0
18 48 0
Net_id 125
pin_num 2
46 52 0
43 22 0
Net_id 126
pin_num 2
49 52 0
57 58 0
Net_id 127
pin_num 2
30 3 0
11 15 0
Net_id 128
pin_num 2
54 34 0
51 43 0
Net_id 129
pin_num 2
53 33 0
59 34 0
Net_id 130
pin_num 2
28 57 0
16 40 0
Net_id 131
pin_num 2
0 25 0
8 25 0
Net_id 132
pin_num 2
44 27 0
42 46 0
Net_id 133
pin_num 2
20 44 0
44 24 0
Net_id 134
pin_num 2
21 8 0
33 25 0
Net_id 135
pin_num 2
55 1 0
54 3 0
Net_id 136
pin_num 2
17 33 0
35 30 0
Net_id 137
pin_num 2
28 43 0
23 43 0
Net_id 138
pin_num 2
6 9 0
19 2 0
Net_id 139
pin_num 2
12 7 0
20 5 0
Net_id 140
pin_num 2
28 52 0
33 48 0
Net_id 141
pin_num 2
27 33 0
25 39 0
Net_id 142
pin_num 2
51 57 0
49 58 0
Net_id 143
pin_num 2
7 57 0
2 33 0
Net_id 144
pin_num 2
39 54 0
30 59 0
Net_id 145
pin_num 2
23 1 0
16 4 0
Net_id 146
pin_num 2
25 9 0
39 13 0
Net_id 147
pin_num 2
3 18 0
11 21 0
Net_id 148
pin_num 2
19 40 0
17 42 0
Net_id 149
pin_num 2
45 39 0
47 42 0
Net_id 150
pin_num 2
9 11 0
6 4 0
Net_id 151
pin_num 2
5 39 0
5 43 0
Net_id 152
pin_num 2
39 53 0
45 50 0
Net_id 153
pin_num 2
46 43 0
51 48 0
Net_id 154
pin_num 2
50 8 0
56 19 0
Net_id 155
pin_num 2
38 8 0
24 16 0
Net_id 156
pin_num 2
3 55 0
17 43 0
Net_id 157
pin_num 2
44 14 0
40 4 0
Net_id 158
pin_num 2
7 31 0
12 39 0
Net_id 159
pin_num 2
45 33 0
49 34 0
Net_id 160
pin_num 2
46 11 0
39 3 0
