Width 60
Height 60
Layer 6
Total_WL 6960
Obstacle_num 144
19 46 0 24 47 0
17 10 0 25 11 0
0 55 0 9 56 0
21 18 0 24 19 0
29 22 0 38 23 0
29 43 0 38 44 0
41 34 0 46 35 0
47 8 0 52 9 0
45 10 0 49 11 0
21 37 0 27 38 0
26 12 0 36 13 0
38 39 0 45 40 0
55 11 0 59 12 0
1 7 0 7 8 0
31 42 0 34 43 0
25 23 0 33 24 0
12 39 0 15 40 0
6 30 0 15 31 0
29 1 0 32 2 0
32 52 0 37 53 0
21 41 0 29 42 0
13 25 0 23 26 0
44 5 0 53 6 0
41 28 0 50 29 0
53 9 1 54 14 1
54 26 1 55 32 1
39 4 1 40 7 1
4 21 1 5 27 1
47 8 1 48 18 1
1 39 1 2 48 1
35 2 1 36 9 1
49 16 1 50 22 1
4 38 1 5 45 1
54 51 1 55 54 1
58 17 1 59 22 1
3 33 1 4 43 1
10 22 1 11 25 1
9 16 1 10 25 1
37 22 1 38 26 1
30 48 1 31 57 1
32 44 1 33 53 1
15 31 1 16 38 1
45 6 1 46 14 1
2 3 1 3 11 1
47 47 1 48 55 1
46 16 1 47 25 1
28 6 1 29 10 1
39 9 1 40 14 1
27 51 2 37 52 2
21 24 2 30 25 2
27 30 2 33 31 2
38 38 2 45 39 2
21 16 2 31 17 2
0 44 2 10 45 2
44 39 2 48 40 2
29 10 2 37 11 2
16 5 2 21 6 2
11 50 2 16 51 2
37 3 2 43 4 2
39 50 2 43 51 2
51 17 2 58 18 2
43 3 2 51 4 2
27 26 2 36 27 2
6 24 2 15 25 2
14 39 2 24 40 2
14 28 2 22 29 2
16 8 2 26 9 2
9 47 2 17 48 2
16 41 2 25 42 2
31 7 2 38 8 2
47 1 2 51 2 2
30 23 2 37 24 2
38 53 3 39 58 3
52 24 3 53 34 3
27 12 3 28 20 3
41 11 3 42 16 3
24 14 3 25 17 3
18 36 3 19 40 3
18 9 3 19 13 3
21 36 3 22 44 3
19 27 3 20 30 3
19 22 3 20 26 3
43 40 3 44 49 3
36 19 3 37 29 3
2 44 3 3 48 3
37 10 3 38 15 3
35 29 3 36 36 3
38 44 3 39 51 3
39 27 3 40 35 3
12 44 3 13 50 3
16 2 3 17 11 3
42 33 3 43 38 3
8 49 3 9 57 3
14 38 3 15 41 3
18 19 3 19 23 3
8 3 3 9 6 3
49 41 4 55 42 4
26 10 4 33 11 4
46 5 4 50 6 4
48 28 4 56 29 4
7 50 4 17 51 4
11 45 4 14 46 4
23 48 4 31 49 4
43 37 4 52 38 4
14 6 4 22 7 4
51 20 4 54 21 4
29 40 4 35 41 4
32 37 4 40 38 4
41 56 4 51 57 4
37 4 4 43 5 4
19 26 4 23 27 4
20 8 4 28 9 4
13 38 4 21 39 4
10 16 4 20 17 4
24 29 4 31 30 4
53 3 4 59 4 4
42 23 4 51 24 4
0 21 4 9 22 4
47 48 4 57 49 4
29 18 4 39 19 4
8 21 5 9 28 5
57 50 5 58 55 5
3 26 5 4 32 5
26 17 5 27 21 5
51 20 5 52 26 5
19 18 5 20 26 5
57 5 5 58 12 5
37 15 5 38 22 5
18 38 5 19 42 5
26 29 5 27 36 5
10 51 5 11 56 5
25 15 5 26 20 5
43 16 5 44 22 5
50 3 5 51 10 5
48 32 5 49 41 5
2 32 5 3 37 5
36 20 5 37 26 5
39 4 5 40 11 5
19 30 5 20 36 5
29 29 5 30 37 5
17 20 5 18 25 5
1 22 5 2 29 5
14 16 5 15 23 5
34 19 5 35 29 5
Net_num 162
Net_id 0
pin_num 5
44 40 0
48 32 0
48 13 0
34 13 0
59 30 0
Net_id 1
pin_num 5
47 17 0
43 17 0
44 41 0
28 35 0
47 31 0
Net_id 2
pin_num 5
39 1 0
32 9 0
48 0 0
34 4 0
34 18 0
Net_id 3
pin_num 5
49 15 0
48 15 0
50 9 0
57 33 0
49 23 0
Net_id 4
pin_num 5
58 39 0
54 44 0
59 45 0
45 42 0
52 59 0
Net_id 5
pin_num 5
55 5 0
53 7 0
37 8 0
50 0 0
59 4 0
Net_id 6
pin_num 5
11 20 0
2 24 0
4 45 0
0 25 0
4 8 0
Net_id 7
pin_num 5
50 11 0
41 11 0
54 20 0
51 16 0
52 0 0
Net_id 8
pin_num 5
39 6 0
39 14 0
53 0 0
38 25 0
42 15 0
Net_id 9
pin_num 5
42 47 0
49 48 0
59 59 0
49 59 0
25 47 0
Net_id 10
pin_num 5
7 18 0
15 18 0
13 29 0
1 19 0
30 19 0
Net_id 11
pin_num 5
31 34 0
41 24 0
25 34 0
19 32 0
25 31 0
Net_id 12
pin_num 5
39 0 0
47 0 0
40 3 0
30 2 0
27 0 0
Net_id 13
pin_num 5
58 51 0
42 48 0
35 58 0
45 48 0
42 25 0
Net_id 14
pin_num 5
46 6 0
41 3 0
44 1 0
28 1 0
48 3 0
Net_id 15
pin_num 5
32 50 0
28 50 0
32 59 0
10 55 0
31 39 0
Net_id 16
pin_num 5
46 27 0
50 26 0
58 31 0
30 29 0
59 32 0
Net_id 17
pin_num 5
39 34 0
40 50 0
38 48 0
25 49 0
33 54 0
Net_id 18
pin_num 5
12 51 0
6 54 0
0 45 0
3 46 0
29 54 0
Net_id 19
pin_num 5
35 56 0
44 59 0
44 48 0
43 44 0
39 33 0
Net_id 20
pin_num 5
21 56 0
23 39 0
25 52 0
23 49 0
31 30 0
Net_id 21
pin_num 5
32 5 0
42 10 0
48 2 0
26 0 0
6 0 0
Net_id 22
pin_num 4
32 3 0
38 5 0
22 5 0
27 7 0
Net_id 23
pin_num 4
39 55 0
34 56 0
59 43 0
53 58 0
Net_id 24
pin_num 4
29 13 0
13 13 0
21 1 0
31 10 0
Net_id 25
pin_num 4
56 32 0
49 43 0
55 14 0
59 28 0
Net_id 26
pin_num 4
41 45 0
51 45 0
45 55 0
53 4 0
Net_id 27
pin_num 4
0 34 0
18 37 0
5 25 0
0 42 0
Net_id 28
pin_num 4
37 54 0
45 56 0
37 48 0
50 58 0
Net_id 29
pin_num 4
20 5 0
23 3 0
29 4 0
1 5 0
Net_id 30
pin_num 4
25 57 0
8 57 0
20 56 0
4 56 0
Net_id 31
pin_num 4
5 9 0
11 9 0
10 3 0
5 23 0
Net_id 32
pin_num 4
36 45 0
23 45 0
34 40 0
46 35 0
Net_id 33
pin_num 4
2 18 0
9 25 0
6 44 0
0 28 0
Net_id 34
pin_num 4
17 16 0
14 20 0
14 0 0
0 19 0
Net_id 35
pin_num 4
22 59 0
22 38 0
15 59 0
32 41 0
Net_id 36
pin_num 4
5 52 0
3 47 0
6 52 0
23 59 0
Net_id 37
pin_num 4
51 37 0
57 38 0
51 33 0
35 33 0
Net_id 38
pin_num 4
31 6 0
22 17 0
25 35 0
47 18 0
Net_id 39
pin_num 4
21 7 0
28 10 0
31 11 0
28 22 0
Net_id 40
pin_num 4
13 55 0
25 53 0
23 53 0
24 36 0
Net_id 41
pin_num 4
46 46 0
35 46 0
33 55 0
51 57 0
Net_id 42
pin_num 3
3 30 0
5 32 0
17 35 0
Net_id 43
pin_num 3
24 46 0
38 28 0
27 25 0
Net_id 44
pin_num 3
7 31 0
25 40 0
37 59 0
Net_id 45
pin_num 3
20 34 0
10 58 0
24 14 0
Net_id 46
pin_num 3
59 25 0
48 25 0
42 16 0
Net_id 47
pin_num 3
0 41 0
11 41 0
17 26 0
Net_id 48
pin_num 3
46 18 0
35 14 0
5 0 0
Net_id 49
pin_num 3
47 23 0
59 13 0
45 14 0
Net_id 50
pin_num 3
6 13 0
16 20 0
13 1 0
Net_id 51
pin_num 3
58 19 0
38 19 0
48 37 0
Net_id 52
pin_num 3
6 50 0
15 49 0
19 58 0
Net_id 53
pin_num 3
50 59 0
51 55 0
51 47 0
Net_id 54
pin_num 3
32 18 0
20 2 0
19 1 0
Net_id 55
pin_num 3
58 46 0
41 42 0
52 47 0
Net_id 56
pin_num 3
39 53 0
54 36 0
21 45 0
Net_id 57
pin_num 3
43 33 0
40 31 0
58 22 0
Net_id 58
pin_num 3
14 31 0
5 40 0
7 57 0
Net_id 59
pin_num 3
42 9 0
59 1 0
25 2 0
Net_id 60
pin_num 3
46 55 0
50 54 0
57 41 0
Net_id 61
pin_num 3
29 21 0
33 21 0
47 21 0
Net_id 62
pin_num 3
7 37 0
18 26 0
14 58 0
Net_id 63
pin_num 3
11 3 0
13 9 0
22 0 0
Net_id 64
pin_num 3
8 42 0
0 56 0
23 58 0
Net_id 65
pin_num 3
1 8 0
7 1 0
23 6 0
Net_id 66
pin_num 3
19 26 0
32 32 0
56 30 0
Net_id 67
pin_num 3
30 27 0
44 14 0
45 29 0
Net_id 68
pin_num 3
42 41 0
58 32 0
59 38 0
Net_id 69
pin_num 3
55 8 0
43 25 0
46 25 0
Net_id 70
pin_num 3
26 48 0
33 28 0
47 26 0
Net_id 71
pin_num 3
15 12 0
28 27 0
24 1 0
Net_id 72
pin_num 3
38 31 0
31 31 0
47 59 0
Net_id 73
pin_num 3
3 50 0
8 34 0
7 58 0
Net_id 74
pin_num 3
43 7 0
46 4 0
52 17 0
Net_id 75
pin_num 3
23 44 0
8 29 0
48 41 0
Net_id 76
pin_num 3
52 22 0
37 19 0
48 22 0
Net_id 77
pin_num 3
14 46 0
24 35 0
23 20 0
Net_id 78
pin_num 3
51 43 0
46 44 0
48 53 0
Net_id 79
pin_num 3
21 22 0
5 20 0
14 21 0
Net_id 80
pin_num 3
56 42 0
59 19 0
42 22 0
Net_id 81
pin_num 3
15 32 0
25 11 0
29 33 0
Net_id 82
pin_num 2
58 55 0
58 36 0
Net_id 83
pin_num 2
16 42 0
6 57 0
Net_id 84
pin_num 2
12 46 0
11 34 0
Net_id 85
pin_num 2
18 16 0
24 16 0
Net_id 86
pin_num 2
47 37 0
20 24 0
Net_id 87
pin_num 2
24 15 0
26 11 0
Net_id 88
pin_num 2
18 13 0
33 4 0
Net_id 89
pin_num 2
20 58 0
30 42 0
Net_id 90
pin_num 2
18 52 0
53 57 0
Net_id 91
pin_num 2
3 21 0
5 33 0
Net_id 92
pin_num 2
9 49 0
1 49 0
Net_id 93
pin_num 2
12 1 0
8 7 0
Net_id 94
pin_num 2
45 39 0
49 37 0
Net_id 95
pin_num 2
1 53 0
17 58 0
Net_id 96
pin_num 2
55 29 0
50 29 0
Net_id 97
pin_num 2
39 37 0
57 57 0
Net_id 98
pin_num 2
57 39 0
53 34 0
Net_id 99
pin_num 2
17 34 0
11 51 0
Net_id 100
pin_num 2
7 26 0
3 10 0
Net_id 101
pin_num 2
18 27 0
28 16 0
Net_id 102
pin_num 2
40 41 0
29 52 0
Net_id 103
pin_num 2
44 22 0
50 12 0
Net_id 104
pin_num 2
15 0 0
12 25 0
Net_id 105
pin_num 2
17 52 0
21 33 0
Net_id 106
pin_num 2
32 39 0
40 20 0
Net_id 107
pin_num 2
49 6 0
58 24 0
Net_id 108
pin_num 2
34 20 0
44 42 0
Net_id 109
pin_num 2
46 13 0
35 11 0
Net_id 110
pin_num 2
59 11 0
57 5 0
Net_id 111
pin_num 2
16 51 0
29 58 0
Net_id 112
pin_num 2
6 4 0
29 9 0
Net_id 113
pin_num 2
36 33 0
36 29 0
Net_id 114
pin_num 2
6 40 0
19 21 0
Net_id 115
pin_num 2
39 43 0
50 47 0
Net_id 116
pin_num 2
22 1 0
11 10 0
Net_id 117
pin_num 2
43 53 0
41 49 0
Net_id 118
pin_num 2
31 25 0
23 14 0
Net_id 119
pin_num 2
30 10 0
22 31 0
Net_id 120
pin_num 2
33 18 0
40 12 0
Net_id 121
pin_num 2
3 11 0
10 25 0
Net_id 122
pin_num 2
12 28 0
16 26 0
Net_id 123
pin_num 2
38 24 0
51 35 0
Net_id 124
pin_num 2
26 53 0
56 29 0
Net_id 125
pin_num 2
3 0 0
13 11 0
Net_id 126
pin_num 2
28 58 0
14 53 0
Net_id 127
pin_num 2
43 1 0
56 20 0
Net_id 128
pin_num 2
57 56 0
53 50 0
Net_id 129
pin_num 2
43 16 0
43 12 0
Net_id 130
pin_num 2
26 17 0
18 23 0
Net_id 131
pin_num 2
1 12 0
8 13 0
Net_id 132
pin_num 2
36 26 0
32 33 0
Net_id 133
pin_num 2
6 2 0
16 10 0
Net_id 134
pin_num 2
49 54 0
26 51 0
Net_id 135
pin_num 2
1 40 0
8 47 0
Net_id 136
pin_num 2
4 28 0
25 50 0
Net_id 137
pin_num 2
54 18 0
45 31 0
Net_id 138
pin_num 2
59 22 0
55 4 0
Net_id 139
pin_num 2
23 50 0
15 51 0
Net_id 140
pin_num 2
45 27 0
34 33 0
Net_id 141
pin_num 2
17 53 0
21 49 0
Net_id 142
pin_num 2
3 27 0
1 26 0
Net_id 143
pin_num 2
27 38 0
48 38 0
Net_id 144
pin_num 2
40 11 0
22 20 0
Net_id 145
pin_num 2
43 27 0
32 36 0
Net_id 146
pin_num 2
40 51 0
29 51 0
Net_id 147
pin_num 2
58 44 0
49 50 0
Net_id 148
pin_num 2
3 51 0
1 56 0
Net_id 149
pin_num 2
37 33 0
39 29 0
Net_id 150
pin_num 2
24 40 0
8 58 0
Net_id 151
pin_num 2
53 45 0
55 40 0
Net_id 152
pin_num 2
37 6 0
33 8 0
Net_id 153
pin_num 2
53 9 0
44 4 0
Net_id 154
pin_num 2
58 21 0
51 26 0
Net_id 155
pin_num 2
4 33 0
1 38 0
Net_id 156
pin_num 2
45 24 0
58 27 0
Net_id 157
pin_num 2
23 23 0
20 20 0
Net_id 158
pin_num 2
24 28 0
9 10 0
Net_id 159
pin_num 2
51 50 0
51 41 0
Net_id 160
pin_num 2
13 8 0
8 10 0
Net_id 161
pin_num 2
14 29 0
35 19 0
