Width 60
Height 60
Layer 6
Total_WL 6914
Obstacle_num 144
30 43 0 38 44 0
46 58 0 56 59 0
39 45 0 48 46 0
16 53 0 24 54 0
17 48 0 25 49 0
1 11 0 11 12 0
41 47 0 44 48 0
34 15 0 44 16 0
34 22 0 42 23 0
20 16 0 24 17 0
44 9 0 54 10 0
48 30 0 58 31 0
48 57 0 54 58 0
14 5 0 18 6 0
23 38 0 31 39 0
45 27 0 55 28 0
34 30 0 40 31 0
3 30 0 12 31 0
16 30 0 26 31 0
48 23 0 53 24 0
49 36 0 58 37 0
26 18 0 29 19 0
45 42 0 53 43 0
39 55 0 45 56 0
47 38 1 48 41 1
17 50 1 18 56 1
32 13 1 33 19 1
11 18 1 12 28 1
1 6 1 2 14 1
15 7 1 16 14 1
48 33 1 49 42 1
42 43 1 43 49 1
11 37 1 12 43 1
20 30 1 21 36 1
7 2 1 8 8 1
26 24 1 27 27 1
58 42 1 59 45 1
31 25 1 32 29 1
34 5 1 35 12 1
34 48 1 35 55 1
47 47 1 48 56 1
28 26 1 29 30 1
29 52 1 30 56 1
27 25 1 28 35 1
25 8 1 26 12 1
37 13 1 38 16 1
40 26 1 41 35 1
36 39 1 37 42 1
38 37 2 48 38 2
29 43 2 36 44 2
8 21 2 12 22 2
55 25 2 58 26 2
47 23 2 54 24 2
8 33 2 18 34 2
26 21 2 29 22 2
34 0 2 44 1 2
26 41 2 30 42 2
35 51 2 41 52 2
9 43 2 12 44 2
44 25 2 50 26 2
19 27 2 28 28 2
51 39 2 57 40 2
36 12 2 42 13 2
53 27 2 56 28 2
17 3 2 24 4 2
44 22 2 53 23 2
8 18 2 14 19 2
16 48 2 25 49 2
4 42 2 14 43 2
10 52 2 18 53 2
43 10 2 47 11 2
44 1 2 47 2 2
51 17 3 52 26 3
35 46 3 36 52 3
7 38 3 8 43 3
10 22 3 11 31 3
56 33 3 57 43 3
4 42 3 5 48 3
50 28 3 51 37 3
32 32 3 33 42 3
24 32 3 25 40 3
5 13 3 6 21 3
6 42 3 7 48 3
16 11 3 17 17 3
43 18 3 44 24 3
45 24 3 46 30 3
18 35 3 19 38 3
3 0 3 4 8 3
47 15 3 48 25 3
36 2 3 37 12 3
8 6 3 9 13 3
26 15 3 27 18 3
13 28 3 14 32 3
33 40 3 34 48 3
48 28 3 49 32 3
40 47 3 41 52 3
9 3 4 12 4 4
50 42 4 55 43 4
24 20 4 31 21 4
43 13 4 48 14 4
12 36 4 15 37 4
21 26 4 30 27 4
16 0 4 24 1 4
33 10 4 40 11 4
20 45 4 27 46 4
19 40 4 25 41 4
35 24 4 43 25 4
40 30 4 50 31 4
55 16 4 58 17 4
10 19 4 18 20 4
13 1 4 19 2 4
24 3 4 27 4 4
45 40 4 53 41 4
38 43 4 48 44 4
24 15 4 28 16 4
20 21 4 24 22 4
45 23 4 51 24 4
12 39 4 21 40 4
43 20 4 51 21 4
27 24 4 35 25 4
39 34 5 40 43 5
35 33 5 36 43 5
24 5 5 25 12 5
49 49 5 50 59 5
39 23 5 40 28 5
24 18 5 25 27 5
40 22 5 41 26 5
51 30 5 52 36 5
41 40 5 42 48 5
50 25 5 51 34 5
15 46 5 16 49 5
52 22 5 53 31 5
46 17 5 47 22 5
27 27 5 28 32 5
39 19 5 40 23 5
42 25 5 43 33 5
49 23 5 50 33 5
48 31 5 49 39 5
1 42 5 2 49 5
45 26 5 46 30 5
25 43 5 26 48 5
9 34 5 10 40 5
43 2 5 44 12 5
14 17 5 15 21 5
Net_num 161
Net_id 0
pin_num 5
44 29 0
38 32 0
41 42 0
38 33 0
59 42 0
Net_id 1
pin_num 5
1 9 0
6 13 0
4 0 0
0 16 0
2 19 0
Net_id 2
pin_num 5
32 9 0
33 25 0
37 17 0
34 23 0
43 9 0
Net_id 3
pin_num 5
0 27 0
4 27 0
1 39 0
0 20 0
20 25 0
Net_id 4
pin_num 5
29 29 0
18 27 0
34 27 0
34 47 0
54 24 0
Net_id 5
pin_num 5
4 19 0
3 12 0
3 28 0
19 21 0
1 40 0
Net_id 6
pin_num 5
5 4 0
0 8 0
2 17 0
23 4 0
20 0 0
Net_id 7
pin_num 5
39 34 0
22 38 0
54 34 0
41 19 0
25 48 0
Net_id 8
pin_num 5
13 18 0
24 17 0
17 26 0
20 27 0
39 19 0
Net_id 9
pin_num 5
23 39 0
35 40 0
24 45 0
36 39 0
15 30 0
Net_id 10
pin_num 5
27 34 0
16 34 0
26 56 0
17 49 0
48 50 0
Net_id 11
pin_num 5
40 3 0
55 2 0
49 19 0
33 26 0
33 49 0
Net_id 12
pin_num 5
47 18 0
40 21 0
45 18 0
29 11 0
12 12 0
Net_id 13
pin_num 5
35 57 0
39 47 0
18 51 0
34 50 0
21 57 0
Net_id 14
pin_num 5
21 14 0
29 20 0
22 23 0
14 15 0
25 33 0
Net_id 15
pin_num 5
11 28 0
6 35 0
4 38 0
30 35 0
19 32 0
Net_id 16
pin_num 5
54 41 0
50 45 0
38 45 0
40 59 0
46 53 0
Net_id 17
pin_num 5
28 52 0
45 52 0
36 49 0
43 32 0
57 59 0
Net_id 18
pin_num 5
14 3 0
29 0 0
9 0 0
39 11 0
16 10 0
Net_id 19
pin_num 5
49 37 0
54 37 0
59 34 0
47 41 0
47 40 0
Net_id 20
pin_num 4
10 44 0
0 45 0
7 24 0
1 31 0
Net_id 21
pin_num 4
29 59 0
20 50 0
34 41 0
17 59 0
Net_id 22
pin_num 4
54 26 0
49 26 0
50 20 0
59 31 0
Net_id 23
pin_num 4
37 59 0
23 56 0
0 57 0
3 42 0
Net_id 24
pin_num 4
11 39 0
22 41 0
41 59 0
32 48 0
Net_id 25
pin_num 4
59 22 0
49 28 0
49 35 0
59 29 0
Net_id 26
pin_num 4
0 54 0
7 58 0
1 43 0
0 17 0
Net_id 27
pin_num 4
12 36 0
20 38 0
25 40 0
30 55 0
Net_id 28
pin_num 4
16 6 0
18 0 0
31 1 0
22 1 0
Net_id 29
pin_num 4
56 8 0
58 4 0
37 7 0
59 13 0
Net_id 30
pin_num 4
41 46 0
32 46 0
8 46 0
16 51 0
Net_id 31
pin_num 4
36 0 0
28 0 0
31 17 0
16 7 0
Net_id 32
pin_num 4
37 31 0
39 27 0
35 8 0
55 24 0
Net_id 33
pin_num 4
19 24 0
22 31 0
2 32 0
3 57 0
Net_id 34
pin_num 4
1 30 0
6 19 0
1 1 0
11 1 0
Net_id 35
pin_num 4
13 55 0
5 52 0
8 45 0
5 43 0
Net_id 36
pin_num 4
14 51 0
12 44 0
44 47 0
37 58 0
Net_id 37
pin_num 4
49 55 0
52 46 0
45 51 0
58 59 0
Net_id 38
pin_num 4
33 12 0
47 14 0
30 14 0
49 0 0
Net_id 39
pin_num 4
5 0 0
8 5 0
15 2 0
5 5 0
Net_id 40
pin_num 4
36 21 0
23 15 0
19 19 0
15 1 0
Net_id 41
pin_num 3
3 38 0
13 48 0
43 46 0
Net_id 42
pin_num 3
2 59 0
6 56 0
26 58 0
Net_id 43
pin_num 3
21 1 0
20 14 0
43 5 0
Net_id 44
pin_num 3
30 17 0
13 23 0
9 27 0
Net_id 45
pin_num 3
23 6 0
18 11 0
25 2 0
Net_id 46
pin_num 3
2 40 0
12 34 0
2 35 0
Net_id 47
pin_num 3
4 5 0
1 2 0
14 6 0
Net_id 48
pin_num 3
53 19 0
40 6 0
49 21 0
Net_id 49
pin_num 3
49 12 0
58 3 0
52 20 0
Net_id 50
pin_num 3
7 45 0
1 55 0
21 54 0
Net_id 51
pin_num 3
5 10 0
17 22 0
13 7 0
Net_id 52
pin_num 3
0 1 0
22 9 0
7 23 0
Net_id 53
pin_num 3
30 56 0
11 58 0
17 58 0
Net_id 54
pin_num 3
56 5 0
54 3 0
55 17 0
Net_id 55
pin_num 3
33 36 0
20 39 0
23 24 0
Net_id 56
pin_num 3
32 49 0
28 50 0
18 50 0
Net_id 57
pin_num 3
59 15 0
53 8 0
23 9 0
Net_id 58
pin_num 3
26 21 0
3 20 0
10 9 0
Net_id 59
pin_num 3
42 57 0
47 46 0
47 29 0
Net_id 60
pin_num 3
17 31 0
9 41 0
10 49 0
Net_id 61
pin_num 3
7 49 0
16 49 0
0 49 0
Net_id 62
pin_num 3
40 47 0
44 33 0
36 42 0
Net_id 63
pin_num 3
11 54 0
24 31 0
18 42 0
Net_id 64
pin_num 3
5 51 0
16 58 0
11 59 0
Net_id 65
pin_num 3
37 11 0
28 2 0
44 5 0
Net_id 66
pin_num 3
31 0 0
32 8 0
57 4 0
Net_id 67
pin_num 3
20 58 0
32 45 0
43 49 0
Net_id 68
pin_num 3
24 11 0
29 30 0
35 28 0
Net_id 69
pin_num 3
8 34 0
7 12 0
13 34 0
Net_id 70
pin_num 3
22 0 0
31 13 0
44 0 0
Net_id 71
pin_num 3
55 10 0
44 1 0
48 29 0
Net_id 72
pin_num 3
33 29 0
47 36 0
25 53 0
Net_id 73
pin_num 3
40 4 0
34 4 0
15 6 0
Net_id 74
pin_num 3
32 27 0
28 23 0
6 26 0
Net_id 75
pin_num 3
24 20 0
34 1 0
33 6 0
Net_id 76
pin_num 3
57 26 0
45 31 0
52 44 0
Net_id 77
pin_num 3
14 44 0
19 22 0
8 37 0
Net_id 78
pin_num 3
35 35 0
32 37 0
10 31 0
Net_id 79
pin_num 3
30 24 0
27 2 0
45 29 0
Net_id 80
pin_num 3
36 40 0
41 40 0
59 49 0
Net_id 81
pin_num 3
45 26 0
35 26 0
38 28 0
Net_id 82
pin_num 2
35 7 0
15 14 0
Net_id 83
pin_num 2
18 44 0
9 19 0
Net_id 84
pin_num 2
29 48 0
28 40 0
Net_id 85
pin_num 2
29 2 0
38 8 0
Net_id 86
pin_num 2
38 40 0
39 58 0
Net_id 87
pin_num 2
50 50 0
35 42 0
Net_id 88
pin_num 2
42 14 0
31 15 0
Net_id 89
pin_num 2
32 25 0
21 26 0
Net_id 90
pin_num 2
26 30 0
44 35 0
Net_id 91
pin_num 2
14 11 0
1 0 0
Net_id 92
pin_num 2
57 13 0
33 24 0
Net_id 93
pin_num 2
42 17 0
37 28 0
Net_id 94
pin_num 2
3 45 0
8 58 0
Net_id 95
pin_num 2
58 12 0
46 3 0
Net_id 96
pin_num 2
45 1 0
56 10 0
Net_id 97
pin_num 2
14 41 0
14 40 0
Net_id 98
pin_num 2
47 2 0
42 2 0
Net_id 99
pin_num 2
1 24 0
6 24 0
Net_id 100
pin_num 2
46 44 0
51 44 0
Net_id 101
pin_num 2
56 42 0
56 53 0
Net_id 102
pin_num 2
54 18 0
43 17 0
Net_id 103
pin_num 2
31 40 0
44 41 0
Net_id 104
pin_num 2
10 24 0
4 15 0
Net_id 105
pin_num 2
13 16 0
51 6 0
Net_id 106
pin_num 2
49 48 0
57 39 0
Net_id 107
pin_num 2
46 28 0
33 22 0
Net_id 108
pin_num 2
56 25 0
46 38 0
Net_id 109
pin_num 2
20 45 0
8 57 0
Net_id 110
pin_num 2
38 21 0
51 1 0
Net_id 111
pin_num 2
58 34 0
54 8 0
Net_id 112
pin_num 2
59 33 0
52 26 0
Net_id 113
pin_num 2
26 24 0
19 23 0
Net_id 114
pin_num 2
56 27 0
58 45 0
Net_id 115
pin_num 2
37 37 0
46 23 0
Net_id 116
pin_num 2
14 22 0
6 8 0
Net_id 117
pin_num 2
38 39 0
55 38 0
Net_id 118
pin_num 2
23 33 0
10 15 0
Net_id 119
pin_num 2
5 42 0
5 39 0
Net_id 120
pin_num 2
24 50 0
6 48 0
Net_id 121
pin_num 2
46 20 0
22 24 0
Net_id 122
pin_num 2
3 39 0
8 39 0
Net_id 123
pin_num 2
53 3 0
59 1 0
Net_id 124
pin_num 2
7 18 0
10 23 0
Net_id 125
pin_num 2
27 28 0
21 32 0
Net_id 126
pin_num 2
19 42 0
11 49 0
Net_id 127
pin_num 2
39 8 0
51 11 0
Net_id 128
pin_num 2
43 1 0
34 16 0
Net_id 129
pin_num 2
12 1 0
14 2 0
Net_id 130
pin_num 2
28 53 0
35 34 0
Net_id 131
pin_num 2
52 54 0
42 56 0
Net_id 132
pin_num 2
22 36 0
14 14 0
Net_id 133
pin_num 2
55 31 0
50 31 0
Net_id 134
pin_num 2
8 27 0
14 34 0
Net_id 135
pin_num 2
40 23 0
44 3 0
Net_id 136
pin_num 2
58 29 0
48 31 0
Net_id 137
pin_num 2
12 26 0
21 2 0
Net_id 138
pin_num 2
32 47 0
17 43 0
Net_id 139
pin_num 2
39 43 0
46 40 0
Net_id 140
pin_num 2
21 24 0
17 8 0
Net_id 141
pin_num 2
1 3 0
16 2 0
Net_id 142
pin_num 2
41 4 0
31 16 0
Net_id 143
pin_num 2
10 38 0
1 41 0
Net_id 144
pin_num 2
49 53 0
44 53 0
Net_id 145
pin_num 2
57 38 0
45 41 0
Net_id 146
pin_num 2
3 22 0
13 27 0
Net_id 147
pin_num 2
32 31 0
43 36 0
Net_id 148
pin_num 2
16 23 0
3 33 0
Net_id 149
pin_num 2
7 5 0
23 11 0
Net_id 150
pin_num 2
57 11 0
53 1 0
Net_id 151
pin_num 2
56 15 0
59 5 0
Net_id 152
pin_num 2
38 55 0
26 22 0
Net_id 153
pin_num 2
5 35 0
13 38 0
Net_id 154
pin_num 2
41 44 0
45 35 0
Net_id 155
pin_num 2
7 57 0
2 55 0
Net_id 156
pin_num 2
22 39 0
9 5 0
Net_id 157
pin_num 2
54 57 0
58 47 0
Net_id 158
pin_num 2
11 14 0
2 14 0
Net_id 159
pin_num 2
54 42 0
53 47 0
Net_id 160
pin_num 2
58 36 0
51 47 0
