Width 60
Height 60
Layer 6
Total_WL 6832
Obstacle_num 144
31 56 0 36 57 0
5 49 0 15 50 0
21 16 0 31 17 0
27 54 0 33 55 0
33 10 0 37 11 0
4 14 0 11 15 0
43 30 0 48 31 0
6 39 0 14 40 0
50 54 0 58 55 0
39 22 0 49 23 0
28 29 0 33 30 0
14 29 0 23 30 0
4 18 0 12 19 0
21 9 0 24 10 0
23 28 0 30 29 0
39 31 0 49 32 0
43 6 0 49 7 0
41 3 0 47 4 0
39 36 0 47 37 0
1 41 0 7 42 0
6 16 0 14 17 0
27 51 0 33 52 0
33 53 0 40 54 0
15 40 0 24 41 0
17 40 1 18 49 1
37 2 1 38 9 1
14 43 1 15 46 1
14 47 1 15 52 1
15 38 1 16 44 1
0 24 1 1 29 1
55 16 1 56 20 1
11 26 1 12 33 1
50 52 1 51 59 1
13 30 1 14 33 1
57 36 1 58 40 1
15 31 1 16 38 1
13 4 1 14 14 1
44 17 1 45 22 1
3 28 1 4 34 1
1 6 1 2 12 1
13 14 1 14 22 1
47 13 1 48 22 1
51 29 1 52 34 1
54 15 1 55 21 1
18 31 1 19 40 1
50 21 1 51 31 1
41 26 1 42 34 1
9 52 1 10 58 1
29 37 2 39 38 2
28 11 2 31 12 2
14 29 2 17 30 2
44 27 2 53 28 2
4 0 2 13 1 2
20 26 2 23 27 2
45 55 2 52 56 2
26 4 2 30 5 2
40 21 2 49 22 2
25 46 2 31 47 2
0 12 2 7 13 2
39 18 2 43 19 2
40 31 2 48 32 2
41 25 2 44 26 2
13 18 2 23 19 2
43 7 2 47 8 2
15 22 2 20 23 2
26 53 2 33 54 2
31 32 2 37 33 2
32 29 2 38 30 2
19 31 2 24 32 2
53 41 2 58 42 2
22 5 2 29 6 2
30 5 2 37 6 2
31 23 3 32 33 3
12 51 3 13 57 3
57 14 3 58 19 3
53 18 3 54 26 3
23 8 3 24 12 3
8 39 3 9 45 3
5 35 3 6 44 3
35 47 3 36 55 3
30 45 3 31 53 3
0 46 3 1 51 3
8 18 3 9 28 3
18 35 3 19 41 3
21 28 3 22 32 3
45 22 3 46 30 3
48 25 3 49 35 3
49 25 3 50 35 3
25 41 3 26 45 3
28 31 3 29 40 3
39 32 3 40 36 3
40 0 3 41 5 3
51 43 3 52 50 3
3 7 3 4 11 3
54 44 3 55 51 3
15 37 3 16 42 3
39 22 4 43 23 4
29 38 4 33 39 4
44 11 4 51 12 4
18 32 4 27 33 4
30 20 4 40 21 4
8 17 4 17 18 4
9 29 4 16 30 4
29 1 4 36 2 4
35 31 4 41 32 4
31 37 4 39 38 4
48 10 4 58 11 4
22 40 4 28 41 4
46 24 4 50 25 4
9 40 4 13 41 4
20 28 4 25 29 4
32 36 4 42 37 4
20 3 4 29 4 4
3 7 4 12 8 4
36 28 4 39 29 4
12 56 4 21 57 4
41 35 4 51 36 4
30 0 4 38 1 4
41 45 4 50 46 4
8 39 4 15 40 4
27 0 5 28 5 5
32 27 5 33 31 5
26 40 5 27 43 5
27 30 5 28 38 5
47 50 5 48 56 5
53 1 5 54 9 5
44 29 5 45 33 5
17 49 5 18 52 5
47 39 5 48 45 5
21 17 5 22 21 5
19 11 5 20 16 5
33 2 5 34 10 5
23 19 5 24 25 5
20 41 5 21 47 5
32 43 5 33 47 5
35 47 5 36 53 5
1 47 5 2 57 5
0 17 5 1 22 5
25 15 5 26 18 5
8 16 5 9 25 5
31 42 5 32 49 5
2 30 5 3 39 5
37 39 5 38 46 5
22 3 5 23 13 5
Net_num 160
Net_id 0
pin_num 5
20 25 0
28 30 0
23 29 0
31 21 0
22 8 0
Net_id 1
pin_num 5
11 21 0
1 21 0
8 43 0
28 31 0
7 36 0
Net_id 2
pin_num 5
8 25 0
0 31 0
4 17 0
1 24 0
27 25 0
Net_id 3
pin_num 5
45 26 0
42 27 0
59 29 0
46 32 0
59 50 0
Net_id 4
pin_num 5
3 24 0
7 40 0
5 34 0
28 25 0
12 7 0
Net_id 5
pin_num 5
20 46 0
25 46 0
10 46 0
10 59 0
0 42 0
Net_id 6
pin_num 5
43 56 0
38 59 0
36 47 0
25 49 0
59 59 0
Net_id 7
pin_num 5
47 24 0
42 39 0
42 43 0
21 43 0
32 59 0
Net_id 8
pin_num 5
38 48 0
25 51 0
31 32 0
52 41 0
44 44 0
Net_id 9
pin_num 5
25 43 0
35 54 0
37 50 0
34 57 0
40 57 0
Net_id 10
pin_num 5
37 36 0
45 37 0
40 30 0
39 54 0
43 51 0
Net_id 11
pin_num 5
56 37 0
52 37 0
54 59 0
54 27 0
47 33 0
Net_id 12
pin_num 5
2 10 0
6 19 0
5 1 0
0 18 0
4 27 0
Net_id 13
pin_num 5
13 53 0
6 53 0
23 59 0
14 57 0
22 58 0
Net_id 14
pin_num 5
41 49 0
56 49 0
59 55 0
42 59 0
43 54 0
Net_id 15
pin_num 5
27 7 0
12 5 0
36 7 0
35 0 0
18 23 0
Net_id 16
pin_num 5
5 40 0
19 39 0
36 45 0
23 42 0
33 55 0
Net_id 17
pin_num 5
11 20 0
19 28 0
24 20 0
12 27 0
10 22 0
Net_id 18
pin_num 5
5 52 0
21 51 0
17 28 0
42 28 0
35 25 0
Net_id 19
pin_num 5
35 20 0
31 20 0
33 12 0
56 12 0
49 19 0
Net_id 20
pin_num 4
2 45 0
22 47 0
3 35 0
0 56 0
Net_id 21
pin_num 4
54 0 0
39 1 0
41 7 0
46 9 0
Net_id 22
pin_num 4
7 48 0
13 48 0
1 48 0
9 51 0
Net_id 23
pin_num 4
18 26 0
29 34 0
6 34 0
9 46 0
Net_id 24
pin_num 4
15 18 0
8 13 0
1 14 0
0 4 0
Net_id 25
pin_num 4
53 57 0
40 53 0
54 57 0
53 44 0
Net_id 26
pin_num 4
1 23 0
13 23 0
0 23 0
17 7 0
Net_id 27
pin_num 4
59 40 0
50 43 0
59 51 0
48 59 0
Net_id 28
pin_num 4
48 45 0
32 44 0
54 45 0
46 39 0
Net_id 29
pin_num 4
8 4 0
2 4 0
7 3 0
0 1 0
Net_id 30
pin_num 4
1 26 0
9 26 0
17 26 0
13 42 0
Net_id 31
pin_num 4
48 43 0
54 51 0
53 42 0
57 47 0
Net_id 32
pin_num 4
53 55 0
57 41 0
54 48 0
35 55 0
Net_id 33
pin_num 4
41 17 0
54 21 0
41 20 0
49 9 0
Net_id 34
pin_num 4
28 40 0
42 40 0
48 50 0
47 42 0
Net_id 35
pin_num 4
33 16 0
50 20 0
38 0 0
48 21 0
Net_id 36
pin_num 4
48 35 0
58 32 0
51 39 0
56 18 0
Net_id 37
pin_num 4
48 56 0
27 42 0
30 56 0
36 38 0
Net_id 38
pin_num 4
25 4 0
35 13 0
15 9 0
42 15 0
Net_id 39
pin_num 3
23 5 0
30 17 0
30 27 0
Net_id 40
pin_num 3
0 6 0
16 24 0
14 15 0
Net_id 41
pin_num 3
55 39 0
45 52 0
7 59 0
Net_id 42
pin_num 3
12 36 0
2 30 0
25 30 0
Net_id 43
pin_num 3
30 2 0
28 6 0
29 10 0
Net_id 44
pin_num 3
21 36 0
30 36 0
45 46 0
Net_id 45
pin_num 3
23 50 0
44 56 0
25 55 0
Net_id 46
pin_num 3
15 45 0
31 52 0
24 33 0
Net_id 47
pin_num 3
52 9 0
54 11 0
59 16 0
Net_id 48
pin_num 3
14 9 0
5 3 0
18 8 0
Net_id 49
pin_num 3
59 8 0
43 9 0
59 14 0
Net_id 50
pin_num 3
1 19 0
9 35 0
2 2 0
Net_id 51
pin_num 3
42 10 0
25 1 0
25 11 0
Net_id 52
pin_num 3
44 11 0
50 11 0
38 1 0
Net_id 53
pin_num 3
57 29 0
52 29 0
58 17 0
Net_id 54
pin_num 3
9 57 0
1 47 0
22 48 0
Net_id 55
pin_num 3
18 54 0
22 56 0
20 36 0
Net_id 56
pin_num 3
2 3 0
4 10 0
22 0 0
Net_id 57
pin_num 3
55 0 0
58 5 0
57 20 0
Net_id 58
pin_num 3
38 31 0
27 35 0
38 23 0
Net_id 59
pin_num 3
17 51 0
0 41 0
3 50 0
Net_id 60
pin_num 3
24 29 0
34 18 0
59 52 0
Net_id 61
pin_num 3
1 30 0
6 22 0
4 56 0
Net_id 62
pin_num 3
56 41 0
50 39 0
46 41 0
Net_id 63
pin_num 3
54 33 0
43 18 0
58 25 0
Net_id 64
pin_num 3
58 18 0
40 20 0
39 8 0
Net_id 65
pin_num 3
27 27 0
10 20 0
12 42 0
Net_id 66
pin_num 3
8 9 0
6 5 0
21 0 0
Net_id 67
pin_num 3
8 3 0
12 12 0
3 2 0
Net_id 68
pin_num 3
7 6 0
19 12 0
13 36 0
Net_id 69
pin_num 3
41 33 0
32 46 0
38 22 0
Net_id 70
pin_num 3
37 19 0
49 6 0
20 24 0
Net_id 71
pin_num 3
25 3 0
21 6 0
38 3 0
Net_id 72
pin_num 3
48 7 0
52 15 0
59 7 0
Net_id 73
pin_num 3
30 24 0
30 18 0
31 16 0
Net_id 74
pin_num 3
23 2 0
31 10 0
29 22 0
Net_id 75
pin_num 3
41 35 0
47 44 0
29 37 0
Net_id 76
pin_num 3
43 13 0
54 14 0
30 41 0
Net_id 77
pin_num 3
28 57 0
15 54 0
24 59 0
Net_id 78
pin_num 3
54 36 0
32 30 0
38 58 0
Net_id 79
pin_num 3
42 48 0
25 56 0
56 45 0
Net_id 80
pin_num 2
23 14 0
14 2 0
Net_id 81
pin_num 2
40 51 0
54 52 0
Net_id 82
pin_num 2
16 39 0
22 33 0
Net_id 83
pin_num 2
53 23 0
38 18 0
Net_id 84
pin_num 2
58 56 0
41 52 0
Net_id 85
pin_num 2
26 17 0
29 30 0
Net_id 86
pin_num 2
57 46 0
57 34 0
Net_id 87
pin_num 2
25 44 0
7 58 0
Net_id 88
pin_num 2
55 48 0
48 47 0
Net_id 89
pin_num 2
58 28 0
40 23 0
Net_id 90
pin_num 2
15 28 0
23 15 0
Net_id 91
pin_num 2
49 24 0
59 2 0
Net_id 92
pin_num 2
4 54 0
15 52 0
Net_id 93
pin_num 2
54 43 0
51 42 0
Net_id 94
pin_num 2
21 55 0
27 32 0
Net_id 95
pin_num 2
46 10 0
43 11 0
Net_id 96
pin_num 2
30 42 0
18 57 0
Net_id 97
pin_num 2
15 37 0
1 42 0
Net_id 98
pin_num 2
58 27 0
54 53 0
Net_id 99
pin_num 2
12 11 0
0 5 0
Net_id 100
pin_num 2
27 47 0
19 37 0
Net_id 101
pin_num 2
42 20 0
55 31 0
Net_id 102
pin_num 2
28 49 0
34 59 0
Net_id 103
pin_num 2
3 33 0
12 41 0
Net_id 104
pin_num 2
51 9 0
59 11 0
Net_id 105
pin_num 2
12 3 0
11 12 0
Net_id 106
pin_num 2
34 2 0
15 48 0
Net_id 107
pin_num 2
6 56 0
5 43 0
Net_id 108
pin_num 2
48 25 0
39 24 0
Net_id 109
pin_num 2
58 19 0
32 16 0
Net_id 110
pin_num 2
37 18 0
28 10 0
Net_id 111
pin_num 2
6 15 0
1 20 0
Net_id 112
pin_num 2
59 13 0
46 18 0
Net_id 113
pin_num 2
5 27 0
24 26 0
Net_id 114
pin_num 2
9 19 0
16 19 0
Net_id 115
pin_num 2
40 6 0
44 5 0
Net_id 116
pin_num 2
5 17 0
33 23 0
Net_id 117
pin_num 2
25 40 0
31 57 0
Net_id 118
pin_num 2
21 14 0
19 13 0
Net_id 119
pin_num 2
9 4 0
27 19 0
Net_id 120
pin_num 2
33 24 0
39 30 0
Net_id 121
pin_num 2
40 5 0
25 8 0
Net_id 122
pin_num 2
49 31 0
58 39 0
Net_id 123
pin_num 2
33 59 0
56 46 0
Net_id 124
pin_num 2
15 34 0
1 22 0
Net_id 125
pin_num 2
9 20 0
2 24 0
Net_id 126
pin_num 2
48 2 0
53 11 0
Net_id 127
pin_num 2
38 9 0
45 14 0
Net_id 128
pin_num 2
35 46 0
44 50 0
Net_id 129
pin_num 2
40 4 0
21 11 0
Net_id 130
pin_num 2
56 25 0
58 31 0
Net_id 131
pin_num 2
57 52 0
56 51 0
Net_id 132
pin_num 2
46 27 0
43 23 0
Net_id 133
pin_num 2
40 41 0
32 42 0
Net_id 134
pin_num 2
7 24 0
21 41 0
Net_id 135
pin_num 2
45 47 0
27 52 0
Net_id 136
pin_num 2
20 57 0
5 55 0
Net_id 137
pin_num 2
7 19 0
11 42 0
Net_id 138
pin_num 2
58 54 0
50 48 0
Net_id 139
pin_num 2
6 58 0
1 58 0
Net_id 140
pin_num 2
57 11 0
56 14 0
Net_id 141
pin_num 2
35 21 0
34 23 0
Net_id 142
pin_num 2
11 37 0
0 33 0
Net_id 143
pin_num 2
9 12 0
2 12 0
Net_id 144
pin_num 2
15 7 0
15 6 0
Net_id 145
pin_num 2
31 39 0
22 57 0
Net_id 146
pin_num 2
29 47 0
30 44 0
Net_id 147
pin_num 2
59 36 0
35 38 0
Net_id 148
pin_num 2
1 31 0
21 56 0
Net_id 149
pin_num 2
8 47 0
4 52 0
Net_id 150
pin_num 2
38 42 0
54 56 0
Net_id 151
pin_num 2
27 23 0
4 11 0
Net_id 152
pin_num 2
52 40 0
42 41 0
Net_id 153
pin_num 2
59 30 0
50 44 0
Net_id 154
pin_num 2
30 52 0
36 35 0
Net_id 155
pin_num 2
18 27 0
4 49 0
Net_id 156
pin_num 2
57 23 0
43 52 0
Net_id 157
pin_num 2
29 41 0
11 40 0
Net_id 158
pin_num 2
16 33 0
24 19 0
Net_id 159
pin_num 2
19 38 0
24 42 0
