Width 60
Height 60
Layer 6
Total_WL 6605
Obstacle_num 144
36 51 0 45 52 0
22 53 0 28 54 0
19 7 0 25 8 0
5 47 0 14 48 0
21 56 0 29 57 0
14 31 0 23 32 0
8 29 0 11 30 0
21 52 0 28 53 0
21 49 0 25 50 0
10 53 0 13 54 0
16 18 0 22 19 0
50 19 0 59 20 0
10 17 0 13 18 0
33 30 0 39 31 0
18 5 0 28 6 0
37 25 0 42 26 0
23 55 0 33 56 0
9 33 0 16 34 0
35 45 0 41 46 0
46 21 0 49 22 0
36 54 0 46 55 0
40 28 0 45 29 0
50 36 0 56 37 0
18 16 0 26 17 0
47 23 1 48 31 1
1 24 1 2 31 1
45 22 1 46 26 1
40 23 1 41 32 1
48 3 1 49 13 1
12 51 1 13 56 1
45 28 1 46 31 1
51 38 1 52 46 1
0 33 1 1 36 1
38 12 1 39 16 1
3 15 1 4 22 1
9 46 1 10 51 1
31 9 1 32 16 1
6 15 1 7 22 1
18 50 1 19 53 1
18 22 1 19 32 1
35 48 1 36 56 1
1 11 1 2 15 1
36 25 1 37 33 1
30 7 1 31 13 1
2 9 1 3 19 1
25 29 1 26 33 1
4 39 1 5 45 1
20 19 1 21 26 1
45 55 2 52 56 2
50 28 2 54 29 2
13 37 2 21 38 2
6 2 2 11 3 2
32 29 2 37 30 2
49 57 2 59 58 2
41 26 2 44 27 2
31 54 2 40 55 2
36 2 2 39 3 2
48 37 2 57 38 2
43 53 2 53 54 2
10 51 2 18 52 2
35 5 2 45 6 2
8 48 2 18 49 2
18 2 2 27 3 2
41 35 2 50 36 2
41 3 2 45 4 2
35 41 2 39 42 2
22 9 2 27 10 2
42 23 2 45 24 2
22 50 2 26 51 2
9 34 2 18 35 2
12 0 2 15 1 2
49 49 2 58 50 2
48 19 3 49 23 3
35 20 3 36 24 3
12 54 3 13 59 3
4 33 3 5 40 3
6 10 3 7 20 3
57 52 3 58 56 3
49 40 3 50 49 3
30 40 3 31 48 3
58 50 3 59 54 3
12 24 3 13 28 3
32 44 3 33 49 3
0 9 3 1 17 3
56 49 3 57 53 3
15 34 3 16 43 3
1 27 3 2 30 3
57 37 3 58 46 3
52 18 3 53 23 3
38 30 3 39 39 3
36 24 3 37 27 3
8 38 3 9 47 3
3 50 3 4 59 3
8 10 3 9 16 3
32 11 3 33 14 3
26 37 3 27 45 3
10 39 4 16 40 4
0 2 4 7 3 4
19 2 4 23 3 4
31 41 4 35 42 4
41 19 4 51 20 4
4 55 4 10 56 4
2 5 4 11 6 4
48 54 4 53 55 4
24 6 4 27 7 4
22 41 4 30 42 4
21 0 4 24 1 4
20 4 4 26 5 4
23 42 4 31 43 4
27 11 4 34 12 4
48 33 4 51 34 4
43 37 4 50 38 4
0 19 4 6 20 4
55 15 4 58 16 4
26 57 4 36 58 4
42 28 4 45 29 4
24 25 4 32 26 4
5 28 4 10 29 4
47 30 4 57 31 4
36 33 4 44 34 4
55 7 5 56 13 5
40 32 5 41 38 5
27 10 5 28 20 5
41 1 5 42 6 5
3 11 5 4 17 5
50 38 5 51 46 5
57 49 5 58 53 5
58 55 5 59 58 5
7 49 5 8 54 5
58 42 5 59 49 5
33 46 5 34 56 5
33 35 5 34 40 5
41 33 5 42 40 5
24 42 5 25 51 5
28 21 5 29 31 5
40 41 5 41 46 5
38 27 5 39 33 5
21 27 5 22 33 5
25 4 5 26 14 5
29 15 5 30 22 5
19 44 5 20 54 5
24 30 5 25 38 5
5 8 5 6 14 5
50 1 5 51 8 5
Net_num 159
Net_id 0
pin_num 5
1 49 0
2 41 0
13 41 0
6 56 0
0 59 0
Net_id 1
pin_num 5
45 40 0
33 41 0
44 37 0
39 23 0
37 38 0
Net_id 2
pin_num 5
31 48 0
38 52 0
12 48 0
30 59 0
28 39 0
Net_id 3
pin_num 5
53 59 0
59 58 0
59 44 0
52 59 0
52 58 0
Net_id 4
pin_num 5
52 46 0
48 49 0
49 39 0
43 59 0
32 58 0
Net_id 5
pin_num 5
16 40 0
26 30 0
36 38 0
8 34 0
8 40 0
Net_id 6
pin_num 5
38 6 0
30 5 0
52 0 0
49 14 0
43 4 0
Net_id 7
pin_num 5
1 33 0
17 29 0
7 17 0
0 28 0
10 18 0
Net_id 8
pin_num 5
50 49 0
45 59 0
47 59 0
48 41 0
52 53 0
Net_id 9
pin_num 5
52 17 0
48 17 0
48 38 0
34 26 0
59 32 0
Net_id 10
pin_num 5
31 1 0
16 1 0
27 6 0
10 0 0
21 9 0
Net_id 11
pin_num 5
7 41 0
12 41 0
11 50 0
2 52 0
9 55 0
Net_id 12
pin_num 5
46 7 0
49 0 0
46 14 0
37 10 0
42 21 0
Net_id 13
pin_num 5
26 46 0
43 47 0
38 24 0
42 59 0
58 48 0
Net_id 14
pin_num 5
24 9 0
14 18 0
28 0 0
24 13 0
0 13 0
Net_id 15
pin_num 5
47 32 0
56 33 0
47 13 0
45 39 0
59 13 0
Net_id 16
pin_num 5
34 13 0
39 4 0
39 41 0
29 9 0
30 13 0
Net_id 17
pin_num 5
37 11 0
44 19 0
41 5 0
47 7 0
30 15 0
Net_id 18
pin_num 5
46 20 0
43 18 0
59 23 0
23 17 0
42 6 0
Net_id 19
pin_num 5
0 19 0
5 16 0
0 36 0
15 26 0
0 37 0
Net_id 20
pin_num 4
23 3 0
32 5 0
25 22 0
14 15 0
Net_id 21
pin_num 4
51 45 0
34 51 0
28 49 0
45 47 0
Net_id 22
pin_num 4
1 27 0
11 29 0
11 44 0
10 7 0
Net_id 23
pin_num 4
35 12 0
41 22 0
26 19 0
37 20 0
Net_id 24
pin_num 4
50 43 0
58 37 0
40 38 0
50 18 0
Net_id 25
pin_num 4
44 46 0
50 56 0
37 46 0
30 58 0
Net_id 26
pin_num 4
23 47 0
24 36 0
19 37 0
31 37 0
Net_id 27
pin_num 4
37 5 0
44 0 0
53 0 0
24 14 0
Net_id 28
pin_num 4
3 53 0
7 59 0
7 50 0
13 52 0
Net_id 29
pin_num 4
33 6 0
28 5 0
35 9 0
47 8 0
Net_id 30
pin_num 4
59 10 0
54 4 0
38 7 0
37 21 0
Net_id 31
pin_num 4
6 52 0
3 59 0
2 39 0
6 40 0
Net_id 32
pin_num 4
23 50 0
8 46 0
9 40 0
29 59 0
Net_id 33
pin_num 4
43 5 0
55 5 0
50 14 0
51 28 0
Net_id 34
pin_num 4
21 13 0
7 9 0
0 1 0
5 8 0
Net_id 35
pin_num 4
7 38 0
17 33 0
26 39 0
3 39 0
Net_id 36
pin_num 4
49 38 0
59 36 0
46 40 0
50 47 0
Net_id 37
pin_num 4
21 51 0
29 58 0
34 59 0
23 32 0
Net_id 38
pin_num 3
59 25 0
43 25 0
44 24 0
Net_id 39
pin_num 3
15 6 0
32 1 0
15 17 0
Net_id 40
pin_num 3
37 41 0
20 52 0
26 50 0
Net_id 41
pin_num 3
50 20 0
56 18 0
54 29 0
Net_id 42
pin_num 3
42 19 0
43 27 0
42 27 0
Net_id 43
pin_num 3
5 36 0
13 53 0
9 0 0
Net_id 44
pin_num 3
25 42 0
4 45 0
11 25 0
Net_id 45
pin_num 3
10 57 0
1 47 0
0 40 0
Net_id 46
pin_num 3
32 7 0
23 8 0
28 21 0
Net_id 47
pin_num 3
28 36 0
21 44 0
26 15 0
Net_id 48
pin_num 3
39 48 0
59 35 0
57 23 0
Net_id 49
pin_num 3
3 10 0
13 5 0
9 31 0
Net_id 50
pin_num 3
41 43 0
36 44 0
9 43 0
Net_id 51
pin_num 3
47 31 0
25 44 0
45 42 0
Net_id 52
pin_num 3
14 8 0
16 4 0
26 7 0
Net_id 53
pin_num 3
42 37 0
46 29 0
31 29 0
Net_id 54
pin_num 3
20 40 0
16 47 0
13 50 0
Net_id 55
pin_num 3
21 2 0
3 7 0
18 8 0
Net_id 56
pin_num 3
13 37 0
3 30 0
23 19 0
Net_id 57
pin_num 3
4 20 0
11 20 0
5 28 0
Net_id 58
pin_num 3
52 52 0
43 57 0
26 49 0
Net_id 59
pin_num 3
3 58 0
7 46 0
25 57 0
Net_id 60
pin_num 3
1 10 0
9 1 0
3 9 0
Net_id 61
pin_num 3
56 48 0
25 46 0
43 55 0
Net_id 62
pin_num 3
38 13 0
41 12 0
54 12 0
Net_id 63
pin_num 3
52 18 0
59 21 0
44 20 0
Net_id 64
pin_num 3
10 58 0
17 56 0
29 56 0
Net_id 65
pin_num 3
18 54 0
17 49 0
28 54 0
Net_id 66
pin_num 3
58 2 0
36 7 0
56 17 0
Net_id 67
pin_num 3
45 34 0
41 35 0
45 44 0
Net_id 68
pin_num 3
57 29 0
48 57 0
52 47 0
Net_id 69
pin_num 3
32 26 0
17 16 0
38 16 0
Net_id 70
pin_num 3
32 54 0
36 23 0
14 41 0
Net_id 71
pin_num 3
50 50 0
32 59 0
35 37 0
Net_id 72
pin_num 3
23 34 0
40 35 0
35 34 0
Net_id 73
pin_num 3
39 56 0
41 45 0
46 18 0
Net_id 74
pin_num 3
28 19 0
32 20 0
8 25 0
Net_id 75
pin_num 3
53 8 0
59 9 0
54 2 0
Net_id 76
pin_num 3
45 32 0
51 33 0
30 32 0
Net_id 77
pin_num 3
14 46 0
10 42 0
10 50 0
Net_id 78
pin_num 2
40 15 0
53 21 0
Net_id 79
pin_num 2
52 34 0
34 20 0
Net_id 80
pin_num 2
4 31 0
1 44 0
Net_id 81
pin_num 2
59 12 0
49 10 0
Net_id 82
pin_num 2
31 20 0
23 20 0
Net_id 83
pin_num 2
35 2 0
28 2 0
Net_id 84
pin_num 2
29 30 0
37 56 0
Net_id 85
pin_num 2
8 4 0
1 15 0
Net_id 86
pin_num 2
49 24 0
31 30 0
Net_id 87
pin_num 2
49 56 0
43 56 0
Net_id 88
pin_num 2
16 46 0
33 14 0
Net_id 89
pin_num 2
36 34 0
40 34 0
Net_id 90
pin_num 2
2 24 0
22 47 0
Net_id 91
pin_num 2
17 21 0
2 36 0
Net_id 92
pin_num 2
24 50 0
41 42 0
Net_id 93
pin_num 2
54 7 0
46 23 0
Net_id 94
pin_num 2
43 9 0
34 8 0
Net_id 95
pin_num 2
11 57 0
10 40 0
Net_id 96
pin_num 2
18 41 0
10 28 0
Net_id 97
pin_num 2
44 42 0
30 29 0
Net_id 98
pin_num 2
12 44 0
14 44 0
Net_id 99
pin_num 2
55 23 0
52 39 0
Net_id 100
pin_num 2
26 4 0
39 16 0
Net_id 101
pin_num 2
33 59 0
21 41 0
Net_id 102
pin_num 2
52 42 0
56 42 0
Net_id 103
pin_num 2
7 14 0
17 24 0
Net_id 104
pin_num 2
57 26 0
57 34 0
Net_id 105
pin_num 2
52 57 0
58 39 0
Net_id 106
pin_num 2
1 22 0
11 7 0
Net_id 107
pin_num 2
0 20 0
9 35 0
Net_id 108
pin_num 2
19 29 0
35 14 0
Net_id 109
pin_num 2
56 1 0
55 0 0
Net_id 110
pin_num 2
32 57 0
17 47 0
Net_id 111
pin_num 2
6 31 0
1 18 0
Net_id 112
pin_num 2
58 44 0
48 43 0
Net_id 113
pin_num 2
11 19 0
15 19 0
Net_id 114
pin_num 2
57 28 0
46 22 0
Net_id 115
pin_num 2
17 22 0
16 25 0
Net_id 116
pin_num 2
8 56 0
23 58 0
Net_id 117
pin_num 2
3 44 0
12 40 0
Net_id 118
pin_num 2
0 54 0
9 36 0
Net_id 119
pin_num 2
41 24 0
13 23 0
Net_id 120
pin_num 2
53 15 0
48 2 0
Net_id 121
pin_num 2
3 52 0
2 58 0
Net_id 122
pin_num 2
3 40 0
15 32 0
Net_id 123
pin_num 2
4 1 0
16 19 0
Net_id 124
pin_num 2
39 27 0
41 33 0
Net_id 125
pin_num 2
41 20 0
34 14 0
Net_id 126
pin_num 2
59 15 0
49 12 0
Net_id 127
pin_num 2
22 57 0
31 44 0
Net_id 128
pin_num 2
5 14 0
37 4 0
Net_id 129
pin_num 2
38 33 0
42 55 0
Net_id 130
pin_num 2
57 14 0
59 5 0
Net_id 131
pin_num 2
46 19 0
56 35 0
Net_id 132
pin_num 2
47 10 0
52 2 0
Net_id 133
pin_num 2
27 21 0
10 31 0
Net_id 134
pin_num 2
26 13 0
34 2 0
Net_id 135
pin_num 2
7 53 0
22 36 0
Net_id 136
pin_num 2
58 4 0
55 4 0
Net_id 137
pin_num 2
18 17 0
11 3 0
Net_id 138
pin_num 2
32 33 0
37 33 0
Net_id 139
pin_num 2
20 9 0
7 7 0
Net_id 140
pin_num 2
58 55 0
37 29 0
Net_id 141
pin_num 2
0 39 0
14 45 0
Net_id 142
pin_num 2
53 50 0
47 43 0
Net_id 143
pin_num 2
39 58 0
18 36 0
Net_id 144
pin_num 2
49 36 0
45 36 0
Net_id 145
pin_num 2
4 22 0
11 11 0
Net_id 146
pin_num 2
53 12 0
45 21 0
Net_id 147
pin_num 2
48 28 0
50 24 0
Net_id 148
pin_num 2
57 47 0
53 34 0
Net_id 149
pin_num 2
13 12 0
1 12 0
Net_id 150
pin_num 2
26 26 0
43 16 0
Net_id 151
pin_num 2
36 4 0
12 11 0
Net_id 152
pin_num 2
8 8 0
6 2 0
Net_id 153
pin_num 2
17 20 0
22 22 0
Net_id 154
pin_num 2
10 55 0
20 45 0
Net_id 155
pin_num 2
18 11 0
31 8 0
Net_id 156
pin_num 2
1 41 0
14 52 0
Net_id 157
pin_num 2
17 7 0
11 1 0
Net_id 158
pin_num 2
39 59 0
42 56 0
