Width 60
Height 60
Layer 6
Total_WL 6843
Obstacle_num 144
29 24 0 34 25 0
52 49 0 59 50 0
30 31 0 33 32 0
14 51 0 19 52 0
42 10 0 50 11 0
25 26 0 35 27 0
33 25 0 39 26 0
50 35 0 56 36 0
29 40 0 37 41 0
10 42 0 19 43 0
14 0 0 21 1 0
28 9 0 37 10 0
50 26 0 53 27 0
21 7 0 28 8 0
46 33 0 49 34 0
39 32 0 48 33 0
41 18 0 51 19 0
29 56 0 36 57 0
50 16 0 56 17 0
9 27 0 14 28 0
41 47 0 49 48 0
9 38 0 17 39 0
14 15 0 22 16 0
36 57 0 40 58 0
56 25 1 57 31 1
19 32 1 20 36 1
35 36 1 36 45 1
3 29 1 4 34 1
23 0 1 24 4 1
10 4 1 11 7 1
53 33 1 54 38 1
0 47 1 1 53 1
0 0 1 1 9 1
20 12 1 21 20 1
20 41 1 21 45 1
10 40 1 11 50 1
53 17 1 54 27 1
35 20 1 36 28 1
40 20 1 41 28 1
39 38 1 40 47 1
22 39 1 23 44 1
14 19 1 15 29 1
9 51 1 10 54 1
30 50 1 31 56 1
11 40 1 12 45 1
6 33 1 7 42 1
0 16 1 1 21 1
53 51 1 54 56 1
12 42 2 15 43 2
42 57 2 48 58 2
3 38 2 6 39 2
38 54 2 47 55 2
4 27 2 11 28 2
49 44 2 53 45 2
40 27 2 49 28 2
39 18 2 43 19 2
30 10 2 37 11 2
26 26 2 35 27 2
41 15 2 49 16 2
46 18 2 49 19 2
47 13 2 55 14 2
1 12 2 11 13 2
51 43 2 58 44 2
26 53 2 36 54 2
14 8 2 18 9 2
50 36 2 55 37 2
42 47 2 46 48 2
30 51 2 40 52 2
16 20 2 24 21 2
49 3 2 55 4 2
26 11 2 31 12 2
35 4 2 41 5 2
31 41 3 32 44 3
7 28 3 8 32 3
46 0 3 47 7 3
45 16 3 46 19 3
12 47 3 13 52 3
30 11 3 31 14 3
0 42 3 1 50 3
44 29 3 45 34 3
39 7 3 40 10 3
22 30 3 23 36 3
29 33 3 30 42 3
28 18 3 29 27 3
31 12 3 32 16 3
57 43 3 58 53 3
21 8 3 22 11 3
30 18 3 31 21 3
39 43 3 40 51 3
50 6 3 51 16 3
27 44 3 28 54 3
26 14 3 27 23 3
43 3 3 44 9 3
22 40 3 23 50 3
51 6 3 52 11 3
38 31 3 39 34 3
43 57 4 52 58 4
11 16 4 14 17 4
42 40 4 46 41 4
20 32 4 28 33 4
7 36 4 13 37 4
30 43 4 37 44 4
52 56 4 55 57 4
34 39 4 39 40 4
2 20 4 8 21 4
45 18 4 55 19 4
4 48 4 7 49 4
30 44 4 35 45 4
54 52 4 58 53 4
2 37 4 12 38 4
49 55 4 54 56 4
44 36 4 52 37 4
37 53 4 44 54 4
22 23 4 27 24 4
26 54 4 33 55 4
2 58 4 12 59 4
7 6 4 10 7 4
1 17 4 6 18 4
45 38 4 53 39 4
14 43 4 18 44 4
53 45 5 54 51 5
22 30 5 23 34 5
46 19 5 47 23 5
41 1 5 42 4 5
56 43 5 57 50 5
46 44 5 47 53 5
2 30 5 3 33 5
3 12 5 4 17 5
24 49 5 25 59 5
47 28 5 48 38 5
32 2 5 33 5 5
48 13 5 49 17 5
26 41 5 27 47 5
32 37 5 33 41 5
29 35 5 30 44 5
4 38 5 5 45 5
35 28 5 36 36 5
24 7 5 25 11 5
17 3 5 18 11 5
14 19 5 15 23 5
16 22 5 17 30 5
26 18 5 27 28 5
50 24 5 51 31 5
53 12 5 54 16 5
Net_num 160
Net_id 0
pin_num 5
50 8 0
47 9 0
25 8 0
58 0 0
37 31 0
Net_id 1
pin_num 5
37 4 0
48 9 0
44 23 0
59 30 0
27 9 0
Net_id 2
pin_num 5
28 40 0
25 38 0
3 40 0
9 37 0
15 59 0
Net_id 3
pin_num 5
34 33 0
29 17 0
33 41 0
32 25 0
45 21 0
Net_id 4
pin_num 5
56 24 0
49 25 0
39 24 0
49 9 0
59 3 0
Net_id 5
pin_num 5
31 37 0
31 41 0
25 41 0
28 23 0
18 35 0
Net_id 6
pin_num 5
24 15 0
19 24 0
31 18 0
12 21 0
21 41 0
Net_id 7
pin_num 5
18 50 0
17 31 0
0 29 0
12 46 0
4 27 0
Net_id 8
pin_num 5
33 55 0
16 50 0
49 52 0
26 59 0
36 34 0
Net_id 9
pin_num 5
9 42 0
1 41 0
1 27 0
7 36 0
2 32 0
Net_id 10
pin_num 5
2 24 0
5 32 0
1 21 0
1 0 0
2 30 0
Net_id 11
pin_num 5
34 46 0
30 46 0
19 46 0
15 39 0
14 59 0
Net_id 12
pin_num 5
49 46 0
43 48 0
46 49 0
47 31 0
55 59 0
Net_id 13
pin_num 5
58 38 0
59 48 0
41 44 0
45 23 0
59 17 0
Net_id 14
pin_num 5
34 12 0
45 9 0
37 30 0
39 13 0
50 10 0
Net_id 15
pin_num 5
38 1 0
43 1 0
41 6 0
59 1 0
43 0 0
Net_id 16
pin_num 5
2 8 0
10 15 0
8 20 0
7 5 0
15 6 0
Net_id 17
pin_num 5
52 15 0
51 18 0
50 36 0
51 11 0
55 29 0
Net_id 18
pin_num 4
8 30 0
12 28 0
32 30 0
33 31 0
Net_id 19
pin_num 4
52 30 0
52 41 0
51 20 0
57 32 0
Net_id 20
pin_num 4
37 23 0
43 17 0
45 13 0
38 38 0
Net_id 21
pin_num 4
56 20 0
57 9 0
51 14 0
59 0 0
Net_id 22
pin_num 4
37 56 0
36 58 0
23 56 0
28 47 0
Net_id 23
pin_num 4
32 37 0
42 37 0
37 51 0
30 50 0
Net_id 24
pin_num 4
29 22 0
25 9 0
29 13 0
25 24 0
Net_id 25
pin_num 4
43 13 0
50 0 0
28 3 0
58 8 0
Net_id 26
pin_num 4
13 23 0
25 22 0
6 23 0
13 15 0
Net_id 27
pin_num 4
57 17 0
53 8 0
55 0 0
59 14 0
Net_id 28
pin_num 4
48 25 0
36 29 0
41 11 0
58 24 0
Net_id 29
pin_num 4
59 20 0
50 4 0
52 23 0
58 10 0
Net_id 30
pin_num 4
42 54 0
31 54 0
45 55 0
52 58 0
Net_id 31
pin_num 4
53 11 0
56 1 0
51 3 0
42 0 0
Net_id 32
pin_num 4
1 22 0
9 22 0
1 1 0
10 3 0
Net_id 33
pin_num 4
54 40 0
55 37 0
57 30 0
54 44 0
Net_id 34
pin_num 4
26 58 0
35 58 0
34 42 0
22 58 0
Net_id 35
pin_num 4
0 40 0
2 35 0
8 29 0
22 37 0
Net_id 36
pin_num 4
46 27 0
37 27 0
42 17 0
54 26 0
Net_id 37
pin_num 4
36 6 0
45 4 0
38 5 0
32 15 0
Net_id 38
pin_num 4
11 14 0
7 22 0
1 23 0
22 19 0
Net_id 39
pin_num 3
8 12 0
9 4 0
24 22 0
Net_id 40
pin_num 3
12 26 0
24 41 0
16 41 0
Net_id 41
pin_num 3
55 12 0
45 2 0
16 2 0
Net_id 42
pin_num 3
45 11 0
57 21 0
57 28 0
Net_id 43
pin_num 3
20 45 0
14 50 0
35 46 0
Net_id 44
pin_num 3
19 43 0
35 33 0
57 38 0
Net_id 45
pin_num 3
10 7 0
8 10 0
4 21 0
Net_id 46
pin_num 3
21 19 0
13 19 0
18 36 0
Net_id 47
pin_num 3
10 43 0
14 35 0
5 23 0
Net_id 48
pin_num 3
2 3 0
13 7 0
13 2 0
Net_id 49
pin_num 3
10 2 0
8 5 0
6 13 0
Net_id 50
pin_num 3
45 43 0
53 29 0
57 57 0
Net_id 51
pin_num 3
25 42 0
11 34 0
13 41 0
Net_id 52
pin_num 3
39 26 0
30 23 0
43 11 0
Net_id 53
pin_num 3
38 12 0
51 17 0
27 22 0
Net_id 54
pin_num 3
58 52 0
55 58 0
22 59 0
Net_id 55
pin_num 3
5 17 0
8 11 0
1 43 0
Net_id 56
pin_num 3
36 24 0
31 35 0
25 0 0
Net_id 57
pin_num 3
48 35 0
36 36 0
12 32 0
Net_id 58
pin_num 3
30 53 0
27 50 0
13 53 0
Net_id 59
pin_num 3
32 53 0
48 37 0
54 6 0
Net_id 60
pin_num 3
16 49 0
2 44 0
0 59 0
Net_id 61
pin_num 3
19 18 0
9 3 0
38 7 0
Net_id 62
pin_num 3
35 42 0
41 36 0
47 36 0
Net_id 63
pin_num 3
11 59 0
20 50 0
0 44 0
Net_id 64
pin_num 3
8 48 0
0 53 0
13 52 0
Net_id 65
pin_num 3
49 0 0
42 13 0
13 3 0
Net_id 66
pin_num 3
32 38 0
29 50 0
50 42 0
Net_id 67
pin_num 3
21 45 0
29 45 0
23 38 0
Net_id 68
pin_num 3
59 44 0
44 56 0
44 46 0
Net_id 69
pin_num 3
0 10 0
7 8 0
2 9 0
Net_id 70
pin_num 3
52 10 0
59 24 0
40 19 0
Net_id 71
pin_num 3
29 10 0
19 4 0
9 1 0
Net_id 72
pin_num 3
38 19 0
52 11 0
59 2 0
Net_id 73
pin_num 3
55 23 0
53 14 0
38 20 0
Net_id 74
pin_num 3
13 5 0
28 5 0
26 18 0
Net_id 75
pin_num 3
24 6 0
11 2 0
19 22 0
Net_id 76
pin_num 3
9 26 0
23 28 0
23 47 0
Net_id 77
pin_num 3
45 49 0
24 49 0
44 43 0
Net_id 78
pin_num 3
14 14 0
27 24 0
52 8 0
Net_id 79
pin_num 2
25 58 0
13 51 0
Net_id 80
pin_num 2
41 57 0
55 33 0
Net_id 81
pin_num 2
36 7 0
37 0 0
Net_id 82
pin_num 2
1 56 0
2 53 0
Net_id 83
pin_num 2
28 1 0
28 4 0
Net_id 84
pin_num 2
24 31 0
2 23 0
Net_id 85
pin_num 2
54 19 0
40 28 0
Net_id 86
pin_num 2
49 49 0
46 51 0
Net_id 87
pin_num 2
18 21 0
12 24 0
Net_id 88
pin_num 2
51 37 0
49 38 0
Net_id 89
pin_num 2
9 29 0
10 24 0
Net_id 90
pin_num 2
55 51 0
30 28 0
Net_id 91
pin_num 2
52 50 0
59 58 0
Net_id 92
pin_num 2
39 47 0
42 53 0
Net_id 93
pin_num 2
23 26 0
42 39 0
Net_id 94
pin_num 2
25 6 0
36 4 0
Net_id 95
pin_num 2
31 14 0
59 26 0
Net_id 96
pin_num 2
10 22 0
34 34 0
Net_id 97
pin_num 2
1 3 0
10 1 0
Net_id 98
pin_num 2
18 11 0
11 11 0
Net_id 99
pin_num 2
48 16 0
23 22 0
Net_id 100
pin_num 2
24 33 0
26 23 0
Net_id 101
pin_num 2
11 6 0
15 1 0
Net_id 102
pin_num 2
50 34 0
57 45 0
Net_id 103
pin_num 2
44 14 0
56 33 0
Net_id 104
pin_num 2
10 47 0
36 20 0
Net_id 105
pin_num 2
2 16 0
5 18 0
Net_id 106
pin_num 2
5 28 0
8 24 0
Net_id 107
pin_num 2
24 57 0
56 51 0
Net_id 108
pin_num 2
22 27 0
35 13 0
Net_id 109
pin_num 2
8 59 0
2 56 0
Net_id 110
pin_num 2
52 53 0
45 46 0
Net_id 111
pin_num 2
25 56 0
35 48 0
Net_id 112
pin_num 2
58 6 0
52 6 0
Net_id 113
pin_num 2
21 17 0
36 5 0
Net_id 114
pin_num 2
54 52 0
43 54 0
Net_id 115
pin_num 2
45 15 0
22 8 0
Net_id 116
pin_num 2
38 41 0
51 54 0
Net_id 117
pin_num 2
35 5 0
8 4 0
Net_id 118
pin_num 2
19 54 0
12 57 0
Net_id 119
pin_num 2
17 48 0
8 51 0
Net_id 120
pin_num 2
11 1 0
23 16 0
Net_id 121
pin_num 2
20 18 0
38 0 0
Net_id 122
pin_num 2
12 56 0
22 55 0
Net_id 123
pin_num 2
54 14 0
58 21 0
Net_id 124
pin_num 2
19 44 0
33 42 0
Net_id 125
pin_num 2
17 4 0
4 2 0
Net_id 126
pin_num 2
4 37 0
22 33 0
Net_id 127
pin_num 2
42 25 0
55 56 0
Net_id 128
pin_num 2
54 54 0
58 59 0
Net_id 129
pin_num 2
53 52 0
46 39 0
Net_id 130
pin_num 2
41 58 0
48 42 0
Net_id 131
pin_num 2
16 9 0
24 13 0
Net_id 132
pin_num 2
34 41 0
31 34 0
Net_id 133
pin_num 2
53 58 0
40 46 0
Net_id 134
pin_num 2
35 53 0
28 43 0
Net_id 135
pin_num 2
10 8 0
23 21 0
Net_id 136
pin_num 2
18 16 0
19 12 0
Net_id 137
pin_num 2
59 31 0
58 22 0
Net_id 138
pin_num 2
45 19 0
56 22 0
Net_id 139
pin_num 2
22 50 0
1 26 0
Net_id 140
pin_num 2
43 26 0
44 44 0
Net_id 141
pin_num 2
0 4 0
3 9 0
Net_id 142
pin_num 2
55 25 0
59 41 0
Net_id 143
pin_num 2
45 24 0
27 39 0
Net_id 144
pin_num 2
58 50 0
44 37 0
Net_id 145
pin_num 2
0 33 0
20 33 0
Net_id 146
pin_num 2
9 56 0
4 54 0
Net_id 147
pin_num 2
50 58 0
55 41 0
Net_id 148
pin_num 2
49 26 0
44 28 0
Net_id 149
pin_num 2
9 45 0
3 56 0
Net_id 150
pin_num 2
1 17 0
9 21 0
Net_id 151
pin_num 2
22 54 0
7 35 0
Net_id 152
pin_num 2
57 42 0
49 45 0
Net_id 153
pin_num 2
37 46 0
45 53 0
Net_id 154
pin_num 2
30 10 0
48 2 0
Net_id 155
pin_num 2
3 27 0
5 55 0
Net_id 156
pin_num 2
48 49 0
56 58 0
Net_id 157
pin_num 2
46 48 0
56 45 0
Net_id 158
pin_num 2
1 47 0
20 34 0
Net_id 159
pin_num 2
51 57 0
43 56 0
