Width 60
Height 60
Layer 6
Total_WL 6495
Obstacle_num 144
41 13 0 49 14 0
48 43 0 52 44 0
46 8 0 51 9 0
0 13 0 9 14 0
47 23 0 56 24 0
45 16 0 52 17 0
48 30 0 55 31 0
21 10 0 25 11 0
21 9 0 25 10 0
48 28 0 56 29 0
44 49 0 47 50 0
32 11 0 41 12 0
36 57 0 42 58 0
34 52 0 42 53 0
36 42 0 44 43 0
23 29 0 29 30 0
12 46 0 16 47 0
53 1 0 58 2 0
55 19 0 58 20 0
7 1 0 12 2 0
44 55 0 53 56 0
25 57 0 29 58 0
39 30 0 46 31 0
55 46 0 59 47 0
14 45 1 15 49 1
45 30 1 46 37 1
19 20 1 20 27 1
56 23 1 57 30 1
24 18 1 25 26 1
32 19 1 33 26 1
35 48 1 36 56 1
36 48 1 37 58 1
13 2 1 14 5 1
12 28 1 13 31 1
2 47 1 3 51 1
44 10 1 45 16 1
36 7 1 37 15 1
37 2 1 38 9 1
40 29 1 41 36 1
32 41 1 33 46 1
1 20 1 2 29 1
1 0 1 2 7 1
54 36 1 55 42 1
58 22 1 59 28 1
25 4 1 26 14 1
39 2 1 40 9 1
18 51 1 19 56 1
46 37 1 47 45 1
20 20 2 24 21 2
41 30 2 47 31 2
44 15 2 51 16 2
28 18 2 38 19 2
42 52 2 49 53 2
6 2 2 15 3 2
10 35 2 16 36 2
4 47 2 12 48 2
33 0 2 37 1 2
25 11 2 31 12 2
37 5 2 44 6 2
13 52 2 20 53 2
28 42 2 34 43 2
29 27 2 32 28 2
36 25 2 46 26 2
0 20 2 10 21 2
35 31 2 43 32 2
52 44 2 55 45 2
25 49 2 30 50 2
5 44 2 12 45 2
13 16 2 17 17 2
7 5 2 16 6 2
2 10 2 11 11 2
8 12 2 11 13 2
35 28 3 36 36 3
11 46 3 12 50 3
14 20 3 15 27 3
46 18 3 47 23 3
36 15 3 37 23 3
9 13 3 10 20 3
2 26 3 3 29 3
21 2 3 22 7 3
9 23 3 10 27 3
19 21 3 20 31 3
20 5 3 21 14 3
46 36 3 47 44 3
16 46 3 17 55 3
56 32 3 57 38 3
53 19 3 54 29 3
41 47 3 42 52 3
12 46 3 13 54 3
11 4 3 12 11 3
37 24 3 38 27 3
20 39 3 21 43 3
2 48 3 3 56 3
57 19 3 58 27 3
53 0 3 54 6 3
57 34 3 58 37 3
11 9 4 21 10 4
39 12 4 47 13 4
15 41 4 20 42 4
50 38 4 58 39 4
3 24 4 7 25 4
53 46 4 59 47 4
44 23 4 51 24 4
28 12 4 32 13 4
23 9 4 28 10 4
51 9 4 55 10 4
32 45 4 39 46 4
10 11 4 18 12 4
18 16 4 26 17 4
37 18 4 40 19 4
15 18 4 22 19 4
53 27 4 58 28 4
26 29 4 35 30 4
20 56 4 29 57 4
10 35 4 14 36 4
47 20 4 53 21 4
4 29 4 11 30 4
25 14 4 35 15 4
7 26 4 16 27 4
0 20 4 3 21 4
17 35 5 18 40 5
46 33 5 47 38 5
20 19 5 21 29 5
6 28 5 7 34 5
49 0 5 50 3 5
13 46 5 14 53 5
31 36 5 32 43 5
15 32 5 16 35 5
34 41 5 35 46 5
30 18 5 31 27 5
12 26 5 13 33 5
48 38 5 49 44 5
45 31 5 46 37 5
2 23 5 3 28 5
24 43 5 25 46 5
22 12 5 23 18 5
11 14 5 12 18 5
42 40 5 43 46 5
8 3 5 9 10 5
8 53 5 9 59 5
12 8 5 13 17 5
21 5 5 22 14 5
34 14 5 35 24 5
45 15 5 46 20 5
Net_num 157
Net_id 0
pin_num 5
59 0 0
56 16 0
39 10 0
59 8 0
52 0 0
Net_id 1
pin_num 5
2 57 0
2 44 0
1 51 0
21 53 0
17 56 0
Net_id 2
pin_num 5
44 34 0
41 24 0
59 31 0
47 30 0
51 32 0
Net_id 3
pin_num 5
39 17 0
36 19 0
38 6 0
37 9 0
46 19 0
Net_id 4
pin_num 5
48 41 0
40 45 0
41 23 0
18 40 0
18 30 0
Net_id 5
pin_num 5
20 25 0
28 25 0
26 48 0
40 40 0
23 28 0
Net_id 6
pin_num 5
1 14 0
0 12 0
6 7 0
6 2 0
6 0 0
Net_id 7
pin_num 5
13 11 0
26 6 0
2 8 0
20 0 0
20 9 0
Net_id 8
pin_num 5
54 44 0
57 43 0
39 43 0
50 44 0
54 52 0
Net_id 9
pin_num 5
24 53 0
15 58 0
15 37 0
34 55 0
17 55 0
Net_id 10
pin_num 5
34 2 0
31 17 0
45 9 0
34 13 0
34 35 0
Net_id 11
pin_num 5
0 9 0
7 21 0
7 0 0
4 1 0
2 1 0
Net_id 12
pin_num 5
8 5 0
12 3 0
9 28 0
30 14 0
3 25 0
Net_id 13
pin_num 5
7 59 0
0 47 0
25 59 0
5 40 0
12 56 0
Net_id 14
pin_num 5
1 18 0
0 21 0
4 19 0
10 15 0
0 14 0
Net_id 15
pin_num 5
38 58 0
46 59 0
38 44 0
53 59 0
54 59 0
Net_id 16
pin_num 5
6 57 0
23 56 0
26 59 0
22 49 0
7 43 0
Net_id 17
pin_num 5
58 23 0
49 21 0
59 17 0
57 2 0
59 43 0
Net_id 18
pin_num 4
34 21 0
29 35 0
39 22 0
40 22 0
Net_id 19
pin_num 4
20 39 0
13 33 0
31 36 0
16 33 0
Net_id 20
pin_num 4
59 1 0
54 2 0
40 0 0
59 7 0
Net_id 21
pin_num 4
32 51 0
16 55 0
16 32 0
28 48 0
Net_id 22
pin_num 4
3 0 0
10 13 0
4 10 0
18 18 0
Net_id 23
pin_num 4
51 50 0
58 59 0
58 40 0
43 54 0
Net_id 24
pin_num 4
32 3 0
40 3 0
40 7 0
35 14 0
Net_id 25
pin_num 4
18 6 0
12 0 0
17 19 0
8 21 0
Net_id 26
pin_num 4
50 7 0
41 1 0
41 0 0
32 1 0
Net_id 27
pin_num 4
10 21 0
24 27 0
5 31 0
37 0 0
Net_id 28
pin_num 4
59 4 0
50 4 0
59 2 0
57 45 0
Net_id 29
pin_num 4
14 1 0
7 6 0
6 1 0
31 0 0
Net_id 30
pin_num 4
6 45 0
2 46 0
12 45 0
11 58 0
Net_id 31
pin_num 4
8 7 0
24 5 0
40 2 0
52 5 0
Net_id 32
pin_num 4
51 54 0
44 46 0
58 39 0
56 42 0
Net_id 33
pin_num 4
0 37 0
9 34 0
4 22 0
0 26 0
Net_id 34
pin_num 4
15 15 0
3 9 0
7 3 0
9 0 0
Net_id 35
pin_num 4
16 51 0
13 56 0
0 56 0
17 58 0
Net_id 36
pin_num 4
37 35 0
29 46 0
27 59 0
54 35 0
Net_id 37
pin_num 4
26 44 0
23 44 0
33 44 0
24 39 0
Net_id 38
pin_num 3
53 34 0
42 22 0
52 46 0
Net_id 39
pin_num 3
0 3 0
7 7 0
21 8 0
Net_id 40
pin_num 3
42 23 0
46 28 0
44 28 0
Net_id 41
pin_num 3
58 30 0
50 45 0
57 59 0
Net_id 42
pin_num 3
53 11 0
55 3 0
58 11 0
Net_id 43
pin_num 3
19 9 0
5 8 0
3 5 0
Net_id 44
pin_num 3
43 58 0
53 49 0
30 45 0
Net_id 45
pin_num 3
29 15 0
19 15 0
26 10 0
Net_id 46
pin_num 3
36 51 0
48 58 0
36 44 0
Net_id 47
pin_num 3
41 37 0
45 44 0
39 51 0
Net_id 48
pin_num 3
53 45 0
55 37 0
55 47 0
Net_id 49
pin_num 3
5 26 0
17 2 0
35 26 0
Net_id 50
pin_num 3
24 8 0
22 16 0
12 4 0
Net_id 51
pin_num 3
29 32 0
35 47 0
16 39 0
Net_id 52
pin_num 3
36 37 0
31 50 0
17 50 0
Net_id 53
pin_num 3
43 6 0
47 0 0
43 9 0
Net_id 54
pin_num 3
30 39 0
23 35 0
23 24 0
Net_id 55
pin_num 3
42 45 0
31 52 0
20 47 0
Net_id 56
pin_num 3
35 24 0
52 15 0
44 21 0
Net_id 57
pin_num 3
14 16 0
5 12 0
18 15 0
Net_id 58
pin_num 3
11 20 0
26 58 0
12 34 0
Net_id 59
pin_num 3
49 29 0
42 18 0
59 32 0
Net_id 60
pin_num 3
54 19 0
47 20 0
54 20 0
Net_id 61
pin_num 3
52 25 0
48 31 0
4 31 0
Net_id 62
pin_num 3
39 19 0
51 31 0
35 20 0
Net_id 63
pin_num 3
1 33 0
15 23 0
15 12 0
Net_id 64
pin_num 3
30 53 0
32 58 0
27 32 0
Net_id 65
pin_num 3
36 41 0
31 57 0
19 41 0
Net_id 66
pin_num 3
12 12 0
27 17 0
26 51 0
Net_id 67
pin_num 3
27 18 0
11 8 0
41 3 0
Net_id 68
pin_num 3
32 29 0
23 46 0
55 35 0
Net_id 69
pin_num 3
26 31 0
28 24 0
28 33 0
Net_id 70
pin_num 3
56 22 0
47 5 0
49 1 0
Net_id 71
pin_num 3
32 27 0
40 17 0
55 18 0
Net_id 72
pin_num 3
55 27 0
55 16 0
59 33 0
Net_id 73
pin_num 3
31 33 0
49 32 0
39 23 0
Net_id 74
pin_num 3
2 53 0
21 54 0
15 32 0
Net_id 75
pin_num 3
22 3 0
44 1 0
42 10 0
Net_id 76
pin_num 3
32 18 0
42 24 0
41 11 0
Net_id 77
pin_num 3
16 17 0
15 8 0
7 19 0
Net_id 78
pin_num 3
9 54 0
7 58 0
14 37 0
Net_id 79
pin_num 2
54 49 0
56 59 0
Net_id 80
pin_num 2
36 16 0
56 2 0
Net_id 81
pin_num 2
28 16 0
18 25 0
Net_id 82
pin_num 2
10 12 0
0 15 0
Net_id 83
pin_num 2
41 48 0
42 46 0
Net_id 84
pin_num 2
57 55 0
50 57 0
Net_id 85
pin_num 2
25 49 0
16 50 0
Net_id 86
pin_num 2
46 31 0
50 50 0
Net_id 87
pin_num 2
58 58 0
48 51 0
Net_id 88
pin_num 2
47 6 0
59 15 0
Net_id 89
pin_num 2
27 34 0
18 44 0
Net_id 90
pin_num 2
50 53 0
58 38 0
Net_id 91
pin_num 2
22 47 0
18 47 0
Net_id 92
pin_num 2
49 9 0
58 18 0
Net_id 93
pin_num 2
10 48 0
2 54 0
Net_id 94
pin_num 2
8 19 0
41 22 0
Net_id 95
pin_num 2
46 24 0
42 16 0
Net_id 96
pin_num 2
52 13 0
58 33 0
Net_id 97
pin_num 2
15 13 0
36 6 0
Net_id 98
pin_num 2
47 12 0
32 12 0
Net_id 99
pin_num 2
41 31 0
25 42 0
Net_id 100
pin_num 2
9 44 0
3 50 0
Net_id 101
pin_num 2
47 27 0
40 38 0
Net_id 102
pin_num 2
3 44 0
8 43 0
Net_id 103
pin_num 2
17 23 0
21 17 0
Net_id 104
pin_num 2
12 28 0
27 22 0
Net_id 105
pin_num 2
8 55 0
1 47 0
Net_id 106
pin_num 2
20 38 0
3 46 0
Net_id 107
pin_num 2
4 4 0
13 23 0
Net_id 108
pin_num 2
48 33 0
59 22 0
Net_id 109
pin_num 2
52 17 0
38 2 0
Net_id 110
pin_num 2
31 5 0
39 5 0
Net_id 111
pin_num 2
36 7 0
6 30 0
Net_id 112
pin_num 2
31 37 0
37 36 0
Net_id 113
pin_num 2
6 21 0
6 17 0
Net_id 114
pin_num 2
18 46 0
24 38 0
Net_id 115
pin_num 2
24 56 0
24 54 0
Net_id 116
pin_num 2
47 59 0
47 53 0
Net_id 117
pin_num 2
11 39 0
4 43 0
Net_id 118
pin_num 2
55 42 0
38 28 0
Net_id 119
pin_num 2
22 33 0
17 29 0
Net_id 120
pin_num 2
32 2 0
25 2 0
Net_id 121
pin_num 2
29 2 0
27 0 0
Net_id 122
pin_num 2
20 48 0
9 39 0
Net_id 123
pin_num 2
33 31 0
30 43 0
Net_id 124
pin_num 2
13 50 0
8 51 0
Net_id 125
pin_num 2
1 29 0
6 25 0
Net_id 126
pin_num 2
33 51 0
45 56 0
Net_id 127
pin_num 2
28 45 0
17 46 0
Net_id 128
pin_num 2
2 31 0
11 24 0
Net_id 129
pin_num 2
53 57 0
58 57 0
Net_id 130
pin_num 2
32 25 0
15 21 0
Net_id 131
pin_num 2
14 34 0
8 38 0
Net_id 132
pin_num 2
50 18 0
44 17 0
Net_id 133
pin_num 2
55 14 0
55 6 0
Net_id 134
pin_num 2
41 4 0
55 12 0
Net_id 135
pin_num 2
24 42 0
9 56 0
Net_id 136
pin_num 2
38 49 0
35 56 0
Net_id 137
pin_num 2
29 8 0
3 27 0
Net_id 138
pin_num 2
48 38 0
57 38 0
Net_id 139
pin_num 2
35 49 0
25 46 0
Net_id 140
pin_num 2
31 34 0
47 45 0
Net_id 141
pin_num 2
1 41 0
8 32 0
Net_id 142
pin_num 2
49 51 0
54 34 0
Net_id 143
pin_num 2
16 35 0
1 32 0
Net_id 144
pin_num 2
6 27 0
1 34 0
Net_id 145
pin_num 2
40 6 0
43 5 0
Net_id 146
pin_num 2
44 29 0
31 20 0
Net_id 147
pin_num 2
10 55 0
9 47 0
Net_id 148
pin_num 2
12 19 0
19 8 0
Net_id 149
pin_num 2
7 38 0
0 44 0
Net_id 150
pin_num 2
54 47 0
46 47 0
Net_id 151
pin_num 2
31 23 0
19 23 0
Net_id 152
pin_num 2
23 27 0
17 27 0
Net_id 153
pin_num 2
10 10 0
13 19 0
Net_id 154
pin_num 2
29 52 0
42 59 0
Net_id 155
pin_num 2
44 40 0
55 51 0
Net_id 156
pin_num 2
3 43 0
10 49 0
