Width 60
Height 60
Layer 6
Total_WL 7212
Obstacle_num 144
37 8 0 46 9 0
37 5 0 44 6 0
31 28 0 37 29 0
41 13 0 45 14 0
10 38 0 20 39 0
2 30 0 9 31 0
44 37 0 50 38 0
12 35 0 22 36 0
46 58 0 51 59 0
37 9 0 45 10 0
31 20 0 39 21 0
17 55 0 20 56 0
39 7 0 45 8 0
47 48 0 55 49 0
44 34 0 48 35 0
34 3 0 41 4 0
1 49 0 10 50 0
16 22 0 21 23 0
23 53 0 33 54 0
35 4 0 40 5 0
13 23 0 19 24 0
6 32 0 10 33 0
7 47 0 15 48 0
13 55 0 17 56 0
49 39 1 50 49 1
55 52 1 56 59 1
47 2 1 48 8 1
47 11 1 48 15 1
6 18 1 7 26 1
7 31 1 8 39 1
38 29 1 39 32 1
32 4 1 33 11 1
35 12 1 36 21 1
51 31 1 52 40 1
45 47 1 46 51 1
44 29 1 45 36 1
20 47 1 21 57 1
42 7 1 43 15 1
51 21 1 52 24 1
48 10 1 49 20 1
58 37 1 59 47 1
57 12 1 58 17 1
15 27 1 16 34 1
55 28 1 56 32 1
47 28 1 48 32 1
3 14 1 4 24 1
4 23 1 5 33 1
5 6 1 6 15 1
0 32 2 8 33 2
24 13 2 31 14 2
46 10 2 54 11 2
1 29 2 6 30 2
49 17 2 52 18 2
8 20 2 13 21 2
41 0 2 45 1 2
1 8 2 10 9 2
9 36 2 15 37 2
30 28 2 36 29 2
21 37 2 30 38 2
33 13 2 37 14 2
10 37 2 15 38 2
43 42 2 50 43 2
47 13 2 56 14 2
31 53 2 39 54 2
3 9 2 11 10 2
0 20 2 7 21 2
50 26 2 53 27 2
8 54 2 13 55 2
17 22 2 26 23 2
3 5 2 13 6 2
4 7 2 12 8 2
40 32 2 48 33 2
18 26 3 19 29 3
36 14 3 37 19 3
57 45 3 58 55 3
6 28 3 7 33 3
19 45 3 20 55 3
57 35 3 58 43 3
36 48 3 37 52 3
0 42 3 1 52 3
15 41 3 16 50 3
47 43 3 48 51 3
40 46 3 41 56 3
39 13 3 40 16 3
23 38 3 24 46 3
7 45 3 8 55 3
42 14 3 43 22 3
22 35 3 23 40 3
40 15 3 41 23 3
17 9 3 18 14 3
38 41 3 39 48 3
11 16 3 12 23 3
55 46 3 56 56 3
1 8 3 2 14 3
31 48 3 32 57 3
33 32 3 34 41 3
30 36 4 38 37 4
36 42 4 44 43 4
3 22 4 13 23 4
3 24 4 8 25 4
30 11 4 37 12 4
50 57 4 56 58 4
6 37 4 14 38 4
14 57 4 20 58 4
41 49 4 49 50 4
44 0 4 50 1 4
17 39 4 25 40 4
18 25 4 25 26 4
39 38 4 49 39 4
4 58 4 13 59 4
4 29 4 12 30 4
28 2 4 36 3 4
2 49 4 12 50 4
6 42 4 15 43 4
50 15 4 55 16 4
2 20 4 10 21 4
21 32 4 30 33 4
23 31 4 28 32 4
30 44 4 34 45 4
28 25 4 32 26 4
29 23 5 30 29 5
44 44 5 45 53 5
21 43 5 22 51 5
51 46 5 52 51 5
3 2 5 4 12 5
42 42 5 43 45 5
16 48 5 17 54 5
31 4 5 32 7 5
28 23 5 29 28 5
39 32 5 40 37 5
45 24 5 46 34 5
19 29 5 20 34 5
5 0 5 6 6 5
0 49 5 1 59 5
47 9 5 48 18 5
48 26 5 49 34 5
47 28 5 48 34 5
12 27 5 13 35 5
48 41 5 49 45 5
26 24 5 27 29 5
55 9 5 56 15 5
20 24 5 21 33 5
5 31 5 6 41 5
4 13 5 5 16 5
Net_num 160
Net_id 0
pin_num 5
10 17 0
18 5 0
17 0 0
33 0 0
34 10 0
Net_id 1
pin_num 5
53 43 0
59 55 0
59 43 0
49 56 0
59 36 0
Net_id 2
pin_num 5
25 1 0
33 8 0
9 8 0
24 6 0
40 4 0
Net_id 3
pin_num 5
21 11 0
10 13 0
22 9 0
10 32 0
32 3 0
Net_id 4
pin_num 5
37 0 0
41 1 0
34 9 0
20 2 0
59 2 0
Net_id 5
pin_num 5
44 48 0
51 55 0
51 47 0
40 59 0
48 53 0
Net_id 6
pin_num 5
52 32 0
43 32 0
50 24 0
59 18 0
58 35 0
Net_id 7
pin_num 5
37 39 0
37 43 0
52 42 0
39 33 0
35 40 0
Net_id 8
pin_num 5
27 42 0
40 49 0
18 49 0
34 59 0
32 49 0
Net_id 9
pin_num 5
44 47 0
33 47 0
38 34 0
44 39 0
56 45 0
Net_id 10
pin_num 5
58 30 0
59 48 0
48 41 0
38 33 0
48 20 0
Net_id 11
pin_num 5
49 12 0
38 21 0
30 20 0
37 29 0
37 10 0
Net_id 12
pin_num 5
16 59 0
14 52 0
31 55 0
1 56 0
25 45 0
Net_id 13
pin_num 5
1 7 0
0 18 0
0 21 0
11 16 0
14 22 0
Net_id 14
pin_num 5
3 54 0
14 54 0
17 59 0
14 50 0
16 44 0
Net_id 15
pin_num 5
9 25 0
15 20 0
35 26 0
13 15 0
32 18 0
Net_id 16
pin_num 5
57 38 0
52 44 0
54 46 0
59 54 0
52 39 0
Net_id 17
pin_num 5
40 23 0
49 11 0
49 2 0
47 18 0
59 10 0
Net_id 18
pin_num 5
30 56 0
27 50 0
18 56 0
38 58 0
18 48 0
Net_id 19
pin_num 4
21 13 0
26 1 0
13 10 0
7 3 0
Net_id 20
pin_num 4
24 12 0
12 19 0
17 21 0
16 1 0
Net_id 21
pin_num 4
47 5 0
41 10 0
20 7 0
41 26 0
Net_id 22
pin_num 4
34 17 0
23 15 0
15 15 0
18 21 0
Net_id 23
pin_num 4
7 22 0
17 31 0
28 26 0
9 14 0
Net_id 24
pin_num 4
47 42 0
36 41 0
53 42 0
45 59 0
Net_id 25
pin_num 4
47 36 0
56 37 0
57 44 0
56 41 0
Net_id 26
pin_num 4
28 31 0
43 35 0
32 16 0
22 11 0
Net_id 27
pin_num 4
11 1 0
1 0 0
4 7 0
9 0 0
Net_id 28
pin_num 4
27 30 0
30 34 0
16 30 0
2 23 0
Net_id 29
pin_num 4
53 33 0
46 36 0
46 17 0
50 54 0
Net_id 30
pin_num 4
12 22 0
2 11 0
6 2 0
12 15 0
Net_id 31
pin_num 4
9 24 0
1 19 0
30 24 0
23 44 0
Net_id 32
pin_num 4
6 46 0
26 44 0
0 53 0
25 29 0
Net_id 33
pin_num 4
48 51 0
35 46 0
52 55 0
35 43 0
Net_id 34
pin_num 4
6 21 0
6 20 0
0 16 0
10 0 0
Net_id 35
pin_num 4
24 49 0
15 58 0
30 52 0
15 37 0
Net_id 36
pin_num 4
7 8 0
10 2 0
7 2 0
7 4 0
Net_id 37
pin_num 4
2 37 0
4 42 0
1 22 0
10 42 0
Net_id 38
pin_num 4
5 29 0
8 43 0
0 30 0
31 39 0
Net_id 39
pin_num 4
19 44 0
22 50 0
12 41 0
3 35 0
Net_id 40
pin_num 4
45 54 0
33 57 0
41 46 0
29 41 0
Net_id 41
pin_num 3
30 45 0
21 59 0
37 45 0
Net_id 42
pin_num 3
41 24 0
38 26 0
25 9 0
Net_id 43
pin_num 3
23 31 0
28 32 0
28 57 0
Net_id 44
pin_num 3
22 32 0
33 48 0
45 29 0
Net_id 45
pin_num 3
43 38 0
34 25 0
43 1 0
Net_id 46
pin_num 3
58 20 0
48 22 0
42 26 0
Net_id 47
pin_num 3
42 25 0
49 35 0
34 21 0
Net_id 48
pin_num 3
35 32 0
49 24 0
49 23 0
Net_id 49
pin_num 3
14 20 0
1 3 0
33 18 0
Net_id 50
pin_num 3
49 10 0
55 10 0
43 24 0
Net_id 51
pin_num 3
18 4 0
29 12 0
12 1 0
Net_id 52
pin_num 3
9 33 0
26 40 0
26 43 0
Net_id 53
pin_num 3
13 49 0
30 51 0
1 55 0
Net_id 54
pin_num 3
21 42 0
0 40 0
10 52 0
Net_id 55
pin_num 3
40 10 0
33 3 0
31 1 0
Net_id 56
pin_num 3
42 36 0
49 28 0
59 17 0
Net_id 57
pin_num 3
34 46 0
26 46 0
30 54 0
Net_id 58
pin_num 3
35 58 0
34 41 0
24 46 0
Net_id 59
pin_num 3
52 34 0
56 47 0
38 45 0
Net_id 60
pin_num 3
54 16 0
59 5 0
56 25 0
Net_id 61
pin_num 3
43 3 0
35 10 0
40 36 0
Net_id 62
pin_num 3
8 58 0
21 53 0
3 52 0
Net_id 63
pin_num 3
52 13 0
59 3 0
50 44 0
Net_id 64
pin_num 3
21 7 0
44 20 0
24 19 0
Net_id 65
pin_num 3
58 33 0
48 50 0
56 50 0
Net_id 66
pin_num 3
31 56 0
48 57 0
13 52 0
Net_id 67
pin_num 3
44 24 0
58 18 0
26 22 0
Net_id 68
pin_num 3
45 13 0
56 1 0
43 6 0
Net_id 69
pin_num 3
7 7 0
6 11 0
12 21 0
Net_id 70
pin_num 3
51 6 0
57 17 0
52 27 0
Net_id 71
pin_num 3
22 33 0
8 28 0
16 29 0
Net_id 72
pin_num 3
42 23 0
52 25 0
54 34 0
Net_id 73
pin_num 3
40 41 0
25 28 0
25 57 0
Net_id 74
pin_num 3
33 12 0
45 2 0
58 7 0
Net_id 75
pin_num 3
45 57 0
38 57 0
32 58 0
Net_id 76
pin_num 3
37 27 0
43 27 0
13 14 0
Net_id 77
pin_num 3
18 27 0
38 19 0
32 39 0
Net_id 78
pin_num 3
53 34 0
35 51 0
21 34 0
Net_id 79
pin_num 3
44 27 0
56 32 0
45 7 0
Net_id 80
pin_num 3
2 13 0
12 9 0
11 2 0
Net_id 81
pin_num 2
53 14 0
30 13 0
Net_id 82
pin_num 2
52 24 0
58 8 0
Net_id 83
pin_num 2
4 31 0
11 10 0
Net_id 84
pin_num 2
30 29 0
15 34 0
Net_id 85
pin_num 2
46 38 0
42 44 0
Net_id 86
pin_num 2
33 7 0
33 4 0
Net_id 87
pin_num 2
34 33 0
14 43 0
Net_id 88
pin_num 2
48 56 0
42 31 0
Net_id 89
pin_num 2
22 42 0
31 40 0
Net_id 90
pin_num 2
13 29 0
19 41 0
Net_id 91
pin_num 2
42 52 0
57 53 0
Net_id 92
pin_num 2
32 23 0
53 29 0
Net_id 93
pin_num 2
34 29 0
54 14 0
Net_id 94
pin_num 2
59 31 0
49 21 0
Net_id 95
pin_num 2
46 11 0
30 1 0
Net_id 96
pin_num 2
30 33 0
44 15 0
Net_id 97
pin_num 2
17 41 0
31 37 0
Net_id 98
pin_num 2
51 24 0
56 21 0
Net_id 99
pin_num 2
57 33 0
44 12 0
Net_id 100
pin_num 2
44 2 0
35 5 0
Net_id 101
pin_num 2
27 4 0
38 18 0
Net_id 102
pin_num 2
2 40 0
2 47 0
Net_id 103
pin_num 2
0 43 0
4 47 0
Net_id 104
pin_num 2
31 58 0
18 57 0
Net_id 105
pin_num 2
43 22 0
34 16 0
Net_id 106
pin_num 2
37 48 0
43 46 0
Net_id 107
pin_num 2
5 32 0
3 11 0
Net_id 108
pin_num 2
6 45 0
21 40 0
Net_id 109
pin_num 2
15 36 0
25 15 0
Net_id 110
pin_num 2
2 10 0
5 18 0
Net_id 111
pin_num 2
5 50 0
12 52 0
Net_id 112
pin_num 2
27 40 0
32 50 0
Net_id 113
pin_num 2
40 58 0
52 51 0
Net_id 114
pin_num 2
30 9 0
19 2 0
Net_id 115
pin_num 2
15 1 0
21 14 0
Net_id 116
pin_num 2
5 45 0
1 45 0
Net_id 117
pin_num 2
43 44 0
33 24 0
Net_id 118
pin_num 2
51 9 0
58 16 0
Net_id 119
pin_num 2
58 23 0
53 32 0
Net_id 120
pin_num 2
29 16 0
13 13 0
Net_id 121
pin_num 2
1 15 0
20 1 0
Net_id 122
pin_num 2
21 16 0
1 31 0
Net_id 123
pin_num 2
7 37 0
2 58 0
Net_id 124
pin_num 2
23 16 0
11 4 0
Net_id 125
pin_num 2
6 38 0
20 57 0
Net_id 126
pin_num 2
28 33 0
24 36 0
Net_id 127
pin_num 2
51 5 0
39 1 0
Net_id 128
pin_num 2
39 57 0
32 41 0
Net_id 129
pin_num 2
51 15 0
40 6 0
Net_id 130
pin_num 2
11 7 0
27 3 0
Net_id 131
pin_num 2
1 57 0
17 50 0
Net_id 132
pin_num 2
0 5 0
9 11 0
Net_id 133
pin_num 2
2 19 0
14 41 0
Net_id 134
pin_num 2
43 12 0
19 28 0
Net_id 135
pin_num 2
9 29 0
16 21 0
Net_id 136
pin_num 2
56 49 0
52 49 0
Net_id 137
pin_num 2
13 44 0
33 51 0
Net_id 138
pin_num 2
5 22 0
2 9 0
Net_id 139
pin_num 2
45 40 0
27 28 0
Net_id 140
pin_num 2
52 2 0
59 4 0
Net_id 141
pin_num 2
39 37 0
49 18 0
Net_id 142
pin_num 2
4 35 0
19 29 0
Net_id 143
pin_num 2
19 31 0
19 37 0
Net_id 144
pin_num 2
13 0 0
15 2 0
Net_id 145
pin_num 2
48 17 0
54 17 0
Net_id 146
pin_num 2
16 54 0
31 57 0
Net_id 147
pin_num 2
3 41 0
11 41 0
Net_id 148
pin_num 2
8 26 0
3 12 0
Net_id 149
pin_num 2
13 43 0
7 48 0
Net_id 150
pin_num 2
30 16 0
5 4 0
Net_id 151
pin_num 2
31 47 0
22 51 0
Net_id 152
pin_num 2
30 2 0
26 5 0
Net_id 153
pin_num 2
22 19 0
22 31 0
Net_id 154
pin_num 2
2 32 0
7 55 0
Net_id 155
pin_num 2
58 6 0
53 16 0
Net_id 156
pin_num 2
50 22 0
57 21 0
Net_id 157
pin_num 2
11 44 0
8 55 0
Net_id 158
pin_num 2
58 1 0
51 16 0
Net_id 159
pin_num 2
28 13 0
34 27 0
