Width 60
Height 60
Layer 6
Total_WL 6648
Obstacle_num 144
27 31 0 33 32 0
8 22 0 17 23 0
24 37 0 27 38 0
10 45 0 17 46 0
16 3 0 25 4 0
10 39 0 16 40 0
40 18 0 49 19 0
34 25 0 38 26 0
43 23 0 51 24 0
28 52 0 35 53 0
19 0 0 23 1 0
42 16 0 46 17 0
42 2 0 45 3 0
33 53 0 41 54 0
30 44 0 33 45 0
30 50 0 40 51 0
47 58 0 51 59 0
0 23 0 9 24 0
24 16 0 31 17 0
42 25 0 50 26 0
44 27 0 52 28 0
27 13 0 37 14 0
44 15 0 47 16 0
8 54 0 11 55 0
7 26 1 8 35 1
2 40 1 3 45 1
51 42 1 52 46 1
46 1 1 47 11 1
50 11 1 51 17 1
6 35 1 7 39 1
54 53 1 55 58 1
49 25 1 50 33 1
44 32 1 45 42 1
24 54 1 25 59 1
26 41 1 27 44 1
40 19 1 41 23 1
55 0 1 56 7 1
6 21 1 7 27 1
11 41 1 12 51 1
39 32 1 40 40 1
54 25 1 55 31 1
23 32 1 24 41 1
37 27 1 38 30 1
6 47 1 7 50 1
0 22 1 1 27 1
57 46 1 58 54 1
52 51 1 53 55 1
29 9 1 30 13 1
12 45 2 15 46 2
2 56 2 8 57 2
39 20 2 43 21 2
12 51 2 17 52 2
24 20 2 32 21 2
4 30 2 10 31 2
45 31 2 53 32 2
41 32 2 45 33 2
46 4 2 51 5 2
49 28 2 53 29 2
49 16 2 59 17 2
0 17 2 9 18 2
3 42 2 13 43 2
41 47 2 45 48 2
30 51 2 34 52 2
4 22 2 14 23 2
15 38 2 25 39 2
16 34 2 25 35 2
0 21 2 8 22 2
18 1 2 28 2 2
36 27 2 43 28 2
19 11 2 26 12 2
45 49 2 50 50 2
4 39 2 10 40 2
21 43 3 22 47 3
42 5 3 43 15 3
0 43 3 1 52 3
29 46 3 30 50 3
34 32 3 35 39 3
40 22 3 41 31 3
54 11 3 55 20 3
12 28 3 13 35 3
29 29 3 30 39 3
32 19 3 33 29 3
3 6 3 4 13 3
36 5 3 37 15 3
27 35 3 28 41 3
43 55 3 44 59 3
42 20 3 43 24 3
55 0 3 56 7 3
24 17 3 25 20 3
47 54 3 48 57 3
23 2 3 24 8 3
50 34 3 51 44 3
53 18 3 54 25 3
2 23 3 3 30 3
19 43 3 20 51 3
10 12 3 11 21 3
46 46 4 56 47 4
42 27 4 46 28 4
8 13 4 18 14 4
36 47 4 39 48 4
34 8 4 41 9 4
15 18 4 23 19 4
11 5 4 14 6 4
18 29 4 27 30 4
35 48 4 45 49 4
22 17 4 29 18 4
11 6 4 16 7 4
36 22 4 44 23 4
11 34 4 21 35 4
16 24 4 21 25 4
23 10 4 27 11 4
27 19 4 35 20 4
52 22 4 57 23 4
40 4 4 46 5 4
38 17 4 41 18 4
10 26 4 17 27 4
39 36 4 43 37 4
32 26 4 41 27 4
4 22 4 10 23 4
49 13 4 52 14 4
45 48 5 46 56 5
41 52 5 42 58 5
5 35 5 6 40 5
15 1 5 16 6 5
41 15 5 42 22 5
17 9 5 18 18 5
27 32 5 28 38 5
28 14 5 29 22 5
16 30 5 17 37 5
4 27 5 5 35 5
42 1 5 43 4 5
48 20 5 49 30 5
33 42 5 34 47 5
22 21 5 23 29 5
25 36 5 26 39 5
11 8 5 12 15 5
5 49 5 6 55 5
48 9 5 49 13 5
30 18 5 31 25 5
21 45 5 22 53 5
46 7 5 47 12 5
49 26 5 50 31 5
55 11 5 56 14 5
7 40 5 8 48 5
Net_num 160
Net_id 0
pin_num 5
8 37 0
18 28 0
18 16 0
10 21 0
21 23 0
Net_id 1
pin_num 5
22 58 0
19 59 0
12 58 0
17 55 0
21 47 0
Net_id 2
pin_num 5
7 49 0
0 58 0
23 58 0
0 34 0
17 51 0
Net_id 3
pin_num 5
15 31 0
14 26 0
1 33 0
14 40 0
7 40 0
Net_id 4
pin_num 5
54 10 0
56 18 0
46 19 0
36 17 0
51 17 0
Net_id 5
pin_num 5
14 29 0
19 29 0
18 47 0
27 43 0
25 57 0
Net_id 6
pin_num 5
22 41 0
21 44 0
26 41 0
21 27 0
1 42 0
Net_id 7
pin_num 5
5 50 0
1 44 0
4 27 0
24 44 0
23 26 0
Net_id 8
pin_num 5
41 3 0
49 12 0
58 7 0
38 9 0
54 8 0
Net_id 9
pin_num 5
21 6 0
15 9 0
16 16 0
27 11 0
11 0 0
Net_id 10
pin_num 5
34 56 0
41 59 0
41 55 0
37 46 0
46 49 0
Net_id 11
pin_num 5
10 50 0
6 54 0
18 59 0
9 47 0
9 38 0
Net_id 12
pin_num 5
36 36 0
28 32 0
33 25 0
13 33 0
11 36 0
Net_id 13
pin_num 5
20 4 0
25 0 0
25 21 0
25 22 0
19 19 0
Net_id 14
pin_num 5
45 47 0
32 54 0
33 43 0
40 57 0
27 52 0
Net_id 15
pin_num 5
0 11 0
7 11 0
17 20 0
27 25 0
15 16 0
Net_id 16
pin_num 5
6 24 0
8 21 0
8 42 0
0 29 0
19 30 0
Net_id 17
pin_num 5
16 4 0
19 2 0
7 2 0
18 20 0
18 5 0
Net_id 18
pin_num 5
8 44 0
3 59 0
4 59 0
4 55 0
2 59 0
Net_id 19
pin_num 5
4 24 0
9 23 0
1 16 0
29 23 0
15 40 0
Net_id 20
pin_num 5
11 12 0
3 12 0
7 0 0
6 0 0
0 19 0
Net_id 21
pin_num 4
53 22 0
47 22 0
51 4 0
52 36 0
Net_id 22
pin_num 4
9 20 0
12 33 0
16 35 0
22 18 0
Net_id 23
pin_num 4
3 6 0
10 6 0
0 7 0
5 15 0
Net_id 24
pin_num 4
46 20 0
50 7 0
32 7 0
42 0 0
Net_id 25
pin_num 4
24 46 0
20 45 0
20 26 0
37 36 0
Net_id 26
pin_num 4
17 12 0
9 3 0
1 3 0
1 4 0
Net_id 27
pin_num 4
52 45 0
45 35 0
59 34 0
59 55 0
Net_id 28
pin_num 4
22 21 0
6 29 0
7 36 0
1 36 0
Net_id 29
pin_num 4
15 24 0
33 20 0
28 3 0
32 0 0
Net_id 30
pin_num 4
56 14 0
42 19 0
50 32 0
39 18 0
Net_id 31
pin_num 4
48 13 0
51 24 0
26 24 0
35 12 0
Net_id 32
pin_num 4
59 30 0
55 36 0
59 31 0
51 30 0
Net_id 33
pin_num 4
7 32 0
3 25 0
2 12 0
28 25 0
Net_id 34
pin_num 4
42 28 0
55 28 0
43 19 0
55 31 0
Net_id 35
pin_num 4
2 28 0
10 34 0
17 35 0
15 27 0
Net_id 36
pin_num 4
1 41 0
3 44 0
3 29 0
10 31 0
Net_id 37
pin_num 4
24 54 0
31 54 0
18 51 0
26 53 0
Net_id 38
pin_num 4
51 56 0
55 55 0
4 57 0
58 39 0
Net_id 39
pin_num 4
9 27 0
0 16 0
4 15 0
29 25 0
Net_id 40
pin_num 3
47 14 0
26 21 0
23 23 0
Net_id 41
pin_num 3
41 4 0
32 6 0
40 12 0
Net_id 42
pin_num 3
20 42 0
31 33 0
35 40 0
Net_id 43
pin_num 3
41 46 0
38 55 0
56 52 0
Net_id 44
pin_num 3
48 31 0
46 36 0
57 38 0
Net_id 45
pin_num 3
15 15 0
23 13 0
7 8 0
Net_id 46
pin_num 3
1 37 0
13 41 0
32 34 0
Net_id 47
pin_num 3
15 59 0
2 47 0
13 46 0
Net_id 48
pin_num 3
29 5 0
31 8 0
10 1 0
Net_id 49
pin_num 3
10 42 0
2 52 0
5 29 0
Net_id 50
pin_num 3
3 0 0
2 7 0
6 7 0
Net_id 51
pin_num 3
52 26 0
39 16 0
45 0 0
Net_id 52
pin_num 3
25 8 0
12 4 0
13 29 0
Net_id 53
pin_num 3
41 42 0
31 42 0
9 36 0
Net_id 54
pin_num 3
47 57 0
58 55 0
56 38 0
Net_id 55
pin_num 3
3 14 0
9 21 0
4 51 0
Net_id 56
pin_num 3
39 55 0
25 45 0
45 46 0
Net_id 57
pin_num 3
49 53 0
55 54 0
52 59 0
Net_id 58
pin_num 3
10 43 0
1 52 0
1 14 0
Net_id 59
pin_num 3
20 44 0
15 47 0
12 50 0
Net_id 60
pin_num 3
19 18 0
8 17 0
35 17 0
Net_id 61
pin_num 3
59 5 0
38 1 0
59 14 0
Net_id 62
pin_num 3
22 2 0
14 9 0
17 22 0
Net_id 63
pin_num 3
28 15 0
50 17 0
22 16 0
Net_id 64
pin_num 3
50 2 0
57 21 0
53 13 0
Net_id 65
pin_num 3
7 5 0
11 16 0
1 34 0
Net_id 66
pin_num 3
22 24 0
18 22 0
24 42 0
Net_id 67
pin_num 3
24 59 0
34 45 0
4 54 0
Net_id 68
pin_num 3
31 9 0
39 13 0
35 0 0
Net_id 69
pin_num 3
24 39 0
38 38 0
27 32 0
Net_id 70
pin_num 3
7 42 0
0 27 0
12 43 0
Net_id 71
pin_num 3
22 26 0
14 10 0
34 18 0
Net_id 72
pin_num 3
36 3 0
27 0 0
27 8 0
Net_id 73
pin_num 3
36 19 0
54 21 0
47 1 0
Net_id 74
pin_num 3
12 7 0
26 7 0
38 6 0
Net_id 75
pin_num 3
2 43 0
10 38 0
35 41 0
Net_id 76
pin_num 3
43 43 0
32 48 0
51 59 0
Net_id 77
pin_num 3
41 6 0
50 10 0
32 17 0
Net_id 78
pin_num 3
39 48 0
31 45 0
39 58 0
Net_id 79
pin_num 3
31 25 0
27 6 0
28 12 0
Net_id 80
pin_num 2
37 8 0
32 8 0
Net_id 81
pin_num 2
37 20 0
23 15 0
Net_id 82
pin_num 2
58 56 0
53 56 0
Net_id 83
pin_num 2
28 56 0
10 49 0
Net_id 84
pin_num 2
56 19 0
47 34 0
Net_id 85
pin_num 2
36 52 0
29 47 0
Net_id 86
pin_num 2
34 49 0
19 39 0
Net_id 87
pin_num 2
16 59 0
22 57 0
Net_id 88
pin_num 2
43 35 0
40 43 0
Net_id 89
pin_num 2
44 30 0
40 24 0
Net_id 90
pin_num 2
25 4 0
29 1 0
Net_id 91
pin_num 2
11 9 0
3 3 0
Net_id 92
pin_num 2
39 25 0
31 23 0
Net_id 93
pin_num 2
24 19 0
2 45 0
Net_id 94
pin_num 2
26 55 0
17 43 0
Net_id 95
pin_num 2
56 25 0
48 29 0
Net_id 96
pin_num 2
13 32 0
3 27 0
Net_id 97
pin_num 2
48 40 0
58 50 0
Net_id 98
pin_num 2
18 48 0
6 58 0
Net_id 99
pin_num 2
0 56 0
14 38 0
Net_id 100
pin_num 2
4 53 0
0 57 0
Net_id 101
pin_num 2
53 54 0
41 45 0
Net_id 102
pin_num 2
4 48 0
15 53 0
Net_id 103
pin_num 2
23 47 0
12 55 0
Net_id 104
pin_num 2
25 10 0
43 4 0
Net_id 105
pin_num 2
34 26 0
14 32 0
Net_id 106
pin_num 2
32 29 0
17 26 0
Net_id 107
pin_num 2
53 18 0
49 2 0
Net_id 108
pin_num 2
26 35 0
47 50 0
Net_id 109
pin_num 2
28 38 0
6 46 0
Net_id 110
pin_num 2
31 51 0
27 48 0
Net_id 111
pin_num 2
24 49 0
28 55 0
Net_id 112
pin_num 2
37 37 0
38 20 0
Net_id 113
pin_num 2
34 37 0
53 26 0
Net_id 114
pin_num 2
4 38 0
3 48 0
Net_id 115
pin_num 2
28 4 0
21 7 0
Net_id 116
pin_num 2
13 52 0
25 32 0
Net_id 117
pin_num 2
37 16 0
28 42 0
Net_id 118
pin_num 2
14 3 0
18 1 0
Net_id 119
pin_num 2
51 8 0
17 1 0
Net_id 120
pin_num 2
42 49 0
29 54 0
Net_id 121
pin_num 2
13 47 0
7 46 0
Net_id 122
pin_num 2
21 33 0
33 22 0
Net_id 123
pin_num 2
25 9 0
4 3 0
Net_id 124
pin_num 2
32 21 0
36 23 0
Net_id 125
pin_num 2
58 44 0
41 43 0
Net_id 126
pin_num 2
37 54 0
20 47 0
Net_id 127
pin_num 2
16 41 0
12 46 0
Net_id 128
pin_num 2
19 49 0
4 47 0
Net_id 129
pin_num 2
43 37 0
33 23 0
Net_id 130
pin_num 2
22 54 0
18 54 0
Net_id 131
pin_num 2
34 1 0
35 4 0
Net_id 132
pin_num 2
24 14 0
48 1 0
Net_id 133
pin_num 2
17 13 0
10 35 0
Net_id 134
pin_num 2
30 11 0
17 27 0
Net_id 135
pin_num 2
46 9 0
43 5 0
Net_id 136
pin_num 2
45 41 0
58 51 0
Net_id 137
pin_num 2
31 22 0
14 48 0
Net_id 138
pin_num 2
54 44 0
49 37 0
Net_id 139
pin_num 2
57 26 0
59 23 0
Net_id 140
pin_num 2
2 58 0
25 30 0
Net_id 141
pin_num 2
11 44 0
20 16 0
Net_id 142
pin_num 2
33 48 0
37 23 0
Net_id 143
pin_num 2
25 40 0
39 31 0
Net_id 144
pin_num 2
47 53 0
42 53 0
Net_id 145
pin_num 2
53 55 0
51 46 0
Net_id 146
pin_num 2
56 16 0
57 45 0
Net_id 147
pin_num 2
19 20 0
32 14 0
Net_id 148
pin_num 2
7 53 0
24 45 0
Net_id 149
pin_num 2
21 28 0
32 24 0
Net_id 150
pin_num 2
44 34 0
46 29 0
Net_id 151
pin_num 2
44 12 0
31 7 0
Net_id 152
pin_num 2
50 38 0
51 37 0
Net_id 153
pin_num 2
21 14 0
29 14 0
Net_id 154
pin_num 2
42 54 0
43 42 0
Net_id 155
pin_num 2
26 13 0
35 19 0
Net_id 156
pin_num 2
16 1 0
9 4 0
Net_id 157
pin_num 2
40 20 0
41 28 0
Net_id 158
pin_num 2
40 38 0
44 43 0
Net_id 159
pin_num 2
40 28 0
34 27 0
