Width 60
Height 60
Layer 6
Total_WL 6852
Obstacle_num 144
41 53 0 46 54 0
2 31 0 5 32 0
38 27 0 48 28 0
3 8 0 10 9 0
48 23 0 55 24 0
3 11 0 9 12 0
42 17 0 49 18 0
10 43 0 15 44 0
13 29 0 22 30 0
9 15 0 18 16 0
28 7 0 33 8 0
32 34 0 35 35 0
14 42 0 18 43 0
26 35 0 30 36 0
36 15 0 39 16 0
47 28 0 50 29 0
18 43 0 28 44 0
3 22 0 7 23 0
53 4 0 58 5 0
44 35 0 53 36 0
46 7 0 52 8 0
20 21 0 26 22 0
40 11 0 50 12 0
34 55 0 44 56 0
43 4 1 44 11 1
1 30 1 2 40 1
54 13 1 55 16 1
12 19 1 13 27 1
10 27 1 11 31 1
19 0 1 20 9 1
35 0 1 36 3 1
56 34 1 57 43 1
40 46 1 41 56 1
5 2 1 6 7 1
6 20 1 7 29 1
6 55 1 7 58 1
46 29 1 47 37 1
35 55 1 36 58 1
50 11 1 51 15 1
46 15 1 47 19 1
41 38 1 42 47 1
22 6 1 23 13 1
58 31 1 59 36 1
16 19 1 17 29 1
15 50 1 16 56 1
8 23 1 9 29 1
29 44 1 30 54 1
19 29 1 20 34 1
39 9 2 48 10 2
29 0 2 34 1 2
30 35 2 40 36 2
32 54 2 39 55 2
25 33 2 35 34 2
20 6 2 29 7 2
24 47 2 34 48 2
50 36 2 57 37 2
12 47 2 21 48 2
48 22 2 53 23 2
45 0 2 53 1 2
31 26 2 36 27 2
18 42 2 25 43 2
28 44 2 37 45 2
4 34 2 8 35 2
9 54 2 18 55 2
2 15 2 12 16 2
21 11 2 30 12 2
4 55 2 11 56 2
52 49 2 56 50 2
29 7 2 33 8 2
1 44 2 4 45 2
48 32 2 55 33 2
21 55 2 29 56 2
9 11 3 10 17 3
41 22 3 42 26 3
55 35 3 56 45 3
29 47 3 30 55 3
52 37 3 53 45 3
2 28 3 3 31 3
34 0 3 35 10 3
45 34 3 46 40 3
28 11 3 29 21 3
23 18 3 24 27 3
0 33 3 1 38 3
35 45 3 36 51 3
10 7 3 11 11 3
11 27 3 12 36 3
20 16 3 21 26 3
37 25 3 38 29 3
38 33 3 39 42 3
25 1 3 26 7 3
36 35 3 37 38 3
39 5 3 40 12 3
51 4 3 52 7 3
28 42 3 29 46 3
57 38 3 58 43 3
6 1 3 7 10 3
15 46 4 18 47 4
50 53 4 58 54 4
42 17 4 51 18 4
17 37 4 21 38 4
43 0 4 53 1 4
19 47 4 24 48 4
44 57 4 52 58 4
39 40 4 49 41 4
43 29 4 46 30 4
3 20 4 10 21 4
38 48 4 41 49 4
2 49 4 5 50 4
17 28 4 26 29 4
36 25 4 46 26 4
12 14 4 21 15 4
0 29 4 3 30 4
36 7 4 43 8 4
20 57 4 24 58 4
1 40 4 8 41 4
20 21 4 26 22 4
11 42 4 15 43 4
29 28 4 39 29 4
36 14 4 44 15 4
36 54 4 42 55 4
34 10 5 35 13 5
4 1 5 5 9 5
55 3 5 56 12 5
35 12 5 36 22 5
27 33 5 28 40 5
47 22 5 48 31 5
39 16 5 40 22 5
45 16 5 46 25 5
28 0 5 29 10 5
33 36 5 34 40 5
11 49 5 12 54 5
0 2 5 1 11 5
43 21 5 44 30 5
35 47 5 36 55 5
22 12 5 23 18 5
48 51 5 49 59 5
29 31 5 30 34 5
49 20 5 50 26 5
31 1 5 32 5 5
24 11 5 25 16 5
8 30 5 9 39 5
40 16 5 41 25 5
49 55 5 50 59 5
6 46 5 7 50 5
Net_num 163
Net_id 0
pin_num 5
12 46 0
22 44 0
21 23 0
16 44 0
21 39 0
Net_id 1
pin_num 5
17 0 0
36 1 0
20 1 0
28 4 0
26 22 0
Net_id 2
pin_num 5
11 48 0
7 48 0
8 38 0
0 52 0
0 53 0
Net_id 3
pin_num 5
47 6 0
59 11 0
37 9 0
29 6 0
28 0 0
Net_id 4
pin_num 5
10 10 0
11 23 0
5 26 0
11 4 0
9 39 0
Net_id 5
pin_num 5
3 25 0
7 25 0
0 37 0
3 29 0
23 29 0
Net_id 6
pin_num 5
38 9 0
43 23 0
24 17 0
32 39 0
39 17 0
Net_id 7
pin_num 5
25 32 0
34 39 0
3 32 0
11 36 0
30 42 0
Net_id 8
pin_num 5
14 40 0
8 37 0
12 33 0
16 18 0
38 26 0
Net_id 9
pin_num 5
18 3 0
10 3 0
17 17 0
12 13 0
13 11 0
Net_id 10
pin_num 5
44 28 0
34 28 0
56 19 0
58 15 0
43 3 0
Net_id 11
pin_num 5
50 34 0
59 32 0
55 39 0
51 14 0
59 53 0
Net_id 12
pin_num 5
49 43 0
48 49 0
44 46 0
46 14 0
36 27 0
Net_id 13
pin_num 5
46 32 0
40 26 0
26 31 0
39 50 0
43 35 0
Net_id 14
pin_num 5
54 31 0
59 29 0
58 24 0
59 30 0
33 28 0
Net_id 15
pin_num 5
51 13 0
55 13 0
50 0 0
51 8 0
59 1 0
Net_id 16
pin_num 5
7 49 0
2 59 0
2 54 0
23 58 0
17 51 0
Net_id 17
pin_num 5
15 55 0
4 57 0
30 58 0
0 39 0
12 48 0
Net_id 18
pin_num 5
48 58 0
40 58 0
42 47 0
37 47 0
44 59 0
Net_id 19
pin_num 5
23 19 0
20 31 0
20 40 0
7 36 0
27 39 0
Net_id 20
pin_num 5
57 28 0
55 24 0
39 29 0
49 34 0
58 16 0
Net_id 21
pin_num 4
7 35 0
17 31 0
6 30 0
20 39 0
Net_id 22
pin_num 4
40 23 0
43 26 0
39 18 0
42 21 0
Net_id 23
pin_num 4
45 48 0
53 38 0
51 54 0
58 43 0
Net_id 24
pin_num 4
51 29 0
38 32 0
59 33 0
57 52 0
Net_id 25
pin_num 4
27 47 0
34 53 0
42 40 0
26 45 0
Net_id 26
pin_num 4
6 38 0
5 33 0
16 34 0
0 18 0
Net_id 27
pin_num 4
56 30 0
48 34 0
24 30 0
35 42 0
Net_id 28
pin_num 4
29 56 0
37 44 0
33 59 0
23 59 0
Net_id 29
pin_num 4
41 31 0
37 36 0
20 33 0
31 34 0
Net_id 30
pin_num 4
25 2 0
16 0 0
25 13 0
20 15 0
Net_id 31
pin_num 4
59 8 0
57 14 0
51 12 0
47 18 0
Net_id 32
pin_num 4
53 48 0
49 45 0
49 36 0
57 29 0
Net_id 33
pin_num 4
0 22 0
2 16 0
10 28 0
30 32 0
Net_id 34
pin_num 4
11 5 0
10 18 0
9 7 0
3 30 0
Net_id 35
pin_num 4
18 16 0
13 13 0
13 27 0
7 19 0
Net_id 36
pin_num 4
27 18 0
11 24 0
44 14 0
28 27 0
Net_id 37
pin_num 4
36 52 0
46 52 0
58 59 0
54 50 0
Net_id 38
pin_num 4
51 18 0
44 19 0
59 14 0
59 0 0
Net_id 39
pin_num 4
29 3 0
18 6 0
40 0 0
9 3 0
Net_id 40
pin_num 3
55 58 0
59 23 0
40 37 0
Net_id 41
pin_num 3
30 49 0
43 45 0
17 28 0
Net_id 42
pin_num 3
12 50 0
22 56 0
13 56 0
Net_id 43
pin_num 3
32 18 0
18 31 0
18 46 0
Net_id 44
pin_num 3
35 27 0
29 28 0
36 3 0
Net_id 45
pin_num 3
52 38 0
43 57 0
40 22 0
Net_id 46
pin_num 3
11 9 0
19 16 0
8 0 0
Net_id 47
pin_num 3
8 41 0
20 51 0
15 59 0
Net_id 48
pin_num 3
59 37 0
57 26 0
38 34 0
Net_id 49
pin_num 3
6 55 0
3 52 0
26 55 0
Net_id 50
pin_num 3
59 13 0
50 5 0
58 5 0
Net_id 51
pin_num 3
56 23 0
59 2 0
49 15 0
Net_id 52
pin_num 3
56 45 0
49 32 0
17 43 0
Net_id 53
pin_num 3
47 53 0
41 34 0
48 20 0
Net_id 54
pin_num 3
20 57 0
35 57 0
24 40 0
Net_id 55
pin_num 3
6 17 0
18 13 0
7 9 0
Net_id 56
pin_num 3
16 17 0
23 8 0
18 21 0
Net_id 57
pin_num 3
3 2 0
4 0 0
3 13 0
Net_id 58
pin_num 3
48 36 0
36 47 0
25 29 0
Net_id 59
pin_num 3
54 41 0
44 41 0
45 31 0
Net_id 60
pin_num 3
30 46 0
36 46 0
26 24 0
Net_id 61
pin_num 3
9 54 0
25 50 0
38 59 0
Net_id 62
pin_num 3
24 35 0
10 42 0
4 42 0
Net_id 63
pin_num 3
46 43 0
58 52 0
34 43 0
Net_id 64
pin_num 3
39 48 0
16 48 0
0 44 0
Net_id 65
pin_num 3
12 0 0
15 10 0
5 10 0
Net_id 66
pin_num 3
4 2 0
8 10 0
4 21 0
Net_id 67
pin_num 3
21 20 0
1 17 0
14 11 0
Net_id 68
pin_num 3
38 8 0
45 8 0
49 12 0
Net_id 69
pin_num 3
10 6 0
5 13 0
10 2 0
Net_id 70
pin_num 3
29 52 0
58 53 0
58 50 0
Net_id 71
pin_num 3
36 54 0
29 54 0
37 58 0
Net_id 72
pin_num 3
9 40 0
2 57 0
4 59 0
Net_id 73
pin_num 3
28 14 0
21 14 0
8 7 0
Net_id 74
pin_num 3
20 24 0
12 14 0
2 32 0
Net_id 75
pin_num 3
50 19 0
55 20 0
47 23 0
Net_id 76
pin_num 3
39 53 0
48 53 0
42 57 0
Net_id 77
pin_num 3
3 42 0
8 16 0
10 1 0
Net_id 78
pin_num 3
3 51 0
32 49 0
18 34 0
Net_id 79
pin_num 3
8 24 0
18 27 0
5 17 0
Net_id 80
pin_num 2
9 16 0
28 28 0
Net_id 81
pin_num 2
45 44 0
31 51 0
Net_id 82
pin_num 2
57 1 0
38 7 0
Net_id 83
pin_num 2
19 27 0
42 18 0
Net_id 84
pin_num 2
19 2 0
6 4 0
Net_id 85
pin_num 2
9 9 0
1 3 0
Net_id 86
pin_num 2
1 11 0
4 15 0
Net_id 87
pin_num 2
35 58 0
31 53 0
Net_id 88
pin_num 2
0 30 0
6 31 0
Net_id 89
pin_num 2
25 23 0
7 27 0
Net_id 90
pin_num 2
41 20 0
47 21 0
Net_id 91
pin_num 2
34 19 0
38 19 0
Net_id 92
pin_num 2
48 5 0
47 1 0
Net_id 93
pin_num 2
35 3 0
24 31 0
Net_id 94
pin_num 2
7 23 0
18 1 0
Net_id 95
pin_num 2
53 44 0
59 54 0
Net_id 96
pin_num 2
44 10 0
59 4 0
Net_id 97
pin_num 2
31 36 0
49 16 0
Net_id 98
pin_num 2
50 10 0
36 16 0
Net_id 99
pin_num 2
35 21 0
41 24 0
Net_id 100
pin_num 2
51 42 0
47 40 0
Net_id 101
pin_num 2
3 9 0
13 28 0
Net_id 102
pin_num 2
20 7 0
27 8 0
Net_id 103
pin_num 2
23 24 0
22 13 0
Net_id 104
pin_num 2
21 34 0
20 37 0
Net_id 105
pin_num 2
28 47 0
40 56 0
Net_id 106
pin_num 2
27 49 0
0 21 0
Net_id 107
pin_num 2
14 5 0
17 1 0
Net_id 108
pin_num 2
28 40 0
44 42 0
Net_id 109
pin_num 2
6 48 0
0 24 0
Net_id 110
pin_num 2
3 55 0
13 57 0
Net_id 111
pin_num 2
4 17 0
17 5 0
Net_id 112
pin_num 2
54 32 0
55 29 0
Net_id 113
pin_num 2
5 57 0
36 49 0
Net_id 114
pin_num 2
30 59 0
20 55 0
Net_id 115
pin_num 2
24 55 0
8 52 0
Net_id 116
pin_num 2
10 37 0
17 59 0
Net_id 117
pin_num 2
26 37 0
18 37 0
Net_id 118
pin_num 2
52 1 0
54 10 0
Net_id 119
pin_num 2
7 24 0
2 23 0
Net_id 120
pin_num 2
18 7 0
1 16 0
Net_id 121
pin_num 2
13 12 0
41 4 0
Net_id 122
pin_num 2
33 51 0
32 59 0
Net_id 123
pin_num 2
4 10 0
1 12 0
Net_id 124
pin_num 2
16 35 0
2 26 0
Net_id 125
pin_num 2
33 4 0
19 17 0
Net_id 126
pin_num 2
33 31 0
24 28 0
Net_id 127
pin_num 2
44 16 0
47 24 0
Net_id 128
pin_num 2
38 24 0
25 35 0
Net_id 129
pin_num 2
13 36 0
23 52 0
Net_id 130
pin_num 2
31 29 0
32 35 0
Net_id 131
pin_num 2
36 22 0
31 13 0
Net_id 132
pin_num 2
12 57 0
2 50 0
Net_id 133
pin_num 2
57 55 0
51 40 0
Net_id 134
pin_num 2
57 7 0
49 13 0
Net_id 135
pin_num 2
51 22 0
50 28 0
Net_id 136
pin_num 2
15 34 0
7 33 0
Net_id 137
pin_num 2
46 13 0
38 13 0
Net_id 138
pin_num 2
34 18 0
20 26 0
Net_id 139
pin_num 2
20 14 0
2 3 0
Net_id 140
pin_num 2
41 47 0
30 55 0
Net_id 141
pin_num 2
24 51 0
28 58 0
Net_id 142
pin_num 2
33 19 0
22 3 0
Net_id 143
pin_num 2
13 19 0
29 15 0
Net_id 144
pin_num 2
37 25 0
22 30 0
Net_id 145
pin_num 2
48 50 0
55 17 0
Net_id 146
pin_num 2
53 58 0
59 12 0
Net_id 147
pin_num 2
33 22 0
45 24 0
Net_id 148
pin_num 2
0 17 0
9 25 0
Net_id 149
pin_num 2
6 16 0
10 14 0
Net_id 150
pin_num 2
35 9 0
26 36 0
Net_id 151
pin_num 2
40 19 0
18 4 0
Net_id 152
pin_num 2
37 42 0
29 18 0
Net_id 153
pin_num 2
28 50 0
26 41 0
Net_id 154
pin_num 2
5 41 0
4 36 0
Net_id 155
pin_num 2
18 55 0
22 54 0
Net_id 156
pin_num 2
54 25 0
57 17 0
Net_id 157
pin_num 2
26 15 0
21 5 0
Net_id 158
pin_num 2
59 10 0
50 1 0
Net_id 159
pin_num 2
20 38 0
4 54 0
Net_id 160
pin_num 2
20 42 0
15 49 0
Net_id 161
pin_num 2
49 19 0
49 27 0
Net_id 162
pin_num 2
2 53 0
11 42 0
