Width 60
Height 60
Layer 6
Total_WL 6582
Obstacle_num 144
15 46 0 23 47 0
51 21 0 58 22 0
19 12 0 27 13 0
13 54 0 16 55 0
23 0 0 29 1 0
7 0 0 10 1 0
3 40 0 11 41 0
25 20 0 32 21 0
29 4 0 36 5 0
33 55 0 37 56 0
36 3 0 39 4 0
25 57 0 31 58 0
18 14 0 22 15 0
15 19 0 20 20 0
17 21 0 25 22 0
29 33 0 34 34 0
46 51 0 49 52 0
48 29 0 57 30 0
26 24 0 35 25 0
3 28 0 10 29 0
34 27 0 40 28 0
38 1 0 43 2 0
41 6 0 49 7 0
30 40 0 38 41 0
40 33 1 41 37 1
45 18 1 46 26 1
56 12 1 57 18 1
21 26 1 22 36 1
28 10 1 29 16 1
1 18 1 2 24 1
7 43 1 8 50 1
1 44 1 2 49 1
18 31 1 19 39 1
25 39 1 26 48 1
13 18 1 14 27 1
14 25 1 15 28 1
50 5 1 51 12 1
53 17 1 54 20 1
54 38 1 55 45 1
38 0 1 39 3 1
38 23 1 39 27 1
30 17 1 31 27 1
20 15 1 21 18 1
53 41 1 54 46 1
50 26 1 51 35 1
8 7 1 9 13 1
42 1 1 43 7 1
56 31 1 57 40 1
24 5 2 29 6 2
10 17 2 15 18 2
25 53 2 31 54 2
20 3 2 23 4 2
26 28 2 31 29 2
2 27 2 6 28 2
6 53 2 16 54 2
10 32 2 17 33 2
29 34 2 32 35 2
35 45 2 42 46 2
25 11 2 32 12 2
23 33 2 31 34 2
24 15 2 32 16 2
23 10 2 28 11 2
45 54 2 50 55 2
11 46 2 14 47 2
39 35 2 47 36 2
36 20 2 42 21 2
23 46 2 27 47 2
30 32 2 34 33 2
35 21 2 45 22 2
9 27 2 18 28 2
36 39 2 45 40 2
4 37 2 9 38 2
25 25 3 26 34 3
34 48 3 35 55 3
11 35 3 12 41 3
14 32 3 15 35 3
16 52 3 17 57 3
44 8 3 45 16 3
49 7 3 50 16 3
18 17 3 19 23 3
27 16 3 28 21 3
26 13 3 27 17 3
37 26 3 38 35 3
41 41 3 42 45 3
9 35 3 10 41 3
31 33 3 32 40 3
14 36 3 15 44 3
17 39 3 18 43 3
43 47 3 44 51 3
55 14 3 56 20 3
14 16 3 15 22 3
32 33 3 33 37 3
30 2 3 31 12 3
33 33 3 34 39 3
6 29 3 7 33 3
47 44 3 48 49 3
25 28 4 29 29 4
39 40 4 46 41 4
33 21 4 36 22 4
11 50 4 16 51 4
25 38 4 29 39 4
44 57 4 54 58 4
53 20 4 59 21 4
3 27 4 13 28 4
12 18 4 15 19 4
15 21 4 24 22 4
1 44 4 7 45 4
50 14 4 53 15 4
31 32 4 37 33 4
48 8 4 52 9 4
11 11 4 19 12 4
54 33 4 58 34 4
36 14 4 45 15 4
9 30 4 12 31 4
34 35 4 44 36 4
2 30 4 8 31 4
2 35 4 11 36 4
45 54 4 50 55 4
46 5 4 51 6 4
22 49 4 31 50 4
47 27 5 48 35 5
30 52 5 31 58 5
23 36 5 24 41 5
27 10 5 28 13 5
58 48 5 59 55 5
20 18 5 21 28 5
46 7 5 47 12 5
31 5 5 32 10 5
32 9 5 33 19 5
49 45 5 50 49 5
13 51 5 14 57 5
37 20 5 38 23 5
47 0 5 48 10 5
5 31 5 6 34 5
42 10 5 43 18 5
51 31 5 52 36 5
11 40 5 12 45 5
58 5 5 59 9 5
43 3 5 44 7 5
17 22 5 18 31 5
25 48 5 26 55 5
58 23 5 59 33 5
12 14 5 13 17 5
32 29 5 33 35 5
Net_num 157
Net_id 0
pin_num 5
32 22 0
33 29 0
33 7 0
18 27 0
51 22 0
Net_id 1
pin_num 5
27 51 0
13 51 0
36 59 0
33 53 0
5 57 0
Net_id 2
pin_num 5
37 14 0
46 21 0
59 13 0
44 0 0
40 21 0
Net_id 3
pin_num 5
31 29 0
29 18 0
34 18 0
29 14 0
10 26 0
Net_id 4
pin_num 5
42 15 0
32 8 0
36 16 0
39 28 0
15 15 0
Net_id 5
pin_num 5
24 42 0
24 47 0
1 43 0
16 45 0
6 45 0
Net_id 6
pin_num 5
40 12 0
50 12 0
35 0 0
37 13 0
59 10 0
Net_id 7
pin_num 5
6 57 0
8 52 0
17 53 0
21 58 0
26 43 0
Net_id 8
pin_num 5
9 46 0
0 54 0
37 59 0
3 51 0
36 43 0
Net_id 9
pin_num 5
8 48 0
0 39 0
5 29 0
0 55 0
12 54 0
Net_id 10
pin_num 5
17 52 0
20 49 0
19 39 0
1 54 0
14 59 0
Net_id 11
pin_num 5
50 56 0
59 53 0
51 53 0
59 58 0
58 54 0
Net_id 12
pin_num 5
10 37 0
19 36 0
9 52 0
11 48 0
14 57 0
Net_id 13
pin_num 5
34 57 0
32 55 0
9 55 0
16 59 0
18 56 0
Net_id 14
pin_num 5
55 0 0
49 1 0
50 0 0
53 12 0
58 7 0
Net_id 15
pin_num 5
52 42 0
49 44 0
49 27 0
58 37 0
49 6 0
Net_id 16
pin_num 5
41 17 0
54 30 0
59 28 0
55 20 0
49 0 0
Net_id 17
pin_num 5
34 11 0
21 9 0
25 22 0
5 16 0
22 8 0
Net_id 18
pin_num 5
13 12 0
28 16 0
25 23 0
0 5 0
5 0 0
Net_id 19
pin_num 4
35 34 0
38 48 0
55 38 0
55 27 0
Net_id 20
pin_num 4
17 0 0
20 3 0
6 0 0
10 13 0
Net_id 21
pin_num 4
53 40 0
46 40 0
59 45 0
54 52 0
Net_id 22
pin_num 4
35 17 0
17 14 0
8 14 0
3 0 0
Net_id 23
pin_num 4
12 11 0
11 18 0
34 13 0
21 2 0
Net_id 24
pin_num 4
30 58 0
19 53 0
41 52 0
23 38 0
Net_id 25
pin_num 4
51 50 0
46 58 0
31 53 0
38 50 0
Net_id 26
pin_num 4
28 9 0
34 8 0
24 1 0
40 2 0
Net_id 27
pin_num 4
24 23 0
17 20 0
20 11 0
26 22 0
Net_id 28
pin_num 4
36 37 0
44 48 0
24 37 0
50 48 0
Net_id 29
pin_num 4
42 58 0
40 50 0
53 57 0
47 47 0
Net_id 30
pin_num 4
20 18 0
33 10 0
18 10 0
39 13 0
Net_id 31
pin_num 4
57 7 0
50 1 0
53 16 0
39 8 0
Net_id 32
pin_num 4
15 31 0
9 41 0
24 38 0
22 50 0
Net_id 33
pin_num 4
34 34 0
23 24 0
36 24 0
14 19 0
Net_id 34
pin_num 4
46 37 0
37 24 0
59 36 0
34 28 0
Net_id 35
pin_num 4
8 20 0
17 25 0
2 22 0
7 15 0
Net_id 36
pin_num 4
0 26 0
3 24 0
0 14 0
0 33 0
Net_id 37
pin_num 3
2 52 0
2 50 0
3 59 0
Net_id 38
pin_num 3
44 55 0
59 47 0
34 46 0
Net_id 39
pin_num 3
41 43 0
42 28 0
47 26 0
Net_id 40
pin_num 3
36 19 0
37 22 0
28 8 0
Net_id 41
pin_num 3
28 41 0
14 58 0
15 26 0
Net_id 42
pin_num 3
26 14 0
27 21 0
8 25 0
Net_id 43
pin_num 3
36 1 0
32 0 0
36 6 0
Net_id 44
pin_num 3
13 48 0
18 53 0
20 39 0
Net_id 45
pin_num 3
29 49 0
21 56 0
21 44 0
Net_id 46
pin_num 3
58 9 0
48 4 0
29 2 0
Net_id 47
pin_num 3
40 48 0
16 58 0
36 26 0
Net_id 48
pin_num 3
2 31 0
16 40 0
1 55 0
Net_id 49
pin_num 3
57 11 0
52 11 0
54 27 0
Net_id 50
pin_num 3
51 15 0
44 19 0
49 5 0
Net_id 51
pin_num 3
50 49 0
55 45 0
39 46 0
Net_id 52
pin_num 3
9 33 0
3 33 0
9 48 0
Net_id 53
pin_num 3
12 17 0
19 9 0
3 17 0
Net_id 54
pin_num 3
42 41 0
28 45 0
37 45 0
Net_id 55
pin_num 3
5 4 0
11 2 0
5 1 0
Net_id 56
pin_num 3
47 53 0
49 48 0
58 55 0
Net_id 57
pin_num 3
45 4 0
30 1 0
47 0 0
Net_id 58
pin_num 3
54 15 0
55 19 0
28 19 0
Net_id 59
pin_num 3
45 43 0
41 47 0
57 36 0
Net_id 60
pin_num 3
43 39 0
54 32 0
35 57 0
Net_id 61
pin_num 3
27 35 0
20 54 0
35 48 0
Net_id 62
pin_num 3
43 21 0
33 1 0
12 1 0
Net_id 63
pin_num 3
51 4 0
58 8 0
58 20 0
Net_id 64
pin_num 3
8 30 0
35 38 0
17 10 0
Net_id 65
pin_num 3
20 6 0
10 15 0
27 4 0
Net_id 66
pin_num 3
40 45 0
52 47 0
42 59 0
Net_id 67
pin_num 3
13 52 0
20 44 0
37 58 0
Net_id 68
pin_num 3
16 31 0
19 29 0
16 4 0
Net_id 69
pin_num 3
48 30 0
30 39 0
46 36 0
Net_id 70
pin_num 3
17 58 0
33 51 0
0 56 0
Net_id 71
pin_num 3
22 47 0
0 43 0
8 58 0
Net_id 72
pin_num 3
44 7 0
54 6 0
30 6 0
Net_id 73
pin_num 3
56 28 0
59 23 0
57 8 0
Net_id 74
pin_num 3
46 54 0
59 50 0
56 57 0
Net_id 75
pin_num 3
1 8 0
15 6 0
2 7 0
Net_id 76
pin_num 2
37 16 0
52 22 0
Net_id 77
pin_num 2
5 49 0
1 25 0
Net_id 78
pin_num 2
46 9 0
57 3 0
Net_id 79
pin_num 2
35 10 0
53 22 0
Net_id 80
pin_num 2
2 2 0
17 23 0
Net_id 81
pin_num 2
36 46 0
48 42 0
Net_id 82
pin_num 2
1 23 0
16 26 0
Net_id 83
pin_num 2
17 24 0
26 8 0
Net_id 84
pin_num 2
8 32 0
12 5 0
Net_id 85
pin_num 2
49 58 0
52 59 0
Net_id 86
pin_num 2
21 49 0
33 58 0
Net_id 87
pin_num 2
45 23 0
37 23 0
Net_id 88
pin_num 2
10 49 0
3 57 0
Net_id 89
pin_num 2
32 44 0
39 53 0
Net_id 90
pin_num 2
48 57 0
34 38 0
Net_id 91
pin_num 2
56 5 0
51 17 0
Net_id 92
pin_num 2
38 35 0
32 35 0
Net_id 93
pin_num 2
19 55 0
31 38 0
Net_id 94
pin_num 2
44 47 0
29 32 0
Net_id 95
pin_num 2
38 24 0
50 21 0
Net_id 96
pin_num 2
53 27 0
35 49 0
Net_id 97
pin_num 2
39 6 0
35 2 0
Net_id 98
pin_num 2
59 11 0
52 15 0
Net_id 99
pin_num 2
0 58 0
3 41 0
Net_id 100
pin_num 2
30 46 0
34 36 0
Net_id 101
pin_num 2
17 38 0
5 36 0
Net_id 102
pin_num 2
36 14 0
34 6 0
Net_id 103
pin_num 2
59 2 0
52 7 0
Net_id 104
pin_num 2
30 12 0
35 26 0
Net_id 105
pin_num 2
38 33 0
56 23 0
Net_id 106
pin_num 2
39 21 0
45 26 0
Net_id 107
pin_num 2
44 40 0
55 25 0
Net_id 108
pin_num 2
40 17 0
31 22 0
Net_id 109
pin_num 2
27 38 0
34 44 0
Net_id 110
pin_num 2
11 34 0
20 40 0
Net_id 111
pin_num 2
42 50 0
49 46 0
Net_id 112
pin_num 2
47 2 0
41 8 0
Net_id 113
pin_num 2
16 49 0
2 37 0
Net_id 114
pin_num 2
36 31 0
24 53 0
Net_id 115
pin_num 2
22 2 0
42 7 0
Net_id 116
pin_num 2
41 42 0
47 38 0
Net_id 117
pin_num 2
6 22 0
1 1 0
Net_id 118
pin_num 2
56 53 0
55 55 0
Net_id 119
pin_num 2
22 39 0
29 40 0
Net_id 120
pin_num 2
11 41 0
18 30 0
Net_id 121
pin_num 2
35 25 0
19 33 0
Net_id 122
pin_num 2
28 23 0
40 28 0
Net_id 123
pin_num 2
35 3 0
14 10 0
Net_id 124
pin_num 2
21 35 0
13 40 0
Net_id 125
pin_num 2
32 54 0
43 53 0
Net_id 126
pin_num 2
14 11 0
19 7 0
Net_id 127
pin_num 2
53 53 0
48 49 0
Net_id 128
pin_num 2
40 31 0
57 33 0
Net_id 129
pin_num 2
6 30 0
35 9 0
Net_id 130
pin_num 2
7 25 0
2 27 0
Net_id 131
pin_num 2
45 56 0
57 52 0
Net_id 132
pin_num 2
22 53 0
16 50 0
Net_id 133
pin_num 2
7 26 0
17 18 0
Net_id 134
pin_num 2
37 7 0
55 3 0
Net_id 135
pin_num 2
11 27 0
28 35 0
Net_id 136
pin_num 2
34 32 0
16 41 0
Net_id 137
pin_num 2
18 48 0
32 43 0
Net_id 138
pin_num 2
53 36 0
56 22 0
Net_id 139
pin_num 2
17 3 0
15 1 0
Net_id 140
pin_num 2
6 59 0
9 56 0
Net_id 141
pin_num 2
31 7 0
40 25 0
Net_id 142
pin_num 2
31 5 0
39 5 0
Net_id 143
pin_num 2
33 49 0
21 39 0
Net_id 144
pin_num 2
15 9 0
22 1 0
Net_id 145
pin_num 2
13 44 0
22 22 0
Net_id 146
pin_num 2
50 22 0
44 25 0
Net_id 147
pin_num 2
40 59 0
29 36 0
Net_id 148
pin_num 2
8 55 0
6 54 0
Net_id 149
pin_num 2
57 53 0
58 47 0
Net_id 150
pin_num 2
22 26 0
22 29 0
Net_id 151
pin_num 2
28 29 0
24 30 0
Net_id 152
pin_num 2
38 36 0
32 20 0
Net_id 153
pin_num 2
45 40 0
46 27 0
Net_id 154
pin_num 2
25 1 0
48 18 0
Net_id 155
pin_num 2
0 35 0
17 35 0
Net_id 156
pin_num 2
51 3 0
47 23 0
