Width 60
Height 60
Layer 6
Total_WL 6954
Obstacle_num 144
43 30 0 48 31 0
52 53 0 55 54 0
21 55 0 28 56 0
51 6 0 57 7 0
42 24 0 50 25 0
12 31 0 18 32 0
44 19 0 51 20 0
40 45 0 50 46 0
34 0 0 43 1 0
32 10 0 36 11 0
34 57 0 40 58 0
21 54 0 30 55 0
25 35 0 28 36 0
21 20 0 28 21 0
45 41 0 52 42 0
22 6 0 26 7 0
48 1 0 57 2 0
30 35 0 39 36 0
2 15 0 5 16 0
1 43 0 7 44 0
41 1 0 47 2 0
32 31 0 42 32 0
3 42 0 10 43 0
36 50 0 43 51 0
47 10 1 48 14 1
15 23 1 16 26 1
45 25 1 46 29 1
7 38 1 8 47 1
20 54 1 21 57 1
47 20 1 48 30 1
49 23 1 50 32 1
13 33 1 14 37 1
54 25 1 55 31 1
58 24 1 59 32 1
16 5 1 17 14 1
55 11 1 56 15 1
34 36 1 35 39 1
15 42 1 16 45 1
38 23 1 39 30 1
0 17 1 1 27 1
24 39 1 25 45 1
29 47 1 30 55 1
33 46 1 34 55 1
2 49 1 3 55 1
57 23 1 58 27 1
50 50 1 51 58 1
1 42 1 2 48 1
57 10 1 58 16 1
33 40 2 39 41 2
46 43 2 51 44 2
33 37 2 43 38 2
41 57 2 44 58 2
42 10 2 45 11 2
20 50 2 29 51 2
24 16 2 27 17 2
7 4 2 16 5 2
43 23 2 50 24 2
19 55 2 26 56 2
10 48 2 16 49 2
7 3 2 10 4 2
19 3 2 28 4 2
39 45 2 44 46 2
17 44 2 21 45 2
23 32 2 32 33 2
40 16 2 46 17 2
49 55 2 57 56 2
27 33 2 34 34 2
18 56 2 27 57 2
10 52 2 15 53 2
20 46 2 23 47 2
11 27 2 15 28 2
21 23 2 30 24 2
15 22 3 16 32 3
27 35 3 28 38 3
52 32 3 53 36 3
47 22 3 48 28 3
38 2 3 39 12 3
3 31 3 4 39 3
26 0 3 27 10 3
43 29 3 44 38 3
38 50 3 39 57 3
49 44 3 50 51 3
31 39 3 32 49 3
50 42 3 51 47 3
16 26 3 17 34 3
10 3 3 11 10 3
46 46 3 47 56 3
33 8 3 34 17 3
55 9 3 56 14 3
20 4 3 21 14 3
28 52 3 29 59 3
36 49 3 37 54 3
37 11 3 38 18 3
35 24 3 36 30 3
28 31 3 29 35 3
40 29 3 41 35 3
20 49 4 27 50 4
7 36 4 12 37 4
23 57 4 32 58 4
43 38 4 49 39 4
53 12 4 59 13 4
12 35 4 22 36 4
40 41 4 45 42 4
32 37 4 36 38 4
50 7 4 54 8 4
35 1 4 41 2 4
42 47 4 49 48 4
50 29 4 57 30 4
27 41 4 33 42 4
2 46 4 7 47 4
27 53 4 34 54 4
23 48 4 33 49 4
10 15 4 16 16 4
38 0 4 45 1 4
48 8 4 55 9 4
32 49 4 42 50 4
30 21 4 36 22 4
23 22 4 32 23 4
41 37 4 49 38 4
8 32 4 13 33 4
57 24 5 58 30 5
24 44 5 25 51 5
39 44 5 40 53 5
36 5 5 37 15 5
22 14 5 23 23 5
38 13 5 39 16 5
40 49 5 41 52 5
46 18 5 47 26 5
53 31 5 54 39 5
37 47 5 38 51 5
2 18 5 3 21 5
34 30 5 35 34 5
8 44 5 9 54 5
54 18 5 55 28 5
8 3 5 9 9 5
7 17 5 8 24 5
36 23 5 37 33 5
10 3 5 11 12 5
44 23 5 45 26 5
18 38 5 19 46 5
9 49 5 10 55 5
14 5 5 15 14 5
4 8 5 5 12 5
56 12 5 57 20 5
Net_num 162
Net_id 0
pin_num 5
21 17 0
38 17 0
31 37 0
15 28 0
43 0 0
Net_id 1
pin_num 5
25 14 0
21 10 0
15 10 0
23 5 0
23 19 0
Net_id 2
pin_num 5
8 1 0
27 4 0
4 1 0
7 8 0
24 11 0
Net_id 3
pin_num 5
55 16 0
55 38 0
59 38 0
41 32 0
43 33 0
Net_id 4
pin_num 5
26 39 0
40 38 0
28 49 0
22 45 0
36 16 0
Net_id 5
pin_num 5
4 37 0
9 44 0
24 37 0
21 29 0
2 32 0
Net_id 6
pin_num 5
26 0 0
29 6 0
33 6 0
48 4 0
28 12 0
Net_id 7
pin_num 5
36 2 0
22 7 0
0 2 0
30 0 0
8 16 0
Net_id 8
pin_num 5
34 37 0
37 44 0
58 39 0
59 39 0
48 28 0
Net_id 9
pin_num 5
13 51 0
15 57 0
19 45 0
0 48 0
29 46 0
Net_id 10
pin_num 5
5 29 0
10 25 0
6 34 0
11 47 0
25 38 0
Net_id 11
pin_num 5
27 27 0
39 20 0
20 18 0
30 3 0
41 21 0
Net_id 12
pin_num 5
35 15 0
33 20 0
31 5 0
39 15 0
37 3 0
Net_id 13
pin_num 5
25 40 0
4 39 0
20 29 0
20 23 0
35 34 0
Net_id 14
pin_num 5
47 22 0
59 13 0
56 23 0
39 17 0
48 2 0
Net_id 15
pin_num 5
16 55 0
18 53 0
18 33 0
37 54 0
9 47 0
Net_id 16
pin_num 5
22 14 0
35 12 0
30 22 0
24 13 0
0 27 0
Net_id 17
pin_num 5
29 55 0
35 58 0
32 47 0
35 56 0
44 51 0
Net_id 18
pin_num 5
59 12 0
52 12 0
59 9 0
53 3 0
49 6 0
Net_id 19
pin_num 5
57 18 0
59 34 0
46 28 0
50 24 0
59 8 0
Net_id 20
pin_num 5
38 25 0
46 22 0
40 37 0
22 30 0
37 40 0
Net_id 21
pin_num 4
55 42 0
52 37 0
38 33 0
53 21 0
Net_id 22
pin_num 4
7 43 0
12 34 0
12 20 0
18 29 0
Net_id 23
pin_num 4
12 35 0
15 38 0
14 21 0
30 38 0
Net_id 24
pin_num 4
50 54 0
56 56 0
57 37 0
55 39 0
Net_id 25
pin_num 4
57 38 0
54 31 0
55 8 0
59 5 0
Net_id 26
pin_num 4
10 2 0
22 13 0
24 12 0
10 5 0
Net_id 27
pin_num 4
38 44 0
45 38 0
54 32 0
56 44 0
Net_id 28
pin_num 4
33 45 0
45 51 0
43 59 0
39 53 0
Net_id 29
pin_num 4
50 8 0
50 23 0
57 9 0
32 22 0
Net_id 30
pin_num 4
16 49 0
26 49 0
27 56 0
26 31 0
Net_id 31
pin_num 4
53 46 0
47 42 0
49 40 0
51 51 0
Net_id 32
pin_num 4
56 39 0
57 44 0
45 31 0
56 38 0
Net_id 33
pin_num 4
8 5 0
9 9 0
1 0 0
3 0 0
Net_id 34
pin_num 4
1 10 0
9 0 0
6 4 0
7 13 0
Net_id 35
pin_num 4
2 20 0
3 21 0
19 21 0
3 1 0
Net_id 36
pin_num 4
5 35 0
0 43 0
3 54 0
20 47 0
Net_id 37
pin_num 4
54 49 0
57 40 0
43 40 0
48 36 0
Net_id 38
pin_num 4
50 5 0
54 2 0
37 2 0
59 0 0
Net_id 39
pin_num 4
2 11 0
12 0 0
4 6 0
26 10 0
Net_id 40
pin_num 4
53 5 0
41 3 0
41 14 0
44 0 0
Net_id 41
pin_num 3
5 58 0
13 59 0
26 59 0
Net_id 42
pin_num 3
40 51 0
33 57 0
8 59 0
Net_id 43
pin_num 3
42 15 0
58 9 0
44 31 0
Net_id 44
pin_num 3
30 50 0
38 49 0
13 30 0
Net_id 45
pin_num 3
14 42 0
10 35 0
6 36 0
Net_id 46
pin_num 3
17 7 0
22 9 0
11 8 0
Net_id 47
pin_num 3
50 13 0
40 6 0
28 1 0
Net_id 48
pin_num 3
0 50 0
6 54 0
8 45 0
Net_id 49
pin_num 3
33 8 0
20 6 0
25 0 0
Net_id 50
pin_num 3
37 26 0
14 26 0
23 41 0
Net_id 51
pin_num 3
12 53 0
10 48 0
13 44 0
Net_id 52
pin_num 3
13 34 0
40 15 0
20 19 0
Net_id 53
pin_num 3
8 36 0
1 11 0
9 11 0
Net_id 54
pin_num 3
9 33 0
4 40 0
38 38 0
Net_id 55
pin_num 3
9 21 0
7 19 0
2 1 0
Net_id 56
pin_num 3
19 44 0
4 49 0
44 42 0
Net_id 57
pin_num 3
25 27 0
32 30 0
29 40 0
Net_id 58
pin_num 3
31 10 0
27 7 0
52 8 0
Net_id 59
pin_num 3
47 10 0
54 10 0
57 6 0
Net_id 60
pin_num 3
41 56 0
44 53 0
52 56 0
Net_id 61
pin_num 3
16 56 0
2 59 0
28 58 0
Net_id 62
pin_num 3
54 52 0
47 31 0
42 59 0
Net_id 63
pin_num 3
8 54 0
11 57 0
9 57 0
Net_id 64
pin_num 3
25 51 0
39 54 0
29 44 0
Net_id 65
pin_num 3
39 48 0
38 43 0
27 59 0
Net_id 66
pin_num 3
28 53 0
15 33 0
25 58 0
Net_id 67
pin_num 3
58 21 0
51 21 0
51 38 0
Net_id 68
pin_num 3
6 32 0
23 43 0
17 17 0
Net_id 69
pin_num 3
23 50 0
12 50 0
17 27 0
Net_id 70
pin_num 3
51 40 0
44 46 0
40 58 0
Net_id 71
pin_num 3
32 37 0
34 30 0
14 20 0
Net_id 72
pin_num 3
13 19 0
6 12 0
1 9 0
Net_id 73
pin_num 3
26 23 0
42 34 0
54 41 0
Net_id 74
pin_num 3
57 56 0
57 53 0
59 53 0
Net_id 75
pin_num 3
50 45 0
54 48 0
59 50 0
Net_id 76
pin_num 3
12 49 0
25 25 0
30 30 0
Net_id 77
pin_num 3
6 8 0
5 12 0
20 22 0
Net_id 78
pin_num 3
39 8 0
51 13 0
13 6 0
Net_id 79
pin_num 3
39 46 0
42 40 0
58 20 0
Net_id 80
pin_num 3
36 54 0
28 52 0
32 57 0
Net_id 81
pin_num 2
49 32 0
56 34 0
Net_id 82
pin_num 2
42 47 0
39 34 0
Net_id 83
pin_num 2
40 19 0
42 30 0
Net_id 84
pin_num 2
30 36 0
24 21 0
Net_id 85
pin_num 2
52 15 0
48 15 0
Net_id 86
pin_num 2
17 58 0
23 52 0
Net_id 87
pin_num 2
21 44 0
7 22 0
Net_id 88
pin_num 2
5 51 0
18 52 0
Net_id 89
pin_num 2
28 41 0
31 40 0
Net_id 90
pin_num 2
27 43 0
43 48 0
Net_id 91
pin_num 2
22 2 0
34 24 0
Net_id 92
pin_num 2
56 16 0
45 3 0
Net_id 93
pin_num 2
46 32 0
22 51 0
Net_id 94
pin_num 2
0 59 0
16 53 0
Net_id 95
pin_num 2
58 50 0
51 58 0
Net_id 96
pin_num 2
7 30 0
9 34 0
Net_id 97
pin_num 2
38 37 0
22 28 0
Net_id 98
pin_num 2
3 39 0
1 28 0
Net_id 99
pin_num 2
47 59 0
57 48 0
Net_id 100
pin_num 2
6 2 0
22 10 0
Net_id 101
pin_num 2
41 23 0
25 43 0
Net_id 102
pin_num 2
4 18 0
23 1 0
Net_id 103
pin_num 2
49 3 0
54 16 0
Net_id 104
pin_num 2
44 32 0
27 31 0
Net_id 105
pin_num 2
16 38 0
17 51 0
Net_id 106
pin_num 2
52 11 0
54 23 0
Net_id 107
pin_num 2
2 51 0
6 41 0
Net_id 108
pin_num 2
4 38 0
17 42 0
Net_id 109
pin_num 2
54 43 0
46 58 0
Net_id 110
pin_num 2
56 25 0
49 38 0
Net_id 111
pin_num 2
39 9 0
43 9 0
Net_id 112
pin_num 2
20 2 0
31 14 0
Net_id 113
pin_num 2
40 49 0
36 48 0
Net_id 114
pin_num 2
17 22 0
3 27 0
Net_id 115
pin_num 2
33 25 0
27 25 0
Net_id 116
pin_num 2
14 5 0
12 9 0
Net_id 117
pin_num 2
27 15 0
21 21 0
Net_id 118
pin_num 2
10 34 0
11 26 0
Net_id 119
pin_num 2
3 55 0
32 32 0
Net_id 120
pin_num 2
42 6 0
52 4 0
Net_id 121
pin_num 2
38 47 0
28 28 0
Net_id 122
pin_num 2
11 16 0
4 30 0
Net_id 123
pin_num 2
12 16 0
24 30 0
Net_id 124
pin_num 2
19 56 0
11 56 0
Net_id 125
pin_num 2
17 13 0
40 18 0
Net_id 126
pin_num 2
46 36 0
33 28 0
Net_id 127
pin_num 2
27 42 0
51 57 0
Net_id 128
pin_num 2
30 53 0
24 51 0
Net_id 129
pin_num 2
6 56 0
9 55 0
Net_id 130
pin_num 2
56 37 0
52 36 0
Net_id 131
pin_num 2
31 42 0
41 27 0
Net_id 132
pin_num 2
40 27 0
20 1 0
Net_id 133
pin_num 2
14 29 0
3 24 0
Net_id 134
pin_num 2
39 6 0
26 19 0
Net_id 135
pin_num 2
29 9 0
15 36 0
Net_id 136
pin_num 2
32 15 0
13 24 0
Net_id 137
pin_num 2
4 41 0
4 34 0
Net_id 138
pin_num 2
31 19 0
37 19 0
Net_id 139
pin_num 2
53 13 0
44 34 0
Net_id 140
pin_num 2
4 54 0
2 31 0
Net_id 141
pin_num 2
36 36 0
29 28 0
Net_id 142
pin_num 2
25 5 0
48 21 0
Net_id 143
pin_num 2
34 9 0
38 8 0
Net_id 144
pin_num 2
44 40 0
34 55 0
Net_id 145
pin_num 2
1 51 0
10 45 0
Net_id 146
pin_num 2
32 40 0
37 18 0
Net_id 147
pin_num 2
4 13 0
2 19 0
Net_id 148
pin_num 2
31 24 0
4 58 0
Net_id 149
pin_num 2
2 33 0
22 57 0
Net_id 150
pin_num 2
4 25 0
1 32 0
Net_id 151
pin_num 2
27 12 0
16 27 0
Net_id 152
pin_num 2
48 55 0
57 55 0
Net_id 153
pin_num 2
25 30 0
39 26 0
Net_id 154
pin_num 2
33 41 0
4 29 0
Net_id 155
pin_num 2
43 55 0
21 13 0
Net_id 156
pin_num 2
52 20 0
48 18 0
Net_id 157
pin_num 2
53 14 0
57 34 0
Net_id 158
pin_num 2
10 44 0
5 17 0
Net_id 159
pin_num 2
53 20 0
58 43 0
Net_id 160
pin_num 2
46 20 0
46 27 0
Net_id 161
pin_num 2
0 45 0
6 45 0
