Width 60
Height 60
Layer 6
Total_WL 6796
Obstacle_num 144
24 44 0 28 45 0
17 31 0 23 32 0
28 23 0 31 24 0
27 9 0 35 10 0
6 14 0 14 15 0
35 27 0 38 28 0
31 54 0 36 55 0
12 12 0 19 13 0
15 17 0 25 18 0
28 16 0 34 17 0
47 57 0 51 58 0
36 3 0 42 4 0
8 31 0 16 32 0
18 25 0 28 26 0
8 7 0 12 8 0
15 44 0 21 45 0
42 19 0 46 20 0
11 47 0 16 48 0
19 28 0 27 29 0
19 32 0 28 33 0
52 9 0 55 10 0
28 1 0 35 2 0
18 35 0 24 36 0
45 25 0 48 26 0
15 5 1 16 10 1
36 41 1 37 49 1
7 38 1 8 46 1
16 44 1 17 50 1
16 22 1 17 26 1
7 47 1 8 50 1
35 42 1 36 50 1
57 31 1 58 41 1
13 47 1 14 54 1
42 49 1 43 52 1
18 8 1 19 18 1
47 8 1 48 14 1
31 34 1 32 43 1
20 43 1 21 52 1
35 27 1 36 31 1
37 47 1 38 51 1
57 45 1 58 55 1
23 49 1 24 55 1
31 51 1 32 55 1
41 6 1 42 13 1
26 38 1 27 41 1
23 45 1 24 49 1
51 51 1 52 57 1
16 7 1 17 13 1
34 29 2 39 30 2
27 23 2 33 24 2
35 5 2 40 6 2
41 35 2 44 36 2
17 26 2 27 27 2
33 47 2 42 48 2
36 48 2 42 49 2
36 30 2 45 31 2
30 32 2 35 33 2
47 45 2 56 46 2
21 30 2 25 31 2
37 42 2 41 43 2
48 50 2 57 51 2
27 13 2 35 14 2
28 22 2 31 23 2
4 22 2 10 23 2
13 14 2 19 15 2
37 13 2 45 14 2
16 8 2 25 9 2
43 22 2 51 23 2
16 27 2 22 28 2
42 11 2 49 12 2
6 38 2 16 39 2
18 5 2 28 6 2
25 45 3 26 50 3
16 26 3 17 31 3
17 18 3 18 25 3
15 45 3 16 51 3
3 36 3 4 45 3
41 8 3 42 18 3
13 9 3 14 14 3
57 26 3 58 33 3
42 48 3 43 57 3
44 13 3 45 23 3
49 42 3 50 48 3
35 30 3 36 36 3
22 16 3 23 19 3
44 31 3 45 37 3
24 10 3 25 13 3
42 33 3 43 43 3
14 27 3 15 35 3
36 20 3 37 23 3
58 7 3 59 10 3
47 16 3 48 22 3
33 4 3 34 10 3
46 44 3 47 53 3
57 13 3 58 19 3
53 52 3 54 57 3
40 28 4 45 29 4
47 53 4 55 54 4
32 12 4 39 13 4
26 12 4 31 13 4
6 28 4 13 29 4
10 38 4 20 39 4
37 7 4 41 8 4
35 38 4 42 39 4
43 26 4 50 27 4
15 57 4 18 58 4
27 57 4 34 58 4
8 49 4 18 50 4
47 23 4 53 24 4
4 31 4 12 32 4
39 31 4 44 32 4
31 48 4 38 49 4
32 15 4 39 16 4
49 40 4 54 41 4
8 52 4 12 53 4
1 23 4 6 24 4
21 53 4 27 54 4
2 18 4 11 19 4
49 12 4 53 13 4
19 52 4 27 53 4
23 29 5 24 36 5
53 43 5 54 46 5
29 11 5 30 17 5
10 6 5 11 15 5
52 9 5 53 13 5
24 39 5 25 42 5
20 12 5 21 22 5
6 44 5 7 50 5
50 21 5 51 31 5
38 7 5 39 15 5
9 23 5 10 29 5
31 35 5 32 42 5
39 18 5 40 26 5
44 1 5 45 9 5
30 38 5 31 41 5
51 5 5 52 11 5
21 49 5 22 59 5
34 46 5 35 55 5
0 0 5 1 5 5
46 41 5 47 48 5
14 43 5 15 49 5
39 8 5 40 17 5
19 50 5 20 59 5
24 52 5 25 55 5
Net_num 158
Net_id 0
pin_num 5
52 41 0
49 44 0
53 59 0
51 34 0
59 52 0
Net_id 1
pin_num 5
15 18 0
7 7 0
0 9 0
25 10 0
3 16 0
Net_id 2
pin_num 5
5 45 0
12 52 0
15 50 0
21 50 0
8 23 0
Net_id 3
pin_num 5
32 27 0
15 26 0
29 5 0
17 9 0
34 29 0
Net_id 4
pin_num 5
40 40 0
24 41 0
28 34 0
38 35 0
29 42 0
Net_id 5
pin_num 5
32 59 0
28 59 0
30 46 0
30 28 0
36 49 0
Net_id 6
pin_num 5
26 34 0
32 34 0
27 59 0
37 44 0
10 47 0
Net_id 7
pin_num 5
10 41 0
3 51 0
0 58 0
11 50 0
2 42 0
Net_id 8
pin_num 5
23 23 0
28 24 0
24 10 0
7 11 0
35 19 0
Net_id 9
pin_num 5
32 32 0
28 25 0
22 41 0
38 26 0
37 29 0
Net_id 10
pin_num 5
4 18 0
7 18 0
12 18 0
7 27 0
5 11 0
Net_id 11
pin_num 5
3 29 0
2 40 0
6 30 0
5 53 0
17 37 0
Net_id 12
pin_num 5
50 32 0
57 24 0
54 8 0
52 10 0
57 29 0
Net_id 13
pin_num 5
35 23 0
23 18 0
32 15 0
26 35 0
22 23 0
Net_id 14
pin_num 5
16 45 0
4 49 0
3 59 0
9 56 0
0 45 0
Net_id 15
pin_num 5
15 32 0
19 22 0
32 28 0
10 8 0
18 40 0
Net_id 16
pin_num 5
19 56 0
19 48 0
15 53 0
17 38 0
11 48 0
Net_id 17
pin_num 5
45 6 0
31 13 0
49 9 0
30 0 0
47 0 0
Net_id 18
pin_num 5
4 47 0
9 43 0
11 59 0
2 59 0
17 55 0
Net_id 19
pin_num 5
22 57 0
22 42 0
6 42 0
9 35 0
20 19 0
Net_id 20
pin_num 5
56 39 0
35 39 0
54 31 0
54 27 0
39 18 0
Net_id 21
pin_num 5
31 33 0
33 28 0
44 33 0
25 17 0
31 30 0
Net_id 22
pin_num 4
24 59 0
27 56 0
10 58 0
6 46 0
Net_id 23
pin_num 4
25 52 0
17 52 0
4 50 0
23 56 0
Net_id 24
pin_num 4
54 16 0
57 22 0
58 35 0
53 18 0
Net_id 25
pin_num 4
29 4 0
10 1 0
26 0 0
27 22 0
Net_id 26
pin_num 4
1 55 0
16 51 0
1 47 0
32 53 0
Net_id 27
pin_num 4
15 43 0
10 44 0
12 29 0
3 27 0
Net_id 28
pin_num 4
24 56 0
26 47 0
20 54 0
35 47 0
Net_id 29
pin_num 4
15 52 0
14 49 0
1 51 0
2 57 0
Net_id 30
pin_num 4
9 28 0
15 46 0
11 35 0
28 44 0
Net_id 31
pin_num 4
10 0 0
12 9 0
1 8 0
27 0 0
Net_id 32
pin_num 4
6 54 0
18 54 0
18 46 0
20 57 0
Net_id 33
pin_num 4
13 38 0
13 40 0
4 19 0
0 43 0
Net_id 34
pin_num 4
8 21 0
1 17 0
5 28 0
2 39 0
Net_id 35
pin_num 4
23 9 0
36 1 0
2 8 0
1 10 0
Net_id 36
pin_num 4
31 40 0
37 42 0
24 40 0
27 36 0
Net_id 37
pin_num 4
55 47 0
58 58 0
56 42 0
40 57 0
Net_id 38
pin_num 4
42 1 0
55 6 0
59 23 0
37 11 0
Net_id 39
pin_num 4
6 17 0
6 26 0
36 19 0
5 10 0
Net_id 40
pin_num 3
41 4 0
58 2 0
58 36 0
Net_id 41
pin_num 3
31 4 0
40 9 0
29 31 0
Net_id 42
pin_num 3
20 46 0
29 57 0
40 52 0
Net_id 43
pin_num 3
39 28 0
34 30 0
13 20 0
Net_id 44
pin_num 3
37 25 0
53 21 0
47 36 0
Net_id 45
pin_num 3
21 3 0
6 13 0
9 9 0
Net_id 46
pin_num 3
7 33 0
1 34 0
5 29 0
Net_id 47
pin_num 3
34 37 0
50 31 0
42 10 0
Net_id 48
pin_num 3
18 9 0
23 6 0
21 1 0
Net_id 49
pin_num 3
52 51 0
40 54 0
46 30 0
Net_id 50
pin_num 3
13 58 0
34 57 0
29 33 0
Net_id 51
pin_num 3
18 56 0
3 53 0
21 48 0
Net_id 52
pin_num 3
2 25 0
14 25 0
11 20 0
Net_id 53
pin_num 3
32 43 0
50 45 0
48 49 0
Net_id 54
pin_num 3
37 14 0
35 12 0
15 25 0
Net_id 55
pin_num 3
8 5 0
1 2 0
9 10 0
Net_id 56
pin_num 3
22 20 0
8 4 0
5 26 0
Net_id 57
pin_num 3
41 37 0
45 18 0
27 14 0
Net_id 58
pin_num 3
59 40 0
45 48 0
52 58 0
Net_id 59
pin_num 3
36 30 0
45 32 0
32 10 0
Net_id 60
pin_num 3
16 21 0
4 11 0
7 50 0
Net_id 61
pin_num 3
14 30 0
11 26 0
31 48 0
Net_id 62
pin_num 3
38 15 0
53 10 0
51 30 0
Net_id 63
pin_num 3
19 10 0
12 26 0
12 44 0
Net_id 64
pin_num 3
23 24 0
40 34 0
35 8 0
Net_id 65
pin_num 3
45 47 0
36 48 0
44 41 0
Net_id 66
pin_num 3
39 57 0
32 58 0
54 56 0
Net_id 67
pin_num 3
23 19 0
14 4 0
20 55 0
Net_id 68
pin_num 3
58 14 0
27 12 0
19 11 0
Net_id 69
pin_num 3
16 6 0
22 6 0
6 4 0
Net_id 70
pin_num 3
55 26 0
51 24 0
34 20 0
Net_id 71
pin_num 3
37 52 0
44 49 0
28 52 0
Net_id 72
pin_num 3
44 14 0
50 30 0
39 35 0
Net_id 73
pin_num 3
57 56 0
59 39 0
58 53 0
Net_id 74
pin_num 3
59 6 0
56 9 0
59 8 0
Net_id 75
pin_num 3
21 33 0
30 17 0
0 25 0
Net_id 76
pin_num 3
57 21 0
29 3 0
53 7 0
Net_id 77
pin_num 3
36 11 0
27 15 0
12 15 0
Net_id 78
pin_num 2
56 22 0
36 2 0
Net_id 79
pin_num 2
46 9 0
57 1 0
Net_id 80
pin_num 2
55 49 0
57 41 0
Net_id 81
pin_num 2
15 3 0
23 12 0
Net_id 82
pin_num 2
20 38 0
29 58 0
Net_id 83
pin_num 2
3 9 0
8 2 0
Net_id 84
pin_num 2
9 20 0
8 17 0
Net_id 85
pin_num 2
12 11 0
5 6 0
Net_id 86
pin_num 2
17 36 0
31 31 0
Net_id 87
pin_num 2
9 44 0
9 48 0
Net_id 88
pin_num 2
51 5 0
37 1 0
Net_id 89
pin_num 2
53 56 0
41 51 0
Net_id 90
pin_num 2
55 2 0
30 5 0
Net_id 91
pin_num 2
49 26 0
37 37 0
Net_id 92
pin_num 2
27 2 0
50 23 0
Net_id 93
pin_num 2
53 19 0
46 18 0
Net_id 94
pin_num 2
45 24 0
30 8 0
Net_id 95
pin_num 2
7 13 0
14 13 0
Net_id 96
pin_num 2
54 1 0
56 4 0
Net_id 97
pin_num 2
44 8 0
47 3 0
Net_id 98
pin_num 2
43 40 0
59 57 0
Net_id 99
pin_num 2
21 44 0
23 36 0
Net_id 100
pin_num 2
5 3 0
3 7 0
Net_id 101
pin_num 2
16 39 0
2 47 0
Net_id 102
pin_num 2
31 51 0
26 51 0
Net_id 103
pin_num 2
36 7 0
32 24 0
Net_id 104
pin_num 2
55 30 0
58 51 0
Net_id 105
pin_num 2
0 13 0
2 22 0
Net_id 106
pin_num 2
41 49 0
31 24 0
Net_id 107
pin_num 2
25 53 0
31 56 0
Net_id 108
pin_num 2
2 17 0
13 6 0
Net_id 109
pin_num 2
16 38 0
6 34 0
Net_id 110
pin_num 2
55 54 0
59 58 0
Net_id 111
pin_num 2
5 34 0
27 58 0
Net_id 112
pin_num 2
46 32 0
59 37 0
Net_id 113
pin_num 2
3 41 0
5 57 0
Net_id 114
pin_num 2
51 45 0
58 52 0
Net_id 115
pin_num 2
38 29 0
44 27 0
Net_id 116
pin_num 2
50 15 0
55 20 0
Net_id 117
pin_num 2
2 31 0
10 23 0
Net_id 118
pin_num 2
21 39 0
31 39 0
Net_id 119
pin_num 2
56 1 0
49 16 0
Net_id 120
pin_num 2
42 28 0
58 39 0
Net_id 121
pin_num 2
42 20 0
38 24 0
Net_id 122
pin_num 2
2 5 0
1 7 0
Net_id 123
pin_num 2
46 52 0
32 56 0
Net_id 124
pin_num 2
35 41 0
40 38 0
Net_id 125
pin_num 2
37 38 0
28 49 0
Net_id 126
pin_num 2
29 54 0
10 36 0
Net_id 127
pin_num 2
13 21 0
5 2 0
Net_id 128
pin_num 2
12 6 0
19 30 0
Net_id 129
pin_num 2
30 15 0
37 7 0
Net_id 130
pin_num 2
7 10 0
13 2 0
Net_id 131
pin_num 2
29 50 0
13 59 0
Net_id 132
pin_num 2
58 38 0
49 38 0
Net_id 133
pin_num 2
27 49 0
16 49 0
Net_id 134
pin_num 2
38 17 0
47 17 0
Net_id 135
pin_num 2
2 10 0
2 4 0
Net_id 136
pin_num 2
42 38 0
39 44 0
Net_id 137
pin_num 2
23 1 0
27 5 0
Net_id 138
pin_num 2
33 32 0
55 42 0
Net_id 139
pin_num 2
42 46 0
38 54 0
Net_id 140
pin_num 2
44 37 0
56 26 0
Net_id 141
pin_num 2
4 48 0
2 51 0
Net_id 142
pin_num 2
39 59 0
27 52 0
Net_id 143
pin_num 2
58 10 0
52 34 0
Net_id 144
pin_num 2
19 55 0
13 57 0
Net_id 145
pin_num 2
39 37 0
18 21 0
Net_id 146
pin_num 2
23 5 0
34 2 0
Net_id 147
pin_num 2
49 24 0
48 30 0
Net_id 148
pin_num 2
33 59 0
43 42 0
Net_id 149
pin_num 2
32 21 0
13 30 0
Net_id 150
pin_num 2
13 23 0
2 11 0
Net_id 151
pin_num 2
33 25 0
22 3 0
Net_id 152
pin_num 2
38 0 0
38 14 0
Net_id 153
pin_num 2
23 21 0
14 3 0
Net_id 154
pin_num 2
33 14 0
8 8 0
Net_id 155
pin_num 2
18 38 0
21 37 0
Net_id 156
pin_num 2
58 30 0
53 42 0
Net_id 157
pin_num 2
17 11 0
13 11 0
