Width 60
Height 60
Layer 6
Total_WL 6957
Obstacle_num 144
32 30 0 42 31 0
8 46 0 12 47 0
2 49 0 6 50 0
32 17 0 36 18 0
30 14 0 33 15 0
16 16 0 24 17 0
14 21 0 17 22 0
9 10 0 17 11 0
15 58 0 24 59 0
22 37 0 30 38 0
46 38 0 56 39 0
32 40 0 41 41 0
24 42 0 31 43 0
33 15 0 39 16 0
22 35 0 30 36 0
8 48 0 13 49 0
4 34 0 11 35 0
31 49 0 39 50 0
20 26 0 23 27 0
25 21 0 28 22 0
7 41 0 14 42 0
48 3 0 51 4 0
8 31 0 11 32 0
33 4 0 36 5 0
0 36 1 1 41 1
34 11 1 35 16 1
53 35 1 54 40 1
57 11 1 58 18 1
58 33 1 59 38 1
19 46 1 20 49 1
30 28 1 31 36 1
3 34 1 4 42 1
3 14 1 4 17 1
6 16 1 7 19 1
54 35 1 55 44 1
22 29 1 23 34 1
25 2 1 26 7 1
51 34 1 52 37 1
57 40 1 58 45 1
8 46 1 9 49 1
43 16 1 44 23 1
13 22 1 14 27 1
21 5 1 22 9 1
29 3 1 30 11 1
0 15 1 1 23 1
48 49 1 49 55 1
46 0 1 47 7 1
44 16 1 45 19 1
31 1 2 39 2 2
48 4 2 52 5 2
20 26 2 27 27 2
9 55 2 18 56 2
28 3 2 35 4 2
5 3 2 13 4 2
48 38 2 54 39 2
25 13 2 34 14 2
8 46 2 11 47 2
32 29 2 36 30 2
22 23 2 32 24 2
23 1 2 29 2 2
20 50 2 24 51 2
27 43 2 34 44 2
29 11 2 39 12 2
28 34 2 31 35 2
48 6 2 52 7 2
22 39 2 28 40 2
30 26 2 40 27 2
7 54 2 12 55 2
2 12 2 9 13 2
45 7 2 55 8 2
28 50 2 32 51 2
20 31 2 27 32 2
36 30 3 37 35 3
48 7 3 49 12 3
16 15 3 17 22 3
52 20 3 53 28 3
57 48 3 58 55 3
2 50 3 3 57 3
37 34 3 38 38 3
13 6 3 14 9 3
21 6 3 22 16 3
18 22 3 19 30 3
31 44 3 32 51 3
45 33 3 46 40 3
47 16 3 48 26 3
55 39 3 56 45 3
35 2 3 36 9 3
19 1 3 20 7 3
27 18 3 28 28 3
25 8 3 26 18 3
24 22 3 25 25 3
52 51 3 53 54 3
3 25 3 4 32 3
35 16 3 36 20 3
45 20 3 46 27 3
16 5 3 17 11 3
25 54 4 35 55 4
40 9 4 50 10 4
35 8 4 43 9 4
35 26 4 43 27 4
29 21 4 37 22 4
23 20 4 32 21 4
36 7 4 46 8 4
42 10 4 46 11 4
3 5 4 11 6 4
5 23 4 9 24 4
52 21 4 57 22 4
13 39 4 23 40 4
51 56 4 58 57 4
17 34 4 21 35 4
39 0 4 49 1 4
11 8 4 20 9 4
18 53 4 23 54 4
41 23 4 50 24 4
35 43 4 45 44 4
43 3 4 50 4 4
35 3 4 41 4 4
23 7 4 31 8 4
9 7 4 14 8 4
18 51 4 21 52 4
23 21 5 24 27 5
0 39 5 1 48 5
12 27 5 13 34 5
14 2 5 15 5 5
57 30 5 58 40 5
42 39 5 43 45 5
8 14 5 9 24 5
1 27 5 2 35 5
20 36 5 21 42 5
35 7 5 36 15 5
46 0 5 47 6 5
32 32 5 33 38 5
10 5 5 11 14 5
31 39 5 32 42 5
25 24 5 26 34 5
46 38 5 47 48 5
55 39 5 56 49 5
26 2 5 27 12 5
38 17 5 39 23 5
4 6 5 5 16 5
2 25 5 3 28 5
45 13 5 46 19 5
48 17 5 49 25 5
17 37 5 18 44 5
Net_num 159
Net_id 0
pin_num 5
25 14 0
32 7 0
9 7 0
51 9 0
38 12 0
Net_id 1
pin_num 5
21 10 0
17 12 0
15 0 0
16 11 0
8 3 0
Net_id 2
pin_num 5
3 1 0
21 1 0
14 19 0
42 1 0
47 0 0
Net_id 3
pin_num 5
4 0 0
8 2 0
8 16 0
2 15 0
7 2 0
Net_id 4
pin_num 5
18 47 0
11 45 0
11 32 0
0 42 0
13 27 0
Net_id 5
pin_num 5
37 19 0
28 15 0
28 38 0
6 38 0
9 42 0
Net_id 6
pin_num 5
34 47 0
22 49 0
30 53 0
29 50 0
46 47 0
Net_id 7
pin_num 5
10 27 0
3 24 0
25 24 0
18 20 0
18 44 0
Net_id 8
pin_num 5
20 55 0
12 35 0
31 35 0
13 48 0
36 46 0
Net_id 9
pin_num 5
10 22 0
16 14 0
20 21 0
24 16 0
0 8 0
Net_id 10
pin_num 5
26 53 0
36 59 0
34 58 0
29 59 0
43 51 0
Net_id 11
pin_num 5
25 25 0
13 21 0
18 13 0
23 40 0
0 25 0
Net_id 12
pin_num 5
42 18 0
53 27 0
49 5 0
59 34 0
48 30 0
Net_id 13
pin_num 5
42 15 0
38 17 0
40 38 0
49 17 0
39 10 0
Net_id 14
pin_num 5
31 10 0
34 2 0
46 0 0
43 11 0
51 2 0
Net_id 15
pin_num 5
6 5 0
3 11 0
9 0 0
0 26 0
19 26 0
Net_id 16
pin_num 5
44 30 0
44 26 0
44 40 0
26 32 0
54 32 0
Net_id 17
pin_num 5
6 39 0
12 33 0
10 39 0
4 35 0
24 39 0
Net_id 18
pin_num 5
10 5 0
5 6 0
2 1 0
22 4 0
0 4 0
Net_id 19
pin_num 4
0 19 0
10 6 0
32 6 0
22 14 0
Net_id 20
pin_num 4
35 19 0
35 13 0
29 18 0
33 33 0
Net_id 21
pin_num 4
17 14 0
26 25 0
10 0 0
29 0 0
Net_id 22
pin_num 4
45 56 0
55 56 0
37 56 0
58 59 0
Net_id 23
pin_num 4
18 42 0
26 55 0
45 52 0
45 33 0
Net_id 24
pin_num 4
47 29 0
36 29 0
37 24 0
58 25 0
Net_id 25
pin_num 4
47 52 0
46 45 0
55 45 0
55 40 0
Net_id 26
pin_num 4
48 12 0
42 22 0
48 27 0
44 1 0
Net_id 27
pin_num 4
59 11 0
46 8 0
55 24 0
59 35 0
Net_id 28
pin_num 4
46 50 0
38 57 0
58 55 0
55 57 0
Net_id 29
pin_num 4
20 15 0
22 19 0
7 15 0
22 40 0
Net_id 30
pin_num 4
16 44 0
2 48 0
4 57 0
11 59 0
Net_id 31
pin_num 4
25 50 0
11 51 0
12 59 0
36 57 0
Net_id 32
pin_num 4
3 26 0
19 29 0
31 29 0
1 38 0
Net_id 33
pin_num 4
22 41 0
31 36 0
31 5 0
26 30 0
Net_id 34
pin_num 4
47 21 0
52 33 0
55 39 0
54 10 0
Net_id 35
pin_num 4
4 31 0
10 35 0
1 42 0
1 46 0
Net_id 36
pin_num 4
58 41 0
50 42 0
35 37 0
53 59 0
Net_id 37
pin_num 4
39 51 0
35 36 0
57 36 0
38 50 0
Net_id 38
pin_num 3
20 40 0
17 31 0
30 45 0
Net_id 39
pin_num 3
23 42 0
21 48 0
30 44 0
Net_id 40
pin_num 3
27 57 0
38 52 0
48 55 0
Net_id 41
pin_num 3
37 39 0
31 39 0
25 15 0
Net_id 42
pin_num 3
34 19 0
30 16 0
5 25 0
Net_id 43
pin_num 3
51 46 0
54 48 0
56 49 0
Net_id 44
pin_num 3
21 0 0
30 15 0
46 14 0
Net_id 45
pin_num 3
34 46 0
25 49 0
26 34 0
Net_id 46
pin_num 3
17 59 0
17 45 0
29 26 0
Net_id 47
pin_num 3
57 5 0
55 25 0
27 18 0
Net_id 48
pin_num 3
37 20 0
45 12 0
39 18 0
Net_id 49
pin_num 3
27 17 0
29 16 0
17 17 0
Net_id 50
pin_num 3
42 36 0
48 37 0
56 33 0
Net_id 51
pin_num 3
44 34 0
53 34 0
37 45 0
Net_id 52
pin_num 3
4 9 0
36 9 0
29 15 0
Net_id 53
pin_num 3
40 4 0
34 24 0
51 0 0
Net_id 54
pin_num 3
42 52 0
36 38 0
18 46 0
Net_id 55
pin_num 3
4 16 0
10 37 0
3 6 0
Net_id 56
pin_num 3
28 16 0
24 27 0
31 27 0
Net_id 57
pin_num 3
2 8 0
8 17 0
2 9 0
Net_id 58
pin_num 3
40 22 0
46 33 0
43 8 0
Net_id 59
pin_num 3
0 37 0
7 11 0
27 5 0
Net_id 60
pin_num 3
31 48 0
40 48 0
56 59 0
Net_id 61
pin_num 3
42 26 0
1 4 0
1 3 0
Net_id 62
pin_num 3
35 25 0
51 42 0
39 46 0
Net_id 63
pin_num 3
14 13 0
8 20 0
1 18 0
Net_id 64
pin_num 3
5 59 0
5 39 0
18 59 0
Net_id 65
pin_num 3
6 12 0
23 14 0
12 0 0
Net_id 66
pin_num 3
38 23 0
52 23 0
45 30 0
Net_id 67
pin_num 3
44 54 0
45 58 0
27 59 0
Net_id 68
pin_num 3
16 19 0
15 13 0
17 49 0
Net_id 69
pin_num 3
59 1 0
46 21 0
52 18 0
Net_id 70
pin_num 3
15 46 0
2 34 0
16 29 0
Net_id 71
pin_num 3
17 20 0
9 19 0
43 33 0
Net_id 72
pin_num 3
30 5 0
23 18 0
3 19 0
Net_id 73
pin_num 3
28 10 0
5 4 0
20 13 0
Net_id 74
pin_num 3
9 2 0
20 11 0
3 10 0
Net_id 75
pin_num 3
7 31 0
1 43 0
14 27 0
Net_id 76
pin_num 3
3 21 0
15 2 0
7 40 0
Net_id 77
pin_num 2
16 8 0
11 0 0
Net_id 78
pin_num 2
21 44 0
22 46 0
Net_id 79
pin_num 2
27 52 0
4 39 0
Net_id 80
pin_num 2
53 12 0
44 41 0
Net_id 81
pin_num 2
28 11 0
14 7 0
Net_id 82
pin_num 2
18 48 0
12 56 0
Net_id 83
pin_num 2
25 8 0
45 1 0
Net_id 84
pin_num 2
44 20 0
50 19 0
Net_id 85
pin_num 2
30 40 0
39 58 0
Net_id 86
pin_num 2
55 7 0
51 10 0
Net_id 87
pin_num 2
58 44 0
42 39 0
Net_id 88
pin_num 2
54 18 0
59 36 0
Net_id 89
pin_num 2
3 46 0
18 55 0
Net_id 90
pin_num 2
31 4 0
32 3 0
Net_id 91
pin_num 2
52 52 0
41 40 0
Net_id 92
pin_num 2
41 8 0
30 4 0
Net_id 93
pin_num 2
5 32 0
9 18 0
Net_id 94
pin_num 2
25 27 0
34 38 0
Net_id 95
pin_num 2
53 20 0
58 3 0
Net_id 96
pin_num 2
16 5 0
2 13 0
Net_id 97
pin_num 2
32 20 0
22 22 0
Net_id 98
pin_num 2
39 16 0
50 24 0
Net_id 99
pin_num 2
26 56 0
6 54 0
Net_id 100
pin_num 2
33 22 0
39 21 0
Net_id 101
pin_num 2
36 20 0
21 40 0
Net_id 102
pin_num 2
50 5 0
46 13 0
Net_id 103
pin_num 2
24 47 0
21 41 0
Net_id 104
pin_num 2
34 35 0
33 37 0
Net_id 105
pin_num 2
19 53 0
1 57 0
Net_id 106
pin_num 2
23 22 0
45 6 0
Net_id 107
pin_num 2
9 32 0
14 30 0
Net_id 108
pin_num 2
1 17 0
11 21 0
Net_id 109
pin_num 2
7 49 0
6 41 0
Net_id 110
pin_num 2
22 45 0
2 32 0
Net_id 111
pin_num 2
42 53 0
49 53 0
Net_id 112
pin_num 2
44 37 0
28 45 0
Net_id 113
pin_num 2
5 40 0
1 40 0
Net_id 114
pin_num 2
47 54 0
38 44 0
Net_id 115
pin_num 2
55 43 0
48 43 0
Net_id 116
pin_num 2
23 32 0
43 1 0
Net_id 117
pin_num 2
13 49 0
3 43 0
Net_id 118
pin_num 2
0 48 0
11 58 0
Net_id 119
pin_num 2
36 56 0
18 45 0
Net_id 120
pin_num 2
51 13 0
20 12 0
Net_id 121
pin_num 2
56 21 0
56 16 0
Net_id 122
pin_num 2
3 36 0
7 42 0
Net_id 123
pin_num 2
35 28 0
52 19 0
Net_id 124
pin_num 2
57 1 0
50 27 0
Net_id 125
pin_num 2
59 33 0
55 31 0
Net_id 126
pin_num 2
46 12 0
50 0 0
Net_id 127
pin_num 2
38 43 0
40 39 0
Net_id 128
pin_num 2
15 53 0
1 58 0
Net_id 129
pin_num 2
47 24 0
56 37 0
Net_id 130
pin_num 2
54 26 0
49 42 0
Net_id 131
pin_num 2
22 57 0
12 54 0
Net_id 132
pin_num 2
8 50 0
9 50 0
Net_id 133
pin_num 2
3 29 0
9 35 0
Net_id 134
pin_num 2
52 40 0
42 58 0
Net_id 135
pin_num 2
43 21 0
54 4 0
Net_id 136
pin_num 2
43 10 0
57 19 0
Net_id 137
pin_num 2
59 13 0
58 10 0
Net_id 138
pin_num 2
54 51 0
38 56 0
Net_id 139
pin_num 2
38 58 0
19 59 0
Net_id 140
pin_num 2
24 55 0
50 39 0
Net_id 141
pin_num 2
16 57 0
43 56 0
Net_id 142
pin_num 2
27 34 0
24 51 0
Net_id 143
pin_num 2
53 8 0
58 22 0
Net_id 144
pin_num 2
35 21 0
27 4 0
Net_id 145
pin_num 2
57 9 0
50 12 0
Net_id 146
pin_num 2
20 43 0
23 52 0
Net_id 147
pin_num 2
58 37 0
49 41 0
Net_id 148
pin_num 2
39 12 0
52 2 0
Net_id 149
pin_num 2
37 42 0
56 51 0
Net_id 150
pin_num 2
48 19 0
55 22 0
Net_id 151
pin_num 2
59 54 0
41 44 0
Net_id 152
pin_num 2
19 57 0
28 40 0
Net_id 153
pin_num 2
12 57 0
9 37 0
Net_id 154
pin_num 2
42 35 0
19 31 0
Net_id 155
pin_num 2
30 28 0
26 28 0
Net_id 156
pin_num 2
13 4 0
19 4 0
Net_id 157
pin_num 2
19 27 0
16 28 0
Net_id 158
pin_num 2
40 7 0
17 2 0
