Width 60
Height 60
Layer 6
Total_WL 6799
Obstacle_num 144
32 49 0 39 50 0
2 20 0 6 21 0
19 43 0 29 44 0
14 44 0 19 45 0
30 32 0 35 33 0
26 37 0 34 38 0
48 42 0 56 43 0
28 51 0 34 52 0
17 17 0 26 18 0
41 8 0 49 9 0
23 5 0 33 6 0
38 35 0 46 36 0
29 13 0 39 14 0
10 38 0 17 39 0
2 50 0 11 51 0
17 51 0 26 52 0
37 42 0 41 43 0
1 18 0 4 19 0
20 11 0 28 12 0
31 58 0 38 59 0
17 46 0 24 47 0
24 16 0 34 17 0
2 2 0 10 3 0
38 2 0 43 3 0
52 4 1 53 11 1
54 23 1 55 27 1
21 44 1 22 48 1
12 7 1 13 15 1
15 31 1 16 40 1
13 30 1 14 35 1
22 55 1 23 58 1
53 14 1 54 18 1
27 36 1 28 45 1
57 48 1 58 51 1
22 45 1 23 54 1
16 25 1 17 34 1
9 10 1 10 20 1
22 15 1 23 24 1
2 49 1 3 58 1
41 3 1 42 11 1
33 46 1 34 55 1
9 30 1 10 35 1
2 43 1 3 48 1
50 25 1 51 32 1
30 22 1 31 27 1
23 54 1 24 57 1
39 4 1 40 13 1
8 26 1 9 31 1
2 15 2 8 16 2
24 58 2 31 59 2
31 3 2 40 4 2
0 53 2 7 54 2
42 42 2 52 43 2
44 16 2 50 17 2
48 45 2 54 46 2
32 58 2 40 59 2
22 13 2 30 14 2
52 18 2 58 19 2
30 5 2 37 6 2
45 3 2 50 4 2
54 14 2 57 15 2
4 57 2 11 58 2
5 11 2 8 12 2
0 44 2 6 45 2
5 38 2 11 39 2
15 17 2 21 18 2
28 19 2 32 20 2
45 34 2 49 35 2
10 13 2 20 14 2
50 17 2 58 18 2
4 2 2 7 3 2
6 47 2 15 48 2
46 51 3 47 54 3
45 29 3 46 36 3
54 5 3 55 9 3
39 11 3 40 17 3
4 35 3 5 45 3
22 49 3 23 59 3
7 16 3 8 19 3
56 51 3 57 56 3
50 8 3 51 18 3
46 25 3 47 31 3
33 20 3 34 26 3
13 29 3 14 34 3
53 48 3 54 56 3
2 17 3 3 23 3
6 44 3 7 50 3
53 19 3 54 26 3
54 25 3 55 31 3
11 49 3 12 55 3
43 7 3 44 15 3
52 20 3 53 24 3
32 42 3 33 48 3
58 4 3 59 7 3
32 1 3 33 5 3
51 16 3 52 26 3
35 40 4 40 41 4
17 11 4 20 12 4
43 48 4 52 49 4
13 39 4 19 40 4
31 46 4 37 47 4
33 22 4 43 23 4
39 29 4 42 30 4
36 33 4 44 34 4
48 53 4 56 54 4
1 57 4 11 58 4
40 35 4 49 36 4
21 21 4 25 22 4
53 31 4 58 32 4
13 47 4 21 48 4
50 52 4 58 53 4
48 58 4 56 59 4
48 6 4 52 7 4
16 38 4 24 39 4
26 28 4 31 29 4
27 24 4 30 25 4
49 20 4 55 21 4
33 9 4 40 10 4
41 28 4 44 29 4
7 48 4 14 49 4
50 4 5 51 14 5
58 48 5 59 57 5
25 5 5 26 14 5
25 44 5 26 53 5
45 25 5 46 33 5
13 38 5 14 45 5
10 13 5 11 20 5
29 17 5 30 20 5
28 39 5 29 43 5
1 32 5 2 40 5
2 16 5 3 22 5
48 33 5 49 38 5
46 11 5 47 14 5
32 40 5 33 48 5
58 8 5 59 14 5
44 45 5 45 50 5
25 20 5 26 28 5
23 46 5 24 51 5
23 11 5 24 20 5
34 43 5 35 47 5
18 29 5 19 39 5
21 20 5 22 28 5
50 37 5 51 40 5
50 54 5 51 59 5
Net_num 162
Net_id 0
pin_num 5
49 17 0
42 18 0
46 0 0
28 14 0
33 15 0
Net_id 1
pin_num 5
9 3 0
4 3 0
16 3 0
18 6 0
23 3 0
Net_id 2
pin_num 5
0 5 0
6 5 0
5 0 0
5 18 0
4 8 0
Net_id 3
pin_num 5
47 7 0
40 16 0
31 11 0
46 29 0
40 8 0
Net_id 4
pin_num 5
7 53 0
0 44 0
0 38 0
5 41 0
6 59 0
Net_id 5
pin_num 5
38 47 0
17 48 0
34 56 0
25 59 0
17 43 0
Net_id 6
pin_num 5
23 39 0
26 44 0
39 46 0
47 59 0
3 46 0
Net_id 7
pin_num 5
21 52 0
24 50 0
7 57 0
9 55 0
36 57 0
Net_id 8
pin_num 5
25 36 0
23 38 0
25 26 0
13 29 0
17 16 0
Net_id 9
pin_num 5
4 51 0
5 58 0
4 56 0
4 47 0
26 58 0
Net_id 10
pin_num 5
30 48 0
21 39 0
37 57 0
29 28 0
28 39 0
Net_id 11
pin_num 5
40 54 0
36 54 0
25 54 0
52 59 0
51 54 0
Net_id 12
pin_num 5
1 34 0
10 34 0
8 44 0
16 37 0
0 17 0
Net_id 13
pin_num 5
18 12 0
0 13 0
32 17 0
8 15 0
18 25 0
Net_id 14
pin_num 5
50 54 0
46 56 0
59 59 0
58 59 0
51 44 0
Net_id 15
pin_num 5
10 40 0
23 40 0
11 46 0
16 59 0
40 40 0
Net_id 16
pin_num 5
14 37 0
7 37 0
7 35 0
11 20 0
10 51 0
Net_id 17
pin_num 5
45 27 0
44 24 0
44 4 0
57 27 0
59 20 0
Net_id 18
pin_num 5
27 52 0
32 48 0
31 44 0
32 59 0
13 52 0
Net_id 19
pin_num 5
11 29 0
9 28 0
26 29 0
13 10 0
7 23 0
Net_id 20
pin_num 4
26 56 0
18 43 0
4 49 0
9 51 0
Net_id 21
pin_num 4
51 23 0
58 20 0
59 10 0
55 41 0
Net_id 22
pin_num 4
16 43 0
8 45 0
17 59 0
39 53 0
Net_id 23
pin_num 4
46 1 0
38 0 0
48 7 0
45 14 0
Net_id 24
pin_num 4
51 50 0
59 57 0
54 35 0
45 55 0
Net_id 25
pin_num 4
35 7 0
40 6 0
37 22 0
32 18 0
Net_id 26
pin_num 4
57 46 0
53 35 0
42 43 0
55 22 0
Net_id 27
pin_num 4
16 2 0
25 0 0
37 2 0
11 0 0
Net_id 28
pin_num 4
49 5 0
56 3 0
59 1 0
58 2 0
Net_id 29
pin_num 4
9 4 0
22 9 0
20 20 0
10 0 0
Net_id 30
pin_num 4
52 34 0
56 25 0
59 9 0
59 31 0
Net_id 31
pin_num 4
15 27 0
2 35 0
12 32 0
6 18 0
Net_id 32
pin_num 4
0 31 0
6 34 0
0 45 0
14 33 0
Net_id 33
pin_num 4
18 9 0
26 17 0
11 1 0
30 4 0
Net_id 34
pin_num 4
57 1 0
49 12 0
47 1 0
52 0 0
Net_id 35
pin_num 4
47 53 0
44 36 0
15 53 0
35 48 0
Net_id 36
pin_num 4
50 10 0
36 10 0
43 26 0
31 24 0
Net_id 37
pin_num 4
55 21 0
57 17 0
41 20 0
45 28 0
Net_id 38
pin_num 4
29 42 0
34 33 0
48 37 0
40 47 0
Net_id 39
pin_num 4
48 30 0
36 31 0
59 30 0
49 19 0
Net_id 40
pin_num 4
54 41 0
31 41 0
49 53 0
49 59 0
Net_id 41
pin_num 3
14 47 0
12 45 0
23 45 0
Net_id 42
pin_num 3
46 57 0
38 58 0
48 44 0
Net_id 43
pin_num 3
34 39 0
50 57 0
57 57 0
Net_id 44
pin_num 3
30 12 0
19 14 0
28 0 0
Net_id 45
pin_num 3
57 22 0
59 47 0
59 35 0
Net_id 46
pin_num 3
42 47 0
58 56 0
56 55 0
Net_id 47
pin_num 3
27 30 0
43 29 0
51 6 0
Net_id 48
pin_num 3
22 59 0
41 47 0
26 24 0
Net_id 49
pin_num 3
53 53 0
40 58 0
38 56 0
Net_id 50
pin_num 3
45 45 0
47 43 0
59 39 0
Net_id 51
pin_num 3
23 22 0
24 14 0
32 19 0
Net_id 52
pin_num 3
30 7 0
25 19 0
15 16 0
Net_id 53
pin_num 3
53 9 0
36 1 0
36 8 0
Net_id 54
pin_num 3
44 56 0
38 45 0
52 40 0
Net_id 55
pin_num 3
8 31 0
0 48 0
10 18 0
Net_id 56
pin_num 3
35 26 0
42 19 0
46 22 0
Net_id 57
pin_num 3
51 35 0
48 32 0
34 37 0
Net_id 58
pin_num 3
44 48 0
27 59 0
27 56 0
Net_id 59
pin_num 3
53 54 0
55 46 0
56 59 0
Net_id 60
pin_num 3
1 58 0
12 35 0
1 55 0
Net_id 61
pin_num 3
5 23 0
9 36 0
5 54 0
Net_id 62
pin_num 3
41 36 0
58 27 0
41 27 0
Net_id 63
pin_num 3
11 16 0
19 1 0
19 21 0
Net_id 64
pin_num 3
7 21 0
2 26 0
16 19 0
Net_id 65
pin_num 3
36 32 0
42 46 0
56 33 0
Net_id 66
pin_num 3
0 27 0
7 43 0
23 23 0
Net_id 67
pin_num 3
38 50 0
22 52 0
27 55 0
Net_id 68
pin_num 3
8 52 0
19 35 0
4 37 0
Net_id 69
pin_num 3
44 9 0
37 0 0
22 6 0
Net_id 70
pin_num 3
44 52 0
28 36 0
42 29 0
Net_id 71
pin_num 3
25 14 0
51 28 0
58 33 0
Net_id 72
pin_num 3
59 2 0
57 4 0
48 4 0
Net_id 73
pin_num 3
25 42 0
15 48 0
22 37 0
Net_id 74
pin_num 3
26 26 0
47 14 0
1 32 0
Net_id 75
pin_num 3
13 56 0
20 45 0
12 50 0
Net_id 76
pin_num 3
20 8 0
41 1 0
15 2 0
Net_id 77
pin_num 3
15 4 0
36 17 0
20 1 0
Net_id 78
pin_num 3
46 35 0
55 51 0
55 59 0
Net_id 79
pin_num 3
13 53 0
20 49 0
7 51 0
Net_id 80
pin_num 3
45 9 0
52 16 0
48 15 0
Net_id 81
pin_num 3
9 21 0
12 41 0
12 26 0
Net_id 82
pin_num 3
52 38 0
45 34 0
44 29 0
Net_id 83
pin_num 2
51 52 0
59 52 0
Net_id 84
pin_num 2
29 11 0
44 28 0
Net_id 85
pin_num 2
43 3 0
39 3 0
Net_id 86
pin_num 2
41 38 0
58 57 0
Net_id 87
pin_num 2
40 32 0
58 39 0
Net_id 88
pin_num 2
16 11 0
3 9 0
Net_id 89
pin_num 2
54 16 0
45 22 0
Net_id 90
pin_num 2
49 13 0
54 17 0
Net_id 91
pin_num 2
8 40 0
5 35 0
Net_id 92
pin_num 2
8 14 0
0 12 0
Net_id 93
pin_num 2
51 53 0
44 45 0
Net_id 94
pin_num 2
56 10 0
50 14 0
Net_id 95
pin_num 2
47 6 0
30 17 0
Net_id 96
pin_num 2
58 14 0
50 3 0
Net_id 97
pin_num 2
43 50 0
31 33 0
Net_id 98
pin_num 2
10 14 0
18 14 0
Net_id 99
pin_num 2
13 54 0
8 59 0
Net_id 100
pin_num 2
53 58 0
52 39 0
Net_id 101
pin_num 2
56 35 0
54 32 0
Net_id 102
pin_num 2
10 5 0
7 1 0
Net_id 103
pin_num 2
54 7 0
57 13 0
Net_id 104
pin_num 2
2 7 0
6 7 0
Net_id 105
pin_num 2
41 22 0
58 31 0
Net_id 106
pin_num 2
5 10 0
13 1 0
Net_id 107
pin_num 2
48 14 0
53 28 0
Net_id 108
pin_num 2
46 28 0
56 31 0
Net_id 109
pin_num 2
53 51 0
39 51 0
Net_id 110
pin_num 2
3 57 0
7 45 0
Net_id 111
pin_num 2
23 36 0
9 56 0
Net_id 112
pin_num 2
49 40 0
45 42 0
Net_id 113
pin_num 2
2 4 0
8 1 0
Net_id 114
pin_num 2
15 54 0
30 49 0
Net_id 115
pin_num 2
9 8 0
2 12 0
Net_id 116
pin_num 2
0 21 0
3 19 0
Net_id 117
pin_num 2
53 49 0
47 48 0
Net_id 118
pin_num 2
11 18 0
7 36 0
Net_id 119
pin_num 2
5 6 0
9 9 0
Net_id 120
pin_num 2
30 18 0
30 21 0
Net_id 121
pin_num 2
1 38 0
20 44 0
Net_id 122
pin_num 2
30 59 0
35 32 0
Net_id 123
pin_num 2
16 1 0
14 7 0
Net_id 124
pin_num 2
22 27 0
43 31 0
Net_id 125
pin_num 2
44 43 0
40 49 0
Net_id 126
pin_num 2
33 35 0
50 44 0
Net_id 127
pin_num 2
53 37 0
41 25 0
Net_id 128
pin_num 2
39 18 0
56 29 0
Net_id 129
pin_num 2
6 1 0
7 7 0
Net_id 130
pin_num 2
23 49 0
41 49 0
Net_id 131
pin_num 2
41 52 0
57 44 0
Net_id 132
pin_num 2
39 28 0
27 25 0
Net_id 133
pin_num 2
40 13 0
49 31 0
Net_id 134
pin_num 2
25 22 0
36 22 0
Net_id 135
pin_num 2
44 39 0
31 36 0
Net_id 136
pin_num 2
56 34 0
57 37 0
Net_id 137
pin_num 2
32 3 0
48 11 0
Net_id 138
pin_num 2
47 4 0
56 6 0
Net_id 139
pin_num 2
22 44 0
27 29 0
Net_id 140
pin_num 2
21 37 0
10 20 0
Net_id 141
pin_num 2
25 9 0
41 23 0
Net_id 142
pin_num 2
25 35 0
45 52 0
Net_id 143
pin_num 2
3 17 0
11 17 0
Net_id 144
pin_num 2
1 3 0
16 16 0
Net_id 145
pin_num 2
50 11 0
54 11 0
Net_id 146
pin_num 2
43 16 0
57 12 0
Net_id 147
pin_num 2
6 0 0
48 19 0
Net_id 148
pin_num 2
39 50 0
45 50 0
Net_id 149
pin_num 2
28 21 0
16 34 0
Net_id 150
pin_num 2
43 5 0
37 5 0
Net_id 151
pin_num 2
32 44 0
29 59 0
Net_id 152
pin_num 2
8 26 0
13 8 0
Net_id 153
pin_num 2
21 35 0
33 55 0
Net_id 154
pin_num 2
9 6 0
18 16 0
Net_id 155
pin_num 2
7 56 0
1 42 0
Net_id 156
pin_num 2
35 10 0
13 4 0
Net_id 157
pin_num 2
15 47 0
20 34 0
Net_id 158
pin_num 2
7 9 0
9 7 0
Net_id 159
pin_num 2
30 39 0
28 20 0
Net_id 160
pin_num 2
39 16 0
52 3 0
Net_id 161
pin_num 2
28 41 0
30 36 0
