Width 60
Height 60
Layer 6
Total_WL 6579
Obstacle_num 144
9 51 0 19 52 0
1 9 0 6 10 0
51 10 0 58 11 0
25 49 0 33 50 0
15 12 0 23 13 0
29 26 0 39 27 0
18 27 0 24 28 0
21 37 0 28 38 0
8 44 0 17 45 0
22 23 0 28 24 0
38 54 0 44 55 0
10 55 0 19 56 0
45 6 0 54 7 0
17 10 0 27 11 0
22 20 0 31 21 0
25 57 0 33 58 0
27 18 0 37 19 0
22 48 0 27 49 0
22 22 0 30 23 0
3 38 0 11 39 0
45 19 0 50 20 0
49 26 0 57 27 0
25 9 0 31 10 0
27 50 0 34 51 0
1 10 1 2 14 1
30 22 1 31 26 1
27 38 1 28 42 1
0 40 1 1 48 1
23 18 1 24 23 1
56 28 1 57 37 1
29 39 1 30 45 1
23 37 1 24 42 1
36 25 1 37 35 1
48 32 1 49 40 1
53 6 1 54 13 1
35 35 1 36 44 1
34 32 1 35 38 1
55 45 1 56 55 1
10 52 1 11 59 1
3 23 1 4 26 1
11 12 1 12 19 1
50 28 1 51 38 1
11 32 1 12 37 1
28 44 1 29 48 1
19 52 1 20 55 1
51 14 1 52 20 1
22 24 1 23 27 1
34 20 1 35 25 1
39 10 2 48 11 2
24 33 2 29 34 2
11 46 2 14 47 2
34 28 2 41 29 2
44 53 2 54 54 2
28 17 2 34 18 2
1 51 2 11 52 2
33 10 2 38 11 2
44 46 2 53 47 2
31 55 2 34 56 2
6 50 2 14 51 2
16 16 2 21 17 2
3 39 2 13 40 2
18 15 2 25 16 2
10 41 2 17 42 2
36 31 2 42 32 2
33 1 2 38 2 2
12 21 2 16 22 2
23 14 2 28 15 2
39 7 2 44 8 2
17 26 2 21 27 2
12 35 2 18 36 2
50 18 2 53 19 2
13 28 2 16 29 2
44 24 3 45 27 3
17 8 3 18 17 3
1 46 3 2 56 3
2 11 3 3 17 3
57 0 3 58 8 3
56 18 3 57 22 3
14 13 3 15 23 3
17 37 3 18 44 3
18 20 3 19 26 3
17 48 3 18 53 3
48 13 3 49 19 3
43 38 3 44 42 3
37 4 3 38 14 3
54 41 3 55 48 3
30 26 3 31 36 3
57 41 3 58 50 3
19 22 3 20 29 3
25 43 3 26 50 3
5 29 3 6 38 3
2 21 3 3 29 3
26 4 3 27 11 3
28 48 3 29 57 3
27 32 3 28 41 3
8 0 3 9 8 3
35 46 4 44 47 4
9 41 4 17 42 4
9 23 4 12 24 4
17 19 4 20 20 4
13 58 4 23 59 4
25 1 4 35 2 4
5 4 4 14 5 4
1 28 4 7 29 4
5 41 4 8 42 4
42 38 4 46 39 4
20 42 4 29 43 4
29 33 4 34 34 4
37 31 4 47 32 4
3 10 4 9 11 4
42 25 4 47 26 4
32 32 4 37 33 4
45 41 4 55 42 4
44 48 4 53 49 4
40 58 4 43 59 4
2 5 4 9 6 4
3 17 4 6 18 4
20 16 4 23 17 4
24 22 4 27 23 4
46 22 4 55 23 4
51 44 5 52 49 5
43 48 5 44 52 5
56 48 5 57 58 5
9 16 5 10 23 5
58 41 5 59 51 5
48 41 5 49 47 5
17 31 5 18 39 5
58 53 5 59 57 5
27 0 5 28 5 5
45 25 5 46 29 5
26 48 5 27 55 5
31 3 5 32 13 5
16 26 5 17 33 5
50 26 5 51 30 5
22 18 5 23 22 5
15 6 5 16 9 5
13 13 5 14 22 5
10 37 5 11 40 5
23 41 5 24 46 5
25 50 5 26 57 5
21 26 5 22 33 5
8 20 5 9 25 5
42 13 5 43 17 5
34 5 5 35 14 5
Net_num 162
Net_id 0
pin_num 5
13 57 0
0 58 0
6 46 0
6 59 0
1 57 0
Net_id 1
pin_num 5
37 27 0
37 17 0
37 46 0
21 26 0
43 33 0
Net_id 2
pin_num 5
23 40 0
22 36 0
11 37 0
16 32 0
0 39 0
Net_id 3
pin_num 5
55 36 0
55 25 0
55 55 0
39 34 0
29 34 0
Net_id 4
pin_num 5
38 2 0
36 0 0
54 2 0
37 3 0
52 13 0
Net_id 5
pin_num 5
4 57 0
0 31 0
22 31 0
29 31 0
23 46 0
Net_id 6
pin_num 5
57 19 0
59 3 0
49 4 0
41 0 0
44 3 0
Net_id 7
pin_num 5
28 6 0
32 1 0
22 2 0
29 21 0
31 0 0
Net_id 8
pin_num 5
14 21 0
21 32 0
18 28 0
26 21 0
35 24 0
Net_id 9
pin_num 5
25 14 0
26 0 0
25 32 0
17 27 0
20 0 0
Net_id 10
pin_num 5
5 34 0
9 25 0
8 16 0
1 35 0
9 3 0
Net_id 11
pin_num 5
5 39 0
2 47 0
4 21 0
0 21 0
12 24 0
Net_id 12
pin_num 5
1 23 0
10 25 0
14 25 0
6 9 0
0 13 0
Net_id 13
pin_num 5
53 43 0
43 52 0
59 30 0
45 54 0
58 51 0
Net_id 14
pin_num 5
46 52 0
54 52 0
53 48 0
47 46 0
35 50 0
Net_id 15
pin_num 5
5 53 0
15 52 0
4 52 0
17 59 0
10 59 0
Net_id 16
pin_num 5
8 25 0
5 22 0
9 22 0
7 1 0
2 11 0
Net_id 17
pin_num 5
50 23 0
50 19 0
56 6 0
53 28 0
56 0 0
Net_id 18
pin_num 4
23 9 0
13 1 0
0 1 0
8 2 0
Net_id 19
pin_num 4
45 49 0
49 46 0
52 30 0
58 40 0
Net_id 20
pin_num 4
30 53 0
21 59 0
22 51 0
49 54 0
Net_id 21
pin_num 4
51 45 0
59 57 0
59 59 0
51 57 0
Net_id 22
pin_num 4
43 32 0
53 33 0
46 44 0
50 59 0
Net_id 23
pin_num 4
42 29 0
47 13 0
54 36 0
46 0 0
Net_id 24
pin_num 4
6 26 0
7 30 0
13 23 0
5 27 0
Net_id 25
pin_num 4
52 32 0
59 23 0
59 0 0
35 30 0
Net_id 26
pin_num 4
43 38 0
44 42 0
29 38 0
23 38 0
Net_id 27
pin_num 4
50 21 0
36 22 0
48 0 0
58 16 0
Net_id 28
pin_num 4
52 14 0
56 23 0
59 19 0
59 8 0
Net_id 29
pin_num 4
20 3 0
32 7 0
32 0 0
55 2 0
Net_id 30
pin_num 4
52 0 0
46 1 0
49 22 0
58 18 0
Net_id 31
pin_num 4
10 12 0
19 14 0
14 26 0
19 20 0
Net_id 32
pin_num 4
25 52 0
37 48 0
10 48 0
32 37 0
Net_id 33
pin_num 4
38 49 0
34 57 0
17 56 0
29 48 0
Net_id 34
pin_num 4
12 2 0
21 5 0
19 11 0
24 1 0
Net_id 35
pin_num 4
34 19 0
44 18 0
46 20 0
44 14 0
Net_id 36
pin_num 4
32 23 0
38 23 0
28 39 0
46 25 0
Net_id 37
pin_num 4
6 13 0
0 12 0
13 19 0
12 0 0
Net_id 38
pin_num 4
32 29 0
24 18 0
31 47 0
26 29 0
Net_id 39
pin_num 3
6 7 0
15 14 0
31 10 0
Net_id 40
pin_num 3
20 11 0
7 0 0
16 11 0
Net_id 41
pin_num 3
41 52 0
54 49 0
42 28 0
Net_id 42
pin_num 3
27 39 0
3 43 0
21 57 0
Net_id 43
pin_num 3
48 12 0
58 6 0
35 12 0
Net_id 44
pin_num 3
45 31 0
54 31 0
55 20 0
Net_id 45
pin_num 3
41 18 0
27 17 0
30 8 0
Net_id 46
pin_num 3
8 27 0
30 21 0
36 36 0
Net_id 47
pin_num 3
55 52 0
45 59 0
34 50 0
Net_id 48
pin_num 3
23 33 0
3 36 0
17 28 0
Net_id 49
pin_num 3
45 24 0
31 19 0
39 22 0
Net_id 50
pin_num 3
25 4 0
17 4 0
22 13 0
Net_id 51
pin_num 3
1 33 0
12 30 0
1 18 0
Net_id 52
pin_num 3
40 43 0
45 44 0
59 29 0
Net_id 53
pin_num 3
6 3 0
5 12 0
6 27 0
Net_id 54
pin_num 3
0 52 0
7 55 0
14 54 0
Net_id 55
pin_num 3
33 48 0
19 58 0
45 38 0
Net_id 56
pin_num 3
57 36 0
54 15 0
43 31 0
Net_id 57
pin_num 3
22 1 0
28 21 0
5 15 0
Net_id 58
pin_num 3
3 8 0
13 17 0
6 24 0
Net_id 59
pin_num 3
53 49 0
47 38 0
58 41 0
Net_id 60
pin_num 3
29 42 0
34 44 0
13 33 0
Net_id 61
pin_num 3
16 36 0
18 46 0
41 29 0
Net_id 62
pin_num 3
29 43 0
23 43 0
8 43 0
Net_id 63
pin_num 3
42 23 0
38 35 0
40 47 0
Net_id 64
pin_num 3
23 54 0
12 48 0
28 41 0
Net_id 65
pin_num 3
7 24 0
21 17 0
29 3 0
Net_id 66
pin_num 3
20 57 0
20 37 0
14 58 0
Net_id 67
pin_num 3
21 44 0
7 36 0
18 36 0
Net_id 68
pin_num 3
27 15 0
34 0 0
49 15 0
Net_id 69
pin_num 3
22 32 0
31 32 0
26 19 0
Net_id 70
pin_num 3
3 42 0
2 40 0
24 42 0
Net_id 71
pin_num 3
47 3 0
42 13 0
48 22 0
Net_id 72
pin_num 3
46 5 0
38 5 0
40 6 0
Net_id 73
pin_num 3
5 49 0
0 54 0
8 48 0
Net_id 74
pin_num 3
44 26 0
44 30 0
30 13 0
Net_id 75
pin_num 3
17 46 0
2 38 0
2 35 0
Net_id 76
pin_num 3
30 24 0
43 16 0
30 28 0
Net_id 77
pin_num 3
28 36 0
33 41 0
36 17 0
Net_id 78
pin_num 3
32 36 0
24 25 0
30 16 0
Net_id 79
pin_num 2
15 0 0
27 6 0
Net_id 80
pin_num 2
22 44 0
30 41 0
Net_id 81
pin_num 2
21 38 0
13 47 0
Net_id 82
pin_num 2
18 56 0
17 57 0
Net_id 83
pin_num 2
53 51 0
31 53 0
Net_id 84
pin_num 2
32 44 0
39 39 0
Net_id 85
pin_num 2
28 24 0
32 25 0
Net_id 86
pin_num 2
27 47 0
11 58 0
Net_id 87
pin_num 2
34 34 0
38 27 0
Net_id 88
pin_num 2
51 33 0
51 30 0
Net_id 89
pin_num 2
31 13 0
58 7 0
Net_id 90
pin_num 2
39 45 0
19 55 0
Net_id 91
pin_num 2
38 17 0
52 1 0
Net_id 92
pin_num 2
25 55 0
28 59 0
Net_id 93
pin_num 2
6 18 0
1 15 0
Net_id 94
pin_num 2
5 30 0
2 46 0
Net_id 95
pin_num 2
32 35 0
26 35 0
Net_id 96
pin_num 2
50 44 0
44 48 0
Net_id 97
pin_num 2
24 16 0
11 16 0
Net_id 98
pin_num 2
18 6 0
3 15 0
Net_id 99
pin_num 2
14 52 0
10 30 0
Net_id 100
pin_num 2
26 40 0
18 47 0
Net_id 101
pin_num 2
36 55 0
30 47 0
Net_id 102
pin_num 2
53 39 0
36 16 0
Net_id 103
pin_num 2
21 19 0
25 19 0
Net_id 104
pin_num 2
45 40 0
25 50 0
Net_id 105
pin_num 2
21 48 0
36 41 0
Net_id 106
pin_num 2
52 58 0
51 56 0
Net_id 107
pin_num 2
50 13 0
57 21 0
Net_id 108
pin_num 2
28 5 0
50 9 0
Net_id 109
pin_num 2
40 20 0
26 34 0
Net_id 110
pin_num 2
10 15 0
14 15 0
Net_id 111
pin_num 2
50 8 0
57 22 0
Net_id 112
pin_num 2
7 10 0
56 1 0
Net_id 113
pin_num 2
58 26 0
51 37 0
Net_id 114
pin_num 2
10 36 0
3 21 0
Net_id 115
pin_num 2
54 55 0
59 51 0
Net_id 116
pin_num 2
33 2 0
36 8 0
Net_id 117
pin_num 2
58 50 0
54 53 0
Net_id 118
pin_num 2
51 34 0
59 28 0
Net_id 119
pin_num 2
13 38 0
12 46 0
Net_id 120
pin_num 2
15 29 0
21 29 0
Net_id 121
pin_num 2
8 3 0
32 10 0
Net_id 122
pin_num 2
33 47 0
49 55 0
Net_id 123
pin_num 2
54 30 0
51 35 0
Net_id 124
pin_num 2
6 55 0
4 58 0
Net_id 125
pin_num 2
54 25 0
45 39 0
Net_id 126
pin_num 2
55 50 0
57 44 0
Net_id 127
pin_num 2
51 53 0
56 54 0
Net_id 128
pin_num 2
55 38 0
51 29 0
Net_id 129
pin_num 2
48 51 0
36 39 0
Net_id 130
pin_num 2
32 30 0
22 18 0
Net_id 131
pin_num 2
21 22 0
2 5 0
Net_id 132
pin_num 2
27 19 0
32 20 0
Net_id 133
pin_num 2
59 11 0
14 29 0
Net_id 134
pin_num 2
53 0 0
47 18 0
Net_id 135
pin_num 2
53 46 0
57 56 0
Net_id 136
pin_num 2
26 28 0
40 49 0
Net_id 137
pin_num 2
36 54 0
32 54 0
Net_id 138
pin_num 2
14 20 0
9 20 0
Net_id 139
pin_num 2
13 3 0
18 13 0
Net_id 140
pin_num 2
34 52 0
27 30 0
Net_id 141
pin_num 2
52 35 0
59 45 0
Net_id 142
pin_num 2
40 10 0
35 13 0
Net_id 143
pin_num 2
24 24 0
26 27 0
Net_id 144
pin_num 2
24 52 0
7 29 0
Net_id 145
pin_num 2
58 2 0
58 1 0
Net_id 146
pin_num 2
57 3 0
42 16 0
Net_id 147
pin_num 2
16 35 0
11 30 0
Net_id 148
pin_num 2
56 14 0
50 24 0
Net_id 149
pin_num 2
22 15 0
26 13 0
Net_id 150
pin_num 2
10 5 0
18 5 0
Net_id 151
pin_num 2
42 41 0
51 21 0
Net_id 152
pin_num 2
9 54 0
34 48 0
Net_id 153
pin_num 2
31 39 0
8 45 0
Net_id 154
pin_num 2
15 7 0
10 7 0
Net_id 155
pin_num 2
10 49 0
21 36 0
Net_id 156
pin_num 2
28 51 0
12 56 0
Net_id 157
pin_num 2
27 11 0
21 18 0
Net_id 158
pin_num 2
3 46 0
6 58 0
Net_id 159
pin_num 2
28 26 0
2 41 0
Net_id 160
pin_num 2
7 12 0
18 30 0
Net_id 161
pin_num 2
40 8 0
12 1 0
