Width 60
Height 60
Layer 6
Total_WL 6644
Obstacle_num 144
30 28 0 33 29 0
16 20 0 22 21 0
41 29 0 51 30 0
24 7 0 34 8 0
25 56 0 35 57 0
18 18 0 24 19 0
2 13 0 12 14 0
38 35 0 46 36 0
26 44 0 31 45 0
50 30 0 56 31 0
20 48 0 30 49 0
30 6 0 37 7 0
33 39 0 42 40 0
7 28 0 15 29 0
25 41 0 32 42 0
17 52 0 20 53 0
41 38 0 48 39 0
16 57 0 26 58 0
2 24 0 11 25 0
0 49 0 5 50 0
5 9 0 10 10 0
4 11 0 8 12 0
34 44 0 38 45 0
46 14 0 54 15 0
35 13 1 36 16 1
6 37 1 7 45 1
23 51 1 24 58 1
0 23 1 1 33 1
8 21 1 9 25 1
2 48 1 3 58 1
31 16 1 32 26 1
21 10 1 22 17 1
45 35 1 46 41 1
26 44 1 27 48 1
12 15 1 13 20 1
20 22 1 21 30 1
13 18 1 14 26 1
57 45 1 58 49 1
4 15 1 5 24 1
11 47 1 12 52 1
17 46 1 18 55 1
34 36 1 35 43 1
3 45 1 4 51 1
51 13 1 52 19 1
19 11 1 20 20 1
45 10 1 46 17 1
58 1 1 59 5 1
52 39 1 53 46 1
14 10 2 17 11 2
33 34 2 38 35 2
43 27 2 53 28 2
40 41 2 46 42 2
18 50 2 25 51 2
44 18 2 53 19 2
3 34 2 11 35 2
21 14 2 24 15 2
21 16 2 28 17 2
36 1 2 45 2 2
8 29 2 16 30 2
15 3 2 21 4 2
25 40 2 31 41 2
33 8 2 36 9 2
34 16 2 37 17 2
28 35 2 31 36 2
34 23 2 40 24 2
22 32 2 30 33 2
34 51 2 38 52 2
22 9 2 28 10 2
23 3 2 27 4 2
42 20 2 50 21 2
12 38 2 21 39 2
37 8 2 47 9 2
0 31 3 1 37 3
0 11 3 1 20 3
20 37 3 21 45 3
26 15 3 27 25 3
58 23 3 59 27 3
44 25 3 45 33 3
13 21 3 14 28 3
14 17 3 15 25 3
16 20 3 17 25 3
51 6 3 52 9 3
49 16 3 50 22 3
9 3 3 10 12 3
6 21 3 7 26 3
21 13 3 22 21 3
2 13 3 3 22 3
36 16 3 37 21 3
19 37 3 20 40 3
0 22 3 1 27 3
19 46 3 20 55 3
21 4 3 22 8 3
5 9 3 6 15 3
14 25 3 15 34 3
42 8 3 43 16 3
35 29 3 36 33 3
22 51 4 28 52 4
3 19 4 9 20 4
25 5 4 32 6 4
5 8 4 13 9 4
23 19 4 30 20 4
37 30 4 46 31 4
7 48 4 16 49 4
39 41 4 42 42 4
6 5 4 11 6 4
18 49 4 21 50 4
19 13 4 22 14 4
28 22 4 34 23 4
19 44 4 24 45 4
2 37 4 9 38 4
3 29 4 8 30 4
31 47 4 35 48 4
26 8 4 34 9 4
48 23 4 58 24 4
39 54 4 48 55 4
24 6 4 27 7 4
27 32 4 35 33 4
16 17 4 22 18 4
44 36 4 52 37 4
44 14 4 48 15 4
58 26 5 59 30 5
4 23 5 5 29 5
40 16 5 41 26 5
7 8 5 8 17 5
13 27 5 14 34 5
6 33 5 7 36 5
0 35 5 1 45 5
46 25 5 47 30 5
4 13 5 5 16 5
14 10 5 15 18 5
5 20 5 6 27 5
57 28 5 58 33 5
24 42 5 25 46 5
38 16 5 39 21 5
7 41 5 8 47 5
40 43 5 41 49 5
17 51 5 18 54 5
18 31 5 19 37 5
49 3 5 50 6 5
2 12 5 3 19 5
45 26 5 46 35 5
52 55 5 53 58 5
33 32 5 34 41 5
17 17 5 18 27 5
Net_num 162
Net_id 0
pin_num 5
1 21 0
21 23 0
14 22 0
9 20 0
12 43 0
Net_id 1
pin_num 5
34 2 0
32 3 0
34 14 0
43 9 0
42 7 0
Net_id 2
pin_num 5
9 56 0
17 45 0
1 59 0
7 46 0
6 55 0
Net_id 3
pin_num 5
2 43 0
11 35 0
0 45 0
18 38 0
2 32 0
Net_id 4
pin_num 5
34 11 0
30 8 0
54 8 0
47 27 0
26 13 0
Net_id 5
pin_num 5
5 0 0
1 3 0
0 1 0
7 0 0
6 12 0
Net_id 6
pin_num 5
42 31 0
27 29 0
38 34 0
27 34 0
9 30 0
Net_id 7
pin_num 5
16 21 0
16 18 0
0 17 0
4 17 0
16 41 0
Net_id 8
pin_num 5
27 9 0
29 8 0
18 9 0
19 4 0
18 0 0
Net_id 9
pin_num 5
57 48 0
49 50 0
33 48 0
30 50 0
49 46 0
Net_id 10
pin_num 5
8 1 0
18 4 0
3 2 0
6 14 0
37 2 0
Net_id 11
pin_num 5
42 56 0
44 52 0
51 59 0
24 56 0
51 50 0
Net_id 12
pin_num 5
58 47 0
44 45 0
50 39 0
56 42 0
41 59 0
Net_id 13
pin_num 5
52 6 0
48 17 0
32 14 0
59 8 0
33 10 0
Net_id 14
pin_num 5
59 3 0
57 2 0
47 0 0
50 21 0
30 21 0
Net_id 15
pin_num 5
38 27 0
19 24 0
42 24 0
27 3 0
40 10 0
Net_id 16
pin_num 5
38 59 0
44 49 0
30 49 0
22 59 0
36 33 0
Net_id 17
pin_num 5
18 3 0
15 11 0
16 17 0
13 10 0
13 15 0
Net_id 18
pin_num 5
58 41 0
58 38 0
58 31 0
40 38 0
58 9 0
Net_id 19
pin_num 5
23 32 0
18 28 0
15 25 0
26 29 0
26 31 0
Net_id 20
pin_num 5
25 2 0
28 1 0
28 8 0
17 0 0
26 20 0
Net_id 21
pin_num 4
33 43 0
24 43 0
28 22 0
28 51 0
Net_id 22
pin_num 4
51 40 0
59 39 0
56 59 0
41 58 0
Net_id 23
pin_num 4
45 11 0
59 17 0
56 19 0
59 4 0
Net_id 24
pin_num 4
20 7 0
17 9 0
9 7 0
17 31 0
Net_id 25
pin_num 4
57 14 0
48 19 0
46 0 0
59 28 0
Net_id 26
pin_num 4
56 5 0
49 15 0
57 16 0
53 22 0
Net_id 27
pin_num 4
0 9 0
1 10 0
14 5 0
0 20 0
Net_id 28
pin_num 4
56 30 0
59 37 0
37 37 0
55 59 0
Net_id 29
pin_num 4
48 53 0
57 51 0
54 49 0
47 58 0
Net_id 30
pin_num 4
23 7 0
9 2 0
11 6 0
8 3 0
Net_id 31
pin_num 4
1 14 0
1 16 0
5 23 0
1 36 0
Net_id 32
pin_num 4
48 39 0
42 40 0
31 44 0
35 38 0
Net_id 33
pin_num 4
10 8 0
19 2 0
7 4 0
18 16 0
Net_id 34
pin_num 4
59 52 0
52 54 0
57 38 0
45 49 0
Net_id 35
pin_num 4
5 50 0
1 50 0
8 37 0
23 50 0
Net_id 36
pin_num 4
54 20 0
57 18 0
42 18 0
55 23 0
Net_id 37
pin_num 4
16 45 0
14 48 0
40 47 0
22 52 0
Net_id 38
pin_num 4
26 12 0
12 9 0
14 1 0
18 19 0
Net_id 39
pin_num 4
9 40 0
2 39 0
13 39 0
7 21 0
Net_id 40
pin_num 4
30 12 0
27 15 0
31 10 0
39 16 0
Net_id 41
pin_num 3
49 45 0
48 41 0
45 32 0
Net_id 42
pin_num 3
0 52 0
12 49 0
23 51 0
Net_id 43
pin_num 3
4 5 0
14 3 0
35 0 0
Net_id 44
pin_num 3
43 34 0
33 33 0
57 35 0
Net_id 45
pin_num 3
20 42 0
5 47 0
3 19 0
Net_id 46
pin_num 3
3 22 0
3 11 0
26 8 0
Net_id 47
pin_num 3
38 43 0
46 46 0
34 54 0
Net_id 48
pin_num 3
6 29 0
1 33 0
11 31 0
Net_id 49
pin_num 3
28 53 0
20 53 0
7 59 0
Net_id 50
pin_num 3
32 38 0
10 47 0
0 53 0
Net_id 51
pin_num 3
16 31 0
12 39 0
30 37 0
Net_id 52
pin_num 3
45 2 0
32 4 0
36 11 0
Net_id 53
pin_num 3
21 17 0
6 30 0
8 52 0
Net_id 54
pin_num 3
33 17 0
53 23 0
53 34 0
Net_id 55
pin_num 3
48 32 0
50 35 0
48 55 0
Net_id 56
pin_num 3
16 46 0
35 36 0
58 58 0
Net_id 57
pin_num 3
59 59 0
53 51 0
50 58 0
Net_id 58
pin_num 3
8 31 0
12 44 0
10 12 0
Net_id 59
pin_num 3
2 54 0
0 50 0
11 53 0
Net_id 60
pin_num 3
39 14 0
51 2 0
40 37 0
Net_id 61
pin_num 3
30 35 0
22 38 0
13 36 0
Net_id 62
pin_num 3
45 0 0
22 3 0
10 6 0
Net_id 63
pin_num 3
36 53 0
11 58 0
14 44 0
Net_id 64
pin_num 3
2 42 0
1 15 0
7 41 0
Net_id 65
pin_num 3
53 26 0
59 26 0
55 41 0
Net_id 66
pin_num 3
13 56 0
9 52 0
27 50 0
Net_id 67
pin_num 3
52 44 0
57 49 0
57 43 0
Net_id 68
pin_num 3
24 20 0
21 21 0
3 41 0
Net_id 69
pin_num 3
24 28 0
11 24 0
8 30 0
Net_id 70
pin_num 3
17 24 0
12 25 0
5 28 0
Net_id 71
pin_num 3
23 21 0
22 6 0
28 16 0
Net_id 72
pin_num 3
22 28 0
15 17 0
1 37 0
Net_id 73
pin_num 3
35 46 0
42 25 0
59 22 0
Net_id 74
pin_num 3
25 5 0
28 10 0
59 6 0
Net_id 75
pin_num 3
16 27 0
2 23 0
3 15 0
Net_id 76
pin_num 3
19 15 0
25 14 0
7 10 0
Net_id 77
pin_num 3
54 22 0
52 16 0
49 25 0
Net_id 78
pin_num 3
17 2 0
7 1 0
1 13 0
Net_id 79
pin_num 3
45 51 0
56 41 0
48 44 0
Net_id 80
pin_num 2
55 8 0
59 9 0
Net_id 81
pin_num 2
18 39 0
14 43 0
Net_id 82
pin_num 2
43 26 0
19 40 0
Net_id 83
pin_num 2
50 20 0
56 9 0
Net_id 84
pin_num 2
1 25 0
19 21 0
Net_id 85
pin_num 2
36 7 0
35 10 0
Net_id 86
pin_num 2
18 13 0
1 6 0
Net_id 87
pin_num 2
44 55 0
39 55 0
Net_id 88
pin_num 2
48 40 0
49 36 0
Net_id 89
pin_num 2
53 28 0
51 43 0
Net_id 90
pin_num 2
48 23 0
39 20 0
Net_id 91
pin_num 2
53 31 0
29 28 0
Net_id 92
pin_num 2
29 51 0
32 26 0
Net_id 93
pin_num 2
6 6 0
10 9 0
Net_id 94
pin_num 2
50 57 0
59 29 0
Net_id 95
pin_num 2
9 35 0
20 38 0
Net_id 96
pin_num 2
39 3 0
20 16 0
Net_id 97
pin_num 2
24 36 0
17 33 0
Net_id 98
pin_num 2
59 55 0
38 47 0
Net_id 99
pin_num 2
45 25 0
48 20 0
Net_id 100
pin_num 2
51 23 0
43 36 0
Net_id 101
pin_num 2
23 23 0
11 9 0
Net_id 102
pin_num 2
58 1 0
41 12 0
Net_id 103
pin_num 2
51 10 0
56 6 0
Net_id 104
pin_num 2
5 58 0
19 45 0
Net_id 105
pin_num 2
15 33 0
10 44 0
Net_id 106
pin_num 2
33 52 0
39 57 0
Net_id 107
pin_num 2
31 12 0
39 6 0
Net_id 108
pin_num 2
36 55 0
43 40 0
Net_id 109
pin_num 2
49 2 0
50 4 0
Net_id 110
pin_num 2
56 36 0
37 26 0
Net_id 111
pin_num 2
48 54 0
46 59 0
Net_id 112
pin_num 2
36 10 0
45 3 0
Net_id 113
pin_num 2
2 4 0
9 25 0
Net_id 114
pin_num 2
37 0 0
44 4 0
Net_id 115
pin_num 2
8 33 0
10 34 0
Net_id 116
pin_num 2
38 53 0
57 34 0
Net_id 117
pin_num 2
28 39 0
41 52 0
Net_id 118
pin_num 2
5 57 0
12 54 0
Net_id 119
pin_num 2
49 54 0
58 54 0
Net_id 120
pin_num 2
17 28 0
15 34 0
Net_id 121
pin_num 2
57 21 0
54 39 0
Net_id 122
pin_num 2
33 38 0
41 27 0
Net_id 123
pin_num 2
37 16 0
15 20 0
Net_id 124
pin_num 2
2 48 0
3 52 0
Net_id 125
pin_num 2
52 23 0
31 52 0
Net_id 126
pin_num 2
47 59 0
53 42 0
Net_id 127
pin_num 2
8 53 0
11 56 0
Net_id 128
pin_num 2
35 33 0
31 37 0
Net_id 129
pin_num 2
25 49 0
30 47 0
Net_id 130
pin_num 2
37 5 0
15 12 0
Net_id 131
pin_num 2
5 53 0
9 45 0
Net_id 132
pin_num 2
14 4 0
24 11 0
Net_id 133
pin_num 2
40 18 0
36 15 0
Net_id 134
pin_num 2
32 37 0
36 37 0
Net_id 135
pin_num 2
4 8 0
4 26 0
Net_id 136
pin_num 2
28 40 0
42 36 0
Net_id 137
pin_num 2
6 27 0
20 21 0
Net_id 138
pin_num 2
57 4 0
38 11 0
Net_id 139
pin_num 2
2 31 0
4 37 0
Net_id 140
pin_num 2
57 54 0
35 47 0
Net_id 141
pin_num 2
55 34 0
54 41 0
Net_id 142
pin_num 2
36 28 0
44 12 0
Net_id 143
pin_num 2
38 40 0
23 28 0
Net_id 144
pin_num 2
14 29 0
9 32 0
Net_id 145
pin_num 2
59 56 0
45 57 0
Net_id 146
pin_num 2
27 28 0
25 31 0
Net_id 147
pin_num 2
26 34 0
22 31 0
Net_id 148
pin_num 2
20 3 0
35 18 0
Net_id 149
pin_num 2
22 4 0
36 12 0
Net_id 150
pin_num 2
43 32 0
31 32 0
Net_id 151
pin_num 2
27 6 0
15 0 0
Net_id 152
pin_num 2
21 34 0
17 43 0
Net_id 153
pin_num 2
46 5 0
40 3 0
Net_id 154
pin_num 2
47 45 0
30 52 0
Net_id 155
pin_num 2
42 6 0
28 18 0
Net_id 156
pin_num 2
46 6 0
43 14 0
Net_id 157
pin_num 2
11 16 0
25 33 0
Net_id 158
pin_num 2
8 15 0
20 11 0
Net_id 159
pin_num 2
35 25 0
29 24 0
Net_id 160
pin_num 2
52 19 0
48 5 0
Net_id 161
pin_num 2
50 9 0
56 3 0
