Width 60
Height 60
Layer 6
Total_WL 7013
Obstacle_num 144
20 0 0 27 1 0
28 6 0 31 7 0
7 2 0 15 3 0
38 49 0 45 50 0
18 43 0 24 44 0
12 39 0 15 40 0
35 26 0 42 27 0
34 57 0 40 58 0
1 35 0 7 36 0
10 14 0 18 15 0
9 40 0 17 41 0
30 40 0 39 41 0
38 9 0 44 10 0
5 37 0 13 38 0
45 23 0 48 24 0
34 14 0 39 15 0
37 39 0 46 40 0
18 5 0 27 6 0
28 23 0 33 24 0
17 12 0 22 13 0
42 1 0 48 2 0
0 56 0 10 57 0
32 11 0 38 12 0
42 22 0 52 23 0
30 31 1 31 34 1
44 34 1 45 37 1
28 30 1 29 35 1
10 12 1 11 18 1
58 33 1 59 37 1
23 3 1 24 13 1
17 34 1 18 38 1
51 4 1 52 8 1
34 8 1 35 16 1
33 34 1 34 43 1
0 18 1 1 23 1
19 10 1 20 14 1
37 37 1 38 47 1
44 6 1 45 14 1
30 53 1 31 56 1
39 32 1 40 36 1
43 8 1 44 17 1
36 50 1 37 53 1
4 5 1 5 12 1
27 26 1 28 34 1
10 52 1 11 56 1
54 34 1 55 39 1
14 24 1 15 33 1
35 9 1 36 19 1
14 22 2 20 23 2
45 15 2 53 16 2
18 11 2 25 12 2
26 17 2 29 18 2
43 56 2 48 57 2
28 57 2 38 58 2
10 2 2 16 3 2
25 40 2 28 41 2
32 30 2 35 31 2
37 25 2 42 26 2
23 34 2 32 35 2
42 55 2 47 56 2
50 34 2 59 35 2
1 17 2 5 18 2
13 21 2 16 22 2
29 50 2 32 51 2
45 0 2 51 1 2
4 42 2 10 43 2
17 38 2 22 39 2
52 17 2 57 18 2
27 47 2 34 48 2
8 58 2 16 59 2
44 12 2 47 13 2
28 58 2 32 59 2
48 44 3 49 49 3
24 20 3 25 25 3
23 8 3 24 14 3
23 47 3 24 51 3
33 7 3 34 15 3
33 39 3 34 47 3
40 33 3 41 41 3
38 44 3 39 49 3
57 23 3 58 32 3
5 9 3 6 19 3
46 35 3 47 42 3
52 1 3 53 11 3
45 54 3 46 58 3
54 0 3 55 4 3
10 11 3 11 18 3
51 47 3 52 52 3
25 47 3 26 53 3
51 35 3 52 38 3
38 21 3 39 30 3
35 24 3 36 27 3
14 27 3 15 34 3
36 21 3 37 28 3
20 40 3 21 47 3
16 36 3 17 40 3
30 57 4 33 58 4
32 34 4 36 35 4
45 12 4 50 13 4
38 53 4 41 54 4
13 13 4 16 14 4
38 19 4 46 20 4
44 7 4 52 8 4
22 58 4 27 59 4
21 48 4 27 49 4
50 27 4 53 28 4
28 29 4 31 30 4
55 32 4 59 33 4
33 56 4 39 57 4
34 25 4 38 26 4
47 18 4 53 19 4
37 27 4 47 28 4
46 34 4 56 35 4
44 4 4 48 5 4
43 15 4 46 16 4
38 18 4 42 19 4
13 22 4 19 23 4
41 35 4 50 36 4
29 36 4 38 37 4
2 51 4 10 52 4
14 44 5 15 54 5
34 49 5 35 53 5
42 35 5 43 40 5
38 14 5 39 22 5
39 19 5 40 28 5
9 9 5 10 14 5
48 16 5 49 25 5
13 14 5 14 20 5
39 12 5 40 16 5
8 17 5 9 26 5
1 5 5 2 10 5
33 1 5 34 8 5
6 50 5 7 53 5
37 2 5 38 9 5
36 46 5 37 52 5
4 27 5 5 30 5
31 42 5 32 52 5
30 31 5 31 35 5
0 17 5 1 27 5
13 24 5 14 34 5
48 31 5 49 37 5
55 17 5 56 22 5
37 21 5 38 27 5
30 7 5 31 17 5
Net_num 159
Net_id 0
pin_num 5
8 47 0
0 42 0
3 30 0
0 59 0
15 39 0
Net_id 1
pin_num 5
39 16 0
22 16 0
23 21 0
29 24 0
23 13 0
Net_id 2
pin_num 5
42 5 0
57 9 0
53 0 0
46 19 0
57 30 0
Net_id 3
pin_num 5
49 12 0
43 17 0
47 30 0
51 9 0
48 0 0
Net_id 4
pin_num 5
31 46 0
35 59 0
22 52 0
27 56 0
34 55 0
Net_id 5
pin_num 5
11 4 0
18 1 0
38 1 0
32 0 0
18 13 0
Net_id 6
pin_num 5
11 59 0
23 51 0
24 49 0
19 42 0
10 59 0
Net_id 7
pin_num 5
23 54 0
37 55 0
34 48 0
42 48 0
35 56 0
Net_id 8
pin_num 5
24 17 0
14 17 0
22 28 0
37 20 0
33 9 0
Net_id 9
pin_num 5
31 51 0
32 56 0
43 58 0
21 50 0
33 53 0
Net_id 10
pin_num 5
42 35 0
37 29 0
40 24 0
54 31 0
17 31 0
Net_id 11
pin_num 5
25 44 0
23 34 0
40 37 0
16 53 0
17 45 0
Net_id 12
pin_num 5
29 26 0
17 21 0
3 23 0
19 26 0
20 10 0
Net_id 13
pin_num 5
33 5 0
41 1 0
37 10 0
19 0 0
45 3 0
Net_id 14
pin_num 5
55 55 0
41 55 0
45 32 0
59 51 0
52 33 0
Net_id 15
pin_num 5
23 36 0
19 36 0
21 25 0
22 38 0
36 25 0
Net_id 16
pin_num 5
15 10 0
22 12 0
36 12 0
36 24 0
36 3 0
Net_id 17
pin_num 5
25 17 0
32 8 0
38 11 0
29 10 0
57 11 0
Net_id 18
pin_num 4
26 28 0
19 37 0
22 44 0
14 51 0
Net_id 19
pin_num 4
8 51 0
20 49 0
10 34 0
17 26 0
Net_id 20
pin_num 4
40 22 0
34 32 0
40 1 0
50 14 0
Net_id 21
pin_num 4
26 32 0
20 37 0
9 33 0
25 39 0
Net_id 22
pin_num 4
51 8 0
58 8 0
52 27 0
38 6 0
Net_id 23
pin_num 4
44 35 0
43 23 0
27 27 0
42 8 0
Net_id 24
pin_num 4
39 54 0
37 51 0
55 53 0
35 34 0
Net_id 25
pin_num 4
12 46 0
21 45 0
9 59 0
20 48 0
Net_id 26
pin_num 4
42 0 0
34 18 0
43 0 0
53 4 0
Net_id 27
pin_num 4
4 24 0
16 15 0
16 29 0
13 12 0
Net_id 28
pin_num 4
10 45 0
22 54 0
19 41 0
26 48 0
Net_id 29
pin_num 4
41 4 0
54 2 0
59 8 0
30 4 0
Net_id 30
pin_num 4
4 49 0
1 51 0
4 59 0
2 51 0
Net_id 31
pin_num 4
18 19 0
38 20 0
12 17 0
18 24 0
Net_id 32
pin_num 4
44 8 0
50 12 0
48 29 0
32 10 0
Net_id 33
pin_num 4
24 18 0
33 23 0
25 27 0
32 35 0
Net_id 34
pin_num 4
30 43 0
9 45 0
22 57 0
0 34 0
Net_id 35
pin_num 4
7 38 0
16 38 0
4 41 0
6 18 0
Net_id 36
pin_num 4
58 7 0
55 6 0
35 7 0
31 6 0
Net_id 37
pin_num 3
25 58 0
40 56 0
48 59 0
Net_id 38
pin_num 3
33 30 0
43 30 0
41 13 0
Net_id 39
pin_num 3
57 10 0
40 19 0
41 8 0
Net_id 40
pin_num 3
15 32 0
29 30 0
1 42 0
Net_id 41
pin_num 3
2 4 0
17 9 0
51 0 0
Net_id 42
pin_num 3
3 51 0
8 48 0
18 36 0
Net_id 43
pin_num 3
6 22 0
2 9 0
0 7 0
Net_id 44
pin_num 3
48 46 0
54 57 0
50 52 0
Net_id 45
pin_num 3
40 32 0
59 40 0
25 15 0
Net_id 46
pin_num 3
59 20 0
49 36 0
59 36 0
Net_id 47
pin_num 3
16 26 0
1 20 0
9 22 0
Net_id 48
pin_num 3
13 9 0
27 21 0
39 15 0
Net_id 49
pin_num 3
15 24 0
9 14 0
1 2 0
Net_id 50
pin_num 3
31 2 0
20 7 0
34 1 0
Net_id 51
pin_num 3
41 24 0
57 33 0
57 58 0
Net_id 52
pin_num 3
28 11 0
42 2 0
6 0 0
Net_id 53
pin_num 3
44 45 0
58 47 0
23 45 0
Net_id 54
pin_num 3
15 1 0
18 8 0
28 7 0
Net_id 55
pin_num 3
46 17 0
47 2 0
34 0 0
Net_id 56
pin_num 3
14 35 0
26 49 0
21 15 0
Net_id 57
pin_num 3
8 7 0
2 18 0
3 27 0
Net_id 58
pin_num 3
5 17 0
6 40 0
16 19 0
Net_id 59
pin_num 3
46 49 0
59 48 0
50 18 0
Net_id 60
pin_num 3
44 44 0
26 46 0
18 56 0
Net_id 61
pin_num 3
32 52 0
18 57 0
40 54 0
Net_id 62
pin_num 3
29 8 0
33 21 0
26 1 0
Net_id 63
pin_num 3
26 20 0
38 2 0
37 28 0
Net_id 64
pin_num 3
2 27 0
1 28 0
4 33 0
Net_id 65
pin_num 3
44 57 0
49 47 0
56 55 0
Net_id 66
pin_num 3
17 16 0
8 12 0
17 19 0
Net_id 67
pin_num 3
56 12 0
59 22 0
50 50 0
Net_id 68
pin_num 3
0 29 0
8 45 0
4 58 0
Net_id 69
pin_num 3
34 41 0
20 40 0
2 48 0
Net_id 70
pin_num 3
33 43 0
43 46 0
47 54 0
Net_id 71
pin_num 3
49 27 0
51 31 0
56 6 0
Net_id 72
pin_num 3
36 20 0
31 14 0
29 38 0
Net_id 73
pin_num 3
39 52 0
54 56 0
58 56 0
Net_id 74
pin_num 3
58 59 0
44 56 0
37 56 0
Net_id 75
pin_num 2
57 5 0
50 13 0
Net_id 76
pin_num 2
26 24 0
18 26 0
Net_id 77
pin_num 2
8 14 0
4 1 0
Net_id 78
pin_num 2
37 8 0
29 0 0
Net_id 79
pin_num 2
33 33 0
26 41 0
Net_id 80
pin_num 2
40 55 0
12 49 0
Net_id 81
pin_num 2
59 39 0
49 50 0
Net_id 82
pin_num 2
1 44 0
21 42 0
Net_id 83
pin_num 2
28 13 0
46 3 0
Net_id 84
pin_num 2
55 41 0
47 48 0
Net_id 85
pin_num 2
45 43 0
55 43 0
Net_id 86
pin_num 2
41 23 0
24 3 0
Net_id 87
pin_num 2
58 50 0
42 37 0
Net_id 88
pin_num 2
37 21 0
27 39 0
Net_id 89
pin_num 2
4 18 0
8 1 0
Net_id 90
pin_num 2
19 14 0
24 14 0
Net_id 91
pin_num 2
27 8 0
31 3 0
Net_id 92
pin_num 2
10 22 0
13 13 0
Net_id 93
pin_num 2
17 56 0
1 43 0
Net_id 94
pin_num 2
46 38 0
47 52 0
Net_id 95
pin_num 2
51 41 0
41 41 0
Net_id 96
pin_num 2
9 28 0
8 25 0
Net_id 97
pin_num 2
4 7 0
2 3 0
Net_id 98
pin_num 2
30 35 0
15 57 0
Net_id 99
pin_num 2
16 16 0
11 18 0
Net_id 100
pin_num 2
27 23 0
7 18 0
Net_id 101
pin_num 2
40 6 0
14 41 0
Net_id 102
pin_num 2
26 50 0
35 41 0
Net_id 103
pin_num 2
48 51 0
59 50 0
Net_id 104
pin_num 2
59 47 0
52 56 0
Net_id 105
pin_num 2
9 1 0
19 24 0
Net_id 106
pin_num 2
4 57 0
22 58 0
Net_id 107
pin_num 2
30 46 0
23 30 0
Net_id 108
pin_num 2
45 35 0
54 20 0
Net_id 109
pin_num 2
46 52 0
41 56 0
Net_id 110
pin_num 2
32 32 0
39 24 0
Net_id 111
pin_num 2
42 34 0
30 21 0
Net_id 112
pin_num 2
41 43 0
49 16 0
Net_id 113
pin_num 2
18 55 0
6 59 0
Net_id 114
pin_num 2
1 34 0
7 22 0
Net_id 115
pin_num 2
42 54 0
58 48 0
Net_id 116
pin_num 2
42 46 0
30 7 0
Net_id 117
pin_num 2
48 2 0
58 10 0
Net_id 118
pin_num 2
13 22 0
27 22 0
Net_id 119
pin_num 2
50 17 0
45 29 0
Net_id 120
pin_num 2
38 8 0
40 12 0
Net_id 121
pin_num 2
44 12 0
27 9 0
Net_id 122
pin_num 2
10 7 0
14 7 0
Net_id 123
pin_num 2
26 40 0
30 30 0
Net_id 124
pin_num 2
13 41 0
5 42 0
Net_id 125
pin_num 2
28 40 0
33 48 0
Net_id 126
pin_num 2
52 17 0
43 36 0
Net_id 127
pin_num 2
15 28 0
27 46 0
Net_id 128
pin_num 2
58 35 0
50 19 0
Net_id 129
pin_num 2
10 31 0
17 18 0
Net_id 130
pin_num 2
33 12 0
22 15 0
Net_id 131
pin_num 2
21 47 0
8 46 0
Net_id 132
pin_num 2
51 42 0
40 47 0
Net_id 133
pin_num 2
13 50 0
12 52 0
Net_id 134
pin_num 2
19 25 0
10 25 0
Net_id 135
pin_num 2
15 37 0
3 48 0
Net_id 136
pin_num 2
53 37 0
44 43 0
Net_id 137
pin_num 2
58 4 0
52 3 0
Net_id 138
pin_num 2
27 3 0
4 14 0
Net_id 139
pin_num 2
46 29 0
46 21 0
Net_id 140
pin_num 2
44 25 0
56 5 0
Net_id 141
pin_num 2
14 30 0
34 47 0
Net_id 142
pin_num 2
39 17 0
50 3 0
Net_id 143
pin_num 2
57 41 0
44 42 0
Net_id 144
pin_num 2
35 13 0
53 25 0
Net_id 145
pin_num 2
58 13 0
53 13 0
Net_id 146
pin_num 2
9 11 0
14 3 0
Net_id 147
pin_num 2
58 38 0
45 28 0
Net_id 148
pin_num 2
39 21 0
49 54 0
Net_id 149
pin_num 2
24 10 0
4 36 0
Net_id 150
pin_num 2
24 28 0
27 35 0
Net_id 151
pin_num 2
6 20 0
3 19 0
Net_id 152
pin_num 2
28 55 0
38 52 0
Net_id 153
pin_num 2
47 50 0
14 15 0
Net_id 154
pin_num 2
5 11 0
6 10 0
Net_id 155
pin_num 2
58 0 0
42 17 0
Net_id 156
pin_num 2
53 19 0
59 11 0
Net_id 157
pin_num 2
4 19 0
14 36 0
Net_id 158
pin_num 2
49 37 0
43 38 0
