Width 60
Height 60
Layer 6
Total_WL 7033
Obstacle_num 144
6 49 0 15 50 0
9 41 0 18 42 0
9 25 0 19 26 0
40 46 0 50 47 0
48 33 0 51 34 0
47 10 0 52 11 0
42 42 0 47 43 0
2 47 0 7 48 0
19 32 0 22 33 0
3 34 0 9 35 0
36 20 0 39 21 0
14 39 0 23 40 0
6 28 0 15 29 0
47 5 0 54 6 0
6 2 0 11 3 0
35 32 0 39 33 0
44 52 0 52 53 0
32 9 0 41 10 0
39 41 0 46 42 0
21 13 0 27 14 0
6 24 0 15 25 0
35 49 0 44 50 0
47 16 0 52 17 0
23 39 0 33 40 0
25 25 1 26 31 1
11 40 1 12 43 1
46 1 1 47 9 1
51 6 1 52 16 1
10 35 1 11 41 1
57 13 1 58 21 1
37 22 1 38 26 1
0 40 1 1 46 1
43 18 1 44 26 1
22 52 1 23 59 1
7 38 1 8 47 1
41 42 1 42 49 1
51 40 1 52 43 1
57 37 1 58 42 1
38 10 1 39 19 1
26 6 1 27 10 1
0 29 1 1 34 1
28 26 1 29 34 1
30 51 1 31 59 1
2 19 1 3 29 1
38 37 1 39 45 1
3 45 1 4 53 1
50 21 1 51 31 1
52 7 1 53 12 1
13 37 2 21 38 2
36 5 2 42 6 2
21 40 2 30 41 2
0 40 2 9 41 2
33 13 2 39 14 2
12 38 2 17 39 2
5 5 2 10 6 2
1 35 2 10 36 2
4 42 2 10 43 2
0 4 2 10 5 2
15 10 2 25 11 2
9 31 2 14 32 2
41 36 2 50 37 2
35 49 2 41 50 2
10 35 2 18 36 2
12 27 2 15 28 2
31 19 2 37 20 2
13 1 2 20 2 2
2 10 2 10 11 2
33 43 2 40 44 2
48 56 2 54 57 2
28 22 2 37 23 2
8 39 2 18 40 2
18 36 2 26 37 2
51 37 3 52 46 3
53 27 3 54 35 3
18 46 3 19 56 3
46 3 3 47 11 3
39 5 3 40 8 3
16 25 3 17 30 3
37 17 3 38 23 3
44 41 3 45 51 3
56 45 3 57 54 3
20 36 3 21 42 3
20 4 3 21 9 3
35 37 3 36 43 3
26 44 3 27 54 3
2 36 3 3 42 3
58 15 3 59 25 3
44 4 3 45 7 3
14 19 3 15 27 3
27 20 3 28 27 3
34 22 3 35 30 3
52 54 3 53 59 3
13 12 3 14 18 3
32 40 3 33 46 3
10 52 3 11 59 3
13 20 3 14 27 3
49 4 4 56 5 4
33 7 4 36 8 4
28 28 4 34 29 4
42 33 4 50 34 4
9 21 4 16 22 4
20 11 4 29 12 4
35 5 4 44 6 4
26 31 4 30 32 4
23 44 4 28 45 4
46 46 4 49 47 4
18 15 4 25 16 4
40 57 4 47 58 4
25 42 4 30 43 4
40 41 4 49 42 4
37 0 4 45 1 4
2 43 4 6 44 4
43 4 4 46 5 4
53 38 4 58 39 4
10 48 4 16 49 4
6 11 4 11 12 4
20 9 4 29 10 4
40 1 4 48 2 4
36 9 4 43 10 4
9 57 4 14 58 4
7 8 5 8 18 5
32 29 5 33 35 5
20 7 5 21 14 5
40 52 5 41 59 5
31 1 5 32 11 5
24 13 5 25 16 5
16 11 5 17 15 5
27 28 5 28 36 5
1 54 5 2 59 5
19 7 5 20 11 5
2 22 5 3 31 5
24 30 5 25 38 5
15 6 5 16 11 5
28 16 5 29 21 5
10 43 5 11 51 5
56 11 5 57 18 5
27 45 5 28 54 5
32 50 5 33 54 5
22 32 5 23 37 5
54 34 5 55 39 5
13 16 5 14 25 5
57 24 5 58 32 5
5 40 5 6 44 5
51 48 5 52 57 5
Net_num 157
Net_id 0
pin_num 5
34 21 0
27 14 0
28 34 0
31 0 0
22 25 0
Net_id 1
pin_num 5
9 36 0
30 40 0
24 57 0
16 50 0
36 50 0
Net_id 2
pin_num 5
20 56 0
10 51 0
23 58 0
31 59 0
0 55 0
Net_id 3
pin_num 5
58 16 0
59 18 0
58 26 0
59 0 0
56 0 0
Net_id 4
pin_num 5
9 9 0
16 5 0
12 3 0
10 33 0
0 14 0
Net_id 5
pin_num 5
1 17 0
3 18 0
27 18 0
29 18 0
39 18 0
Net_id 6
pin_num 5
36 38 0
40 33 0
40 53 0
18 48 0
32 47 0
Net_id 7
pin_num 5
33 48 0
23 41 0
25 59 0
23 47 0
22 48 0
Net_id 8
pin_num 5
20 24 0
5 28 0
5 16 0
10 7 0
0 19 0
Net_id 9
pin_num 5
26 46 0
30 46 0
29 30 0
25 19 0
28 59 0
Net_id 10
pin_num 5
7 10 0
21 6 0
25 8 0
15 2 0
12 19 0
Net_id 11
pin_num 5
38 56 0
50 55 0
49 45 0
36 55 0
35 59 0
Net_id 12
pin_num 5
16 55 0
8 50 0
4 51 0
17 59 0
15 56 0
Net_id 13
pin_num 5
46 49 0
59 46 0
51 47 0
55 51 0
58 59 0
Net_id 14
pin_num 5
23 54 0
14 51 0
19 44 0
16 30 0
5 49 0
Net_id 15
pin_num 5
20 58 0
25 52 0
18 51 0
23 30 0
9 58 0
Net_id 16
pin_num 5
6 45 0
1 39 0
1 52 0
17 46 0
19 50 0
Net_id 17
pin_num 5
33 40 0
50 40 0
57 40 0
35 50 0
46 33 0
Net_id 18
pin_num 5
57 38 0
59 28 0
43 32 0
55 45 0
39 42 0
Net_id 19
pin_num 5
0 11 0
4 11 0
11 0 0
20 13 0
0 34 0
Net_id 20
pin_num 5
18 38 0
21 31 0
21 51 0
39 31 0
20 45 0
Net_id 21
pin_num 4
59 51 0
45 49 0
45 39 0
17 48 0
Net_id 22
pin_num 4
12 33 0
15 38 0
0 39 0
0 50 0
Net_id 23
pin_num 4
46 35 0
58 28 0
49 28 0
51 29 0
Net_id 24
pin_num 4
44 18 0
40 19 0
42 10 0
40 26 0
Net_id 25
pin_num 4
57 3 0
48 6 0
58 5 0
31 6 0
Net_id 26
pin_num 4
31 41 0
32 36 0
32 27 0
19 42 0
Net_id 27
pin_num 4
22 5 0
21 4 0
21 11 0
10 6 0
Net_id 28
pin_num 4
51 42 0
46 26 0
59 21 0
36 30 0
Net_id 29
pin_num 4
21 38 0
52 41 0
30 41 0
39 50 0
Net_id 30
pin_num 4
42 34 0
45 29 0
43 45 0
54 36 0
Net_id 31
pin_num 4
22 50 0
19 48 0
34 58 0
31 43 0
Net_id 32
pin_num 4
57 43 0
39 46 0
56 24 0
59 20 0
Net_id 33
pin_num 4
28 53 0
41 51 0
39 58 0
37 39 0
Net_id 34
pin_num 4
33 0 0
45 1 0
54 1 0
32 14 0
Net_id 35
pin_num 4
1 15 0
5 14 0
20 14 0
11 15 0
Net_id 36
pin_num 4
16 42 0
25 51 0
11 38 0
45 38 0
Net_id 37
pin_num 4
39 44 0
32 44 0
34 26 0
48 47 0
Net_id 38
pin_num 4
15 14 0
11 16 0
6 22 0
13 37 0
Net_id 39
pin_num 4
37 46 0
48 39 0
46 43 0
58 31 0
Net_id 40
pin_num 4
45 7 0
31 1 0
49 0 0
47 8 0
Net_id 41
pin_num 3
16 29 0
21 35 0
25 29 0
Net_id 42
pin_num 3
38 35 0
17 40 0
5 40 0
Net_id 43
pin_num 3
32 30 0
50 20 0
40 20 0
Net_id 44
pin_num 3
54 22 0
45 27 0
48 37 0
Net_id 45
pin_num 3
3 1 0
3 14 0
22 4 0
Net_id 46
pin_num 3
49 29 0
41 32 0
58 51 0
Net_id 47
pin_num 3
43 2 0
49 2 0
45 25 0
Net_id 48
pin_num 3
57 21 0
43 16 0
45 28 0
Net_id 49
pin_num 3
59 30 0
44 53 0
52 26 0
Net_id 50
pin_num 3
38 27 0
27 16 0
21 30 0
Net_id 51
pin_num 3
55 8 0
41 17 0
1 10 0
Net_id 52
pin_num 3
37 42 0
30 42 0
53 48 0
Net_id 53
pin_num 3
14 45 0
9 38 0
13 59 0
Net_id 54
pin_num 3
7 47 0
18 35 0
22 34 0
Net_id 55
pin_num 3
19 41 0
25 34 0
58 52 0
Net_id 56
pin_num 3
4 19 0
4 22 0
1 29 0
Net_id 57
pin_num 3
43 51 0
54 58 0
50 59 0
Net_id 58
pin_num 3
43 33 0
55 38 0
28 37 0
Net_id 59
pin_num 3
40 15 0
30 6 0
40 1 0
Net_id 60
pin_num 3
28 29 0
41 23 0
42 43 0
Net_id 61
pin_num 3
0 32 0
26 29 0
13 34 0
Net_id 62
pin_num 3
31 21 0
57 46 0
42 58 0
Net_id 63
pin_num 3
33 49 0
36 36 0
25 49 0
Net_id 64
pin_num 3
24 37 0
27 34 0
26 26 0
Net_id 65
pin_num 3
15 42 0
2 33 0
2 48 0
Net_id 66
pin_num 3
57 5 0
50 3 0
35 1 0
Net_id 67
pin_num 3
2 44 0
7 33 0
7 9 0
Net_id 68
pin_num 3
4 36 0
12 20 0
3 3 0
Net_id 69
pin_num 3
38 47 0
31 40 0
53 39 0
Net_id 70
pin_num 3
41 36 0
29 49 0
39 54 0
Net_id 71
pin_num 3
5 3 0
14 15 0
6 11 0
Net_id 72
pin_num 3
0 15 0
21 16 0
9 26 0
Net_id 73
pin_num 3
43 58 0
46 47 0
57 57 0
Net_id 74
pin_num 3
34 27 0
22 17 0
30 44 0
Net_id 75
pin_num 3
26 6 0
18 15 0
38 8 0
Net_id 76
pin_num 3
26 57 0
23 46 0
12 57 0
Net_id 77
pin_num 3
13 6 0
20 7 0
17 37 0
Net_id 78
pin_num 3
50 44 0
39 33 0
18 33 0
Net_id 79
pin_num 3
36 28 0
24 25 0
30 15 0
Net_id 80
pin_num 2
57 17 0
49 23 0
Net_id 81
pin_num 2
35 11 0
39 3 0
Net_id 82
pin_num 2
55 44 0
42 44 0
Net_id 83
pin_num 2
26 5 0
17 51 0
Net_id 84
pin_num 2
55 18 0
56 44 0
Net_id 85
pin_num 2
16 33 0
18 41 0
Net_id 86
pin_num 2
41 13 0
44 3 0
Net_id 87
pin_num 2
48 45 0
34 59 0
Net_id 88
pin_num 2
57 8 0
58 3 0
Net_id 89
pin_num 2
54 46 0
50 53 0
Net_id 90
pin_num 2
51 8 0
58 2 0
Net_id 91
pin_num 2
24 56 0
41 53 0
Net_id 92
pin_num 2
48 57 0
43 57 0
Net_id 93
pin_num 2
34 20 0
44 38 0
Net_id 94
pin_num 2
18 43 0
1 38 0
Net_id 95
pin_num 2
55 9 0
51 0 0
Net_id 96
pin_num 2
34 23 0
26 16 0
Net_id 97
pin_num 2
3 9 0
14 30 0
Net_id 98
pin_num 2
11 17 0
2 7 0
Net_id 99
pin_num 2
53 20 0
42 3 0
Net_id 100
pin_num 2
27 22 0
8 36 0
Net_id 101
pin_num 2
17 31 0
10 31 0
Net_id 102
pin_num 2
1 27 0
1 13 0
Net_id 103
pin_num 2
56 30 0
53 25 0
Net_id 104
pin_num 2
7 36 0
0 23 0
Net_id 105
pin_num 2
18 52 0
5 33 0
Net_id 106
pin_num 2
55 33 0
31 30 0
Net_id 107
pin_num 2
47 4 0
59 19 0
Net_id 108
pin_num 2
9 21 0
8 23 0
Net_id 109
pin_num 2
17 4 0
34 2 0
Net_id 110
pin_num 2
20 16 0
8 26 0
Net_id 111
pin_num 2
51 45 0
48 19 0
Net_id 112
pin_num 2
59 7 0
46 14 0
Net_id 113
pin_num 2
34 57 0
55 41 0
Net_id 114
pin_num 2
27 55 0
12 53 0
Net_id 115
pin_num 2
18 17 0
11 26 0
Net_id 116
pin_num 2
46 12 0
50 37 0
Net_id 117
pin_num 2
58 46 0
46 45 0
Net_id 118
pin_num 2
7 58 0
1 37 0
Net_id 119
pin_num 2
13 27 0
22 27 0
Net_id 120
pin_num 2
51 35 0
55 11 0
Net_id 121
pin_num 2
13 44 0
2 29 0
Net_id 122
pin_num 2
9 29 0
2 49 0
Net_id 123
pin_num 2
38 26 0
26 21 0
Net_id 124
pin_num 2
24 53 0
30 49 0
Net_id 125
pin_num 2
22 10 0
10 13 0
Net_id 126
pin_num 2
12 44 0
30 45 0
Net_id 127
pin_num 2
15 45 0
18 47 0
Net_id 128
pin_num 2
6 1 0
7 6 0
Net_id 129
pin_num 2
50 39 0
27 29 0
Net_id 130
pin_num 2
42 51 0
31 45 0
Net_id 131
pin_num 2
36 11 0
54 10 0
Net_id 132
pin_num 2
31 49 0
40 58 0
Net_id 133
pin_num 2
26 3 0
22 30 0
Net_id 134
pin_num 2
47 17 0
40 2 0
Net_id 135
pin_num 2
0 51 0
2 53 0
Net_id 136
pin_num 2
22 44 0
16 56 0
Net_id 137
pin_num 2
13 2 0
8 7 0
Net_id 138
pin_num 2
19 21 0
9 45 0
Net_id 139
pin_num 2
33 55 0
37 59 0
Net_id 140
pin_num 2
46 28 0
52 24 0
Net_id 141
pin_num 2
40 16 0
48 3 0
Net_id 142
pin_num 2
40 3 0
39 14 0
Net_id 143
pin_num 2
40 51 0
28 43 0
Net_id 144
pin_num 2
47 18 0
52 18 0
Net_id 145
pin_num 2
42 4 0
37 4 0
Net_id 146
pin_num 2
7 41 0
22 51 0
Net_id 147
pin_num 2
17 11 0
38 2 0
Net_id 148
pin_num 2
41 10 0
31 9 0
Net_id 149
pin_num 2
16 19 0
1 36 0
Net_id 150
pin_num 2
20 1 0
27 1 0
Net_id 151
pin_num 2
52 14 0
31 8 0
Net_id 152
pin_num 2
0 31 0
5 31 0
Net_id 153
pin_num 2
28 11 0
19 9 0
Net_id 154
pin_num 2
18 14 0
9 33 0
Net_id 155
pin_num 2
48 30 0
58 35 0
Net_id 156
pin_num 2
13 53 0
39 35 0
