Width 60
Height 60
Layer 6
Total_WL 7106
Obstacle_num 144
33 31 0 37 32 0
23 38 0 27 39 0
14 38 0 20 39 0
7 49 0 17 50 0
31 35 0 38 36 0
46 14 0 52 15 0
32 58 0 35 59 0
12 19 0 20 20 0
13 55 0 21 56 0
33 46 0 40 47 0
24 30 0 32 31 0
37 22 0 45 23 0
30 23 0 34 24 0
25 44 0 35 45 0
3 5 0 10 6 0
11 10 0 19 11 0
30 51 0 39 52 0
14 30 0 21 31 0
7 16 0 17 17 0
43 34 0 47 35 0
43 43 0 53 44 0
17 26 0 20 27 0
33 48 0 40 49 0
16 53 0 22 54 0
16 16 1 17 23 1
12 36 1 13 44 1
8 28 1 9 38 1
46 34 1 47 44 1
43 37 1 44 46 1
58 48 1 59 54 1
39 23 1 40 29 1
58 40 1 59 44 1
46 51 1 47 54 1
28 15 1 29 22 1
5 48 1 6 51 1
7 49 1 8 52 1
45 11 1 46 17 1
35 33 1 36 43 1
13 14 1 14 21 1
48 40 1 49 44 1
32 3 1 33 6 1
4 11 1 5 15 1
51 45 1 52 53 1
53 2 1 54 12 1
16 3 1 17 10 1
6 18 1 7 21 1
22 33 1 23 43 1
40 47 1 41 55 1
49 27 2 59 28 2
42 29 2 49 30 2
42 9 2 46 10 2
26 6 2 33 7 2
5 17 2 13 18 2
33 39 2 36 40 2
33 52 2 39 53 2
39 12 2 48 13 2
28 53 2 36 54 2
24 1 2 30 2 2
13 55 2 22 56 2
13 32 2 18 33 2
24 2 2 32 3 2
52 52 2 59 53 2
30 50 2 36 51 2
22 23 2 29 24 2
19 31 2 28 32 2
15 45 2 24 46 2
15 6 2 24 7 2
1 14 2 4 15 2
23 42 2 33 43 2
11 25 2 19 26 2
35 14 2 39 15 2
2 38 2 8 39 2
52 34 3 53 41 3
15 9 3 16 12 3
46 17 3 47 22 3
46 46 3 47 54 3
14 27 3 15 32 3
33 41 3 34 44 3
2 32 3 3 36 3
46 25 3 47 34 3
14 8 3 15 15 3
44 14 3 45 18 3
29 20 3 30 27 3
0 33 3 1 41 3
20 38 3 21 44 3
56 27 3 57 30 3
24 23 3 25 33 3
5 53 3 6 59 3
49 31 3 50 35 3
30 47 3 31 56 3
19 35 3 20 40 3
27 25 3 28 34 3
5 36 3 6 39 3
5 11 3 6 18 3
19 47 3 20 51 3
58 53 3 59 57 3
32 36 4 41 37 4
24 52 4 34 53 4
45 0 4 55 1 4
30 28 4 40 29 4
13 34 4 20 35 4
34 13 4 38 14 4
11 36 4 17 37 4
5 4 4 11 5 4
46 15 4 51 16 4
17 51 4 25 52 4
14 30 4 24 31 4
13 47 4 17 48 4
41 5 4 45 6 4
54 9 4 58 10 4
41 12 4 50 13 4
25 29 4 29 30 4
42 50 4 45 51 4
10 18 4 13 19 4
37 43 4 45 44 4
50 1 4 55 2 4
11 2 4 18 3 4
39 48 4 44 49 4
45 41 4 51 42 4
51 19 4 58 20 4
17 42 5 18 51 5
40 25 5 41 30 5
5 36 5 6 44 5
12 30 5 13 36 5
40 34 5 41 39 5
3 48 5 4 53 5
46 38 5 47 45 5
20 5 5 21 9 5
6 4 5 7 8 5
44 0 5 45 3 5
47 13 5 48 22 5
32 26 5 33 29 5
30 7 5 31 16 5
57 21 5 58 25 5
15 3 5 16 13 5
33 23 5 34 31 5
34 17 5 35 24 5
51 5 5 52 11 5
42 6 5 43 15 5
56 33 5 57 37 5
36 33 5 37 43 5
35 14 5 36 24 5
48 34 5 49 37 5
57 42 5 58 45 5
Net_num 162
Net_id 0
pin_num 5
28 16 0
17 17 0
12 0 0
0 2 0
2 13 0
Net_id 1
pin_num 5
25 42 0
31 34 0
37 59 0
54 46 0
31 43 0
Net_id 2
pin_num 5
59 46 0
57 39 0
52 41 0
54 59 0
56 57 0
Net_id 3
pin_num 5
45 52 0
30 53 0
25 58 0
33 45 0
45 58 0
Net_id 4
pin_num 5
51 51 0
53 53 0
39 59 0
21 54 0
35 56 0
Net_id 5
pin_num 5
55 42 0
43 36 0
58 35 0
56 30 0
59 47 0
Net_id 6
pin_num 5
4 55 0
6 51 0
27 51 0
18 59 0
3 59 0
Net_id 7
pin_num 5
8 4 0
6 0 0
7 7 0
0 5 0
9 3 0
Net_id 8
pin_num 5
0 21 0
11 26 0
11 9 0
20 19 0
28 22 0
Net_id 9
pin_num 5
38 18 0
41 17 0
40 32 0
59 30 0
59 48 0
Net_id 10
pin_num 5
29 43 0
23 54 0
8 54 0
26 37 0
28 47 0
Net_id 11
pin_num 5
10 12 0
4 12 0
8 17 0
6 3 0
8 6 0
Net_id 12
pin_num 5
15 21 0
18 29 0
22 24 0
22 28 0
34 21 0
Net_id 13
pin_num 5
38 11 0
44 11 0
58 16 0
52 9 0
49 0 0
Net_id 14
pin_num 5
7 27 0
2 22 0
0 42 0
3 8 0
18 31 0
Net_id 15
pin_num 5
29 11 0
23 11 0
11 11 0
23 7 0
23 25 0
Net_id 16
pin_num 5
15 57 0
15 52 0
19 59 0
18 54 0
22 50 0
Net_id 17
pin_num 5
8 30 0
20 32 0
30 20 0
15 18 0
14 21 0
Net_id 18
pin_num 5
37 7 0
29 15 0
31 24 0
46 7 0
52 23 0
Net_id 19
pin_num 5
1 14 0
17 9 0
6 2 0
9 10 0
11 24 0
Net_id 20
pin_num 5
43 10 0
48 2 0
59 1 0
52 0 0
55 8 0
Net_id 21
pin_num 4
41 58 0
34 57 0
36 43 0
34 39 0
Net_id 22
pin_num 4
49 28 0
44 30 0
21 30 0
27 52 0
Net_id 23
pin_num 4
16 32 0
6 33 0
0 31 0
10 24 0
Net_id 24
pin_num 4
53 1 0
33 1 0
36 24 0
39 0 0
Net_id 25
pin_num 4
53 6 0
58 7 0
59 19 0
32 1 0
Net_id 26
pin_num 4
9 4 0
19 0 0
16 23 0
38 10 0
Net_id 27
pin_num 4
48 32 0
51 19 0
37 28 0
42 20 0
Net_id 28
pin_num 4
44 45 0
51 45 0
45 32 0
47 17 0
Net_id 29
pin_num 4
21 25 0
0 24 0
22 6 0
1 8 0
Net_id 30
pin_num 4
6 47 0
0 44 0
12 44 0
4 39 0
Net_id 31
pin_num 4
47 20 0
59 22 0
49 21 0
33 0 0
Net_id 32
pin_num 4
3 56 0
13 50 0
1 45 0
3 53 0
Net_id 33
pin_num 4
34 36 0
20 36 0
47 44 0
30 40 0
Net_id 34
pin_num 4
0 23 0
1 20 0
0 48 0
16 35 0
Net_id 35
pin_num 4
23 18 0
24 25 0
17 28 0
10 20 0
Net_id 36
pin_num 4
30 14 0
19 12 0
27 0 0
26 12 0
Net_id 37
pin_num 4
40 2 0
48 19 0
37 18 0
58 14 0
Net_id 38
pin_num 4
54 53 0
59 57 0
22 49 0
49 58 0
Net_id 39
pin_num 4
24 49 0
14 53 0
18 36 0
9 38 0
Net_id 40
pin_num 3
39 5 0
44 12 0
24 29 0
Net_id 41
pin_num 3
28 49 0
25 43 0
31 46 0
Net_id 42
pin_num 3
9 19 0
15 12 0
45 17 0
Net_id 43
pin_num 3
13 28 0
3 32 0
10 29 0
Net_id 44
pin_num 3
18 50 0
2 59 0
24 44 0
Net_id 45
pin_num 3
39 8 0
28 6 0
52 7 0
Net_id 46
pin_num 3
32 27 0
49 33 0
19 20 0
Net_id 47
pin_num 3
50 5 0
55 1 0
42 4 0
Net_id 48
pin_num 3
27 48 0
24 46 0
20 46 0
Net_id 49
pin_num 3
10 48 0
1 59 0
1 19 0
Net_id 50
pin_num 3
36 0 0
40 9 0
39 29 0
Net_id 51
pin_num 3
10 2 0
24 10 0
43 13 0
Net_id 52
pin_num 3
22 43 0
26 19 0
47 33 0
Net_id 53
pin_num 3
35 47 0
54 51 0
40 59 0
Net_id 54
pin_num 3
12 56 0
3 52 0
14 57 0
Net_id 55
pin_num 3
23 3 0
7 8 0
14 12 0
Net_id 56
pin_num 3
33 42 0
53 39 0
39 32 0
Net_id 57
pin_num 3
44 31 0
50 13 0
56 3 0
Net_id 58
pin_num 3
59 36 0
47 47 0
50 11 0
Net_id 59
pin_num 3
43 37 0
36 27 0
42 23 0
Net_id 60
pin_num 3
37 5 0
23 1 0
12 1 0
Net_id 61
pin_num 3
49 56 0
39 47 0
36 40 0
Net_id 62
pin_num 3
36 15 0
30 13 0
26 5 0
Net_id 63
pin_num 3
18 47 0
0 50 0
5 34 0
Net_id 64
pin_num 3
21 7 0
32 20 0
5 11 0
Net_id 65
pin_num 3
58 25 0
47 38 0
53 17 0
Net_id 66
pin_num 3
29 54 0
38 47 0
6 50 0
Net_id 67
pin_num 3
30 3 0
33 2 0
36 25 0
Net_id 68
pin_num 3
5 17 0
18 32 0
48 26 0
Net_id 69
pin_num 3
51 22 0
40 33 0
46 20 0
Net_id 70
pin_num 3
28 7 0
35 6 0
32 19 0
Net_id 71
pin_num 3
32 32 0
22 46 0
0 49 0
Net_id 72
pin_num 3
39 3 0
37 20 0
25 13 0
Net_id 73
pin_num 3
21 34 0
9 15 0
7 58 0
Net_id 74
pin_num 3
26 40 0
17 57 0
7 43 0
Net_id 75
pin_num 3
59 10 0
46 3 0
59 31 0
Net_id 76
pin_num 3
24 42 0
10 37 0
41 36 0
Net_id 77
pin_num 3
58 47 0
43 55 0
32 49 0
Net_id 78
pin_num 3
1 29 0
6 49 0
4 26 0
Net_id 79
pin_num 3
44 57 0
32 47 0
55 39 0
Net_id 80
pin_num 2
36 30 0
39 2 0
Net_id 81
pin_num 2
19 7 0
8 10 0
Net_id 82
pin_num 2
39 39 0
59 33 0
Net_id 83
pin_num 2
46 13 0
43 17 0
Net_id 84
pin_num 2
32 28 0
34 22 0
Net_id 85
pin_num 2
16 36 0
21 58 0
Net_id 86
pin_num 2
51 59 0
33 34 0
Net_id 87
pin_num 2
27 45 0
32 56 0
Net_id 88
pin_num 2
50 30 0
48 37 0
Net_id 89
pin_num 2
18 4 0
55 17 0
Net_id 90
pin_num 2
45 18 0
51 18 0
Net_id 91
pin_num 2
40 31 0
32 37 0
Net_id 92
pin_num 2
34 34 0
41 25 0
Net_id 93
pin_num 2
49 7 0
33 6 0
Net_id 94
pin_num 2
44 10 0
50 3 0
Net_id 95
pin_num 2
58 54 0
38 43 0
Net_id 96
pin_num 2
4 38 0
0 28 0
Net_id 97
pin_num 2
52 55 0
43 58 0
Net_id 98
pin_num 2
22 5 0
26 9 0
Net_id 99
pin_num 2
26 18 0
17 1 0
Net_id 100
pin_num 2
58 43 0
53 48 0
Net_id 101
pin_num 2
5 55 0
17 39 0
Net_id 102
pin_num 2
13 38 0
2 49 0
Net_id 103
pin_num 2
30 11 0
35 3 0
Net_id 104
pin_num 2
15 27 0
4 36 0
Net_id 105
pin_num 2
3 34 0
1 2 0
Net_id 106
pin_num 2
35 11 0
38 13 0
Net_id 107
pin_num 2
16 33 0
2 43 0
Net_id 108
pin_num 2
16 45 0
11 45 0
Net_id 109
pin_num 2
28 26 0
23 48 0
Net_id 110
pin_num 2
31 50 0
15 48 0
Net_id 111
pin_num 2
34 19 0
57 3 0
Net_id 112
pin_num 2
57 40 0
48 21 0
Net_id 113
pin_num 2
53 7 0
56 8 0
Net_id 114
pin_num 2
1 18 0
27 3 0
Net_id 115
pin_num 2
48 30 0
33 25 0
Net_id 116
pin_num 2
30 58 0
21 47 0
Net_id 117
pin_num 2
24 53 0
19 54 0
Net_id 118
pin_num 2
15 37 0
21 38 0
Net_id 119
pin_num 2
28 1 0
31 13 0
Net_id 120
pin_num 2
41 21 0
47 36 0
Net_id 121
pin_num 2
5 1 0
11 1 0
Net_id 122
pin_num 2
29 16 0
17 5 0
Net_id 123
pin_num 2
57 26 0
58 9 0
Net_id 124
pin_num 2
9 46 0
2 41 0
Net_id 125
pin_num 2
37 3 0
33 10 0
Net_id 126
pin_num 2
40 17 0
23 2 0
Net_id 127
pin_num 2
19 52 0
42 50 0
Net_id 128
pin_num 2
5 50 0
1 57 0
Net_id 129
pin_num 2
29 26 0
38 35 0
Net_id 130
pin_num 2
53 25 0
32 38 0
Net_id 131
pin_num 2
49 59 0
50 41 0
Net_id 132
pin_num 2
49 24 0
53 24 0
Net_id 133
pin_num 2
44 8 0
55 12 0
Net_id 134
pin_num 2
52 39 0
50 17 0
Net_id 135
pin_num 2
49 12 0
54 30 0
Net_id 136
pin_num 2
15 13 0
2 9 0
Net_id 137
pin_num 2
15 58 0
2 42 0
Net_id 138
pin_num 2
37 15 0
42 10 0
Net_id 139
pin_num 2
53 30 0
51 44 0
Net_id 140
pin_num 2
44 6 0
58 8 0
Net_id 141
pin_num 2
55 33 0
48 44 0
Net_id 142
pin_num 2
13 57 0
2 57 0
Net_id 143
pin_num 2
42 38 0
33 38 0
Net_id 144
pin_num 2
51 16 0
57 8 0
Net_id 145
pin_num 2
34 11 0
30 22 0
Net_id 146
pin_num 2
22 29 0
28 32 0
Net_id 147
pin_num 2
17 2 0
28 9 0
Net_id 148
pin_num 2
21 45 0
28 25 0
Net_id 149
pin_num 2
6 56 0
13 52 0
Net_id 150
pin_num 2
8 58 0
21 48 0
Net_id 151
pin_num 2
46 42 0
42 43 0
Net_id 152
pin_num 2
51 28 0
55 18 0
Net_id 153
pin_num 2
31 25 0
43 33 0
Net_id 154
pin_num 2
13 43 0
22 27 0
Net_id 155
pin_num 2
39 30 0
46 33 0
Net_id 156
pin_num 2
4 7 0
4 32 0
Net_id 157
pin_num 2
56 51 0
48 58 0
Net_id 158
pin_num 2
52 37 0
58 45 0
Net_id 159
pin_num 2
25 27 0
46 9 0
Net_id 160
pin_num 2
37 56 0
58 44 0
Net_id 161
pin_num 2
7 30 0
0 27 0
