Width 60
Height 60
Layer 6
Total_WL 6622
Obstacle_num 144
47 58 0 50 59 0
5 7 0 11 8 0
10 15 0 17 16 0
53 1 0 57 2 0
0 25 0 4 26 0
17 58 0 26 59 0
41 23 0 45 24 0
29 16 0 32 17 0
36 24 0 46 25 0
36 58 0 46 59 0
10 43 0 18 44 0
30 51 0 37 52 0
13 51 0 21 52 0
41 56 0 48 57 0
28 44 0 38 45 0
26 32 0 30 33 0
13 55 0 19 56 0
33 38 0 38 39 0
28 49 0 31 50 0
5 25 0 11 26 0
7 39 0 17 40 0
21 48 0 24 49 0
32 52 0 40 53 0
21 10 0 30 11 0
32 46 1 33 52 1
38 37 1 39 44 1
40 43 1 41 50 1
4 29 1 5 38 1
4 1 1 5 9 1
48 38 1 49 42 1
57 10 1 58 15 1
40 26 1 41 36 1
14 28 1 15 37 1
32 27 1 33 35 1
35 2 1 36 11 1
9 42 1 10 46 1
37 25 1 38 31 1
18 34 1 19 42 1
44 45 1 45 55 1
57 4 1 58 9 1
52 43 1 53 46 1
45 9 1 46 17 1
23 41 1 24 51 1
50 4 1 51 11 1
3 13 1 4 17 1
37 41 1 38 47 1
5 37 1 6 41 1
21 25 1 22 35 1
5 40 2 11 41 2
13 19 2 22 20 2
37 18 2 42 19 2
10 1 2 13 2 2
8 52 2 11 53 2
9 7 2 17 8 2
27 26 2 30 27 2
6 58 2 16 59 2
42 25 2 47 26 2
21 31 2 29 32 2
44 49 2 49 50 2
18 27 2 23 28 2
36 35 2 41 36 2
2 39 2 12 40 2
31 46 2 38 47 2
49 39 2 59 40 2
10 49 2 19 50 2
39 47 2 42 48 2
28 42 2 31 43 2
38 29 2 41 30 2
49 4 2 52 5 2
23 11 2 32 12 2
24 0 2 34 1 2
6 38 2 16 39 2
27 5 3 28 15 3
20 38 3 21 42 3
24 7 3 25 11 3
4 37 3 5 42 3
11 20 3 12 24 3
33 35 3 34 38 3
49 13 3 50 22 3
29 29 3 30 38 3
45 51 3 46 59 3
43 34 3 44 39 3
19 35 3 20 41 3
15 46 3 16 50 3
26 40 3 27 49 3
16 34 3 17 42 3
34 31 3 35 39 3
32 43 3 33 46 3
37 44 3 38 48 3
48 53 3 49 59 3
29 0 3 30 7 3
57 42 3 58 45 3
17 29 3 18 36 3
27 45 3 28 52 3
27 29 3 28 38 3
15 33 3 16 42 3
10 50 4 18 51 4
2 52 4 7 53 4
32 36 4 36 37 4
34 43 4 43 44 4
12 43 4 16 44 4
17 26 4 25 27 4
21 12 4 28 13 4
2 40 4 9 41 4
18 21 4 23 22 4
27 26 4 30 27 4
18 42 4 24 43 4
17 48 4 21 49 4
24 55 4 27 56 4
33 57 4 42 58 4
14 44 4 17 45 4
2 57 4 8 58 4
28 35 4 35 36 4
46 27 4 54 28 4
40 23 4 43 24 4
16 46 4 24 47 4
47 22 4 52 23 4
15 9 4 20 10 4
13 36 4 16 37 4
53 53 4 56 54 4
43 36 5 44 43 5
53 33 5 54 36 5
10 11 5 11 17 5
13 45 5 14 54 5
11 28 5 12 34 5
42 42 5 43 48 5
36 25 5 37 33 5
4 42 5 5 50 5
45 44 5 46 50 5
33 19 5 34 22 5
19 48 5 20 55 5
37 38 5 38 48 5
5 22 5 6 25 5
14 44 5 15 53 5
15 11 5 16 16 5
13 31 5 14 36 5
38 23 5 39 30 5
38 31 5 39 37 5
47 15 5 48 23 5
14 5 5 15 14 5
57 41 5 58 50 5
34 53 5 35 57 5
0 0 5 1 5 5
56 18 5 57 24 5
Net_num 161
Net_id 0
pin_num 5
51 23 0
56 15 0
40 15 0
52 14 0
45 8 0
Net_id 1
pin_num 5
58 20 0
54 25 0
59 15 0
59 36 0
59 42 0
Net_id 2
pin_num 5
28 17 0
26 22 0
43 22 0
31 19 0
39 17 0
Net_id 3
pin_num 5
32 46 0
42 57 0
33 56 0
58 47 0
34 55 0
Net_id 4
pin_num 5
52 25 0
57 21 0
59 14 0
39 15 0
51 16 0
Net_id 5
pin_num 5
6 21 0
21 18 0
5 21 0
6 5 0
9 11 0
Net_id 6
pin_num 5
39 49 0
29 58 0
31 56 0
36 42 0
45 59 0
Net_id 7
pin_num 5
2 51 0
1 48 0
0 30 0
14 46 0
12 55 0
Net_id 8
pin_num 5
30 6 0
36 6 0
38 0 0
37 9 0
55 3 0
Net_id 9
pin_num 5
18 37 0
0 37 0
24 37 0
13 40 0
1 31 0
Net_id 10
pin_num 5
27 13 0
9 13 0
15 3 0
27 8 0
26 16 0
Net_id 11
pin_num 5
56 59 0
53 49 0
54 59 0
55 59 0
50 54 0
Net_id 12
pin_num 5
37 30 0
43 28 0
54 36 0
53 48 0
46 30 0
Net_id 13
pin_num 5
19 9 0
38 5 0
38 19 0
44 5 0
17 0 0
Net_id 14
pin_num 5
28 34 0
28 21 0
34 21 0
49 34 0
45 23 0
Net_id 15
pin_num 5
55 53 0
57 55 0
59 24 0
58 43 0
59 43 0
Net_id 16
pin_num 5
33 28 0
18 28 0
19 48 0
37 48 0
16 41 0
Net_id 17
pin_num 5
8 48 0
0 52 0
5 59 0
4 45 0
5 52 0
Net_id 18
pin_num 5
54 50 0
41 50 0
24 50 0
25 47 0
25 59 0
Net_id 19
pin_num 4
29 5 0
19 5 0
36 12 0
17 16 0
Net_id 20
pin_num 4
15 46 0
22 43 0
9 44 0
0 59 0
Net_id 21
pin_num 4
11 33 0
31 33 0
2 24 0
22 22 0
Net_id 22
pin_num 4
51 9 0
36 1 0
34 1 0
46 6 0
Net_id 23
pin_num 4
51 50 0
54 46 0
38 45 0
53 58 0
Net_id 24
pin_num 4
55 15 0
36 13 0
41 7 0
49 29 0
Net_id 25
pin_num 4
40 41 0
29 51 0
30 48 0
3 53 0
Net_id 26
pin_num 4
34 16 0
42 16 0
35 39 0
17 14 0
Net_id 27
pin_num 4
30 12 0
23 1 0
20 0 0
29 9 0
Net_id 28
pin_num 4
55 55 0
28 58 0
28 41 0
22 59 0
Net_id 29
pin_num 4
37 5 0
25 6 0
42 2 0
31 26 0
Net_id 30
pin_num 4
8 18 0
0 16 0
16 12 0
16 30 0
Net_id 31
pin_num 4
12 41 0
5 45 0
0 29 0
14 41 0
Net_id 32
pin_num 4
8 45 0
7 32 0
2 42 0
1 45 0
Net_id 33
pin_num 4
14 0 0
11 1 0
22 1 0
20 20 0
Net_id 34
pin_num 4
47 25 0
52 35 0
43 32 0
48 35 0
Net_id 35
pin_num 4
39 28 0
39 18 0
34 42 0
12 31 0
Net_id 36
pin_num 4
43 42 0
31 32 0
39 37 0
54 38 0
Net_id 37
pin_num 4
22 23 0
12 24 0
33 33 0
29 47 0
Net_id 38
pin_num 4
3 8 0
10 3 0
22 3 0
3 4 0
Net_id 39
pin_num 3
21 32 0
40 20 0
24 24 0
Net_id 40
pin_num 3
50 4 0
58 4 0
51 0 0
Net_id 41
pin_num 3
27 14 0
29 11 0
14 14 0
Net_id 42
pin_num 3
47 53 0
54 58 0
52 59 0
Net_id 43
pin_num 3
10 23 0
30 36 0
12 18 0
Net_id 44
pin_num 3
16 21 0
42 13 0
18 2 0
Net_id 45
pin_num 3
55 31 0
49 31 0
56 26 0
Net_id 46
pin_num 3
10 24 0
13 21 0
3 18 0
Net_id 47
pin_num 3
49 57 0
36 36 0
0 53 0
Net_id 48
pin_num 3
52 44 0
41 41 0
54 32 0
Net_id 49
pin_num 3
13 27 0
2 45 0
15 34 0
Net_id 50
pin_num 3
56 53 0
57 57 0
51 56 0
Net_id 51
pin_num 3
11 18 0
11 10 0
33 27 0
Net_id 52
pin_num 3
52 10 0
31 10 0
42 29 0
Net_id 53
pin_num 3
24 54 0
15 57 0
0 57 0
Net_id 54
pin_num 3
37 36 0
50 26 0
45 37 0
Net_id 55
pin_num 3
31 30 0
27 34 0
50 34 0
Net_id 56
pin_num 3
30 26 0
33 9 0
52 9 0
Net_id 57
pin_num 3
58 49 0
56 50 0
42 40 0
Net_id 58
pin_num 3
51 5 0
58 0 0
53 16 0
Net_id 59
pin_num 3
48 40 0
42 44 0
46 33 0
Net_id 60
pin_num 3
30 15 0
16 0 0
18 12 0
Net_id 61
pin_num 3
18 3 0
30 4 0
50 0 0
Net_id 62
pin_num 3
58 36 0
58 42 0
49 54 0
Net_id 63
pin_num 3
21 11 0
24 15 0
11 11 0
Net_id 64
pin_num 3
33 35 0
41 35 0
47 17 0
Net_id 65
pin_num 3
54 43 0
31 25 0
57 40 0
Net_id 66
pin_num 3
51 59 0
46 51 0
46 37 0
Net_id 67
pin_num 3
44 42 0
57 53 0
38 39 0
Net_id 68
pin_num 3
50 17 0
51 19 0
59 0 0
Net_id 69
pin_num 3
34 32 0
26 23 0
33 19 0
Net_id 70
pin_num 3
20 49 0
2 58 0
26 54 0
Net_id 71
pin_num 3
5 2 0
1 13 0
10 0 0
Net_id 72
pin_num 3
9 19 0
1 23 0
6 35 0
Net_id 73
pin_num 3
18 44 0
22 20 0
18 47 0
Net_id 74
pin_num 3
59 25 0
50 18 0
33 16 0
Net_id 75
pin_num 3
24 48 0
15 42 0
0 15 0
Net_id 76
pin_num 3
44 38 0
31 23 0
21 49 0
Net_id 77
pin_num 3
51 57 0
55 48 0
39 55 0
Net_id 78
pin_num 3
11 26 0
15 18 0
9 29 0
Net_id 79
pin_num 2
0 43 0
8 54 0
Net_id 80
pin_num 2
53 8 0
57 29 0
Net_id 81
pin_num 2
40 44 0
33 43 0
Net_id 82
pin_num 2
49 37 0
55 37 0
Net_id 83
pin_num 2
39 29 0
17 40 0
Net_id 84
pin_num 2
51 35 0
44 28 0
Net_id 85
pin_num 2
53 10 0
57 10 0
Net_id 86
pin_num 2
39 1 0
51 12 0
Net_id 87
pin_num 2
37 32 0
42 32 0
Net_id 88
pin_num 2
16 54 0
9 52 0
Net_id 89
pin_num 2
36 59 0
28 55 0
Net_id 90
pin_num 2
32 2 0
38 2 0
Net_id 91
pin_num 2
39 11 0
35 12 0
Net_id 92
pin_num 2
10 10 0
1 0 0
Net_id 93
pin_num 2
48 32 0
44 30 0
Net_id 94
pin_num 2
29 53 0
15 29 0
Net_id 95
pin_num 2
51 1 0
59 9 0
Net_id 96
pin_num 2
37 4 0
48 12 0
Net_id 97
pin_num 2
50 41 0
57 39 0
Net_id 98
pin_num 2
1 57 0
20 47 0
Net_id 99
pin_num 2
25 17 0
24 34 0
Net_id 100
pin_num 2
32 53 0
22 39 0
Net_id 101
pin_num 2
33 24 0
23 51 0
Net_id 102
pin_num 2
44 27 0
27 57 0
Net_id 103
pin_num 2
6 31 0
13 18 0
Net_id 104
pin_num 2
54 19 0
56 24 0
Net_id 105
pin_num 2
41 48 0
56 30 0
Net_id 106
pin_num 2
54 24 0
30 39 0
Net_id 107
pin_num 2
12 8 0
3 0 0
Net_id 108
pin_num 2
57 30 0
56 33 0
Net_id 109
pin_num 2
53 46 0
48 45 0
Net_id 110
pin_num 2
24 21 0
4 27 0
Net_id 111
pin_num 2
44 16 0
48 18 0
Net_id 112
pin_num 2
27 59 0
11 55 0
Net_id 113
pin_num 2
45 11 0
25 34 0
Net_id 114
pin_num 2
58 26 0
53 21 0
Net_id 115
pin_num 2
57 1 0
48 5 0
Net_id 116
pin_num 2
41 38 0
57 38 0
Net_id 117
pin_num 2
34 27 0
43 21 0
Net_id 118
pin_num 2
33 25 0
47 44 0
Net_id 119
pin_num 2
22 15 0
27 23 0
Net_id 120
pin_num 2
28 13 0
37 15 0
Net_id 121
pin_num 2
24 53 0
7 47 0
Net_id 122
pin_num 2
36 43 0
50 38 0
Net_id 123
pin_num 2
34 12 0
25 4 0
Net_id 124
pin_num 2
24 25 0
17 46 0
Net_id 125
pin_num 2
10 55 0
24 38 0
Net_id 126
pin_num 2
40 17 0
53 20 0
Net_id 127
pin_num 2
35 18 0
57 9 0
Net_id 128
pin_num 2
16 22 0
30 45 0
Net_id 129
pin_num 2
15 4 0
9 4 0
Net_id 130
pin_num 2
11 50 0
17 36 0
Net_id 131
pin_num 2
10 12 0
17 4 0
Net_id 132
pin_num 2
13 25 0
11 53 0
Net_id 133
pin_num 2
8 47 0
13 46 0
Net_id 134
pin_num 2
0 8 0
2 5 0
Net_id 135
pin_num 2
26 1 0
10 14 0
Net_id 136
pin_num 2
24 59 0
21 56 0
Net_id 137
pin_num 2
14 48 0
42 55 0
Net_id 138
pin_num 2
59 8 0
57 18 0
Net_id 139
pin_num 2
53 11 0
53 3 0
Net_id 140
pin_num 2
58 10 0
44 35 0
Net_id 141
pin_num 2
26 55 0
36 39 0
Net_id 142
pin_num 2
27 2 0
23 2 0
Net_id 143
pin_num 2
45 52 0
56 52 0
Net_id 144
pin_num 2
20 18 0
5 32 0
Net_id 145
pin_num 2
35 9 0
31 8 0
Net_id 146
pin_num 2
37 56 0
51 53 0
Net_id 147
pin_num 2
17 25 0
14 24 0
Net_id 148
pin_num 2
33 45 0
15 36 0
Net_id 149
pin_num 2
3 58 0
7 53 0
Net_id 150
pin_num 2
50 30 0
56 45 0
Net_id 151
pin_num 2
35 10 0
28 20 0
Net_id 152
pin_num 2
41 51 0
40 51 0
Net_id 153
pin_num 2
16 6 0
19 0 0
Net_id 154
pin_num 2
52 51 0
40 21 0
Net_id 155
pin_num 2
54 6 0
44 13 0
Net_id 156
pin_num 2
15 5 0
1 11 0
Net_id 157
pin_num 2
59 27 0
49 27 0
Net_id 158
pin_num 2
21 47 0
39 31 0
Net_id 159
pin_num 2
53 32 0
51 34 0
Net_id 160
pin_num 2
56 28 0
50 23 0
