Width 60
Height 60
Layer 6
Total_WL 7044
Obstacle_num 144
19 21 0 23 22 0
9 30 0 13 31 0
17 56 0 25 57 0
29 22 0 37 23 0
3 43 0 13 44 0
42 40 0 47 41 0
4 35 0 12 36 0
2 14 0 12 15 0
27 25 0 35 26 0
23 58 0 32 59 0
32 53 0 38 54 0
1 21 0 6 22 0
2 10 0 7 11 0
8 3 0 16 4 0
29 17 0 39 18 0
34 34 0 44 35 0
7 57 0 10 58 0
17 47 0 21 48 0
23 26 0 30 27 0
25 19 0 35 20 0
41 37 0 46 38 0
39 25 0 48 26 0
32 42 0 38 43 0
15 43 0 22 44 0
29 31 1 30 41 1
21 37 1 22 42 1
7 42 1 8 49 1
19 47 1 20 52 1
13 1 1 14 9 1
49 5 1 50 14 1
46 15 1 47 18 1
31 32 1 32 42 1
22 10 1 23 18 1
12 2 1 13 11 1
24 48 1 25 51 1
31 0 1 32 8 1
54 52 1 55 59 1
18 11 1 19 19 1
47 36 1 48 43 1
55 39 1 56 48 1
54 35 1 55 45 1
36 29 1 37 39 1
25 48 1 26 52 1
11 28 1 12 36 1
52 15 1 53 18 1
17 35 1 18 39 1
23 21 1 24 26 1
25 4 1 26 11 1
2 51 2 11 52 2
21 13 2 30 14 2
22 32 2 29 33 2
26 58 2 31 59 2
4 20 2 13 21 2
16 18 2 26 19 2
46 43 2 55 44 2
9 0 2 13 1 2
1 38 2 7 39 2
47 10 2 50 11 2
20 0 2 29 1 2
42 55 2 48 56 2
44 14 2 53 15 2
40 23 2 43 24 2
10 36 2 14 37 2
15 50 2 18 51 2
31 41 2 38 42 2
25 29 2 32 30 2
48 54 2 51 55 2
24 1 2 31 2 2
31 11 2 41 12 2
29 21 2 37 22 2
25 25 2 34 26 2
16 11 2 26 12 2
13 49 3 14 57 3
49 20 3 50 26 3
22 7 3 23 17 3
24 43 3 25 48 3
11 19 3 12 27 3
27 19 3 28 26 3
2 13 3 3 18 3
26 13 3 27 21 3
35 30 3 36 39 3
26 1 3 27 7 3
36 31 3 37 35 3
43 46 3 44 56 3
24 50 3 25 56 3
17 32 3 18 42 3
16 52 3 17 57 3
46 36 3 47 45 3
18 11 3 19 17 3
50 38 3 51 44 3
50 28 3 51 35 3
10 14 3 11 17 3
28 8 3 29 18 3
33 2 3 34 6 3
12 47 3 13 52 3
15 22 3 16 25 3
34 14 4 38 15 4
35 4 4 45 5 4
30 53 4 38 54 4
49 43 4 58 44 4
29 46 4 37 47 4
10 16 4 20 17 4
8 43 4 12 44 4
23 21 4 29 22 4
46 12 4 54 13 4
46 37 4 53 38 4
23 43 4 31 44 4
5 44 4 12 45 4
20 12 4 24 13 4
33 2 4 39 3 4
31 40 4 38 41 4
7 48 4 14 49 4
6 21 4 10 22 4
32 23 4 36 24 4
27 52 4 37 53 4
18 36 4 26 37 4
9 8 4 12 9 4
14 42 4 23 43 4
10 41 4 19 42 4
50 41 4 59 42 4
33 11 5 34 17 5
21 25 5 22 30 5
27 20 5 28 26 5
13 1 5 14 10 5
34 35 5 35 39 5
5 5 5 6 14 5
18 54 5 19 58 5
21 4 5 22 12 5
44 8 5 45 13 5
11 28 5 12 33 5
0 0 5 1 10 5
32 22 5 33 27 5
31 43 5 32 50 5
14 34 5 15 44 5
55 30 5 56 34 5
57 6 5 58 14 5
22 1 5 23 4 5
7 47 5 8 51 5
15 41 5 16 49 5
43 47 5 44 53 5
57 45 5 58 55 5
5 37 5 6 40 5
31 21 5 32 25 5
11 33 5 12 40 5
Net_num 164
Net_id 0
pin_num 5
25 1 0
41 5 0
41 1 0
28 23 0
24 15 0
Net_id 1
pin_num 5
25 31 0
17 30 0
0 25 0
6 29 0
6 46 0
Net_id 2
pin_num 5
57 35 0
59 34 0
55 34 0
44 33 0
53 12 0
Net_id 3
pin_num 5
56 54 0
42 57 0
44 58 0
32 54 0
42 48 0
Net_id 4
pin_num 5
38 44 0
50 40 0
44 50 0
40 21 0
23 41 0
Net_id 5
pin_num 5
37 23 0
41 23 0
54 23 0
41 17 0
31 18 0
Net_id 6
pin_num 5
29 37 0
27 48 0
21 59 0
37 57 0
32 46 0
Net_id 7
pin_num 5
20 16 0
21 15 0
5 15 0
6 0 0
14 0 0
Net_id 8
pin_num 5
50 51 0
56 52 0
52 45 0
32 45 0
58 41 0
Net_id 9
pin_num 5
46 10 0
55 13 0
59 20 0
59 19 0
51 16 0
Net_id 10
pin_num 5
29 6 0
8 6 0
20 9 0
10 20 0
14 7 0
Net_id 11
pin_num 5
59 21 0
57 15 0
57 25 0
42 26 0
59 28 0
Net_id 12
pin_num 5
49 0 0
52 4 0
39 3 0
59 0 0
50 6 0
Net_id 13
pin_num 5
43 50 0
36 46 0
31 49 0
31 45 0
13 50 0
Net_id 14
pin_num 5
48 50 0
47 56 0
50 59 0
30 59 0
38 46 0
Net_id 15
pin_num 5
23 15 0
31 24 0
32 8 0
24 23 0
9 17 0
Net_id 16
pin_num 5
44 30 0
53 10 0
43 15 0
47 11 0
41 16 0
Net_id 17
pin_num 5
35 5 0
38 12 0
54 0 0
44 16 0
51 3 0
Net_id 18
pin_num 5
3 34 0
0 43 0
18 34 0
0 32 0
0 26 0
Net_id 19
pin_num 5
43 46 0
43 42 0
31 43 0
34 58 0
29 43 0
Net_id 20
pin_num 5
12 36 0
5 39 0
10 44 0
23 39 0
13 24 0
Net_id 21
pin_num 5
6 42 0
12 42 0
8 55 0
23 43 0
0 46 0
Net_id 22
pin_num 4
58 9 0
45 10 0
51 5 0
35 7 0
Net_id 23
pin_num 4
1 45 0
17 41 0
12 39 0
16 51 0
Net_id 24
pin_num 4
18 35 0
2 39 0
12 16 0
7 33 0
Net_id 25
pin_num 4
4 37 0
1 42 0
4 52 0
13 42 0
Net_id 26
pin_num 4
28 51 0
33 39 0
41 39 0
42 42 0
Net_id 27
pin_num 4
10 25 0
15 29 0
1 20 0
1 34 0
Net_id 28
pin_num 4
19 30 0
27 29 0
43 24 0
35 29 0
Net_id 29
pin_num 4
31 38 0
25 23 0
29 9 0
42 10 0
Net_id 30
pin_num 4
53 19 0
30 16 0
59 12 0
37 7 0
Net_id 31
pin_num 4
11 51 0
3 49 0
21 49 0
12 47 0
Net_id 32
pin_num 4
33 12 0
35 0 0
38 13 0
47 4 0
Net_id 33
pin_num 4
43 5 0
50 3 0
40 11 0
32 9 0
Net_id 34
pin_num 4
47 49 0
58 56 0
46 51 0
58 59 0
Net_id 35
pin_num 4
2 15 0
1 10 0
0 0 0
9 1 0
Net_id 36
pin_num 4
52 28 0
59 32 0
59 53 0
33 34 0
Net_id 37
pin_num 4
9 50 0
2 59 0
5 40 0
0 54 0
Net_id 38
pin_num 4
21 17 0
37 22 0
26 22 0
7 21 0
Net_id 39
pin_num 4
0 23 0
9 24 0
9 37 0
1 19 0
Net_id 40
pin_num 4
54 36 0
46 39 0
49 15 0
42 31 0
Net_id 41
pin_num 4
10 52 0
16 59 0
4 36 0
13 47 0
Net_id 42
pin_num 3
34 47 0
43 52 0
27 24 0
Net_id 43
pin_num 3
31 39 0
49 46 0
36 58 0
Net_id 44
pin_num 3
57 2 0
47 9 0
59 11 0
Net_id 45
pin_num 3
51 39 0
34 35 0
41 57 0
Net_id 46
pin_num 3
59 8 0
35 8 0
14 8 0
Net_id 47
pin_num 3
27 0 0
35 6 0
39 12 0
Net_id 48
pin_num 3
4 39 0
1 44 0
24 37 0
Net_id 49
pin_num 3
36 3 0
22 2 0
53 2 0
Net_id 50
pin_num 3
58 18 0
54 31 0
54 45 0
Net_id 51
pin_num 3
47 26 0
39 33 0
56 27 0
Net_id 52
pin_num 3
6 30 0
20 26 0
15 17 0
Net_id 53
pin_num 3
43 0 0
50 13 0
27 4 0
Net_id 54
pin_num 3
33 8 0
27 14 0
12 12 0
Net_id 55
pin_num 3
52 1 0
51 6 0
56 17 0
Net_id 56
pin_num 3
49 11 0
58 3 0
56 0 0
Net_id 57
pin_num 3
45 27 0
58 22 0
59 49 0
Net_id 58
pin_num 3
21 55 0
1 55 0
33 55 0
Net_id 59
pin_num 3
2 32 0
8 38 0
7 10 0
Net_id 60
pin_num 3
38 5 0
45 13 0
41 12 0
Net_id 61
pin_num 3
8 1 0
1 5 0
34 6 0
Net_id 62
pin_num 3
48 59 0
42 59 0
49 55 0
Net_id 63
pin_num 3
6 44 0
9 44 0
7 48 0
Net_id 64
pin_num 3
34 24 0
41 27 0
31 31 0
Net_id 65
pin_num 3
45 1 0
24 14 0
45 9 0
Net_id 66
pin_num 3
50 14 0
34 7 0
35 48 0
Net_id 67
pin_num 3
20 4 0
26 3 0
47 2 0
Net_id 68
pin_num 3
26 56 0
20 38 0
49 42 0
Net_id 69
pin_num 3
55 55 0
59 33 0
33 38 0
Net_id 70
pin_num 3
33 31 0
26 24 0
14 9 0
Net_id 71
pin_num 3
2 54 0
18 59 0
4 32 0
Net_id 72
pin_num 3
42 18 0
50 17 0
45 42 0
Net_id 73
pin_num 3
16 48 0
35 40 0
11 46 0
Net_id 74
pin_num 3
9 48 0
18 45 0
6 27 0
Net_id 75
pin_num 3
21 54 0
40 57 0
19 38 0
Net_id 76
pin_num 3
50 24 0
53 48 0
45 33 0
Net_id 77
pin_num 3
37 6 0
46 1 0
41 7 0
Net_id 78
pin_num 3
45 49 0
20 58 0
36 51 0
Net_id 79
pin_num 3
4 38 0
21 26 0
14 32 0
Net_id 80
pin_num 3
17 27 0
8 27 0
16 1 0
Net_id 81
pin_num 3
38 20 0
22 22 0
20 22 0
Net_id 82
pin_num 3
24 24 0
23 42 0
41 35 0
Net_id 83
pin_num 3
32 14 0
24 7 0
41 28 0
Net_id 84
pin_num 2
56 4 0
55 5 0
Net_id 85
pin_num 2
56 41 0
43 41 0
Net_id 86
pin_num 2
53 0 0
52 3 0
Net_id 87
pin_num 2
32 32 0
18 31 0
Net_id 88
pin_num 2
42 52 0
34 52 0
Net_id 89
pin_num 2
14 44 0
5 31 0
Net_id 90
pin_num 2
22 27 0
30 18 0
Net_id 91
pin_num 2
18 9 0
21 16 0
Net_id 92
pin_num 2
14 58 0
8 58 0
Net_id 93
pin_num 2
34 21 0
46 8 0
Net_id 94
pin_num 2
2 12 0
17 51 0
Net_id 95
pin_num 2
26 39 0
15 56 0
Net_id 96
pin_num 2
21 33 0
25 33 0
Net_id 97
pin_num 2
33 52 0
24 52 0
Net_id 98
pin_num 2
21 22 0
46 32 0
Net_id 99
pin_num 2
45 28 0
48 40 0
Net_id 100
pin_num 2
29 10 0
19 20 0
Net_id 101
pin_num 2
3 47 0
20 57 0
Net_id 102
pin_num 2
38 10 0
34 10 0
Net_id 103
pin_num 2
16 33 0
32 16 0
Net_id 104
pin_num 2
28 12 0
29 3 0
Net_id 105
pin_num 2
48 17 0
38 14 0
Net_id 106
pin_num 2
23 38 0
31 51 0
Net_id 107
pin_num 2
38 28 0
27 36 0
Net_id 108
pin_num 2
44 13 0
40 15 0
Net_id 109
pin_num 2
47 14 0
27 5 0
Net_id 110
pin_num 2
52 42 0
59 29 0
Net_id 111
pin_num 2
54 57 0
50 50 0
Net_id 112
pin_num 2
57 24 0
47 32 0
Net_id 113
pin_num 2
37 13 0
14 13 0
Net_id 114
pin_num 2
8 22 0
1 32 0
Net_id 115
pin_num 2
39 27 0
29 18 0
Net_id 116
pin_num 2
22 45 0
7 40 0
Net_id 117
pin_num 2
13 20 0
1 58 0
Net_id 118
pin_num 2
13 32 0
5 27 0
Net_id 119
pin_num 2
23 10 0
2 5 0
Net_id 120
pin_num 2
55 26 0
52 32 0
Net_id 121
pin_num 2
9 46 0
6 53 0
Net_id 122
pin_num 2
31 7 0
18 5 0
Net_id 123
pin_num 2
37 59 0
44 39 0
Net_id 124
pin_num 2
4 57 0
2 50 0
Net_id 125
pin_num 2
10 2 0
21 1 0
Net_id 126
pin_num 2
21 12 0
38 19 0
Net_id 127
pin_num 2
12 54 0
22 53 0
Net_id 128
pin_num 2
11 17 0
26 31 0
Net_id 129
pin_num 2
7 5 0
1 0 0
Net_id 130
pin_num 2
44 17 0
38 31 0
Net_id 131
pin_num 2
16 55 0
9 22 0
Net_id 132
pin_num 2
7 15 0
18 27 0
Net_id 133
pin_num 2
5 46 0
0 58 0
Net_id 134
pin_num 2
59 46 0
55 53 0
Net_id 135
pin_num 2
56 53 0
50 57 0
Net_id 136
pin_num 2
56 1 0
58 1 0
Net_id 137
pin_num 2
13 36 0
41 32 0
Net_id 138
pin_num 2
3 56 0
18 54 0
Net_id 139
pin_num 2
50 20 0
54 15 0
Net_id 140
pin_num 2
0 18 0
5 8 0
Net_id 141
pin_num 2
19 19 0
35 9 0
Net_id 142
pin_num 2
53 3 0
51 17 0
Net_id 143
pin_num 2
59 37 0
48 37 0
Net_id 144
pin_num 2
58 17 0
58 14 0
Net_id 145
pin_num 2
33 28 0
37 25 0
Net_id 146
pin_num 2
30 55 0
20 54 0
Net_id 147
pin_num 2
37 38 0
22 28 0
Net_id 148
pin_num 2
0 8 0
13 0 0
Net_id 149
pin_num 2
22 49 0
30 48 0
Net_id 150
pin_num 2
29 29 0
35 35 0
Net_id 151
pin_num 2
48 58 0
54 46 0
Net_id 152
pin_num 2
13 15 0
20 15 0
Net_id 153
pin_num 2
39 28 0
47 30 0
Net_id 154
pin_num 2
49 43 0
28 56 0
Net_id 155
pin_num 2
56 39 0
52 40 0
Net_id 156
pin_num 2
0 35 0
7 41 0
Net_id 157
pin_num 2
55 45 0
56 56 0
Net_id 158
pin_num 2
57 4 0
50 10 0
Net_id 159
pin_num 2
42 46 0
59 30 0
Net_id 160
pin_num 2
39 15 0
36 23 0
Net_id 161
pin_num 2
46 52 0
8 33 0
Net_id 162
pin_num 2
45 19 0
56 29 0
Net_id 163
pin_num 2
54 33 0
57 39 0
