Width 60
Height 60
Layer 6
Total_WL 6919
Obstacle_num 144
15 25 0 25 26 0
51 5 0 54 6 0
32 4 0 42 5 0
23 12 0 29 13 0
54 27 0 57 28 0
8 11 0 11 12 0
32 13 0 36 14 0
30 45 0 39 46 0
40 33 0 49 34 0
49 6 0 52 7 0
37 15 0 47 16 0
12 27 0 18 28 0
4 5 0 12 6 0
55 33 0 59 34 0
14 5 0 23 6 0
40 5 0 47 6 0
27 28 0 34 29 0
14 12 0 17 13 0
18 21 0 24 22 0
27 48 0 30 49 0
29 36 0 33 37 0
2 24 0 11 25 0
17 42 0 25 43 0
4 38 0 7 39 0
22 6 1 23 13 1
30 2 1 31 9 1
29 10 1 30 15 1
51 1 1 52 7 1
35 28 1 36 31 1
23 23 1 24 28 1
34 27 1 35 31 1
26 49 1 27 58 1
38 40 1 39 50 1
47 0 1 48 6 1
12 5 1 13 11 1
43 48 1 44 54 1
57 6 1 58 14 1
5 1 1 6 10 1
58 25 1 59 29 1
10 27 1 11 31 1
25 25 1 26 35 1
16 36 1 17 40 1
52 21 1 53 31 1
22 37 1 23 40 1
44 7 1 45 12 1
48 0 1 49 10 1
2 4 1 3 14 1
33 1 1 34 6 1
28 4 2 34 5 2
7 35 2 10 36 2
30 40 2 34 41 2
18 2 2 26 3 2
13 18 2 16 19 2
8 23 2 14 24 2
28 18 2 35 19 2
12 31 2 17 32 2
33 49 2 42 50 2
37 55 2 47 56 2
14 54 2 18 55 2
53 58 2 58 59 2
14 30 2 17 31 2
16 14 2 24 15 2
17 0 2 27 1 2
19 10 2 25 11 2
28 19 2 31 20 2
19 12 2 23 13 2
43 23 2 49 24 2
20 34 2 26 35 2
2 10 2 8 11 2
34 44 2 43 45 2
8 31 2 12 32 2
1 54 2 6 55 2
5 3 3 6 6 3
19 34 3 20 38 3
37 48 3 38 54 3
23 43 3 24 50 3
39 33 3 40 41 3
44 15 3 45 19 3
11 1 3 12 8 3
52 16 3 53 21 3
34 27 3 35 31 3
36 16 3 37 23 3
45 32 3 46 37 3
17 0 3 18 5 3
49 25 3 50 28 3
25 8 3 26 12 3
5 43 3 6 53 3
6 25 3 7 33 3
56 23 3 57 26 3
10 7 3 11 15 3
20 25 3 21 34 3
36 45 3 37 49 3
47 55 3 48 59 3
13 27 3 14 32 3
48 35 3 49 39 3
40 27 3 41 30 3
24 18 4 33 19 4
52 29 4 56 30 4
11 19 4 20 20 4
17 16 4 21 17 4
0 29 4 7 30 4
18 3 4 22 4 4
33 28 4 42 29 4
26 33 4 36 34 4
7 29 4 11 30 4
49 52 4 52 53 4
17 56 4 22 57 4
37 43 4 46 44 4
9 4 4 13 5 4
53 6 4 56 7 4
42 50 4 52 51 4
12 58 4 18 59 4
12 23 4 15 24 4
23 44 4 29 45 4
4 33 4 10 34 4
42 53 4 48 54 4
0 18 4 6 19 4
26 9 4 36 10 4
37 2 4 42 3 4
29 51 4 37 52 4
56 7 5 57 10 5
57 26 5 58 31 5
51 46 5 52 51 5
38 35 5 39 41 5
4 49 5 5 56 5
58 19 5 59 26 5
2 48 5 3 58 5
1 19 5 2 26 5
53 5 5 54 11 5
41 15 5 42 21 5
52 45 5 53 50 5
21 28 5 22 36 5
20 30 5 21 37 5
8 49 5 9 54 5
40 37 5 41 42 5
12 12 5 13 15 5
23 40 5 24 47 5
39 44 5 40 51 5
3 33 5 4 39 5
42 25 5 43 34 5
36 42 5 37 48 5
2 37 5 3 47 5
46 7 5 47 14 5
50 0 5 51 5 5
Net_num 160
Net_id 0
pin_num 5
58 24 0
52 24 0
57 14 0
59 10 0
59 31 0
Net_id 1
pin_num 5
37 40 0
33 26 0
47 26 0
12 26 0
36 43 0
Net_id 2
pin_num 5
33 23 0
22 18 0
33 18 0
45 22 0
28 24 0
Net_id 3
pin_num 5
39 41 0
35 44 0
39 42 0
14 42 0
13 48 0
Net_id 4
pin_num 5
51 14 0
58 30 0
54 25 0
57 37 0
50 21 0
Net_id 5
pin_num 5
39 11 0
36 15 0
59 15 0
59 32 0
56 0 0
Net_id 6
pin_num 5
24 45 0
22 30 0
13 19 0
1 19 0
15 28 0
Net_id 7
pin_num 5
54 36 0
58 40 0
49 38 0
50 25 0
53 35 0
Net_id 8
pin_num 5
25 34 0
17 24 0
5 33 0
7 23 0
21 49 0
Net_id 9
pin_num 5
25 31 0
31 34 0
48 31 0
40 52 0
29 25 0
Net_id 10
pin_num 5
12 55 0
18 46 0
18 52 0
16 35 0
12 59 0
Net_id 11
pin_num 5
11 51 0
24 47 0
13 52 0
10 54 0
12 50 0
Net_id 12
pin_num 5
24 36 0
30 33 0
11 33 0
30 19 0
32 25 0
Net_id 13
pin_num 5
22 19 0
35 12 0
26 37 0
9 32 0
26 7 0
Net_id 14
pin_num 5
43 51 0
37 49 0
33 59 0
31 57 0
33 38 0
Net_id 15
pin_num 5
32 43 0
30 37 0
14 34 0
19 49 0
27 24 0
Net_id 16
pin_num 5
8 8 0
6 12 0
1 11 0
6 16 0
2 15 0
Net_id 17
pin_num 5
45 13 0
45 9 0
39 9 0
40 3 0
24 5 0
Net_id 18
pin_num 5
13 49 0
15 44 0
9 50 0
13 43 0
4 46 0
Net_id 19
pin_num 5
20 29 0
32 32 0
26 30 0
26 6 0
26 58 0
Net_id 20
pin_num 4
43 29 0
37 29 0
31 29 0
39 50 0
Net_id 21
pin_num 4
23 27 0
18 36 0
29 35 0
0 39 0
Net_id 22
pin_num 4
28 5 0
37 5 0
30 0 0
25 10 0
Net_id 23
pin_num 4
25 44 0
12 39 0
8 59 0
0 56 0
Net_id 24
pin_num 4
42 22 0
34 17 0
52 17 0
38 17 0
Net_id 25
pin_num 4
33 8 0
45 3 0
59 3 0
43 0 0
Net_id 26
pin_num 4
24 22 0
25 17 0
25 37 0
47 32 0
Net_id 27
pin_num 4
41 50 0
53 47 0
53 57 0
44 35 0
Net_id 28
pin_num 4
42 2 0
32 6 0
42 4 0
31 10 0
Net_id 29
pin_num 4
51 22 0
42 27 0
53 20 0
55 30 0
Net_id 30
pin_num 4
57 11 0
39 7 0
51 0 0
53 18 0
Net_id 31
pin_num 4
25 54 0
38 56 0
41 59 0
33 37 0
Net_id 32
pin_num 4
7 2 0
3 0 0
6 7 0
22 1 0
Net_id 33
pin_num 4
49 57 0
42 47 0
42 32 0
36 32 0
Net_id 34
pin_num 4
51 27 0
58 39 0
56 31 0
59 38 0
Net_id 35
pin_num 4
8 35 0
17 39 0
32 38 0
30 57 0
Net_id 36
pin_num 4
25 57 0
34 53 0
20 59 0
7 56 0
Net_id 37
pin_num 4
57 4 0
48 4 0
54 22 0
59 9 0
Net_id 38
pin_num 4
15 41 0
22 47 0
8 40 0
19 55 0
Net_id 39
pin_num 4
10 26 0
2 21 0
19 17 0
17 13 0
Net_id 40
pin_num 3
22 58 0
35 53 0
52 52 0
Net_id 41
pin_num 3
6 36 0
17 36 0
0 20 0
Net_id 42
pin_num 3
8 43 0
19 57 0
30 59 0
Net_id 43
pin_num 3
35 40 0
20 37 0
38 59 0
Net_id 44
pin_num 3
21 35 0
28 35 0
16 45 0
Net_id 45
pin_num 3
10 13 0
34 23 0
15 0 0
Net_id 46
pin_num 3
17 19 0
16 15 0
2 16 0
Net_id 47
pin_num 3
30 3 0
38 0 0
42 18 0
Net_id 48
pin_num 3
53 58 0
56 35 0
58 59 0
Net_id 49
pin_num 3
41 57 0
44 54 0
39 56 0
Net_id 50
pin_num 3
26 55 0
13 44 0
20 57 0
Net_id 51
pin_num 3
55 7 0
42 3 0
13 5 0
Net_id 52
pin_num 3
9 58 0
0 55 0
25 53 0
Net_id 53
pin_num 3
57 16 0
58 29 0
54 2 0
Net_id 54
pin_num 3
30 14 0
42 7 0
21 17 0
Net_id 55
pin_num 3
29 58 0
22 54 0
4 52 0
Net_id 56
pin_num 3
45 25 0
39 25 0
38 10 0
Net_id 57
pin_num 3
34 44 0
20 49 0
37 46 0
Net_id 58
pin_num 3
56 37 0
39 37 0
38 53 0
Net_id 59
pin_num 3
1 44 0
13 47 0
0 23 0
Net_id 60
pin_num 3
1 54 0
0 41 0
19 59 0
Net_id 61
pin_num 3
6 30 0
2 28 0
0 7 0
Net_id 62
pin_num 3
29 56 0
18 59 0
11 53 0
Net_id 63
pin_num 3
32 52 0
38 57 0
59 53 0
Net_id 64
pin_num 3
59 46 0
52 31 0
36 25 0
Net_id 65
pin_num 3
3 54 0
8 57 0
16 50 0
Net_id 66
pin_num 3
53 28 0
30 35 0
43 12 0
Net_id 67
pin_num 3
44 38 0
59 33 0
58 13 0
Net_id 68
pin_num 3
11 50 0
3 45 0
11 28 0
Net_id 69
pin_num 3
17 54 0
4 41 0
6 54 0
Net_id 70
pin_num 3
19 31 0
31 19 0
18 23 0
Net_id 71
pin_num 3
31 43 0
27 30 0
31 49 0
Net_id 72
pin_num 3
7 54 0
12 45 0
1 56 0
Net_id 73
pin_num 3
21 45 0
23 28 0
13 42 0
Net_id 74
pin_num 3
49 27 0
44 28 0
47 23 0
Net_id 75
pin_num 3
1 16 0
20 9 0
4 37 0
Net_id 76
pin_num 3
38 39 0
32 40 0
20 24 0
Net_id 77
pin_num 3
34 46 0
14 37 0
41 38 0
Net_id 78
pin_num 3
40 36 0
56 26 0
56 28 0
Net_id 79
pin_num 3
21 28 0
18 24 0
11 27 0
Net_id 80
pin_num 3
38 43 0
41 46 0
36 46 0
Net_id 81
pin_num 2
52 38 0
58 58 0
Net_id 82
pin_num 2
56 57 0
52 53 0
Net_id 83
pin_num 2
46 54 0
59 47 0
Net_id 84
pin_num 2
9 20 0
0 3 0
Net_id 85
pin_num 2
20 54 0
22 50 0
Net_id 86
pin_num 2
44 11 0
33 30 0
Net_id 87
pin_num 2
32 2 0
37 19 0
Net_id 88
pin_num 2
24 10 0
1 3 0
Net_id 89
pin_num 2
26 1 0
22 4 0
Net_id 90
pin_num 2
25 51 0
12 57 0
Net_id 91
pin_num 2
22 9 0
49 1 0
Net_id 92
pin_num 2
11 41 0
9 30 0
Net_id 93
pin_num 2
1 43 0
16 57 0
Net_id 94
pin_num 2
18 45 0
32 37 0
Net_id 95
pin_num 2
55 58 0
55 49 0
Net_id 96
pin_num 2
13 41 0
2 23 0
Net_id 97
pin_num 2
3 47 0
7 42 0
Net_id 98
pin_num 2
2 20 0
7 17 0
Net_id 99
pin_num 2
41 58 0
27 55 0
Net_id 100
pin_num 2
4 12 0
4 7 0
Net_id 101
pin_num 2
39 18 0
40 27 0
Net_id 102
pin_num 2
4 51 0
4 50 0
Net_id 103
pin_num 2
32 51 0
17 37 0
Net_id 104
pin_num 2
43 27 0
54 33 0
Net_id 105
pin_num 2
57 51 0
38 33 0
Net_id 106
pin_num 2
43 28 0
38 13 0
Net_id 107
pin_num 2
29 12 0
26 3 0
Net_id 108
pin_num 2
25 45 0
27 43 0
Net_id 109
pin_num 2
46 46 0
29 40 0
Net_id 110
pin_num 2
43 42 0
59 49 0
Net_id 111
pin_num 2
55 39 0
50 51 0
Net_id 112
pin_num 2
11 9 0
4 6 0
Net_id 113
pin_num 2
32 53 0
41 47 0
Net_id 114
pin_num 2
12 25 0
14 14 0
Net_id 115
pin_num 2
8 22 0
18 27 0
Net_id 116
pin_num 2
41 48 0
58 41 0
Net_id 117
pin_num 2
31 7 0
24 15 0
Net_id 118
pin_num 2
49 41 0
24 14 0
Net_id 119
pin_num 2
53 0 0
52 1 0
Net_id 120
pin_num 2
4 17 0
5 22 0
Net_id 121
pin_num 2
13 14 0
5 11 0
Net_id 122
pin_num 2
8 30 0
7 7 0
Net_id 123
pin_num 2
52 19 0
38 36 0
Net_id 124
pin_num 2
44 52 0
45 49 0
Net_id 125
pin_num 2
48 10 0
51 15 0
Net_id 126
pin_num 2
41 16 0
55 1 0
Net_id 127
pin_num 2
6 44 0
0 35 0
Net_id 128
pin_num 2
44 51 0
50 53 0
Net_id 129
pin_num 2
32 15 0
19 6 0
Net_id 130
pin_num 2
59 45 0
32 35 0
Net_id 131
pin_num 2
30 49 0
12 29 0
Net_id 132
pin_num 2
17 10 0
2 3 0
Net_id 133
pin_num 2
34 41 0
32 47 0
Net_id 134
pin_num 2
44 43 0
43 4 0
Net_id 135
pin_num 2
16 7 0
25 3 0
Net_id 136
pin_num 2
25 0 0
7 10 0
Net_id 137
pin_num 2
16 4 0
9 2 0
Net_id 138
pin_num 2
4 28 0
9 41 0
Net_id 139
pin_num 2
24 6 0
20 7 0
Net_id 140
pin_num 2
45 40 0
48 30 0
Net_id 141
pin_num 2
49 0 0
28 10 0
Net_id 142
pin_num 2
21 30 0
21 39 0
Net_id 143
pin_num 2
33 36 0
48 26 0
Net_id 144
pin_num 2
22 8 0
17 3 0
Net_id 145
pin_num 2
35 11 0
17 16 0
Net_id 146
pin_num 2
16 20 0
12 22 0
Net_id 147
pin_num 2
31 27 0
15 43 0
Net_id 148
pin_num 2
20 2 0
14 3 0
Net_id 149
pin_num 2
53 49 0
49 46 0
Net_id 150
pin_num 2
48 14 0
6 34 0
Net_id 151
pin_num 2
52 34 0
49 24 0
Net_id 152
pin_num 2
8 33 0
1 15 0
Net_id 153
pin_num 2
25 7 0
30 1 0
Net_id 154
pin_num 2
5 23 0
20 53 0
Net_id 155
pin_num 2
49 39 0
51 32 0
Net_id 156
pin_num 2
17 28 0
9 42 0
Net_id 157
pin_num 2
44 45 0
49 44 0
Net_id 158
pin_num 2
49 5 0
54 26 0
Net_id 159
pin_num 2
36 58 0
25 43 0
