Width 60
Height 60
Layer 6
Total_WL 6382
Obstacle_num 144
30 52 0 40 53 0
30 22 0 38 23 0
23 50 0 33 51 0
10 0 0 18 1 0
42 1 0 51 2 0
16 37 0 19 38 0
17 49 0 24 50 0
9 9 0 12 10 0
29 1 0 34 2 0
51 29 0 59 30 0
7 25 0 14 26 0
33 20 0 42 21 0
40 55 0 46 56 0
29 0 0 39 1 0
46 48 0 49 49 0
55 14 0 58 15 0
41 50 0 45 51 0
49 20 0 54 21 0
42 42 0 50 43 0
28 55 0 38 56 0
10 14 0 16 15 0
28 53 0 33 54 0
35 53 0 39 54 0
10 52 0 20 53 0
41 24 1 42 33 1
37 46 1 38 50 1
45 6 1 46 10 1
14 28 1 15 38 1
45 22 1 46 32 1
41 48 1 42 52 1
38 47 1 39 56 1
37 12 1 38 17 1
38 8 1 39 17 1
27 2 1 28 7 1
52 41 1 53 47 1
38 1 1 39 6 1
29 21 1 30 30 1
47 5 1 48 9 1
33 27 1 34 34 1
5 48 1 6 54 1
21 42 1 22 49 1
22 19 1 23 28 1
32 43 1 33 51 1
9 47 1 10 55 1
7 33 1 8 42 1
46 51 1 47 56 1
52 34 1 53 41 1
4 51 1 5 56 1
28 22 2 35 23 2
34 19 2 42 20 2
43 43 2 46 44 2
33 12 2 37 13 2
41 33 2 47 34 2
10 2 2 14 3 2
20 15 2 30 16 2
4 3 2 9 4 2
15 15 2 18 16 2
11 14 2 14 15 2
35 23 2 38 24 2
21 21 2 27 22 2
48 44 2 56 45 2
41 29 2 47 30 2
49 51 2 52 52 2
35 51 2 38 52 2
11 38 2 18 39 2
48 10 2 51 11 2
29 28 2 36 29 2
14 10 2 17 11 2
3 43 2 6 44 2
49 5 2 57 6 2
15 42 2 20 43 2
44 7 2 52 8 2
5 38 3 6 47 3
0 27 3 1 31 3
20 36 3 21 45 3
12 45 3 13 53 3
31 40 3 32 49 3
46 16 3 47 23 3
56 37 3 57 42 3
45 26 3 46 29 3
4 54 3 5 57 3
13 12 3 14 20 3
55 26 3 56 35 3
25 36 3 26 43 3
8 47 3 9 54 3
11 42 3 12 49 3
8 0 3 9 6 3
21 44 3 22 53 3
1 19 3 2 28 3
51 28 3 52 35 3
6 32 3 7 36 3
58 34 3 59 42 3
17 50 3 18 56 3
54 24 3 55 29 3
27 12 3 28 16 3
29 39 3 30 43 3
48 34 4 58 35 4
25 42 4 29 43 4
35 21 4 41 22 4
52 3 4 59 4 4
43 24 4 52 25 4
45 17 4 52 18 4
51 18 4 59 19 4
13 58 4 23 59 4
29 37 4 38 38 4
22 40 4 25 41 4
18 31 4 26 32 4
1 26 4 4 27 4
0 13 4 10 14 4
14 52 4 19 53 4
42 16 4 52 17 4
31 32 4 39 33 4
45 49 4 48 50 4
25 47 4 34 48 4
5 55 4 14 56 4
47 32 4 52 33 4
26 8 4 36 9 4
17 36 4 22 37 4
56 51 4 59 52 4
47 52 4 55 53 4
18 6 5 19 13 5
34 33 5 35 37 5
53 25 5 54 30 5
38 47 5 39 57 5
15 40 5 16 44 5
37 31 5 38 41 5
13 7 5 14 10 5
41 46 5 42 50 5
23 9 5 24 13 5
54 36 5 55 41 5
47 38 5 48 45 5
43 17 5 44 26 5
35 25 5 36 30 5
11 20 5 12 23 5
42 5 5 43 10 5
7 5 5 8 8 5
43 35 5 44 39 5
9 7 5 10 10 5
41 30 5 42 36 5
44 4 5 45 11 5
3 30 5 4 39 5
58 0 5 59 10 5
11 2 5 12 12 5
20 1 5 21 5 5
Net_num 158
Net_id 0
pin_num 5
23 38 0
24 30 0
24 53 0
17 47 0
44 34 0
Net_id 1
pin_num 5
4 48 0
14 48 0
26 48 0
0 36 0
9 38 0
Net_id 2
pin_num 5
25 47 0
38 41 0
26 58 0
35 56 0
38 54 0
Net_id 3
pin_num 5
45 3 0
43 0 0
52 0 0
53 3 0
45 2 0
Net_id 4
pin_num 5
26 39 0
23 51 0
11 59 0
16 59 0
12 49 0
Net_id 5
pin_num 5
24 8 0
26 9 0
12 8 0
13 31 0
0 31 0
Net_id 6
pin_num 5
51 45 0
48 34 0
48 11 0
59 0 0
50 49 0
Net_id 7
pin_num 5
29 10 0
28 13 0
17 10 0
19 29 0
15 11 0
Net_id 8
pin_num 5
56 37 0
36 39 0
55 41 0
53 38 0
46 29 0
Net_id 9
pin_num 5
54 7 0
56 10 0
59 5 0
56 33 0
59 12 0
Net_id 10
pin_num 5
17 35 0
30 33 0
30 35 0
47 34 0
33 37 0
Net_id 11
pin_num 5
35 17 0
52 17 0
44 17 0
37 25 0
51 32 0
Net_id 12
pin_num 5
21 36 0
27 42 0
12 31 0
29 31 0
29 41 0
Net_id 13
pin_num 5
14 10 0
16 20 0
16 32 0
1 20 0
10 27 0
Net_id 14
pin_num 5
57 54 0
57 53 0
58 48 0
48 59 0
59 47 0
Net_id 15
pin_num 5
14 41 0
11 38 0
22 34 0
17 22 0
21 19 0
Net_id 16
pin_num 5
51 49 0
58 49 0
54 59 0
59 37 0
43 58 0
Net_id 17
pin_num 5
52 11 0
57 6 0
49 6 0
43 7 0
22 7 0
Net_id 18
pin_num 5
15 55 0
5 47 0
5 56 0
18 51 0
0 57 0
Net_id 19
pin_num 4
32 29 0
44 28 0
40 45 0
44 43 0
Net_id 20
pin_num 4
35 9 0
41 4 0
20 5 0
4 5 0
Net_id 21
pin_num 4
5 21 0
14 11 0
0 6 0
15 4 0
Net_id 22
pin_num 4
59 57 0
50 50 0
22 50 0
29 56 0
Net_id 23
pin_num 4
26 41 0
45 40 0
33 56 0
43 46 0
Net_id 24
pin_num 4
30 11 0
38 21 0
32 4 0
49 24 0
Net_id 25
pin_num 4
10 54 0
3 54 0
5 59 0
5 58 0
Net_id 26
pin_num 4
11 17 0
1 13 0
9 23 0
16 13 0
Net_id 27
pin_num 4
53 42 0
54 23 0
47 40 0
59 43 0
Net_id 28
pin_num 4
45 11 0
49 19 0
45 4 0
51 1 0
Net_id 29
pin_num 4
4 42 0
9 36 0
16 47 0
13 49 0
Net_id 30
pin_num 4
38 33 0
35 31 0
31 26 0
50 31 0
Net_id 31
pin_num 4
32 58 0
39 58 0
47 57 0
32 59 0
Net_id 32
pin_num 4
15 26 0
15 19 0
30 24 0
30 25 0
Net_id 33
pin_num 4
7 8 0
14 3 0
33 3 0
39 0 0
Net_id 34
pin_num 4
37 44 0
20 43 0
31 57 0
48 55 0
Net_id 35
pin_num 4
13 54 0
15 47 0
27 59 0
27 58 0
Net_id 36
pin_num 4
47 50 0
56 57 0
56 46 0
53 35 0
Net_id 37
pin_num 4
40 41 0
30 45 0
43 56 0
16 49 0
Net_id 38
pin_num 3
35 49 0
28 37 0
13 39 0
Net_id 39
pin_num 3
9 40 0
5 43 0
0 49 0
Net_id 40
pin_num 3
50 41 0
57 41 0
57 52 0
Net_id 41
pin_num 3
31 37 0
26 27 0
36 28 0
Net_id 42
pin_num 3
56 11 0
59 6 0
53 33 0
Net_id 43
pin_num 3
56 24 0
46 14 0
53 7 0
Net_id 44
pin_num 3
49 38 0
59 46 0
57 18 0
Net_id 45
pin_num 3
18 24 0
1 32 0
25 32 0
Net_id 46
pin_num 3
54 36 0
58 37 0
42 58 0
Net_id 47
pin_num 3
43 20 0
53 36 0
48 33 0
Net_id 48
pin_num 3
14 50 0
2 50 0
14 46 0
Net_id 49
pin_num 3
19 2 0
21 1 0
20 12 0
Net_id 50
pin_num 3
12 11 0
5 14 0
0 5 0
Net_id 51
pin_num 3
52 5 0
55 8 0
49 2 0
Net_id 52
pin_num 3
26 33 0
22 32 0
35 21 0
Net_id 53
pin_num 3
37 41 0
31 39 0
32 30 0
Net_id 54
pin_num 3
1 23 0
11 26 0
16 22 0
Net_id 55
pin_num 3
54 32 0
57 31 0
47 35 0
Net_id 56
pin_num 3
14 27 0
3 32 0
2 19 0
Net_id 57
pin_num 3
45 23 0
53 21 0
38 6 0
Net_id 58
pin_num 3
57 44 0
42 32 0
32 21 0
Net_id 59
pin_num 3
58 21 0
58 16 0
44 8 0
Net_id 60
pin_num 3
15 58 0
27 51 0
56 51 0
Net_id 61
pin_num 3
48 14 0
57 1 0
50 5 0
Net_id 62
pin_num 3
20 25 0
3 12 0
9 10 0
Net_id 63
pin_num 3
5 10 0
0 2 0
12 29 0
Net_id 64
pin_num 3
53 10 0
44 10 0
27 1 0
Net_id 65
pin_num 3
56 3 0
46 5 0
9 0 0
Net_id 66
pin_num 3
8 12 0
1 22 0
5 0 0
Net_id 67
pin_num 3
36 37 0
34 45 0
28 58 0
Net_id 68
pin_num 3
0 52 0
14 26 0
11 55 0
Net_id 69
pin_num 3
7 46 0
16 57 0
10 34 0
Net_id 70
pin_num 3
11 12 0
15 7 0
24 12 0
Net_id 71
pin_num 3
58 30 0
57 25 0
26 1 0
Net_id 72
pin_num 3
47 52 0
40 52 0
24 49 0
Net_id 73
pin_num 3
17 20 0
9 21 0
31 17 0
Net_id 74
pin_num 3
4 14 0
4 26 0
31 25 0
Net_id 75
pin_num 3
13 36 0
27 45 0
21 38 0
Net_id 76
pin_num 3
38 48 0
42 49 0
49 32 0
Net_id 77
pin_num 2
18 18 0
12 18 0
Net_id 78
pin_num 2
28 6 0
26 6 0
Net_id 79
pin_num 2
4 44 0
17 19 0
Net_id 80
pin_num 2
48 28 0
36 42 0
Net_id 81
pin_num 2
0 12 0
7 2 0
Net_id 82
pin_num 2
11 56 0
25 49 0
Net_id 83
pin_num 2
49 39 0
28 26 0
Net_id 84
pin_num 2
49 48 0
56 58 0
Net_id 85
pin_num 2
28 46 0
30 48 0
Net_id 86
pin_num 2
55 45 0
57 10 0
Net_id 87
pin_num 2
25 9 0
15 2 0
Net_id 88
pin_num 2
36 15 0
14 7 0
Net_id 89
pin_num 2
20 19 0
20 24 0
Net_id 90
pin_num 2
13 42 0
3 49 0
Net_id 91
pin_num 2
10 44 0
8 43 0
Net_id 92
pin_num 2
12 28 0
18 40 0
Net_id 93
pin_num 2
33 50 0
40 53 0
Net_id 94
pin_num 2
37 31 0
28 38 0
Net_id 95
pin_num 2
32 20 0
23 20 0
Net_id 96
pin_num 2
59 31 0
56 34 0
Net_id 97
pin_num 2
54 21 0
54 19 0
Net_id 98
pin_num 2
44 54 0
54 47 0
Net_id 99
pin_num 2
33 9 0
41 0 0
Net_id 100
pin_num 2
24 52 0
11 57 0
Net_id 101
pin_num 2
14 32 0
5 38 0
Net_id 102
pin_num 2
51 50 0
58 43 0
Net_id 103
pin_num 2
8 34 0
3 21 0
Net_id 104
pin_num 2
11 15 0
29 17 0
Net_id 105
pin_num 2
52 26 0
55 35 0
Net_id 106
pin_num 2
8 56 0
4 50 0
Net_id 107
pin_num 2
53 9 0
41 22 0
Net_id 108
pin_num 2
4 51 0
2 44 0
Net_id 109
pin_num 2
37 56 0
42 56 0
Net_id 110
pin_num 2
6 18 0
1 0 0
Net_id 111
pin_num 2
48 56 0
40 28 0
Net_id 112
pin_num 2
35 4 0
29 11 0
Net_id 113
pin_num 2
57 15 0
53 1 0
Net_id 114
pin_num 2
0 42 0
3 41 0
Net_id 115
pin_num 2
53 43 0
59 22 0
Net_id 116
pin_num 2
25 25 0
35 3 0
Net_id 117
pin_num 2
33 10 0
41 23 0
Net_id 118
pin_num 2
41 44 0
45 43 0
Net_id 119
pin_num 2
22 27 0
31 35 0
Net_id 120
pin_num 2
10 18 0
10 7 0
Net_id 121
pin_num 2
52 13 0
45 16 0
Net_id 122
pin_num 2
49 29 0
56 31 0
Net_id 123
pin_num 2
26 16 0
15 28 0
Net_id 124
pin_num 2
18 33 0
20 26 0
Net_id 125
pin_num 2
19 17 0
41 18 0
Net_id 126
pin_num 2
11 16 0
16 33 0
Net_id 127
pin_num 2
39 35 0
29 19 0
Net_id 128
pin_num 2
19 30 0
30 19 0
Net_id 129
pin_num 2
16 3 0
3 15 0
Net_id 130
pin_num 2
48 43 0
46 44 0
Net_id 131
pin_num 2
51 28 0
41 42 0
Net_id 132
pin_num 2
23 32 0
3 25 0
Net_id 133
pin_num 2
41 32 0
29 32 0
Net_id 134
pin_num 2
44 41 0
37 42 0
Net_id 135
pin_num 2
39 38 0
58 44 0
Net_id 136
pin_num 2
59 56 0
49 58 0
Net_id 137
pin_num 2
41 24 0
26 37 0
Net_id 138
pin_num 2
17 57 0
21 51 0
Net_id 139
pin_num 2
15 22 0
4 21 0
Net_id 140
pin_num 2
19 16 0
13 3 0
Net_id 141
pin_num 2
29 12 0
4 22 0
Net_id 142
pin_num 2
24 51 0
37 38 0
Net_id 143
pin_num 2
56 53 0
48 53 0
Net_id 144
pin_num 2
11 4 0
12 23 0
Net_id 145
pin_num 2
41 10 0
27 16 0
Net_id 146
pin_num 2
11 32 0
8 35 0
Net_id 147
pin_num 2
10 43 0
24 37 0
Net_id 148
pin_num 2
28 32 0
15 29 0
Net_id 149
pin_num 2
15 17 0
15 12 0
Net_id 150
pin_num 2
48 7 0
38 22 0
Net_id 151
pin_num 2
9 31 0
2 33 0
Net_id 152
pin_num 2
58 23 0
31 16 0
Net_id 153
pin_num 2
48 26 0
39 33 0
Net_id 154
pin_num 2
36 23 0
49 35 0
Net_id 155
pin_num 2
16 35 0
8 31 0
Net_id 156
pin_num 2
45 15 0
34 31 0
Net_id 157
pin_num 2
38 18 0
22 41 0
