Width 60
Height 60
Layer 6
Total_WL 7041
Obstacle_num 144
1 23 0 11 24 0
0 54 0 10 55 0
49 47 0 57 48 0
46 6 0 51 7 0
11 13 0 16 14 0
5 43 0 13 44 0
48 44 0 54 45 0
23 10 0 29 11 0
12 51 0 18 52 0
38 46 0 45 47 0
14 6 0 23 7 0
33 17 0 36 18 0
50 5 0 57 6 0
40 17 0 50 18 0
29 24 0 32 25 0
31 23 0 41 24 0
39 42 0 47 43 0
13 39 0 20 40 0
44 24 0 51 25 0
49 28 0 54 29 0
51 23 0 56 24 0
50 2 0 53 3 0
18 47 0 25 48 0
1 5 0 11 6 0
36 5 1 37 14 1
4 41 1 5 47 1
32 46 1 33 52 1
19 0 1 20 8 1
5 37 1 6 40 1
51 16 1 52 19 1
28 0 1 29 3 1
3 18 1 4 22 1
54 17 1 55 22 1
40 10 1 41 13 1
6 36 1 7 45 1
33 46 1 34 50 1
39 0 1 40 4 1
18 39 1 19 49 1
23 48 1 24 55 1
2 15 1 3 21 1
47 30 1 48 39 1
47 39 1 48 49 1
22 31 1 23 34 1
49 8 1 50 12 1
42 35 1 43 41 1
4 14 1 5 17 1
29 48 1 30 53 1
31 19 1 32 29 1
20 42 2 23 43 2
17 17 2 23 18 2
3 17 2 9 18 2
34 20 2 40 21 2
36 28 2 41 29 2
27 16 2 30 17 2
47 35 2 52 36 2
16 21 2 25 22 2
33 3 2 36 4 2
17 31 2 22 32 2
2 3 2 12 4 2
6 35 2 16 36 2
4 14 2 10 15 2
47 37 2 55 38 2
51 47 2 58 48 2
13 3 2 23 4 2
47 18 2 52 19 2
22 5 2 29 6 2
53 20 2 59 21 2
31 35 2 34 36 2
20 41 2 30 42 2
14 27 2 21 28 2
5 11 2 9 12 2
51 23 2 54 24 2
18 16 3 19 21 3
51 49 3 52 57 3
23 31 3 24 41 3
7 22 3 8 25 3
44 44 3 45 52 3
53 17 3 54 26 3
14 49 3 15 58 3
4 49 3 5 58 3
28 42 3 29 47 3
11 6 3 12 13 3
42 5 3 43 15 3
47 26 3 48 29 3
47 16 3 48 24 3
3 18 3 4 26 3
55 20 3 56 27 3
35 49 3 36 58 3
36 49 3 37 54 3
54 4 3 55 14 3
58 33 3 59 41 3
2 48 3 3 55 3
56 39 3 57 46 3
49 32 3 50 36 3
7 28 3 8 36 3
13 5 3 14 12 3
46 26 4 51 27 4
49 53 4 55 54 4
46 10 4 54 11 4
30 39 4 35 40 4
40 51 4 50 52 4
7 57 4 12 58 4
22 19 4 31 20 4
5 48 4 10 49 4
33 8 4 40 9 4
11 36 4 19 37 4
20 4 4 27 5 4
17 24 4 23 25 4
33 32 4 40 33 4
29 50 4 34 51 4
37 36 4 42 37 4
22 55 4 28 56 4
54 57 4 59 58 4
44 42 4 52 43 4
16 42 4 24 43 4
20 13 4 27 14 4
8 5 4 11 6 4
34 52 4 37 53 4
3 46 4 8 47 4
10 24 4 13 25 4
15 6 5 16 15 5
50 46 5 51 49 5
48 43 5 49 46 5
34 24 5 35 33 5
24 24 5 25 32 5
52 16 5 53 26 5
49 27 5 50 32 5
14 37 5 15 44 5
53 3 5 54 11 5
37 8 5 38 18 5
2 29 5 3 36 5
47 26 5 48 34 5
56 8 5 57 11 5
31 41 5 32 49 5
52 37 5 53 40 5
55 5 5 56 8 5
51 18 5 52 28 5
50 51 5 51 58 5
34 9 5 35 12 5
29 7 5 30 13 5
25 11 5 26 14 5
39 28 5 40 37 5
16 29 5 17 36 5
26 42 5 27 51 5
Net_num 160
Net_id 0
pin_num 5
51 32 0
54 27 0
59 23 0
51 24 0
33 32 0
Net_id 1
pin_num 5
8 32 0
6 31 0
30 32 0
14 37 0
21 43 0
Net_id 2
pin_num 5
8 17 0
24 16 0
16 33 0
44 16 0
22 27 0
Net_id 3
pin_num 5
53 26 0
45 14 0
47 19 0
47 8 0
59 36 0
Net_id 4
pin_num 5
22 29 0
31 34 0
5 29 0
34 29 0
8 21 0
Net_id 5
pin_num 5
58 8 0
46 11 0
59 4 0
37 2 0
57 3 0
Net_id 6
pin_num 5
18 19 0
27 22 0
25 4 0
25 39 0
21 12 0
Net_id 7
pin_num 5
39 51 0
44 51 0
43 29 0
43 6 0
32 37 0
Net_id 8
pin_num 5
29 37 0
24 31 0
9 31 0
15 19 0
49 36 0
Net_id 9
pin_num 5
17 55 0
12 55 0
19 38 0
0 49 0
11 38 0
Net_id 10
pin_num 5
51 52 0
58 41 0
59 54 0
58 53 0
48 45 0
Net_id 11
pin_num 5
18 55 0
23 59 0
11 59 0
21 46 0
20 44 0
Net_id 12
pin_num 5
14 16 0
11 24 0
8 16 0
11 3 0
25 23 0
Net_id 13
pin_num 5
24 6 0
28 6 0
27 14 0
46 12 0
46 0 0
Net_id 14
pin_num 5
19 42 0
0 42 0
11 30 0
0 25 0
11 48 0
Net_id 15
pin_num 5
28 20 0
16 20 0
17 28 0
0 20 0
16 26 0
Net_id 16
pin_num 5
20 57 0
10 55 0
15 59 0
0 55 0
9 45 0
Net_id 17
pin_num 5
17 52 0
27 58 0
36 59 0
35 37 0
49 46 0
Net_id 18
pin_num 5
52 12 0
48 13 0
48 20 0
49 19 0
59 14 0
Net_id 19
pin_num 5
57 38 0
51 45 0
55 37 0
34 43 0
48 40 0
Net_id 20
pin_num 4
28 1 0
21 5 0
30 3 0
36 14 0
Net_id 21
pin_num 4
21 2 0
24 7 0
41 0 0
38 7 0
Net_id 22
pin_num 4
43 15 0
52 29 0
54 35 0
58 27 0
Net_id 23
pin_num 4
44 26 0
50 17 0
41 20 0
48 26 0
Net_id 24
pin_num 4
14 46 0
18 35 0
15 52 0
37 59 0
Net_id 25
pin_num 4
33 28 0
23 16 0
18 18 0
6 18 0
Net_id 26
pin_num 4
43 45 0
34 49 0
24 41 0
37 29 0
Net_id 27
pin_num 4
37 48 0
45 44 0
39 53 0
27 48 0
Net_id 28
pin_num 4
17 5 0
12 11 0
29 8 0
1 8 0
Net_id 29
pin_num 4
40 43 0
41 59 0
22 44 0
30 36 0
Net_id 30
pin_num 4
28 19 0
42 21 0
36 28 0
29 27 0
Net_id 31
pin_num 4
48 57 0
58 58 0
44 55 0
59 21 0
Net_id 32
pin_num 4
6 47 0
2 58 0
0 41 0
7 52 0
Net_id 33
pin_num 4
46 45 0
46 33 0
58 44 0
57 34 0
Net_id 34
pin_num 4
31 31 0
28 11 0
41 1 0
50 9 0
Net_id 35
pin_num 4
37 10 0
30 6 0
30 18 0
30 7 0
Net_id 36
pin_num 4
24 51 0
31 52 0
38 57 0
36 37 0
Net_id 37
pin_num 4
45 31 0
52 35 0
49 7 0
40 20 0
Net_id 38
pin_num 4
45 25 0
26 26 0
50 29 0
48 42 0
Net_id 39
pin_num 3
34 18 0
27 35 0
19 35 0
Net_id 40
pin_num 3
35 42 0
28 42 0
12 47 0
Net_id 41
pin_num 3
38 9 0
55 1 0
29 6 0
Net_id 42
pin_num 3
44 13 0
26 2 0
7 0 0
Net_id 43
pin_num 3
36 54 0
18 56 0
20 43 0
Net_id 44
pin_num 3
54 45 0
45 34 0
58 14 0
Net_id 45
pin_num 3
48 49 0
42 58 0
42 34 0
Net_id 46
pin_num 3
46 51 0
41 58 0
57 59 0
Net_id 47
pin_num 3
59 11 0
48 7 0
6 0 0
Net_id 48
pin_num 3
25 22 0
39 18 0
27 15 0
Net_id 49
pin_num 3
5 34 0
13 25 0
0 4 0
Net_id 50
pin_num 3
30 17 0
33 22 0
57 23 0
Net_id 51
pin_num 3
1 55 0
15 37 0
36 58 0
Net_id 52
pin_num 3
43 58 0
49 41 0
37 52 0
Net_id 53
pin_num 3
15 26 0
2 7 0
34 1 0
Net_id 54
pin_num 3
4 4 0
10 21 0
16 1 0
Net_id 55
pin_num 3
47 14 0
33 11 0
50 16 0
Net_id 56
pin_num 3
45 39 0
51 30 0
50 4 0
Net_id 57
pin_num 3
59 50 0
49 52 0
54 54 0
Net_id 58
pin_num 3
17 4 0
26 24 0
0 17 0
Net_id 59
pin_num 3
6 45 0
1 29 0
1 13 0
Net_id 60
pin_num 3
1 22 0
12 12 0
6 56 0
Net_id 61
pin_num 3
0 52 0
15 56 0
13 44 0
Net_id 62
pin_num 3
53 35 0
46 34 0
55 53 0
Net_id 63
pin_num 3
22 14 0
12 37 0
12 27 0
Net_id 64
pin_num 3
32 47 0
24 55 0
40 25 0
Net_id 65
pin_num 3
10 2 0
2 9 0
7 28 0
Net_id 66
pin_num 3
37 36 0
44 36 0
38 20 0
Net_id 67
pin_num 3
17 24 0
13 22 0
21 44 0
Net_id 68
pin_num 3
54 7 0
50 21 0
48 3 0
Net_id 69
pin_num 3
59 47 0
58 46 0
51 54 0
Net_id 70
pin_num 3
35 50 0
44 54 0
48 53 0
Net_id 71
pin_num 3
48 38 0
41 15 0
51 0 0
Net_id 72
pin_num 3
35 47 0
57 44 0
56 59 0
Net_id 73
pin_num 3
0 32 0
4 36 0
4 12 0
Net_id 74
pin_num 3
28 50 0
38 45 0
22 49 0
Net_id 75
pin_num 3
46 3 0
40 14 0
57 14 0
Net_id 76
pin_num 3
32 32 0
29 38 0
18 40 0
Net_id 77
pin_num 3
24 3 0
12 4 0
20 7 0
Net_id 78
pin_num 3
43 48 0
50 48 0
22 51 0
Net_id 79
pin_num 3
38 3 0
45 4 0
44 27 0
Net_id 80
pin_num 2
24 22 0
19 16 0
Net_id 81
pin_num 2
31 10 0
31 15 0
Net_id 82
pin_num 2
55 17 0
51 29 0
Net_id 83
pin_num 2
47 50 0
41 39 0
Net_id 84
pin_num 2
30 22 0
44 28 0
Net_id 85
pin_num 2
17 49 0
2 57 0
Net_id 86
pin_num 2
42 19 0
51 14 0
Net_id 87
pin_num 2
57 36 0
37 27 0
Net_id 88
pin_num 2
17 45 0
11 49 0
Net_id 89
pin_num 2
5 10 0
12 10 0
Net_id 90
pin_num 2
16 2 0
9 12 0
Net_id 91
pin_num 2
4 58 0
3 44 0
Net_id 92
pin_num 2
5 8 0
0 2 0
Net_id 93
pin_num 2
31 45 0
26 37 0
Net_id 94
pin_num 2
6 28 0
2 21 0
Net_id 95
pin_num 2
59 34 0
46 16 0
Net_id 96
pin_num 2
6 12 0
12 1 0
Net_id 97
pin_num 2
36 21 0
49 25 0
Net_id 98
pin_num 2
17 11 0
8 9 0
Net_id 99
pin_num 2
49 55 0
39 40 0
Net_id 100
pin_num 2
19 30 0
0 29 0
Net_id 101
pin_num 2
33 37 0
39 58 0
Net_id 102
pin_num 2
42 27 0
26 14 0
Net_id 103
pin_num 2
31 58 0
34 46 0
Net_id 104
pin_num 2
55 39 0
50 38 0
Net_id 105
pin_num 2
27 23 0
17 2 0
Net_id 106
pin_num 2
25 9 0
6 1 0
Net_id 107
pin_num 2
20 51 0
12 46 0
Net_id 108
pin_num 2
6 51 0
19 58 0
Net_id 109
pin_num 2
4 9 0
3 13 0
Net_id 110
pin_num 2
59 22 0
45 21 0
Net_id 111
pin_num 2
1 50 0
8 39 0
Net_id 112
pin_num 2
23 34 0
2 47 0
Net_id 113
pin_num 2
32 35 0
18 2 0
Net_id 114
pin_num 2
45 23 0
33 24 0
Net_id 115
pin_num 2
57 49 0
55 33 0
Net_id 116
pin_num 2
29 46 0
17 36 0
Net_id 117
pin_num 2
52 49 0
44 57 0
Net_id 118
pin_num 2
32 56 0
22 52 0
Net_id 119
pin_num 2
12 33 0
32 21 0
Net_id 120
pin_num 2
28 58 0
32 39 0
Net_id 121
pin_num 2
27 9 0
23 11 0
Net_id 122
pin_num 2
31 30 0
32 33 0
Net_id 123
pin_num 2
17 7 0
1 2 0
Net_id 124
pin_num 2
34 39 0
45 33 0
Net_id 125
pin_num 2
0 1 0
7 6 0
Net_id 126
pin_num 2
25 31 0
31 38 0
Net_id 127
pin_num 2
59 59 0
57 54 0
Net_id 128
pin_num 2
27 52 0
22 58 0
Net_id 129
pin_num 2
49 43 0
53 42 0
Net_id 130
pin_num 2
36 15 0
52 9 0
Net_id 131
pin_num 2
32 3 0
35 18 0
Net_id 132
pin_num 2
36 5 0
42 5 0
Net_id 133
pin_num 2
27 53 0
48 54 0
Net_id 134
pin_num 2
56 25 0
42 18 0
Net_id 135
pin_num 2
46 49 0
53 59 0
Net_id 136
pin_num 2
1 31 0
16 19 0
Net_id 137
pin_num 2
23 36 0
30 46 0
Net_id 138
pin_num 2
6 36 0
2 44 0
Net_id 139
pin_num 2
36 29 0
16 28 0
Net_id 140
pin_num 2
36 27 0
27 30 0
Net_id 141
pin_num 2
47 38 0
41 53 0
Net_id 142
pin_num 2
14 40 0
10 37 0
Net_id 143
pin_num 2
20 38 0
33 43 0
Net_id 144
pin_num 2
21 45 0
13 41 0
Net_id 145
pin_num 2
26 18 0
36 17 0
Net_id 146
pin_num 2
43 55 0
31 55 0
Net_id 147
pin_num 2
51 42 0
42 33 0
Net_id 148
pin_num 2
58 35 0
44 56 0
Net_id 149
pin_num 2
5 30 0
16 36 0
Net_id 150
pin_num 2
55 27 0
36 33 0
Net_id 151
pin_num 2
31 18 0
33 15 0
Net_id 152
pin_num 2
28 21 0
22 21 0
Net_id 153
pin_num 2
28 49 0
41 54 0
Net_id 154
pin_num 2
48 56 0
49 56 0
Net_id 155
pin_num 2
55 19 0
52 14 0
Net_id 156
pin_num 2
18 21 0
5 9 0
Net_id 157
pin_num 2
8 30 0
9 19 0
Net_id 158
pin_num 2
50 54 0
58 47 0
Net_id 159
pin_num 2
57 29 0
49 59 0
