Width 60
Height 60
Layer 6
Total_WL 6401
Obstacle_num 144
42 20 0 50 21 0
32 39 0 39 40 0
49 4 0 52 5 0
10 41 0 19 42 0
44 33 0 48 34 0
8 44 0 11 45 0
5 20 0 13 21 0
11 26 0 14 27 0
13 1 0 22 2 0
55 9 0 59 10 0
19 14 0 22 15 0
32 8 0 41 9 0
24 31 0 29 32 0
47 29 0 55 30 0
14 34 0 18 35 0
24 55 0 29 56 0
33 22 0 37 23 0
36 21 0 40 22 0
32 33 0 42 34 0
47 1 0 53 2 0
9 12 0 12 13 0
26 58 0 33 59 0
47 19 0 57 20 0
22 18 0 30 19 0
32 6 1 33 9 1
32 47 1 33 52 1
25 46 1 26 53 1
23 22 1 24 31 1
29 50 1 30 57 1
43 42 1 44 52 1
17 45 1 18 52 1
48 50 1 49 57 1
50 42 1 51 46 1
15 14 1 16 19 1
8 34 1 9 44 1
40 23 1 41 31 1
25 53 1 26 57 1
24 51 1 25 59 1
36 52 1 37 58 1
49 55 1 50 58 1
28 42 1 29 48 1
29 43 1 30 50 1
55 54 1 56 57 1
2 34 1 3 37 1
57 0 1 58 3 1
52 36 1 53 41 1
45 33 1 46 41 1
39 3 1 40 11 1
23 17 2 27 18 2
45 44 2 49 45 2
42 17 2 45 18 2
47 19 2 50 20 2
7 9 2 15 10 2
36 43 2 39 44 2
51 51 2 56 52 2
1 6 2 9 7 2
49 25 2 59 26 2
46 17 2 51 18 2
17 14 2 22 15 2
11 37 2 20 38 2
11 48 2 21 49 2
10 18 2 19 19 2
27 2 2 33 3 2
36 55 2 46 56 2
18 52 2 23 53 2
44 46 2 52 47 2
27 32 2 30 33 2
2 38 2 10 39 2
14 2 2 19 3 2
27 5 2 30 6 2
25 52 2 31 53 2
21 45 2 25 46 2
49 43 3 50 50 3
20 24 3 21 34 3
11 30 3 12 40 3
41 13 3 42 20 3
15 1 3 16 4 3
29 1 3 30 4 3
24 17 3 25 22 3
6 13 3 7 19 3
52 6 3 53 13 3
8 28 3 9 37 3
44 7 3 45 13 3
47 36 3 48 43 3
11 51 3 12 58 3
40 34 3 41 41 3
19 25 3 20 29 3
49 4 3 50 13 3
3 31 3 4 38 3
4 18 3 5 27 3
17 36 3 18 44 3
55 31 3 56 37 3
44 0 3 45 4 3
47 44 3 48 50 3
30 56 3 31 59 3
19 12 3 20 20 3
46 43 4 54 44 4
23 41 4 32 42 4
37 58 4 41 59 4
26 40 4 32 41 4
42 18 4 45 19 4
45 42 4 54 43 4
27 4 4 36 5 4
39 29 4 45 30 4
23 19 4 30 20 4
20 29 4 26 30 4
25 39 4 28 40 4
26 26 4 33 27 4
48 30 4 57 31 4
35 10 4 41 11 4
49 41 4 54 42 4
16 28 4 26 29 4
5 39 4 11 40 4
21 4 4 26 5 4
42 31 4 52 32 4
48 7 4 58 8 4
7 1 4 12 2 4
41 5 4 51 6 4
31 20 4 40 21 4
7 49 4 16 50 4
48 35 5 49 39 5
44 44 5 45 47 5
32 20 5 33 29 5
29 10 5 30 20 5
4 25 5 5 32 5
39 9 5 40 13 5
0 10 5 1 13 5
6 48 5 7 58 5
7 32 5 8 35 5
32 6 5 33 10 5
11 50 5 12 53 5
12 25 5 13 28 5
10 32 5 11 38 5
8 10 5 9 19 5
18 29 5 19 35 5
39 39 5 40 49 5
49 15 5 50 19 5
54 39 5 55 43 5
38 0 5 39 3 5
39 25 5 40 31 5
6 13 5 7 21 5
29 0 5 30 10 5
57 38 5 58 41 5
23 1 5 24 5 5
Net_num 156
Net_id 0
pin_num 5
22 33 0
22 26 0
15 27 0
19 36 0
21 46 0
Net_id 1
pin_num 5
12 9 0
5 8 0
8 18 0
11 11 0
5 0 0
Net_id 2
pin_num 5
59 14 0
53 17 0
58 3 0
43 10 0
48 12 0
Net_id 3
pin_num 5
52 53 0
53 51 0
50 59 0
58 55 0
44 56 0
Net_id 4
pin_num 5
31 48 0
43 54 0
27 59 0
31 49 0
44 59 0
Net_id 5
pin_num 5
55 2 0
54 0 0
58 0 0
54 20 0
57 6 0
Net_id 6
pin_num 5
56 45 0
52 48 0
53 40 0
53 42 0
36 40 0
Net_id 7
pin_num 5
30 20 0
37 19 0
32 34 0
43 46 0
21 31 0
Net_id 8
pin_num 5
15 18 0
13 24 0
14 6 0
19 17 0
18 2 0
Net_id 9
pin_num 5
51 18 0
48 13 0
59 13 0
59 22 0
39 16 0
Net_id 10
pin_num 5
50 37 0
34 41 0
34 21 0
47 21 0
38 57 0
Net_id 11
pin_num 5
2 56 0
1 41 0
8 59 0
0 58 0
3 53 0
Net_id 12
pin_num 5
11 6 0
13 0 0
4 0 0
1 1 0
3 19 0
Net_id 13
pin_num 5
7 2 0
1 17 0
0 20 0
0 28 0
16 18 0
Net_id 14
pin_num 5
34 52 0
32 53 0
22 52 0
32 59 0
35 45 0
Net_id 15
pin_num 5
54 32 0
48 36 0
59 37 0
53 26 0
51 30 0
Net_id 16
pin_num 5
37 35 0
37 29 0
44 34 0
20 34 0
18 40 0
Net_id 17
pin_num 5
35 54 0
35 47 0
47 49 0
52 58 0
47 55 0
Net_id 18
pin_num 5
42 30 0
33 29 0
38 47 0
20 44 0
33 45 0
Net_id 19
pin_num 4
19 8 0
27 1 0
21 28 0
10 19 0
Net_id 20
pin_num 4
16 47 0
6 47 0
9 27 0
2 31 0
Net_id 21
pin_num 4
38 1 0
28 0 0
31 0 0
28 14 0
Net_id 22
pin_num 4
39 3 0
56 11 0
31 8 0
59 7 0
Net_id 23
pin_num 4
43 21 0
46 26 0
46 50 0
31 33 0
Net_id 24
pin_num 4
13 46 0
20 51 0
28 49 0
30 36 0
Net_id 25
pin_num 4
39 35 0
43 32 0
45 25 0
45 17 0
Net_id 26
pin_num 4
45 41 0
31 53 0
39 59 0
36 50 0
Net_id 27
pin_num 4
3 21 0
2 25 0
20 23 0
14 37 0
Net_id 28
pin_num 4
14 0 0
23 0 0
8 0 0
10 8 0
Net_id 29
pin_num 4
43 51 0
31 54 0
54 59 0
46 19 0
Net_id 30
pin_num 4
20 32 0
26 33 0
26 53 0
23 46 0
Net_id 31
pin_num 4
35 13 0
28 24 0
20 21 0
33 2 0
Net_id 32
pin_num 4
40 20 0
49 28 0
13 34 0
41 7 0
Net_id 33
pin_num 4
31 38 0
36 51 0
57 47 0
57 54 0
Net_id 34
pin_num 4
26 49 0
18 45 0
30 45 0
12 45 0
Net_id 35
pin_num 4
33 26 0
27 29 0
43 17 0
30 25 0
Net_id 36
pin_num 4
12 54 0
3 57 0
17 54 0
9 54 0
Net_id 37
pin_num 4
26 2 0
22 3 0
38 10 0
38 22 0
Net_id 38
pin_num 3
56 14 0
59 4 0
46 0 0
Net_id 39
pin_num 3
19 15 0
12 11 0
38 12 0
Net_id 40
pin_num 3
39 20 0
30 8 0
27 19 0
Net_id 41
pin_num 3
50 18 0
30 18 0
29 13 0
Net_id 42
pin_num 3
26 0 0
30 6 0
20 2 0
Net_id 43
pin_num 3
15 56 0
23 47 0
13 52 0
Net_id 44
pin_num 3
5 15 0
2 10 0
11 14 0
Net_id 45
pin_num 3
28 27 0
23 14 0
26 7 0
Net_id 46
pin_num 3
41 51 0
35 58 0
33 51 0
Net_id 47
pin_num 3
19 11 0
13 10 0
7 0 0
Net_id 48
pin_num 3
33 32 0
24 32 0
30 28 0
Net_id 49
pin_num 3
38 36 0
42 44 0
40 53 0
Net_id 50
pin_num 3
5 50 0
1 46 0
1 58 0
Net_id 51
pin_num 3
29 51 0
12 42 0
12 53 0
Net_id 52
pin_num 3
37 5 0
31 9 0
9 7 0
Net_id 53
pin_num 3
19 38 0
4 33 0
15 40 0
Net_id 54
pin_num 3
10 25 0
21 30 0
47 15 0
Net_id 55
pin_num 3
43 25 0
31 35 0
22 41 0
Net_id 56
pin_num 3
48 7 0
50 8 0
42 24 0
Net_id 57
pin_num 3
55 58 0
52 44 0
51 45 0
Net_id 58
pin_num 3
19 4 0
16 7 0
33 4 0
Net_id 59
pin_num 3
27 49 0
14 55 0
21 5 0
Net_id 60
pin_num 3
46 1 0
37 13 0
45 16 0
Net_id 61
pin_num 3
43 39 0
39 40 0
39 24 0
Net_id 62
pin_num 3
24 48 0
11 49 0
18 51 0
Net_id 63
pin_num 3
34 16 0
55 1 0
14 4 0
Net_id 64
pin_num 3
33 41 0
11 44 0
35 29 0
Net_id 65
pin_num 3
49 43 0
55 29 0
45 48 0
Net_id 66
pin_num 3
29 23 0
24 28 0
4 20 0
Net_id 67
pin_num 3
9 0 0
22 11 0
38 0 0
Net_id 68
pin_num 3
50 31 0
56 33 0
51 35 0
Net_id 69
pin_num 3
21 52 0
15 57 0
15 24 0
Net_id 70
pin_num 3
14 3 0
26 11 0
34 4 0
Net_id 71
pin_num 3
30 40 0
48 31 0
49 50 0
Net_id 72
pin_num 3
56 39 0
50 53 0
36 59 0
Net_id 73
pin_num 3
5 26 0
27 48 0
17 57 0
Net_id 74
pin_num 3
59 30 0
52 23 0
20 26 0
Net_id 75
pin_num 3
8 25 0
5 21 0
7 12 0
Net_id 76
pin_num 3
43 13 0
48 11 0
35 5 0
Net_id 77
pin_num 3
29 38 0
22 38 0
34 51 0
Net_id 78
pin_num 2
8 40 0
2 3 0
Net_id 79
pin_num 2
1 53 0
7 51 0
Net_id 80
pin_num 2
28 8 0
17 13 0
Net_id 81
pin_num 2
36 16 0
48 6 0
Net_id 82
pin_num 2
51 46 0
55 50 0
Net_id 83
pin_num 2
22 43 0
19 50 0
Net_id 84
pin_num 2
24 42 0
29 42 0
Net_id 85
pin_num 2
43 42 0
35 42 0
Net_id 86
pin_num 2
33 56 0
47 57 0
Net_id 87
pin_num 2
25 27 0
33 47 0
Net_id 88
pin_num 2
46 46 0
55 57 0
Net_id 89
pin_num 2
58 51 0
50 57 0
Net_id 90
pin_num 2
25 58 0
26 54 0
Net_id 91
pin_num 2
58 47 0
59 54 0
Net_id 92
pin_num 2
17 49 0
4 43 0
Net_id 93
pin_num 2
16 21 0
19 16 0
Net_id 94
pin_num 2
48 44 0
52 49 0
Net_id 95
pin_num 2
29 21 0
47 6 0
Net_id 96
pin_num 2
29 34 0
16 39 0
Net_id 97
pin_num 2
2 42 0
0 36 0
Net_id 98
pin_num 2
9 36 0
20 36 0
Net_id 99
pin_num 2
13 28 0
13 29 0
Net_id 100
pin_num 2
38 2 0
27 13 0
Net_id 101
pin_num 2
0 50 0
14 56 0
Net_id 102
pin_num 2
37 6 0
30 7 0
Net_id 103
pin_num 2
6 29 0
2 29 0
Net_id 104
pin_num 2
6 17 0
0 7 0
Net_id 105
pin_num 2
44 37 0
25 57 0
Net_id 106
pin_num 2
39 6 0
49 7 0
Net_id 107
pin_num 2
39 38 0
58 34 0
Net_id 108
pin_num 2
7 35 0
1 31 0
Net_id 109
pin_num 2
37 9 0
40 15 0
Net_id 110
pin_num 2
23 16 0
33 23 0
Net_id 111
pin_num 2
15 14 0
18 30 0
Net_id 112
pin_num 2
36 57 0
26 56 0
Net_id 113
pin_num 2
4 15 0
9 25 0
Net_id 114
pin_num 2
12 32 0
2 40 0
Net_id 115
pin_num 2
47 34 0
58 42 0
Net_id 116
pin_num 2
7 43 0
5 55 0
Net_id 117
pin_num 2
21 39 0
15 42 0
Net_id 118
pin_num 2
6 34 0
3 55 0
Net_id 119
pin_num 2
53 0 0
43 11 0
Net_id 120
pin_num 2
33 35 0
36 31 0
Net_id 121
pin_num 2
52 11 0
59 9 0
Net_id 122
pin_num 2
45 22 0
58 38 0
Net_id 123
pin_num 2
16 33 0
20 31 0
Net_id 124
pin_num 2
22 36 0
55 32 0
Net_id 125
pin_num 2
59 50 0
56 58 0
Net_id 126
pin_num 2
15 17 0
6 27 0
Net_id 127
pin_num 2
1 28 0
10 22 0
Net_id 128
pin_num 2
9 29 0
22 24 0
Net_id 129
pin_num 2
49 9 0
40 14 0
Net_id 130
pin_num 2
22 58 0
8 58 0
Net_id 131
pin_num 2
52 9 0
53 5 0
Net_id 132
pin_num 2
2 51 0
4 53 0
Net_id 133
pin_num 2
29 24 0
36 17 0
Net_id 134
pin_num 2
50 35 0
40 34 0
Net_id 135
pin_num 2
1 22 0
9 13 0
Net_id 136
pin_num 2
51 50 0
55 47 0
Net_id 137
pin_num 2
48 37 0
56 32 0
Net_id 138
pin_num 2
17 5 0
11 13 0
Net_id 139
pin_num 2
12 4 0
10 21 0
Net_id 140
pin_num 2
59 48 0
38 29 0
Net_id 141
pin_num 2
2 28 0
15 22 0
Net_id 142
pin_num 2
30 31 0
41 2 0
Net_id 143
pin_num 2
1 0 0
16 13 0
Net_id 144
pin_num 2
36 52 0
43 53 0
Net_id 145
pin_num 2
35 4 0
46 15 0
Net_id 146
pin_num 2
24 1 0
12 16 0
Net_id 147
pin_num 2
38 59 0
57 56 0
Net_id 148
pin_num 2
54 53 0
56 59 0
Net_id 149
pin_num 2
4 7 0
27 6 0
Net_id 150
pin_num 2
41 27 0
29 33 0
Net_id 151
pin_num 2
34 19 0
26 19 0
Net_id 152
pin_num 2
26 15 0
11 3 0
Net_id 153
pin_num 2
16 28 0
23 19 0
Net_id 154
pin_num 2
30 54 0
45 51 0
Net_id 155
pin_num 2
50 21 0
40 17 0
