Width 60
Height 60
Layer 6
Total_WL 6527
Obstacle_num 144
41 1 0 50 2 0
11 24 0 15 25 0
43 5 0 50 6 0
32 27 0 40 28 0
47 56 0 50 57 0
55 4 0 58 5 0
11 37 0 18 38 0
39 4 0 47 5 0
33 24 0 42 25 0
40 28 0 47 29 0
23 54 0 29 55 0
18 50 0 23 51 0
20 40 0 25 41 0
32 19 0 35 20 0
22 28 0 28 29 0
50 38 0 58 39 0
10 41 0 16 42 0
42 46 0 51 47 0
20 52 0 27 53 0
22 35 0 31 36 0
24 4 0 32 5 0
53 14 0 59 15 0
46 32 0 52 33 0
22 26 0 25 27 0
2 23 1 3 31 1
41 46 1 42 52 1
19 36 1 20 44 1
33 6 1 34 16 1
9 45 1 10 50 1
53 33 1 54 42 1
42 37 1 43 44 1
18 25 1 19 32 1
53 22 1 54 25 1
17 29 1 18 34 1
40 28 1 41 35 1
35 49 1 36 52 1
51 49 1 52 55 1
43 17 1 44 20 1
31 44 1 32 54 1
18 6 1 19 16 1
45 3 1 46 11 1
11 36 1 12 44 1
30 39 1 31 47 1
17 44 1 18 50 1
4 0 1 5 10 1
20 23 1 21 31 1
1 24 1 2 28 1
54 42 1 55 51 1
41 25 2 46 26 2
23 18 2 32 19 2
28 58 2 37 59 2
25 22 2 31 23 2
13 46 2 20 47 2
40 1 2 50 2 2
15 20 2 19 21 2
37 55 2 43 56 2
23 26 2 27 27 2
52 52 2 58 53 2
35 44 2 45 45 2
27 23 2 33 24 2
36 4 2 43 5 2
52 24 2 58 25 2
37 46 2 47 47 2
45 4 2 51 5 2
23 47 2 29 48 2
0 4 2 6 5 2
21 11 2 25 12 2
13 17 2 18 18 2
15 43 2 18 44 2
5 42 2 8 43 2
17 13 2 23 14 2
50 3 2 56 4 2
9 32 3 10 39 3
34 21 3 35 27 3
26 9 3 27 15 3
47 20 3 48 25 3
30 33 3 31 42 3
7 12 3 8 20 3
39 14 3 40 21 3
15 52 3 16 57 3
22 33 3 23 40 3
27 20 3 28 26 3
10 9 3 11 17 3
48 49 3 49 55 3
14 7 3 15 12 3
20 26 3 21 33 3
16 11 3 17 21 3
23 50 3 24 57 3
14 33 3 15 43 3
24 29 3 25 39 3
17 36 3 18 44 3
12 39 3 13 46 3
15 45 3 16 50 3
10 26 3 11 31 3
39 5 3 40 14 3
46 38 3 47 43 3
48 51 4 53 52 4
32 50 4 37 51 4
29 28 4 32 29 4
27 47 4 34 48 4
32 3 4 36 4 4
24 0 4 28 1 4
39 42 4 43 43 4
56 32 4 59 33 4
50 54 4 57 55 4
33 30 4 39 31 4
24 22 4 30 23 4
44 20 4 54 21 4
7 1 4 12 2 4
31 2 4 41 3 4
32 53 4 41 54 4
0 40 4 5 41 4
41 24 4 50 25 4
25 56 4 33 57 4
35 37 4 38 38 4
2 22 4 10 23 4
36 32 4 42 33 4
4 48 4 7 49 4
24 17 4 34 18 4
14 11 4 19 12 4
37 49 5 38 53 5
11 49 5 12 56 5
9 30 5 10 33 5
1 14 5 2 22 5
45 48 5 46 52 5
10 40 5 11 47 5
44 28 5 45 37 5
26 34 5 27 39 5
42 36 5 43 43 5
6 2 5 7 5 5
26 21 5 27 29 5
8 42 5 9 45 5
58 3 5 59 12 5
6 53 5 7 59 5
27 32 5 28 39 5
36 54 5 37 59 5
52 27 5 53 34 5
23 46 5 24 49 5
30 0 5 31 6 5
54 40 5 55 50 5
48 29 5 49 37 5
21 35 5 22 41 5
35 37 5 36 40 5
32 50 5 33 55 5
Net_num 156
Net_id 0
pin_num 5
19 39 0
13 40 0
0 30 0
8 40 0
8 38 0
Net_id 1
pin_num 5
8 16 0
13 13 0
33 13 0
1 0 0
31 6 0
Net_id 2
pin_num 5
23 18 0
27 19 0
12 19 0
14 35 0
37 19 0
Net_id 3
pin_num 5
58 36 0
55 33 0
46 33 0
55 21 0
59 16 0
Net_id 4
pin_num 5
4 58 0
10 56 0
4 48 0
2 59 0
1 59 0
Net_id 5
pin_num 5
58 51 0
56 46 0
35 48 0
45 59 0
51 59 0
Net_id 6
pin_num 5
8 14 0
12 14 0
19 0 0
22 6 0
4 12 0
Net_id 7
pin_num 5
43 24 0
39 39 0
59 22 0
45 30 0
31 35 0
Net_id 8
pin_num 5
11 18 0
14 18 0
22 18 0
0 13 0
4 17 0
Net_id 9
pin_num 5
38 55 0
45 52 0
39 47 0
39 41 0
19 55 0
Net_id 10
pin_num 5
41 46 0
36 49 0
48 49 0
38 40 0
37 36 0
Net_id 11
pin_num 5
1 23 0
1 20 0
5 1 0
13 14 0
15 1 0
Net_id 12
pin_num 5
18 9 0
16 20 0
17 25 0
16 31 0
13 32 0
Net_id 13
pin_num 5
38 0 0
52 5 0
42 13 0
51 14 0
59 7 0
Net_id 14
pin_num 5
30 50 0
20 42 0
38 47 0
24 57 0
27 48 0
Net_id 15
pin_num 5
15 11 0
3 11 0
10 25 0
13 15 0
32 23 0
Net_id 16
pin_num 5
10 43 0
3 53 0
23 53 0
7 29 0
18 32 0
Net_id 17
pin_num 5
23 48 0
32 45 0
25 39 0
6 47 0
32 21 0
Net_id 18
pin_num 5
43 49 0
50 37 0
49 41 0
48 34 0
46 58 0
Net_id 19
pin_num 5
34 45 0
26 41 0
34 50 0
26 43 0
34 37 0
Net_id 20
pin_num 4
49 25 0
55 25 0
35 25 0
44 39 0
Net_id 21
pin_num 4
38 16 0
53 2 0
59 8 0
46 2 0
Net_id 22
pin_num 4
13 30 0
2 20 0
12 52 0
12 28 0
Net_id 23
pin_num 4
30 5 0
17 5 0
20 4 0
18 3 0
Net_id 24
pin_num 4
19 20 0
16 41 0
3 29 0
33 29 0
Net_id 25
pin_num 4
30 0 0
28 3 0
8 3 0
28 2 0
Net_id 26
pin_num 4
58 43 0
50 45 0
59 49 0
56 26 0
Net_id 27
pin_num 4
49 36 0
57 29 0
59 50 0
57 12 0
Net_id 28
pin_num 4
44 44 0
36 54 0
37 59 0
58 42 0
Net_id 29
pin_num 4
35 35 0
29 38 0
45 44 0
35 33 0
Net_id 30
pin_num 4
33 50 0
33 56 0
25 56 0
48 59 0
Net_id 31
pin_num 4
14 20 0
3 22 0
15 22 0
3 13 0
Net_id 32
pin_num 4
43 14 0
50 18 0
46 36 0
59 17 0
Net_id 33
pin_num 4
36 37 0
40 37 0
27 37 0
35 52 0
Net_id 34
pin_num 4
33 26 0
42 20 0
30 22 0
41 8 0
Net_id 35
pin_num 4
58 41 0
56 35 0
51 40 0
51 37 0
Net_id 36
pin_num 4
39 9 0
29 9 0
59 9 0
44 19 0
Net_id 37
pin_num 4
45 41 0
40 43 0
48 43 0
44 57 0
Net_id 38
pin_num 4
23 56 0
15 57 0
22 33 0
38 38 0
Net_id 39
pin_num 3
37 43 0
33 40 0
51 35 0
Net_id 40
pin_num 3
23 45 0
15 43 0
36 39 0
Net_id 41
pin_num 3
26 6 0
16 1 0
23 20 0
Net_id 42
pin_num 3
31 21 0
26 20 0
27 34 0
Net_id 43
pin_num 3
35 53 0
29 52 0
27 51 0
Net_id 44
pin_num 3
21 7 0
12 7 0
44 7 0
Net_id 45
pin_num 3
39 6 0
59 1 0
56 13 0
Net_id 46
pin_num 3
59 32 0
55 42 0
43 32 0
Net_id 47
pin_num 3
8 17 0
18 2 0
14 43 0
Net_id 48
pin_num 3
5 55 0
2 45 0
8 50 0
Net_id 49
pin_num 3
47 44 0
51 19 0
59 51 0
Net_id 50
pin_num 3
43 23 0
52 11 0
25 15 0
Net_id 51
pin_num 3
9 54 0
11 59 0
23 44 0
Net_id 52
pin_num 3
5 58 0
0 47 0
22 58 0
Net_id 53
pin_num 3
46 11 0
41 10 0
53 0 0
Net_id 54
pin_num 3
5 46 0
11 57 0
15 39 0
Net_id 55
pin_num 3
18 25 0
26 25 0
30 34 0
Net_id 56
pin_num 3
12 38 0
20 34 0
10 37 0
Net_id 57
pin_num 3
0 44 0
14 39 0
7 55 0
Net_id 58
pin_num 3
15 24 0
25 24 0
21 49 0
Net_id 59
pin_num 3
23 36 0
48 42 0
36 34 0
Net_id 60
pin_num 3
2 36 0
27 26 0
19 48 0
Net_id 61
pin_num 3
6 19 0
0 26 0
2 31 0
Net_id 62
pin_num 3
4 25 0
10 33 0
29 27 0
Net_id 63
pin_num 3
18 58 0
12 58 0
28 59 0
Net_id 64
pin_num 3
45 58 0
30 54 0
56 53 0
Net_id 65
pin_num 3
37 56 0
58 59 0
53 50 0
Net_id 66
pin_num 3
18 0 0
9 9 0
8 0 0
Net_id 67
pin_num 3
48 2 0
53 16 0
39 1 0
Net_id 68
pin_num 3
18 17 0
8 33 0
2 46 0
Net_id 69
pin_num 3
28 8 0
37 28 0
9 19 0
Net_id 70
pin_num 3
12 8 0
31 5 0
35 18 0
Net_id 71
pin_num 3
52 53 0
57 59 0
47 45 0
Net_id 72
pin_num 3
15 59 0
25 49 0
24 43 0
Net_id 73
pin_num 3
18 36 0
9 21 0
33 21 0
Net_id 74
pin_num 3
51 51 0
28 57 0
37 54 0
Net_id 75
pin_num 3
28 16 0
12 3 0
28 30 0
Net_id 76
pin_num 3
50 41 0
59 28 0
58 17 0
Net_id 77
pin_num 3
13 28 0
24 17 0
23 37 0
Net_id 78
pin_num 3
19 22 0
25 17 0
30 3 0
Net_id 79
pin_num 2
49 42 0
53 49 0
Net_id 80
pin_num 2
49 10 0
34 0 0
Net_id 81
pin_num 2
44 20 0
58 15 0
Net_id 82
pin_num 2
0 45 0
2 56 0
Net_id 83
pin_num 2
39 28 0
30 6 0
Net_id 84
pin_num 2
27 10 0
35 10 0
Net_id 85
pin_num 2
34 15 0
54 12 0
Net_id 86
pin_num 2
19 54 0
1 57 0
Net_id 87
pin_num 2
44 30 0
25 33 0
Net_id 88
pin_num 2
43 37 0
57 49 0
Net_id 89
pin_num 2
9 15 0
0 24 0
Net_id 90
pin_num 2
30 17 0
32 15 0
Net_id 91
pin_num 2
29 33 0
45 36 0
Net_id 92
pin_num 2
32 38 0
55 50 0
Net_id 93
pin_num 2
26 39 0
32 47 0
Net_id 94
pin_num 2
39 54 0
24 49 0
Net_id 95
pin_num 2
59 19 0
49 14 0
Net_id 96
pin_num 2
59 12 0
55 2 0
Net_id 97
pin_num 2
53 11 0
58 0 0
Net_id 98
pin_num 2
8 31 0
15 31 0
Net_id 99
pin_num 2
8 41 0
16 44 0
Net_id 100
pin_num 2
56 25 0
48 30 0
Net_id 101
pin_num 2
0 53 0
5 45 0
Net_id 102
pin_num 2
35 11 0
42 21 0
Net_id 103
pin_num 2
6 6 0
2 3 0
Net_id 104
pin_num 2
10 3 0
12 10 0
Net_id 105
pin_num 2
18 14 0
17 2 0
Net_id 106
pin_num 2
36 56 0
33 49 0
Net_id 107
pin_num 2
30 20 0
47 14 0
Net_id 108
pin_num 2
57 47 0
43 38 0
Net_id 109
pin_num 2
58 13 0
49 3 0
Net_id 110
pin_num 2
14 55 0
0 58 0
Net_id 111
pin_num 2
30 57 0
15 36 0
Net_id 112
pin_num 2
20 53 0
23 38 0
Net_id 113
pin_num 2
39 53 0
38 36 0
Net_id 114
pin_num 2
23 46 0
30 52 0
Net_id 115
pin_num 2
49 43 0
56 21 0
Net_id 116
pin_num 2
16 50 0
25 57 0
Net_id 117
pin_num 2
17 11 0
30 1 0
Net_id 118
pin_num 2
9 10 0
26 24 0
Net_id 119
pin_num 2
35 1 0
15 35 0
Net_id 120
pin_num 2
2 49 0
19 52 0
Net_id 121
pin_num 2
39 32 0
40 27 0
Net_id 122
pin_num 2
3 16 0
25 34 0
Net_id 123
pin_num 2
42 42 0
33 46 0
Net_id 124
pin_num 2
7 4 0
3 23 0
Net_id 125
pin_num 2
26 34 0
8 27 0
Net_id 126
pin_num 2
32 46 0
35 59 0
Net_id 127
pin_num 2
2 54 0
16 49 0
Net_id 128
pin_num 2
51 7 0
57 2 0
Net_id 129
pin_num 2
40 13 0
33 5 0
Net_id 130
pin_num 2
35 36 0
25 22 0
Net_id 131
pin_num 2
52 51 0
59 54 0
Net_id 132
pin_num 2
18 12 0
5 9 0
Net_id 133
pin_num 2
55 27 0
56 29 0
Net_id 134
pin_num 2
13 36 0
22 30 0
Net_id 135
pin_num 2
32 49 0
18 56 0
Net_id 136
pin_num 2
51 11 0
39 3 0
Net_id 137
pin_num 2
15 46 0
6 45 0
Net_id 138
pin_num 2
6 13 0
16 4 0
Net_id 139
pin_num 2
10 32 0
6 9 0
Net_id 140
pin_num 2
59 21 0
53 17 0
Net_id 141
pin_num 2
48 17 0
20 41 0
Net_id 142
pin_num 2
44 27 0
52 6 0
Net_id 143
pin_num 2
57 5 0
54 11 0
Net_id 144
pin_num 2
47 21 0
57 6 0
Net_id 145
pin_num 2
17 40 0
9 52 0
Net_id 146
pin_num 2
7 52 0
3 40 0
Net_id 147
pin_num 2
9 39 0
27 31 0
Net_id 148
pin_num 2
15 50 0
27 57 0
Net_id 149
pin_num 2
35 44 0
49 57 0
Net_id 150
pin_num 2
44 2 0
37 2 0
Net_id 151
pin_num 2
33 12 0
52 22 0
Net_id 152
pin_num 2
26 1 0
32 4 0
Net_id 153
pin_num 2
58 20 0
55 17 0
Net_id 154
pin_num 2
4 21 0
0 25 0
Net_id 155
pin_num 2
3 47 0
24 59 0
