Width 60
Height 60
Layer 6
Total_WL 7561
Obstacle_num 144
28 53 0 33 54 0
19 30 0 28 31 0
4 22 0 11 23 0
27 36 0 35 37 0
15 43 0 23 44 0
3 17 0 12 18 0
47 21 0 54 22 0
9 34 0 16 35 0
40 32 0 45 33 0
23 4 0 26 5 0
31 32 0 38 33 0
46 36 0 49 37 0
5 30 0 12 31 0
54 51 0 58 52 0
11 3 0 19 4 0
3 31 0 11 32 0
35 30 0 43 31 0
3 42 0 7 43 0
0 46 0 6 47 0
34 27 0 44 28 0
43 56 0 51 57 0
22 25 0 30 26 0
54 23 0 57 24 0
31 43 0 35 44 0
9 22 1 10 26 1
16 3 1 17 8 1
23 41 1 24 49 1
15 26 1 16 30 1
4 22 1 5 31 1
9 9 1 10 19 1
0 36 1 1 44 1
16 38 1 17 42 1
17 4 1 18 11 1
29 45 1 30 52 1
13 52 1 14 59 1
22 2 1 23 8 1
31 16 1 32 24 1
49 41 1 50 46 1
2 16 1 3 21 1
24 35 1 25 42 1
22 38 1 23 45 1
40 40 1 41 46 1
7 48 1 8 52 1
17 13 1 18 19 1
20 0 1 21 5 1
10 3 1 11 6 1
27 6 1 28 13 1
6 20 1 7 30 1
5 44 2 12 45 2
45 35 2 55 36 2
16 2 2 24 3 2
35 50 2 41 51 2
29 25 2 39 26 2
36 48 2 46 49 2
47 37 2 56 38 2
39 52 2 49 53 2
45 3 2 51 4 2
18 39 2 22 40 2
37 34 2 43 35 2
27 13 2 30 14 2
8 17 2 18 18 2
29 51 2 39 52 2
49 46 2 59 47 2
55 56 2 59 57 2
5 2 2 12 3 2
27 20 2 33 21 2
23 41 2 29 42 2
35 19 2 45 20 2
43 15 2 53 16 2
18 44 2 25 45 2
28 30 2 37 31 2
44 57 2 51 58 2
18 40 3 19 44 3
7 30 3 8 35 3
27 9 3 28 14 3
31 49 3 32 55 3
24 0 3 25 8 3
53 19 3 54 24 3
14 4 3 15 10 3
56 21 3 57 31 3
57 4 3 58 10 3
43 20 3 44 29 3
33 50 3 34 55 3
18 30 3 19 35 3
25 39 3 26 44 3
55 48 3 56 53 3
14 20 3 15 30 3
23 52 3 24 56 3
39 28 3 40 36 3
34 0 3 35 9 3
27 20 3 28 24 3
29 52 3 30 57 3
17 36 3 18 42 3
39 45 3 40 48 3
37 47 3 38 51 3
35 23 3 36 27 3
20 24 4 23 25 4
19 3 4 24 4 4
31 38 4 35 39 4
7 25 4 13 26 4
13 34 4 18 35 4
22 9 4 27 10 4
30 1 4 38 2 4
38 48 4 41 49 4
16 27 4 24 28 4
16 57 4 22 58 4
55 37 4 58 38 4
26 37 4 32 38 4
0 28 4 3 29 4
45 8 4 55 9 4
10 6 4 19 7 4
9 32 4 13 33 4
53 27 4 58 28 4
30 36 4 33 37 4
34 36 4 40 37 4
31 12 4 37 13 4
32 31 4 35 32 4
49 45 4 57 46 4
52 20 4 57 21 4
55 1 4 58 2 4
6 53 5 7 56 5
56 19 5 57 25 5
5 2 5 6 11 5
22 37 5 23 47 5
28 1 5 29 5 5
4 22 5 5 25 5
2 54 5 3 59 5
33 5 5 34 10 5
1 43 5 2 53 5
5 21 5 6 26 5
44 39 5 45 44 5
1 0 5 2 3 5
19 26 5 20 30 5
48 52 5 49 59 5
20 6 5 21 10 5
4 40 5 5 43 5
14 32 5 15 40 5
25 2 5 26 6 5
34 18 5 35 21 5
48 3 5 49 13 5
26 40 5 27 50 5
45 31 5 46 41 5
5 36 5 6 44 5
32 49 5 33 56 5
Net_num 165
Net_id 0
pin_num 5
26 50 0
19 46 0
20 34 0
19 29 0
25 46 0
Net_id 1
pin_num 5
31 41 0
42 31 0
38 13 0
34 21 0
36 54 0
Net_id 2
pin_num 5
54 13 0
36 11 0
37 29 0
50 0 0
30 19 0
Net_id 3
pin_num 5
17 40 0
8 42 0
12 42 0
31 40 0
9 28 0
Net_id 4
pin_num 5
17 50 0
10 50 0
14 51 0
37 49 0
29 41 0
Net_id 5
pin_num 5
14 32 0
20 35 0
16 24 0
18 58 0
8 33 0
Net_id 6
pin_num 5
20 47 0
12 54 0
23 39 0
15 52 0
26 48 0
Net_id 7
pin_num 5
15 18 0
20 32 0
18 26 0
22 29 0
14 27 0
Net_id 8
pin_num 5
3 35 0
3 34 0
10 37 0
0 29 0
8 46 0
Net_id 9
pin_num 5
6 39 0
3 38 0
17 31 0
20 36 0
10 51 0
Net_id 10
pin_num 5
7 26 0
17 26 0
0 19 0
13 21 0
7 27 0
Net_id 11
pin_num 5
56 2 0
59 6 0
51 1 0
42 0 0
58 19 0
Net_id 12
pin_num 5
47 59 0
51 47 0
40 59 0
41 54 0
54 43 0
Net_id 13
pin_num 5
11 29 0
3 28 0
1 47 0
17 39 0
0 47 0
Net_id 14
pin_num 5
7 33 0
5 36 0
5 25 0
0 27 0
5 9 0
Net_id 15
pin_num 5
45 14 0
29 16 0
44 27 0
46 1 0
46 8 0
Net_id 16
pin_num 5
11 22 0
10 27 0
2 27 0
9 45 0
6 32 0
Net_id 17
pin_num 5
7 51 0
16 59 0
13 32 0
0 51 0
39 58 0
Net_id 18
pin_num 5
24 19 0
29 19 0
28 37 0
14 20 0
44 33 0
Net_id 19
pin_num 5
56 56 0
59 48 0
47 48 0
48 51 0
43 50 0
Net_id 20
pin_num 5
40 44 0
55 44 0
52 58 0
33 56 0
59 37 0
Net_id 21
pin_num 5
41 51 0
55 47 0
36 58 0
58 57 0
58 58 0
Net_id 22
pin_num 4
36 49 0
30 49 0
32 31 0
31 42 0
Net_id 23
pin_num 4
2 1 0
4 7 0
9 2 0
4 14 0
Net_id 24
pin_num 4
16 54 0
1 53 0
0 58 0
11 59 0
Net_id 25
pin_num 4
19 14 0
23 12 0
19 26 0
12 0 0
Net_id 26
pin_num 4
53 12 0
56 27 0
49 19 0
36 22 0
Net_id 27
pin_num 4
48 27 0
56 34 0
52 49 0
39 29 0
Net_id 28
pin_num 4
20 31 0
37 37 0
12 30 0
54 38 0
Net_id 29
pin_num 4
16 0 0
7 0 0
13 16 0
11 4 0
Net_id 30
pin_num 4
11 45 0
16 57 0
0 59 0
12 58 0
Net_id 31
pin_num 4
49 47 0
41 50 0
45 34 0
46 34 0
Net_id 32
pin_num 4
50 25 0
47 38 0
47 2 0
34 25 0
Net_id 33
pin_num 4
46 29 0
54 29 0
51 20 0
49 24 0
Net_id 34
pin_num 4
31 48 0
25 51 0
21 33 0
22 58 0
Net_id 35
pin_num 4
57 21 0
50 28 0
40 28 0
41 35 0
Net_id 36
pin_num 4
55 18 0
58 26 0
36 26 0
50 10 0
Net_id 37
pin_num 4
4 9 0
7 10 0
23 0 0
18 11 0
Net_id 38
pin_num 4
8 29 0
0 18 0
2 40 0
1 15 0
Net_id 39
pin_num 4
51 10 0
54 0 0
48 7 0
51 2 0
Net_id 40
pin_num 4
4 53 0
3 58 0
10 52 0
17 53 0
Net_id 41
pin_num 3
41 43 0
55 46 0
17 58 0
Net_id 42
pin_num 3
36 15 0
38 35 0
26 28 0
Net_id 43
pin_num 3
18 49 0
30 58 0
4 55 0
Net_id 44
pin_num 3
53 35 0
42 34 0
42 46 0
Net_id 45
pin_num 3
49 55 0
31 58 0
43 34 0
Net_id 46
pin_num 3
0 52 0
6 46 0
20 33 0
Net_id 47
pin_num 3
33 28 0
39 24 0
48 30 0
Net_id 48
pin_num 3
44 41 0
51 34 0
59 18 0
Net_id 49
pin_num 3
59 20 0
49 14 0
50 2 0
Net_id 50
pin_num 3
7 7 0
30 6 0
33 29 0
Net_id 51
pin_num 3
10 1 0
0 17 0
17 1 0
Net_id 52
pin_num 3
3 45 0
12 43 0
21 54 0
Net_id 53
pin_num 3
22 12 0
0 7 0
0 0 0
Net_id 54
pin_num 3
40 10 0
39 0 0
14 5 0
Net_id 55
pin_num 3
25 38 0
1 14 0
23 19 0
Net_id 56
pin_num 3
58 43 0
56 36 0
35 39 0
Net_id 57
pin_num 3
31 30 0
45 32 0
53 28 0
Net_id 58
pin_num 3
59 31 0
55 16 0
52 1 0
Net_id 59
pin_num 3
53 40 0
56 54 0
39 53 0
Net_id 60
pin_num 3
24 39 0
33 42 0
38 57 0
Net_id 61
pin_num 3
15 8 0
24 8 0
35 12 0
Net_id 62
pin_num 3
16 19 0
26 29 0
13 20 0
Net_id 63
pin_num 3
42 48 0
42 42 0
42 57 0
Net_id 64
pin_num 3
17 46 0
7 52 0
4 57 0
Net_id 65
pin_num 3
22 15 0
37 9 0
27 0 0
Net_id 66
pin_num 3
19 53 0
49 40 0
57 59 0
Net_id 67
pin_num 3
34 54 0
26 47 0
35 42 0
Net_id 68
pin_num 3
41 8 0
52 6 0
57 27 0
Net_id 69
pin_num 3
11 24 0
24 28 0
2 42 0
Net_id 70
pin_num 3
13 1 0
15 4 0
3 16 0
Net_id 71
pin_num 3
37 52 0
57 58 0
57 30 0
Net_id 72
pin_num 3
59 22 0
53 18 0
33 21 0
Net_id 73
pin_num 3
14 41 0
23 41 0
1 20 0
Net_id 74
pin_num 3
31 38 0
40 46 0
16 45 0
Net_id 75
pin_num 3
8 43 0
0 44 0
4 52 0
Net_id 76
pin_num 3
52 43 0
58 29 0
33 39 0
Net_id 77
pin_num 3
25 12 0
3 22 0
12 49 0
Net_id 78
pin_num 3
3 19 0
41 2 0
1 0 0
Net_id 79
pin_num 3
37 58 0
47 46 0
36 29 0
Net_id 80
pin_num 3
55 55 0
51 40 0
48 55 0
Net_id 81
pin_num 3
9 18 0
6 1 0
43 30 0
Net_id 82
pin_num 3
58 35 0
58 33 0
46 21 0
Net_id 83
pin_num 3
26 4 0
35 17 0
3 8 0
Net_id 84
pin_num 2
49 11 0
32 29 0
Net_id 85
pin_num 2
41 38 0
21 48 0
Net_id 86
pin_num 2
44 19 0
35 19 0
Net_id 87
pin_num 2
57 8 0
27 34 0
Net_id 88
pin_num 2
45 27 0
59 17 0
Net_id 89
pin_num 2
52 42 0
44 54 0
Net_id 90
pin_num 2
45 31 0
31 37 0
Net_id 91
pin_num 2
18 55 0
4 56 0
Net_id 92
pin_num 2
46 45 0
50 44 0
Net_id 93
pin_num 2
35 44 0
27 44 0
Net_id 94
pin_num 2
53 17 0
57 17 0
Net_id 95
pin_num 2
27 45 0
41 57 0
Net_id 96
pin_num 2
58 42 0
51 30 0
Net_id 97
pin_num 2
20 9 0
5 3 0
Net_id 98
pin_num 2
59 11 0
49 23 0
Net_id 99
pin_num 2
24 6 0
9 3 0
Net_id 100
pin_num 2
33 34 0
35 36 0
Net_id 101
pin_num 2
27 9 0
22 11 0
Net_id 102
pin_num 2
24 49 0
3 57 0
Net_id 103
pin_num 2
51 52 0
58 32 0
Net_id 104
pin_num 2
38 38 0
21 55 0
Net_id 105
pin_num 2
53 25 0
41 15 0
Net_id 106
pin_num 2
40 45 0
48 32 0
Net_id 107
pin_num 2
4 20 0
3 3 0
Net_id 108
pin_num 2
32 48 0
59 12 0
Net_id 109
pin_num 2
39 34 0
42 38 0
Net_id 110
pin_num 2
34 40 0
53 45 0
Net_id 111
pin_num 2
47 6 0
50 30 0
Net_id 112
pin_num 2
25 32 0
14 39 0
Net_id 113
pin_num 2
57 28 0
37 55 0
Net_id 114
pin_num 2
7 56 0
36 24 0
Net_id 115
pin_num 2
41 47 0
26 42 0
Net_id 116
pin_num 2
39 18 0
11 28 0
Net_id 117
pin_num 2
25 57 0
37 56 0
Net_id 118
pin_num 2
40 34 0
36 31 0
Net_id 119
pin_num 2
43 29 0
48 46 0
Net_id 120
pin_num 2
47 16 0
54 18 0
Net_id 121
pin_num 2
18 18 0
45 30 0
Net_id 122
pin_num 2
8 40 0
24 52 0
Net_id 123
pin_num 2
59 47 0
55 38 0
Net_id 124
pin_num 2
42 12 0
33 17 0
Net_id 125
pin_num 2
29 39 0
37 53 0
Net_id 126
pin_num 2
38 7 0
26 3 0
Net_id 127
pin_num 2
45 0 0
54 1 0
Net_id 128
pin_num 2
46 53 0
44 55 0
Net_id 129
pin_num 2
24 46 0
19 58 0
Net_id 130
pin_num 2
30 26 0
15 13 0
Net_id 131
pin_num 2
21 10 0
49 9 0
Net_id 132
pin_num 2
6 24 0
11 39 0
Net_id 133
pin_num 2
23 24 0
43 18 0
Net_id 134
pin_num 2
35 58 0
14 52 0
Net_id 135
pin_num 2
12 51 0
16 44 0
Net_id 136
pin_num 2
32 26 0
27 52 0
Net_id 137
pin_num 2
16 21 0
25 27 0
Net_id 138
pin_num 2
37 11 0
38 4 0
Net_id 139
pin_num 2
54 58 0
51 38 0
Net_id 140
pin_num 2
47 12 0
44 0 0
Net_id 141
pin_num 2
4 44 0
22 28 0
Net_id 142
pin_num 2
11 41 0
3 24 0
Net_id 143
pin_num 2
2 54 0
3 41 0
Net_id 144
pin_num 2
36 36 0
41 37 0
Net_id 145
pin_num 2
39 5 0
56 5 0
Net_id 146
pin_num 2
57 37 0
53 49 0
Net_id 147
pin_num 2
28 54 0
56 35 0
Net_id 148
pin_num 2
58 6 0
56 4 0
Net_id 149
pin_num 2
36 45 0
41 23 0
Net_id 150
pin_num 2
49 4 0
55 4 0
Net_id 151
pin_num 2
31 7 0
36 0 0
Net_id 152
pin_num 2
54 55 0
48 38 0
Net_id 153
pin_num 2
44 17 0
39 21 0
Net_id 154
pin_num 2
9 46 0
17 51 0
Net_id 155
pin_num 2
29 33 0
37 35 0
Net_id 156
pin_num 2
42 21 0
55 13 0
Net_id 157
pin_num 2
57 46 0
53 47 0
Net_id 158
pin_num 2
9 53 0
6 41 0
Net_id 159
pin_num 2
24 10 0
43 10 0
Net_id 160
pin_num 2
26 52 0
27 54 0
Net_id 161
pin_num 2
38 24 0
56 32 0
Net_id 162
pin_num 2
42 6 0
19 1 0
Net_id 163
pin_num 2
58 7 0
59 2 0
Net_id 164
pin_num 2
25 41 0
22 48 0
