Width 60
Height 60
Layer 6
Total_WL 6448
Obstacle_num 144
27 41 0 30 42 0
24 6 0 30 7 0
16 3 0 20 4 0
40 2 0 48 3 0
10 12 0 13 13 0
24 20 0 31 21 0
40 22 0 48 23 0
33 32 0 37 33 0
46 43 0 51 44 0
20 35 0 28 36 0
49 8 0 57 9 0
14 28 0 19 29 0
44 36 0 54 37 0
30 11 0 35 12 0
38 47 0 43 48 0
18 52 0 21 53 0
48 9 0 55 10 0
9 57 0 16 58 0
46 51 0 50 52 0
5 37 0 13 38 0
52 2 0 56 3 0
42 28 0 50 29 0
15 47 0 21 48 0
51 56 0 55 57 0
37 6 1 38 10 1
17 19 1 18 24 1
36 30 1 37 33 1
25 34 1 26 37 1
23 20 1 24 28 1
32 41 1 33 47 1
26 31 1 27 36 1
33 45 1 34 54 1
16 34 1 17 44 1
46 26 1 47 30 1
9 12 1 10 22 1
44 15 1 45 21 1
6 15 1 7 20 1
37 53 1 38 58 1
54 32 1 55 35 1
35 6 1 36 16 1
23 1 1 24 10 1
28 1 1 29 8 1
3 19 1 4 25 1
7 27 1 8 37 1
28 18 1 29 24 1
54 18 1 55 24 1
16 20 1 17 24 1
28 38 1 29 42 1
0 36 2 8 37 2
20 23 2 26 24 2
1 7 2 9 8 2
3 23 2 8 24 2
3 17 2 12 18 2
15 9 2 20 10 2
42 30 2 51 31 2
28 20 2 31 21 2
4 58 2 11 59 2
42 23 2 51 24 2
27 9 2 30 10 2
18 43 2 21 44 2
14 2 2 19 3 2
32 42 2 42 43 2
38 15 2 43 16 2
21 46 2 28 47 2
32 51 2 36 52 2
47 58 2 54 59 2
5 0 2 9 1 2
23 51 2 31 52 2
44 45 2 52 46 2
9 8 2 13 9 2
8 26 2 15 27 2
11 55 2 14 56 2
50 45 3 51 55 3
12 7 3 13 13 3
23 7 3 24 14 3
48 34 3 49 40 3
1 18 3 2 24 3
43 34 3 44 44 3
3 7 3 4 13 3
9 24 3 10 27 3
3 27 3 4 36 3
39 40 3 40 48 3
31 27 3 32 32 3
51 10 3 52 20 3
44 45 3 45 52 3
24 13 3 25 21 3
57 25 3 58 28 3
27 12 3 28 20 3
25 2 3 26 6 3
40 30 3 41 37 3
8 17 3 9 22 3
21 12 3 22 21 3
30 49 3 31 56 3
1 46 3 2 56 3
33 6 3 34 12 3
24 21 3 25 30 3
44 50 4 48 51 4
39 40 4 43 41 4
4 47 4 7 48 4
42 27 4 51 28 4
41 21 4 51 22 4
11 53 4 17 54 4
9 11 4 13 12 4
3 35 4 13 36 4
13 24 4 16 25 4
39 8 4 42 9 4
11 30 4 21 31 4
53 50 4 58 51 4
9 17 4 13 18 4
45 49 4 54 50 4
5 9 4 13 10 4
30 17 4 36 18 4
1 7 4 7 8 4
23 28 4 27 29 4
42 14 4 45 15 4
16 57 4 19 58 4
27 13 4 37 14 4
8 46 4 13 47 4
30 39 4 36 40 4
1 26 4 10 27 4
2 11 5 3 16 5
51 28 5 52 33 5
41 38 5 42 43 5
10 32 5 11 36 5
58 23 5 59 28 5
38 22 5 39 30 5
5 38 5 6 42 5
28 26 5 29 34 5
50 45 5 51 51 5
5 18 5 6 26 5
14 21 5 15 27 5
13 18 5 14 23 5
16 7 5 17 17 5
7 21 5 8 26 5
21 41 5 22 50 5
2 6 5 3 9 5
18 23 5 19 31 5
7 1 5 8 7 5
45 18 5 46 27 5
45 45 5 46 49 5
12 30 5 13 36 5
43 9 5 44 13 5
15 20 5 16 30 5
39 45 5 40 54 5
Net_num 159
Net_id 0
pin_num 5
1 52 0
3 40 0
6 59 0
3 41 0
7 47 0
Net_id 1
pin_num 5
18 19 0
13 14 0
36 15 0
14 8 0
28 27 0
Net_id 2
pin_num 5
50 35 0
45 32 0
59 38 0
45 46 0
55 33 0
Net_id 3
pin_num 5
7 19 0
0 11 0
5 24 0
2 33 0
2 38 0
Net_id 4
pin_num 5
50 53 0
41 59 0
58 59 0
59 39 0
59 34 0
Net_id 5
pin_num 5
57 33 0
58 21 0
48 32 0
41 28 0
52 31 0
Net_id 6
pin_num 5
3 55 0
13 45 0
28 46 0
4 51 0
22 36 0
Net_id 7
pin_num 5
14 49 0
4 44 0
17 46 0
21 45 0
18 26 0
Net_id 8
pin_num 5
21 27 0
15 33 0
20 17 0
27 36 0
20 31 0
Net_id 9
pin_num 5
17 40 0
33 44 0
30 56 0
25 52 0
47 55 0
Net_id 10
pin_num 5
43 47 0
30 46 0
31 59 0
59 48 0
29 31 0
Net_id 11
pin_num 5
34 4 0
42 0 0
18 4 0
36 0 0
40 5 0
Net_id 12
pin_num 5
45 53 0
27 53 0
29 37 0
10 53 0
40 32 0
Net_id 13
pin_num 5
7 46 0
11 59 0
2 47 0
6 41 0
12 59 0
Net_id 14
pin_num 5
37 1 0
44 7 0
58 0 0
45 10 0
29 14 0
Net_id 15
pin_num 5
18 6 0
7 6 0
9 10 0
5 0 0
8 2 0
Net_id 16
pin_num 5
53 55 0
47 42 0
52 58 0
57 54 0
53 54 0
Net_id 17
pin_num 5
21 17 0
17 7 0
33 10 0
16 16 0
24 0 0
Net_id 18
pin_num 5
2 58 0
2 50 0
9 52 0
6 43 0
20 42 0
Net_id 19
pin_num 5
30 19 0
36 19 0
32 6 0
14 17 0
22 11 0
Net_id 20
pin_num 5
37 56 0
30 52 0
18 54 0
39 54 0
56 59 0
Net_id 21
pin_num 4
12 28 0
7 17 0
31 25 0
25 23 0
Net_id 22
pin_num 4
42 13 0
38 26 0
32 22 0
39 6 0
Net_id 23
pin_num 4
51 12 0
58 19 0
59 23 0
38 19 0
Net_id 24
pin_num 4
51 14 0
59 14 0
56 37 0
57 5 0
Net_id 25
pin_num 4
0 21 0
10 15 0
0 41 0
0 17 0
Net_id 26
pin_num 4
32 20 0
49 24 0
34 13 0
34 29 0
Net_id 27
pin_num 4
15 39 0
0 44 0
11 21 0
10 31 0
Net_id 28
pin_num 4
26 37 0
17 32 0
27 45 0
18 45 0
Net_id 29
pin_num 4
2 26 0
1 28 0
9 32 0
8 24 0
Net_id 30
pin_num 4
16 41 0
1 35 0
4 49 0
0 45 0
Net_id 31
pin_num 4
35 6 0
30 1 0
39 7 0
43 16 0
Net_id 32
pin_num 4
7 42 0
0 42 0
17 49 0
12 42 0
Net_id 33
pin_num 4
23 9 0
28 14 0
39 0 0
31 20 0
Net_id 34
pin_num 4
30 37 0
44 43 0
25 39 0
46 40 0
Net_id 35
pin_num 4
14 21 0
14 26 0
37 21 0
12 31 0
Net_id 36
pin_num 4
37 49 0
25 50 0
18 55 0
13 59 0
Net_id 37
pin_num 4
23 15 0
20 9 0
14 15 0
6 11 0
Net_id 38
pin_num 4
56 49 0
54 55 0
58 29 0
46 37 0
Net_id 39
pin_num 4
54 20 0
49 15 0
43 25 0
51 28 0
Net_id 40
pin_num 4
11 27 0
3 27 0
0 18 0
10 18 0
Net_id 41
pin_num 4
15 36 0
8 47 0
25 44 0
15 58 0
Net_id 42
pin_num 3
52 32 0
55 55 0
32 50 0
Net_id 43
pin_num 3
54 5 0
53 16 0
42 18 0
Net_id 44
pin_num 3
23 24 0
43 21 0
30 30 0
Net_id 45
pin_num 3
31 17 0
46 17 0
53 17 0
Net_id 46
pin_num 3
7 26 0
25 25 0
19 55 0
Net_id 47
pin_num 3
24 34 0
37 30 0
37 11 0
Net_id 48
pin_num 3
14 12 0
5 16 0
0 5 0
Net_id 49
pin_num 3
31 23 0
37 23 0
35 43 0
Net_id 50
pin_num 3
13 0 0
20 16 0
33 12 0
Net_id 51
pin_num 3
16 56 0
1 45 0
13 42 0
Net_id 52
pin_num 3
58 17 0
55 23 0
59 1 0
Net_id 53
pin_num 3
45 57 0
20 51 0
13 58 0
Net_id 54
pin_num 3
51 27 0
43 44 0
27 43 0
Net_id 55
pin_num 3
58 25 0
50 22 0
36 16 0
Net_id 56
pin_num 3
46 21 0
48 33 0
28 30 0
Net_id 57
pin_num 3
20 2 0
9 7 0
0 9 0
Net_id 58
pin_num 3
18 29 0
3 16 0
27 59 0
Net_id 59
pin_num 3
20 19 0
18 5 0
30 6 0
Net_id 60
pin_num 3
13 13 0
10 1 0
17 1 0
Net_id 61
pin_num 3
17 24 0
8 12 0
3 23 0
Net_id 62
pin_num 3
30 32 0
31 45 0
22 40 0
Net_id 63
pin_num 3
3 24 0
4 11 0
18 1 0
Net_id 64
pin_num 3
21 3 0
25 16 0
34 12 0
Net_id 65
pin_num 3
10 45 0
2 41 0
6 47 0
Net_id 66
pin_num 3
58 43 0
51 37 0
41 37 0
Net_id 67
pin_num 3
24 1 0
21 5 0
20 0 0
Net_id 68
pin_num 3
8 29 0
10 16 0
23 29 0
Net_id 69
pin_num 3
2 5 0
12 18 0
12 15 0
Net_id 70
pin_num 3
18 42 0
42 42 0
42 34 0
Net_id 71
pin_num 3
15 17 0
17 10 0
8 10 0
Net_id 72
pin_num 3
5 57 0
8 48 0
22 43 0
Net_id 73
pin_num 3
46 57 0
55 36 0
53 21 0
Net_id 74
pin_num 3
36 30 0
22 37 0
58 56 0
Net_id 75
pin_num 3
2 37 0
4 40 0
9 55 0
Net_id 76
pin_num 3
16 26 0
12 40 0
4 57 0
Net_id 77
pin_num 3
35 22 0
31 47 0
21 48 0
Net_id 78
pin_num 3
27 55 0
36 57 0
40 45 0
Net_id 79
pin_num 2
25 28 0
19 24 0
Net_id 80
pin_num 2
20 24 0
22 19 0
Net_id 81
pin_num 2
19 26 0
25 26 0
Net_id 82
pin_num 2
24 45 0
43 49 0
Net_id 83
pin_num 2
33 3 0
12 3 0
Net_id 84
pin_num 2
33 46 0
36 55 0
Net_id 85
pin_num 2
36 36 0
46 52 0
Net_id 86
pin_num 2
47 44 0
57 42 0
Net_id 87
pin_num 2
31 50 0
26 43 0
Net_id 88
pin_num 2
43 17 0
34 17 0
Net_id 89
pin_num 2
7 5 0
2 3 0
Net_id 90
pin_num 2
24 51 0
16 49 0
Net_id 91
pin_num 2
48 10 0
49 10 0
Net_id 92
pin_num 2
27 17 0
22 17 0
Net_id 93
pin_num 2
49 47 0
36 47 0
Net_id 94
pin_num 2
6 13 0
1 13 0
Net_id 95
pin_num 2
35 3 0
41 3 0
Net_id 96
pin_num 2
45 1 0
45 4 0
Net_id 97
pin_num 2
14 3 0
17 0 0
Net_id 98
pin_num 2
43 24 0
28 43 0
Net_id 99
pin_num 2
0 1 0
2 9 0
Net_id 100
pin_num 2
29 51 0
27 56 0
Net_id 101
pin_num 2
49 22 0
48 29 0
Net_id 102
pin_num 2
59 50 0
44 34 0
Net_id 103
pin_num 2
53 5 0
36 18 0
Net_id 104
pin_num 2
36 33 0
29 33 0
Net_id 105
pin_num 2
39 13 0
26 9 0
Net_id 106
pin_num 2
19 0 0
22 5 0
Net_id 107
pin_num 2
22 38 0
31 38 0
Net_id 108
pin_num 2
19 46 0
7 54 0
Net_id 109
pin_num 2
44 37 0
47 27 0
Net_id 110
pin_num 2
8 9 0
4 1 0
Net_id 111
pin_num 2
3 49 0
16 54 0
Net_id 112
pin_num 2
30 9 0
27 15 0
Net_id 113
pin_num 2
23 58 0
42 54 0
Net_id 114
pin_num 2
6 8 0
3 3 0
Net_id 115
pin_num 2
6 15 0
3 1 0
Net_id 116
pin_num 2
54 24 0
46 38 0
Net_id 117
pin_num 2
29 44 0
51 30 0
Net_id 118
pin_num 2
43 51 0
26 30 0
Net_id 119
pin_num 2
20 45 0
15 50 0
Net_id 120
pin_num 2
10 51 0
9 43 0
Net_id 121
pin_num 2
35 47 0
21 58 0
Net_id 122
pin_num 2
11 38 0
3 39 0
Net_id 123
pin_num 2
2 14 0
9 9 0
Net_id 124
pin_num 2
32 15 0
33 36 0
Net_id 125
pin_num 2
25 43 0
37 58 0
Net_id 126
pin_num 2
58 37 0
44 49 0
Net_id 127
pin_num 2
27 57 0
17 51 0
Net_id 128
pin_num 2
54 36 0
25 31 0
Net_id 129
pin_num 2
51 45 0
55 56 0
Net_id 130
pin_num 2
14 5 0
0 12 0
Net_id 131
pin_num 2
24 5 0
18 9 0
Net_id 132
pin_num 2
54 46 0
56 51 0
Net_id 133
pin_num 2
59 40 0
50 41 0
Net_id 134
pin_num 2
27 32 0
22 33 0
Net_id 135
pin_num 2
50 30 0
55 47 0
Net_id 136
pin_num 2
13 2 0
14 13 0
Net_id 137
pin_num 2
51 46 0
45 49 0
Net_id 138
pin_num 2
59 3 0
54 7 0
Net_id 139
pin_num 2
53 23 0
38 16 0
Net_id 140
pin_num 2
3 54 0
11 54 0
Net_id 141
pin_num 2
56 56 0
57 53 0
Net_id 142
pin_num 2
46 12 0
39 12 0
Net_id 143
pin_num 2
22 14 0
29 10 0
Net_id 144
pin_num 2
1 32 0
11 51 0
Net_id 145
pin_num 2
17 55 0
1 17 0
Net_id 146
pin_num 2
4 58 0
11 58 0
Net_id 147
pin_num 2
37 51 0
32 56 0
Net_id 148
pin_num 2
23 22 0
25 29 0
Net_id 149
pin_num 2
34 9 0
33 7 0
Net_id 150
pin_num 2
57 32 0
46 25 0
Net_id 151
pin_num 2
51 2 0
38 7 0
Net_id 152
pin_num 2
55 6 0
53 15 0
Net_id 153
pin_num 2
7 29 0
2 34 0
Net_id 154
pin_num 2
35 20 0
39 10 0
Net_id 155
pin_num 2
39 8 0
22 2 0
Net_id 156
pin_num 2
59 8 0
57 7 0
Net_id 157
pin_num 2
12 16 0
19 10 0
Net_id 158
pin_num 2
51 0 0
59 6 0
