Width 60
Height 60
Layer 6
Total_WL 6529
Obstacle_num 144
31 15 0 40 16 0
50 41 0 54 42 0
11 18 0 14 19 0
29 5 0 34 6 0
15 48 0 20 49 0
16 16 0 22 17 0
54 23 0 58 24 0
9 55 0 19 56 0
23 57 0 29 58 0
19 8 0 29 9 0
25 10 0 29 11 0
43 45 0 50 46 0
33 10 0 37 11 0
11 38 0 21 39 0
40 26 0 50 27 0
56 29 0 59 30 0
27 11 0 34 12 0
51 26 0 59 27 0
49 19 0 54 20 0
3 14 0 13 15 0
12 25 0 19 26 0
38 55 0 46 56 0
4 29 0 13 30 0
21 54 0 26 55 0
2 34 1 3 37 1
44 3 1 45 8 1
37 20 1 38 25 1
26 23 1 27 30 1
47 0 1 48 3 1
47 38 1 48 48 1
17 48 1 18 52 1
27 12 1 28 16 1
48 13 1 49 23 1
54 30 1 55 37 1
31 18 1 32 28 1
39 53 1 40 59 1
37 30 1 38 40 1
32 1 1 33 10 1
29 54 1 30 58 1
14 31 1 15 38 1
16 30 1 17 35 1
10 11 1 11 20 1
32 38 1 33 41 1
6 42 1 7 48 1
22 20 1 23 25 1
52 19 1 53 26 1
20 15 1 21 21 1
38 0 1 39 3 1
0 42 2 7 43 2
11 7 2 20 8 2
30 57 2 39 58 2
2 48 2 12 49 2
7 47 2 13 48 2
21 9 2 31 10 2
45 13 2 49 14 2
20 28 2 26 29 2
27 24 2 35 25 2
21 2 2 24 3 2
8 32 2 12 33 2
53 22 2 57 23 2
31 50 2 35 51 2
43 10 2 50 11 2
50 15 2 53 16 2
3 16 2 12 17 2
46 4 2 49 5 2
47 57 2 50 58 2
50 37 2 55 38 2
17 49 2 25 50 2
16 25 2 23 26 2
30 32 2 38 33 2
0 7 2 9 8 2
9 23 2 16 24 2
24 38 3 25 45 3
12 15 3 13 21 3
42 37 3 43 45 3
48 3 3 49 12 3
52 39 3 53 44 3
55 37 3 56 45 3
34 8 3 35 12 3
32 33 3 33 37 3
37 51 3 38 57 3
9 53 3 10 58 3
25 9 3 26 18 3
53 19 3 54 26 3
47 38 3 48 44 3
54 34 3 55 42 3
55 1 3 56 4 3
29 40 3 30 45 3
12 29 3 13 37 3
36 3 3 37 10 3
4 42 3 5 45 3
3 51 3 4 58 3
2 41 3 3 49 3
39 11 3 40 15 3
57 2 3 58 9 3
27 47 3 28 55 3
15 57 4 21 58 4
45 37 4 55 38 4
18 16 4 22 17 4
48 48 4 58 49 4
19 3 4 27 4 4
27 39 4 30 40 4
37 27 4 41 28 4
14 43 4 18 44 4
12 46 4 20 47 4
25 24 4 34 25 4
15 49 4 25 50 4
25 44 4 33 45 4
8 7 4 17 8 4
14 52 4 19 53 4
39 3 4 43 4 4
20 9 4 28 10 4
14 2 4 18 3 4
52 24 4 55 25 4
9 41 4 14 42 4
54 30 4 57 31 4
15 15 4 18 16 4
21 52 4 25 53 4
56 47 4 59 48 4
9 1 4 17 2 4
11 33 5 12 43 5
37 44 5 38 51 5
34 53 5 35 58 5
40 38 5 41 41 5
45 41 5 46 47 5
44 38 5 45 43 5
27 26 5 28 36 5
22 12 5 23 22 5
52 25 5 53 34 5
25 21 5 26 27 5
48 33 5 49 41 5
7 45 5 8 53 5
28 42 5 29 52 5
45 12 5 46 17 5
34 7 5 35 12 5
6 5 5 7 8 5
41 37 5 42 42 5
41 11 5 42 19 5
26 9 5 27 13 5
27 12 5 28 15 5
41 2 5 42 8 5
12 50 5 13 58 5
2 10 5 3 16 5
50 4 5 51 12 5
Net_num 159
Net_id 0
pin_num 5
2 59 0
1 48 0
5 53 0
10 54 0
3 50 0
Net_id 1
pin_num 5
58 42 0
56 36 0
56 21 0
54 59 0
59 25 0
Net_id 2
pin_num 5
52 46 0
57 38 0
46 38 0
50 59 0
59 49 0
Net_id 3
pin_num 5
8 39 0
13 39 0
12 22 0
9 25 0
19 33 0
Net_id 4
pin_num 5
19 13 0
25 23 0
38 14 0
2 14 0
19 22 0
Net_id 5
pin_num 5
32 25 0
35 40 0
33 42 0
46 36 0
35 27 0
Net_id 6
pin_num 5
16 58 0
22 58 0
1 52 0
21 58 0
38 59 0
Net_id 7
pin_num 5
29 41 0
23 41 0
28 34 0
14 34 0
28 18 0
Net_id 8
pin_num 5
11 21 0
14 18 0
11 2 0
0 14 0
6 11 0
Net_id 9
pin_num 5
57 49 0
58 44 0
58 31 0
59 34 0
50 35 0
Net_id 10
pin_num 5
25 50 0
38 51 0
30 32 0
21 36 0
27 52 0
Net_id 11
pin_num 5
4 28 0
8 21 0
15 26 0
10 40 0
0 38 0
Net_id 12
pin_num 5
47 55 0
43 53 0
54 53 0
58 53 0
53 47 0
Net_id 13
pin_num 5
43 50 0
34 51 0
21 48 0
20 55 0
31 39 0
Net_id 14
pin_num 5
39 48 0
48 59 0
44 54 0
46 52 0
20 54 0
Net_id 15
pin_num 5
31 37 0
27 37 0
49 37 0
34 39 0
36 27 0
Net_id 16
pin_num 5
19 11 0
1 12 0
17 8 0
28 13 0
0 2 0
Net_id 17
pin_num 5
15 44 0
5 44 0
13 54 0
16 53 0
4 46 0
Net_id 18
pin_num 5
4 33 0
13 35 0
18 32 0
11 47 0
18 54 0
Net_id 19
pin_num 5
16 6 0
6 4 0
0 7 0
22 6 0
15 10 0
Net_id 20
pin_num 4
39 47 0
40 53 0
49 59 0
42 52 0
Net_id 21
pin_num 4
15 45 0
22 43 0
13 27 0
15 57 0
Net_id 22
pin_num 4
21 28 0
22 33 0
0 31 0
11 24 0
Net_id 23
pin_num 4
14 26 0
10 42 0
19 32 0
20 23 0
Net_id 24
pin_num 4
45 52 0
38 49 0
36 58 0
43 36 0
Net_id 25
pin_num 4
35 46 0
17 47 0
18 56 0
16 59 0
Net_id 26
pin_num 4
38 21 0
27 16 0
50 26 0
45 16 0
Net_id 27
pin_num 4
0 16 0
2 6 0
3 1 0
14 8 0
Net_id 28
pin_num 4
19 20 0
8 28 0
3 17 0
1 21 0
Net_id 29
pin_num 4
10 11 0
0 0 0
18 0 0
26 5 0
Net_id 30
pin_num 4
34 31 0
49 31 0
38 43 0
59 33 0
Net_id 31
pin_num 4
50 57 0
40 52 0
51 54 0
43 57 0
Net_id 32
pin_num 4
9 23 0
12 23 0
7 43 0
9 21 0
Net_id 33
pin_num 4
42 47 0
51 52 0
44 36 0
58 52 0
Net_id 34
pin_num 4
29 38 0
25 52 0
28 17 0
14 30 0
Net_id 35
pin_num 4
23 58 0
35 58 0
39 46 0
31 53 0
Net_id 36
pin_num 4
47 21 0
55 28 0
34 26 0
35 28 0
Net_id 37
pin_num 4
22 12 0
22 7 0
4 12 0
19 19 0
Net_id 38
pin_num 4
1 50 0
12 54 0
0 44 0
1 43 0
Net_id 39
pin_num 3
34 6 0
24 3 0
47 6 0
Net_id 40
pin_num 3
29 4 0
20 4 0
51 0 0
Net_id 41
pin_num 3
55 40 0
26 37 0
37 38 0
Net_id 42
pin_num 3
40 10 0
31 1 0
59 2 0
Net_id 43
pin_num 3
11 43 0
3 58 0
12 59 0
Net_id 44
pin_num 3
43 48 0
38 48 0
56 39 0
Net_id 45
pin_num 3
23 37 0
16 37 0
25 25 0
Net_id 46
pin_num 3
43 18 0
50 29 0
38 27 0
Net_id 47
pin_num 3
53 55 0
48 52 0
53 57 0
Net_id 48
pin_num 3
26 26 0
3 44 0
0 21 0
Net_id 49
pin_num 3
28 56 0
27 55 0
23 35 0
Net_id 50
pin_num 3
26 24 0
39 27 0
13 19 0
Net_id 51
pin_num 3
33 44 0
39 40 0
57 55 0
Net_id 52
pin_num 3
33 29 0
25 29 0
21 7 0
Net_id 53
pin_num 3
11 45 0
0 45 0
13 59 0
Net_id 54
pin_num 3
34 43 0
31 36 0
36 40 0
Net_id 55
pin_num 3
6 54 0
9 48 0
1 55 0
Net_id 56
pin_num 3
22 39 0
30 39 0
24 51 0
Net_id 57
pin_num 3
0 10 0
10 2 0
6 3 0
Net_id 58
pin_num 3
45 22 0
38 5 0
54 16 0
Net_id 59
pin_num 3
24 0 0
36 17 0
9 13 0
Net_id 60
pin_num 3
41 40 0
49 29 0
48 46 0
Net_id 61
pin_num 3
35 55 0
45 56 0
28 43 0
Net_id 62
pin_num 3
3 51 0
12 56 0
14 41 0
Net_id 63
pin_num 3
10 37 0
1 49 0
21 31 0
Net_id 64
pin_num 3
57 47 0
36 53 0
34 30 0
Net_id 65
pin_num 3
12 36 0
6 39 0
1 31 0
Net_id 66
pin_num 3
8 49 0
19 42 0
47 35 0
Net_id 67
pin_num 3
16 29 0
1 19 0
19 52 0
Net_id 68
pin_num 3
55 42 0
51 30 0
38 30 0
Net_id 69
pin_num 3
6 41 0
0 29 0
11 50 0
Net_id 70
pin_num 3
37 25 0
44 9 0
33 1 0
Net_id 71
pin_num 3
29 28 0
23 31 0
40 29 0
Net_id 72
pin_num 3
35 33 0
53 42 0
57 34 0
Net_id 73
pin_num 3
2 26 0
10 26 0
29 30 0
Net_id 74
pin_num 3
22 5 0
4 31 0
5 6 0
Net_id 75
pin_num 3
28 33 0
20 42 0
27 26 0
Net_id 76
pin_num 3
16 13 0
23 12 0
38 12 0
Net_id 77
pin_num 3
36 25 0
33 13 0
30 23 0
Net_id 78
pin_num 3
46 8 0
24 1 0
30 1 0
Net_id 79
pin_num 3
19 15 0
11 15 0
12 8 0
Net_id 80
pin_num 2
18 35 0
30 26 0
Net_id 81
pin_num 2
54 0 0
56 7 0
Net_id 82
pin_num 2
44 17 0
46 11 0
Net_id 83
pin_num 2
46 15 0
57 20 0
Net_id 84
pin_num 2
32 57 0
29 45 0
Net_id 85
pin_num 2
54 43 0
45 43 0
Net_id 86
pin_num 2
28 19 0
37 18 0
Net_id 87
pin_num 2
50 37 0
57 18 0
Net_id 88
pin_num 2
15 50 0
4 57 0
Net_id 89
pin_num 2
47 7 0
39 13 0
Net_id 90
pin_num 2
51 4 0
46 3 0
Net_id 91
pin_num 2
40 5 0
54 10 0
Net_id 92
pin_num 2
44 2 0
59 15 0
Net_id 93
pin_num 2
43 29 0
48 35 0
Net_id 94
pin_num 2
12 40 0
13 41 0
Net_id 95
pin_num 2
52 33 0
44 25 0
Net_id 96
pin_num 2
38 34 0
24 50 0
Net_id 97
pin_num 2
29 18 0
43 23 0
Net_id 98
pin_num 2
9 3 0
4 13 0
Net_id 99
pin_num 2
2 30 0
5 17 0
Net_id 100
pin_num 2
32 48 0
40 57 0
Net_id 101
pin_num 2
6 47 0
1 44 0
Net_id 102
pin_num 2
18 2 0
35 19 0
Net_id 103
pin_num 2
34 32 0
57 28 0
Net_id 104
pin_num 2
8 7 0
17 5 0
Net_id 105
pin_num 2
58 22 0
56 19 0
Net_id 106
pin_num 2
15 49 0
13 58 0
Net_id 107
pin_num 2
47 12 0
32 13 0
Net_id 108
pin_num 2
39 2 0
59 9 0
Net_id 109
pin_num 2
39 45 0
49 41 0
Net_id 110
pin_num 2
5 42 0
13 37 0
Net_id 111
pin_num 2
30 43 0
34 41 0
Net_id 112
pin_num 2
48 49 0
47 54 0
Net_id 113
pin_num 2
17 59 0
26 55 0
Net_id 114
pin_num 2
35 57 0
35 51 0
Net_id 115
pin_num 2
23 29 0
13 36 0
Net_id 116
pin_num 2
35 17 0
32 10 0
Net_id 117
pin_num 2
47 56 0
54 45 0
Net_id 118
pin_num 2
49 49 0
53 36 0
Net_id 119
pin_num 2
49 13 0
34 7 0
Net_id 120
pin_num 2
14 51 0
32 51 0
Net_id 121
pin_num 2
53 52 0
57 52 0
Net_id 122
pin_num 2
52 51 0
58 30 0
Net_id 123
pin_num 2
25 13 0
15 4 0
Net_id 124
pin_num 2
40 17 0
49 9 0
Net_id 125
pin_num 2
8 30 0
13 30 0
Net_id 126
pin_num 2
12 31 0
8 50 0
Net_id 127
pin_num 2
27 17 0
9 17 0
Net_id 128
pin_num 2
57 56 0
48 47 0
Net_id 129
pin_num 2
22 9 0
3 2 0
Net_id 130
pin_num 2
49 24 0
30 28 0
Net_id 131
pin_num 2
27 23 0
24 6 0
Net_id 132
pin_num 2
23 15 0
15 16 0
Net_id 133
pin_num 2
27 40 0
12 21 0
Net_id 134
pin_num 2
45 15 0
24 23 0
Net_id 135
pin_num 2
51 8 0
46 2 0
Net_id 136
pin_num 2
4 50 0
16 42 0
Net_id 137
pin_num 2
43 59 0
32 53 0
Net_id 138
pin_num 2
49 21 0
58 28 0
Net_id 139
pin_num 2
15 59 0
13 42 0
Net_id 140
pin_num 2
33 41 0
39 32 0
Net_id 141
pin_num 2
36 54 0
32 58 0
Net_id 142
pin_num 2
48 50 0
57 57 0
Net_id 143
pin_num 2
16 14 0
21 0 0
Net_id 144
pin_num 2
23 47 0
16 22 0
Net_id 145
pin_num 2
40 36 0
35 47 0
Net_id 146
pin_num 2
24 16 0
35 11 0
Net_id 147
pin_num 2
21 52 0
24 55 0
Net_id 148
pin_num 2
17 3 0
24 15 0
Net_id 149
pin_num 2
36 11 0
48 1 0
Net_id 150
pin_num 2
41 20 0
32 27 0
Net_id 151
pin_num 2
24 9 0
34 1 0
Net_id 152
pin_num 2
0 56 0
5 55 0
Net_id 153
pin_num 2
28 3 0
28 9 0
Net_id 154
pin_num 2
53 5 0
54 11 0
Net_id 155
pin_num 2
20 53 0
23 33 0
Net_id 156
pin_num 2
36 35 0
57 31 0
Net_id 157
pin_num 2
45 36 0
42 20 0
Net_id 158
pin_num 2
24 18 0
30 20 0
