Width 60
Height 60
Layer 6
Total_WL 6781
Obstacle_num 144
37 40 0 46 41 0
35 25 0 45 26 0
22 41 0 32 42 0
45 23 0 51 24 0
40 0 0 45 1 0
49 40 0 58 41 0
45 55 0 49 56 0
9 46 0 16 47 0
29 50 0 39 51 0
6 0 0 11 1 0
33 29 0 43 30 0
25 47 0 29 48 0
15 0 0 19 1 0
37 51 0 44 52 0
30 38 0 35 39 0
47 33 0 56 34 0
2 28 0 10 29 0
3 5 0 13 6 0
14 10 0 23 11 0
5 44 0 11 45 0
18 52 0 22 53 0
50 3 0 56 4 0
18 39 0 25 40 0
21 34 0 28 35 0
19 30 1 20 40 1
49 50 1 50 57 1
19 46 1 20 53 1
23 43 1 24 53 1
34 4 1 35 10 1
54 16 1 55 19 1
18 32 1 19 41 1
11 47 1 12 52 1
4 47 1 5 52 1
36 27 1 37 35 1
54 28 1 55 34 1
2 11 1 3 19 1
53 4 1 54 14 1
5 9 1 6 13 1
10 37 1 11 40 1
5 46 1 6 49 1
36 42 1 37 48 1
40 40 1 41 49 1
0 51 1 1 58 1
57 43 1 58 49 1
25 11 1 26 20 1
56 3 1 57 10 1
30 35 1 31 42 1
51 19 1 52 24 1
32 28 2 37 29 2
20 12 2 24 13 2
38 20 2 47 21 2
29 15 2 36 16 2
38 32 2 41 33 2
2 24 2 11 25 2
46 36 2 55 37 2
24 46 2 33 47 2
29 10 2 32 11 2
29 58 2 33 59 2
27 47 2 35 48 2
46 56 2 49 57 2
6 44 2 13 45 2
37 57 2 44 58 2
45 37 2 49 38 2
13 38 2 18 39 2
19 20 2 24 21 2
39 49 2 45 50 2
41 53 2 49 54 2
5 6 2 10 7 2
1 3 2 9 4 2
48 32 2 54 33 2
6 31 2 15 32 2
37 5 2 46 6 2
8 35 3 9 41 3
14 29 3 15 34 3
40 9 3 41 17 3
54 6 3 55 16 3
42 7 3 43 11 3
15 39 3 16 45 3
32 33 3 33 39 3
20 30 3 21 36 3
2 21 3 3 27 3
16 6 3 17 9 3
45 25 3 46 30 3
43 7 3 44 14 3
45 45 3 46 55 3
13 49 3 14 59 3
29 49 3 30 58 3
3 52 3 4 56 3
47 16 3 48 21 3
47 51 3 48 57 3
2 28 3 3 35 3
48 3 3 49 12 3
9 28 3 10 34 3
26 25 3 27 33 3
53 33 3 54 43 3
11 15 3 12 21 3
19 28 4 28 29 4
23 23 4 32 24 4
25 40 4 33 41 4
41 16 4 48 17 4
12 45 4 22 46 4
35 27 4 42 28 4
45 55 4 50 56 4
35 38 4 42 39 4
52 16 4 56 17 4
19 55 4 29 56 4
1 2 4 9 3 4
32 21 4 39 22 4
26 4 4 32 5 4
19 53 4 26 54 4
14 25 4 20 26 4
3 35 4 13 36 4
5 55 4 13 56 4
3 40 4 6 41 4
37 45 4 47 46 4
15 13 4 23 14 4
2 16 4 12 17 4
21 16 4 31 17 4
38 14 4 46 15 4
27 13 4 32 14 4
37 21 5 38 26 5
18 16 5 19 22 5
47 1 5 48 7 5
0 42 5 1 50 5
33 8 5 34 13 5
42 4 5 43 12 5
20 20 5 21 27 5
44 21 5 45 26 5
38 20 5 39 30 5
47 52 5 48 57 5
31 23 5 32 26 5
5 25 5 6 35 5
51 38 5 52 43 5
4 5 5 5 13 5
47 28 5 48 32 5
57 49 5 58 54 5
35 2 5 36 11 5
9 32 5 10 37 5
35 23 5 36 26 5
45 36 5 46 43 5
45 29 5 46 35 5
22 51 5 23 57 5
50 13 5 51 21 5
28 20 5 29 24 5
Net_num 159
Net_id 0
pin_num 5
51 6 0
59 7 0
54 2 0
46 2 0
39 7 0
Net_id 1
pin_num 5
21 25 0
24 14 0
10 24 0
37 14 0
5 18 0
Net_id 2
pin_num 5
36 55 0
44 56 0
57 59 0
59 57 0
42 59 0
Net_id 3
pin_num 5
31 5 0
28 0 0
15 3 0
14 0 0
28 24 0
Net_id 4
pin_num 5
36 23 0
44 28 0
59 28 0
46 10 0
47 18 0
Net_id 5
pin_num 5
30 11 0
19 4 0
29 6 0
23 7 0
37 7 0
Net_id 6
pin_num 5
31 37 0
47 41 0
34 24 0
46 57 0
42 47 0
Net_id 7
pin_num 5
57 57 0
58 56 0
51 57 0
52 39 0
44 58 0
Net_id 8
pin_num 5
23 1 0
21 8 0
43 8 0
5 8 0
22 9 0
Net_id 9
pin_num 5
44 11 0
49 6 0
30 4 0
59 3 0
30 1 0
Net_id 10
pin_num 5
28 18 0
45 20 0
42 12 0
36 3 0
41 1 0
Net_id 11
pin_num 5
39 48 0
39 45 0
17 45 0
39 59 0
16 59 0
Net_id 12
pin_num 5
57 37 0
48 37 0
49 34 0
59 54 0
41 43 0
Net_id 13
pin_num 5
31 8 0
47 11 0
43 26 0
52 24 0
59 14 0
Net_id 14
pin_num 5
15 57 0
12 57 0
5 57 0
19 58 0
20 53 0
Net_id 15
pin_num 5
32 40 0
41 49 0
35 49 0
37 35 0
45 49 0
Net_id 16
pin_num 5
33 11 0
16 12 0
0 9 0
26 19 0
7 17 0
Net_id 17
pin_num 5
36 16 0
40 16 0
22 16 0
32 34 0
11 15 0
Net_id 18
pin_num 5
45 58 0
51 51 0
59 36 0
41 59 0
42 42 0
Net_id 19
pin_num 5
31 24 0
29 28 0
11 28 0
23 26 0
30 42 0
Net_id 20
pin_num 5
38 57 0
28 57 0
40 39 0
46 52 0
39 38 0
Net_id 21
pin_num 5
51 24 0
33 20 0
39 27 0
37 22 0
41 30 0
Net_id 22
pin_num 4
25 38 0
21 22 0
4 36 0
43 36 0
Net_id 23
pin_num 4
3 45 0
9 37 0
3 21 0
1 0 0
Net_id 24
pin_num 4
21 40 0
14 37 0
10 56 0
0 35 0
Net_id 25
pin_num 4
20 15 0
7 19 0
15 31 0
6 30 0
Net_id 26
pin_num 4
36 31 0
55 27 0
55 44 0
38 13 0
Net_id 27
pin_num 4
6 1 0
13 3 0
10 19 0
10 32 0
Net_id 28
pin_num 4
50 35 0
56 22 0
55 45 0
59 27 0
Net_id 29
pin_num 4
11 20 0
1 26 0
3 46 0
4 10 0
Net_id 30
pin_num 4
47 0 0
45 5 0
58 5 0
26 4 0
Net_id 31
pin_num 4
28 51 0
26 35 0
33 49 0
35 31 0
Net_id 32
pin_num 4
3 30 0
11 33 0
1 46 0
6 42 0
Net_id 33
pin_num 4
9 40 0
20 32 0
22 33 0
14 19 0
Net_id 34
pin_num 4
54 29 0
44 21 0
59 33 0
57 19 0
Net_id 35
pin_num 4
38 1 0
37 0 0
31 9 0
35 15 0
Net_id 36
pin_num 4
48 17 0
51 14 0
58 11 0
53 32 0
Net_id 37
pin_num 4
16 28 0
6 32 0
14 51 0
7 30 0
Net_id 38
pin_num 4
11 48 0
18 55 0
12 34 0
29 48 0
Net_id 39
pin_num 4
8 15 0
1 11 0
17 11 0
4 0 0
Net_id 40
pin_num 4
27 7 0
20 13 0
4 13 0
13 1 0
Net_id 41
pin_num 3
0 8 0
16 22 0
0 34 0
Net_id 42
pin_num 3
4 48 0
11 54 0
0 50 0
Net_id 43
pin_num 3
40 37 0
31 40 0
31 55 0
Net_id 44
pin_num 3
56 4 0
34 2 0
53 14 0
Net_id 45
pin_num 3
43 32 0
22 32 0
49 12 0
Net_id 46
pin_num 3
25 40 0
16 35 0
13 27 0
Net_id 47
pin_num 3
58 27 0
48 20 0
37 33 0
Net_id 48
pin_num 3
9 14 0
7 4 0
5 7 0
Net_id 49
pin_num 3
23 35 0
6 43 0
2 10 0
Net_id 50
pin_num 3
38 53 0
56 47 0
53 48 0
Net_id 51
pin_num 3
20 20 0
1 13 0
1 25 0
Net_id 52
pin_num 3
59 20 0
57 31 0
58 44 0
Net_id 53
pin_num 3
27 56 0
9 59 0
20 37 0
Net_id 54
pin_num 3
47 51 0
43 39 0
50 29 0
Net_id 55
pin_num 3
45 11 0
59 25 0
39 15 0
Net_id 56
pin_num 3
1 5 0
11 0 0
13 0 0
Net_id 57
pin_num 3
53 27 0
56 33 0
58 32 0
Net_id 58
pin_num 3
28 5 0
15 9 0
26 17 0
Net_id 59
pin_num 3
2 34 0
0 29 0
17 46 0
Net_id 60
pin_num 3
7 32 0
15 40 0
9 18 0
Net_id 61
pin_num 3
28 3 0
21 0 0
24 1 0
Net_id 62
pin_num 3
44 10 0
31 19 0
32 33 0
Net_id 63
pin_num 3
12 39 0
15 43 0
4 50 0
Net_id 64
pin_num 3
20 54 0
24 55 0
17 50 0
Net_id 65
pin_num 3
15 54 0
8 48 0
15 47 0
Net_id 66
pin_num 3
39 34 0
48 35 0
42 22 0
Net_id 67
pin_num 3
35 39 0
28 39 0
29 57 0
Net_id 68
pin_num 3
51 50 0
55 51 0
57 42 0
Net_id 69
pin_num 3
8 23 0
30 13 0
21 43 0
Net_id 70
pin_num 3
14 6 0
30 3 0
18 25 0
Net_id 71
pin_num 3
18 28 0
29 37 0
20 27 0
Net_id 72
pin_num 3
20 31 0
9 27 0
31 36 0
Net_id 73
pin_num 3
32 15 0
40 22 0
9 21 0
Net_id 74
pin_num 3
46 13 0
58 19 0
58 45 0
Net_id 75
pin_num 3
28 28 0
9 35 0
28 56 0
Net_id 76
pin_num 3
55 57 0
56 56 0
59 49 0
Net_id 77
pin_num 3
46 54 0
43 56 0
29 56 0
Net_id 78
pin_num 3
19 1 0
23 2 0
17 12 0
Net_id 79
pin_num 3
38 47 0
31 59 0
40 42 0
Net_id 80
pin_num 2
14 28 0
2 37 0
Net_id 81
pin_num 2
12 9 0
1 2 0
Net_id 82
pin_num 2
58 4 0
50 6 0
Net_id 83
pin_num 2
15 34 0
4 57 0
Net_id 84
pin_num 2
38 8 0
25 20 0
Net_id 85
pin_num 2
28 9 0
48 22 0
Net_id 86
pin_num 2
51 56 0
43 52 0
Net_id 87
pin_num 2
45 16 0
56 30 0
Net_id 88
pin_num 2
23 18 0
13 6 0
Net_id 89
pin_num 2
50 12 0
41 2 0
Net_id 90
pin_num 2
11 16 0
6 19 0
Net_id 91
pin_num 2
21 15 0
24 4 0
Net_id 92
pin_num 2
57 25 0
53 16 0
Net_id 93
pin_num 2
10 11 0
5 2 0
Net_id 94
pin_num 2
42 52 0
13 41 0
Net_id 95
pin_num 2
28 43 0
47 30 0
Net_id 96
pin_num 2
27 10 0
33 22 0
Net_id 97
pin_num 2
42 2 0
59 13 0
Net_id 98
pin_num 2
19 16 0
21 44 0
Net_id 99
pin_num 2
27 52 0
42 39 0
Net_id 100
pin_num 2
49 19 0
57 14 0
Net_id 101
pin_num 2
46 25 0
55 14 0
Net_id 102
pin_num 2
29 19 0
26 20 0
Net_id 103
pin_num 2
25 9 0
23 17 0
Net_id 104
pin_num 2
33 53 0
26 33 0
Net_id 105
pin_num 2
31 14 0
35 14 0
Net_id 106
pin_num 2
19 21 0
22 21 0
Net_id 107
pin_num 2
39 26 0
24 17 0
Net_id 108
pin_num 2
42 27 0
17 7 0
Net_id 109
pin_num 2
35 7 0
38 3 0
Net_id 110
pin_num 2
57 33 0
54 44 0
Net_id 111
pin_num 2
53 44 0
37 28 0
Net_id 112
pin_num 2
6 6 0
12 6 0
Net_id 113
pin_num 2
57 30 0
56 46 0
Net_id 114
pin_num 2
7 10 0
13 10 0
Net_id 115
pin_num 2
20 46 0
31 23 0
Net_id 116
pin_num 2
24 0 0
37 39 0
Net_id 117
pin_num 2
45 42 0
50 47 0
Net_id 118
pin_num 2
25 14 0
44 22 0
Net_id 119
pin_num 2
24 25 0
33 13 0
Net_id 120
pin_num 2
45 32 0
59 34 0
Net_id 121
pin_num 2
46 49 0
57 39 0
Net_id 122
pin_num 2
47 39 0
50 22 0
Net_id 123
pin_num 2
18 35 0
5 19 0
Net_id 124
pin_num 2
0 36 0
8 45 0
Net_id 125
pin_num 2
43 41 0
48 48 0
Net_id 126
pin_num 2
28 25 0
33 27 0
Net_id 127
pin_num 2
8 58 0
2 44 0
Net_id 128
pin_num 2
2 56 0
6 59 0
Net_id 129
pin_num 2
47 29 0
39 35 0
Net_id 130
pin_num 2
8 54 0
1 50 0
Net_id 131
pin_num 2
35 51 0
48 57 0
Net_id 132
pin_num 2
9 53 0
27 57 0
Net_id 133
pin_num 2
25 18 0
17 9 0
Net_id 134
pin_num 2
54 14 0
54 11 0
Net_id 135
pin_num 2
18 15 0
9 38 0
Net_id 136
pin_num 2
26 31 0
33 31 0
Net_id 137
pin_num 2
53 20 0
41 37 0
Net_id 138
pin_num 2
27 44 0
17 22 0
Net_id 139
pin_num 2
53 51 0
51 47 0
Net_id 140
pin_num 2
46 12 0
44 19 0
Net_id 141
pin_num 2
16 57 0
24 51 0
Net_id 142
pin_num 2
2 52 0
5 49 0
Net_id 143
pin_num 2
15 35 0
19 22 0
Net_id 144
pin_num 2
40 2 0
36 2 0
Net_id 145
pin_num 2
28 8 0
33 2 0
Net_id 146
pin_num 2
40 57 0
36 48 0
Net_id 147
pin_num 2
12 22 0
16 26 0
Net_id 148
pin_num 2
56 55 0
49 55 0
Net_id 149
pin_num 2
23 8 0
39 3 0
Net_id 150
pin_num 2
0 25 0
0 28 0
Net_id 151
pin_num 2
8 41 0
33 34 0
Net_id 152
pin_num 2
38 9 0
51 9 0
Net_id 153
pin_num 2
3 49 0
0 48 0
Net_id 154
pin_num 2
57 29 0
35 43 0
Net_id 155
pin_num 2
16 7 0
2 19 0
Net_id 156
pin_num 2
55 10 0
44 2 0
Net_id 157
pin_num 2
23 43 0
38 35 0
Net_id 158
pin_num 2
14 45 0
0 37 0
