Width 60
Height 60
Layer 6
Total_WL 6336
Obstacle_num 144
45 29 0 51 30 0
35 4 0 43 5 0
53 10 0 57 11 0
10 50 0 16 51 0
49 6 0 56 7 0
14 39 0 23 40 0
3 50 0 6 51 0
46 43 0 55 44 0
19 24 0 28 25 0
34 51 0 37 52 0
32 53 0 42 54 0
35 46 0 44 47 0
48 48 0 58 49 0
21 41 0 26 42 0
20 38 0 27 39 0
22 32 0 28 33 0
0 39 0 9 40 0
2 41 0 6 42 0
3 57 0 8 58 0
49 41 0 59 42 0
18 2 0 23 3 0
39 39 0 46 40 0
19 3 0 26 4 0
13 54 0 21 55 0
21 23 1 22 26 1
34 49 1 35 54 1
39 7 1 40 17 1
16 16 1 17 25 1
58 20 1 59 26 1
5 46 1 6 49 1
48 22 1 49 30 1
12 35 1 13 41 1
26 19 1 27 24 1
20 39 1 21 44 1
47 31 1 48 41 1
23 33 1 24 36 1
22 43 1 23 46 1
35 18 1 36 22 1
36 18 1 37 28 1
39 28 1 40 36 1
38 7 1 39 16 1
20 45 1 21 49 1
52 52 1 53 59 1
50 20 1 51 29 1
56 42 1 57 45 1
6 34 1 7 41 1
38 35 1 39 38 1
42 47 1 43 53 1
21 13 2 28 14 2
15 35 2 21 36 2
45 16 2 49 17 2
11 19 2 18 20 2
24 51 2 27 52 2
26 12 2 36 13 2
18 1 2 25 2 2
34 32 2 37 33 2
16 15 2 19 16 2
36 4 2 44 5 2
29 26 2 37 27 2
47 51 2 57 52 2
48 23 2 56 24 2
15 20 2 18 21 2
41 56 2 48 57 2
45 35 2 51 36 2
49 56 2 56 57 2
39 55 2 45 56 2
49 31 2 58 32 2
21 47 2 29 48 2
41 7 2 49 8 2
28 55 2 35 56 2
46 32 2 52 33 2
19 53 2 28 54 2
27 21 3 28 26 3
57 3 3 58 7 3
13 35 3 14 38 3
47 33 3 48 38 3
2 50 3 3 59 3
30 5 3 31 13 3
41 26 3 42 33 3
53 42 3 54 48 3
36 0 3 37 3 3
39 18 3 40 21 3
15 53 3 16 56 3
33 16 3 34 26 3
26 49 3 27 56 3
39 26 3 40 32 3
53 22 3 54 31 3
55 50 3 56 54 3
5 40 3 6 43 3
21 33 3 22 40 3
33 52 3 34 56 3
19 35 3 20 40 3
45 50 3 46 57 3
3 41 3 4 50 3
10 28 3 11 32 3
5 15 3 6 19 3
21 54 4 27 55 4
48 38 4 56 39 4
15 10 4 23 11 4
30 0 4 36 1 4
9 18 4 18 19 4
19 9 4 27 10 4
2 8 4 8 9 4
48 26 4 55 27 4
37 48 4 43 49 4
36 51 4 41 52 4
40 28 4 49 29 4
23 53 4 31 54 4
23 14 4 29 15 4
34 44 4 40 45 4
9 15 4 19 16 4
40 22 4 50 23 4
8 16 4 13 17 4
20 37 4 29 38 4
43 51 4 50 52 4
43 52 4 50 53 4
41 25 4 45 26 4
47 29 4 54 30 4
44 44 4 50 45 4
5 29 4 15 30 4
29 40 5 30 46 5
28 48 5 29 57 5
10 25 5 11 30 5
13 10 5 14 18 5
25 23 5 26 32 5
45 28 5 46 32 5
32 15 5 33 18 5
54 28 5 55 35 5
3 10 5 4 13 5
16 2 5 17 11 5
19 32 5 20 37 5
31 31 5 32 35 5
20 46 5 21 53 5
48 31 5 49 34 5
26 16 5 27 23 5
50 11 5 51 14 5
27 5 5 28 10 5
48 19 5 49 23 5
30 32 5 31 36 5
7 17 5 8 21 5
41 35 5 42 43 5
1 45 5 2 53 5
38 46 5 39 54 5
30 24 5 31 28 5
Net_num 160
Net_id 0
pin_num 5
7 54 0
8 59 0
17 59 0
0 42 0
10 56 0
Net_id 1
pin_num 5
50 13 0
46 14 0
46 2 0
36 13 0
40 24 0
Net_id 2
pin_num 5
29 16 0
42 16 0
6 16 0
27 3 0
16 8 0
Net_id 3
pin_num 5
13 25 0
25 27 0
4 25 0
17 43 0
22 21 0
Net_id 4
pin_num 5
8 10 0
2 10 0
20 10 0
9 0 0
15 13 0
Net_id 5
pin_num 5
34 32 0
38 39 0
37 20 0
3 25 0
42 38 0
Net_id 6
pin_num 5
29 59 0
26 52 0
38 57 0
35 35 0
30 48 0
Net_id 7
pin_num 5
30 49 0
31 45 0
35 48 0
23 49 0
32 55 0
Net_id 8
pin_num 5
27 37 0
37 37 0
29 15 0
22 20 0
29 0 0
Net_id 9
pin_num 5
1 21 0
8 17 0
1 40 0
0 20 0
14 17 0
Net_id 10
pin_num 5
53 45 0
56 45 0
55 29 0
46 30 0
59 50 0
Net_id 11
pin_num 5
26 4 0
21 4 0
21 14 0
14 5 0
26 5 0
Net_id 12
pin_num 5
50 8 0
59 0 0
59 16 0
58 9 0
54 16 0
Net_id 13
pin_num 5
15 7 0
1 6 0
12 17 0
6 1 0
10 2 0
Net_id 14
pin_num 5
38 18 0
42 19 0
41 35 0
57 24 0
37 33 0
Net_id 15
pin_num 5
6 11 0
11 17 0
14 0 0
26 10 0
0 0 0
Net_id 16
pin_num 5
33 43 0
39 37 0
18 35 0
19 40 0
18 52 0
Net_id 17
pin_num 5
58 0 0
48 0 0
50 9 0
56 9 0
57 12 0
Net_id 18
pin_num 5
3 12 0
6 15 0
4 9 0
0 34 0
5 12 0
Net_id 19
pin_num 5
28 56 0
24 56 0
16 56 0
23 59 0
6 56 0
Net_id 20
pin_num 5
14 14 0
23 26 0
8 24 0
15 17 0
17 18 0
Net_id 21
pin_num 4
30 2 0
26 7 0
33 0 0
44 5 0
Net_id 22
pin_num 4
56 23 0
45 25 0
45 17 0
52 28 0
Net_id 23
pin_num 4
51 28 0
54 30 0
47 12 0
47 4 0
Net_id 24
pin_num 4
57 39 0
58 26 0
56 49 0
57 46 0
Net_id 25
pin_num 4
33 56 0
29 48 0
17 48 0
28 48 0
Net_id 26
pin_num 4
33 52 0
20 55 0
14 58 0
24 48 0
Net_id 27
pin_num 4
58 35 0
58 40 0
52 40 0
59 51 0
Net_id 28
pin_num 4
29 10 0
17 1 0
44 4 0
36 1 0
Net_id 29
pin_num 4
39 7 0
53 1 0
53 32 0
30 32 0
Net_id 30
pin_num 4
37 23 0
44 26 0
59 24 0
53 11 0
Net_id 31
pin_num 4
24 4 0
15 6 0
31 1 0
28 0 0
Net_id 32
pin_num 4
31 10 0
42 5 0
47 1 0
31 12 0
Net_id 33
pin_num 4
51 15 0
49 21 0
30 21 0
23 20 0
Net_id 34
pin_num 4
55 51 0
42 51 0
41 59 0
44 47 0
Net_id 35
pin_num 4
11 41 0
4 44 0
0 59 0
5 59 0
Net_id 36
pin_num 4
12 35 0
8 38 0
0 40 0
8 57 0
Net_id 37
pin_num 4
8 12 0
2 14 0
7 13 0
28 13 0
Net_id 38
pin_num 4
53 28 0
59 25 0
56 39 0
54 19 0
Net_id 39
pin_num 4
46 7 0
58 4 0
45 5 0
52 18 0
Net_id 40
pin_num 4
49 26 0
45 28 0
59 33 0
45 41 0
Net_id 41
pin_num 3
3 37 0
1 58 0
29 47 0
Net_id 42
pin_num 3
30 25 0
31 33 0
24 22 0
Net_id 43
pin_num 3
57 14 0
57 33 0
44 20 0
Net_id 44
pin_num 3
15 3 0
18 12 0
25 7 0
Net_id 45
pin_num 3
44 50 0
56 56 0
50 44 0
Net_id 46
pin_num 3
42 21 0
55 14 0
30 29 0
Net_id 47
pin_num 3
2 31 0
15 40 0
31 31 0
Net_id 48
pin_num 3
7 14 0
4 40 0
10 23 0
Net_id 49
pin_num 3
57 36 0
50 38 0
19 36 0
Net_id 50
pin_num 3
21 11 0
1 1 0
0 8 0
Net_id 51
pin_num 3
20 49 0
17 53 0
26 46 0
Net_id 52
pin_num 3
5 49 0
11 47 0
1 55 0
Net_id 53
pin_num 3
28 4 0
34 6 0
59 17 0
Net_id 54
pin_num 3
44 7 0
41 0 0
43 2 0
Net_id 55
pin_num 3
13 23 0
27 30 0
25 23 0
Net_id 56
pin_num 3
11 54 0
2 35 0
1 9 0
Net_id 57
pin_num 3
33 29 0
32 38 0
36 44 0
Net_id 58
pin_num 3
10 5 0
3 0 0
22 5 0
Net_id 59
pin_num 3
19 27 0
30 20 0
27 47 0
Net_id 60
pin_num 3
1 46 0
16 57 0
5 55 0
Net_id 61
pin_num 3
46 12 0
33 27 0
47 2 0
Net_id 62
pin_num 3
7 43 0
21 32 0
1 18 0
Net_id 63
pin_num 3
31 3 0
30 12 0
58 3 0
Net_id 64
pin_num 3
36 11 0
20 6 0
29 38 0
Net_id 65
pin_num 3
12 26 0
0 27 0
29 46 0
Net_id 66
pin_num 3
7 19 0
10 17 0
33 19 0
Net_id 67
pin_num 3
47 47 0
34 59 0
21 49 0
Net_id 68
pin_num 3
43 40 0
39 54 0
40 12 0
Net_id 69
pin_num 3
1 44 0
5 24 0
12 41 0
Net_id 70
pin_num 3
38 12 0
32 23 0
31 50 0
Net_id 71
pin_num 3
10 30 0
16 30 0
3 33 0
Net_id 72
pin_num 3
37 25 0
44 25 0
22 18 0
Net_id 73
pin_num 3
45 1 0
43 8 0
56 1 0
Net_id 74
pin_num 3
28 8 0
41 10 0
37 1 0
Net_id 75
pin_num 3
34 52 0
43 57 0
40 33 0
Net_id 76
pin_num 3
7 26 0
13 32 0
13 8 0
Net_id 77
pin_num 3
13 1 0
23 6 0
33 15 0
Net_id 78
pin_num 3
15 35 0
6 21 0
35 24 0
Net_id 79
pin_num 3
28 27 0
35 31 0
32 22 0
Net_id 80
pin_num 2
7 58 0
13 44 0
Net_id 81
pin_num 2
44 27 0
39 29 0
Net_id 82
pin_num 2
2 29 0
25 29 0
Net_id 83
pin_num 2
16 9 0
4 8 0
Net_id 84
pin_num 2
54 37 0
45 54 0
Net_id 85
pin_num 2
6 19 0
2 36 0
Net_id 86
pin_num 2
5 1 0
2 11 0
Net_id 87
pin_num 2
2 3 0
6 17 0
Net_id 88
pin_num 2
0 18 0
4 13 0
Net_id 89
pin_num 2
50 21 0
59 21 0
Net_id 90
pin_num 2
35 10 0
23 2 0
Net_id 91
pin_num 2
29 24 0
35 14 0
Net_id 92
pin_num 2
5 27 0
3 21 0
Net_id 93
pin_num 2
18 55 0
11 55 0
Net_id 94
pin_num 2
37 18 0
33 17 0
Net_id 95
pin_num 2
29 35 0
42 37 0
Net_id 96
pin_num 2
56 33 0
52 42 0
Net_id 97
pin_num 2
6 2 0
1 10 0
Net_id 98
pin_num 2
56 34 0
58 13 0
Net_id 99
pin_num 2
15 59 0
2 40 0
Net_id 100
pin_num 2
51 10 0
58 11 0
Net_id 101
pin_num 2
1 13 0
15 8 0
Net_id 102
pin_num 2
52 44 0
57 35 0
Net_id 103
pin_num 2
42 11 0
30 30 0
Net_id 104
pin_num 2
1 51 0
33 49 0
Net_id 105
pin_num 2
9 24 0
12 20 0
Net_id 106
pin_num 2
52 19 0
56 19 0
Net_id 107
pin_num 2
11 44 0
5 58 0
Net_id 108
pin_num 2
47 34 0
36 28 0
Net_id 109
pin_num 2
26 28 0
49 37 0
Net_id 110
pin_num 2
33 38 0
36 40 0
Net_id 111
pin_num 2
45 24 0
51 35 0
Net_id 112
pin_num 2
26 47 0
15 38 0
Net_id 113
pin_num 2
9 52 0
19 42 0
Net_id 114
pin_num 2
15 15 0
7 35 0
Net_id 115
pin_num 2
39 31 0
31 34 0
Net_id 116
pin_num 2
28 54 0
16 45 0
Net_id 117
pin_num 2
1 2 0
11 4 0
Net_id 118
pin_num 2
39 27 0
35 7 0
Net_id 119
pin_num 2
57 51 0
43 33 0
Net_id 120
pin_num 2
20 34 0
26 35 0
Net_id 121
pin_num 2
11 33 0
4 23 0
Net_id 122
pin_num 2
59 36 0
53 39 0
Net_id 123
pin_num 2
23 57 0
16 49 0
Net_id 124
pin_num 2
46 15 0
48 31 0
Net_id 125
pin_num 2
17 13 0
5 0 0
Net_id 126
pin_num 2
12 27 0
33 31 0
Net_id 127
pin_num 2
9 36 0
6 46 0
Net_id 128
pin_num 2
45 48 0
34 34 0
Net_id 129
pin_num 2
52 59 0
59 56 0
Net_id 130
pin_num 2
35 49 0
37 47 0
Net_id 131
pin_num 2
43 0 0
42 2 0
Net_id 132
pin_num 2
11 32 0
18 22 0
Net_id 133
pin_num 2
25 28 0
18 28 0
Net_id 134
pin_num 2
27 58 0
19 46 0
Net_id 135
pin_num 2
43 47 0
31 54 0
Net_id 136
pin_num 2
4 22 0
5 35 0
Net_id 137
pin_num 2
46 9 0
17 21 0
Net_id 138
pin_num 2
40 31 0
44 31 0
Net_id 139
pin_num 2
51 50 0
39 56 0
Net_id 140
pin_num 2
2 53 0
13 45 0
Net_id 141
pin_num 2
32 26 0
29 56 0
Net_id 142
pin_num 2
2 32 0
21 40 0
Net_id 143
pin_num 2
55 38 0
46 38 0
Net_id 144
pin_num 2
24 37 0
18 37 0
Net_id 145
pin_num 2
53 57 0
58 57 0
Net_id 146
pin_num 2
56 42 0
48 58 0
Net_id 147
pin_num 2
10 37 0
15 37 0
Net_id 148
pin_num 2
3 14 0
16 33 0
Net_id 149
pin_num 2
9 17 0
5 28 0
Net_id 150
pin_num 2
47 32 0
40 30 0
Net_id 151
pin_num 2
17 12 0
12 2 0
Net_id 152
pin_num 2
3 18 0
9 22 0
Net_id 153
pin_num 2
39 44 0
42 33 0
Net_id 154
pin_num 2
38 59 0
34 56 0
Net_id 155
pin_num 2
4 52 0
4 59 0
Net_id 156
pin_num 2
52 11 0
43 1 0
Net_id 157
pin_num 2
48 25 0
57 17 0
Net_id 158
pin_num 2
12 43 0
21 26 0
Net_id 159
pin_num 2
43 45 0
33 45 0
