Width 60
Height 60
Layer 6
Total_WL 6780
Obstacle_num 144
4 41 0 8 42 0
10 29 0 16 30 0
10 9 0 16 10 0
23 4 0 26 5 0
32 7 0 37 8 0
30 13 0 38 14 0
8 45 0 16 46 0
38 6 0 44 7 0
3 54 0 6 55 0
14 0 0 20 1 0
16 38 0 24 39 0
6 40 0 10 41 0
39 48 0 46 49 0
38 25 0 48 26 0
48 17 0 52 18 0
41 30 0 51 31 0
17 15 0 26 16 0
28 26 0 34 27 0
14 42 0 24 43 0
14 46 0 24 47 0
1 17 0 7 18 0
47 52 0 54 53 0
19 53 0 22 54 0
50 28 0 58 29 0
17 21 1 18 29 1
51 52 1 52 59 1
27 21 1 28 25 1
10 35 1 11 43 1
36 0 1 37 8 1
29 31 1 30 41 1
26 20 1 27 26 1
46 16 1 47 25 1
45 13 1 46 16 1
17 33 1 18 42 1
53 39 1 54 42 1
3 11 1 4 16 1
21 36 1 22 46 1
12 29 1 13 35 1
48 5 1 49 15 1
19 8 1 20 13 1
52 49 1 53 59 1
31 25 1 32 33 1
31 37 1 32 40 1
43 18 1 44 24 1
54 8 1 55 16 1
2 36 1 3 39 1
13 42 1 14 47 1
58 55 1 59 58 1
54 35 2 57 36 2
36 14 2 42 15 2
45 39 2 49 40 2
4 38 2 13 39 2
16 22 2 22 23 2
8 13 2 18 14 2
40 54 2 44 55 2
33 6 2 38 7 2
28 40 2 32 41 2
25 48 2 29 49 2
39 36 2 46 37 2
48 4 2 57 5 2
1 47 2 7 48 2
37 57 2 44 58 2
26 14 2 30 15 2
44 16 2 53 17 2
35 10 2 44 11 2
15 49 2 24 50 2
37 56 2 41 57 2
16 7 2 23 8 2
45 51 2 49 52 2
13 9 2 20 10 2
4 0 2 14 1 2
26 58 2 29 59 2
15 13 3 16 23 3
19 31 3 20 39 3
26 42 3 27 52 3
7 6 3 8 16 3
12 16 3 13 21 3
51 0 3 52 7 3
4 11 3 5 20 3
21 29 3 22 33 3
17 8 3 18 17 3
21 15 3 22 21 3
13 35 3 14 43 3
24 31 3 25 34 3
23 42 3 24 50 3
45 30 3 46 36 3
53 32 3 54 35 3
43 41 3 44 49 3
4 51 3 5 54 3
33 55 3 34 59 3
44 16 3 45 22 3
22 45 3 23 52 3
56 28 3 57 38 3
51 45 3 52 49 3
24 19 3 25 24 3
32 8 3 33 17 3
46 56 4 50 57 4
42 34 4 47 35 4
30 54 4 38 55 4
49 38 4 53 39 4
50 57 4 54 58 4
26 2 4 31 3 4
6 55 4 10 56 4
50 48 4 59 49 4
32 5 4 39 6 4
34 11 4 40 12 4
26 20 4 31 21 4
17 47 4 24 48 4
27 11 4 30 12 4
49 41 4 56 42 4
40 26 4 50 27 4
12 12 4 16 13 4
3 57 4 8 58 4
47 21 4 55 22 4
16 4 4 25 5 4
4 27 4 9 28 4
1 11 4 4 12 4
13 1 4 18 2 4
19 18 4 27 19 4
35 47 4 42 48 4
36 5 5 37 14 5
42 22 5 43 25 5
36 37 5 37 42 5
55 47 5 56 52 5
27 25 5 28 33 5
17 42 5 18 51 5
6 16 5 7 23 5
58 19 5 59 26 5
31 33 5 32 39 5
10 24 5 11 34 5
33 35 5 34 40 5
6 1 5 7 9 5
18 54 5 19 58 5
23 50 5 24 55 5
37 46 5 38 53 5
50 19 5 51 24 5
55 11 5 56 14 5
32 6 5 33 14 5
22 2 5 23 6 5
8 43 5 9 46 5
10 13 5 11 19 5
18 42 5 19 45 5
8 55 5 9 59 5
8 30 5 9 36 5
Net_num 162
Net_id 0
pin_num 5
52 51 0
55 52 0
46 59 0
54 27 0
57 59 0
Net_id 1
pin_num 5
53 5 0
59 13 0
39 11 0
50 0 0
53 13 0
Net_id 2
pin_num 5
5 5 0
10 5 0
6 25 0
13 2 0
23 24 0
Net_id 3
pin_num 5
4 40 0
12 49 0
17 59 0
32 42 0
10 25 0
Net_id 4
pin_num 5
25 24 0
24 18 0
19 20 0
22 17 0
22 5 0
Net_id 5
pin_num 5
23 33 0
13 34 0
15 43 0
36 41 0
23 37 0
Net_id 6
pin_num 5
35 20 0
34 5 0
57 12 0
48 18 0
12 12 0
Net_id 7
pin_num 5
55 45 0
56 49 0
58 58 0
40 49 0
46 47 0
Net_id 8
pin_num 5
23 35 0
20 36 0
33 35 0
32 24 0
50 27 0
Net_id 9
pin_num 5
2 53 0
8 54 0
3 30 0
22 36 0
0 53 0
Net_id 10
pin_num 5
4 35 0
0 22 0
5 34 0
2 28 0
28 24 0
Net_id 11
pin_num 5
24 9 0
11 16 0
34 16 0
32 5 0
13 8 0
Net_id 12
pin_num 5
58 56 0
36 56 0
59 48 0
44 55 0
59 26 0
Net_id 13
pin_num 5
35 32 0
52 27 0
45 26 0
40 30 0
42 45 0
Net_id 14
pin_num 5
18 34 0
28 27 0
28 39 0
28 48 0
33 29 0
Net_id 15
pin_num 5
5 7 0
4 9 0
20 0 0
5 6 0
24 2 0
Net_id 16
pin_num 5
6 6 0
10 16 0
0 15 0
8 12 0
26 15 0
Net_id 17
pin_num 5
58 37 0
49 43 0
27 40 0
47 55 0
57 23 0
Net_id 18
pin_num 5
36 20 0
38 22 0
54 20 0
42 9 0
21 22 0
Net_id 19
pin_num 5
21 40 0
16 32 0
1 37 0
11 49 0
2 41 0
Net_id 20
pin_num 4
31 34 0
19 36 0
30 41 0
7 36 0
Net_id 21
pin_num 4
31 52 0
25 45 0
12 46 0
18 59 0
Net_id 22
pin_num 4
15 30 0
16 22 0
0 18 0
1 7 0
Net_id 23
pin_num 4
51 14 0
42 8 0
24 13 0
33 2 0
Net_id 24
pin_num 4
50 21 0
47 24 0
59 20 0
47 14 0
Net_id 25
pin_num 4
34 15 0
30 3 0
31 17 0
22 0 0
Net_id 26
pin_num 4
42 27 0
47 26 0
37 25 0
49 41 0
Net_id 27
pin_num 4
34 47 0
41 57 0
12 47 0
35 31 0
Net_id 28
pin_num 4
33 5 0
21 0 0
28 15 0
15 7 0
Net_id 29
pin_num 4
41 41 0
44 49 0
52 44 0
33 45 0
Net_id 30
pin_num 4
1 3 0
9 14 0
0 54 0
9 30 0
Net_id 31
pin_num 4
34 37 0
27 28 0
32 53 0
28 53 0
Net_id 32
pin_num 4
39 33 0
45 42 0
45 17 0
42 22 0
Net_id 33
pin_num 4
29 48 0
38 55 0
33 58 0
29 54 0
Net_id 34
pin_num 4
58 43 0
53 38 0
39 44 0
48 39 0
Net_id 35
pin_num 4
1 55 0
6 58 0
6 51 0
16 57 0
Net_id 36
pin_num 4
4 3 0
13 3 0
5 8 0
8 4 0
Net_id 37
pin_num 4
18 2 0
5 9 0
11 4 0
3 1 0
Net_id 38
pin_num 4
46 36 0
52 38 0
59 32 0
48 33 0
Net_id 39
pin_num 4
32 44 0
14 38 0
1 41 0
9 35 0
Net_id 40
pin_num 3
57 3 0
49 23 0
58 28 0
Net_id 41
pin_num 3
43 16 0
53 14 0
56 30 0
Net_id 42
pin_num 3
3 26 0
4 10 0
5 35 0
Net_id 43
pin_num 3
43 57 0
41 59 0
58 42 0
Net_id 44
pin_num 3
26 54 0
38 59 0
25 59 0
Net_id 45
pin_num 3
38 40 0
30 51 0
51 41 0
Net_id 46
pin_num 3
54 0 0
55 3 0
57 10 0
Net_id 47
pin_num 3
31 10 0
18 5 0
47 0 0
Net_id 48
pin_num 3
6 20 0
12 35 0
8 43 0
Net_id 49
pin_num 3
32 54 0
40 54 0
9 52 0
Net_id 50
pin_num 3
35 1 0
51 1 0
46 11 0
Net_id 51
pin_num 3
56 24 0
40 19 0
41 7 0
Net_id 52
pin_num 3
12 55 0
21 48 0
32 46 0
Net_id 53
pin_num 3
2 14 0
8 19 0
0 19 0
Net_id 54
pin_num 3
34 9 0
48 15 0
44 2 0
Net_id 55
pin_num 3
53 57 0
55 26 0
57 52 0
Net_id 56
pin_num 3
32 20 0
25 25 0
28 11 0
Net_id 57
pin_num 3
0 51 0
6 39 0
10 44 0
Net_id 58
pin_num 3
48 13 0
53 22 0
44 14 0
Net_id 59
pin_num 3
12 7 0
2 9 0
1 0 0
Net_id 60
pin_num 3
10 32 0
6 44 0
20 17 0
Net_id 61
pin_num 3
30 56 0
39 46 0
34 24 0
Net_id 62
pin_num 3
53 33 0
55 30 0
46 48 0
Net_id 63
pin_num 3
43 29 0
52 34 0
58 38 0
Net_id 64
pin_num 3
25 3 0
36 16 0
32 23 0
Net_id 65
pin_num 3
2 25 0
5 29 0
2 40 0
Net_id 66
pin_num 3
25 9 0
32 3 0
23 17 0
Net_id 67
pin_num 3
49 4 0
33 0 0
37 23 0
Net_id 68
pin_num 3
6 52 0
12 58 0
16 51 0
Net_id 69
pin_num 3
0 39 0
6 36 0
3 20 0
Net_id 70
pin_num 3
57 7 0
45 10 0
59 22 0
Net_id 71
pin_num 3
47 15 0
38 15 0
49 19 0
Net_id 72
pin_num 3
56 15 0
47 6 0
17 13 0
Net_id 73
pin_num 3
20 52 0
6 55 0
20 58 0
Net_id 74
pin_num 3
2 7 0
0 10 0
1 2 0
Net_id 75
pin_num 3
40 4 0
53 12 0
26 13 0
Net_id 76
pin_num 3
58 36 0
52 36 0
52 43 0
Net_id 77
pin_num 3
29 23 0
52 0 0
41 3 0
Net_id 78
pin_num 3
20 6 0
36 11 0
44 9 0
Net_id 79
pin_num 2
51 9 0
59 2 0
Net_id 80
pin_num 2
40 46 0
44 57 0
Net_id 81
pin_num 2
1 52 0
12 50 0
Net_id 82
pin_num 2
5 28 0
6 27 0
Net_id 83
pin_num 2
7 16 0
12 22 0
Net_id 84
pin_num 2
34 31 0
32 58 0
Net_id 85
pin_num 2
19 44 0
1 33 0
Net_id 86
pin_num 2
22 2 0
33 17 0
Net_id 87
pin_num 2
6 9 0
18 8 0
Net_id 88
pin_num 2
56 14 0
58 39 0
Net_id 89
pin_num 2
24 44 0
30 46 0
Net_id 90
pin_num 2
26 41 0
27 42 0
Net_id 91
pin_num 2
33 25 0
12 39 0
Net_id 92
pin_num 2
28 45 0
22 54 0
Net_id 93
pin_num 2
11 26 0
21 28 0
Net_id 94
pin_num 2
55 1 0
52 12 0
Net_id 95
pin_num 2
56 52 0
45 59 0
Net_id 96
pin_num 2
12 10 0
16 18 0
Net_id 97
pin_num 2
2 20 0
0 9 0
Net_id 98
pin_num 2
29 58 0
35 30 0
Net_id 99
pin_num 2
12 13 0
9 4 0
Net_id 100
pin_num 2
24 10 0
48 0 0
Net_id 101
pin_num 2
31 40 0
49 50 0
Net_id 102
pin_num 2
21 3 0
29 1 0
Net_id 103
pin_num 2
26 57 0
41 46 0
Net_id 104
pin_num 2
4 6 0
2 8 0
Net_id 105
pin_num 2
4 55 0
11 39 0
Net_id 106
pin_num 2
2 21 0
6 33 0
Net_id 107
pin_num 2
47 28 0
39 42 0
Net_id 108
pin_num 2
54 42 0
53 47 0
Net_id 109
pin_num 2
9 58 0
16 50 0
Net_id 110
pin_num 2
6 57 0
1 57 0
Net_id 111
pin_num 2
50 38 0
44 50 0
Net_id 112
pin_num 2
33 33 0
44 22 0
Net_id 113
pin_num 2
1 46 0
22 30 0
Net_id 114
pin_num 2
28 32 0
3 22 0
Net_id 115
pin_num 2
30 7 0
9 21 0
Net_id 116
pin_num 2
25 58 0
23 55 0
Net_id 117
pin_num 2
18 13 0
32 2 0
Net_id 118
pin_num 2
34 28 0
44 37 0
Net_id 119
pin_num 2
23 48 0
46 57 0
Net_id 120
pin_num 2
24 40 0
7 46 0
Net_id 121
pin_num 2
50 12 0
43 5 0
Net_id 122
pin_num 2
42 19 0
58 40 0
Net_id 123
pin_num 2
42 29 0
34 23 0
Net_id 124
pin_num 2
26 33 0
18 35 0
Net_id 125
pin_num 2
2 57 0
9 56 0
Net_id 126
pin_num 2
10 28 0
13 32 0
Net_id 127
pin_num 2
36 14 0
18 10 0
Net_id 128
pin_num 2
52 25 0
59 3 0
Net_id 129
pin_num 2
25 29 0
23 25 0
Net_id 130
pin_num 2
40 41 0
33 20 0
Net_id 131
pin_num 2
8 26 0
4 27 0
Net_id 132
pin_num 2
43 0 0
32 8 0
Net_id 133
pin_num 2
18 56 0
4 49 0
Net_id 134
pin_num 2
36 30 0
40 50 0
Net_id 135
pin_num 2
29 5 0
31 33 0
Net_id 136
pin_num 2
57 19 0
53 17 0
Net_id 137
pin_num 2
29 49 0
15 53 0
Net_id 138
pin_num 2
18 11 0
28 17 0
Net_id 139
pin_num 2
18 28 0
26 29 0
Net_id 140
pin_num 2
38 21 0
11 14 0
Net_id 141
pin_num 2
52 42 0
47 43 0
Net_id 142
pin_num 2
40 12 0
46 29 0
Net_id 143
pin_num 2
5 44 0
5 39 0
Net_id 144
pin_num 2
13 42 0
2 54 0
Net_id 145
pin_num 2
20 1 0
15 3 0
Net_id 146
pin_num 2
5 31 0
10 31 0
Net_id 147
pin_num 2
50 1 0
36 25 0
Net_id 148
pin_num 2
34 55 0
36 58 0
Net_id 149
pin_num 2
20 4 0
22 1 0
Net_id 150
pin_num 2
8 22 0
1 30 0
Net_id 151
pin_num 2
4 46 0
8 51 0
Net_id 152
pin_num 2
35 34 0
57 9 0
Net_id 153
pin_num 2
8 56 0
1 45 0
Net_id 154
pin_num 2
17 50 0
39 52 0
Net_id 155
pin_num 2
26 2 0
38 2 0
Net_id 156
pin_num 2
38 37 0
22 44 0
Net_id 157
pin_num 2
55 57 0
45 43 0
Net_id 158
pin_num 2
0 16 0
2 11 0
Net_id 159
pin_num 2
23 23 0
40 22 0
Net_id 160
pin_num 2
53 29 0
32 41 0
Net_id 161
pin_num 2
16 39 0
25 39 0
