Width 60
Height 60
Layer 6
Total_WL 6752
Obstacle_num 144
32 3 0 35 4 0
21 32 0 27 33 0
10 30 0 20 31 0
54 43 0 57 44 0
38 12 0 42 13 0
17 33 0 22 34 0
36 4 0 43 5 0
7 6 0 17 7 0
3 31 0 12 32 0
10 34 0 19 35 0
28 45 0 38 46 0
43 44 0 48 45 0
51 11 0 54 12 0
38 39 0 41 40 0
7 24 0 16 25 0
54 20 0 57 21 0
15 55 0 20 56 0
40 57 0 49 58 0
45 30 0 52 31 0
25 38 0 31 39 0
3 37 0 8 38 0
45 40 0 50 41 0
30 34 0 36 35 0
51 39 0 59 40 0
18 27 1 19 32 1
38 30 1 39 36 1
48 51 1 49 54 1
31 44 1 32 48 1
10 54 1 11 59 1
12 35 1 13 39 1
51 9 1 52 16 1
20 28 1 21 31 1
46 53 1 47 56 1
26 7 1 27 13 1
41 29 1 42 38 1
48 21 1 49 24 1
46 30 1 47 34 1
17 4 1 18 12 1
22 18 1 23 25 1
9 34 1 10 42 1
43 30 1 44 37 1
54 16 1 55 19 1
34 25 1 35 31 1
11 46 1 12 53 1
11 21 1 12 26 1
16 16 1 17 20 1
15 26 1 16 31 1
40 49 1 41 56 1
14 28 2 19 29 2
41 56 2 45 57 2
38 50 2 42 51 2
8 29 2 14 30 2
36 37 2 46 38 2
1 18 2 6 19 2
38 47 2 48 48 2
29 6 2 36 7 2
35 26 2 38 27 2
4 44 2 11 45 2
18 23 2 22 24 2
38 1 2 45 2 2
36 33 2 39 34 2
9 52 2 17 53 2
29 43 2 37 44 2
24 48 2 32 49 2
14 29 2 21 30 2
24 31 2 29 32 2
47 27 2 51 28 2
19 19 2 22 20 2
16 30 2 26 31 2
25 17 2 33 18 2
32 58 2 41 59 2
34 11 2 37 12 2
32 31 3 33 38 3
36 10 3 37 20 3
32 47 3 33 57 3
58 11 3 59 14 3
28 49 3 29 56 3
54 41 3 55 46 3
3 40 3 4 43 3
33 26 3 34 36 3
3 13 3 4 21 3
54 18 3 55 24 3
39 48 3 40 52 3
35 10 3 36 19 3
14 37 3 15 46 3
49 10 3 50 15 3
56 1 3 57 6 3
35 43 3 36 52 3
20 12 3 21 20 3
20 32 3 21 38 3
17 20 3 18 24 3
18 49 3 19 52 3
28 45 3 29 48 3
6 37 3 7 41 3
5 34 3 6 42 3
2 33 3 3 37 3
29 1 4 39 2 4
32 30 4 41 31 4
4 35 4 9 36 4
17 54 4 22 55 4
9 3 4 14 4 4
28 14 4 33 15 4
31 12 4 38 13 4
12 36 4 21 37 4
29 54 4 33 55 4
17 15 4 25 16 4
28 4 4 35 5 4
56 44 4 59 45 4
37 27 4 41 28 4
30 22 4 40 23 4
11 8 4 20 9 4
31 52 4 38 53 4
48 45 4 55 46 4
12 7 4 22 8 4
42 7 4 49 8 4
14 16 4 18 17 4
49 51 4 52 52 4
18 30 4 22 31 4
39 52 4 45 53 4
20 17 4 25 18 4
41 26 5 42 33 5
47 42 5 48 45 5
34 4 5 35 11 5
16 43 5 17 52 5
35 32 5 36 42 5
39 12 5 40 17 5
1 1 5 2 7 5
32 9 5 33 19 5
37 38 5 38 48 5
43 17 5 44 23 5
49 14 5 50 17 5
57 13 5 58 21 5
37 12 5 38 20 5
23 43 5 24 46 5
13 34 5 14 39 5
48 41 5 49 44 5
0 54 5 1 59 5
50 56 5 51 59 5
34 1 5 35 4 5
30 8 5 31 13 5
51 5 5 52 11 5
15 48 5 16 53 5
13 18 5 14 22 5
51 43 5 52 52 5
Net_num 161
Net_id 0
pin_num 5
35 58 0
52 54 0
41 50 0
46 59 0
42 56 0
Net_id 1
pin_num 5
16 32 0
18 38 0
0 39 0
11 39 0
8 36 0
Net_id 2
pin_num 5
38 3 0
31 9 0
22 25 0
35 16 0
25 12 0
Net_id 3
pin_num 5
1 31 0
0 29 0
1 54 0
15 25 0
10 54 0
Net_id 4
pin_num 5
35 42 0
28 55 0
28 25 0
10 47 0
27 29 0
Net_id 5
pin_num 5
4 44 0
2 44 0
9 43 0
3 55 0
11 59 0
Net_id 6
pin_num 5
53 57 0
58 45 0
35 46 0
56 55 0
49 34 0
Net_id 7
pin_num 5
26 46 0
13 42 0
25 40 0
22 42 0
14 59 0
Net_id 8
pin_num 5
33 53 0
45 53 0
29 59 0
37 47 0
42 59 0
Net_id 9
pin_num 5
27 25 0
23 33 0
7 27 0
35 27 0
16 26 0
Net_id 10
pin_num 5
36 20 0
34 31 0
39 26 0
29 37 0
57 31 0
Net_id 11
pin_num 5
3 13 0
16 11 0
13 12 0
7 0 0
4 29 0
Net_id 12
pin_num 5
28 9 0
26 2 0
14 0 0
29 0 0
8 0 0
Net_id 13
pin_num 5
51 17 0
47 18 0
50 6 0
47 28 0
47 33 0
Net_id 14
pin_num 5
18 29 0
12 32 0
17 37 0
30 32 0
26 23 0
Net_id 15
pin_num 5
31 24 0
23 34 0
23 40 0
20 24 0
2 31 0
Net_id 16
pin_num 5
25 13 0
32 24 0
41 21 0
54 21 0
11 15 0
Net_id 17
pin_num 5
25 51 0
13 59 0
12 41 0
13 40 0
16 47 0
Net_id 18
pin_num 5
13 8 0
11 5 0
30 5 0
13 3 0
20 15 0
Net_id 19
pin_num 4
6 53 0
0 48 0
14 48 0
18 54 0
Net_id 20
pin_num 4
51 55 0
56 59 0
53 40 0
46 51 0
Net_id 21
pin_num 4
27 22 0
40 17 0
37 39 0
27 18 0
Net_id 22
pin_num 4
6 32 0
2 28 0
11 26 0
8 16 0
Net_id 23
pin_num 4
4 36 0
14 49 0
12 39 0
16 37 0
Net_id 24
pin_num 4
33 20 0
23 20 0
52 20 0
35 25 0
Net_id 25
pin_num 4
56 5 0
44 0 0
53 18 0
43 9 0
Net_id 26
pin_num 4
30 31 0
48 29 0
36 38 0
23 43 0
Net_id 27
pin_num 4
55 32 0
59 35 0
37 32 0
45 41 0
Net_id 28
pin_num 4
16 20 0
22 28 0
26 21 0
29 13 0
Net_id 29
pin_num 4
55 10 0
49 9 0
59 21 0
51 0 0
Net_id 30
pin_num 4
44 35 0
54 35 0
55 21 0
59 23 0
Net_id 31
pin_num 4
50 28 0
33 19 0
36 27 0
30 47 0
Net_id 32
pin_num 4
40 19 0
36 6 0
49 11 0
40 30 0
Net_id 33
pin_num 4
46 42 0
48 39 0
59 39 0
50 29 0
Net_id 34
pin_num 4
5 29 0
2 37 0
19 35 0
19 31 0
Net_id 35
pin_num 4
33 30 0
32 29 0
39 28 0
32 41 0
Net_id 36
pin_num 4
48 33 0
56 30 0
41 38 0
26 36 0
Net_id 37
pin_num 4
52 2 0
43 14 0
45 12 0
37 13 0
Net_id 38
pin_num 4
15 39 0
9 28 0
3 42 0
2 38 0
Net_id 39
pin_num 3
12 11 0
0 0 0
5 1 0
Net_id 40
pin_num 3
31 44 0
39 44 0
39 42 0
Net_id 41
pin_num 3
39 38 0
25 29 0
55 34 0
Net_id 42
pin_num 3
25 7 0
40 7 0
33 0 0
Net_id 43
pin_num 3
0 25 0
4 33 0
21 45 0
Net_id 44
pin_num 3
48 8 0
57 0 0
47 3 0
Net_id 45
pin_num 3
48 15 0
56 15 0
55 27 0
Net_id 46
pin_num 3
13 7 0
7 7 0
3 0 0
Net_id 47
pin_num 3
20 9 0
6 8 0
27 4 0
Net_id 48
pin_num 3
16 10 0
34 2 0
15 19 0
Net_id 49
pin_num 3
46 36 0
51 28 0
40 33 0
Net_id 50
pin_num 3
16 43 0
29 51 0
27 59 0
Net_id 51
pin_num 3
12 5 0
29 8 0
38 45 0
Net_id 52
pin_num 3
22 39 0
38 52 0
37 16 0
Net_id 53
pin_num 3
8 58 0
14 52 0
39 59 0
Net_id 54
pin_num 3
4 19 0
18 44 0
50 44 0
Net_id 55
pin_num 3
26 44 0
21 40 0
9 42 0
Net_id 56
pin_num 3
20 21 0
33 14 0
34 10 0
Net_id 57
pin_num 3
37 19 0
39 14 0
44 29 0
Net_id 58
pin_num 3
43 37 0
25 37 0
29 20 0
Net_id 59
pin_num 3
46 48 0
59 47 0
49 42 0
Net_id 60
pin_num 3
21 52 0
15 49 0
47 53 0
Net_id 61
pin_num 3
49 56 0
58 43 0
55 26 0
Net_id 62
pin_num 3
13 10 0
10 18 0
10 37 0
Net_id 63
pin_num 3
29 36 0
34 33 0
41 26 0
Net_id 64
pin_num 3
52 0 0
57 1 0
52 16 0
Net_id 65
pin_num 3
35 19 0
24 12 0
30 2 0
Net_id 66
pin_num 3
4 51 0
1 57 0
0 43 0
Net_id 67
pin_num 3
29 41 0
45 29 0
54 40 0
Net_id 68
pin_num 3
42 40 0
44 31 0
52 45 0
Net_id 69
pin_num 3
33 50 0
43 59 0
21 39 0
Net_id 70
pin_num 3
14 2 0
6 1 0
0 20 0
Net_id 71
pin_num 3
56 11 0
58 8 0
53 22 0
Net_id 72
pin_num 3
31 59 0
8 52 0
19 38 0
Net_id 73
pin_num 3
58 12 0
47 17 0
58 21 0
Net_id 74
pin_num 3
9 26 0
2 10 0
0 9 0
Net_id 75
pin_num 3
3 5 0
8 34 0
19 34 0
Net_id 76
pin_num 3
38 35 0
32 35 0
18 25 0
Net_id 77
pin_num 3
32 0 0
39 8 0
46 25 0
Net_id 78
pin_num 3
54 3 0
43 7 0
51 7 0
Net_id 79
pin_num 3
5 3 0
14 7 0
4 6 0
Net_id 80
pin_num 2
33 9 0
42 2 0
Net_id 81
pin_num 2
6 47 0
13 39 0
Net_id 82
pin_num 2
50 3 0
43 12 0
Net_id 83
pin_num 2
32 56 0
16 56 0
Net_id 84
pin_num 2
46 45 0
53 59 0
Net_id 85
pin_num 2
39 10 0
59 38 0
Net_id 86
pin_num 2
45 34 0
32 49 0
Net_id 87
pin_num 2
53 45 0
55 51 0
Net_id 88
pin_num 2
12 49 0
8 55 0
Net_id 89
pin_num 2
45 52 0
39 51 0
Net_id 90
pin_num 2
29 50 0
37 43 0
Net_id 91
pin_num 2
3 14 0
23 4 0
Net_id 92
pin_num 2
13 14 0
19 15 0
Net_id 93
pin_num 2
8 44 0
16 48 0
Net_id 94
pin_num 2
5 8 0
21 14 0
Net_id 95
pin_num 2
25 4 0
24 11 0
Net_id 96
pin_num 2
26 29 0
31 15 0
Net_id 97
pin_num 2
21 4 0
16 4 0
Net_id 98
pin_num 2
47 25 0
57 19 0
Net_id 99
pin_num 2
49 23 0
58 7 0
Net_id 100
pin_num 2
11 25 0
1 56 0
Net_id 101
pin_num 2
57 34 0
53 34 0
Net_id 102
pin_num 2
40 59 0
36 56 0
Net_id 103
pin_num 2
48 52 0
58 46 0
Net_id 104
pin_num 2
28 35 0
24 38 0
Net_id 105
pin_num 2
47 9 0
49 6 0
Net_id 106
pin_num 2
26 11 0
40 0 0
Net_id 107
pin_num 2
41 25 0
44 28 0
Net_id 108
pin_num 2
13 9 0
21 12 0
Net_id 109
pin_num 2
9 45 0
14 45 0
Net_id 110
pin_num 2
35 54 0
29 42 0
Net_id 111
pin_num 2
53 13 0
26 33 0
Net_id 112
pin_num 2
10 46 0
7 57 0
Net_id 113
pin_num 2
59 49 0
42 33 0
Net_id 114
pin_num 2
7 33 0
30 41 0
Net_id 115
pin_num 2
25 8 0
41 28 0
Net_id 116
pin_num 2
50 24 0
26 34 0
Net_id 117
pin_num 2
25 41 0
30 29 0
Net_id 118
pin_num 2
51 22 0
42 23 0
Net_id 119
pin_num 2
27 14 0
2 20 0
Net_id 120
pin_num 2
18 21 0
11 41 0
Net_id 121
pin_num 2
56 47 0
54 54 0
Net_id 122
pin_num 2
13 37 0
6 51 0
Net_id 123
pin_num 2
14 33 0
8 53 0
Net_id 124
pin_num 2
58 4 0
58 1 0
Net_id 125
pin_num 2
50 26 0
42 39 0
Net_id 126
pin_num 2
49 3 0
48 5 0
Net_id 127
pin_num 2
1 49 0
25 16 0
Net_id 128
pin_num 2
58 50 0
58 58 0
Net_id 129
pin_num 2
50 40 0
58 23 0
Net_id 130
pin_num 2
38 15 0
15 4 0
Net_id 131
pin_num 2
32 23 0
24 34 0
Net_id 132
pin_num 2
20 23 0
11 56 0
Net_id 133
pin_num 2
58 40 0
47 50 0
Net_id 134
pin_num 2
58 27 0
58 36 0
Net_id 135
pin_num 2
29 19 0
2 9 0
Net_id 136
pin_num 2
22 59 0
31 28 0
Net_id 137
pin_num 2
31 33 0
56 27 0
Net_id 138
pin_num 2
24 6 0
9 5 0
Net_id 139
pin_num 2
11 16 0
15 22 0
Net_id 140
pin_num 2
10 9 0
13 4 0
Net_id 141
pin_num 2
41 49 0
34 54 0
Net_id 142
pin_num 2
17 57 0
43 55 0
Net_id 143
pin_num 2
3 10 0
11 13 0
Net_id 144
pin_num 2
58 56 0
58 55 0
Net_id 145
pin_num 2
43 17 0
45 23 0
Net_id 146
pin_num 2
1 23 0
0 16 0
Net_id 147
pin_num 2
38 50 0
28 59 0
Net_id 148
pin_num 2
12 21 0
16 13 0
Net_id 149
pin_num 2
58 16 0
43 5 0
Net_id 150
pin_num 2
51 37 0
34 55 0
Net_id 151
pin_num 2
47 12 0
43 16 0
Net_id 152
pin_num 2
20 59 0
11 55 0
Net_id 153
pin_num 2
38 20 0
57 6 0
Net_id 154
pin_num 2
16 33 0
7 29 0
Net_id 155
pin_num 2
6 6 0
15 17 0
Net_id 156
pin_num 2
28 37 0
21 48 0
Net_id 157
pin_num 2
17 40 0
34 24 0
Net_id 158
pin_num 2
15 57 0
11 57 0
Net_id 159
pin_num 2
14 23 0
9 18 0
Net_id 160
pin_num 2
18 53 0
11 43 0
