Width 60
Height 60
Layer 6
Total_WL 6840
Obstacle_num 144
7 58 0 10 59 0
34 52 0 43 53 0
49 22 0 55 23 0
13 18 0 22 19 0
14 32 0 18 33 0
11 16 0 21 17 0
31 58 0 36 59 0
17 10 0 20 11 0
39 47 0 49 48 0
26 47 0 36 48 0
26 18 0 34 19 0
41 9 0 47 10 0
47 5 0 53 6 0
25 57 0 31 58 0
7 22 0 17 23 0
40 45 0 49 46 0
55 24 0 58 25 0
36 4 0 42 5 0
42 11 0 46 12 0
46 37 0 50 38 0
16 51 0 21 52 0
3 15 0 12 16 0
14 53 0 21 54 0
28 42 0 36 43 0
5 38 1 6 45 1
0 3 1 1 10 1
34 8 1 35 14 1
1 16 1 2 19 1
42 22 1 43 31 1
51 36 1 52 46 1
5 26 1 6 35 1
40 7 1 41 15 1
10 3 1 11 6 1
37 22 1 38 32 1
17 20 1 18 28 1
58 17 1 59 27 1
54 16 1 55 22 1
22 26 1 23 34 1
20 39 1 21 49 1
18 33 1 19 38 1
8 16 1 9 19 1
56 14 1 57 17 1
37 6 1 38 13 1
49 23 1 50 29 1
52 20 1 53 23 1
10 7 1 11 13 1
11 39 1 12 45 1
57 35 1 58 39 1
19 19 2 28 20 2
5 4 2 14 5 2
31 19 2 41 20 2
19 27 2 25 28 2
33 50 2 36 51 2
35 10 2 45 11 2
0 28 2 8 29 2
13 47 2 17 48 2
51 0 2 59 1 2
7 42 2 11 43 2
36 1 2 45 2 2
29 23 2 36 24 2
34 40 2 40 41 2
24 10 2 34 11 2
1 5 2 8 6 2
52 35 2 57 36 2
38 23 2 46 24 2
16 36 2 25 37 2
24 48 2 32 49 2
35 12 2 40 13 2
20 4 2 26 5 2
20 45 2 27 46 2
49 28 2 57 29 2
25 11 2 34 12 2
18 24 3 19 27 3
20 51 3 21 58 3
21 5 3 22 8 3
2 9 3 3 19 3
37 33 3 38 42 3
36 26 3 37 34 3
27 14 3 28 23 3
24 27 3 25 35 3
40 35 3 41 40 3
53 1 3 54 9 3
8 4 3 9 13 3
15 2 3 16 11 3
6 48 3 7 57 3
46 44 3 47 47 3
29 40 3 30 43 3
0 49 3 1 59 3
53 34 3 54 41 3
9 28 3 10 35 3
39 21 3 40 31 3
20 31 3 21 34 3
58 36 3 59 43 3
41 42 3 42 50 3
10 46 3 11 56 3
44 48 3 45 54 3
16 27 4 26 28 4
9 54 4 19 55 4
10 42 4 13 43 4
24 6 4 28 7 4
36 6 4 44 7 4
34 9 4 41 10 4
15 18 4 21 19 4
47 46 4 51 47 4
17 50 4 21 51 4
28 17 4 35 18 4
51 3 4 55 4 4
17 20 4 27 21 4
23 3 4 26 4 4
33 8 4 42 9 4
37 34 4 42 35 4
33 11 4 41 12 4
32 29 4 42 30 4
51 55 4 57 56 4
35 36 4 41 37 4
9 27 4 15 28 4
2 15 4 8 16 4
41 33 4 48 34 4
44 17 4 52 18 4
25 37 4 33 38 4
8 5 5 9 12 5
33 36 5 34 45 5
3 47 5 4 55 5
2 53 5 3 59 5
26 34 5 27 40 5
13 20 5 14 23 5
1 15 5 2 18 5
46 30 5 47 37 5
48 41 5 49 48 5
36 45 5 37 52 5
53 40 5 54 45 5
34 25 5 35 33 5
6 44 5 7 48 5
29 54 5 30 58 5
47 1 5 48 10 5
58 27 5 59 32 5
21 41 5 22 49 5
50 37 5 51 44 5
15 44 5 16 48 5
9 50 5 10 59 5
52 3 5 53 7 5
18 11 5 19 17 5
41 53 5 42 56 5
16 11 5 17 19 5
Net_num 158
Net_id 0
pin_num 5
41 34 0
36 48 0
19 46 0
18 46 0
30 35 0
Net_id 1
pin_num 5
30 43 0
44 44 0
43 59 0
27 44 0
32 52 0
Net_id 2
pin_num 5
28 58 0
29 54 0
36 59 0
44 54 0
33 48 0
Net_id 3
pin_num 5
28 29 0
19 29 0
19 38 0
40 38 0
23 37 0
Net_id 4
pin_num 5
50 2 0
56 1 0
54 0 0
58 8 0
54 12 0
Net_id 5
pin_num 5
3 35 0
6 34 0
6 59 0
0 47 0
4 42 0
Net_id 6
pin_num 5
13 32 0
10 31 0
12 50 0
14 31 0
18 40 0
Net_id 7
pin_num 5
50 23 0
54 23 0
59 40 0
59 17 0
42 35 0
Net_id 8
pin_num 5
14 17 0
16 26 0
8 26 0
16 21 0
38 24 0
Net_id 9
pin_num 5
52 17 0
41 22 0
52 18 0
44 36 0
25 18 0
Net_id 10
pin_num 5
41 26 0
51 46 0
36 30 0
51 14 0
45 24 0
Net_id 11
pin_num 5
1 24 0
2 14 0
18 14 0
0 10 0
5 11 0
Net_id 12
pin_num 5
46 52 0
53 59 0
59 44 0
47 59 0
56 53 0
Net_id 13
pin_num 5
32 48 0
25 54 0
34 51 0
21 57 0
21 51 0
Net_id 14
pin_num 5
44 30 0
36 22 0
38 34 0
37 32 0
46 29 0
Net_id 15
pin_num 5
58 12 0
56 9 0
47 10 0
59 4 0
59 15 0
Net_id 16
pin_num 5
15 29 0
20 28 0
17 48 0
2 33 0
44 28 0
Net_id 17
pin_num 5
19 11 0
18 8 0
18 26 0
40 25 0
12 8 0
Net_id 18
pin_num 5
2 30 0
3 39 0
3 25 0
3 50 0
4 27 0
Net_id 19
pin_num 5
13 43 0
1 41 0
4 46 0
14 43 0
9 50 0
Net_id 20
pin_num 4
40 13 0
53 10 0
48 0 0
30 0 0
Net_id 21
pin_num 4
28 10 0
27 3 0
39 8 0
47 7 0
Net_id 22
pin_num 4
23 54 0
14 59 0
28 49 0
1 49 0
Net_id 23
pin_num 4
1 45 0
7 38 0
2 47 0
7 59 0
Net_id 24
pin_num 4
28 15 0
20 21 0
38 16 0
30 1 0
Net_id 25
pin_num 4
26 39 0
42 38 0
58 32 0
32 24 0
Net_id 26
pin_num 4
23 35 0
13 44 0
22 44 0
6 27 0
Net_id 27
pin_num 4
9 25 0
1 36 0
22 37 0
14 19 0
Net_id 28
pin_num 4
4 18 0
19 22 0
8 12 0
17 52 0
Net_id 29
pin_num 4
26 43 0
17 43 0
24 35 0
29 29 0
Net_id 30
pin_num 4
22 0 0
22 9 0
42 6 0
32 6 0
Net_id 31
pin_num 4
33 46 0
27 50 0
19 47 0
27 37 0
Net_id 32
pin_num 4
52 3 0
55 16 0
39 3 0
34 1 0
Net_id 33
pin_num 4
14 39 0
15 47 0
5 56 0
4 55 0
Net_id 34
pin_num 4
29 2 0
31 5 0
7 2 0
28 0 0
Net_id 35
pin_num 4
55 15 0
43 19 0
33 15 0
28 17 0
Net_id 36
pin_num 4
0 1 0
12 3 0
3 10 0
8 5 0
Net_id 37
pin_num 4
55 53 0
43 48 0
33 52 0
43 27 0
Net_id 38
pin_num 4
7 18 0
25 26 0
27 13 0
4 32 0
Net_id 39
pin_num 3
49 40 0
59 42 0
59 22 0
Net_id 40
pin_num 3
57 37 0
45 36 0
56 11 0
Net_id 41
pin_num 3
22 23 0
13 34 0
10 34 0
Net_id 42
pin_num 3
1 56 0
3 54 0
2 48 0
Net_id 43
pin_num 3
12 51 0
18 42 0
11 45 0
Net_id 44
pin_num 3
55 10 0
57 11 0
29 0 0
Net_id 45
pin_num 3
58 44 0
46 33 0
54 57 0
Net_id 46
pin_num 3
24 5 0
23 30 0
16 0 0
Net_id 47
pin_num 3
21 24 0
17 27 0
6 11 0
Net_id 48
pin_num 3
29 33 0
35 26 0
49 47 0
Net_id 49
pin_num 3
54 19 0
55 8 0
9 16 0
Net_id 50
pin_num 3
37 22 0
52 14 0
45 14 0
Net_id 51
pin_num 3
45 5 0
52 13 0
49 1 0
Net_id 52
pin_num 3
21 41 0
36 42 0
50 47 0
Net_id 53
pin_num 3
59 18 0
46 8 0
57 4 0
Net_id 54
pin_num 3
4 48 0
18 45 0
40 43 0
Net_id 55
pin_num 3
58 45 0
53 51 0
31 49 0
Net_id 56
pin_num 3
15 43 0
27 52 0
25 59 0
Net_id 57
pin_num 3
56 51 0
57 58 0
59 21 0
Net_id 58
pin_num 3
54 5 0
59 9 0
55 1 0
Net_id 59
pin_num 3
28 22 0
25 19 0
38 19 0
Net_id 60
pin_num 3
58 17 0
55 27 0
55 38 0
Net_id 61
pin_num 3
59 58 0
49 48 0
33 53 0
Net_id 62
pin_num 3
45 6 0
43 2 0
47 2 0
Net_id 63
pin_num 3
29 24 0
14 24 0
14 29 0
Net_id 64
pin_num 3
58 0 0
49 2 0
54 13 0
Net_id 65
pin_num 3
50 20 0
32 13 0
49 14 0
Net_id 66
pin_num 3
18 52 0
36 58 0
48 56 0
Net_id 67
pin_num 3
27 34 0
38 49 0
31 16 0
Net_id 68
pin_num 3
58 15 0
57 33 0
56 8 0
Net_id 69
pin_num 3
15 58 0
5 58 0
35 56 0
Net_id 70
pin_num 3
51 26 0
56 34 0
47 40 0
Net_id 71
pin_num 3
4 38 0
1 15 0
12 0 0
Net_id 72
pin_num 3
16 52 0
1 44 0
32 55 0
Net_id 73
pin_num 3
28 54 0
23 48 0
0 53 0
Net_id 74
pin_num 3
52 52 0
56 40 0
59 57 0
Net_id 75
pin_num 3
47 51 0
53 58 0
51 59 0
Net_id 76
pin_num 3
57 30 0
52 51 0
52 16 0
Net_id 77
pin_num 3
54 55 0
54 49 0
58 57 0
Net_id 78
pin_num 3
20 12 0
9 23 0
15 1 0
Net_id 79
pin_num 3
20 22 0
45 4 0
6 10 0
Net_id 80
pin_num 2
50 31 0
47 4 0
Net_id 81
pin_num 2
31 56 0
23 44 0
Net_id 82
pin_num 2
38 32 0
54 14 0
Net_id 83
pin_num 2
0 59 0
16 50 0
Net_id 84
pin_num 2
9 4 0
9 17 0
Net_id 85
pin_num 2
14 1 0
4 8 0
Net_id 86
pin_num 2
38 42 0
53 30 0
Net_id 87
pin_num 2
53 29 0
57 14 0
Net_id 88
pin_num 2
42 14 0
54 38 0
Net_id 89
pin_num 2
46 50 0
37 49 0
Net_id 90
pin_num 2
22 34 0
13 40 0
Net_id 91
pin_num 2
24 49 0
34 45 0
Net_id 92
pin_num 2
38 11 0
24 21 0
Net_id 93
pin_num 2
48 10 0
57 13 0
Net_id 94
pin_num 2
48 41 0
46 59 0
Net_id 95
pin_num 2
8 51 0
10 41 0
Net_id 96
pin_num 2
7 35 0
12 35 0
Net_id 97
pin_num 2
54 42 0
36 21 0
Net_id 98
pin_num 2
44 12 0
54 30 0
Net_id 99
pin_num 2
34 41 0
46 53 0
Net_id 100
pin_num 2
7 6 0
15 0 0
Net_id 101
pin_num 2
46 11 0
51 4 0
Net_id 102
pin_num 2
49 27 0
46 22 0
Net_id 103
pin_num 2
40 9 0
33 10 0
Net_id 104
pin_num 2
24 34 0
35 48 0
Net_id 105
pin_num 2
35 10 0
46 14 0
Net_id 106
pin_num 2
42 16 0
26 26 0
Net_id 107
pin_num 2
0 42 0
11 27 0
Net_id 108
pin_num 2
48 29 0
49 31 0
Net_id 109
pin_num 2
31 50 0
43 54 0
Net_id 110
pin_num 2
11 38 0
8 39 0
Net_id 111
pin_num 2
14 40 0
34 48 0
Net_id 112
pin_num 2
3 8 0
5 2 0
Net_id 113
pin_num 2
59 50 0
37 42 0
Net_id 114
pin_num 2
24 18 0
9 24 0
Net_id 115
pin_num 2
25 42 0
7 29 0
Net_id 116
pin_num 2
9 36 0
26 30 0
Net_id 117
pin_num 2
58 43 0
48 49 0
Net_id 118
pin_num 2
13 17 0
3 29 0
Net_id 119
pin_num 2
43 56 0
30 27 0
Net_id 120
pin_num 2
19 55 0
11 59 0
Net_id 121
pin_num 2
48 30 0
48 28 0
Net_id 122
pin_num 2
18 35 0
28 26 0
Net_id 123
pin_num 2
31 23 0
37 23 0
Net_id 124
pin_num 2
9 56 0
8 41 0
Net_id 125
pin_num 2
7 24 0
1 31 0
Net_id 126
pin_num 2
24 13 0
38 26 0
Net_id 127
pin_num 2
30 23 0
20 9 0
Net_id 128
pin_num 2
15 42 0
10 42 0
Net_id 129
pin_num 2
22 31 0
25 44 0
Net_id 130
pin_num 2
20 47 0
35 37 0
Net_id 131
pin_num 2
22 1 0
32 2 0
Net_id 132
pin_num 2
9 20 0
4 9 0
Net_id 133
pin_num 2
25 7 0
11 5 0
Net_id 134
pin_num 2
15 12 0
15 9 0
Net_id 135
pin_num 2
5 54 0
10 39 0
Net_id 136
pin_num 2
6 2 0
4 6 0
Net_id 137
pin_num 2
54 20 0
49 43 0
Net_id 138
pin_num 2
2 39 0
10 45 0
Net_id 139
pin_num 2
26 5 0
35 14 0
Net_id 140
pin_num 2
38 46 0
52 45 0
Net_id 141
pin_num 2
30 59 0
12 53 0
Net_id 142
pin_num 2
7 10 0
16 19 0
Net_id 143
pin_num 2
19 24 0
8 13 0
Net_id 144
pin_num 2
36 7 0
49 4 0
Net_id 145
pin_num 2
58 34 0
51 7 0
Net_id 146
pin_num 2
43 31 0
32 15 0
Net_id 147
pin_num 2
47 57 0
57 47 0
Net_id 148
pin_num 2
51 38 0
43 41 0
Net_id 149
pin_num 2
35 16 0
38 2 0
Net_id 150
pin_num 2
47 34 0
44 34 0
Net_id 151
pin_num 2
36 11 0
29 20 0
Net_id 152
pin_num 2
6 9 0
4 2 0
Net_id 153
pin_num 2
44 55 0
34 55 0
Net_id 154
pin_num 2
38 37 0
30 40 0
Net_id 155
pin_num 2
34 35 0
48 40 0
Net_id 156
pin_num 2
54 8 0
48 13 0
Net_id 157
pin_num 2
51 47 0
57 46 0
