Width 60
Height 60
Layer 6
Total_WL 6567
Obstacle_num 144
15 52 0 21 53 0
36 7 0 45 8 0
2 53 0 9 54 0
16 35 0 22 36 0
36 43 0 42 44 0
8 57 0 18 58 0
34 56 0 40 57 0
18 11 0 25 12 0
36 5 0 45 6 0
23 12 0 27 13 0
30 12 0 40 13 0
26 50 0 35 51 0
49 35 0 53 36 0
48 14 0 54 15 0
22 4 0 28 5 0
51 6 0 56 7 0
22 58 0 27 59 0
9 18 0 14 19 0
13 24 0 22 25 0
36 58 0 39 59 0
24 53 0 32 54 0
14 4 0 21 5 0
46 24 0 50 25 0
13 36 0 22 37 0
14 16 1 15 24 1
6 3 1 7 8 1
11 2 1 12 8 1
48 10 1 49 20 1
2 22 1 3 29 1
26 8 1 27 11 1
21 20 1 22 26 1
20 39 1 21 47 1
29 43 1 30 50 1
4 49 1 5 52 1
58 8 1 59 17 1
26 12 1 27 17 1
10 48 1 11 51 1
39 11 1 40 20 1
53 19 1 54 28 1
38 55 1 39 59 1
10 19 1 11 29 1
23 5 1 24 8 1
39 46 1 40 56 1
41 14 1 42 23 1
22 24 1 23 27 1
24 21 1 25 24 1
2 39 1 3 49 1
9 9 1 10 12 1
15 7 2 22 8 2
2 14 2 9 15 2
17 34 2 23 35 2
1 26 2 5 27 2
21 8 2 26 9 2
2 31 2 11 32 2
4 21 2 7 22 2
18 49 2 26 50 2
33 8 2 36 9 2
11 23 2 17 24 2
32 40 2 41 41 2
15 6 2 20 7 2
48 56 2 52 57 2
10 45 2 15 46 2
25 56 2 34 57 2
25 24 2 31 25 2
10 5 2 16 6 2
48 6 2 58 7 2
0 43 2 3 44 2
2 48 2 6 49 2
7 41 2 14 42 2
12 33 2 20 34 2
50 40 2 53 41 2
29 5 2 32 6 2
50 16 3 51 26 3
51 8 3 52 18 3
22 30 3 23 39 3
45 13 3 46 16 3
35 13 3 36 22 3
15 28 3 16 37 3
4 19 3 5 27 3
29 50 3 30 59 3
7 15 3 8 19 3
34 23 3 35 29 3
0 25 3 1 31 3
23 3 3 24 10 3
17 20 3 18 30 3
15 15 3 16 19 3
34 3 3 35 8 3
6 21 3 7 26 3
11 10 3 12 16 3
4 43 3 5 50 3
45 34 3 46 41 3
2 34 3 3 37 3
56 39 3 57 47 3
49 3 3 50 6 3
43 41 3 44 47 3
39 20 3 40 30 3
0 49 4 10 50 4
38 2 4 42 3 4
9 27 4 18 28 4
36 30 4 40 31 4
23 37 4 30 38 4
46 3 4 56 4 4
42 47 4 49 48 4
9 4 4 17 5 4
23 28 4 28 29 4
33 10 4 39 11 4
14 30 4 22 31 4
50 28 4 59 29 4
41 35 4 50 36 4
23 53 4 26 54 4
52 24 4 56 25 4
41 16 4 51 17 4
23 44 4 26 45 4
24 34 4 34 35 4
1 0 4 10 1 4
11 22 4 19 23 4
4 31 4 13 32 4
29 21 4 35 22 4
28 29 4 31 30 4
46 45 4 51 46 4
58 19 5 59 24 5
42 31 5 43 34 5
58 40 5 59 43 5
4 20 5 5 24 5
53 34 5 54 44 5
8 18 5 9 24 5
30 53 5 31 59 5
45 13 5 46 18 5
18 35 5 19 41 5
30 44 5 31 49 5
45 52 5 46 59 5
37 20 5 38 23 5
58 2 5 59 5 5
9 2 5 10 12 5
7 21 5 8 25 5
34 48 5 35 58 5
17 21 5 18 31 5
43 27 5 44 37 5
49 31 5 50 37 5
25 41 5 26 44 5
40 31 5 41 35 5
18 19 5 19 25 5
38 29 5 39 39 5
20 35 5 21 41 5
Net_num 159
Net_id 0
pin_num 5
41 53 0
40 58 0
35 55 0
59 59 0
48 55 0
Net_id 1
pin_num 5
57 7 0
48 6 0
45 0 0
55 0 0
59 3 0
Net_id 2
pin_num 5
39 35 0
43 26 0
30 34 0
32 31 0
59 28 0
Net_id 3
pin_num 5
58 5 0
54 5 0
59 0 0
57 23 0
46 4 0
Net_id 4
pin_num 5
46 22 0
44 11 0
36 22 0
59 9 0
59 21 0
Net_id 5
pin_num 5
20 34 0
35 37 0
22 48 0
15 37 0
16 16 0
Net_id 6
pin_num 5
16 38 0
32 39 0
20 25 0
15 38 0
0 35 0
Net_id 7
pin_num 5
29 7 0
32 3 0
39 0 0
38 4 0
24 7 0
Net_id 8
pin_num 5
48 39 0
49 54 0
53 48 0
51 53 0
54 59 0
Net_id 9
pin_num 5
38 44 0
53 49 0
51 59 0
45 59 0
45 43 0
Net_id 10
pin_num 5
50 18 0
43 18 0
30 18 0
28 4 0
28 9 0
Net_id 11
pin_num 5
51 51 0
55 52 0
32 51 0
59 44 0
33 40 0
Net_id 12
pin_num 5
3 9 0
10 9 0
8 5 0
24 6 0
22 13 0
Net_id 13
pin_num 5
12 33 0
1 31 0
21 33 0
21 50 0
6 54 0
Net_id 14
pin_num 5
2 20 0
5 28 0
25 20 0
13 17 0
17 39 0
Net_id 15
pin_num 5
44 29 0
52 32 0
59 40 0
56 30 0
46 49 0
Net_id 16
pin_num 5
48 57 0
38 59 0
34 49 0
44 43 0
21 48 0
Net_id 17
pin_num 5
54 18 0
55 10 0
55 1 0
58 2 0
49 15 0
Net_id 18
pin_num 5
30 58 0
39 45 0
59 54 0
35 59 0
37 42 0
Net_id 19
pin_num 5
11 1 0
5 1 0
16 0 0
20 15 0
10 4 0
Net_id 20
pin_num 4
27 25 0
19 18 0
8 18 0
14 6 0
Net_id 21
pin_num 4
51 39 0
52 34 0
58 39 0
43 43 0
Net_id 22
pin_num 4
40 10 0
24 10 0
25 29 0
15 19 0
Net_id 23
pin_num 4
9 52 0
0 58 0
7 30 0
23 35 0
Net_id 24
pin_num 4
31 26 0
29 40 0
47 28 0
44 30 0
Net_id 25
pin_num 4
17 6 0
10 0 0
24 1 0
32 1 0
Net_id 26
pin_num 4
7 42 0
10 39 0
9 47 0
27 42 0
Net_id 27
pin_num 4
33 37 0
34 46 0
24 43 0
28 33 0
Net_id 28
pin_num 4
46 32 0
27 32 0
20 32 0
40 40 0
Net_id 29
pin_num 4
53 41 0
46 38 0
47 58 0
31 52 0
Net_id 30
pin_num 4
3 5 0
6 15 0
1 21 0
0 14 0
Net_id 31
pin_num 4
38 35 0
24 33 0
28 30 0
28 14 0
Net_id 32
pin_num 4
54 42 0
43 42 0
48 25 0
41 54 0
Net_id 33
pin_num 4
53 21 0
58 46 0
47 26 0
46 36 0
Net_id 34
pin_num 4
37 36 0
40 50 0
38 20 0
27 31 0
Net_id 35
pin_num 4
47 31 0
54 17 0
43 19 0
54 16 0
Net_id 36
pin_num 4
52 22 0
46 20 0
33 21 0
56 27 0
Net_id 37
pin_num 4
41 24 0
45 27 0
52 27 0
55 27 0
Net_id 38
pin_num 4
49 8 0
46 17 0
53 5 0
34 16 0
Net_id 39
pin_num 4
40 55 0
47 55 0
36 52 0
31 59 0
Net_id 40
pin_num 4
35 6 0
32 19 0
47 9 0
26 11 0
Net_id 41
pin_num 3
51 28 0
56 24 0
52 8 0
Net_id 42
pin_num 3
3 35 0
18 25 0
12 50 0
Net_id 43
pin_num 3
11 25 0
19 23 0
31 16 0
Net_id 44
pin_num 3
2 41 0
9 34 0
2 52 0
Net_id 45
pin_num 3
5 57 0
0 50 0
12 51 0
Net_id 46
pin_num 3
35 44 0
43 53 0
28 58 0
Net_id 47
pin_num 3
23 59 0
37 41 0
32 57 0
Net_id 48
pin_num 3
43 50 0
54 45 0
51 58 0
Net_id 49
pin_num 3
28 52 0
37 59 0
28 51 0
Net_id 50
pin_num 3
39 26 0
21 18 0
18 23 0
Net_id 51
pin_num 3
30 20 0
19 39 0
14 31 0
Net_id 52
pin_num 3
1 52 0
1 37 0
11 30 0
Net_id 53
pin_num 3
20 49 0
27 58 0
28 31 0
Net_id 54
pin_num 3
20 19 0
51 21 0
47 5 0
Net_id 55
pin_num 3
10 56 0
1 47 0
13 51 0
Net_id 56
pin_num 3
31 45 0
15 45 0
24 31 0
Net_id 57
pin_num 3
14 55 0
26 52 0
35 36 0
Net_id 58
pin_num 3
53 26 0
42 20 0
35 25 0
Net_id 59
pin_num 3
6 18 0
1 34 0
31 20 0
Net_id 60
pin_num 3
39 54 0
31 54 0
58 51 0
Net_id 61
pin_num 3
36 40 0
31 24 0
51 44 0
Net_id 62
pin_num 3
51 46 0
45 46 0
57 53 0
Net_id 63
pin_num 3
41 39 0
37 24 0
38 49 0
Net_id 64
pin_num 3
31 30 0
51 45 0
23 33 0
Net_id 65
pin_num 3
35 50 0
23 56 0
8 48 0
Net_id 66
pin_num 3
19 14 0
26 26 0
6 26 0
Net_id 67
pin_num 3
3 2 0
12 16 0
15 13 0
Net_id 68
pin_num 3
33 4 0
44 25 0
32 20 0
Net_id 69
pin_num 3
22 41 0
50 57 0
57 38 0
Net_id 70
pin_num 3
58 8 0
57 6 0
56 13 0
Net_id 71
pin_num 3
37 9 0
23 18 0
17 2 0
Net_id 72
pin_num 3
27 16 0
17 19 0
6 17 0
Net_id 73
pin_num 3
53 56 0
50 47 0
52 52 0
Net_id 74
pin_num 3
52 11 0
57 10 0
43 23 0
Net_id 75
pin_num 3
29 4 0
32 2 0
34 0 0
Net_id 76
pin_num 3
25 28 0
8 32 0
13 37 0
Net_id 77
pin_num 3
58 49 0
50 55 0
57 57 0
Net_id 78
pin_num 3
26 41 0
39 37 0
21 43 0
Net_id 79
pin_num 2
45 52 0
58 47 0
Net_id 80
pin_num 2
55 23 0
51 11 0
Net_id 81
pin_num 2
4 19 0
3 7 0
Net_id 82
pin_num 2
48 21 0
56 23 0
Net_id 83
pin_num 2
42 47 0
44 59 0
Net_id 84
pin_num 2
53 10 0
56 0 0
Net_id 85
pin_num 2
32 49 0
19 45 0
Net_id 86
pin_num 2
16 3 0
33 11 0
Net_id 87
pin_num 2
7 43 0
0 59 0
Net_id 88
pin_num 2
29 18 0
19 5 0
Net_id 89
pin_num 2
9 8 0
0 0 0
Net_id 90
pin_num 2
14 15 0
27 17 0
Net_id 91
pin_num 2
47 53 0
31 57 0
Net_id 92
pin_num 2
18 51 0
27 48 0
Net_id 93
pin_num 2
13 43 0
21 37 0
Net_id 94
pin_num 2
1 1 0
11 9 0
Net_id 95
pin_num 2
55 34 0
53 45 0
Net_id 96
pin_num 2
31 36 0
25 36 0
Net_id 97
pin_num 2
35 27 0
41 33 0
Net_id 98
pin_num 2
33 52 0
28 44 0
Net_id 99
pin_num 2
4 6 0
3 19 0
Net_id 100
pin_num 2
52 26 0
44 35 0
Net_id 101
pin_num 2
22 7 0
2 16 0
Net_id 102
pin_num 2
12 47 0
2 32 0
Net_id 103
pin_num 2
1 23 0
12 34 0
Net_id 104
pin_num 2
8 24 0
1 22 0
Net_id 105
pin_num 2
33 2 0
50 30 0
Net_id 106
pin_num 2
11 22 0
1 35 0
Net_id 107
pin_num 2
18 6 0
24 5 0
Net_id 108
pin_num 2
27 29 0
22 30 0
Net_id 109
pin_num 2
16 29 0
41 40 0
Net_id 110
pin_num 2
16 32 0
24 39 0
Net_id 111
pin_num 2
13 54 0
16 59 0
Net_id 112
pin_num 2
14 49 0
3 55 0
Net_id 113
pin_num 2
16 43 0
17 53 0
Net_id 114
pin_num 2
19 8 0
0 2 0
Net_id 115
pin_num 2
20 50 0
0 45 0
Net_id 116
pin_num 2
55 12 0
43 12 0
Net_id 117
pin_num 2
56 14 0
44 13 0
Net_id 118
pin_num 2
48 9 0
56 3 0
Net_id 119
pin_num 2
25 2 0
13 29 0
Net_id 120
pin_num 2
46 31 0
56 38 0
Net_id 121
pin_num 2
40 11 0
50 34 0
Net_id 122
pin_num 2
11 5 0
7 10 0
Net_id 123
pin_num 2
33 36 0
40 26 0
Net_id 124
pin_num 2
10 34 0
11 38 0
Net_id 125
pin_num 2
38 37 0
36 36 0
Net_id 126
pin_num 2
14 16 0
0 12 0
Net_id 127
pin_num 2
17 54 0
40 42 0
Net_id 128
pin_num 2
10 25 0
0 20 0
Net_id 129
pin_num 2
6 40 0
10 29 0
Net_id 130
pin_num 2
48 4 0
42 0 0
Net_id 131
pin_num 2
45 40 0
31 40 0
Net_id 132
pin_num 2
42 46 0
22 29 0
Net_id 133
pin_num 2
9 46 0
5 34 0
Net_id 134
pin_num 2
9 3 0
5 17 0
Net_id 135
pin_num 2
41 41 0
41 38 0
Net_id 136
pin_num 2
41 49 0
50 38 0
Net_id 137
pin_num 2
15 23 0
10 11 0
Net_id 138
pin_num 2
55 50 0
47 39 0
Net_id 139
pin_num 2
6 37 0
3 34 0
Net_id 140
pin_num 2
40 23 0
47 30 0
Net_id 141
pin_num 2
57 17 0
46 37 0
Net_id 142
pin_num 2
2 15 0
11 21 0
Net_id 143
pin_num 2
25 15 0
36 15 0
Net_id 144
pin_num 2
42 42 0
27 57 0
Net_id 145
pin_num 2
55 2 0
29 14 0
Net_id 146
pin_num 2
18 12 0
33 1 0
Net_id 147
pin_num 2
15 22 0
9 16 0
Net_id 148
pin_num 2
43 9 0
28 12 0
Net_id 149
pin_num 2
37 44 0
42 52 0
Net_id 150
pin_num 2
10 41 0
23 57 0
Net_id 151
pin_num 2
53 0 0
38 19 0
Net_id 152
pin_num 2
39 28 0
23 31 0
Net_id 153
pin_num 2
1 9 0
23 21 0
Net_id 154
pin_num 2
51 13 0
45 8 0
Net_id 155
pin_num 2
41 29 0
37 29 0
Net_id 156
pin_num 2
9 59 0
15 49 0
Net_id 157
pin_num 2
40 24 0
42 13 0
Net_id 158
pin_num 2
2 22 0
6 19 0
