Width 60
Height 60
Layer 6
Total_WL 6988
Obstacle_num 144
28 2 0 31 3 0
33 7 0 42 8 0
12 38 0 15 39 0
8 9 0 11 10 0
41 22 0 48 23 0
46 19 0 51 20 0
8 36 0 15 37 0
53 26 0 59 27 0
49 51 0 57 52 0
23 57 0 33 58 0
37 10 0 44 11 0
29 45 0 37 46 0
15 27 0 24 28 0
25 12 0 31 13 0
37 36 0 43 37 0
39 46 0 48 47 0
49 47 0 55 48 0
32 39 0 42 40 0
6 27 0 14 28 0
46 4 0 56 5 0
0 7 0 3 8 0
13 15 0 22 16 0
26 43 0 33 44 0
38 26 0 47 27 0
35 29 1 36 38 1
28 13 1 29 23 1
5 52 1 6 57 1
49 28 1 50 31 1
9 7 1 10 16 1
15 41 1 16 47 1
40 36 1 41 42 1
14 41 1 15 45 1
44 43 1 45 52 1
4 29 1 5 39 1
30 15 1 31 18 1
41 22 1 42 25 1
28 24 1 29 27 1
28 36 1 29 46 1
53 4 1 54 12 1
7 48 1 8 52 1
41 12 1 42 22 1
14 34 1 15 41 1
14 19 1 15 25 1
49 12 1 50 17 1
52 22 1 53 29 1
17 19 1 18 27 1
4 15 1 5 23 1
23 36 1 24 45 1
27 48 2 32 49 2
26 9 2 35 10 2
45 19 2 54 20 2
9 53 2 17 54 2
40 44 2 45 45 2
39 31 2 48 32 2
49 12 2 54 13 2
12 33 2 19 34 2
26 58 2 34 59 2
55 19 2 58 20 2
1 2 2 9 3 2
11 23 2 17 24 2
51 25 2 55 26 2
4 6 2 10 7 2
18 44 2 26 45 2
23 24 2 33 25 2
31 44 2 39 45 2
11 12 2 20 13 2
5 0 2 9 1 2
11 29 2 20 30 2
32 49 2 35 50 2
24 18 2 27 19 2
32 15 2 41 16 2
45 5 2 54 6 2
35 13 3 36 21 3
29 17 3 30 22 3
19 43 3 20 49 3
21 9 3 22 19 3
10 24 3 11 28 3
52 42 3 53 45 3
15 15 3 16 24 3
4 29 3 5 37 3
6 15 3 7 18 3
22 16 3 23 20 3
34 37 3 35 47 3
28 40 3 29 43 3
20 17 3 21 21 3
42 50 3 43 57 3
48 14 3 49 19 3
17 1 3 18 4 3
56 21 3 57 31 3
14 6 3 15 16 3
22 21 3 23 30 3
3 7 3 4 12 3
7 34 3 8 42 3
56 7 3 57 13 3
8 18 3 9 26 3
47 50 3 48 59 3
46 21 4 56 22 4
37 46 4 41 47 4
6 43 4 9 44 4
3 44 4 12 45 4
21 18 4 30 19 4
51 55 4 59 56 4
14 13 4 23 14 4
11 16 4 20 17 4
19 3 4 28 4 4
51 7 4 59 8 4
22 30 4 28 31 4
37 4 4 43 5 4
9 27 4 13 28 4
29 13 4 36 14 4
17 12 4 20 13 4
29 46 4 33 47 4
37 54 4 44 55 4
23 45 4 29 46 4
30 23 4 39 24 4
22 58 4 26 59 4
18 21 4 28 22 4
9 9 4 17 10 4
46 57 4 56 58 4
2 32 4 5 33 4
14 9 5 15 18 5
14 1 5 15 7 5
31 40 5 32 46 5
38 1 5 39 11 5
44 26 5 45 33 5
45 22 5 46 32 5
6 14 5 7 18 5
53 26 5 54 35 5
19 40 5 20 47 5
3 52 5 4 55 5
5 13 5 6 16 5
31 8 5 32 18 5
0 47 5 1 51 5
25 0 5 26 9 5
25 49 5 26 59 5
27 34 5 28 43 5
37 16 5 38 22 5
16 15 5 17 23 5
11 41 5 12 47 5
8 15 5 9 22 5
39 45 5 40 49 5
49 45 5 50 48 5
11 18 5 12 21 5
17 48 5 18 52 5
Net_num 162
Net_id 0
pin_num 5
40 15 0
44 21 0
59 20 0
36 20 0
54 24 0
Net_id 1
pin_num 5
25 53 0
18 48 0
24 59 0
13 54 0
20 45 0
Net_id 2
pin_num 5
24 25 0
16 28 0
35 26 0
16 52 0
16 9 0
Net_id 3
pin_num 5
22 47 0
32 55 0
25 52 0
33 53 0
57 53 0
Net_id 4
pin_num 5
3 44 0
18 46 0
3 21 0
0 15 0
11 26 0
Net_id 5
pin_num 5
0 46 0
5 47 0
1 31 0
1 9 0
2 16 0
Net_id 6
pin_num 5
53 41 0
59 40 0
56 33 0
40 34 0
46 27 0
Net_id 7
pin_num 5
34 58 0
19 53 0
17 32 0
33 41 0
40 59 0
Net_id 8
pin_num 5
20 17 0
29 8 0
17 8 0
19 24 0
18 11 0
Net_id 9
pin_num 5
36 2 0
30 1 0
13 0 0
28 23 0
6 20 0
Net_id 10
pin_num 5
36 17 0
49 20 0
49 26 0
47 24 0
44 20 0
Net_id 11
pin_num 5
1 34 0
6 32 0
0 47 0
7 39 0
5 17 0
Net_id 12
pin_num 5
48 11 0
57 12 0
44 12 0
45 27 0
46 1 0
Net_id 13
pin_num 5
3 40 0
0 49 0
14 45 0
16 55 0
6 48 0
Net_id 14
pin_num 5
51 23 0
58 27 0
58 37 0
57 52 0
56 31 0
Net_id 15
pin_num 5
29 47 0
24 39 0
24 29 0
13 47 0
22 59 0
Net_id 16
pin_num 5
51 2 0
58 2 0
37 6 0
32 1 0
32 8 0
Net_id 17
pin_num 5
7 51 0
12 51 0
0 52 0
17 59 0
6 33 0
Net_id 18
pin_num 5
29 38 0
23 38 0
11 30 0
18 25 0
8 34 0
Net_id 19
pin_num 5
57 24 0
55 21 0
36 23 0
50 41 0
47 13 0
Net_id 20
pin_num 4
51 13 0
58 17 0
51 32 0
53 20 0
Net_id 21
pin_num 4
56 40 0
47 45 0
54 42 0
59 19 0
Net_id 22
pin_num 4
18 13 0
24 10 0
23 0 0
1 10 0
Net_id 23
pin_num 4
56 56 0
58 47 0
34 52 0
59 58 0
Net_id 24
pin_num 4
19 48 0
31 50 0
40 49 0
28 54 0
Net_id 25
pin_num 4
6 4 0
15 7 0
9 19 0
0 3 0
Net_id 26
pin_num 4
33 1 0
43 8 0
39 19 0
39 11 0
Net_id 27
pin_num 4
31 28 0
26 33 0
26 23 0
32 31 0
Net_id 28
pin_num 4
39 5 0
24 9 0
38 19 0
38 0 0
Net_id 29
pin_num 4
43 42 0
45 38 0
44 29 0
37 40 0
Net_id 30
pin_num 4
51 3 0
41 5 0
41 25 0
28 10 0
Net_id 31
pin_num 4
25 39 0
27 31 0
29 49 0
47 32 0
Net_id 32
pin_num 4
38 9 0
31 4 0
59 8 0
26 5 0
Net_id 33
pin_num 4
40 3 0
31 8 0
16 3 0
28 0 0
Net_id 34
pin_num 4
32 16 0
47 15 0
44 11 0
47 1 0
Net_id 35
pin_num 4
9 23 0
20 28 0
2 31 0
3 17 0
Net_id 36
pin_num 4
12 22 0
19 26 0
15 22 0
18 22 0
Net_id 37
pin_num 4
51 37 0
58 49 0
51 49 0
53 33 0
Net_id 38
pin_num 4
15 16 0
3 14 0
0 11 0
2 1 0
Net_id 39
pin_num 3
59 7 0
54 1 0
54 18 0
Net_id 40
pin_num 3
30 33 0
37 29 0
36 50 0
Net_id 41
pin_num 3
19 45 0
14 56 0
8 46 0
Net_id 42
pin_num 3
38 22 0
37 28 0
32 29 0
Net_id 43
pin_num 3
8 7 0
10 18 0
0 37 0
Net_id 44
pin_num 3
31 7 0
2 11 0
8 1 0
Net_id 45
pin_num 3
55 44 0
56 59 0
37 51 0
Net_id 46
pin_num 3
0 42 0
17 42 0
8 58 0
Net_id 47
pin_num 3
29 30 0
9 35 0
5 49 0
Net_id 48
pin_num 3
4 9 0
0 9 0
21 45 0
Net_id 49
pin_num 3
8 55 0
15 51 0
59 57 0
Net_id 50
pin_num 3
44 23 0
34 34 0
41 59 0
Net_id 51
pin_num 3
8 43 0
9 40 0
8 38 0
Net_id 52
pin_num 3
22 58 0
27 56 0
10 50 0
Net_id 53
pin_num 3
54 0 0
58 3 0
56 10 0
Net_id 54
pin_num 3
22 16 0
10 21 0
57 16 0
Net_id 55
pin_num 3
4 13 0
0 12 0
7 25 0
Net_id 56
pin_num 3
9 21 0
4 12 0
23 16 0
Net_id 57
pin_num 3
33 36 0
50 29 0
34 29 0
Net_id 58
pin_num 3
7 58 0
4 40 0
12 55 0
Net_id 59
pin_num 3
3 30 0
18 21 0
11 18 0
Net_id 60
pin_num 3
19 2 0
24 12 0
6 8 0
Net_id 61
pin_num 3
36 12 0
38 15 0
17 13 0
Net_id 62
pin_num 3
48 37 0
50 38 0
33 37 0
Net_id 63
pin_num 3
1 18 0
11 35 0
2 19 0
Net_id 64
pin_num 3
15 1 0
1 6 0
5 24 0
Net_id 65
pin_num 3
33 30 0
47 35 0
31 30 0
Net_id 66
pin_num 3
2 14 0
6 13 0
31 16 0
Net_id 67
pin_num 3
24 37 0
35 25 0
54 33 0
Net_id 68
pin_num 3
36 31 0
40 19 0
53 3 0
Net_id 69
pin_num 3
15 4 0
24 6 0
40 14 0
Net_id 70
pin_num 3
21 14 0
31 6 0
35 24 0
Net_id 71
pin_num 3
54 27 0
59 35 0
56 21 0
Net_id 72
pin_num 3
3 12 0
3 4 0
3 47 0
Net_id 73
pin_num 3
51 58 0
25 46 0
37 22 0
Net_id 74
pin_num 3
30 10 0
43 24 0
59 46 0
Net_id 75
pin_num 3
2 44 0
1 52 0
7 59 0
Net_id 76
pin_num 3
11 19 0
35 19 0
21 33 0
Net_id 77
pin_num 3
41 8 0
55 27 0
36 51 0
Net_id 78
pin_num 3
11 29 0
30 26 0
28 28 0
Net_id 79
pin_num 3
41 40 0
57 33 0
50 28 0
Net_id 80
pin_num 2
33 4 0
40 4 0
Net_id 81
pin_num 2
19 40 0
3 49 0
Net_id 82
pin_num 2
11 56 0
6 53 0
Net_id 83
pin_num 2
46 52 0
42 52 0
Net_id 84
pin_num 2
30 34 0
15 39 0
Net_id 85
pin_num 2
30 53 0
26 35 0
Net_id 86
pin_num 2
28 6 0
3 3 0
Net_id 87
pin_num 2
8 26 0
2 36 0
Net_id 88
pin_num 2
25 42 0
41 38 0
Net_id 89
pin_num 2
43 1 0
45 0 0
Net_id 90
pin_num 2
56 38 0
55 46 0
Net_id 91
pin_num 2
4 54 0
12 50 0
Net_id 92
pin_num 2
43 0 0
30 18 0
Net_id 93
pin_num 2
48 1 0
45 4 0
Net_id 94
pin_num 2
56 39 0
52 48 0
Net_id 95
pin_num 2
12 52 0
2 50 0
Net_id 96
pin_num 2
15 36 0
29 44 0
Net_id 97
pin_num 2
43 56 0
56 55 0
Net_id 98
pin_num 2
8 39 0
10 47 0
Net_id 99
pin_num 2
59 15 0
55 25 0
Net_id 100
pin_num 2
12 3 0
15 6 0
Net_id 101
pin_num 2
9 31 0
12 35 0
Net_id 102
pin_num 2
39 34 0
38 37 0
Net_id 103
pin_num 2
26 3 0
22 1 0
Net_id 104
pin_num 2
25 31 0
10 19 0
Net_id 105
pin_num 2
41 12 0
52 1 0
Net_id 106
pin_num 2
56 28 0
43 41 0
Net_id 107
pin_num 2
21 57 0
0 50 0
Net_id 108
pin_num 2
53 52 0
57 32 0
Net_id 109
pin_num 2
43 18 0
34 25 0
Net_id 110
pin_num 2
11 38 0
2 27 0
Net_id 111
pin_num 2
10 48 0
8 50 0
Net_id 112
pin_num 2
31 34 0
38 50 0
Net_id 113
pin_num 2
24 20 0
38 24 0
Net_id 114
pin_num 2
37 8 0
40 18 0
Net_id 115
pin_num 2
3 37 0
21 59 0
Net_id 116
pin_num 2
33 9 0
11 22 0
Net_id 117
pin_num 2
1 35 0
9 22 0
Net_id 118
pin_num 2
11 43 0
12 48 0
Net_id 119
pin_num 2
45 7 0
34 23 0
Net_id 120
pin_num 2
37 25 0
57 40 0
Net_id 121
pin_num 2
33 52 0
35 47 0
Net_id 122
pin_num 2
45 36 0
12 18 0
Net_id 123
pin_num 2
15 48 0
7 57 0
Net_id 124
pin_num 2
39 54 0
50 49 0
Net_id 125
pin_num 2
21 47 0
12 25 0
Net_id 126
pin_num 2
20 39 0
26 22 0
Net_id 127
pin_num 2
33 8 0
34 3 0
Net_id 128
pin_num 2
10 54 0
5 50 0
Net_id 129
pin_num 2
40 42 0
55 30 0
Net_id 130
pin_num 2
55 13 0
47 21 0
Net_id 131
pin_num 2
51 5 0
48 0 0
Net_id 132
pin_num 2
31 17 0
28 33 0
Net_id 133
pin_num 2
5 0 0
11 11 0
Net_id 134
pin_num 2
7 53 0
13 50 0
Net_id 135
pin_num 2
25 2 0
39 3 0
Net_id 136
pin_num 2
31 13 0
25 13 0
Net_id 137
pin_num 2
52 46 0
49 38 0
Net_id 138
pin_num 2
34 0 0
25 5 0
Net_id 139
pin_num 2
48 10 0
21 3 0
Net_id 140
pin_num 2
32 44 0
40 52 0
Net_id 141
pin_num 2
55 36 0
57 39 0
Net_id 142
pin_num 2
27 22 0
29 25 0
Net_id 143
pin_num 2
10 33 0
7 47 0
Net_id 144
pin_num 2
41 41 0
45 30 0
Net_id 145
pin_num 2
3 20 0
22 33 0
Net_id 146
pin_num 2
48 16 0
55 20 0
Net_id 147
pin_num 2
0 56 0
5 29 0
Net_id 148
pin_num 2
33 48 0
21 55 0
Net_id 149
pin_num 2
38 33 0
17 11 0
Net_id 150
pin_num 2
39 55 0
55 50 0
Net_id 151
pin_num 2
53 6 0
57 8 0
Net_id 152
pin_num 2
46 15 0
32 30 0
Net_id 153
pin_num 2
6 44 0
40 33 0
Net_id 154
pin_num 2
42 20 0
36 25 0
Net_id 155
pin_num 2
19 50 0
27 55 0
Net_id 156
pin_num 2
3 56 0
11 48 0
Net_id 157
pin_num 2
22 38 0
7 13 0
Net_id 158
pin_num 2
21 24 0
12 24 0
Net_id 159
pin_num 2
28 52 0
29 54 0
Net_id 160
pin_num 2
24 51 0
20 43 0
Net_id 161
pin_num 2
51 26 0
58 8 0
