Width 60
Height 60
Layer 6
Total_WL 6761
Obstacle_num 144
22 52 0 27 53 0
23 32 0 26 33 0
23 14 0 27 15 0
48 47 0 54 48 0
40 25 0 47 26 0
0 46 0 6 47 0
39 45 0 49 46 0
39 46 0 46 47 0
5 47 0 15 48 0
18 27 0 26 28 0
27 48 0 33 49 0
36 1 0 39 2 0
34 55 0 39 56 0
32 14 0 41 15 0
35 19 0 45 20 0
42 53 0 51 54 0
36 51 0 45 52 0
5 24 0 14 25 0
1 21 0 4 22 0
47 9 0 53 10 0
20 4 0 25 5 0
12 26 0 19 27 0
46 41 0 54 42 0
39 22 0 45 23 0
11 11 1 12 16 1
35 35 1 36 40 1
6 32 1 7 40 1
49 29 1 50 32 1
54 52 1 55 59 1
5 53 1 6 57 1
49 20 1 50 28 1
48 41 1 49 49 1
56 53 1 57 56 1
15 24 1 16 30 1
5 24 1 6 28 1
9 38 1 10 46 1
5 14 1 6 17 1
28 20 1 29 26 1
9 51 1 10 58 1
9 20 1 10 25 1
3 23 1 4 28 1
1 0 1 2 6 1
8 39 1 9 43 1
56 9 1 57 14 1
17 51 1 18 59 1
12 42 1 13 49 1
24 12 1 25 16 1
31 6 1 32 13 1
25 46 2 28 47 2
34 55 2 37 56 2
50 4 2 56 5 2
24 23 2 31 24 2
27 3 2 33 4 2
26 15 2 35 16 2
37 18 2 40 19 2
40 34 2 45 35 2
9 15 2 13 16 2
41 47 2 46 48 2
39 8 2 44 9 2
19 18 2 26 19 2
15 19 2 18 20 2
22 14 2 32 15 2
30 17 2 36 18 2
16 58 2 20 59 2
49 32 2 52 33 2
56 57 2 59 58 2
42 53 2 49 54 2
4 9 2 8 10 2
47 33 2 53 34 2
42 40 2 49 41 2
23 16 2 31 17 2
25 31 2 28 32 2
2 17 3 3 22 3
10 27 3 11 31 3
17 24 3 18 27 3
11 40 3 12 45 3
36 15 3 37 25 3
6 28 3 7 31 3
15 33 3 16 42 3
50 0 3 51 3 3
15 48 3 16 54 3
28 11 3 29 14 3
49 52 3 50 57 3
21 17 3 22 20 3
54 52 3 55 55 3
34 21 3 35 27 3
24 20 3 25 30 3
13 52 3 14 55 3
30 3 3 31 9 3
54 1 3 55 11 3
9 12 3 10 20 3
4 27 3 5 31 3
52 20 3 53 27 3
56 22 3 57 28 3
16 45 3 17 52 3
24 1 3 25 5 3
49 36 4 58 37 4
6 57 4 10 58 4
0 19 4 6 20 4
18 23 4 21 24 4
34 2 4 41 3 4
28 58 4 34 59 4
34 37 4 43 38 4
32 34 4 36 35 4
40 22 4 45 23 4
36 17 4 42 18 4
52 34 4 56 35 4
53 41 4 59 42 4
46 11 4 56 12 4
44 16 4 52 17 4
33 43 4 38 44 4
3 11 4 6 12 4
45 32 4 50 33 4
41 9 4 48 10 4
29 40 4 34 41 4
29 26 4 37 27 4
29 15 4 35 16 4
42 55 4 49 56 4
20 44 4 27 45 4
52 17 4 55 18 4
46 29 5 47 37 5
10 5 5 11 13 5
24 24 5 25 34 5
12 40 5 13 48 5
40 42 5 41 49 5
40 49 5 41 52 5
28 15 5 29 19 5
21 13 5 22 17 5
12 1 5 13 4 5
58 17 5 59 24 5
53 36 5 54 41 5
11 0 5 12 5 5
56 17 5 57 25 5
53 46 5 54 51 5
5 31 5 6 36 5
6 38 5 7 48 5
9 22 5 10 29 5
41 50 5 42 57 5
42 15 5 43 20 5
20 36 5 21 43 5
1 18 5 2 28 5
18 22 5 19 29 5
44 18 5 45 25 5
32 53 5 33 59 5
Net_num 158
Net_id 0
pin_num 5
35 41 0
38 35 0
17 41 0
36 23 0
42 29 0
Net_id 1
pin_num 5
24 35 0
29 39 0
23 26 0
12 35 0
19 44 0
Net_id 2
pin_num 5
10 37 0
3 50 0
20 44 0
18 50 0
19 59 0
Net_id 3
pin_num 5
19 8 0
14 18 0
27 11 0
24 6 0
20 23 0
Net_id 4
pin_num 5
51 56 0
58 59 0
57 43 0
38 46 0
50 59 0
Net_id 5
pin_num 5
55 44 0
46 47 0
37 44 0
40 41 0
44 59 0
Net_id 6
pin_num 5
0 51 0
18 55 0
24 55 0
0 58 0
0 55 0
Net_id 7
pin_num 5
51 43 0
56 35 0
58 25 0
55 28 0
56 49 0
Net_id 8
pin_num 5
50 33 0
37 32 0
41 21 0
37 40 0
34 22 0
Net_id 9
pin_num 5
55 6 0
59 6 0
58 0 0
53 5 0
57 5 0
Net_id 10
pin_num 5
42 15 0
44 15 0
43 34 0
39 34 0
59 12 0
Net_id 11
pin_num 5
7 11 0
11 11 0
0 2 0
11 3 0
8 23 0
Net_id 12
pin_num 5
45 39 0
36 45 0
26 45 0
59 34 0
45 43 0
Net_id 13
pin_num 5
13 30 0
16 24 0
20 24 0
13 42 0
20 38 0
Net_id 14
pin_num 5
32 47 0
20 51 0
31 55 0
0 49 0
37 48 0
Net_id 15
pin_num 5
15 0 0
9 5 0
11 19 0
9 0 0
10 12 0
Net_id 16
pin_num 5
34 6 0
23 6 0
43 6 0
27 2 0
42 14 0
Net_id 17
pin_num 5
18 29 0
2 32 0
24 33 0
0 13 0
9 12 0
Net_id 18
pin_num 5
44 9 0
35 3 0
37 4 0
49 3 0
39 30 0
Net_id 19
pin_num 5
44 50 0
38 50 0
37 35 0
40 43 0
42 42 0
Net_id 20
pin_num 4
56 51 0
59 57 0
59 41 0
50 58 0
Net_id 21
pin_num 4
54 14 0
48 13 0
34 7 0
59 25 0
Net_id 22
pin_num 4
7 29 0
1 17 0
17 22 0
0 40 0
Net_id 23
pin_num 4
48 7 0
59 10 0
57 13 0
52 8 0
Net_id 24
pin_num 4
28 45 0
35 59 0
50 57 0
6 56 0
Net_id 25
pin_num 4
15 40 0
1 40 0
2 47 0
29 31 0
Net_id 26
pin_num 4
41 30 0
47 30 0
41 52 0
54 41 0
Net_id 27
pin_num 4
11 18 0
22 28 0
0 1 0
2 23 0
Net_id 28
pin_num 4
24 58 0
13 55 0
20 40 0
18 54 0
Net_id 29
pin_num 4
40 38 0
52 40 0
46 37 0
50 50 0
Net_id 30
pin_num 4
28 9 0
24 17 0
24 31 0
4 21 0
Net_id 31
pin_num 4
15 29 0
21 40 0
25 33 0
20 14 0
Net_id 32
pin_num 4
54 10 0
53 18 0
58 3 0
54 24 0
Net_id 33
pin_num 4
17 37 0
20 30 0
11 46 0
36 37 0
Net_id 34
pin_num 4
24 43 0
27 57 0
23 59 0
15 47 0
Net_id 35
pin_num 4
47 20 0
56 3 0
58 1 0
45 0 0
Net_id 36
pin_num 4
44 6 0
52 2 0
32 4 0
35 18 0
Net_id 37
pin_num 4
38 39 0
50 49 0
44 37 0
44 31 0
Net_id 38
pin_num 4
56 2 0
50 12 0
44 20 0
56 14 0
Net_id 39
pin_num 4
8 41 0
15 45 0
23 49 0
4 48 0
Net_id 40
pin_num 3
19 15 0
12 29 0
12 13 0
Net_id 41
pin_num 3
59 50 0
45 37 0
59 33 0
Net_id 42
pin_num 3
27 33 0
26 24 0
47 27 0
Net_id 43
pin_num 3
16 45 0
28 40 0
21 32 0
Net_id 44
pin_num 3
51 6 0
51 3 0
19 3 0
Net_id 45
pin_num 3
9 30 0
1 45 0
1 42 0
Net_id 46
pin_num 3
6 28 0
3 10 0
10 49 0
Net_id 47
pin_num 3
38 26 0
25 30 0
35 43 0
Net_id 48
pin_num 3
4 36 0
13 43 0
18 33 0
Net_id 49
pin_num 3
44 18 0
37 17 0
50 18 0
Net_id 50
pin_num 3
26 53 0
30 50 0
30 40 0
Net_id 51
pin_num 3
58 33 0
53 45 0
56 44 0
Net_id 52
pin_num 3
39 6 0
50 15 0
18 10 0
Net_id 53
pin_num 3
59 9 0
45 20 0
40 20 0
Net_id 54
pin_num 3
47 19 0
42 20 0
43 35 0
Net_id 55
pin_num 3
20 17 0
12 4 0
0 25 0
Net_id 56
pin_num 3
46 7 0
42 10 0
58 10 0
Net_id 57
pin_num 3
22 18 0
32 30 0
41 14 0
Net_id 58
pin_num 3
1 14 0
17 14 0
31 0 0
Net_id 59
pin_num 3
53 50 0
48 50 0
59 32 0
Net_id 60
pin_num 3
28 1 0
23 22 0
3 18 0
Net_id 61
pin_num 3
14 19 0
18 24 0
3 32 0
Net_id 62
pin_num 3
53 42 0
47 42 0
58 44 0
Net_id 63
pin_num 3
25 15 0
11 26 0
22 0 0
Net_id 64
pin_num 3
11 59 0
29 56 0
29 46 0
Net_id 65
pin_num 3
51 36 0
38 23 0
55 59 0
Net_id 66
pin_num 3
15 22 0
18 9 0
27 19 0
Net_id 67
pin_num 3
27 49 0
25 28 0
39 36 0
Net_id 68
pin_num 3
30 8 0
23 8 0
25 0 0
Net_id 69
pin_num 3
28 14 0
35 20 0
25 19 0
Net_id 70
pin_num 3
21 33 0
19 28 0
48 27 0
Net_id 71
pin_num 3
37 59 0
35 44 0
35 49 0
Net_id 72
pin_num 3
35 48 0
45 36 0
36 59 0
Net_id 73
pin_num 3
47 34 0
45 28 0
48 26 0
Net_id 74
pin_num 3
25 29 0
46 21 0
57 11 0
Net_id 75
pin_num 3
7 25 0
6 26 0
5 13 0
Net_id 76
pin_num 3
29 38 0
33 49 0
30 18 0
Net_id 77
pin_num 3
21 39 0
21 34 0
32 38 0
Net_id 78
pin_num 3
29 18 0
21 24 0
46 29 0
Net_id 79
pin_num 3
21 51 0
27 55 0
10 58 0
Net_id 80
pin_num 3
22 45 0
25 54 0
29 40 0
Net_id 81
pin_num 2
18 22 0
22 24 0
Net_id 82
pin_num 2
52 27 0
50 38 0
Net_id 83
pin_num 2
2 29 0
22 39 0
Net_id 84
pin_num 2
43 52 0
36 58 0
Net_id 85
pin_num 2
20 7 0
31 23 0
Net_id 86
pin_num 2
50 19 0
39 31 0
Net_id 87
pin_num 2
34 28 0
29 28 0
Net_id 88
pin_num 2
25 34 0
45 42 0
Net_id 89
pin_num 2
17 24 0
23 46 0
Net_id 90
pin_num 2
46 54 0
18 59 0
Net_id 91
pin_num 2
18 31 0
0 44 0
Net_id 92
pin_num 2
57 0 0
57 6 0
Net_id 93
pin_num 2
22 38 0
30 13 0
Net_id 94
pin_num 2
34 11 0
29 17 0
Net_id 95
pin_num 2
42 35 0
35 33 0
Net_id 96
pin_num 2
30 17 0
42 28 0
Net_id 97
pin_num 2
59 14 0
49 37 0
Net_id 98
pin_num 2
28 15 0
34 29 0
Net_id 99
pin_num 2
4 18 0
16 28 0
Net_id 100
pin_num 2
42 11 0
49 2 0
Net_id 101
pin_num 2
26 39 0
11 48 0
Net_id 102
pin_num 2
41 41 0
55 27 0
Net_id 103
pin_num 2
28 16 0
17 16 0
Net_id 104
pin_num 2
42 37 0
45 51 0
Net_id 105
pin_num 2
37 0 0
40 10 0
Net_id 106
pin_num 2
55 47 0
38 59 0
Net_id 107
pin_num 2
4 52 0
1 58 0
Net_id 108
pin_num 2
29 10 0
45 12 0
Net_id 109
pin_num 2
41 58 0
48 52 0
Net_id 110
pin_num 2
57 28 0
34 46 0
Net_id 111
pin_num 2
18 42 0
6 45 0
Net_id 112
pin_num 2
47 4 0
30 9 0
Net_id 113
pin_num 2
17 10 0
13 9 0
Net_id 114
pin_num 2
15 15 0
21 2 0
Net_id 115
pin_num 2
47 16 0
26 17 0
Net_id 116
pin_num 2
49 57 0
36 44 0
Net_id 117
pin_num 2
51 5 0
58 23 0
Net_id 118
pin_num 2
28 39 0
3 53 0
Net_id 119
pin_num 2
47 50 0
47 47 0
Net_id 120
pin_num 2
12 30 0
4 53 0
Net_id 121
pin_num 2
11 57 0
29 9 0
Net_id 122
pin_num 2
4 27 0
22 12 0
Net_id 123
pin_num 2
19 48 0
1 43 0
Net_id 124
pin_num 2
50 11 0
46 9 0
Net_id 125
pin_num 2
31 25 0
10 25 0
Net_id 126
pin_num 2
52 53 0
47 58 0
Net_id 127
pin_num 2
17 40 0
18 36 0
Net_id 128
pin_num 2
3 16 0
8 2 0
Net_id 129
pin_num 2
52 25 0
44 28 0
Net_id 130
pin_num 2
53 10 0
40 30 0
Net_id 131
pin_num 2
56 1 0
33 12 0
Net_id 132
pin_num 2
4 13 0
10 26 0
Net_id 133
pin_num 2
47 23 0
22 6 0
Net_id 134
pin_num 2
7 33 0
1 50 0
Net_id 135
pin_num 2
39 37 0
44 26 0
Net_id 136
pin_num 2
9 51 0
2 58 0
Net_id 137
pin_num 2
54 19 0
48 20 0
Net_id 138
pin_num 2
26 3 0
20 1 0
Net_id 139
pin_num 2
9 37 0
0 37 0
Net_id 140
pin_num 2
34 40 0
40 48 0
Net_id 141
pin_num 2
0 17 0
8 25 0
Net_id 142
pin_num 2
30 43 0
16 43 0
Net_id 143
pin_num 2
53 23 0
34 33 0
Net_id 144
pin_num 2
18 34 0
8 34 0
Net_id 145
pin_num 2
59 8 0
49 28 0
Net_id 146
pin_num 2
27 21 0
50 56 0
Net_id 147
pin_num 2
34 32 0
41 13 0
Net_id 148
pin_num 2
15 51 0
10 59 0
Net_id 149
pin_num 2
22 20 0
15 30 0
Net_id 150
pin_num 2
26 7 0
33 7 0
Net_id 151
pin_num 2
39 5 0
32 8 0
Net_id 152
pin_num 2
37 52 0
42 49 0
Net_id 153
pin_num 2
3 55 0
6 46 0
Net_id 154
pin_num 2
14 36 0
19 50 0
Net_id 155
pin_num 2
55 23 0
58 41 0
Net_id 156
pin_num 2
44 36 0
38 34 0
Net_id 157
pin_num 2
38 58 0
56 45 0
