Width 60
Height 60
Layer 6
Total_WL 6695
Obstacle_num 144
2 30 0 6 31 0
3 14 0 11 15 0
31 44 0 34 45 0
33 39 0 42 40 0
45 18 0 51 19 0
43 35 0 51 36 0
20 38 0 28 39 0
38 8 0 42 9 0
35 51 0 41 52 0
6 57 0 13 58 0
9 2 0 16 3 0
31 38 0 37 39 0
36 46 0 41 47 0
19 3 0 29 4 0
7 16 0 16 17 0
48 23 0 52 24 0
33 22 0 36 23 0
40 44 0 47 45 0
32 40 0 36 41 0
21 0 0 28 1 0
2 8 0 11 9 0
15 32 0 19 33 0
10 56 0 16 57 0
32 12 0 41 13 0
52 24 1 53 30 1
9 17 1 10 26 1
39 36 1 40 41 1
6 41 1 7 45 1
58 1 1 59 6 1
16 23 1 17 30 1
56 39 1 57 43 1
1 5 1 2 14 1
33 2 1 34 10 1
46 19 1 47 25 1
43 51 1 44 56 1
50 1 1 51 7 1
34 25 1 35 31 1
43 16 1 44 20 1
3 25 1 4 33 1
24 14 1 25 24 1
21 17 1 22 24 1
46 26 1 47 34 1
20 23 1 21 27 1
25 33 1 26 37 1
45 10 1 46 15 1
39 22 1 40 32 1
35 46 1 36 52 1
20 34 1 21 42 1
13 25 2 17 26 2
48 53 2 51 54 2
12 14 2 19 15 2
28 8 2 34 9 2
15 57 2 24 58 2
9 18 2 12 19 2
41 37 2 48 38 2
26 17 2 34 18 2
35 5 2 40 6 2
10 20 2 18 21 2
5 18 2 8 19 2
32 6 2 41 7 2
7 40 2 14 41 2
36 31 2 45 32 2
28 55 2 35 56 2
0 21 2 7 22 2
41 6 2 47 7 2
50 40 2 56 41 2
36 18 2 45 19 2
43 33 2 49 34 2
31 15 2 35 16 2
17 12 2 26 13 2
13 33 2 17 34 2
36 16 2 40 17 2
42 43 3 43 46 3
27 14 3 28 22 3
47 29 3 48 35 3
6 2 3 7 7 3
41 9 3 42 17 3
32 10 3 33 20 3
44 25 3 45 34 3
26 31 3 27 41 3
46 44 3 47 50 3
19 9 3 20 15 3
36 18 3 37 22 3
14 10 3 15 18 3
16 15 3 17 24 3
24 40 3 25 49 3
2 16 3 3 20 3
7 32 3 8 39 3
11 51 3 12 57 3
9 15 3 10 21 3
20 14 3 21 20 3
4 48 3 5 52 3
58 48 3 59 54 3
51 47 3 52 53 3
3 18 3 4 22 3
38 20 3 39 25 3
28 10 4 31 11 4
5 8 4 10 9 4
27 55 4 33 56 4
40 36 4 49 37 4
22 7 4 31 8 4
32 32 4 42 33 4
44 18 4 47 19 4
43 52 4 46 53 4
5 31 4 9 32 4
24 38 4 28 39 4
16 35 4 20 36 4
29 38 4 37 39 4
41 57 4 51 58 4
25 52 4 35 53 4
11 5 4 18 6 4
38 39 4 47 40 4
49 39 4 59 40 4
4 3 4 11 4 4
50 36 4 59 37 4
24 51 4 30 52 4
18 10 4 26 11 4
17 58 4 22 59 4
21 31 4 29 32 4
22 2 4 32 3 4
40 27 5 41 35 5
17 37 5 18 41 5
29 32 5 30 41 5
43 26 5 44 29 5
19 1 5 20 11 5
56 19 5 57 23 5
51 5 5 52 14 5
8 36 5 9 39 5
53 25 5 54 29 5
25 35 5 26 43 5
40 0 5 41 8 5
14 41 5 15 45 5
48 49 5 49 53 5
58 45 5 59 51 5
14 0 5 15 8 5
36 36 5 37 45 5
30 13 5 31 22 5
33 31 5 34 39 5
53 46 5 54 53 5
19 49 5 20 59 5
32 51 5 33 57 5
49 14 5 50 18 5
1 46 5 2 55 5
3 20 5 4 24 5
Net_num 159
Net_id 0
pin_num 5
55 20 0
47 20 0
49 24 0
49 4 0
59 27 0
Net_id 1
pin_num 5
13 3 0
3 0 0
11 0 0
20 2 0
0 12 0
Net_id 2
pin_num 5
19 27 0
22 26 0
22 16 0
30 25 0
16 17 0
Net_id 3
pin_num 5
38 53 0
28 43 0
33 59 0
29 31 0
28 33 0
Net_id 4
pin_num 5
56 35 0
46 25 0
51 43 0
53 46 0
59 30 0
Net_id 5
pin_num 5
8 52 0
2 55 0
21 53 0
6 49 0
22 49 0
Net_id 6
pin_num 5
48 31 0
58 38 0
59 49 0
55 39 0
59 50 0
Net_id 7
pin_num 5
25 58 0
15 59 0
21 47 0
27 50 0
14 57 0
Net_id 8
pin_num 5
54 8 0
59 9 0
59 19 0
36 13 0
35 13 0
Net_id 9
pin_num 5
4 5 0
15 11 0
10 4 0
0 5 0
25 6 0
Net_id 10
pin_num 5
55 29 0
56 27 0
52 28 0
57 44 0
57 59 0
Net_id 11
pin_num 5
13 51 0
16 52 0
16 56 0
7 51 0
24 56 0
Net_id 12
pin_num 5
45 28 0
40 40 0
47 41 0
40 31 0
52 37 0
Net_id 13
pin_num 5
17 29 0
17 45 0
40 30 0
18 43 0
18 25 0
Net_id 14
pin_num 5
4 49 0
4 59 0
7 59 0
1 49 0
13 52 0
Net_id 15
pin_num 5
1 1 0
17 1 0
6 15 0
18 3 0
14 10 0
Net_id 16
pin_num 5
50 36 0
46 43 0
38 36 0
47 59 0
42 33 0
Net_id 17
pin_num 5
7 27 0
12 27 0
17 26 0
9 39 0
2 39 0
Net_id 18
pin_num 5
13 31 0
30 45 0
24 33 0
38 45 0
16 37 0
Net_id 19
pin_num 5
53 39 0
58 35 0
56 43 0
56 32 0
54 29 0
Net_id 20
pin_num 5
11 22 0
17 22 0
13 27 0
12 45 0
3 42 0
Net_id 21
pin_num 5
39 42 0
44 42 0
45 34 0
30 42 0
23 41 0
Net_id 22
pin_num 4
54 47 0
44 57 0
35 52 0
39 35 0
Net_id 23
pin_num 4
30 18 0
25 14 0
28 0 0
38 17 0
Net_id 24
pin_num 4
0 46 0
11 44 0
0 44 0
17 52 0
Net_id 25
pin_num 4
42 29 0
58 21 0
38 21 0
56 20 0
Net_id 26
pin_num 4
1 18 0
21 14 0
4 2 0
19 21 0
Net_id 27
pin_num 4
56 19 0
52 10 0
42 19 0
51 26 0
Net_id 28
pin_num 4
49 8 0
46 12 0
59 5 0
50 27 0
Net_id 29
pin_num 4
28 53 0
33 54 0
39 54 0
12 54 0
Net_id 30
pin_num 4
28 31 0
23 32 0
10 22 0
25 21 0
Net_id 31
pin_num 4
18 58 0
1 48 0
17 51 0
19 58 0
Net_id 32
pin_num 4
52 59 0
59 54 0
58 51 0
49 44 0
Net_id 33
pin_num 4
20 44 0
27 51 0
54 49 0
15 34 0
Net_id 34
pin_num 4
12 29 0
23 36 0
19 55 0
8 28 0
Net_id 35
pin_num 4
33 49 0
23 48 0
24 59 0
25 42 0
Net_id 36
pin_num 4
28 14 0
25 16 0
23 9 0
27 20 0
Net_id 37
pin_num 4
19 22 0
15 13 0
5 31 0
22 17 0
Net_id 38
pin_num 4
14 18 0
19 38 0
10 32 0
40 54 0
Net_id 39
pin_num 4
0 21 0
2 24 0
1 33 0
0 43 0
Net_id 40
pin_num 4
28 36 0
37 29 0
14 30 0
41 51 0
Net_id 41
pin_num 4
35 41 0
33 45 0
34 59 0
27 46 0
Net_id 42
pin_num 4
45 1 0
52 4 0
36 1 0
48 16 0
Net_id 43
pin_num 4
14 41 0
22 41 0
2 42 0
17 19 0
Net_id 44
pin_num 3
49 48 0
48 37 0
58 30 0
Net_id 45
pin_num 3
26 55 0
21 52 0
22 34 0
Net_id 46
pin_num 3
49 32 0
49 43 0
57 27 0
Net_id 47
pin_num 3
47 23 0
38 25 0
42 31 0
Net_id 48
pin_num 3
39 3 0
20 0 0
28 13 0
Net_id 49
pin_num 3
13 36 0
2 53 0
25 56 0
Net_id 50
pin_num 3
54 6 0
53 1 0
54 0 0
Net_id 51
pin_num 3
49 41 0
48 46 0
43 45 0
Net_id 52
pin_num 3
31 34 0
43 56 0
20 55 0
Net_id 53
pin_num 3
57 26 0
50 7 0
56 9 0
Net_id 54
pin_num 3
58 22 0
51 11 0
19 11 0
Net_id 55
pin_num 3
1 8 0
10 9 0
11 23 0
Net_id 56
pin_num 3
16 5 0
3 2 0
3 10 0
Net_id 57
pin_num 3
18 37 0
19 33 0
16 30 0
Net_id 58
pin_num 3
55 48 0
49 55 0
51 44 0
Net_id 59
pin_num 3
25 50 0
40 58 0
1 39 0
Net_id 60
pin_num 3
48 38 0
36 37 0
50 34 0
Net_id 61
pin_num 3
32 15 0
23 15 0
16 15 0
Net_id 62
pin_num 3
43 24 0
33 24 0
26 24 0
Net_id 63
pin_num 3
35 9 0
21 1 0
26 1 0
Net_id 64
pin_num 3
58 56 0
48 58 0
59 51 0
Net_id 65
pin_num 3
27 33 0
18 13 0
35 32 0
Net_id 66
pin_num 3
51 27 0
58 32 0
51 34 0
Net_id 67
pin_num 3
31 12 0
17 25 0
30 19 0
Net_id 68
pin_num 3
18 21 0
13 14 0
44 24 0
Net_id 69
pin_num 3
48 43 0
44 41 0
35 57 0
Net_id 70
pin_num 3
15 35 0
32 41 0
30 31 0
Net_id 71
pin_num 3
28 47 0
55 32 0
40 53 0
Net_id 72
pin_num 3
20 1 0
17 0 0
13 8 0
Net_id 73
pin_num 3
37 57 0
43 57 0
49 38 0
Net_id 74
pin_num 3
36 33 0
41 34 0
57 24 0
Net_id 75
pin_num 3
15 12 0
8 12 0
27 13 0
Net_id 76
pin_num 3
24 20 0
19 0 0
9 13 0
Net_id 77
pin_num 3
59 11 0
37 21 0
56 0 0
Net_id 78
pin_num 3
10 33 0
1 43 0
11 40 0
Net_id 79
pin_num 3
35 6 0
51 2 0
34 14 0
Net_id 80
pin_num 2
10 38 0
0 32 0
Net_id 81
pin_num 2
55 17 0
59 15 0
Net_id 82
pin_num 2
44 12 0
30 3 0
Net_id 83
pin_num 2
20 42 0
10 52 0
Net_id 84
pin_num 2
7 0 0
2 10 0
Net_id 85
pin_num 2
30 29 0
23 21 0
Net_id 86
pin_num 2
24 5 0
4 6 0
Net_id 87
pin_num 2
7 11 0
0 23 0
Net_id 88
pin_num 2
26 34 0
29 48 0
Net_id 89
pin_num 2
27 19 0
1 15 0
Net_id 90
pin_num 2
52 18 0
57 16 0
Net_id 91
pin_num 2
1 54 0
16 47 0
Net_id 92
pin_num 2
31 58 0
13 48 0
Net_id 93
pin_num 2
51 5 0
42 5 0
Net_id 94
pin_num 2
39 6 0
46 8 0
Net_id 95
pin_num 2
41 52 0
56 58 0
Net_id 96
pin_num 2
29 39 0
32 33 0
Net_id 97
pin_num 2
36 44 0
25 59 0
Net_id 98
pin_num 2
3 28 0
2 31 0
Net_id 99
pin_num 2
39 29 0
44 18 0
Net_id 100
pin_num 2
13 33 0
1 17 0
Net_id 101
pin_num 2
42 28 0
28 29 0
Net_id 102
pin_num 2
51 57 0
31 43 0
Net_id 103
pin_num 2
38 40 0
28 21 0
Net_id 104
pin_num 2
17 39 0
24 39 0
Net_id 105
pin_num 2
36 49 0
48 28 0
Net_id 106
pin_num 2
17 13 0
33 1 0
Net_id 107
pin_num 2
50 39 0
54 58 0
Net_id 108
pin_num 2
34 8 0
38 20 0
Net_id 109
pin_num 2
10 39 0
20 45 0
Net_id 110
pin_num 2
19 7 0
2 12 0
Net_id 111
pin_num 2
38 9 0
34 7 0
Net_id 112
pin_num 2
25 5 0
45 16 0
Net_id 113
pin_num 2
44 26 0
37 26 0
Net_id 114
pin_num 2
47 10 0
36 10 0
Net_id 115
pin_num 2
25 28 0
5 43 0
Net_id 116
pin_num 2
16 55 0
18 51 0
Net_id 117
pin_num 2
5 10 0
0 6 0
Net_id 118
pin_num 2
43 41 0
33 35 0
Net_id 119
pin_num 2
50 46 0
43 50 0
Net_id 120
pin_num 2
20 10 0
14 27 0
Net_id 121
pin_num 2
24 13 0
1 0 0
Net_id 122
pin_num 2
10 31 0
2 20 0
Net_id 123
pin_num 2
45 59 0
34 43 0
Net_id 124
pin_num 2
39 9 0
57 23 0
Net_id 125
pin_num 2
50 12 0
42 4 0
Net_id 126
pin_num 2
52 54 0
55 46 0
Net_id 127
pin_num 2
49 27 0
31 16 0
Net_id 128
pin_num 2
9 23 0
16 43 0
Net_id 129
pin_num 2
40 26 0
34 35 0
Net_id 130
pin_num 2
48 50 0
49 58 0
Net_id 131
pin_num 2
45 17 0
51 3 0
Net_id 132
pin_num 2
16 7 0
4 4 0
Net_id 133
pin_num 2
10 11 0
6 20 0
Net_id 134
pin_num 2
14 9 0
0 20 0
Net_id 135
pin_num 2
55 57 0
46 56 0
Net_id 136
pin_num 2
27 36 0
10 19 0
Net_id 137
pin_num 2
40 35 0
55 49 0
Net_id 138
pin_num 2
39 34 0
36 29 0
Net_id 139
pin_num 2
26 53 0
31 50 0
Net_id 140
pin_num 2
34 51 0
24 57 0
Net_id 141
pin_num 2
35 37 0
30 44 0
Net_id 142
pin_num 2
46 26 0
39 7 0
Net_id 143
pin_num 2
58 34 0
51 30 0
Net_id 144
pin_num 2
20 21 0
41 29 0
Net_id 145
pin_num 2
25 27 0
24 29 0
Net_id 146
pin_num 2
49 42 0
45 39 0
Net_id 147
pin_num 2
40 59 0
25 53 0
Net_id 148
pin_num 2
17 4 0
32 2 0
Net_id 149
pin_num 2
38 15 0
43 15 0
Net_id 150
pin_num 2
20 17 0
6 24 0
Net_id 151
pin_num 2
44 15 0
55 0 0
Net_id 152
pin_num 2
26 28 0
34 23 0
Net_id 153
pin_num 2
40 55 0
56 48 0
Net_id 154
pin_num 2
16 23 0
31 30 0
Net_id 155
pin_num 2
40 43 0
20 52 0
Net_id 156
pin_num 2
13 24 0
28 26 0
Net_id 157
pin_num 2
35 1 0
39 14 0
Net_id 158
pin_num 2
32 14 0
26 8 0
