Width 60
Height 60
Layer 6
Total_WL 7010
Obstacle_num 144
15 6 0 19 7 0
17 43 0 21 44 0
16 25 0 20 26 0
35 25 0 45 26 0
26 55 0 31 56 0
52 52 0 58 53 0
46 23 0 49 24 0
12 44 0 16 45 0
33 41 0 43 42 0
47 45 0 53 46 0
15 24 0 21 25 0
49 19 0 57 20 0
47 22 0 52 23 0
37 46 0 45 47 0
50 16 0 56 17 0
52 39 0 56 40 0
34 11 0 42 12 0
19 14 0 29 15 0
23 34 0 32 35 0
44 2 0 50 3 0
26 8 0 35 9 0
39 42 0 47 43 0
41 20 0 45 21 0
30 2 0 40 3 0
32 29 1 33 33 1
55 37 1 56 40 1
29 21 1 30 29 1
5 4 1 6 9 1
55 7 1 56 13 1
44 28 1 45 35 1
36 49 1 37 59 1
14 13 1 15 21 1
41 28 1 42 34 1
4 32 1 5 40 1
14 26 1 15 33 1
22 7 1 23 15 1
32 36 1 33 43 1
47 50 1 48 58 1
49 17 1 50 25 1
51 8 1 52 18 1
4 13 1 5 18 1
41 8 1 42 13 1
28 35 1 29 43 1
47 18 1 48 22 1
47 22 1 48 31 1
58 10 1 59 20 1
7 30 1 8 38 1
30 47 1 31 53 1
49 12 2 54 13 2
5 7 2 9 8 2
20 44 2 28 45 2
50 54 2 57 55 2
41 16 2 49 17 2
45 18 2 49 19 2
45 15 2 54 16 2
49 51 2 52 52 2
48 37 2 58 38 2
25 43 2 29 44 2
34 18 2 44 19 2
31 13 2 35 14 2
40 46 2 45 47 2
39 44 2 47 45 2
12 0 2 21 1 2
49 29 2 57 30 2
49 35 2 58 36 2
10 55 2 17 56 2
22 41 2 27 42 2
37 2 2 47 3 2
36 32 2 41 33 2
38 47 2 48 48 2
42 6 2 50 7 2
37 4 2 42 5 2
5 16 3 6 21 3
40 43 3 41 50 3
16 25 3 17 30 3
4 2 3 5 8 3
39 43 3 40 53 3
42 3 3 43 8 3
22 35 3 23 42 3
52 3 3 53 11 3
26 32 3 27 41 3
8 3 3 9 12 3
12 11 3 13 21 3
3 37 3 4 42 3
48 28 3 49 34 3
2 19 3 3 22 3
51 32 3 52 40 3
54 11 3 55 15 3
24 0 3 25 3 3
1 49 3 2 54 3
54 28 3 55 31 3
15 39 3 16 46 3
17 35 3 18 38 3
35 47 3 36 51 3
0 25 3 1 28 3
2 40 3 3 48 3
44 15 4 53 16 4
1 7 4 11 8 4
45 13 4 48 14 4
17 11 4 24 12 4
12 44 4 22 45 4
42 5 4 52 6 4
32 27 4 36 28 4
25 7 4 31 8 4
14 46 4 24 47 4
4 34 4 11 35 4
46 9 4 50 10 4
7 12 4 13 13 4
26 40 4 32 41 4
26 57 4 36 58 4
11 18 4 17 19 4
35 11 4 41 12 4
53 15 4 59 16 4
37 32 4 40 33 4
46 45 4 50 46 4
22 34 4 25 35 4
40 32 4 43 33 4
55 58 4 59 59 4
36 33 4 45 34 4
5 38 4 15 39 4
43 41 5 44 46 5
11 26 5 12 33 5
13 14 5 14 21 5
21 5 5 22 12 5
47 54 5 48 58 5
21 30 5 22 36 5
5 6 5 6 11 5
2 19 5 3 28 5
26 39 5 27 43 5
41 14 5 42 17 5
8 20 5 9 30 5
52 45 5 53 55 5
16 20 5 17 23 5
28 20 5 29 28 5
19 12 5 20 20 5
44 14 5 45 20 5
37 49 5 38 52 5
3 42 5 4 47 5
27 8 5 28 14 5
39 2 5 40 8 5
23 36 5 24 43 5
5 40 5 6 49 5
56 54 5 57 59 5
58 11 5 59 14 5
Net_num 161
Net_id 0
pin_num 5
1 21 0
2 27 0
0 28 0
1 34 0
13 25 0
Net_id 1
pin_num 5
0 24 0
11 24 0
9 12 0
21 24 0
10 4 0
Net_id 2
pin_num 5
37 31 0
35 43 0
35 55 0
43 59 0
46 57 0
Net_id 3
pin_num 5
6 27 0
13 31 0
5 25 0
14 30 0
13 46 0
Net_id 4
pin_num 5
16 0 0
11 10 0
19 8 0
35 8 0
5 9 0
Net_id 5
pin_num 5
32 46 0
29 38 0
31 53 0
44 59 0
30 45 0
Net_id 6
pin_num 5
8 47 0
13 56 0
18 52 0
9 43 0
0 52 0
Net_id 7
pin_num 5
16 17 0
28 17 0
30 0 0
30 12 0
38 7 0
Net_id 8
pin_num 5
52 58 0
57 54 0
45 56 0
52 36 0
36 46 0
Net_id 9
pin_num 5
24 20 0
25 29 0
24 4 0
38 4 0
32 24 0
Net_id 10
pin_num 5
43 15 0
29 15 0
41 0 0
33 0 0
42 21 0
Net_id 11
pin_num 5
15 42 0
3 43 0
8 50 0
12 26 0
8 43 0
Net_id 12
pin_num 5
26 57 0
19 56 0
3 57 0
8 59 0
16 59 0
Net_id 13
pin_num 5
12 20 0
20 25 0
26 25 0
19 16 0
18 38 0
Net_id 14
pin_num 5
11 33 0
17 16 0
5 26 0
38 33 0
10 26 0
Net_id 15
pin_num 5
12 25 0
10 13 0
0 2 0
7 20 0
1 8 0
Net_id 16
pin_num 5
2 23 0
2 9 0
8 13 0
0 0 0
10 0 0
Net_id 17
pin_num 5
35 36 0
40 27 0
17 28 0
0 33 0
25 7 0
Net_id 18
pin_num 5
5 2 0
20 5 0
26 7 0
16 12 0
20 10 0
Net_id 19
pin_num 4
17 21 0
32 21 0
30 18 0
23 44 0
Net_id 20
pin_num 4
29 30 0
14 25 0
15 45 0
14 22 0
Net_id 21
pin_num 4
30 30 0
43 30 0
30 16 0
34 42 0
Net_id 22
pin_num 4
44 37 0
27 40 0
38 55 0
9 40 0
Net_id 23
pin_num 4
40 19 0
51 30 0
36 23 0
49 46 0
Net_id 24
pin_num 4
19 39 0
13 29 0
27 32 0
23 20 0
Net_id 25
pin_num 4
39 40 0
35 27 0
21 27 0
22 34 0
Net_id 26
pin_num 4
14 6 0
2 0 0
4 1 0
19 3 0
Net_id 27
pin_num 4
32 6 0
41 7 0
51 1 0
30 6 0
Net_id 28
pin_num 4
4 26 0
8 20 0
11 21 0
7 8 0
Net_id 29
pin_num 4
37 49 0
28 54 0
46 54 0
29 31 0
Net_id 30
pin_num 4
0 19 0
13 13 0
23 15 0
18 22 0
Net_id 31
pin_num 4
31 19 0
40 22 0
48 26 0
28 20 0
Net_id 32
pin_num 4
20 38 0
28 32 0
10 33 0
15 19 0
Net_id 33
pin_num 4
42 0 0
49 6 0
39 12 0
59 11 0
Net_id 34
pin_num 4
2 25 0
11 18 0
9 34 0
4 31 0
Net_id 35
pin_num 4
35 29 0
51 21 0
49 0 0
41 18 0
Net_id 36
pin_num 4
32 50 0
39 49 0
47 41 0
28 49 0
Net_id 37
pin_num 4
59 55 0
50 59 0
59 59 0
49 59 0
Net_id 38
pin_num 4
21 49 0
10 58 0
14 51 0
28 58 0
Net_id 39
pin_num 4
19 32 0
30 25 0
22 18 0
8 30 0
Net_id 40
pin_num 3
12 45 0
2 42 0
1 57 0
Net_id 41
pin_num 3
39 3 0
41 13 0
2 8 0
Net_id 42
pin_num 3
57 46 0
56 50 0
41 50 0
Net_id 43
pin_num 3
31 45 0
40 58 0
40 21 0
Net_id 44
pin_num 3
48 16 0
31 26 0
29 2 0
Net_id 45
pin_num 3
35 52 0
28 48 0
46 52 0
Net_id 46
pin_num 3
16 9 0
33 21 0
33 1 0
Net_id 47
pin_num 3
59 12 0
43 28 0
43 52 0
Net_id 48
pin_num 3
30 44 0
24 52 0
21 42 0
Net_id 49
pin_num 3
19 41 0
16 55 0
27 53 0
Net_id 50
pin_num 3
8 15 0
11 22 0
3 1 0
Net_id 51
pin_num 3
42 40 0
31 47 0
18 42 0
Net_id 52
pin_num 3
15 18 0
12 7 0
0 29 0
Net_id 53
pin_num 3
21 34 0
6 37 0
25 6 0
Net_id 54
pin_num 3
9 9 0
23 1 0
11 0 0
Net_id 55
pin_num 3
7 21 0
12 22 0
3 11 0
Net_id 56
pin_num 3
0 12 0
3 16 0
8 36 0
Net_id 57
pin_num 3
49 41 0
48 30 0
59 35 0
Net_id 58
pin_num 3
8 8 0
31 29 0
22 3 0
Net_id 59
pin_num 3
41 24 0
34 23 0
34 17 0
Net_id 60
pin_num 3
52 8 0
39 17 0
59 9 0
Net_id 61
pin_num 3
16 29 0
22 29 0
16 23 0
Net_id 62
pin_num 3
40 52 0
45 45 0
57 29 0
Net_id 63
pin_num 3
4 49 0
2 44 0
19 38 0
Net_id 64
pin_num 3
53 55 0
35 53 0
12 50 0
Net_id 65
pin_num 3
51 27 0
35 31 0
3 31 0
Net_id 66
pin_num 3
44 52 0
47 47 0
54 55 0
Net_id 67
pin_num 3
4 40 0
22 47 0
7 22 0
Net_id 68
pin_num 3
16 20 0
20 16 0
4 8 0
Net_id 69
pin_num 3
47 51 0
58 34 0
54 42 0
Net_id 70
pin_num 3
17 51 0
21 59 0
0 56 0
Net_id 71
pin_num 3
40 13 0
27 20 0
40 14 0
Net_id 72
pin_num 3
43 33 0
33 38 0
36 42 0
Net_id 73
pin_num 3
23 48 0
34 55 0
33 48 0
Net_id 74
pin_num 3
37 56 0
49 49 0
42 51 0
Net_id 75
pin_num 3
37 40 0
28 9 0
21 35 0
Net_id 76
pin_num 3
26 12 0
17 8 0
40 1 0
Net_id 77
pin_num 3
34 39 0
54 36 0
56 31 0
Net_id 78
pin_num 3
27 18 0
43 17 0
42 14 0
Net_id 79
pin_num 3
44 5 0
54 5 0
42 7 0
Net_id 80
pin_num 3
21 16 0
27 16 0
50 24 0
Net_id 81
pin_num 3
26 41 0
11 50 0
0 57 0
Net_id 82
pin_num 2
50 52 0
46 55 0
Net_id 83
pin_num 2
58 8 0
39 1 0
Net_id 84
pin_num 2
55 36 0
50 57 0
Net_id 85
pin_num 2
4 27 0
24 39 0
Net_id 86
pin_num 2
22 39 0
2 11 0
Net_id 87
pin_num 2
7 40 0
18 50 0
Net_id 88
pin_num 2
53 56 0
55 55 0
Net_id 89
pin_num 2
35 44 0
21 26 0
Net_id 90
pin_num 2
3 30 0
0 42 0
Net_id 91
pin_num 2
1 52 0
22 59 0
Net_id 92
pin_num 2
33 25 0
40 9 0
Net_id 93
pin_num 2
27 49 0
10 41 0
Net_id 94
pin_num 2
34 10 0
42 3 0
Net_id 95
pin_num 2
45 28 0
54 26 0
Net_id 96
pin_num 2
59 52 0
46 58 0
Net_id 97
pin_num 2
45 30 0
56 24 0
Net_id 98
pin_num 2
47 21 0
57 18 0
Net_id 99
pin_num 2
21 6 0
20 4 0
Net_id 100
pin_num 2
4 55 0
18 47 0
Net_id 101
pin_num 2
51 35 0
49 32 0
Net_id 102
pin_num 2
5 31 0
8 34 0
Net_id 103
pin_num 2
40 28 0
58 9 0
Net_id 104
pin_num 2
12 51 0
27 29 0
Net_id 105
pin_num 2
6 40 0
2 14 0
Net_id 106
pin_num 2
27 0 0
15 9 0
Net_id 107
pin_num 2
14 5 0
20 7 0
Net_id 108
pin_num 2
39 58 0
32 58 0
Net_id 109
pin_num 2
56 40 0
52 40 0
Net_id 110
pin_num 2
12 47 0
26 51 0
Net_id 111
pin_num 2
15 40 0
10 39 0
Net_id 112
pin_num 2
25 46 0
39 55 0
Net_id 113
pin_num 2
35 56 0
5 56 0
Net_id 114
pin_num 2
6 59 0
7 54 0
Net_id 115
pin_num 2
23 22 0
41 39 0
Net_id 116
pin_num 2
58 50 0
42 58 0
Net_id 117
pin_num 2
45 31 0
54 41 0
Net_id 118
pin_num 2
3 9 0
14 41 0
Net_id 119
pin_num 2
9 59 0
32 35 0
Net_id 120
pin_num 2
42 18 0
50 6 0
Net_id 121
pin_num 2
34 36 0
16 31 0
Net_id 122
pin_num 2
47 34 0
54 30 0
Net_id 123
pin_num 2
43 16 0
31 9 0
Net_id 124
pin_num 2
10 23 0
2 13 0
Net_id 125
pin_num 2
34 34 0
52 23 0
Net_id 126
pin_num 2
22 23 0
11 37 0
Net_id 127
pin_num 2
13 8 0
27 25 0
Net_id 128
pin_num 2
12 27 0
30 26 0
Net_id 129
pin_num 2
46 39 0
46 49 0
Net_id 130
pin_num 2
1 54 0
9 58 0
Net_id 131
pin_num 2
5 39 0
2 56 0
Net_id 132
pin_num 2
58 21 0
48 8 0
Net_id 133
pin_num 2
57 23 0
53 23 0
Net_id 134
pin_num 2
53 46 0
50 44 0
Net_id 135
pin_num 2
59 24 0
57 22 0
Net_id 136
pin_num 2
16 46 0
3 58 0
Net_id 137
pin_num 2
3 34 0
11 41 0
Net_id 138
pin_num 2
44 26 0
38 31 0
Net_id 139
pin_num 2
57 33 0
51 36 0
Net_id 140
pin_num 2
53 7 0
56 25 0
Net_id 141
pin_num 2
56 42 0
50 32 0
Net_id 142
pin_num 2
57 16 0
52 9 0
Net_id 143
pin_num 2
31 23 0
33 26 0
Net_id 144
pin_num 2
15 37 0
28 56 0
Net_id 145
pin_num 2
34 12 0
31 18 0
Net_id 146
pin_num 2
51 2 0
54 0 0
Net_id 147
pin_num 2
32 17 0
36 1 0
Net_id 148
pin_num 2
52 35 0
57 39 0
Net_id 149
pin_num 2
26 26 0
13 19 0
Net_id 150
pin_num 2
24 23 0
35 1 0
Net_id 151
pin_num 2
1 47 0
12 48 0
Net_id 152
pin_num 2
54 48 0
27 38 0
Net_id 153
pin_num 2
16 35 0
25 31 0
Net_id 154
pin_num 2
17 48 0
8 35 0
Net_id 155
pin_num 2
23 7 0
24 9 0
Net_id 156
pin_num 2
29 9 0
31 11 0
Net_id 157
pin_num 2
5 21 0
12 4 0
Net_id 158
pin_num 2
35 16 0
42 31 0
Net_id 159
pin_num 2
22 24 0
34 29 0
Net_id 160
pin_num 2
5 17 0
23 9 0
