Width 60
Height 60
Layer 6
Total_WL 6935
Obstacle_num 144
47 29 0 55 30 0
9 20 0 18 21 0
4 48 0 12 49 0
15 8 0 22 9 0
1 5 0 11 6 0
44 40 0 51 41 0
0 49 0 3 50 0
45 8 0 54 9 0
47 28 0 54 29 0
12 54 0 20 55 0
4 18 0 13 19 0
33 33 0 39 34 0
35 9 0 43 10 0
18 56 0 24 57 0
30 41 0 37 42 0
29 13 0 38 14 0
39 37 0 46 38 0
9 46 0 16 47 0
10 40 0 20 41 0
29 22 0 36 23 0
6 11 0 15 12 0
33 44 0 36 45 0
18 49 0 24 50 0
16 1 0 24 2 0
21 52 1 22 58 1
37 38 1 38 48 1
20 37 1 21 46 1
17 5 1 18 12 1
44 29 1 45 32 1
37 16 1 38 23 1
31 39 1 32 47 1
40 0 1 41 6 1
53 37 1 54 43 1
54 5 1 55 10 1
33 9 1 34 19 1
45 1 1 46 7 1
20 14 1 21 21 1
15 46 1 16 52 1
13 35 1 14 39 1
6 42 1 7 50 1
14 42 1 15 47 1
55 53 1 56 56 1
39 46 1 40 49 1
25 2 1 26 5 1
16 12 1 17 21 1
6 10 1 7 17 1
13 4 1 14 7 1
57 20 1 58 27 1
31 50 2 41 51 2
21 53 2 24 54 2
36 58 2 46 59 2
6 8 2 12 9 2
30 48 2 38 49 2
1 54 2 9 55 2
38 11 2 47 12 2
46 10 2 54 11 2
45 50 2 48 51 2
23 18 2 27 19 2
12 54 2 18 55 2
16 7 2 23 8 2
41 41 2 49 42 2
30 30 2 35 31 2
0 46 2 8 47 2
2 44 2 9 45 2
7 2 2 10 3 2
5 5 2 11 6 2
35 6 2 40 7 2
26 2 2 31 3 2
15 29 2 23 30 2
24 49 2 33 50 2
11 25 2 20 26 2
42 2 2 50 3 2
31 42 3 32 52 3
3 39 3 4 48 3
31 24 3 32 31 3
56 37 3 57 47 3
56 21 3 57 31 3
23 28 3 24 35 3
36 37 3 37 47 3
20 34 3 21 41 3
23 41 3 24 49 3
53 8 3 54 11 3
2 11 3 3 18 3
6 10 3 7 18 3
22 50 3 23 56 3
5 29 3 6 33 3
16 45 3 17 55 3
49 15 3 50 21 3
49 35 3 50 41 3
54 33 3 55 43 3
10 34 3 11 38 3
20 46 3 21 52 3
18 34 3 19 37 3
40 27 3 41 30 3
21 4 3 22 11 3
48 36 3 49 45 3
24 17 4 32 18 4
18 50 4 25 51 4
52 21 4 55 22 4
35 16 4 45 17 4
43 47 4 48 48 4
22 27 4 32 28 4
49 24 4 59 25 4
29 6 4 37 7 4
18 53 4 28 54 4
51 49 4 56 50 4
48 54 4 51 55 4
45 13 4 55 14 4
37 35 4 47 36 4
7 56 4 13 57 4
38 55 4 44 56 4
55 47 4 59 48 4
2 2 4 9 3 4
24 0 4 30 1 4
7 27 4 16 28 4
43 23 4 50 24 4
2 8 4 7 9 4
48 18 4 51 19 4
13 49 4 22 50 4
18 45 4 27 46 4
8 28 5 9 31 5
21 28 5 22 37 5
0 18 5 1 24 5
2 6 5 3 11 5
24 39 5 25 46 5
11 5 5 12 11 5
6 26 5 7 32 5
52 48 5 53 57 5
11 24 5 12 28 5
17 22 5 18 31 5
31 17 5 32 20 5
43 50 5 44 54 5
54 42 5 55 45 5
34 50 5 35 53 5
24 50 5 25 59 5
55 4 5 56 13 5
1 23 5 2 33 5
45 42 5 46 45 5
38 50 5 39 58 5
36 24 5 37 32 5
42 15 5 43 24 5
4 47 5 5 51 5
51 38 5 52 41 5
25 43 5 26 51 5
Net_num 164
Net_id 0
pin_num 5
33 15 0
23 22 0
8 22 0
10 14 0
12 19 0
Net_id 1
pin_num 5
29 31 0
37 31 0
30 11 0
7 21 0
10 13 0
Net_id 2
pin_num 5
1 31 0
2 33 0
0 52 0
15 50 0
11 53 0
Net_id 3
pin_num 5
19 47 0
24 52 0
22 26 0
16 52 0
17 56 0
Net_id 4
pin_num 5
23 10 0
15 10 0
11 0 0
4 0 0
18 26 0
Net_id 5
pin_num 5
23 25 0
14 17 0
21 9 0
39 24 0
22 13 0
Net_id 6
pin_num 5
40 31 0
29 26 0
35 12 0
32 38 0
29 28 0
Net_id 7
pin_num 5
13 29 0
19 33 0
25 29 0
36 29 0
34 9 0
Net_id 8
pin_num 5
38 16 0
24 11 0
35 34 0
13 16 0
13 28 0
Net_id 9
pin_num 5
2 25 0
5 36 0
0 24 0
29 33 0
25 41 0
Net_id 10
pin_num 5
15 4 0
1 0 0
31 4 0
3 2 0
20 9 0
Net_id 11
pin_num 5
56 41 0
59 43 0
59 53 0
48 42 0
49 50 0
Net_id 12
pin_num 5
36 7 0
42 0 0
53 6 0
16 6 0
52 23 0
Net_id 13
pin_num 5
56 11 0
48 9 0
52 0 0
51 2 0
59 7 0
Net_id 14
pin_num 5
5 41 0
15 42 0
24 37 0
6 20 0
16 30 0
Net_id 15
pin_num 5
4 6 0
11 9 0
28 9 0
15 3 0
23 2 0
Net_id 16
pin_num 5
21 34 0
10 42 0
16 56 0
31 35 0
1 34 0
Net_id 17
pin_num 5
48 50 0
45 59 0
23 59 0
30 39 0
43 47 0
Net_id 18
pin_num 5
20 14 0
24 25 0
35 15 0
16 26 0
53 15 0
Net_id 19
pin_num 5
40 57 0
44 51 0
40 47 0
51 52 0
44 28 0
Net_id 20
pin_num 4
35 2 0
37 8 0
19 0 0
18 0 0
Net_id 21
pin_num 4
47 5 0
43 10 0
35 5 0
50 4 0
Net_id 22
pin_num 4
59 57 0
39 57 0
46 52 0
42 53 0
Net_id 23
pin_num 4
46 28 0
42 26 0
46 11 0
39 14 0
Net_id 24
pin_num 4
7 35 0
4 37 0
4 22 0
4 9 0
Net_id 25
pin_num 4
27 24 0
33 20 0
21 32 0
36 26 0
Net_id 26
pin_num 4
54 19 0
48 21 0
31 19 0
50 10 0
Net_id 27
pin_num 4
20 52 0
21 46 0
22 55 0
36 57 0
Net_id 28
pin_num 4
24 48 0
10 45 0
17 55 0
44 57 0
Net_id 29
pin_num 4
39 55 0
50 55 0
34 55 0
59 59 0
Net_id 30
pin_num 4
49 39 0
35 42 0
47 59 0
59 54 0
Net_id 31
pin_num 4
30 26 0
33 34 0
26 30 0
41 57 0
Net_id 32
pin_num 4
52 25 0
59 24 0
54 4 0
59 6 0
Net_id 33
pin_num 4
54 10 0
51 1 0
52 24 0
58 7 0
Net_id 34
pin_num 4
37 28 0
29 27 0
36 42 0
46 37 0
Net_id 35
pin_num 4
56 57 0
46 58 0
39 58 0
48 48 0
Net_id 36
pin_num 4
45 0 0
41 3 0
38 1 0
38 10 0
Net_id 37
pin_num 4
18 2 0
18 5 0
39 1 0
50 1 0
Net_id 38
pin_num 4
59 0 0
51 12 0
44 8 0
46 13 0
Net_id 39
pin_num 4
19 51 0
26 50 0
16 27 0
0 53 0
Net_id 40
pin_num 4
38 7 0
47 13 0
41 23 0
59 1 0
Net_id 41
pin_num 3
11 13 0
5 28 0
25 19 0
Net_id 42
pin_num 3
47 4 0
48 0 0
40 12 0
Net_id 43
pin_num 3
0 47 0
13 57 0
3 59 0
Net_id 44
pin_num 3
11 26 0
15 27 0
4 7 0
Net_id 45
pin_num 3
22 24 0
26 20 0
28 40 0
Net_id 46
pin_num 3
57 38 0
54 20 0
38 43 0
Net_id 47
pin_num 3
59 16 0
44 7 0
14 3 0
Net_id 48
pin_num 3
39 25 0
46 24 0
44 14 0
Net_id 49
pin_num 3
0 5 0
11 1 0
32 4 0
Net_id 50
pin_num 3
24 1 0
33 1 0
42 10 0
Net_id 51
pin_num 3
39 32 0
20 28 0
34 49 0
Net_id 52
pin_num 3
19 59 0
29 56 0
2 57 0
Net_id 53
pin_num 3
44 52 0
51 31 0
6 59 0
Net_id 54
pin_num 3
57 23 0
50 14 0
49 21 0
Net_id 55
pin_num 3
2 40 0
5 45 0
9 35 0
Net_id 56
pin_num 3
23 39 0
35 45 0
34 8 0
Net_id 57
pin_num 3
24 34 0
42 36 0
32 14 0
Net_id 58
pin_num 3
4 55 0
16 55 0
37 57 0
Net_id 59
pin_num 3
58 31 0
53 35 0
52 53 0
Net_id 60
pin_num 3
37 53 0
16 57 0
41 28 0
Net_id 61
pin_num 3
46 35 0
58 53 0
37 41 0
Net_id 62
pin_num 3
31 48 0
19 55 0
50 43 0
Net_id 63
pin_num 3
47 34 0
42 50 0
50 41 0
Net_id 64
pin_num 3
53 47 0
57 57 0
36 46 0
Net_id 65
pin_num 3
54 38 0
49 37 0
58 29 0
Net_id 66
pin_num 3
9 1 0
2 10 0
5 11 0
Net_id 67
pin_num 3
57 15 0
52 16 0
57 0 0
Net_id 68
pin_num 3
56 18 0
45 17 0
58 24 0
Net_id 69
pin_num 3
10 23 0
7 20 0
6 0 0
Net_id 70
pin_num 3
32 33 0
38 26 0
31 2 0
Net_id 71
pin_num 3
48 25 0
34 5 0
25 40 0
Net_id 72
pin_num 3
2 11 0
0 21 0
14 36 0
Net_id 73
pin_num 3
33 7 0
12 16 0
18 30 0
Net_id 74
pin_num 3
53 17 0
50 31 0
42 18 0
Net_id 75
pin_num 3
40 46 0
36 44 0
50 46 0
Net_id 76
pin_num 3
15 43 0
33 40 0
23 33 0
Net_id 77
pin_num 3
59 28 0
54 14 0
37 26 0
Net_id 78
pin_num 3
14 15 0
8 3 0
15 15 0
Net_id 79
pin_num 3
43 32 0
51 32 0
54 52 0
Net_id 80
pin_num 3
29 45 0
44 24 0
17 39 0
Net_id 81
pin_num 3
46 43 0
37 40 0
41 54 0
Net_id 82
pin_num 3
51 17 0
45 23 0
27 23 0
Net_id 83
pin_num 2
0 12 0
5 19 0
Net_id 84
pin_num 2
13 9 0
12 5 0
Net_id 85
pin_num 2
0 8 0
10 6 0
Net_id 86
pin_num 2
38 29 0
40 27 0
Net_id 87
pin_num 2
46 59 0
54 43 0
Net_id 88
pin_num 2
54 23 0
55 17 0
Net_id 89
pin_num 2
13 30 0
26 19 0
Net_id 90
pin_num 2
22 31 0
2 30 0
Net_id 91
pin_num 2
27 40 0
33 46 0
Net_id 92
pin_num 2
31 47 0
18 37 0
Net_id 93
pin_num 2
29 40 0
12 57 0
Net_id 94
pin_num 2
53 22 0
57 8 0
Net_id 95
pin_num 2
1 7 0
6 3 0
Net_id 96
pin_num 2
46 33 0
28 18 0
Net_id 97
pin_num 2
37 3 0
30 3 0
Net_id 98
pin_num 2
25 34 0
39 29 0
Net_id 99
pin_num 2
3 16 0
9 12 0
Net_id 100
pin_num 2
27 49 0
33 49 0
Net_id 101
pin_num 2
18 45 0
34 58 0
Net_id 102
pin_num 2
9 36 0
1 13 0
Net_id 103
pin_num 2
5 17 0
2 29 0
Net_id 104
pin_num 2
29 37 0
19 44 0
Net_id 105
pin_num 2
43 44 0
57 49 0
Net_id 106
pin_num 2
38 4 0
30 8 0
Net_id 107
pin_num 2
1 51 0
8 57 0
Net_id 108
pin_num 2
57 36 0
46 36 0
Net_id 109
pin_num 2
3 26 0
16 21 0
Net_id 110
pin_num 2
18 14 0
33 3 0
Net_id 111
pin_num 2
1 54 0
9 54 0
Net_id 112
pin_num 2
20 3 0
36 17 0
Net_id 113
pin_num 2
50 18 0
57 37 0
Net_id 114
pin_num 2
57 27 0
58 26 0
Net_id 115
pin_num 2
3 10 0
17 13 0
Net_id 116
pin_num 2
4 36 0
12 24 0
Net_id 117
pin_num 2
22 23 0
39 39 0
Net_id 118
pin_num 2
55 55 0
51 50 0
Net_id 119
pin_num 2
47 54 0
38 51 0
Net_id 120
pin_num 2
14 53 0
14 57 0
Net_id 121
pin_num 2
2 15 0
27 31 0
Net_id 122
pin_num 2
39 30 0
48 27 0
Net_id 123
pin_num 2
53 37 0
42 51 0
Net_id 124
pin_num 2
53 21 0
50 20 0
Net_id 125
pin_num 2
0 56 0
4 56 0
Net_id 126
pin_num 2
16 50 0
27 50 0
Net_id 127
pin_num 2
15 34 0
23 20 0
Net_id 128
pin_num 2
17 17 0
28 3 0
Net_id 129
pin_num 2
6 43 0
17 35 0
Net_id 130
pin_num 2
25 20 0
50 3 0
Net_id 131
pin_num 2
40 4 0
45 10 0
Net_id 132
pin_num 2
25 38 0
12 38 0
Net_id 133
pin_num 2
22 12 0
23 15 0
Net_id 134
pin_num 2
45 50 0
39 38 0
Net_id 135
pin_num 2
3 43 0
11 49 0
Net_id 136
pin_num 2
10 53 0
1 45 0
Net_id 137
pin_num 2
5 57 0
4 51 0
Net_id 138
pin_num 2
43 19 0
39 13 0
Net_id 139
pin_num 2
22 15 0
9 32 0
Net_id 140
pin_num 2
32 39 0
42 24 0
Net_id 141
pin_num 2
39 50 0
33 50 0
Net_id 142
pin_num 2
55 24 0
39 8 0
Net_id 143
pin_num 2
9 39 0
6 51 0
Net_id 144
pin_num 2
27 51 0
37 49 0
Net_id 145
pin_num 2
33 23 0
30 44 0
Net_id 146
pin_num 2
36 22 0
40 24 0
Net_id 147
pin_num 2
1 30 0
8 26 0
Net_id 148
pin_num 2
28 50 0
35 51 0
Net_id 149
pin_num 2
17 12 0
35 1 0
Net_id 150
pin_num 2
1 22 0
8 19 0
Net_id 151
pin_num 2
49 51 0
58 58 0
Net_id 152
pin_num 2
24 27 0
13 3 0
Net_id 153
pin_num 2
36 37 0
28 55 0
Net_id 154
pin_num 2
40 51 0
36 54 0
Net_id 155
pin_num 2
20 40 0
27 18 0
Net_id 156
pin_num 2
52 1 0
49 12 0
Net_id 157
pin_num 2
54 28 0
50 16 0
Net_id 158
pin_num 2
25 58 0
40 39 0
Net_id 159
pin_num 2
42 8 0
29 3 0
Net_id 160
pin_num 2
36 12 0
58 8 0
Net_id 161
pin_num 2
55 34 0
55 56 0
Net_id 162
pin_num 2
18 13 0
32 3 0
Net_id 163
pin_num 2
11 14 0
19 2 0
