Width 60
Height 60
Layer 6
Total_WL 6535
Obstacle_num 144
34 56 0 39 57 0
48 7 0 58 8 0
52 58 0 57 59 0
17 57 0 20 58 0
25 41 0 35 42 0
36 33 0 42 34 0
48 11 0 56 12 0
18 32 0 25 33 0
52 24 0 55 25 0
44 19 0 48 20 0
41 18 0 48 19 0
6 10 0 13 11 0
39 38 0 48 39 0
9 5 0 15 6 0
5 38 0 9 39 0
0 41 0 3 42 0
15 52 0 19 53 0
39 39 0 43 40 0
9 41 0 17 42 0
29 47 0 39 48 0
16 12 0 26 13 0
21 10 0 25 11 0
35 24 0 40 25 0
48 28 0 52 29 0
39 37 1 40 46 1
41 42 1 42 50 1
44 0 1 45 4 1
58 37 1 59 40 1
46 40 1 47 47 1
15 9 1 16 16 1
23 53 1 24 58 1
19 41 1 20 45 1
35 31 1 36 34 1
3 39 1 4 48 1
58 11 1 59 15 1
14 33 1 15 39 1
2 38 1 3 46 1
33 29 1 34 37 1
34 8 1 35 13 1
3 16 1 4 22 1
30 18 1 31 24 1
43 24 1 44 33 1
54 16 1 55 24 1
16 30 1 17 33 1
56 44 1 57 52 1
22 16 1 23 20 1
52 49 1 53 55 1
30 36 1 31 42 1
55 42 2 58 43 2
29 41 2 34 42 2
16 2 2 24 3 2
2 27 2 11 28 2
44 16 2 47 17 2
40 57 2 48 58 2
52 50 2 55 51 2
49 31 2 58 32 2
51 30 2 57 31 2
7 30 2 13 31 2
10 47 2 16 48 2
18 43 2 25 44 2
28 14 2 33 15 2
11 14 2 21 15 2
6 54 2 13 55 2
28 2 2 31 3 2
32 57 2 36 58 2
41 34 2 50 35 2
5 53 2 8 54 2
17 17 2 26 18 2
8 0 2 13 1 2
20 53 2 24 54 2
19 1 2 27 2 2
48 2 2 54 3 2
56 5 3 57 9 3
3 25 3 4 33 3
20 48 3 21 53 3
14 1 3 15 11 3
27 51 3 28 56 3
29 35 3 30 39 3
17 26 3 18 34 3
0 47 3 1 57 3
26 12 3 27 18 3
18 27 3 19 30 3
57 13 3 58 18 3
15 27 3 16 33 3
20 17 3 21 23 3
45 51 3 46 58 3
22 17 3 23 25 3
17 14 3 18 18 3
46 8 3 47 18 3
44 2 3 45 8 3
19 7 3 20 16 3
33 36 3 34 42 3
40 22 3 41 28 3
0 15 3 1 21 3
43 6 3 44 14 3
47 10 3 48 18 3
29 33 4 38 34 4
51 9 4 59 10 4
37 20 4 40 21 4
36 2 4 44 3 4
49 50 4 59 51 4
51 18 4 59 19 4
45 19 4 55 20 4
35 28 4 40 29 4
5 40 4 9 41 4
13 36 4 22 37 4
46 4 4 55 5 4
6 24 4 16 25 4
14 11 4 22 12 4
49 26 4 52 27 4
2 53 4 8 54 4
12 52 4 16 53 4
27 8 4 30 9 4
51 41 4 55 42 4
29 7 4 39 8 4
10 6 4 18 7 4
12 17 4 19 18 4
50 33 4 55 34 4
36 17 4 41 18 4
5 18 4 14 19 4
27 16 5 28 25 5
27 44 5 28 50 5
45 19 5 46 25 5
53 29 5 54 32 5
49 20 5 50 29 5
45 27 5 46 32 5
7 42 5 8 46 5
5 47 5 6 52 5
55 47 5 56 55 5
3 44 5 4 54 5
31 12 5 32 21 5
37 44 5 38 49 5
24 19 5 25 28 5
57 19 5 58 27 5
3 15 5 4 22 5
24 38 5 25 43 5
8 29 5 9 35 5
1 28 5 2 31 5
29 18 5 30 22 5
33 27 5 34 33 5
54 27 5 55 30 5
35 36 5 36 42 5
17 5 5 18 14 5
1 2 5 2 6 5
Net_num 155
Net_id 0
pin_num 5
32 37 0
44 36 0
34 52 0
34 36 0
21 59 0
Net_id 1
pin_num 5
27 4 0
40 1 0
28 1 0
42 0 0
35 6 0
Net_id 2
pin_num 5
5 30 0
6 40 0
6 14 0
0 14 0
1 26 0
Net_id 3
pin_num 5
19 31 0
28 32 0
25 26 0
34 28 0
24 24 0
Net_id 4
pin_num 5
26 54 0
28 49 0
15 54 0
31 51 0
46 51 0
Net_id 5
pin_num 5
56 48 0
45 51 0
36 49 0
54 34 0
54 50 0
Net_id 6
pin_num 5
23 13 0
17 16 0
17 33 0
35 26 0
19 0 0
Net_id 7
pin_num 5
8 59 0
5 52 0
5 44 0
18 48 0
14 56 0
Net_id 8
pin_num 5
26 23 0
14 30 0
22 45 0
20 37 0
5 35 0
Net_id 9
pin_num 5
15 31 0
23 39 0
23 49 0
45 36 0
25 19 0
Net_id 10
pin_num 5
22 19 0
29 6 0
24 23 0
40 20 0
31 13 0
Net_id 11
pin_num 5
51 2 0
42 11 0
40 5 0
41 2 0
28 9 0
Net_id 12
pin_num 5
24 11 0
31 19 0
26 36 0
35 34 0
15 32 0
Net_id 13
pin_num 5
16 0 0
0 1 0
12 0 0
9 13 0
7 2 0
Net_id 14
pin_num 5
23 37 0
21 28 0
21 51 0
10 45 0
11 55 0
Net_id 15
pin_num 5
21 29 0
7 29 0
11 32 0
9 42 0
17 38 0
Net_id 16
pin_num 5
0 24 0
13 30 0
23 29 0
2 3 0
11 33 0
Net_id 17
pin_num 5
18 30 0
35 30 0
33 19 0
4 35 0
47 31 0
Net_id 18
pin_num 5
51 14 0
58 17 0
59 23 0
49 23 0
57 17 0
Net_id 19
pin_num 5
7 50 0
7 45 0
29 50 0
20 59 0
20 49 0
Net_id 20
pin_num 4
32 53 0
48 59 0
40 49 0
47 37 0
Net_id 21
pin_num 4
33 3 0
53 3 0
59 2 0
35 10 0
Net_id 22
pin_num 4
45 45 0
56 41 0
42 32 0
54 33 0
Net_id 23
pin_num 4
32 28 0
37 14 0
35 18 0
38 19 0
Net_id 24
pin_num 4
14 27 0
22 29 0
22 20 0
1 21 0
Net_id 25
pin_num 4
6 24 0
0 33 0
0 42 0
4 37 0
Net_id 26
pin_num 4
5 21 0
5 5 0
0 20 0
1 18 0
Net_id 27
pin_num 4
14 51 0
28 46 0
10 56 0
6 47 0
Net_id 28
pin_num 4
21 8 0
27 1 0
0 8 0
33 5 0
Net_id 29
pin_num 4
28 13 0
14 19 0
43 19 0
59 3 0
Net_id 30
pin_num 4
12 34 0
5 25 0
7 43 0
0 30 0
Net_id 31
pin_num 4
3 4 0
1 12 0
23 14 0
21 14 0
Net_id 32
pin_num 4
55 56 0
58 51 0
38 55 0
59 57 0
Net_id 33
pin_num 4
16 10 0
5 3 0
0 3 0
2 46 0
Net_id 34
pin_num 4
30 32 0
32 22 0
18 25 0
28 17 0
Net_id 35
pin_num 4
53 59 0
58 58 0
55 49 0
42 54 0
Net_id 36
pin_num 4
33 54 0
43 52 0
33 50 0
52 59 0
Net_id 37
pin_num 4
47 24 0
51 32 0
40 23 0
42 28 0
Net_id 38
pin_num 3
15 24 0
22 24 0
16 3 0
Net_id 39
pin_num 3
25 24 0
36 21 0
25 21 0
Net_id 40
pin_num 3
49 53 0
58 45 0
53 56 0
Net_id 41
pin_num 3
38 32 0
25 43 0
44 43 0
Net_id 42
pin_num 3
23 46 0
46 53 0
32 31 0
Net_id 43
pin_num 3
54 20 0
40 8 0
50 8 0
Net_id 44
pin_num 3
21 57 0
15 46 0
37 50 0
Net_id 45
pin_num 3
45 41 0
35 58 0
57 42 0
Net_id 46
pin_num 3
50 26 0
56 22 0
38 28 0
Net_id 47
pin_num 3
42 13 0
53 21 0
37 0 0
Net_id 48
pin_num 3
40 21 0
50 17 0
46 23 0
Net_id 49
pin_num 3
56 12 0
48 23 0
51 36 0
Net_id 50
pin_num 3
15 26 0
23 16 0
49 18 0
Net_id 51
pin_num 3
44 20 0
46 13 0
33 17 0
Net_id 52
pin_num 3
53 47 0
51 58 0
55 54 0
Net_id 53
pin_num 3
52 10 0
50 5 0
42 1 0
Net_id 54
pin_num 3
40 35 0
32 23 0
29 32 0
Net_id 55
pin_num 3
52 47 0
33 49 0
51 20 0
Net_id 56
pin_num 3
14 57 0
2 58 0
8 43 0
Net_id 57
pin_num 3
48 38 0
59 26 0
42 40 0
Net_id 58
pin_num 3
50 46 0
51 41 0
57 39 0
Net_id 59
pin_num 3
46 4 0
39 2 0
18 1 0
Net_id 60
pin_num 3
5 26 0
8 32 0
1 55 0
Net_id 61
pin_num 3
10 6 0
20 3 0
12 32 0
Net_id 62
pin_num 3
49 20 0
49 30 0
36 44 0
Net_id 63
pin_num 3
4 41 0
12 44 0
15 36 0
Net_id 64
pin_num 3
29 10 0
28 15 0
42 6 0
Net_id 65
pin_num 3
12 47 0
1 38 0
1 32 0
Net_id 66
pin_num 3
5 28 0
18 28 0
1 11 0
Net_id 67
pin_num 3
57 8 0
58 13 0
49 19 0
Net_id 68
pin_num 3
43 25 0
19 16 0
24 8 0
Net_id 69
pin_num 3
46 28 0
37 27 0
23 11 0
Net_id 70
pin_num 3
46 32 0
41 12 0
58 3 0
Net_id 71
pin_num 3
17 14 0
34 29 0
27 44 0
Net_id 72
pin_num 3
55 29 0
59 37 0
46 35 0
Net_id 73
pin_num 3
13 37 0
6 35 0
13 34 0
Net_id 74
pin_num 3
30 50 0
39 58 0
36 48 0
Net_id 75
pin_num 2
6 27 0
14 39 0
Net_id 76
pin_num 2
28 18 0
19 34 0
Net_id 77
pin_num 2
33 20 0
39 46 0
Net_id 78
pin_num 2
58 40 0
50 51 0
Net_id 79
pin_num 2
42 23 0
41 26 0
Net_id 80
pin_num 2
13 9 0
6 7 0
Net_id 81
pin_num 2
32 9 0
40 9 0
Net_id 82
pin_num 2
27 55 0
8 21 0
Net_id 83
pin_num 2
19 48 0
35 29 0
Net_id 84
pin_num 2
49 33 0
38 39 0
Net_id 85
pin_num 2
2 35 0
10 23 0
Net_id 86
pin_num 2
28 12 0
45 13 0
Net_id 87
pin_num 2
34 8 0
31 15 0
Net_id 88
pin_num 2
17 44 0
33 48 0
Net_id 89
pin_num 2
20 17 0
24 17 0
Net_id 90
pin_num 2
56 39 0
47 26 0
Net_id 91
pin_num 2
32 33 0
13 57 0
Net_id 92
pin_num 2
51 17 0
45 1 0
Net_id 93
pin_num 2
55 12 0
47 11 0
Net_id 94
pin_num 2
44 47 0
39 56 0
Net_id 95
pin_num 2
18 20 0
2 47 0
Net_id 96
pin_num 2
48 1 0
42 10 0
Net_id 97
pin_num 2
16 33 0
13 53 0
Net_id 98
pin_num 2
9 23 0
1 25 0
Net_id 99
pin_num 2
58 2 0
56 4 0
Net_id 100
pin_num 2
27 39 0
31 40 0
Net_id 101
pin_num 2
59 30 0
47 8 0
Net_id 102
pin_num 2
12 2 0
7 42 0
Net_id 103
pin_num 2
14 37 0
22 58 0
Net_id 104
pin_num 2
14 21 0
38 29 0
Net_id 105
pin_num 2
34 51 0
29 44 0
Net_id 106
pin_num 2
56 57 0
55 52 0
Net_id 107
pin_num 2
6 20 0
25 34 0
Net_id 108
pin_num 2
32 11 0
20 0 0
Net_id 109
pin_num 2
59 15 0
54 25 0
Net_id 110
pin_num 2
6 3 0
18 34 0
Net_id 111
pin_num 2
36 39 0
28 45 0
Net_id 112
pin_num 2
24 37 0
37 45 0
Net_id 113
pin_num 2
58 20 0
45 12 0
Net_id 114
pin_num 2
5 17 0
3 11 0
Net_id 115
pin_num 2
36 58 0
55 41 0
Net_id 116
pin_num 2
0 10 0
5 10 0
Net_id 117
pin_num 2
2 7 0
14 40 0
Net_id 118
pin_num 2
29 38 0
6 45 0
Net_id 119
pin_num 2
52 22 0
58 36 0
Net_id 120
pin_num 2
10 58 0
9 44 0
Net_id 121
pin_num 2
40 56 0
49 59 0
Net_id 122
pin_num 2
13 2 0
19 6 0
Net_id 123
pin_num 2
59 41 0
47 25 0
Net_id 124
pin_num 2
36 55 0
45 43 0
Net_id 125
pin_num 2
58 4 0
50 16 0
Net_id 126
pin_num 2
20 52 0
1 58 0
Net_id 127
pin_num 2
32 35 0
19 39 0
Net_id 128
pin_num 2
4 56 0
5 56 0
Net_id 129
pin_num 2
51 1 0
48 13 0
Net_id 130
pin_num 2
50 43 0
55 46 0
Net_id 131
pin_num 2
26 2 0
33 2 0
Net_id 132
pin_num 2
20 16 0
42 26 0
Net_id 133
pin_num 2
8 1 0
14 18 0
Net_id 134
pin_num 2
2 49 0
0 34 0
Net_id 135
pin_num 2
47 41 0
48 40 0
Net_id 136
pin_num 2
5 36 0
12 39 0
Net_id 137
pin_num 2
6 13 0
25 32 0
Net_id 138
pin_num 2
21 27 0
36 45 0
Net_id 139
pin_num 2
15 22 0
15 30 0
Net_id 140
pin_num 2
31 23 0
27 21 0
Net_id 141
pin_num 2
36 11 0
51 6 0
Net_id 142
pin_num 2
4 57 0
8 49 0
Net_id 143
pin_num 2
45 10 0
59 24 0
Net_id 144
pin_num 2
1 22 0
10 7 0
Net_id 145
pin_num 2
58 49 0
53 51 0
Net_id 146
pin_num 2
3 47 0
8 26 0
Net_id 147
pin_num 2
41 35 0
41 40 0
Net_id 148
pin_num 2
54 38 0
59 27 0
Net_id 149
pin_num 2
25 15 0
34 5 0
Net_id 150
pin_num 2
12 19 0
4 19 0
Net_id 151
pin_num 2
40 34 0
47 20 0
Net_id 152
pin_num 2
10 43 0
24 44 0
Net_id 153
pin_num 2
31 5 0
38 2 0
Net_id 154
pin_num 2
22 42 0
19 36 0
