Width 60
Height 60
Layer 6
Total_WL 6528
Obstacle_num 144
6 13 0 12 14 0
14 35 0 17 36 0
1 22 0 7 23 0
55 56 0 59 57 0
43 45 0 49 46 0
42 19 0 46 20 0
24 20 0 29 21 0
19 35 0 23 36 0
54 57 0 58 58 0
51 17 0 54 18 0
12 18 0 19 19 0
47 2 0 54 3 0
13 23 0 21 24 0
26 46 0 34 47 0
19 54 0 26 55 0
32 9 0 35 10 0
0 3 0 8 4 0
16 16 0 25 17 0
49 10 0 52 11 0
49 40 0 56 41 0
2 42 0 12 43 0
37 11 0 46 12 0
0 54 0 6 55 0
22 39 0 27 40 0
16 33 1 17 41 1
35 49 1 36 53 1
43 38 1 44 42 1
51 49 1 52 59 1
55 22 1 56 31 1
54 8 1 55 12 1
53 37 1 54 46 1
7 15 1 8 21 1
12 19 1 13 29 1
17 27 1 18 35 1
15 24 1 16 31 1
15 47 1 16 57 1
58 9 1 59 18 1
13 52 1 14 59 1
20 24 1 21 32 1
4 21 1 5 30 1
2 6 1 3 10 1
28 30 1 29 33 1
20 50 1 21 57 1
34 35 1 35 41 1
42 48 1 43 55 1
15 37 1 16 42 1
56 45 1 57 48 1
35 40 1 36 44 1
42 6 2 49 7 2
35 50 2 45 51 2
21 24 2 29 25 2
47 2 2 50 3 2
0 34 2 4 35 2
45 22 2 52 23 2
6 32 2 10 33 2
1 48 2 10 49 2
36 21 2 46 22 2
13 23 2 22 24 2
37 41 2 47 42 2
34 36 2 41 37 2
14 21 2 24 22 2
3 25 2 10 26 2
29 44 2 34 45 2
31 29 2 37 30 2
45 16 2 55 17 2
33 2 2 38 3 2
24 56 2 31 57 2
40 28 2 46 29 2
3 33 2 9 34 2
12 58 2 19 59 2
11 30 2 16 31 2
3 56 2 7 57 2
41 39 3 42 47 3
20 20 3 21 27 3
37 10 3 38 19 3
1 4 3 2 11 3
17 33 3 18 39 3
33 8 3 34 17 3
53 54 3 54 57 3
42 0 3 43 7 3
21 49 3 22 53 3
9 7 3 10 10 3
10 54 3 11 59 3
6 49 3 7 53 3
53 27 3 54 32 3
30 22 3 31 26 3
27 43 3 28 52 3
10 31 3 11 38 3
35 17 3 36 27 3
8 21 3 9 27 3
18 48 3 19 52 3
2 22 3 3 27 3
44 1 3 45 10 3
43 12 3 44 19 3
54 12 3 55 21 3
58 50 3 59 58 3
44 52 4 52 53 4
12 40 4 19 41 4
11 41 4 14 42 4
51 6 4 57 7 4
1 53 4 4 54 4
37 1 4 46 2 4
16 16 4 26 17 4
9 36 4 14 37 4
36 16 4 41 17 4
26 35 4 31 36 4
27 43 4 31 44 4
7 12 4 17 13 4
25 31 4 32 32 4
12 27 4 18 28 4
45 33 4 49 34 4
23 42 4 26 43 4
13 48 4 19 49 4
17 37 4 25 38 4
15 20 4 23 21 4
28 0 4 37 1 4
39 10 4 47 11 4
14 7 4 18 8 4
37 8 4 41 9 4
50 50 4 56 51 4
18 7 5 19 17 5
11 49 5 12 55 5
45 4 5 46 7 5
45 49 5 46 58 5
19 25 5 20 29 5
4 9 5 5 17 5
20 54 5 21 59 5
53 16 5 54 23 5
16 19 5 17 28 5
41 25 5 42 29 5
39 28 5 40 31 5
6 20 5 7 23 5
44 22 5 45 30 5
19 8 5 20 16 5
21 13 5 22 22 5
28 19 5 29 22 5
32 0 5 33 3 5
33 29 5 34 38 5
14 20 5 15 25 5
21 50 5 22 56 5
57 29 5 58 32 5
31 36 5 32 40 5
24 27 5 25 31 5
34 40 5 35 50 5
Net_num 159
Net_id 0
pin_num 5
50 8 0
32 8 0
33 26 0
34 30 0
47 26 0
Net_id 1
pin_num 5
50 23 0
59 24 0
47 24 0
56 30 0
52 44 0
Net_id 2
pin_num 5
56 58 0
59 57 0
58 37 0
37 54 0
59 52 0
Net_id 3
pin_num 5
34 57 0
29 45 0
11 51 0
18 32 0
16 45 0
Net_id 4
pin_num 5
35 56 0
54 55 0
44 34 0
35 59 0
50 53 0
Net_id 5
pin_num 5
14 51 0
22 45 0
6 50 0
27 50 0
12 48 0
Net_id 6
pin_num 5
31 36 0
26 33 0
26 12 0
49 17 0
32 13 0
Net_id 7
pin_num 5
57 33 0
52 34 0
59 40 0
41 38 0
55 21 0
Net_id 8
pin_num 5
44 46 0
41 43 0
34 31 0
51 44 0
19 31 0
Net_id 9
pin_num 5
40 53 0
21 56 0
40 46 0
28 36 0
6 46 0
Net_id 10
pin_num 5
55 11 0
56 13 0
35 13 0
52 1 0
39 12 0
Net_id 11
pin_num 5
25 36 0
18 31 0
22 47 0
23 24 0
45 34 0
Net_id 12
pin_num 5
23 9 0
15 4 0
1 7 0
27 4 0
22 22 0
Net_id 13
pin_num 5
37 10 0
20 5 0
36 3 0
37 12 0
38 12 0
Net_id 14
pin_num 5
5 11 0
15 10 0
0 8 0
15 14 0
12 15 0
Net_id 15
pin_num 5
41 49 0
47 37 0
43 35 0
57 44 0
30 47 0
Net_id 16
pin_num 5
30 28 0
25 27 0
25 14 0
6 20 0
21 10 0
Net_id 17
pin_num 5
48 32 0
54 30 0
51 22 0
49 23 0
53 11 0
Net_id 18
pin_num 4
19 55 0
29 55 0
16 59 0
17 58 0
Net_id 19
pin_num 4
59 21 0
46 24 0
48 5 0
59 14 0
Net_id 20
pin_num 4
0 56 0
24 49 0
23 38 0
23 23 0
Net_id 21
pin_num 4
0 49 0
3 39 0
27 39 0
2 55 0
Net_id 22
pin_num 4
18 4 0
7 0 0
10 23 0
8 4 0
Net_id 23
pin_num 4
10 51 0
2 53 0
10 41 0
7 33 0
Net_id 24
pin_num 4
5 7 0
4 18 0
3 1 0
8 9 0
Net_id 25
pin_num 4
59 46 0
42 43 0
26 45 0
27 43 0
Net_id 26
pin_num 4
12 23 0
18 29 0
27 29 0
36 25 0
Net_id 27
pin_num 4
8 38 0
16 32 0
4 49 0
0 29 0
Net_id 28
pin_num 4
18 5 0
9 6 0
17 25 0
1 5 0
Net_id 29
pin_num 4
38 38 0
47 41 0
38 17 0
45 25 0
Net_id 30
pin_num 4
9 31 0
8 30 0
14 31 0
8 54 0
Net_id 31
pin_num 4
4 8 0
3 19 0
14 17 0
7 1 0
Net_id 32
pin_num 4
19 38 0
13 42 0
0 35 0
13 35 0
Net_id 33
pin_num 4
55 22 0
48 25 0
59 37 0
52 31 0
Net_id 34
pin_num 4
20 51 0
25 51 0
13 45 0
0 57 0
Net_id 35
pin_num 4
26 1 0
17 26 0
0 17 0
6 18 0
Net_id 36
pin_num 4
49 58 0
45 50 0
19 53 0
43 48 0
Net_id 37
pin_num 3
42 18 0
46 17 0
48 0 0
Net_id 38
pin_num 3
35 37 0
32 30 0
23 37 0
Net_id 39
pin_num 3
19 11 0
14 12 0
5 16 0
Net_id 40
pin_num 3
47 0 0
36 15 0
23 6 0
Net_id 41
pin_num 3
15 0 0
35 9 0
59 7 0
Net_id 42
pin_num 3
15 13 0
27 26 0
20 7 0
Net_id 43
pin_num 3
28 33 0
29 18 0
52 18 0
Net_id 44
pin_num 3
21 6 0
35 0 0
15 31 0
Net_id 45
pin_num 3
16 21 0
23 21 0
29 21 0
Net_id 46
pin_num 3
35 51 0
25 35 0
42 42 0
Net_id 47
pin_num 3
46 9 0
53 6 0
38 6 0
Net_id 48
pin_num 3
15 15 0
4 2 0
34 2 0
Net_id 49
pin_num 3
38 18 0
53 10 0
49 39 0
Net_id 50
pin_num 3
26 36 0
34 32 0
4 36 0
Net_id 51
pin_num 3
57 18 0
32 22 0
57 19 0
Net_id 52
pin_num 3
13 58 0
2 59 0
15 57 0
Net_id 53
pin_num 3
55 34 0
59 51 0
59 49 0
Net_id 54
pin_num 3
38 46 0
44 29 0
34 59 0
Net_id 55
pin_num 3
28 50 0
43 47 0
44 33 0
Net_id 56
pin_num 3
32 47 0
27 30 0
1 59 0
Net_id 57
pin_num 3
46 23 0
53 3 0
58 30 0
Net_id 58
pin_num 3
15 30 0
29 23 0
11 27 0
Net_id 59
pin_num 3
44 16 0
53 26 0
26 24 0
Net_id 60
pin_num 3
31 49 0
25 50 0
36 37 0
Net_id 61
pin_num 3
29 56 0
22 44 0
33 42 0
Net_id 62
pin_num 3
38 5 0
51 8 0
45 23 0
Net_id 63
pin_num 3
27 31 0
22 26 0
24 33 0
Net_id 64
pin_num 3
20 38 0
16 52 0
6 47 0
Net_id 65
pin_num 3
49 7 0
52 26 0
59 8 0
Net_id 66
pin_num 3
40 58 0
45 59 0
30 48 0
Net_id 67
pin_num 3
25 47 0
29 40 0
57 52 0
Net_id 68
pin_num 3
58 19 0
59 13 0
56 48 0
Net_id 69
pin_num 3
30 14 0
32 15 0
38 10 0
Net_id 70
pin_num 3
34 28 0
37 23 0
37 51 0
Net_id 71
pin_num 3
43 31 0
35 32 0
43 23 0
Net_id 72
pin_num 3
13 46 0
29 42 0
4 38 0
Net_id 73
pin_num 3
8 10 0
3 36 0
14 22 0
Net_id 74
pin_num 3
42 39 0
40 33 0
48 38 0
Net_id 75
pin_num 3
1 30 0
2 36 0
8 55 0
Net_id 76
pin_num 3
55 15 0
58 25 0
41 14 0
Net_id 77
pin_num 3
24 31 0
42 38 0
24 27 0
Net_id 78
pin_num 2
32 5 0
24 7 0
Net_id 79
pin_num 2
49 19 0
55 17 0
Net_id 80
pin_num 2
11 52 0
19 56 0
Net_id 81
pin_num 2
30 52 0
19 52 0
Net_id 82
pin_num 2
41 32 0
50 31 0
Net_id 83
pin_num 2
14 40 0
18 19 0
Net_id 84
pin_num 2
0 38 0
14 38 0
Net_id 85
pin_num 2
18 22 0
21 20 0
Net_id 86
pin_num 2
32 1 0
37 1 0
Net_id 87
pin_num 2
29 1 0
36 19 0
Net_id 88
pin_num 2
35 6 0
44 24 0
Net_id 89
pin_num 2
39 7 0
43 2 0
Net_id 90
pin_num 2
48 37 0
58 6 0
Net_id 91
pin_num 2
19 41 0
1 47 0
Net_id 92
pin_num 2
29 43 0
40 41 0
Net_id 93
pin_num 2
2 57 0
11 48 0
Net_id 94
pin_num 2
18 37 0
14 34 0
Net_id 95
pin_num 2
48 3 0
46 1 0
Net_id 96
pin_num 2
8 33 0
21 26 0
Net_id 97
pin_num 2
1 44 0
6 49 0
Net_id 98
pin_num 2
13 4 0
14 1 0
Net_id 99
pin_num 2
55 8 0
44 23 0
Net_id 100
pin_num 2
12 9 0
14 8 0
Net_id 101
pin_num 2
54 18 0
40 3 0
Net_id 102
pin_num 2
32 4 0
49 0 0
Net_id 103
pin_num 2
38 2 0
50 26 0
Net_id 104
pin_num 2
13 56 0
5 55 0
Net_id 105
pin_num 2
19 34 0
9 28 0
Net_id 106
pin_num 2
57 54 0
55 53 0
Net_id 107
pin_num 2
32 24 0
37 52 0
Net_id 108
pin_num 2
54 50 0
43 42 0
Net_id 109
pin_num 2
41 20 0
42 22 0
Net_id 110
pin_num 2
59 50 0
43 33 0
Net_id 111
pin_num 2
23 47 0
38 55 0
Net_id 112
pin_num 2
59 12 0
52 12 0
Net_id 113
pin_num 2
1 14 0
13 11 0
Net_id 114
pin_num 2
51 39 0
57 55 0
Net_id 115
pin_num 2
32 38 0
17 44 0
Net_id 116
pin_num 2
43 41 0
35 27 0
Net_id 117
pin_num 2
6 6 0
1 13 0
Net_id 118
pin_num 2
21 42 0
27 40 0
Net_id 119
pin_num 2
31 29 0
40 17 0
Net_id 120
pin_num 2
57 1 0
50 0 0
Net_id 121
pin_num 2
39 26 0
46 25 0
Net_id 122
pin_num 2
30 44 0
21 34 0
Net_id 123
pin_num 2
8 20 0
22 41 0
Net_id 124
pin_num 2
11 30 0
1 43 0
Net_id 125
pin_num 2
9 0 0
4 0 0
Net_id 126
pin_num 2
25 3 0
28 8 0
Net_id 127
pin_num 2
5 15 0
4 19 0
Net_id 128
pin_num 2
13 28 0
12 37 0
Net_id 129
pin_num 2
1 39 0
2 45 0
Net_id 130
pin_num 2
2 47 0
1 55 0
Net_id 131
pin_num 2
42 7 0
47 7 0
Net_id 132
pin_num 2
52 30 0
57 20 0
Net_id 133
pin_num 2
30 54 0
18 57 0
Net_id 134
pin_num 2
18 26 0
19 37 0
Net_id 135
pin_num 2
34 19 0
36 17 0
Net_id 136
pin_num 2
31 20 0
37 19 0
Net_id 137
pin_num 2
40 30 0
24 41 0
Net_id 138
pin_num 2
56 2 0
45 24 0
Net_id 139
pin_num 2
35 17 0
31 18 0
Net_id 140
pin_num 2
38 4 0
59 0 0
Net_id 141
pin_num 2
43 14 0
35 11 0
Net_id 142
pin_num 2
45 28 0
55 28 0
Net_id 143
pin_num 2
57 53 0
50 58 0
Net_id 144
pin_num 2
57 49 0
45 51 0
Net_id 145
pin_num 2
24 59 0
0 28 0
Net_id 146
pin_num 2
33 27 0
22 43 0
Net_id 147
pin_num 2
44 30 0
37 17 0
Net_id 148
pin_num 2
0 33 0
5 23 0
Net_id 149
pin_num 2
20 4 0
23 3 0
Net_id 150
pin_num 2
21 31 0
22 38 0
Net_id 151
pin_num 2
14 0 0
0 23 0
Net_id 152
pin_num 2
16 10 0
19 0 0
Net_id 153
pin_num 2
14 29 0
9 19 0
Net_id 154
pin_num 2
17 45 0
21 49 0
Net_id 155
pin_num 2
33 28 0
14 16 0
Net_id 156
pin_num 2
16 26 0
6 23 0
Net_id 157
pin_num 2
47 47 0
53 51 0
Net_id 158
pin_num 2
47 27 0
33 39 0
