Width 60
Height 60
Layer 6
Total_WL 6966
Obstacle_num 144
25 50 0 28 51 0
5 52 0 14 53 0
7 17 0 13 18 0
41 3 0 48 4 0
42 40 0 47 41 0
35 15 0 38 16 0
55 47 0 59 48 0
48 22 0 52 23 0
40 56 0 50 57 0
44 14 0 53 15 0
13 53 0 17 54 0
19 17 0 22 18 0
36 39 0 46 40 0
20 31 0 30 32 0
19 38 0 27 39 0
30 29 0 37 30 0
22 5 0 30 6 0
19 29 0 28 30 0
35 37 0 43 38 0
11 47 0 15 48 0
16 7 0 21 8 0
15 9 0 22 10 0
49 50 0 56 51 0
13 30 0 20 31 0
1 3 1 2 10 1
11 2 1 12 6 1
8 27 1 9 31 1
1 44 1 2 52 1
41 48 1 42 57 1
57 15 1 58 20 1
6 42 1 7 49 1
13 17 1 14 21 1
49 11 1 50 20 1
21 50 1 22 55 1
17 17 1 18 21 1
28 8 1 29 11 1
1 54 1 2 57 1
35 26 1 36 36 1
53 2 1 54 7 1
4 51 1 5 59 1
16 30 1 17 40 1
7 36 1 8 46 1
11 11 1 12 20 1
8 19 1 9 23 1
52 13 1 53 22 1
7 20 1 8 23 1
41 15 1 42 19 1
12 14 1 13 18 1
46 1 2 56 2 2
25 34 2 34 35 2
46 42 2 55 43 2
17 47 2 25 48 2
18 48 2 28 49 2
55 27 2 59 28 2
11 31 2 21 32 2
24 22 2 28 23 2
8 2 2 12 3 2
3 34 2 9 35 2
37 14 2 47 15 2
13 32 2 18 33 2
1 24 2 8 25 2
21 26 2 25 27 2
32 22 2 39 23 2
27 23 2 33 24 2
6 10 2 11 11 2
19 32 2 24 33 2
28 58 2 36 59 2
21 12 2 24 13 2
23 11 2 29 12 2
36 26 2 44 27 2
15 44 2 24 45 2
31 54 2 40 55 2
45 8 3 46 14 3
34 47 3 35 51 3
34 52 3 35 59 3
30 43 3 31 52 3
13 30 3 14 36 3
3 52 3 4 56 3
16 29 3 17 35 3
27 23 3 28 33 3
7 53 3 8 57 3
3 4 3 4 11 3
41 6 3 42 9 3
26 21 3 27 25 3
50 43 3 51 49 3
2 12 3 3 22 3
54 41 3 55 47 3
4 19 3 5 26 3
42 26 3 43 30 3
43 45 3 44 51 3
48 31 3 49 41 3
14 37 3 15 47 3
57 8 3 58 11 3
3 42 3 4 50 3
5 12 3 6 22 3
35 23 3 36 31 3
29 4 4 34 5 4
46 30 4 56 31 4
21 57 4 30 58 4
27 39 4 35 40 4
27 23 4 33 24 4
22 28 4 32 29 4
38 1 4 42 2 4
38 42 4 41 43 4
27 55 4 37 56 4
22 40 4 27 41 4
18 36 4 27 37 4
36 34 4 44 35 4
10 57 4 16 58 4
28 20 4 34 21 4
16 46 4 21 47 4
11 28 4 21 29 4
53 18 4 58 19 4
32 6 4 41 7 4
33 19 4 40 20 4
9 25 4 12 26 4
14 30 4 21 31 4
28 5 4 37 6 4
26 24 4 36 25 4
2 29 4 11 30 4
39 18 5 40 28 5
52 36 5 53 45 5
17 36 5 18 43 5
27 42 5 28 51 5
35 1 5 36 11 5
41 38 5 42 44 5
28 48 5 29 53 5
45 12 5 46 16 5
1 20 5 2 30 5
2 11 5 3 18 5
40 48 5 41 55 5
31 1 5 32 8 5
9 14 5 10 18 5
0 55 5 1 59 5
13 0 5 14 5 5
15 46 5 16 53 5
14 36 5 15 44 5
0 44 5 1 47 5
44 19 5 45 23 5
51 29 5 52 32 5
39 9 5 40 13 5
31 32 5 32 42 5
14 51 5 15 55 5
15 32 5 16 40 5
Net_num 157
Net_id 0
pin_num 5
35 31 0
32 42 0
32 18 0
43 28 0
41 21 0
Net_id 1
pin_num 5
2 6 0
16 8 0
21 10 0
0 10 0
15 28 0
Net_id 2
pin_num 5
40 0 0
47 4 0
54 0 0
43 17 0
59 7 0
Net_id 3
pin_num 5
33 12 0
22 8 0
22 13 0
31 22 0
29 27 0
Net_id 4
pin_num 5
54 12 0
51 12 0
39 0 0
54 32 0
49 8 0
Net_id 5
pin_num 5
43 50 0
36 48 0
43 59 0
48 32 0
32 59 0
Net_id 6
pin_num 5
17 50 0
29 48 0
20 37 0
7 44 0
8 33 0
Net_id 7
pin_num 5
38 49 0
50 40 0
39 29 0
59 32 0
34 47 0
Net_id 8
pin_num 5
21 33 0
20 34 0
31 47 0
21 35 0
30 55 0
Net_id 9
pin_num 5
3 49 0
1 43 0
0 52 0
13 49 0
8 48 0
Net_id 10
pin_num 5
16 38 0
29 36 0
16 59 0
24 57 0
17 39 0
Net_id 11
pin_num 5
42 53 0
35 53 0
48 57 0
50 58 0
49 51 0
Net_id 12
pin_num 5
5 46 0
3 38 0
5 59 0
6 53 0
16 47 0
Net_id 13
pin_num 5
36 45 0
45 47 0
57 45 0
56 59 0
52 46 0
Net_id 14
pin_num 5
55 40 0
59 28 0
46 28 0
57 35 0
41 33 0
Net_id 15
pin_num 5
46 44 0
42 44 0
44 21 0
52 32 0
59 42 0
Net_id 16
pin_num 5
38 8 0
46 9 0
26 8 0
28 0 0
34 21 0
Net_id 17
pin_num 5
45 53 0
32 57 0
37 49 0
26 53 0
26 37 0
Net_id 18
pin_num 5
2 53 0
7 35 0
12 59 0
4 48 0
6 41 0
Net_id 19
pin_num 4
16 10 0
24 15 0
19 33 0
19 32 0
Net_id 20
pin_num 4
33 20 0
32 26 0
50 20 0
21 30 0
Net_id 21
pin_num 4
1 39 0
13 38 0
3 47 0
28 29 0
Net_id 22
pin_num 4
39 13 0
46 21 0
33 1 0
59 8 0
Net_id 23
pin_num 4
15 32 0
26 54 0
31 52 0
8 35 0
Net_id 24
pin_num 4
32 4 0
15 4 0
2 9 0
14 19 0
Net_id 25
pin_num 4
20 49 0
12 53 0
3 51 0
8 53 0
Net_id 26
pin_num 4
5 3 0
8 16 0
0 11 0
9 0 0
Net_id 27
pin_num 4
26 49 0
17 34 0
17 48 0
0 37 0
Net_id 28
pin_num 4
11 3 0
19 1 0
1 1 0
12 23 0
Net_id 29
pin_num 4
24 43 0
31 41 0
39 43 0
31 50 0
Net_id 30
pin_num 4
18 18 0
28 28 0
2 18 0
20 8 0
Net_id 31
pin_num 4
59 53 0
39 58 0
59 56 0
49 52 0
Net_id 32
pin_num 4
7 3 0
10 12 0
20 0 0
6 2 0
Net_id 33
pin_num 4
13 1 0
18 2 0
18 20 0
10 13 0
Net_id 34
pin_num 4
43 55 0
49 44 0
37 42 0
46 52 0
Net_id 35
pin_num 4
57 3 0
56 7 0
59 0 0
34 6 0
Net_id 36
pin_num 4
44 23 0
59 22 0
39 19 0
45 30 0
Net_id 37
pin_num 4
49 1 0
59 14 0
31 7 0
44 7 0
Net_id 38
pin_num 4
53 48 0
59 54 0
50 43 0
56 36 0
Net_id 39
pin_num 4
31 5 0
30 21 0
23 2 0
22 10 0
Net_id 40
pin_num 3
37 44 0
35 40 0
36 31 0
Net_id 41
pin_num 3
6 30 0
8 45 0
6 16 0
Net_id 42
pin_num 3
30 28 0
23 37 0
31 57 0
Net_id 43
pin_num 3
28 13 0
32 3 0
50 15 0
Net_id 44
pin_num 3
55 22 0
59 19 0
40 16 0
Net_id 45
pin_num 3
30 51 0
49 49 0
33 54 0
Net_id 46
pin_num 3
10 36 0
2 36 0
9 7 0
Net_id 47
pin_num 3
28 54 0
19 57 0
28 52 0
Net_id 48
pin_num 3
20 48 0
33 45 0
33 14 0
Net_id 49
pin_num 3
57 49 0
41 44 0
25 55 0
Net_id 50
pin_num 3
11 10 0
19 6 0
43 2 0
Net_id 51
pin_num 3
0 59 0
14 54 0
2 41 0
Net_id 52
pin_num 3
2 32 0
0 25 0
34 25 0
Net_id 53
pin_num 3
48 30 0
34 22 0
58 23 0
Net_id 54
pin_num 3
34 28 0
38 5 0
24 19 0
Net_id 55
pin_num 3
2 11 0
12 11 0
9 37 0
Net_id 56
pin_num 3
40 41 0
36 57 0
12 58 0
Net_id 57
pin_num 3
37 30 0
18 27 0
7 33 0
Net_id 58
pin_num 3
45 10 0
58 15 0
37 13 0
Net_id 59
pin_num 3
19 46 0
31 32 0
8 31 0
Net_id 60
pin_num 3
2 34 0
8 24 0
10 33 0
Net_id 61
pin_num 3
27 2 0
17 14 0
33 11 0
Net_id 62
pin_num 3
47 17 0
35 18 0
55 12 0
Net_id 63
pin_num 3
53 30 0
30 22 0
58 52 0
Net_id 64
pin_num 3
45 27 0
33 13 0
55 0 0
Net_id 65
pin_num 3
53 32 0
59 18 0
49 23 0
Net_id 66
pin_num 3
45 1 0
47 15 0
56 1 0
Net_id 67
pin_num 3
23 19 0
4 12 0
39 17 0
Net_id 68
pin_num 3
55 24 0
57 26 0
50 21 0
Net_id 69
pin_num 3
52 59 0
51 48 0
56 54 0
Net_id 70
pin_num 3
7 24 0
6 15 0
48 17 0
Net_id 71
pin_num 3
50 24 0
42 32 0
47 27 0
Net_id 72
pin_num 3
33 27 0
39 27 0
37 14 0
Net_id 73
pin_num 3
0 45 0
6 58 0
17 57 0
Net_id 74
pin_num 3
7 48 0
7 55 0
13 55 0
Net_id 75
pin_num 3
37 0 0
42 5 0
25 1 0
Net_id 76
pin_num 3
25 8 0
23 16 0
30 34 0
Net_id 77
pin_num 3
49 37 0
40 36 0
53 59 0
Net_id 78
pin_num 3
15 15 0
7 26 0
3 12 0
Net_id 79
pin_num 2
7 58 0
12 43 0
Net_id 80
pin_num 2
51 52 0
59 47 0
Net_id 81
pin_num 2
35 59 0
38 58 0
Net_id 82
pin_num 2
26 0 0
19 5 0
Net_id 83
pin_num 2
9 11 0
4 5 0
Net_id 84
pin_num 2
33 32 0
41 30 0
Net_id 85
pin_num 2
33 46 0
55 56 0
Net_id 86
pin_num 2
30 42 0
21 55 0
Net_id 87
pin_num 2
7 51 0
10 57 0
Net_id 88
pin_num 2
36 23 0
25 7 0
Net_id 89
pin_num 2
21 53 0
32 49 0
Net_id 90
pin_num 2
32 55 0
41 46 0
Net_id 91
pin_num 2
24 27 0
34 35 0
Net_id 92
pin_num 2
39 24 0
59 2 0
Net_id 93
pin_num 2
27 41 0
34 38 0
Net_id 94
pin_num 2
24 17 0
22 21 0
Net_id 95
pin_num 2
7 30 0
35 57 0
Net_id 96
pin_num 2
54 23 0
39 33 0
Net_id 97
pin_num 2
50 4 0
56 2 0
Net_id 98
pin_num 2
3 42 0
1 38 0
Net_id 99
pin_num 2
45 9 0
34 9 0
Net_id 100
pin_num 2
20 12 0
13 11 0
Net_id 101
pin_num 2
32 2 0
41 23 0
Net_id 102
pin_num 2
38 19 0
38 12 0
Net_id 103
pin_num 2
7 39 0
16 52 0
Net_id 104
pin_num 2
53 24 0
47 11 0
Net_id 105
pin_num 2
25 45 0
34 45 0
Net_id 106
pin_num 2
3 35 0
6 35 0
Net_id 107
pin_num 2
20 32 0
13 22 0
Net_id 108
pin_num 2
56 31 0
50 18 0
Net_id 109
pin_num 2
5 38 0
3 20 0
Net_id 110
pin_num 2
40 44 0
26 3 0
Net_id 111
pin_num 2
18 37 0
49 59 0
Net_id 112
pin_num 2
6 38 0
16 43 0
Net_id 113
pin_num 2
8 37 0
11 24 0
Net_id 114
pin_num 2
43 38 0
19 40 0
Net_id 115
pin_num 2
1 54 0
14 59 0
Net_id 116
pin_num 2
59 10 0
54 2 0
Net_id 117
pin_num 2
8 10 0
14 17 0
Net_id 118
pin_num 2
34 4 0
25 32 0
Net_id 119
pin_num 2
46 48 0
49 46 0
Net_id 120
pin_num 2
40 5 0
31 3 0
Net_id 121
pin_num 2
39 35 0
32 56 0
Net_id 122
pin_num 2
44 11 0
53 7 0
Net_id 123
pin_num 2
22 1 0
1 13 0
Net_id 124
pin_num 2
35 58 0
45 21 0
Net_id 125
pin_num 2
8 5 0
7 23 0
Net_id 126
pin_num 2
14 31 0
15 20 0
Net_id 127
pin_num 2
42 15 0
35 16 0
Net_id 128
pin_num 2
27 33 0
38 34 0
Net_id 129
pin_num 2
43 18 0
36 24 0
Net_id 130
pin_num 2
8 28 0
18 24 0
Net_id 131
pin_num 2
20 59 0
21 56 0
Net_id 132
pin_num 2
14 21 0
6 17 0
Net_id 133
pin_num 2
23 59 0
31 56 0
Net_id 134
pin_num 2
45 15 0
35 45 0
Net_id 135
pin_num 2
47 54 0
31 37 0
Net_id 136
pin_num 2
37 5 0
16 13 0
Net_id 137
pin_num 2
38 3 0
58 11 0
Net_id 138
pin_num 2
37 46 0
56 26 0
Net_id 139
pin_num 2
15 37 0
19 35 0
Net_id 140
pin_num 2
7 41 0
44 54 0
Net_id 141
pin_num 2
2 29 0
10 34 0
Net_id 142
pin_num 2
21 8 0
13 13 0
Net_id 143
pin_num 2
13 24 0
35 13 0
Net_id 144
pin_num 2
26 11 0
28 17 0
Net_id 145
pin_num 2
13 8 0
0 8 0
Net_id 146
pin_num 2
22 22 0
24 32 0
Net_id 147
pin_num 2
28 58 0
14 48 0
Net_id 148
pin_num 2
27 20 0
5 10 0
Net_id 149
pin_num 2
11 36 0
20 28 0
Net_id 150
pin_num 2
4 47 0
13 54 0
Net_id 151
pin_num 2
28 37 0
21 24 0
Net_id 152
pin_num 2
44 57 0
59 43 0
Net_id 153
pin_num 2
32 47 0
37 36 0
Net_id 154
pin_num 2
37 56 0
17 46 0
Net_id 155
pin_num 2
43 41 0
47 55 0
Net_id 156
pin_num 2
12 54 0
17 58 0
