Width 60
Height 60
Layer 6
Total_WL 6843
Obstacle_num 144
23 19 0 32 20 0
10 53 0 20 54 0
24 30 0 28 31 0
27 57 0 37 58 0
40 34 0 49 35 0
47 9 0 55 10 0
32 25 0 37 26 0
40 8 0 45 9 0
29 41 0 33 42 0
33 56 0 38 57 0
9 6 0 12 7 0
37 20 0 42 21 0
37 12 0 41 13 0
22 41 0 26 42 0
12 35 0 19 36 0
48 32 0 52 33 0
47 48 0 54 49 0
18 45 0 26 46 0
25 52 0 33 53 0
31 54 0 39 55 0
19 44 0 25 45 0
37 11 0 45 12 0
17 23 0 23 24 0
2 23 0 6 24 0
31 42 1 32 49 1
27 20 1 28 25 1
15 4 1 16 13 1
13 0 1 14 5 1
20 26 1 21 29 1
52 27 1 53 32 1
18 45 1 19 53 1
25 46 1 26 53 1
29 45 1 30 50 1
30 40 1 31 48 1
20 6 1 21 15 1
25 14 1 26 21 1
51 54 1 52 58 1
39 11 1 40 15 1
53 8 1 54 12 1
4 34 1 5 37 1
3 32 1 4 38 1
40 10 1 41 14 1
15 19 1 16 22 1
36 6 1 37 16 1
54 48 1 55 58 1
16 14 1 17 22 1
11 48 1 12 53 1
18 31 1 19 40 1
25 32 2 32 33 2
20 7 2 29 8 2
11 5 2 20 6 2
31 21 2 39 22 2
37 3 2 47 4 2
52 21 2 59 22 2
54 25 2 57 26 2
38 12 2 46 13 2
26 17 2 36 18 2
12 7 2 19 8 2
41 14 2 46 15 2
48 6 2 55 7 2
11 12 2 15 13 2
18 31 2 28 32 2
21 41 2 28 42 2
30 54 2 38 55 2
40 39 2 43 40 2
49 49 2 54 50 2
23 56 2 30 57 2
22 15 2 31 16 2
10 40 2 20 41 2
8 10 2 14 11 2
0 29 2 9 30 2
12 18 2 19 19 2
2 49 3 3 58 3
30 31 3 31 34 3
40 27 3 41 37 3
19 16 3 20 21 3
7 2 3 8 5 3
55 32 3 56 42 3
2 32 3 3 40 3
47 6 3 48 12 3
4 19 3 5 28 3
13 13 3 14 22 3
0 31 3 1 40 3
9 35 3 10 43 3
52 25 3 53 35 3
18 38 3 19 45 3
35 48 3 36 57 3
52 43 3 53 49 3
14 2 3 15 7 3
22 17 3 23 25 3
17 13 3 18 22 3
1 19 3 2 26 3
27 21 3 28 26 3
22 48 3 23 58 3
56 0 3 57 5 3
15 24 3 16 32 3
14 20 4 17 21 4
7 6 4 11 7 4
14 23 4 22 24 4
39 17 4 49 18 4
51 52 4 59 53 4
17 53 4 26 54 4
48 30 4 57 31 4
32 27 4 39 28 4
53 55 4 56 56 4
27 38 4 33 39 4
17 33 4 26 34 4
16 34 4 19 35 4
21 7 4 30 8 4
6 10 4 12 11 4
31 28 4 35 29 4
32 18 4 40 19 4
9 56 4 17 57 4
10 30 4 17 31 4
5 50 4 10 51 4
27 46 4 34 47 4
49 20 4 56 21 4
30 40 4 34 41 4
31 3 4 35 4 4
24 27 4 28 28 4
27 14 5 28 23 5
15 26 5 16 36 5
37 26 5 38 36 5
33 1 5 34 8 5
33 37 5 34 44 5
16 35 5 17 39 5
36 48 5 37 58 5
31 2 5 32 11 5
27 26 5 28 34 5
8 0 5 9 5 5
30 14 5 31 22 5
48 28 5 49 36 5
54 31 5 55 39 5
58 39 5 59 48 5
14 24 5 15 33 5
35 17 5 36 26 5
38 0 5 39 4 5
48 18 5 49 28 5
2 14 5 3 17 5
32 24 5 33 29 5
18 23 5 19 27 5
45 18 5 46 27 5
32 40 5 33 43 5
34 19 5 35 23 5
Net_num 157
Net_id 0
pin_num 5
35 13 0
37 15 0
43 15 0
36 24 0
29 24 0
Net_id 1
pin_num 5
39 46 0
32 34 0
49 44 0
16 42 0
32 55 0
Net_id 2
pin_num 5
15 59 0
8 56 0
8 44 0
0 43 0
9 59 0
Net_id 3
pin_num 5
35 16 0
27 15 0
28 9 0
13 9 0
0 8 0
Net_id 4
pin_num 5
21 20 0
29 23 0
29 37 0
22 26 0
34 33 0
Net_id 5
pin_num 5
28 23 0
17 31 0
28 31 0
28 30 0
24 38 0
Net_id 6
pin_num 5
34 5 0
38 8 0
31 3 0
55 6 0
33 0 0
Net_id 7
pin_num 5
54 56 0
50 56 0
53 59 0
59 50 0
37 50 0
Net_id 8
pin_num 5
48 53 0
54 58 0
55 45 0
55 36 0
59 27 0
Net_id 9
pin_num 5
54 51 0
51 52 0
52 44 0
58 51 0
38 43 0
Net_id 10
pin_num 5
30 5 0
19 11 0
27 25 0
9 17 0
32 11 0
Net_id 11
pin_num 5
1 32 0
9 41 0
9 27 0
0 24 0
1 25 0
Net_id 12
pin_num 5
56 9 0
55 24 0
44 7 0
49 23 0
46 8 0
Net_id 13
pin_num 5
11 45 0
21 49 0
24 59 0
18 59 0
20 39 0
Net_id 14
pin_num 5
47 56 0
55 49 0
59 56 0
34 55 0
48 51 0
Net_id 15
pin_num 5
55 57 0
45 57 0
53 47 0
51 59 0
51 47 0
Net_id 16
pin_num 5
32 13 0
37 9 0
28 13 0
57 9 0
28 1 0
Net_id 17
pin_num 5
34 43 0
37 26 0
53 37 0
46 27 0
16 36 0
Net_id 18
pin_num 5
27 55 0
19 58 0
4 58 0
17 49 0
14 42 0
Net_id 19
pin_num 5
26 12 0
35 7 0
39 0 0
54 10 0
10 12 0
Net_id 20
pin_num 5
51 45 0
56 56 0
54 22 0
36 50 0
32 59 0
Net_id 21
pin_num 4
12 13 0
12 20 0
6 18 0
7 38 0
Net_id 22
pin_num 4
44 3 0
56 10 0
35 4 0
59 21 0
Net_id 23
pin_num 4
16 21 0
2 30 0
10 29 0
13 28 0
Net_id 24
pin_num 4
57 24 0
48 21 0
58 42 0
53 44 0
Net_id 25
pin_num 4
46 33 0
39 30 0
43 39 0
26 24 0
Net_id 26
pin_num 4
55 41 0
47 30 0
33 46 0
57 38 0
Net_id 27
pin_num 4
7 29 0
16 11 0
34 13 0
12 11 0
Net_id 28
pin_num 4
36 31 0
46 38 0
59 26 0
37 51 0
Net_id 29
pin_num 4
48 42 0
44 26 0
57 42 0
29 43 0
Net_id 30
pin_num 4
48 35 0
58 43 0
50 43 0
52 32 0
Net_id 31
pin_num 4
11 41 0
19 47 0
5 42 0
11 43 0
Net_id 32
pin_num 4
50 49 0
28 41 0
34 34 0
22 38 0
Net_id 33
pin_num 4
3 5 0
9 0 0
7 11 0
0 1 0
Net_id 34
pin_num 4
44 27 0
39 16 0
15 42 0
21 27 0
Net_id 35
pin_num 4
51 2 0
57 10 0
57 25 0
54 38 0
Net_id 36
pin_num 4
22 51 0
34 45 0
40 45 0
33 29 0
Net_id 37
pin_num 4
56 29 0
59 46 0
55 48 0
36 39 0
Net_id 38
pin_num 4
8 14 0
10 11 0
2 5 0
2 26 0
Net_id 39
pin_num 3
42 26 0
32 35 0
58 20 0
Net_id 40
pin_num 3
47 22 0
57 13 0
49 5 0
Net_id 41
pin_num 3
41 59 0
19 52 0
47 57 0
Net_id 42
pin_num 3
59 44 0
54 45 0
59 55 0
Net_id 43
pin_num 3
19 30 0
23 22 0
33 34 0
Net_id 44
pin_num 3
24 43 0
14 40 0
17 59 0
Net_id 45
pin_num 3
45 17 0
41 4 0
50 25 0
Net_id 46
pin_num 3
51 4 0
39 3 0
46 0 0
Net_id 47
pin_num 3
4 3 0
20 3 0
26 2 0
Net_id 48
pin_num 3
10 46 0
0 20 0
6 13 0
Net_id 49
pin_num 3
30 53 0
34 47 0
16 54 0
Net_id 50
pin_num 3
10 25 0
37 17 0
14 36 0
Net_id 51
pin_num 3
3 43 0
10 34 0
23 38 0
Net_id 52
pin_num 3
50 52 0
35 58 0
56 41 0
Net_id 53
pin_num 3
34 22 0
32 37 0
13 39 0
Net_id 54
pin_num 3
43 40 0
23 40 0
33 19 0
Net_id 55
pin_num 3
12 2 0
0 17 0
8 1 0
Net_id 56
pin_num 3
0 33 0
13 41 0
29 18 0
Net_id 57
pin_num 3
24 2 0
10 5 0
40 0 0
Net_id 58
pin_num 3
53 40 0
40 29 0
54 36 0
Net_id 59
pin_num 3
10 52 0
28 55 0
1 57 0
Net_id 60
pin_num 3
18 26 0
24 24 0
31 49 0
Net_id 61
pin_num 3
0 23 0
14 14 0
3 8 0
Net_id 62
pin_num 3
49 2 0
44 0 0
26 1 0
Net_id 63
pin_num 3
5 18 0
1 10 0
5 16 0
Net_id 64
pin_num 3
58 35 0
49 28 0
43 56 0
Net_id 65
pin_num 3
41 15 0
31 10 0
15 15 0
Net_id 66
pin_num 3
53 7 0
44 2 0
48 27 0
Net_id 67
pin_num 3
14 44 0
17 32 0
4 46 0
Net_id 68
pin_num 3
29 15 0
49 0 0
59 7 0
Net_id 69
pin_num 3
14 57 0
6 57 0
3 54 0
Net_id 70
pin_num 3
32 39 0
57 47 0
47 32 0
Net_id 71
pin_num 3
53 52 0
58 49 0
37 58 0
Net_id 72
pin_num 3
40 22 0
48 33 0
16 23 0
Net_id 73
pin_num 3
3 24 0
21 16 0
1 35 0
Net_id 74
pin_num 3
0 42 0
3 46 0
6 47 0
Net_id 75
pin_num 3
34 20 0
28 33 0
26 57 0
Net_id 76
pin_num 3
49 30 0
40 25 0
55 31 0
Net_id 77
pin_num 3
54 34 0
59 25 0
44 45 0
Net_id 78
pin_num 2
9 43 0
3 26 0
Net_id 79
pin_num 2
31 5 0
38 22 0
Net_id 80
pin_num 2
39 28 0
24 39 0
Net_id 81
pin_num 2
4 26 0
8 27 0
Net_id 82
pin_num 2
37 57 0
53 55 0
Net_id 83
pin_num 2
7 52 0
0 58 0
Net_id 84
pin_num 2
38 19 0
59 10 0
Net_id 85
pin_num 2
24 6 0
9 11 0
Net_id 86
pin_num 2
3 48 0
0 45 0
Net_id 87
pin_num 2
9 28 0
2 28 0
Net_id 88
pin_num 2
26 7 0
50 2 0
Net_id 89
pin_num 2
3 7 0
9 15 0
Net_id 90
pin_num 2
7 25 0
9 16 0
Net_id 91
pin_num 2
9 36 0
2 31 0
Net_id 92
pin_num 2
7 13 0
25 21 0
Net_id 93
pin_num 2
0 56 0
9 44 0
Net_id 94
pin_num 2
21 40 0
9 47 0
Net_id 95
pin_num 2
18 13 0
10 7 0
Net_id 96
pin_num 2
19 56 0
35 38 0
Net_id 97
pin_num 2
6 8 0
19 13 0
Net_id 98
pin_num 2
4 24 0
9 24 0
Net_id 99
pin_num 2
48 24 0
40 24 0
Net_id 100
pin_num 2
17 24 0
30 20 0
Net_id 101
pin_num 2
22 14 0
15 13 0
Net_id 102
pin_num 2
48 43 0
35 47 0
Net_id 103
pin_num 2
17 54 0
30 59 0
Net_id 104
pin_num 2
11 23 0
2 3 0
Net_id 105
pin_num 2
52 1 0
48 0 0
Net_id 106
pin_num 2
31 4 0
24 4 0
Net_id 107
pin_num 2
3 29 0
8 39 0
Net_id 108
pin_num 2
16 34 0
3 25 0
Net_id 109
pin_num 2
27 39 0
39 36 0
Net_id 110
pin_num 2
18 29 0
8 22 0
Net_id 111
pin_num 2
16 56 0
15 50 0
Net_id 112
pin_num 2
15 32 0
3 47 0
Net_id 113
pin_num 2
5 6 0
5 11 0
Net_id 114
pin_num 2
4 20 0
19 39 0
Net_id 115
pin_num 2
53 12 0
46 12 0
Net_id 116
pin_num 2
44 20 0
48 20 0
Net_id 117
pin_num 2
17 13 0
3 3 0
Net_id 118
pin_num 2
44 9 0
26 3 0
Net_id 119
pin_num 2
42 58 0
26 47 0
Net_id 120
pin_num 2
22 7 0
19 4 0
Net_id 121
pin_num 2
8 53 0
3 52 0
Net_id 122
pin_num 2
33 47 0
27 46 0
Net_id 123
pin_num 2
58 53 0
51 25 0
Net_id 124
pin_num 2
46 5 0
35 19 0
Net_id 125
pin_num 2
52 6 0
58 0 0
Net_id 126
pin_num 2
26 40 0
16 55 0
Net_id 127
pin_num 2
26 58 0
50 33 0
Net_id 128
pin_num 2
18 31 0
28 43 0
Net_id 129
pin_num 2
41 12 0
49 27 0
Net_id 130
pin_num 2
24 0 0
21 8 0
Net_id 131
pin_num 2
10 56 0
27 48 0
Net_id 132
pin_num 2
25 56 0
36 48 0
Net_id 133
pin_num 2
0 21 0
1 12 0
Net_id 134
pin_num 2
34 44 0
41 44 0
Net_id 135
pin_num 2
9 20 0
8 11 0
Net_id 136
pin_num 2
25 44 0
42 56 0
Net_id 137
pin_num 2
23 3 0
12 1 0
Net_id 138
pin_num 2
40 35 0
25 58 0
Net_id 139
pin_num 2
25 6 0
33 14 0
Net_id 140
pin_num 2
11 14 0
9 5 0
Net_id 141
pin_num 2
57 51 0
46 46 0
Net_id 142
pin_num 2
42 57 0
56 28 0
Net_id 143
pin_num 2
14 4 0
26 16 0
Net_id 144
pin_num 2
58 54 0
36 49 0
Net_id 145
pin_num 2
38 16 0
35 18 0
Net_id 146
pin_num 2
35 1 0
42 6 0
Net_id 147
pin_num 2
15 48 0
14 46 0
Net_id 148
pin_num 2
40 39 0
42 47 0
Net_id 149
pin_num 2
16 38 0
4 8 0
Net_id 150
pin_num 2
0 22 0
5 30 0
Net_id 151
pin_num 2
6 51 0
21 51 0
Net_id 152
pin_num 2
41 18 0
59 17 0
Net_id 153
pin_num 2
49 13 0
37 19 0
Net_id 154
pin_num 2
56 53 0
52 52 0
Net_id 155
pin_num 2
21 24 0
15 16 0
Net_id 156
pin_num 2
12 31 0
19 35 0
