Width 60
Height 60
Layer 6
Total_WL 6607
Obstacle_num 144
22 2 0 31 3 0
38 50 0 41 51 0
45 32 0 52 33 0
36 44 0 45 45 0
49 20 0 54 21 0
45 55 0 48 56 0
20 40 0 25 41 0
18 41 0 27 42 0
19 16 0 23 17 0
10 57 0 14 58 0
3 55 0 6 56 0
3 10 0 12 11 0
46 2 0 51 3 0
18 3 0 27 4 0
48 8 0 57 9 0
1 3 0 11 4 0
40 28 0 43 29 0
35 22 0 40 23 0
25 47 0 28 48 0
47 27 0 57 28 0
11 29 0 15 30 0
19 35 0 27 36 0
30 29 0 36 30 0
29 15 0 32 16 0
57 24 1 58 29 1
58 22 1 59 32 1
18 40 1 19 43 1
8 24 1 9 33 1
2 0 1 3 10 1
13 43 1 14 47 1
6 21 1 7 28 1
37 35 1 38 40 1
37 42 1 38 50 1
6 2 1 7 10 1
12 28 1 13 31 1
2 45 1 3 51 1
11 3 1 12 8 1
18 8 1 19 16 1
51 3 1 52 6 1
48 22 1 49 32 1
36 27 1 37 31 1
7 26 1 8 32 1
49 23 1 50 32 1
41 16 1 42 26 1
39 45 1 40 50 1
28 6 1 29 13 1
25 42 1 26 45 1
56 9 1 57 12 1
20 41 2 25 42 2
28 20 2 33 21 2
45 35 2 50 36 2
52 56 2 55 57 2
5 25 2 15 26 2
6 23 2 14 24 2
31 27 2 39 28 2
25 36 2 35 37 2
38 2 2 42 3 2
13 16 2 17 17 2
45 14 2 55 15 2
23 51 2 28 52 2
35 36 2 40 37 2
14 3 2 20 4 2
36 30 2 42 31 2
43 49 2 51 50 2
14 57 2 23 58 2
18 33 2 26 34 2
31 34 2 36 35 2
12 4 2 15 5 2
17 17 2 27 18 2
27 16 2 33 17 2
53 25 2 58 26 2
2 0 2 9 1 2
24 42 3 25 46 3
8 5 3 9 11 3
6 47 3 7 55 3
39 27 3 40 33 3
57 16 3 58 25 3
13 53 3 14 57 3
49 16 3 50 20 3
1 6 3 2 12 3
1 41 3 2 49 3
55 10 3 56 16 3
43 11 3 44 15 3
9 8 3 10 15 3
47 38 3 48 46 3
22 13 3 23 23 3
2 41 3 3 49 3
27 35 3 28 40 3
49 34 3 50 38 3
30 23 3 31 33 3
5 5 3 6 13 3
22 5 3 23 8 3
12 20 3 13 23 3
17 39 3 18 44 3
19 11 3 20 14 3
35 13 3 36 18 3
11 36 4 17 37 4
36 31 4 44 32 4
42 19 4 50 20 4
34 9 4 37 10 4
42 21 4 52 22 4
14 55 4 19 56 4
32 50 4 42 51 4
51 46 4 58 47 4
36 56 4 46 57 4
26 31 4 31 32 4
46 25 4 55 26 4
52 3 4 56 4 4
45 42 4 51 43 4
11 3 4 17 4 4
30 10 4 35 11 4
20 54 4 29 55 4
3 5 4 9 6 4
3 17 4 11 18 4
27 43 4 31 44 4
19 10 4 26 11 4
16 52 4 22 53 4
38 9 4 41 10 4
54 30 4 58 31 4
44 48 4 51 49 4
34 27 5 35 30 5
26 9 5 27 18 5
22 51 5 23 56 5
54 19 5 55 26 5
57 0 5 58 6 5
29 39 5 30 48 5
20 15 5 21 19 5
45 15 5 46 24 5
8 23 5 9 32 5
6 35 5 7 44 5
41 13 5 42 23 5
39 24 5 40 27 5
23 34 5 24 38 5
51 8 5 52 15 5
30 30 5 31 39 5
43 48 5 44 55 5
21 56 5 22 59 5
52 21 5 53 31 5
22 7 5 23 12 5
41 46 5 42 56 5
54 49 5 55 59 5
51 44 5 52 48 5
9 18 5 10 25 5
15 49 5 16 57 5
Net_num 154
Net_id 0
pin_num 5
45 48 0
41 43 0
41 34 0
28 42 0
42 38 0
Net_id 1
pin_num 5
0 21 0
9 18 0
1 37 0
0 24 0
13 30 0
Net_id 2
pin_num 5
52 14 0
59 17 0
55 32 0
48 0 0
54 18 0
Net_id 3
pin_num 5
40 12 0
40 4 0
44 8 0
43 0 0
42 26 0
Net_id 4
pin_num 5
55 57 0
59 53 0
56 53 0
44 58 0
59 44 0
Net_id 5
pin_num 5
55 41 0
58 47 0
56 43 0
43 41 0
44 38 0
Net_id 6
pin_num 5
17 17 0
16 7 0
5 12 0
26 0 0
11 15 0
Net_id 7
pin_num 5
41 17 0
28 21 0
21 17 0
36 8 0
32 8 0
Net_id 8
pin_num 5
5 53 0
6 53 0
6 43 0
4 49 0
3 51 0
Net_id 9
pin_num 5
1 25 0
9 29 0
2 40 0
0 17 0
23 24 0
Net_id 10
pin_num 5
12 31 0
24 34 0
21 19 0
22 14 0
32 25 0
Net_id 11
pin_num 5
19 1 0
27 7 0
26 4 0
18 1 0
9 6 0
Net_id 12
pin_num 5
50 0 0
59 4 0
54 15 0
43 13 0
57 2 0
Net_id 13
pin_num 5
21 32 0
14 41 0
23 23 0
0 38 0
5 32 0
Net_id 14
pin_num 5
27 44 0
41 51 0
36 40 0
18 49 0
26 44 0
Net_id 15
pin_num 5
17 4 0
5 11 0
0 9 0
1 0 0
1 10 0
Net_id 16
pin_num 5
48 39 0
56 35 0
51 55 0
56 50 0
58 58 0
Net_id 17
pin_num 5
14 23 0
23 20 0
20 20 0
15 34 0
20 42 0
Net_id 18
pin_num 5
14 1 0
0 10 0
6 16 0
12 10 0
4 2 0
Net_id 19
pin_num 5
21 22 0
5 15 0
10 20 0
16 29 0
23 21 0
Net_id 20
pin_num 4
22 43 0
10 43 0
19 49 0
28 47 0
Net_id 21
pin_num 4
44 56 0
28 54 0
40 59 0
35 43 0
Net_id 22
pin_num 4
21 13 0
33 14 0
33 23 0
25 14 0
Net_id 23
pin_num 4
47 49 0
50 38 0
59 40 0
43 40 0
Net_id 24
pin_num 4
29 55 0
16 58 0
21 59 0
10 50 0
Net_id 25
pin_num 4
54 46 0
42 53 0
53 54 0
48 50 0
Net_id 26
pin_num 4
37 38 0
40 27 0
32 36 0
22 27 0
Net_id 27
pin_num 4
52 29 0
59 34 0
42 35 0
43 19 0
Net_id 28
pin_num 4
50 30 0
47 38 0
40 30 0
29 32 0
Net_id 29
pin_num 4
15 28 0
0 23 0
7 9 0
14 42 0
Net_id 30
pin_num 4
54 28 0
58 20 0
56 59 0
58 48 0
Net_id 31
pin_num 4
14 54 0
7 54 0
27 59 0
19 42 0
Net_id 32
pin_num 4
16 44 0
21 56 0
38 48 0
38 41 0
Net_id 33
pin_num 4
34 43 0
30 47 0
30 24 0
12 44 0
Net_id 34
pin_num 4
24 42 0
16 47 0
14 59 0
4 32 0
Net_id 35
pin_num 4
18 40 0
11 39 0
18 30 0
18 37 0
Net_id 36
pin_num 4
32 19 0
21 10 0
13 18 0
24 14 0
Net_id 37
pin_num 4
1 57 0
3 56 0
13 52 0
33 52 0
Net_id 38
pin_num 4
28 26 0
35 35 0
33 47 0
31 35 0
Net_id 39
pin_num 3
6 19 0
22 30 0
17 28 0
Net_id 40
pin_num 3
10 17 0
4 23 0
10 8 0
Net_id 41
pin_num 3
51 58 0
47 59 0
49 38 0
Net_id 42
pin_num 3
59 57 0
40 46 0
55 53 0
Net_id 43
pin_num 3
12 24 0
0 22 0
15 1 0
Net_id 44
pin_num 3
23 18 0
24 23 0
39 19 0
Net_id 45
pin_num 3
6 44 0
17 56 0
11 58 0
Net_id 46
pin_num 3
14 38 0
20 31 0
36 39 0
Net_id 47
pin_num 3
11 20 0
23 8 0
21 44 0
Net_id 48
pin_num 3
5 46 0
4 58 0
1 58 0
Net_id 49
pin_num 3
2 49 0
18 58 0
10 36 0
Net_id 50
pin_num 3
17 16 0
11 2 0
18 4 0
Net_id 51
pin_num 3
1 19 0
13 33 0
28 51 0
Net_id 52
pin_num 3
27 53 0
32 49 0
18 44 0
Net_id 53
pin_num 3
41 37 0
58 21 0
46 45 0
Net_id 54
pin_num 3
56 58 0
52 42 0
54 32 0
Net_id 55
pin_num 3
24 58 0
17 59 0
30 57 0
Net_id 56
pin_num 3
38 52 0
41 53 0
45 47 0
Net_id 57
pin_num 3
20 2 0
12 5 0
23 22 0
Net_id 58
pin_num 3
49 59 0
40 56 0
46 51 0
Net_id 59
pin_num 3
33 57 0
45 44 0
47 52 0
Net_id 60
pin_num 3
30 4 0
40 13 0
37 19 0
Net_id 61
pin_num 3
21 14 0
3 32 0
28 0 0
Net_id 62
pin_num 3
35 39 0
25 40 0
25 28 0
Net_id 63
pin_num 3
37 55 0
48 57 0
56 42 0
Net_id 64
pin_num 3
39 29 0
43 24 0
51 23 0
Net_id 65
pin_num 3
17 46 0
5 34 0
1 55 0
Net_id 66
pin_num 3
53 59 0
49 52 0
39 43 0
Net_id 67
pin_num 3
36 59 0
55 47 0
37 41 0
Net_id 68
pin_num 3
22 29 0
29 28 0
27 16 0
Net_id 69
pin_num 3
7 48 0
0 48 0
4 33 0
Net_id 70
pin_num 3
53 40 0
35 59 0
49 57 0
Net_id 71
pin_num 3
20 9 0
42 2 0
21 2 0
Net_id 72
pin_num 3
35 51 0
58 39 0
59 36 0
Net_id 73
pin_num 3
20 21 0
8 13 0
10 29 0
Net_id 74
pin_num 3
34 51 0
33 50 0
28 59 0
Net_id 75
pin_num 3
12 18 0
27 11 0
14 17 0
Net_id 76
pin_num 3
53 48 0
45 45 0
55 50 0
Net_id 77
pin_num 3
31 37 0
16 45 0
26 21 0
Net_id 78
pin_num 2
38 49 0
44 52 0
Net_id 79
pin_num 2
4 43 0
1 47 0
Net_id 80
pin_num 2
16 27 0
13 23 0
Net_id 81
pin_num 2
2 6 0
11 0 0
Net_id 82
pin_num 2
48 20 0
30 12 0
Net_id 83
pin_num 2
10 30 0
14 45 0
Net_id 84
pin_num 2
21 15 0
26 12 0
Net_id 85
pin_num 2
5 6 0
8 5 0
Net_id 86
pin_num 2
39 41 0
57 39 0
Net_id 87
pin_num 2
10 25 0
17 7 0
Net_id 88
pin_num 2
27 50 0
32 47 0
Net_id 89
pin_num 2
33 49 0
34 34 0
Net_id 90
pin_num 2
58 2 0
47 15 0
Net_id 91
pin_num 2
3 42 0
5 58 0
Net_id 92
pin_num 2
54 52 0
59 35 0
Net_id 93
pin_num 2
0 44 0
15 35 0
Net_id 94
pin_num 2
32 48 0
26 59 0
Net_id 95
pin_num 2
39 18 0
25 22 0
Net_id 96
pin_num 2
12 52 0
4 37 0
Net_id 97
pin_num 2
49 31 0
56 31 0
Net_id 98
pin_num 2
7 35 0
1 15 0
Net_id 99
pin_num 2
32 12 0
53 18 0
Net_id 100
pin_num 2
5 50 0
16 56 0
Net_id 101
pin_num 2
50 47 0
48 45 0
Net_id 102
pin_num 2
37 5 0
46 0 0
Net_id 103
pin_num 2
35 10 0
13 26 0
Net_id 104
pin_num 2
16 39 0
18 7 0
Net_id 105
pin_num 2
32 30 0
3 6 0
Net_id 106
pin_num 2
31 28 0
43 45 0
Net_id 107
pin_num 2
54 51 0
48 38 0
Net_id 108
pin_num 2
30 26 0
11 16 0
Net_id 109
pin_num 2
5 37 0
24 12 0
Net_id 110
pin_num 2
17 11 0
0 12 0
Net_id 111
pin_num 2
17 34 0
5 54 0
Net_id 112
pin_num 2
48 28 0
57 15 0
Net_id 113
pin_num 2
56 6 0
54 16 0
Net_id 114
pin_num 2
11 49 0
2 58 0
Net_id 115
pin_num 2
2 9 0
10 14 0
Net_id 116
pin_num 2
7 18 0
2 13 0
Net_id 117
pin_num 2
24 44 0
29 23 0
Net_id 118
pin_num 2
5 0 0
7 2 0
Net_id 119
pin_num 2
52 9 0
55 11 0
Net_id 120
pin_num 2
58 25 0
46 31 0
Net_id 121
pin_num 2
32 32 0
44 28 0
Net_id 122
pin_num 2
50 24 0
46 22 0
Net_id 123
pin_num 2
16 16 0
23 4 0
Net_id 124
pin_num 2
52 2 0
58 19 0
Net_id 125
pin_num 2
32 24 0
41 15 0
Net_id 126
pin_num 2
54 59 0
51 36 0
Net_id 127
pin_num 2
26 16 0
37 26 0
Net_id 128
pin_num 2
47 0 0
45 12 0
Net_id 129
pin_num 2
20 28 0
45 24 0
Net_id 130
pin_num 2
32 20 0
34 7 0
Net_id 131
pin_num 2
31 7 0
43 27 0
Net_id 132
pin_num 2
58 30 0
35 41 0
Net_id 133
pin_num 2
38 58 0
32 58 0
Net_id 134
pin_num 2
37 30 0
50 36 0
Net_id 135
pin_num 2
58 17 0
53 17 0
Net_id 136
pin_num 2
33 33 0
15 45 0
Net_id 137
pin_num 2
4 36 0
12 58 0
Net_id 138
pin_num 2
36 52 0
18 53 0
Net_id 139
pin_num 2
41 10 0
17 1 0
Net_id 140
pin_num 2
14 26 0
38 33 0
Net_id 141
pin_num 2
27 40 0
28 35 0
Net_id 142
pin_num 2
29 45 0
24 45 0
Net_id 143
pin_num 2
52 55 0
49 54 0
Net_id 144
pin_num 2
16 5 0
1 38 0
Net_id 145
pin_num 2
50 23 0
32 21 0
Net_id 146
pin_num 2
50 5 0
29 4 0
Net_id 147
pin_num 2
10 13 0
16 10 0
Net_id 148
pin_num 2
28 23 0
34 14 0
Net_id 149
pin_num 2
40 7 0
22 4 0
Net_id 150
pin_num 2
56 5 0
52 7 0
Net_id 151
pin_num 2
10 18 0
22 36 0
Net_id 152
pin_num 2
34 33 0
37 31 0
Net_id 153
pin_num 2
57 48 0
40 40 0
