Width 60
Height 60
Layer 6
Total_WL 6867
Obstacle_num 144
40 9 0 50 10 0
45 57 0 53 58 0
22 33 0 25 34 0
14 55 0 22 56 0
10 33 0 15 34 0
11 49 0 18 50 0
2 37 0 10 38 0
21 36 0 29 37 0
49 26 0 55 27 0
12 8 0 19 9 0
5 6 0 9 7 0
24 54 0 32 55 0
34 16 0 37 17 0
43 25 0 51 26 0
14 4 0 19 5 0
40 2 0 47 3 0
44 19 0 49 20 0
18 28 0 23 29 0
11 53 0 21 54 0
43 38 0 49 39 0
50 7 0 58 8 0
22 25 0 28 26 0
32 24 0 41 25 0
11 32 0 21 33 0
31 45 1 32 51 1
38 7 1 39 13 1
55 23 1 56 30 1
10 49 1 11 57 1
26 35 1 27 44 1
42 33 1 43 39 1
39 28 1 40 38 1
27 15 1 28 24 1
17 50 1 18 58 1
25 15 1 26 19 1
41 48 1 42 56 1
8 17 1 9 27 1
41 21 1 42 29 1
48 2 1 49 10 1
43 20 1 44 25 1
36 46 1 37 49 1
16 43 1 17 51 1
25 50 1 26 56 1
9 19 1 10 29 1
35 19 1 36 22 1
29 8 1 30 18 1
47 13 1 48 21 1
51 35 1 52 39 1
30 11 1 31 20 1
24 2 2 32 3 2
47 26 2 55 27 2
47 56 2 56 57 2
12 30 2 17 31 2
30 21 2 38 22 2
13 22 2 21 23 2
39 44 2 45 45 2
19 10 2 29 11 2
27 37 2 37 38 2
55 6 2 59 7 2
21 28 2 29 29 2
12 47 2 15 48 2
36 34 2 44 35 2
33 10 2 36 11 2
34 47 2 38 48 2
30 5 2 40 6 2
44 8 2 53 9 2
28 44 2 35 45 2
17 31 2 22 32 2
14 38 2 19 39 2
38 52 2 47 53 2
0 5 2 6 6 2
32 1 2 37 2 2
11 49 2 17 50 2
48 1 3 49 6 3
16 9 3 17 17 3
20 12 3 21 19 3
32 6 3 33 12 3
50 36 3 51 40 3
46 48 3 47 53 3
38 31 3 39 41 3
55 51 3 56 55 3
30 43 3 31 52 3
4 47 3 5 54 3
37 36 3 38 43 3
26 38 3 27 48 3
10 32 3 11 42 3
6 10 3 7 19 3
4 28 3 5 37 3
54 40 3 55 45 3
28 32 3 29 40 3
2 42 3 3 49 3
28 24 3 29 30 3
33 30 3 34 36 3
19 27 3 20 31 3
44 4 3 45 14 3
41 11 3 42 19 3
54 18 3 55 25 3
29 41 4 37 42 4
18 14 4 28 15 4
36 28 4 42 29 4
28 52 4 36 53 4
26 51 4 32 52 4
24 27 4 30 28 4
12 21 4 17 22 4
5 52 4 11 53 4
26 15 4 30 16 4
19 8 4 24 9 4
44 57 4 54 58 4
38 42 4 43 43 4
42 53 4 51 54 4
40 37 4 47 38 4
10 57 4 16 58 4
15 7 4 19 8 4
52 13 4 59 14 4
33 30 4 38 31 4
9 27 4 19 28 4
33 55 4 41 56 4
45 41 4 51 42 4
9 12 4 18 13 4
36 52 4 45 53 4
55 8 4 59 9 4
47 28 5 48 35 5
7 46 5 8 56 5
20 9 5 21 19 5
46 0 5 47 6 5
32 25 5 33 32 5
16 40 5 17 47 5
4 36 5 5 46 5
2 50 5 3 54 5
15 33 5 16 42 5
51 34 5 52 38 5
24 28 5 25 36 5
40 49 5 41 57 5
14 21 5 15 30 5
52 35 5 53 40 5
7 20 5 8 23 5
44 23 5 45 33 5
51 42 5 52 48 5
12 38 5 13 43 5
50 37 5 51 42 5
36 15 5 37 18 5
12 24 5 13 34 5
47 17 5 48 21 5
34 40 5 35 50 5
19 28 5 20 36 5
Net_num 164
Net_id 0
pin_num 5
53 46 0
58 59 0
56 40 0
36 50 0
41 38 0
Net_id 1
pin_num 5
49 24 0
55 24 0
59 42 0
55 27 0
51 16 0
Net_id 2
pin_num 5
54 28 0
41 35 0
53 29 0
59 45 0
51 25 0
Net_id 3
pin_num 5
38 40 0
31 39 0
32 57 0
52 54 0
38 46 0
Net_id 4
pin_num 5
34 50 0
24 45 0
26 47 0
37 47 0
17 59 0
Net_id 5
pin_num 5
34 37 0
34 20 0
42 16 0
42 31 0
36 45 0
Net_id 6
pin_num 5
39 30 0
52 39 0
59 23 0
59 10 0
36 10 0
Net_id 7
pin_num 5
57 21 0
56 16 0
59 22 0
33 20 0
49 11 0
Net_id 8
pin_num 5
35 31 0
25 19 0
43 28 0
14 19 0
21 6 0
Net_id 9
pin_num 5
28 55 0
22 54 0
35 51 0
22 30 0
9 55 0
Net_id 10
pin_num 5
18 3 0
29 1 0
45 3 0
17 0 0
24 11 0
Net_id 11
pin_num 5
7 1 0
5 3 0
6 9 0
46 3 0
12 0 0
Net_id 12
pin_num 5
37 23 0
49 20 0
32 23 0
57 22 0
44 4 0
Net_id 13
pin_num 5
44 15 0
36 13 0
41 7 0
49 6 0
44 13 0
Net_id 14
pin_num 5
7 2 0
1 0 0
7 0 0
0 15 0
21 4 0
Net_id 15
pin_num 5
32 35 0
26 35 0
40 32 0
43 34 0
27 53 0
Net_id 16
pin_num 5
52 42 0
55 42 0
58 23 0
48 24 0
40 27 0
Net_id 17
pin_num 5
56 49 0
49 58 0
47 37 0
42 39 0
55 44 0
Net_id 18
pin_num 4
43 8 0
35 8 0
35 0 0
54 0 0
Net_id 19
pin_num 4
51 54 0
37 55 0
39 59 0
43 47 0
Net_id 20
pin_num 4
2 2 0
11 10 0
3 23 0
2 8 0
Net_id 21
pin_num 4
45 32 0
45 39 0
57 38 0
59 9 0
Net_id 22
pin_num 4
12 44 0
19 41 0
16 57 0
5 57 0
Net_id 23
pin_num 4
36 39 0
42 32 0
21 32 0
35 14 0
Net_id 24
pin_num 4
38 44 0
43 40 0
57 40 0
53 25 0
Net_id 25
pin_num 4
26 41 0
39 46 0
23 45 0
20 41 0
Net_id 26
pin_num 4
7 47 0
0 39 0
15 41 0
8 29 0
Net_id 27
pin_num 4
53 3 0
59 6 0
54 5 0
57 19 0
Net_id 28
pin_num 4
27 42 0
28 34 0
9 42 0
50 42 0
Net_id 29
pin_num 4
11 37 0
33 48 0
31 59 0
34 48 0
Net_id 30
pin_num 4
2 36 0
10 37 0
9 54 0
18 51 0
Net_id 31
pin_num 4
20 11 0
33 9 0
17 9 0
32 16 0
Net_id 32
pin_num 4
55 53 0
55 59 0
56 45 0
59 47 0
Net_id 33
pin_num 4
30 56 0
20 56 0
19 46 0
9 46 0
Net_id 34
pin_num 4
37 7 0
42 14 0
30 24 0
24 21 0
Net_id 35
pin_num 4
58 4 0
52 8 0
56 9 0
53 5 0
Net_id 36
pin_num 4
5 26 0
4 22 0
12 18 0
30 18 0
Net_id 37
pin_num 4
23 29 0
16 23 0
18 6 0
25 23 0
Net_id 38
pin_num 3
5 18 0
19 2 0
1 8 0
Net_id 39
pin_num 3
20 43 0
33 49 0
25 34 0
Net_id 40
pin_num 3
13 58 0
10 48 0
2 38 0
Net_id 41
pin_num 3
53 53 0
53 55 0
58 22 0
Net_id 42
pin_num 3
45 11 0
39 19 0
58 19 0
Net_id 43
pin_num 3
53 9 0
35 15 0
45 12 0
Net_id 44
pin_num 3
34 10 0
52 16 0
43 1 0
Net_id 45
pin_num 3
7 27 0
14 28 0
0 35 0
Net_id 46
pin_num 3
9 11 0
10 2 0
47 3 0
Net_id 47
pin_num 3
4 23 0
21 33 0
18 2 0
Net_id 48
pin_num 3
35 36 0
37 29 0
40 43 0
Net_id 49
pin_num 3
53 56 0
57 52 0
57 41 0
Net_id 50
pin_num 3
27 0 0
52 12 0
1 6 0
Net_id 51
pin_num 3
44 58 0
49 59 0
50 49 0
Net_id 52
pin_num 3
26 34 0
35 38 0
19 24 0
Net_id 53
pin_num 3
2 3 0
0 5 0
32 5 0
Net_id 54
pin_num 3
12 21 0
9 36 0
19 1 0
Net_id 55
pin_num 3
1 38 0
1 36 0
7 24 0
Net_id 56
pin_num 3
35 45 0
33 39 0
25 49 0
Net_id 57
pin_num 3
31 17 0
22 12 0
23 37 0
Net_id 58
pin_num 3
22 8 0
37 1 0
52 3 0
Net_id 59
pin_num 3
53 45 0
41 56 0
40 44 0
Net_id 60
pin_num 3
26 43 0
11 47 0
2 59 0
Net_id 61
pin_num 3
23 14 0
26 17 0
47 30 0
Net_id 62
pin_num 3
36 31 0
44 28 0
24 16 0
Net_id 63
pin_num 3
38 32 0
21 22 0
6 26 0
Net_id 64
pin_num 3
53 32 0
57 23 0
54 41 0
Net_id 65
pin_num 3
59 55 0
54 52 0
45 48 0
Net_id 66
pin_num 3
49 29 0
33 18 0
58 20 0
Net_id 67
pin_num 3
12 15 0
2 22 0
1 40 0
Net_id 68
pin_num 3
40 17 0
17 10 0
13 6 0
Net_id 69
pin_num 3
30 58 0
9 51 0
18 43 0
Net_id 70
pin_num 3
7 49 0
3 35 0
11 36 0
Net_id 71
pin_num 3
11 18 0
5 27 0
8 2 0
Net_id 72
pin_num 3
27 39 0
16 34 0
4 24 0
Net_id 73
pin_num 3
47 2 0
57 1 0
58 7 0
Net_id 74
pin_num 3
6 56 0
6 48 0
11 59 0
Net_id 75
pin_num 3
36 49 0
18 40 0
45 53 0
Net_id 76
pin_num 3
30 31 0
11 29 0
20 36 0
Net_id 77
pin_num 3
34 8 0
23 8 0
35 4 0
Net_id 78
pin_num 3
8 50 0
0 56 0
33 52 0
Net_id 79
pin_num 3
22 4 0
31 18 0
25 30 0
Net_id 80
pin_num 3
57 43 0
43 57 0
59 44 0
Net_id 81
pin_num 3
16 13 0
24 13 0
23 40 0
Net_id 82
pin_num 2
46 39 0
54 44 0
Net_id 83
pin_num 2
48 17 0
55 20 0
Net_id 84
pin_num 2
30 29 0
26 23 0
Net_id 85
pin_num 2
51 55 0
51 46 0
Net_id 86
pin_num 2
6 44 0
21 49 0
Net_id 87
pin_num 2
31 40 0
15 25 0
Net_id 88
pin_num 2
9 28 0
22 17 0
Net_id 89
pin_num 2
46 53 0
52 58 0
Net_id 90
pin_num 2
11 34 0
1 30 0
Net_id 91
pin_num 2
41 32 0
39 49 0
Net_id 92
pin_num 2
32 0 0
24 12 0
Net_id 93
pin_num 2
50 8 0
37 6 0
Net_id 94
pin_num 2
5 40 0
12 41 0
Net_id 95
pin_num 2
35 54 0
25 48 0
Net_id 96
pin_num 2
16 21 0
4 17 0
Net_id 97
pin_num 2
45 26 0
24 35 0
Net_id 98
pin_num 2
2 7 0
27 11 0
Net_id 99
pin_num 2
18 45 0
17 48 0
Net_id 100
pin_num 2
2 52 0
12 52 0
Net_id 101
pin_num 2
56 10 0
52 10 0
Net_id 102
pin_num 2
16 35 0
12 48 0
Net_id 103
pin_num 2
57 9 0
57 20 0
Net_id 104
pin_num 2
23 28 0
27 28 0
Net_id 105
pin_num 2
49 4 0
45 4 0
Net_id 106
pin_num 2
8 24 0
17 30 0
Net_id 107
pin_num 2
1 15 0
7 10 0
Net_id 108
pin_num 2
58 44 0
54 47 0
Net_id 109
pin_num 2
1 25 0
17 6 0
Net_id 110
pin_num 2
9 30 0
1 22 0
Net_id 111
pin_num 2
21 12 0
16 11 0
Net_id 112
pin_num 2
20 45 0
39 40 0
Net_id 113
pin_num 2
48 50 0
44 50 0
Net_id 114
pin_num 2
15 13 0
5 31 0
Net_id 115
pin_num 2
7 23 0
29 26 0
Net_id 116
pin_num 2
43 22 0
24 34 0
Net_id 117
pin_num 2
52 40 0
44 51 0
Net_id 118
pin_num 2
54 9 0
49 1 0
Net_id 119
pin_num 2
30 4 0
23 21 0
Net_id 120
pin_num 2
31 49 0
13 59 0
Net_id 121
pin_num 2
15 0 0
27 6 0
Net_id 122
pin_num 2
30 44 0
26 46 0
Net_id 123
pin_num 2
7 8 0
14 2 0
Net_id 124
pin_num 2
16 47 0
8 42 0
Net_id 125
pin_num 2
52 36 0
48 28 0
Net_id 126
pin_num 2
32 29 0
47 7 0
Net_id 127
pin_num 2
4 41 0
25 22 0
Net_id 128
pin_num 2
5 55 0
0 57 0
Net_id 129
pin_num 2
39 1 0
41 4 0
Net_id 130
pin_num 2
35 1 0
31 7 0
Net_id 131
pin_num 2
43 36 0
32 36 0
Net_id 132
pin_num 2
8 51 0
2 31 0
Net_id 133
pin_num 2
34 53 0
35 2 0
Net_id 134
pin_num 2
32 38 0
38 47 0
Net_id 135
pin_num 2
19 30 0
24 27 0
Net_id 136
pin_num 2
6 35 0
32 19 0
Net_id 137
pin_num 2
7 19 0
2 39 0
Net_id 138
pin_num 2
41 40 0
35 56 0
Net_id 139
pin_num 2
42 49 0
56 36 0
Net_id 140
pin_num 2
26 45 0
18 36 0
Net_id 141
pin_num 2
46 29 0
33 25 0
Net_id 142
pin_num 2
2 17 0
12 7 0
Net_id 143
pin_num 2
48 40 0
21 50 0
Net_id 144
pin_num 2
48 14 0
43 16 0
Net_id 145
pin_num 2
32 37 0
37 43 0
Net_id 146
pin_num 2
37 51 0
39 50 0
Net_id 147
pin_num 2
39 21 0
30 30 0
Net_id 148
pin_num 2
19 17 0
25 7 0
Net_id 149
pin_num 2
47 43 0
58 21 0
Net_id 150
pin_num 2
42 45 0
51 58 0
Net_id 151
pin_num 2
31 6 0
50 18 0
Net_id 152
pin_num 2
4 7 0
16 3 0
Net_id 153
pin_num 2
8 4 0
3 4 0
Net_id 154
pin_num 2
31 58 0
28 48 0
Net_id 155
pin_num 2
9 20 0
5 12 0
Net_id 156
pin_num 2
36 11 0
40 4 0
Net_id 157
pin_num 2
53 52 0
35 59 0
Net_id 158
pin_num 2
27 1 0
28 4 0
Net_id 159
pin_num 2
13 4 0
4 9 0
Net_id 160
pin_num 2
17 50 0
9 58 0
Net_id 161
pin_num 2
19 10 0
24 10 0
Net_id 162
pin_num 2
50 50 0
59 46 0
Net_id 163
pin_num 2
59 13 0
35 39 0
