Width 60
Height 60
Layer 6
Total_WL 6496
Obstacle_num 144
17 16 0 25 17 0
3 30 0 7 31 0
23 28 0 31 29 0
39 12 0 47 13 0
5 22 0 11 23 0
49 51 0 55 52 0
49 41 0 58 42 0
20 31 0 27 32 0
14 32 0 24 33 0
50 55 0 58 56 0
47 20 0 50 21 0
29 12 0 39 13 0
34 2 0 37 3 0
11 39 0 21 40 0
18 14 0 26 15 0
26 23 0 31 24 0
39 16 0 47 17 0
22 8 0 29 9 0
15 46 0 18 47 0
26 47 0 31 48 0
40 26 0 45 27 0
41 51 0 48 52 0
43 9 0 51 10 0
6 26 0 14 27 0
20 18 1 21 27 1
10 37 1 11 47 1
28 41 1 29 45 1
43 27 1 44 36 1
32 24 1 33 31 1
43 2 1 44 12 1
1 24 1 2 28 1
57 52 1 58 55 1
41 36 1 42 39 1
26 9 1 27 17 1
34 15 1 35 19 1
7 9 1 8 16 1
55 40 1 56 45 1
11 33 1 12 41 1
30 15 1 31 19 1
47 24 1 48 31 1
22 21 1 23 24 1
47 8 1 48 18 1
16 55 1 17 59 1
6 28 1 7 33 1
57 12 1 58 17 1
24 8 1 25 17 1
19 25 1 20 33 1
34 25 1 35 29 1
50 58 2 56 59 2
23 55 2 29 56 2
36 9 2 45 10 2
38 35 2 44 36 2
43 11 2 53 12 2
45 53 2 54 54 2
19 13 2 23 14 2
28 0 2 37 1 2
56 29 2 59 30 2
27 49 2 37 50 2
41 4 2 51 5 2
17 15 2 25 16 2
52 56 2 57 57 2
17 9 2 21 10 2
11 7 2 20 8 2
1 44 2 4 45 2
43 50 2 52 51 2
27 17 2 33 18 2
25 22 2 29 23 2
14 53 2 23 54 2
6 17 2 16 18 2
40 55 2 43 56 2
33 36 2 43 37 2
36 55 2 40 56 2
22 45 3 23 53 3
21 30 3 22 37 3
58 44 3 59 52 3
40 18 3 41 27 3
18 34 3 19 39 3
37 9 3 38 13 3
5 7 3 6 15 3
45 47 3 46 52 3
10 38 3 11 45 3
37 23 3 38 30 3
22 32 3 23 40 3
15 32 3 16 40 3
31 27 3 32 35 3
47 32 3 48 42 3
35 40 3 36 47 3
48 53 3 49 58 3
20 8 3 21 16 3
30 11 3 31 21 3
6 45 3 7 48 3
48 7 3 49 10 3
44 46 3 45 49 3
17 35 3 18 39 3
9 53 3 10 59 3
42 0 3 43 6 3
22 39 4 26 40 4
18 11 4 22 12 4
3 18 4 8 19 4
37 58 4 40 59 4
19 40 4 29 41 4
17 57 4 25 58 4
23 52 4 32 53 4
49 40 4 56 41 4
31 11 4 41 12 4
32 54 4 41 55 4
9 2 4 18 3 4
46 25 4 55 26 4
0 10 4 8 11 4
0 53 4 6 54 4
39 9 4 47 10 4
13 30 4 19 31 4
42 0 4 51 1 4
25 4 4 31 5 4
11 32 4 15 33 4
42 43 4 52 44 4
26 48 4 35 49 4
55 28 4 59 29 4
8 14 4 13 15 4
7 9 4 15 10 4
25 37 5 26 45 5
27 36 5 28 42 5
8 36 5 9 45 5
24 50 5 25 59 5
31 23 5 32 29 5
37 48 5 38 57 5
4 22 5 5 25 5
32 19 5 33 23 5
19 34 5 20 40 5
20 23 5 21 26 5
24 29 5 25 32 5
54 41 5 55 51 5
13 13 5 14 22 5
7 50 5 8 59 5
58 54 5 59 57 5
32 39 5 33 48 5
26 15 5 27 23 5
37 24 5 38 33 5
39 24 5 40 30 5
38 19 5 39 28 5
8 15 5 9 22 5
6 37 5 7 47 5
1 36 5 2 39 5
0 0 5 1 8 5
Net_num 161
Net_id 0
pin_num 5
16 4 0
26 0 0
22 9 0
19 1 0
25 23 0
Net_id 1
pin_num 5
6 51 0
19 59 0
30 59 0
29 53 0
38 59 0
Net_id 2
pin_num 5
35 3 0
40 3 0
53 0 0
37 1 0
56 0 0
Net_id 3
pin_num 5
59 7 0
47 7 0
24 7 0
58 1 0
46 1 0
Net_id 4
pin_num 5
25 9 0
27 4 0
37 5 0
36 24 0
30 6 0
Net_id 5
pin_num 5
5 36 0
20 36 0
20 52 0
13 29 0
29 43 0
Net_id 6
pin_num 5
16 23 0
23 23 0
21 34 0
19 15 0
14 42 0
Net_id 7
pin_num 5
25 13 0
16 14 0
23 26 0
18 0 0
17 25 0
Net_id 8
pin_num 5
22 22 0
26 34 0
14 28 0
38 23 0
34 32 0
Net_id 9
pin_num 5
1 6 0
9 9 0
4 13 0
0 6 0
0 17 0
Net_id 10
pin_num 5
32 21 0
28 25 0
20 21 0
29 5 0
28 14 0
Net_id 11
pin_num 5
5 58 0
2 57 0
3 44 0
8 44 0
0 46 0
Net_id 12
pin_num 5
43 54 0
52 47 0
56 50 0
58 59 0
42 54 0
Net_id 13
pin_num 5
6 56 0
18 58 0
16 52 0
15 42 0
4 52 0
Net_id 14
pin_num 5
23 33 0
35 37 0
4 36 0
29 4 0
14 43 0
Net_id 15
pin_num 5
16 42 0
21 39 0
0 42 0
16 31 0
18 52 0
Net_id 16
pin_num 5
11 59 0
5 49 0
1 43 0
26 49 0
17 52 0
Net_id 17
pin_num 5
8 58 0
19 56 0
12 53 0
21 44 0
13 41 0
Net_id 18
pin_num 5
54 25 0
48 25 0
49 13 0
49 35 0
41 14 0
Net_id 19
pin_num 4
12 4 0
27 14 0
15 31 0
23 17 0
Net_id 20
pin_num 4
30 16 0
27 27 0
37 20 0
18 20 0
Net_id 21
pin_num 4
26 32 0
31 24 0
5 26 0
24 40 0
Net_id 22
pin_num 4
1 51 0
12 42 0
0 43 0
16 45 0
Net_id 23
pin_num 4
10 57 0
2 48 0
17 45 0
1 52 0
Net_id 24
pin_num 4
54 11 0
46 11 0
59 18 0
50 12 0
Net_id 25
pin_num 4
47 52 0
33 53 0
42 37 0
31 53 0
Net_id 26
pin_num 4
16 6 0
30 8 0
20 3 0
35 0 0
Net_id 27
pin_num 4
2 12 0
0 7 0
11 0 0
1 8 0
Net_id 28
pin_num 4
8 41 0
10 24 0
10 30 0
33 35 0
Net_id 29
pin_num 4
12 14 0
28 19 0
4 19 0
39 15 0
Net_id 30
pin_num 4
27 10 0
41 1 0
59 6 0
59 19 0
Net_id 31
pin_num 4
18 46 0
25 46 0
19 41 0
27 51 0
Net_id 32
pin_num 4
45 39 0
48 51 0
47 33 0
34 39 0
Net_id 33
pin_num 4
33 47 0
36 43 0
30 42 0
49 43 0
Net_id 34
pin_num 4
45 32 0
36 36 0
55 34 0
50 26 0
Net_id 35
pin_num 4
7 8 0
1 5 0
2 25 0
18 26 0
Net_id 36
pin_num 4
59 15 0
56 27 0
37 27 0
37 45 0
Net_id 37
pin_num 4
27 29 0
30 41 0
33 37 0
49 38 0
Net_id 38
pin_num 3
51 49 0
58 48 0
28 57 0
Net_id 39
pin_num 3
33 11 0
36 1 0
23 1 0
Net_id 40
pin_num 3
55 14 0
59 4 0
27 12 0
Net_id 41
pin_num 3
9 30 0
5 37 0
5 48 0
Net_id 42
pin_num 3
38 50 0
34 29 0
26 40 0
Net_id 43
pin_num 3
4 59 0
5 59 0
41 42 0
Net_id 44
pin_num 3
56 48 0
56 45 0
46 59 0
Net_id 45
pin_num 3
44 21 0
41 13 0
45 26 0
Net_id 46
pin_num 3
26 37 0
41 31 0
9 38 0
Net_id 47
pin_num 3
2 52 0
1 56 0
20 56 0
Net_id 48
pin_num 3
5 9 0
8 4 0
9 0 0
Net_id 49
pin_num 3
46 44 0
43 53 0
22 37 0
Net_id 50
pin_num 3
49 17 0
53 19 0
30 22 0
Net_id 51
pin_num 3
18 41 0
15 33 0
31 33 0
Net_id 52
pin_num 3
34 41 0
42 41 0
40 11 0
Net_id 53
pin_num 3
48 32 0
54 35 0
44 35 0
Net_id 54
pin_num 3
13 55 0
2 47 0
0 35 0
Net_id 55
pin_num 3
41 28 0
55 37 0
49 37 0
Net_id 56
pin_num 3
34 4 0
23 10 0
33 24 0
Net_id 57
pin_num 3
46 46 0
51 39 0
56 58 0
Net_id 58
pin_num 3
14 27 0
25 25 0
0 22 0
Net_id 59
pin_num 3
15 40 0
17 37 0
11 44 0
Net_id 60
pin_num 3
30 13 0
41 17 0
5 17 0
Net_id 61
pin_num 3
54 40 0
57 47 0
26 51 0
Net_id 62
pin_num 3
52 3 0
50 22 0
59 35 0
Net_id 63
pin_num 3
24 15 0
31 22 0
51 16 0
Net_id 64
pin_num 3
48 6 0
44 33 0
40 8 0
Net_id 65
pin_num 3
27 52 0
18 45 0
10 51 0
Net_id 66
pin_num 3
14 37 0
8 37 0
9 29 0
Net_id 67
pin_num 3
30 54 0
1 54 0
16 51 0
Net_id 68
pin_num 3
40 30 0
36 37 0
39 23 0
Net_id 69
pin_num 3
58 37 0
42 27 0
53 22 0
Net_id 70
pin_num 3
42 10 0
41 18 0
12 2 0
Net_id 71
pin_num 3
38 56 0
30 57 0
32 48 0
Net_id 72
pin_num 3
36 54 0
41 47 0
28 46 0
Net_id 73
pin_num 3
24 35 0
14 13 0
6 25 0
Net_id 74
pin_num 3
24 3 0
28 4 0
1 11 0
Net_id 75
pin_num 3
42 35 0
33 42 0
26 26 0
Net_id 76
pin_num 3
55 48 0
41 55 0
53 32 0
Net_id 77
pin_num 3
37 23 0
21 12 0
45 15 0
Net_id 78
pin_num 3
21 9 0
12 10 0
0 19 0
Net_id 79
pin_num 3
56 21 0
48 17 0
59 1 0
Net_id 80
pin_num 2
54 22 0
52 18 0
Net_id 81
pin_num 2
12 40 0
7 40 0
Net_id 82
pin_num 2
44 47 0
57 56 0
Net_id 83
pin_num 2
0 15 0
12 13 0
Net_id 84
pin_num 2
10 50 0
4 32 0
Net_id 85
pin_num 2
59 21 0
57 23 0
Net_id 86
pin_num 2
48 42 0
59 38 0
Net_id 87
pin_num 2
47 17 0
41 23 0
Net_id 88
pin_num 2
0 3 0
8 20 0
Net_id 89
pin_num 2
2 11 0
16 10 0
Net_id 90
pin_num 2
40 48 0
25 42 0
Net_id 91
pin_num 2
28 52 0
32 42 0
Net_id 92
pin_num 2
47 35 0
55 51 0
Net_id 93
pin_num 2
5 16 0
9 6 0
Net_id 94
pin_num 2
37 14 0
27 11 0
Net_id 95
pin_num 2
30 24 0
17 24 0
Net_id 96
pin_num 2
19 34 0
34 24 0
Net_id 97
pin_num 2
19 50 0
35 55 0
Net_id 98
pin_num 2
21 40 0
30 56 0
Net_id 99
pin_num 2
19 49 0
31 45 0
Net_id 100
pin_num 2
50 39 0
36 48 0
Net_id 101
pin_num 2
15 51 0
9 43 0
Net_id 102
pin_num 2
46 35 0
54 36 0
Net_id 103
pin_num 2
6 49 0
16 43 0
Net_id 104
pin_num 2
44 41 0
49 58 0
Net_id 105
pin_num 2
54 30 0
47 31 0
Net_id 106
pin_num 2
35 30 0
24 41 0
Net_id 107
pin_num 2
8 1 0
1 14 0
Net_id 108
pin_num 2
10 44 0
1 57 0
Net_id 109
pin_num 2
31 48 0
24 48 0
Net_id 110
pin_num 2
42 38 0
57 46 0
Net_id 111
pin_num 2
7 59 0
21 45 0
Net_id 112
pin_num 2
56 53 0
37 47 0
Net_id 113
pin_num 2
6 43 0
11 41 0
Net_id 114
pin_num 2
4 2 0
6 10 0
Net_id 115
pin_num 2
3 9 0
4 14 0
Net_id 116
pin_num 2
55 19 0
53 5 0
Net_id 117
pin_num 2
35 25 0
41 21 0
Net_id 118
pin_num 2
28 42 0
42 31 0
Net_id 119
pin_num 2
40 15 0
48 33 0
Net_id 120
pin_num 2
54 5 0
57 26 0
Net_id 121
pin_num 2
41 6 0
24 23 0
Net_id 122
pin_num 2
52 58 0
50 59 0
Net_id 123
pin_num 2
59 28 0
51 52 0
Net_id 124
pin_num 2
10 46 0
6 37 0
Net_id 125
pin_num 2
38 5 0
43 5 0
Net_id 126
pin_num 2
20 7 0
32 10 0
Net_id 127
pin_num 2
40 25 0
51 36 0
Net_id 128
pin_num 2
34 42 0
40 43 0
Net_id 129
pin_num 2
48 29 0
39 1 0
Net_id 130
pin_num 2
21 56 0
25 51 0
Net_id 131
pin_num 2
11 6 0
3 2 0
Net_id 132
pin_num 2
15 9 0
24 17 0
Net_id 133
pin_num 2
9 16 0
1 29 0
Net_id 134
pin_num 2
16 30 0
11 5 0
Net_id 135
pin_num 2
50 31 0
58 35 0
Net_id 136
pin_num 2
36 38 0
23 53 0
Net_id 137
pin_num 2
18 30 0
21 19 0
Net_id 138
pin_num 2
21 52 0
30 38 0
Net_id 139
pin_num 2
37 10 0
40 4 0
Net_id 140
pin_num 2
46 4 0
51 6 0
Net_id 141
pin_num 2
45 11 0
36 11 0
Net_id 142
pin_num 2
33 58 0
38 58 0
Net_id 143
pin_num 2
45 14 0
50 6 0
Net_id 144
pin_num 2
55 20 0
33 28 0
Net_id 145
pin_num 2
14 10 0
1 20 0
Net_id 146
pin_num 2
56 34 0
57 45 0
Net_id 147
pin_num 2
7 3 0
27 2 0
Net_id 148
pin_num 2
38 46 0
29 51 0
Net_id 149
pin_num 2
39 38 0
38 18 0
Net_id 150
pin_num 2
46 43 0
36 57 0
Net_id 151
pin_num 2
3 49 0
10 55 0
Net_id 152
pin_num 2
3 42 0
26 38 0
Net_id 153
pin_num 2
10 31 0
0 30 0
Net_id 154
pin_num 2
29 58 0
21 58 0
Net_id 155
pin_num 2
58 3 0
45 5 0
Net_id 156
pin_num 2
13 23 0
13 17 0
Net_id 157
pin_num 2
34 9 0
51 15 0
Net_id 158
pin_num 2
36 25 0
41 29 0
Net_id 159
pin_num 2
18 3 0
16 20 0
Net_id 160
pin_num 2
49 32 0
58 26 0
