Width 60
Height 60
Layer 6
Total_WL 6505
Obstacle_num 144
44 55 0 54 56 0
5 45 0 10 46 0
53 26 0 58 27 0
3 40 0 7 41 0
28 15 0 31 16 0
21 40 0 27 41 0
44 20 0 48 21 0
46 57 0 55 58 0
34 17 0 39 18 0
40 48 0 50 49 0
18 12 0 28 13 0
42 47 0 48 48 0
25 0 0 28 1 0
18 49 0 26 50 0
27 16 0 37 17 0
40 36 0 45 37 0
13 46 0 20 47 0
16 58 0 26 59 0
17 2 0 22 3 0
28 36 0 36 37 0
32 35 0 39 36 0
49 46 0 54 47 0
9 9 0 16 10 0
26 34 0 36 35 0
43 40 1 44 50 1
53 22 1 54 27 1
23 6 1 24 16 1
36 2 1 37 6 1
32 32 1 33 41 1
16 10 1 17 19 1
12 32 1 13 35 1
34 47 1 35 54 1
29 44 1 30 52 1
33 15 1 34 25 1
46 28 1 47 34 1
41 26 1 42 32 1
0 44 1 1 51 1
6 20 1 7 28 1
18 27 1 19 34 1
20 44 1 21 52 1
49 9 1 50 18 1
39 35 1 40 40 1
45 49 1 46 59 1
16 3 1 17 10 1
11 6 1 12 11 1
47 35 1 48 39 1
27 15 1 28 23 1
5 39 1 6 44 1
4 11 2 11 12 2
31 13 2 35 14 2
15 54 2 18 55 2
39 7 2 48 8 2
50 2 2 59 3 2
30 24 2 37 25 2
5 10 2 8 11 2
3 26 2 8 27 2
42 27 2 47 28 2
0 23 2 8 24 2
25 16 2 31 17 2
5 7 2 11 8 2
28 12 2 38 13 2
51 5 2 54 6 2
12 33 2 22 34 2
1 42 2 11 43 2
45 44 2 48 45 2
5 29 2 8 30 2
36 26 2 39 27 2
38 3 2 41 4 2
2 20 2 8 21 2
14 31 2 22 32 2
8 56 2 16 57 2
34 28 2 43 29 2
34 28 3 35 36 3
14 28 3 15 32 3
52 2 3 53 7 3
43 51 3 44 59 3
30 3 3 31 10 3
56 16 3 57 19 3
42 15 3 43 21 3
23 2 3 24 7 3
52 49 3 53 54 3
22 21 3 23 30 3
14 43 3 15 51 3
47 31 3 48 40 3
40 13 3 41 23 3
2 44 3 3 52 3
26 42 3 27 47 3
28 12 3 29 19 3
21 43 3 22 50 3
36 3 3 37 13 3
19 19 3 20 28 3
52 37 3 53 43 3
27 28 3 28 32 3
32 29 3 33 37 3
43 2 3 44 5 3
44 2 3 45 11 3
21 28 4 25 29 4
37 27 4 43 28 4
51 20 4 55 21 4
38 19 4 44 20 4
2 49 4 7 50 4
40 38 4 47 39 4
15 53 4 25 54 4
49 6 4 56 7 4
52 48 4 56 49 4
46 31 4 51 32 4
24 48 4 29 49 4
25 24 4 34 25 4
43 20 4 49 21 4
14 7 4 23 8 4
48 24 4 56 25 4
33 51 4 41 52 4
26 17 4 29 18 4
17 22 4 21 23 4
53 49 4 58 50 4
17 9 4 21 10 4
34 50 4 40 51 4
32 15 4 35 16 4
40 23 4 45 24 4
35 22 4 38 23 4
51 18 5 52 23 5
17 10 5 18 19 5
13 23 5 14 32 5
29 10 5 30 17 5
28 1 5 29 11 5
21 20 5 22 29 5
47 34 5 48 41 5
35 55 5 36 58 5
17 31 5 18 34 5
34 6 5 35 13 5
40 18 5 41 28 5
45 49 5 46 53 5
50 45 5 51 55 5
51 0 5 52 9 5
20 11 5 21 19 5
13 36 5 14 45 5
57 26 5 58 34 5
35 37 5 36 45 5
16 36 5 17 42 5
15 6 5 16 16 5
38 21 5 39 30 5
40 38 5 41 47 5
47 45 5 48 51 5
18 41 5 19 45 5
Net_num 158
Net_id 0
pin_num 5
31 23 0
38 23 0
37 6 0
24 6 0
36 36 0
Net_id 1
pin_num 5
17 49 0
27 54 0
26 49 0
46 51 0
40 59 0
Net_id 2
pin_num 5
23 45 0
10 41 0
12 25 0
28 59 0
8 51 0
Net_id 3
pin_num 5
27 57 0
44 54 0
39 59 0
29 58 0
35 39 0
Net_id 4
pin_num 5
32 37 0
27 40 0
30 43 0
34 46 0
30 13 0
Net_id 5
pin_num 5
53 53 0
40 53 0
55 59 0
55 36 0
40 55 0
Net_id 6
pin_num 5
38 54 0
30 54 0
36 58 0
37 40 0
12 46 0
Net_id 7
pin_num 5
28 30 0
24 43 0
24 50 0
29 43 0
26 10 0
Net_id 8
pin_num 5
15 42 0
28 48 0
2 42 0
28 55 0
17 27 0
Net_id 9
pin_num 5
26 18 0
37 18 0
36 11 0
19 22 0
30 0 0
Net_id 10
pin_num 5
22 27 0
2 27 0
21 19 0
0 34 0
8 34 0
Net_id 11
pin_num 5
22 8 0
18 1 0
32 1 0
5 0 0
10 18 0
Net_id 12
pin_num 5
4 29 0
6 19 0
23 27 0
9 13 0
9 50 0
Net_id 13
pin_num 5
27 29 0
25 32 0
25 7 0
5 21 0
18 24 0
Net_id 14
pin_num 5
15 23 0
10 23 0
0 26 0
2 36 0
19 24 0
Net_id 15
pin_num 5
42 5 0
56 5 0
40 0 0
50 26 0
29 20 0
Net_id 16
pin_num 5
12 57 0
2 59 0
21 57 0
15 38 0
18 48 0
Net_id 17
pin_num 5
37 9 0
44 9 0
39 0 0
41 14 0
17 22 0
Net_id 18
pin_num 5
33 20 0
46 24 0
4 21 0
51 21 0
31 30 0
Net_id 19
pin_num 5
18 36 0
22 29 0
17 28 0
27 32 0
33 40 0
Net_id 20
pin_num 4
54 32 0
47 43 0
49 59 0
56 59 0
Net_id 21
pin_num 4
53 11 0
54 22 0
59 13 0
43 17 0
Net_id 22
pin_num 4
0 18 0
3 35 0
3 41 0
1 37 0
Net_id 23
pin_num 4
42 15 0
38 5 0
25 33 0
45 33 0
Net_id 24
pin_num 4
55 40 0
39 48 0
40 58 0
34 51 0
Net_id 25
pin_num 4
36 15 0
50 18 0
49 30 0
59 26 0
Net_id 26
pin_num 4
52 48 0
34 38 0
38 58 0
46 50 0
Net_id 27
pin_num 4
52 37 0
46 37 0
59 28 0
59 34 0
Net_id 28
pin_num 4
7 17 0
6 36 0
16 33 0
1 12 0
Net_id 29
pin_num 4
58 52 0
41 58 0
59 59 0
59 46 0
Net_id 30
pin_num 4
16 52 0
31 49 0
23 39 0
41 41 0
Net_id 31
pin_num 4
8 0 0
25 4 0
10 5 0
15 10 0
Net_id 32
pin_num 4
32 21 0
41 21 0
35 37 0
34 0 0
Net_id 33
pin_num 4
22 1 0
18 17 0
8 13 0
13 26 0
Net_id 34
pin_num 4
4 31 0
4 43 0
0 22 0
19 31 0
Net_id 35
pin_num 4
31 15 0
52 18 0
33 3 0
16 19 0
Net_id 36
pin_num 4
11 49 0
0 43 0
19 43 0
3 48 0
Net_id 37
pin_num 4
1 22 0
15 22 0
12 6 0
9 35 0
Net_id 38
pin_num 3
9 28 0
10 37 0
15 19 0
Net_id 39
pin_num 3
27 11 0
35 13 0
22 19 0
Net_id 40
pin_num 3
5 1 0
22 2 0
7 8 0
Net_id 41
pin_num 3
38 3 0
57 24 0
55 12 0
Net_id 42
pin_num 3
47 35 0
39 34 0
43 23 0
Net_id 43
pin_num 3
21 31 0
28 31 0
26 28 0
Net_id 44
pin_num 3
11 14 0
21 14 0
17 0 0
Net_id 45
pin_num 3
0 36 0
7 44 0
2 40 0
Net_id 46
pin_num 3
17 7 0
10 15 0
35 14 0
Net_id 47
pin_num 3
30 30 0
19 27 0
24 53 0
Net_id 48
pin_num 3
24 15 0
35 3 0
4 1 0
Net_id 49
pin_num 3
38 48 0
27 53 0
25 34 0
Net_id 50
pin_num 3
46 42 0
58 35 0
42 49 0
Net_id 51
pin_num 3
42 45 0
49 45 0
48 58 0
Net_id 52
pin_num 3
48 2 0
53 0 0
53 18 0
Net_id 53
pin_num 3
16 23 0
16 29 0
7 16 0
Net_id 54
pin_num 3
34 14 0
21 15 0
13 15 0
Net_id 55
pin_num 3
44 8 0
29 23 0
52 10 0
Net_id 56
pin_num 3
20 0 0
11 25 0
1 41 0
Net_id 57
pin_num 3
11 53 0
30 56 0
40 54 0
Net_id 58
pin_num 3
38 29 0
25 25 0
13 8 0
Net_id 59
pin_num 3
35 2 0
41 3 0
47 4 0
Net_id 60
pin_num 3
27 3 0
45 19 0
4 10 0
Net_id 61
pin_num 3
38 41 0
31 55 0
6 59 0
Net_id 62
pin_num 3
44 19 0
21 29 0
40 49 0
Net_id 63
pin_num 3
45 35 0
38 39 0
46 26 0
Net_id 64
pin_num 3
43 44 0
48 49 0
54 25 0
Net_id 65
pin_num 3
16 32 0
2 41 0
2 19 0
Net_id 66
pin_num 3
57 31 0
38 31 0
48 38 0
Net_id 67
pin_num 3
27 10 0
33 2 0
39 4 0
Net_id 68
pin_num 3
54 50 0
58 50 0
59 51 0
Net_id 69
pin_num 3
55 57 0
53 56 0
58 39 0
Net_id 70
pin_num 3
59 32 0
51 30 0
31 31 0
Net_id 71
pin_num 3
5 5 0
4 2 0
1 11 0
Net_id 72
pin_num 3
57 27 0
43 29 0
42 1 0
Net_id 73
pin_num 3
1 42 0
12 49 0
5 55 0
Net_id 74
pin_num 3
57 33 0
58 30 0
31 32 0
Net_id 75
pin_num 3
33 46 0
28 41 0
46 43 0
Net_id 76
pin_num 3
57 56 0
52 47 0
49 54 0
Net_id 77
pin_num 3
8 6 0
1 6 0
0 14 0
Net_id 78
pin_num 3
37 56 0
27 50 0
39 41 0
Net_id 79
pin_num 2
10 55 0
1 56 0
Net_id 80
pin_num 2
2 9 0
8 35 0
Net_id 81
pin_num 2
12 43 0
11 35 0
Net_id 82
pin_num 2
43 24 0
48 30 0
Net_id 83
pin_num 2
5 29 0
10 29 0
Net_id 84
pin_num 2
23 38 0
16 39 0
Net_id 85
pin_num 2
27 37 0
32 58 0
Net_id 86
pin_num 2
35 24 0
25 24 0
Net_id 87
pin_num 2
41 37 0
34 37 0
Net_id 88
pin_num 2
47 46 0
53 49 0
Net_id 89
pin_num 2
54 7 0
57 6 0
Net_id 90
pin_num 2
43 33 0
42 21 0
Net_id 91
pin_num 2
30 55 0
23 37 0
Net_id 92
pin_num 2
18 8 0
25 3 0
Net_id 93
pin_num 2
32 27 0
31 21 0
Net_id 94
pin_num 2
40 30 0
58 24 0
Net_id 95
pin_num 2
1 8 0
2 1 0
Net_id 96
pin_num 2
58 23 0
57 18 0
Net_id 97
pin_num 2
42 39 0
20 57 0
Net_id 98
pin_num 2
27 19 0
37 24 0
Net_id 99
pin_num 2
28 38 0
33 33 0
Net_id 100
pin_num 2
33 31 0
18 20 0
Net_id 101
pin_num 2
39 55 0
23 57 0
Net_id 102
pin_num 2
4 45 0
3 44 0
Net_id 103
pin_num 2
55 19 0
52 25 0
Net_id 104
pin_num 2
24 0 0
11 4 0
Net_id 105
pin_num 2
56 16 0
55 33 0
Net_id 106
pin_num 2
19 7 0
29 31 0
Net_id 107
pin_num 2
31 17 0
24 17 0
Net_id 108
pin_num 2
57 47 0
50 39 0
Net_id 109
pin_num 2
32 42 0
38 42 0
Net_id 110
pin_num 2
40 47 0
7 50 0
Net_id 111
pin_num 2
9 38 0
27 23 0
Net_id 112
pin_num 2
14 26 0
17 23 0
Net_id 113
pin_num 2
17 40 0
29 42 0
Net_id 114
pin_num 2
57 46 0
46 40 0
Net_id 115
pin_num 2
43 13 0
11 30 0
Net_id 116
pin_num 2
53 37 0
59 37 0
Net_id 117
pin_num 2
44 46 0
26 55 0
Net_id 118
pin_num 2
1 15 0
8 15 0
Net_id 119
pin_num 2
47 2 0
37 3 0
Net_id 120
pin_num 2
30 8 0
44 15 0
Net_id 121
pin_num 2
38 33 0
56 25 0
Net_id 122
pin_num 2
24 39 0
45 2 0
Net_id 123
pin_num 2
40 4 0
35 0 0
Net_id 124
pin_num 2
9 2 0
14 2 0
Net_id 125
pin_num 2
14 52 0
9 44 0
Net_id 126
pin_num 2
33 9 0
15 3 0
Net_id 127
pin_num 2
57 3 0
47 6 0
Net_id 128
pin_num 2
7 41 0
6 44 0
Net_id 129
pin_num 2
6 54 0
8 54 0
Net_id 130
pin_num 2
53 24 0
46 8 0
Net_id 131
pin_num 2
47 21 0
59 35 0
Net_id 132
pin_num 2
37 0 0
32 5 0
Net_id 133
pin_num 2
47 36 0
45 26 0
Net_id 134
pin_num 2
3 12 0
11 11 0
Net_id 135
pin_num 2
56 45 0
52 56 0
Net_id 136
pin_num 2
26 2 0
31 2 0
Net_id 137
pin_num 2
16 37 0
39 42 0
Net_id 138
pin_num 2
45 54 0
59 41 0
Net_id 139
pin_num 2
59 31 0
26 37 0
Net_id 140
pin_num 2
34 15 0
43 26 0
Net_id 141
pin_num 2
32 3 0
24 5 0
Net_id 142
pin_num 2
59 42 0
53 38 0
Net_id 143
pin_num 2
8 10 0
18 9 0
Net_id 144
pin_num 2
5 37 0
1 19 0
Net_id 145
pin_num 2
42 25 0
53 19 0
Net_id 146
pin_num 2
38 45 0
42 58 0
Net_id 147
pin_num 2
8 38 0
4 38 0
Net_id 148
pin_num 2
16 10 0
31 0 0
Net_id 149
pin_num 2
20 16 0
33 26 0
Net_id 150
pin_num 2
37 7 0
22 11 0
Net_id 151
pin_num 2
12 59 0
6 58 0
Net_id 152
pin_num 2
49 56 0
44 32 0
Net_id 153
pin_num 2
50 28 0
57 25 0
Net_id 154
pin_num 2
52 23 0
38 7 0
Net_id 155
pin_num 2
25 2 0
6 8 0
Net_id 156
pin_num 2
23 32 0
3 38 0
Net_id 157
pin_num 2
1 34 0
7 28 0
