Width 60
Height 60
Layer 6
Total_WL 7034
Obstacle_num 144
4 15 0 7 16 0
30 33 0 36 34 0
42 22 0 52 23 0
48 4 0 56 5 0
20 9 0 25 10 0
30 12 0 37 13 0
24 23 0 27 24 0
1 13 0 10 14 0
22 34 0 28 35 0
23 36 0 33 37 0
48 55 0 51 56 0
23 57 0 31 58 0
11 46 0 16 47 0
16 3 0 26 4 0
14 1 0 19 2 0
10 6 0 19 7 0
20 54 0 26 55 0
0 39 0 7 40 0
17 24 0 24 25 0
45 42 0 51 43 0
11 11 0 16 12 0
49 38 0 52 39 0
2 5 0 6 6 0
27 46 0 31 47 0
32 18 1 33 26 1
28 2 1 29 9 1
26 37 1 27 41 1
22 25 1 23 28 1
43 28 1 44 35 1
29 10 1 30 19 1
12 13 1 13 21 1
48 37 1 49 46 1
37 43 1 38 53 1
21 7 1 22 14 1
23 3 1 24 9 1
21 35 1 22 42 1
9 28 1 10 32 1
14 14 1 15 21 1
35 7 1 36 10 1
56 14 1 57 23 1
30 14 1 31 18 1
8 16 1 9 21 1
51 2 1 52 6 1
4 0 1 5 6 1
11 18 1 12 27 1
15 15 1 16 23 1
49 18 1 50 28 1
43 18 1 44 21 1
35 5 2 38 6 2
52 57 2 59 58 2
40 50 2 45 51 2
8 14 2 11 15 2
22 24 2 30 25 2
16 2 2 19 3 2
14 7 2 24 8 2
10 49 2 13 50 2
38 44 2 42 45 2
25 47 2 35 48 2
7 26 2 15 27 2
32 32 2 38 33 2
38 48 2 45 49 2
47 13 2 53 14 2
21 35 2 25 36 2
38 37 2 42 38 2
5 43 2 11 44 2
29 34 2 33 35 2
43 57 2 47 58 2
43 29 2 53 30 2
5 36 2 14 37 2
32 37 2 38 38 2
37 22 2 45 23 2
28 26 2 33 27 2
35 25 3 36 32 3
14 35 3 15 41 3
11 22 3 12 27 3
40 52 3 41 56 3
27 2 3 28 5 3
28 19 3 29 22 3
11 32 3 12 42 3
51 32 3 52 41 3
21 19 3 22 26 3
19 6 3 20 12 3
27 17 3 28 20 3
57 38 3 58 48 3
38 4 3 39 14 3
13 43 3 14 48 3
15 35 3 16 38 3
29 28 3 30 31 3
31 46 3 32 54 3
9 0 3 10 10 3
34 12 3 35 15 3
53 53 3 54 57 3
13 3 3 14 6 3
40 46 3 41 52 3
19 18 3 20 27 3
24 43 3 25 49 3
3 56 4 13 57 4
7 54 4 11 55 4
3 30 4 13 31 4
18 10 4 25 11 4
7 38 4 10 39 4
41 50 4 51 51 4
47 40 4 54 41 4
2 32 4 7 33 4
23 24 4 28 25 4
23 12 4 29 13 4
0 46 4 9 47 4
34 43 4 40 44 4
17 42 4 27 43 4
9 47 4 14 48 4
18 48 4 22 49 4
16 29 4 21 30 4
0 20 4 3 21 4
47 15 4 53 16 4
11 35 4 20 36 4
17 2 4 24 3 4
11 57 4 16 58 4
16 41 4 21 42 4
32 57 4 41 58 4
17 49 4 24 50 4
45 32 5 46 41 5
11 28 5 12 36 5
19 35 5 20 39 5
50 14 5 51 18 5
57 37 5 58 46 5
11 4 5 12 10 5
20 38 5 21 48 5
1 20 5 2 29 5
40 42 5 41 45 5
31 23 5 32 26 5
33 38 5 34 48 5
7 5 5 8 10 5
28 45 5 29 55 5
35 39 5 36 45 5
28 30 5 29 34 5
1 5 5 2 15 5
40 37 5 41 40 5
8 41 5 9 50 5
7 40 5 8 49 5
38 8 5 39 12 5
38 5 5 39 8 5
49 46 5 50 49 5
54 36 5 55 41 5
25 24 5 26 28 5
Net_num 160
Net_id 0
pin_num 5
53 31 0
44 42 0
45 59 0
59 38 0
47 48 0
Net_id 1
pin_num 5
24 15 0
36 16 0
27 35 0
46 25 0
38 18 0
Net_id 2
pin_num 5
2 15 0
17 17 0
25 17 0
4 35 0
25 37 0
Net_id 3
pin_num 5
19 32 0
14 45 0
20 39 0
14 35 0
5 34 0
Net_id 4
pin_num 5
24 51 0
38 47 0
27 48 0
38 56 0
13 59 0
Net_id 5
pin_num 5
53 41 0
42 41 0
45 44 0
59 58 0
53 49 0
Net_id 6
pin_num 5
36 47 0
26 47 0
33 36 0
43 26 0
32 17 0
Net_id 7
pin_num 5
13 19 0
11 28 0
30 23 0
30 21 0
38 21 0
Net_id 8
pin_num 5
15 26 0
26 20 0
26 43 0
16 31 0
20 8 0
Net_id 9
pin_num 5
34 2 0
39 2 0
54 0 0
59 14 0
49 0 0
Net_id 10
pin_num 5
55 34 0
59 33 0
47 35 0
52 58 0
52 40 0
Net_id 11
pin_num 5
46 29 0
55 22 0
42 24 0
54 15 0
41 41 0
Net_id 12
pin_num 5
23 30 0
31 20 0
15 38 0
46 28 0
10 29 0
Net_id 13
pin_num 5
48 32 0
53 33 0
53 14 0
59 20 0
53 44 0
Net_id 14
pin_num 5
26 13 0
11 12 0
23 0 0
18 19 0
0 20 0
Net_id 15
pin_num 5
50 9 0
51 18 0
31 18 0
38 9 0
51 23 0
Net_id 16
pin_num 5
51 9 0
52 18 0
55 19 0
39 16 0
36 0 0
Net_id 17
pin_num 5
46 48 0
35 48 0
41 44 0
43 42 0
42 59 0
Net_id 18
pin_num 5
36 22 0
38 36 0
20 22 0
54 26 0
48 12 0
Net_id 19
pin_num 5
9 30 0
5 30 0
0 48 0
4 31 0
1 44 0
Net_id 20
pin_num 4
18 44 0
14 36 0
8 39 0
0 49 0
Net_id 21
pin_num 4
1 15 0
1 19 0
24 19 0
5 6 0
Net_id 22
pin_num 4
54 19 0
55 25 0
47 11 0
58 15 0
Net_id 23
pin_num 4
44 32 0
39 25 0
27 32 0
42 34 0
Net_id 24
pin_num 4
13 49 0
3 51 0
27 59 0
4 50 0
Net_id 25
pin_num 4
21 59 0
20 41 0
10 41 0
32 41 0
Net_id 26
pin_num 4
47 51 0
58 51 0
59 40 0
46 59 0
Net_id 27
pin_num 4
36 59 0
41 40 0
44 43 0
39 38 0
Net_id 28
pin_num 4
20 50 0
11 55 0
1 55 0
14 34 0
Net_id 29
pin_num 4
8 31 0
1 23 0
30 27 0
8 15 0
Net_id 30
pin_num 4
55 48 0
47 55 0
51 35 0
38 46 0
Net_id 31
pin_num 4
16 35 0
28 34 0
23 45 0
15 25 0
Net_id 32
pin_num 4
35 34 0
29 33 0
29 49 0
15 42 0
Net_id 33
pin_num 4
9 27 0
17 27 0
1 17 0
4 22 0
Net_id 34
pin_num 4
36 14 0
26 14 0
32 5 0
31 3 0
Net_id 35
pin_num 4
19 53 0
17 56 0
20 55 0
39 53 0
Net_id 36
pin_num 4
42 44 0
39 50 0
19 54 0
35 39 0
Net_id 37
pin_num 4
37 58 0
30 59 0
23 58 0
37 37 0
Net_id 38
pin_num 4
41 43 0
35 42 0
32 59 0
28 50 0
Net_id 39
pin_num 4
13 42 0
19 38 0
5 32 0
17 49 0
Net_id 40
pin_num 3
10 22 0
6 33 0
13 21 0
Net_id 41
pin_num 3
48 45 0
58 33 0
54 59 0
Net_id 42
pin_num 3
2 50 0
7 15 0
5 38 0
Net_id 43
pin_num 3
32 29 0
42 20 0
25 29 0
Net_id 44
pin_num 3
19 20 0
25 38 0
2 34 0
Net_id 45
pin_num 3
8 16 0
2 23 0
12 42 0
Net_id 46
pin_num 3
11 0 0
2 7 0
2 16 0
Net_id 47
pin_num 3
15 53 0
17 46 0
37 42 0
Net_id 48
pin_num 3
38 17 0
37 34 0
38 45 0
Net_id 49
pin_num 3
51 52 0
46 51 0
19 51 0
Net_id 50
pin_num 3
23 29 0
10 23 0
27 21 0
Net_id 51
pin_num 3
28 9 0
15 2 0
58 8 0
Net_id 52
pin_num 3
58 9 0
50 19 0
59 15 0
Net_id 53
pin_num 3
11 19 0
16 12 0
23 12 0
Net_id 54
pin_num 3
48 31 0
59 16 0
59 23 0
Net_id 55
pin_num 3
50 57 0
51 59 0
35 41 0
Net_id 56
pin_num 3
13 57 0
13 50 0
22 55 0
Net_id 57
pin_num 3
25 14 0
3 25 0
14 25 0
Net_id 58
pin_num 3
27 45 0
30 48 0
47 28 0
Net_id 59
pin_num 3
8 1 0
0 11 0
10 20 0
Net_id 60
pin_num 3
12 50 0
3 54 0
42 47 0
Net_id 61
pin_num 3
11 24 0
26 19 0
28 18 0
Net_id 62
pin_num 3
58 5 0
38 3 0
22 4 0
Net_id 63
pin_num 3
31 15 0
12 22 0
53 9 0
Net_id 64
pin_num 3
11 30 0
3 38 0
0 14 0
Net_id 65
pin_num 3
41 16 0
52 2 0
55 2 0
Net_id 66
pin_num 3
32 45 0
10 28 0
37 59 0
Net_id 67
pin_num 3
59 26 0
50 43 0
52 7 0
Net_id 68
pin_num 3
31 38 0
41 19 0
12 12 0
Net_id 69
pin_num 3
53 0 0
40 7 0
57 15 0
Net_id 70
pin_num 3
12 18 0
19 14 0
8 33 0
Net_id 71
pin_num 3
0 57 0
12 58 0
14 43 0
Net_id 72
pin_num 3
48 17 0
31 30 0
29 59 0
Net_id 73
pin_num 3
45 8 0
56 36 0
40 33 0
Net_id 74
pin_num 3
5 43 0
4 49 0
1 58 0
Net_id 75
pin_num 3
6 2 0
4 7 0
18 14 0
Net_id 76
pin_num 3
3 29 0
18 45 0
18 27 0
Net_id 77
pin_num 3
5 7 0
39 4 0
9 11 0
Net_id 78
pin_num 2
58 11 0
52 11 0
Net_id 79
pin_num 2
3 44 0
18 47 0
Net_id 80
pin_num 2
26 40 0
13 2 0
Net_id 81
pin_num 2
17 58 0
39 52 0
Net_id 82
pin_num 2
46 20 0
56 42 0
Net_id 83
pin_num 2
16 49 0
14 52 0
Net_id 84
pin_num 2
57 28 0
48 46 0
Net_id 85
pin_num 2
21 27 0
8 38 0
Net_id 86
pin_num 2
33 10 0
35 16 0
Net_id 87
pin_num 2
39 29 0
35 29 0
Net_id 88
pin_num 2
18 57 0
27 52 0
Net_id 89
pin_num 2
25 26 0
36 20 0
Net_id 90
pin_num 2
42 38 0
55 50 0
Net_id 91
pin_num 2
59 25 0
58 21 0
Net_id 92
pin_num 2
39 5 0
51 14 0
Net_id 93
pin_num 2
7 58 0
1 51 0
Net_id 94
pin_num 2
45 27 0
40 31 0
Net_id 95
pin_num 2
22 31 0
21 28 0
Net_id 96
pin_num 2
52 19 0
51 30 0
Net_id 97
pin_num 2
14 20 0
26 25 0
Net_id 98
pin_num 2
16 52 0
3 56 0
Net_id 99
pin_num 2
28 35 0
57 32 0
Net_id 100
pin_num 2
31 17 0
22 0 0
Net_id 101
pin_num 2
34 3 0
26 5 0
Net_id 102
pin_num 2
8 36 0
22 20 0
Net_id 103
pin_num 2
56 1 0
51 10 0
Net_id 104
pin_num 2
22 56 0
3 49 0
Net_id 105
pin_num 2
34 40 0
34 42 0
Net_id 106
pin_num 2
42 15 0
59 27 0
Net_id 107
pin_num 2
52 10 0
55 12 0
Net_id 108
pin_num 2
51 47 0
56 30 0
Net_id 109
pin_num 2
37 27 0
52 20 0
Net_id 110
pin_num 2
40 10 0
54 6 0
Net_id 111
pin_num 2
39 42 0
34 49 0
Net_id 112
pin_num 2
15 10 0
23 28 0
Net_id 113
pin_num 2
32 39 0
24 39 0
Net_id 114
pin_num 2
55 8 0
57 2 0
Net_id 115
pin_num 2
25 24 0
38 24 0
Net_id 116
pin_num 2
3 37 0
24 47 0
Net_id 117
pin_num 2
44 31 0
37 13 0
Net_id 118
pin_num 2
3 47 0
10 47 0
Net_id 119
pin_num 2
57 35 0
40 24 0
Net_id 120
pin_num 2
15 59 0
40 53 0
Net_id 121
pin_num 2
42 11 0
22 11 0
Net_id 122
pin_num 2
56 59 0
56 39 0
Net_id 123
pin_num 2
51 53 0
30 56 0
Net_id 124
pin_num 2
49 21 0
54 27 0
Net_id 125
pin_num 2
41 46 0
40 36 0
Net_id 126
pin_num 2
49 37 0
45 39 0
Net_id 127
pin_num 2
7 8 0
4 6 0
Net_id 128
pin_num 2
2 32 0
21 43 0
Net_id 129
pin_num 2
22 52 0
29 54 0
Net_id 130
pin_num 2
20 0 0
12 1 0
Net_id 131
pin_num 2
4 54 0
10 53 0
Net_id 132
pin_num 2
32 55 0
20 33 0
Net_id 133
pin_num 2
56 16 0
29 31 0
Net_id 134
pin_num 2
55 33 0
57 58 0
Net_id 135
pin_num 2
59 6 0
46 2 0
Net_id 136
pin_num 2
22 26 0
26 10 0
Net_id 137
pin_num 2
46 3 0
40 2 0
Net_id 138
pin_num 2
24 48 0
13 48 0
Net_id 139
pin_num 2
20 49 0
6 48 0
Net_id 140
pin_num 2
57 10 0
42 21 0
Net_id 141
pin_num 2
46 30 0
26 32 0
Net_id 142
pin_num 2
58 53 0
43 58 0
Net_id 143
pin_num 2
57 8 0
55 3 0
Net_id 144
pin_num 2
58 50 0
47 40 0
Net_id 145
pin_num 2
59 54 0
25 55 0
Net_id 146
pin_num 2
26 41 0
34 25 0
Net_id 147
pin_num 2
0 24 0
8 8 0
Net_id 148
pin_num 2
7 20 0
0 13 0
Net_id 149
pin_num 2
35 51 0
45 52 0
Net_id 150
pin_num 2
33 5 0
40 13 0
Net_id 151
pin_num 2
13 52 0
2 43 0
Net_id 152
pin_num 2
11 54 0
5 46 0
Net_id 153
pin_num 2
31 50 0
17 54 0
Net_id 154
pin_num 2
32 6 0
18 9 0
Net_id 155
pin_num 2
59 29 0
58 27 0
Net_id 156
pin_num 2
7 45 0
2 26 0
Net_id 157
pin_num 2
19 1 0
22 2 0
Net_id 158
pin_num 2
56 17 0
32 2 0
Net_id 159
pin_num 2
34 17 0
39 24 0
