Width 60
Height 60
Layer 6
Total_WL 6696
Obstacle_num 144
45 40 0 55 41 0
23 0 0 27 1 0
13 49 0 21 50 0
33 37 0 38 38 0
8 3 0 11 4 0
12 53 0 21 54 0
41 53 0 51 54 0
2 41 0 6 42 0
11 54 0 17 55 0
43 51 0 50 52 0
40 8 0 47 9 0
31 14 0 38 15 0
14 46 0 20 47 0
20 20 0 23 21 0
29 50 0 38 51 0
41 32 0 50 33 0
20 35 0 26 36 0
16 32 0 20 33 0
22 32 0 30 33 0
31 51 0 39 52 0
48 38 0 57 39 0
18 43 0 25 44 0
33 23 0 39 24 0
53 20 0 57 21 0
56 4 1 57 14 1
10 35 1 11 43 1
14 46 1 15 52 1
22 15 1 23 25 1
55 47 1 56 55 1
4 49 1 5 53 1
49 48 1 50 52 1
38 0 1 39 5 1
39 3 1 40 12 1
19 39 1 20 43 1
15 26 1 16 36 1
50 23 1 51 30 1
13 34 1 14 41 1
30 6 1 31 10 1
39 47 1 40 53 1
44 28 1 45 38 1
26 18 1 27 25 1
33 0 1 34 4 1
34 52 1 35 55 1
2 41 1 3 47 1
50 12 1 51 16 1
47 18 1 48 21 1
57 23 1 58 31 1
13 48 1 14 51 1
25 38 2 30 39 2
34 17 2 44 18 2
28 4 2 35 5 2
36 27 2 45 28 2
18 22 2 26 23 2
13 31 2 21 32 2
8 7 2 18 8 2
19 10 2 26 11 2
51 10 2 58 11 2
53 34 2 58 35 2
33 43 2 38 44 2
50 26 2 57 27 2
12 55 2 15 56 2
17 30 2 25 31 2
48 14 2 55 15 2
29 31 2 39 32 2
8 37 2 13 38 2
12 29 2 18 30 2
26 1 2 36 2 2
52 17 2 56 18 2
31 28 2 40 29 2
2 7 2 8 8 2
22 25 2 27 26 2
9 14 2 14 15 2
7 23 3 8 26 3
34 27 3 35 35 3
27 17 3 28 27 3
42 42 3 43 49 3
26 45 3 27 49 3
28 28 3 29 33 3
7 2 3 8 11 3
43 28 3 44 31 3
51 23 3 52 28 3
29 42 3 30 51 3
4 49 3 5 58 3
6 37 3 7 40 3
28 16 3 29 19 3
27 9 3 28 17 3
11 14 3 12 17 3
41 33 3 42 39 3
11 30 3 12 40 3
33 27 3 34 34 3
47 8 3 48 13 3
23 31 3 24 38 3
17 54 3 18 59 3
34 36 3 35 41 3
28 36 3 29 41 3
15 10 3 16 15 3
32 41 4 39 42 4
28 7 4 35 8 4
28 5 4 38 6 4
20 34 4 23 35 4
27 18 4 35 19 4
13 57 4 22 58 4
25 35 4 33 36 4
15 0 4 21 1 4
0 40 4 10 41 4
35 54 4 44 55 4
27 16 4 36 17 4
33 12 4 37 13 4
45 49 4 54 50 4
52 37 4 55 38 4
3 37 4 10 38 4
5 38 4 13 39 4
27 36 4 36 37 4
46 58 4 55 59 4
19 36 4 25 37 4
3 49 4 7 50 4
48 7 4 56 8 4
2 5 4 5 6 4
29 22 4 35 23 4
19 55 4 23 56 4
7 37 5 8 41 5
11 16 5 12 25 5
4 5 5 5 11 5
29 11 5 30 16 5
19 28 5 20 38 5
31 28 5 32 36 5
26 36 5 27 41 5
11 39 5 12 49 5
24 8 5 25 14 5
3 8 5 4 14 5
10 41 5 11 47 5
25 24 5 26 30 5
3 48 5 4 54 5
28 34 5 29 44 5
20 49 5 21 58 5
35 24 5 36 28 5
30 49 5 31 58 5
7 50 5 8 57 5
43 0 5 44 7 5
38 8 5 39 16 5
13 39 5 14 45 5
2 8 5 3 14 5
6 53 5 7 59 5
18 15 5 19 18 5
Net_num 160
Net_id 0
pin_num 5
32 25 0
25 26 0
20 25 0
25 11 0
22 31 0
Net_id 1
pin_num 5
52 55 0
50 47 0
59 42 0
45 43 0
52 50 0
Net_id 2
pin_num 5
16 36 0
1 35 0
9 32 0
11 49 0
1 49 0
Net_id 3
pin_num 5
41 1 0
52 4 0
31 1 0
32 0 0
46 15 0
Net_id 4
pin_num 5
45 2 0
58 1 0
43 0 0
44 10 0
48 9 0
Net_id 5
pin_num 5
21 54 0
43 54 0
40 57 0
59 56 0
34 56 0
Net_id 6
pin_num 5
5 49 0
12 48 0
24 40 0
38 40 0
15 21 0
Net_id 7
pin_num 5
15 44 0
20 37 0
16 55 0
2 37 0
24 44 0
Net_id 8
pin_num 5
18 39 0
29 43 0
41 42 0
26 59 0
53 41 0
Net_id 9
pin_num 5
33 26 0
43 19 0
59 29 0
27 21 0
48 20 0
Net_id 10
pin_num 5
33 29 0
32 24 0
51 24 0
43 29 0
17 39 0
Net_id 11
pin_num 5
44 37 0
50 22 0
58 28 0
51 37 0
42 43 0
Net_id 12
pin_num 5
12 7 0
0 7 0
7 1 0
7 25 0
24 24 0
Net_id 13
pin_num 5
5 23 0
2 32 0
8 38 0
0 48 0
12 47 0
Net_id 14
pin_num 5
29 38 0
34 38 0
47 36 0
34 28 0
26 33 0
Net_id 15
pin_num 5
56 17 0
56 24 0
53 0 0
59 21 0
42 0 0
Net_id 16
pin_num 5
2 48 0
4 46 0
4 35 0
0 22 0
2 35 0
Net_id 17
pin_num 5
48 14 0
59 23 0
59 4 0
57 16 0
49 13 0
Net_id 18
pin_num 5
47 8 0
46 16 0
34 15 0
14 15 0
16 39 0
Net_id 19
pin_num 5
5 54 0
8 59 0
22 59 0
11 53 0
0 55 0
Net_id 20
pin_num 4
20 51 0
27 51 0
9 51 0
23 59 0
Net_id 21
pin_num 4
18 35 0
7 35 0
16 18 0
36 20 0
Net_id 22
pin_num 4
25 28 0
29 22 0
31 7 0
51 25 0
Net_id 23
pin_num 4
33 2 0
40 4 0
40 10 0
30 2 0
Net_id 24
pin_num 4
57 19 0
56 28 0
51 19 0
56 47 0
Net_id 25
pin_num 4
0 39 0
15 42 0
3 54 0
13 45 0
Net_id 26
pin_num 4
28 53 0
41 51 0
32 37 0
34 46 0
Net_id 27
pin_num 4
57 45 0
58 38 0
50 59 0
45 45 0
Net_id 28
pin_num 4
14 19 0
8 30 0
8 23 0
25 30 0
Net_id 29
pin_num 4
17 16 0
14 27 0
8 19 0
3 27 0
Net_id 30
pin_num 4
37 4 0
23 3 0
51 3 0
32 11 0
Net_id 31
pin_num 4
57 3 0
36 6 0
41 22 0
48 12 0
Net_id 32
pin_num 4
46 47 0
48 49 0
39 49 0
57 41 0
Net_id 33
pin_num 4
58 54 0
51 42 0
43 52 0
59 57 0
Net_id 34
pin_num 4
7 2 0
0 8 0
12 3 0
0 1 0
Net_id 35
pin_num 4
44 20 0
48 19 0
58 21 0
34 21 0
Net_id 36
pin_num 4
11 18 0
12 25 0
12 46 0
23 30 0
Net_id 37
pin_num 4
26 40 0
15 23 0
22 40 0
26 31 0
Net_id 38
pin_num 4
5 9 0
13 9 0
25 9 0
27 0 0
Net_id 39
pin_num 4
20 3 0
25 7 0
35 8 0
28 0 0
Net_id 40
pin_num 4
20 42 0
13 33 0
21 36 0
43 37 0
Net_id 41
pin_num 3
42 15 0
57 9 0
53 12 0
Net_id 42
pin_num 3
7 0 0
11 3 0
8 8 0
Net_id 43
pin_num 3
12 16 0
0 20 0
5 5 0
Net_id 44
pin_num 3
33 24 0
49 20 0
31 0 0
Net_id 45
pin_num 3
21 4 0
49 4 0
41 5 0
Net_id 46
pin_num 3
42 34 0
39 34 0
59 39 0
Net_id 47
pin_num 3
29 18 0
30 23 0
39 18 0
Net_id 48
pin_num 3
20 14 0
1 11 0
6 40 0
Net_id 49
pin_num 3
32 46 0
30 30 0
0 29 0
Net_id 50
pin_num 3
56 36 0
58 32 0
55 30 0
Net_id 51
pin_num 3
39 5 0
20 6 0
3 6 0
Net_id 52
pin_num 3
54 19 0
52 16 0
24 13 0
Net_id 53
pin_num 3
43 45 0
30 33 0
43 36 0
Net_id 54
pin_num 3
0 51 0
8 45 0
21 42 0
Net_id 55
pin_num 3
27 18 0
28 26 0
10 43 0
Net_id 56
pin_num 3
52 53 0
55 42 0
54 13 0
Net_id 57
pin_num 3
26 3 0
19 11 0
26 9 0
Net_id 58
pin_num 3
8 33 0
0 52 0
24 59 0
Net_id 59
pin_num 3
16 12 0
20 4 0
16 38 0
Net_id 60
pin_num 3
12 0 0
3 2 0
9 22 0
Net_id 61
pin_num 3
45 6 0
37 6 0
36 9 0
Net_id 62
pin_num 3
11 23 0
9 1 0
13 31 0
Net_id 63
pin_num 3
39 9 0
35 19 0
37 30 0
Net_id 64
pin_num 3
40 20 0
54 30 0
35 34 0
Net_id 65
pin_num 3
11 34 0
18 34 0
33 52 0
Net_id 66
pin_num 3
23 19 0
10 44 0
17 38 0
Net_id 67
pin_num 3
57 5 0
42 10 0
59 20 0
Net_id 68
pin_num 3
31 41 0
36 45 0
15 55 0
Net_id 69
pin_num 3
5 53 0
21 41 0
2 58 0
Net_id 70
pin_num 3
36 16 0
29 20 0
33 10 0
Net_id 71
pin_num 3
37 13 0
34 0 0
47 6 0
Net_id 72
pin_num 3
52 37 0
57 57 0
34 59 0
Net_id 73
pin_num 3
13 27 0
1 26 0
24 17 0
Net_id 74
pin_num 3
41 47 0
54 53 0
44 45 0
Net_id 75
pin_num 3
14 40 0
30 44 0
33 55 0
Net_id 76
pin_num 3
16 33 0
7 34 0
10 25 0
Net_id 77
pin_num 3
44 52 0
54 57 0
54 54 0
Net_id 78
pin_num 3
37 17 0
38 13 0
58 7 0
Net_id 79
pin_num 3
44 11 0
32 17 0
32 52 0
Net_id 80
pin_num 3
40 40 0
35 47 0
51 44 0
Net_id 81
pin_num 2
32 19 0
51 39 0
Net_id 82
pin_num 2
8 44 0
0 21 0
Net_id 83
pin_num 2
18 31 0
31 47 0
Net_id 84
pin_num 2
27 12 0
19 12 0
Net_id 85
pin_num 2
22 28 0
8 28 0
Net_id 86
pin_num 2
8 22 0
15 2 0
Net_id 87
pin_num 2
7 41 0
28 50 0
Net_id 88
pin_num 2
4 45 0
13 47 0
Net_id 89
pin_num 2
26 56 0
33 58 0
Net_id 90
pin_num 2
22 18 0
6 11 0
Net_id 91
pin_num 2
8 10 0
3 3 0
Net_id 92
pin_num 2
44 50 0
39 39 0
Net_id 93
pin_num 2
14 38 0
5 48 0
Net_id 94
pin_num 2
10 45 0
8 48 0
Net_id 95
pin_num 2
35 58 0
44 54 0
Net_id 96
pin_num 2
10 6 0
3 8 0
Net_id 97
pin_num 2
29 31 0
26 26 0
Net_id 98
pin_num 2
6 5 0
13 10 0
Net_id 99
pin_num 2
17 3 0
11 8 0
Net_id 100
pin_num 2
52 41 0
35 43 0
Net_id 101
pin_num 2
56 8 0
59 0 0
Net_id 102
pin_num 2
40 25 0
55 4 0
Net_id 103
pin_num 2
47 23 0
54 12 0
Net_id 104
pin_num 2
47 54 0
56 48 0
Net_id 105
pin_num 2
23 36 0
5 26 0
Net_id 106
pin_num 2
28 27 0
49 27 0
Net_id 107
pin_num 2
43 23 0
52 20 0
Net_id 108
pin_num 2
11 50 0
21 58 0
Net_id 109
pin_num 2
55 35 0
35 40 0
Net_id 110
pin_num 2
1 14 0
7 30 0
Net_id 111
pin_num 2
10 10 0
19 21 0
Net_id 112
pin_num 2
57 40 0
53 31 0
Net_id 113
pin_num 2
13 6 0
3 0 0
Net_id 114
pin_num 2
4 26 0
5 8 0
Net_id 115
pin_num 2
2 44 0
6 44 0
Net_id 116
pin_num 2
25 38 0
18 26 0
Net_id 117
pin_num 2
18 52 0
30 56 0
Net_id 118
pin_num 2
45 35 0
29 52 0
Net_id 119
pin_num 2
26 41 0
47 17 0
Net_id 120
pin_num 2
22 47 0
37 57 0
Net_id 121
pin_num 2
36 31 0
44 46 0
Net_id 122
pin_num 2
38 55 0
29 53 0
Net_id 123
pin_num 2
34 32 0
33 28 0
Net_id 124
pin_num 2
55 19 0
54 6 0
Net_id 125
pin_num 2
5 13 0
17 13 0
Net_id 126
pin_num 2
31 58 0
51 51 0
Net_id 127
pin_num 2
58 52 0
51 52 0
Net_id 128
pin_num 2
50 48 0
41 48 0
Net_id 129
pin_num 2
37 33 0
57 33 0
Net_id 130
pin_num 2
27 15 0
13 32 0
Net_id 131
pin_num 2
52 15 0
55 23 0
Net_id 132
pin_num 2
46 30 0
55 41 0
Net_id 133
pin_num 2
17 47 0
5 55 0
Net_id 134
pin_num 2
53 57 0
42 55 0
Net_id 135
pin_num 2
18 10 0
29 7 0
Net_id 136
pin_num 2
5 56 0
0 54 0
Net_id 137
pin_num 2
2 1 0
18 7 0
Net_id 138
pin_num 2
25 58 0
38 50 0
Net_id 139
pin_num 2
14 2 0
5 18 0
Net_id 140
pin_num 2
0 4 0
18 23 0
Net_id 141
pin_num 2
2 53 0
10 58 0
Net_id 142
pin_num 2
21 13 0
27 14 0
Net_id 143
pin_num 2
44 29 0
48 29 0
Net_id 144
pin_num 2
24 5 0
23 7 0
Net_id 145
pin_num 2
14 20 0
24 23 0
Net_id 146
pin_num 2
51 36 0
52 25 0
Net_id 147
pin_num 2
43 57 0
28 46 0
Net_id 148
pin_num 2
9 31 0
20 50 0
Net_id 149
pin_num 2
54 42 0
47 26 0
Net_id 150
pin_num 2
57 31 0
54 36 0
Net_id 151
pin_num 2
31 13 0
27 2 0
Net_id 152
pin_num 2
45 19 0
24 42 0
Net_id 153
pin_num 2
57 14 0
43 2 0
Net_id 154
pin_num 2
48 6 0
51 15 0
Net_id 155
pin_num 2
28 52 0
21 49 0
Net_id 156
pin_num 2
5 28 0
10 12 0
Net_id 157
pin_num 2
3 11 0
2 11 0
Net_id 158
pin_num 2
42 36 0
41 45 0
Net_id 159
pin_num 2
31 2 0
33 8 0
