Width 60
Height 60
Layer 6
Total_WL 6409
Obstacle_num 144
25 2 0 32 3 0
21 37 0 25 38 0
7 24 0 14 25 0
8 12 0 11 13 0
12 18 0 16 19 0
6 37 0 13 38 0
43 17 0 48 18 0
49 21 0 57 22 0
29 29 0 33 30 0
17 23 0 22 24 0
48 49 0 58 50 0
46 4 0 52 5 0
6 29 0 13 30 0
24 14 0 32 15 0
35 46 0 42 47 0
20 34 0 28 35 0
30 47 0 39 48 0
14 16 0 22 17 0
13 45 0 23 46 0
32 38 0 39 39 0
2 58 0 12 59 0
41 22 0 49 23 0
2 35 0 5 36 0
37 0 0 46 1 0
17 51 1 18 56 1
50 14 1 51 17 1
26 21 1 27 29 1
53 33 1 54 42 1
26 41 1 27 51 1
12 28 1 13 31 1
43 36 1 44 45 1
56 52 1 57 58 1
29 26 1 30 29 1
28 38 1 29 47 1
21 10 1 22 17 1
4 54 1 5 58 1
47 13 1 48 21 1
53 13 1 54 19 1
39 30 1 40 33 1
44 42 1 45 51 1
3 23 1 4 33 1
2 48 1 3 53 1
1 43 1 2 49 1
28 51 1 29 58 1
27 41 1 28 50 1
16 55 1 17 58 1
51 0 1 52 9 1
53 44 1 54 47 1
38 53 2 46 54 2
10 4 2 19 5 2
13 21 2 18 22 2
40 54 2 46 55 2
1 47 2 7 48 2
19 34 2 22 35 2
15 13 2 19 14 2
39 27 2 47 28 2
25 7 2 31 8 2
54 33 2 58 34 2
12 41 2 17 42 2
38 42 2 44 43 2
29 2 2 33 3 2
41 1 2 45 2 2
30 50 2 33 51 2
30 10 2 36 11 2
37 12 2 45 13 2
24 42 2 27 43 2
6 3 2 9 4 2
18 15 2 25 16 2
21 52 2 29 53 2
5 27 2 11 28 2
18 57 2 28 58 2
37 28 2 40 29 2
1 42 3 2 48 3
54 53 3 55 57 3
28 43 3 29 49 3
13 23 3 14 27 3
18 51 3 19 55 3
4 51 3 5 59 3
39 55 3 40 59 3
25 44 3 26 50 3
42 36 3 43 44 3
7 41 3 8 44 3
40 42 3 41 46 3
38 18 3 39 28 3
43 6 3 44 11 3
28 10 3 29 15 3
13 12 3 14 16 3
51 24 3 52 29 3
29 17 3 30 24 3
39 14 3 40 22 3
14 39 3 15 45 3
41 16 3 42 26 3
33 32 3 34 42 3
14 46 3 15 51 3
18 35 3 19 39 3
49 38 3 50 47 3
7 23 4 11 24 4
34 25 4 37 26 4
38 46 4 47 47 4
13 56 4 19 57 4
39 23 4 49 24 4
6 48 4 10 49 4
11 17 4 17 18 4
41 53 4 51 54 4
50 47 4 57 48 4
17 39 4 22 40 4
33 30 4 39 31 4
35 39 4 43 40 4
44 51 4 50 52 4
20 29 4 24 30 4
32 57 4 42 58 4
22 8 4 31 9 4
43 58 4 51 59 4
41 9 4 49 10 4
4 16 4 13 17 4
4 25 4 14 26 4
33 44 4 42 45 4
0 6 4 10 7 4
1 53 4 7 54 4
1 35 4 4 36 4
28 46 5 29 50 5
37 20 5 38 23 5
58 40 5 59 47 5
19 38 5 20 45 5
48 40 5 49 47 5
0 24 5 1 27 5
35 8 5 36 18 5
14 45 5 15 49 5
0 1 5 1 5 5
25 36 5 26 42 5
43 0 5 44 7 5
11 6 5 12 11 5
48 21 5 49 31 5
7 2 5 8 10 5
8 10 5 9 15 5
11 49 5 12 52 5
1 50 5 2 55 5
56 33 5 57 36 5
19 49 5 20 52 5
28 11 5 29 19 5
44 10 5 45 14 5
33 29 5 34 37 5
56 39 5 57 46 5
6 16 5 7 22 5
Net_num 155
Net_id 0
pin_num 5
31 30 0
35 30 0
34 22 0
36 39 0
52 23 0
Net_id 1
pin_num 5
56 29 0
38 29 0
50 39 0
49 7 0
49 50 0
Net_id 2
pin_num 5
3 24 0
10 23 0
7 10 0
0 16 0
4 9 0
Net_id 3
pin_num 5
22 10 0
23 15 0
10 15 0
14 2 0
15 10 0
Net_id 4
pin_num 5
27 33 0
40 32 0
30 13 0
30 32 0
43 18 0
Net_id 5
pin_num 5
46 42 0
41 30 0
30 41 0
37 27 0
48 35 0
Net_id 6
pin_num 5
43 45 0
51 50 0
43 59 0
29 55 0
44 52 0
Net_id 7
pin_num 5
3 33 0
1 31 0
0 48 0
10 42 0
20 38 0
Net_id 8
pin_num 5
59 42 0
58 33 0
58 11 0
59 47 0
52 17 0
Net_id 9
pin_num 5
4 28 0
0 18 0
2 5 0
0 49 0
17 49 0
Net_id 10
pin_num 5
12 48 0
2 43 0
8 26 0
25 33 0
21 51 0
Net_id 11
pin_num 5
19 57 0
23 59 0
13 59 0
15 52 0
1 58 0
Net_id 12
pin_num 5
38 40 0
40 40 0
39 24 0
21 31 0
56 28 0
Net_id 13
pin_num 5
35 58 0
46 45 0
59 39 0
31 42 0
48 46 0
Net_id 14
pin_num 5
11 41 0
29 41 0
1 50 0
0 56 0
24 54 0
Net_id 15
pin_num 5
16 51 0
8 56 0
9 51 0
1 55 0
10 59 0
Net_id 16
pin_num 5
13 26 0
17 12 0
29 21 0
33 17 0
29 26 0
Net_id 17
pin_num 5
52 7 0
50 9 0
59 4 0
44 7 0
56 16 0
Net_id 18
pin_num 4
6 9 0
19 9 0
18 4 0
5 8 0
Net_id 19
pin_num 4
29 25 0
23 30 0
27 12 0
28 19 0
Net_id 20
pin_num 4
48 16 0
52 15 0
51 27 0
51 43 0
Net_id 21
pin_num 4
31 4 0
31 9 0
31 31 0
38 16 0
Net_id 22
pin_num 4
55 23 0
54 18 0
54 5 0
56 5 0
Net_id 23
pin_num 4
18 0 0
29 8 0
41 7 0
39 12 0
Net_id 24
pin_num 4
58 52 0
38 45 0
49 6 0
52 38 0
Net_id 25
pin_num 4
47 41 0
36 48 0
20 48 0
29 32 0
Net_id 26
pin_num 4
17 19 0
23 9 0
39 16 0
45 12 0
Net_id 27
pin_num 4
43 50 0
47 39 0
23 50 0
24 28 0
Net_id 28
pin_num 4
15 12 0
21 6 0
4 8 0
19 3 0
Net_id 29
pin_num 4
40 59 0
31 59 0
32 49 0
24 59 0
Net_id 30
pin_num 4
18 42 0
24 42 0
30 42 0
25 59 0
Net_id 31
pin_num 4
52 51 0
46 44 0
50 41 0
34 46 0
Net_id 32
pin_num 4
0 3 0
9 3 0
29 0 0
5 9 0
Net_id 33
pin_num 4
14 5 0
22 2 0
15 3 0
8 10 0
Net_id 34
pin_num 4
10 4 0
25 11 0
12 0 0
11 13 0
Net_id 35
pin_num 4
28 10 0
43 14 0
30 0 0
6 0 0
Net_id 36
pin_num 4
19 30 0
10 30 0
18 53 0
15 39 0
Net_id 37
pin_num 4
58 54 0
48 56 0
36 56 0
57 57 0
Net_id 38
pin_num 3
6 56 0
12 59 0
11 55 0
Net_id 39
pin_num 3
21 18 0
13 5 0
37 21 0
Net_id 40
pin_num 3
26 36 0
19 32 0
25 51 0
Net_id 41
pin_num 3
41 3 0
19 4 0
29 1 0
Net_id 42
pin_num 3
3 59 0
9 53 0
29 57 0
Net_id 43
pin_num 3
22 58 0
31 58 0
30 40 0
Net_id 44
pin_num 3
3 41 0
13 50 0
4 49 0
Net_id 45
pin_num 3
22 28 0
12 14 0
18 58 0
Net_id 46
pin_num 3
43 28 0
34 31 0
45 31 0
Net_id 47
pin_num 3
4 40 0
8 50 0
5 56 0
Net_id 48
pin_num 3
42 54 0
28 49 0
3 55 0
Net_id 49
pin_num 3
22 20 0
32 19 0
16 1 0
Net_id 50
pin_num 3
50 58 0
46 49 0
42 52 0
Net_id 51
pin_num 3
8 17 0
9 10 0
13 1 0
Net_id 52
pin_num 3
12 6 0
18 6 0
0 1 0
Net_id 53
pin_num 3
36 22 0
40 25 0
29 20 0
Net_id 54
pin_num 3
48 51 0
29 45 0
32 31 0
Net_id 55
pin_num 3
30 35 0
38 30 0
26 33 0
Net_id 56
pin_num 3
57 37 0
52 39 0
52 27 0
Net_id 57
pin_num 3
15 57 0
33 53 0
13 34 0
Net_id 58
pin_num 3
47 46 0
38 52 0
16 50 0
Net_id 59
pin_num 3
22 16 0
41 15 0
31 0 0
Net_id 60
pin_num 3
3 15 0
0 9 0
1 5 0
Net_id 61
pin_num 3
5 1 0
3 10 0
10 5 0
Net_id 62
pin_num 3
30 11 0
48 21 0
33 21 0
Net_id 63
pin_num 3
50 38 0
43 49 0
29 51 0
Net_id 64
pin_num 3
53 52 0
57 40 0
33 29 0
Net_id 65
pin_num 3
6 6 0
4 0 0
6 19 0
Net_id 66
pin_num 3
56 18 0
53 10 0
58 43 0
Net_id 67
pin_num 3
58 46 0
50 46 0
58 53 0
Net_id 68
pin_num 3
57 27 0
51 15 0
33 23 0
Net_id 69
pin_num 3
45 15 0
57 32 0
36 20 0
Net_id 70
pin_num 3
14 58 0
33 43 0
4 27 0
Net_id 71
pin_num 3
33 9 0
44 9 0
46 0 0
Net_id 72
pin_num 3
55 24 0
53 30 0
55 53 0
Net_id 73
pin_num 3
55 26 0
45 28 0
33 13 0
Net_id 74
pin_num 3
24 11 0
13 11 0
23 5 0
Net_id 75
pin_num 3
39 4 0
28 27 0
19 31 0
Net_id 76
pin_num 2
31 40 0
40 38 0
Net_id 77
pin_num 2
23 46 0
9 59 0
Net_id 78
pin_num 2
32 17 0
23 19 0
Net_id 79
pin_num 2
27 54 0
15 55 0
Net_id 80
pin_num 2
4 18 0
19 7 0
Net_id 81
pin_num 2
35 27 0
29 34 0
Net_id 82
pin_num 2
42 16 0
59 3 0
Net_id 83
pin_num 2
33 1 0
53 2 0
Net_id 84
pin_num 2
13 23 0
14 23 0
Net_id 85
pin_num 2
35 17 0
37 14 0
Net_id 86
pin_num 2
10 11 0
2 29 0
Net_id 87
pin_num 2
46 35 0
56 22 0
Net_id 88
pin_num 2
54 15 0
54 35 0
Net_id 89
pin_num 2
56 30 0
35 22 0
Net_id 90
pin_num 2
2 8 0
3 5 0
Net_id 91
pin_num 2
59 45 0
53 47 0
Net_id 92
pin_num 2
59 59 0
36 19 0
Net_id 93
pin_num 2
14 57 0
10 55 0
Net_id 94
pin_num 2
19 13 0
14 13 0
Net_id 95
pin_num 2
52 37 0
52 28 0
Net_id 96
pin_num 2
14 10 0
3 11 0
Net_id 97
pin_num 2
53 12 0
59 24 0
Net_id 98
pin_num 2
49 26 0
33 31 0
Net_id 99
pin_num 2
50 59 0
57 54 0
Net_id 100
pin_num 2
53 7 0
59 7 0
Net_id 101
pin_num 2
8 44 0
6 34 0
Net_id 102
pin_num 2
6 47 0
11 43 0
Net_id 103
pin_num 2
0 13 0
15 22 0
Net_id 104
pin_num 2
13 52 0
5 52 0
Net_id 105
pin_num 2
7 36 0
3 50 0
Net_id 106
pin_num 2
18 43 0
29 46 0
Net_id 107
pin_num 2
16 39 0
44 37 0
Net_id 108
pin_num 2
40 8 0
59 1 0
Net_id 109
pin_num 2
4 46 0
10 50 0
Net_id 110
pin_num 2
33 56 0
17 36 0
Net_id 111
pin_num 2
49 13 0
58 9 0
Net_id 112
pin_num 2
51 2 0
47 11 0
Net_id 113
pin_num 2
0 19 0
5 32 0
Net_id 114
pin_num 2
23 44 0
37 20 0
Net_id 115
pin_num 2
20 53 0
22 51 0
Net_id 116
pin_num 2
31 49 0
41 59 0
Net_id 117
pin_num 2
19 8 0
29 5 0
Net_id 118
pin_num 2
38 35 0
55 31 0
Net_id 119
pin_num 2
30 52 0
35 53 0
Net_id 120
pin_num 2
47 35 0
39 37 0
Net_id 121
pin_num 2
14 25 0
0 58 0
Net_id 122
pin_num 2
2 30 0
11 40 0
Net_id 123
pin_num 2
35 6 0
22 9 0
Net_id 124
pin_num 2
34 49 0
45 44 0
Net_id 125
pin_num 2
46 53 0
54 48 0
Net_id 126
pin_num 2
39 10 0
54 9 0
Net_id 127
pin_num 2
31 55 0
42 45 0
Net_id 128
pin_num 2
10 7 0
13 3 0
Net_id 129
pin_num 2
18 50 0
30 38 0
Net_id 130
pin_num 2
17 1 0
27 9 0
Net_id 131
pin_num 2
37 36 0
23 35 0
Net_id 132
pin_num 2
35 45 0
10 39 0
Net_id 133
pin_num 2
36 12 0
33 19 0
Net_id 134
pin_num 2
24 2 0
11 3 0
Net_id 135
pin_num 2
5 40 0
3 39 0
Net_id 136
pin_num 2
40 37 0
53 53 0
Net_id 137
pin_num 2
20 47 0
7 30 0
Net_id 138
pin_num 2
40 43 0
34 40 0
Net_id 139
pin_num 2
45 43 0
40 20 0
Net_id 140
pin_num 2
4 12 0
0 23 0
Net_id 141
pin_num 2
45 38 0
44 40 0
Net_id 142
pin_num 2
5 57 0
2 59 0
Net_id 143
pin_num 2
12 53 0
13 55 0
Net_id 144
pin_num 2
44 5 0
27 1 0
Net_id 145
pin_num 2
52 36 0
54 39 0
Net_id 146
pin_num 2
2 23 0
9 26 0
Net_id 147
pin_num 2
36 10 0
45 1 0
Net_id 148
pin_num 2
5 29 0
4 7 0
Net_id 149
pin_num 2
57 17 0
42 7 0
Net_id 150
pin_num 2
26 7 0
43 15 0
Net_id 151
pin_num 2
21 54 0
27 55 0
Net_id 152
pin_num 2
22 23 0
48 41 0
Net_id 153
pin_num 2
49 17 0
33 26 0
Net_id 154
pin_num 2
24 47 0
7 39 0
