Width 60
Height 60
Layer 6
Total_WL 6851
Obstacle_num 144
9 26 0 16 27 0
12 49 0 20 50 0
9 54 0 12 55 0
36 39 0 39 40 0
27 25 0 33 26 0
12 56 0 19 57 0
45 57 0 54 58 0
9 53 0 19 54 0
45 0 0 50 1 0
7 15 0 17 16 0
47 53 0 52 54 0
0 21 0 8 22 0
50 28 0 55 29 0
30 57 0 38 58 0
35 11 0 45 12 0
22 14 0 29 15 0
28 19 0 37 20 0
4 47 0 14 48 0
52 36 0 57 37 0
14 28 0 24 29 0
37 4 0 43 5 0
37 22 0 46 23 0
28 30 0 38 31 0
49 34 0 52 35 0
6 43 1 7 52 1
7 46 1 8 50 1
57 43 1 58 53 1
40 45 1 41 55 1
40 33 1 41 40 1
23 8 1 24 14 1
17 12 1 18 20 1
43 54 1 44 58 1
19 7 1 20 10 1
23 0 1 24 7 1
45 41 1 46 51 1
45 21 1 46 27 1
14 40 1 15 47 1
55 48 1 56 54 1
9 29 1 10 33 1
33 43 1 34 47 1
41 18 1 42 27 1
36 36 1 37 39 1
5 21 1 6 24 1
56 20 1 57 30 1
14 19 1 15 28 1
28 46 1 29 51 1
39 55 1 40 59 1
43 44 1 44 51 1
44 8 2 48 9 2
30 12 2 34 13 2
34 38 2 40 39 2
25 53 2 29 54 2
36 14 2 43 15 2
26 26 2 31 27 2
34 6 2 39 7 2
48 20 2 53 21 2
48 3 2 58 4 2
26 47 2 29 48 2
29 27 2 35 28 2
20 38 2 27 39 2
35 58 2 40 59 2
27 52 2 36 53 2
27 39 2 34 40 2
30 7 2 39 8 2
27 45 2 36 46 2
6 11 2 12 12 2
9 18 2 16 19 2
0 51 2 3 52 2
1 57 2 5 58 2
4 20 2 13 21 2
38 23 2 47 24 2
35 1 2 43 2 2
53 22 3 54 31 3
15 21 3 16 31 3
32 8 3 33 11 3
22 13 3 23 17 3
29 16 3 30 23 3
24 24 3 25 34 3
2 16 3 3 20 3
31 42 3 32 49 3
42 37 3 43 44 3
41 15 3 42 22 3
23 3 3 24 10 3
3 23 3 4 26 3
51 16 3 52 19 3
32 34 3 33 42 3
9 52 3 10 56 3
3 4 3 4 9 3
43 27 3 44 37 3
25 16 3 26 19 3
14 31 3 15 34 3
18 15 3 19 22 3
40 5 3 41 11 3
26 41 3 27 47 3
39 35 3 40 40 3
29 34 3 30 40 3
36 34 4 46 35 4
24 5 4 34 6 4
5 27 4 15 28 4
30 31 4 36 32 4
34 56 4 41 57 4
30 41 4 34 42 4
6 57 4 9 58 4
15 40 4 19 41 4
30 26 4 37 27 4
11 41 4 15 42 4
29 9 4 36 10 4
19 34 4 28 35 4
50 5 4 53 6 4
34 53 4 44 54 4
41 55 4 49 56 4
2 29 4 12 30 4
39 33 4 44 34 4
27 28 4 35 29 4
16 28 4 21 29 4
34 32 4 39 33 4
23 51 4 33 52 4
37 26 4 41 27 4
50 19 4 56 20 4
7 52 4 15 53 4
27 22 5 28 30 5
12 29 5 13 37 5
16 14 5 17 20 5
50 45 5 51 53 5
24 53 5 25 57 5
2 31 5 3 40 5
32 13 5 33 22 5
29 41 5 30 44 5
38 1 5 39 10 5
15 10 5 16 13 5
18 10 5 19 19 5
18 22 5 19 31 5
32 3 5 33 10 5
36 31 5 37 38 5
48 47 5 49 51 5
5 23 5 6 28 5
13 28 5 14 35 5
9 44 5 10 51 5
28 25 5 29 34 5
20 18 5 21 27 5
2 12 5 3 15 5
48 35 5 49 40 5
42 18 5 43 28 5
11 8 5 12 16 5
Net_num 159
Net_id 0
pin_num 5
28 48 0
23 48 0
26 53 0
23 34 0
27 35 0
Net_id 1
pin_num 5
26 7 0
12 6 0
0 3 0
25 11 0
0 7 0
Net_id 2
pin_num 5
4 39 0
0 50 0
0 27 0
16 43 0
1 54 0
Net_id 3
pin_num 5
22 9 0
28 9 0
22 8 0
4 8 0
14 0 0
Net_id 4
pin_num 5
8 10 0
4 1 0
6 3 0
6 26 0
29 10 0
Net_id 5
pin_num 5
17 10 0
9 9 0
16 0 0
21 20 0
5 20 0
Net_id 6
pin_num 5
58 56 0
59 52 0
36 52 0
39 56 0
52 59 0
Net_id 7
pin_num 5
31 10 0
35 16 0
34 32 0
22 17 0
56 16 0
Net_id 8
pin_num 5
7 22 0
15 22 0
4 26 0
16 26 0
2 47 0
Net_id 9
pin_num 5
42 20 0
31 20 0
39 24 0
59 20 0
54 17 0
Net_id 10
pin_num 5
23 45 0
28 38 0
16 42 0
22 36 0
32 40 0
Net_id 11
pin_num 5
57 24 0
53 29 0
59 25 0
59 48 0
56 27 0
Net_id 12
pin_num 5
34 33 0
28 37 0
55 33 0
6 33 0
34 55 0
Net_id 13
pin_num 5
18 41 0
5 41 0
9 58 0
1 36 0
14 48 0
Net_id 14
pin_num 5
6 45 0
5 39 0
12 59 0
12 45 0
22 51 0
Net_id 15
pin_num 5
55 13 0
38 13 0
43 10 0
28 11 0
34 8 0
Net_id 16
pin_num 5
22 21 0
20 24 0
8 23 0
20 33 0
27 27 0
Net_id 17
pin_num 5
2 36 0
15 36 0
12 43 0
7 19 0
23 21 0
Net_id 18
pin_num 5
31 29 0
8 19 0
21 38 0
8 0 0
0 15 0
Net_id 19
pin_num 5
45 46 0
38 46 0
42 36 0
47 59 0
42 53 0
Net_id 20
pin_num 5
22 16 0
24 13 0
29 14 0
44 14 0
46 12 0
Net_id 21
pin_num 4
25 57 0
18 58 0
0 56 0
19 37 0
Net_id 22
pin_num 4
6 32 0
16 34 0
6 30 0
22 30 0
Net_id 23
pin_num 4
33 37 0
30 24 0
9 31 0
55 27 0
Net_id 24
pin_num 4
11 13 0
16 19 0
33 25 0
7 11 0
Net_id 25
pin_num 4
8 17 0
22 35 0
5 30 0
9 7 0
Net_id 26
pin_num 4
46 37 0
35 46 0
35 18 0
21 30 0
Net_id 27
pin_num 4
36 7 0
12 11 0
17 22 0
35 17 0
Net_id 28
pin_num 4
20 50 0
14 47 0
2 53 0
13 52 0
Net_id 29
pin_num 4
33 4 0
29 12 0
8 9 0
15 5 0
Net_id 30
pin_num 4
42 45 0
33 42 0
35 59 0
49 51 0
Net_id 31
pin_num 4
29 37 0
33 24 0
24 34 0
8 31 0
Net_id 32
pin_num 4
52 46 0
58 43 0
55 59 0
59 51 0
Net_id 33
pin_num 4
25 40 0
18 47 0
24 59 0
8 53 0
Net_id 34
pin_num 4
18 36 0
21 32 0
11 42 0
36 32 0
Net_id 35
pin_num 4
53 55 0
32 55 0
36 54 0
53 59 0
Net_id 36
pin_num 4
15 4 0
24 6 0
41 6 0
30 0 0
Net_id 37
pin_num 4
54 21 0
38 25 0
47 34 0
39 26 0
Net_id 38
pin_num 4
2 0 0
1 13 0
19 2 0
3 10 0
Net_id 39
pin_num 3
55 50 0
37 56 0
15 55 0
Net_id 40
pin_num 3
41 51 0
46 54 0
46 28 0
Net_id 41
pin_num 3
40 10 0
52 0 0
59 3 0
Net_id 42
pin_num 3
34 22 0
21 39 0
1 35 0
Net_id 43
pin_num 3
10 48 0
15 59 0
7 50 0
Net_id 44
pin_num 3
48 44 0
53 40 0
53 15 0
Net_id 45
pin_num 3
29 47 0
14 29 0
4 29 0
Net_id 46
pin_num 3
33 51 0
38 41 0
50 41 0
Net_id 47
pin_num 3
6 22 0
11 34 0
12 44 0
Net_id 48
pin_num 3
3 58 0
20 49 0
4 38 0
Net_id 49
pin_num 3
31 36 0
22 41 0
1 29 0
Net_id 50
pin_num 3
49 30 0
46 19 0
59 6 0
Net_id 51
pin_num 3
44 19 0
49 32 0
41 35 0
Net_id 52
pin_num 3
34 31 0
40 31 0
33 26 0
Net_id 53
pin_num 3
15 46 0
4 46 0
3 49 0
Net_id 54
pin_num 3
49 47 0
59 57 0
54 49 0
Net_id 55
pin_num 3
11 51 0
4 52 0
16 54 0
Net_id 56
pin_num 3
2 5 0
11 12 0
1 12 0
Net_id 57
pin_num 3
43 18 0
48 15 0
56 18 0
Net_id 58
pin_num 3
25 19 0
19 19 0
17 3 0
Net_id 59
pin_num 3
2 15 0
7 7 0
10 0 0
Net_id 60
pin_num 3
5 9 0
0 10 0
7 1 0
Net_id 61
pin_num 3
46 58 0
34 56 0
44 49 0
Net_id 62
pin_num 3
14 25 0
19 23 0
4 23 0
Net_id 63
pin_num 3
48 24 0
40 30 0
47 2 0
Net_id 64
pin_num 3
42 43 0
48 42 0
30 42 0
Net_id 65
pin_num 3
49 49 0
38 57 0
42 31 0
Net_id 66
pin_num 3
56 41 0
59 23 0
48 28 0
Net_id 67
pin_num 3
50 16 0
58 21 0
53 9 0
Net_id 68
pin_num 3
53 10 0
59 1 0
55 22 0
Net_id 69
pin_num 3
26 3 0
20 17 0
34 4 0
Net_id 70
pin_num 3
4 54 0
7 45 0
4 41 0
Net_id 71
pin_num 3
0 43 0
8 52 0
4 51 0
Net_id 72
pin_num 3
16 46 0
18 52 0
4 58 0
Net_id 73
pin_num 3
50 8 0
53 6 0
37 0 0
Net_id 74
pin_num 3
35 0 0
31 5 0
5 4 0
Net_id 75
pin_num 3
1 11 0
10 5 0
1 5 0
Net_id 76
pin_num 3
26 46 0
32 45 0
32 59 0
Net_id 77
pin_num 3
8 59 0
13 45 0
2 37 0
Net_id 78
pin_num 3
18 3 0
35 4 0
33 21 0
Net_id 79
pin_num 3
51 35 0
39 49 0
37 34 0
Net_id 80
pin_num 2
10 38 0
32 29 0
Net_id 81
pin_num 2
18 6 0
26 1 0
Net_id 82
pin_num 2
30 56 0
17 46 0
Net_id 83
pin_num 2
14 17 0
5 3 0
Net_id 84
pin_num 2
10 33 0
12 35 0
Net_id 85
pin_num 2
2 34 0
20 56 0
Net_id 86
pin_num 2
48 14 0
45 12 0
Net_id 87
pin_num 2
5 53 0
0 58 0
Net_id 88
pin_num 2
57 38 0
33 31 0
Net_id 89
pin_num 2
35 54 0
23 24 0
Net_id 90
pin_num 2
43 4 0
44 5 0
Net_id 91
pin_num 2
26 11 0
32 5 0
Net_id 92
pin_num 2
6 35 0
1 20 0
Net_id 93
pin_num 2
51 39 0
37 50 0
Net_id 94
pin_num 2
40 18 0
51 1 0
Net_id 95
pin_num 2
4 33 0
22 26 0
Net_id 96
pin_num 2
17 33 0
11 37 0
Net_id 97
pin_num 2
51 58 0
29 44 0
Net_id 98
pin_num 2
25 20 0
36 48 0
Net_id 99
pin_num 2
19 7 0
12 7 0
Net_id 100
pin_num 2
21 35 0
1 24 0
Net_id 101
pin_num 2
58 45 0
52 45 0
Net_id 102
pin_num 2
33 32 0
16 13 0
Net_id 103
pin_num 2
22 22 0
39 40 0
Net_id 104
pin_num 2
53 37 0
54 39 0
Net_id 105
pin_num 2
37 18 0
19 32 0
Net_id 106
pin_num 2
39 3 0
32 3 0
Net_id 107
pin_num 2
19 25 0
32 38 0
Net_id 108
pin_num 2
35 35 0
38 54 0
Net_id 109
pin_num 2
53 5 0
49 10 0
Net_id 110
pin_num 2
46 42 0
28 35 0
Net_id 111
pin_num 2
38 19 0
49 14 0
Net_id 112
pin_num 2
12 4 0
11 1 0
Net_id 113
pin_num 2
40 57 0
56 44 0
Net_id 114
pin_num 2
58 57 0
44 36 0
Net_id 115
pin_num 2
54 43 0
57 40 0
Net_id 116
pin_num 2
47 7 0
39 18 0
Net_id 117
pin_num 2
12 28 0
35 8 0
Net_id 118
pin_num 2
23 10 0
46 26 0
Net_id 119
pin_num 2
11 29 0
6 28 0
Net_id 120
pin_num 2
18 46 0
23 56 0
Net_id 121
pin_num 2
23 12 0
19 12 0
Net_id 122
pin_num 2
54 42 0
55 42 0
Net_id 123
pin_num 2
53 51 0
53 58 0
Net_id 124
pin_num 2
23 37 0
44 29 0
Net_id 125
pin_num 2
36 5 0
16 11 0
Net_id 126
pin_num 2
58 58 0
44 45 0
Net_id 127
pin_num 2
58 2 0
56 17 0
Net_id 128
pin_num 2
31 43 0
39 41 0
Net_id 129
pin_num 2
34 24 0
51 12 0
Net_id 130
pin_num 2
2 17 0
20 2 0
Net_id 131
pin_num 2
54 55 0
55 41 0
Net_id 132
pin_num 2
25 7 0
19 24 0
Net_id 133
pin_num 2
47 45 0
51 54 0
Net_id 134
pin_num 2
25 52 0
31 38 0
Net_id 135
pin_num 2
59 47 0
51 37 0
Net_id 136
pin_num 2
8 54 0
6 59 0
Net_id 137
pin_num 2
13 25 0
2 29 0
Net_id 138
pin_num 2
50 10 0
57 22 0
Net_id 139
pin_num 2
24 39 0
33 59 0
Net_id 140
pin_num 2
18 45 0
15 47 0
Net_id 141
pin_num 2
50 2 0
33 23 0
Net_id 142
pin_num 2
48 29 0
45 30 0
Net_id 143
pin_num 2
30 26 0
45 34 0
Net_id 144
pin_num 2
41 2 0
50 17 0
Net_id 145
pin_num 2
47 17 0
35 10 0
Net_id 146
pin_num 2
16 6 0
9 24 0
Net_id 147
pin_num 2
19 55 0
26 59 0
Net_id 148
pin_num 2
39 1 0
28 18 0
Net_id 149
pin_num 2
22 54 0
33 56 0
Net_id 150
pin_num 2
29 42 0
43 24 0
Net_id 151
pin_num 2
57 37 0
45 28 0
Net_id 152
pin_num 2
19 48 0
7 53 0
Net_id 153
pin_num 2
52 41 0
50 31 0
Net_id 154
pin_num 2
7 37 0
6 40 0
Net_id 155
pin_num 2
15 23 0
20 39 0
Net_id 156
pin_num 2
10 34 0
1 19 0
Net_id 157
pin_num 2
44 10 0
52 1 0
Net_id 158
pin_num 2
56 12 0
57 39 0
