Width 60
Height 60
Layer 6
Total_WL 7091
Obstacle_num 144
3 51 0 7 52 0
10 21 0 19 22 0
48 28 0 58 29 0
34 23 0 37 24 0
18 30 0 27 31 0
16 58 0 22 59 0
45 4 0 49 5 0
38 48 0 46 49 0
13 9 0 19 10 0
44 6 0 53 7 0
11 24 0 16 25 0
16 51 0 19 52 0
27 34 0 35 35 0
32 43 0 38 44 0
0 16 0 5 17 0
14 48 0 17 49 0
45 8 0 50 9 0
8 56 0 18 57 0
28 56 0 38 57 0
10 58 0 13 59 0
27 12 0 30 13 0
36 49 0 44 50 0
31 1 0 40 2 0
30 21 0 37 22 0
40 29 1 41 32 1
37 47 1 38 56 1
0 12 1 1 22 1
47 34 1 48 42 1
11 47 1 12 56 1
0 29 1 1 37 1
34 52 1 35 58 1
23 10 1 24 13 1
20 27 1 21 36 1
45 10 1 46 17 1
7 1 1 8 7 1
5 15 1 6 25 1
27 14 1 28 17 1
56 15 1 57 18 1
13 42 1 14 50 1
33 18 1 34 28 1
22 42 1 23 50 1
54 10 1 55 15 1
43 41 1 44 51 1
5 34 1 6 44 1
25 1 1 26 6 1
32 11 1 33 18 1
9 2 1 10 11 1
37 13 1 38 18 1
44 10 2 48 11 2
17 37 2 22 38 2
24 13 2 34 14 2
47 55 2 54 56 2
47 5 2 57 6 2
46 49 2 49 50 2
17 20 2 27 21 2
27 22 2 30 23 2
26 21 2 34 22 2
1 21 2 11 22 2
0 18 2 4 19 2
5 6 2 14 7 2
26 41 2 31 42 2
40 30 2 49 31 2
24 57 2 30 58 2
26 1 2 35 2 2
30 3 2 36 4 2
13 58 2 19 59 2
40 37 2 49 38 2
42 11 2 45 12 2
22 34 2 32 35 2
26 19 2 34 20 2
20 33 2 24 34 2
39 56 2 49 57 2
24 12 3 25 21 3
50 16 3 51 26 3
4 42 3 5 46 3
55 35 3 56 42 3
52 6 3 53 14 3
7 38 3 8 48 3
44 52 3 45 59 3
53 36 3 54 44 3
45 32 3 46 37 3
19 18 3 20 28 3
4 34 3 5 40 3
20 12 3 21 16 3
21 32 3 22 41 3
11 3 3 12 12 3
26 28 3 27 34 3
39 13 3 40 22 3
3 41 3 4 46 3
41 4 3 42 8 3
47 5 3 48 8 3
48 47 3 49 56 3
44 30 3 45 39 3
10 55 3 11 58 3
33 18 3 34 25 3
43 45 3 44 50 3
37 10 4 40 11 4
6 6 4 16 7 4
29 54 4 39 55 4
38 38 4 44 39 4
12 43 4 22 44 4
21 32 4 24 33 4
18 33 4 28 34 4
41 27 4 51 28 4
23 7 4 26 8 4
37 31 4 45 32 4
53 21 4 57 22 4
48 29 4 57 30 4
10 25 4 18 26 4
8 44 4 15 45 4
40 6 4 47 7 4
35 12 4 45 13 4
21 50 4 30 51 4
37 18 4 43 19 4
18 45 4 28 46 4
15 5 4 18 6 4
15 17 4 19 18 4
26 40 4 31 41 4
33 41 4 38 42 4
27 27 4 36 28 4
50 37 5 51 45 5
36 8 5 37 11 5
38 32 5 39 39 5
20 24 5 21 30 5
6 30 5 7 39 5
18 32 5 19 36 5
32 3 5 33 7 5
20 45 5 21 51 5
17 9 5 18 12 5
3 21 5 4 29 5
28 19 5 29 24 5
34 19 5 35 28 5
28 31 5 29 40 5
9 4 5 10 8 5
40 36 5 41 46 5
29 31 5 30 40 5
52 26 5 53 34 5
9 41 5 10 49 5
21 51 5 22 59 5
45 52 5 46 55 5
33 6 5 34 10 5
54 21 5 55 30 5
41 37 5 42 47 5
44 21 5 45 30 5
Net_num 162
Net_id 0
pin_num 5
8 41 0
3 39 0
1 20 0
2 27 0
11 41 0
Net_id 1
pin_num 5
48 16 0
36 13 0
59 7 0
36 30 0
47 24 0
Net_id 2
pin_num 5
34 51 0
23 51 0
23 59 0
23 37 0
40 59 0
Net_id 3
pin_num 5
56 0 0
46 0 0
47 3 0
55 4 0
59 17 0
Net_id 4
pin_num 5
40 26 0
54 24 0
53 29 0
49 21 0
47 15 0
Net_id 5
pin_num 5
42 18 0
43 15 0
34 18 0
38 31 0
40 0 0
Net_id 6
pin_num 5
45 9 0
46 7 0
58 2 0
44 5 0
46 1 0
Net_id 7
pin_num 5
36 19 0
22 27 0
25 23 0
13 19 0
35 27 0
Net_id 8
pin_num 5
38 7 0
44 7 0
40 13 0
58 10 0
35 20 0
Net_id 9
pin_num 5
2 7 0
0 9 0
3 0 0
12 5 0
2 6 0
Net_id 10
pin_num 5
1 59 0
7 51 0
14 59 0
6 42 0
1 44 0
Net_id 11
pin_num 5
13 46 0
19 44 0
8 46 0
21 59 0
1 49 0
Net_id 12
pin_num 5
14 11 0
6 1 0
0 1 0
8 17 0
2 1 0
Net_id 13
pin_num 5
38 46 0
36 50 0
58 47 0
59 47 0
41 42 0
Net_id 14
pin_num 5
34 37 0
38 44 0
46 44 0
46 50 0
46 27 0
Net_id 15
pin_num 5
36 20 0
50 27 0
32 22 0
45 37 0
28 24 0
Net_id 16
pin_num 5
12 43 0
4 43 0
7 29 0
30 42 0
1 54 0
Net_id 17
pin_num 5
21 20 0
8 22 0
15 13 0
20 0 0
21 22 0
Net_id 18
pin_num 5
40 50 0
25 56 0
34 50 0
1 56 0
49 53 0
Net_id 19
pin_num 5
25 28 0
25 35 0
10 29 0
39 29 0
39 44 0
Net_id 20
pin_num 5
49 48 0
46 59 0
59 45 0
0 56 0
52 49 0
Net_id 21
pin_num 4
41 51 0
41 58 0
52 56 0
45 43 0
Net_id 22
pin_num 4
49 34 0
37 34 0
43 32 0
40 45 0
Net_id 23
pin_num 4
3 35 0
1 46 0
3 43 0
20 46 0
Net_id 24
pin_num 4
43 9 0
54 6 0
52 1 0
59 18 0
Net_id 25
pin_num 4
7 53 0
3 58 0
41 59 0
5 44 0
Net_id 26
pin_num 4
25 57 0
47 57 0
26 43 0
24 54 0
Net_id 27
pin_num 4
28 3 0
42 2 0
39 4 0
37 7 0
Net_id 28
pin_num 4
0 6 0
4 3 0
4 24 0
0 27 0
Net_id 29
pin_num 4
35 7 0
42 15 0
47 14 0
36 31 0
Net_id 30
pin_num 4
27 17 0
34 5 0
28 23 0
18 5 0
Net_id 31
pin_num 4
11 32 0
20 32 0
16 14 0
1 15 0
Net_id 32
pin_num 4
12 14 0
4 14 0
11 30 0
11 31 0
Net_id 33
pin_num 4
19 22 0
35 25 0
9 29 0
25 55 0
Net_id 34
pin_num 4
21 40 0
18 48 0
0 48 0
36 40 0
Net_id 35
pin_num 4
41 44 0
48 45 0
46 54 0
33 53 0
Net_id 36
pin_num 4
7 7 0
3 23 0
27 18 0
9 1 0
Net_id 37
pin_num 4
24 56 0
16 52 0
16 43 0
29 58 0
Net_id 38
pin_num 4
42 40 0
35 46 0
30 44 0
14 44 0
Net_id 39
pin_num 4
7 32 0
17 31 0
0 28 0
11 28 0
Net_id 40
pin_num 3
51 10 0
36 10 0
35 26 0
Net_id 41
pin_num 3
6 8 0
16 2 0
24 8 0
Net_id 42
pin_num 3
1 0 0
10 2 0
10 11 0
Net_id 43
pin_num 3
11 4 0
7 16 0
27 20 0
Net_id 44
pin_num 3
34 46 0
32 46 0
59 41 0
Net_id 45
pin_num 3
46 5 0
33 0 0
38 16 0
Net_id 46
pin_num 3
21 27 0
6 31 0
4 44 0
Net_id 47
pin_num 3
49 14 0
48 25 0
33 39 0
Net_id 48
pin_num 3
33 33 0
34 47 0
41 45 0
Net_id 49
pin_num 3
35 47 0
53 52 0
21 48 0
Net_id 50
pin_num 3
46 22 0
37 11 0
59 25 0
Net_id 51
pin_num 3
49 30 0
50 8 0
56 40 0
Net_id 52
pin_num 3
7 14 0
2 22 0
5 26 0
Net_id 53
pin_num 3
23 15 0
13 10 0
31 15 0
Net_id 54
pin_num 3
58 3 0
57 13 0
39 12 0
Net_id 55
pin_num 3
16 15 0
6 35 0
13 28 0
Net_id 56
pin_num 3
44 8 0
37 0 0
41 2 0
Net_id 57
pin_num 3
53 21 0
56 24 0
47 7 0
Net_id 58
pin_num 3
19 17 0
10 30 0
34 8 0
Net_id 59
pin_num 3
26 48 0
31 39 0
38 58 0
Net_id 60
pin_num 3
28 53 0
35 54 0
9 53 0
Net_id 61
pin_num 3
47 29 0
43 27 0
24 1 0
Net_id 62
pin_num 3
22 9 0
32 13 0
42 4 0
Net_id 63
pin_num 3
37 30 0
32 32 0
24 28 0
Net_id 64
pin_num 3
14 0 0
14 1 0
12 17 0
Net_id 65
pin_num 3
11 47 0
0 47 0
13 39 0
Net_id 66
pin_num 3
14 4 0
7 13 0
4 2 0
Net_id 67
pin_num 3
34 16 0
48 26 0
40 33 0
Net_id 68
pin_num 3
52 23 0
37 21 0
47 31 0
Net_id 69
pin_num 3
13 12 0
19 6 0
14 13 0
Net_id 70
pin_num 3
6 21 0
26 17 0
14 30 0
Net_id 71
pin_num 3
4 23 0
24 21 0
29 20 0
Net_id 72
pin_num 3
26 45 0
37 19 0
47 26 0
Net_id 73
pin_num 3
58 34 0
49 11 0
28 10 0
Net_id 74
pin_num 3
54 11 0
58 9 0
52 25 0
Net_id 75
pin_num 3
22 25 0
14 31 0
1 22 0
Net_id 76
pin_num 3
4 21 0
2 14 0
5 3 0
Net_id 77
pin_num 3
2 48 0
15 45 0
22 54 0
Net_id 78
pin_num 3
21 14 0
3 30 0
0 2 0
Net_id 79
pin_num 3
32 36 0
38 41 0
21 9 0
Net_id 80
pin_num 3
48 54 0
54 41 0
35 49 0
Net_id 81
pin_num 3
48 29 0
59 44 0
33 16 0
Net_id 82
pin_num 3
30 55 0
36 53 0
48 55 0
Net_id 83
pin_num 2
22 58 0
29 43 0
Net_id 84
pin_num 2
44 1 0
57 14 0
Net_id 85
pin_num 2
46 30 0
32 41 0
Net_id 86
pin_num 2
12 3 0
26 7 0
Net_id 87
pin_num 2
23 43 0
29 35 0
Net_id 88
pin_num 2
59 15 0
53 18 0
Net_id 89
pin_num 2
6 17 0
10 25 0
Net_id 90
pin_num 2
8 6 0
7 17 0
Net_id 91
pin_num 2
17 0 0
19 3 0
Net_id 92
pin_num 2
55 31 0
50 40 0
Net_id 93
pin_num 2
33 49 0
26 39 0
Net_id 94
pin_num 2
42 50 0
32 31 0
Net_id 95
pin_num 2
25 41 0
20 41 0
Net_id 96
pin_num 2
38 14 0
37 2 0
Net_id 97
pin_num 2
54 47 0
59 50 0
Net_id 98
pin_num 2
4 31 0
5 42 0
Net_id 99
pin_num 2
28 6 0
23 13 0
Net_id 100
pin_num 2
39 36 0
42 45 0
Net_id 101
pin_num 2
58 27 0
49 31 0
Net_id 102
pin_num 2
49 35 0
58 35 0
Net_id 103
pin_num 2
54 13 0
43 13 0
Net_id 104
pin_num 2
1 37 0
20 38 0
Net_id 105
pin_num 2
29 52 0
43 40 0
Net_id 106
pin_num 2
53 38 0
19 16 0
Net_id 107
pin_num 2
6 36 0
3 31 0
Net_id 108
pin_num 2
30 25 0
16 4 0
Net_id 109
pin_num 2
32 2 0
26 14 0
Net_id 110
pin_num 2
48 49 0
44 45 0
Net_id 111
pin_num 2
28 50 0
16 26 0
Net_id 112
pin_num 2
27 54 0
33 54 0
Net_id 113
pin_num 2
34 12 0
54 32 0
Net_id 114
pin_num 2
17 45 0
35 51 0
Net_id 115
pin_num 2
52 58 0
53 45 0
Net_id 116
pin_num 2
40 29 0
58 39 0
Net_id 117
pin_num 2
16 7 0
13 17 0
Net_id 118
pin_num 2
12 36 0
5 45 0
Net_id 119
pin_num 2
42 27 0
40 21 0
Net_id 120
pin_num 2
26 55 0
32 26 0
Net_id 121
pin_num 2
44 37 0
25 54 0
Net_id 122
pin_num 2
3 2 0
5 5 0
Net_id 123
pin_num 2
32 33 0
21 44 0
Net_id 124
pin_num 2
2 25 0
20 17 0
Net_id 125
pin_num 2
56 6 0
49 2 0
Net_id 126
pin_num 2
9 10 0
7 10 0
Net_id 127
pin_num 2
42 0 0
29 10 0
Net_id 128
pin_num 2
24 20 0
6 11 0
Net_id 129
pin_num 2
25 36 0
38 17 0
Net_id 130
pin_num 2
10 40 0
7 25 0
Net_id 131
pin_num 2
59 14 0
44 19 0
Net_id 132
pin_num 2
6 12 0
6 19 0
Net_id 133
pin_num 2
54 23 0
57 22 0
Net_id 134
pin_num 2
24 55 0
14 54 0
Net_id 135
pin_num 2
1 18 0
21 24 0
Net_id 136
pin_num 2
51 58 0
47 33 0
Net_id 137
pin_num 2
50 52 0
55 45 0
Net_id 138
pin_num 2
36 38 0
9 35 0
Net_id 139
pin_num 2
55 34 0
44 15 0
Net_id 140
pin_num 2
34 20 0
30 2 0
Net_id 141
pin_num 2
0 10 0
18 2 0
Net_id 142
pin_num 2
25 7 0
6 3 0
Net_id 143
pin_num 2
31 10 0
42 3 0
Net_id 144
pin_num 2
26 11 0
36 5 0
Net_id 145
pin_num 2
4 53 0
1 31 0
Net_id 146
pin_num 2
11 34 0
31 29 0
Net_id 147
pin_num 2
7 36 0
24 35 0
Net_id 148
pin_num 2
55 55 0
51 39 0
Net_id 149
pin_num 2
53 25 0
52 38 0
Net_id 150
pin_num 2
15 42 0
20 55 0
Net_id 151
pin_num 2
52 53 0
56 59 0
Net_id 152
pin_num 2
56 5 0
39 11 0
Net_id 153
pin_num 2
10 17 0
5 0 0
Net_id 154
pin_num 2
9 33 0
12 33 0
Net_id 155
pin_num 2
35 2 0
29 7 0
Net_id 156
pin_num 2
46 18 0
50 4 0
Net_id 157
pin_num 2
36 52 0
39 59 0
Net_id 158
pin_num 2
56 29 0
51 25 0
Net_id 159
pin_num 2
5 38 0
8 38 0
Net_id 160
pin_num 2
30 7 0
54 2 0
Net_id 161
pin_num 2
7 44 0
10 49 0
