Width 60
Height 60
Layer 6
Total_WL 6555
Obstacle_num 144
10 21 0 16 22 0
10 58 0 13 59 0
12 0 0 19 1 0
54 14 0 58 15 0
22 44 0 31 45 0
36 22 0 42 23 0
19 23 0 22 24 0
23 13 0 26 14 0
50 45 0 54 46 0
32 21 0 40 22 0
47 19 0 57 20 0
36 58 0 44 59 0
16 40 0 23 41 0
37 10 0 41 11 0
24 27 0 31 28 0
23 16 0 31 17 0
41 50 0 45 51 0
24 41 0 31 42 0
10 15 0 17 16 0
50 48 0 58 49 0
23 40 0 33 41 0
7 25 0 12 26 0
11 22 0 18 23 0
11 13 0 17 14 0
9 41 1 10 45 1
46 9 1 47 13 1
55 21 1 56 30 1
2 38 1 3 45 1
51 4 1 52 7 1
54 6 1 55 16 1
52 23 1 53 28 1
32 44 1 33 47 1
38 42 1 39 50 1
18 32 1 19 42 1
2 26 1 3 36 1
51 36 1 52 44 1
26 8 1 27 11 1
27 41 1 28 49 1
11 51 1 12 59 1
34 0 1 35 4 1
44 1 1 45 5 1
35 2 1 36 11 1
4 15 1 5 25 1
44 38 1 45 47 1
45 25 1 46 28 1
53 23 1 54 28 1
39 5 1 40 15 1
52 33 1 53 37 1
21 17 2 26 18 2
44 42 2 53 43 2
1 48 2 8 49 2
39 27 2 45 28 2
14 10 2 23 11 2
7 7 2 11 8 2
11 56 2 19 57 2
3 11 2 6 12 2
39 51 2 42 52 2
45 58 2 52 59 2
13 32 2 22 33 2
12 46 2 18 47 2
37 23 2 44 24 2
31 16 2 35 17 2
14 11 2 20 12 2
55 31 2 59 32 2
51 35 2 57 36 2
22 5 2 29 6 2
32 30 2 42 31 2
26 20 2 33 21 2
32 15 2 39 16 2
14 48 2 24 49 2
10 54 2 20 55 2
47 36 2 51 37 2
37 5 3 38 9 3
3 49 3 4 53 3
38 31 3 39 41 3
18 48 3 19 53 3
4 16 3 5 19 3
54 53 3 55 59 3
3 35 3 4 41 3
13 53 3 14 58 3
15 36 3 16 44 3
10 37 3 11 44 3
1 11 3 2 14 3
5 17 3 6 20 3
49 27 3 50 31 3
46 44 3 47 54 3
53 24 3 54 27 3
44 50 3 45 56 3
18 36 3 19 46 3
37 23 3 38 31 3
30 20 3 31 29 3
20 2 3 21 6 3
1 17 3 2 24 3
7 5 3 8 15 3
18 1 3 19 7 3
7 55 3 8 58 3
47 38 4 57 39 4
38 4 4 48 5 4
50 16 4 58 17 4
17 43 4 22 44 4
35 58 4 41 59 4
25 46 4 30 47 4
37 47 4 42 48 4
8 48 4 18 49 4
40 44 4 47 45 4
24 20 4 30 21 4
24 47 4 32 48 4
12 49 4 21 50 4
44 33 4 53 34 4
29 45 4 37 46 4
52 52 4 57 53 4
19 44 4 24 45 4
0 13 4 4 14 4
35 27 4 38 28 4
33 39 4 39 40 4
16 29 4 22 30 4
37 41 4 43 42 4
11 14 4 15 15 4
36 43 4 41 44 4
31 48 4 38 49 4
6 1 5 7 10 5
22 4 5 23 11 5
39 36 5 40 44 5
29 19 5 30 26 5
30 10 5 31 20 5
45 6 5 46 12 5
33 11 5 34 15 5
24 4 5 25 8 5
21 32 5 22 40 5
28 23 5 29 27 5
8 12 5 9 16 5
27 31 5 28 35 5
26 43 5 27 47 5
7 50 5 8 58 5
12 34 5 13 42 5
52 23 5 53 27 5
16 36 5 17 44 5
6 42 5 7 45 5
21 45 5 22 48 5
18 38 5 19 48 5
57 31 5 58 41 5
35 38 5 36 45 5
26 27 5 27 33 5
44 47 5 45 57 5
Net_num 157
Net_id 0
pin_num 5
56 53 0
55 53 0
40 53 0
38 59 0
43 37 0
Net_id 1
pin_num 5
7 8 0
15 3 0
0 1 0
21 0 0
27 5 0
Net_id 2
pin_num 5
1 44 0
8 31 0
8 45 0
0 34 0
25 34 0
Net_id 3
pin_num 5
8 52 0
9 40 0
11 48 0
9 36 0
0 44 0
Net_id 4
pin_num 5
31 35 0
35 43 0
42 30 0
38 33 0
34 58 0
Net_id 5
pin_num 5
10 40 0
11 38 0
15 39 0
14 19 0
7 26 0
Net_id 6
pin_num 5
3 7 0
0 15 0
13 9 0
22 0 0
8 11 0
Net_id 7
pin_num 5
21 6 0
9 11 0
9 7 0
9 1 0
12 12 0
Net_id 8
pin_num 5
29 25 0
39 20 0
10 22 0
36 10 0
15 30 0
Net_id 9
pin_num 5
3 26 0
4 29 0
3 52 0
0 52 0
0 26 0
Net_id 10
pin_num 5
6 43 0
14 43 0
12 25 0
4 35 0
7 30 0
Net_id 11
pin_num 5
43 43 0
36 43 0
36 36 0
20 39 0
12 36 0
Net_id 12
pin_num 5
12 33 0
6 37 0
24 35 0
22 31 0
17 31 0
Net_id 13
pin_num 5
25 48 0
32 51 0
31 54 0
31 55 0
29 56 0
Net_id 14
pin_num 5
43 59 0
49 55 0
37 59 0
52 59 0
58 55 0
Net_id 15
pin_num 5
36 55 0
33 50 0
23 59 0
33 33 0
42 44 0
Net_id 16
pin_num 5
12 56 0
2 59 0
7 59 0
13 59 0
19 59 0
Net_id 17
pin_num 5
2 11 0
2 0 0
2 16 0
25 8 0
15 14 0
Net_id 18
pin_num 5
12 57 0
21 59 0
24 57 0
8 46 0
23 58 0
Net_id 19
pin_num 5
23 18 0
35 18 0
25 29 0
31 31 0
16 11 0
Net_id 20
pin_num 4
50 58 0
43 56 0
54 58 0
54 46 0
Net_id 21
pin_num 4
51 16 0
58 22 0
48 20 0
51 22 0
Net_id 22
pin_num 4
16 14 0
25 11 0
19 7 0
35 10 0
Net_id 23
pin_num 4
3 16 0
8 24 0
0 22 0
0 23 0
Net_id 24
pin_num 4
26 29 0
29 20 0
29 45 0
28 38 0
Net_id 25
pin_num 4
39 17 0
54 25 0
45 10 0
59 13 0
Net_id 26
pin_num 4
55 55 0
59 52 0
59 29 0
45 49 0
Net_id 27
pin_num 4
9 57 0
18 55 0
5 58 0
0 48 0
Net_id 28
pin_num 4
54 40 0
46 36 0
50 47 0
58 51 0
Net_id 29
pin_num 4
56 47 0
57 44 0
44 44 0
47 54 0
Net_id 30
pin_num 4
48 51 0
56 58 0
39 53 0
52 57 0
Net_id 31
pin_num 4
6 0 0
3 2 0
3 22 0
8 4 0
Net_id 32
pin_num 4
1 28 0
13 33 0
12 24 0
5 31 0
Net_id 33
pin_num 4
46 56 0
49 41 0
58 43 0
45 43 0
Net_id 34
pin_num 4
58 21 0
59 15 0
38 17 0
45 34 0
Net_id 35
pin_num 4
37 18 0
35 12 0
22 19 0
31 32 0
Net_id 36
pin_num 4
34 6 0
18 9 0
19 18 0
25 12 0
Net_id 37
pin_num 4
51 34 0
55 33 0
47 51 0
55 58 0
Net_id 38
pin_num 3
23 55 0
16 55 0
7 57 0
Net_id 39
pin_num 3
58 15 0
57 32 0
58 4 0
Net_id 40
pin_num 3
57 25 0
53 12 0
56 50 0
Net_id 41
pin_num 3
17 39 0
9 24 0
15 50 0
Net_id 42
pin_num 3
53 24 0
27 17 0
27 4 0
Net_id 43
pin_num 3
37 5 0
49 5 0
49 22 0
Net_id 44
pin_num 3
52 47 0
42 45 0
44 51 0
Net_id 45
pin_num 3
12 16 0
18 11 0
1 4 0
Net_id 46
pin_num 3
57 40 0
57 13 0
53 33 0
Net_id 47
pin_num 3
31 24 0
37 28 0
7 32 0
Net_id 48
pin_num 3
23 52 0
18 46 0
4 50 0
Net_id 49
pin_num 3
11 46 0
17 49 0
35 40 0
Net_id 50
pin_num 3
32 35 0
42 41 0
33 8 0
Net_id 51
pin_num 3
9 54 0
1 55 0
26 51 0
Net_id 52
pin_num 3
6 19 0
5 23 0
22 23 0
Net_id 53
pin_num 3
19 39 0
24 58 0
0 33 0
Net_id 54
pin_num 3
49 23 0
54 28 0
55 13 0
Net_id 55
pin_num 3
57 38 0
37 36 0
43 30 0
Net_id 56
pin_num 3
43 2 0
23 4 0
29 0 0
Net_id 57
pin_num 3
53 18 0
58 20 0
50 0 0
Net_id 58
pin_num 3
0 45 0
7 58 0
1 58 0
Net_id 59
pin_num 3
53 14 0
47 20 0
35 0 0
Net_id 60
pin_num 3
26 22 0
14 41 0
0 25 0
Net_id 61
pin_num 3
37 6 0
32 4 0
34 11 0
Net_id 62
pin_num 3
59 37 0
39 48 0
5 35 0
Net_id 63
pin_num 3
16 37 0
4 30 0
1 41 0
Net_id 64
pin_num 3
32 45 0
28 56 0
22 39 0
Net_id 65
pin_num 3
25 2 0
28 3 0
20 27 0
Net_id 66
pin_num 3
20 34 0
19 20 0
13 19 0
Net_id 67
pin_num 3
13 52 0
5 42 0
31 44 0
Net_id 68
pin_num 3
48 37 0
34 32 0
52 50 0
Net_id 69
pin_num 3
28 25 0
11 19 0
24 19 0
Net_id 70
pin_num 3
41 20 0
31 1 0
35 11 0
Net_id 71
pin_num 3
28 50 0
17 52 0
33 57 0
Net_id 72
pin_num 3
58 24 0
54 22 0
38 24 0
Net_id 73
pin_num 3
57 1 0
53 2 0
38 14 0
Net_id 74
pin_num 3
4 20 0
35 25 0
58 48 0
Net_id 75
pin_num 3
27 34 0
18 17 0
32 17 0
Net_id 76
pin_num 2
16 47 0
36 35 0
Net_id 77
pin_num 2
12 41 0
2 52 0
Net_id 78
pin_num 2
39 8 0
33 12 0
Net_id 79
pin_num 2
34 57 0
45 41 0
Net_id 80
pin_num 2
57 9 0
40 1 0
Net_id 81
pin_num 2
10 38 0
20 46 0
Net_id 82
pin_num 2
44 10 0
22 11 0
Net_id 83
pin_num 2
37 41 0
40 49 0
Net_id 84
pin_num 2
59 39 0
23 39 0
Net_id 85
pin_num 2
31 47 0
34 38 0
Net_id 86
pin_num 2
56 3 0
48 12 0
Net_id 87
pin_num 2
2 4 0
4 3 0
Net_id 88
pin_num 2
52 5 0
50 6 0
Net_id 89
pin_num 2
37 26 0
33 31 0
Net_id 90
pin_num 2
47 42 0
49 40 0
Net_id 91
pin_num 2
26 32 0
35 48 0
Net_id 92
pin_num 2
42 24 0
53 32 0
Net_id 93
pin_num 2
21 11 0
21 15 0
Net_id 94
pin_num 2
25 56 0
37 57 0
Net_id 95
pin_num 2
24 37 0
37 46 0
Net_id 96
pin_num 2
43 17 0
39 18 0
Net_id 97
pin_num 2
53 11 0
58 2 0
Net_id 98
pin_num 2
54 3 0
45 3 0
Net_id 99
pin_num 2
55 35 0
52 52 0
Net_id 100
pin_num 2
43 52 0
57 46 0
Net_id 101
pin_num 2
37 16 0
47 8 0
Net_id 102
pin_num 2
2 1 0
5 15 0
Net_id 103
pin_num 2
59 6 0
49 26 0
Net_id 104
pin_num 2
45 14 0
56 21 0
Net_id 105
pin_num 2
30 1 0
13 17 0
Net_id 106
pin_num 2
12 49 0
0 54 0
Net_id 107
pin_num 2
10 7 0
19 3 0
Net_id 108
pin_num 2
41 8 0
43 29 0
Net_id 109
pin_num 2
35 54 0
45 54 0
Net_id 110
pin_num 2
32 23 0
26 23 0
Net_id 111
pin_num 2
9 51 0
34 35 0
Net_id 112
pin_num 2
2 13 0
6 15 0
Net_id 113
pin_num 2
25 35 0
32 54 0
Net_id 114
pin_num 2
20 44 0
10 31 0
Net_id 115
pin_num 2
33 55 0
36 51 0
Net_id 116
pin_num 2
35 22 0
34 17 0
Net_id 117
pin_num 2
30 56 0
52 46 0
Net_id 118
pin_num 2
5 53 0
28 55 0
Net_id 119
pin_num 2
15 43 0
34 31 0
Net_id 120
pin_num 2
24 50 0
4 54 0
Net_id 121
pin_num 2
28 11 0
28 14 0
Net_id 122
pin_num 2
2 46 0
9 50 0
Net_id 123
pin_num 2
15 49 0
26 17 0
Net_id 124
pin_num 2
18 42 0
10 44 0
Net_id 125
pin_num 2
16 8 0
22 9 0
Net_id 126
pin_num 2
25 31 0
1 38 0
Net_id 127
pin_num 2
26 14 0
12 17 0
Net_id 128
pin_num 2
51 43 0
44 36 0
Net_id 129
pin_num 2
1 35 0
27 49 0
Net_id 130
pin_num 2
0 21 0
10 17 0
Net_id 131
pin_num 2
41 55 0
48 30 0
Net_id 132
pin_num 2
16 20 0
33 7 0
Net_id 133
pin_num 2
22 3 0
2 22 0
Net_id 134
pin_num 2
35 23 0
4 4 0
Net_id 135
pin_num 2
44 34 0
33 51 0
Net_id 136
pin_num 2
0 55 0
5 34 0
Net_id 137
pin_num 2
13 58 0
25 54 0
Net_id 138
pin_num 2
41 26 0
40 26 0
Net_id 139
pin_num 2
56 5 0
51 11 0
Net_id 140
pin_num 2
34 53 0
23 46 0
Net_id 141
pin_num 2
57 10 0
59 9 0
Net_id 142
pin_num 2
8 34 0
11 31 0
Net_id 143
pin_num 2
3 20 0
2 17 0
Net_id 144
pin_num 2
17 13 0
0 24 0
Net_id 145
pin_num 2
40 8 0
23 6 0
Net_id 146
pin_num 2
15 33 0
25 33 0
Net_id 147
pin_num 2
54 30 0
48 23 0
Net_id 148
pin_num 2
15 17 0
30 26 0
Net_id 149
pin_num 2
41 49 0
47 31 0
Net_id 150
pin_num 2
16 29 0
6 29 0
Net_id 151
pin_num 2
53 42 0
47 48 0
Net_id 152
pin_num 2
18 49 0
33 54 0
Net_id 153
pin_num 2
46 17 0
32 12 0
Net_id 154
pin_num 2
38 45 0
30 42 0
Net_id 155
pin_num 2
8 18 0
27 51 0
Net_id 156
pin_num 2
30 4 0
5 24 0
