Width 60
Height 60
Layer 6
Total_WL 6391
Obstacle_num 144
5 14 0 14 15 0
36 51 0 44 52 0
9 42 0 15 43 0
30 17 0 39 18 0
39 7 0 47 8 0
55 26 0 58 27 0
38 19 0 42 20 0
5 23 0 15 24 0
31 35 0 34 36 0
4 39 0 12 40 0
50 31 0 54 32 0
25 26 0 28 27 0
10 46 0 20 47 0
34 5 0 39 6 0
43 4 0 48 5 0
10 43 0 17 44 0
7 28 0 10 29 0
6 56 0 13 57 0
22 38 0 32 39 0
0 43 0 5 44 0
54 2 0 58 3 0
25 44 0 32 45 0
38 32 0 47 33 0
15 32 0 18 33 0
42 28 1 43 35 1
30 35 1 31 38 1
19 22 1 20 26 1
49 18 1 50 28 1
15 19 1 16 28 1
49 30 1 50 36 1
45 10 1 46 16 1
56 4 1 57 12 1
37 26 1 38 30 1
30 25 1 31 35 1
8 4 1 9 11 1
52 23 1 53 31 1
47 38 1 48 48 1
23 53 1 24 57 1
54 34 1 55 37 1
51 30 1 52 40 1
38 42 1 39 47 1
27 14 1 28 22 1
33 32 1 34 35 1
32 31 1 33 39 1
19 28 1 20 38 1
9 31 1 10 38 1
6 49 1 7 56 1
6 36 1 7 45 1
1 28 2 8 29 2
7 1 2 16 2 2
53 4 2 57 5 2
2 6 2 8 7 2
47 56 2 50 57 2
39 15 2 45 16 2
49 38 2 54 39 2
35 57 2 40 58 2
45 47 2 54 48 2
12 57 2 19 58 2
12 0 2 21 1 2
37 10 2 43 11 2
52 14 2 56 15 2
48 57 2 51 58 2
21 30 2 26 31 2
0 36 2 9 37 2
42 16 2 51 17 2
21 0 2 25 1 2
33 3 2 39 4 2
40 45 2 49 46 2
2 43 2 5 44 2
40 7 2 50 8 2
40 56 2 45 57 2
1 41 2 11 42 2
38 49 3 39 55 3
21 5 3 22 10 3
27 17 3 28 25 3
11 31 3 12 35 3
31 54 3 32 58 3
1 4 3 2 12 3
18 22 3 19 26 3
9 29 3 10 33 3
31 2 3 32 11 3
13 23 3 14 32 3
30 25 3 31 31 3
3 36 3 4 43 3
17 17 3 18 20 3
7 43 3 8 53 3
5 23 3 6 33 3
58 2 3 59 5 3
31 14 3 32 22 3
40 48 3 41 52 3
43 17 3 44 22 3
34 23 3 35 32 3
33 8 3 34 18 3
0 21 3 1 27 3
53 29 3 54 36 3
0 4 3 1 8 3
16 6 4 22 7 4
30 11 4 35 12 4
46 42 4 53 43 4
2 13 4 7 14 4
0 43 4 4 44 4
48 31 4 52 32 4
23 6 4 29 7 4
55 42 4 58 43 4
44 22 4 51 23 4
20 49 4 24 50 4
5 35 4 10 36 4
29 2 4 34 3 4
33 19 4 43 20 4
38 40 4 47 41 4
29 33 4 38 34 4
20 35 4 28 36 4
5 38 4 10 39 4
21 33 4 24 34 4
1 50 4 7 51 4
8 1 4 16 2 4
55 58 4 59 59 4
54 52 4 58 53 4
12 37 4 22 38 4
40 20 4 43 21 4
36 5 5 37 12 5
26 50 5 27 56 5
27 16 5 28 21 5
38 37 5 39 44 5
55 16 5 56 20 5
43 0 5 44 10 5
24 1 5 25 6 5
22 25 5 23 29 5
6 2 5 7 8 5
54 26 5 55 29 5
54 39 5 55 49 5
12 16 5 13 25 5
49 29 5 50 32 5
56 20 5 57 27 5
50 31 5 51 36 5
16 53 5 17 57 5
10 37 5 11 47 5
49 42 5 50 51 5
24 14 5 25 24 5
19 53 5 20 56 5
6 8 5 7 18 5
31 20 5 32 24 5
33 4 5 34 11 5
40 44 5 41 54 5
Net_num 155
Net_id 0
pin_num 5
42 36 0
40 35 0
42 58 0
59 44 0
48 35 0
Net_id 1
pin_num 5
52 43 0
46 42 0
43 43 0
48 50 0
34 45 0
Net_id 2
pin_num 5
12 20 0
8 20 0
10 2 0
21 2 0
0 2 0
Net_id 3
pin_num 5
8 44 0
0 55 0
0 26 0
0 56 0
11 59 0
Net_id 4
pin_num 5
51 59 0
48 58 0
50 37 0
59 36 0
33 43 0
Net_id 5
pin_num 5
0 14 0
11 8 0
14 11 0
25 0 0
0 5 0
Net_id 6
pin_num 5
20 40 0
18 36 0
18 30 0
11 33 0
40 33 0
Net_id 7
pin_num 5
14 0 0
18 7 0
8 4 0
1 0 0
24 12 0
Net_id 8
pin_num 5
4 36 0
1 47 0
1 58 0
20 37 0
9 38 0
Net_id 9
pin_num 5
58 36 0
44 31 0
50 34 0
48 8 0
51 9 0
Net_id 10
pin_num 5
30 56 0
36 56 0
47 56 0
43 42 0
30 39 0
Net_id 11
pin_num 5
25 55 0
15 47 0
18 29 0
32 50 0
28 47 0
Net_id 12
pin_num 5
35 36 0
24 40 0
40 39 0
45 40 0
32 57 0
Net_id 13
pin_num 5
47 39 0
37 32 0
59 45 0
41 57 0
54 59 0
Net_id 14
pin_num 5
21 34 0
10 25 0
19 20 0
28 25 0
0 18 0
Net_id 15
pin_num 5
6 22 0
3 25 0
5 30 0
3 14 0
20 24 0
Net_id 16
pin_num 5
5 53 0
5 52 0
23 57 0
12 55 0
14 53 0
Net_id 17
pin_num 5
16 22 0
22 15 0
30 16 0
22 1 0
21 23 0
Net_id 18
pin_num 4
25 35 0
29 41 0
41 41 0
25 27 0
Net_id 19
pin_num 4
16 15 0
20 14 0
37 14 0
34 37 0
Net_id 20
pin_num 4
33 25 0
26 32 0
51 28 0
38 30 0
Net_id 21
pin_num 4
24 1 0
38 1 0
37 22 0
19 14 0
Net_id 22
pin_num 4
46 3 0
54 3 0
57 0 0
41 0 0
Net_id 23
pin_num 4
28 10 0
20 10 0
16 1 0
36 9 0
Net_id 24
pin_num 4
48 53 0
39 52 0
51 54 0
57 54 0
Net_id 25
pin_num 4
20 31 0
26 39 0
41 33 0
40 15 0
Net_id 26
pin_num 4
1 21 0
7 15 0
4 1 0
3 5 0
Net_id 27
pin_num 4
13 50 0
8 54 0
24 53 0
1 35 0
Net_id 28
pin_num 4
15 27 0
22 27 0
18 12 0
24 26 0
Net_id 29
pin_num 4
56 40 0
46 40 0
46 30 0
55 30 0
Net_id 30
pin_num 4
8 53 0
15 55 0
7 58 0
12 38 0
Net_id 31
pin_num 4
4 15 0
2 18 0
10 36 0
1 23 0
Net_id 32
pin_num 4
9 8 0
6 20 0
7 7 0
9 30 0
Net_id 33
pin_num 4
1 52 0
14 58 0
1 48 0
20 56 0
Net_id 34
pin_num 4
40 59 0
51 50 0
53 58 0
56 55 0
Net_id 35
pin_num 4
7 16 0
23 20 0
12 33 0
45 20 0
Net_id 36
pin_num 3
40 47 0
25 57 0
59 52 0
Net_id 37
pin_num 3
42 57 0
45 59 0
58 46 0
Net_id 38
pin_num 3
29 24 0
39 17 0
4 24 0
Net_id 39
pin_num 3
30 2 0
38 6 0
8 3 0
Net_id 40
pin_num 3
21 44 0
3 38 0
48 6 0
Net_id 41
pin_num 3
40 8 0
35 21 0
59 6 0
Net_id 42
pin_num 3
47 42 0
57 57 0
36 43 0
Net_id 43
pin_num 3
50 57 0
36 59 0
49 46 0
Net_id 44
pin_num 3
50 2 0
57 7 0
36 0 0
Net_id 45
pin_num 3
15 48 0
7 34 0
33 52 0
Net_id 46
pin_num 3
0 46 0
9 40 0
10 58 0
Net_id 47
pin_num 3
12 19 0
5 19 0
36 25 0
Net_id 48
pin_num 3
16 53 0
8 34 0
11 18 0
Net_id 49
pin_num 3
38 49 0
46 48 0
55 49 0
Net_id 50
pin_num 3
16 21 0
2 26 0
6 34 0
Net_id 51
pin_num 3
9 29 0
7 31 0
17 7 0
Net_id 52
pin_num 3
2 42 0
14 22 0
31 24 0
Net_id 53
pin_num 3
6 27 0
20 35 0
15 30 0
Net_id 54
pin_num 3
28 59 0
16 54 0
34 55 0
Net_id 55
pin_num 3
6 13 0
18 13 0
12 8 0
Net_id 56
pin_num 3
59 29 0
54 17 0
50 35 0
Net_id 57
pin_num 3
53 17 0
29 21 0
59 1 0
Net_id 58
pin_num 3
34 0 0
9 3 0
42 3 0
Net_id 59
pin_num 3
30 49 0
45 42 0
43 29 0
Net_id 60
pin_num 3
44 16 0
54 37 0
57 53 0
Net_id 61
pin_num 3
26 37 0
14 34 0
9 46 0
Net_id 62
pin_num 3
45 9 0
52 18 0
52 39 0
Net_id 63
pin_num 3
42 18 0
56 27 0
40 0 0
Net_id 64
pin_num 3
59 21 0
45 29 0
35 22 0
Net_id 65
pin_num 3
59 13 0
44 12 0
16 12 0
Net_id 66
pin_num 3
12 37 0
19 48 0
2 55 0
Net_id 67
pin_num 3
35 8 0
54 11 0
39 31 0
Net_id 68
pin_num 3
41 4 0
31 10 0
13 17 0
Net_id 69
pin_num 3
25 45 0
34 57 0
34 13 0
Net_id 70
pin_num 3
36 29 0
42 14 0
59 16 0
Net_id 71
pin_num 3
51 15 0
55 34 0
50 20 0
Net_id 72
pin_num 3
26 7 0
6 6 0
23 15 0
Net_id 73
pin_num 3
58 50 0
57 47 0
52 48 0
Net_id 74
pin_num 3
17 50 0
22 31 0
18 59 0
Net_id 75
pin_num 2
23 56 0
33 55 0
Net_id 76
pin_num 2
37 40 0
28 32 0
Net_id 77
pin_num 2
38 4 0
58 7 0
Net_id 78
pin_num 2
48 51 0
44 46 0
Net_id 79
pin_num 2
51 39 0
28 36 0
Net_id 80
pin_num 2
0 4 0
14 20 0
Net_id 81
pin_num 2
16 38 0
10 48 0
Net_id 82
pin_num 2
55 33 0
45 8 0
Net_id 83
pin_num 2
24 28 0
41 34 0
Net_id 84
pin_num 2
27 16 0
14 26 0
Net_id 85
pin_num 2
41 29 0
43 31 0
Net_id 86
pin_num 2
51 4 0
44 5 0
Net_id 87
pin_num 2
30 10 0
23 5 0
Net_id 88
pin_num 2
51 25 0
47 27 0
Net_id 89
pin_num 2
4 33 0
7 32 0
Net_id 90
pin_num 2
29 51 0
6 30 0
Net_id 91
pin_num 2
51 57 0
58 39 0
Net_id 92
pin_num 2
10 17 0
12 15 0
Net_id 93
pin_num 2
19 42 0
24 54 0
Net_id 94
pin_num 2
58 43 0
55 35 0
Net_id 95
pin_num 2
47 36 0
56 42 0
Net_id 96
pin_num 2
54 9 0
47 19 0
Net_id 97
pin_num 2
11 45 0
29 32 0
Net_id 98
pin_num 2
56 35 0
59 39 0
Net_id 99
pin_num 2
57 11 0
54 8 0
Net_id 100
pin_num 2
22 56 0
25 58 0
Net_id 101
pin_num 2
2 34 0
6 17 0
Net_id 102
pin_num 2
2 50 0
24 57 0
Net_id 103
pin_num 2
16 56 0
13 58 0
Net_id 104
pin_num 2
3 47 0
17 45 0
Net_id 105
pin_num 2
20 29 0
31 34 0
Net_id 106
pin_num 2
3 49 0
2 41 0
Net_id 107
pin_num 2
37 25 0
59 15 0
Net_id 108
pin_num 2
21 36 0
10 33 0
Net_id 109
pin_num 2
13 51 0
3 51 0
Net_id 110
pin_num 2
52 23 0
58 14 0
Net_id 111
pin_num 2
36 8 0
50 26 0
Net_id 112
pin_num 2
13 36 0
20 21 0
Net_id 113
pin_num 2
1 18 0
0 3 0
Net_id 114
pin_num 2
52 45 0
47 24 0
Net_id 115
pin_num 2
39 5 0
41 2 0
Net_id 116
pin_num 2
8 58 0
3 55 0
Net_id 117
pin_num 2
3 35 0
10 49 0
Net_id 118
pin_num 2
37 31 0
31 13 0
Net_id 119
pin_num 2
24 51 0
35 55 0
Net_id 120
pin_num 2
44 50 0
55 58 0
Net_id 121
pin_num 2
57 15 0
58 18 0
Net_id 122
pin_num 2
11 32 0
10 26 0
Net_id 123
pin_num 2
56 7 0
54 6 0
Net_id 124
pin_num 2
43 52 0
56 46 0
Net_id 125
pin_num 2
24 48 0
26 42 0
Net_id 126
pin_num 2
22 12 0
13 0 0
Net_id 127
pin_num 2
15 34 0
16 31 0
Net_id 128
pin_num 2
34 8 0
32 16 0
Net_id 129
pin_num 2
8 49 0
20 58 0
Net_id 130
pin_num 2
53 32 0
59 14 0
Net_id 131
pin_num 2
37 55 0
45 49 0
Net_id 132
pin_num 2
9 48 0
2 40 0
Net_id 133
pin_num 2
32 43 0
22 21 0
Net_id 134
pin_num 2
20 55 0
18 58 0
Net_id 135
pin_num 2
57 8 0
57 10 0
Net_id 136
pin_num 2
1 22 0
2 19 0
Net_id 137
pin_num 2
4 5 0
13 5 0
Net_id 138
pin_num 2
30 37 0
23 37 0
Net_id 139
pin_num 2
41 40 0
54 50 0
Net_id 140
pin_num 2
16 50 0
2 58 0
Net_id 141
pin_num 2
46 11 0
37 11 0
Net_id 142
pin_num 2
35 42 0
26 31 0
Net_id 143
pin_num 2
21 35 0
4 20 0
Net_id 144
pin_num 2
47 23 0
59 28 0
Net_id 145
pin_num 2
35 32 0
42 21 0
Net_id 146
pin_num 2
27 27 0
38 24 0
Net_id 147
pin_num 2
45 15 0
28 2 0
Net_id 148
pin_num 2
34 29 0
29 26 0
Net_id 149
pin_num 2
33 9 0
23 1 0
Net_id 150
pin_num 2
7 12 0
14 9 0
Net_id 151
pin_num 2
40 46 0
23 43 0
Net_id 152
pin_num 2
59 34 0
53 24 0
Net_id 153
pin_num 2
19 38 0
32 58 0
Net_id 154
pin_num 2
42 5 0
32 26 0
