Width 60
Height 60
Layer 6
Total_WL 6467
Obstacle_num 144
51 28 0 54 29 0
0 23 0 10 24 0
3 2 0 12 3 0
29 36 0 35 37 0
32 20 0 35 21 0
27 35 0 32 36 0
54 11 0 58 12 0
54 53 0 59 54 0
2 33 0 11 34 0
41 32 0 44 33 0
20 19 0 28 20 0
19 8 0 26 9 0
48 21 0 56 22 0
8 56 0 15 57 0
27 29 0 35 30 0
13 44 0 23 45 0
38 17 0 44 18 0
1 30 0 11 31 0
25 20 0 29 21 0
42 45 0 51 46 0
20 33 0 26 34 0
13 31 0 18 32 0
28 52 0 34 53 0
20 38 0 30 39 0
13 20 1 14 24 1
17 11 1 18 21 1
23 14 1 24 17 1
48 17 1 49 23 1
41 40 1 42 48 1
37 22 1 38 30 1
5 49 1 6 59 1
4 50 1 5 56 1
8 9 1 9 16 1
1 22 1 2 26 1
17 40 1 18 50 1
44 8 1 45 14 1
17 2 1 18 11 1
55 9 1 56 15 1
57 42 1 58 50 1
22 6 1 23 14 1
56 51 1 57 57 1
8 49 1 9 56 1
53 36 1 54 42 1
36 38 1 37 46 1
51 46 1 52 49 1
4 27 1 5 37 1
32 50 1 33 55 1
58 20 1 59 29 1
8 42 2 18 43 2
9 9 2 16 10 2
8 1 2 12 2 2
5 8 2 10 9 2
37 23 2 43 24 2
3 26 2 13 27 2
15 24 2 21 25 2
50 43 2 53 44 2
42 45 2 46 46 2
37 49 2 40 50 2
3 39 2 6 40 2
11 18 2 18 19 2
0 10 2 9 11 2
0 35 2 9 36 2
20 30 2 23 31 2
15 6 2 23 7 2
28 11 2 37 12 2
40 1 2 43 2 2
49 6 2 54 7 2
52 13 2 59 14 2
6 0 2 10 1 2
24 1 2 33 2 2
4 53 2 10 54 2
6 51 2 14 52 2
25 0 3 26 4 3
21 3 3 22 7 3
11 21 3 12 25 3
18 22 3 19 30 3
25 37 3 26 46 3
22 43 3 23 49 3
46 34 3 47 42 3
4 40 3 5 50 3
42 35 3 43 39 3
31 48 3 32 52 3
47 36 3 48 40 3
54 16 3 55 22 3
35 43 3 36 47 3
35 28 3 36 37 3
16 28 3 17 36 3
12 35 3 13 41 3
11 32 3 12 39 3
12 10 3 13 18 3
19 36 3 20 46 3
40 7 3 41 10 3
52 47 3 53 54 3
53 38 3 54 41 3
20 36 3 21 39 3
4 20 3 5 28 3
40 26 4 46 27 4
16 23 4 26 24 4
40 41 4 48 42 4
37 20 4 44 21 4
28 17 4 35 18 4
32 42 4 38 43 4
7 15 4 14 16 4
18 27 4 21 28 4
42 33 4 49 34 4
22 10 4 26 11 4
15 25 4 22 26 4
16 19 4 25 20 4
28 38 4 33 39 4
47 32 4 56 33 4
3 51 4 6 52 4
48 43 4 56 44 4
24 39 4 27 40 4
18 9 4 23 10 4
53 28 4 56 29 4
34 7 4 42 8 4
0 41 4 4 42 4
33 57 4 39 58 4
36 46 4 45 47 4
32 3 4 40 4 4
6 3 5 7 11 5
33 46 5 34 55 5
23 12 5 24 15 5
53 28 5 54 35 5
45 48 5 46 53 5
6 46 5 7 52 5
47 19 5 48 25 5
47 31 5 48 38 5
55 41 5 56 50 5
19 25 5 20 35 5
3 28 5 4 35 5
37 44 5 38 47 5
42 19 5 43 24 5
50 36 5 51 45 5
46 5 5 47 8 5
20 13 5 21 22 5
22 48 5 23 53 5
45 27 5 46 32 5
48 50 5 49 53 5
29 42 5 30 46 5
14 19 5 15 25 5
28 19 5 29 26 5
47 27 5 48 31 5
26 30 5 27 39 5
Net_num 157
Net_id 0
pin_num 5
18 11 0
16 5 0
37 7 0
32 25 0
27 3 0
Net_id 1
pin_num 5
49 58 0
43 54 0
57 55 0
37 59 0
27 55 0
Net_id 2
pin_num 5
8 27 0
0 36 0
8 48 0
17 32 0
7 35 0
Net_id 3
pin_num 5
25 17 0
36 15 0
27 21 0
17 16 0
30 23 0
Net_id 4
pin_num 5
16 43 0
4 42 0
13 49 0
12 59 0
31 49 0
Net_id 5
pin_num 5
13 6 0
14 8 0
35 7 0
7 6 0
28 4 0
Net_id 6
pin_num 5
3 38 0
16 38 0
11 15 0
23 37 0
19 26 0
Net_id 7
pin_num 5
5 26 0
0 28 0
18 27 0
8 16 0
0 5 0
Net_id 8
pin_num 5
45 57 0
39 57 0
54 59 0
27 57 0
57 59 0
Net_id 9
pin_num 5
13 7 0
3 14 0
0 4 0
24 0 0
5 5 0
Net_id 10
pin_num 5
11 52 0
2 50 0
6 55 0
0 55 0
3 42 0
Net_id 11
pin_num 5
57 40 0
54 26 0
59 30 0
59 13 0
50 29 0
Net_id 12
pin_num 5
25 3 0
18 3 0
25 0 0
22 18 0
33 8 0
Net_id 13
pin_num 5
9 35 0
9 44 0
9 57 0
2 44 0
6 48 0
Net_id 14
pin_num 5
13 59 0
18 57 0
13 54 0
22 59 0
25 54 0
Net_id 15
pin_num 5
42 24 0
55 24 0
43 16 0
34 22 0
47 4 0
Net_id 16
pin_num 5
49 27 0
50 8 0
31 24 0
49 38 0
31 43 0
Net_id 17
pin_num 5
0 39 0
7 41 0
5 54 0
3 36 0
13 47 0
Net_id 18
pin_num 5
42 36 0
48 46 0
53 25 0
57 35 0
33 26 0
Net_id 19
pin_num 5
57 21 0
41 18 0
51 44 0
51 25 0
50 33 0
Net_id 20
pin_num 4
56 26 0
54 22 0
59 42 0
56 10 0
Net_id 21
pin_num 4
8 44 0
1 53 0
7 59 0
0 40 0
Net_id 22
pin_num 4
46 55 0
53 58 0
49 42 0
52 38 0
Net_id 23
pin_num 4
2 55 0
7 57 0
15 56 0
8 7 0
Net_id 24
pin_num 4
11 8 0
6 16 0
6 24 0
20 13 0
Net_id 25
pin_num 4
28 13 0
34 19 0
30 27 0
34 26 0
Net_id 26
pin_num 4
56 4 0
58 19 0
57 19 0
49 0 0
Net_id 27
pin_num 4
21 6 0
24 9 0
15 8 0
24 17 0
Net_id 28
pin_num 4
22 39 0
13 40 0
14 30 0
37 39 0
Net_id 29
pin_num 4
34 34 0
40 42 0
39 23 0
47 35 0
Net_id 30
pin_num 4
0 3 0
3 1 0
18 2 0
19 11 0
Net_id 31
pin_num 4
33 10 0
37 6 0
25 18 0
7 14 0
Net_id 32
pin_num 4
27 59 0
23 47 0
34 59 0
11 49 0
Net_id 33
pin_num 4
8 22 0
1 17 0
1 12 0
9 16 0
Net_id 34
pin_num 4
53 18 0
42 27 0
45 14 0
54 23 0
Net_id 35
pin_num 4
37 20 0
29 15 0
29 18 0
56 20 0
Net_id 36
pin_num 4
2 7 0
6 1 0
2 1 0
26 3 0
Net_id 37
pin_num 4
32 53 0
50 47 0
59 56 0
42 58 0
Net_id 38
pin_num 4
53 19 0
44 19 0
53 32 0
51 15 0
Net_id 39
pin_num 3
26 46 0
24 32 0
23 46 0
Net_id 40
pin_num 3
23 9 0
17 9 0
18 23 0
Net_id 41
pin_num 3
56 34 0
47 23 0
52 7 0
Net_id 42
pin_num 3
46 2 0
51 3 0
31 0 0
Net_id 43
pin_num 3
17 23 0
7 37 0
36 31 0
Net_id 44
pin_num 3
37 5 0
49 10 0
38 26 0
Net_id 45
pin_num 3
17 3 0
7 3 0
14 15 0
Net_id 46
pin_num 3
54 7 0
59 12 0
48 7 0
Net_id 47
pin_num 3
23 11 0
30 8 0
29 14 0
Net_id 48
pin_num 3
36 59 0
18 36 0
19 46 0
Net_id 49
pin_num 3
54 5 0
40 18 0
43 5 0
Net_id 50
pin_num 3
5 0 0
20 10 0
12 5 0
Net_id 51
pin_num 3
26 26 0
33 27 0
33 37 0
Net_id 52
pin_num 3
46 25 0
46 17 0
56 17 0
Net_id 53
pin_num 3
13 50 0
7 58 0
15 52 0
Net_id 54
pin_num 3
32 1 0
2 8 0
4 21 0
Net_id 55
pin_num 3
41 0 0
31 8 0
52 1 0
Net_id 56
pin_num 3
30 3 0
28 0 0
39 3 0
Net_id 57
pin_num 3
18 5 0
31 19 0
7 1 0
Net_id 58
pin_num 3
30 30 0
24 30 0
47 22 0
Net_id 59
pin_num 3
22 25 0
15 25 0
31 44 0
Net_id 60
pin_num 3
42 7 0
53 15 0
38 30 0
Net_id 61
pin_num 3
41 43 0
56 45 0
43 37 0
Net_id 62
pin_num 3
54 15 0
58 8 0
55 13 0
Net_id 63
pin_num 3
5 13 0
1 31 0
13 11 0
Net_id 64
pin_num 3
45 29 0
44 35 0
39 53 0
Net_id 65
pin_num 3
5 20 0
7 28 0
4 14 0
Net_id 66
pin_num 3
6 31 0
12 33 0
36 42 0
Net_id 67
pin_num 3
50 9 0
55 6 0
59 43 0
Net_id 68
pin_num 3
23 1 0
29 4 0
27 5 0
Net_id 69
pin_num 3
47 38 0
55 33 0
58 36 0
Net_id 70
pin_num 3
14 32 0
9 31 0
6 39 0
Net_id 71
pin_num 3
48 0 0
42 10 0
48 16 0
Net_id 72
pin_num 3
10 42 0
32 49 0
35 52 0
Net_id 73
pin_num 3
1 18 0
7 7 0
5 47 0
Net_id 74
pin_num 3
22 50 0
25 57 0
14 41 0
Net_id 75
pin_num 3
3 45 0
9 51 0
17 58 0
Net_id 76
pin_num 3
54 14 0
39 9 0
58 35 0
Net_id 77
pin_num 2
12 10 0
17 27 0
Net_id 78
pin_num 2
13 9 0
0 29 0
Net_id 79
pin_num 2
29 47 0
17 50 0
Net_id 80
pin_num 2
47 26 0
53 31 0
Net_id 81
pin_num 2
41 15 0
26 27 0
Net_id 82
pin_num 2
42 37 0
32 34 0
Net_id 83
pin_num 2
28 27 0
44 33 0
Net_id 84
pin_num 2
53 37 0
32 40 0
Net_id 85
pin_num 2
54 13 0
37 17 0
Net_id 86
pin_num 2
26 52 0
40 47 0
Net_id 87
pin_num 2
38 13 0
30 9 0
Net_id 88
pin_num 2
17 48 0
34 16 0
Net_id 89
pin_num 2
33 56 0
50 49 0
Net_id 90
pin_num 2
9 34 0
14 34 0
Net_id 91
pin_num 2
36 52 0
57 52 0
Net_id 92
pin_num 2
36 51 0
23 32 0
Net_id 93
pin_num 2
1 33 0
6 40 0
Net_id 94
pin_num 2
21 59 0
19 51 0
Net_id 95
pin_num 2
40 6 0
28 12 0
Net_id 96
pin_num 2
41 8 0
54 27 0
Net_id 97
pin_num 2
57 12 0
52 4 0
Net_id 98
pin_num 2
39 2 0
27 10 0
Net_id 99
pin_num 2
10 15 0
23 17 0
Net_id 100
pin_num 2
53 6 0
51 10 0
Net_id 101
pin_num 2
27 14 0
16 4 0
Net_id 102
pin_num 2
11 37 0
5 48 0
Net_id 103
pin_num 2
51 31 0
42 29 0
Net_id 104
pin_num 2
28 48 0
24 48 0
Net_id 105
pin_num 2
12 54 0
6 58 0
Net_id 106
pin_num 2
30 44 0
19 38 0
Net_id 107
pin_num 2
25 26 0
33 45 0
Net_id 108
pin_num 2
30 53 0
8 58 0
Net_id 109
pin_num 2
57 50 0
53 50 0
Net_id 110
pin_num 2
8 4 0
3 20 0
Net_id 111
pin_num 2
11 11 0
26 2 0
Net_id 112
pin_num 2
45 46 0
57 41 0
Net_id 113
pin_num 2
35 30 0
44 27 0
Net_id 114
pin_num 2
55 38 0
58 17 0
Net_id 115
pin_num 2
11 58 0
28 54 0
Net_id 116
pin_num 2
23 29 0
34 46 0
Net_id 117
pin_num 2
38 24 0
33 21 0
Net_id 118
pin_num 2
29 50 0
40 56 0
Net_id 119
pin_num 2
1 11 0
11 13 0
Net_id 120
pin_num 2
19 20 0
11 24 0
Net_id 121
pin_num 2
32 44 0
51 36 0
Net_id 122
pin_num 2
33 3 0
23 12 0
Net_id 123
pin_num 2
16 1 0
2 12 0
Net_id 124
pin_num 2
40 4 0
42 5 0
Net_id 125
pin_num 2
4 27 0
0 37 0
Net_id 126
pin_num 2
13 4 0
16 12 0
Net_id 127
pin_num 2
16 8 0
21 1 0
Net_id 128
pin_num 2
27 34 0
34 27 0
Net_id 129
pin_num 2
55 39 0
57 54 0
Net_id 130
pin_num 2
45 55 0
38 31 0
Net_id 131
pin_num 2
44 41 0
50 57 0
Net_id 132
pin_num 2
4 28 0
40 44 0
Net_id 133
pin_num 2
53 11 0
42 11 0
Net_id 134
pin_num 2
41 13 0
18 1 0
Net_id 135
pin_num 2
43 56 0
53 54 0
Net_id 136
pin_num 2
59 47 0
51 49 0
Net_id 137
pin_num 2
43 51 0
48 51 0
Net_id 138
pin_num 2
53 45 0
58 30 0
Net_id 139
pin_num 2
52 40 0
58 34 0
Net_id 140
pin_num 2
36 12 0
58 5 0
Net_id 141
pin_num 2
49 8 0
37 4 0
Net_id 142
pin_num 2
35 48 0
19 50 0
Net_id 143
pin_num 2
44 38 0
56 33 0
Net_id 144
pin_num 2
10 35 0
15 50 0
Net_id 145
pin_num 2
45 28 0
34 45 0
Net_id 146
pin_num 2
11 30 0
17 28 0
Net_id 147
pin_num 2
24 57 0
33 47 0
Net_id 148
pin_num 2
21 17 0
16 17 0
Net_id 149
pin_num 2
46 34 0
41 36 0
Net_id 150
pin_num 2
48 53 0
59 49 0
Net_id 151
pin_num 2
11 51 0
4 37 0
Net_id 152
pin_num 2
18 15 0
40 27 0
Net_id 153
pin_num 2
50 36 0
55 37 0
Net_id 154
pin_num 2
28 5 0
36 28 0
Net_id 155
pin_num 2
14 48 0
7 45 0
Net_id 156
pin_num 2
43 42 0
46 57 0
