Width 60
Height 60
Layer 6
Total_WL 6836
Obstacle_num 144
16 20 0 24 21 0
47 47 0 57 48 0
43 57 0 51 58 0
9 44 0 19 45 0
1 25 0 8 26 0
26 51 0 34 52 0
43 50 0 50 51 0
25 11 0 28 12 0
49 18 0 56 19 0
45 6 0 55 7 0
19 15 0 26 16 0
34 21 0 40 22 0
42 5 0 48 6 0
41 25 0 50 26 0
33 32 0 43 33 0
14 30 0 23 31 0
7 7 0 17 8 0
29 12 0 38 13 0
5 33 0 8 34 0
3 1 0 9 2 0
1 16 0 6 17 0
32 35 0 42 36 0
39 9 0 42 10 0
1 44 0 7 45 0
16 39 1 17 45 1
43 5 1 44 14 1
37 37 1 38 41 1
7 17 1 8 22 1
7 7 1 8 15 1
0 22 1 1 29 1
32 50 1 33 55 1
41 46 1 42 50 1
5 7 1 6 17 1
54 32 1 55 36 1
20 50 1 21 54 1
21 10 1 22 19 1
28 31 1 29 35 1
4 7 1 5 13 1
11 24 1 12 27 1
57 48 1 58 54 1
52 49 1 53 59 1
31 25 1 32 33 1
28 16 1 29 24 1
19 45 1 20 52 1
22 17 1 23 26 1
55 47 1 56 50 1
1 13 1 2 22 1
45 16 1 46 21 1
47 49 2 54 50 2
46 25 2 49 26 2
1 57 2 10 58 2
25 30 2 33 31 2
44 47 2 54 48 2
20 11 2 25 12 2
14 53 2 23 54 2
25 24 2 31 25 2
22 8 2 32 9 2
26 27 2 34 28 2
29 47 2 34 48 2
10 40 2 20 41 2
11 38 2 15 39 2
33 18 2 36 19 2
20 13 2 30 14 2
15 3 2 24 4 2
36 13 2 44 14 2
45 46 2 53 47 2
16 6 2 19 7 2
8 42 2 16 43 2
23 6 2 33 7 2
47 32 2 56 33 2
20 20 2 23 21 2
40 8 2 46 9 2
1 40 3 2 44 3
49 25 3 50 35 3
51 6 3 52 10 3
4 49 3 5 57 3
43 55 3 44 59 3
57 49 3 58 57 3
2 10 3 3 13 3
13 49 3 14 56 3
46 36 3 47 42 3
26 30 3 27 36 3
4 17 3 5 24 3
31 42 3 32 47 3
0 25 3 1 35 3
28 35 3 29 42 3
43 28 3 44 37 3
36 3 3 37 12 3
50 36 3 51 43 3
27 13 3 28 18 3
11 29 3 12 39 3
3 46 3 4 55 3
38 34 3 39 44 3
22 2 3 23 9 3
26 27 3 27 30 3
6 41 3 7 49 3
4 25 4 12 26 4
19 31 4 23 32 4
45 46 4 55 47 4
3 10 4 10 11 4
21 3 4 31 4 4
29 31 4 38 32 4
49 24 4 57 25 4
7 47 4 17 48 4
11 26 4 21 27 4
37 23 4 46 24 4
20 27 4 29 28 4
8 7 4 16 8 4
35 20 4 41 21 4
49 44 4 58 45 4
51 28 4 57 29 4
15 25 4 21 26 4
9 0 4 19 1 4
1 54 4 8 55 4
50 2 4 59 3 4
33 3 4 43 4 4
14 51 4 24 52 4
49 49 4 55 50 4
12 21 4 20 22 4
13 58 4 22 59 4
56 27 5 57 37 5
56 42 5 57 49 5
18 10 5 19 13 5
27 9 5 28 15 5
9 5 5 10 10 5
28 45 5 29 52 5
36 45 5 37 51 5
33 53 5 34 58 5
44 40 5 45 48 5
26 51 5 27 54 5
0 38 5 1 46 5
19 41 5 20 50 5
2 23 5 3 32 5
34 49 5 35 52 5
3 3 5 4 7 5
6 0 5 7 10 5
0 30 5 1 33 5
55 54 5 56 57 5
42 49 5 43 57 5
9 20 5 10 23 5
17 46 5 18 56 5
34 36 5 35 46 5
20 0 5 21 7 5
46 50 5 47 59 5
Net_num 161
Net_id 0
pin_num 5
48 7 0
52 7 0
59 15 0
50 29 0
59 16 0
Net_id 1
pin_num 5
56 14 0
40 12 0
58 20 0
41 0 0
54 10 0
Net_id 2
pin_num 5
39 48 0
24 50 0
33 36 0
33 46 0
31 38 0
Net_id 3
pin_num 5
38 56 0
30 59 0
25 51 0
23 43 0
23 59 0
Net_id 4
pin_num 5
5 30 0
14 31 0
7 27 0
9 31 0
23 30 0
Net_id 5
pin_num 5
25 36 0
20 29 0
23 40 0
14 36 0
10 36 0
Net_id 6
pin_num 5
8 19 0
0 21 0
4 38 0
9 43 0
5 28 0
Net_id 7
pin_num 5
50 35 0
47 33 0
59 42 0
48 41 0
59 54 0
Net_id 8
pin_num 5
48 20 0
40 14 0
40 36 0
42 0 0
50 13 0
Net_id 9
pin_num 5
57 57 0
54 57 0
51 59 0
59 55 0
56 50 0
Net_id 10
pin_num 5
0 23 0
10 29 0
24 16 0
19 39 0
21 59 0
Net_id 11
pin_num 5
21 7 0
13 3 0
18 13 0
3 5 0
19 19 0
Net_id 12
pin_num 5
58 25 0
54 20 0
54 1 0
57 16 0
59 20 0
Net_id 13
pin_num 5
51 54 0
45 53 0
34 59 0
57 59 0
38 55 0
Net_id 14
pin_num 5
9 3 0
14 10 0
12 16 0
6 10 0
0 12 0
Net_id 15
pin_num 5
16 10 0
13 6 0
13 23 0
1 29 0
10 2 0
Net_id 16
pin_num 5
3 42 0
0 59 0
0 41 0
3 58 0
11 49 0
Net_id 17
pin_num 5
17 50 0
22 46 0
40 48 0
42 49 0
5 46 0
Net_id 18
pin_num 5
39 0 0
32 0 0
38 17 0
20 12 0
26 7 0
Net_id 19
pin_num 5
37 52 0
24 56 0
15 51 0
29 44 0
22 52 0
Net_id 20
pin_num 5
18 54 0
30 52 0
33 58 0
44 51 0
17 54 0
Net_id 21
pin_num 5
12 54 0
23 56 0
6 54 0
7 56 0
20 55 0
Net_id 22
pin_num 4
37 45 0
42 46 0
42 34 0
44 49 0
Net_id 23
pin_num 4
36 6 0
26 0 0
13 0 0
44 12 0
Net_id 24
pin_num 4
25 34 0
27 31 0
15 22 0
20 23 0
Net_id 25
pin_num 4
21 6 0
27 4 0
25 19 0
39 14 0
Net_id 26
pin_num 4
3 20 0
2 29 0
19 21 0
5 37 0
Net_id 27
pin_num 4
39 23 0
42 26 0
30 23 0
42 1 0
Net_id 28
pin_num 4
16 13 0
17 22 0
0 13 0
26 18 0
Net_id 29
pin_num 4
20 42 0
21 47 0
13 43 0
14 59 0
Net_id 30
pin_num 4
41 57 0
31 57 0
21 49 0
34 36 0
Net_id 31
pin_num 4
48 1 0
50 1 0
56 8 0
57 9 0
Net_id 32
pin_num 4
34 17 0
16 14 0
18 32 0
16 34 0
Net_id 33
pin_num 4
12 23 0
0 16 0
9 28 0
10 19 0
Net_id 34
pin_num 4
38 28 0
21 28 0
42 35 0
36 27 0
Net_id 35
pin_num 4
11 8 0
21 9 0
18 33 0
8 42 0
Net_id 36
pin_num 4
42 40 0
47 38 0
24 40 0
48 45 0
Net_id 37
pin_num 4
23 46 0
38 44 0
38 38 0
26 23 0
Net_id 38
pin_num 4
47 45 0
43 34 0
32 42 0
56 48 0
Net_id 39
pin_num 4
36 46 0
30 42 0
47 59 0
27 55 0
Net_id 40
pin_num 4
45 2 0
27 2 0
35 22 0
58 17 0
Net_id 41
pin_num 4
24 8 0
14 12 0
24 12 0
23 22 0
Net_id 42
pin_num 3
18 45 0
5 39 0
25 45 0
Net_id 43
pin_num 3
18 34 0
4 39 0
3 55 0
Net_id 44
pin_num 3
15 47 0
19 57 0
1 48 0
Net_id 45
pin_num 3
55 48 0
40 41 0
41 26 0
Net_id 46
pin_num 3
39 11 0
54 0 0
28 12 0
Net_id 47
pin_num 3
41 14 0
48 26 0
57 37 0
Net_id 48
pin_num 3
4 4 0
22 9 0
25 20 0
Net_id 49
pin_num 3
49 9 0
48 19 0
26 2 0
Net_id 50
pin_num 3
58 10 0
39 17 0
24 2 0
Net_id 51
pin_num 3
27 44 0
20 44 0
5 40 0
Net_id 52
pin_num 3
41 10 0
49 10 0
44 22 0
Net_id 53
pin_num 3
52 1 0
58 11 0
51 12 0
Net_id 54
pin_num 3
35 1 0
34 8 0
59 4 0
Net_id 55
pin_num 3
4 37 0
10 48 0
1 45 0
Net_id 56
pin_num 3
42 24 0
48 33 0
28 33 0
Net_id 57
pin_num 3
35 31 0
15 20 0
33 50 0
Net_id 58
pin_num 3
31 5 0
40 0 0
40 7 0
Net_id 59
pin_num 3
22 23 0
18 39 0
36 19 0
Net_id 60
pin_num 3
59 44 0
58 50 0
55 53 0
Net_id 61
pin_num 3
7 13 0
1 24 0
10 37 0
Net_id 62
pin_num 3
36 38 0
28 53 0
17 55 0
Net_id 63
pin_num 3
52 56 0
37 46 0
27 47 0
Net_id 64
pin_num 3
20 48 0
1 55 0
6 52 0
Net_id 65
pin_num 3
57 24 0
55 38 0
40 19 0
Net_id 66
pin_num 3
43 47 0
34 47 0
39 20 0
Net_id 67
pin_num 3
58 18 0
54 31 0
33 21 0
Net_id 68
pin_num 3
6 21 0
17 32 0
30 39 0
Net_id 69
pin_num 3
14 9 0
8 12 0
34 18 0
Net_id 70
pin_num 3
26 33 0
21 33 0
44 33 0
Net_id 71
pin_num 3
24 19 0
24 13 0
17 2 0
Net_id 72
pin_num 3
30 58 0
19 53 0
53 52 0
Net_id 73
pin_num 3
21 43 0
11 48 0
3 32 0
Net_id 74
pin_num 3
2 11 0
0 8 0
7 15 0
Net_id 75
pin_num 3
56 25 0
47 14 0
34 13 0
Net_id 76
pin_num 3
19 37 0
6 35 0
13 51 0
Net_id 77
pin_num 3
24 55 0
9 58 0
47 42 0
Net_id 78
pin_num 3
39 27 0
52 35 0
37 14 0
Net_id 79
pin_num 3
26 5 0
19 5 0
36 10 0
Net_id 80
pin_num 3
44 28 0
59 33 0
38 34 0
Net_id 81
pin_num 3
10 20 0
3 24 0
12 34 0
Net_id 82
pin_num 2
23 9 0
27 7 0
Net_id 83
pin_num 2
11 57 0
21 52 0
Net_id 84
pin_num 2
28 8 0
33 3 0
Net_id 85
pin_num 2
45 9 0
26 1 0
Net_id 86
pin_num 2
33 37 0
54 50 0
Net_id 87
pin_num 2
38 3 0
32 9 0
Net_id 88
pin_num 2
15 23 0
32 18 0
Net_id 89
pin_num 2
41 37 0
47 36 0
Net_id 90
pin_num 2
57 36 0
52 23 0
Net_id 91
pin_num 2
50 52 0
52 40 0
Net_id 92
pin_num 2
55 24 0
37 29 0
Net_id 93
pin_num 2
53 12 0
34 4 0
Net_id 94
pin_num 2
32 7 0
49 14 0
Net_id 95
pin_num 2
41 19 0
55 29 0
Net_id 96
pin_num 2
45 30 0
12 27 0
Net_id 97
pin_num 2
49 49 0
41 54 0
Net_id 98
pin_num 2
53 56 0
55 46 0
Net_id 99
pin_num 2
56 43 0
49 38 0
Net_id 100
pin_num 2
20 41 0
20 37 0
Net_id 101
pin_num 2
58 57 0
56 46 0
Net_id 102
pin_num 2
13 17 0
10 15 0
Net_id 103
pin_num 2
19 10 0
28 9 0
Net_id 104
pin_num 2
48 34 0
55 44 0
Net_id 105
pin_num 2
39 45 0
53 31 0
Net_id 106
pin_num 2
44 35 0
45 38 0
Net_id 107
pin_num 2
58 28 0
43 3 0
Net_id 108
pin_num 2
30 22 0
24 29 0
Net_id 109
pin_num 2
34 38 0
48 51 0
Net_id 110
pin_num 2
7 37 0
9 59 0
Net_id 111
pin_num 2
26 24 0
21 29 0
Net_id 112
pin_num 2
16 49 0
27 18 0
Net_id 113
pin_num 2
37 19 0
43 23 0
Net_id 114
pin_num 2
30 35 0
39 56 0
Net_id 115
pin_num 2
35 3 0
37 5 0
Net_id 116
pin_num 2
28 24 0
21 4 0
Net_id 117
pin_num 2
15 13 0
13 14 0
Net_id 118
pin_num 2
2 30 0
6 32 0
Net_id 119
pin_num 2
56 53 0
57 54 0
Net_id 120
pin_num 2
13 25 0
3 34 0
Net_id 121
pin_num 2
6 34 0
10 34 0
Net_id 122
pin_num 2
47 3 0
56 2 0
Net_id 123
pin_num 2
52 32 0
58 48 0
Net_id 124
pin_num 2
22 14 0
3 27 0
Net_id 125
pin_num 2
55 37 0
56 44 0
Net_id 126
pin_num 2
13 39 0
18 38 0
Net_id 127
pin_num 2
17 29 0
5 26 0
Net_id 128
pin_num 2
33 5 0
42 29 0
Net_id 129
pin_num 2
8 50 0
15 55 0
Net_id 130
pin_num 2
43 7 0
48 5 0
Net_id 131
pin_num 2
22 2 0
18 4 0
Net_id 132
pin_num 2
14 1 0
43 18 0
Net_id 133
pin_num 2
35 45 0
24 32 0
Net_id 134
pin_num 2
23 52 0
26 55 0
Net_id 135
pin_num 2
43 37 0
52 37 0
Net_id 136
pin_num 2
7 50 0
7 31 0
Net_id 137
pin_num 2
43 44 0
42 52 0
Net_id 138
pin_num 2
36 14 0
34 20 0
Net_id 139
pin_num 2
47 31 0
47 9 0
Net_id 140
pin_num 2
11 12 0
40 39 0
Net_id 141
pin_num 2
38 46 0
42 48 0
Net_id 142
pin_num 2
18 41 0
1 36 0
Net_id 143
pin_num 2
1 28 0
27 5 0
Net_id 144
pin_num 2
31 44 0
16 50 0
Net_id 145
pin_num 2
49 39 0
52 5 0
Net_id 146
pin_num 2
28 39 0
31 16 0
Net_id 147
pin_num 2
12 28 0
19 29 0
Net_id 148
pin_num 2
34 44 0
43 48 0
Net_id 149
pin_num 2
13 2 0
37 10 0
Net_id 150
pin_num 2
48 52 0
49 44 0
Net_id 151
pin_num 2
16 19 0
3 36 0
Net_id 152
pin_num 2
31 39 0
35 58 0
Net_id 153
pin_num 2
57 38 0
58 40 0
Net_id 154
pin_num 2
3 18 0
12 20 0
Net_id 155
pin_num 2
59 6 0
55 0 0
Net_id 156
pin_num 2
46 47 0
47 58 0
Net_id 157
pin_num 2
1 12 0
5 12 0
Net_id 158
pin_num 2
14 22 0
10 22 0
Net_id 159
pin_num 2
42 38 0
14 20 0
Net_id 160
pin_num 2
6 22 0
19 1 0
