Width 60
Height 60
Layer 6
Total_WL 6779
Obstacle_num 144
17 2 0 25 3 0
18 55 0 25 56 0
28 16 0 36 17 0
47 30 0 57 31 0
46 22 0 50 23 0
31 46 0 38 47 0
45 10 0 51 11 0
12 38 0 16 39 0
27 14 0 35 15 0
23 36 0 26 37 0
9 19 0 12 20 0
16 10 0 20 11 0
39 3 0 45 4 0
40 24 0 46 25 0
1 33 0 9 34 0
40 12 0 43 13 0
0 37 0 7 38 0
41 38 0 49 39 0
23 20 0 32 21 0
16 50 0 22 51 0
47 21 0 54 22 0
49 38 0 52 39 0
4 24 0 12 25 0
45 44 0 53 45 0
54 26 1 55 29 1
9 46 1 10 55 1
0 6 1 1 15 1
43 5 1 44 15 1
55 8 1 56 17 1
16 14 1 17 17 1
40 32 1 41 42 1
18 24 1 19 28 1
50 8 1 51 14 1
11 38 1 12 41 1
24 47 1 25 51 1
40 43 1 41 52 1
56 18 1 57 21 1
34 3 1 35 11 1
17 12 1 18 15 1
41 16 1 42 20 1
26 20 1 27 25 1
2 34 1 3 44 1
9 14 1 10 17 1
1 0 1 2 4 1
39 25 1 40 29 1
47 35 1 48 39 1
39 47 1 40 55 1
37 47 1 38 51 1
11 18 2 18 19 2
6 4 2 9 5 2
1 29 2 9 30 2
27 17 2 30 18 2
41 30 2 48 31 2
48 53 2 53 54 2
16 12 2 20 13 2
48 3 2 54 4 2
8 20 2 11 21 2
0 17 2 10 18 2
29 31 2 37 32 2
7 50 2 11 51 2
25 40 2 33 41 2
9 10 2 19 11 2
30 35 2 36 36 2
28 14 2 35 15 2
37 12 2 45 13 2
23 58 2 31 59 2
3 47 2 13 48 2
7 8 2 14 9 2
4 41 2 14 42 2
50 50 2 57 51 2
56 2 2 59 3 2
17 57 2 21 58 2
24 32 3 25 37 3
35 19 3 36 26 3
22 12 3 23 21 3
26 25 3 27 31 3
43 1 3 44 11 3
57 43 3 58 51 3
13 35 3 14 39 3
8 55 3 9 58 3
37 6 3 38 12 3
25 47 3 26 51 3
42 52 3 43 57 3
39 0 3 40 3 3
35 5 3 36 10 3
20 50 3 21 59 3
44 21 3 45 28 3
56 32 3 57 38 3
22 0 3 23 3 3
46 52 3 47 55 3
23 14 3 24 22 3
29 4 3 30 13 3
13 26 3 14 32 3
51 23 3 52 28 3
30 52 3 31 55 3
49 18 3 50 25 3
48 13 4 57 14 4
48 40 4 57 41 4
33 24 4 43 25 4
5 36 4 10 37 4
2 40 4 10 41 4
46 58 4 51 59 4
33 16 4 39 17 4
49 31 4 52 32 4
34 18 4 42 19 4
17 53 4 27 54 4
26 5 4 33 6 4
44 52 4 50 53 4
52 12 4 57 13 4
43 53 4 50 54 4
36 41 4 40 42 4
48 56 4 58 57 4
18 24 4 22 25 4
1 44 4 7 45 4
39 31 4 42 32 4
44 27 4 53 28 4
21 3 4 27 4 4
41 54 4 50 55 4
27 40 4 33 41 4
27 34 4 34 35 4
46 28 5 47 37 5
42 21 5 43 28 5
49 27 5 50 36 5
11 13 5 12 17 5
8 1 5 9 6 5
30 50 5 31 59 5
6 12 5 7 18 5
57 5 5 58 14 5
37 34 5 38 40 5
6 43 5 7 49 5
35 43 5 36 50 5
15 19 5 16 28 5
54 26 5 55 36 5
24 33 5 25 37 5
50 20 5 51 29 5
31 25 5 32 34 5
23 12 5 24 18 5
55 35 5 56 45 5
56 40 5 57 43 5
46 46 5 47 51 5
54 14 5 55 18 5
18 7 5 19 16 5
48 10 5 49 14 5
12 12 5 13 21 5
Net_num 158
Net_id 0
pin_num 5
23 7 0
27 4 0
27 18 0
20 14 0
24 18 0
Net_id 1
pin_num 5
49 55 0
53 59 0
48 59 0
59 44 0
50 34 0
Net_id 2
pin_num 5
13 20 0
8 23 0
16 23 0
10 27 0
0 22 0
Net_id 3
pin_num 5
38 46 0
41 48 0
53 46 0
41 59 0
59 49 0
Net_id 4
pin_num 5
30 25 0
27 3 0
44 10 0
16 25 0
27 32 0
Net_id 5
pin_num 5
41 31 0
32 32 0
40 22 0
28 26 0
33 26 0
Net_id 6
pin_num 5
11 7 0
9 21 0
5 12 0
1 18 0
0 15 0
Net_id 7
pin_num 5
0 26 0
8 37 0
16 35 0
32 27 0
0 43 0
Net_id 8
pin_num 5
30 13 0
15 16 0
26 5 0
26 1 0
28 0 0
Net_id 9
pin_num 5
5 1 0
14 1 0
14 20 0
0 5 0
1 6 0
Net_id 10
pin_num 5
11 29 0
12 32 0
0 44 0
22 24 0
21 29 0
Net_id 11
pin_num 5
13 21 0
19 24 0
1 25 0
6 3 0
7 20 0
Net_id 12
pin_num 5
34 13 0
28 4 0
52 7 0
39 11 0
32 4 0
Net_id 13
pin_num 5
7 7 0
2 8 0
12 0 0
0 4 0
15 4 0
Net_id 14
pin_num 5
19 49 0
27 44 0
25 31 0
17 37 0
20 45 0
Net_id 15
pin_num 5
15 50 0
13 40 0
1 45 0
14 37 0
17 39 0
Net_id 16
pin_num 5
32 36 0
51 36 0
37 29 0
30 46 0
58 36 0
Net_id 17
pin_num 5
41 26 0
28 24 0
36 23 0
31 4 0
11 25 0
Net_id 18
pin_num 5
14 45 0
27 47 0
29 45 0
9 59 0
10 47 0
Net_id 19
pin_num 4
7 50 0
3 55 0
2 32 0
0 29 0
Net_id 20
pin_num 4
36 13 0
41 23 0
41 0 0
45 3 0
Net_id 21
pin_num 4
23 38 0
13 51 0
0 47 0
32 51 0
Net_id 22
pin_num 4
9 37 0
8 40 0
7 59 0
30 52 0
Net_id 23
pin_num 4
10 50 0
12 42 0
19 59 0
16 47 0
Net_id 24
pin_num 4
29 43 0
19 56 0
4 56 0
6 59 0
Net_id 25
pin_num 4
53 28 0
49 40 0
38 39 0
44 48 0
Net_id 26
pin_num 4
56 0 0
49 13 0
59 1 0
33 0 0
Net_id 27
pin_num 4
38 34 0
47 33 0
47 9 0
36 33 0
Net_id 28
pin_num 4
40 25 0
58 25 0
46 41 0
39 30 0
Net_id 29
pin_num 4
59 21 0
46 21 0
49 8 0
59 27 0
Net_id 30
pin_num 4
2 36 0
1 31 0
13 31 0
12 11 0
Net_id 31
pin_num 4
13 36 0
17 28 0
14 51 0
26 33 0
Net_id 32
pin_num 4
7 16 0
13 16 0
13 12 0
35 13 0
Net_id 33
pin_num 4
47 41 0
58 45 0
39 42 0
46 57 0
Net_id 34
pin_num 4
21 37 0
17 58 0
1 59 0
26 43 0
Net_id 35
pin_num 4
32 6 0
28 6 0
29 15 0
39 9 0
Net_id 36
pin_num 4
33 35 0
45 35 0
45 52 0
45 18 0
Net_id 37
pin_num 4
52 10 0
46 2 0
30 7 0
55 3 0
Net_id 38
pin_num 4
59 28 0
58 37 0
53 27 0
53 17 0
Net_id 39
pin_num 3
45 2 0
24 0 0
55 4 0
Net_id 40
pin_num 3
29 26 0
31 21 0
14 5 0
Net_id 41
pin_num 3
15 35 0
3 43 0
2 54 0
Net_id 42
pin_num 3
28 1 0
19 3 0
5 3 0
Net_id 43
pin_num 3
37 0 0
26 17 0
33 9 0
Net_id 44
pin_num 3
52 2 0
42 11 0
50 20 0
Net_id 45
pin_num 3
23 59 0
13 57 0
45 53 0
Net_id 46
pin_num 3
27 41 0
52 38 0
18 36 0
Net_id 47
pin_num 3
53 2 0
57 0 0
47 1 0
Net_id 48
pin_num 3
23 40 0
33 34 0
21 58 0
Net_id 49
pin_num 3
44 50 0
57 59 0
51 29 0
Net_id 50
pin_num 3
15 21 0
32 28 0
8 32 0
Net_id 51
pin_num 3
32 35 0
27 37 0
15 52 0
Net_id 52
pin_num 3
39 22 0
27 22 0
13 33 0
Net_id 53
pin_num 3
48 54 0
54 55 0
39 54 0
Net_id 54
pin_num 3
4 43 0
6 57 0
1 39 0
Net_id 55
pin_num 3
49 19 0
41 1 0
4 1 0
Net_id 56
pin_num 3
12 7 0
32 18 0
47 0 0
Net_id 57
pin_num 3
56 23 0
35 25 0
36 12 0
Net_id 58
pin_num 3
3 5 0
5 13 0
29 8 0
Net_id 59
pin_num 3
54 56 0
55 59 0
38 45 0
Net_id 60
pin_num 3
34 31 0
22 22 0
25 54 0
Net_id 61
pin_num 3
30 12 0
35 10 0
44 31 0
Net_id 62
pin_num 3
23 27 0
7 32 0
39 10 0
Net_id 63
pin_num 3
52 4 0
37 4 0
30 28 0
Net_id 64
pin_num 3
9 5 0
15 12 0
3 3 0
Net_id 65
pin_num 3
28 11 0
34 15 0
34 23 0
Net_id 66
pin_num 3
9 13 0
18 4 0
23 4 0
Net_id 67
pin_num 3
49 47 0
52 54 0
59 54 0
Net_id 68
pin_num 3
34 38 0
26 56 0
21 39 0
Net_id 69
pin_num 3
27 6 0
4 3 0
3 0 0
Net_id 70
pin_num 3
7 26 0
12 21 0
15 39 0
Net_id 71
pin_num 3
6 30 0
7 27 0
3 28 0
Net_id 72
pin_num 3
11 56 0
4 52 0
5 29 0
Net_id 73
pin_num 3
7 37 0
15 55 0
17 44 0
Net_id 74
pin_num 3
59 19 0
36 29 0
59 20 0
Net_id 75
pin_num 3
53 1 0
47 8 0
33 10 0
Net_id 76
pin_num 3
48 28 0
51 32 0
39 55 0
Net_id 77
pin_num 3
54 41 0
51 22 0
56 14 0
Net_id 78
pin_num 3
54 16 0
36 27 0
51 5 0
Net_id 79
pin_num 2
37 18 0
48 11 0
Net_id 80
pin_num 2
39 4 0
18 14 0
Net_id 81
pin_num 2
22 41 0
14 26 0
Net_id 82
pin_num 2
7 56 0
10 54 0
Net_id 83
pin_num 2
56 56 0
58 44 0
Net_id 84
pin_num 2
39 56 0
11 42 0
Net_id 85
pin_num 2
12 49 0
18 31 0
Net_id 86
pin_num 2
32 40 0
37 34 0
Net_id 87
pin_num 2
11 57 0
27 49 0
Net_id 88
pin_num 2
29 56 0
34 59 0
Net_id 89
pin_num 2
35 55 0
29 53 0
Net_id 90
pin_num 2
7 15 0
2 16 0
Net_id 91
pin_num 2
13 15 0
28 32 0
Net_id 92
pin_num 2
38 51 0
47 59 0
Net_id 93
pin_num 2
57 7 0
46 3 0
Net_id 94
pin_num 2
17 51 0
18 40 0
Net_id 95
pin_num 2
16 37 0
13 34 0
Net_id 96
pin_num 2
12 39 0
18 16 0
Net_id 97
pin_num 2
42 14 0
20 4 0
Net_id 98
pin_num 2
17 46 0
4 46 0
Net_id 99
pin_num 2
1 49 0
4 50 0
Net_id 100
pin_num 2
22 48 0
27 48 0
Net_id 101
pin_num 2
32 39 0
11 48 0
Net_id 102
pin_num 2
44 34 0
41 37 0
Net_id 103
pin_num 2
53 15 0
46 15 0
Net_id 104
pin_num 2
4 45 0
12 52 0
Net_id 105
pin_num 2
38 40 0
43 32 0
Net_id 106
pin_num 2
19 41 0
19 21 0
Net_id 107
pin_num 2
6 42 0
14 54 0
Net_id 108
pin_num 2
24 28 0
25 21 0
Net_id 109
pin_num 2
58 24 0
31 19 0
Net_id 110
pin_num 2
1 48 0
27 50 0
Net_id 111
pin_num 2
26 36 0
41 43 0
Net_id 112
pin_num 2
47 18 0
46 14 0
Net_id 113
pin_num 2
57 49 0
36 40 0
Net_id 114
pin_num 2
51 52 0
52 32 0
Net_id 115
pin_num 2
56 9 0
56 1 0
Net_id 116
pin_num 2
24 26 0
6 38 0
Net_id 117
pin_num 2
50 32 0
37 21 0
Net_id 118
pin_num 2
2 52 0
18 43 0
Net_id 119
pin_num 2
15 14 0
3 16 0
Net_id 120
pin_num 2
17 40 0
12 43 0
Net_id 121
pin_num 2
28 58 0
32 58 0
Net_id 122
pin_num 2
32 49 0
48 57 0
Net_id 123
pin_num 2
49 29 0
53 37 0
Net_id 124
pin_num 2
58 10 0
49 11 0
Net_id 125
pin_num 2
46 45 0
51 56 0
Net_id 126
pin_num 2
40 31 0
28 12 0
Net_id 127
pin_num 2
9 15 0
2 19 0
Net_id 128
pin_num 2
6 47 0
18 41 0
Net_id 129
pin_num 2
5 6 0
3 9 0
Net_id 130
pin_num 2
33 37 0
44 58 0
Net_id 131
pin_num 2
42 6 0
58 20 0
Net_id 132
pin_num 2
9 52 0
19 51 0
Net_id 133
pin_num 2
51 27 0
57 4 0
Net_id 134
pin_num 2
22 10 0
5 0 0
Net_id 135
pin_num 2
53 49 0
59 36 0
Net_id 136
pin_num 2
44 28 0
42 29 0
Net_id 137
pin_num 2
11 18 0
24 4 0
Net_id 138
pin_num 2
31 17 0
32 25 0
Net_id 139
pin_num 2
39 23 0
39 24 0
Net_id 140
pin_num 2
52 17 0
26 16 0
Net_id 141
pin_num 2
30 42 0
27 43 0
Net_id 142
pin_num 2
21 31 0
1 16 0
Net_id 143
pin_num 2
57 32 0
50 0 0
Net_id 144
pin_num 2
5 5 0
1 9 0
Net_id 145
pin_num 2
8 31 0
3 38 0
Net_id 146
pin_num 2
36 10 0
42 5 0
Net_id 147
pin_num 2
54 42 0
48 55 0
Net_id 148
pin_num 2
37 6 0
46 19 0
Net_id 149
pin_num 2
19 5 0
28 2 0
Net_id 150
pin_num 2
10 8 0
21 15 0
Net_id 151
pin_num 2
39 13 0
51 9 0
Net_id 152
pin_num 2
32 42 0
51 40 0
Net_id 153
pin_num 2
11 51 0
7 35 0
Net_id 154
pin_num 2
24 59 0
33 55 0
Net_id 155
pin_num 2
34 5 0
44 9 0
Net_id 156
pin_num 2
51 31 0
57 26 0
Net_id 157
pin_num 2
29 54 0
43 51 0
