Width 60
Height 60
Layer 6
Total_WL 6756
Obstacle_num 144
3 26 0 12 27 0
5 22 0 8 23 0
39 31 0 47 32 0
39 40 0 46 41 0
23 23 0 30 24 0
33 29 0 39 30 0
26 18 0 33 19 0
34 1 0 41 2 0
6 5 0 13 6 0
27 49 0 33 50 0
21 8 0 28 9 0
50 30 0 58 31 0
47 21 0 50 22 0
51 2 0 57 3 0
5 54 0 15 55 0
1 48 0 5 49 0
35 8 0 45 9 0
31 46 0 37 47 0
18 19 0 27 20 0
2 18 0 11 19 0
46 17 0 53 18 0
37 18 0 46 19 0
17 45 0 26 46 0
42 29 0 51 30 0
52 17 1 53 26 1
13 43 1 14 51 1
20 32 1 21 36 1
1 37 1 2 44 1
29 40 1 30 50 1
39 16 1 40 26 1
39 2 1 40 10 1
14 35 1 15 44 1
35 9 1 36 17 1
7 19 1 8 25 1
42 19 1 43 22 1
6 45 1 7 54 1
47 39 1 48 46 1
0 21 1 1 27 1
8 49 1 9 56 1
41 19 1 42 24 1
4 26 1 5 34 1
33 20 1 34 23 1
47 31 1 48 38 1
36 13 1 37 16 1
31 17 1 32 21 1
51 11 1 52 16 1
27 21 1 28 30 1
6 17 1 7 20 1
3 8 2 9 9 2
46 24 2 50 25 2
13 16 2 21 17 2
42 42 2 52 43 2
38 40 2 47 41 2
1 10 2 8 11 2
26 30 2 35 31 2
43 13 2 48 14 2
41 53 2 51 54 2
27 51 2 34 52 2
8 1 2 17 2 2
51 38 2 57 39 2
27 12 2 34 13 2
1 53 2 6 54 2
23 24 2 33 25 2
16 23 2 23 24 2
24 0 2 32 1 2
29 20 2 39 21 2
47 41 2 57 42 2
20 55 2 23 56 2
45 27 2 49 28 2
9 34 2 12 35 2
13 31 2 20 32 2
38 34 2 47 35 2
32 29 3 33 36 3
1 28 3 2 33 3
5 15 3 6 19 3
20 39 3 21 48 3
39 0 3 40 10 3
19 32 3 20 37 3
3 20 3 4 23 3
52 25 3 53 29 3
13 49 3 14 52 3
14 19 3 15 28 3
22 30 3 23 33 3
31 24 3 32 30 3
39 45 3 40 53 3
4 20 3 5 30 3
11 19 3 12 27 3
5 42 3 6 48 3
27 27 3 28 35 3
6 24 3 7 28 3
44 44 3 45 49 3
32 39 3 33 44 3
43 36 3 44 41 3
45 21 3 46 24 3
20 30 3 21 33 3
51 21 3 52 30 3
7 37 4 11 38 4
15 39 4 22 40 4
37 40 4 47 41 4
38 2 4 48 3 4
41 41 4 50 42 4
44 11 4 51 12 4
54 1 4 58 2 4
10 28 4 13 29 4
43 37 4 51 38 4
30 4 4 38 5 4
52 18 4 59 19 4
17 14 4 24 15 4
17 12 4 21 13 4
54 29 4 59 30 4
46 14 4 50 15 4
17 37 4 25 38 4
24 26 4 34 27 4
33 39 4 43 40 4
54 40 4 57 41 4
39 13 4 44 14 4
42 7 4 50 8 4
47 39 4 57 40 4
53 17 4 58 18 4
15 29 4 25 30 4
56 45 5 57 53 5
10 5 5 11 14 5
56 14 5 57 18 5
48 5 5 49 12 5
1 26 5 2 32 5
24 18 5 25 21 5
57 34 5 58 43 5
38 32 5 39 42 5
21 33 5 22 36 5
23 2 5 24 11 5
40 20 5 41 30 5
48 52 5 49 59 5
31 49 5 32 58 5
43 12 5 44 15 5
13 7 5 14 11 5
14 12 5 15 21 5
51 36 5 52 43 5
27 5 5 28 11 5
34 45 5 35 55 5
56 19 5 57 22 5
52 0 5 53 10 5
10 36 5 11 42 5
42 40 5 43 47 5
2 5 5 3 14 5
Net_num 161
Net_id 0
pin_num 5
44 15 0
34 15 0
25 10 0
36 18 0
8 7 0
Net_id 1
pin_num 5
30 38 0
21 38 0
43 38 0
36 21 0
23 55 0
Net_id 2
pin_num 5
32 57 0
26 57 0
31 40 0
12 49 0
12 44 0
Net_id 3
pin_num 5
1 36 0
8 42 0
0 42 0
0 19 0
3 23 0
Net_id 4
pin_num 5
16 15 0
4 16 0
15 9 0
10 38 0
1 18 0
Net_id 5
pin_num 5
15 3 0
26 4 0
31 4 0
21 6 0
45 0 0
Net_id 6
pin_num 5
8 40 0
29 39 0
41 39 0
19 49 0
29 50 0
Net_id 7
pin_num 5
46 32 0
54 32 0
49 44 0
46 33 0
59 37 0
Net_id 8
pin_num 5
31 8 0
18 1 0
17 22 0
26 9 0
13 12 0
Net_id 9
pin_num 5
39 46 0
37 47 0
59 48 0
32 59 0
25 59 0
Net_id 10
pin_num 5
40 3 0
33 7 0
46 0 0
17 7 0
34 23 0
Net_id 11
pin_num 5
18 58 0
37 59 0
5 59 0
33 47 0
48 50 0
Net_id 12
pin_num 5
55 21 0
57 27 0
45 23 0
48 6 0
59 44 0
Net_id 13
pin_num 5
30 43 0
17 42 0
42 41 0
18 18 0
11 31 0
Net_id 14
pin_num 5
35 25 0
25 25 0
29 28 0
44 21 0
38 33 0
Net_id 15
pin_num 5
3 49 0
11 42 0
0 48 0
7 29 0
5 40 0
Net_id 16
pin_num 5
29 32 0
40 32 0
33 42 0
51 42 0
32 47 0
Net_id 17
pin_num 5
35 48 0
31 48 0
44 58 0
25 51 0
25 52 0
Net_id 18
pin_num 5
2 10 0
11 11 0
5 0 0
19 6 0
11 3 0
Net_id 19
pin_num 4
40 7 0
35 19 0
41 10 0
43 16 0
Net_id 20
pin_num 4
45 26 0
41 26 0
29 26 0
27 20 0
Net_id 21
pin_num 4
4 17 0
1 27 0
15 25 0
13 4 0
Net_id 22
pin_num 4
23 17 0
10 8 0
4 8 0
14 22 0
Net_id 23
pin_num 4
1 54 0
4 44 0
0 57 0
9 57 0
Net_id 24
pin_num 4
16 38 0
11 41 0
10 43 0
14 59 0
Net_id 25
pin_num 4
51 45 0
55 51 0
58 24 0
24 25 0
Net_id 26
pin_num 4
13 13 0
19 2 0
4 2 0
16 8 0
Net_id 27
pin_num 4
45 59 0
34 52 0
53 59 0
44 54 0
Net_id 28
pin_num 4
10 29 0
3 15 0
11 0 0
16 9 0
Net_id 29
pin_num 4
6 55 0
9 53 0
15 54 0
7 51 0
Net_id 30
pin_num 4
49 11 0
44 9 0
48 26 0
46 18 0
Net_id 31
pin_num 4
21 43 0
13 37 0
1 41 0
6 39 0
Net_id 32
pin_num 4
3 2 0
0 3 0
18 4 0
13 0 0
Net_id 33
pin_num 4
10 35 0
30 37 0
12 45 0
34 33 0
Net_id 34
pin_num 4
3 44 0
1 35 0
7 56 0
12 47 0
Net_id 35
pin_num 4
55 13 0
59 2 0
47 5 0
59 16 0
Net_id 36
pin_num 4
8 33 0
1 22 0
21 34 0
3 40 0
Net_id 37
pin_num 4
27 35 0
36 30 0
41 32 0
49 35 0
Net_id 38
pin_num 4
35 49 0
34 56 0
56 54 0
54 59 0
Net_id 39
pin_num 4
58 31 0
55 19 0
38 11 0
45 17 0
Net_id 40
pin_num 3
20 11 0
11 17 0
0 4 0
Net_id 41
pin_num 3
57 14 0
35 27 0
59 4 0
Net_id 42
pin_num 3
2 55 0
22 59 0
0 52 0
Net_id 43
pin_num 3
36 28 0
36 33 0
30 48 0
Net_id 44
pin_num 3
44 36 0
36 56 0
54 51 0
Net_id 45
pin_num 3
36 13 0
28 27 0
28 46 0
Net_id 46
pin_num 3
48 19 0
37 19 0
43 34 0
Net_id 47
pin_num 3
0 25 0
26 20 0
9 20 0
Net_id 48
pin_num 3
55 24 0
49 18 0
58 48 0
Net_id 49
pin_num 3
52 57 0
46 56 0
59 54 0
Net_id 50
pin_num 3
51 56 0
47 58 0
47 26 0
Net_id 51
pin_num 3
48 14 0
50 19 0
58 4 0
Net_id 52
pin_num 3
46 16 0
26 5 0
29 29 0
Net_id 53
pin_num 3
35 24 0
4 24 0
6 29 0
Net_id 54
pin_num 3
18 29 0
12 19 0
26 50 0
Net_id 55
pin_num 3
12 27 0
0 49 0
3 27 0
Net_id 56
pin_num 3
46 45 0
57 34 0
49 58 0
Net_id 57
pin_num 3
14 3 0
1 14 0
30 16 0
Net_id 58
pin_num 3
52 31 0
39 44 0
42 32 0
Net_id 59
pin_num 3
54 10 0
38 5 0
36 22 0
Net_id 60
pin_num 3
36 41 0
25 35 0
7 28 0
Net_id 61
pin_num 3
47 36 0
45 28 0
55 36 0
Net_id 62
pin_num 3
52 6 0
52 0 0
32 5 0
Net_id 63
pin_num 3
16 23 0
5 27 0
5 34 0
Net_id 64
pin_num 3
38 53 0
36 57 0
46 55 0
Net_id 65
pin_num 3
29 4 0
6 1 0
25 11 0
Net_id 66
pin_num 3
28 48 0
21 48 0
27 53 0
Net_id 67
pin_num 3
5 33 0
19 36 0
1 56 0
Net_id 68
pin_num 3
41 56 0
48 30 0
33 43 0
Net_id 69
pin_num 3
51 34 0
56 27 0
56 48 0
Net_id 70
pin_num 3
47 2 0
56 12 0
41 2 0
Net_id 71
pin_num 3
57 25 0
46 34 0
58 49 0
Net_id 72
pin_num 3
54 21 0
37 17 0
54 36 0
Net_id 73
pin_num 3
20 13 0
33 17 0
47 15 0
Net_id 74
pin_num 3
29 9 0
15 26 0
5 5 0
Net_id 75
pin_num 3
21 55 0
34 55 0
17 58 0
Net_id 76
pin_num 3
47 11 0
26 15 0
32 1 0
Net_id 77
pin_num 3
8 21 0
2 14 0
2 37 0
Net_id 78
pin_num 3
50 43 0
53 48 0
30 47 0
Net_id 79
pin_num 3
43 50 0
56 49 0
55 54 0
Net_id 80
pin_num 3
57 1 0
53 1 0
54 25 0
Net_id 81
pin_num 2
58 0 0
45 8 0
Net_id 82
pin_num 2
18 41 0
14 33 0
Net_id 83
pin_num 2
26 2 0
20 6 0
Net_id 84
pin_num 2
15 33 0
18 51 0
Net_id 85
pin_num 2
57 37 0
37 33 0
Net_id 86
pin_num 2
23 35 0
24 49 0
Net_id 87
pin_num 2
21 31 0
28 39 0
Net_id 88
pin_num 2
53 18 0
36 27 0
Net_id 89
pin_num 2
16 19 0
8 34 0
Net_id 90
pin_num 2
5 41 0
8 38 0
Net_id 91
pin_num 2
50 40 0
46 37 0
Net_id 92
pin_num 2
10 47 0
3 32 0
Net_id 93
pin_num 2
23 56 0
14 47 0
Net_id 94
pin_num 2
47 59 0
52 56 0
Net_id 95
pin_num 2
38 51 0
34 49 0
Net_id 96
pin_num 2
34 40 0
50 36 0
Net_id 97
pin_num 2
58 53 0
51 48 0
Net_id 98
pin_num 2
5 20 0
1 15 0
Net_id 99
pin_num 2
26 41 0
41 27 0
Net_id 100
pin_num 2
52 19 0
55 9 0
Net_id 101
pin_num 2
57 15 0
50 33 0
Net_id 102
pin_num 2
20 44 0
7 58 0
Net_id 103
pin_num 2
54 53 0
43 45 0
Net_id 104
pin_num 2
39 51 0
52 54 0
Net_id 105
pin_num 2
25 29 0
9 35 0
Net_id 106
pin_num 2
58 35 0
37 30 0
Net_id 107
pin_num 2
13 25 0
1 34 0
Net_id 108
pin_num 2
9 29 0
4 43 0
Net_id 109
pin_num 2
8 0 0
0 11 0
Net_id 110
pin_num 2
35 55 0
50 56 0
Net_id 111
pin_num 2
13 36 0
16 34 0
Net_id 112
pin_num 2
53 33 0
57 29 0
Net_id 113
pin_num 2
12 11 0
30 2 0
Net_id 114
pin_num 2
48 22 0
40 37 0
Net_id 115
pin_num 2
8 36 0
3 29 0
Net_id 116
pin_num 2
45 56 0
50 50 0
Net_id 117
pin_num 2
35 41 0
33 28 0
Net_id 118
pin_num 2
33 33 0
25 33 0
Net_id 119
pin_num 2
14 1 0
30 3 0
Net_id 120
pin_num 2
40 38 0
48 58 0
Net_id 121
pin_num 2
40 30 0
57 44 0
Net_id 122
pin_num 2
48 41 0
59 43 0
Net_id 123
pin_num 2
11 6 0
5 6 0
Net_id 124
pin_num 2
24 30 0
21 30 0
Net_id 125
pin_num 2
52 33 0
45 52 0
Net_id 126
pin_num 2
32 56 0
30 59 0
Net_id 127
pin_num 2
3 12 0
4 5 0
Net_id 128
pin_num 2
54 4 0
56 15 0
Net_id 129
pin_num 2
34 54 0
20 51 0
Net_id 130
pin_num 2
13 58 0
3 24 0
Net_id 131
pin_num 2
52 50 0
58 50 0
Net_id 132
pin_num 2
26 53 0
20 54 0
Net_id 133
pin_num 2
52 40 0
57 32 0
Net_id 134
pin_num 2
30 27 0
42 14 0
Net_id 135
pin_num 2
14 27 0
30 19 0
Net_id 136
pin_num 2
20 21 0
36 34 0
Net_id 137
pin_num 2
10 30 0
5 9 0
Net_id 138
pin_num 2
10 11 0
37 21 0
Net_id 139
pin_num 2
55 49 0
50 38 0
Net_id 140
pin_num 2
6 37 0
1 17 0
Net_id 141
pin_num 2
32 10 0
29 15 0
Net_id 142
pin_num 2
14 36 0
18 55 0
Net_id 143
pin_num 2
45 38 0
50 37 0
Net_id 144
pin_num 2
56 16 0
58 3 0
Net_id 145
pin_num 2
13 44 0
28 59 0
Net_id 146
pin_num 2
29 47 0
9 38 0
Net_id 147
pin_num 2
20 39 0
12 48 0
Net_id 148
pin_num 2
4 52 0
1 46 0
Net_id 149
pin_num 2
54 57 0
52 48 0
Net_id 150
pin_num 2
36 25 0
43 25 0
Net_id 151
pin_num 2
48 9 0
40 14 0
Net_id 152
pin_num 2
5 17 0
15 4 0
Net_id 153
pin_num 2
1 55 0
0 54 0
Net_id 154
pin_num 2
19 42 0
28 42 0
Net_id 155
pin_num 2
30 15 0
37 6 0
Net_id 156
pin_num 2
11 56 0
19 53 0
Net_id 157
pin_num 2
48 46 0
43 46 0
Net_id 158
pin_num 2
54 29 0
53 56 0
Net_id 159
pin_num 2
11 22 0
28 11 0
Net_id 160
pin_num 2
41 29 0
33 18 0
