Width 60
Height 60
Layer 6
Total_WL 6924
Obstacle_num 144
32 47 0 37 48 0
11 44 0 21 45 0
6 33 0 14 34 0
40 5 0 44 6 0
52 19 0 55 20 0
51 41 0 59 42 0
9 52 0 16 53 0
23 4 0 28 5 0
5 13 0 12 14 0
22 45 0 25 46 0
27 58 0 32 59 0
1 49 0 10 50 0
44 35 0 53 36 0
5 18 0 13 19 0
26 0 0 35 1 0
0 0 0 3 1 0
39 24 0 46 25 0
25 28 0 28 29 0
0 35 0 7 36 0
27 55 0 34 56 0
33 50 0 36 51 0
27 24 0 32 25 0
15 1 0 18 2 0
8 45 0 14 46 0
29 14 1 30 19 1
29 31 1 30 34 1
56 13 1 57 20 1
51 4 1 52 13 1
1 9 1 2 18 1
7 10 1 8 15 1
41 28 1 42 38 1
1 0 1 2 3 1
47 10 1 48 18 1
10 0 1 11 9 1
4 44 1 5 53 1
24 1 1 25 4 1
2 30 1 3 34 1
50 35 1 51 39 1
34 40 1 35 48 1
38 47 1 39 54 1
53 6 1 54 15 1
38 24 1 39 34 1
18 28 1 19 32 1
2 40 1 3 45 1
10 11 1 11 19 1
21 41 1 22 51 1
25 47 1 26 52 1
45 24 1 46 27 1
11 14 2 15 15 2
39 1 2 46 2 2
43 14 2 52 15 2
17 2 2 27 3 2
40 41 2 47 42 2
8 52 2 12 53 2
50 47 2 58 48 2
21 21 2 24 22 2
26 33 2 32 34 2
0 1 2 7 2 2
31 18 2 37 19 2
5 53 2 9 54 2
51 50 2 57 51 2
7 35 2 16 36 2
20 24 2 30 25 2
34 55 2 40 56 2
4 43 2 13 44 2
16 38 2 23 39 2
3 16 2 10 17 2
16 8 2 19 9 2
34 0 2 43 1 2
25 45 2 35 46 2
7 25 2 14 26 2
21 7 2 29 8 2
43 48 3 44 56 3
31 29 3 32 38 3
8 14 3 9 17 3
38 6 3 39 10 3
39 8 3 40 13 3
39 32 3 40 42 3
56 41 3 57 50 3
6 24 3 7 30 3
20 29 3 21 36 3
5 40 3 6 47 3
6 17 3 7 23 3
31 39 3 32 45 3
55 6 3 56 12 3
29 50 3 30 55 3
39 20 3 40 27 3
7 44 3 8 47 3
13 40 3 14 44 3
27 49 3 28 57 3
10 22 3 11 31 3
22 42 3 23 49 3
40 1 3 41 6 3
51 15 3 52 18 3
19 22 3 20 26 3
51 52 3 52 56 3
51 1 4 54 2 4
8 5 4 14 6 4
36 13 4 40 14 4
17 42 4 23 43 4
24 19 4 31 20 4
2 56 4 9 57 4
24 15 4 30 16 4
32 23 4 40 24 4
33 0 4 41 1 4
40 45 4 49 46 4
40 19 4 43 20 4
37 34 4 46 35 4
16 17 4 26 18 4
44 4 4 51 5 4
46 12 4 56 13 4
32 41 4 41 42 4
12 2 4 19 3 4
43 28 4 46 29 4
48 26 4 51 27 4
31 42 4 35 43 4
14 30 4 18 31 4
34 16 4 37 17 4
15 1 4 25 2 4
42 6 4 51 7 4
18 6 5 19 14 5
44 8 5 45 17 5
1 47 5 2 50 5
11 8 5 12 11 5
5 25 5 6 30 5
3 37 5 4 41 5
2 6 5 3 14 5
18 26 5 19 31 5
24 33 5 25 41 5
20 12 5 21 18 5
23 15 5 24 19 5
30 14 5 31 19 5
51 25 5 52 34 5
35 19 5 36 23 5
38 32 5 39 36 5
9 44 5 10 47 5
40 32 5 41 40 5
32 12 5 33 18 5
52 49 5 53 54 5
51 3 5 52 12 5
54 28 5 55 35 5
58 5 5 59 12 5
1 14 5 2 21 5
47 29 5 48 32 5
Net_num 160
Net_id 0
pin_num 5
32 1 0
18 4 0
28 4 0
33 1 0
26 17 0
Net_id 1
pin_num 5
20 58 0
13 53 0
31 56 0
31 59 0
17 50 0
Net_id 2
pin_num 5
11 46 0
22 46 0
16 52 0
6 57 0
12 54 0
Net_id 3
pin_num 5
26 37 0
14 34 0
7 34 0
10 38 0
10 53 0
Net_id 4
pin_num 5
27 32 0
33 22 0
53 26 0
38 18 0
30 47 0
Net_id 5
pin_num 5
51 54 0
54 58 0
43 57 0
53 35 0
38 59 0
Net_id 6
pin_num 5
32 36 0
40 32 0
34 56 0
46 37 0
21 37 0
Net_id 7
pin_num 5
50 56 0
39 48 0
59 48 0
32 50 0
59 50 0
Net_id 8
pin_num 5
9 41 0
0 51 0
23 51 0
0 28 0
9 38 0
Net_id 9
pin_num 5
56 44 0
50 54 0
46 52 0
55 56 0
59 59 0
Net_id 10
pin_num 5
21 6 0
25 8 0
40 6 0
35 4 0
37 5 0
Net_id 11
pin_num 5
55 5 0
58 14 0
54 13 0
57 6 0
59 28 0
Net_id 12
pin_num 5
4 27 0
0 20 0
0 9 0
13 27 0
11 27 0
Net_id 13
pin_num 5
57 50 0
52 53 0
58 45 0
48 53 0
52 48 0
Net_id 14
pin_num 5
46 55 0
35 58 0
54 59 0
42 57 0
38 46 0
Net_id 15
pin_num 5
36 9 0
36 12 0
36 27 0
22 19 0
41 13 0
Net_id 16
pin_num 5
3 36 0
23 36 0
13 31 0
20 57 0
7 32 0
Net_id 17
pin_num 5
57 42 0
49 55 0
49 51 0
57 58 0
47 54 0
Net_id 18
pin_num 5
42 29 0
43 25 0
43 8 0
47 29 0
57 15 0
Net_id 19
pin_num 5
48 27 0
52 13 0
51 31 0
54 28 0
54 27 0
Net_id 20
pin_num 4
14 24 0
28 28 0
25 0 0
26 36 0
Net_id 21
pin_num 4
31 8 0
19 0 0
35 5 0
19 16 0
Net_id 22
pin_num 4
40 7 0
20 6 0
33 16 0
23 13 0
Net_id 23
pin_num 4
58 8 0
45 10 0
40 9 0
53 15 0
Net_id 24
pin_num 4
58 52 0
37 59 0
48 46 0
37 47 0
Net_id 25
pin_num 4
3 40 0
13 40 0
11 47 0
0 8 0
Net_id 26
pin_num 4
23 11 0
20 23 0
4 18 0
0 42 0
Net_id 27
pin_num 4
54 10 0
58 20 0
42 17 0
49 12 0
Net_id 28
pin_num 4
45 53 0
30 48 0
32 59 0
38 54 0
Net_id 29
pin_num 4
38 47 0
49 38 0
40 57 0
55 45 0
Net_id 30
pin_num 4
54 50 0
46 47 0
40 46 0
59 39 0
Net_id 31
pin_num 4
40 36 0
58 33 0
36 34 0
29 39 0
Net_id 32
pin_num 4
45 39 0
31 42 0
40 40 0
39 41 0
Net_id 33
pin_num 4
14 16 0
24 10 0
22 3 0
43 3 0
Net_id 34
pin_num 4
0 56 0
15 58 0
13 56 0
0 52 0
Net_id 35
pin_num 4
21 12 0
8 12 0
14 29 0
20 26 0
Net_id 36
pin_num 4
14 14 0
18 21 0
3 21 0
15 33 0
Net_id 37
pin_num 4
9 29 0
19 21 0
35 17 0
20 3 0
Net_id 38
pin_num 4
2 29 0
30 23 0
16 29 0
1 22 0
Net_id 39
pin_num 4
51 53 0
38 44 0
29 49 0
29 41 0
Net_id 40
pin_num 4
46 45 0
54 45 0
50 25 0
59 33 0
Net_id 41
pin_num 4
57 0 0
55 3 0
56 7 0
50 13 0
Net_id 42
pin_num 3
10 32 0
25 36 0
5 33 0
Net_id 43
pin_num 3
47 2 0
41 2 0
52 0 0
Net_id 44
pin_num 3
6 8 0
11 30 0
2 7 0
Net_id 45
pin_num 3
7 9 0
12 0 0
4 8 0
Net_id 46
pin_num 3
53 49 0
59 49 0
57 57 0
Net_id 47
pin_num 3
35 31 0
40 23 0
59 34 0
Net_id 48
pin_num 3
29 20 0
35 20 0
25 38 0
Net_id 49
pin_num 3
42 7 0
25 7 0
48 4 0
Net_id 50
pin_num 3
13 37 0
23 29 0
27 22 0
Net_id 51
pin_num 3
3 48 0
7 59 0
9 55 0
Net_id 52
pin_num 3
12 16 0
7 20 0
2 38 0
Net_id 53
pin_num 3
12 34 0
2 19 0
1 4 0
Net_id 54
pin_num 3
55 14 0
57 23 0
40 21 0
Net_id 55
pin_num 3
28 25 0
34 8 0
43 18 0
Net_id 56
pin_num 3
51 36 0
57 26 0
57 44 0
Net_id 57
pin_num 3
38 3 0
29 2 0
29 21 0
Net_id 58
pin_num 3
24 48 0
12 43 0
31 53 0
Net_id 59
pin_num 3
21 14 0
13 17 0
15 38 0
Net_id 60
pin_num 3
34 22 0
47 22 0
46 36 0
Net_id 61
pin_num 3
30 45 0
22 39 0
28 33 0
Net_id 62
pin_num 3
40 12 0
48 9 0
48 39 0
Net_id 63
pin_num 3
7 1 0
15 8 0
17 3 0
Net_id 64
pin_num 3
14 23 0
25 16 0
16 0 0
Net_id 65
pin_num 3
38 48 0
26 58 0
1 50 0
Net_id 66
pin_num 3
4 26 0
3 38 0
0 49 0
Net_id 67
pin_num 3
14 0 0
6 15 0
2 16 0
Net_id 68
pin_num 3
57 55 0
54 37 0
17 39 0
Net_id 69
pin_num 3
37 37 0
49 32 0
59 51 0
Net_id 70
pin_num 3
25 21 0
32 33 0
42 33 0
Net_id 71
pin_num 3
55 32 0
58 24 0
48 36 0
Net_id 72
pin_num 3
49 22 0
55 0 0
41 4 0
Net_id 73
pin_num 3
35 53 0
39 57 0
28 57 0
Net_id 74
pin_num 3
59 56 0
56 59 0
41 57 0
Net_id 75
pin_num 3
21 55 0
3 45 0
42 55 0
Net_id 76
pin_num 3
36 29 0
18 34 0
4 33 0
Net_id 77
pin_num 3
39 3 0
51 1 0
46 19 0
Net_id 78
pin_num 3
59 40 0
45 43 0
33 56 0
Net_id 79
pin_num 3
42 28 0
21 19 0
32 26 0
Net_id 80
pin_num 2
51 23 0
54 16 0
Net_id 81
pin_num 2
39 23 0
49 36 0
Net_id 82
pin_num 2
47 1 0
52 6 0
Net_id 83
pin_num 2
44 30 0
27 25 0
Net_id 84
pin_num 2
54 33 0
55 20 0
Net_id 85
pin_num 2
51 25 0
49 28 0
Net_id 86
pin_num 2
22 37 0
29 40 0
Net_id 87
pin_num 2
16 55 0
10 55 0
Net_id 88
pin_num 2
11 34 0
16 45 0
Net_id 89
pin_num 2
11 24 0
21 26 0
Net_id 90
pin_num 2
31 11 0
39 15 0
Net_id 91
pin_num 2
14 18 0
22 14 0
Net_id 92
pin_num 2
7 50 0
13 50 0
Net_id 93
pin_num 2
31 50 0
18 54 0
Net_id 94
pin_num 2
36 42 0
16 20 0
Net_id 95
pin_num 2
34 9 0
41 27 0
Net_id 96
pin_num 2
19 20 0
17 9 0
Net_id 97
pin_num 2
15 34 0
17 31 0
Net_id 98
pin_num 2
46 42 0
52 31 0
Net_id 99
pin_num 2
46 54 0
27 47 0
Net_id 100
pin_num 2
45 28 0
44 32 0
Net_id 101
pin_num 2
24 16 0
24 20 0
Net_id 102
pin_num 2
56 46 0
37 53 0
Net_id 103
pin_num 2
23 16 0
6 2 0
Net_id 104
pin_num 2
43 50 0
55 39 0
Net_id 105
pin_num 2
45 32 0
37 42 0
Net_id 106
pin_num 2
26 42 0
20 39 0
Net_id 107
pin_num 2
17 40 0
14 59 0
Net_id 108
pin_num 2
26 33 0
27 37 0
Net_id 109
pin_num 2
1 28 0
4 25 0
Net_id 110
pin_num 2
34 10 0
28 26 0
Net_id 111
pin_num 2
55 1 0
52 3 0
Net_id 112
pin_num 2
57 4 0
49 2 0
Net_id 113
pin_num 2
19 50 0
32 58 0
Net_id 114
pin_num 2
1 1 0
5 2 0
Net_id 115
pin_num 2
11 53 0
32 46 0
Net_id 116
pin_num 2
55 24 0
57 35 0
Net_id 117
pin_num 2
15 4 0
7 2 0
Net_id 118
pin_num 2
55 12 0
31 2 0
Net_id 119
pin_num 2
16 13 0
12 10 0
Net_id 120
pin_num 2
42 9 0
48 16 0
Net_id 121
pin_num 2
26 15 0
19 15 0
Net_id 122
pin_num 2
6 50 0
3 34 0
Net_id 123
pin_num 2
22 26 0
28 31 0
Net_id 124
pin_num 2
42 43 0
58 53 0
Net_id 125
pin_num 2
47 24 0
56 3 0
Net_id 126
pin_num 2
59 38 0
52 10 0
Net_id 127
pin_num 2
36 18 0
58 22 0
Net_id 128
pin_num 2
25 12 0
6 11 0
Net_id 129
pin_num 2
30 37 0
31 47 0
Net_id 130
pin_num 2
0 3 0
15 41 0
Net_id 131
pin_num 2
46 28 0
49 15 0
Net_id 132
pin_num 2
2 23 0
15 10 0
Net_id 133
pin_num 2
51 48 0
37 35 0
Net_id 134
pin_num 2
25 23 0
6 19 0
Net_id 135
pin_num 2
59 3 0
52 30 0
Net_id 136
pin_num 2
48 7 0
55 9 0
Net_id 137
pin_num 2
39 14 0
52 11 0
Net_id 138
pin_num 2
22 40 0
49 20 0
Net_id 139
pin_num 2
29 42 0
17 30 0
Net_id 140
pin_num 2
52 32 0
49 49 0
Net_id 141
pin_num 2
52 15 0
45 19 0
Net_id 142
pin_num 2
5 25 0
27 38 0
Net_id 143
pin_num 2
36 23 0
21 21 0
Net_id 144
pin_num 2
20 4 0
39 19 0
Net_id 145
pin_num 2
27 10 0
30 2 0
Net_id 146
pin_num 2
28 41 0
18 39 0
Net_id 147
pin_num 2
22 52 0
17 42 0
Net_id 148
pin_num 2
23 31 0
30 30 0
Net_id 149
pin_num 2
42 52 0
28 46 0
Net_id 150
pin_num 2
17 10 0
5 15 0
Net_id 151
pin_num 2
54 40 0
54 43 0
Net_id 152
pin_num 2
30 54 0
31 54 0
Net_id 153
pin_num 2
37 10 0
48 40 0
Net_id 154
pin_num 2
26 13 0
31 4 0
Net_id 155
pin_num 2
41 11 0
38 4 0
Net_id 156
pin_num 2
56 45 0
57 37 0
Net_id 157
pin_num 2
35 45 0
37 46 0
Net_id 158
pin_num 2
46 25 0
53 20 0
Net_id 159
pin_num 2
54 46 0
49 46 0
