Width 60
Height 60
Layer 6
Total_WL 6525
Obstacle_num 144
48 1 0 54 2 0
26 29 0 33 30 0
42 22 0 46 23 0
15 34 0 21 35 0
32 24 0 37 25 0
0 30 0 8 31 0
32 47 0 37 48 0
48 36 0 58 37 0
33 14 0 43 15 0
5 23 0 11 24 0
26 50 0 32 51 0
27 41 0 32 42 0
41 33 0 48 34 0
49 58 0 55 59 0
47 22 0 54 23 0
11 52 0 18 53 0
3 28 0 7 29 0
34 32 0 38 33 0
48 29 0 57 30 0
1 17 0 5 18 0
22 40 0 29 41 0
9 54 0 12 55 0
41 15 0 49 16 0
21 32 0 31 33 0
6 6 1 7 9 1
42 28 1 43 38 1
50 2 1 51 7 1
41 19 1 42 23 1
17 31 1 18 34 1
26 51 1 27 59 1
47 47 1 48 50 1
12 41 1 13 44 1
7 19 1 8 27 1
6 11 1 7 20 1
23 23 1 24 28 1
10 23 1 11 33 1
26 37 1 27 47 1
19 40 1 20 46 1
58 12 1 59 16 1
56 6 1 57 16 1
32 16 1 33 26 1
14 22 1 15 31 1
27 3 1 28 9 1
7 7 1 8 14 1
44 6 1 45 13 1
10 38 1 11 41 1
37 30 1 38 39 1
0 27 1 1 36 1
3 2 2 7 3 2
7 53 2 17 54 2
26 54 2 35 55 2
33 8 2 36 9 2
30 58 2 36 59 2
22 46 2 32 47 2
0 42 2 3 43 2
50 47 2 55 48 2
0 18 2 9 19 2
15 3 2 20 4 2
33 25 2 37 26 2
26 49 2 36 50 2
20 38 2 26 39 2
43 4 2 47 5 2
13 32 2 22 33 2
49 45 2 55 46 2
7 31 2 14 32 2
24 44 2 31 45 2
18 34 2 23 35 2
44 51 2 54 52 2
52 15 2 55 16 2
7 56 2 14 57 2
10 40 2 18 41 2
26 40 2 32 41 2
25 51 3 26 58 3
24 0 3 25 9 3
56 13 3 57 18 3
23 1 3 24 9 3
41 17 3 42 25 3
44 35 3 45 44 3
4 48 3 5 52 3
38 18 3 39 25 3
21 10 3 22 15 3
27 46 3 28 53 3
43 46 3 44 56 3
40 6 3 41 15 3
40 40 3 41 46 3
11 32 3 12 42 3
49 2 3 50 8 3
5 17 3 6 22 3
32 36 3 33 43 3
35 50 3 36 58 3
7 46 3 8 51 3
28 8 3 29 11 3
0 14 3 1 21 3
47 25 3 48 30 3
3 13 3 4 16 3
26 28 3 27 31 3
47 20 4 51 21 4
26 18 4 33 19 4
41 21 4 49 22 4
49 33 4 54 34 4
18 22 4 22 23 4
7 35 4 13 36 4
12 41 4 22 42 4
25 33 4 31 34 4
27 3 4 32 4 4
15 5 4 18 6 4
7 7 4 16 8 4
27 42 4 33 43 4
3 4 4 13 5 4
49 8 4 54 9 4
23 51 4 33 52 4
37 39 4 43 40 4
38 58 4 41 59 4
10 54 4 15 55 4
12 19 4 16 20 4
18 12 4 21 13 4
1 3 4 5 4 4
7 53 4 10 54 4
38 2 4 46 3 4
27 11 4 32 12 4
57 39 5 58 42 5
1 26 5 2 32 5
52 34 5 53 40 5
54 17 5 55 26 5
36 27 5 37 35 5
12 34 5 13 37 5
51 51 5 52 59 5
58 10 5 59 17 5
11 40 5 12 44 5
3 26 5 4 29 5
38 31 5 39 41 5
41 49 5 42 52 5
28 54 5 29 59 5
54 28 5 55 33 5
13 37 5 14 43 5
48 15 5 49 22 5
21 19 5 22 26 5
43 37 5 44 41 5
18 24 5 19 29 5
56 38 5 57 48 5
34 40 5 35 44 5
10 8 5 11 13 5
2 49 5 3 58 5
8 39 5 9 42 5
Net_num 155
Net_id 0
pin_num 5
21 39 0
27 39 0
22 31 0
33 32 0
21 38 0
Net_id 1
pin_num 5
27 16 0
14 16 0
15 36 0
25 17 0
8 17 0
Net_id 2
pin_num 5
55 4 0
41 2 0
59 13 0
42 13 0
39 3 0
Net_id 3
pin_num 5
9 12 0
0 10 0
13 12 0
26 12 0
17 11 0
Net_id 4
pin_num 5
48 32 0
52 28 0
52 34 0
35 30 0
59 36 0
Net_id 5
pin_num 5
4 1 0
1 13 0
0 36 0
2 14 0
17 13 0
Net_id 6
pin_num 5
35 28 0
24 23 0
11 16 0
2 21 0
34 33 0
Net_id 7
pin_num 5
25 53 0
36 54 0
9 59 0
43 56 0
37 48 0
Net_id 8
pin_num 5
4 37 0
12 27 0
1 38 0
11 34 0
1 44 0
Net_id 9
pin_num 5
39 49 0
31 56 0
47 50 0
47 53 0
36 31 0
Net_id 10
pin_num 5
25 6 0
42 10 0
26 0 0
56 6 0
46 0 0
Net_id 11
pin_num 5
8 42 0
0 41 0
2 49 0
5 34 0
11 39 0
Net_id 12
pin_num 5
44 49 0
30 52 0
36 29 0
37 57 0
45 43 0
Net_id 13
pin_num 5
40 43 0
49 40 0
44 48 0
32 32 0
41 40 0
Net_id 14
pin_num 5
59 9 0
53 12 0
58 1 0
40 0 0
41 25 0
Net_id 15
pin_num 5
13 11 0
2 0 0
0 37 0
18 26 0
11 24 0
Net_id 16
pin_num 5
54 5 0
33 4 0
52 19 0
59 14 0
46 14 0
Net_id 17
pin_num 5
47 56 0
37 47 0
42 42 0
29 52 0
34 53 0
Net_id 18
pin_num 5
12 51 0
27 51 0
25 29 0
4 46 0
8 37 0
Net_id 19
pin_num 5
24 2 0
13 2 0
17 0 0
18 7 0
7 0 0
Net_id 20
pin_num 4
53 31 0
59 43 0
54 40 0
59 30 0
Net_id 21
pin_num 4
52 39 0
40 33 0
46 21 0
56 35 0
Net_id 22
pin_num 4
39 16 0
53 2 0
54 1 0
54 11 0
Net_id 23
pin_num 4
9 45 0
3 32 0
18 40 0
2 41 0
Net_id 24
pin_num 4
46 19 0
51 16 0
31 18 0
55 10 0
Net_id 25
pin_num 4
56 56 0
49 56 0
37 59 0
46 45 0
Net_id 26
pin_num 4
54 23 0
51 37 0
49 26 0
58 30 0
Net_id 27
pin_num 4
56 5 0
58 8 0
43 8 0
47 17 0
Net_id 28
pin_num 4
29 42 0
18 42 0
18 59 0
12 54 0
Net_id 29
pin_num 4
49 59 0
38 55 0
48 54 0
45 51 0
Net_id 30
pin_num 4
35 18 0
36 25 0
25 19 0
24 6 0
Net_id 31
pin_num 4
14 25 0
29 34 0
32 25 0
27 33 0
Net_id 32
pin_num 4
3 58 0
3 53 0
8 49 0
31 55 0
Net_id 33
pin_num 4
46 17 0
38 18 0
28 17 0
26 2 0
Net_id 34
pin_num 4
8 15 0
0 8 0
24 8 0
3 13 0
Net_id 35
pin_num 4
34 8 0
28 8 0
32 13 0
6 20 0
Net_id 36
pin_num 4
51 12 0
41 9 0
50 11 0
33 20 0
Net_id 37
pin_num 4
19 7 0
28 11 0
22 0 0
10 8 0
Net_id 38
pin_num 4
8 5 0
20 5 0
12 1 0
4 10 0
Net_id 39
pin_num 4
37 54 0
54 59 0
55 59 0
52 27 0
Net_id 40
pin_num 4
33 52 0
21 49 0
43 51 0
27 38 0
Net_id 41
pin_num 3
39 7 0
26 1 0
39 19 0
Net_id 42
pin_num 3
49 33 0
41 55 0
46 42 0
Net_id 43
pin_num 3
43 24 0
47 27 0
58 36 0
Net_id 44
pin_num 3
13 21 0
3 0 0
32 7 0
Net_id 45
pin_num 3
41 4 0
35 11 0
58 4 0
Net_id 46
pin_num 3
17 59 0
9 43 0
2 56 0
Net_id 47
pin_num 3
44 46 0
29 45 0
45 46 0
Net_id 48
pin_num 3
42 9 0
53 0 0
34 4 0
Net_id 49
pin_num 3
21 10 0
11 26 0
6 31 0
Net_id 50
pin_num 3
40 53 0
56 57 0
21 57 0
Net_id 51
pin_num 3
2 43 0
3 47 0
12 39 0
Net_id 52
pin_num 3
1 33 0
7 33 0
12 10 0
Net_id 53
pin_num 3
38 15 0
37 13 0
40 9 0
Net_id 54
pin_num 3
1 21 0
4 26 0
0 13 0
Net_id 55
pin_num 3
37 15 0
27 15 0
58 11 0
Net_id 56
pin_num 3
49 18 0
42 16 0
33 2 0
Net_id 57
pin_num 3
48 37 0
54 41 0
24 41 0
Net_id 58
pin_num 3
43 25 0
40 19 0
45 29 0
Net_id 59
pin_num 3
25 0 0
22 18 0
46 20 0
Net_id 60
pin_num 3
20 37 0
32 37 0
33 29 0
Net_id 61
pin_num 3
7 10 0
10 41 0
13 22 0
Net_id 62
pin_num 3
39 13 0
34 35 0
33 50 0
Net_id 63
pin_num 3
13 47 0
3 44 0
6 34 0
Net_id 64
pin_num 3
56 39 0
56 44 0
36 44 0
Net_id 65
pin_num 3
20 18 0
27 2 0
9 13 0
Net_id 66
pin_num 3
14 15 0
16 11 0
39 20 0
Net_id 67
pin_num 3
10 40 0
1 45 0
9 41 0
Net_id 68
pin_num 3
37 29 0
48 25 0
45 19 0
Net_id 69
pin_num 3
51 46 0
58 38 0
57 38 0
Net_id 70
pin_num 3
31 24 0
21 28 0
33 1 0
Net_id 71
pin_num 3
22 38 0
34 23 0
33 37 0
Net_id 72
pin_num 3
44 28 0
51 42 0
55 48 0
Net_id 73
pin_num 3
42 52 0
57 55 0
48 45 0
Net_id 74
pin_num 3
10 28 0
6 29 0
23 33 0
Net_id 75
pin_num 3
42 48 0
36 55 0
35 44 0
Net_id 76
pin_num 3
28 43 0
10 36 0
28 34 0
Net_id 77
pin_num 3
38 58 0
44 57 0
39 48 0
Net_id 78
pin_num 3
40 55 0
32 45 0
40 35 0
Net_id 79
pin_num 2
13 26 0
35 39 0
Net_id 80
pin_num 2
45 41 0
50 37 0
Net_id 81
pin_num 2
1 34 0
14 18 0
Net_id 82
pin_num 2
9 19 0
18 19 0
Net_id 83
pin_num 2
20 15 0
30 21 0
Net_id 84
pin_num 2
44 8 0
55 17 0
Net_id 85
pin_num 2
41 42 0
21 33 0
Net_id 86
pin_num 2
36 38 0
28 31 0
Net_id 87
pin_num 2
17 49 0
33 48 0
Net_id 88
pin_num 2
50 15 0
58 2 0
Net_id 89
pin_num 2
37 21 0
17 7 0
Net_id 90
pin_num 2
3 52 0
1 53 0
Net_id 91
pin_num 2
20 38 0
31 33 0
Net_id 92
pin_num 2
18 22 0
14 21 0
Net_id 93
pin_num 2
29 0 0
37 22 0
Net_id 94
pin_num 2
5 26 0
7 34 0
Net_id 95
pin_num 2
4 57 0
0 53 0
Net_id 96
pin_num 2
25 33 0
26 28 0
Net_id 97
pin_num 2
45 27 0
42 26 0
Net_id 98
pin_num 2
57 44 0
54 48 0
Net_id 99
pin_num 2
46 58 0
42 40 0
Net_id 100
pin_num 2
12 3 0
8 0 0
Net_id 101
pin_num 2
20 47 0
14 48 0
Net_id 102
pin_num 2
41 21 0
48 10 0
Net_id 103
pin_num 2
57 25 0
33 43 0
Net_id 104
pin_num 2
38 34 0
28 58 0
Net_id 105
pin_num 2
16 27 0
28 47 0
Net_id 106
pin_num 2
51 48 0
47 46 0
Net_id 107
pin_num 2
18 15 0
16 24 0
Net_id 108
pin_num 2
24 13 0
28 20 0
Net_id 109
pin_num 2
26 36 0
30 36 0
Net_id 110
pin_num 2
5 49 0
3 29 0
Net_id 111
pin_num 2
20 4 0
0 2 0
Net_id 112
pin_num 2
43 48 0
28 54 0
Net_id 113
pin_num 2
25 57 0
15 45 0
Net_id 114
pin_num 2
28 28 0
40 10 0
Net_id 115
pin_num 2
57 58 0
59 57 0
Net_id 116
pin_num 2
34 22 0
55 33 0
Net_id 117
pin_num 2
32 5 0
9 20 0
Net_id 118
pin_num 2
44 4 0
51 7 0
Net_id 119
pin_num 2
21 36 0
19 16 0
Net_id 120
pin_num 2
9 47 0
12 53 0
Net_id 121
pin_num 2
4 44 0
23 43 0
Net_id 122
pin_num 2
18 32 0
35 37 0
Net_id 123
pin_num 2
33 9 0
45 2 0
Net_id 124
pin_num 2
25 3 0
36 3 0
Net_id 125
pin_num 2
22 41 0
34 36 0
Net_id 126
pin_num 2
35 53 0
43 55 0
Net_id 127
pin_num 2
52 33 0
44 32 0
Net_id 128
pin_num 2
14 38 0
8 33 0
Net_id 129
pin_num 2
13 40 0
23 58 0
Net_id 130
pin_num 2
57 26 0
46 2 0
Net_id 131
pin_num 2
18 13 0
29 7 0
Net_id 132
pin_num 2
53 26 0
49 10 0
Net_id 133
pin_num 2
8 55 0
18 53 0
Net_id 134
pin_num 2
49 0 0
35 10 0
Net_id 135
pin_num 2
19 15 0
16 2 0
Net_id 136
pin_num 2
42 32 0
43 40 0
Net_id 137
pin_num 2
10 51 0
11 56 0
Net_id 138
pin_num 2
8 1 0
21 1 0
Net_id 139
pin_num 2
7 48 0
6 43 0
Net_id 140
pin_num 2
57 49 0
51 53 0
Net_id 141
pin_num 2
59 55 0
56 58 0
Net_id 142
pin_num 2
16 40 0
24 54 0
Net_id 143
pin_num 2
5 47 0
9 48 0
Net_id 144
pin_num 2
11 32 0
3 34 0
Net_id 145
pin_num 2
49 9 0
39 4 0
Net_id 146
pin_num 2
58 41 0
28 53 0
Net_id 147
pin_num 2
3 36 0
1 49 0
Net_id 148
pin_num 2
12 9 0
6 10 0
Net_id 149
pin_num 2
12 14 0
0 7 0
Net_id 150
pin_num 2
52 55 0
53 45 0
Net_id 151
pin_num 2
52 25 0
37 3 0
Net_id 152
pin_num 2
15 38 0
18 41 0
Net_id 153
pin_num 2
1 31 0
5 31 0
Net_id 154
pin_num 2
6 57 0
7 57 0
