Width 60
Height 60
Layer 6
Total_WL 6810
Obstacle_num 144
6 26 0 15 27 0
19 16 0 25 17 0
7 31 0 15 32 0
28 26 0 34 27 0
40 44 0 50 45 0
19 37 0 22 38 0
43 9 0 53 10 0
45 6 0 52 7 0
45 32 0 51 33 0
9 58 0 19 59 0
32 53 0 40 54 0
12 0 0 21 1 0
19 47 0 23 48 0
48 4 0 57 5 0
43 56 0 52 57 0
54 1 0 58 2 0
30 42 0 35 43 0
26 57 0 35 58 0
6 27 0 10 28 0
8 55 0 15 56 0
52 18 0 56 19 0
31 41 0 40 42 0
22 36 0 29 37 0
47 15 0 51 16 0
58 24 1 59 32 1
28 2 1 29 11 1
4 41 1 5 48 1
56 15 1 57 24 1
9 40 1 10 50 1
26 49 1 27 57 1
21 11 1 22 18 1
48 34 1 49 44 1
41 22 1 42 26 1
22 22 1 23 30 1
20 8 1 21 11 1
3 21 1 4 26 1
42 46 1 43 56 1
25 50 1 26 55 1
38 21 1 39 26 1
6 17 1 7 20 1
40 49 1 41 59 1
53 4 1 54 8 1
29 39 1 30 42 1
49 27 1 50 36 1
2 35 1 3 39 1
30 40 1 31 48 1
11 2 1 12 8 1
46 32 1 47 37 1
6 39 2 13 40 2
26 8 2 34 9 2
30 41 2 34 42 2
23 30 2 26 31 2
36 10 2 41 11 2
47 30 2 52 31 2
33 21 2 39 22 2
31 24 2 41 25 2
30 50 2 39 51 2
34 44 2 38 45 2
46 27 2 54 28 2
40 12 2 48 13 2
29 35 2 36 36 2
37 9 2 44 10 2
18 28 2 25 29 2
47 39 2 52 40 2
18 10 2 28 11 2
12 12 2 17 13 2
25 0 2 31 1 2
2 25 2 8 26 2
27 26 2 36 27 2
27 42 2 37 43 2
14 57 2 21 58 2
49 34 2 59 35 2
20 2 3 21 11 3
37 49 3 38 52 3
58 10 3 59 20 3
44 38 3 45 45 3
41 14 3 42 20 3
1 38 3 2 41 3
54 39 3 55 48 3
16 34 3 17 40 3
9 28 3 10 38 3
51 12 3 52 18 3
40 29 3 41 37 3
4 4 3 5 7 3
24 20 3 25 23 3
19 27 3 20 30 3
20 32 3 21 36 3
13 25 3 14 28 3
56 49 3 57 54 3
36 21 3 37 30 3
39 10 3 40 14 3
26 37 3 27 41 3
37 12 3 38 19 3
6 55 3 7 59 3
3 14 3 4 20 3
48 46 3 49 56 3
25 56 4 32 57 4
40 23 4 47 24 4
45 22 4 50 23 4
24 10 4 34 11 4
33 14 4 37 15 4
42 26 4 46 27 4
46 36 4 54 37 4
32 43 4 36 44 4
14 39 4 23 40 4
48 25 4 52 26 4
48 40 4 58 41 4
54 15 4 57 16 4
6 45 4 11 46 4
33 19 4 42 20 4
46 50 4 53 51 4
55 55 4 58 56 4
23 14 4 31 15 4
47 27 4 54 28 4
12 11 4 17 12 4
31 34 4 41 35 4
44 58 4 53 59 4
26 12 4 31 13 4
28 44 4 37 45 4
19 22 4 29 23 4
54 16 5 55 25 5
9 47 5 10 57 5
5 20 5 6 26 5
41 33 5 42 38 5
12 20 5 13 29 5
54 33 5 55 36 5
10 47 5 11 55 5
13 3 5 14 8 5
56 14 5 57 20 5
16 5 5 17 9 5
37 23 5 38 32 5
30 13 5 31 23 5
34 34 5 35 39 5
34 51 5 35 57 5
19 14 5 20 18 5
33 20 5 34 29 5
26 17 5 27 23 5
40 11 5 41 19 5
25 25 5 26 28 5
42 51 5 43 56 5
43 0 5 44 3 5
28 51 5 29 54 5
39 47 5 40 54 5
7 11 5 8 19 5
Net_num 163
Net_id 0
pin_num 5
7 23 0
10 9 0
21 9 0
36 1 0
11 0 0
Net_id 1
pin_num 5
40 41 0
45 41 0
29 48 0
35 43 0
47 45 0
Net_id 2
pin_num 5
44 51 0
40 59 0
30 59 0
59 56 0
53 59 0
Net_id 3
pin_num 5
10 24 0
5 24 0
13 39 0
7 34 0
30 35 0
Net_id 4
pin_num 5
15 28 0
11 34 0
0 34 0
22 30 0
22 32 0
Net_id 5
pin_num 5
47 16 0
44 30 0
36 29 0
40 25 0
33 31 0
Net_id 6
pin_num 5
20 8 0
33 5 0
26 13 0
32 0 0
2 8 0
Net_id 7
pin_num 5
51 40 0
34 40 0
46 46 0
35 48 0
35 25 0
Net_id 8
pin_num 5
29 7 0
42 7 0
11 7 0
17 24 0
23 12 0
Net_id 9
pin_num 5
13 43 0
26 46 0
23 37 0
14 20 0
0 43 0
Net_id 10
pin_num 5
36 27 0
17 26 0
31 33 0
28 15 0
26 42 0
Net_id 11
pin_num 5
51 51 0
41 51 0
24 51 0
28 34 0
33 45 0
Net_id 12
pin_num 5
42 43 0
54 43 0
59 32 0
52 38 0
47 43 0
Net_id 13
pin_num 5
35 46 0
41 48 0
37 24 0
29 59 0
30 30 0
Net_id 14
pin_num 5
43 58 0
43 50 0
43 33 0
59 46 0
38 37 0
Net_id 15
pin_num 5
39 14 0
39 33 0
43 21 0
20 22 0
46 21 0
Net_id 16
pin_num 5
16 38 0
27 43 0
46 38 0
32 32 0
18 27 0
Net_id 17
pin_num 5
11 22 0
19 21 0
0 21 0
18 21 0
40 23 0
Net_id 18
pin_num 5
35 15 0
29 14 0
42 6 0
40 13 0
27 11 0
Net_id 19
pin_num 5
53 22 0
33 32 0
34 23 0
34 43 0
43 30 0
Net_id 20
pin_num 4
3 49 0
1 59 0
23 59 0
0 48 0
Net_id 21
pin_num 4
18 32 0
28 31 0
20 36 0
10 29 0
Net_id 22
pin_num 4
28 5 0
22 5 0
8 5 0
27 10 0
Net_id 23
pin_num 4
48 3 0
44 13 0
37 1 0
45 17 0
Net_id 24
pin_num 4
37 10 0
49 8 0
49 0 0
59 11 0
Net_id 25
pin_num 4
21 59 0
2 58 0
19 58 0
22 37 0
Net_id 26
pin_num 4
39 0 0
44 14 0
58 9 0
59 12 0
Net_id 27
pin_num 4
55 57 0
44 50 0
41 56 0
25 57 0
Net_id 28
pin_num 4
33 22 0
26 20 0
47 38 0
35 23 0
Net_id 29
pin_num 4
29 55 0
44 55 0
24 52 0
24 57 0
Net_id 30
pin_num 4
32 56 0
27 55 0
48 59 0
45 55 0
Net_id 31
pin_num 4
30 24 0
42 25 0
37 47 0
46 25 0
Net_id 32
pin_num 4
4 49 0
7 55 0
0 58 0
29 50 0
Net_id 33
pin_num 4
40 2 0
43 8 0
34 5 0
40 11 0
Net_id 34
pin_num 4
20 44 0
31 45 0
7 45 0
12 27 0
Net_id 35
pin_num 4
26 3 0
17 4 0
17 25 0
12 2 0
Net_id 36
pin_num 4
30 50 0
39 52 0
27 39 0
26 52 0
Net_id 37
pin_num 4
38 30 0
38 26 0
16 28 0
38 14 0
Net_id 38
pin_num 4
13 17 0
20 17 0
16 24 0
13 41 0
Net_id 39
pin_num 4
29 28 0
35 28 0
30 12 0
22 18 0
Net_id 40
pin_num 4
24 14 0
29 11 0
14 14 0
36 32 0
Net_id 41
pin_num 3
10 15 0
0 25 0
1 43 0
Net_id 42
pin_num 3
37 8 0
32 16 0
41 5 0
Net_id 43
pin_num 3
40 50 0
41 43 0
59 45 0
Net_id 44
pin_num 3
24 40 0
29 43 0
15 20 0
Net_id 45
pin_num 3
1 27 0
20 31 0
16 44 0
Net_id 46
pin_num 3
19 50 0
11 46 0
22 46 0
Net_id 47
pin_num 3
45 8 0
52 23 0
20 15 0
Net_id 48
pin_num 3
45 28 0
46 11 0
53 31 0
Net_id 49
pin_num 3
45 53 0
55 42 0
53 21 0
Net_id 50
pin_num 3
4 37 0
13 37 0
8 11 0
Net_id 51
pin_num 3
3 29 0
0 35 0
7 39 0
Net_id 52
pin_num 3
9 10 0
6 5 0
10 2 0
Net_id 53
pin_num 3
52 46 0
49 41 0
50 37 0
Net_id 54
pin_num 3
24 41 0
16 48 0
24 26 0
Net_id 55
pin_num 3
48 25 0
58 32 0
50 41 0
Net_id 56
pin_num 3
41 26 0
50 27 0
51 29 0
Net_id 57
pin_num 3
49 54 0
31 58 0
56 57 0
Net_id 58
pin_num 3
2 50 0
8 54 0
23 26 0
Net_id 59
pin_num 3
14 37 0
26 23 0
23 29 0
Net_id 60
pin_num 3
8 35 0
1 55 0
6 57 0
Net_id 61
pin_num 3
6 31 0
7 41 0
1 14 0
Net_id 62
pin_num 3
57 59 0
59 44 0
54 44 0
Net_id 63
pin_num 3
42 57 0
52 56 0
32 45 0
Net_id 64
pin_num 3
28 39 0
36 37 0
21 25 0
Net_id 65
pin_num 3
35 13 0
42 20 0
27 23 0
Net_id 66
pin_num 3
51 13 0
45 2 0
36 12 0
Net_id 67
pin_num 3
13 10 0
25 6 0
10 6 0
Net_id 68
pin_num 3
23 39 0
44 37 0
3 37 0
Net_id 69
pin_num 3
32 8 0
24 4 0
39 4 0
Net_id 70
pin_num 3
25 20 0
6 10 0
24 11 0
Net_id 71
pin_num 3
47 7 0
54 3 0
50 20 0
Net_id 72
pin_num 3
53 40 0
45 33 0
59 17 0
Net_id 73
pin_num 3
43 3 0
26 1 0
15 2 0
Net_id 74
pin_num 3
14 23 0
31 19 0
27 32 0
Net_id 75
pin_num 3
51 43 0
58 48 0
52 45 0
Net_id 76
pin_num 3
18 48 0
30 54 0
45 48 0
Net_id 77
pin_num 3
4 4 0
2 19 0
4 0 0
Net_id 78
pin_num 3
22 57 0
19 56 0
11 36 0
Net_id 79
pin_num 3
13 51 0
22 52 0
11 49 0
Net_id 80
pin_num 3
3 32 0
12 32 0
21 53 0
Net_id 81
pin_num 3
1 9 0
8 6 0
10 13 0
Net_id 82
pin_num 3
31 32 0
17 47 0
21 34 0
Net_id 83
pin_num 2
11 11 0
19 4 0
Net_id 84
pin_num 2
15 13 0
18 4 0
Net_id 85
pin_num 2
16 11 0
30 36 0
Net_id 86
pin_num 2
38 9 0
29 3 0
Net_id 87
pin_num 2
7 47 0
22 56 0
Net_id 88
pin_num 2
49 23 0
31 14 0
Net_id 89
pin_num 2
49 34 0
52 36 0
Net_id 90
pin_num 2
21 10 0
1 18 0
Net_id 91
pin_num 2
52 26 0
55 46 0
Net_id 92
pin_num 2
8 9 0
0 14 0
Net_id 93
pin_num 2
36 51 0
55 30 0
Net_id 94
pin_num 2
50 53 0
28 58 0
Net_id 95
pin_num 2
19 1 0
42 11 0
Net_id 96
pin_num 2
36 58 0
45 59 0
Net_id 97
pin_num 2
23 2 0
21 4 0
Net_id 98
pin_num 2
24 56 0
27 59 0
Net_id 99
pin_num 2
57 50 0
41 39 0
Net_id 100
pin_num 2
58 0 0
48 16 0
Net_id 101
pin_num 2
1 56 0
3 55 0
Net_id 102
pin_num 2
28 23 0
33 19 0
Net_id 103
pin_num 2
50 14 0
40 16 0
Net_id 104
pin_num 2
56 16 0
53 23 0
Net_id 105
pin_num 2
41 45 0
33 40 0
Net_id 106
pin_num 2
35 56 0
32 54 0
Net_id 107
pin_num 2
41 15 0
46 15 0
Net_id 108
pin_num 2
2 6 0
9 12 0
Net_id 109
pin_num 2
1 17 0
7 38 0
Net_id 110
pin_num 2
58 1 0
24 12 0
Net_id 111
pin_num 2
57 23 0
52 8 0
Net_id 112
pin_num 2
33 36 0
31 25 0
Net_id 113
pin_num 2
46 41 0
53 37 0
Net_id 114
pin_num 2
44 24 0
56 44 0
Net_id 115
pin_num 2
42 45 0
45 43 0
Net_id 116
pin_num 2
3 42 0
1 57 0
Net_id 117
pin_num 2
39 24 0
47 33 0
Net_id 118
pin_num 2
29 2 0
10 4 0
Net_id 119
pin_num 2
20 49 0
30 31 0
Net_id 120
pin_num 2
12 29 0
19 53 0
Net_id 121
pin_num 2
35 34 0
43 22 0
Net_id 122
pin_num 2
13 6 0
26 6 0
Net_id 123
pin_num 2
26 43 0
10 57 0
Net_id 124
pin_num 2
24 17 0
32 3 0
Net_id 125
pin_num 2
25 49 0
49 46 0
Net_id 126
pin_num 2
21 14 0
38 32 0
Net_id 127
pin_num 2
31 35 0
39 35 0
Net_id 128
pin_num 2
23 55 0
34 56 0
Net_id 129
pin_num 2
14 38 0
1 58 0
Net_id 130
pin_num 2
55 58 0
56 37 0
Net_id 131
pin_num 2
6 17 0
3 2 0
Net_id 132
pin_num 2
6 30 0
18 39 0
Net_id 133
pin_num 2
57 5 0
40 1 0
Net_id 134
pin_num 2
34 14 0
37 2 0
Net_id 135
pin_num 2
8 59 0
31 43 0
Net_id 136
pin_num 2
35 32 0
36 16 0
Net_id 137
pin_num 2
29 6 0
31 16 0
Net_id 138
pin_num 2
29 10 0
36 5 0
Net_id 139
pin_num 2
54 24 0
45 24 0
Net_id 140
pin_num 2
33 33 0
46 48 0
Net_id 141
pin_num 2
44 11 0
43 11 0
Net_id 142
pin_num 2
6 14 0
5 1 0
Net_id 143
pin_num 2
39 16 0
25 4 0
Net_id 144
pin_num 2
54 19 0
42 19 0
Net_id 145
pin_num 2
22 48 0
26 48 0
Net_id 146
pin_num 2
48 28 0
44 17 0
Net_id 147
pin_num 2
6 23 0
0 27 0
Net_id 148
pin_num 2
33 25 0
3 35 0
Net_id 149
pin_num 2
27 12 0
27 4 0
Net_id 150
pin_num 2
45 13 0
52 11 0
Net_id 151
pin_num 2
38 31 0
12 17 0
Net_id 152
pin_num 2
57 19 0
54 25 0
Net_id 153
pin_num 2
27 41 0
5 29 0
Net_id 154
pin_num 2
44 33 0
55 51 0
Net_id 155
pin_num 2
55 8 0
53 9 0
Net_id 156
pin_num 2
53 25 0
31 40 0
Net_id 157
pin_num 2
45 0 0
57 8 0
Net_id 158
pin_num 2
30 16 0
11 23 0
Net_id 159
pin_num 2
5 48 0
21 33 0
Net_id 160
pin_num 2
31 2 0
30 1 0
Net_id 161
pin_num 2
8 7 0
20 2 0
Net_id 162
pin_num 2
41 17 0
43 20 0
