Width 60
Height 60
Layer 6
Total_WL 6962
Obstacle_num 144
50 57 0 53 58 0
39 47 0 46 48 0
42 17 0 49 18 0
31 37 0 41 38 0
34 24 0 37 25 0
20 30 0 23 31 0
47 18 0 51 19 0
13 44 0 20 45 0
12 45 0 16 46 0
7 31 0 16 32 0
48 24 0 55 25 0
22 56 0 32 57 0
29 51 0 36 52 0
29 52 0 33 53 0
16 56 0 19 57 0
19 29 0 28 30 0
36 16 0 39 17 0
50 12 0 57 13 0
39 5 0 49 6 0
6 41 0 12 42 0
19 49 0 23 50 0
51 4 0 56 5 0
26 31 0 34 32 0
52 31 0 56 32 0
22 11 1 23 21 1
34 0 1 35 9 1
30 8 1 31 11 1
8 49 1 9 55 1
12 7 1 13 14 1
20 48 1 21 55 1
44 47 1 45 50 1
41 18 1 42 26 1
15 21 1 16 30 1
21 13 1 22 21 1
52 24 1 53 28 1
57 0 1 58 10 1
47 31 1 48 36 1
49 50 1 50 58 1
21 34 1 22 40 1
32 11 1 33 14 1
2 24 1 3 34 1
49 2 1 50 5 1
53 4 1 54 14 1
52 13 1 53 21 1
20 2 1 21 8 1
18 54 1 19 57 1
58 17 1 59 23 1
6 1 1 7 9 1
10 12 2 17 13 2
30 11 2 40 12 2
2 50 2 9 51 2
3 9 2 13 10 2
38 32 2 47 33 2
45 28 2 50 29 2
34 4 2 39 5 2
11 4 2 18 5 2
18 14 2 23 15 2
37 58 2 47 59 2
34 14 2 43 15 2
22 44 2 26 45 2
42 38 2 51 39 2
21 5 2 25 6 2
1 4 2 6 5 2
7 15 2 13 16 2
48 20 2 58 21 2
10 30 2 14 31 2
21 25 2 25 26 2
5 57 2 8 58 2
39 27 2 47 28 2
7 35 2 15 36 2
45 46 2 52 47 2
21 17 2 27 18 2
39 44 3 40 53 3
35 28 3 36 32 3
12 33 3 13 37 3
36 0 3 37 5 3
50 5 3 51 15 3
15 25 3 16 32 3
51 12 3 52 15 3
18 24 3 19 27 3
32 49 3 33 52 3
6 7 3 7 10 3
34 29 3 35 35 3
40 25 3 41 31 3
20 22 3 21 28 3
56 22 3 57 31 3
11 20 3 12 23 3
50 38 3 51 48 3
38 35 3 39 44 3
36 37 3 37 45 3
42 33 3 43 37 3
52 21 3 53 29 3
8 46 3 9 51 3
25 11 3 26 15 3
20 41 3 21 50 3
26 11 3 27 15 3
38 23 4 45 24 4
44 44 4 52 45 4
32 31 4 37 32 4
35 52 4 42 53 4
45 29 4 51 30 4
55 31 4 59 32 4
14 37 4 22 38 4
21 39 4 28 40 4
5 8 4 15 9 4
6 24 4 15 25 4
32 7 4 41 8 4
34 21 4 42 22 4
46 50 4 52 51 4
0 34 4 10 35 4
14 20 4 20 21 4
14 10 4 22 11 4
48 33 4 51 34 4
40 15 4 45 16 4
10 56 4 15 57 4
27 26 4 31 27 4
26 24 4 36 25 4
11 22 4 17 23 4
14 52 4 24 53 4
14 38 4 22 39 4
27 44 5 28 48 5
42 0 5 43 7 5
57 17 5 58 23 5
46 0 5 47 3 5
40 32 5 41 40 5
40 12 5 41 22 5
52 12 5 53 21 5
48 11 5 49 18 5
48 18 5 49 27 5
58 6 5 59 13 5
36 1 5 37 11 5
53 47 5 54 56 5
41 5 5 42 11 5
43 7 5 44 16 5
3 14 5 4 20 5
21 47 5 22 51 5
45 27 5 46 31 5
19 43 5 20 53 5
30 10 5 31 17 5
25 11 5 26 18 5
35 3 5 36 8 5
17 35 5 18 40 5
49 2 5 50 9 5
18 6 5 19 14 5
Net_num 166
Net_id 0
pin_num 5
16 33 0
13 43 0
21 43 0
35 33 0
37 40 0
Net_id 1
pin_num 5
33 7 0
27 20 0
20 7 0
6 20 0
12 5 0
Net_id 2
pin_num 5
13 2 0
1 6 0
15 0 0
14 24 0
13 1 0
Net_id 3
pin_num 5
4 2 0
7 10 0
6 25 0
0 23 0
13 21 0
Net_id 4
pin_num 5
10 3 0
4 14 0
5 28 0
22 3 0
17 16 0
Net_id 5
pin_num 5
18 12 0
16 2 0
11 12 0
0 7 0
10 0 0
Net_id 6
pin_num 5
57 58 0
51 48 0
59 39 0
59 54 0
41 56 0
Net_id 7
pin_num 5
25 39 0
25 43 0
7 39 0
22 48 0
48 41 0
Net_id 8
pin_num 5
9 42 0
0 41 0
1 24 0
7 52 0
0 43 0
Net_id 9
pin_num 5
52 25 0
44 28 0
50 10 0
46 13 0
59 11 0
Net_id 10
pin_num 5
53 52 0
55 48 0
47 49 0
55 35 0
54 53 0
Net_id 11
pin_num 5
27 42 0
36 42 0
28 36 0
35 54 0
42 59 0
Net_id 12
pin_num 5
44 8 0
53 8 0
51 5 0
47 6 0
49 22 0
Net_id 13
pin_num 5
19 45 0
12 32 0
20 24 0
29 38 0
27 35 0
Net_id 14
pin_num 5
36 0 0
40 4 0
39 4 0
21 1 0
16 13 0
Net_id 15
pin_num 5
16 51 0
14 55 0
7 59 0
0 47 0
26 55 0
Net_id 16
pin_num 5
8 29 0
10 42 0
10 17 0
6 59 0
3 21 0
Net_id 17
pin_num 5
1 53 0
16 54 0
20 59 0
19 38 0
4 55 0
Net_id 18
pin_num 5
43 49 0
47 42 0
59 46 0
38 36 0
30 35 0
Net_id 19
pin_num 5
57 55 0
42 54 0
59 59 0
42 45 0
31 54 0
Net_id 20
pin_num 5
8 27 0
16 32 0
0 27 0
18 29 0
16 40 0
Net_id 21
pin_num 5
2 36 0
1 39 0
7 40 0
6 39 0
20 56 0
Net_id 22
pin_num 4
53 10 0
58 6 0
44 16 0
38 10 0
Net_id 23
pin_num 4
16 31 0
33 34 0
29 22 0
50 29 0
Net_id 24
pin_num 4
43 33 0
55 32 0
45 18 0
59 27 0
Net_id 25
pin_num 4
18 50 0
13 53 0
0 53 0
11 43 0
Net_id 26
pin_num 4
46 7 0
47 24 0
33 18 0
29 9 0
Net_id 27
pin_num 4
10 18 0
18 13 0
12 23 0
18 19 0
Net_id 28
pin_num 4
17 52 0
3 55 0
5 43 0
6 44 0
Net_id 29
pin_num 4
43 13 0
35 13 0
36 26 0
39 7 0
Net_id 30
pin_num 4
6 32 0
1 28 0
34 31 0
16 30 0
Net_id 31
pin_num 4
50 59 0
43 54 0
58 55 0
43 32 0
Net_id 32
pin_num 4
24 16 0
20 21 0
13 23 0
5 14 0
Net_id 33
pin_num 4
3 32 0
6 43 0
0 54 0
11 33 0
Net_id 34
pin_num 4
2 41 0
1 45 0
5 44 0
11 40 0
Net_id 35
pin_num 4
38 22 0
30 23 0
35 39 0
31 39 0
Net_id 36
pin_num 4
45 35 0
55 34 0
58 52 0
46 39 0
Net_id 37
pin_num 4
5 16 0
7 32 0
9 23 0
23 26 0
Net_id 38
pin_num 4
51 43 0
44 50 0
42 44 0
45 56 0
Net_id 39
pin_num 4
23 49 0
26 51 0
19 51 0
16 49 0
Net_id 40
pin_num 4
9 55 0
21 50 0
17 34 0
24 59 0
Net_id 41
pin_num 4
26 18 0
28 22 0
33 20 0
29 14 0
Net_id 42
pin_num 4
40 51 0
46 51 0
46 54 0
50 58 0
Net_id 43
pin_num 4
57 13 0
58 29 0
51 18 0
59 38 0
Net_id 44
pin_num 3
50 38 0
43 31 0
58 38 0
Net_id 45
pin_num 3
9 21 0
24 8 0
1 8 0
Net_id 46
pin_num 3
22 25 0
30 24 0
25 54 0
Net_id 47
pin_num 3
13 56 0
15 59 0
4 56 0
Net_id 48
pin_num 3
22 4 0
13 16 0
0 18 0
Net_id 49
pin_num 3
30 40 0
32 30 0
24 48 0
Net_id 50
pin_num 3
43 23 0
25 19 0
26 34 0
Net_id 51
pin_num 3
5 9 0
8 28 0
0 16 0
Net_id 52
pin_num 3
7 27 0
2 23 0
3 49 0
Net_id 53
pin_num 3
53 59 0
45 57 0
49 32 0
Net_id 54
pin_num 3
40 45 0
34 52 0
36 27 0
Net_id 55
pin_num 3
24 20 0
40 11 0
24 14 0
Net_id 56
pin_num 3
28 40 0
22 36 0
37 21 0
Net_id 57
pin_num 3
44 1 0
51 9 0
35 0 0
Net_id 58
pin_num 3
48 19 0
55 17 0
37 14 0
Net_id 59
pin_num 3
45 16 0
57 18 0
31 17 0
Net_id 60
pin_num 3
33 23 0
29 39 0
41 37 0
Net_id 61
pin_num 3
17 53 0
23 50 0
17 32 0
Net_id 62
pin_num 3
10 33 0
6 36 0
6 26 0
Net_id 63
pin_num 3
43 11 0
48 20 0
19 15 0
Net_id 64
pin_num 3
5 5 0
0 2 0
18 10 0
Net_id 65
pin_num 3
11 16 0
24 19 0
19 20 0
Net_id 66
pin_num 3
28 58 0
10 52 0
11 49 0
Net_id 67
pin_num 3
12 47 0
1 55 0
5 54 0
Net_id 68
pin_num 3
38 40 0
59 36 0
38 54 0
Net_id 69
pin_num 3
26 41 0
39 22 0
28 48 0
Net_id 70
pin_num 3
15 46 0
22 46 0
23 46 0
Net_id 71
pin_num 3
37 31 0
34 18 0
43 19 0
Net_id 72
pin_num 3
40 16 0
53 1 0
55 0 0
Net_id 73
pin_num 3
10 23 0
7 13 0
19 13 0
Net_id 74
pin_num 3
46 22 0
38 28 0
41 46 0
Net_id 75
pin_num 3
59 25 0
29 13 0
56 44 0
Net_id 76
pin_num 3
53 57 0
40 57 0
48 32 0
Net_id 77
pin_num 3
6 35 0
26 36 0
22 37 0
Net_id 78
pin_num 3
3 50 0
0 57 0
2 49 0
Net_id 79
pin_num 3
13 29 0
29 21 0
15 34 0
Net_id 80
pin_num 3
45 45 0
54 32 0
56 51 0
Net_id 81
pin_num 3
59 19 0
47 43 0
57 47 0
Net_id 82
pin_num 3
24 21 0
30 39 0
51 37 0
Net_id 83
pin_num 3
8 54 0
22 53 0
11 42 0
Net_id 84
pin_num 3
49 12 0
29 11 0
15 16 0
Net_id 85
pin_num 2
57 5 0
49 30 0
Net_id 86
pin_num 2
45 31 0
57 36 0
Net_id 87
pin_num 2
12 20 0
27 32 0
Net_id 88
pin_num 2
57 19 0
40 24 0
Net_id 89
pin_num 2
17 49 0
23 47 0
Net_id 90
pin_num 2
10 15 0
17 25 0
Net_id 91
pin_num 2
4 16 0
0 21 0
Net_id 92
pin_num 2
25 11 0
44 0 0
Net_id 93
pin_num 2
44 25 0
23 21 0
Net_id 94
pin_num 2
34 4 0
14 6 0
Net_id 95
pin_num 2
38 15 0
41 19 0
Net_id 96
pin_num 2
54 13 0
55 7 0
Net_id 97
pin_num 2
25 59 0
30 50 0
Net_id 98
pin_num 2
52 21 0
57 21 0
Net_id 99
pin_num 2
58 39 0
40 33 0
Net_id 100
pin_num 2
29 49 0
31 45 0
Net_id 101
pin_num 2
16 10 0
18 34 0
Net_id 102
pin_num 2
48 13 0
51 16 0
Net_id 103
pin_num 2
28 0 0
32 14 0
Net_id 104
pin_num 2
55 51 0
48 39 0
Net_id 105
pin_num 2
44 13 0
58 34 0
Net_id 106
pin_num 2
3 22 0
16 23 0
Net_id 107
pin_num 2
20 41 0
24 43 0
Net_id 108
pin_num 2
39 41 0
46 30 0
Net_id 109
pin_num 2
1 20 0
3 7 0
Net_id 110
pin_num 2
8 58 0
3 59 0
Net_id 111
pin_num 2
45 32 0
58 42 0
Net_id 112
pin_num 2
32 2 0
31 10 0
Net_id 113
pin_num 2
22 23 0
37 42 0
Net_id 114
pin_num 2
29 43 0
16 48 0
Net_id 115
pin_num 2
21 45 0
3 56 0
Net_id 116
pin_num 2
2 47 0
8 37 0
Net_id 117
pin_num 2
54 36 0
33 46 0
Net_id 118
pin_num 2
15 25 0
4 21 0
Net_id 119
pin_num 2
52 44 0
51 30 0
Net_id 120
pin_num 2
39 34 0
53 34 0
Net_id 121
pin_num 2
52 41 0
54 54 0
Net_id 122
pin_num 2
39 31 0
46 52 0
Net_id 123
pin_num 2
9 15 0
7 1 0
Net_id 124
pin_num 2
35 4 0
38 2 0
Net_id 125
pin_num 2
58 35 0
50 4 0
Net_id 126
pin_num 2
32 35 0
41 35 0
Net_id 127
pin_num 2
35 55 0
41 55 0
Net_id 128
pin_num 2
52 48 0
54 42 0
Net_id 129
pin_num 2
59 3 0
44 19 0
Net_id 130
pin_num 2
8 48 0
5 45 0
Net_id 131
pin_num 2
52 28 0
48 26 0
Net_id 132
pin_num 2
1 13 0
8 19 0
Net_id 133
pin_num 2
25 0 0
35 34 0
Net_id 134
pin_num 2
10 16 0
1 0 0
Net_id 135
pin_num 2
33 11 0
23 18 0
Net_id 136
pin_num 2
42 37 0
57 23 0
Net_id 137
pin_num 2
44 41 0
34 59 0
Net_id 138
pin_num 2
14 38 0
2 22 0
Net_id 139
pin_num 2
30 59 0
25 57 0
Net_id 140
pin_num 2
24 57 0
0 55 0
Net_id 141
pin_num 2
34 6 0
18 2 0
Net_id 142
pin_num 2
54 22 0
35 36 0
Net_id 143
pin_num 2
27 28 0
39 33 0
Net_id 144
pin_num 2
43 29 0
59 9 0
Net_id 145
pin_num 2
36 6 0
23 9 0
Net_id 146
pin_num 2
32 18 0
30 17 0
Net_id 147
pin_num 2
38 32 0
23 37 0
Net_id 148
pin_num 2
25 15 0
11 10 0
Net_id 149
pin_num 2
45 0 0
57 12 0
Net_id 150
pin_num 2
2 14 0
23 4 0
Net_id 151
pin_num 2
3 28 0
10 21 0
Net_id 152
pin_num 2
35 57 0
41 53 0
Net_id 153
pin_num 2
28 41 0
33 40 0
Net_id 154
pin_num 2
38 7 0
19 25 0
Net_id 155
pin_num 2
23 0 0
44 20 0
Net_id 156
pin_num 2
49 26 0
56 47 0
Net_id 157
pin_num 2
2 48 0
13 41 0
Net_id 158
pin_num 2
30 43 0
41 33 0
Net_id 159
pin_num 2
31 8 0
25 5 0
Net_id 160
pin_num 2
20 23 0
25 36 0
Net_id 161
pin_num 2
11 5 0
4 5 0
Net_id 162
pin_num 2
43 21 0
26 42 0
Net_id 163
pin_num 2
25 14 0
28 13 0
Net_id 164
pin_num 2
24 44 0
40 50 0
Net_id 165
pin_num 2
2 19 0
13 9 0
