Width 60
Height 60
Layer 6
Total_WL 6836
Obstacle_num 144
12 0 0 16 1 0
53 29 0 56 30 0
20 49 0 30 50 0
7 10 0 11 11 0
21 58 0 30 59 0
44 0 0 49 1 0
53 41 0 56 42 0
46 51 0 55 52 0
28 55 0 34 56 0
5 34 0 10 35 0
42 23 0 45 24 0
29 50 0 38 51 0
43 15 0 50 16 0
42 56 0 45 57 0
23 51 0 31 52 0
21 41 0 29 42 0
18 34 0 27 35 0
34 6 0 42 7 0
4 31 0 13 32 0
4 48 0 14 49 0
37 12 0 40 13 0
36 14 0 43 15 0
49 50 0 52 51 0
41 27 0 51 28 0
2 8 1 3 16 1
25 27 1 26 37 1
49 31 1 50 40 1
48 30 1 49 34 1
30 31 1 31 37 1
16 45 1 17 48 1
55 32 1 56 39 1
43 18 1 44 21 1
28 51 1 29 56 1
54 2 1 55 9 1
18 34 1 19 42 1
51 42 1 52 51 1
37 33 1 38 38 1
36 16 1 37 23 1
5 22 1 6 25 1
29 52 1 30 57 1
23 15 1 24 25 1
41 20 1 42 23 1
28 44 1 29 50 1
57 27 1 58 35 1
11 50 1 12 58 1
53 46 1 54 54 1
4 49 1 5 59 1
31 26 1 32 29 1
37 14 2 40 15 2
51 40 2 54 41 2
26 42 2 36 43 2
39 25 2 44 26 2
25 0 2 35 1 2
52 58 2 57 59 2
23 16 2 30 17 2
2 19 2 6 20 2
5 16 2 10 17 2
37 4 2 42 5 2
31 21 2 39 22 2
49 39 2 58 40 2
15 45 2 18 46 2
49 46 2 58 47 2
40 0 2 47 1 2
43 21 2 48 22 2
42 32 2 47 33 2
46 10 2 49 11 2
51 17 2 58 18 2
31 25 2 37 26 2
37 52 2 45 53 2
30 58 2 34 59 2
34 49 2 37 50 2
25 14 2 28 15 2
47 4 3 48 13 3
7 10 3 8 14 3
53 49 3 54 57 3
9 4 3 10 7 3
15 49 3 16 57 3
29 32 3 30 38 3
28 35 3 29 40 3
24 39 3 25 45 3
38 37 3 39 45 3
58 2 3 59 5 3
50 43 3 51 50 3
43 5 3 44 13 3
25 5 3 26 11 3
45 50 3 46 57 3
29 44 3 30 50 3
15 35 3 16 38 3
47 53 3 48 58 3
11 23 3 12 31 3
26 24 3 27 27 3
14 4 3 15 12 3
10 21 3 11 25 3
13 25 3 14 30 3
58 15 3 59 25 3
31 16 3 32 26 3
44 38 4 47 39 4
49 25 4 53 26 4
46 39 4 55 40 4
3 14 4 11 15 4
10 47 4 14 48 4
50 54 4 53 55 4
2 53 4 10 54 4
32 54 4 42 55 4
20 58 4 29 59 4
40 41 4 49 42 4
50 34 4 58 35 4
7 58 4 16 59 4
47 27 4 54 28 4
33 26 4 41 27 4
1 31 4 7 32 4
16 41 4 20 42 4
22 21 4 31 22 4
42 51 4 52 52 4
37 1 4 40 2 4
16 18 4 20 19 4
12 49 4 18 50 4
35 50 4 42 51 4
45 34 4 49 35 4
29 49 4 34 50 4
26 18 5 27 26 5
11 19 5 12 23 5
42 19 5 43 22 5
14 27 5 15 35 5
4 55 5 5 58 5
55 37 5 56 42 5
10 22 5 11 28 5
37 3 5 38 8 5
20 34 5 21 43 5
35 44 5 36 49 5
14 48 5 15 53 5
11 8 5 12 13 5
36 25 5 37 35 5
3 46 5 4 51 5
35 54 5 36 57 5
12 43 5 13 53 5
26 30 5 27 39 5
9 9 5 10 14 5
47 10 5 48 14 5
37 23 5 38 26 5
18 16 5 19 21 5
3 27 5 4 35 5
18 26 5 19 32 5
32 35 5 33 41 5
Net_num 160
Net_id 0
pin_num 5
19 48 0
13 53 0
23 48 0
22 59 0
18 53 0
Net_id 1
pin_num 5
58 40 0
49 49 0
55 46 0
44 40 0
45 26 0
Net_id 2
pin_num 5
20 41 0
13 34 0
0 43 0
6 42 0
17 25 0
Net_id 3
pin_num 5
57 30 0
59 17 0
50 17 0
54 9 0
47 28 0
Net_id 4
pin_num 5
4 39 0
2 38 0
1 28 0
8 32 0
6 33 0
Net_id 5
pin_num 5
47 20 0
36 30 0
38 41 0
44 38 0
38 10 0
Net_id 6
pin_num 5
44 21 0
55 16 0
47 38 0
47 47 0
50 11 0
Net_id 7
pin_num 5
57 21 0
58 29 0
58 37 0
59 18 0
58 24 0
Net_id 8
pin_num 5
30 0 0
24 2 0
16 2 0
7 2 0
41 2 0
Net_id 9
pin_num 5
53 12 0
47 12 0
54 0 0
50 26 0
50 7 0
Net_id 10
pin_num 5
7 59 0
15 56 0
14 59 0
0 56 0
7 36 0
Net_id 11
pin_num 5
23 52 0
11 52 0
21 47 0
6 59 0
7 46 0
Net_id 12
pin_num 5
59 41 0
56 32 0
59 34 0
33 33 0
32 33 0
Net_id 13
pin_num 5
59 4 0
55 4 0
57 10 0
59 9 0
46 4 0
Net_id 14
pin_num 5
37 3 0
40 10 0
40 15 0
59 8 0
39 0 0
Net_id 15
pin_num 5
34 57 0
42 58 0
28 59 0
37 47 0
59 57 0
Net_id 16
pin_num 5
38 22 0
55 24 0
47 34 0
47 25 0
56 3 0
Net_id 17
pin_num 5
5 56 0
2 58 0
6 58 0
23 54 0
5 59 0
Net_id 18
pin_num 5
25 48 0
21 40 0
24 27 0
24 59 0
44 45 0
Net_id 19
pin_num 5
36 59 0
40 59 0
59 58 0
40 44 0
56 45 0
Net_id 20
pin_num 5
36 17 0
52 26 0
49 17 0
40 1 0
40 29 0
Net_id 21
pin_num 4
35 43 0
37 27 0
29 31 0
58 31 0
Net_id 22
pin_num 4
41 44 0
56 44 0
44 34 0
58 36 0
Net_id 23
pin_num 4
32 52 0
42 54 0
35 59 0
23 57 0
Net_id 24
pin_num 4
22 39 0
29 39 0
5 40 0
39 39 0
Net_id 25
pin_num 4
21 30 0
20 21 0
11 26 0
4 24 0
Net_id 26
pin_num 4
41 8 0
42 2 0
56 8 0
55 3 0
Net_id 27
pin_num 4
51 0 0
58 3 0
52 7 0
41 3 0
Net_id 28
pin_num 4
19 2 0
22 11 0
22 24 0
35 21 0
Net_id 29
pin_num 4
21 55 0
31 51 0
28 43 0
30 30 0
Net_id 30
pin_num 4
54 52 0
44 53 0
59 51 0
57 38 0
Net_id 31
pin_num 4
58 10 0
49 16 0
58 1 0
51 23 0
Net_id 32
pin_num 4
1 22 0
10 25 0
24 23 0
18 28 0
Net_id 33
pin_num 4
58 26 0
53 38 0
32 36 0
57 37 0
Net_id 34
pin_num 4
47 9 0
57 12 0
49 4 0
42 15 0
Net_id 35
pin_num 4
8 50 0
16 55 0
19 35 0
39 35 0
Net_id 36
pin_num 4
56 47 0
48 53 0
58 58 0
54 35 0
Net_id 37
pin_num 4
54 54 0
51 41 0
27 44 0
49 58 0
Net_id 38
pin_num 4
46 21 0
35 16 0
46 5 0
36 44 0
Net_id 39
pin_num 4
2 17 0
13 31 0
5 4 0
0 5 0
Net_id 40
pin_num 4
28 37 0
12 40 0
17 20 0
21 1 0
Net_id 41
pin_num 3
54 55 0
48 55 0
53 27 0
Net_id 42
pin_num 3
10 58 0
2 54 0
30 54 0
Net_id 43
pin_num 3
50 18 0
37 19 0
51 18 0
Net_id 44
pin_num 3
1 49 0
17 55 0
8 57 0
Net_id 45
pin_num 3
38 50 0
32 46 0
26 46 0
Net_id 46
pin_num 3
16 16 0
6 12 0
13 6 0
Net_id 47
pin_num 3
1 40 0
15 57 0
5 55 0
Net_id 48
pin_num 3
49 38 0
57 19 0
45 39 0
Net_id 49
pin_num 3
28 16 0
17 17 0
20 8 0
Net_id 50
pin_num 3
33 31 0
11 35 0
16 33 0
Net_id 51
pin_num 3
33 1 0
39 1 0
35 7 0
Net_id 52
pin_num 3
50 29 0
42 29 0
41 13 0
Net_id 53
pin_num 3
19 21 0
23 30 0
22 6 0
Net_id 54
pin_num 3
57 7 0
46 9 0
23 2 0
Net_id 55
pin_num 3
22 35 0
39 28 0
10 28 0
Net_id 56
pin_num 3
30 36 0
32 43 0
52 50 0
Net_id 57
pin_num 3
14 18 0
0 33 0
16 0 0
Net_id 58
pin_num 3
34 14 0
37 10 0
21 26 0
Net_id 59
pin_num 3
33 7 0
26 22 0
49 11 0
Net_id 60
pin_num 3
20 45 0
27 25 0
7 45 0
Net_id 61
pin_num 3
48 52 0
44 48 0
32 40 0
Net_id 62
pin_num 3
48 28 0
57 18 0
32 23 0
Net_id 63
pin_num 3
9 15 0
18 1 0
6 7 0
Net_id 64
pin_num 3
17 41 0
25 59 0
18 46 0
Net_id 65
pin_num 3
54 27 0
58 42 0
49 1 0
Net_id 66
pin_num 3
20 53 0
17 59 0
41 58 0
Net_id 67
pin_num 3
8 16 0
7 27 0
4 12 0
Net_id 68
pin_num 3
23 12 0
9 21 0
48 45 0
Net_id 69
pin_num 3
5 11 0
2 25 0
7 33 0
Net_id 70
pin_num 3
15 12 0
0 2 0
8 28 0
Net_id 71
pin_num 3
3 26 0
15 33 0
7 55 0
Net_id 72
pin_num 3
47 53 0
45 58 0
51 56 0
Net_id 73
pin_num 3
36 0 0
30 8 0
24 8 0
Net_id 74
pin_num 3
38 40 0
32 57 0
35 35 0
Net_id 75
pin_num 3
45 37 0
59 35 0
32 37 0
Net_id 76
pin_num 3
9 30 0
3 44 0
1 10 0
Net_id 77
pin_num 3
53 21 0
37 22 0
27 22 0
Net_id 78
pin_num 3
26 54 0
39 58 0
52 18 0
Net_id 79
pin_num 2
6 44 0
10 32 0
Net_id 80
pin_num 2
2 8 0
10 20 0
Net_id 81
pin_num 2
12 56 0
8 56 0
Net_id 82
pin_num 2
12 14 0
5 14 0
Net_id 83
pin_num 2
52 57 0
41 51 0
Net_id 84
pin_num 2
44 30 0
58 16 0
Net_id 85
pin_num 2
44 6 0
54 21 0
Net_id 86
pin_num 2
31 54 0
40 39 0
Net_id 87
pin_num 2
48 43 0
56 30 0
Net_id 88
pin_num 2
34 25 0
15 29 0
Net_id 89
pin_num 2
15 3 0
26 15 0
Net_id 90
pin_num 2
14 4 0
2 16 0
Net_id 91
pin_num 2
39 56 0
26 53 0
Net_id 92
pin_num 2
59 23 0
41 46 0
Net_id 93
pin_num 2
8 21 0
2 20 0
Net_id 94
pin_num 2
39 47 0
52 45 0
Net_id 95
pin_num 2
58 57 0
57 50 0
Net_id 96
pin_num 2
40 50 0
52 48 0
Net_id 97
pin_num 2
17 33 0
25 19 0
Net_id 98
pin_num 2
39 30 0
19 46 0
Net_id 99
pin_num 2
9 9 0
34 3 0
Net_id 100
pin_num 2
26 59 0
31 53 0
Net_id 101
pin_num 2
8 20 0
3 4 0
Net_id 102
pin_num 2
27 15 0
43 4 0
Net_id 103
pin_num 2
16 19 0
7 40 0
Net_id 104
pin_num 2
33 14 0
27 40 0
Net_id 105
pin_num 2
46 14 0
49 3 0
Net_id 106
pin_num 2
43 30 0
31 52 0
Net_id 107
pin_num 2
17 4 0
14 21 0
Net_id 108
pin_num 2
14 44 0
3 29 0
Net_id 109
pin_num 2
44 3 0
36 15 0
Net_id 110
pin_num 2
1 27 0
6 9 0
Net_id 111
pin_num 2
30 18 0
35 26 0
Net_id 112
pin_num 2
52 25 0
30 20 0
Net_id 113
pin_num 2
28 29 0
22 4 0
Net_id 114
pin_num 2
23 36 0
20 31 0
Net_id 115
pin_num 2
51 26 0
35 34 0
Net_id 116
pin_num 2
20 7 0
19 4 0
Net_id 117
pin_num 2
35 19 0
25 23 0
Net_id 118
pin_num 2
5 12 0
4 4 0
Net_id 119
pin_num 2
42 34 0
59 54 0
Net_id 120
pin_num 2
26 12 0
14 22 0
Net_id 121
pin_num 2
24 19 0
4 8 0
Net_id 122
pin_num 2
5 37 0
23 33 0
Net_id 123
pin_num 2
21 9 0
16 22 0
Net_id 124
pin_num 2
35 46 0
32 47 0
Net_id 125
pin_num 2
19 55 0
11 38 0
Net_id 126
pin_num 2
28 18 0
26 40 0
Net_id 127
pin_num 2
30 10 0
57 13 0
Net_id 128
pin_num 2
5 28 0
16 56 0
Net_id 129
pin_num 2
24 17 0
30 24 0
Net_id 130
pin_num 2
11 54 0
22 57 0
Net_id 131
pin_num 2
12 41 0
9 35 0
Net_id 132
pin_num 2
4 36 0
4 29 0
Net_id 133
pin_num 2
29 22 0
34 32 0
Net_id 134
pin_num 2
17 22 0
22 25 0
Net_id 135
pin_num 2
57 25 0
55 54 0
Net_id 136
pin_num 2
29 32 0
33 12 0
Net_id 137
pin_num 2
51 54 0
39 32 0
Net_id 138
pin_num 2
10 54 0
10 43 0
Net_id 139
pin_num 2
6 0 0
3 1 0
Net_id 140
pin_num 2
49 19 0
39 29 0
Net_id 141
pin_num 2
25 43 0
2 52 0
Net_id 142
pin_num 2
39 21 0
54 31 0
Net_id 143
pin_num 2
18 19 0
32 29 0
Net_id 144
pin_num 2
39 31 0
46 48 0
Net_id 145
pin_num 2
15 49 0
23 59 0
Net_id 146
pin_num 2
7 44 0
16 51 0
Net_id 147
pin_num 2
58 19 0
54 32 0
Net_id 148
pin_num 2
5 42 0
7 38 0
Net_id 149
pin_num 2
35 15 0
34 20 0
Net_id 150
pin_num 2
58 15 0
46 3 0
Net_id 151
pin_num 2
22 20 0
30 27 0
Net_id 152
pin_num 2
18 38 0
8 29 0
Net_id 153
pin_num 2
52 11 0
47 10 0
Net_id 154
pin_num 2
57 9 0
44 25 0
Net_id 155
pin_num 2
29 33 0
23 38 0
Net_id 156
pin_num 2
39 48 0
17 56 0
Net_id 157
pin_num 2
38 20 0
31 1 0
Net_id 158
pin_num 2
4 45 0
6 50 0
Net_id 159
pin_num 2
32 12 0
19 15 0
