Width 60
Height 60
Layer 6
Total_WL 6678
Obstacle_num 144
29 54 0 36 55 0
54 11 0 57 12 0
15 39 0 23 40 0
17 16 0 26 17 0
43 21 0 50 22 0
41 16 0 49 17 0
40 31 0 43 32 0
44 13 0 53 14 0
17 43 0 20 44 0
6 47 0 13 48 0
9 20 0 16 21 0
18 37 0 25 38 0
13 48 0 21 49 0
3 33 0 10 34 0
30 13 0 38 14 0
55 15 0 59 16 0
52 47 0 58 48 0
37 9 0 41 10 0
28 57 0 31 58 0
30 46 0 37 47 0
25 5 0 28 6 0
3 46 0 9 47 0
50 6 0 54 7 0
45 4 0 55 5 0
10 19 1 11 24 1
0 17 1 1 25 1
10 45 1 11 48 1
17 18 1 18 25 1
25 31 1 26 40 1
34 4 1 35 14 1
28 36 1 29 45 1
33 3 1 34 10 1
32 41 1 33 48 1
48 26 1 49 33 1
52 17 1 53 21 1
23 5 1 24 9 1
39 11 1 40 16 1
13 21 1 14 24 1
58 18 1 59 23 1
40 36 1 41 44 1
17 5 1 18 15 1
30 19 1 31 27 1
12 40 1 13 50 1
57 9 1 58 18 1
21 48 1 22 56 1
3 50 1 4 58 1
28 6 1 29 16 1
50 8 1 51 17 1
4 52 2 10 53 2
11 45 2 16 46 2
24 42 2 34 43 2
9 6 2 13 7 2
41 58 2 45 59 2
38 37 2 41 38 2
52 1 2 56 2 2
41 54 2 50 55 2
50 42 2 57 43 2
3 8 2 10 9 2
26 28 2 30 29 2
1 40 2 9 41 2
1 15 2 11 16 2
53 54 2 58 55 2
5 29 2 15 30 2
48 41 2 54 42 2
17 19 2 20 20 2
9 2 2 19 3 2
17 35 2 24 36 2
48 48 2 52 49 2
53 14 2 58 15 2
45 23 2 50 24 2
51 16 2 56 17 2
14 31 2 21 32 2
16 33 3 17 37 3
15 34 3 16 37 3
54 31 3 55 37 3
37 2 3 38 7 3
35 35 3 36 40 3
5 41 3 6 46 3
0 11 3 1 20 3
39 0 3 40 9 3
31 14 3 32 23 3
1 29 3 2 35 3
13 29 3 14 38 3
40 16 3 41 24 3
49 25 3 50 28 3
3 17 3 4 22 3
54 48 3 55 53 3
41 40 3 42 47 3
39 20 3 40 27 3
33 20 3 34 28 3
7 25 3 8 29 3
13 11 3 14 17 3
6 0 3 7 9 3
12 18 3 13 24 3
42 15 3 43 22 3
0 33 3 1 40 3
38 42 4 41 43 4
11 23 4 20 24 4
14 32 4 20 33 4
18 11 4 28 12 4
29 9 4 36 10 4
14 53 4 22 54 4
24 49 4 31 50 4
14 19 4 22 20 4
44 17 4 47 18 4
31 45 4 38 46 4
47 55 4 56 56 4
25 28 4 34 29 4
33 46 4 38 47 4
5 7 4 12 8 4
0 22 4 8 23 4
26 46 4 33 47 4
21 2 4 28 3 4
14 52 4 23 53 4
13 27 4 20 28 4
44 56 4 54 57 4
27 3 4 34 4 4
1 17 4 8 18 4
54 57 4 57 58 4
43 2 4 49 3 4
26 17 5 27 27 5
38 21 5 39 24 5
40 33 5 41 41 5
37 47 5 38 51 5
47 27 5 48 32 5
9 42 5 10 45 5
20 37 5 21 47 5
42 4 5 43 7 5
5 3 5 6 10 5
42 28 5 43 36 5
53 40 5 54 48 5
9 14 5 10 23 5
52 18 5 53 22 5
35 16 5 36 25 5
11 25 5 12 32 5
15 46 5 16 56 5
46 2 5 47 12 5
18 18 5 19 22 5
11 17 5 12 25 5
45 22 5 46 30 5
32 45 5 33 50 5
41 53 5 42 57 5
24 53 5 25 57 5
25 15 5 26 24 5
Net_num 162
Net_id 0
pin_num 5
27 33 0
20 40 0
24 53 0
3 40 0
13 46 0
Net_id 1
pin_num 5
8 50 0
14 59 0
16 55 0
8 59 0
28 55 0
Net_id 2
pin_num 5
53 17 0
37 17 0
38 0 0
58 10 0
38 30 0
Net_id 3
pin_num 5
18 59 0
13 56 0
0 58 0
7 39 0
1 59 0
Net_id 4
pin_num 5
18 5 0
11 0 0
0 5 0
20 1 0
11 19 0
Net_id 5
pin_num 5
25 11 0
30 11 0
6 11 0
27 0 0
33 0 0
Net_id 6
pin_num 5
47 33 0
55 33 0
54 24 0
53 23 0
49 26 0
Net_id 7
pin_num 5
53 13 0
56 3 0
59 6 0
32 6 0
56 27 0
Net_id 8
pin_num 5
31 18 0
23 18 0
24 27 0
33 23 0
12 12 0
Net_id 9
pin_num 5
24 57 0
10 57 0
23 49 0
26 50 0
17 59 0
Net_id 10
pin_num 5
39 30 0
46 22 0
22 25 0
28 22 0
21 25 0
Net_id 11
pin_num 5
33 11 0
45 10 0
40 27 0
57 21 0
40 33 0
Net_id 12
pin_num 5
15 13 0
20 13 0
12 0 0
28 1 0
22 0 0
Net_id 13
pin_num 5
30 36 0
30 44 0
53 36 0
36 17 0
41 26 0
Net_id 14
pin_num 5
24 24 0
7 21 0
20 4 0
16 20 0
5 16 0
Net_id 15
pin_num 5
56 43 0
58 41 0
58 49 0
58 29 0
49 48 0
Net_id 16
pin_num 5
31 59 0
16 54 0
11 55 0
16 59 0
33 57 0
Net_id 17
pin_num 5
7 51 0
1 56 0
0 40 0
13 54 0
20 51 0
Net_id 18
pin_num 5
11 26 0
14 23 0
6 23 0
8 39 0
33 39 0
Net_id 19
pin_num 5
11 3 0
29 3 0
19 1 0
14 1 0
1 0 0
Net_id 20
pin_num 5
5 8 0
1 24 0
9 22 0
5 6 0
4 6 0
Net_id 21
pin_num 4
30 7 0
41 10 0
30 10 0
11 10 0
Net_id 22
pin_num 4
30 24 0
24 29 0
49 16 0
26 30 0
Net_id 23
pin_num 4
6 16 0
1 19 0
1 5 0
8 13 0
Net_id 24
pin_num 4
41 8 0
49 9 0
44 0 0
59 9 0
Net_id 25
pin_num 4
53 40 0
46 33 0
23 33 0
27 47 0
Net_id 26
pin_num 4
56 40 0
51 42 0
52 57 0
46 43 0
Net_id 27
pin_num 4
55 12 0
52 9 0
59 26 0
55 24 0
Net_id 28
pin_num 4
26 52 0
16 52 0
0 57 0
22 58 0
Net_id 29
pin_num 4
14 12 0
13 7 0
5 7 0
32 12 0
Net_id 30
pin_num 4
48 37 0
59 36 0
51 56 0
43 41 0
Net_id 31
pin_num 4
46 49 0
41 39 0
47 27 0
53 44 0
Net_id 32
pin_num 4
21 42 0
31 53 0
50 39 0
14 49 0
Net_id 33
pin_num 4
47 37 0
36 34 0
47 31 0
26 43 0
Net_id 34
pin_num 4
12 18 0
3 7 0
0 16 0
5 24 0
Net_id 35
pin_num 4
56 8 0
51 8 0
32 8 0
36 29 0
Net_id 36
pin_num 4
34 0 0
41 9 0
59 4 0
30 0 0
Net_id 37
pin_num 4
50 55 0
43 55 0
59 56 0
39 59 0
Net_id 38
pin_num 4
41 52 0
30 48 0
46 48 0
40 53 0
Net_id 39
pin_num 4
48 19 0
37 15 0
36 12 0
14 15 0
Net_id 40
pin_num 4
45 43 0
30 52 0
29 48 0
45 26 0
Net_id 41
pin_num 3
44 31 0
51 34 0
50 3 0
Net_id 42
pin_num 3
43 56 0
58 52 0
50 45 0
Net_id 43
pin_num 3
57 34 0
51 27 0
59 44 0
Net_id 44
pin_num 3
18 6 0
12 6 0
6 15 0
Net_id 45
pin_num 3
10 4 0
5 2 0
12 4 0
Net_id 46
pin_num 3
10 53 0
21 53 0
32 53 0
Net_id 47
pin_num 3
50 30 0
58 16 0
56 2 0
Net_id 48
pin_num 3
42 33 0
46 14 0
35 12 0
Net_id 49
pin_num 3
48 57 0
54 56 0
49 45 0
Net_id 50
pin_num 3
49 1 0
41 4 0
25 19 0
Net_id 51
pin_num 3
20 17 0
4 7 0
18 35 0
Net_id 52
pin_num 3
14 32 0
20 50 0
11 56 0
Net_id 53
pin_num 3
29 52 0
25 58 0
23 41 0
Net_id 54
pin_num 3
47 58 0
36 56 0
57 45 0
Net_id 55
pin_num 3
58 11 0
43 13 0
44 47 0
Net_id 56
pin_num 3
28 35 0
22 56 0
19 47 0
Net_id 57
pin_num 3
0 10 0
9 14 0
4 20 0
Net_id 58
pin_num 3
40 38 0
47 38 0
37 47 0
Net_id 59
pin_num 3
2 27 0
4 25 0
26 16 0
Net_id 60
pin_num 3
5 17 0
5 0 0
2 5 0
Net_id 61
pin_num 3
32 58 0
25 53 0
53 57 0
Net_id 62
pin_num 3
12 13 0
0 8 0
2 26 0
Net_id 63
pin_num 3
4 49 0
1 21 0
6 39 0
Net_id 64
pin_num 3
11 45 0
1 36 0
2 55 0
Net_id 65
pin_num 3
51 25 0
59 24 0
13 15 0
Net_id 66
pin_num 3
5 13 0
1 20 0
4 0 0
Net_id 67
pin_num 3
23 50 0
25 45 0
29 21 0
Net_id 68
pin_num 3
37 30 0
41 21 0
54 23 0
Net_id 69
pin_num 3
16 8 0
6 0 0
7 3 0
Net_id 70
pin_num 3
42 44 0
32 44 0
36 39 0
Net_id 71
pin_num 3
7 49 0
2 34 0
31 40 0
Net_id 72
pin_num 3
1 41 0
13 26 0
6 19 0
Net_id 73
pin_num 3
20 58 0
16 44 0
29 56 0
Net_id 74
pin_num 3
10 42 0
31 38 0
27 39 0
Net_id 75
pin_num 3
4 23 0
3 38 0
10 16 0
Net_id 76
pin_num 3
15 7 0
31 2 0
17 2 0
Net_id 77
pin_num 3
57 39 0
52 35 0
32 35 0
Net_id 78
pin_num 3
5 31 0
11 31 0
15 44 0
Net_id 79
pin_num 3
46 29 0
47 25 0
54 0 0
Net_id 80
pin_num 3
30 27 0
34 3 0
50 1 0
Net_id 81
pin_num 3
16 22 0
10 14 0
16 4 0
Net_id 82
pin_num 2
7 29 0
10 32 0
Net_id 83
pin_num 2
23 44 0
18 46 0
Net_id 84
pin_num 2
15 54 0
5 28 0
Net_id 85
pin_num 2
13 21 0
29 14 0
Net_id 86
pin_num 2
54 15 0
43 28 0
Net_id 87
pin_num 2
46 8 0
51 11 0
Net_id 88
pin_num 2
33 33 0
40 45 0
Net_id 89
pin_num 2
32 51 0
43 57 0
Net_id 90
pin_num 2
27 48 0
26 34 0
Net_id 91
pin_num 2
25 51 0
34 47 0
Net_id 92
pin_num 2
4 28 0
10 41 0
Net_id 93
pin_num 2
48 0 0
57 22 0
Net_id 94
pin_num 2
14 22 0
15 9 0
Net_id 95
pin_num 2
18 49 0
19 45 0
Net_id 96
pin_num 2
3 3 0
19 8 0
Net_id 97
pin_num 2
35 41 0
34 45 0
Net_id 98
pin_num 2
20 35 0
34 50 0
Net_id 99
pin_num 2
46 20 0
59 54 0
Net_id 100
pin_num 2
49 20 0
55 26 0
Net_id 101
pin_num 2
29 43 0
42 52 0
Net_id 102
pin_num 2
55 41 0
47 57 0
Net_id 103
pin_num 2
7 43 0
15 56 0
Net_id 104
pin_num 2
13 31 0
22 14 0
Net_id 105
pin_num 2
29 6 0
31 5 0
Net_id 106
pin_num 2
46 35 0
22 53 0
Net_id 107
pin_num 2
51 12 0
44 14 0
Net_id 108
pin_num 2
22 54 0
17 51 0
Net_id 109
pin_num 2
42 55 0
44 57 0
Net_id 110
pin_num 2
38 56 0
39 55 0
Net_id 111
pin_num 2
42 32 0
57 26 0
Net_id 112
pin_num 2
8 44 0
5 25 0
Net_id 113
pin_num 2
37 53 0
28 53 0
Net_id 114
pin_num 2
32 57 0
33 47 0
Net_id 115
pin_num 2
46 53 0
48 59 0
Net_id 116
pin_num 2
10 2 0
7 5 0
Net_id 117
pin_num 2
20 5 0
35 14 0
Net_id 118
pin_num 2
23 27 0
15 26 0
Net_id 119
pin_num 2
16 43 0
11 43 0
Net_id 120
pin_num 2
31 25 0
58 12 0
Net_id 121
pin_num 2
3 50 0
17 47 0
Net_id 122
pin_num 2
40 2 0
23 4 0
Net_id 123
pin_num 2
38 18 0
49 19 0
Net_id 124
pin_num 2
50 52 0
55 52 0
Net_id 125
pin_num 2
22 30 0
32 21 0
Net_id 126
pin_num 2
58 27 0
41 47 0
Net_id 127
pin_num 2
36 30 0
25 20 0
Net_id 128
pin_num 2
8 56 0
5 59 0
Net_id 129
pin_num 2
5 32 0
14 13 0
Net_id 130
pin_num 2
16 33 0
13 37 0
Net_id 131
pin_num 2
44 53 0
40 56 0
Net_id 132
pin_num 2
58 38 0
49 39 0
Net_id 133
pin_num 2
21 1 0
31 9 0
Net_id 134
pin_num 2
16 9 0
30 29 0
Net_id 135
pin_num 2
32 5 0
37 5 0
Net_id 136
pin_num 2
48 38 0
59 40 0
Net_id 137
pin_num 2
13 0 0
18 14 0
Net_id 138
pin_num 2
38 32 0
39 35 0
Net_id 139
pin_num 2
57 57 0
48 25 0
Net_id 140
pin_num 2
34 38 0
46 51 0
Net_id 141
pin_num 2
36 51 0
19 42 0
Net_id 142
pin_num 2
15 36 0
34 39 0
Net_id 143
pin_num 2
59 53 0
43 34 0
Net_id 144
pin_num 2
10 34 0
23 14 0
Net_id 145
pin_num 2
49 28 0
43 30 0
Net_id 146
pin_num 2
33 8 0
41 3 0
Net_id 147
pin_num 2
52 28 0
59 27 0
Net_id 148
pin_num 2
24 44 0
29 53 0
Net_id 149
pin_num 2
45 40 0
49 22 0
Net_id 150
pin_num 2
2 53 0
1 57 0
Net_id 151
pin_num 2
27 6 0
21 8 0
Net_id 152
pin_num 2
48 2 0
51 14 0
Net_id 153
pin_num 2
7 14 0
11 27 0
Net_id 154
pin_num 2
42 9 0
35 17 0
Net_id 155
pin_num 2
43 50 0
39 49 0
Net_id 156
pin_num 2
25 29 0
42 14 0
Net_id 157
pin_num 2
6 38 0
4 57 0
Net_id 158
pin_num 2
21 58 0
6 54 0
Net_id 159
pin_num 2
16 35 0
10 33 0
Net_id 160
pin_num 2
59 0 0
55 1 0
Net_id 161
pin_num 2
18 41 0
14 41 0
