Width 60
Height 60
Layer 6
Total_WL 6844
Obstacle_num 144
28 8 0 37 9 0
35 25 0 44 26 0
6 20 0 9 21 0
11 0 0 16 1 0
41 32 0 48 33 0
50 12 0 59 13 0
26 57 0 31 58 0
44 55 0 48 56 0
45 26 0 52 27 0
32 3 0 39 4 0
36 1 0 41 2 0
52 37 0 56 38 0
23 36 0 30 37 0
4 55 0 14 56 0
37 13 0 46 14 0
29 15 0 35 16 0
33 0 0 41 1 0
1 45 0 9 46 0
38 27 0 45 28 0
6 54 0 10 55 0
21 58 0 28 59 0
30 58 0 36 59 0
39 20 0 47 21 0
41 41 0 48 42 0
43 19 1 44 24 1
21 15 1 22 23 1
39 4 1 40 8 1
39 15 1 40 21 1
16 35 1 17 43 1
58 6 1 59 15 1
15 24 1 16 34 1
21 25 1 22 28 1
48 36 1 49 42 1
57 26 1 58 34 1
4 31 1 5 34 1
36 16 1 37 21 1
3 20 1 4 26 1
46 5 1 47 13 1
19 45 1 20 54 1
1 28 1 2 34 1
37 25 1 38 29 1
46 40 1 47 49 1
13 47 1 14 53 1
20 47 1 21 52 1
25 40 1 26 49 1
15 11 1 16 21 1
24 14 1 25 19 1
30 49 1 31 56 1
11 22 2 20 23 2
27 24 2 33 25 2
36 8 2 44 9 2
37 7 2 44 8 2
24 0 2 30 1 2
17 32 2 20 33 2
11 45 2 14 46 2
51 40 2 54 41 2
40 54 2 50 55 2
25 42 2 31 43 2
14 48 2 19 49 2
45 53 2 52 54 2
16 3 2 22 4 2
16 50 2 21 51 2
42 1 2 50 2 2
1 29 2 5 30 2
0 14 2 10 15 2
46 42 2 49 43 2
34 42 2 40 43 2
44 27 2 47 28 2
21 58 2 25 59 2
44 2 2 54 3 2
52 38 2 58 39 2
6 31 2 9 32 2
13 34 3 14 44 3
45 45 3 46 53 3
20 41 3 21 49 3
29 2 3 30 10 3
17 15 3 18 21 3
37 49 3 38 56 3
22 38 3 23 44 3
5 4 3 6 12 3
26 46 3 27 52 3
56 35 3 57 42 3
3 46 3 4 51 3
9 47 3 10 50 3
50 11 3 51 20 3
17 40 3 18 47 3
38 41 3 39 49 3
2 21 3 3 29 3
50 47 3 51 51 3
51 50 3 52 59 3
44 32 3 45 37 3
24 36 3 25 46 3
56 1 3 57 11 3
47 43 3 48 49 3
51 23 3 52 27 3
21 25 3 22 31 3
32 41 4 36 42 4
22 38 4 25 39 4
47 28 4 53 29 4
45 58 4 52 59 4
13 33 4 21 34 4
20 34 4 26 35 4
34 51 4 39 52 4
25 4 4 32 5 4
33 13 4 38 14 4
34 2 4 40 3 4
2 25 4 6 26 4
18 5 4 24 6 4
51 22 4 55 23 4
43 41 4 47 42 4
3 50 4 8 51 4
13 15 4 18 16 4
43 21 4 49 22 4
20 3 4 26 4 4
51 36 4 59 37 4
29 52 4 35 53 4
3 21 4 8 22 4
50 29 4 58 30 4
19 12 4 27 13 4
41 28 4 46 29 4
18 23 5 19 29 5
0 17 5 1 21 5
9 3 5 10 8 5
10 53 5 11 56 5
1 0 5 2 5 5
50 38 5 51 44 5
54 0 5 55 7 5
30 36 5 31 46 5
18 55 5 19 59 5
52 0 5 53 9 5
26 12 5 27 18 5
38 48 5 39 57 5
19 6 5 20 16 5
20 28 5 21 32 5
39 21 5 40 31 5
15 52 5 16 57 5
1 19 5 2 29 5
46 16 5 47 22 5
50 0 5 51 7 5
24 20 5 25 30 5
27 26 5 28 33 5
6 21 5 7 31 5
49 33 5 50 42 5
35 11 5 36 17 5
Net_num 165
Net_id 0
pin_num 5
44 54 0
37 58 0
30 59 0
36 45 0
51 59 0
Net_id 1
pin_num 5
23 21 0
31 21 0
29 13 0
40 18 0
11 18 0
Net_id 2
pin_num 5
7 14 0
14 26 0
4 21 0
8 49 0
14 38 0
Net_id 3
pin_num 5
29 9 0
28 10 0
43 10 0
41 0 0
55 3 0
Net_id 4
pin_num 5
50 21 0
54 21 0
51 44 0
41 34 0
39 37 0
Net_id 5
pin_num 5
19 56 0
27 53 0
11 53 0
32 53 0
18 47 0
Net_id 6
pin_num 5
22 40 0
18 31 0
0 34 0
32 34 0
4 26 0
Net_id 7
pin_num 5
39 41 0
29 35 0
36 21 0
33 55 0
17 49 0
Net_id 8
pin_num 5
11 39 0
3 40 0
2 34 0
18 34 0
0 58 0
Net_id 9
pin_num 5
47 8 0
54 0 0
37 8 0
59 7 0
37 15 0
Net_id 10
pin_num 5
20 53 0
25 59 0
24 56 0
24 54 0
3 55 0
Net_id 11
pin_num 5
45 40 0
29 40 0
31 29 0
24 39 0
44 43 0
Net_id 12
pin_num 5
35 16 0
28 15 0
28 16 0
19 15 0
26 3 0
Net_id 13
pin_num 5
29 27 0
24 27 0
27 40 0
5 35 0
17 35 0
Net_id 14
pin_num 5
38 6 0
51 5 0
59 4 0
55 6 0
52 11 0
Net_id 15
pin_num 5
12 30 0
2 21 0
6 52 0
11 26 0
5 9 0
Net_id 16
pin_num 5
42 50 0
21 48 0
59 50 0
56 33 0
39 59 0
Net_id 17
pin_num 5
51 19 0
40 34 0
28 32 0
32 20 0
53 34 0
Net_id 18
pin_num 5
24 1 0
43 0 0
41 22 0
52 19 0
25 13 0
Net_id 19
pin_num 5
49 38 0
59 29 0
40 32 0
45 12 0
55 17 0
Net_id 20
pin_num 5
8 12 0
4 22 0
0 35 0
0 15 0
3 10 0
Net_id 21
pin_num 4
38 18 0
30 27 0
47 40 0
40 12 0
Net_id 22
pin_num 4
28 59 0
26 56 0
33 17 0
24 37 0
Net_id 23
pin_num 4
0 23 0
17 21 0
16 26 0
22 12 0
Net_id 24
pin_num 4
27 16 0
22 4 0
12 16 0
16 13 0
Net_id 25
pin_num 4
2 52 0
8 50 0
7 32 0
7 15 0
Net_id 26
pin_num 4
57 26 0
56 31 0
58 37 0
59 45 0
Net_id 27
pin_num 4
52 36 0
52 44 0
58 47 0
45 44 0
Net_id 28
pin_num 4
36 6 0
45 7 0
44 0 0
41 11 0
Net_id 29
pin_num 4
31 5 0
21 3 0
24 8 0
23 10 0
Net_id 30
pin_num 4
52 57 0
59 54 0
50 55 0
52 59 0
Net_id 31
pin_num 4
56 52 0
43 36 0
43 44 0
54 53 0
Net_id 32
pin_num 4
24 14 0
30 11 0
35 12 0
23 17 0
Net_id 33
pin_num 4
20 37 0
6 27 0
23 53 0
19 27 0
Net_id 34
pin_num 4
40 19 0
33 19 0
38 14 0
15 19 0
Net_id 35
pin_num 4
53 54 0
49 58 0
49 40 0
58 45 0
Net_id 36
pin_num 4
55 30 0
59 17 0
50 27 0
53 17 0
Net_id 37
pin_num 4
42 51 0
46 38 0
25 38 0
19 40 0
Net_id 38
pin_num 4
15 30 0
23 22 0
13 14 0
1 34 0
Net_id 39
pin_num 4
58 46 0
50 56 0
55 16 0
55 58 0
Net_id 40
pin_num 4
22 43 0
21 29 0
39 43 0
32 47 0
Net_id 41
pin_num 4
58 39 0
48 46 0
41 39 0
54 34 0
Net_id 42
pin_num 3
38 34 0
40 31 0
30 33 0
Net_id 43
pin_num 3
59 1 0
51 4 0
26 9 0
Net_id 44
pin_num 3
19 46 0
9 46 0
1 50 0
Net_id 45
pin_num 3
3 9 0
6 11 0
15 23 0
Net_id 46
pin_num 3
57 11 0
51 17 0
47 4 0
Net_id 47
pin_num 3
58 29 0
51 29 0
51 1 0
Net_id 48
pin_num 3
25 51 0
18 43 0
51 49 0
Net_id 49
pin_num 3
28 6 0
35 9 0
35 21 0
Net_id 50
pin_num 3
15 36 0
11 42 0
22 46 0
Net_id 51
pin_num 3
42 23 0
58 21 0
52 35 0
Net_id 52
pin_num 3
23 7 0
40 2 0
32 1 0
Net_id 53
pin_num 3
30 0 0
35 23 0
29 1 0
Net_id 54
pin_num 3
19 42 0
38 36 0
42 42 0
Net_id 55
pin_num 3
38 24 0
23 11 0
23 54 0
Net_id 56
pin_num 3
47 28 0
37 33 0
53 28 0
Net_id 57
pin_num 3
15 1 0
3 8 0
3 13 0
Net_id 58
pin_num 3
52 53 0
58 38 0
56 51 0
Net_id 59
pin_num 3
7 47 0
6 58 0
18 58 0
Net_id 60
pin_num 3
10 29 0
0 30 0
16 32 0
Net_id 61
pin_num 3
56 58 0
53 56 0
53 41 0
Net_id 62
pin_num 3
28 4 0
34 5 0
12 2 0
Net_id 63
pin_num 3
0 54 0
10 48 0
0 38 0
Net_id 64
pin_num 3
4 17 0
17 8 0
0 9 0
Net_id 65
pin_num 3
4 27 0
2 28 0
33 28 0
Net_id 66
pin_num 3
48 5 0
53 10 0
59 8 0
Net_id 67
pin_num 3
55 24 0
59 23 0
58 40 0
Net_id 68
pin_num 3
44 19 0
49 18 0
49 35 0
Net_id 69
pin_num 3
59 2 0
43 2 0
53 27 0
Net_id 70
pin_num 3
47 30 0
37 23 0
44 25 0
Net_id 71
pin_num 3
30 30 0
42 31 0
49 14 0
Net_id 72
pin_num 3
16 11 0
5 40 0
0 36 0
Net_id 73
pin_num 3
55 23 0
59 22 0
52 18 0
Net_id 74
pin_num 3
58 16 0
50 1 0
44 12 0
Net_id 75
pin_num 3
47 31 0
56 22 0
38 20 0
Net_id 76
pin_num 3
34 17 0
45 36 0
48 43 0
Net_id 77
pin_num 3
18 14 0
28 3 0
28 20 0
Net_id 78
pin_num 3
27 38 0
34 27 0
22 36 0
Net_id 79
pin_num 3
19 43 0
26 41 0
12 41 0
Net_id 80
pin_num 3
10 31 0
3 31 0
1 22 0
Net_id 81
pin_num 3
55 41 0
50 57 0
41 52 0
Net_id 82
pin_num 3
18 41 0
1 21 0
1 42 0
Net_id 83
pin_num 2
48 55 0
55 52 0
Net_id 84
pin_num 2
11 45 0
9 16 0
Net_id 85
pin_num 2
19 53 0
7 56 0
Net_id 86
pin_num 2
43 33 0
30 35 0
Net_id 87
pin_num 2
34 1 0
35 4 0
Net_id 88
pin_num 2
26 35 0
18 32 0
Net_id 89
pin_num 2
0 51 0
22 51 0
Net_id 90
pin_num 2
17 43 0
3 44 0
Net_id 91
pin_num 2
47 49 0
34 34 0
Net_id 92
pin_num 2
39 9 0
30 29 0
Net_id 93
pin_num 2
17 56 0
32 46 0
Net_id 94
pin_num 2
41 9 0
22 1 0
Net_id 95
pin_num 2
7 22 0
14 4 0
Net_id 96
pin_num 2
20 46 0
26 33 0
Net_id 97
pin_num 2
31 38 0
37 38 0
Net_id 98
pin_num 2
52 49 0
47 51 0
Net_id 99
pin_num 2
51 36 0
43 26 0
Net_id 100
pin_num 2
14 52 0
32 36 0
Net_id 101
pin_num 2
58 4 0
52 0 0
Net_id 102
pin_num 2
15 55 0
26 40 0
Net_id 103
pin_num 2
36 42 0
17 47 0
Net_id 104
pin_num 2
22 14 0
4 5 0
Net_id 105
pin_num 2
54 48 0
51 54 0
Net_id 106
pin_num 2
26 29 0
9 15 0
Net_id 107
pin_num 2
30 17 0
18 42 0
Net_id 108
pin_num 2
11 16 0
7 0 0
Net_id 109
pin_num 2
23 44 0
5 38 0
Net_id 110
pin_num 2
1 20 0
15 9 0
Net_id 111
pin_num 2
16 0 0
42 22 0
Net_id 112
pin_num 2
12 26 0
16 52 0
Net_id 113
pin_num 2
21 36 0
10 38 0
Net_id 114
pin_num 2
48 15 0
53 16 0
Net_id 115
pin_num 2
21 26 0
29 26 0
Net_id 116
pin_num 2
10 27 0
16 17 0
Net_id 117
pin_num 2
33 25 0
20 10 0
Net_id 118
pin_num 2
20 13 0
12 20 0
Net_id 119
pin_num 2
25 48 0
46 51 0
Net_id 120
pin_num 2
21 12 0
25 22 0
Net_id 121
pin_num 2
7 50 0
2 30 0
Net_id 122
pin_num 2
38 32 0
26 38 0
Net_id 123
pin_num 2
52 16 0
48 17 0
Net_id 124
pin_num 2
2 5 0
10 26 0
Net_id 125
pin_num 2
9 17 0
17 20 0
Net_id 126
pin_num 2
9 5 0
9 9 0
Net_id 127
pin_num 2
37 47 0
55 51 0
Net_id 128
pin_num 2
19 9 0
34 14 0
Net_id 129
pin_num 2
40 56 0
27 44 0
Net_id 130
pin_num 2
42 45 0
50 46 0
Net_id 131
pin_num 2
46 31 0
58 17 0
Net_id 132
pin_num 2
34 26 0
30 26 0
Net_id 133
pin_num 2
24 55 0
20 58 0
Net_id 134
pin_num 2
32 21 0
39 26 0
Net_id 135
pin_num 2
37 55 0
48 51 0
Net_id 136
pin_num 2
10 32 0
12 35 0
Net_id 137
pin_num 2
33 2 0
43 14 0
Net_id 138
pin_num 2
39 44 0
46 35 0
Net_id 139
pin_num 2
1 2 0
1 0 0
Net_id 140
pin_num 2
3 38 0
0 59 0
Net_id 141
pin_num 2
51 45 0
51 57 0
Net_id 142
pin_num 2
45 1 0
45 4 0
Net_id 143
pin_num 2
43 42 0
57 42 0
Net_id 144
pin_num 2
11 14 0
12 9 0
Net_id 145
pin_num 2
46 37 0
34 31 0
Net_id 146
pin_num 2
41 30 0
34 20 0
Net_id 147
pin_num 2
18 0 0
32 9 0
Net_id 148
pin_num 2
9 25 0
14 3 0
Net_id 149
pin_num 2
58 6 0
53 9 0
Net_id 150
pin_num 2
22 8 0
17 9 0
Net_id 151
pin_num 2
58 42 0
48 47 0
Net_id 152
pin_num 2
10 21 0
22 6 0
Net_id 153
pin_num 2
4 37 0
10 37 0
Net_id 154
pin_num 2
36 13 0
27 3 0
Net_id 155
pin_num 2
17 54 0
26 52 0
Net_id 156
pin_num 2
51 40 0
41 45 0
Net_id 157
pin_num 2
45 17 0
50 30 0
Net_id 158
pin_num 2
36 56 0
18 59 0
Net_id 159
pin_num 2
50 11 0
35 5 0
Net_id 160
pin_num 2
53 47 0
48 48 0
Net_id 161
pin_num 2
54 14 0
49 13 0
Net_id 162
pin_num 2
2 13 0
1 15 0
Net_id 163
pin_num 2
41 42 0
37 48 0
Net_id 164
pin_num 2
58 18 0
50 33 0
