Width 60
Height 60
Layer 6
Total_WL 6783
Obstacle_num 144
48 1 0 52 2 0
14 22 0 22 23 0
23 17 0 27 18 0
8 37 0 15 38 0
6 45 0 14 46 0
25 26 0 35 27 0
43 13 0 47 14 0
28 38 0 31 39 0
48 33 0 52 34 0
26 9 0 31 10 0
9 43 0 17 44 0
8 35 0 14 36 0
34 54 0 37 55 0
11 25 0 19 26 0
38 46 0 41 47 0
5 54 0 13 55 0
49 6 0 55 7 0
28 28 0 35 29 0
36 10 0 42 11 0
55 32 0 59 33 0
0 37 0 8 38 0
30 51 0 34 52 0
10 6 0 13 7 0
17 33 0 27 34 0
41 31 1 42 34 1
47 48 1 48 56 1
4 50 1 5 56 1
17 18 1 18 23 1
51 11 1 52 17 1
24 36 1 25 41 1
3 49 1 4 52 1
19 10 1 20 19 1
26 32 1 27 42 1
3 15 1 4 19 1
4 37 1 5 43 1
39 4 1 40 14 1
45 41 1 46 44 1
52 41 1 53 51 1
58 46 1 59 49 1
6 5 1 7 8 1
35 29 1 36 39 1
31 11 1 32 20 1
9 15 1 10 20 1
16 7 1 17 13 1
48 33 1 49 43 1
18 37 1 19 41 1
30 2 1 31 6 1
39 22 1 40 26 1
44 5 2 48 6 2
35 34 2 38 35 2
33 55 2 37 56 2
24 20 2 31 21 2
39 31 2 49 32 2
30 42 2 39 43 2
10 34 2 13 35 2
40 14 2 46 15 2
27 36 2 33 37 2
20 23 2 23 24 2
20 11 2 24 12 2
25 49 2 31 50 2
19 18 2 23 19 2
11 53 2 20 54 2
49 57 2 55 58 2
26 25 2 33 26 2
27 23 2 36 24 2
9 21 2 16 22 2
40 15 2 48 16 2
20 57 2 26 58 2
36 50 2 44 51 2
3 11 2 12 12 2
36 58 2 45 59 2
43 0 2 48 1 2
15 26 3 16 30 3
25 53 3 26 58 3
32 12 3 33 21 3
49 10 3 50 20 3
51 48 3 52 53 3
18 18 3 19 23 3
34 2 3 35 7 3
8 10 3 9 20 3
3 34 3 4 41 3
28 15 3 29 19 3
29 26 3 30 31 3
3 19 3 4 23 3
15 45 3 16 55 3
33 36 3 34 39 3
52 15 3 53 22 3
42 4 3 43 11 3
38 38 3 39 44 3
12 27 3 13 37 3
57 30 3 58 34 3
48 55 3 49 59 3
35 6 3 36 10 3
13 22 3 14 27 3
17 3 3 18 7 3
48 25 3 49 29 3
7 7 4 10 8 4
43 54 4 52 55 4
7 38 4 11 39 4
8 36 4 12 37 4
42 47 4 45 48 4
34 35 4 44 36 4
41 45 4 46 46 4
11 6 4 18 7 4
17 57 4 21 58 4
30 18 4 40 19 4
1 53 4 4 54 4
35 10 4 43 11 4
41 48 4 49 49 4
47 50 4 55 51 4
32 17 4 39 18 4
17 30 4 27 31 4
6 15 4 16 16 4
49 9 4 52 10 4
14 39 4 20 40 4
40 26 4 48 27 4
29 16 4 33 17 4
11 50 4 18 51 4
31 26 4 38 27 4
30 30 4 37 31 4
23 28 5 24 35 5
39 25 5 40 30 5
0 18 5 1 26 5
0 14 5 1 17 5
26 16 5 27 23 5
44 7 5 45 12 5
12 18 5 13 22 5
0 53 5 1 56 5
23 5 5 24 11 5
11 4 5 12 11 5
22 53 5 23 59 5
20 7 5 21 16 5
32 21 5 33 24 5
10 53 5 11 58 5
30 45 5 31 48 5
19 24 5 20 34 5
51 54 5 52 59 5
54 23 5 55 27 5
45 12 5 46 21 5
49 41 5 50 45 5
16 22 5 17 28 5
2 17 5 3 21 5
55 11 5 56 15 5
7 39 5 8 42 5
Net_num 158
Net_id 0
pin_num 5
59 49 0
40 49 0
55 59 0
41 59 0
56 59 0
Net_id 1
pin_num 5
24 56 0
17 56 0
13 56 0
17 50 0
21 42 0
Net_id 2
pin_num 5
23 57 0
16 55 0
35 59 0
20 35 0
40 56 0
Net_id 3
pin_num 5
30 59 0
29 54 0
20 59 0
48 54 0
36 43 0
Net_id 4
pin_num 5
0 57 0
11 53 0
19 52 0
3 59 0
19 34 0
Net_id 5
pin_num 5
9 1 0
5 1 0
22 0 0
22 11 0
42 1 0
Net_id 6
pin_num 5
9 12 0
17 8 0
0 4 0
22 7 0
10 31 0
Net_id 7
pin_num 5
7 25 0
11 28 0
8 29 0
17 28 0
25 27 0
Net_id 8
pin_num 5
24 29 0
21 26 0
16 41 0
17 37 0
39 29 0
Net_id 9
pin_num 5
22 24 0
23 22 0
44 22 0
27 18 0
38 5 0
Net_id 10
pin_num 5
17 5 0
21 2 0
21 1 0
3 0 0
15 13 0
Net_id 11
pin_num 5
17 26 0
28 24 0
23 6 0
35 26 0
18 10 0
Net_id 12
pin_num 5
5 6 0
5 14 0
11 16 0
0 32 0
3 30 0
Net_id 13
pin_num 5
57 50 0
52 50 0
53 58 0
46 51 0
56 55 0
Net_id 14
pin_num 5
39 24 0
42 30 0
29 30 0
18 36 0
28 45 0
Net_id 15
pin_num 5
38 14 0
35 16 0
26 16 0
49 16 0
43 23 0
Net_id 16
pin_num 5
27 5 0
38 0 0
37 2 0
33 18 0
48 3 0
Net_id 17
pin_num 5
58 41 0
50 37 0
54 54 0
54 16 0
59 36 0
Net_id 18
pin_num 5
50 29 0
41 38 0
27 38 0
37 39 0
32 21 0
Net_id 19
pin_num 5
26 47 0
37 47 0
24 58 0
59 35 0
28 53 0
Net_id 20
pin_num 4
45 2 0
31 0 0
59 11 0
54 3 0
Net_id 21
pin_num 4
49 58 0
45 59 0
58 55 0
42 55 0
Net_id 22
pin_num 4
34 7 0
37 17 0
42 10 0
55 9 0
Net_id 23
pin_num 4
39 21 0
28 18 0
39 19 0
31 37 0
Net_id 24
pin_num 4
48 10 0
36 2 0
53 0 0
56 9 0
Net_id 25
pin_num 4
5 50 0
15 50 0
0 58 0
15 57 0
Net_id 26
pin_num 4
13 48 0
36 56 0
1 48 0
12 56 0
Net_id 27
pin_num 4
47 17 0
56 17 0
50 36 0
51 24 0
Net_id 28
pin_num 4
26 35 0
45 38 0
22 30 0
22 47 0
Net_id 29
pin_num 4
13 20 0
31 20 0
0 20 0
12 0 0
Net_id 30
pin_num 4
24 18 0
27 27 0
23 37 0
4 19 0
Net_id 31
pin_num 4
33 45 0
49 54 0
40 58 0
47 42 0
Net_id 32
pin_num 4
41 57 0
32 57 0
30 58 0
24 45 0
Net_id 33
pin_num 4
52 55 0
41 46 0
52 33 0
50 45 0
Net_id 34
pin_num 4
39 33 0
32 45 0
36 50 0
24 41 0
Net_id 35
pin_num 4
9 28 0
4 43 0
8 59 0
34 56 0
Net_id 36
pin_num 4
23 36 0
18 58 0
28 39 0
29 40 0
Net_id 37
pin_num 4
44 30 0
41 36 0
59 31 0
59 1 0
Net_id 38
pin_num 4
8 13 0
3 4 0
14 14 0
21 14 0
Net_id 39
pin_num 4
20 12 0
25 13 0
36 12 0
34 27 0
Net_id 40
pin_num 3
41 52 0
58 44 0
46 46 0
Net_id 41
pin_num 3
54 48 0
43 47 0
58 53 0
Net_id 42
pin_num 3
40 12 0
32 17 0
38 23 0
Net_id 43
pin_num 3
47 33 0
47 26 0
42 31 0
Net_id 44
pin_num 3
35 10 0
25 21 0
18 4 0
Net_id 45
pin_num 3
53 5 0
55 5 0
59 25 0
Net_id 46
pin_num 3
46 18 0
48 13 0
33 25 0
Net_id 47
pin_num 3
20 17 0
28 0 0
0 1 0
Net_id 48
pin_num 3
16 21 0
14 16 0
30 21 0
Net_id 49
pin_num 3
5 21 0
1 15 0
2 40 0
Net_id 50
pin_num 3
32 49 0
42 56 0
38 37 0
Net_id 51
pin_num 3
27 36 0
37 48 0
41 42 0
Net_id 52
pin_num 3
44 3 0
48 12 0
53 14 0
Net_id 53
pin_num 3
59 30 0
57 26 0
58 6 0
Net_id 54
pin_num 3
51 11 0
57 23 0
48 21 0
Net_id 55
pin_num 3
57 53 0
48 32 0
55 33 0
Net_id 56
pin_num 3
20 52 0
44 50 0
51 56 0
Net_id 57
pin_num 3
44 24 0
43 28 0
57 12 0
Net_id 58
pin_num 3
8 48 0
1 39 0
15 30 0
Net_id 59
pin_num 3
58 39 0
42 37 0
38 30 0
Net_id 60
pin_num 3
47 54 0
40 55 0
57 57 0
Net_id 61
pin_num 3
36 20 0
40 4 0
9 14 0
Net_id 62
pin_num 3
10 33 0
19 25 0
41 27 0
Net_id 63
pin_num 3
25 5 0
46 17 0
53 28 0
Net_id 64
pin_num 3
2 58 0
9 40 0
18 54 0
Net_id 65
pin_num 3
20 49 0
9 49 0
23 58 0
Net_id 66
pin_num 3
18 9 0
40 5 0
16 1 0
Net_id 67
pin_num 3
8 32 0
8 42 0
8 55 0
Net_id 68
pin_num 3
14 24 0
8 23 0
8 6 0
Net_id 69
pin_num 3
45 1 0
41 8 0
52 4 0
Net_id 70
pin_num 3
38 17 0
52 24 0
24 21 0
Net_id 71
pin_num 3
3 42 0
4 46 0
5 58 0
Net_id 72
pin_num 3
51 45 0
58 51 0
44 51 0
Net_id 73
pin_num 3
59 9 0
53 4 0
43 11 0
Net_id 74
pin_num 3
51 10 0
36 23 0
36 9 0
Net_id 75
pin_num 3
0 28 0
19 23 0
7 24 0
Net_id 76
pin_num 3
56 15 0
41 0 0
19 3 0
Net_id 77
pin_num 3
51 25 0
55 16 0
48 19 0
Net_id 78
pin_num 2
51 27 0
53 34 0
Net_id 79
pin_num 2
9 22 0
4 18 0
Net_id 80
pin_num 2
10 52 0
5 52 0
Net_id 81
pin_num 2
0 50 0
3 58 0
Net_id 82
pin_num 2
54 41 0
46 34 0
Net_id 83
pin_num 2
43 20 0
34 11 0
Net_id 84
pin_num 2
33 46 0
40 23 0
Net_id 85
pin_num 2
2 53 0
14 58 0
Net_id 86
pin_num 2
41 31 0
34 41 0
Net_id 87
pin_num 2
22 44 0
18 43 0
Net_id 88
pin_num 2
23 30 0
27 29 0
Net_id 89
pin_num 2
20 18 0
16 18 0
Net_id 90
pin_num 2
7 6 0
2 11 0
Net_id 91
pin_num 2
53 32 0
52 23 0
Net_id 92
pin_num 2
16 6 0
11 4 0
Net_id 93
pin_num 2
25 47 0
14 55 0
Net_id 94
pin_num 2
23 8 0
4 15 0
Net_id 95
pin_num 2
24 9 0
35 28 0
Net_id 96
pin_num 2
50 13 0
56 13 0
Net_id 97
pin_num 2
56 47 0
46 30 0
Net_id 98
pin_num 2
47 20 0
41 7 0
Net_id 99
pin_num 2
8 34 0
33 27 0
Net_id 100
pin_num 2
5 29 0
1 41 0
Net_id 101
pin_num 2
47 32 0
17 17 0
Net_id 102
pin_num 2
27 54 0
26 49 0
Net_id 103
pin_num 2
42 57 0
50 57 0
Net_id 104
pin_num 2
40 30 0
44 25 0
Net_id 105
pin_num 2
50 58 0
57 51 0
Net_id 106
pin_num 2
48 41 0
57 55 0
Net_id 107
pin_num 2
33 55 0
37 55 0
Net_id 108
pin_num 2
30 23 0
9 38 0
Net_id 109
pin_num 2
2 35 0
20 25 0
Net_id 110
pin_num 2
15 44 0
5 44 0
Net_id 111
pin_num 2
36 41 0
52 22 0
Net_id 112
pin_num 2
27 0 0
22 25 0
Net_id 113
pin_num 2
56 20 0
43 12 0
Net_id 114
pin_num 2
35 31 0
40 21 0
Net_id 115
pin_num 2
30 56 0
34 34 0
Net_id 116
pin_num 2
51 40 0
58 31 0
Net_id 117
pin_num 2
54 20 0
49 15 0
Net_id 118
pin_num 2
35 40 0
43 44 0
Net_id 119
pin_num 2
32 32 0
58 38 0
Net_id 120
pin_num 2
44 11 0
50 12 0
Net_id 121
pin_num 2
26 58 0
22 46 0
Net_id 122
pin_num 2
55 12 0
56 1 0
Net_id 123
pin_num 2
44 26 0
52 3 0
Net_id 124
pin_num 2
39 7 0
24 25 0
Net_id 125
pin_num 2
16 36 0
2 33 0
Net_id 126
pin_num 2
4 12 0
18 2 0
Net_id 127
pin_num 2
31 11 0
45 27 0
Net_id 128
pin_num 2
2 49 0
7 31 0
Net_id 129
pin_num 2
15 5 0
9 39 0
Net_id 130
pin_num 2
49 21 0
58 29 0
Net_id 131
pin_num 2
43 42 0
49 30 0
Net_id 132
pin_num 2
5 3 0
12 8 0
Net_id 133
pin_num 2
29 37 0
34 10 0
Net_id 134
pin_num 2
21 32 0
24 42 0
Net_id 135
pin_num 2
24 55 0
3 55 0
Net_id 136
pin_num 2
30 14 0
11 17 0
Net_id 137
pin_num 2
40 39 0
26 56 0
Net_id 138
pin_num 2
17 1 0
20 2 0
Net_id 139
pin_num 2
10 21 0
11 27 0
Net_id 140
pin_num 2
0 34 0
36 28 0
Net_id 141
pin_num 2
7 30 0
24 43 0
Net_id 142
pin_num 2
56 42 0
56 37 0
Net_id 143
pin_num 2
52 29 0
43 33 0
Net_id 144
pin_num 2
0 2 0
16 4 0
Net_id 145
pin_num 2
54 7 0
52 10 0
Net_id 146
pin_num 2
2 12 0
6 43 0
Net_id 147
pin_num 2
7 29 0
17 31 0
Net_id 148
pin_num 2
44 8 0
53 3 0
Net_id 149
pin_num 2
24 40 0
9 36 0
Net_id 150
pin_num 2
2 14 0
0 3 0
Net_id 151
pin_num 2
27 24 0
16 13 0
Net_id 152
pin_num 2
29 4 0
6 18 0
Net_id 153
pin_num 2
37 6 0
16 5 0
Net_id 154
pin_num 2
59 44 0
50 43 0
Net_id 155
pin_num 2
3 40 0
17 58 0
Net_id 156
pin_num 2
33 23 0
39 47 0
Net_id 157
pin_num 2
5 15 0
7 14 0
