Width 60
Height 60
Layer 6
Total_WL 6734
Obstacle_num 144
45 11 0 51 12 0
26 57 0 35 58 0
37 46 0 42 47 0
14 12 0 24 13 0
7 30 0 12 31 0
14 38 0 22 39 0
1 5 0 9 6 0
6 51 0 16 52 0
49 42 0 58 43 0
50 7 0 55 8 0
27 9 0 36 10 0
35 11 0 44 12 0
34 41 0 44 42 0
33 37 0 41 38 0
26 35 0 36 36 0
37 28 0 47 29 0
0 31 0 5 32 0
24 13 0 30 14 0
46 54 0 51 55 0
21 14 0 25 15 0
30 52 0 37 53 0
43 51 0 50 52 0
39 33 0 45 34 0
24 49 0 31 50 0
12 21 1 13 29 1
50 41 1 51 44 1
40 29 1 41 34 1
26 28 1 27 38 1
35 16 1 36 19 1
40 17 1 41 24 1
19 16 1 20 24 1
30 42 1 31 50 1
34 40 1 35 44 1
57 27 1 58 34 1
22 26 1 23 29 1
54 34 1 55 42 1
51 4 1 52 10 1
56 54 1 57 57 1
27 18 1 28 26 1
12 8 1 13 15 1
43 14 1 44 19 1
51 11 1 52 17 1
57 47 1 58 56 1
11 42 1 12 50 1
58 42 1 59 48 1
20 38 1 21 44 1
2 8 1 3 14 1
4 23 1 5 29 1
19 13 2 26 14 2
43 43 2 49 44 2
31 20 2 39 21 2
40 26 2 46 27 2
16 43 2 26 44 2
39 18 2 48 19 2
3 12 2 13 13 2
21 17 2 24 18 2
4 35 2 11 36 2
37 23 2 46 24 2
41 30 2 46 31 2
3 34 2 12 35 2
27 14 2 35 15 2
29 28 2 35 29 2
37 0 2 47 1 2
39 24 2 49 25 2
9 9 2 17 10 2
44 29 2 48 30 2
7 21 2 11 22 2
18 49 2 22 50 2
46 20 2 51 21 2
6 57 2 11 58 2
39 7 2 46 8 2
41 25 2 47 26 2
35 25 3 36 29 3
9 18 3 10 22 3
28 18 3 29 26 3
54 23 3 55 26 3
41 45 3 42 53 3
56 34 3 57 43 3
39 1 3 40 7 3
30 32 3 31 41 3
14 7 3 15 16 3
6 13 3 7 16 3
0 52 3 1 58 3
57 44 3 58 49 3
24 39 3 25 46 3
21 0 3 22 4 3
31 6 3 32 13 3
46 47 3 47 51 3
43 42 3 44 52 3
34 17 3 35 22 3
47 19 3 48 25 3
16 7 3 17 17 3
17 22 3 18 26 3
18 11 3 19 14 3
42 12 3 43 21 3
32 39 3 33 42 3
54 32 4 57 33 4
22 27 4 26 28 4
50 30 4 59 31 4
14 6 4 21 7 4
10 39 4 16 40 4
1 19 4 6 20 4
43 34 4 51 35 4
53 52 4 58 53 4
47 50 4 54 51 4
6 4 4 12 5 4
3 42 4 10 43 4
22 48 4 31 49 4
9 16 4 15 17 4
10 24 4 14 25 4
1 56 4 6 57 4
18 21 4 28 22 4
9 58 4 17 59 4
53 7 4 56 8 4
19 36 4 23 37 4
49 2 4 54 3 4
40 54 4 44 55 4
16 24 4 19 25 4
17 40 4 27 41 4
40 40 4 48 41 4
41 5 5 42 14 5
46 4 5 47 11 5
21 38 5 22 41 5
19 48 5 20 57 5
53 24 5 54 33 5
24 12 5 25 21 5
55 49 5 56 56 5
8 25 5 9 35 5
14 30 5 15 37 5
35 32 5 36 40 5
49 33 5 50 38 5
4 21 5 5 26 5
19 23 5 20 32 5
47 15 5 48 21 5
18 29 5 19 36 5
2 18 5 3 23 5
42 36 5 43 44 5
37 0 5 38 5 5
15 49 5 16 58 5
1 20 5 2 29 5
47 28 5 48 31 5
0 44 5 1 47 5
1 15 5 2 20 5
51 41 5 52 49 5
Net_num 159
Net_id 0
pin_num 5
58 34 0
59 32 0
48 32 0
51 46 0
36 34 0
Net_id 1
pin_num 5
13 30 0
12 33 0
18 33 0
13 24 0
5 20 0
Net_id 2
pin_num 5
47 14 0
41 14 0
46 17 0
39 17 0
46 4 0
Net_id 3
pin_num 5
10 48 0
21 52 0
39 50 0
38 55 0
17 36 0
Net_id 4
pin_num 5
44 42 0
48 47 0
47 49 0
48 58 0
59 46 0
Net_id 5
pin_num 5
35 28 0
41 42 0
39 48 0
37 42 0
52 36 0
Net_id 6
pin_num 5
41 54 0
26 59 0
40 51 0
38 39 0
56 51 0
Net_id 7
pin_num 5
31 50 0
37 45 0
35 36 0
46 45 0
31 38 0
Net_id 8
pin_num 5
30 16 0
8 9 0
28 22 0
42 21 0
46 21 0
Net_id 9
pin_num 5
39 18 0
33 6 0
39 22 0
20 17 0
57 10 0
Net_id 10
pin_num 5
21 11 0
33 11 0
31 19 0
26 14 0
24 25 0
Net_id 11
pin_num 5
42 15 0
48 15 0
59 14 0
53 18 0
49 16 0
Net_id 12
pin_num 5
56 13 0
49 8 0
58 0 0
59 16 0
40 12 0
Net_id 13
pin_num 5
0 2 0
11 2 0
35 0 0
0 17 0
13 4 0
Net_id 14
pin_num 5
1 22 0
3 26 0
10 26 0
9 24 0
15 24 0
Net_id 15
pin_num 5
16 58 0
8 47 0
0 39 0
11 59 0
0 38 0
Net_id 16
pin_num 5
35 6 0
40 6 0
48 6 0
42 24 0
45 25 0
Net_id 17
pin_num 5
29 18 0
37 18 0
33 14 0
29 0 0
29 20 0
Net_id 18
pin_num 5
5 42 0
1 29 0
23 29 0
1 18 0
6 23 0
Net_id 19
pin_num 5
27 19 0
30 22 0
41 19 0
30 37 0
25 28 0
Net_id 20
pin_num 4
44 22 0
57 19 0
59 23 0
48 17 0
Net_id 21
pin_num 4
7 28 0
16 30 0
14 46 0
22 47 0
Net_id 22
pin_num 4
47 53 0
53 52 0
37 53 0
52 47 0
Net_id 23
pin_num 4
10 36 0
10 27 0
10 50 0
3 28 0
Net_id 24
pin_num 4
2 58 0
24 58 0
3 48 0
7 46 0
Net_id 25
pin_num 4
52 3 0
52 18 0
41 15 0
54 43 0
Net_id 26
pin_num 4
56 33 0
43 38 0
50 14 0
55 38 0
Net_id 27
pin_num 4
58 41 0
49 41 0
33 41 0
47 27 0
Net_id 28
pin_num 4
28 56 0
46 59 0
31 51 0
40 47 0
Net_id 29
pin_num 4
12 2 0
19 10 0
7 0 0
0 7 0
Net_id 30
pin_num 4
5 34 0
3 43 0
2 18 0
1 53 0
Net_id 31
pin_num 4
53 0 0
41 8 0
59 24 0
56 1 0
Net_id 32
pin_num 4
49 46 0
41 48 0
53 41 0
46 44 0
Net_id 33
pin_num 4
8 11 0
15 11 0
9 32 0
9 3 0
Net_id 34
pin_num 4
7 57 0
15 57 0
6 54 0
12 56 0
Net_id 35
pin_num 4
3 19 0
7 32 0
9 1 0
16 8 0
Net_id 36
pin_num 4
8 36 0
2 30 0
6 41 0
4 43 0
Net_id 37
pin_num 4
29 27 0
24 10 0
8 20 0
11 15 0
Net_id 38
pin_num 3
32 39 0
39 31 0
57 25 0
Net_id 39
pin_num 3
57 0 0
55 6 0
55 23 0
Net_id 40
pin_num 3
27 10 0
34 10 0
31 1 0
Net_id 41
pin_num 3
34 47 0
27 44 0
32 15 0
Net_id 42
pin_num 3
2 15 0
2 1 0
3 0 0
Net_id 43
pin_num 3
23 38 0
12 38 0
24 59 0
Net_id 44
pin_num 3
23 40 0
1 59 0
20 44 0
Net_id 45
pin_num 3
6 50 0
2 46 0
4 32 0
Net_id 46
pin_num 3
41 35 0
36 40 0
35 34 0
Net_id 47
pin_num 3
12 24 0
4 48 0
16 25 0
Net_id 48
pin_num 3
46 48 0
34 51 0
49 48 0
Net_id 49
pin_num 3
44 57 0
54 46 0
50 47 0
Net_id 50
pin_num 3
17 19 0
32 1 0
23 24 0
Net_id 51
pin_num 3
22 34 0
12 45 0
3 33 0
Net_id 52
pin_num 3
20 5 0
1 20 0
7 33 0
Net_id 53
pin_num 3
37 2 0
57 11 0
57 18 0
Net_id 54
pin_num 3
59 39 0
48 40 0
48 21 0
Net_id 55
pin_num 3
36 51 0
27 56 0
22 33 0
Net_id 56
pin_num 3
25 34 0
39 49 0
9 39 0
Net_id 57
pin_num 3
38 51 0
52 54 0
53 59 0
Net_id 58
pin_num 3
16 10 0
2 10 0
18 32 0
Net_id 59
pin_num 3
36 12 0
35 5 0
47 10 0
Net_id 60
pin_num 3
41 56 0
49 58 0
22 32 0
Net_id 61
pin_num 3
48 5 0
39 3 0
36 4 0
Net_id 62
pin_num 3
23 52 0
18 57 0
33 49 0
Net_id 63
pin_num 3
27 43 0
29 39 0
40 36 0
Net_id 64
pin_num 3
20 31 0
2 34 0
2 21 0
Net_id 65
pin_num 3
51 19 0
42 19 0
43 25 0
Net_id 66
pin_num 3
1 54 0
13 54 0
7 50 0
Net_id 67
pin_num 3
46 3 0
55 4 0
36 3 0
Net_id 68
pin_num 3
4 28 0
8 25 0
37 29 0
Net_id 69
pin_num 3
50 26 0
59 42 0
57 26 0
Net_id 70
pin_num 3
3 46 0
18 41 0
3 55 0
Net_id 71
pin_num 3
42 39 0
59 40 0
49 30 0
Net_id 72
pin_num 3
18 50 0
8 54 0
7 49 0
Net_id 73
pin_num 3
0 35 0
12 17 0
27 17 0
Net_id 74
pin_num 3
23 20 0
4 11 0
13 42 0
Net_id 75
pin_num 3
57 52 0
54 49 0
37 44 0
Net_id 76
pin_num 3
6 21 0
17 26 0
39 26 0
Net_id 77
pin_num 3
19 46 0
26 41 0
21 37 0
Net_id 78
pin_num 3
55 58 0
49 49 0
25 57 0
Net_id 79
pin_num 2
58 7 0
40 14 0
Net_id 80
pin_num 2
21 50 0
23 45 0
Net_id 81
pin_num 2
6 22 0
3 20 0
Net_id 82
pin_num 2
23 22 0
34 16 0
Net_id 83
pin_num 2
5 48 0
8 48 0
Net_id 84
pin_num 2
3 23 0
8 32 0
Net_id 85
pin_num 2
34 2 0
29 2 0
Net_id 86
pin_num 2
49 59 0
23 53 0
Net_id 87
pin_num 2
35 20 0
2 39 0
Net_id 88
pin_num 2
24 21 0
12 7 0
Net_id 89
pin_num 2
21 32 0
11 55 0
Net_id 90
pin_num 2
1 51 0
24 57 0
Net_id 91
pin_num 2
42 35 0
58 21 0
Net_id 92
pin_num 2
19 54 0
15 53 0
Net_id 93
pin_num 2
51 6 0
44 8 0
Net_id 94
pin_num 2
10 16 0
6 11 0
Net_id 95
pin_num 2
16 51 0
28 51 0
Net_id 96
pin_num 2
16 23 0
21 23 0
Net_id 97
pin_num 2
28 36 0
2 24 0
Net_id 98
pin_num 2
10 18 0
16 9 0
Net_id 99
pin_num 2
59 49 0
38 38 0
Net_id 100
pin_num 2
4 9 0
25 5 0
Net_id 101
pin_num 2
56 0 0
51 10 0
Net_id 102
pin_num 2
0 19 0
10 20 0
Net_id 103
pin_num 2
10 1 0
25 18 0
Net_id 104
pin_num 2
21 55 0
28 46 0
Net_id 105
pin_num 2
36 47 0
47 42 0
Net_id 106
pin_num 2
57 14 0
48 16 0
Net_id 107
pin_num 2
24 8 0
20 8 0
Net_id 108
pin_num 2
24 16 0
5 16 0
Net_id 109
pin_num 2
31 39 0
18 45 0
Net_id 110
pin_num 2
50 1 0
58 16 0
Net_id 111
pin_num 2
17 8 0
23 0 0
Net_id 112
pin_num 2
12 4 0
28 4 0
Net_id 113
pin_num 2
51 54 0
57 57 0
Net_id 114
pin_num 2
19 39 0
12 39 0
Net_id 115
pin_num 2
6 38 0
16 22 0
Net_id 116
pin_num 2
39 1 0
36 2 0
Net_id 117
pin_num 2
51 47 0
38 58 0
Net_id 118
pin_num 2
20 54 0
56 44 0
Net_id 119
pin_num 2
32 40 0
3 32 0
Net_id 120
pin_num 2
54 37 0
56 25 0
Net_id 121
pin_num 2
9 27 0
14 27 0
Net_id 122
pin_num 2
34 32 0
44 36 0
Net_id 123
pin_num 2
40 7 0
24 6 0
Net_id 124
pin_num 2
43 27 0
43 13 0
Net_id 125
pin_num 2
19 56 0
4 33 0
Net_id 126
pin_num 2
33 13 0
26 9 0
Net_id 127
pin_num 2
28 8 0
21 4 0
Net_id 128
pin_num 2
14 0 0
4 8 0
Net_id 129
pin_num 2
42 3 0
37 0 0
Net_id 130
pin_num 2
50 36 0
31 46 0
Net_id 131
pin_num 2
28 58 0
33 55 0
Net_id 132
pin_num 2
37 14 0
51 20 0
Net_id 133
pin_num 2
22 7 0
4 2 0
Net_id 134
pin_num 2
16 55 0
8 33 0
Net_id 135
pin_num 2
9 17 0
1 13 0
Net_id 136
pin_num 2
33 3 0
5 18 0
Net_id 137
pin_num 2
28 1 0
25 10 0
Net_id 138
pin_num 2
57 53 0
58 56 0
Net_id 139
pin_num 2
33 24 0
45 32 0
Net_id 140
pin_num 2
43 49 0
46 58 0
Net_id 141
pin_num 2
16 49 0
24 53 0
Net_id 142
pin_num 2
9 8 0
18 3 0
Net_id 143
pin_num 2
20 55 0
7 37 0
Net_id 144
pin_num 2
43 55 0
51 30 0
Net_id 145
pin_num 2
1 4 0
9 7 0
Net_id 146
pin_num 2
17 42 0
54 57 0
Net_id 147
pin_num 2
38 30 0
25 19 0
Net_id 148
pin_num 2
19 13 0
41 1 0
Net_id 149
pin_num 2
54 40 0
58 20 0
Net_id 150
pin_num 2
27 24 0
20 27 0
Net_id 151
pin_num 2
13 59 0
18 48 0
Net_id 152
pin_num 2
23 9 0
21 22 0
Net_id 153
pin_num 2
41 44 0
42 46 0
Net_id 154
pin_num 2
42 9 0
56 20 0
Net_id 155
pin_num 2
51 26 0
56 27 0
Net_id 156
pin_num 2
24 37 0
22 23 0
Net_id 157
pin_num 2
11 25 0
29 36 0
Net_id 158
pin_num 2
47 25 0
57 8 0
