Width 60
Height 60
Layer 6
Total_WL 6714
Obstacle_num 144
10 15 0 20 16 0
35 20 0 43 21 0
20 8 0 28 9 0
17 43 0 27 44 0
3 23 0 11 24 0
14 48 0 22 49 0
13 36 0 17 37 0
50 6 0 54 7 0
24 44 0 33 45 0
3 53 0 7 54 0
28 37 0 33 38 0
46 39 0 55 40 0
0 5 0 5 6 0
37 26 0 46 27 0
42 28 0 47 29 0
28 17 0 36 18 0
43 47 0 46 48 0
3 45 0 11 46 0
31 58 0 35 59 0
38 21 0 46 22 0
24 28 0 29 29 0
43 58 0 46 59 0
51 20 0 54 21 0
19 58 0 29 59 0
22 42 1 23 50 1
33 25 1 34 29 1
3 39 1 4 47 1
52 43 1 53 48 1
6 13 1 7 19 1
20 49 1 21 57 1
5 8 1 6 11 1
0 1 1 1 5 1
18 35 1 19 38 1
11 41 1 12 49 1
27 25 1 28 30 1
50 40 1 51 46 1
22 34 1 23 39 1
13 55 1 14 59 1
43 13 1 44 22 1
20 5 1 21 15 1
19 44 1 20 53 1
1 32 1 2 40 1
17 0 1 18 7 1
18 26 1 19 35 1
34 44 1 35 49 1
57 33 1 58 40 1
5 28 1 6 38 1
6 22 1 7 29 1
44 1 2 51 2 2
24 10 2 27 11 2
9 8 2 19 9 2
5 32 2 11 33 2
31 26 2 36 27 2
38 24 2 41 25 2
22 30 2 31 31 2
29 0 2 34 1 2
32 3 2 37 4 2
27 27 2 32 28 2
0 28 2 3 29 2
24 16 2 31 17 2
27 10 2 37 11 2
47 13 2 54 14 2
20 1 2 28 2 2
48 28 2 53 29 2
39 29 2 45 30 2
27 28 2 37 29 2
30 18 2 38 19 2
8 46 2 18 47 2
14 30 2 19 31 2
17 55 2 22 56 2
43 54 2 51 55 2
47 36 2 52 37 2
56 43 3 57 53 3
53 18 3 54 24 3
8 4 3 9 8 3
22 15 3 23 22 3
33 45 3 34 55 3
48 5 3 49 12 3
5 36 3 6 41 3
0 38 3 1 45 3
36 0 3 37 5 3
31 5 3 32 13 3
52 37 3 53 42 3
50 13 3 51 19 3
52 46 3 53 55 3
53 30 3 54 36 3
39 25 3 40 33 3
10 25 3 11 31 3
16 39 3 17 47 3
7 42 3 8 45 3
57 36 3 58 42 3
9 19 3 10 26 3
10 40 3 11 43 3
15 13 3 16 17 3
15 49 3 16 54 3
16 51 3 17 56 3
8 58 4 18 59 4
19 35 4 26 36 4
8 53 4 11 54 4
47 39 4 55 40 4
37 22 4 47 23 4
39 54 4 49 55 4
13 30 4 20 31 4
39 57 4 46 58 4
14 3 4 18 4 4
22 38 4 29 39 4
1 22 4 11 23 4
14 41 4 19 42 4
20 33 4 28 34 4
45 40 4 50 41 4
26 5 4 36 6 4
6 40 4 11 41 4
5 51 4 15 52 4
53 9 4 58 10 4
38 31 4 45 32 4
1 30 4 8 31 4
38 23 4 45 24 4
0 55 4 5 56 4
8 12 4 18 13 4
34 20 4 42 21 4
57 10 5 58 17 5
39 8 5 40 14 5
11 46 5 12 54 5
35 31 5 36 41 5
28 13 5 29 16 5
56 29 5 57 37 5
42 32 5 43 39 5
53 41 5 54 45 5
47 48 5 48 51 5
17 12 5 18 16 5
40 44 5 41 53 5
6 40 5 7 46 5
41 42 5 42 52 5
0 24 5 1 28 5
32 27 5 33 30 5
5 46 5 6 51 5
32 32 5 33 41 5
41 0 5 42 6 5
15 40 5 16 50 5
13 38 5 14 47 5
20 37 5 21 46 5
33 26 5 34 30 5
35 55 5 36 58 5
30 8 5 31 12 5
Net_num 159
Net_id 0
pin_num 5
29 11 0
23 6 0
23 25 0
25 14 0
45 9 0
Net_id 1
pin_num 5
2 30 0
12 47 0
0 48 0
0 34 0
10 34 0
Net_id 2
pin_num 5
56 45 0
57 51 0
50 44 0
56 41 0
58 27 0
Net_id 3
pin_num 5
2 51 0
1 53 0
21 53 0
27 59 0
0 58 0
Net_id 4
pin_num 5
55 55 0
49 52 0
28 55 0
28 49 0
40 59 0
Net_id 5
pin_num 5
25 55 0
35 45 0
19 45 0
30 32 0
23 44 0
Net_id 6
pin_num 5
29 32 0
20 21 0
2 28 0
13 48 0
36 23 0
Net_id 7
pin_num 5
0 55 0
4 58 0
1 54 0
1 48 0
15 55 0
Net_id 8
pin_num 5
41 19 0
32 24 0
38 15 0
25 24 0
31 46 0
Net_id 9
pin_num 5
35 5 0
26 0 0
27 4 0
27 12 0
40 5 0
Net_id 10
pin_num 5
28 51 0
10 52 0
38 51 0
23 52 0
17 42 0
Net_id 11
pin_num 5
1 13 0
3 0 0
2 20 0
7 16 0
9 4 0
Net_id 12
pin_num 5
16 33 0
26 33 0
1 33 0
19 46 0
7 42 0
Net_id 13
pin_num 5
17 31 0
24 29 0
0 33 0
20 57 0
11 51 0
Net_id 14
pin_num 5
15 22 0
0 18 0
21 18 0
36 22 0
16 1 0
Net_id 15
pin_num 5
9 53 0
2 45 0
2 50 0
9 54 0
12 59 0
Net_id 16
pin_num 5
6 51 0
13 42 0
0 46 0
24 52 0
2 41 0
Net_id 17
pin_num 5
30 26 0
27 37 0
28 54 0
38 37 0
29 56 0
Net_id 18
pin_num 5
53 37 0
50 46 0
52 19 0
43 24 0
59 15 0
Net_id 19
pin_num 4
15 49 0
25 49 0
29 25 0
42 31 0
Net_id 20
pin_num 4
57 30 0
52 18 0
59 31 0
54 6 0
Net_id 21
pin_num 4
45 51 0
55 51 0
57 59 0
47 50 0
Net_id 22
pin_num 4
42 22 0
58 22 0
51 30 0
32 27 0
Net_id 23
pin_num 4
43 54 0
53 54 0
58 56 0
43 57 0
Net_id 24
pin_num 4
7 15 0
0 7 0
10 5 0
13 17 0
Net_id 25
pin_num 4
6 5 0
5 12 0
5 27 0
22 9 0
Net_id 26
pin_num 4
13 53 0
17 59 0
12 54 0
8 48 0
Net_id 27
pin_num 4
23 57 0
6 58 0
13 49 0
18 45 0
Net_id 28
pin_num 4
49 56 0
42 59 0
45 49 0
59 26 0
Net_id 29
pin_num 4
44 37 0
44 43 0
44 56 0
59 51 0
Net_id 30
pin_num 4
18 56 0
11 54 0
0 59 0
3 56 0
Net_id 31
pin_num 4
41 53 0
33 56 0
30 52 0
41 57 0
Net_id 32
pin_num 4
7 29 0
13 31 0
28 31 0
22 50 0
Net_id 33
pin_num 4
50 23 0
50 12 0
50 25 0
44 14 0
Net_id 34
pin_num 4
51 48 0
43 48 0
34 57 0
45 40 0
Net_id 35
pin_num 4
33 52 0
30 59 0
42 58 0
0 32 0
Net_id 36
pin_num 4
50 52 0
56 58 0
41 58 0
42 53 0
Net_id 37
pin_num 3
28 56 0
16 57 0
34 38 0
Net_id 38
pin_num 3
3 54 0
10 54 0
9 27 0
Net_id 39
pin_num 3
36 6 0
44 6 0
34 0 0
Net_id 40
pin_num 3
37 3 0
42 0 0
53 0 0
Net_id 41
pin_num 3
46 35 0
58 48 0
47 12 0
Net_id 42
pin_num 3
17 25 0
6 56 0
31 20 0
Net_id 43
pin_num 3
19 3 0
14 4 0
25 4 0
Net_id 44
pin_num 3
20 10 0
43 8 0
14 23 0
Net_id 45
pin_num 3
6 38 0
4 56 0
21 46 0
Net_id 46
pin_num 3
26 19 0
31 13 0
23 3 0
Net_id 47
pin_num 3
19 39 0
11 39 0
21 41 0
Net_id 48
pin_num 3
30 16 0
21 7 0
21 28 0
Net_id 49
pin_num 3
49 47 0
58 46 0
32 57 0
Net_id 50
pin_num 3
1 11 0
8 15 0
22 17 0
Net_id 51
pin_num 3
38 34 0
50 11 0
44 0 0
Net_id 52
pin_num 3
46 7 0
45 17 0
45 38 0
Net_id 53
pin_num 3
48 43 0
53 42 0
51 49 0
Net_id 54
pin_num 3
9 46 0
6 21 0
1 9 0
Net_id 55
pin_num 3
39 47 0
29 51 0
40 15 0
Net_id 56
pin_num 3
39 7 0
44 8 0
44 23 0
Net_id 57
pin_num 3
26 39 0
14 56 0
15 58 0
Net_id 58
pin_num 3
21 6 0
11 9 0
4 1 0
Net_id 59
pin_num 3
55 30 0
49 31 0
56 0 0
Net_id 60
pin_num 3
3 1 0
1 8 0
9 8 0
Net_id 61
pin_num 3
45 4 0
53 10 0
47 0 0
Net_id 62
pin_num 3
53 31 0
58 10 0
25 26 0
Net_id 63
pin_num 3
41 23 0
34 12 0
42 13 0
Net_id 64
pin_num 3
3 3 0
11 25 0
19 0 0
Net_id 65
pin_num 3
52 21 0
36 29 0
59 5 0
Net_id 66
pin_num 3
11 44 0
21 47 0
17 38 0
Net_id 67
pin_num 3
34 48 0
43 41 0
55 41 0
Net_id 68
pin_num 3
45 15 0
41 9 0
59 10 0
Net_id 69
pin_num 3
1 17 0
13 1 0
1 10 0
Net_id 70
pin_num 3
3 20 0
9 20 0
30 30 0
Net_id 71
pin_num 3
56 21 0
54 16 0
50 29 0
Net_id 72
pin_num 3
32 16 0
53 16 0
59 4 0
Net_id 73
pin_num 3
27 50 0
24 54 0
7 56 0
Net_id 74
pin_num 3
4 21 0
6 12 0
19 12 0
Net_id 75
pin_num 3
34 33 0
23 38 0
30 36 0
Net_id 76
pin_num 3
39 52 0
51 42 0
55 54 0
Net_id 77
pin_num 3
0 40 0
14 34 0
11 29 0
Net_id 78
pin_num 3
53 29 0
57 53 0
57 12 0
Net_id 79
pin_num 2
43 51 0
30 58 0
Net_id 80
pin_num 2
41 8 0
36 8 0
Net_id 81
pin_num 2
40 37 0
25 46 0
Net_id 82
pin_num 2
34 24 0
37 23 0
Net_id 83
pin_num 2
54 35 0
54 28 0
Net_id 84
pin_num 2
31 56 0
22 53 0
Net_id 85
pin_num 2
41 45 0
48 45 0
Net_id 86
pin_num 2
8 35 0
6 34 0
Net_id 87
pin_num 2
56 23 0
55 23 0
Net_id 88
pin_num 2
54 41 0
44 32 0
Net_id 89
pin_num 2
59 14 0
52 5 0
Net_id 90
pin_num 2
14 16 0
3 24 0
Net_id 91
pin_num 2
27 47 0
30 50 0
Net_id 92
pin_num 2
53 11 0
47 4 0
Net_id 93
pin_num 2
21 3 0
14 10 0
Net_id 94
pin_num 2
54 12 0
38 29 0
Net_id 95
pin_num 2
50 19 0
58 21 0
Net_id 96
pin_num 2
48 32 0
48 36 0
Net_id 97
pin_num 2
27 52 0
29 54 0
Net_id 98
pin_num 2
13 59 0
7 31 0
Net_id 99
pin_num 2
16 32 0
4 40 0
Net_id 100
pin_num 2
29 8 0
33 11 0
Net_id 101
pin_num 2
38 30 0
34 36 0
Net_id 102
pin_num 2
10 38 0
3 50 0
Net_id 103
pin_num 2
17 47 0
4 38 0
Net_id 104
pin_num 2
48 23 0
57 1 0
Net_id 105
pin_num 2
32 32 0
45 25 0
Net_id 106
pin_num 2
46 12 0
20 15 0
Net_id 107
pin_num 2
48 15 0
46 8 0
Net_id 108
pin_num 2
34 53 0
23 53 0
Net_id 109
pin_num 2
58 50 0
52 56 0
Net_id 110
pin_num 2
19 50 0
15 38 0
Net_id 111
pin_num 2
10 40 0
5 40 0
Net_id 112
pin_num 2
36 31 0
41 24 0
Net_id 113
pin_num 2
54 33 0
45 23 0
Net_id 114
pin_num 2
52 23 0
56 38 0
Net_id 115
pin_num 2
25 18 0
43 23 0
Net_id 116
pin_num 2
13 43 0
7 49 0
Net_id 117
pin_num 2
54 57 0
42 42 0
Net_id 118
pin_num 2
59 20 0
54 21 0
Net_id 119
pin_num 2
7 21 0
15 34 0
Net_id 120
pin_num 2
9 5 0
2 23 0
Net_id 121
pin_num 2
21 2 0
37 7 0
Net_id 122
pin_num 2
3 51 0
10 50 0
Net_id 123
pin_num 2
56 57 0
52 42 0
Net_id 124
pin_num 2
40 22 0
53 1 0
Net_id 125
pin_num 2
32 1 0
43 0 0
Net_id 126
pin_num 2
45 46 0
30 47 0
Net_id 127
pin_num 2
8 37 0
18 25 0
Net_id 128
pin_num 2
46 50 0
38 50 0
Net_id 129
pin_num 2
5 0 0
10 2 0
Net_id 130
pin_num 2
48 30 0
30 39 0
Net_id 131
pin_num 2
16 58 0
25 36 0
Net_id 132
pin_num 2
6 31 0
14 14 0
Net_id 133
pin_num 2
53 24 0
38 35 0
Net_id 134
pin_num 2
52 8 0
53 15 0
Net_id 135
pin_num 2
52 28 0
47 37 0
Net_id 136
pin_num 2
31 15 0
36 15 0
Net_id 137
pin_num 2
23 34 0
14 41 0
Net_id 138
pin_num 2
46 18 0
55 40 0
Net_id 139
pin_num 2
30 43 0
12 56 0
Net_id 140
pin_num 2
10 44 0
3 37 0
Net_id 141
pin_num 2
37 28 0
36 32 0
Net_id 142
pin_num 2
40 52 0
56 40 0
Net_id 143
pin_num 2
56 7 0
59 8 0
Net_id 144
pin_num 2
19 30 0
22 29 0
Net_id 145
pin_num 2
25 31 0
28 1 0
Net_id 146
pin_num 2
36 36 0
31 50 0
Net_id 147
pin_num 2
24 38 0
42 24 0
Net_id 148
pin_num 2
43 40 0
33 57 0
Net_id 149
pin_num 2
8 9 0
24 21 0
Net_id 150
pin_num 2
29 40 0
16 29 0
Net_id 151
pin_num 2
54 43 0
38 58 0
Net_id 152
pin_num 2
21 42 0
31 34 0
Net_id 153
pin_num 2
16 25 0
13 10 0
Net_id 154
pin_num 2
34 29 0
23 35 0
Net_id 155
pin_num 2
32 30 0
34 25 0
Net_id 156
pin_num 2
2 54 0
12 30 0
Net_id 157
pin_num 2
1 23 0
1 30 0
Net_id 158
pin_num 2
25 0 0
20 2 0
