Width 60
Height 60
Layer 6
Total_WL 6872
Obstacle_num 144
25 49 0 34 50 0
1 52 0 9 53 0
18 29 0 27 30 0
44 57 0 54 58 0
27 18 0 36 19 0
27 19 0 37 20 0
20 41 0 25 42 0
32 48 0 37 49 0
35 21 0 42 22 0
14 34 0 24 35 0
8 48 0 17 49 0
18 13 0 22 14 0
6 6 0 16 7 0
38 11 0 44 12 0
35 9 0 38 10 0
22 47 0 28 48 0
19 26 0 29 27 0
6 8 0 15 9 0
46 13 0 53 14 0
36 26 0 41 27 0
13 12 0 19 13 0
47 43 0 52 44 0
42 6 0 45 7 0
52 5 0 56 6 0
49 13 1 50 21 1
6 37 1 7 45 1
18 22 1 19 29 1
58 35 1 59 38 1
45 17 1 46 26 1
12 43 1 13 52 1
4 34 1 5 38 1
3 4 1 4 12 1
33 39 1 34 49 1
0 0 1 1 8 1
35 21 1 36 29 1
24 43 1 25 52 1
38 50 1 39 54 1
43 28 1 44 33 1
33 25 1 34 29 1
38 32 1 39 40 1
40 27 1 41 30 1
31 51 1 32 57 1
48 21 1 49 24 1
20 12 1 21 18 1
23 37 1 24 47 1
8 7 1 9 13 1
2 11 1 3 17 1
42 40 1 43 49 1
54 30 2 58 31 2
40 19 2 45 20 2
49 54 2 54 55 2
48 36 2 58 37 2
42 47 2 52 48 2
52 7 2 57 8 2
43 2 2 46 3 2
0 16 2 9 17 2
32 26 2 41 27 2
54 15 2 58 16 2
43 41 2 53 42 2
2 30 2 6 31 2
3 39 2 8 40 2
8 25 2 14 26 2
1 52 2 10 53 2
2 12 2 6 13 2
44 34 2 50 35 2
9 44 2 14 45 2
34 43 2 40 44 2
42 4 2 45 5 2
27 5 2 33 6 2
32 44 2 42 45 2
5 45 2 13 46 2
18 16 2 25 17 2
13 42 3 14 47 3
49 45 3 50 51 3
23 56 3 24 59 3
46 6 3 47 12 3
19 17 3 20 27 3
45 0 3 46 3 3
10 48 3 11 53 3
26 15 3 27 23 3
12 22 3 13 25 3
3 40 3 4 50 3
7 20 3 8 23 3
57 48 3 58 57 3
13 15 3 14 24 3
18 27 3 19 37 3
35 51 3 36 57 3
18 52 3 19 57 3
7 3 3 8 13 3
26 45 3 27 48 3
6 42 3 7 48 3
38 55 3 39 58 3
32 19 3 33 25 3
10 9 3 11 19 3
15 10 3 16 17 3
49 31 3 50 36 3
48 36 4 56 37 4
1 35 4 11 36 4
53 1 4 56 2 4
45 55 4 52 56 4
15 16 4 18 17 4
1 11 4 5 12 4
30 57 4 40 58 4
36 52 4 44 53 4
28 36 4 35 37 4
19 0 4 22 1 4
53 40 4 59 41 4
22 9 4 25 10 4
30 28 4 33 29 4
42 24 4 51 25 4
33 48 4 40 49 4
38 21 4 42 22 4
19 6 4 29 7 4
20 22 4 25 23 4
30 37 4 34 38 4
15 26 4 21 27 4
31 34 4 37 35 4
0 53 4 10 54 4
0 38 4 10 39 4
28 43 4 31 44 4
19 31 5 20 41 5
22 4 5 23 11 5
29 31 5 30 34 5
31 9 5 32 16 5
35 12 5 36 22 5
57 5 5 58 11 5
20 27 5 21 36 5
46 37 5 47 42 5
29 44 5 30 49 5
23 3 5 24 6 5
16 22 5 17 32 5
45 40 5 46 47 5
38 40 5 39 49 5
20 6 5 21 13 5
26 24 5 27 32 5
7 19 5 8 22 5
42 10 5 43 16 5
11 44 5 12 53 5
6 33 5 7 38 5
14 42 5 15 50 5
53 32 5 54 39 5
24 5 5 25 15 5
30 47 5 31 55 5
10 0 5 11 5 5
Net_num 158
Net_id 0
pin_num 5
41 34 0
43 46 0
51 34 0
43 44 0
47 54 0
Net_id 1
pin_num 5
56 50 0
58 59 0
45 58 0
44 58 0
57 58 0
Net_id 2
pin_num 5
5 46 0
5 55 0
0 42 0
0 50 0
5 30 0
Net_id 3
pin_num 5
44 0 0
47 9 0
59 7 0
34 9 0
56 6 0
Net_id 4
pin_num 5
14 42 0
3 47 0
10 33 0
8 19 0
31 38 0
Net_id 5
pin_num 5
36 6 0
33 0 0
14 5 0
17 0 0
21 17 0
Net_id 6
pin_num 5
6 58 0
1 48 0
1 38 0
0 58 0
0 48 0
Net_id 7
pin_num 5
53 7 0
53 15 0
59 0 0
58 8 0
57 2 0
Net_id 8
pin_num 5
46 49 0
38 43 0
28 46 0
37 57 0
41 58 0
Net_id 9
pin_num 5
14 3 0
0 8 0
0 29 0
16 6 0
18 15 0
Net_id 10
pin_num 5
47 3 0
50 20 0
59 19 0
59 1 0
42 0 0
Net_id 11
pin_num 5
9 46 0
25 50 0
4 48 0
25 31 0
19 31 0
Net_id 12
pin_num 5
57 42 0
58 38 0
53 26 0
21 47 0
59 30 0
Net_id 13
pin_num 5
36 10 0
47 10 0
44 23 0
52 12 0
36 12 0
Net_id 14
pin_num 5
49 25 0
50 42 0
41 42 0
19 42 0
50 26 0
Net_id 15
pin_num 5
13 57 0
17 49 0
26 56 0
27 56 0
28 59 0
Net_id 16
pin_num 5
9 26 0
9 39 0
0 34 0
6 14 0
7 34 0
Net_id 17
pin_num 5
53 34 0
55 37 0
55 52 0
55 12 0
40 28 0
Net_id 18
pin_num 5
53 53 0
56 34 0
59 47 0
35 35 0
58 51 0
Net_id 19
pin_num 4
59 34 0
51 39 0
58 47 0
52 31 0
Net_id 20
pin_num 4
14 35 0
22 43 0
16 46 0
40 40 0
Net_id 21
pin_num 4
28 11 0
36 0 0
28 4 0
32 35 0
Net_id 22
pin_num 4
7 22 0
15 26 0
1 22 0
14 4 0
Net_id 23
pin_num 4
5 51 0
3 58 0
13 51 0
13 49 0
Net_id 24
pin_num 4
54 38 0
47 38 0
45 27 0
44 41 0
Net_id 25
pin_num 4
24 45 0
17 33 0
17 13 0
13 59 0
Net_id 26
pin_num 4
25 38 0
37 39 0
35 54 0
39 45 0
Net_id 27
pin_num 4
51 23 0
59 26 0
52 26 0
59 11 0
Net_id 28
pin_num 4
3 40 0
10 32 0
18 40 0
16 41 0
Net_id 29
pin_num 4
8 11 0
0 12 0
12 1 0
7 28 0
Net_id 30
pin_num 4
19 50 0
10 45 0
14 58 0
20 43 0
Net_id 31
pin_num 4
17 58 0
24 55 0
24 46 0
15 53 0
Net_id 32
pin_num 4
4 16 0
10 5 0
16 22 0
23 18 0
Net_id 33
pin_num 4
24 8 0
17 8 0
19 23 0
29 12 0
Net_id 34
pin_num 4
2 8 0
5 0 0
18 1 0
9 17 0
Net_id 35
pin_num 4
26 16 0
13 21 0
23 6 0
13 5 0
Net_id 36
pin_num 4
25 35 0
7 37 0
16 29 0
26 37 0
Net_id 37
pin_num 4
54 58 0
43 59 0
57 57 0
46 48 0
Net_id 38
pin_num 3
12 43 0
5 43 0
19 39 0
Net_id 39
pin_num 3
8 23 0
19 28 0
1 29 0
Net_id 40
pin_num 3
32 53 0
20 40 0
12 59 0
Net_id 41
pin_num 3
25 11 0
10 14 0
15 4 0
Net_id 42
pin_num 3
48 27 0
35 8 0
1 13 0
Net_id 43
pin_num 3
2 5 0
9 19 0
0 30 0
Net_id 44
pin_num 3
34 0 0
38 4 0
51 1 0
Net_id 45
pin_num 3
55 19 0
34 22 0
35 30 0
Net_id 46
pin_num 3
3 48 0
21 50 0
0 33 0
Net_id 47
pin_num 3
24 39 0
26 25 0
41 33 0
Net_id 48
pin_num 3
20 12 0
37 0 0
17 10 0
Net_id 49
pin_num 3
5 1 0
18 14 0
1 19 0
Net_id 50
pin_num 3
21 58 0
40 59 0
28 48 0
Net_id 51
pin_num 3
30 25 0
5 23 0
29 41 0
Net_id 52
pin_num 3
27 22 0
15 19 0
4 7 0
Net_id 53
pin_num 3
10 57 0
1 54 0
29 56 0
Net_id 54
pin_num 3
54 1 0
30 7 0
33 1 0
Net_id 55
pin_num 3
10 52 0
2 39 0
8 47 0
Net_id 56
pin_num 3
28 30 0
15 44 0
40 32 0
Net_id 57
pin_num 3
21 32 0
24 15 0
20 1 0
Net_id 58
pin_num 3
25 8 0
30 1 0
0 9 0
Net_id 59
pin_num 3
38 37 0
42 26 0
41 13 0
Net_id 60
pin_num 3
44 51 0
32 41 0
54 42 0
Net_id 61
pin_num 3
38 29 0
39 43 0
56 28 0
Net_id 62
pin_num 3
55 29 0
43 22 0
52 46 0
Net_id 63
pin_num 3
25 52 0
34 56 0
42 55 0
Net_id 64
pin_num 3
12 27 0
24 34 0
30 30 0
Net_id 65
pin_num 3
43 31 0
38 30 0
36 25 0
Net_id 66
pin_num 3
39 4 0
59 8 0
34 21 0
Net_id 67
pin_num 3
36 4 0
16 2 0
31 26 0
Net_id 68
pin_num 3
29 33 0
27 25 0
34 45 0
Net_id 69
pin_num 3
7 29 0
1 21 0
18 20 0
Net_id 70
pin_num 3
40 52 0
39 59 0
46 45 0
Net_id 71
pin_num 3
56 40 0
35 31 0
42 13 0
Net_id 72
pin_num 3
36 34 0
26 32 0
31 46 0
Net_id 73
pin_num 3
25 41 0
33 16 0
41 8 0
Net_id 74
pin_num 3
20 2 0
7 0 0
8 13 0
Net_id 75
pin_num 3
2 56 0
1 55 0
18 39 0
Net_id 76
pin_num 2
58 14 0
54 14 0
Net_id 77
pin_num 2
11 54 0
15 52 0
Net_id 78
pin_num 2
15 0 0
1 7 0
Net_id 79
pin_num 2
33 33 0
22 24 0
Net_id 80
pin_num 2
42 39 0
40 36 0
Net_id 81
pin_num 2
33 45 0
5 27 0
Net_id 82
pin_num 2
21 54 0
43 56 0
Net_id 83
pin_num 2
48 56 0
37 37 0
Net_id 84
pin_num 2
8 32 0
4 27 0
Net_id 85
pin_num 2
12 31 0
2 31 0
Net_id 86
pin_num 2
24 31 0
14 39 0
Net_id 87
pin_num 2
47 22 0
56 27 0
Net_id 88
pin_num 2
58 11 0
35 10 0
Net_id 89
pin_num 2
22 48 0
25 28 0
Net_id 90
pin_num 2
35 40 0
44 44 0
Net_id 91
pin_num 2
4 14 0
9 21 0
Net_id 92
pin_num 2
45 24 0
54 44 0
Net_id 93
pin_num 2
15 17 0
9 5 0
Net_id 94
pin_num 2
21 38 0
1 47 0
Net_id 95
pin_num 2
45 52 0
37 45 0
Net_id 96
pin_num 2
25 22 0
31 1 0
Net_id 97
pin_num 2
43 53 0
58 49 0
Net_id 98
pin_num 2
8 20 0
6 5 0
Net_id 99
pin_num 2
8 10 0
12 15 0
Net_id 100
pin_num 2
17 19 0
23 20 0
Net_id 101
pin_num 2
57 30 0
59 22 0
Net_id 102
pin_num 2
38 38 0
45 38 0
Net_id 103
pin_num 2
49 51 0
54 56 0
Net_id 104
pin_num 2
13 4 0
1 10 0
Net_id 105
pin_num 2
56 46 0
50 52 0
Net_id 106
pin_num 2
51 50 0
58 33 0
Net_id 107
pin_num 2
33 10 0
25 18 0
Net_id 108
pin_num 2
59 43 0
45 50 0
Net_id 109
pin_num 2
38 20 0
52 15 0
Net_id 110
pin_num 2
45 36 0
51 37 0
Net_id 111
pin_num 2
56 10 0
56 5 0
Net_id 112
pin_num 2
28 28 0
39 22 0
Net_id 113
pin_num 2
48 49 0
35 38 0
Net_id 114
pin_num 2
52 8 0
34 20 0
Net_id 115
pin_num 2
20 36 0
40 50 0
Net_id 116
pin_num 2
39 17 0
57 17 0
Net_id 117
pin_num 2
48 10 0
52 6 0
Net_id 118
pin_num 2
17 52 0
16 53 0
Net_id 119
pin_num 2
47 20 0
37 29 0
Net_id 120
pin_num 2
22 51 0
7 47 0
Net_id 121
pin_num 2
16 21 0
31 20 0
Net_id 122
pin_num 2
27 15 0
45 26 0
Net_id 123
pin_num 2
2 55 0
7 38 0
Net_id 124
pin_num 2
30 35 0
25 34 0
Net_id 125
pin_num 2
40 48 0
31 27 0
Net_id 126
pin_num 2
27 17 0
20 25 0
Net_id 127
pin_num 2
59 10 0
44 24 0
Net_id 128
pin_num 2
21 55 0
3 37 0
Net_id 129
pin_num 2
8 26 0
4 2 0
Net_id 130
pin_num 2
39 41 0
25 48 0
Net_id 131
pin_num 2
59 13 0
43 23 0
Net_id 132
pin_num 2
56 48 0
51 48 0
Net_id 133
pin_num 2
53 20 0
30 26 0
Net_id 134
pin_num 2
11 39 0
17 47 0
Net_id 135
pin_num 2
30 34 0
49 44 0
Net_id 136
pin_num 2
3 53 0
14 49 0
Net_id 137
pin_num 2
31 7 0
34 10 0
Net_id 138
pin_num 2
51 56 0
53 54 0
Net_id 139
pin_num 2
35 26 0
25 20 0
Net_id 140
pin_num 2
32 13 0
28 14 0
Net_id 141
pin_num 2
51 27 0
45 39 0
Net_id 142
pin_num 2
36 23 0
13 24 0
Net_id 143
pin_num 2
56 47 0
47 52 0
Net_id 144
pin_num 2
59 46 0
39 18 0
Net_id 145
pin_num 2
38 18 0
3 2 0
Net_id 146
pin_num 2
5 5 0
0 10 0
Net_id 147
pin_num 2
47 42 0
41 36 0
Net_id 148
pin_num 2
35 16 0
57 16 0
Net_id 149
pin_num 2
32 37 0
34 40 0
Net_id 150
pin_num 2
4 30 0
3 23 0
Net_id 151
pin_num 2
33 44 0
7 44 0
Net_id 152
pin_num 2
36 3 0
54 9 0
Net_id 153
pin_num 2
10 28 0
10 21 0
Net_id 154
pin_num 2
10 35 0
15 49 0
Net_id 155
pin_num 2
57 55 0
45 55 0
Net_id 156
pin_num 2
8 18 0
30 31 0
Net_id 157
pin_num 2
51 45 0
58 45 0
