Width 60
Height 60
Layer 6
Total_WL 6582
Obstacle_num 144
25 23 0 29 24 0
31 43 0 41 44 0
20 40 0 23 41 0
11 40 0 20 41 0
5 1 0 11 2 0
47 8 0 54 9 0
15 21 0 24 22 0
45 23 0 49 24 0
47 16 0 56 17 0
38 25 0 47 26 0
16 45 0 20 46 0
32 31 0 38 32 0
9 14 0 14 15 0
28 11 0 36 12 0
35 37 0 38 38 0
8 37 0 16 38 0
49 18 0 58 19 0
38 10 0 46 11 0
16 25 0 23 26 0
27 54 0 32 55 0
52 6 0 57 7 0
5 51 0 13 52 0
26 39 0 33 40 0
20 32 0 26 33 0
11 50 1 12 57 1
39 6 1 40 13 1
28 43 1 29 46 1
32 4 1 33 7 1
16 21 1 17 30 1
11 34 1 12 37 1
7 36 1 8 39 1
17 26 1 18 29 1
5 18 1 6 26 1
52 35 1 53 38 1
37 44 1 38 51 1
57 47 1 58 50 1
27 36 1 28 43 1
36 46 1 37 51 1
38 17 1 39 21 1
10 34 1 11 42 1
37 35 1 38 41 1
32 52 1 33 59 1
40 49 1 41 59 1
23 23 1 24 31 1
39 46 1 40 51 1
27 10 1 28 18 1
45 44 1 46 53 1
7 22 1 8 30 1
6 35 2 12 36 2
9 14 2 18 15 2
47 19 2 56 20 2
26 13 2 31 14 2
19 7 2 29 8 2
52 3 2 55 4 2
27 42 2 37 43 2
51 58 2 58 59 2
42 12 2 47 13 2
3 8 2 10 9 2
27 58 2 33 59 2
12 15 2 21 16 2
29 24 2 38 25 2
35 43 2 44 44 2
39 1 2 47 2 2
27 18 2 30 19 2
14 18 2 22 19 2
29 44 2 37 45 2
48 17 2 55 18 2
40 45 2 50 46 2
17 42 2 24 43 2
53 5 2 56 6 2
29 26 2 37 27 2
1 11 2 5 12 2
51 43 3 52 48 3
23 16 3 24 23 3
33 20 3 34 29 3
51 50 3 52 54 3
21 48 3 22 57 3
53 23 3 54 33 3
0 0 3 1 10 3
24 42 3 25 46 3
5 12 3 6 20 3
37 49 3 38 58 3
8 28 3 9 35 3
45 49 3 46 58 3
24 34 3 25 41 3
45 20 3 46 24 3
48 29 3 49 34 3
4 36 3 5 44 3
56 33 3 57 43 3
35 22 3 36 29 3
17 10 3 18 13 3
16 27 3 17 30 3
24 25 3 25 32 3
17 14 3 18 23 3
34 1 3 35 6 3
33 6 3 34 9 3
44 8 4 47 9 4
38 58 4 46 59 4
4 13 4 10 14 4
26 8 4 30 9 4
45 30 4 53 31 4
0 14 4 8 15 4
16 29 4 26 30 4
25 27 4 29 28 4
17 14 4 20 15 4
20 44 4 28 45 4
24 23 4 29 24 4
38 11 4 47 12 4
24 38 4 34 39 4
9 32 4 17 33 4
43 48 4 46 49 4
6 22 4 9 23 4
50 44 4 57 45 4
23 17 4 30 18 4
41 25 4 45 26 4
7 38 4 13 39 4
30 34 4 34 35 4
48 28 4 58 29 4
9 44 4 16 45 4
27 54 4 32 55 4
10 11 5 11 15 5
31 51 5 32 57 5
51 13 5 52 16 5
1 16 5 2 22 5
26 16 5 27 20 5
33 13 5 34 22 5
42 6 5 43 16 5
2 11 5 3 19 5
11 32 5 12 41 5
29 6 5 30 12 5
50 32 5 51 36 5
24 29 5 25 34 5
28 21 5 29 26 5
22 18 5 23 26 5
49 24 5 50 32 5
26 37 5 27 47 5
52 30 5 53 40 5
49 40 5 50 48 5
53 19 5 54 27 5
37 3 5 38 7 5
41 6 5 42 16 5
20 48 5 21 53 5
27 32 5 28 41 5
47 19 5 48 25 5
Net_num 158
Net_id 0
pin_num 5
31 46 0
23 46 0
38 46 0
29 50 0
44 46 0
Net_id 1
pin_num 5
49 15 0
44 26 0
45 8 0
33 16 0
59 16 0
Net_id 2
pin_num 5
0 42 0
6 37 0
16 38 0
0 36 0
5 44 0
Net_id 3
pin_num 5
30 36 0
34 36 0
11 36 0
18 17 0
10 31 0
Net_id 4
pin_num 5
41 23 0
43 20 0
42 16 0
54 17 0
44 9 0
Net_id 5
pin_num 5
0 48 0
13 46 0
2 59 0
7 59 0
1 56 0
Net_id 6
pin_num 5
21 23 0
17 22 0
19 30 0
34 25 0
24 46 0
Net_id 7
pin_num 5
21 2 0
36 11 0
34 27 0
34 0 0
21 20 0
Net_id 8
pin_num 5
57 49 0
56 55 0
41 53 0
52 59 0
54 36 0
Net_id 9
pin_num 5
6 19 0
4 28 0
0 15 0
0 7 0
15 34 0
Net_id 10
pin_num 5
47 53 0
45 55 0
39 59 0
40 36 0
43 35 0
Net_id 11
pin_num 5
39 22 0
47 15 0
43 26 0
46 29 0
47 2 0
Net_id 12
pin_num 5
12 29 0
15 31 0
7 29 0
11 15 0
6 46 0
Net_id 13
pin_num 5
41 50 0
44 51 0
59 54 0
39 54 0
59 49 0
Net_id 14
pin_num 5
17 29 0
29 32 0
13 32 0
20 46 0
13 42 0
Net_id 15
pin_num 5
40 38 0
47 46 0
51 38 0
41 29 0
42 47 0
Net_id 16
pin_num 5
20 55 0
18 43 0
21 59 0
28 53 0
26 44 0
Net_id 17
pin_num 5
44 41 0
33 47 0
31 52 0
29 44 0
34 57 0
Net_id 18
pin_num 5
54 23 0
49 23 0
51 33 0
43 24 0
44 19 0
Net_id 19
pin_num 4
29 34 0
38 40 0
55 39 0
53 33 0
Net_id 20
pin_num 4
38 6 0
50 13 0
53 0 0
43 8 0
Net_id 21
pin_num 4
25 14 0
36 14 0
51 14 0
36 15 0
Net_id 22
pin_num 4
5 18 0
9 11 0
9 21 0
0 24 0
Net_id 23
pin_num 4
25 17 0
32 3 0
32 21 0
26 26 0
Net_id 24
pin_num 4
0 45 0
7 45 0
15 45 0
9 36 0
Net_id 25
pin_num 4
12 0 0
1 8 0
0 25 0
11 13 0
Net_id 26
pin_num 4
51 12 0
58 17 0
55 20 0
43 0 0
Net_id 27
pin_num 4
28 16 0
35 22 0
28 31 0
34 28 0
Net_id 28
pin_num 4
44 28 0
39 24 0
56 37 0
45 13 0
Net_id 29
pin_num 4
44 49 0
36 53 0
52 51 0
50 35 0
Net_id 30
pin_num 4
31 47 0
38 55 0
22 55 0
17 56 0
Net_id 31
pin_num 4
52 26 0
58 25 0
58 36 0
58 59 0
Net_id 32
pin_num 4
21 11 0
27 19 0
52 14 0
15 11 0
Net_id 33
pin_num 4
16 1 0
11 30 0
19 0 0
0 0 0
Net_id 34
pin_num 4
9 5 0
5 8 0
1 5 0
4 10 0
Net_id 35
pin_num 4
40 58 0
33 51 0
58 24 0
44 52 0
Net_id 36
pin_num 4
55 57 0
55 56 0
59 48 0
50 55 0
Net_id 37
pin_num 4
56 7 0
59 0 0
38 1 0
45 0 0
Net_id 38
pin_num 4
17 41 0
16 46 0
7 44 0
0 35 0
Net_id 39
pin_num 4
4 52 0
6 53 0
4 59 0
15 53 0
Net_id 40
pin_num 3
43 31 0
52 27 0
48 57 0
Net_id 41
pin_num 3
31 17 0
17 9 0
41 24 0
Net_id 42
pin_num 3
55 43 0
41 42 0
55 38 0
Net_id 43
pin_num 3
39 32 0
37 41 0
32 40 0
Net_id 44
pin_num 3
59 17 0
55 27 0
32 27 0
Net_id 45
pin_num 3
35 50 0
36 54 0
32 59 0
Net_id 46
pin_num 3
22 31 0
36 23 0
48 22 0
Net_id 47
pin_num 3
52 31 0
29 35 0
1 34 0
Net_id 48
pin_num 3
28 40 0
23 41 0
28 32 0
Net_id 49
pin_num 3
9 34 0
5 36 0
6 10 0
Net_id 50
pin_num 3
24 9 0
43 34 0
18 10 0
Net_id 51
pin_num 3
45 32 0
59 47 0
44 59 0
Net_id 52
pin_num 3
46 16 0
41 12 0
39 0 0
Net_id 53
pin_num 3
41 18 0
35 15 0
25 18 0
Net_id 54
pin_num 3
26 57 0
25 51 0
0 57 0
Net_id 55
pin_num 3
56 1 0
59 14 0
57 24 0
Net_id 56
pin_num 3
13 9 0
5 2 0
10 17 0
Net_id 57
pin_num 3
35 4 0
31 2 0
31 33 0
Net_id 58
pin_num 3
29 10 0
37 3 0
56 0 0
Net_id 59
pin_num 3
6 59 0
0 51 0
9 52 0
Net_id 60
pin_num 3
50 59 0
49 51 0
51 34 0
Net_id 61
pin_num 3
41 0 0
44 6 0
27 0 0
Net_id 62
pin_num 3
23 38 0
14 49 0
22 52 0
Net_id 63
pin_num 3
1 35 0
18 16 0
8 49 0
Net_id 64
pin_num 3
20 3 0
18 0 0
0 2 0
Net_id 65
pin_num 3
31 22 0
19 19 0
26 0 0
Net_id 66
pin_num 3
2 56 0
7 58 0
3 34 0
Net_id 67
pin_num 3
51 41 0
36 33 0
3 33 0
Net_id 68
pin_num 3
23 1 0
20 5 0
20 4 0
Net_id 69
pin_num 3
42 56 0
23 48 0
0 49 0
Net_id 70
pin_num 3
51 44 0
41 28 0
35 48 0
Net_id 71
pin_num 3
59 31 0
53 9 0
35 25 0
Net_id 72
pin_num 3
53 14 0
59 5 0
58 5 0
Net_id 73
pin_num 3
13 26 0
5 26 0
5 29 0
Net_id 74
pin_num 3
56 58 0
46 59 0
36 45 0
Net_id 75
pin_num 3
37 38 0
32 42 0
39 31 0
Net_id 76
pin_num 3
39 51 0
31 53 0
18 57 0
Net_id 77
pin_num 3
21 44 0
12 43 0
28 56 0
Net_id 78
pin_num 3
12 57 0
26 59 0
14 41 0
Net_id 79
pin_num 3
43 42 0
49 46 0
45 7 0
Net_id 80
pin_num 3
8 40 0
1 37 0
33 39 0
Net_id 81
pin_num 3
22 58 0
38 59 0
48 47 0
Net_id 82
pin_num 2
53 41 0
53 56 0
Net_id 83
pin_num 2
57 20 0
59 26 0
Net_id 84
pin_num 2
3 29 0
7 33 0
Net_id 85
pin_num 2
52 44 0
56 24 0
Net_id 86
pin_num 2
34 23 0
22 41 0
Net_id 87
pin_num 2
5 58 0
4 56 0
Net_id 88
pin_num 2
11 47 0
9 48 0
Net_id 89
pin_num 2
38 34 0
43 55 0
Net_id 90
pin_num 2
6 49 0
18 41 0
Net_id 91
pin_num 2
0 38 0
20 51 0
Net_id 92
pin_num 2
0 13 0
9 10 0
Net_id 93
pin_num 2
33 48 0
12 47 0
Net_id 94
pin_num 2
16 5 0
19 4 0
Net_id 95
pin_num 2
30 17 0
35 10 0
Net_id 96
pin_num 2
23 30 0
21 26 0
Net_id 97
pin_num 2
18 50 0
15 48 0
Net_id 98
pin_num 2
38 47 0
30 12 0
Net_id 99
pin_num 2
17 10 0
13 6 0
Net_id 100
pin_num 2
9 0 0
8 14 0
Net_id 101
pin_num 2
51 46 0
46 55 0
Net_id 102
pin_num 2
28 28 0
32 12 0
Net_id 103
pin_num 2
40 7 0
4 13 0
Net_id 104
pin_num 2
31 31 0
15 41 0
Net_id 105
pin_num 2
40 30 0
49 30 0
Net_id 106
pin_num 2
58 45 0
55 33 0
Net_id 107
pin_num 2
31 13 0
18 8 0
Net_id 108
pin_num 2
24 39 0
25 35 0
Net_id 109
pin_num 2
47 51 0
44 36 0
Net_id 110
pin_num 2
58 10 0
44 2 0
Net_id 111
pin_num 2
10 24 0
8 50 0
Net_id 112
pin_num 2
44 1 0
55 9 0
Net_id 113
pin_num 2
53 24 0
58 21 0
Net_id 114
pin_num 2
25 56 0
23 51 0
Net_id 115
pin_num 2
8 30 0
15 5 0
Net_id 116
pin_num 2
27 5 0
21 31 0
Net_id 117
pin_num 2
52 38 0
53 42 0
Net_id 118
pin_num 2
17 58 0
21 57 0
Net_id 119
pin_num 2
2 16 0
19 8 0
Net_id 120
pin_num 2
13 21 0
1 29 0
Net_id 121
pin_num 2
55 34 0
52 29 0
Net_id 122
pin_num 2
56 28 0
37 21 0
Net_id 123
pin_num 2
13 2 0
1 10 0
Net_id 124
pin_num 2
11 31 0
14 24 0
Net_id 125
pin_num 2
15 7 0
38 23 0
Net_id 126
pin_num 2
40 19 0
33 13 0
Net_id 127
pin_num 2
4 15 0
24 4 0
Net_id 128
pin_num 2
33 4 0
18 13 0
Net_id 129
pin_num 2
35 2 0
20 14 0
Net_id 130
pin_num 2
29 12 0
27 2 0
Net_id 131
pin_num 2
33 37 0
49 49 0
Net_id 132
pin_num 2
13 58 0
19 51 0
Net_id 133
pin_num 2
12 24 0
27 43 0
Net_id 134
pin_num 2
55 32 0
53 19 0
Net_id 135
pin_num 2
46 4 0
49 1 0
Net_id 136
pin_num 2
1 41 0
8 58 0
Net_id 137
pin_num 2
49 27 0
38 36 0
Net_id 138
pin_num 2
50 39 0
50 42 0
Net_id 139
pin_num 2
0 4 0
12 7 0
Net_id 140
pin_num 2
27 55 0
11 43 0
Net_id 141
pin_num 2
40 47 0
35 49 0
Net_id 142
pin_num 2
11 6 0
7 6 0
Net_id 143
pin_num 2
14 19 0
21 1 0
Net_id 144
pin_num 2
59 36 0
37 10 0
Net_id 145
pin_num 2
35 12 0
33 8 0
Net_id 146
pin_num 2
40 1 0
57 11 0
Net_id 147
pin_num 2
31 56 0
46 46 0
Net_id 148
pin_num 2
13 5 0
27 6 0
Net_id 149
pin_num 2
19 17 0
26 1 0
Net_id 150
pin_num 2
43 58 0
53 51 0
Net_id 151
pin_num 2
1 30 0
12 34 0
Net_id 152
pin_num 2
47 29 0
59 33 0
Net_id 153
pin_num 2
1 31 0
14 21 0
Net_id 154
pin_num 2
15 13 0
1 7 0
Net_id 155
pin_num 2
40 48 0
55 48 0
Net_id 156
pin_num 2
30 45 0
40 31 0
Net_id 157
pin_num 2
25 10 0
28 15 0
