Width 60
Height 60
Layer 6
Total_WL 6293
Obstacle_num 144
20 40 0 24 41 0
48 48 0 56 49 0
43 7 0 47 8 0
43 57 0 50 58 0
42 44 0 52 45 0
28 19 0 31 20 0
2 16 0 7 17 0
13 19 0 23 20 0
8 34 0 18 35 0
45 15 0 49 16 0
42 0 0 48 1 0
29 17 0 32 18 0
26 10 0 29 11 0
49 46 0 59 47 0
53 11 0 56 12 0
37 47 0 47 48 0
3 33 0 13 34 0
41 52 0 51 53 0
13 18 0 19 19 0
23 19 0 28 20 0
55 45 0 58 46 0
42 9 0 46 10 0
15 44 0 21 45 0
49 12 0 54 13 0
30 44 1 31 48 1
15 9 1 16 17 1
43 37 1 44 40 1
49 33 1 50 39 1
33 28 1 34 34 1
56 36 1 57 42 1
24 27 1 25 36 1
17 36 1 18 45 1
8 44 1 9 48 1
14 11 1 15 21 1
41 20 1 42 28 1
52 32 1 53 38 1
22 40 1 23 50 1
44 1 1 45 11 1
40 9 1 41 17 1
53 19 1 54 23 1
33 8 1 34 15 1
47 29 1 48 36 1
37 26 1 38 29 1
10 17 1 11 20 1
12 2 1 13 9 1
23 12 1 24 21 1
46 8 1 47 18 1
2 25 1 3 35 1
52 10 2 55 11 2
33 15 2 40 16 2
23 57 2 32 58 2
16 2 2 23 3 2
22 30 2 32 31 2
14 25 2 22 26 2
23 48 2 32 49 2
46 47 2 53 48 2
6 47 2 9 48 2
4 35 2 10 36 2
30 1 2 38 2 2
39 44 2 47 45 2
49 57 2 59 58 2
12 14 2 22 15 2
10 23 2 13 24 2
12 37 2 16 38 2
43 0 2 46 1 2
33 48 2 37 49 2
11 31 2 20 32 2
15 7 2 21 8 2
35 2 2 44 3 2
43 40 2 46 41 2
3 16 2 8 17 2
45 28 2 54 29 2
0 54 3 1 57 3
15 44 3 16 48 3
17 21 3 18 25 3
12 47 3 13 57 3
9 27 3 10 37 3
51 19 3 52 26 3
26 38 3 27 45 3
10 32 3 11 42 3
49 28 3 50 38 3
15 24 3 16 30 3
46 44 3 47 48 3
23 18 3 24 23 3
43 9 3 44 16 3
46 14 3 47 22 3
48 17 3 49 25 3
33 26 3 34 30 3
21 30 3 22 36 3
50 27 3 51 30 3
33 31 3 34 39 3
49 40 3 50 50 3
13 25 3 14 31 3
27 9 3 28 18 3
28 40 3 29 48 3
46 22 3 47 29 3
6 15 4 10 16 4
27 47 4 31 48 4
5 6 4 14 7 4
7 40 4 17 41 4
27 36 4 31 37 4
4 9 4 11 10 4
25 58 4 32 59 4
38 2 4 46 3 4
22 54 4 31 55 4
42 38 4 47 39 4
5 31 4 15 32 4
2 23 4 5 24 4
37 56 4 41 57 4
54 31 4 59 32 4
20 27 4 30 28 4
13 0 4 23 1 4
19 49 4 29 50 4
16 56 4 19 57 4
56 11 4 59 12 4
14 9 4 24 10 4
45 31 4 50 32 4
35 51 4 41 52 4
40 7 4 46 8 4
36 31 4 40 32 4
5 25 5 6 31 5
11 13 5 12 18 5
41 50 5 42 55 5
41 8 5 42 13 5
31 55 5 32 59 5
40 34 5 41 40 5
19 25 5 20 29 5
36 21 5 37 24 5
42 11 5 43 15 5
0 1 5 1 6 5
9 35 5 10 41 5
57 51 5 58 58 5
22 32 5 23 40 5
30 24 5 31 27 5
0 17 5 1 27 5
20 56 5 21 59 5
51 36 5 52 39 5
45 3 5 46 8 5
0 45 5 1 51 5
50 12 5 51 18 5
35 44 5 36 53 5
33 13 5 34 16 5
51 47 5 52 55 5
50 44 5 51 52 5
Net_num 158
Net_id 0
pin_num 5
12 51 0
8 51 0
23 51 0
13 36 0
0 43 0
Net_id 1
pin_num 5
3 39 0
4 21 0
0 35 0
13 33 0
0 32 0
Net_id 2
pin_num 5
26 6 0
34 2 0
34 19 0
39 0 0
31 21 0
Net_id 3
pin_num 5
26 30 0
16 33 0
23 33 0
22 11 0
15 29 0
Net_id 4
pin_num 5
45 17 0
37 24 0
38 6 0
25 8 0
58 13 0
Net_id 5
pin_num 5
9 37 0
2 37 0
7 56 0
0 48 0
2 49 0
Net_id 6
pin_num 5
55 6 0
52 7 0
40 6 0
47 9 0
48 0 0
Net_id 7
pin_num 5
52 52 0
58 55 0
35 55 0
56 59 0
57 52 0
Net_id 8
pin_num 5
38 0 0
27 0 0
47 1 0
42 11 0
37 8 0
Net_id 9
pin_num 5
26 43 0
25 29 0
19 43 0
18 31 0
20 27 0
Net_id 10
pin_num 5
18 10 0
20 4 0
33 2 0
32 9 0
51 1 0
Net_id 11
pin_num 5
31 36 0
25 36 0
28 13 0
38 35 0
29 15 0
Net_id 12
pin_num 5
0 53 0
5 55 0
0 58 0
8 56 0
13 59 0
Net_id 13
pin_num 5
36 29 0
37 33 0
46 32 0
26 29 0
26 22 0
Net_id 14
pin_num 5
28 8 0
25 11 0
31 9 0
13 10 0
16 17 0
Net_id 15
pin_num 5
18 58 0
27 48 0
16 53 0
14 44 0
21 59 0
Net_id 16
pin_num 5
51 31 0
59 19 0
47 19 0
59 23 0
52 14 0
Net_id 17
pin_num 5
19 5 0
28 5 0
17 9 0
19 34 0
20 12 0
Net_id 18
pin_num 5
9 2 0
3 1 0
0 10 0
7 10 0
4 3 0
Net_id 19
pin_num 4
18 37 0
27 33 0
36 37 0
59 36 0
Net_id 20
pin_num 4
28 4 0
45 5 0
45 16 0
59 1 0
Net_id 21
pin_num 4
56 57 0
49 53 0
51 30 0
43 48 0
Net_id 22
pin_num 4
43 21 0
50 21 0
41 18 0
52 18 0
Net_id 23
pin_num 4
16 29 0
26 33 0
3 25 0
25 55 0
Net_id 24
pin_num 4
35 57 0
48 56 0
14 59 0
32 46 0
Net_id 25
pin_num 4
5 31 0
10 22 0
12 28 0
19 24 0
Net_id 26
pin_num 4
25 23 0
27 31 0
12 18 0
36 18 0
Net_id 27
pin_num 4
41 49 0
58 52 0
22 49 0
29 59 0
Net_id 28
pin_num 4
35 3 0
27 2 0
16 3 0
21 1 0
Net_id 29
pin_num 4
49 11 0
59 13 0
39 7 0
50 10 0
Net_id 30
pin_num 4
1 48 0
7 48 0
11 59 0
4 52 0
Net_id 31
pin_num 4
40 46 0
59 35 0
53 38 0
46 23 0
Net_id 32
pin_num 4
50 1 0
38 3 0
35 4 0
56 6 0
Net_id 33
pin_num 4
51 54 0
57 54 0
55 51 0
57 49 0
Net_id 34
pin_num 4
38 58 0
23 52 0
0 52 0
13 58 0
Net_id 35
pin_num 4
56 14 0
53 16 0
47 20 0
47 5 0
Net_id 36
pin_num 4
59 9 0
52 9 0
58 16 0
59 3 0
Net_id 37
pin_num 4
54 15 0
55 20 0
57 8 0
57 0 0
Net_id 38
pin_num 3
8 35 0
8 27 0
18 34 0
Net_id 39
pin_num 3
40 15 0
32 11 0
30 14 0
Net_id 40
pin_num 3
33 17 0
35 32 0
39 33 0
Net_id 41
pin_num 3
26 55 0
33 57 0
20 56 0
Net_id 42
pin_num 3
47 30 0
29 40 0
42 19 0
Net_id 43
pin_num 3
48 12 0
34 12 0
56 10 0
Net_id 44
pin_num 3
13 20 0
24 18 0
10 11 0
Net_id 45
pin_num 3
57 41 0
54 32 0
55 49 0
Net_id 46
pin_num 3
17 14 0
12 26 0
11 11 0
Net_id 47
pin_num 3
17 15 0
32 17 0
13 16 0
Net_id 48
pin_num 3
59 21 0
53 21 0
56 12 0
Net_id 49
pin_num 3
1 39 0
5 36 0
12 42 0
Net_id 50
pin_num 3
3 43 0
1 59 0
14 57 0
Net_id 51
pin_num 3
20 14 0
32 2 0
23 6 0
Net_id 52
pin_num 3
55 7 0
58 30 0
49 14 0
Net_id 53
pin_num 3
28 50 0
7 57 0
6 51 0
Net_id 54
pin_num 3
21 9 0
35 33 0
56 32 0
Net_id 55
pin_num 3
28 48 0
32 47 0
28 43 0
Net_id 56
pin_num 3
28 17 0
27 4 0
11 12 0
Net_id 57
pin_num 3
16 30 0
32 24 0
10 25 0
Net_id 58
pin_num 3
23 28 0
37 14 0
48 16 0
Net_id 59
pin_num 3
0 5 0
15 0 0
2 9 0
Net_id 60
pin_num 3
59 27 0
38 23 0
50 34 0
Net_id 61
pin_num 3
0 26 0
8 36 0
7 36 0
Net_id 62
pin_num 3
57 3 0
39 6 0
51 2 0
Net_id 63
pin_num 3
50 5 0
49 15 0
50 27 0
Net_id 64
pin_num 3
35 42 0
52 43 0
2 58 0
Net_id 65
pin_num 3
55 5 0
58 3 0
58 33 0
Net_id 66
pin_num 3
38 25 0
30 25 0
56 24 0
Net_id 67
pin_num 3
58 1 0
41 9 0
24 20 0
Net_id 68
pin_num 3
40 23 0
54 16 0
43 19 0
Net_id 69
pin_num 3
53 27 0
44 31 0
57 36 0
Net_id 70
pin_num 3
58 51 0
51 26 0
56 58 0
Net_id 71
pin_num 3
18 55 0
26 59 0
3 42 0
Net_id 72
pin_num 3
5 11 0
1 4 0
18 6 0
Net_id 73
pin_num 3
8 5 0
1 16 0
20 16 0
Net_id 74
pin_num 3
34 21 0
43 20 0
44 28 0
Net_id 75
pin_num 3
4 27 0
12 38 0
0 42 0
Net_id 76
pin_num 2
44 35 0
39 34 0
Net_id 77
pin_num 2
58 2 0
50 0 0
Net_id 78
pin_num 2
29 43 0
41 43 0
Net_id 79
pin_num 2
55 56 0
51 56 0
Net_id 80
pin_num 2
9 23 0
5 18 0
Net_id 81
pin_num 2
15 11 0
3 35 0
Net_id 82
pin_num 2
12 9 0
7 7 0
Net_id 83
pin_num 2
10 2 0
38 4 0
Net_id 84
pin_num 2
12 22 0
11 29 0
Net_id 85
pin_num 2
41 24 0
58 40 0
Net_id 86
pin_num 2
38 44 0
36 38 0
Net_id 87
pin_num 2
29 42 0
45 53 0
Net_id 88
pin_num 2
5 44 0
2 40 0
Net_id 89
pin_num 2
37 52 0
20 57 0
Net_id 90
pin_num 2
20 42 0
9 27 0
Net_id 91
pin_num 2
12 47 0
5 45 0
Net_id 92
pin_num 2
48 33 0
37 39 0
Net_id 93
pin_num 2
44 29 0
53 40 0
Net_id 94
pin_num 2
52 45 0
59 42 0
Net_id 95
pin_num 2
8 13 0
17 1 0
Net_id 96
pin_num 2
4 25 0
20 1 0
Net_id 97
pin_num 2
42 4 0
46 4 0
Net_id 98
pin_num 2
20 49 0
25 47 0
Net_id 99
pin_num 2
6 9 0
5 13 0
Net_id 100
pin_num 2
6 52 0
11 52 0
Net_id 101
pin_num 2
29 7 0
39 36 0
Net_id 102
pin_num 2
7 21 0
0 27 0
Net_id 103
pin_num 2
17 23 0
24 36 0
Net_id 104
pin_num 2
28 22 0
18 35 0
Net_id 105
pin_num 2
35 39 0
14 27 0
Net_id 106
pin_num 2
36 50 0
24 40 0
Net_id 107
pin_num 2
48 8 0
58 4 0
Net_id 108
pin_num 2
32 48 0
42 50 0
Net_id 109
pin_num 2
14 2 0
16 0 0
Net_id 110
pin_num 2
51 20 0
54 22 0
Net_id 111
pin_num 2
3 8 0
9 10 0
Net_id 112
pin_num 2
51 39 0
40 50 0
Net_id 113
pin_num 2
44 11 0
40 3 0
Net_id 114
pin_num 2
48 46 0
42 54 0
Net_id 115
pin_num 2
57 53 0
59 52 0
Net_id 116
pin_num 2
17 45 0
27 46 0
Net_id 117
pin_num 2
49 49 0
58 49 0
Net_id 118
pin_num 2
51 22 0
59 18 0
Net_id 119
pin_num 2
35 54 0
14 54 0
Net_id 120
pin_num 2
57 6 0
54 7 0
Net_id 121
pin_num 2
13 22 0
22 22 0
Net_id 122
pin_num 2
21 26 0
15 21 0
Net_id 123
pin_num 2
25 20 0
44 15 0
Net_id 124
pin_num 2
58 35 0
44 39 0
Net_id 125
pin_num 2
13 52 0
2 52 0
Net_id 126
pin_num 2
40 41 0
57 22 0
Net_id 127
pin_num 2
25 56 0
42 43 0
Net_id 128
pin_num 2
41 0 0
51 15 0
Net_id 129
pin_num 2
18 56 0
8 58 0
Net_id 130
pin_num 2
1 13 0
12 21 0
Net_id 131
pin_num 2
18 27 0
9 26 0
Net_id 132
pin_num 2
46 19 0
31 2 0
Net_id 133
pin_num 2
9 43 0
35 38 0
Net_id 134
pin_num 2
27 27 0
32 19 0
Net_id 135
pin_num 2
42 33 0
40 31 0
Net_id 136
pin_num 2
37 36 0
57 39 0
Net_id 137
pin_num 2
5 10 0
28 2 0
Net_id 138
pin_num 2
18 54 0
9 56 0
Net_id 139
pin_num 2
4 12 0
8 21 0
Net_id 140
pin_num 2
40 53 0
52 51 0
Net_id 141
pin_num 2
27 14 0
16 32 0
Net_id 142
pin_num 2
56 11 0
40 5 0
Net_id 143
pin_num 2
43 8 0
50 14 0
Net_id 144
pin_num 2
30 38 0
24 42 0
Net_id 145
pin_num 2
55 1 0
47 22 0
Net_id 146
pin_num 2
3 50 0
8 55 0
Net_id 147
pin_num 2
29 30 0
39 54 0
Net_id 148
pin_num 2
52 10 0
32 5 0
Net_id 149
pin_num 2
15 37 0
1 34 0
Net_id 150
pin_num 2
10 38 0
19 41 0
Net_id 151
pin_num 2
14 52 0
4 54 0
Net_id 152
pin_num 2
6 25 0
1 3 0
Net_id 153
pin_num 2
20 48 0
4 55 0
Net_id 154
pin_num 2
48 49 0
52 42 0
Net_id 155
pin_num 2
24 22 0
12 31 0
Net_id 156
pin_num 2
41 39 0
29 50 0
Net_id 157
pin_num 2
2 33 0
6 44 0
