Width 60
Height 60
Layer 6
Total_WL 6546
Obstacle_num 144
11 42 0 16 43 0
0 51 0 3 52 0
47 54 0 56 55 0
8 57 0 18 58 0
45 37 0 49 38 0
22 34 0 32 35 0
11 56 0 20 57 0
13 2 0 19 3 0
24 43 0 31 44 0
11 19 0 14 20 0
4 22 0 10 23 0
25 58 0 33 59 0
34 53 0 38 54 0
17 31 0 25 32 0
10 26 0 19 27 0
11 52 0 19 53 0
15 13 0 18 14 0
37 58 0 43 59 0
1 3 0 10 4 0
14 49 0 22 50 0
21 22 0 31 23 0
1 20 0 10 21 0
49 22 0 55 23 0
31 5 0 40 6 0
46 36 1 47 44 1
41 21 1 42 29 1
21 17 1 22 22 1
55 10 1 56 15 1
30 5 1 31 11 1
21 49 1 22 53 1
20 54 1 21 58 1
29 51 1 30 54 1
42 4 1 43 11 1
11 8 1 12 14 1
2 4 1 3 8 1
45 42 1 46 49 1
6 55 1 7 59 1
44 10 1 45 18 1
41 14 1 42 19 1
27 39 1 28 47 1
30 12 1 31 17 1
0 39 1 1 49 1
2 15 1 3 23 1
30 36 1 31 44 1
23 34 1 24 42 1
15 0 1 16 3 1
4 26 1 5 34 1
41 50 1 42 54 1
15 54 2 24 55 2
15 27 2 18 28 2
25 9 2 28 10 2
50 17 2 57 18 2
0 6 2 10 7 2
41 52 2 48 53 2
32 0 2 40 1 2
30 25 2 38 26 2
29 19 2 38 20 2
40 20 2 43 21 2
47 27 2 50 28 2
7 13 2 12 14 2
15 57 2 23 58 2
41 34 2 44 35 2
43 31 2 47 32 2
27 4 2 36 5 2
31 24 2 37 25 2
42 3 2 48 4 2
24 10 2 30 11 2
38 6 2 46 7 2
7 44 2 14 45 2
47 28 2 57 29 2
27 16 2 36 17 2
37 37 2 44 38 2
17 17 3 18 22 3
31 33 3 32 42 3
45 21 3 46 24 3
36 12 3 37 18 3
54 25 3 55 35 3
48 27 3 49 31 3
24 35 3 25 38 3
38 29 3 39 33 3
37 47 3 38 53 3
1 20 3 2 25 3
51 5 3 52 8 3
46 45 3 47 51 3
42 29 3 43 33 3
39 34 3 40 40 3
38 38 3 39 43 3
6 43 3 7 51 3
52 8 3 53 17 3
25 22 3 26 32 3
49 8 3 50 12 3
55 26 3 56 36 3
1 3 3 2 9 3
32 49 3 33 53 3
42 5 3 43 13 3
3 14 3 4 18 3
11 43 4 20 44 4
42 34 4 50 35 4
3 25 4 8 26 4
2 23 4 10 24 4
16 40 4 22 41 4
10 29 4 20 30 4
4 9 4 7 10 4
1 45 4 11 46 4
44 27 4 53 28 4
4 22 4 9 23 4
0 4 4 6 5 4
23 25 4 33 26 4
25 10 4 35 11 4
41 28 4 46 29 4
47 32 4 51 33 4
27 55 4 32 56 4
36 55 4 46 56 4
31 19 4 36 20 4
15 55 4 21 56 4
31 44 4 38 45 4
37 1 4 47 2 4
41 53 4 44 54 4
11 28 4 14 29 4
27 58 4 36 59 4
28 23 5 29 32 5
46 30 5 47 39 5
31 35 5 32 43 5
24 46 5 25 50 5
0 33 5 1 42 5
31 48 5 32 57 5
46 56 5 47 59 5
17 15 5 18 20 5
37 16 5 38 19 5
26 50 5 27 54 5
20 23 5 21 29 5
36 29 5 37 36 5
43 13 5 44 17 5
12 49 5 13 56 5
55 42 5 56 51 5
39 16 5 40 22 5
9 6 5 10 12 5
30 25 5 31 35 5
3 49 5 4 53 5
48 12 5 49 17 5
8 41 5 9 48 5
13 14 5 14 22 5
22 33 5 23 37 5
20 55 5 21 58 5
Net_num 160
Net_id 0
pin_num 5
14 24 0
21 29 0
16 12 0
33 17 0
32 21 0
Net_id 1
pin_num 5
17 11 0
17 16 0
27 15 0
17 28 0
22 20 0
Net_id 2
pin_num 5
39 25 0
32 25 0
17 25 0
38 7 0
32 8 0
Net_id 3
pin_num 5
3 21 0
7 19 0
7 4 0
25 14 0
5 35 0
Net_id 4
pin_num 5
6 9 0
13 1 0
35 4 0
0 3 0
49 4 0
Net_id 5
pin_num 5
19 16 0
27 8 0
29 0 0
33 0 0
28 14 0
Net_id 6
pin_num 5
43 12 0
27 13 0
40 6 0
37 3 0
55 12 0
Net_id 7
pin_num 5
50 31 0
58 27 0
59 15 0
58 34 0
48 25 0
Net_id 8
pin_num 5
2 2 0
12 8 0
12 27 0
0 2 0
18 21 0
Net_id 9
pin_num 5
44 22 0
54 21 0
47 39 0
47 34 0
59 8 0
Net_id 10
pin_num 5
43 19 0
42 16 0
18 19 0
22 38 0
53 13 0
Net_id 11
pin_num 5
51 37 0
53 34 0
52 15 0
43 8 0
51 41 0
Net_id 12
pin_num 5
57 24 0
45 21 0
51 18 0
55 19 0
55 29 0
Net_id 13
pin_num 5
25 9 0
17 9 0
18 1 0
17 0 0
22 18 0
Net_id 14
pin_num 5
35 41 0
29 41 0
34 24 0
31 44 0
35 59 0
Net_id 15
pin_num 5
53 2 0
58 12 0
46 9 0
27 12 0
49 0 0
Net_id 16
pin_num 5
2 8 0
1 19 0
1 17 0
16 25 0
23 20 0
Net_id 17
pin_num 5
8 51 0
5 55 0
30 51 0
5 38 0
1 42 0
Net_id 18
pin_num 4
33 53 0
24 58 0
33 54 0
23 59 0
Net_id 19
pin_num 4
23 1 0
29 6 0
19 5 0
19 2 0
Net_id 20
pin_num 4
29 3 0
20 1 0
26 10 0
30 1 0
Net_id 21
pin_num 4
54 1 0
48 6 0
57 14 0
57 25 0
Net_id 22
pin_num 4
46 5 0
58 0 0
50 7 0
54 17 0
Net_id 23
pin_num 4
54 8 0
46 0 0
44 1 0
49 23 0
Net_id 24
pin_num 4
36 51 0
23 46 0
33 42 0
33 52 0
Net_id 25
pin_num 4
49 37 0
57 41 0
57 58 0
53 29 0
Net_id 26
pin_num 4
40 34 0
43 25 0
33 15 0
38 3 0
Net_id 27
pin_num 4
4 11 0
16 9 0
9 32 0
2 12 0
Net_id 28
pin_num 4
34 48 0
27 37 0
27 49 0
47 42 0
Net_id 29
pin_num 4
51 53 0
54 56 0
37 56 0
59 49 0
Net_id 30
pin_num 4
28 9 0
39 9 0
45 0 0
41 5 0
Net_id 31
pin_num 4
12 36 0
6 35 0
19 35 0
15 28 0
Net_id 32
pin_num 4
56 46 0
59 35 0
59 36 0
54 49 0
Net_id 33
pin_num 4
44 31 0
49 30 0
46 14 0
50 17 0
Net_id 34
pin_num 4
42 34 0
42 45 0
28 45 0
50 32 0
Net_id 35
pin_num 4
14 20 0
16 8 0
7 18 0
15 15 0
Net_id 36
pin_num 4
36 40 0
52 40 0
51 59 0
57 59 0
Net_id 37
pin_num 4
40 47 0
47 44 0
32 46 0
36 59 0
Net_id 38
pin_num 4
7 50 0
10 52 0
0 56 0
14 59 0
Net_id 39
pin_num 3
3 14 0
13 0 0
9 1 0
Net_id 40
pin_num 3
22 52 0
25 50 0
25 33 0
Net_id 41
pin_num 3
35 23 0
57 30 0
52 10 0
Net_id 42
pin_num 3
45 49 0
53 50 0
36 58 0
Net_id 43
pin_num 3
27 24 0
34 17 0
53 18 0
Net_id 44
pin_num 3
2 10 0
21 23 0
7 31 0
Net_id 45
pin_num 3
42 22 0
35 6 0
35 31 0
Net_id 46
pin_num 3
0 44 0
7 44 0
16 43 0
Net_id 47
pin_num 3
28 36 0
36 22 0
56 23 0
Net_id 48
pin_num 3
29 30 0
39 10 0
55 30 0
Net_id 49
pin_num 3
28 8 0
36 2 0
21 0 0
Net_id 50
pin_num 3
59 32 0
41 31 0
47 59 0
Net_id 51
pin_num 3
23 43 0
15 46 0
39 53 0
Net_id 52
pin_num 3
48 8 0
53 16 0
29 11 0
Net_id 53
pin_num 3
2 48 0
3 58 0
15 53 0
Net_id 54
pin_num 3
55 11 0
49 11 0
36 3 0
Net_id 55
pin_num 3
25 31 0
33 27 0
25 6 0
Net_id 56
pin_num 3
32 36 0
37 32 0
53 35 0
Net_id 57
pin_num 3
9 34 0
10 25 0
34 23 0
Net_id 58
pin_num 3
36 41 0
48 23 0
40 27 0
Net_id 59
pin_num 3
5 14 0
8 16 0
8 38 0
Net_id 60
pin_num 3
55 8 0
59 1 0
51 4 0
Net_id 61
pin_num 3
45 27 0
42 26 0
58 17 0
Net_id 62
pin_num 3
18 54 0
26 55 0
44 47 0
Net_id 63
pin_num 3
56 25 0
48 46 0
37 22 0
Net_id 64
pin_num 3
49 58 0
55 52 0
52 52 0
Net_id 65
pin_num 3
52 20 0
55 1 0
58 29 0
Net_id 66
pin_num 3
11 16 0
26 12 0
14 31 0
Net_id 67
pin_num 3
10 13 0
1 1 0
0 20 0
Net_id 68
pin_num 3
0 38 0
10 21 0
27 32 0
Net_id 69
pin_num 3
51 29 0
36 29 0
56 19 0
Net_id 70
pin_num 3
51 48 0
30 56 0
37 57 0
Net_id 71
pin_num 3
30 3 0
23 0 0
22 11 0
Net_id 72
pin_num 3
28 39 0
3 35 0
18 18 0
Net_id 73
pin_num 3
14 36 0
28 21 0
10 23 0
Net_id 74
pin_num 3
17 15 0
31 26 0
9 10 0
Net_id 75
pin_num 3
51 45 0
53 57 0
55 47 0
Net_id 76
pin_num 3
14 39 0
32 43 0
0 49 0
Net_id 77
pin_num 3
27 44 0
35 44 0
25 59 0
Net_id 78
pin_num 3
39 34 0
35 33 0
38 48 0
Net_id 79
pin_num 3
19 22 0
20 30 0
11 29 0
Net_id 80
pin_num 2
13 8 0
11 27 0
Net_id 81
pin_num 2
15 23 0
19 52 0
Net_id 82
pin_num 2
9 29 0
13 48 0
Net_id 83
pin_num 2
46 34 0
41 35 0
Net_id 84
pin_num 2
21 16 0
11 1 0
Net_id 85
pin_num 2
45 23 0
13 34 0
Net_id 86
pin_num 2
4 40 0
20 33 0
Net_id 87
pin_num 2
13 12 0
24 23 0
Net_id 88
pin_num 2
8 17 0
3 17 0
Net_id 89
pin_num 2
20 48 0
38 27 0
Net_id 90
pin_num 2
59 44 0
50 53 0
Net_id 91
pin_num 2
23 30 0
21 32 0
Net_id 92
pin_num 2
38 33 0
41 29 0
Net_id 93
pin_num 2
20 28 0
35 26 0
Net_id 94
pin_num 2
17 32 0
7 37 0
Net_id 95
pin_num 2
24 5 0
10 7 0
Net_id 96
pin_num 2
12 46 0
15 44 0
Net_id 97
pin_num 2
30 27 0
13 24 0
Net_id 98
pin_num 2
20 56 0
33 40 0
Net_id 99
pin_num 2
3 33 0
6 29 0
Net_id 100
pin_num 2
28 53 0
38 57 0
Net_id 101
pin_num 2
47 43 0
35 39 0
Net_id 102
pin_num 2
1 52 0
26 56 0
Net_id 103
pin_num 2
50 35 0
46 35 0
Net_id 104
pin_num 2
48 33 0
38 30 0
Net_id 105
pin_num 2
52 16 0
29 16 0
Net_id 106
pin_num 2
1 36 0
14 10 0
Net_id 107
pin_num 2
4 57 0
1 41 0
Net_id 108
pin_num 2
53 41 0
55 46 0
Net_id 109
pin_num 2
34 33 0
31 29 0
Net_id 110
pin_num 2
50 19 0
21 33 0
Net_id 111
pin_num 2
42 25 0
28 15 0
Net_id 112
pin_num 2
17 7 0
24 13 0
Net_id 113
pin_num 2
54 43 0
58 42 0
Net_id 114
pin_num 2
4 41 0
15 38 0
Net_id 115
pin_num 2
10 3 0
14 5 0
Net_id 116
pin_num 2
2 25 0
7 23 0
Net_id 117
pin_num 2
25 35 0
22 40 0
Net_id 118
pin_num 2
47 10 0
55 38 0
Net_id 119
pin_num 2
49 27 0
45 25 0
Net_id 120
pin_num 2
48 51 0
40 51 0
Net_id 121
pin_num 2
3 30 0
1 2 0
Net_id 122
pin_num 2
42 46 0
32 27 0
Net_id 123
pin_num 2
30 50 0
55 16 0
Net_id 124
pin_num 2
58 56 0
58 50 0
Net_id 125
pin_num 2
0 11 0
3 8 0
Net_id 126
pin_num 2
37 13 0
29 38 0
Net_id 127
pin_num 2
58 10 0
55 20 0
Net_id 128
pin_num 2
37 28 0
44 39 0
Net_id 129
pin_num 2
15 36 0
37 38 0
Net_id 130
pin_num 2
28 52 0
31 51 0
Net_id 131
pin_num 2
15 41 0
4 58 0
Net_id 132
pin_num 2
58 47 0
57 49 0
Net_id 133
pin_num 2
51 2 0
26 20 0
Net_id 134
pin_num 2
27 45 0
19 42 0
Net_id 135
pin_num 2
54 3 0
59 7 0
Net_id 136
pin_num 2
42 14 0
50 23 0
Net_id 137
pin_num 2
28 41 0
8 47 0
Net_id 138
pin_num 2
40 8 0
49 1 0
Net_id 139
pin_num 2
14 1 0
16 0 0
Net_id 140
pin_num 2
53 33 0
56 29 0
Net_id 141
pin_num 2
49 28 0
53 14 0
Net_id 142
pin_num 2
3 55 0
25 56 0
Net_id 143
pin_num 2
58 6 0
44 5 0
Net_id 144
pin_num 2
42 28 0
35 22 0
Net_id 145
pin_num 2
54 15 0
58 15 0
Net_id 146
pin_num 2
21 6 0
1 18 0
Net_id 147
pin_num 2
33 57 0
27 59 0
Net_id 148
pin_num 2
29 40 0
26 24 0
Net_id 149
pin_num 2
37 47 0
27 36 0
Net_id 150
pin_num 2
40 54 0
37 31 0
Net_id 151
pin_num 2
9 8 0
18 41 0
Net_id 152
pin_num 2
16 54 0
35 38 0
Net_id 153
pin_num 2
19 10 0
32 3 0
Net_id 154
pin_num 2
12 17 0
26 44 0
Net_id 155
pin_num 2
49 17 0
43 17 0
Net_id 156
pin_num 2
12 0 0
3 18 0
Net_id 157
pin_num 2
32 44 0
24 49 0
Net_id 158
pin_num 2
50 14 0
47 15 0
Net_id 159
pin_num 2
4 37 0
4 42 0
