Width 60
Height 60
Layer 6
Total_WL 6978
Obstacle_num 144
25 12 0 35 13 0
35 3 0 38 4 0
17 4 0 21 5 0
9 29 0 14 30 0
5 39 0 14 40 0
38 48 0 45 49 0
41 25 0 51 26 0
16 28 0 23 29 0
27 55 0 32 56 0
35 8 0 41 9 0
53 27 0 58 28 0
2 42 0 12 43 0
47 18 0 54 19 0
45 43 0 52 44 0
46 2 0 54 3 0
2 46 0 10 47 0
23 42 0 27 43 0
48 36 0 57 37 0
13 2 0 18 3 0
12 37 0 17 38 0
11 53 0 20 54 0
29 6 0 33 7 0
47 41 0 56 42 0
48 22 0 52 23 0
53 49 1 54 59 1
0 50 1 1 54 1
53 27 1 54 36 1
35 34 1 36 38 1
7 50 1 8 56 1
9 27 1 10 33 1
29 27 1 30 31 1
30 4 1 31 9 1
6 23 1 7 27 1
31 32 1 32 40 1
37 33 1 38 40 1
9 44 1 10 49 1
56 40 1 57 50 1
35 14 1 36 18 1
46 11 1 47 18 1
10 17 1 11 23 1
53 10 1 54 17 1
43 34 1 44 39 1
23 42 1 24 52 1
38 37 1 39 44 1
32 27 1 33 36 1
50 35 1 51 45 1
58 43 1 59 46 1
4 19 1 5 27 1
44 30 2 50 31 2
18 17 2 22 18 2
9 54 2 16 55 2
5 28 2 10 29 2
21 9 2 25 10 2
36 12 2 45 13 2
3 46 2 12 47 2
37 0 2 44 1 2
13 52 2 17 53 2
33 46 2 42 47 2
19 47 2 26 48 2
31 14 2 41 15 2
37 22 2 40 23 2
7 13 2 11 14 2
25 44 2 32 45 2
50 21 2 59 22 2
11 13 2 19 14 2
14 44 2 20 45 2
3 14 2 7 15 2
53 29 2 57 30 2
52 11 2 55 12 2
31 9 2 39 10 2
0 52 2 5 53 2
6 22 2 13 23 2
43 6 3 44 14 3
29 15 3 30 21 3
2 10 3 3 17 3
33 50 3 34 57 3
1 11 3 2 18 3
27 31 3 28 34 3
34 38 3 35 46 3
2 53 3 3 58 3
22 32 3 23 42 3
25 15 3 26 18 3
50 5 3 51 11 3
53 18 3 54 28 3
20 37 3 21 44 3
13 13 3 14 18 3
56 50 3 57 57 3
24 19 3 25 28 3
23 49 3 24 54 3
5 9 3 6 17 3
32 11 3 33 19 3
12 8 3 13 12 3
44 50 3 45 59 3
25 34 3 26 40 3
35 43 3 36 50 3
31 15 3 32 24 3
37 10 4 43 11 4
4 48 4 13 49 4
32 55 4 42 56 4
0 5 4 7 6 4
19 22 4 22 23 4
34 12 4 42 13 4
29 17 4 34 18 4
0 32 4 7 33 4
1 45 4 9 46 4
40 29 4 48 30 4
49 37 4 53 38 4
49 22 4 57 23 4
21 27 4 25 28 4
38 20 4 42 21 4
47 28 4 54 29 4
8 52 4 16 53 4
29 38 4 32 39 4
33 25 4 37 26 4
53 33 4 58 34 4
11 31 4 21 32 4
14 47 4 20 48 4
18 29 4 22 30 4
48 45 4 53 46 4
23 44 4 33 45 4
34 1 5 35 9 5
10 33 5 11 43 5
42 43 5 43 53 5
38 24 5 39 29 5
9 50 5 10 56 5
7 19 5 8 22 5
21 42 5 22 47 5
20 48 5 21 58 5
20 13 5 21 19 5
36 22 5 37 29 5
33 33 5 34 36 5
7 0 5 8 3 5
49 6 5 50 16 5
48 8 5 49 14 5
17 46 5 18 55 5
51 0 5 52 4 5
56 24 5 57 32 5
47 27 5 48 32 5
41 35 5 42 43 5
22 8 5 23 16 5
24 6 5 25 16 5
56 10 5 57 20 5
56 44 5 57 48 5
39 9 5 40 19 5
Net_num 161
Net_id 0
pin_num 5
10 36 0
1 31 0
3 19 0
25 31 0
2 37 0
Net_id 1
pin_num 5
29 14 0
37 18 0
35 39 0
31 11 0
31 28 0
Net_id 2
pin_num 5
48 6 0
41 6 0
59 0 0
59 7 0
42 1 0
Net_id 3
pin_num 5
38 6 0
26 11 0
29 2 0
39 6 0
44 0 0
Net_id 4
pin_num 5
28 49 0
43 53 0
59 52 0
59 53 0
48 39 0
Net_id 5
pin_num 5
16 12 0
24 18 0
0 18 0
33 15 0
21 7 0
Net_id 6
pin_num 5
55 42 0
46 38 0
54 55 0
57 51 0
49 53 0
Net_id 7
pin_num 5
17 42 0
12 59 0
34 44 0
13 35 0
28 59 0
Net_id 8
pin_num 5
20 31 0
15 30 0
24 23 0
14 19 0
7 30 0
Net_id 9
pin_num 5
16 3 0
25 5 0
36 1 0
31 8 0
32 24 0
Net_id 10
pin_num 5
27 37 0
31 31 0
37 37 0
47 29 0
47 17 0
Net_id 11
pin_num 5
19 16 0
8 18 0
11 38 0
11 46 0
11 52 0
Net_id 12
pin_num 5
20 10 0
23 25 0
19 0 0
33 22 0
38 3 0
Net_id 13
pin_num 5
3 10 0
0 12 0
8 11 0
14 22 0
2 8 0
Net_id 14
pin_num 5
40 33 0
50 24 0
46 5 0
52 19 0
56 0 0
Net_id 15
pin_num 5
13 51 0
6 51 0
21 51 0
16 33 0
23 49 0
Net_id 16
pin_num 5
47 24 0
58 19 0
55 11 0
59 37 0
52 20 0
Net_id 17
pin_num 5
21 11 0
28 17 0
32 0 0
24 12 0
23 14 0
Net_id 18
pin_num 4
4 9 0
1 6 0
0 17 0
17 10 0
Net_id 19
pin_num 4
3 30 0
2 17 0
0 37 0
25 18 0
Net_id 20
pin_num 4
41 4 0
43 3 0
58 4 0
48 5 0
Net_id 21
pin_num 4
26 7 0
42 5 0
26 8 0
43 7 0
Net_id 22
pin_num 4
45 9 0
37 1 0
48 17 0
39 33 0
Net_id 23
pin_num 4
32 17 0
27 19 0
45 15 0
42 26 0
Net_id 24
pin_num 4
3 37 0
10 28 0
10 16 0
0 41 0
Net_id 25
pin_num 4
38 46 0
46 50 0
26 50 0
41 41 0
Net_id 26
pin_num 4
51 56 0
42 52 0
36 59 0
35 56 0
Net_id 27
pin_num 4
32 28 0
41 24 0
36 33 0
22 27 0
Net_id 28
pin_num 4
48 32 0
34 34 0
38 51 0
45 44 0
Net_id 29
pin_num 4
36 16 0
40 17 0
59 8 0
51 13 0
Net_id 30
pin_num 4
42 18 0
46 27 0
38 7 0
38 23 0
Net_id 31
pin_num 4
32 51 0
27 50 0
38 58 0
32 50 0
Net_id 32
pin_num 4
25 30 0
33 30 0
18 16 0
23 36 0
Net_id 33
pin_num 4
42 55 0
34 47 0
41 57 0
47 50 0
Net_id 34
pin_num 4
22 50 0
15 47 0
25 49 0
27 57 0
Net_id 35
pin_num 4
44 20 0
23 20 0
45 23 0
3 20 0
Net_id 36
pin_num 4
39 4 0
40 15 0
50 1 0
57 8 0
Net_id 37
pin_num 4
17 5 0
27 9 0
0 0 0
2 7 0
Net_id 38
pin_num 4
29 52 0
13 49 0
41 53 0
28 43 0
Net_id 39
pin_num 3
31 57 0
15 46 0
17 32 0
Net_id 40
pin_num 3
59 49 0
47 57 0
37 59 0
Net_id 41
pin_num 3
7 9 0
3 12 0
9 19 0
Net_id 42
pin_num 3
38 43 0
42 37 0
45 27 0
Net_id 43
pin_num 3
7 2 0
13 19 0
13 32 0
Net_id 44
pin_num 3
2 19 0
29 21 0
14 1 0
Net_id 45
pin_num 3
28 28 0
36 15 0
35 19 0
Net_id 46
pin_num 3
41 10 0
53 5 0
31 21 0
Net_id 47
pin_num 3
32 36 0
46 34 0
38 24 0
Net_id 48
pin_num 3
9 34 0
15 41 0
12 6 0
Net_id 49
pin_num 3
40 53 0
32 53 0
24 53 0
Net_id 50
pin_num 3
5 13 0
2 23 0
8 0 0
Net_id 51
pin_num 3
48 31 0
58 27 0
48 9 0
Net_id 52
pin_num 3
44 13 0
48 16 0
29 16 0
Net_id 53
pin_num 3
3 21 0
5 30 0
4 50 0
Net_id 54
pin_num 3
34 23 0
10 32 0
40 30 0
Net_id 55
pin_num 3
34 50 0
51 44 0
33 59 0
Net_id 56
pin_num 3
42 24 0
53 37 0
47 51 0
Net_id 57
pin_num 3
11 56 0
26 47 0
44 49 0
Net_id 58
pin_num 3
7 17 0
23 28 0
25 0 0
Net_id 59
pin_num 3
33 10 0
41 14 0
54 13 0
Net_id 60
pin_num 3
54 56 0
38 57 0
51 48 0
Net_id 61
pin_num 3
35 0 0
45 7 0
39 31 0
Net_id 62
pin_num 3
6 43 0
18 43 0
18 42 0
Net_id 63
pin_num 3
54 51 0
39 56 0
38 45 0
Net_id 64
pin_num 3
28 33 0
37 27 0
37 57 0
Net_id 65
pin_num 3
13 55 0
24 48 0
0 56 0
Net_id 66
pin_num 3
22 7 0
39 1 0
36 7 0
Net_id 67
pin_num 3
36 14 0
47 10 0
38 1 0
Net_id 68
pin_num 3
19 26 0
35 18 0
30 2 0
Net_id 69
pin_num 3
33 4 0
46 31 0
15 23 0
Net_id 70
pin_num 3
11 0 0
17 11 0
18 23 0
Net_id 71
pin_num 3
45 19 0
35 13 0
44 43 0
Net_id 72
pin_num 3
44 36 0
56 30 0
52 32 0
Net_id 73
pin_num 3
1 52 0
10 59 0
8 40 0
Net_id 74
pin_num 3
58 3 0
46 3 0
59 10 0
Net_id 75
pin_num 3
28 18 0
37 40 0
39 26 0
Net_id 76
pin_num 3
38 42 0
30 42 0
58 37 0
Net_id 77
pin_num 3
2 35 0
14 45 0
23 29 0
Net_id 78
pin_num 3
26 36 0
24 45 0
30 29 0
Net_id 79
pin_num 2
28 45 0
22 45 0
Net_id 80
pin_num 2
46 29 0
36 2 0
Net_id 81
pin_num 2
43 51 0
52 55 0
Net_id 82
pin_num 2
50 38 0
42 11 0
Net_id 83
pin_num 2
7 33 0
21 25 0
Net_id 84
pin_num 2
57 31 0
52 42 0
Net_id 85
pin_num 2
36 39 0
44 39 0
Net_id 86
pin_num 2
24 55 0
36 57 0
Net_id 87
pin_num 2
17 22 0
21 33 0
Net_id 88
pin_num 2
45 21 0
41 16 0
Net_id 89
pin_num 2
49 17 0
36 11 0
Net_id 90
pin_num 2
51 23 0
59 18 0
Net_id 91
pin_num 2
20 41 0
24 46 0
Net_id 92
pin_num 2
21 29 0
9 15 0
Net_id 93
pin_num 2
23 9 0
4 17 0
Net_id 94
pin_num 2
10 14 0
26 1 0
Net_id 95
pin_num 2
11 6 0
6 2 0
Net_id 96
pin_num 2
0 4 0
16 24 0
Net_id 97
pin_num 2
21 58 0
10 50 0
Net_id 98
pin_num 2
18 30 0
14 38 0
Net_id 99
pin_num 2
17 41 0
26 35 0
Net_id 100
pin_num 2
30 4 0
12 2 0
Net_id 101
pin_num 2
18 47 0
23 35 0
Net_id 102
pin_num 2
15 45 0
19 45 0
Net_id 103
pin_num 2
54 33 0
45 3 0
Net_id 104
pin_num 2
9 28 0
13 21 0
Net_id 105
pin_num 2
26 34 0
33 13 0
Net_id 106
pin_num 2
6 19 0
15 1 0
Net_id 107
pin_num 2
45 48 0
53 44 0
Net_id 108
pin_num 2
54 2 0
57 18 0
Net_id 109
pin_num 2
46 15 0
58 18 0
Net_id 110
pin_num 2
34 32 0
58 36 0
Net_id 111
pin_num 2
24 21 0
14 6 0
Net_id 112
pin_num 2
2 55 0
15 57 0
Net_id 113
pin_num 2
57 7 0
40 2 0
Net_id 114
pin_num 2
54 52 0
47 54 0
Net_id 115
pin_num 2
3 8 0
10 11 0
Net_id 116
pin_num 2
45 30 0
33 32 0
Net_id 117
pin_num 2
51 1 0
58 14 0
Net_id 118
pin_num 2
27 21 0
27 27 0
Net_id 119
pin_num 2
1 18 0
13 23 0
Net_id 120
pin_num 2
41 40 0
26 37 0
Net_id 121
pin_num 2
39 11 0
55 24 0
Net_id 122
pin_num 2
17 34 0
8 26 0
Net_id 123
pin_num 2
25 56 0
39 42 0
Net_id 124
pin_num 2
9 1 0
19 13 0
Net_id 125
pin_num 2
40 35 0
58 30 0
Net_id 126
pin_num 2
30 32 0
24 14 0
Net_id 127
pin_num 2
3 22 0
10 24 0
Net_id 128
pin_num 2
16 40 0
5 29 0
Net_id 129
pin_num 2
1 33 0
19 37 0
Net_id 130
pin_num 2
0 14 0
28 9 0
Net_id 131
pin_num 2
10 35 0
1 57 0
Net_id 132
pin_num 2
18 22 0
28 38 0
Net_id 133
pin_num 2
42 31 0
32 41 0
Net_id 134
pin_num 2
48 44 0
32 25 0
Net_id 135
pin_num 2
29 19 0
15 38 0
Net_id 136
pin_num 2
18 25 0
0 44 0
Net_id 137
pin_num 2
49 29 0
47 39 0
Net_id 138
pin_num 2
31 43 0
49 55 0
Net_id 139
pin_num 2
16 15 0
21 22 0
Net_id 140
pin_num 2
24 40 0
27 35 0
Net_id 141
pin_num 2
45 38 0
36 51 0
Net_id 142
pin_num 2
43 31 0
43 40 0
Net_id 143
pin_num 2
35 1 0
19 10 0
Net_id 144
pin_num 2
36 12 0
47 8 0
Net_id 145
pin_num 2
22 56 0
9 26 0
Net_id 146
pin_num 2
7 41 0
7 44 0
Net_id 147
pin_num 2
22 14 0
4 51 0
Net_id 148
pin_num 2
14 39 0
21 42 0
Net_id 149
pin_num 2
44 29 0
23 39 0
Net_id 150
pin_num 2
35 45 0
32 46 0
Net_id 151
pin_num 2
29 29 0
13 25 0
Net_id 152
pin_num 2
25 48 0
21 46 0
Net_id 153
pin_num 2
8 27 0
13 45 0
Net_id 154
pin_num 2
46 11 0
52 11 0
Net_id 155
pin_num 2
56 24 0
58 25 0
Net_id 156
pin_num 2
34 39 0
29 59 0
Net_id 157
pin_num 2
49 45 0
43 44 0
Net_id 158
pin_num 2
59 43 0
30 59 0
Net_id 159
pin_num 2
31 27 0
20 40 0
Net_id 160
pin_num 2
5 17 0
15 24 0
