Width 60
Height 60
Layer 6
Total_WL 6790
Obstacle_num 144
18 13 0 25 14 0
13 7 0 20 8 0
34 12 0 44 13 0
28 2 0 35 3 0
26 38 0 33 39 0
1 22 0 6 23 0
52 17 0 55 18 0
17 4 0 25 5 0
39 51 0 48 52 0
27 56 0 34 57 0
20 6 0 25 7 0
23 44 0 26 45 0
52 43 0 58 44 0
26 33 0 32 34 0
1 48 0 9 49 0
26 26 0 34 27 0
49 14 0 55 15 0
13 37 0 21 38 0
27 24 0 34 25 0
38 26 0 44 27 0
42 56 0 45 57 0
15 15 0 23 16 0
19 42 0 27 43 0
52 1 0 59 2 0
28 42 1 29 48 1
42 16 1 43 20 1
51 11 1 52 19 1
31 30 1 32 40 1
21 17 1 22 27 1
37 38 1 38 47 1
25 38 1 26 42 1
29 40 1 30 49 1
40 29 1 41 37 1
1 4 1 2 11 1
50 24 1 51 30 1
11 28 1 12 31 1
23 44 1 24 48 1
0 27 1 1 31 1
0 16 1 1 21 1
42 25 1 43 33 1
41 28 1 42 38 1
55 27 1 56 35 1
4 29 1 5 32 1
57 34 1 58 41 1
24 25 1 25 35 1
33 2 1 34 7 1
52 24 1 53 28 1
29 6 1 30 16 1
28 28 2 33 29 2
21 49 2 25 50 2
11 5 2 17 6 2
42 7 2 47 8 2
49 16 2 52 17 2
39 21 2 44 22 2
43 50 2 53 51 2
21 5 2 26 6 2
55 45 2 58 46 2
0 23 2 6 24 2
20 29 2 30 30 2
26 27 2 36 28 2
19 51 2 22 52 2
47 35 2 57 36 2
38 5 2 42 6 2
36 56 2 44 57 2
12 33 2 21 34 2
35 49 2 41 50 2
28 23 2 36 24 2
24 15 2 27 16 2
2 33 2 8 34 2
39 25 2 49 26 2
42 26 2 46 27 2
14 45 2 24 46 2
12 32 3 13 36 3
35 33 3 36 43 3
10 50 3 11 55 3
16 9 3 17 12 3
6 0 3 7 5 3
35 1 3 36 11 3
7 11 3 8 21 3
52 35 3 53 44 3
44 11 3 45 16 3
14 43 3 15 52 3
16 18 3 17 22 3
37 29 3 38 32 3
5 10 3 6 20 3
2 21 3 3 30 3
44 35 3 45 41 3
6 25 3 7 31 3
55 45 3 56 55 3
36 29 3 37 35 3
57 44 3 58 54 3
32 30 3 33 39 3
43 16 3 44 19 3
26 23 3 27 32 3
31 1 3 32 10 3
28 51 3 29 56 3
8 22 4 14 23 4
15 33 4 19 34 4
18 28 4 22 29 4
31 23 4 36 24 4
35 13 4 40 14 4
15 53 4 24 54 4
27 4 4 34 5 4
6 13 4 12 14 4
20 42 4 28 43 4
30 2 4 38 3 4
11 4 4 19 5 4
44 46 4 52 47 4
6 3 4 9 4 4
41 56 4 48 57 4
22 36 4 31 37 4
39 49 4 43 50 4
5 8 4 8 9 4
43 7 4 46 8 4
9 44 4 12 45 4
27 57 4 34 58 4
12 31 4 21 32 4
23 43 4 30 44 4
40 9 4 46 10 4
9 36 4 15 37 4
22 14 5 23 17 5
2 23 5 3 28 5
50 18 5 51 26 5
22 18 5 23 24 5
49 35 5 50 42 5
30 19 5 31 27 5
49 15 5 50 24 5
29 36 5 30 42 5
44 22 5 45 26 5
4 22 5 5 32 5
57 29 5 58 34 5
7 30 5 8 39 5
36 2 5 37 8 5
43 50 5 44 54 5
47 11 5 48 20 5
1 49 5 2 55 5
9 1 5 10 6 5
27 51 5 28 59 5
18 31 5 19 35 5
24 9 5 25 14 5
41 26 5 42 33 5
39 30 5 40 38 5
58 19 5 59 24 5
57 6 5 58 11 5
Net_num 161
Net_id 0
pin_num 5
3 30 0
0 23 0
16 24 0
1 50 0
3 59 0
Net_id 1
pin_num 5
25 21 0
17 21 0
18 2 0
21 3 0
0 24 0
Net_id 2
pin_num 5
0 28 0
9 28 0
7 12 0
0 3 0
8 11 0
Net_id 3
pin_num 5
21 27 0
10 21 0
10 45 0
8 27 0
9 17 0
Net_id 4
pin_num 5
35 45 0
41 44 0
40 44 0
59 44 0
41 59 0
Net_id 5
pin_num 5
57 49 0
57 57 0
58 36 0
44 42 0
59 21 0
Net_id 6
pin_num 5
52 11 0
42 7 0
46 2 0
43 22 0
48 33 0
Net_id 7
pin_num 5
55 23 0
46 21 0
43 23 0
56 22 0
57 18 0
Net_id 8
pin_num 5
29 39 0
27 32 0
6 39 0
47 35 0
29 59 0
Net_id 9
pin_num 5
56 16 0
58 17 0
58 46 0
59 1 0
43 33 0
Net_id 10
pin_num 5
58 45 0
54 49 0
49 49 0
59 20 0
54 38 0
Net_id 11
pin_num 5
17 0 0
10 10 0
1 2 0
5 0 0
0 14 0
Net_id 12
pin_num 5
48 56 0
52 56 0
50 58 0
42 55 0
54 58 0
Net_id 13
pin_num 5
25 30 0
8 26 0
3 25 0
16 30 0
8 38 0
Net_id 14
pin_num 5
33 36 0
44 40 0
37 58 0
34 19 0
26 41 0
Net_id 15
pin_num 5
41 19 0
51 19 0
49 16 0
44 6 0
28 13 0
Net_id 16
pin_num 5
34 47 0
43 47 0
46 45 0
53 46 0
30 47 0
Net_id 17
pin_num 5
4 47 0
7 32 0
27 47 0
0 15 0
6 31 0
Net_id 18
pin_num 5
16 18 0
19 5 0
4 15 0
13 2 0
2 0 0
Net_id 19
pin_num 4
30 48 0
42 42 0
31 57 0
51 54 0
Net_id 20
pin_num 4
2 29 0
8 40 0
0 0 0
23 26 0
Net_id 21
pin_num 4
39 32 0
46 29 0
44 21 0
58 24 0
Net_id 22
pin_num 4
35 10 0
44 10 0
37 31 0
47 5 0
Net_id 23
pin_num 4
0 35 0
11 35 0
17 35 0
12 49 0
Net_id 24
pin_num 4
24 0 0
26 4 0
34 1 0
40 1 0
Net_id 25
pin_num 4
45 7 0
55 0 0
53 16 0
49 13 0
Net_id 26
pin_num 4
11 43 0
16 54 0
0 42 0
37 48 0
Net_id 27
pin_num 4
14 40 0
22 34 0
17 59 0
17 31 0
Net_id 28
pin_num 4
49 0 0
38 2 0
38 25 0
45 12 0
Net_id 29
pin_num 4
20 43 0
25 31 0
8 41 0
17 32 0
Net_id 30
pin_num 4
31 36 0
45 24 0
40 7 0
28 25 0
Net_id 31
pin_num 4
8 23 0
5 27 0
15 25 0
4 23 0
Net_id 32
pin_num 4
16 21 0
27 27 0
23 5 0
33 29 0
Net_id 33
pin_num 4
49 29 0
59 35 0
45 43 0
56 33 0
Net_id 34
pin_num 4
51 57 0
56 51 0
47 57 0
53 50 0
Net_id 35
pin_num 4
0 17 0
11 26 0
7 29 0
8 18 0
Net_id 36
pin_num 4
22 11 0
11 16 0
13 19 0
27 12 0
Net_id 37
pin_num 4
1 3 0
11 0 0
9 0 0
14 8 0
Net_id 38
pin_num 4
9 9 0
25 4 0
50 0 0
15 1 0
Net_id 39
pin_num 4
44 36 0
38 33 0
22 33 0
33 18 0
Net_id 40
pin_num 3
56 40 0
51 26 0
58 47 0
Net_id 41
pin_num 3
16 36 0
15 28 0
3 33 0
Net_id 42
pin_num 3
59 29 0
55 15 0
40 19 0
Net_id 43
pin_num 3
2 57 0
6 59 0
17 55 0
Net_id 44
pin_num 3
48 44 0
43 39 0
43 6 0
Net_id 45
pin_num 3
15 19 0
14 23 0
42 23 0
Net_id 46
pin_num 3
7 38 0
3 32 0
0 41 0
Net_id 47
pin_num 3
6 32 0
0 34 0
25 34 0
Net_id 48
pin_num 3
29 17 0
13 17 0
5 18 0
Net_id 49
pin_num 3
0 56 0
8 55 0
22 56 0
Net_id 50
pin_num 3
55 2 0
42 14 0
39 19 0
Net_id 51
pin_num 3
26 20 0
19 2 0
19 23 0
Net_id 52
pin_num 3
4 8 0
3 18 0
9 16 0
Net_id 53
pin_num 3
26 18 0
15 23 0
22 10 0
Net_id 54
pin_num 3
54 34 0
27 35 0
57 59 0
Net_id 55
pin_num 3
37 51 0
8 51 0
13 36 0
Net_id 56
pin_num 3
38 57 0
46 52 0
48 58 0
Net_id 57
pin_num 3
28 0 0
21 10 0
47 3 0
Net_id 58
pin_num 3
32 17 0
28 12 0
30 40 0
Net_id 59
pin_num 3
2 12 0
7 5 0
1 12 0
Net_id 60
pin_num 3
51 39 0
58 39 0
54 48 0
Net_id 61
pin_num 3
37 17 0
28 7 0
40 11 0
Net_id 62
pin_num 3
18 45 0
26 37 0
19 59 0
Net_id 63
pin_num 3
38 46 0
23 32 0
33 49 0
Net_id 64
pin_num 3
49 33 0
56 26 0
52 16 0
Net_id 65
pin_num 3
40 43 0
55 58 0
46 41 0
Net_id 66
pin_num 3
48 37 0
19 32 0
19 54 0
Net_id 67
pin_num 3
3 42 0
16 32 0
0 33 0
Net_id 68
pin_num 3
44 30 0
38 20 0
32 21 0
Net_id 69
pin_num 3
6 3 0
16 5 0
7 4 0
Net_id 70
pin_num 3
10 36 0
1 20 0
31 40 0
Net_id 71
pin_num 3
19 49 0
23 41 0
29 31 0
Net_id 72
pin_num 3
50 43 0
44 41 0
49 32 0
Net_id 73
pin_num 3
36 0 0
41 4 0
25 3 0
Net_id 74
pin_num 3
36 27 0
40 39 0
57 32 0
Net_id 75
pin_num 3
0 19 0
25 24 0
9 38 0
Net_id 76
pin_num 3
53 36 0
43 48 0
58 55 0
Net_id 77
pin_num 3
26 52 0
42 49 0
9 43 0
Net_id 78
pin_num 3
59 17 0
49 20 0
53 37 0
Net_id 79
pin_num 2
8 43 0
1 58 0
Net_id 80
pin_num 2
26 2 0
4 14 0
Net_id 81
pin_num 2
3 5 0
23 27 0
Net_id 82
pin_num 2
45 47 0
56 48 0
Net_id 83
pin_num 2
53 31 0
56 25 0
Net_id 84
pin_num 2
20 3 0
6 22 0
Net_id 85
pin_num 2
8 10 0
1 14 0
Net_id 86
pin_num 2
41 7 0
29 1 0
Net_id 87
pin_num 2
24 41 0
3 36 0
Net_id 88
pin_num 2
25 55 0
19 58 0
Net_id 89
pin_num 2
30 45 0
38 41 0
Net_id 90
pin_num 2
50 32 0
44 33 0
Net_id 91
pin_num 2
21 8 0
32 14 0
Net_id 92
pin_num 2
52 15 0
36 2 0
Net_id 93
pin_num 2
50 53 0
23 58 0
Net_id 94
pin_num 2
53 27 0
49 28 0
Net_id 95
pin_num 2
31 6 0
50 17 0
Net_id 96
pin_num 2
14 30 0
9 40 0
Net_id 97
pin_num 2
15 54 0
7 51 0
Net_id 98
pin_num 2
4 9 0
13 8 0
Net_id 99
pin_num 2
56 28 0
55 36 0
Net_id 100
pin_num 2
33 57 0
38 48 0
Net_id 101
pin_num 2
41 1 0
53 2 0
Net_id 102
pin_num 2
47 43 0
39 36 0
Net_id 103
pin_num 2
52 33 0
54 27 0
Net_id 104
pin_num 2
35 6 0
59 0 0
Net_id 105
pin_num 2
36 39 0
39 38 0
Net_id 106
pin_num 2
24 33 0
5 39 0
Net_id 107
pin_num 2
39 25 0
57 41 0
Net_id 108
pin_num 2
52 21 0
36 18 0
Net_id 109
pin_num 2
1 33 0
3 39 0
Net_id 110
pin_num 2
22 14 0
45 2 0
Net_id 111
pin_num 2
42 17 0
49 21 0
Net_id 112
pin_num 2
11 30 0
5 45 0
Net_id 113
pin_num 2
39 41 0
47 24 0
Net_id 114
pin_num 2
12 8 0
3 20 0
Net_id 115
pin_num 2
47 31 0
37 36 0
Net_id 116
pin_num 2
39 18 0
20 8 0
Net_id 117
pin_num 2
12 15 0
6 15 0
Net_id 118
pin_num 2
55 21 0
53 38 0
Net_id 119
pin_num 2
5 6 0
19 8 0
Net_id 120
pin_num 2
27 21 0
21 44 0
Net_id 121
pin_num 2
8 31 0
34 18 0
Net_id 122
pin_num 2
53 9 0
57 9 0
Net_id 123
pin_num 2
48 4 0
42 8 0
Net_id 124
pin_num 2
18 46 0
43 55 0
Net_id 125
pin_num 2
27 28 0
56 41 0
Net_id 126
pin_num 2
42 18 0
33 12 0
Net_id 127
pin_num 2
26 16 0
7 7 0
Net_id 128
pin_num 2
17 58 0
21 53 0
Net_id 129
pin_num 2
13 50 0
0 32 0
Net_id 130
pin_num 2
43 27 0
30 41 0
Net_id 131
pin_num 2
15 55 0
8 53 0
Net_id 132
pin_num 2
34 40 0
18 36 0
Net_id 133
pin_num 2
33 50 0
53 41 0
Net_id 134
pin_num 2
37 42 0
12 52 0
Net_id 135
pin_num 2
48 52 0
55 41 0
Net_id 136
pin_num 2
25 52 0
24 45 0
Net_id 137
pin_num 2
2 43 0
2 47 0
Net_id 138
pin_num 2
42 58 0
32 50 0
Net_id 139
pin_num 2
31 20 0
27 23 0
Net_id 140
pin_num 2
41 8 0
35 31 0
Net_id 141
pin_num 2
36 11 0
55 6 0
Net_id 142
pin_num 2
1 32 0
8 17 0
Net_id 143
pin_num 2
15 41 0
9 42 0
Net_id 144
pin_num 2
3 50 0
17 42 0
Net_id 145
pin_num 2
55 46 0
52 48 0
Net_id 146
pin_num 2
28 43 0
38 45 0
Net_id 147
pin_num 2
16 57 0
26 58 0
Net_id 148
pin_num 2
3 46 0
11 36 0
Net_id 149
pin_num 2
25 28 0
12 12 0
Net_id 150
pin_num 2
48 46 0
52 41 0
Net_id 151
pin_num 2
27 9 0
8 9 0
Net_id 152
pin_num 2
39 24 0
54 21 0
Net_id 153
pin_num 2
11 23 0
13 28 0
Net_id 154
pin_num 2
21 7 0
15 10 0
Net_id 155
pin_num 2
52 24 0
56 23 0
Net_id 156
pin_num 2
19 31 0
14 29 0
Net_id 157
pin_num 2
25 49 0
43 29 0
Net_id 158
pin_num 2
7 20 0
13 10 0
Net_id 159
pin_num 2
43 58 0
44 47 0
Net_id 160
pin_num 2
32 27 0
35 29 0
