Width 60
Height 60
Layer 6
Total_WL 7035
Obstacle_num 144
36 4 0 42 5 0
48 12 0 53 13 0
48 22 0 57 23 0
9 51 0 17 52 0
28 37 0 35 38 0
0 37 0 6 38 0
18 49 0 27 50 0
36 57 0 46 58 0
51 54 0 59 55 0
14 36 0 18 37 0
42 52 0 45 53 0
21 53 0 25 54 0
8 52 0 17 53 0
6 47 0 10 48 0
35 34 0 45 35 0
25 46 0 32 47 0
29 25 0 34 26 0
50 58 0 53 59 0
9 10 0 18 11 0
14 23 0 24 24 0
38 28 0 41 29 0
47 49 0 53 50 0
17 48 0 21 49 0
28 26 0 37 27 0
10 29 1 11 35 1
5 29 1 6 34 1
42 39 1 43 47 1
18 16 1 19 21 1
47 23 1 48 30 1
11 45 1 12 54 1
6 29 1 7 34 1
27 25 1 28 30 1
24 5 1 25 12 1
36 11 1 37 20 1
25 46 1 26 52 1
37 40 1 38 43 1
53 21 1 54 27 1
21 16 1 22 24 1
21 9 1 22 14 1
25 10 1 26 16 1
58 27 1 59 33 1
48 6 1 49 12 1
9 50 1 10 54 1
14 45 1 15 52 1
37 50 1 38 56 1
52 9 1 53 18 1
53 2 1 54 11 1
15 48 1 16 58 1
48 53 2 56 54 2
41 36 2 47 37 2
8 55 2 12 56 2
6 47 2 11 48 2
14 56 2 19 57 2
10 22 2 13 23 2
25 43 2 32 44 2
46 22 2 51 23 2
29 15 2 39 16 2
49 42 2 56 43 2
15 38 2 24 39 2
39 57 2 46 58 2
31 5 2 39 6 2
31 52 2 36 53 2
27 2 2 31 3 2
38 11 2 46 12 2
4 11 2 9 12 2
17 8 2 23 9 2
15 39 2 20 40 2
36 19 2 41 20 2
6 15 2 12 16 2
26 7 2 31 8 2
29 21 2 32 22 2
25 4 2 29 5 2
27 42 3 28 52 3
39 31 3 40 38 3
10 20 3 11 25 3
5 53 3 6 58 3
44 36 3 45 45 3
37 23 3 38 27 3
8 30 3 9 37 3
17 0 3 18 7 3
23 26 3 24 32 3
25 43 3 26 51 3
1 28 3 2 32 3
6 30 3 7 33 3
20 18 3 21 21 3
33 14 3 34 20 3
29 27 3 30 37 3
4 8 3 5 17 3
15 2 3 16 6 3
19 3 3 20 8 3
45 54 3 46 59 3
38 7 3 39 10 3
36 15 3 37 24 3
4 47 3 5 51 3
17 26 3 18 32 3
3 26 3 4 31 3
15 38 4 19 39 4
17 33 4 21 34 4
49 44 4 58 45 4
14 43 4 19 44 4
2 46 4 10 47 4
48 13 4 55 14 4
21 42 4 31 43 4
14 11 4 22 12 4
17 31 4 20 32 4
16 7 4 26 8 4
18 51 4 22 52 4
46 11 4 50 12 4
34 41 4 43 42 4
31 25 4 41 26 4
32 5 4 42 6 4
41 7 4 49 8 4
26 15 4 34 16 4
49 46 4 55 47 4
5 4 4 15 5 4
42 53 4 49 54 4
46 34 4 52 35 4
4 55 4 13 56 4
3 43 4 9 44 4
24 52 4 27 53 4
23 26 5 24 35 5
26 27 5 27 33 5
5 11 5 6 20 5
38 26 5 39 36 5
37 18 5 38 22 5
4 41 5 5 47 5
47 30 5 48 38 5
6 24 5 7 34 5
53 3 5 54 12 5
46 47 5 47 53 5
31 27 5 32 30 5
50 32 5 51 42 5
33 22 5 34 29 5
31 19 5 32 27 5
2 19 5 3 22 5
51 13 5 52 20 5
26 48 5 27 54 5
54 39 5 55 42 5
33 6 5 34 14 5
33 1 5 34 5 5
52 26 5 53 35 5
41 54 5 42 57 5
57 19 5 58 22 5
17 13 5 18 18 5
Net_num 164
Net_id 0
pin_num 5
26 38 0
35 47 0
29 17 0
14 19 0
33 24 0
Net_id 1
pin_num 5
40 33 0
44 33 0
41 38 0
55 38 0
56 59 0
Net_id 2
pin_num 5
54 7 0
58 18 0
59 30 0
44 9 0
59 42 0
Net_id 3
pin_num 5
22 52 0
35 49 0
28 39 0
29 49 0
51 44 0
Net_id 4
pin_num 5
11 28 0
20 36 0
30 36 0
18 6 0
27 15 0
Net_id 5
pin_num 5
48 20 0
39 20 0
40 1 0
37 3 0
39 9 0
Net_id 6
pin_num 5
14 15 0
23 17 0
20 34 0
17 19 0
16 35 0
Net_id 7
pin_num 5
25 40 0
35 40 0
34 33 0
18 30 0
19 29 0
Net_id 8
pin_num 5
32 12 0
29 15 0
31 30 0
38 0 0
37 23 0
Net_id 9
pin_num 5
20 57 0
24 51 0
8 51 0
30 51 0
21 59 0
Net_id 10
pin_num 5
46 36 0
42 25 0
44 14 0
44 51 0
49 32 0
Net_id 11
pin_num 5
3 9 0
9 9 0
8 29 0
27 21 0
22 6 0
Net_id 12
pin_num 5
45 3 0
41 2 0
55 2 0
59 3 0
50 16 0
Net_id 13
pin_num 5
24 42 0
34 42 0
26 39 0
15 39 0
46 39 0
Net_id 14
pin_num 5
51 21 0
43 16 0
38 18 0
59 18 0
45 0 0
Net_id 15
pin_num 5
7 51 0
8 53 0
1 59 0
19 59 0
16 59 0
Net_id 16
pin_num 5
47 43 0
41 51 0
45 49 0
41 28 0
26 50 0
Net_id 17
pin_num 5
13 5 0
7 5 0
10 22 0
13 0 0
25 0 0
Net_id 18
pin_num 5
54 42 0
59 46 0
53 43 0
56 23 0
54 59 0
Net_id 19
pin_num 5
54 32 0
47 30 0
52 25 0
57 9 0
50 45 0
Net_id 20
pin_num 5
43 37 0
53 31 0
48 16 0
46 34 0
47 54 0
Net_id 21
pin_num 5
10 24 0
26 25 0
0 16 0
10 16 0
24 34 0
Net_id 22
pin_num 4
49 47 0
47 59 0
41 40 0
46 59 0
Net_id 23
pin_num 4
4 29 0
7 46 0
17 37 0
0 34 0
Net_id 24
pin_num 4
8 58 0
12 48 0
10 37 0
18 55 0
Net_id 25
pin_num 4
24 48 0
19 41 0
19 47 0
1 41 0
Net_id 26
pin_num 4
49 31 0
43 27 0
32 32 0
32 24 0
Net_id 27
pin_num 4
17 45 0
17 51 0
9 48 0
9 59 0
Net_id 28
pin_num 4
0 17 0
16 11 0
26 16 0
19 1 0
Net_id 29
pin_num 4
49 19 0
49 1 0
59 6 0
36 9 0
Net_id 30
pin_num 4
53 16 0
59 22 0
38 20 0
42 21 0
Net_id 31
pin_num 4
45 28 0
49 29 0
31 29 0
35 22 0
Net_id 32
pin_num 4
38 8 0
31 8 0
33 19 0
42 12 0
Net_id 33
pin_num 4
29 55 0
23 51 0
46 55 0
31 53 0
Net_id 34
pin_num 4
58 47 0
56 51 0
58 58 0
57 59 0
Net_id 35
pin_num 4
3 10 0
0 1 0
0 15 0
5 12 0
Net_id 36
pin_num 4
35 15 0
51 15 0
38 5 0
23 11 0
Net_id 37
pin_num 4
49 18 0
38 23 0
40 0 0
58 3 0
Net_id 38
pin_num 4
55 12 0
53 17 0
39 17 0
50 10 0
Net_id 39
pin_num 4
55 32 0
58 49 0
40 36 0
42 1 0
Net_id 40
pin_num 4
57 27 0
55 23 0
56 15 0
56 37 0
Net_id 41
pin_num 4
30 5 0
21 14 0
21 35 0
9 0 0
Net_id 42
pin_num 3
1 3 0
2 7 0
13 4 0
Net_id 43
pin_num 3
12 50 0
30 49 0
46 35 0
Net_id 44
pin_num 3
53 56 0
59 52 0
21 56 0
Net_id 45
pin_num 3
29 8 0
30 16 0
26 20 0
Net_id 46
pin_num 3
5 57 0
9 36 0
36 49 0
Net_id 47
pin_num 3
57 40 0
49 33 0
51 16 0
Net_id 48
pin_num 3
14 56 0
7 50 0
21 54 0
Net_id 49
pin_num 3
29 59 0
24 47 0
8 45 0
Net_id 50
pin_num 3
6 19 0
8 37 0
0 0 0
Net_id 51
pin_num 3
21 52 0
1 56 0
36 53 0
Net_id 52
pin_num 3
5 23 0
0 26 0
23 33 0
Net_id 53
pin_num 3
59 20 0
51 37 0
30 29 0
Net_id 54
pin_num 3
58 46 0
48 52 0
38 53 0
Net_id 55
pin_num 3
25 45 0
14 39 0
20 56 0
Net_id 56
pin_num 3
36 35 0
57 32 0
59 45 0
Net_id 57
pin_num 3
31 31 0
42 31 0
41 19 0
Net_id 58
pin_num 3
24 1 0
3 1 0
8 18 0
Net_id 59
pin_num 3
0 11 0
16 14 0
16 41 0
Net_id 60
pin_num 3
23 13 0
17 7 0
1 0 0
Net_id 61
pin_num 3
16 2 0
32 9 0
26 22 0
Net_id 62
pin_num 3
57 52 0
35 57 0
59 47 0
Net_id 63
pin_num 3
4 44 0
18 40 0
18 56 0
Net_id 64
pin_num 3
24 32 0
15 32 0
34 14 0
Net_id 65
pin_num 3
28 45 0
45 47 0
48 45 0
Net_id 66
pin_num 3
22 47 0
11 57 0
11 43 0
Net_id 67
pin_num 3
4 0 0
11 19 0
27 1 0
Net_id 68
pin_num 3
59 2 0
38 36 0
56 8 0
Net_id 69
pin_num 3
2 1 0
17 3 0
13 1 0
Net_id 70
pin_num 3
5 53 0
11 38 0
11 20 0
Net_id 71
pin_num 3
59 11 0
47 10 0
48 41 0
Net_id 72
pin_num 3
46 22 0
36 23 0
40 27 0
Net_id 73
pin_num 3
45 42 0
34 39 0
40 59 0
Net_id 74
pin_num 3
26 31 0
11 16 0
6 26 0
Net_id 75
pin_num 3
18 11 0
24 20 0
24 41 0
Net_id 76
pin_num 3
13 20 0
9 28 0
3 58 0
Net_id 77
pin_num 3
22 46 0
20 42 0
19 37 0
Net_id 78
pin_num 3
48 13 0
59 5 0
58 39 0
Net_id 79
pin_num 3
0 52 0
5 50 0
1 32 0
Net_id 80
pin_num 3
14 40 0
25 34 0
12 2 0
Net_id 81
pin_num 3
54 41 0
57 50 0
53 40 0
Net_id 82
pin_num 2
57 26 0
43 24 0
Net_id 83
pin_num 2
33 46 0
2 40 0
Net_id 84
pin_num 2
51 23 0
44 23 0
Net_id 85
pin_num 2
32 48 0
49 40 0
Net_id 86
pin_num 2
59 21 0
52 21 0
Net_id 87
pin_num 2
40 49 0
37 48 0
Net_id 88
pin_num 2
35 20 0
40 23 0
Net_id 89
pin_num 2
15 48 0
12 42 0
Net_id 90
pin_num 2
46 25 0
34 30 0
Net_id 91
pin_num 2
18 27 0
35 33 0
Net_id 92
pin_num 2
19 18 0
15 29 0
Net_id 93
pin_num 2
9 38 0
0 45 0
Net_id 94
pin_num 2
14 59 0
23 37 0
Net_id 95
pin_num 2
52 4 0
20 10 0
Net_id 96
pin_num 2
17 6 0
4 15 0
Net_id 97
pin_num 2
0 25 0
2 30 0
Net_id 98
pin_num 2
25 38 0
14 27 0
Net_id 99
pin_num 2
51 51 0
47 58 0
Net_id 100
pin_num 2
23 54 0
28 54 0
Net_id 101
pin_num 2
4 55 0
12 45 0
Net_id 102
pin_num 2
41 13 0
32 13 0
Net_id 103
pin_num 2
34 5 0
34 11 0
Net_id 104
pin_num 2
13 46 0
5 58 0
Net_id 105
pin_num 2
48 36 0
52 36 0
Net_id 106
pin_num 2
32 47 0
13 36 0
Net_id 107
pin_num 2
13 27 0
27 12 0
Net_id 108
pin_num 2
3 27 0
9 34 0
Net_id 109
pin_num 2
7 35 0
21 48 0
Net_id 110
pin_num 2
44 54 0
29 58 0
Net_id 111
pin_num 2
4 58 0
3 22 0
Net_id 112
pin_num 2
28 15 0
28 8 0
Net_id 113
pin_num 2
43 42 0
24 38 0
Net_id 114
pin_num 2
32 51 0
49 35 0
Net_id 115
pin_num 2
47 50 0
38 48 0
Net_id 116
pin_num 2
27 3 0
20 4 0
Net_id 117
pin_num 2
12 57 0
32 36 0
Net_id 118
pin_num 2
5 3 0
28 21 0
Net_id 119
pin_num 2
0 39 0
9 42 0
Net_id 120
pin_num 2
34 59 0
59 25 0
Net_id 121
pin_num 2
45 11 0
35 23 0
Net_id 122
pin_num 2
18 14 0
15 31 0
Net_id 123
pin_num 2
6 23 0
11 27 0
Net_id 124
pin_num 2
36 18 0
15 7 0
Net_id 125
pin_num 2
4 45 0
4 30 0
Net_id 126
pin_num 2
38 25 0
23 34 0
Net_id 127
pin_num 2
31 35 0
18 31 0
Net_id 128
pin_num 2
25 8 0
9 14 0
Net_id 129
pin_num 2
10 20 0
3 28 0
Net_id 130
pin_num 2
57 35 0
42 27 0
Net_id 131
pin_num 2
41 16 0
36 10 0
Net_id 132
pin_num 2
8 48 0
9 43 0
Net_id 133
pin_num 2
2 20 0
12 31 0
Net_id 134
pin_num 2
54 26 0
47 6 0
Net_id 135
pin_num 2
42 16 0
54 19 0
Net_id 136
pin_num 2
52 6 0
57 5 0
Net_id 137
pin_num 2
44 49 0
38 52 0
Net_id 138
pin_num 2
21 43 0
30 59 0
Net_id 139
pin_num 2
38 1 0
25 1 0
Net_id 140
pin_num 2
4 3 0
3 2 0
Net_id 141
pin_num 2
10 47 0
19 43 0
Net_id 142
pin_num 2
34 28 0
12 9 0
Net_id 143
pin_num 2
28 24 0
17 27 0
Net_id 144
pin_num 2
28 51 0
9 37 0
Net_id 145
pin_num 2
58 8 0
50 18 0
Net_id 146
pin_num 2
2 44 0
1 22 0
Net_id 147
pin_num 2
14 34 0
2 31 0
Net_id 148
pin_num 2
22 43 0
26 43 0
Net_id 149
pin_num 2
44 7 0
23 12 0
Net_id 150
pin_num 2
30 23 0
19 20 0
Net_id 151
pin_num 2
45 8 0
51 0 0
Net_id 152
pin_num 2
38 26 0
52 26 0
Net_id 153
pin_num 2
34 34 0
7 18 0
Net_id 154
pin_num 2
52 27 0
44 8 0
Net_id 155
pin_num 2
7 2 0
9 12 0
Net_id 156
pin_num 2
43 30 0
49 39 0
Net_id 157
pin_num 2
53 58 0
45 48 0
Net_id 158
pin_num 2
49 9 0
55 15 0
Net_id 159
pin_num 2
47 0 0
59 4 0
Net_id 160
pin_num 2
10 49 0
22 54 0
Net_id 161
pin_num 2
32 53 0
36 43 0
Net_id 162
pin_num 2
39 14 0
57 31 0
Net_id 163
pin_num 2
47 57 0
59 49 0
