Width 60
Height 60
Layer 6
Total_WL 6647
Obstacle_num 144
8 42 0 13 43 0
24 45 0 32 46 0
13 37 0 17 38 0
30 8 0 34 9 0
39 0 0 45 1 0
10 54 0 13 55 0
0 46 0 9 47 0
9 57 0 17 58 0
48 4 0 58 5 0
44 36 0 53 37 0
50 48 0 56 49 0
44 31 0 54 32 0
3 5 0 6 6 0
0 36 0 5 37 0
23 55 0 33 56 0
18 54 0 23 55 0
29 6 0 33 7 0
44 1 0 50 2 0
45 43 0 53 44 0
32 16 0 37 17 0
43 34 0 48 35 0
35 40 0 41 41 0
10 14 0 20 15 0
8 8 0 14 9 0
22 11 1 23 18 1
43 39 1 44 48 1
36 23 1 37 27 1
6 27 1 7 31 1
20 9 1 21 18 1
24 11 1 25 20 1
3 25 1 4 28 1
48 5 1 49 15 1
29 44 1 30 54 1
23 14 1 24 23 1
24 45 1 25 52 1
57 31 1 58 34 1
52 16 1 53 19 1
25 34 1 26 37 1
58 53 1 59 56 1
14 8 1 15 15 1
17 23 1 18 33 1
4 8 1 5 16 1
46 43 1 47 50 1
10 4 1 11 8 1
29 28 1 30 38 1
5 22 1 6 27 1
56 10 1 57 20 1
7 17 1 8 21 1
18 18 2 25 19 2
23 10 2 32 11 2
46 52 2 51 53 2
18 48 2 22 49 2
26 23 2 31 24 2
2 0 2 12 1 2
42 32 2 49 33 2
10 2 2 16 3 2
39 31 2 48 32 2
26 18 2 31 19 2
18 53 2 27 54 2
42 40 2 48 41 2
56 54 2 59 55 2
37 46 2 42 47 2
7 30 2 14 31 2
31 18 2 34 19 2
8 9 2 18 10 2
5 14 2 9 15 2
21 49 2 25 50 2
32 22 2 38 23 2
31 24 2 34 25 2
27 55 2 33 56 2
30 53 2 38 54 2
49 55 2 59 56 2
9 14 3 10 23 3
53 5 3 54 15 3
7 18 3 8 22 3
38 13 3 39 22 3
19 15 3 20 25 3
34 53 3 35 59 3
45 46 3 46 50 3
22 20 3 23 27 3
57 37 3 58 44 3
15 7 3 16 15 3
3 44 3 4 50 3
32 17 3 33 24 3
13 31 3 14 37 3
58 6 3 59 10 3
18 48 3 19 56 3
58 20 3 59 27 3
19 25 3 20 35 3
33 9 3 34 15 3
55 7 3 56 11 3
37 10 3 38 17 3
34 37 3 35 45 3
43 34 3 44 44 3
23 42 3 24 48 3
16 13 3 17 18 3
31 3 4 40 4 4
50 12 4 55 13 4
18 6 4 25 7 4
19 1 4 28 2 4
46 17 4 55 18 4
18 37 4 21 38 4
54 23 4 58 24 4
9 54 4 16 55 4
38 32 4 45 33 4
14 15 4 22 16 4
30 41 4 38 42 4
24 20 4 31 21 4
4 7 4 11 8 4
12 17 4 20 18 4
22 52 4 26 53 4
35 10 4 38 11 4
34 27 4 41 28 4
40 3 4 49 4 4
1 36 4 10 37 4
15 30 4 21 31 4
32 28 4 41 29 4
33 54 4 41 55 4
16 25 4 26 26 4
12 18 4 22 19 4
16 30 5 17 34 5
24 11 5 25 20 5
47 20 5 48 29 5
54 7 5 55 17 5
44 2 5 45 8 5
22 25 5 23 34 5
48 27 5 49 35 5
37 32 5 38 38 5
46 46 5 47 54 5
38 29 5 39 38 5
35 27 5 36 33 5
27 4 5 28 10 5
18 42 5 19 49 5
37 11 5 38 14 5
38 16 5 39 24 5
27 27 5 28 31 5
33 10 5 34 20 5
31 39 5 32 49 5
50 1 5 51 6 5
35 51 5 36 55 5
44 21 5 45 31 5
25 4 5 26 12 5
49 27 5 50 37 5
51 44 5 52 49 5
Net_num 159
Net_id 0
pin_num 5
50 37 0
44 48 0
46 35 0
56 48 0
53 52 0
Net_id 1
pin_num 5
21 50 0
19 48 0
36 50 0
21 58 0
38 58 0
Net_id 2
pin_num 5
2 54 0
1 47 0
5 59 0
0 44 0
6 59 0
Net_id 3
pin_num 5
36 5 0
28 10 0
18 10 0
7 8 0
34 22 0
Net_id 4
pin_num 5
41 39 0
56 44 0
56 31 0
28 36 0
52 28 0
Net_id 5
pin_num 5
44 55 0
39 54 0
48 42 0
53 49 0
59 55 0
Net_id 6
pin_num 5
0 50 0
8 50 0
4 59 0
1 56 0
11 56 0
Net_id 7
pin_num 5
17 29 0
13 29 0
16 23 0
37 27 0
25 29 0
Net_id 8
pin_num 5
33 55 0
39 59 0
34 45 0
18 56 0
45 56 0
Net_id 9
pin_num 5
43 3 0
55 11 0
54 13 0
36 0 0
59 13 0
Net_id 10
pin_num 5
17 3 0
18 1 0
0 2 0
12 4 0
16 7 0
Net_id 11
pin_num 5
20 48 0
30 44 0
44 44 0
36 47 0
32 59 0
Net_id 12
pin_num 5
17 0 0
11 13 0
2 5 0
19 0 0
38 2 0
Net_id 13
pin_num 5
22 47 0
21 46 0
35 46 0
34 46 0
27 47 0
Net_id 14
pin_num 5
21 45 0
13 46 0
2 49 0
25 49 0
16 30 0
Net_id 15
pin_num 5
49 48 0
49 42 0
35 45 0
59 36 0
47 25 0
Net_id 16
pin_num 5
55 1 0
52 5 0
51 5 0
48 0 0
50 1 0
Net_id 17
pin_num 5
58 48 0
57 46 0
59 33 0
53 39 0
48 33 0
Net_id 18
pin_num 5
34 18 0
36 7 0
30 12 0
52 17 0
42 12 0
Net_id 19
pin_num 5
11 4 0
9 0 0
9 28 0
18 4 0
18 13 0
Net_id 20
pin_num 4
59 35 0
57 28 0
59 32 0
45 41 0
Net_id 21
pin_num 4
9 58 0
18 58 0
3 53 0
39 58 0
Net_id 22
pin_num 4
36 12 0
43 13 0
53 17 0
45 35 0
Net_id 23
pin_num 4
39 28 0
36 35 0
30 32 0
44 30 0
Net_id 24
pin_num 4
10 2 0
0 0 0
8 10 0
8 0 0
Net_id 25
pin_num 4
24 39 0
20 51 0
20 59 0
44 51 0
Net_id 26
pin_num 4
19 55 0
24 52 0
5 54 0
19 57 0
Net_id 27
pin_num 4
39 21 0
39 6 0
34 1 0
46 16 0
Net_id 28
pin_num 4
41 22 0
47 22 0
42 42 0
43 28 0
Net_id 29
pin_num 4
48 54 0
55 49 0
54 59 0
42 52 0
Net_id 30
pin_num 4
9 16 0
18 16 0
31 20 0
20 1 0
Net_id 31
pin_num 4
57 41 0
41 42 0
47 48 0
50 50 0
Net_id 32
pin_num 4
15 43 0
15 38 0
1 43 0
19 52 0
Net_id 33
pin_num 4
49 32 0
39 42 0
50 53 0
54 53 0
Net_id 34
pin_num 4
50 19 0
45 37 0
59 29 0
57 49 0
Net_id 35
pin_num 4
0 15 0
12 21 0
12 37 0
35 28 0
Net_id 36
pin_num 4
0 40 0
3 48 0
17 47 0
17 56 0
Net_id 37
pin_num 4
42 21 0
41 15 0
41 31 0
36 20 0
Net_id 38
pin_num 4
55 23 0
59 27 0
59 16 0
54 14 0
Net_id 39
pin_num 4
41 13 0
47 16 0
37 36 0
58 16 0
Net_id 40
pin_num 3
14 4 0
20 3 0
32 14 0
Net_id 41
pin_num 3
41 51 0
33 51 0
22 39 0
Net_id 42
pin_num 3
31 32 0
33 18 0
58 25 0
Net_id 43
pin_num 3
26 30 0
20 27 0
15 18 0
Net_id 44
pin_num 3
37 30 0
44 15 0
47 4 0
Net_id 45
pin_num 3
58 56 0
41 52 0
18 50 0
Net_id 46
pin_num 3
9 12 0
1 18 0
0 30 0
Net_id 47
pin_num 3
4 35 0
1 57 0
7 52 0
Net_id 48
pin_num 3
27 30 0
31 40 0
24 54 0
Net_id 49
pin_num 3
18 17 0
23 1 0
35 15 0
Net_id 50
pin_num 3
46 25 0
25 26 0
11 11 0
Net_id 51
pin_num 3
3 7 0
17 5 0
40 2 0
Net_id 52
pin_num 3
1 20 0
0 25 0
24 22 0
Net_id 53
pin_num 3
29 35 0
15 26 0
28 33 0
Net_id 54
pin_num 3
10 3 0
3 9 0
14 25 0
Net_id 55
pin_num 3
35 37 0
20 41 0
0 19 0
Net_id 56
pin_num 3
41 37 0
40 22 0
38 41 0
Net_id 57
pin_num 3
37 29 0
33 33 0
29 26 0
Net_id 58
pin_num 3
44 20 0
40 21 0
42 1 0
Net_id 59
pin_num 3
54 40 0
58 27 0
37 48 0
Net_id 60
pin_num 3
12 59 0
0 55 0
18 55 0
Net_id 61
pin_num 3
48 40 0
50 57 0
57 59 0
Net_id 62
pin_num 3
38 8 0
29 0 0
33 38 0
Net_id 63
pin_num 3
34 41 0
41 33 0
58 40 0
Net_id 64
pin_num 3
17 37 0
21 41 0
19 51 0
Net_id 65
pin_num 3
44 4 0
36 11 0
38 14 0
Net_id 66
pin_num 3
18 36 0
32 43 0
16 33 0
Net_id 67
pin_num 3
19 30 0
7 26 0
5 41 0
Net_id 68
pin_num 3
54 10 0
55 20 0
58 0 0
Net_id 69
pin_num 3
52 18 0
37 18 0
59 28 0
Net_id 70
pin_num 3
48 50 0
52 53 0
51 44 0
Net_id 71
pin_num 3
22 9 0
24 1 0
34 9 0
Net_id 72
pin_num 3
37 19 0
49 16 0
49 10 0
Net_id 73
pin_num 3
57 0 0
48 15 0
55 6 0
Net_id 74
pin_num 3
49 0 0
59 14 0
56 3 0
Net_id 75
pin_num 3
6 19 0
1 21 0
5 18 0
Net_id 76
pin_num 3
32 40 0
55 31 0
42 57 0
Net_id 77
pin_num 3
14 38 0
2 30 0
6 32 0
Net_id 78
pin_num 3
36 43 0
44 46 0
38 36 0
Net_id 79
pin_num 2
28 51 0
54 39 0
Net_id 80
pin_num 2
6 9 0
19 22 0
Net_id 81
pin_num 2
11 33 0
8 21 0
Net_id 82
pin_num 2
35 53 0
24 59 0
Net_id 83
pin_num 2
56 30 0
44 28 0
Net_id 84
pin_num 2
48 8 0
58 5 0
Net_id 85
pin_num 2
52 21 0
47 21 0
Net_id 86
pin_num 2
42 38 0
59 49 0
Net_id 87
pin_num 2
27 51 0
20 57 0
Net_id 88
pin_num 2
25 23 0
36 28 0
Net_id 89
pin_num 2
17 15 0
0 3 0
Net_id 90
pin_num 2
22 43 0
35 24 0
Net_id 91
pin_num 2
20 12 0
32 17 0
Net_id 92
pin_num 2
2 8 0
13 21 0
Net_id 93
pin_num 2
40 46 0
43 50 0
Net_id 94
pin_num 2
24 57 0
12 43 0
Net_id 95
pin_num 2
16 31 0
44 41 0
Net_id 96
pin_num 2
35 10 0
46 20 0
Net_id 97
pin_num 2
33 35 0
39 33 0
Net_id 98
pin_num 2
0 11 0
8 11 0
Net_id 99
pin_num 2
36 18 0
52 45 0
Net_id 100
pin_num 2
51 27 0
58 15 0
Net_id 101
pin_num 2
3 42 0
31 54 0
Net_id 102
pin_num 2
9 11 0
28 3 0
Net_id 103
pin_num 2
47 26 0
24 32 0
Net_id 104
pin_num 2
28 39 0
32 39 0
Net_id 105
pin_num 2
35 20 0
7 16 0
Net_id 106
pin_num 2
7 30 0
19 39 0
Net_id 107
pin_num 2
12 17 0
15 15 0
Net_id 108
pin_num 2
53 1 0
50 10 0
Net_id 109
pin_num 2
36 37 0
39 38 0
Net_id 110
pin_num 2
39 45 0
56 57 0
Net_id 111
pin_num 2
42 40 0
47 42 0
Net_id 112
pin_num 2
19 4 0
29 1 0
Net_id 113
pin_num 2
32 54 0
36 57 0
Net_id 114
pin_num 2
13 32 0
28 26 0
Net_id 115
pin_num 2
57 57 0
54 50 0
Net_id 116
pin_num 2
43 12 0
49 2 0
Net_id 117
pin_num 2
16 56 0
6 54 0
Net_id 118
pin_num 2
38 50 0
45 44 0
Net_id 119
pin_num 2
37 5 0
49 5 0
Net_id 120
pin_num 2
6 35 0
22 37 0
Net_id 121
pin_num 2
8 40 0
24 40 0
Net_id 122
pin_num 2
33 17 0
47 15 0
Net_id 123
pin_num 2
47 24 0
31 21 0
Net_id 124
pin_num 2
44 37 0
51 37 0
Net_id 125
pin_num 2
12 52 0
5 57 0
Net_id 126
pin_num 2
57 50 0
39 57 0
Net_id 127
pin_num 2
33 10 0
27 13 0
Net_id 128
pin_num 2
25 32 0
37 21 0
Net_id 129
pin_num 2
16 52 0
3 31 0
Net_id 130
pin_num 2
20 9 0
4 6 0
Net_id 131
pin_num 2
59 24 0
40 37 0
Net_id 132
pin_num 2
54 7 0
49 6 0
Net_id 133
pin_num 2
16 15 0
23 26 0
Net_id 134
pin_num 2
41 32 0
34 4 0
Net_id 135
pin_num 2
14 48 0
2 34 0
Net_id 136
pin_num 2
27 41 0
8 54 0
Net_id 137
pin_num 2
11 32 0
9 37 0
Net_id 138
pin_num 2
52 22 0
50 26 0
Net_id 139
pin_num 2
36 56 0
47 37 0
Net_id 140
pin_num 2
11 51 0
26 54 0
Net_id 141
pin_num 2
55 27 0
54 32 0
Net_id 142
pin_num 2
16 22 0
32 13 0
Net_id 143
pin_num 2
40 29 0
26 17 0
Net_id 144
pin_num 2
51 11 0
37 6 0
Net_id 145
pin_num 2
28 22 0
15 10 0
Net_id 146
pin_num 2
33 27 0
56 45 0
Net_id 147
pin_num 2
14 24 0
28 40 0
Net_id 148
pin_num 2
59 50 0
51 58 0
Net_id 149
pin_num 2
6 49 0
12 41 0
Net_id 150
pin_num 2
28 13 0
30 14 0
Net_id 151
pin_num 2
22 19 0
2 25 0
Net_id 152
pin_num 2
30 29 0
26 29 0
Net_id 153
pin_num 2
8 29 0
17 12 0
Net_id 154
pin_num 2
49 21 0
55 14 0
Net_id 155
pin_num 2
1 31 0
7 32 0
Net_id 156
pin_num 2
30 24 0
35 9 0
Net_id 157
pin_num 2
49 11 0
37 11 0
Net_id 158
pin_num 2
34 31 0
40 31 0
