Width 60
Height 60
Layer 6
Total_WL 6884
Obstacle_num 144
48 5 0 56 6 0
19 11 0 27 12 0
41 49 0 51 50 0
24 41 0 32 42 0
20 6 0 28 7 0
27 46 0 30 47 0
39 31 0 49 32 0
12 3 0 22 4 0
21 31 0 30 32 0
27 17 0 33 18 0
52 17 0 55 18 0
3 17 0 12 18 0
20 51 0 24 52 0
21 7 0 25 8 0
18 1 0 28 2 0
36 53 0 44 54 0
9 47 0 13 48 0
34 10 0 39 11 0
32 9 0 42 10 0
43 47 0 52 48 0
23 38 0 31 39 0
5 26 0 13 27 0
31 37 0 34 38 0
13 20 0 23 21 0
6 33 1 7 37 1
44 37 1 45 44 1
12 20 1 13 25 1
36 45 1 37 50 1
12 16 1 13 20 1
37 22 1 38 30 1
28 15 1 29 20 1
44 50 1 45 57 1
16 29 1 17 39 1
29 33 1 30 42 1
57 41 1 58 44 1
31 44 1 32 48 1
16 42 1 17 48 1
15 26 1 16 30 1
21 29 1 22 33 1
33 2 1 34 8 1
28 4 1 29 14 1
54 42 1 55 50 1
49 21 1 50 30 1
46 42 1 47 47 1
10 4 1 11 12 1
56 36 1 57 41 1
54 7 1 55 15 1
38 9 1 39 12 1
21 2 2 27 3 2
29 46 2 34 47 2
15 26 2 24 27 2
11 45 2 16 46 2
33 34 2 37 35 2
48 51 2 58 52 2
15 29 2 24 30 2
2 38 2 12 39 2
10 6 2 16 7 2
42 25 2 48 26 2
13 7 2 19 8 2
0 0 2 4 1 2
3 45 2 6 46 2
36 12 2 43 13 2
36 13 2 44 14 2
2 10 2 6 11 2
4 29 2 10 30 2
25 15 2 28 16 2
50 47 2 57 48 2
40 45 2 49 46 2
33 25 2 42 26 2
3 14 2 9 15 2
10 46 2 17 47 2
39 22 2 46 23 2
28 44 3 29 47 3
51 39 3 52 48 3
13 17 3 14 24 3
10 32 3 11 40 3
11 37 3 12 47 3
54 41 3 55 49 3
20 28 3 21 35 3
43 40 3 44 47 3
18 11 3 19 19 3
31 41 3 32 49 3
17 27 3 18 34 3
56 26 3 57 31 3
13 44 3 14 54 3
25 48 3 26 58 3
18 35 3 19 43 3
46 22 3 47 29 3
35 32 3 36 40 3
38 2 3 39 6 3
58 40 3 59 47 3
7 36 3 8 39 3
12 43 3 13 46 3
29 41 3 30 49 3
16 10 3 17 15 3
29 18 3 30 28 3
24 33 4 33 34 4
43 44 4 51 45 4
5 35 4 11 36 4
52 32 4 57 33 4
38 6 4 41 7 4
27 9 4 31 10 4
9 29 4 14 30 4
37 15 4 43 16 4
45 58 4 49 59 4
5 40 4 12 41 4
18 4 4 25 5 4
7 45 4 11 46 4
36 24 4 46 25 4
56 34 4 59 35 4
48 1 4 56 2 4
32 58 4 39 59 4
10 12 4 18 13 4
43 48 4 46 49 4
34 29 4 40 30 4
28 45 4 31 46 4
24 36 4 29 37 4
32 45 4 41 46 4
38 36 4 42 37 4
8 0 4 17 1 4
14 4 5 15 7 5
54 25 5 55 35 5
53 49 5 54 53 5
38 6 5 39 13 5
42 15 5 43 24 5
3 14 5 4 23 5
43 31 5 44 38 5
23 29 5 24 37 5
48 18 5 49 27 5
36 41 5 37 50 5
33 36 5 34 44 5
1 49 5 2 54 5
7 43 5 8 52 5
15 16 5 16 23 5
6 35 5 7 44 5
35 41 5 36 46 5
28 0 5 29 8 5
55 20 5 56 24 5
18 38 5 19 42 5
24 26 5 25 33 5
21 28 5 22 37 5
52 50 5 53 58 5
38 32 5 39 40 5
40 28 5 41 33 5
Net_num 162
Net_id 0
pin_num 5
15 53 0
22 54 0
22 46 0
36 49 0
33 59 0
Net_id 1
pin_num 5
12 21 0
18 21 0
14 1 0
0 9 0
0 3 0
Net_id 2
pin_num 5
31 5 0
30 11 0
31 11 0
30 18 0
43 10 0
Net_id 3
pin_num 5
20 15 0
7 14 0
7 29 0
18 31 0
8 18 0
Net_id 4
pin_num 5
6 32 0
11 32 0
25 32 0
1 30 0
7 52 0
Net_id 5
pin_num 5
16 4 0
5 5 0
5 11 0
9 0 0
2 5 0
Net_id 6
pin_num 5
54 51 0
34 51 0
53 32 0
45 59 0
41 56 0
Net_id 7
pin_num 5
55 43 0
55 44 0
57 56 0
48 59 0
42 55 0
Net_id 8
pin_num 5
43 19 0
43 11 0
29 13 0
53 18 0
38 19 0
Net_id 9
pin_num 5
21 25 0
14 30 0
9 28 0
1 28 0
9 51 0
Net_id 10
pin_num 5
37 21 0
35 23 0
53 21 0
59 15 0
59 40 0
Net_id 11
pin_num 5
3 54 0
0 59 0
12 55 0
11 49 0
1 39 0
Net_id 12
pin_num 5
34 6 0
15 9 0
14 0 0
30 0 0
31 19 0
Net_id 13
pin_num 5
39 18 0
34 16 0
36 11 0
33 14 0
35 5 0
Net_id 14
pin_num 5
28 58 0
23 59 0
32 59 0
37 58 0
25 54 0
Net_id 15
pin_num 5
27 26 0
21 34 0
14 27 0
45 27 0
28 50 0
Net_id 16
pin_num 5
5 23 0
0 21 0
0 17 0
0 27 0
29 22 0
Net_id 17
pin_num 5
43 45 0
44 33 0
26 35 0
30 42 0
43 28 0
Net_id 18
pin_num 5
45 57 0
35 57 0
55 57 0
37 59 0
59 48 0
Net_id 19
pin_num 5
31 50 0
30 52 0
49 52 0
29 59 0
43 58 0
Net_id 20
pin_num 5
5 38 0
22 39 0
12 30 0
19 41 0
25 40 0
Net_id 21
pin_num 4
1 48 0
10 49 0
9 59 0
5 40 0
Net_id 22
pin_num 4
13 24 0
26 25 0
38 24 0
27 19 0
Net_id 23
pin_num 4
37 8 0
17 1 0
10 5 0
5 1 0
Net_id 24
pin_num 4
14 50 0
23 50 0
27 56 0
19 27 0
Net_id 25
pin_num 4
4 45 0
0 57 0
12 57 0
0 29 0
Net_id 26
pin_num 4
52 45 0
51 52 0
21 49 0
52 35 0
Net_id 27
pin_num 4
57 5 0
50 8 0
59 1 0
52 19 0
Net_id 28
pin_num 4
46 25 0
30 25 0
38 38 0
35 35 0
Net_id 29
pin_num 4
4 2 0
7 12 0
32 5 0
1 5 0
Net_id 30
pin_num 4
2 32 0
8 39 0
0 40 0
23 36 0
Net_id 31
pin_num 4
9 11 0
16 23 0
6 15 0
6 0 0
Net_id 32
pin_num 4
52 30 0
56 22 0
47 22 0
55 2 0
Net_id 33
pin_num 4
4 18 0
8 20 0
1 23 0
8 0 0
Net_id 34
pin_num 4
19 30 0
34 31 0
31 20 0
23 20 0
Net_id 35
pin_num 4
51 11 0
59 14 0
44 14 0
53 26 0
Net_id 36
pin_num 4
18 16 0
13 10 0
22 13 0
29 2 0
Net_id 37
pin_num 4
11 27 0
3 31 0
11 23 0
3 13 0
Net_id 38
pin_num 4
7 37 0
0 30 0
1 19 0
6 51 0
Net_id 39
pin_num 4
5 47 0
11 48 0
8 47 0
4 26 0
Net_id 40
pin_num 4
15 55 0
17 49 0
35 53 0
10 57 0
Net_id 41
pin_num 4
8 21 0
13 18 0
10 37 0
5 31 0
Net_id 42
pin_num 3
36 24 0
44 12 0
27 12 0
Net_id 43
pin_num 3
58 3 0
56 13 0
53 4 0
Net_id 44
pin_num 3
48 2 0
45 7 0
45 41 0
Net_id 45
pin_num 3
26 52 0
0 50 0
12 39 0
Net_id 46
pin_num 3
2 15 0
0 10 0
29 6 0
Net_id 47
pin_num 3
33 55 0
18 44 0
32 50 0
Net_id 48
pin_num 3
31 7 0
40 2 0
32 11 0
Net_id 49
pin_num 3
27 7 0
17 4 0
1 9 0
Net_id 50
pin_num 3
15 59 0
9 58 0
14 53 0
Net_id 51
pin_num 3
38 31 0
24 16 0
33 15 0
Net_id 52
pin_num 3
49 28 0
48 23 0
57 15 0
Net_id 53
pin_num 3
51 19 0
32 18 0
34 11 0
Net_id 54
pin_num 3
46 59 0
51 44 0
50 56 0
Net_id 55
pin_num 3
58 26 0
55 28 0
51 16 0
Net_id 56
pin_num 3
14 46 0
28 56 0
12 48 0
Net_id 57
pin_num 3
49 24 0
36 32 0
32 26 0
Net_id 58
pin_num 3
21 57 0
3 50 0
22 59 0
Net_id 59
pin_num 3
4 40 0
8 42 0
1 59 0
Net_id 60
pin_num 3
36 44 0
37 16 0
51 48 0
Net_id 61
pin_num 3
55 32 0
41 41 0
24 35 0
Net_id 62
pin_num 3
16 10 0
20 4 0
18 33 0
Net_id 63
pin_num 3
11 37 0
27 32 0
20 10 0
Net_id 64
pin_num 3
23 9 0
10 41 0
36 28 0
Net_id 65
pin_num 3
25 29 0
15 31 0
43 29 0
Net_id 66
pin_num 3
38 6 0
30 19 0
20 2 0
Net_id 67
pin_num 3
9 30 0
13 39 0
14 54 0
Net_id 68
pin_num 3
39 16 0
59 2 0
59 41 0
Net_id 69
pin_num 3
46 10 0
33 17 0
46 17 0
Net_id 70
pin_num 3
18 24 0
10 43 0
30 43 0
Net_id 71
pin_num 3
1 41 0
17 44 0
20 49 0
Net_id 72
pin_num 3
56 17 0
55 20 0
58 5 0
Net_id 73
pin_num 3
29 4 0
22 21 0
37 39 0
Net_id 74
pin_num 3
41 14 0
26 23 0
54 18 0
Net_id 75
pin_num 3
59 57 0
52 52 0
45 53 0
Net_id 76
pin_num 3
12 50 0
0 58 0
10 42 0
Net_id 77
pin_num 3
11 10 0
13 12 0
4 3 0
Net_id 78
pin_num 3
55 25 0
48 16 0
58 28 0
Net_id 79
pin_num 3
53 50 0
41 54 0
38 59 0
Net_id 80
pin_num 3
40 34 0
34 23 0
58 15 0
Net_id 81
pin_num 2
47 3 0
34 1 0
Net_id 82
pin_num 2
58 9 0
56 16 0
Net_id 83
pin_num 2
56 29 0
44 36 0
Net_id 84
pin_num 2
57 29 0
58 32 0
Net_id 85
pin_num 2
30 51 0
29 53 0
Net_id 86
pin_num 2
8 2 0
21 10 0
Net_id 87
pin_num 2
18 18 0
23 8 0
Net_id 88
pin_num 2
23 12 0
30 34 0
Net_id 89
pin_num 2
23 14 0
27 14 0
Net_id 90
pin_num 2
14 47 0
35 55 0
Net_id 91
pin_num 2
7 56 0
26 59 0
Net_id 92
pin_num 2
55 13 0
43 1 0
Net_id 93
pin_num 2
35 44 0
12 51 0
Net_id 94
pin_num 2
10 9 0
17 10 0
Net_id 95
pin_num 2
48 7 0
47 10 0
Net_id 96
pin_num 2
59 19 0
47 36 0
Net_id 97
pin_num 2
54 35 0
50 20 0
Net_id 98
pin_num 2
58 53 0
37 55 0
Net_id 99
pin_num 2
39 45 0
6 45 0
Net_id 100
pin_num 2
5 13 0
6 23 0
Net_id 101
pin_num 2
25 47 0
27 39 0
Net_id 102
pin_num 2
3 8 0
2 34 0
Net_id 103
pin_num 2
5 53 0
7 59 0
Net_id 104
pin_num 2
15 44 0
3 56 0
Net_id 105
pin_num 2
10 1 0
6 1 0
Net_id 106
pin_num 2
36 54 0
3 42 0
Net_id 107
pin_num 2
12 12 0
3 19 0
Net_id 108
pin_num 2
21 43 0
35 56 0
Net_id 109
pin_num 2
5 29 0
5 35 0
Net_id 110
pin_num 2
59 42 0
51 43 0
Net_id 111
pin_num 2
42 34 0
24 51 0
Net_id 112
pin_num 2
48 41 0
46 38 0
Net_id 113
pin_num 2
20 19 0
3 5 0
Net_id 114
pin_num 2
27 34 0
24 17 0
Net_id 115
pin_num 2
5 51 0
8 53 0
Net_id 116
pin_num 2
40 45 0
47 39 0
Net_id 117
pin_num 2
30 36 0
48 30 0
Net_id 118
pin_num 2
12 53 0
2 56 0
Net_id 119
pin_num 2
52 24 0
50 23 0
Net_id 120
pin_num 2
7 21 0
5 33 0
Net_id 121
pin_num 2
17 30 0
14 23 0
Net_id 122
pin_num 2
8 3 0
1 3 0
Net_id 123
pin_num 2
13 16 0
2 9 0
Net_id 124
pin_num 2
24 48 0
17 36 0
Net_id 125
pin_num 2
39 10 0
46 20 0
Net_id 126
pin_num 2
32 43 0
15 40 0
Net_id 127
pin_num 2
6 46 0
24 59 0
Net_id 128
pin_num 2
50 26 0
43 26 0
Net_id 129
pin_num 2
9 43 0
2 53 0
Net_id 130
pin_num 2
45 34 0
56 24 0
Net_id 131
pin_num 2
54 3 0
58 12 0
Net_id 132
pin_num 2
17 6 0
4 1 0
Net_id 133
pin_num 2
21 8 0
21 2 0
Net_id 134
pin_num 2
45 22 0
58 6 0
Net_id 135
pin_num 2
47 53 0
59 45 0
Net_id 136
pin_num 2
5 42 0
18 58 0
Net_id 137
pin_num 2
20 54 0
29 32 0
Net_id 138
pin_num 2
2 1 0
18 11 0
Net_id 139
pin_num 2
29 40 0
34 41 0
Net_id 140
pin_num 2
55 39 0
58 38 0
Net_id 141
pin_num 2
44 7 0
29 3 0
Net_id 142
pin_num 2
53 16 0
58 1 0
Net_id 143
pin_num 2
43 32 0
15 57 0
Net_id 144
pin_num 2
7 25 0
13 31 0
Net_id 145
pin_num 2
44 56 0
40 38 0
Net_id 146
pin_num 2
11 57 0
15 51 0
Net_id 147
pin_num 2
38 54 0
15 42 0
Net_id 148
pin_num 2
50 28 0
54 52 0
Net_id 149
pin_num 2
10 31 0
3 24 0
Net_id 150
pin_num 2
18 10 0
12 13 0
Net_id 151
pin_num 2
34 5 0
32 2 0
Net_id 152
pin_num 2
40 40 0
38 56 0
Net_id 153
pin_num 2
13 34 0
1 56 0
Net_id 154
pin_num 2
31 57 0
23 46 0
Net_id 155
pin_num 2
27 57 0
26 56 0
Net_id 156
pin_num 2
31 24 0
2 35 0
Net_id 157
pin_num 2
10 8 0
13 7 0
Net_id 158
pin_num 2
21 47 0
2 21 0
Net_id 159
pin_num 2
56 38 0
42 42 0
Net_id 160
pin_num 2
5 8 0
17 2 0
Net_id 161
pin_num 2
17 42 0
21 42 0
