Width 60
Height 60
Layer 6
Total_WL 6406
Obstacle_num 144
6 16 0 14 17 0
14 22 0 20 23 0
45 39 0 53 40 0
19 11 0 25 12 0
37 47 0 40 48 0
53 2 0 57 3 0
0 20 0 10 21 0
0 9 0 4 10 0
7 30 0 14 31 0
42 44 0 46 45 0
45 9 0 50 10 0
52 38 0 58 39 0
43 32 0 52 33 0
1 49 0 6 50 0
5 35 0 9 36 0
31 37 0 35 38 0
24 23 0 31 24 0
52 55 0 57 56 0
32 13 0 42 14 0
50 10 0 59 11 0
4 53 0 8 54 0
10 53 0 13 54 0
39 56 0 49 57 0
29 58 0 36 59 0
31 29 1 32 32 1
22 47 1 23 51 1
31 38 1 32 43 1
32 39 1 33 44 1
56 38 1 57 46 1
38 43 1 39 50 1
54 26 1 55 31 1
42 46 1 43 50 1
0 2 1 1 6 1
29 46 1 30 54 1
28 26 1 29 32 1
32 16 1 33 25 1
22 0 1 23 6 1
47 19 1 48 24 1
9 10 1 10 16 1
19 32 1 20 36 1
37 9 1 38 15 1
48 36 1 49 43 1
26 44 1 27 48 1
53 23 1 54 28 1
15 20 1 16 26 1
12 47 1 13 51 1
0 44 1 1 50 1
27 21 1 28 24 1
27 44 2 33 45 2
42 37 2 48 38 2
42 28 2 51 29 2
11 17 2 14 18 2
28 48 2 37 49 2
38 38 2 41 39 2
32 30 2 40 31 2
31 25 2 40 26 2
13 23 2 22 24 2
14 25 2 22 26 2
35 9 2 43 10 2
44 2 2 49 3 2
34 56 2 40 57 2
35 20 2 43 21 2
38 36 2 47 37 2
41 39 2 50 40 2
40 56 2 49 57 2
42 16 2 50 17 2
39 27 2 44 28 2
17 33 2 27 34 2
6 32 2 16 33 2
40 13 2 43 14 2
39 0 2 49 1 2
3 39 2 10 40 2
33 20 3 34 28 3
12 14 3 13 24 3
38 18 3 39 28 3
26 21 3 27 29 3
12 43 3 13 50 3
20 13 3 21 20 3
54 33 3 55 40 3
30 4 3 31 13 3
4 28 3 5 34 3
47 42 3 48 45 3
32 28 3 33 38 3
3 21 3 4 25 3
47 49 3 48 53 3
40 42 3 41 49 3
39 4 3 40 8 3
39 8 3 40 17 3
29 7 3 30 10 3
49 33 3 50 36 3
48 17 3 49 23 3
46 44 3 47 54 3
8 37 3 9 45 3
55 34 3 56 39 3
6 16 3 7 23 3
4 39 3 5 49 3
21 45 4 28 46 4
25 10 4 34 11 4
17 55 4 27 56 4
11 13 4 16 14 4
35 38 4 43 39 4
51 15 4 58 16 4
31 52 4 38 53 4
20 51 4 27 52 4
48 12 4 53 13 4
7 47 4 12 48 4
39 34 4 43 35 4
33 57 4 36 58 4
1 13 4 11 14 4
39 29 4 45 30 4
20 38 4 26 39 4
13 17 4 16 18 4
36 2 4 43 3 4
28 5 4 37 6 4
38 55 4 42 56 4
1 51 4 7 52 4
41 31 4 47 32 4
16 6 4 23 7 4
49 29 4 59 30 4
9 11 4 15 12 4
9 50 5 10 56 5
27 46 5 28 55 5
3 19 5 4 26 5
28 11 5 29 19 5
46 26 5 47 31 5
16 28 5 17 37 5
41 49 5 42 54 5
46 1 5 47 10 5
39 31 5 40 39 5
0 15 5 1 19 5
14 9 5 15 12 5
52 1 5 53 7 5
12 47 5 13 53 5
53 30 5 54 33 5
27 16 5 28 25 5
48 30 5 49 39 5
31 47 5 32 51 5
40 41 5 41 49 5
38 3 5 39 11 5
31 1 5 32 8 5
50 35 5 51 44 5
8 34 5 9 39 5
22 36 5 23 45 5
53 3 5 54 6 5
Net_num 160
Net_id 0
pin_num 5
11 8 0
7 0 0
18 7 0
0 0 0
8 1 0
Net_id 1
pin_num 5
48 5 0
47 11 0
32 7 0
49 27 0
40 20 0
Net_id 2
pin_num 5
36 46 0
39 46 0
39 38 0
43 41 0
37 23 0
Net_id 3
pin_num 5
41 48 0
39 53 0
23 53 0
30 42 0
13 55 0
Net_id 4
pin_num 5
36 17 0
33 16 0
34 33 0
48 25 0
30 29 0
Net_id 5
pin_num 5
31 13 0
16 10 0
28 19 0
5 13 0
5 16 0
Net_id 6
pin_num 5
42 53 0
45 50 0
38 52 0
22 52 0
33 59 0
Net_id 7
pin_num 5
17 26 0
22 27 0
19 3 0
43 27 0
14 27 0
Net_id 8
pin_num 5
33 3 0
54 3 0
42 12 0
59 3 0
40 4 0
Net_id 9
pin_num 5
51 28 0
58 40 0
52 13 0
54 56 0
41 21 0
Net_id 10
pin_num 5
15 3 0
0 8 0
9 29 0
14 0 0
0 23 0
Net_id 11
pin_num 5
36 1 0
43 1 0
29 1 0
38 8 0
29 0 0
Net_id 12
pin_num 5
4 25 0
0 26 0
1 32 0
11 24 0
13 33 0
Net_id 13
pin_num 5
41 37 0
38 37 0
40 28 0
32 31 0
35 38 0
Net_id 14
pin_num 5
9 52 0
11 54 0
3 53 0
14 59 0
14 56 0
Net_id 15
pin_num 5
20 23 0
25 28 0
23 37 0
7 23 0
24 59 0
Net_id 16
pin_num 5
32 41 0
17 45 0
27 26 0
10 33 0
10 20 0
Net_id 17
pin_num 5
31 59 0
36 55 0
44 59 0
32 50 0
33 56 0
Net_id 18
pin_num 5
2 58 0
2 56 0
0 58 0
12 58 0
6 38 0
Net_id 19
pin_num 5
33 15 0
22 12 0
52 15 0
28 3 0
58 2 0
Net_id 20
pin_num 4
25 40 0
33 41 0
28 45 0
3 40 0
Net_id 21
pin_num 4
7 18 0
2 22 0
10 9 0
15 12 0
Net_id 22
pin_num 4
1 16 0
4 21 0
4 22 0
1 0 0
Net_id 23
pin_num 4
58 41 0
55 39 0
57 31 0
56 18 0
Net_id 24
pin_num 4
54 57 0
57 41 0
52 43 0
54 58 0
Net_id 25
pin_num 4
18 2 0
20 3 0
27 16 0
25 18 0
Net_id 26
pin_num 4
57 8 0
46 8 0
43 10 0
36 2 0
Net_id 27
pin_num 4
16 0 0
1 3 0
16 1 0
24 0 0
Net_id 28
pin_num 4
51 42 0
43 38 0
59 58 0
49 7 0
Net_id 29
pin_num 4
17 44 0
22 36 0
21 25 0
11 29 0
Net_id 30
pin_num 4
4 38 0
0 34 0
1 43 0
9 43 0
Net_id 31
pin_num 4
55 32 0
40 21 0
51 30 0
12 27 0
Net_id 32
pin_num 4
39 32 0
30 30 0
30 37 0
24 26 0
Net_id 33
pin_num 4
23 45 0
20 34 0
13 35 0
15 58 0
Net_id 34
pin_num 4
43 42 0
52 52 0
45 29 0
45 59 0
Net_id 35
pin_num 4
29 54 0
36 43 0
58 45 0
42 42 0
Net_id 36
pin_num 4
15 17 0
6 25 0
0 28 0
12 6 0
Net_id 37
pin_num 4
22 25 0
29 28 0
28 1 0
34 34 0
Net_id 38
pin_num 4
33 2 0
27 2 0
31 7 0
35 8 0
Net_id 39
pin_num 4
20 5 0
16 8 0
32 8 0
21 0 0
Net_id 40
pin_num 3
36 39 0
36 38 0
44 35 0
Net_id 41
pin_num 3
6 54 0
22 40 0
8 31 0
Net_id 42
pin_num 3
58 28 0
45 19 0
59 33 0
Net_id 43
pin_num 3
24 28 0
2 31 0
38 20 0
Net_id 44
pin_num 3
15 33 0
33 33 0
16 15 0
Net_id 45
pin_num 3
7 17 0
10 21 0
31 17 0
Net_id 46
pin_num 3
39 36 0
46 29 0
33 40 0
Net_id 47
pin_num 3
31 35 0
46 38 0
44 26 0
Net_id 48
pin_num 3
37 40 0
52 40 0
40 52 0
Net_id 49
pin_num 3
26 59 0
24 48 0
39 54 0
Net_id 50
pin_num 3
23 51 0
29 55 0
55 53 0
Net_id 51
pin_num 3
27 15 0
22 16 0
17 16 0
Net_id 52
pin_num 3
58 36 0
53 36 0
55 18 0
Net_id 53
pin_num 3
16 56 0
38 58 0
22 59 0
Net_id 54
pin_num 3
48 52 0
58 38 0
51 41 0
Net_id 55
pin_num 3
16 9 0
31 14 0
30 10 0
Net_id 56
pin_num 3
43 57 0
25 47 0
16 43 0
Net_id 57
pin_num 3
56 3 0
51 18 0
53 16 0
Net_id 58
pin_num 3
51 21 0
56 7 0
36 14 0
Net_id 59
pin_num 3
30 49 0
14 36 0
0 43 0
Net_id 60
pin_num 3
57 49 0
55 42 0
50 27 0
Net_id 61
pin_num 3
22 39 0
3 47 0
0 57 0
Net_id 62
pin_num 3
23 57 0
43 59 0
46 47 0
Net_id 63
pin_num 3
26 22 0
31 18 0
22 20 0
Net_id 64
pin_num 3
24 3 0
49 2 0
50 16 0
Net_id 65
pin_num 3
33 19 0
29 29 0
50 26 0
Net_id 66
pin_num 3
8 7 0
1 5 0
15 6 0
Net_id 67
pin_num 3
9 39 0
11 38 0
19 59 0
Net_id 68
pin_num 3
47 21 0
57 27 0
57 9 0
Net_id 69
pin_num 3
48 26 0
58 9 0
33 21 0
Net_id 70
pin_num 3
6 15 0
1 33 0
5 6 0
Net_id 71
pin_num 3
32 9 0
51 23 0
15 15 0
Net_id 72
pin_num 3
0 32 0
18 24 0
9 37 0
Net_id 73
pin_num 3
50 57 0
58 50 0
44 57 0
Net_id 74
pin_num 3
30 31 0
26 18 0
53 20 0
Net_id 75
pin_num 3
44 24 0
39 22 0
58 33 0
Net_id 76
pin_num 3
15 32 0
18 17 0
3 2 0
Net_id 77
pin_num 3
17 11 0
5 26 0
2 5 0
Net_id 78
pin_num 3
53 47 0
28 54 0
45 27 0
Net_id 79
pin_num 2
54 4 0
37 6 0
Net_id 80
pin_num 2
21 18 0
25 34 0
Net_id 81
pin_num 2
54 9 0
47 6 0
Net_id 82
pin_num 2
24 1 0
27 0 0
Net_id 83
pin_num 2
33 14 0
26 4 0
Net_id 84
pin_num 2
32 3 0
31 9 0
Net_id 85
pin_num 2
48 16 0
44 16 0
Net_id 86
pin_num 2
48 55 0
57 55 0
Net_id 87
pin_num 2
41 34 0
35 41 0
Net_id 88
pin_num 2
25 45 0
31 47 0
Net_id 89
pin_num 2
4 59 0
7 50 0
Net_id 90
pin_num 2
43 19 0
51 33 0
Net_id 91
pin_num 2
39 51 0
52 51 0
Net_id 92
pin_num 2
8 41 0
2 35 0
Net_id 93
pin_num 2
41 0 0
25 21 0
Net_id 94
pin_num 2
19 25 0
5 34 0
Net_id 95
pin_num 2
25 52 0
24 58 0
Net_id 96
pin_num 2
19 38 0
11 37 0
Net_id 97
pin_num 2
57 34 0
53 34 0
Net_id 98
pin_num 2
7 49 0
15 54 0
Net_id 99
pin_num 2
44 0 0
46 10 0
Net_id 100
pin_num 2
43 16 0
33 6 0
Net_id 101
pin_num 2
50 23 0
44 58 0
Net_id 102
pin_num 2
51 37 0
51 34 0
Net_id 103
pin_num 2
9 44 0
26 54 0
Net_id 104
pin_num 2
11 56 0
8 58 0
Net_id 105
pin_num 2
59 49 0
52 36 0
Net_id 106
pin_num 2
56 56 0
53 50 0
Net_id 107
pin_num 2
27 40 0
24 45 0
Net_id 108
pin_num 2
43 29 0
48 34 0
Net_id 109
pin_num 2
22 5 0
20 6 0
Net_id 110
pin_num 2
10 38 0
18 18 0
Net_id 111
pin_num 2
51 58 0
56 51 0
Net_id 112
pin_num 2
42 5 0
40 5 0
Net_id 113
pin_num 2
0 10 0
18 11 0
Net_id 114
pin_num 2
23 43 0
18 42 0
Net_id 115
pin_num 2
24 21 0
21 17 0
Net_id 116
pin_num 2
10 42 0
4 40 0
Net_id 117
pin_num 2
35 21 0
36 23 0
Net_id 118
pin_num 2
9 10 0
13 10 0
Net_id 119
pin_num 2
34 8 0
56 5 0
Net_id 120
pin_num 2
23 50 0
21 59 0
Net_id 121
pin_num 2
18 50 0
26 38 0
Net_id 122
pin_num 2
2 32 0
30 35 0
Net_id 123
pin_num 2
7 25 0
25 36 0
Net_id 124
pin_num 2
33 34 0
29 34 0
Net_id 125
pin_num 2
44 9 0
23 1 0
Net_id 126
pin_num 2
39 44 0
16 38 0
Net_id 127
pin_num 2
12 36 0
2 19 0
Net_id 128
pin_num 2
48 37 0
55 40 0
Net_id 129
pin_num 2
13 37 0
22 46 0
Net_id 130
pin_num 2
53 15 0
58 7 0
Net_id 131
pin_num 2
35 55 0
57 51 0
Net_id 132
pin_num 2
12 43 0
5 50 0
Net_id 133
pin_num 2
12 57 0
15 56 0
Net_id 134
pin_num 2
54 48 0
58 52 0
Net_id 135
pin_num 2
27 29 0
22 30 0
Net_id 136
pin_num 2
43 21 0
53 39 0
Net_id 137
pin_num 2
22 21 0
18 28 0
Net_id 138
pin_num 2
58 14 0
44 41 0
Net_id 139
pin_num 2
37 51 0
3 59 0
Net_id 140
pin_num 2
20 30 0
14 28 0
Net_id 141
pin_num 2
35 19 0
57 2 0
Net_id 142
pin_num 2
53 46 0
58 53 0
Net_id 143
pin_num 2
15 5 0
41 28 0
Net_id 144
pin_num 2
46 26 0
37 8 0
Net_id 145
pin_num 2
43 5 0
47 4 0
Net_id 146
pin_num 2
43 7 0
47 7 0
Net_id 147
pin_num 2
50 25 0
47 17 0
Net_id 148
pin_num 2
45 28 0
41 26 0
Net_id 149
pin_num 2
58 34 0
56 52 0
Net_id 150
pin_num 2
1 30 0
6 27 0
Net_id 151
pin_num 2
38 41 0
31 23 0
Net_id 152
pin_num 2
55 35 0
46 36 0
Net_id 153
pin_num 2
40 8 0
28 24 0
Net_id 154
pin_num 2
31 29 0
39 21 0
Net_id 155
pin_num 2
43 50 0
37 50 0
Net_id 156
pin_num 2
10 12 0
14 12 0
Net_id 157
pin_num 2
29 10 0
23 10 0
Net_id 158
pin_num 2
5 19 0
22 32 0
Net_id 159
pin_num 2
57 20 0
56 13 0
