Width 60
Height 60
Layer 6
Total_WL 6864
Obstacle_num 144
52 9 0 57 10 0
35 25 0 39 26 0
46 6 0 50 7 0
33 1 0 36 2 0
36 57 0 45 58 0
16 9 0 24 10 0
12 18 0 22 19 0
1 31 0 7 32 0
8 39 0 17 40 0
13 42 0 17 43 0
46 3 0 50 4 0
1 32 0 7 33 0
32 24 0 41 25 0
28 4 0 37 5 0
18 42 0 21 43 0
44 39 0 52 40 0
32 31 0 39 32 0
51 55 0 59 56 0
7 9 0 11 10 0
47 30 0 53 31 0
8 55 0 18 56 0
38 39 0 41 40 0
16 10 0 22 11 0
20 49 0 27 50 0
32 29 1 33 32 1
35 2 1 36 12 1
21 27 1 22 35 1
16 40 1 17 45 1
39 6 1 40 14 1
9 20 1 10 26 1
37 13 1 38 18 1
41 33 1 42 42 1
37 19 1 38 25 1
41 5 1 42 8 1
54 40 1 55 46 1
55 26 1 56 33 1
24 39 1 25 49 1
0 24 1 1 31 1
2 39 1 3 48 1
32 18 1 33 28 1
46 54 1 47 57 1
46 17 1 47 27 1
49 48 1 50 52 1
39 51 1 40 54 1
16 21 1 17 30 1
47 18 1 48 25 1
47 37 1 48 40 1
3 22 1 4 30 1
11 43 2 17 44 2
38 8 2 45 9 2
17 55 2 20 56 2
20 53 2 23 54 2
15 9 2 25 10 2
6 11 2 10 12 2
20 48 2 23 49 2
27 29 2 37 30 2
46 20 2 56 21 2
35 46 2 40 47 2
42 55 2 45 56 2
24 43 2 31 44 2
21 35 2 31 36 2
43 39 2 47 40 2
20 5 2 23 6 2
10 44 2 13 45 2
34 23 2 44 24 2
27 58 2 34 59 2
16 53 2 20 54 2
20 7 2 26 8 2
25 51 2 31 52 2
13 25 2 18 26 2
4 58 2 7 59 2
14 47 2 20 48 2
34 27 3 35 33 3
46 38 3 47 46 3
33 41 3 34 49 3
42 14 3 43 19 3
27 3 3 28 11 3
36 38 3 37 42 3
34 49 3 35 52 3
29 50 3 30 56 3
1 15 3 2 23 3
44 34 3 45 44 3
52 25 3 53 34 3
0 13 3 1 18 3
5 4 3 6 12 3
17 25 3 18 28 3
48 23 3 49 33 3
58 3 3 59 10 3
10 35 3 11 43 3
20 6 3 21 11 3
37 45 3 38 52 3
31 17 3 32 27 3
54 19 3 55 25 3
3 26 3 4 34 3
22 24 3 23 33 3
41 42 3 42 50 3
7 25 4 10 26 4
25 51 4 33 52 4
39 44 4 48 45 4
54 8 4 59 9 4
23 21 4 33 22 4
25 43 4 32 44 4
53 13 4 58 14 4
1 12 4 9 13 4
47 16 4 57 17 4
44 15 4 54 16 4
37 20 4 41 21 4
51 6 4 58 7 4
28 3 4 31 4 4
1 54 4 11 55 4
28 56 4 35 57 4
44 58 4 54 59 4
15 32 4 20 33 4
23 35 4 31 36 4
27 27 4 33 28 4
6 28 4 11 29 4
12 3 4 21 4 4
35 34 4 38 35 4
10 5 4 19 6 4
51 28 4 56 29 4
36 8 5 37 18 5
46 17 5 47 20 5
37 35 5 38 38 5
52 18 5 53 28 5
17 36 5 18 44 5
17 54 5 18 59 5
30 42 5 31 46 5
50 42 5 51 49 5
38 52 5 39 57 5
52 38 5 53 45 5
3 25 5 4 28 5
28 29 5 29 37 5
56 29 5 57 36 5
57 47 5 58 54 5
43 0 5 44 6 5
53 7 5 54 17 5
56 41 5 57 51 5
16 30 5 17 37 5
15 20 5 16 27 5
22 16 5 23 23 5
27 3 5 28 9 5
34 14 5 35 22 5
1 9 5 2 15 5
17 19 5 18 23 5
Net_num 158
Net_id 0
pin_num 5
19 17 0
22 34 0
22 56 0
1 50 0
20 43 0
Net_id 1
pin_num 5
32 21 0
42 19 0
48 21 0
38 34 0
15 23 0
Net_id 2
pin_num 5
40 46 0
42 40 0
51 42 0
44 56 0
59 38 0
Net_id 3
pin_num 5
25 47 0
18 37 0
5 47 0
10 51 0
7 43 0
Net_id 4
pin_num 5
31 24 0
34 35 0
32 48 0
47 27 0
38 36 0
Net_id 5
pin_num 5
30 3 0
27 1 0
45 9 0
57 0 0
54 10 0
Net_id 6
pin_num 5
35 19 0
27 22 0
33 7 0
12 19 0
25 11 0
Net_id 7
pin_num 5
33 58 0
26 58 0
27 38 0
45 57 0
47 59 0
Net_id 8
pin_num 5
11 5 0
30 2 0
41 0 0
12 0 0
32 14 0
Net_id 9
pin_num 5
44 10 0
37 12 0
43 25 0
24 12 0
26 8 0
Net_id 10
pin_num 5
8 35 0
5 37 0
4 59 0
23 51 0
21 59 0
Net_id 11
pin_num 5
16 56 0
19 49 0
18 54 0
4 49 0
23 55 0
Net_id 12
pin_num 5
22 35 0
16 31 0
9 35 0
16 37 0
34 32 0
Net_id 13
pin_num 5
25 57 0
15 45 0
20 41 0
19 51 0
35 42 0
Net_id 14
pin_num 5
21 8 0
27 10 0
6 10 0
8 30 0
33 18 0
Net_id 15
pin_num 5
43 11 0
51 7 0
29 0 0
34 2 0
32 15 0
Net_id 16
pin_num 5
57 19 0
53 11 0
31 14 0
24 11 0
26 1 0
Net_id 17
pin_num 5
38 6 0
44 4 0
37 9 0
59 11 0
27 9 0
Net_id 18
pin_num 5
35 34 0
31 46 0
8 41 0
15 56 0
37 30 0
Net_id 19
pin_num 5
20 51 0
23 52 0
23 50 0
6 52 0
23 33 0
Net_id 20
pin_num 4
19 30 0
25 30 0
36 38 0
32 49 0
Net_id 21
pin_num 4
57 38 0
58 45 0
47 48 0
41 44 0
Net_id 22
pin_num 4
31 22 0
37 28 0
17 28 0
26 26 0
Net_id 23
pin_num 4
59 51 0
48 56 0
59 48 0
36 59 0
Net_id 24
pin_num 4
23 34 0
34 43 0
13 38 0
49 43 0
Net_id 25
pin_num 4
14 0 0
28 7 0
31 1 0
34 5 0
Net_id 26
pin_num 4
32 35 0
35 32 0
52 32 0
34 44 0
Net_id 27
pin_num 4
48 0 0
53 8 0
56 10 0
40 2 0
Net_id 28
pin_num 4
59 1 0
50 1 0
52 6 0
55 22 0
Net_id 29
pin_num 4
28 44 0
32 59 0
33 59 0
26 53 0
Net_id 30
pin_num 4
41 53 0
55 57 0
51 59 0
55 47 0
Net_id 31
pin_num 4
8 57 0
0 56 0
4 37 0
3 56 0
Net_id 32
pin_num 4
50 14 0
49 19 0
40 14 0
58 14 0
Net_id 33
pin_num 4
42 39 0
49 53 0
48 59 0
56 53 0
Net_id 34
pin_num 4
37 7 0
31 13 0
58 10 0
48 4 0
Net_id 35
pin_num 4
11 13 0
11 28 0
0 4 0
11 0 0
Net_id 36
pin_num 4
18 25 0
25 33 0
43 29 0
36 26 0
Net_id 37
pin_num 4
9 12 0
7 1 0
2 12 0
36 1 0
Net_id 38
pin_num 4
29 30 0
12 34 0
12 12 0
4 0 0
Net_id 39
pin_num 4
32 37 0
20 27 0
30 36 0
0 50 0
Net_id 40
pin_num 3
4 6 0
0 3 0
15 4 0
Net_id 41
pin_num 3
28 14 0
23 17 0
49 17 0
Net_id 42
pin_num 3
17 15 0
19 12 0
2 4 0
Net_id 43
pin_num 3
57 27 0
59 29 0
50 29 0
Net_id 44
pin_num 3
21 27 0
38 38 0
37 53 0
Net_id 45
pin_num 3
41 55 0
27 59 0
37 39 0
Net_id 46
pin_num 3
39 29 0
30 27 0
40 31 0
Net_id 47
pin_num 3
58 58 0
52 46 0
56 59 0
Net_id 48
pin_num 3
15 10 0
7 2 0
26 0 0
Net_id 49
pin_num 3
12 48 0
21 56 0
6 55 0
Net_id 50
pin_num 3
3 46 0
17 34 0
28 41 0
Net_id 51
pin_num 3
12 51 0
21 54 0
5 55 0
Net_id 52
pin_num 3
13 46 0
6 51 0
19 36 0
Net_id 53
pin_num 3
38 19 0
28 13 0
40 4 0
Net_id 54
pin_num 3
24 53 0
41 56 0
32 56 0
Net_id 55
pin_num 3
10 22 0
18 36 0
4 23 0
Net_id 56
pin_num 3
55 58 0
35 59 0
59 54 0
Net_id 57
pin_num 3
46 45 0
37 54 0
35 20 0
Net_id 58
pin_num 3
1 37 0
26 57 0
20 26 0
Net_id 59
pin_num 3
28 48 0
36 37 0
28 59 0
Net_id 60
pin_num 3
55 56 0
57 43 0
53 41 0
Net_id 61
pin_num 3
33 41 0
3 47 0
8 58 0
Net_id 62
pin_num 3
33 25 0
23 43 0
14 53 0
Net_id 63
pin_num 3
21 3 0
20 11 0
0 18 0
Net_id 64
pin_num 3
8 36 0
11 31 0
2 48 0
Net_id 65
pin_num 3
1 55 0
23 48 0
9 57 0
Net_id 66
pin_num 3
13 54 0
10 56 0
13 41 0
Net_id 67
pin_num 3
23 16 0
28 22 0
10 18 0
Net_id 68
pin_num 3
9 24 0
1 20 0
36 19 0
Net_id 69
pin_num 3
58 21 0
31 34 0
20 24 0
Net_id 70
pin_num 3
34 29 0
21 22 0
0 39 0
Net_id 71
pin_num 3
56 28 0
48 31 0
48 41 0
Net_id 72
pin_num 3
41 28 0
32 41 0
39 18 0
Net_id 73
pin_num 3
54 47 0
36 58 0
44 36 0
Net_id 74
pin_num 3
1 21 0
19 4 0
13 17 0
Net_id 75
pin_num 3
15 32 0
8 29 0
20 29 0
Net_id 76
pin_num 3
1 25 0
7 20 0
6 18 0
Net_id 77
pin_num 3
10 45 0
6 34 0
0 47 0
Net_id 78
pin_num 3
1 54 0
2 49 0
17 42 0
Net_id 79
pin_num 2
52 45 0
47 46 0
Net_id 80
pin_num 2
44 31 0
59 20 0
Net_id 81
pin_num 2
19 59 0
15 58 0
Net_id 82
pin_num 2
45 20 0
40 19 0
Net_id 83
pin_num 2
59 12 0
38 10 0
Net_id 84
pin_num 2
51 16 0
59 7 0
Net_id 85
pin_num 2
23 15 0
12 14 0
Net_id 86
pin_num 2
1 48 0
1 49 0
Net_id 87
pin_num 2
6 54 0
1 58 0
Net_id 88
pin_num 2
45 16 0
44 9 0
Net_id 89
pin_num 2
26 42 0
23 44 0
Net_id 90
pin_num 2
32 16 0
36 10 0
Net_id 91
pin_num 2
1 14 0
12 20 0
Net_id 92
pin_num 2
43 54 0
51 43 0
Net_id 93
pin_num 2
19 14 0
10 24 0
Net_id 94
pin_num 2
51 8 0
40 22 0
Net_id 95
pin_num 2
51 33 0
43 41 0
Net_id 96
pin_num 2
9 4 0
18 22 0
Net_id 97
pin_num 2
45 36 0
55 36 0
Net_id 98
pin_num 2
2 34 0
5 35 0
Net_id 99
pin_num 2
32 46 0
39 41 0
Net_id 100
pin_num 2
4 28 0
3 41 0
Net_id 101
pin_num 2
45 23 0
54 27 0
Net_id 102
pin_num 2
43 30 0
30 20 0
Net_id 103
pin_num 2
18 40 0
25 44 0
Net_id 104
pin_num 2
55 2 0
56 19 0
Net_id 105
pin_num 2
58 15 0
48 26 0
Net_id 106
pin_num 2
29 24 0
34 26 0
Net_id 107
pin_num 2
2 18 0
1 13 0
Net_id 108
pin_num 2
1 52 0
8 45 0
Net_id 109
pin_num 2
50 57 0
12 42 0
Net_id 110
pin_num 2
52 57 0
50 56 0
Net_id 111
pin_num 2
26 39 0
1 46 0
Net_id 112
pin_num 2
37 2 0
30 14 0
Net_id 113
pin_num 2
42 7 0
59 0 0
Net_id 114
pin_num 2
27 57 0
42 49 0
Net_id 115
pin_num 2
29 50 0
34 58 0
Net_id 116
pin_num 2
28 21 0
12 9 0
Net_id 117
pin_num 2
19 26 0
15 36 0
Net_id 118
pin_num 2
2 26 0
14 31 0
Net_id 119
pin_num 2
23 40 0
28 54 0
Net_id 120
pin_num 2
13 37 0
1 26 0
Net_id 121
pin_num 2
9 36 0
14 37 0
Net_id 122
pin_num 2
42 33 0
25 45 0
Net_id 123
pin_num 2
32 53 0
7 39 0
Net_id 124
pin_num 2
51 38 0
39 37 0
Net_id 125
pin_num 2
11 48 0
4 33 0
Net_id 126
pin_num 2
15 9 0
10 28 0
Net_id 127
pin_num 2
24 3 0
4 13 0
Net_id 128
pin_num 2
3 43 0
6 43 0
Net_id 129
pin_num 2
35 51 0
14 58 0
Net_id 130
pin_num 2
32 40 0
26 59 0
Net_id 131
pin_num 2
28 26 0
16 20 0
Net_id 132
pin_num 2
54 13 0
57 17 0
Net_id 133
pin_num 2
30 54 0
35 50 0
Net_id 134
pin_num 2
45 29 0
50 54 0
Net_id 135
pin_num 2
11 25 0
0 49 0
Net_id 136
pin_num 2
40 18 0
55 33 0
Net_id 137
pin_num 2
54 19 0
40 5 0
Net_id 138
pin_num 2
6 17 0
3 37 0
Net_id 139
pin_num 2
17 20 0
19 16 0
Net_id 140
pin_num 2
11 40 0
1 47 0
Net_id 141
pin_num 2
38 18 0
21 20 0
Net_id 142
pin_num 2
40 25 0
52 38 0
Net_id 143
pin_num 2
52 4 0
56 4 0
Net_id 144
pin_num 2
50 37 0
29 33 0
Net_id 145
pin_num 2
33 49 0
52 37 0
Net_id 146
pin_num 2
55 51 0
52 17 0
Net_id 147
pin_num 2
25 6 0
11 1 0
Net_id 148
pin_num 2
47 26 0
31 38 0
Net_id 149
pin_num 2
59 6 0
50 13 0
Net_id 150
pin_num 2
59 34 0
50 34 0
Net_id 151
pin_num 2
20 58 0
38 53 0
Net_id 152
pin_num 2
22 7 0
18 2 0
Net_id 153
pin_num 2
52 50 0
59 33 0
Net_id 154
pin_num 2
26 10 0
27 0 0
Net_id 155
pin_num 2
53 22 0
46 28 0
Net_id 156
pin_num 2
54 41 0
51 46 0
Net_id 157
pin_num 2
54 49 0
42 52 0
