Width 60
Height 60
Layer 6
Total_WL 6709
Obstacle_num 144
23 22 0 31 23 0
45 1 0 55 2 0
17 23 0 23 24 0
21 35 0 28 36 0
44 53 0 50 54 0
39 43 0 48 44 0
1 35 0 8 36 0
9 33 0 19 34 0
14 3 0 22 4 0
19 29 0 28 30 0
17 11 0 27 12 0
11 14 0 14 15 0
37 54 0 41 55 0
10 2 0 16 3 0
8 55 0 16 56 0
36 10 0 44 11 0
50 19 0 57 20 0
3 29 0 11 30 0
31 48 0 39 49 0
19 9 0 28 10 0
38 41 0 46 42 0
44 14 0 49 15 0
11 42 0 17 43 0
17 14 0 24 15 0
47 49 1 48 55 1
31 41 1 32 50 1
36 1 1 37 8 1
39 6 1 40 10 1
21 12 1 22 19 1
37 18 1 38 26 1
3 11 1 4 17 1
46 21 1 47 26 1
25 35 1 26 45 1
13 22 1 14 31 1
56 22 1 57 31 1
18 35 1 19 42 1
14 21 1 15 27 1
5 27 1 6 34 1
13 41 1 14 48 1
28 29 1 29 36 1
43 38 1 44 43 1
52 30 1 53 39 1
4 21 1 5 28 1
0 45 1 1 50 1
35 19 1 36 24 1
48 16 1 49 24 1
57 52 1 58 58 1
34 19 1 35 23 1
1 16 2 4 17 2
40 4 2 46 5 2
20 8 2 27 9 2
33 27 2 36 28 2
3 7 2 10 8 2
51 17 2 56 18 2
0 43 2 9 44 2
34 9 2 40 10 2
15 33 2 21 34 2
33 0 2 39 1 2
51 54 2 55 55 2
49 27 2 56 28 2
4 53 2 10 54 2
26 34 2 31 35 2
25 39 2 32 40 2
51 31 2 54 32 2
43 24 2 48 25 2
34 22 2 44 23 2
24 18 2 32 19 2
15 52 2 21 53 2
27 57 2 34 58 2
37 41 2 42 42 2
6 29 2 16 30 2
28 7 2 35 8 2
20 25 3 21 30 3
30 39 3 31 42 3
14 37 3 15 44 3
53 25 3 54 34 3
33 20 3 34 24 3
13 38 3 14 43 3
26 25 3 27 35 3
0 38 3 1 48 3
28 15 3 29 23 3
49 25 3 50 33 3
54 3 3 55 12 3
57 8 3 58 16 3
34 4 3 35 8 3
22 31 3 23 41 3
52 50 3 53 57 3
28 5 3 29 11 3
55 32 3 56 37 3
5 25 3 6 30 3
15 23 3 16 30 3
58 11 3 59 18 3
6 21 3 7 27 3
47 41 3 48 46 3
42 1 3 43 11 3
33 53 3 34 56 3
1 38 4 10 39 4
30 13 4 34 14 4
14 40 4 23 41 4
4 43 4 13 44 4
19 10 4 28 11 4
20 3 4 30 4 4
39 12 4 46 13 4
31 42 4 38 43 4
37 27 4 42 28 4
37 43 4 45 44 4
26 57 4 36 58 4
3 10 4 9 11 4
35 24 4 42 25 4
53 7 4 56 8 4
23 43 4 29 44 4
21 41 4 29 42 4
39 8 4 49 9 4
24 40 4 34 41 4
17 13 4 23 14 4
54 3 4 59 4 4
2 37 4 7 38 4
47 0 4 54 1 4
34 16 4 44 17 4
7 48 4 17 49 4
50 5 5 51 9 5
57 22 5 58 29 5
23 20 5 24 28 5
19 27 5 20 35 5
51 36 5 52 43 5
52 54 5 53 59 5
37 34 5 38 38 5
20 14 5 21 24 5
44 40 5 45 50 5
0 29 5 1 34 5
31 31 5 32 37 5
18 35 5 19 43 5
34 28 5 35 38 5
46 34 5 47 41 5
39 8 5 40 14 5
30 53 5 31 56 5
36 2 5 37 10 5
5 19 5 6 26 5
11 49 5 12 57 5
4 0 5 5 5 5
12 13 5 13 17 5
34 47 5 35 54 5
10 48 5 11 57 5
41 51 5 42 59 5
Net_num 160
Net_id 0
pin_num 5
6 1 0
26 1 0
15 13 0
37 5 0
21 0 0
Net_id 1
pin_num 5
1 24 0
7 18 0
22 20 0
13 0 0
5 2 0
Net_id 2
pin_num 5
36 47 0
24 55 0
33 37 0
15 47 0
26 58 0
Net_id 3
pin_num 5
5 32 0
1 32 0
2 11 0
3 40 0
0 44 0
Net_id 4
pin_num 5
35 30 0
54 30 0
44 48 0
55 48 0
50 24 0
Net_id 5
pin_num 5
1 6 0
9 15 0
16 8 0
16 10 0
27 15 0
Net_id 6
pin_num 5
9 35 0
8 37 0
15 35 0
2 36 0
4 54 0
Net_id 7
pin_num 5
24 50 0
17 54 0
33 50 0
33 59 0
20 59 0
Net_id 8
pin_num 5
33 15 0
26 13 0
21 24 0
27 0 0
38 8 0
Net_id 9
pin_num 5
46 49 0
49 57 0
58 55 0
49 41 0
53 49 0
Net_id 10
pin_num 5
22 4 0
17 0 0
27 12 0
0 4 0
18 9 0
Net_id 11
pin_num 5
23 45 0
25 48 0
18 48 0
30 58 0
22 34 0
Net_id 12
pin_num 5
50 10 0
49 19 0
42 11 0
59 13 0
54 18 0
Net_id 13
pin_num 5
6 31 0
9 25 0
0 26 0
1 39 0
2 10 0
Net_id 14
pin_num 5
50 38 0
35 43 0
59 39 0
30 40 0
58 26 0
Net_id 15
pin_num 5
37 56 0
41 54 0
34 59 0
40 52 0
59 56 0
Net_id 16
pin_num 5
7 49 0
6 37 0
7 19 0
17 38 0
11 49 0
Net_id 17
pin_num 5
25 56 0
27 45 0
44 50 0
36 45 0
33 49 0
Net_id 18
pin_num 5
45 42 0
47 36 0
47 25 0
59 31 0
35 31 0
Net_id 19
pin_num 5
37 31 0
37 34 0
36 16 0
59 33 0
33 26 0
Net_id 20
pin_num 5
52 14 0
58 16 0
59 21 0
45 16 0
47 21 0
Net_id 21
pin_num 4
2 34 0
9 36 0
9 56 0
8 33 0
Net_id 22
pin_num 4
12 49 0
22 59 0
28 59 0
12 30 0
Net_id 23
pin_num 4
56 25 0
49 35 0
32 28 0
41 26 0
Net_id 24
pin_num 4
3 33 0
9 57 0
0 50 0
24 34 0
Net_id 25
pin_num 4
57 44 0
59 35 0
50 37 0
59 37 0
Net_id 26
pin_num 4
32 8 0
37 9 0
38 18 0
38 9 0
Net_id 27
pin_num 4
22 21 0
33 14 0
28 28 0
31 9 0
Net_id 28
pin_num 4
46 4 0
43 19 0
28 11 0
31 23 0
Net_id 29
pin_num 4
53 30 0
48 15 0
42 20 0
48 46 0
Net_id 30
pin_num 4
14 7 0
25 4 0
17 12 0
27 11 0
Net_id 31
pin_num 4
46 27 0
42 26 0
55 27 0
47 22 0
Net_id 32
pin_num 4
4 46 0
18 50 0
17 53 0
34 49 0
Net_id 33
pin_num 4
10 30 0
23 36 0
39 48 0
43 58 0
Net_id 34
pin_num 4
7 15 0
6 11 0
0 17 0
10 22 0
Net_id 35
pin_num 4
59 7 0
48 12 0
50 13 0
29 12 0
Net_id 36
pin_num 4
23 27 0
27 28 0
11 28 0
24 8 0
Net_id 37
pin_num 4
46 40 0
34 39 0
42 47 0
40 20 0
Net_id 38
pin_num 4
47 10 0
51 8 0
53 11 0
56 0 0
Net_id 39
pin_num 3
58 53 0
39 53 0
45 59 0
Net_id 40
pin_num 3
35 1 0
41 0 0
27 1 0
Net_id 41
pin_num 3
14 43 0
30 43 0
6 52 0
Net_id 42
pin_num 3
3 34 0
21 27 0
32 35 0
Net_id 43
pin_num 3
5 9 0
39 0 0
23 0 0
Net_id 44
pin_num 3
48 37 0
33 25 0
34 38 0
Net_id 45
pin_num 3
20 13 0
29 25 0
1 25 0
Net_id 46
pin_num 3
7 30 0
11 13 0
45 22 0
Net_id 47
pin_num 3
39 58 0
18 56 0
42 57 0
Net_id 48
pin_num 3
32 10 0
24 2 0
4 12 0
Net_id 49
pin_num 3
39 31 0
41 34 0
55 33 0
Net_id 50
pin_num 3
20 2 0
12 6 0
6 6 0
Net_id 51
pin_num 3
47 51 0
48 58 0
34 51 0
Net_id 52
pin_num 3
51 37 0
52 59 0
51 10 0
Net_id 53
pin_num 3
13 37 0
27 58 0
29 34 0
Net_id 54
pin_num 3
22 56 0
17 58 0
2 58 0
Net_id 55
pin_num 3
16 36 0
19 31 0
19 8 0
Net_id 56
pin_num 3
40 17 0
52 39 0
59 15 0
Net_id 57
pin_num 3
35 2 0
43 1 0
37 7 0
Net_id 58
pin_num 3
48 29 0
41 39 0
15 32 0
Net_id 59
pin_num 3
27 51 0
32 49 0
55 58 0
Net_id 60
pin_num 3
51 28 0
51 34 0
47 34 0
Net_id 61
pin_num 3
42 1 0
42 9 0
12 3 0
Net_id 62
pin_num 3
10 40 0
19 44 0
25 34 0
Net_id 63
pin_num 3
12 19 0
31 25 0
12 0 0
Net_id 64
pin_num 3
46 36 0
38 43 0
29 10 0
Net_id 65
pin_num 3
9 2 0
0 8 0
0 25 0
Net_id 66
pin_num 3
52 32 0
58 24 0
50 23 0
Net_id 67
pin_num 3
6 26 0
21 33 0
15 39 0
Net_id 68
pin_num 3
14 39 0
16 23 0
10 28 0
Net_id 69
pin_num 3
42 16 0
45 2 0
48 3 0
Net_id 70
pin_num 3
25 42 0
31 42 0
42 46 0
Net_id 71
pin_num 3
43 22 0
52 28 0
37 22 0
Net_id 72
pin_num 3
39 29 0
36 41 0
47 23 0
Net_id 73
pin_num 3
46 9 0
29 20 0
20 51 0
Net_id 74
pin_num 3
52 31 0
56 37 0
43 35 0
Net_id 75
pin_num 3
2 48 0
10 48 0
6 40 0
Net_id 76
pin_num 3
1 38 0
12 53 0
9 59 0
Net_id 77
pin_num 3
2 33 0
2 46 0
14 38 0
Net_id 78
pin_num 3
24 42 0
16 30 0
49 37 0
Net_id 79
pin_num 3
1 23 0
11 31 0
7 59 0
Net_id 80
pin_num 3
43 55 0
58 57 0
53 34 0
Net_id 81
pin_num 2
25 30 0
44 25 0
Net_id 82
pin_num 2
11 56 0
18 58 0
Net_id 83
pin_num 2
31 54 0
37 55 0
Net_id 84
pin_num 2
45 21 0
25 31 0
Net_id 85
pin_num 2
55 22 0
49 6 0
Net_id 86
pin_num 2
45 20 0
59 44 0
Net_id 87
pin_num 2
10 45 0
21 45 0
Net_id 88
pin_num 2
56 10 0
54 12 0
Net_id 89
pin_num 2
51 4 0
49 9 0
Net_id 90
pin_num 2
24 30 0
10 41 0
Net_id 91
pin_num 2
35 44 0
35 50 0
Net_id 92
pin_num 2
21 5 0
26 7 0
Net_id 93
pin_num 2
43 49 0
45 56 0
Net_id 94
pin_num 2
10 19 0
6 16 0
Net_id 95
pin_num 2
53 44 0
47 40 0
Net_id 96
pin_num 2
44 7 0
38 19 0
Net_id 97
pin_num 2
26 12 0
25 5 0
Net_id 98
pin_num 2
55 44 0
44 29 0
Net_id 99
pin_num 2
17 40 0
22 51 0
Net_id 100
pin_num 2
2 53 0
11 30 0
Net_id 101
pin_num 2
32 53 0
15 57 0
Net_id 102
pin_num 2
1 57 0
10 42 0
Net_id 103
pin_num 2
37 49 0
41 50 0
Net_id 104
pin_num 2
57 3 0
46 18 0
Net_id 105
pin_num 2
37 46 0
52 23 0
Net_id 106
pin_num 2
25 39 0
3 21 0
Net_id 107
pin_num 2
28 16 0
46 15 0
Net_id 108
pin_num 2
55 26 0
47 15 0
Net_id 109
pin_num 2
33 43 0
32 18 0
Net_id 110
pin_num 2
32 23 0
38 38 0
Net_id 111
pin_num 2
28 10 0
19 2 0
Net_id 112
pin_num 2
25 8 0
30 8 0
Net_id 113
pin_num 2
40 27 0
17 18 0
Net_id 114
pin_num 2
54 36 0
54 33 0
Net_id 115
pin_num 2
23 49 0
44 59 0
Net_id 116
pin_num 2
14 18 0
2 47 0
Net_id 117
pin_num 2
53 13 0
45 29 0
Net_id 118
pin_num 2
53 53 0
59 57 0
Net_id 119
pin_num 2
36 24 0
23 38 0
Net_id 120
pin_num 2
0 5 0
17 13 0
Net_id 121
pin_num 2
29 3 0
33 9 0
Net_id 122
pin_num 2
35 39 0
39 42 0
Net_id 123
pin_num 2
58 19 0
55 20 0
Net_id 124
pin_num 2
58 59 0
45 47 0
Net_id 125
pin_num 2
49 3 0
57 17 0
Net_id 126
pin_num 2
0 2 0
5 15 0
Net_id 127
pin_num 2
32 25 0
30 17 0
Net_id 128
pin_num 2
1 15 0
8 0 0
Net_id 129
pin_num 2
37 52 0
22 53 0
Net_id 130
pin_num 2
16 44 0
1 43 0
Net_id 131
pin_num 2
14 26 0
8 42 0
Net_id 132
pin_num 2
48 31 0
43 26 0
Net_id 133
pin_num 2
9 24 0
1 19 0
Net_id 134
pin_num 2
5 40 0
8 54 0
Net_id 135
pin_num 2
54 24 0
41 38 0
Net_id 136
pin_num 2
37 53 0
26 54 0
Net_id 137
pin_num 2
6 32 0
26 45 0
Net_id 138
pin_num 2
13 50 0
21 26 0
Net_id 139
pin_num 2
59 25 0
53 20 0
Net_id 140
pin_num 2
31 0 0
31 2 0
Net_id 141
pin_num 2
7 42 0
3 56 0
Net_id 142
pin_num 2
59 41 0
50 54 0
Net_id 143
pin_num 2
3 3 0
16 21 0
Net_id 144
pin_num 2
53 51 0
58 58 0
Net_id 145
pin_num 2
58 48 0
53 40 0
Net_id 146
pin_num 2
57 33 0
46 57 0
Net_id 147
pin_num 2
41 8 0
23 4 0
Net_id 148
pin_num 2
56 20 0
56 42 0
Net_id 149
pin_num 2
6 18 0
4 17 0
Net_id 150
pin_num 2
49 12 0
58 13 0
Net_id 151
pin_num 2
34 5 0
18 12 0
Net_id 152
pin_num 2
50 52 0
52 41 0
Net_id 153
pin_num 2
30 33 0
18 51 0
Net_id 154
pin_num 2
7 43 0
31 55 0
Net_id 155
pin_num 2
19 41 0
29 41 0
Net_id 156
pin_num 2
14 30 0
17 31 0
Net_id 157
pin_num 2
4 13 0
0 13 0
Net_id 158
pin_num 2
58 54 0
42 45 0
Net_id 159
pin_num 2
44 56 0
46 54 0
