Width 60
Height 60
Layer 6
Total_WL 6431
Obstacle_num 144
9 29 0 13 30 0
49 51 0 57 52 0
48 50 0 52 51 0
22 27 0 29 28 0
28 55 0 33 56 0
4 23 0 11 24 0
43 49 0 51 50 0
45 37 0 55 38 0
0 12 0 4 13 0
53 13 0 56 14 0
3 38 0 6 39 0
19 37 0 25 38 0
46 42 0 54 43 0
35 25 0 39 26 0
30 4 0 36 5 0
13 36 0 16 37 0
52 49 0 55 50 0
43 36 0 52 37 0
43 48 0 51 49 0
34 15 0 39 16 0
22 17 0 31 18 0
17 21 0 22 22 0
21 24 0 29 25 0
11 43 0 19 44 0
42 34 1 43 44 1
32 47 1 33 56 1
16 21 1 17 30 1
50 48 1 51 52 1
44 36 1 45 44 1
20 35 1 21 45 1
10 7 1 11 12 1
28 34 1 29 43 1
19 4 1 20 13 1
15 26 1 16 33 1
14 47 1 15 52 1
44 2 1 45 9 1
55 29 1 56 34 1
21 50 1 22 58 1
9 35 1 10 44 1
2 11 1 3 17 1
30 14 1 31 22 1
31 8 1 32 13 1
41 46 1 42 49 1
45 4 1 46 12 1
52 34 1 53 41 1
51 35 1 52 43 1
44 10 1 45 16 1
23 21 1 24 31 1
50 35 2 53 36 2
36 57 2 45 58 2
36 30 2 46 31 2
23 17 2 33 18 2
47 47 2 51 48 2
14 20 2 22 21 2
13 29 2 16 30 2
28 48 2 35 49 2
4 18 2 14 19 2
41 12 2 49 13 2
5 21 2 8 22 2
7 44 2 11 45 2
46 14 2 53 15 2
19 57 2 27 58 2
28 0 2 32 1 2
18 35 2 25 36 2
43 6 2 51 7 2
35 23 2 44 24 2
10 3 2 14 4 2
4 49 2 12 50 2
38 34 2 43 35 2
36 2 2 41 3 2
37 18 2 47 19 2
0 14 2 10 15 2
50 36 3 51 42 3
10 0 3 11 4 3
27 44 3 28 54 3
20 4 3 21 11 3
4 11 3 5 14 3
33 45 3 34 53 3
41 16 3 42 23 3
41 38 3 42 48 3
42 8 3 43 13 3
26 34 3 27 37 3
12 15 3 13 21 3
36 45 3 37 54 3
10 25 3 11 30 3
15 12 3 16 16 3
11 29 3 12 36 3
27 2 3 28 12 3
41 24 3 42 27 3
14 10 3 15 18 3
53 45 3 54 54 3
45 2 3 46 10 3
52 7 3 53 11 3
43 36 3 44 42 3
33 0 3 34 9 3
54 24 3 55 27 3
41 56 4 45 57 4
17 49 4 20 50 4
38 53 4 43 54 4
34 35 4 42 36 4
35 15 4 41 16 4
1 57 4 9 58 4
4 28 4 12 29 4
37 28 4 41 29 4
55 43 4 58 44 4
9 35 4 18 36 4
49 56 4 55 57 4
43 53 4 49 54 4
32 56 4 37 57 4
34 25 4 38 26 4
46 3 4 49 4 4
41 42 4 49 43 4
27 20 4 36 21 4
8 39 4 14 40 4
7 19 4 15 20 4
15 37 4 25 38 4
54 27 4 58 28 4
23 18 4 31 19 4
7 25 4 15 26 4
31 36 4 41 37 4
21 16 5 22 22 5
41 4 5 42 10 5
42 13 5 43 18 5
45 9 5 46 14 5
40 10 5 41 14 5
6 43 5 7 50 5
24 46 5 25 53 5
33 34 5 34 40 5
52 3 5 53 8 5
20 36 5 21 42 5
24 33 5 25 41 5
4 40 5 5 49 5
33 0 5 34 10 5
30 25 5 31 32 5
16 9 5 17 14 5
0 43 5 1 47 5
37 10 5 38 14 5
40 3 5 41 9 5
22 12 5 23 19 5
36 30 5 37 39 5
10 24 5 11 32 5
39 8 5 40 15 5
52 23 5 53 28 5
47 18 5 48 28 5
Net_num 157
Net_id 0
pin_num 5
9 31 0
2 24 0
0 11 0
3 16 0
18 12 0
Net_id 1
pin_num 5
41 56 0
35 56 0
39 53 0
36 45 0
27 56 0
Net_id 2
pin_num 5
14 16 0
31 21 0
28 12 0
19 14 0
6 15 0
Net_id 3
pin_num 5
39 25 0
47 11 0
38 0 0
38 9 0
58 0 0
Net_id 4
pin_num 5
50 45 0
51 47 0
51 26 0
55 46 0
49 23 0
Net_id 5
pin_num 5
58 9 0
58 8 0
39 8 0
47 1 0
50 0 0
Net_id 6
pin_num 5
13 38 0
25 42 0
45 38 0
38 17 0
10 42 0
Net_id 7
pin_num 5
26 2 0
18 4 0
33 2 0
29 1 0
23 5 0
Net_id 8
pin_num 5
58 46 0
57 29 0
43 41 0
59 47 0
49 30 0
Net_id 9
pin_num 5
6 57 0
8 55 0
1 59 0
5 51 0
3 37 0
Net_id 10
pin_num 5
14 20 0
16 30 0
7 30 0
4 33 0
11 17 0
Net_id 11
pin_num 5
56 58 0
51 59 0
58 43 0
52 58 0
58 59 0
Net_id 12
pin_num 5
12 34 0
11 30 0
19 34 0
12 22 0
2 29 0
Net_id 13
pin_num 5
13 44 0
7 40 0
13 59 0
30 50 0
0 52 0
Net_id 14
pin_num 5
35 45 0
34 43 0
57 44 0
34 34 0
19 42 0
Net_id 15
pin_num 5
1 53 0
9 56 0
7 48 0
5 37 0
14 59 0
Net_id 16
pin_num 5
13 0 0
2 7 0
3 10 0
6 9 0
0 8 0
Net_id 17
pin_num 5
7 58 0
6 51 0
12 51 0
1 42 0
0 38 0
Net_id 18
pin_num 4
2 2 0
1 8 0
17 8 0
4 5 0
Net_id 19
pin_num 4
27 19 0
5 19 0
20 5 0
22 26 0
Net_id 20
pin_num 4
32 40 0
26 29 0
27 12 0
18 11 0
Net_id 21
pin_num 4
40 13 0
47 23 0
52 8 0
49 11 0
Net_id 22
pin_num 4
24 5 0
39 12 0
14 5 0
35 17 0
Net_id 23
pin_num 4
51 2 0
50 6 0
40 2 0
38 5 0
Net_id 24
pin_num 4
30 14 0
20 22 0
8 24 0
3 18 0
Net_id 25
pin_num 4
24 49 0
17 58 0
17 40 0
15 50 0
Net_id 26
pin_num 4
53 40 0
38 39 0
43 23 0
50 32 0
Net_id 27
pin_num 4
56 48 0
59 52 0
59 54 0
52 57 0
Net_id 28
pin_num 4
37 3 0
26 6 0
34 0 0
52 2 0
Net_id 29
pin_num 4
1 36 0
4 46 0
12 38 0
14 31 0
Net_id 30
pin_num 4
5 33 0
7 22 0
11 26 0
10 27 0
Net_id 31
pin_num 4
19 51 0
12 42 0
24 41 0
13 20 0
Net_id 32
pin_num 4
21 32 0
13 28 0
25 16 0
32 21 0
Net_id 33
pin_num 4
29 18 0
21 13 0
41 14 0
24 33 0
Net_id 34
pin_num 4
44 6 0
51 5 0
51 24 0
59 23 0
Net_id 35
pin_num 4
56 52 0
56 38 0
36 42 0
39 27 0
Net_id 36
pin_num 3
21 6 0
39 3 0
22 4 0
Net_id 37
pin_num 3
17 6 0
4 10 0
5 1 0
Net_id 38
pin_num 3
47 10 0
57 5 0
56 1 0
Net_id 39
pin_num 3
9 19 0
4 34 0
0 10 0
Net_id 40
pin_num 3
25 47 0
14 52 0
19 58 0
Net_id 41
pin_num 3
50 46 0
58 32 0
57 46 0
Net_id 42
pin_num 3
18 7 0
11 7 0
4 22 0
Net_id 43
pin_num 3
59 10 0
37 5 0
40 4 0
Net_id 44
pin_num 3
0 45 0
14 58 0
9 34 0
Net_id 45
pin_num 3
16 8 0
17 1 0
0 9 0
Net_id 46
pin_num 3
59 16 0
48 34 0
49 28 0
Net_id 47
pin_num 3
15 32 0
20 34 0
33 14 0
Net_id 48
pin_num 3
34 52 0
42 51 0
50 58 0
Net_id 49
pin_num 3
44 12 0
39 13 0
22 28 0
Net_id 50
pin_num 3
48 43 0
45 45 0
31 59 0
Net_id 51
pin_num 3
7 34 0
2 10 0
1 35 0
Net_id 52
pin_num 3
9 27 0
7 37 0
25 37 0
Net_id 53
pin_num 3
3 32 0
8 27 0
0 32 0
Net_id 54
pin_num 3
8 5 0
14 9 0
18 14 0
Net_id 55
pin_num 3
55 19 0
58 34 0
57 9 0
Net_id 56
pin_num 3
36 22 0
55 12 0
47 4 0
Net_id 57
pin_num 3
2 30 0
0 34 0
20 31 0
Net_id 58
pin_num 3
34 47 0
28 47 0
29 22 0
Net_id 59
pin_num 3
44 22 0
52 33 0
53 27 0
Net_id 60
pin_num 3
28 19 0
35 18 0
14 28 0
Net_id 61
pin_num 3
34 53 0
38 59 0
46 55 0
Net_id 62
pin_num 3
12 58 0
5 59 0
11 52 0
Net_id 63
pin_num 3
29 44 0
38 43 0
30 30 0
Net_id 64
pin_num 3
17 22 0
1 10 0
9 20 0
Net_id 65
pin_num 3
6 16 0
13 16 0
1 15 0
Net_id 66
pin_num 3
54 40 0
59 51 0
32 45 0
Net_id 67
pin_num 3
4 12 0
20 1 0
1 26 0
Net_id 68
pin_num 3
41 32 0
34 25 0
37 17 0
Net_id 69
pin_num 3
55 24 0
46 31 0
59 13 0
Net_id 70
pin_num 3
29 26 0
39 1 0
35 41 0
Net_id 71
pin_num 3
58 50 0
45 40 0
59 50 0
Net_id 72
pin_num 3
41 26 0
51 29 0
41 22 0
Net_id 73
pin_num 3
46 27 0
53 39 0
26 26 0
Net_id 74
pin_num 3
44 25 0
33 36 0
37 43 0
Net_id 75
pin_num 3
18 57 0
19 45 0
33 57 0
Net_id 76
pin_num 3
36 24 0
25 34 0
26 58 0
Net_id 77
pin_num 3
40 58 0
37 45 0
46 52 0
Net_id 78
pin_num 2
20 53 0
4 53 0
Net_id 79
pin_num 2
36 50 0
25 36 0
Net_id 80
pin_num 2
19 25 0
10 19 0
Net_id 81
pin_num 2
34 16 0
37 1 0
Net_id 82
pin_num 2
2 53 0
10 59 0
Net_id 83
pin_num 2
43 45 0
53 38 0
Net_id 84
pin_num 2
5 32 0
14 37 0
Net_id 85
pin_num 2
20 52 0
31 16 0
Net_id 86
pin_num 2
21 8 0
10 17 0
Net_id 87
pin_num 2
5 48 0
17 52 0
Net_id 88
pin_num 2
28 10 0
21 9 0
Net_id 89
pin_num 2
28 31 0
39 49 0
Net_id 90
pin_num 2
7 11 0
5 26 0
Net_id 91
pin_num 2
33 24 0
26 16 0
Net_id 92
pin_num 2
28 59 0
26 46 0
Net_id 93
pin_num 2
44 24 0
26 21 0
Net_id 94
pin_num 2
59 5 0
58 7 0
Net_id 95
pin_num 2
44 56 0
48 56 0
Net_id 96
pin_num 2
22 48 0
25 11 0
Net_id 97
pin_num 2
54 45 0
57 38 0
Net_id 98
pin_num 2
16 33 0
4 37 0
Net_id 99
pin_num 2
56 22 0
48 31 0
Net_id 100
pin_num 2
50 7 0
44 7 0
Net_id 101
pin_num 2
57 27 0
44 17 0
Net_id 102
pin_num 2
16 36 0
24 34 0
Net_id 103
pin_num 2
2 11 0
11 14 0
Net_id 104
pin_num 2
41 16 0
56 13 0
Net_id 105
pin_num 2
55 2 0
56 11 0
Net_id 106
pin_num 2
33 21 0
48 12 0
Net_id 107
pin_num 2
22 53 0
34 57 0
Net_id 108
pin_num 2
56 31 0
55 4 0
Net_id 109
pin_num 2
43 10 0
56 3 0
Net_id 110
pin_num 2
38 16 0
59 24 0
Net_id 111
pin_num 2
47 35 0
45 29 0
Net_id 112
pin_num 2
50 59 0
43 43 0
Net_id 113
pin_num 2
42 22 0
52 16 0
Net_id 114
pin_num 2
32 29 0
51 48 0
Net_id 115
pin_num 2
55 53 0
57 58 0
Net_id 116
pin_num 2
41 27 0
47 25 0
Net_id 117
pin_num 2
57 55 0
51 55 0
Net_id 118
pin_num 2
26 59 0
6 50 0
Net_id 119
pin_num 2
10 20 0
14 15 0
Net_id 120
pin_num 2
35 42 0
21 29 0
Net_id 121
pin_num 2
26 41 0
2 49 0
Net_id 122
pin_num 2
20 35 0
32 39 0
Net_id 123
pin_num 2
41 1 0
43 1 0
Net_id 124
pin_num 2
4 41 0
0 36 0
Net_id 125
pin_num 2
0 44 0
8 40 0
Net_id 126
pin_num 2
19 1 0
26 10 0
Net_id 127
pin_num 2
48 58 0
30 46 0
Net_id 128
pin_num 2
54 25 0
44 9 0
Net_id 129
pin_num 2
49 19 0
35 10 0
Net_id 130
pin_num 2
30 27 0
41 10 0
Net_id 131
pin_num 2
19 31 0
25 35 0
Net_id 132
pin_num 2
35 12 0
21 1 0
Net_id 133
pin_num 2
46 57 0
25 51 0
Net_id 134
pin_num 2
29 0 0
43 17 0
Net_id 135
pin_num 2
34 37 0
41 33 0
Net_id 136
pin_num 2
17 33 0
14 42 0
Net_id 137
pin_num 2
53 0 0
40 10 0
Net_id 138
pin_num 2
42 9 0
38 12 0
Net_id 139
pin_num 2
33 6 0
24 10 0
Net_id 140
pin_num 2
8 37 0
2 32 0
Net_id 141
pin_num 2
42 52 0
50 53 0
Net_id 142
pin_num 2
56 18 0
50 17 0
Net_id 143
pin_num 2
24 48 0
37 33 0
Net_id 144
pin_num 2
45 31 0
47 30 0
Net_id 145
pin_num 2
20 3 0
23 11 0
Net_id 146
pin_num 2
7 10 0
17 23 0
Net_id 147
pin_num 2
27 21 0
29 20 0
Net_id 148
pin_num 2
42 31 0
26 20 0
Net_id 149
pin_num 2
23 34 0
22 31 0
Net_id 150
pin_num 2
17 28 0
11 38 0
Net_id 151
pin_num 2
10 39 0
0 46 0
Net_id 152
pin_num 2
49 58 0
54 48 0
Net_id 153
pin_num 2
33 8 0
25 7 0
Net_id 154
pin_num 2
47 22 0
34 10 0
Net_id 155
pin_num 2
24 31 0
22 58 0
Net_id 156
pin_num 2
58 33 0
52 18 0
