Width 60
Height 60
Layer 6
Total_WL 6978
Obstacle_num 144
30 0 0 35 1 0
19 4 0 24 5 0
36 29 0 40 30 0
50 53 0 59 54 0
26 36 0 33 37 0
37 38 0 46 39 0
1 30 0 4 31 0
0 25 0 5 26 0
25 48 0 32 49 0
13 20 0 16 21 0
27 33 0 33 34 0
44 16 0 48 17 0
24 7 0 29 8 0
19 38 0 23 39 0
43 45 0 51 46 0
53 22 0 56 23 0
23 9 0 30 10 0
14 18 0 21 19 0
37 14 0 47 15 0
40 28 0 47 29 0
5 9 0 14 10 0
36 8 0 46 9 0
46 0 0 56 1 0
17 54 0 20 55 0
10 39 1 11 45 1
14 17 1 15 22 1
29 46 1 30 52 1
30 4 1 31 11 1
52 51 1 53 54 1
38 8 1 39 13 1
50 35 1 51 44 1
7 35 1 8 41 1
12 2 1 13 9 1
50 48 1 51 55 1
32 4 1 33 12 1
55 6 1 56 11 1
16 13 1 17 22 1
49 47 1 50 54 1
30 43 1 31 49 1
5 43 1 6 47 1
17 7 1 18 10 1
28 33 1 29 39 1
14 49 1 15 54 1
28 20 1 29 28 1
42 29 1 43 33 1
5 47 1 6 55 1
47 22 1 48 25 1
2 19 1 3 26 1
36 3 2 40 4 2
16 56 2 19 57 2
44 12 2 52 13 2
42 18 2 46 19 2
21 16 2 27 17 2
14 28 2 21 29 2
16 53 2 24 54 2
49 29 2 52 30 2
8 40 2 11 41 2
33 16 2 39 17 2
27 14 2 32 15 2
49 39 2 58 40 2
41 58 2 45 59 2
41 28 2 44 29 2
30 27 2 33 28 2
12 15 2 17 16 2
12 19 2 16 20 2
32 38 2 39 39 2
17 35 2 27 36 2
40 38 2 46 39 2
39 37 2 44 38 2
3 15 2 6 16 2
13 39 2 18 40 2
23 51 2 29 52 2
19 47 3 20 52 3
53 33 3 54 42 3
10 3 3 11 13 3
27 31 3 28 37 3
56 29 3 57 35 3
57 48 3 58 57 3
50 46 3 51 50 3
30 40 3 31 43 3
40 33 3 41 42 3
9 7 3 10 14 3
55 54 3 56 57 3
10 29 3 11 34 3
55 18 3 56 24 3
5 5 3 6 15 3
37 25 3 38 34 3
52 26 3 53 35 3
35 41 3 36 44 3
45 39 3 46 49 3
26 41 3 27 46 3
50 53 3 51 57 3
4 6 3 5 9 3
34 35 3 35 44 3
22 38 3 23 47 3
19 32 3 20 41 3
27 7 4 33 8 4
41 52 4 45 53 4
22 54 4 31 55 4
13 35 4 21 36 4
12 34 4 21 35 4
11 38 4 18 39 4
11 1 4 19 2 4
36 6 4 46 7 4
35 7 4 40 8 4
24 56 4 29 57 4
54 14 4 58 15 4
52 55 4 56 56 4
18 49 4 24 50 4
14 56 4 22 57 4
4 20 4 8 21 4
22 10 4 30 11 4
13 53 4 22 54 4
52 22 4 59 23 4
11 19 4 15 20 4
29 12 4 39 13 4
52 49 4 56 50 4
7 25 4 12 26 4
25 22 4 34 23 4
18 21 4 24 22 4
16 32 5 17 38 5
29 44 5 30 51 5
53 0 5 54 10 5
16 40 5 17 46 5
6 3 5 7 8 5
20 45 5 21 53 5
34 22 5 35 25 5
7 15 5 8 18 5
31 40 5 32 44 5
5 23 5 6 33 5
27 3 5 28 13 5
32 35 5 33 45 5
53 12 5 54 21 5
34 38 5 35 43 5
35 50 5 36 57 5
11 36 5 12 46 5
29 0 5 30 6 5
44 50 5 45 56 5
44 2 5 45 12 5
35 23 5 36 31 5
47 46 5 48 56 5
43 50 5 44 56 5
28 35 5 29 42 5
14 33 5 15 42 5
Net_num 162
Net_id 0
pin_num 5
35 4 0
24 3 0
24 18 0
21 35 0
18 1 0
Net_id 1
pin_num 5
50 30 0
51 28 0
59 27 0
55 12 0
56 23 0
Net_id 2
pin_num 5
58 50 0
38 50 0
44 59 0
29 55 0
36 36 0
Net_id 3
pin_num 5
0 13 0
12 13 0
2 10 0
9 0 0
0 1 0
Net_id 4
pin_num 5
53 16 0
58 0 0
58 27 0
59 8 0
53 24 0
Net_id 5
pin_num 5
35 44 0
31 40 0
30 59 0
34 57 0
48 44 0
Net_id 6
pin_num 5
9 42 0
8 34 0
8 59 0
0 19 0
6 21 0
Net_id 7
pin_num 5
34 2 0
25 0 0
27 22 0
4 2 0
13 18 0
Net_id 8
pin_num 5
35 26 0
42 15 0
49 15 0
11 21 0
21 39 0
Net_id 9
pin_num 5
58 23 0
56 31 0
43 26 0
45 13 0
53 25 0
Net_id 10
pin_num 5
7 48 0
9 54 0
0 55 0
6 54 0
30 54 0
Net_id 11
pin_num 5
6 7 0
18 7 0
36 7 0
20 28 0
11 12 0
Net_id 12
pin_num 5
27 59 0
39 56 0
42 57 0
41 37 0
40 47 0
Net_id 13
pin_num 5
45 2 0
39 16 0
40 0 0
45 1 0
40 20 0
Net_id 14
pin_num 5
13 30 0
9 30 0
10 33 0
36 30 0
26 18 0
Net_id 15
pin_num 5
1 23 0
4 22 0
4 44 0
12 31 0
0 18 0
Net_id 16
pin_num 5
30 28 0
46 32 0
18 32 0
32 18 0
50 19 0
Net_id 17
pin_num 5
58 45 0
56 43 0
57 36 0
59 41 0
58 29 0
Net_id 18
pin_num 5
37 33 0
25 34 0
29 42 0
43 35 0
52 35 0
Net_id 19
pin_num 5
25 18 0
25 23 0
26 1 0
26 31 0
3 5 0
Net_id 20
pin_num 4
39 33 0
37 26 0
38 40 0
53 36 0
Net_id 21
pin_num 4
7 24 0
0 12 0
4 45 0
15 23 0
Net_id 22
pin_num 4
2 11 0
7 21 0
12 17 0
2 14 0
Net_id 23
pin_num 4
10 27 0
8 21 0
22 24 0
15 5 0
Net_id 24
pin_num 4
3 45 0
11 41 0
20 42 0
1 55 0
Net_id 25
pin_num 4
1 42 0
9 41 0
7 47 0
5 59 0
Net_id 26
pin_num 4
37 4 0
33 12 0
39 2 0
44 1 0
Net_id 27
pin_num 4
57 46 0
44 46 0
46 56 0
45 32 0
Net_id 28
pin_num 4
15 51 0
26 59 0
1 44 0
23 59 0
Net_id 29
pin_num 4
54 10 0
49 2 0
56 0 0
54 18 0
Net_id 30
pin_num 4
41 52 0
28 49 0
39 43 0
7 49 0
Net_id 31
pin_num 4
50 44 0
45 56 0
30 55 0
37 55 0
Net_id 32
pin_num 4
11 38 0
1 26 0
22 26 0
3 41 0
Net_id 33
pin_num 4
10 0 0
15 4 0
23 2 0
32 12 0
Net_id 34
pin_num 4
2 40 0
18 40 0
27 40 0
12 53 0
Net_id 35
pin_num 4
12 36 0
22 35 0
22 17 0
30 35 0
Net_id 36
pin_num 4
37 11 0
44 6 0
56 14 0
44 7 0
Net_id 37
pin_num 4
58 51 0
58 54 0
45 58 0
59 50 0
Net_id 38
pin_num 4
4 20 0
3 29 0
2 37 0
8 32 0
Net_id 39
pin_num 4
37 17 0
27 27 0
34 24 0
30 32 0
Net_id 40
pin_num 4
53 9 0
46 17 0
32 17 0
46 13 0
Net_id 41
pin_num 3
17 48 0
23 45 0
5 39 0
Net_id 42
pin_num 3
35 38 0
46 27 0
57 21 0
Net_id 43
pin_num 3
12 29 0
19 22 0
16 50 0
Net_id 44
pin_num 3
3 59 0
11 55 0
15 56 0
Net_id 45
pin_num 3
8 49 0
17 49 0
12 58 0
Net_id 46
pin_num 3
37 15 0
48 1 0
26 11 0
Net_id 47
pin_num 3
56 55 0
51 43 0
48 49 0
Net_id 48
pin_num 3
19 52 0
15 48 0
35 57 0
Net_id 49
pin_num 3
39 39 0
26 43 0
37 32 0
Net_id 50
pin_num 3
59 13 0
38 4 0
23 14 0
Net_id 51
pin_num 3
47 14 0
54 17 0
38 2 0
Net_id 52
pin_num 3
37 25 0
34 34 0
56 34 0
Net_id 53
pin_num 3
2 19 0
11 16 0
11 48 0
Net_id 54
pin_num 3
5 49 0
6 58 0
13 50 0
Net_id 55
pin_num 3
13 22 0
35 2 0
57 32 0
Net_id 56
pin_num 3
2 28 0
16 28 0
1 40 0
Net_id 57
pin_num 3
48 29 0
55 29 0
59 44 0
Net_id 58
pin_num 3
14 27 0
13 27 0
13 34 0
Net_id 59
pin_num 3
38 36 0
42 23 0
46 29 0
Net_id 60
pin_num 3
2 50 0
6 32 0
18 38 0
Net_id 61
pin_num 3
28 24 0
10 36 0
35 27 0
Net_id 62
pin_num 3
17 12 0
18 31 0
6 6 0
Net_id 63
pin_num 3
6 11 0
7 4 0
23 11 0
Net_id 64
pin_num 3
50 32 0
46 42 0
29 45 0
Net_id 65
pin_num 3
0 40 0
5 27 0
3 0 0
Net_id 66
pin_num 3
0 9 0
18 23 0
0 4 0
Net_id 67
pin_num 3
51 33 0
58 44 0
27 58 0
Net_id 68
pin_num 3
23 16 0
8 14 0
9 20 0
Net_id 69
pin_num 3
28 10 0
28 15 0
45 27 0
Net_id 70
pin_num 3
11 17 0
1 18 0
6 16 0
Net_id 71
pin_num 3
38 21 0
29 18 0
29 37 0
Net_id 72
pin_num 3
40 49 0
44 47 0
33 49 0
Net_id 73
pin_num 3
32 43 0
11 52 0
25 51 0
Net_id 74
pin_num 3
2 22 0
8 27 0
7 46 0
Net_id 75
pin_num 3
13 3 0
28 18 0
11 6 0
Net_id 76
pin_num 3
50 7 0
36 20 0
12 20 0
Net_id 77
pin_num 3
59 24 0
53 32 0
58 9 0
Net_id 78
pin_num 3
23 36 0
35 47 0
16 59 0
Net_id 79
pin_num 3
4 27 0
1 32 0
27 28 0
Net_id 80
pin_num 3
58 18 0
55 35 0
56 9 0
Net_id 81
pin_num 2
44 42 0
35 58 0
Net_id 82
pin_num 2
24 51 0
19 45 0
Net_id 83
pin_num 2
7 5 0
22 8 0
Net_id 84
pin_num 2
46 36 0
33 48 0
Net_id 85
pin_num 2
51 55 0
28 52 0
Net_id 86
pin_num 2
3 4 0
5 25 0
Net_id 87
pin_num 2
38 5 0
59 5 0
Net_id 88
pin_num 2
23 47 0
32 58 0
Net_id 89
pin_num 2
22 20 0
19 21 0
Net_id 90
pin_num 2
12 34 0
1 38 0
Net_id 91
pin_num 2
49 18 0
36 15 0
Net_id 92
pin_num 2
36 51 0
42 46 0
Net_id 93
pin_num 2
39 49 0
35 49 0
Net_id 94
pin_num 2
50 1 0
51 1 0
Net_id 95
pin_num 2
33 40 0
27 38 0
Net_id 96
pin_num 2
35 11 0
24 22 0
Net_id 97
pin_num 2
13 54 0
0 47 0
Net_id 98
pin_num 2
27 8 0
30 3 0
Net_id 99
pin_num 2
30 50 0
22 49 0
Net_id 100
pin_num 2
18 41 0
25 45 0
Net_id 101
pin_num 2
31 5 0
41 12 0
Net_id 102
pin_num 2
41 58 0
57 49 0
Net_id 103
pin_num 2
5 8 0
26 10 0
Net_id 104
pin_num 2
17 53 0
28 57 0
Net_id 105
pin_num 2
1 19 0
4 4 0
Net_id 106
pin_num 2
23 25 0
2 39 0
Net_id 107
pin_num 2
17 1 0
7 10 0
Net_id 108
pin_num 2
27 44 0
2 3 0
Net_id 109
pin_num 2
46 20 0
46 24 0
Net_id 110
pin_num 2
36 22 0
20 29 0
Net_id 111
pin_num 2
34 36 0
32 34 0
Net_id 112
pin_num 2
49 52 0
24 39 0
Net_id 113
pin_num 2
36 47 0
46 57 0
Net_id 114
pin_num 2
44 40 0
42 47 0
Net_id 115
pin_num 2
58 28 0
40 24 0
Net_id 116
pin_num 2
21 33 0
19 42 0
Net_id 117
pin_num 2
6 18 0
7 6 0
Net_id 118
pin_num 2
17 50 0
21 43 0
Net_id 119
pin_num 2
25 42 0
9 6 0
Net_id 120
pin_num 2
4 38 0
11 33 0
Net_id 121
pin_num 2
6 44 0
23 39 0
Net_id 122
pin_num 2
52 52 0
56 45 0
Net_id 123
pin_num 2
51 57 0
42 56 0
Net_id 124
pin_num 2
57 56 0
48 51 0
Net_id 125
pin_num 2
4 52 0
10 46 0
Net_id 126
pin_num 2
0 29 0
7 31 0
Net_id 127
pin_num 2
29 5 0
14 0 0
Net_id 128
pin_num 2
21 13 0
29 13 0
Net_id 129
pin_num 2
21 53 0
43 47 0
Net_id 130
pin_num 2
17 37 0
31 23 0
Net_id 131
pin_num 2
14 21 0
2 35 0
Net_id 132
pin_num 2
37 50 0
30 57 0
Net_id 133
pin_num 2
43 20 0
39 18 0
Net_id 134
pin_num 2
16 55 0
10 58 0
Net_id 135
pin_num 2
35 37 0
46 39 0
Net_id 136
pin_num 2
49 56 0
58 58 0
Net_id 137
pin_num 2
5 0 0
0 7 0
Net_id 138
pin_num 2
54 21 0
48 39 0
Net_id 139
pin_num 2
59 10 0
45 4 0
Net_id 140
pin_num 2
58 2 0
55 1 0
Net_id 141
pin_num 2
51 52 0
29 44 0
Net_id 142
pin_num 2
26 6 0
44 4 0
Net_id 143
pin_num 2
2 58 0
17 43 0
Net_id 144
pin_num 2
21 34 0
10 59 0
Net_id 145
pin_num 2
36 14 0
23 15 0
Net_id 146
pin_num 2
44 49 0
48 43 0
Net_id 147
pin_num 2
44 10 0
54 31 0
Net_id 148
pin_num 2
24 23 0
23 17 0
Net_id 149
pin_num 2
41 2 0
31 10 0
Net_id 150
pin_num 2
47 10 0
59 0 0
Net_id 151
pin_num 2
29 39 0
39 27 0
Net_id 152
pin_num 2
30 7 0
36 23 0
Net_id 153
pin_num 2
34 43 0
38 42 0
Net_id 154
pin_num 2
46 21 0
56 12 0
Net_id 155
pin_num 2
31 54 0
38 55 0
Net_id 156
pin_num 2
10 55 0
9 39 0
Net_id 157
pin_num 2
36 58 0
42 48 0
Net_id 158
pin_num 2
57 51 0
48 56 0
Net_id 159
pin_num 2
24 10 0
17 11 0
Net_id 160
pin_num 2
59 35 0
44 20 0
Net_id 161
pin_num 2
22 28 0
43 10 0
