Width 60
Height 60
Layer 6
Total_WL 6295
Obstacle_num 144
36 48 0 45 49 0
16 15 0 19 16 0
16 45 0 22 46 0
44 31 0 47 32 0
13 56 0 18 57 0
17 3 0 25 4 0
11 19 0 20 20 0
13 4 0 16 5 0
42 51 0 45 52 0
2 9 0 10 10 0
42 52 0 50 53 0
48 35 0 54 36 0
52 25 0 58 26 0
6 20 0 16 21 0
3 30 0 11 31 0
22 54 0 29 55 0
24 29 0 33 30 0
11 0 0 15 1 0
14 10 0 20 11 0
24 4 0 33 5 0
24 48 0 34 49 0
16 35 0 22 36 0
42 17 0 51 18 0
18 43 0 26 44 0
23 10 1 24 16 1
50 47 1 51 53 1
8 31 1 9 39 1
17 32 1 18 35 1
1 31 1 2 41 1
38 25 1 39 34 1
23 41 1 24 45 1
38 10 1 39 13 1
11 35 1 12 45 1
58 6 1 59 11 1
10 41 1 11 51 1
37 51 1 38 57 1
29 23 1 30 26 1
9 9 1 10 19 1
17 12 1 18 20 1
57 8 1 58 18 1
20 47 1 21 55 1
3 26 1 4 35 1
25 36 1 26 41 1
9 21 1 10 31 1
22 21 1 23 25 1
3 53 1 4 56 1
29 36 1 30 43 1
17 46 1 18 55 1
24 9 2 31 10 2
42 4 2 48 5 2
34 37 2 41 38 2
10 40 2 16 41 2
8 49 2 13 50 2
11 52 2 18 53 2
53 15 2 59 16 2
18 43 2 22 44 2
12 50 2 20 51 2
13 53 2 17 54 2
28 29 2 31 30 2
20 0 2 26 1 2
26 42 2 29 43 2
44 44 2 51 45 2
23 45 2 28 46 2
41 39 2 51 40 2
17 37 2 21 38 2
29 44 2 35 45 2
35 45 2 41 46 2
30 26 2 38 27 2
32 34 2 38 35 2
32 2 2 38 3 2
26 10 2 36 11 2
35 30 2 38 31 2
55 52 3 56 59 3
23 51 3 24 57 3
16 49 3 17 54 3
51 26 3 52 32 3
18 39 3 19 42 3
21 27 3 22 34 3
36 3 3 37 9 3
31 8 3 32 11 3
43 6 3 44 13 3
46 50 3 47 59 3
37 24 3 38 28 3
53 34 3 54 39 3
10 23 3 11 32 3
41 39 3 42 48 3
3 11 3 4 18 3
47 16 3 48 23 3
9 17 3 10 27 3
5 53 3 6 58 3
21 36 3 22 46 3
22 45 3 23 55 3
1 39 3 2 44 3
52 12 3 53 16 3
21 7 3 22 13 3
58 50 3 59 56 3
0 41 4 6 42 4
39 34 4 45 35 4
2 15 4 11 16 4
20 0 4 29 1 4
18 48 4 22 49 4
26 2 4 35 3 4
12 20 4 19 21 4
37 30 4 47 31 4
4 2 4 7 3 4
9 30 4 17 31 4
9 0 4 15 1 4
46 28 4 53 29 4
21 3 4 27 4 4
45 48 4 52 49 4
3 8 4 6 9 4
24 1 4 33 2 4
20 39 4 27 40 4
22 12 4 30 13 4
34 18 4 42 19 4
14 23 4 17 24 4
35 24 4 40 25 4
18 32 4 22 33 4
24 4 4 32 5 4
34 31 4 39 32 4
23 0 5 24 10 5
42 31 5 43 37 5
38 54 5 39 59 5
30 18 5 31 21 5
8 10 5 9 18 5
46 24 5 47 27 5
0 31 5 1 40 5
5 15 5 6 20 5
22 34 5 23 39 5
40 41 5 41 49 5
30 9 5 31 17 5
48 27 5 49 31 5
54 1 5 55 4 5
39 14 5 40 24 5
54 52 5 55 59 5
10 3 5 11 8 5
23 27 5 24 37 5
31 21 5 32 27 5
37 51 5 38 54 5
49 13 5 50 18 5
57 5 5 58 9 5
2 13 5 3 17 5
50 37 5 51 41 5
53 54 5 54 58 5
Net_num 153
Net_id 0
pin_num 5
30 47 0
28 35 0
19 46 0
52 46 0
24 59 0
Net_id 1
pin_num 5
8 52 0
2 49 0
0 41 0
20 44 0
13 59 0
Net_id 2
pin_num 5
29 26 0
15 23 0
11 25 0
5 20 0
6 16 0
Net_id 3
pin_num 5
17 53 0
27 45 0
22 50 0
45 50 0
35 54 0
Net_id 4
pin_num 5
42 56 0
51 52 0
59 54 0
34 52 0
36 55 0
Net_id 5
pin_num 5
28 20 0
37 20 0
29 0 0
36 33 0
23 24 0
Net_id 6
pin_num 5
34 6 0
28 10 0
38 6 0
33 10 0
48 0 0
Net_id 7
pin_num 5
9 16 0
7 27 0
7 46 0
29 32 0
25 16 0
Net_id 8
pin_num 5
1 20 0
0 15 0
15 8 0
8 19 0
4 0 0
Net_id 9
pin_num 5
4 54 0
10 57 0
24 55 0
36 59 0
34 58 0
Net_id 10
pin_num 5
19 28 0
41 28 0
40 49 0
21 34 0
31 39 0
Net_id 11
pin_num 5
27 20 0
9 19 0
20 23 0
38 20 0
1 22 0
Net_id 12
pin_num 5
41 10 0
49 6 0
44 2 0
46 18 0
34 25 0
Net_id 13
pin_num 5
55 52 0
57 46 0
57 37 0
59 35 0
59 59 0
Net_id 14
pin_num 5
53 57 0
43 58 0
43 44 0
58 57 0
42 45 0
Net_id 15
pin_num 5
0 42 0
8 39 0
13 42 0
8 59 0
2 53 0
Net_id 16
pin_num 5
27 37 0
30 45 0
33 38 0
32 30 0
38 38 0
Net_id 17
pin_num 5
22 35 0
18 36 0
20 40 0
21 40 0
37 40 0
Net_id 18
pin_num 5
49 50 0
39 56 0
41 59 0
49 27 0
50 59 0
Net_id 19
pin_num 5
0 17 0
7 8 0
0 22 0
26 16 0
14 7 0
Net_id 20
pin_num 4
54 5 0
59 0 0
49 9 0
43 9 0
Net_id 21
pin_num 4
21 42 0
32 39 0
42 40 0
37 42 0
Net_id 22
pin_num 4
28 40 0
22 32 0
27 53 0
30 36 0
Net_id 23
pin_num 4
5 23 0
5 35 0
8 23 0
5 36 0
Net_id 24
pin_num 4
45 36 0
43 42 0
35 41 0
38 40 0
Net_id 25
pin_num 4
2 59 0
7 58 0
6 53 0
4 53 0
Net_id 26
pin_num 4
10 5 0
24 2 0
27 7 0
15 17 0
Net_id 27
pin_num 4
0 59 0
9 55 0
5 47 0
9 41 0
Net_id 28
pin_num 4
38 26 0
29 15 0
33 32 0
33 3 0
Net_id 29
pin_num 4
25 23 0
24 15 0
13 18 0
27 22 0
Net_id 30
pin_num 4
57 44 0
58 43 0
50 43 0
51 45 0
Net_id 31
pin_num 4
12 3 0
1 0 0
16 8 0
8 2 0
Net_id 32
pin_num 4
5 55 0
16 58 0
0 56 0
5 46 0
Net_id 33
pin_num 4
4 49 0
9 36 0
17 40 0
6 38 0
Net_id 34
pin_num 4
23 5 0
2 1 0
8 1 0
8 21 0
Net_id 35
pin_num 4
7 10 0
10 17 0
1 30 0
9 40 0
Net_id 36
pin_num 4
16 42 0
10 31 0
16 24 0
16 46 0
Net_id 37
pin_num 4
41 39 0
50 53 0
47 51 0
56 45 0
Net_id 38
pin_num 3
33 52 0
15 45 0
39 47 0
Net_id 39
pin_num 3
38 21 0
46 23 0
21 21 0
Net_id 40
pin_num 3
4 24 0
6 24 0
4 1 0
Net_id 41
pin_num 3
17 6 0
25 3 0
41 5 0
Net_id 42
pin_num 3
19 20 0
9 4 0
2 14 0
Net_id 43
pin_num 3
15 21 0
18 23 0
0 53 0
Net_id 44
pin_num 3
0 19 0
6 19 0
22 15 0
Net_id 45
pin_num 3
11 14 0
3 10 0
1 4 0
Net_id 46
pin_num 3
51 47 0
56 40 0
59 56 0
Net_id 47
pin_num 3
57 4 0
47 10 0
59 8 0
Net_id 48
pin_num 3
45 8 0
39 8 0
53 20 0
Net_id 49
pin_num 3
52 22 0
59 22 0
56 35 0
Net_id 50
pin_num 3
29 43 0
19 40 0
25 34 0
Net_id 51
pin_num 3
8 26 0
1 8 0
3 1 0
Net_id 52
pin_num 3
3 14 0
18 1 0
5 1 0
Net_id 53
pin_num 3
11 58 0
20 42 0
18 38 0
Net_id 54
pin_num 3
38 57 0
26 57 0
16 54 0
Net_id 55
pin_num 3
42 28 0
57 28 0
53 59 0
Net_id 56
pin_num 3
52 31 0
39 23 0
59 3 0
Net_id 57
pin_num 3
42 55 0
39 44 0
42 53 0
Net_id 58
pin_num 3
13 29 0
25 15 0
16 39 0
Net_id 59
pin_num 3
43 57 0
59 41 0
41 51 0
Net_id 60
pin_num 3
56 30 0
51 37 0
33 0 0
Net_id 61
pin_num 3
18 27 0
10 24 0
25 18 0
Net_id 62
pin_num 3
12 38 0
3 21 0
10 21 0
Net_id 63
pin_num 3
35 27 0
45 26 0
48 49 0
Net_id 64
pin_num 3
22 36 0
14 51 0
2 51 0
Net_id 65
pin_num 3
44 0 0
41 7 0
53 5 0
Net_id 66
pin_num 3
41 36 0
34 33 0
17 51 0
Net_id 67
pin_num 3
2 34 0
8 29 0
22 37 0
Net_id 68
pin_num 3
43 35 0
50 22 0
31 27 0
Net_id 69
pin_num 3
46 30 0
27 38 0
30 30 0
Net_id 70
pin_num 3
43 16 0
39 12 0
19 6 0
Net_id 71
pin_num 3
42 24 0
58 31 0
49 11 0
Net_id 72
pin_num 3
2 4 0
9 1 0
3 5 0
Net_id 73
pin_num 3
22 34 0
24 25 0
33 37 0
Net_id 74
pin_num 3
50 29 0
39 20 0
56 34 0
Net_id 75
pin_num 2
26 32 0
14 43 0
Net_id 76
pin_num 2
2 48 0
17 57 0
Net_id 77
pin_num 2
3 7 0
32 11 0
Net_id 78
pin_num 2
48 26 0
57 33 0
Net_id 79
pin_num 2
12 8 0
7 5 0
Net_id 80
pin_num 2
55 34 0
26 34 0
Net_id 81
pin_num 2
1 32 0
10 32 0
Net_id 82
pin_num 2
59 12 0
44 32 0
Net_id 83
pin_num 2
50 8 0
57 30 0
Net_id 84
pin_num 2
6 12 0
14 14 0
Net_id 85
pin_num 2
45 6 0
33 1 0
Net_id 86
pin_num 2
36 43 0
44 33 0
Net_id 87
pin_num 2
28 14 0
15 1 0
Net_id 88
pin_num 2
41 21 0
46 20 0
Net_id 89
pin_num 2
9 47 0
1 18 0
Net_id 90
pin_num 2
43 22 0
42 31 0
Net_id 91
pin_num 2
36 32 0
32 23 0
Net_id 92
pin_num 2
43 20 0
48 2 0
Net_id 93
pin_num 2
18 8 0
29 8 0
Net_id 94
pin_num 2
41 2 0
43 1 0
Net_id 95
pin_num 2
45 15 0
40 6 0
Net_id 96
pin_num 2
42 33 0
26 27 0
Net_id 97
pin_num 2
54 16 0
36 13 0
Net_id 98
pin_num 2
52 50 0
37 59 0
Net_id 99
pin_num 2
51 33 0
52 38 0
Net_id 100
pin_num 2
56 7 0
51 3 0
Net_id 101
pin_num 2
46 8 0
58 11 0
Net_id 102
pin_num 2
43 33 0
47 53 0
Net_id 103
pin_num 2
57 21 0
48 12 0
Net_id 104
pin_num 2
29 33 0
50 38 0
Net_id 105
pin_num 2
15 13 0
35 4 0
Net_id 106
pin_num 2
58 14 0
55 23 0
Net_id 107
pin_num 2
41 29 0
43 43 0
Net_id 108
pin_num 2
21 4 0
20 17 0
Net_id 109
pin_num 2
56 54 0
52 42 0
Net_id 110
pin_num 2
45 14 0
50 14 0
Net_id 111
pin_num 2
11 26 0
15 41 0
Net_id 112
pin_num 2
16 32 0
7 34 0
Net_id 113
pin_num 2
48 6 0
47 3 0
Net_id 114
pin_num 2
53 18 0
58 32 0
Net_id 115
pin_num 2
17 7 0
19 4 0
Net_id 116
pin_num 2
48 39 0
45 22 0
Net_id 117
pin_num 2
16 12 0
35 3 0
Net_id 118
pin_num 2
31 16 0
19 21 0
Net_id 119
pin_num 2
12 4 0
8 17 0
Net_id 120
pin_num 2
23 50 0
25 41 0
Net_id 121
pin_num 2
30 59 0
54 56 0
Net_id 122
pin_num 2
52 40 0
46 33 0
Net_id 123
pin_num 2
1 21 0
15 31 0
Net_id 124
pin_num 2
54 46 0
41 35 0
Net_id 125
pin_num 2
38 12 0
27 1 0
Net_id 126
pin_num 2
50 19 0
22 29 0
Net_id 127
pin_num 2
29 40 0
36 40 0
Net_id 128
pin_num 2
59 42 0
51 49 0
Net_id 129
pin_num 2
43 13 0
41 20 0
Net_id 130
pin_num 2
38 32 0
43 26 0
Net_id 131
pin_num 2
32 18 0
22 44 0
Net_id 132
pin_num 2
53 14 0
41 31 0
Net_id 133
pin_num 2
53 3 0
56 11 0
Net_id 134
pin_num 2
19 29 0
28 53 0
Net_id 135
pin_num 2
52 52 0
55 45 0
Net_id 136
pin_num 2
48 21 0
54 21 0
Net_id 137
pin_num 2
1 35 0
18 56 0
Net_id 138
pin_num 2
27 17 0
13 21 0
Net_id 139
pin_num 2
40 18 0
26 30 0
Net_id 140
pin_num 2
26 2 0
38 9 0
Net_id 141
pin_num 2
54 1 0
30 7 0
Net_id 142
pin_num 2
32 14 0
24 6 0
Net_id 143
pin_num 2
2 29 0
26 6 0
Net_id 144
pin_num 2
53 29 0
48 22 0
Net_id 145
pin_num 2
9 39 0
2 33 0
Net_id 146
pin_num 2
52 12 0
39 7 0
Net_id 147
pin_num 2
27 58 0
17 59 0
Net_id 148
pin_num 2
5 5 0
12 17 0
Net_id 149
pin_num 2
50 51 0
56 39 0
Net_id 150
pin_num 2
55 41 0
57 31 0
Net_id 151
pin_num 2
30 8 0
38 55 0
Net_id 152
pin_num 2
43 25 0
27 15 0
