Width 60
Height 60
Layer 6
Total_WL 7268
Obstacle_num 144
21 16 0 31 17 0
30 36 0 39 37 0
2 35 0 10 36 0
30 43 0 40 44 0
13 9 0 20 10 0
1 0 0 10 1 0
14 8 0 24 9 0
16 53 0 24 54 0
28 37 0 37 38 0
3 46 0 9 47 0
9 45 0 15 46 0
33 49 0 40 50 0
12 47 0 16 48 0
0 57 0 8 58 0
4 53 0 8 54 0
51 2 0 59 3 0
13 7 0 18 8 0
1 56 0 7 57 0
31 35 0 38 36 0
16 44 0 25 45 0
50 34 0 53 35 0
16 11 0 26 12 0
5 24 0 9 25 0
12 27 0 20 28 0
3 9 1 4 15 1
52 38 1 53 44 1
1 2 1 2 5 1
9 4 1 10 12 1
41 7 1 42 11 1
54 33 1 55 36 1
14 34 1 15 40 1
41 27 1 42 37 1
30 18 1 31 27 1
48 34 1 49 44 1
5 34 1 6 38 1
0 45 1 1 54 1
34 10 1 35 17 1
25 23 1 26 32 1
14 44 1 15 47 1
15 47 1 16 57 1
50 41 1 51 51 1
36 27 1 37 30 1
26 16 1 27 25 1
42 17 1 43 27 1
41 12 1 42 21 1
22 29 1 23 34 1
5 8 1 6 14 1
26 25 1 27 32 1
8 30 2 16 31 2
13 37 2 17 38 2
38 16 2 42 17 2
28 37 2 32 38 2
5 41 2 15 42 2
20 32 2 23 33 2
37 1 2 43 2 2
54 21 2 57 22 2
3 57 2 13 58 2
22 56 2 27 57 2
22 6 2 25 7 2
29 15 2 39 16 2
31 6 2 39 7 2
29 48 2 32 49 2
42 19 2 51 20 2
45 0 2 53 1 2
41 42 2 44 43 2
35 30 2 39 31 2
28 0 2 31 1 2
49 40 2 58 41 2
45 32 2 50 33 2
29 36 2 36 37 2
17 10 2 23 11 2
31 23 2 38 24 2
36 42 3 37 46 3
12 43 3 13 49 3
28 54 3 29 58 3
48 23 3 49 27 3
49 31 3 50 40 3
46 29 3 47 38 3
1 18 3 2 21 3
51 8 3 52 13 3
5 48 3 6 55 3
28 1 3 29 7 3
2 27 3 3 34 3
5 8 3 6 11 3
57 15 3 58 22 3
29 45 3 30 53 3
52 23 3 53 29 3
22 44 3 23 54 3
51 30 3 52 40 3
10 34 3 11 41 3
29 37 3 30 40 3
42 18 3 43 23 3
8 40 3 9 44 3
53 26 3 54 34 3
31 17 3 32 20 3
10 4 3 11 9 3
27 22 4 35 23 4
23 36 4 28 37 4
39 39 4 47 40 4
25 38 4 28 39 4
16 55 4 23 56 4
13 46 4 17 47 4
5 56 4 14 57 4
25 8 4 29 9 4
23 27 4 28 28 4
20 10 4 25 11 4
30 21 4 36 22 4
15 24 4 24 25 4
21 33 4 31 34 4
38 57 4 42 58 4
32 54 4 36 55 4
24 44 4 32 45 4
26 19 4 29 20 4
11 21 4 14 22 4
43 1 4 51 2 4
23 42 4 29 43 4
45 0 4 49 1 4
41 9 4 47 10 4
47 36 4 56 37 4
48 49 4 51 50 4
3 3 5 4 12 5
15 44 5 16 54 5
20 29 5 21 34 5
34 37 5 35 44 5
40 35 5 41 44 5
13 10 5 14 13 5
18 13 5 19 20 5
2 5 5 3 10 5
8 4 5 9 13 5
23 8 5 24 16 5
20 0 5 21 4 5
30 18 5 31 25 5
31 6 5 32 13 5
42 5 5 43 14 5
48 18 5 49 28 5
50 8 5 51 16 5
40 0 5 41 6 5
58 32 5 59 41 5
45 33 5 46 41 5
50 2 5 51 8 5
55 16 5 56 19 5
12 6 5 13 10 5
10 14 5 11 22 5
43 39 5 44 43 5
Net_num 166
Net_id 0
pin_num 5
37 24 0
57 25 0
43 25 0
31 24 0
55 22 0
Net_id 1
pin_num 5
18 49 0
14 49 0
40 49 0
37 26 0
0 44 0
Net_id 2
pin_num 5
21 47 0
19 35 0
0 32 0
19 38 0
10 22 0
Net_id 3
pin_num 5
18 59 0
26 59 0
7 59 0
11 56 0
9 50 0
Net_id 4
pin_num 5
15 4 0
21 18 0
19 24 0
10 0 0
2 5 0
Net_id 5
pin_num 5
41 0 0
35 4 0
22 4 0
48 4 0
44 13 0
Net_id 6
pin_num 5
28 51 0
27 41 0
27 30 0
37 44 0
19 30 0
Net_id 7
pin_num 5
8 54 0
12 51 0
0 43 0
28 55 0
27 59 0
Net_id 8
pin_num 5
38 48 0
46 43 0
57 43 0
43 20 0
59 48 0
Net_id 9
pin_num 5
6 42 0
9 41 0
28 42 0
11 34 0
23 35 0
Net_id 10
pin_num 5
40 2 0
33 2 0
56 0 0
29 2 0
34 1 0
Net_id 11
pin_num 5
47 20 0
41 24 0
55 29 0
50 51 0
59 27 0
Net_id 12
pin_num 5
16 23 0
17 30 0
0 29 0
9 3 0
24 8 0
Net_id 13
pin_num 5
6 58 0
5 59 0
0 56 0
3 48 0
28 59 0
Net_id 14
pin_num 5
52 38 0
53 35 0
40 37 0
39 35 0
47 43 0
Net_id 15
pin_num 5
8 10 0
10 11 0
0 21 0
18 10 0
1 33 0
Net_id 16
pin_num 5
50 13 0
51 13 0
55 5 0
59 16 0
54 17 0
Net_id 17
pin_num 5
20 35 0
28 35 0
13 43 0
40 43 0
13 52 0
Net_id 18
pin_num 5
4 2 0
2 3 0
20 9 0
0 13 0
18 14 0
Net_id 19
pin_num 5
52 3 0
59 7 0
53 8 0
47 7 0
53 6 0
Net_id 20
pin_num 5
10 55 0
1 51 0
5 58 0
1 50 0
16 54 0
Net_id 21
pin_num 5
33 45 0
40 58 0
51 52 0
57 59 0
41 55 0
Net_id 22
pin_num 4
10 18 0
22 9 0
43 17 0
39 28 0
Net_id 23
pin_num 4
59 33 0
41 33 0
49 14 0
44 32 0
Net_id 24
pin_num 4
22 40 0
13 41 0
15 46 0
25 53 0
Net_id 25
pin_num 4
30 35 0
28 43 0
16 36 0
24 27 0
Net_id 26
pin_num 4
4 4 0
18 2 0
27 2 0
25 20 0
Net_id 27
pin_num 4
15 45 0
36 50 0
26 34 0
36 38 0
Net_id 28
pin_num 4
15 48 0
28 48 0
28 58 0
19 52 0
Net_id 29
pin_num 4
18 19 0
17 25 0
27 29 0
26 12 0
Net_id 30
pin_num 4
55 1 0
58 0 0
56 12 0
55 8 0
Net_id 31
pin_num 4
22 33 0
28 33 0
14 32 0
28 39 0
Net_id 32
pin_num 4
14 26 0
9 16 0
0 15 0
28 23 0
Net_id 33
pin_num 4
43 29 0
47 32 0
58 35 0
47 21 0
Net_id 34
pin_num 4
40 3 0
49 9 0
35 12 0
36 20 0
Net_id 35
pin_num 4
58 45 0
58 42 0
51 45 0
58 23 0
Net_id 36
pin_num 4
11 1 0
2 4 0
0 5 0
4 1 0
Net_id 37
pin_num 4
57 5 0
47 3 0
34 0 0
56 14 0
Net_id 38
pin_num 4
53 42 0
45 45 0
8 45 0
48 31 0
Net_id 39
pin_num 4
53 40 0
57 27 0
49 36 0
56 42 0
Net_id 40
pin_num 4
40 16 0
38 5 0
15 11 0
16 31 0
Net_id 41
pin_num 4
21 39 0
12 32 0
11 48 0
12 50 0
Net_id 42
pin_num 3
4 52 0
29 58 0
7 55 0
Net_id 43
pin_num 3
20 1 0
11 2 0
19 4 0
Net_id 44
pin_num 3
54 1 0
59 10 0
53 14 0
Net_id 45
pin_num 3
56 51 0
37 48 0
58 52 0
Net_id 46
pin_num 3
5 8 0
1 9 0
23 3 0
Net_id 47
pin_num 3
56 26 0
59 24 0
59 17 0
Net_id 48
pin_num 3
53 50 0
49 26 0
49 39 0
Net_id 49
pin_num 3
38 54 0
49 58 0
59 41 0
Net_id 50
pin_num 3
36 25 0
30 29 0
56 35 0
Net_id 51
pin_num 3
4 6 0
22 0 0
22 7 0
Net_id 52
pin_num 3
53 12 0
56 16 0
55 18 0
Net_id 53
pin_num 3
54 30 0
32 30 0
33 13 0
Net_id 54
pin_num 3
25 27 0
34 28 0
4 28 0
Net_id 55
pin_num 3
1 54 0
4 55 0
7 45 0
Net_id 56
pin_num 3
53 13 0
47 8 0
59 46 0
Net_id 57
pin_num 3
19 49 0
32 55 0
30 42 0
Net_id 58
pin_num 3
9 51 0
2 51 0
2 53 0
Net_id 59
pin_num 3
9 14 0
30 14 0
28 40 0
Net_id 60
pin_num 3
44 42 0
35 46 0
39 33 0
Net_id 61
pin_num 3
10 24 0
3 42 0
3 30 0
Net_id 62
pin_num 3
30 50 0
41 47 0
29 59 0
Net_id 63
pin_num 3
28 45 0
33 56 0
39 50 0
Net_id 64
pin_num 3
13 34 0
38 37 0
31 47 0
Net_id 65
pin_num 3
50 20 0
53 11 0
52 4 0
Net_id 66
pin_num 3
52 23 0
57 15 0
59 2 0
Net_id 67
pin_num 3
50 27 0
31 51 0
38 56 0
Net_id 68
pin_num 3
10 38 0
22 27 0
8 39 0
Net_id 69
pin_num 3
29 24 0
8 13 0
40 9 0
Net_id 70
pin_num 3
27 22 0
42 34 0
39 56 0
Net_id 71
pin_num 3
7 25 0
21 21 0
6 29 0
Net_id 72
pin_num 3
36 29 0
25 22 0
26 50 0
Net_id 73
pin_num 3
26 10 0
23 13 0
23 21 0
Net_id 74
pin_num 3
33 18 0
39 18 0
40 13 0
Net_id 75
pin_num 3
28 10 0
30 30 0
37 15 0
Net_id 76
pin_num 3
1 31 0
2 20 0
10 31 0
Net_id 77
pin_num 3
58 46 0
44 55 0
53 54 0
Net_id 78
pin_num 3
13 50 0
19 51 0
10 44 0
Net_id 79
pin_num 3
31 56 0
23 56 0
52 52 0
Net_id 80
pin_num 3
36 31 0
24 25 0
19 31 0
Net_id 81
pin_num 3
7 37 0
17 37 0
11 31 0
Net_id 82
pin_num 3
48 42 0
41 43 0
45 22 0
Net_id 83
pin_num 3
20 43 0
22 47 0
30 46 0
Net_id 84
pin_num 2
29 46 0
28 44 0
Net_id 85
pin_num 2
33 53 0
40 21 0
Net_id 86
pin_num 2
1 17 0
3 20 0
Net_id 87
pin_num 2
38 3 0
43 14 0
Net_id 88
pin_num 2
12 56 0
22 51 0
Net_id 89
pin_num 2
55 31 0
44 39 0
Net_id 90
pin_num 2
58 13 0
59 11 0
Net_id 91
pin_num 2
8 15 0
0 36 0
Net_id 92
pin_num 2
34 19 0
52 18 0
Net_id 93
pin_num 2
6 36 0
14 52 0
Net_id 94
pin_num 2
3 50 0
4 30 0
Net_id 95
pin_num 2
45 17 0
38 23 0
Net_id 96
pin_num 2
35 5 0
15 12 0
Net_id 97
pin_num 2
4 47 0
17 47 0
Net_id 98
pin_num 2
4 12 0
18 7 0
Net_id 99
pin_num 2
33 12 0
19 26 0
Net_id 100
pin_num 2
12 41 0
2 40 0
Net_id 101
pin_num 2
5 7 0
18 3 0
Net_id 102
pin_num 2
52 22 0
51 36 0
Net_id 103
pin_num 2
47 50 0
33 32 0
Net_id 104
pin_num 2
5 40 0
20 57 0
Net_id 105
pin_num 2
26 54 0
14 33 0
Net_id 106
pin_num 2
48 16 0
59 3 0
Net_id 107
pin_num 2
30 54 0
19 33 0
Net_id 108
pin_num 2
55 17 0
49 28 0
Net_id 109
pin_num 2
6 20 0
11 27 0
Net_id 110
pin_num 2
38 47 0
34 58 0
Net_id 111
pin_num 2
0 39 0
4 39 0
Net_id 112
pin_num 2
39 34 0
25 57 0
Net_id 113
pin_num 2
3 22 0
13 13 0
Net_id 114
pin_num 2
15 31 0
1 15 0
Net_id 115
pin_num 2
59 8 0
34 26 0
Net_id 116
pin_num 2
56 47 0
57 49 0
Net_id 117
pin_num 2
41 13 0
44 11 0
Net_id 118
pin_num 2
9 46 0
12 53 0
Net_id 119
pin_num 2
50 56 0
46 56 0
Net_id 120
pin_num 2
19 14 0
24 14 0
Net_id 121
pin_num 2
41 38 0
59 50 0
Net_id 122
pin_num 2
8 20 0
13 2 0
Net_id 123
pin_num 2
39 17 0
16 6 0
Net_id 124
pin_num 2
24 58 0
15 58 0
Net_id 125
pin_num 2
51 18 0
42 28 0
Net_id 126
pin_num 2
29 36 0
19 50 0
Net_id 127
pin_num 2
12 12 0
4 7 0
Net_id 128
pin_num 2
34 6 0
50 8 0
Net_id 129
pin_num 2
22 5 0
29 7 0
Net_id 130
pin_num 2
10 3 0
25 21 0
Net_id 131
pin_num 2
38 26 0
32 14 0
Net_id 132
pin_num 2
14 38 0
17 38 0
Net_id 133
pin_num 2
20 26 0
42 31 0
Net_id 134
pin_num 2
51 14 0
48 14 0
Net_id 135
pin_num 2
48 38 0
36 54 0
Net_id 136
pin_num 2
21 3 0
12 7 0
Net_id 137
pin_num 2
34 5 0
31 13 0
Net_id 138
pin_num 2
35 15 0
25 40 0
Net_id 139
pin_num 2
46 9 0
41 9 0
Net_id 140
pin_num 2
13 58 0
39 29 0
Net_id 141
pin_num 2
1 43 0
18 30 0
Net_id 142
pin_num 2
4 45 0
11 32 0
Net_id 143
pin_num 2
55 19 0
46 22 0
Net_id 144
pin_num 2
29 1 0
15 20 0
Net_id 145
pin_num 2
54 42 0
40 38 0
Net_id 146
pin_num 2
21 37 0
7 20 0
Net_id 147
pin_num 2
39 41 0
31 40 0
Net_id 148
pin_num 2
39 3 0
30 1 0
Net_id 149
pin_num 2
9 11 0
0 11 0
Net_id 150
pin_num 2
18 12 0
22 25 0
Net_id 151
pin_num 2
45 3 0
38 14 0
Net_id 152
pin_num 2
30 21 0
37 25 0
Net_id 153
pin_num 2
4 48 0
10 49 0
Net_id 154
pin_num 2
47 31 0
31 14 0
Net_id 155
pin_num 2
36 53 0
46 49 0
Net_id 156
pin_num 2
44 5 0
31 20 0
Net_id 157
pin_num 2
8 7 0
20 25 0
Net_id 158
pin_num 2
1 41 0
9 44 0
Net_id 159
pin_num 2
22 23 0
15 24 0
Net_id 160
pin_num 2
4 20 0
14 53 0
Net_id 161
pin_num 2
13 36 0
10 58 0
Net_id 162
pin_num 2
15 13 0
3 27 0
Net_id 163
pin_num 2
35 39 0
37 33 0
Net_id 164
pin_num 2
16 21 0
3 33 0
Net_id 165
pin_num 2
35 59 0
11 51 0
