Width 60
Height 60
Layer 6
Total_WL 6975
Obstacle_num 144
2 16 0 9 17 0
2 5 0 5 6 0
33 40 0 36 41 0
43 34 0 48 35 0
11 40 0 16 41 0
51 21 0 57 22 0
41 23 0 50 24 0
3 45 0 9 46 0
14 50 0 20 51 0
0 10 0 4 11 0
22 25 0 30 26 0
10 8 0 17 9 0
6 1 0 10 2 0
4 48 0 14 49 0
48 32 0 57 33 0
21 50 0 29 51 0
26 34 0 30 35 0
7 52 0 12 53 0
31 14 0 34 15 0
55 38 0 58 39 0
22 8 0 28 9 0
8 26 0 16 27 0
44 41 0 53 42 0
43 56 0 49 57 0
34 53 1 35 59 1
56 39 1 57 45 1
28 40 1 29 47 1
58 13 1 59 18 1
46 13 1 47 21 1
58 26 1 59 35 1
49 34 1 50 43 1
20 13 1 21 23 1
27 26 1 28 35 1
15 37 1 16 47 1
41 22 1 42 26 1
53 42 1 54 50 1
37 52 1 38 57 1
18 49 1 19 57 1
5 46 1 6 56 1
41 51 1 42 56 1
7 27 1 8 35 1
34 43 1 35 49 1
56 5 1 57 15 1
40 1 1 41 6 1
2 51 1 3 56 1
56 25 1 57 28 1
9 37 1 10 46 1
8 33 1 9 40 1
3 41 2 9 42 2
39 9 2 46 10 2
40 26 2 46 27 2
47 13 2 51 14 2
2 11 2 11 12 2
38 41 2 44 42 2
15 2 2 18 3 2
10 34 2 14 35 2
38 28 2 42 29 2
2 42 2 11 43 2
17 0 2 22 1 2
13 40 2 22 41 2
56 32 2 59 33 2
37 8 2 41 9 2
26 56 2 32 57 2
22 20 2 25 21 2
27 13 2 30 14 2
8 18 2 18 19 2
16 15 2 21 16 2
10 53 2 19 54 2
49 29 2 52 30 2
22 57 2 26 58 2
5 10 2 15 11 2
14 38 2 22 39 2
15 49 3 16 58 3
23 33 3 24 40 3
51 45 3 52 53 3
15 23 3 16 29 3
26 16 3 27 26 3
10 31 3 11 34 3
8 23 3 9 32 3
55 25 3 56 35 3
32 54 3 33 57 3
18 29 3 19 33 3
38 35 3 39 42 3
18 3 3 19 8 3
41 19 3 42 28 3
41 29 3 42 39 3
34 29 3 35 38 3
22 4 3 23 10 3
15 33 3 16 42 3
24 9 3 25 16 3
5 54 3 6 58 3
44 32 3 45 36 3
39 44 3 40 53 3
22 15 3 23 21 3
52 32 3 53 41 3
37 42 3 38 49 3
2 25 4 8 26 4
16 33 4 23 34 4
7 16 4 17 17 4
4 48 4 9 49 4
37 58 4 45 59 4
11 48 4 21 49 4
23 16 4 26 17 4
19 34 4 22 35 4
14 8 4 23 9 4
43 15 4 46 16 4
26 52 4 29 53 4
18 39 4 26 40 4
0 54 4 6 55 4
52 49 4 55 50 4
21 49 4 25 50 4
53 44 4 58 45 4
28 17 4 36 18 4
4 29 4 8 30 4
30 25 4 37 26 4
13 37 4 19 38 4
12 2 4 16 3 4
0 26 4 8 27 4
43 35 4 47 36 4
33 44 4 39 45 4
15 26 5 16 33 5
46 33 5 47 42 5
24 42 5 25 45 5
30 47 5 31 53 5
31 7 5 32 11 5
57 49 5 58 56 5
32 4 5 33 12 5
44 53 5 45 59 5
33 45 5 34 54 5
25 19 5 26 26 5
35 24 5 36 32 5
27 19 5 28 25 5
10 56 5 11 59 5
28 16 5 29 22 5
50 16 5 51 20 5
23 46 5 24 53 5
57 8 5 58 13 5
5 10 5 6 19 5
40 17 5 41 23 5
58 5 5 59 13 5
13 51 5 14 54 5
2 11 5 3 14 5
45 38 5 46 41 5
44 27 5 45 35 5
Net_num 157
Net_id 0
pin_num 5
13 42 0
13 39 0
13 46 0
0 50 0
0 33 0
Net_id 1
pin_num 5
10 3 0
23 2 0
12 0 0
13 14 0
0 1 0
Net_id 2
pin_num 5
58 44 0
57 47 0
59 48 0
41 48 0
58 58 0
Net_id 3
pin_num 5
24 14 0
32 21 0
30 37 0
37 25 0
35 37 0
Net_id 4
pin_num 5
47 40 0
47 36 0
47 49 0
55 45 0
56 49 0
Net_id 5
pin_num 5
26 16 0
22 16 0
9 3 0
16 1 0
42 3 0
Net_id 6
pin_num 5
23 49 0
28 49 0
26 59 0
35 59 0
27 54 0
Net_id 7
pin_num 5
15 1 0
14 6 0
5 18 0
24 0 0
0 25 0
Net_id 8
pin_num 5
24 39 0
31 40 0
36 39 0
30 35 0
7 35 0
Net_id 9
pin_num 5
57 19 0
55 7 0
35 12 0
42 21 0
59 24 0
Net_id 10
pin_num 5
42 7 0
46 7 0
52 0 0
48 15 0
38 0 0
Net_id 11
pin_num 5
57 35 0
56 24 0
35 35 0
38 56 0
17 52 0
Net_id 12
pin_num 5
30 55 0
34 59 0
19 55 0
3 55 0
32 56 0
Net_id 13
pin_num 5
55 39 0
59 42 0
55 59 0
36 42 0
56 50 0
Net_id 14
pin_num 5
24 59 0
11 57 0
12 54 0
33 58 0
23 51 0
Net_id 15
pin_num 5
40 23 0
39 9 0
44 15 0
35 0 0
40 22 0
Net_id 16
pin_num 5
26 33 0
26 27 0
26 46 0
42 31 0
53 41 0
Net_id 17
pin_num 5
34 34 0
42 32 0
34 13 0
39 24 0
18 14 0
Net_id 18
pin_num 5
13 4 0
22 4 0
16 16 0
19 10 0
17 11 0
Net_id 19
pin_num 5
32 26 0
25 26 0
31 22 0
28 38 0
22 30 0
Net_id 20
pin_num 4
49 59 0
53 57 0
56 52 0
52 49 0
Net_id 21
pin_num 4
58 0 0
53 11 0
37 11 0
53 18 0
Net_id 22
pin_num 4
52 50 0
53 56 0
44 50 0
54 59 0
Net_id 23
pin_num 4
25 35 0
19 47 0
0 32 0
24 48 0
Net_id 24
pin_num 4
51 26 0
54 16 0
59 27 0
54 23 0
Net_id 25
pin_num 4
5 30 0
1 26 0
7 20 0
17 25 0
Net_id 26
pin_num 4
33 43 0
20 50 0
21 31 0
12 58 0
Net_id 27
pin_num 4
7 50 0
0 58 0
18 46 0
2 59 0
Net_id 28
pin_num 4
24 41 0
17 29 0
1 31 0
13 31 0
Net_id 29
pin_num 4
25 17 0
34 17 0
31 0 0
27 0 0
Net_id 30
pin_num 4
22 48 0
35 58 0
34 42 0
35 55 0
Net_id 31
pin_num 4
45 37 0
33 41 0
54 37 0
35 49 0
Net_id 32
pin_num 4
36 9 0
22 6 0
33 0 0
36 16 0
Net_id 33
pin_num 4
12 52 0
19 49 0
29 50 0
14 30 0
Net_id 34
pin_num 4
1 17 0
6 13 0
0 51 0
20 49 0
Net_id 35
pin_num 4
33 47 0
37 33 0
37 19 0
48 21 0
Net_id 36
pin_num 4
59 37 0
54 31 0
54 18 0
58 42 0
Net_id 37
pin_num 4
42 2 0
44 4 0
59 0 0
59 5 0
Net_id 38
pin_num 4
52 10 0
51 16 0
52 30 0
56 28 0
Net_id 39
pin_num 4
4 10 0
9 14 0
1 4 0
29 9 0
Net_id 40
pin_num 3
47 9 0
52 8 0
49 18 0
Net_id 41
pin_num 3
37 29 0
19 20 0
19 5 0
Net_id 42
pin_num 3
1 48 0
16 44 0
19 51 0
Net_id 43
pin_num 3
17 23 0
8 23 0
11 33 0
Net_id 44
pin_num 3
5 6 0
16 17 0
15 19 0
Net_id 45
pin_num 3
6 38 0
1 45 0
29 32 0
Net_id 46
pin_num 3
6 11 0
14 11 0
8 27 0
Net_id 47
pin_num 3
24 51 0
35 51 0
21 53 0
Net_id 48
pin_num 3
31 53 0
23 53 0
29 58 0
Net_id 49
pin_num 3
8 2 0
17 17 0
1 28 0
Net_id 50
pin_num 3
28 58 0
26 55 0
32 30 0
Net_id 51
pin_num 3
11 25 0
18 43 0
33 30 0
Net_id 52
pin_num 3
18 57 0
30 46 0
29 33 0
Net_id 53
pin_num 3
37 22 0
38 15 0
28 22 0
Net_id 54
pin_num 3
2 49 0
12 35 0
32 53 0
Net_id 55
pin_num 3
56 34 0
44 39 0
57 18 0
Net_id 56
pin_num 3
59 22 0
53 27 0
21 27 0
Net_id 57
pin_num 3
22 56 0
20 34 0
13 56 0
Net_id 58
pin_num 3
11 46 0
17 27 0
13 51 0
Net_id 59
pin_num 3
1 19 0
14 22 0
1 12 0
Net_id 60
pin_num 3
15 49 0
4 56 0
22 45 0
Net_id 61
pin_num 3
30 27 0
15 15 0
20 1 0
Net_id 62
pin_num 3
49 4 0
37 10 0
46 1 0
Net_id 63
pin_num 3
3 58 0
16 42 0
2 46 0
Net_id 64
pin_num 3
48 25 0
59 26 0
57 13 0
Net_id 65
pin_num 3
42 26 0
41 31 0
50 51 0
Net_id 66
pin_num 3
15 43 0
11 59 0
10 54 0
Net_id 67
pin_num 3
55 55 0
57 54 0
19 54 0
Net_id 68
pin_num 3
0 40 0
6 36 0
3 57 0
Net_id 69
pin_num 3
7 47 0
33 56 0
30 40 0
Net_id 70
pin_num 3
27 15 0
47 18 0
41 1 0
Net_id 71
pin_num 3
17 33 0
6 12 0
18 44 0
Net_id 72
pin_num 3
5 22 0
18 33 0
1 20 0
Net_id 73
pin_num 3
33 50 0
55 47 0
25 38 0
Net_id 74
pin_num 3
20 27 0
5 34 0
30 32 0
Net_id 75
pin_num 3
49 28 0
44 25 0
52 5 0
Net_id 76
pin_num 3
24 22 0
20 10 0
22 42 0
Net_id 77
pin_num 3
52 51 0
51 55 0
24 47 0
Net_id 78
pin_num 2
28 32 0
18 13 0
Net_id 79
pin_num 2
0 35 0
9 54 0
Net_id 80
pin_num 2
26 38 0
54 28 0
Net_id 81
pin_num 2
29 11 0
20 42 0
Net_id 82
pin_num 2
24 36 0
31 35 0
Net_id 83
pin_num 2
40 20 0
36 20 0
Net_id 84
pin_num 2
51 57 0
36 53 0
Net_id 85
pin_num 2
17 36 0
36 51 0
Net_id 86
pin_num 2
58 28 0
55 9 0
Net_id 87
pin_num 2
9 8 0
2 1 0
Net_id 88
pin_num 2
28 40 0
37 27 0
Net_id 89
pin_num 2
47 12 0
34 21 0
Net_id 90
pin_num 2
40 1 0
36 1 0
Net_id 91
pin_num 2
55 50 0
37 57 0
Net_id 92
pin_num 2
43 49 0
36 50 0
Net_id 93
pin_num 2
4 29 0
30 34 0
Net_id 94
pin_num 2
56 20 0
39 26 0
Net_id 95
pin_num 2
59 7 0
48 17 0
Net_id 96
pin_num 2
44 45 0
35 43 0
Net_id 97
pin_num 2
8 46 0
8 58 0
Net_id 98
pin_num 2
58 14 0
52 2 0
Net_id 99
pin_num 2
1 33 0
19 42 0
Net_id 100
pin_num 2
15 46 0
28 24 0
Net_id 101
pin_num 2
10 20 0
8 31 0
Net_id 102
pin_num 2
4 9 0
2 22 0
Net_id 103
pin_num 2
47 22 0
56 18 0
Net_id 104
pin_num 2
30 33 0
53 53 0
Net_id 105
pin_num 2
40 26 0
39 39 0
Net_id 106
pin_num 2
58 50 0
54 54 0
Net_id 107
pin_num 2
56 15 0
46 37 0
Net_id 108
pin_num 2
4 21 0
17 31 0
Net_id 109
pin_num 2
5 28 0
20 28 0
Net_id 110
pin_num 2
58 51 0
53 51 0
Net_id 111
pin_num 2
23 13 0
33 13 0
Net_id 112
pin_num 2
38 24 0
22 34 0
Net_id 113
pin_num 2
49 42 0
39 55 0
Net_id 114
pin_num 2
39 41 0
55 30 0
Net_id 115
pin_num 2
57 37 0
41 43 0
Net_id 116
pin_num 2
17 54 0
18 53 0
Net_id 117
pin_num 2
32 57 0
54 47 0
Net_id 118
pin_num 2
33 7 0
22 10 0
Net_id 119
pin_num 2
32 20 0
36 18 0
Net_id 120
pin_num 2
21 30 0
11 58 0
Net_id 121
pin_num 2
3 15 0
1 22 0
Net_id 122
pin_num 2
37 9 0
49 21 0
Net_id 123
pin_num 2
44 32 0
57 15 0
Net_id 124
pin_num 2
40 40 0
43 51 0
Net_id 125
pin_num 2
51 10 0
48 16 0
Net_id 126
pin_num 2
55 19 0
47 17 0
Net_id 127
pin_num 2
35 36 0
31 21 0
Net_id 128
pin_num 2
2 41 0
1 43 0
Net_id 129
pin_num 2
23 39 0
16 39 0
Net_id 130
pin_num 2
20 31 0
42 8 0
Net_id 131
pin_num 2
8 40 0
27 45 0
Net_id 132
pin_num 2
30 16 0
47 2 0
Net_id 133
pin_num 2
42 59 0
58 43 0
Net_id 134
pin_num 2
21 21 0
0 9 0
Net_id 135
pin_num 2
24 45 0
38 33 0
Net_id 136
pin_num 2
38 47 0
52 44 0
Net_id 137
pin_num 2
52 7 0
38 2 0
Net_id 138
pin_num 2
21 8 0
6 20 0
Net_id 139
pin_num 2
3 12 0
1 18 0
Net_id 140
pin_num 2
51 28 0
57 55 0
Net_id 141
pin_num 2
28 30 0
12 12 0
Net_id 142
pin_num 2
41 53 0
57 16 0
Net_id 143
pin_num 2
3 25 0
6 17 0
Net_id 144
pin_num 2
54 5 0
56 16 0
Net_id 145
pin_num 2
29 42 0
33 45 0
Net_id 146
pin_num 2
38 51 0
40 48 0
Net_id 147
pin_num 2
11 16 0
25 2 0
Net_id 148
pin_num 2
25 12 0
32 10 0
Net_id 149
pin_num 2
49 0 0
44 2 0
Net_id 150
pin_num 2
1 36 0
8 49 0
Net_id 151
pin_num 2
32 32 0
35 42 0
Net_id 152
pin_num 2
59 31 0
35 10 0
Net_id 153
pin_num 2
43 20 0
37 36 0
Net_id 154
pin_num 2
16 2 0
33 10 0
Net_id 155
pin_num 2
21 29 0
27 2 0
Net_id 156
pin_num 2
7 15 0
3 34 0
