Width 60
Height 60
Layer 6
Total_WL 6880
Obstacle_num 144
43 18 0 48 19 0
11 26 0 17 27 0
31 12 0 41 13 0
19 2 0 23 3 0
10 44 0 20 45 0
22 29 0 31 30 0
50 10 0 57 11 0
18 23 0 22 24 0
29 57 0 36 58 0
22 19 0 28 20 0
9 4 0 13 5 0
20 38 0 29 39 0
3 25 0 8 26 0
39 37 0 44 38 0
13 32 0 18 33 0
18 57 0 23 58 0
24 53 0 31 54 0
3 47 0 9 48 0
45 36 0 51 37 0
14 53 0 18 54 0
49 20 0 56 21 0
49 19 0 52 20 0
14 20 0 21 21 0
8 39 0 16 40 0
32 17 1 33 25 1
9 26 1 10 29 1
5 9 1 6 17 1
29 14 1 30 22 1
8 48 1 9 56 1
20 49 1 21 59 1
18 22 1 19 29 1
51 45 1 52 53 1
40 12 1 41 18 1
22 29 1 23 35 1
37 2 1 38 10 1
13 53 1 14 56 1
55 42 1 56 49 1
32 43 1 33 49 1
41 16 1 42 25 1
12 35 1 13 38 1
46 10 1 47 14 1
57 41 1 58 47 1
36 12 1 37 22 1
42 11 1 43 17 1
48 14 1 49 21 1
40 48 1 41 55 1
54 48 1 55 57 1
27 52 1 28 56 1
53 17 2 59 18 2
47 10 2 50 11 2
46 14 2 50 15 2
39 57 2 42 58 2
43 28 2 52 29 2
16 30 2 26 31 2
45 22 2 53 23 2
10 5 2 13 6 2
8 20 2 14 21 2
18 2 2 24 3 2
22 5 2 29 6 2
45 52 2 53 53 2
39 23 2 44 24 2
0 17 2 4 18 2
34 27 2 39 28 2
50 41 2 59 42 2
32 31 2 35 32 2
16 37 2 23 38 2
10 26 2 20 27 2
9 4 2 15 5 2
49 27 2 58 28 2
47 7 2 56 8 2
47 53 2 54 54 2
37 11 2 40 12 2
0 46 3 1 53 3
44 39 3 45 48 3
41 3 3 42 11 3
10 14 3 11 18 3
23 30 3 24 34 3
35 19 3 36 29 3
20 17 3 21 27 3
50 37 3 51 47 3
50 51 3 51 59 3
32 9 3 33 16 3
16 42 3 17 50 3
11 9 3 12 13 3
44 23 3 45 33 3
57 51 3 58 59 3
28 39 3 29 42 3
57 28 3 58 33 3
58 13 3 59 19 3
6 48 3 7 56 3
26 41 3 27 47 3
37 29 3 38 37 3
18 17 3 19 20 3
10 34 3 11 43 3
13 31 3 14 35 3
31 15 3 32 24 3
32 32 4 42 33 4
3 36 4 11 37 4
11 53 4 19 54 4
33 12 4 40 13 4
12 34 4 19 35 4
38 1 4 41 2 4
13 50 4 22 51 4
13 30 4 20 31 4
49 57 4 55 58 4
12 51 4 17 52 4
46 52 4 55 53 4
15 8 4 20 9 4
16 49 4 24 50 4
2 11 4 6 12 4
18 45 4 28 46 4
33 5 4 40 6 4
54 53 4 58 54 4
32 30 4 36 31 4
13 56 4 19 57 4
7 48 4 13 49 4
13 35 4 23 36 4
27 44 4 30 45 4
30 21 4 36 22 4
4 10 4 7 11 4
18 1 5 19 11 5
1 5 5 2 12 5
5 53 5 6 59 5
2 39 5 3 42 5
35 56 5 36 59 5
21 12 5 22 22 5
26 53 5 27 58 5
24 18 5 25 23 5
49 11 5 50 19 5
44 0 5 45 6 5
3 21 5 4 26 5
27 32 5 28 41 5
46 6 5 47 11 5
1 30 5 2 39 5
16 2 5 17 9 5
43 50 5 44 59 5
17 11 5 18 14 5
44 32 5 45 41 5
21 54 5 22 59 5
2 42 5 3 49 5
41 26 5 42 29 5
48 7 5 49 17 5
39 6 5 40 15 5
11 50 5 12 59 5
Net_num 159
Net_id 0
pin_num 5
8 31 0
16 31 0
10 52 0
21 32 0
38 31 0
Net_id 1
pin_num 5
24 27 0
6 27 0
6 20 0
6 9 0
0 26 0
Net_id 2
pin_num 5
50 42 0
41 46 0
47 27 0
53 42 0
52 46 0
Net_id 3
pin_num 5
57 54 0
40 55 0
56 46 0
50 38 0
42 38 0
Net_id 4
pin_num 5
56 51 0
48 43 0
52 19 0
42 39 0
33 19 0
Net_id 5
pin_num 5
35 32 0
45 32 0
38 45 0
31 32 0
53 38 0
Net_id 6
pin_num 5
46 57 0
34 59 0
39 40 0
30 49 0
36 59 0
Net_id 7
pin_num 5
18 40 0
24 26 0
15 48 0
2 42 0
31 41 0
Net_id 8
pin_num 5
42 43 0
46 43 0
45 37 0
41 41 0
41 33 0
Net_id 9
pin_num 5
48 35 0
59 38 0
59 32 0
54 37 0
37 34 0
Net_id 10
pin_num 5
2 26 0
4 27 0
4 8 0
10 30 0
1 21 0
Net_id 11
pin_num 5
59 26 0
56 26 0
59 45 0
57 59 0
46 39 0
Net_id 12
pin_num 5
58 31 0
48 31 0
59 10 0
58 18 0
42 31 0
Net_id 13
pin_num 5
15 55 0
23 48 0
24 49 0
31 52 0
31 53 0
Net_id 14
pin_num 5
2 4 0
17 3 0
15 4 0
0 27 0
7 0 0
Net_id 15
pin_num 5
58 56 0
53 50 0
56 59 0
43 39 0
43 51 0
Net_id 16
pin_num 5
36 29 0
30 17 0
21 19 0
23 12 0
44 13 0
Net_id 17
pin_num 5
36 49 0
31 43 0
21 41 0
19 33 0
27 22 0
Net_id 18
pin_num 5
42 25 0
39 13 0
58 21 0
33 21 0
52 14 0
Net_id 19
pin_num 4
20 21 0
30 27 0
33 35 0
21 26 0
Net_id 20
pin_num 4
36 36 0
47 55 0
28 34 0
51 26 0
Net_id 21
pin_num 4
37 9 0
27 4 0
32 25 0
28 20 0
Net_id 22
pin_num 4
3 37 0
13 40 0
37 40 0
16 27 0
Net_id 23
pin_num 4
39 53 0
48 45 0
58 49 0
36 52 0
Net_id 24
pin_num 4
30 59 0
25 45 0
24 59 0
24 57 0
Net_id 25
pin_num 4
55 12 0
41 11 0
37 0 0
48 11 0
Net_id 26
pin_num 4
23 39 0
35 38 0
35 46 0
22 40 0
Net_id 27
pin_num 4
39 18 0
45 20 0
45 3 0
59 9 0
Net_id 28
pin_num 4
51 55 0
58 53 0
46 59 0
42 49 0
Net_id 29
pin_num 4
25 22 0
15 22 0
0 18 0
13 3 0
Net_id 30
pin_num 4
8 5 0
3 8 0
13 17 0
20 5 0
Net_id 31
pin_num 4
22 5 0
38 9 0
30 18 0
24 18 0
Net_id 32
pin_num 4
1 6 0
6 8 0
3 0 0
1 9 0
Net_id 33
pin_num 4
59 16 0
53 9 0
40 19 0
56 58 0
Net_id 34
pin_num 4
2 7 0
1 19 0
16 19 0
3 23 0
Net_id 35
pin_num 4
44 19 0
46 25 0
57 19 0
56 12 0
Net_id 36
pin_num 4
21 56 0
24 58 0
22 45 0
3 52 0
Net_id 37
pin_num 4
11 1 0
18 1 0
8 15 0
16 18 0
Net_id 38
pin_num 4
46 42 0
34 42 0
32 27 0
36 50 0
Net_id 39
pin_num 4
15 34 0
26 34 0
18 41 0
8 34 0
Net_id 40
pin_num 3
10 47 0
9 40 0
18 33 0
Net_id 41
pin_num 3
51 3 0
45 2 0
57 0 0
Net_id 42
pin_num 3
48 1 0
45 0 0
52 9 0
Net_id 43
pin_num 3
2 58 0
6 37 0
9 59 0
Net_id 44
pin_num 3
38 47 0
46 35 0
58 38 0
Net_id 45
pin_num 3
10 9 0
1 20 0
2 49 0
Net_id 46
pin_num 3
28 17 0
18 17 0
23 10 0
Net_id 47
pin_num 3
15 28 0
31 14 0
27 47 0
Net_id 48
pin_num 3
42 16 0
45 14 0
43 27 0
Net_id 49
pin_num 3
0 58 0
2 57 0
1 54 0
Net_id 50
pin_num 3
27 12 0
20 15 0
47 16 0
Net_id 51
pin_num 3
43 9 0
57 22 0
57 12 0
Net_id 52
pin_num 3
56 6 0
44 3 0
52 17 0
Net_id 53
pin_num 3
41 7 0
54 0 0
54 13 0
Net_id 54
pin_num 3
50 59 0
52 47 0
25 51 0
Net_id 55
pin_num 3
2 53 0
5 55 0
4 28 0
Net_id 56
pin_num 3
1 15 0
4 9 0
23 0 0
Net_id 57
pin_num 3
29 51 0
26 54 0
41 54 0
Net_id 58
pin_num 3
24 25 0
30 30 0
42 27 0
Net_id 59
pin_num 3
50 16 0
57 28 0
46 17 0
Net_id 60
pin_num 3
27 34 0
22 26 0
24 43 0
Net_id 61
pin_num 3
35 48 0
44 48 0
37 37 0
Net_id 62
pin_num 3
9 36 0
17 45 0
58 37 0
Net_id 63
pin_num 3
36 26 0
25 28 0
28 21 0
Net_id 64
pin_num 3
30 6 0
47 9 0
33 16 0
Net_id 65
pin_num 3
37 18 0
48 24 0
54 36 0
Net_id 66
pin_num 3
6 1 0
12 15 0
9 20 0
Net_id 67
pin_num 3
34 39 0
48 27 0
43 59 0
Net_id 68
pin_num 3
41 23 0
40 27 0
38 53 0
Net_id 69
pin_num 3
12 48 0
21 54 0
15 38 0
Net_id 70
pin_num 3
0 14 0
22 35 0
15 49 0
Net_id 71
pin_num 3
33 27 0
34 25 0
49 41 0
Net_id 72
pin_num 3
19 27 0
33 42 0
30 24 0
Net_id 73
pin_num 3
51 15 0
58 24 0
53 28 0
Net_id 74
pin_num 3
53 0 0
29 6 0
59 0 0
Net_id 75
pin_num 3
40 38 0
35 47 0
57 37 0
Net_id 76
pin_num 3
8 56 0
26 49 0
23 56 0
Net_id 77
pin_num 2
49 33 0
54 28 0
Net_id 78
pin_num 2
56 53 0
51 57 0
Net_id 79
pin_num 2
18 3 0
34 1 0
Net_id 80
pin_num 2
55 28 0
46 44 0
Net_id 81
pin_num 2
27 37 0
38 25 0
Net_id 82
pin_num 2
29 21 0
52 13 0
Net_id 83
pin_num 2
59 29 0
35 36 0
Net_id 84
pin_num 2
7 36 0
1 29 0
Net_id 85
pin_num 2
31 5 0
46 24 0
Net_id 86
pin_num 2
49 10 0
38 15 0
Net_id 87
pin_num 2
6 50 0
7 52 0
Net_id 88
pin_num 2
21 13 0
38 14 0
Net_id 89
pin_num 2
21 44 0
45 58 0
Net_id 90
pin_num 2
36 53 0
19 56 0
Net_id 91
pin_num 2
56 47 0
55 52 0
Net_id 92
pin_num 2
16 23 0
3 34 0
Net_id 93
pin_num 2
1 58 0
6 59 0
Net_id 94
pin_num 2
50 25 0
46 26 0
Net_id 95
pin_num 2
21 25 0
42 20 0
Net_id 96
pin_num 2
40 59 0
52 45 0
Net_id 97
pin_num 2
13 57 0
24 48 0
Net_id 98
pin_num 2
54 27 0
58 27 0
Net_id 99
pin_num 2
9 30 0
1 38 0
Net_id 100
pin_num 2
6 45 0
10 55 0
Net_id 101
pin_num 2
7 2 0
1 10 0
Net_id 102
pin_num 2
26 3 0
34 3 0
Net_id 103
pin_num 2
49 26 0
57 33 0
Net_id 104
pin_num 2
33 22 0
46 48 0
Net_id 105
pin_num 2
30 7 0
36 7 0
Net_id 106
pin_num 2
48 28 0
34 18 0
Net_id 107
pin_num 2
47 51 0
41 56 0
Net_id 108
pin_num 2
28 58 0
36 58 0
Net_id 109
pin_num 2
28 43 0
25 59 0
Net_id 110
pin_num 2
47 32 0
58 46 0
Net_id 111
pin_num 2
6 29 0
1 13 0
Net_id 112
pin_num 2
41 2 0
30 5 0
Net_id 113
pin_num 2
35 14 0
31 8 0
Net_id 114
pin_num 2
34 37 0
13 43 0
Net_id 115
pin_num 2
44 33 0
37 43 0
Net_id 116
pin_num 2
21 29 0
3 43 0
Net_id 117
pin_num 2
9 2 0
24 7 0
Net_id 118
pin_num 2
15 7 0
3 3 0
Net_id 119
pin_num 2
37 8 0
31 10 0
Net_id 120
pin_num 2
50 40 0
57 20 0
Net_id 121
pin_num 2
25 52 0
47 57 0
Net_id 122
pin_num 2
40 20 0
19 16 0
Net_id 123
pin_num 2
33 32 0
43 8 0
Net_id 124
pin_num 2
29 39 0
17 43 0
Net_id 125
pin_num 2
31 36 0
17 30 0
Net_id 126
pin_num 2
8 32 0
32 42 0
Net_id 127
pin_num 2
11 54 0
1 53 0
Net_id 128
pin_num 2
15 54 0
7 56 0
Net_id 129
pin_num 2
59 8 0
46 0 0
Net_id 130
pin_num 2
47 29 0
33 43 0
Net_id 131
pin_num 2
58 51 0
49 16 0
Net_id 132
pin_num 2
56 8 0
55 22 0
Net_id 133
pin_num 2
12 27 0
7 27 0
Net_id 134
pin_num 2
21 9 0
5 1 0
Net_id 135
pin_num 2
4 34 0
28 46 0
Net_id 136
pin_num 2
7 38 0
26 30 0
Net_id 137
pin_num 2
13 14 0
43 29 0
Net_id 138
pin_num 2
41 47 0
53 58 0
Net_id 139
pin_num 2
31 15 0
37 1 0
Net_id 140
pin_num 2
49 23 0
29 5 0
Net_id 141
pin_num 2
42 45 0
53 56 0
Net_id 142
pin_num 2
4 3 0
7 8 0
Net_id 143
pin_num 2
55 8 0
48 6 0
Net_id 144
pin_num 2
35 56 0
27 56 0
Net_id 145
pin_num 2
53 39 0
36 11 0
Net_id 146
pin_num 2
13 53 0
9 58 0
Net_id 147
pin_num 2
54 30 0
41 43 0
Net_id 148
pin_num 2
10 24 0
13 12 0
Net_id 149
pin_num 2
17 11 0
9 11 0
Net_id 150
pin_num 2
11 30 0
22 39 0
Net_id 151
pin_num 2
14 17 0
26 32 0
Net_id 152
pin_num 2
7 29 0
8 21 0
Net_id 153
pin_num 2
17 25 0
12 30 0
Net_id 154
pin_num 2
51 9 0
33 0 0
Net_id 155
pin_num 2
2 41 0
7 41 0
Net_id 156
pin_num 2
28 49 0
6 44 0
Net_id 157
pin_num 2
25 16 0
19 25 0
Net_id 158
pin_num 2
12 9 0
17 21 0
