Width 60
Height 60
Layer 6
Total_WL 7069
Obstacle_num 144
38 21 0 43 22 0
2 15 0 7 16 0
20 19 0 25 20 0
2 12 0 9 13 0
25 0 0 28 1 0
16 5 0 21 6 0
12 50 0 19 51 0
22 8 0 29 9 0
31 3 0 35 4 0
50 4 0 54 5 0
3 3 0 10 4 0
20 53 0 29 54 0
12 29 0 15 30 0
18 21 0 22 22 0
46 6 0 51 7 0
5 14 0 8 15 0
16 37 0 22 38 0
34 48 0 37 49 0
26 15 0 30 16 0
50 27 0 53 28 0
11 17 0 19 18 0
28 54 0 35 55 0
36 36 0 41 37 0
33 35 0 37 36 0
52 44 1 53 51 1
13 27 1 14 37 1
3 51 1 4 54 1
48 6 1 49 13 1
56 51 1 57 54 1
38 3 1 39 10 1
58 53 1 59 56 1
2 36 1 3 45 1
14 31 1 15 40 1
43 10 1 44 17 1
52 25 1 53 28 1
7 49 1 8 55 1
8 28 1 9 36 1
20 14 1 21 21 1
26 33 1 27 36 1
31 20 1 32 23 1
27 9 1 28 16 1
44 49 1 45 55 1
21 47 1 22 55 1
52 1 1 53 7 1
26 22 1 27 26 1
1 31 1 2 37 1
57 5 1 58 10 1
18 32 1 19 40 1
21 41 2 29 42 2
23 44 2 32 45 2
48 40 2 55 41 2
43 39 2 51 40 2
38 13 2 46 14 2
38 5 2 42 6 2
18 55 2 21 56 2
43 4 2 52 5 2
18 7 2 23 8 2
42 10 2 49 11 2
50 42 2 53 43 2
50 52 2 57 53 2
38 8 2 44 9 2
51 45 2 59 46 2
42 44 2 47 45 2
7 22 2 13 23 2
41 33 2 46 34 2
29 31 2 32 32 2
10 54 2 15 55 2
19 52 2 25 53 2
32 47 2 37 48 2
1 15 2 5 16 2
10 24 2 15 25 2
4 47 2 11 48 2
34 36 3 35 41 3
10 54 3 11 57 3
24 19 3 25 26 3
5 11 3 6 14 3
6 9 3 7 16 3
40 22 3 41 28 3
12 30 3 13 35 3
48 4 3 49 9 3
46 53 3 47 59 3
22 26 3 23 31 3
2 41 3 3 51 3
55 26 3 56 32 3
30 21 3 31 29 3
44 2 3 45 9 3
39 48 3 40 56 3
44 40 3 45 48 3
13 15 3 14 25 3
19 22 3 20 31 3
47 30 3 48 39 3
3 17 3 4 25 3
54 20 3 55 26 3
28 22 3 29 26 3
48 34 3 49 42 3
48 20 3 49 25 3
13 8 4 19 9 4
7 1 4 13 2 4
55 6 4 58 7 4
33 8 4 41 9 4
30 2 4 36 3 4
9 19 4 17 20 4
40 11 4 44 12 4
30 26 4 40 27 4
23 3 4 30 4 4
38 16 4 46 17 4
0 58 4 4 59 4
5 8 4 11 9 4
24 16 4 30 17 4
1 15 4 8 16 4
19 8 4 29 9 4
38 5 4 43 6 4
46 18 4 51 19 4
36 49 4 44 50 4
2 3 4 10 4 4
28 43 4 34 44 4
43 25 4 51 26 4
18 32 4 24 33 4
6 20 4 12 21 4
1 29 4 7 30 4
7 21 5 8 24 5
50 44 5 51 50 5
4 54 5 5 59 5
9 53 5 10 59 5
31 17 5 32 23 5
6 37 5 7 47 5
40 6 5 41 11 5
26 28 5 27 34 5
34 51 5 35 54 5
27 47 5 28 55 5
8 29 5 9 32 5
4 16 5 5 24 5
14 44 5 15 50 5
9 15 5 10 23 5
50 7 5 51 13 5
11 50 5 12 58 5
51 53 5 52 59 5
21 35 5 22 44 5
1 43 5 2 48 5
58 14 5 59 24 5
43 27 5 44 36 5
34 24 5 35 30 5
51 31 5 52 36 5
27 17 5 28 26 5
Net_num 165
Net_id 0
pin_num 5
15 8 0
7 20 0
18 14 0
13 12 0
10 22 0
Net_id 1
pin_num 5
29 1 0
19 13 0
10 3 0
24 7 0
37 1 0
Net_id 2
pin_num 5
20 39 0
27 36 0
1 39 0
27 49 0
42 38 0
Net_id 3
pin_num 5
39 5 0
44 5 0
58 0 0
57 3 0
47 3 0
Net_id 4
pin_num 5
18 36 0
6 33 0
8 40 0
12 26 0
0 46 0
Net_id 5
pin_num 5
50 59 0
54 54 0
55 42 0
58 50 0
49 59 0
Net_id 6
pin_num 5
20 20 0
17 4 0
19 25 0
25 24 0
23 15 0
Net_id 7
pin_num 5
30 32 0
29 33 0
16 33 0
7 32 0
23 17 0
Net_id 8
pin_num 5
59 34 0
51 37 0
57 53 0
46 53 0
32 34 0
Net_id 9
pin_num 5
6 2 0
2 6 0
13 6 0
12 0 0
4 23 0
Net_id 10
pin_num 5
22 37 0
31 37 0
28 31 0
28 22 0
40 31 0
Net_id 11
pin_num 5
40 16 0
36 21 0
39 10 0
58 20 0
51 9 0
Net_id 12
pin_num 5
9 38 0
18 45 0
4 44 0
24 45 0
9 54 0
Net_id 13
pin_num 5
3 45 0
3 38 0
22 40 0
11 23 0
14 56 0
Net_id 14
pin_num 5
24 43 0
19 46 0
34 45 0
28 42 0
32 49 0
Net_id 15
pin_num 5
8 35 0
19 36 0
7 29 0
15 28 0
6 53 0
Net_id 16
pin_num 5
29 13 0
17 23 0
24 18 0
15 19 0
5 13 0
Net_id 17
pin_num 5
56 24 0
58 21 0
58 45 0
58 1 0
59 39 0
Net_id 18
pin_num 5
39 26 0
48 17 0
31 24 0
41 24 0
48 25 0
Net_id 19
pin_num 5
18 10 0
2 13 0
28 0 0
14 7 0
12 2 0
Net_id 20
pin_num 4
47 52 0
42 55 0
43 45 0
23 55 0
Net_id 21
pin_num 4
8 26 0
1 26 0
0 22 0
2 43 0
Net_id 22
pin_num 4
24 23 0
23 18 0
5 18 0
22 12 0
Net_id 23
pin_num 4
25 36 0
20 40 0
26 48 0
33 45 0
Net_id 24
pin_num 4
35 50 0
45 50 0
28 50 0
45 59 0
Net_id 25
pin_num 4
18 41 0
19 47 0
9 41 0
11 21 0
Net_id 26
pin_num 4
57 10 0
54 13 0
40 14 0
37 13 0
Net_id 27
pin_num 4
9 49 0
13 49 0
19 49 0
11 59 0
Net_id 28
pin_num 4
39 54 0
39 46 0
42 49 0
49 50 0
Net_id 29
pin_num 4
8 25 0
0 24 0
6 11 0
18 13 0
Net_id 30
pin_num 4
42 41 0
37 49 0
37 35 0
20 44 0
Net_id 31
pin_num 4
25 16 0
28 14 0
27 21 0
27 50 0
Net_id 32
pin_num 4
27 20 0
9 17 0
23 30 0
29 0 0
Net_id 33
pin_num 4
43 46 0
36 52 0
45 51 0
39 38 0
Net_id 34
pin_num 4
59 22 0
51 21 0
37 22 0
53 12 0
Net_id 35
pin_num 4
25 44 0
24 48 0
44 46 0
46 59 0
Net_id 36
pin_num 4
37 27 0
17 20 0
8 27 0
38 27 0
Net_id 37
pin_num 4
52 25 0
48 28 0
59 24 0
49 4 0
Net_id 38
pin_num 4
10 46 0
7 38 0
12 43 0
7 28 0
Net_id 39
pin_num 4
31 6 0
19 1 0
13 0 0
45 3 0
Net_id 40
pin_num 3
51 55 0
38 58 0
47 26 0
Net_id 41
pin_num 3
31 4 0
30 1 0
59 6 0
Net_id 42
pin_num 3
54 8 0
50 0 0
36 8 0
Net_id 43
pin_num 3
29 21 0
56 18 0
51 35 0
Net_id 44
pin_num 3
55 21 0
57 38 0
47 7 0
Net_id 45
pin_num 3
47 59 0
26 56 0
20 48 0
Net_id 46
pin_num 3
35 23 0
43 35 0
21 28 0
Net_id 47
pin_num 3
52 16 0
36 29 0
55 23 0
Net_id 48
pin_num 3
54 27 0
52 29 0
57 36 0
Net_id 49
pin_num 3
42 19 0
24 9 0
37 10 0
Net_id 50
pin_num 3
33 59 0
14 58 0
11 48 0
Net_id 51
pin_num 3
11 3 0
20 22 0
44 2 0
Net_id 52
pin_num 3
22 21 0
27 7 0
19 12 0
Net_id 53
pin_num 3
45 47 0
52 47 0
51 24 0
Net_id 54
pin_num 3
7 45 0
4 59 0
25 57 0
Net_id 55
pin_num 3
44 13 0
52 30 0
50 12 0
Net_id 56
pin_num 3
59 33 0
46 48 0
48 52 0
Net_id 57
pin_num 3
56 57 0
57 56 0
50 42 0
Net_id 58
pin_num 3
12 16 0
16 14 0
8 14 0
Net_id 59
pin_num 3
46 1 0
29 4 0
44 23 0
Net_id 60
pin_num 3
19 16 0
17 9 0
0 18 0
Net_id 61
pin_num 3
56 41 0
50 33 0
43 44 0
Net_id 62
pin_num 3
42 4 0
45 19 0
45 2 0
Net_id 63
pin_num 3
38 3 0
38 0 0
39 15 0
Net_id 64
pin_num 3
37 25 0
49 36 0
46 7 0
Net_id 65
pin_num 3
26 54 0
21 55 0
31 53 0
Net_id 66
pin_num 3
59 30 0
56 42 0
41 32 0
Net_id 67
pin_num 3
33 26 0
25 12 0
42 24 0
Net_id 68
pin_num 3
43 17 0
57 4 0
43 1 0
Net_id 69
pin_num 3
2 37 0
6 43 0
0 29 0
Net_id 70
pin_num 3
4 14 0
2 35 0
9 25 0
Net_id 71
pin_num 3
9 19 0
1 21 0
15 34 0
Net_id 72
pin_num 3
30 12 0
35 11 0
30 0 0
Net_id 73
pin_num 3
30 8 0
35 9 0
33 29 0
Net_id 74
pin_num 3
51 44 0
56 28 0
31 39 0
Net_id 75
pin_num 3
8 0 0
16 20 0
13 59 0
Net_id 76
pin_num 3
7 34 0
10 37 0
5 59 0
Net_id 77
pin_num 3
43 27 0
48 23 0
38 23 0
Net_id 78
pin_num 3
32 16 0
51 6 0
41 18 0
Net_id 79
pin_num 3
34 33 0
42 31 0
37 23 0
Net_id 80
pin_num 3
20 56 0
28 58 0
15 35 0
Net_id 81
pin_num 3
12 21 0
20 26 0
12 12 0
Net_id 82
pin_num 3
44 14 0
57 29 0
54 26 0
Net_id 83
pin_num 2
5 47 0
17 40 0
Net_id 84
pin_num 2
13 7 0
17 6 0
Net_id 85
pin_num 2
12 54 0
17 35 0
Net_id 86
pin_num 2
10 54 0
13 52 0
Net_id 87
pin_num 2
49 15 0
54 2 0
Net_id 88
pin_num 2
36 22 0
13 37 0
Net_id 89
pin_num 2
21 54 0
40 55 0
Net_id 90
pin_num 2
30 46 0
57 52 0
Net_id 91
pin_num 2
48 36 0
37 52 0
Net_id 92
pin_num 2
13 44 0
1 56 0
Net_id 93
pin_num 2
31 45 0
25 45 0
Net_id 94
pin_num 2
54 17 0
49 17 0
Net_id 95
pin_num 2
46 26 0
32 17 0
Net_id 96
pin_num 2
51 29 0
39 44 0
Net_id 97
pin_num 2
20 52 0
1 37 0
Net_id 98
pin_num 2
5 4 0
9 2 0
Net_id 99
pin_num 2
12 42 0
22 50 0
Net_id 100
pin_num 2
56 37 0
42 12 0
Net_id 101
pin_num 2
32 43 0
57 47 0
Net_id 102
pin_num 2
18 35 0
34 25 0
Net_id 103
pin_num 2
51 45 0
58 56 0
Net_id 104
pin_num 2
40 46 0
40 37 0
Net_id 105
pin_num 2
44 40 0
57 37 0
Net_id 106
pin_num 2
28 56 0
28 52 0
Net_id 107
pin_num 2
4 24 0
23 34 0
Net_id 108
pin_num 2
36 26 0
47 24 0
Net_id 109
pin_num 2
26 17 0
10 29 0
Net_id 110
pin_num 2
59 57 0
38 45 0
Net_id 111
pin_num 2
27 57 0
47 58 0
Net_id 112
pin_num 2
14 26 0
21 35 0
Net_id 113
pin_num 2
35 21 0
32 29 0
Net_id 114
pin_num 2
41 37 0
58 46 0
Net_id 115
pin_num 2
25 46 0
40 33 0
Net_id 116
pin_num 2
32 7 0
42 11 0
Net_id 117
pin_num 2
8 56 0
29 58 0
Net_id 118
pin_num 2
39 12 0
41 4 0
Net_id 119
pin_num 2
34 30 0
33 38 0
Net_id 120
pin_num 2
34 5 0
19 11 0
Net_id 121
pin_num 2
13 15 0
23 16 0
Net_id 122
pin_num 2
28 41 0
16 35 0
Net_id 123
pin_num 2
46 50 0
37 33 0
Net_id 124
pin_num 2
15 46 0
1 54 0
Net_id 125
pin_num 2
51 18 0
25 52 0
Net_id 126
pin_num 2
14 12 0
16 4 0
Net_id 127
pin_num 2
6 50 0
4 50 0
Net_id 128
pin_num 2
16 19 0
22 4 0
Net_id 129
pin_num 2
3 40 0
29 56 0
Net_id 130
pin_num 2
37 32 0
26 14 0
Net_id 131
pin_num 2
54 16 0
40 32 0
Net_id 132
pin_num 2
2 40 0
2 53 0
Net_id 133
pin_num 2
51 38 0
54 29 0
Net_id 134
pin_num 2
54 47 0
46 33 0
Net_id 135
pin_num 2
9 22 0
8 17 0
Net_id 136
pin_num 2
45 24 0
40 23 0
Net_id 137
pin_num 2
42 59 0
29 49 0
Net_id 138
pin_num 2
23 6 0
2 31 0
Net_id 139
pin_num 2
55 6 0
51 3 0
Net_id 140
pin_num 2
5 20 0
1 18 0
Net_id 141
pin_num 2
36 58 0
55 24 0
Net_id 142
pin_num 2
38 51 0
42 36 0
Net_id 143
pin_num 2
19 9 0
23 4 0
Net_id 144
pin_num 2
1 23 0
25 3 0
Net_id 145
pin_num 2
3 8 0
15 20 0
Net_id 146
pin_num 2
22 44 0
24 31 0
Net_id 147
pin_num 2
5 32 0
2 33 0
Net_id 148
pin_num 2
53 11 0
56 2 0
Net_id 149
pin_num 2
7 42 0
5 55 0
Net_id 150
pin_num 2
9 45 0
13 45 0
Net_id 151
pin_num 2
40 9 0
25 7 0
Net_id 152
pin_num 2
56 15 0
45 28 0
Net_id 153
pin_num 2
2 29 0
8 41 0
Net_id 154
pin_num 2
5 51 0
16 56 0
Net_id 155
pin_num 2
31 18 0
47 12 0
Net_id 156
pin_num 2
39 37 0
25 42 0
Net_id 157
pin_num 2
52 36 0
31 34 0
Net_id 158
pin_num 2
26 11 0
29 14 0
Net_id 159
pin_num 2
35 13 0
42 13 0
Net_id 160
pin_num 2
39 32 0
29 47 0
Net_id 161
pin_num 2
23 50 0
36 30 0
Net_id 162
pin_num 2
53 13 0
35 36 0
Net_id 163
pin_num 2
2 45 0
9 58 0
Net_id 164
pin_num 2
48 58 0
56 47 0
