Width 60
Height 60
Layer 6
Total_WL 6153
Obstacle_num 144
6 11 0 10 12 0
0 2 0 5 3 0
42 8 0 51 9 0
29 30 0 34 31 0
16 40 0 19 41 0
3 0 0 9 1 0
32 27 0 36 28 0
48 31 0 57 32 0
35 16 0 39 17 0
51 53 0 54 54 0
28 55 0 31 56 0
33 53 0 38 54 0
42 46 0 47 47 0
16 28 0 22 29 0
29 20 0 38 21 0
46 21 0 56 22 0
42 44 0 47 45 0
4 45 0 8 46 0
31 26 0 40 27 0
20 8 0 25 9 0
32 47 0 40 48 0
29 7 0 36 8 0
18 0 0 28 1 0
44 25 0 47 26 0
20 38 1 21 46 1
57 20 1 58 30 1
27 50 1 28 57 1
44 27 1 45 35 1
29 23 1 30 26 1
42 10 1 43 14 1
37 17 1 38 27 1
0 38 1 1 41 1
23 4 1 24 7 1
48 33 1 49 43 1
25 50 1 26 58 1
26 22 1 27 29 1
54 31 1 55 36 1
2 35 1 3 40 1
53 51 1 54 57 1
35 27 1 36 37 1
40 11 1 41 18 1
19 48 1 20 51 1
22 9 1 23 14 1
25 34 1 26 38 1
34 13 1 35 17 1
47 40 1 48 43 1
40 44 1 41 47 1
6 17 1 7 22 1
42 54 2 52 55 2
14 3 2 22 4 2
39 41 2 42 42 2
46 21 2 51 22 2
37 10 2 44 11 2
37 20 2 40 21 2
8 57 2 12 58 2
19 52 2 27 53 2
3 1 2 13 2 2
2 53 2 6 54 2
42 17 2 51 18 2
48 13 2 56 14 2
0 30 2 3 31 2
39 49 2 49 50 2
48 22 2 54 23 2
24 11 2 34 12 2
31 52 2 37 53 2
25 26 2 34 27 2
34 43 2 37 44 2
20 38 2 29 39 2
40 24 2 49 25 2
21 29 2 25 30 2
0 48 2 3 49 2
36 13 2 40 14 2
25 29 3 26 34 3
35 22 3 36 30 3
14 5 3 15 13 3
10 34 3 11 37 3
57 19 3 58 29 3
52 5 3 53 13 3
43 31 3 44 34 3
35 13 3 36 19 3
1 14 3 2 23 3
49 3 3 50 6 3
48 14 3 49 23 3
36 35 3 37 39 3
14 48 3 15 55 3
8 43 3 9 48 3
42 32 3 43 37 3
11 34 3 12 38 3
24 12 3 25 18 3
46 29 3 47 33 3
40 10 3 41 18 3
34 31 3 35 37 3
48 9 3 49 13 3
49 47 3 50 54 3
34 10 3 35 14 3
46 37 3 47 42 3
51 3 4 58 4 4
10 8 4 16 9 4
42 19 4 49 20 4
13 23 4 16 24 4
10 46 4 19 47 4
34 16 4 37 17 4
44 29 4 48 30 4
19 58 4 26 59 4
29 40 4 38 41 4
7 24 4 17 25 4
0 4 4 8 5 4
49 26 4 57 27 4
48 28 4 53 29 4
7 17 4 10 18 4
19 9 4 25 10 4
41 31 4 51 32 4
31 32 4 34 33 4
32 48 4 40 49 4
29 30 4 35 31 4
24 38 4 27 39 4
12 28 4 17 29 4
35 12 4 42 13 4
27 35 4 37 36 4
15 32 4 21 33 4
3 10 5 4 20 5
29 10 5 30 15 5
24 19 5 25 25 5
48 10 5 49 16 5
37 29 5 38 32 5
18 33 5 19 43 5
46 3 5 47 11 5
36 4 5 37 9 5
9 22 5 10 28 5
36 34 5 37 42 5
13 43 5 14 53 5
53 17 5 54 27 5
23 14 5 24 22 5
58 14 5 59 20 5
7 51 5 8 59 5
32 48 5 33 54 5
24 1 5 25 8 5
44 29 5 45 34 5
35 23 5 36 31 5
3 0 5 4 6 5
19 0 5 20 5 5
1 45 5 2 53 5
14 23 5 15 33 5
30 11 5 31 19 5
Net_num 158
Net_id 0
pin_num 5
0 5 0
4 6 0
9 0 0
12 6 0
5 11 0
Net_id 1
pin_num 5
10 44 0
13 44 0
11 41 0
11 29 0
35 44 0
Net_id 2
pin_num 5
2 22 0
7 22 0
26 22 0
25 16 0
40 22 0
Net_id 3
pin_num 5
40 19 0
32 16 0
32 28 0
49 18 0
1 22 0
Net_id 4
pin_num 5
54 38 0
34 39 0
47 50 0
53 20 0
34 59 0
Net_id 5
pin_num 5
28 57 0
26 52 0
42 56 0
35 46 0
41 51 0
Net_id 6
pin_num 5
32 46 0
33 58 0
38 52 0
46 56 0
29 50 0
Net_id 7
pin_num 5
13 43 0
11 28 0
33 32 0
28 42 0
24 37 0
Net_id 8
pin_num 5
5 42 0
2 44 0
9 44 0
2 47 0
3 52 0
Net_id 9
pin_num 5
31 9 0
45 9 0
35 15 0
18 11 0
34 28 0
Net_id 10
pin_num 5
5 53 0
0 41 0
5 57 0
14 46 0
2 54 0
Net_id 11
pin_num 5
55 6 0
51 12 0
54 0 0
33 12 0
58 0 0
Net_id 12
pin_num 5
35 6 0
38 11 0
34 10 0
53 9 0
46 27 0
Net_id 13
pin_num 5
5 21 0
9 18 0
17 20 0
8 23 0
30 21 0
Net_id 14
pin_num 5
39 14 0
56 14 0
59 29 0
45 23 0
33 14 0
Net_id 15
pin_num 5
26 37 0
38 43 0
51 43 0
39 41 0
44 55 0
Net_id 16
pin_num 5
21 10 0
28 19 0
11 16 0
20 15 0
31 16 0
Net_id 17
pin_num 5
43 11 0
49 11 0
51 0 0
50 3 0
35 4 0
Net_id 18
pin_num 5
18 10 0
10 16 0
10 1 0
17 8 0
8 15 0
Net_id 19
pin_num 4
13 34 0
2 31 0
14 34 0
12 28 0
Net_id 20
pin_num 4
34 11 0
37 7 0
39 16 0
58 20 0
Net_id 21
pin_num 4
30 18 0
24 23 0
36 31 0
49 24 0
Net_id 22
pin_num 4
14 42 0
26 45 0
18 33 0
26 35 0
Net_id 23
pin_num 4
49 46 0
46 49 0
36 48 0
59 40 0
Net_id 24
pin_num 4
31 47 0
17 36 0
17 27 0
33 37 0
Net_id 25
pin_num 4
26 55 0
22 52 0
11 59 0
15 43 0
Net_id 26
pin_num 4
7 2 0
36 15 0
16 21 0
29 45 0
Net_id 27
pin_num 4
38 29 0
35 41 0
42 27 0
59 33 0
Net_id 28
pin_num 4
18 38 0
27 38 0
25 47 0
8 47 0
Net_id 29
pin_num 4
44 37 0
43 31 0
32 36 0
32 57 0
Net_id 30
pin_num 4
19 5 0
3 3 0
2 23 0
28 0 0
Net_id 31
pin_num 4
41 11 0
36 24 0
59 30 0
44 23 0
Net_id 32
pin_num 4
50 52 0
59 42 0
48 56 0
36 45 0
Net_id 33
pin_num 4
56 30 0
52 39 0
46 30 0
57 43 0
Net_id 34
pin_num 4
0 57 0
8 44 0
17 47 0
9 55 0
Net_id 35
pin_num 4
14 8 0
15 2 0
22 7 0
5 7 0
Net_id 36
pin_num 4
37 25 0
29 12 0
29 3 0
52 8 0
Net_id 37
pin_num 4
45 4 0
57 0 0
57 13 0
39 2 0
Net_id 38
pin_num 4
2 49 0
8 56 0
20 56 0
8 55 0
Net_id 39
pin_num 4
18 26 0
19 19 0
19 13 0
18 48 0
Net_id 40
pin_num 3
58 37 0
54 29 0
51 35 0
Net_id 41
pin_num 3
23 12 0
11 12 0
14 6 0
Net_id 42
pin_num 3
19 7 0
2 10 0
15 26 0
Net_id 43
pin_num 3
51 7 0
43 7 0
50 25 0
Net_id 44
pin_num 3
53 47 0
42 55 0
55 38 0
Net_id 45
pin_num 3
0 36 0
6 40 0
17 23 0
Net_id 46
pin_num 3
2 56 0
1 43 0
10 37 0
Net_id 47
pin_num 3
57 54 0
49 54 0
53 59 0
Net_id 48
pin_num 3
8 8 0
1 8 0
9 2 0
Net_id 49
pin_num 3
43 27 0
56 19 0
17 26 0
Net_id 50
pin_num 3
51 18 0
58 22 0
58 49 0
Net_id 51
pin_num 3
16 20 0
0 35 0
6 30 0
Net_id 52
pin_num 3
50 34 0
56 29 0
50 48 0
Net_id 53
pin_num 3
0 45 0
7 53 0
15 52 0
Net_id 54
pin_num 3
3 1 0
9 4 0
18 1 0
Net_id 55
pin_num 3
10 43 0
0 23 0
23 41 0
Net_id 56
pin_num 3
28 9 0
24 19 0
10 17 0
Net_id 57
pin_num 3
34 54 0
25 54 0
35 59 0
Net_id 58
pin_num 3
27 48 0
30 51 0
44 58 0
Net_id 59
pin_num 3
20 2 0
7 10 0
2 9 0
Net_id 60
pin_num 3
37 13 0
29 13 0
22 2 0
Net_id 61
pin_num 3
1 9 0
4 10 0
10 4 0
Net_id 62
pin_num 3
40 7 0
51 17 0
55 11 0
Net_id 63
pin_num 3
52 28 0
55 13 0
58 12 0
Net_id 64
pin_num 3
32 19 0
16 6 0
21 13 0
Net_id 65
pin_num 3
44 10 0
53 17 0
47 19 0
Net_id 66
pin_num 3
46 41 0
30 52 0
31 31 0
Net_id 67
pin_num 3
26 33 0
38 31 0
36 59 0
Net_id 68
pin_num 3
39 51 0
50 58 0
49 52 0
Net_id 69
pin_num 3
31 29 0
44 42 0
42 29 0
Net_id 70
pin_num 3
28 51 0
3 55 0
20 37 0
Net_id 71
pin_num 3
46 29 0
33 34 0
36 57 0
Net_id 72
pin_num 3
31 12 0
47 15 0
18 15 0
Net_id 73
pin_num 3
38 17 0
34 23 0
33 31 0
Net_id 74
pin_num 3
39 28 0
57 17 0
57 59 0
Net_id 75
pin_num 3
43 35 0
57 49 0
45 37 0
Net_id 76
pin_num 3
32 42 0
38 40 0
55 47 0
Net_id 77
pin_num 2
26 17 0
21 17 0
Net_id 78
pin_num 2
59 44 0
50 27 0
Net_id 79
pin_num 2
55 20 0
42 53 0
Net_id 80
pin_num 2
39 31 0
48 25 0
Net_id 81
pin_num 2
11 38 0
9 42 0
Net_id 82
pin_num 2
41 21 0
45 19 0
Net_id 83
pin_num 2
22 48 0
39 25 0
Net_id 84
pin_num 2
3 47 0
19 58 0
Net_id 85
pin_num 2
46 40 0
42 42 0
Net_id 86
pin_num 2
33 3 0
31 8 0
Net_id 87
pin_num 2
12 29 0
27 25 0
Net_id 88
pin_num 2
8 42 0
7 38 0
Net_id 89
pin_num 2
39 58 0
47 39 0
Net_id 90
pin_num 2
13 49 0
20 33 0
Net_id 91
pin_num 2
41 48 0
46 42 0
Net_id 92
pin_num 2
8 57 0
3 29 0
Net_id 93
pin_num 2
45 53 0
43 49 0
Net_id 94
pin_num 2
20 3 0
26 4 0
Net_id 95
pin_num 2
40 37 0
50 29 0
Net_id 96
pin_num 2
45 13 0
33 21 0
Net_id 97
pin_num 2
22 6 0
24 1 0
Net_id 98
pin_num 2
8 53 0
38 53 0
Net_id 99
pin_num 2
15 41 0
9 35 0
Net_id 100
pin_num 2
21 59 0
29 59 0
Net_id 101
pin_num 2
10 54 0
30 49 0
Net_id 102
pin_num 2
20 16 0
13 16 0
Net_id 103
pin_num 2
53 33 0
55 39 0
Net_id 104
pin_num 2
20 1 0
49 10 0
Net_id 105
pin_num 2
27 23 0
22 28 0
Net_id 106
pin_num 2
54 43 0
59 31 0
Net_id 107
pin_num 2
11 17 0
15 17 0
Net_id 108
pin_num 2
31 32 0
38 44 0
Net_id 109
pin_num 2
31 10 0
26 5 0
Net_id 110
pin_num 2
38 39 0
41 37 0
Net_id 111
pin_num 2
26 1 0
45 20 0
Net_id 112
pin_num 2
41 54 0
39 44 0
Net_id 113
pin_num 2
31 45 0
38 38 0
Net_id 114
pin_num 2
55 2 0
55 7 0
Net_id 115
pin_num 2
23 31 0
23 36 0
Net_id 116
pin_num 2
32 6 0
28 12 0
Net_id 117
pin_num 2
40 20 0
20 17 0
Net_id 118
pin_num 2
44 30 0
34 29 0
Net_id 119
pin_num 2
55 24 0
56 23 0
Net_id 120
pin_num 2
13 37 0
12 39 0
Net_id 121
pin_num 2
6 13 0
10 13 0
Net_id 122
pin_num 2
15 14 0
28 4 0
Net_id 123
pin_num 2
42 10 0
44 1 0
Net_id 124
pin_num 2
25 29 0
16 29 0
Net_id 125
pin_num 2
11 26 0
23 28 0
Net_id 126
pin_num 2
16 39 0
14 25 0
Net_id 127
pin_num 2
41 35 0
55 50 0
Net_id 128
pin_num 2
41 24 0
21 35 0
Net_id 129
pin_num 2
0 37 0
7 30 0
Net_id 130
pin_num 2
55 58 0
40 40 0
Net_id 131
pin_num 2
3 56 0
14 43 0
Net_id 132
pin_num 2
56 37 0
30 16 0
Net_id 133
pin_num 2
56 43 0
53 19 0
Net_id 134
pin_num 2
11 33 0
2 27 0
Net_id 135
pin_num 2
47 40 0
55 40 0
Net_id 136
pin_num 2
51 42 0
49 34 0
Net_id 137
pin_num 2
25 12 0
31 21 0
Net_id 138
pin_num 2
9 25 0
13 14 0
Net_id 139
pin_num 2
30 37 0
41 44 0
Net_id 140
pin_num 2
43 34 0
56 13 0
Net_id 141
pin_num 2
31 4 0
27 7 0
Net_id 142
pin_num 2
19 40 0
24 40 0
Net_id 143
pin_num 2
18 50 0
6 39 0
Net_id 144
pin_num 2
7 9 0
20 9 0
Net_id 145
pin_num 2
40 23 0
43 24 0
Net_id 146
pin_num 2
30 36 0
24 36 0
Net_id 147
pin_num 2
22 32 0
27 47 0
Net_id 148
pin_num 2
57 53 0
52 42 0
Net_id 149
pin_num 2
13 27 0
20 31 0
Net_id 150
pin_num 2
52 24 0
41 13 0
Net_id 151
pin_num 2
16 11 0
18 6 0
Net_id 152
pin_num 2
37 34 0
34 32 0
Net_id 153
pin_num 2
17 30 0
3 25 0
Net_id 154
pin_num 2
6 41 0
6 23 0
Net_id 155
pin_num 2
33 15 0
24 13 0
Net_id 156
pin_num 2
19 34 0
36 39 0
Net_id 157
pin_num 2
11 47 0
5 58 0
