Width 60
Height 60
Layer 6
Total_WL 7088
Obstacle_num 144
13 21 0 17 22 0
1 24 0 7 25 0
50 57 0 57 58 0
4 50 0 14 51 0
39 44 0 42 45 0
20 4 0 27 5 0
2 7 0 6 8 0
24 23 0 32 24 0
35 55 0 38 56 0
31 13 0 36 14 0
50 48 0 54 49 0
47 9 0 51 10 0
28 31 0 38 32 0
36 50 0 46 51 0
1 33 0 8 34 0
22 35 0 32 36 0
42 27 0 51 28 0
11 53 0 19 54 0
10 0 0 13 1 0
28 36 0 32 37 0
0 14 0 9 15 0
1 16 0 7 17 0
50 46 0 59 47 0
23 49 0 30 50 0
17 20 1 18 27 1
47 18 1 48 26 1
4 39 1 5 42 1
19 1 1 20 5 1
7 29 1 8 35 1
12 52 1 13 56 1
42 32 1 43 38 1
17 43 1 18 46 1
9 49 1 10 59 1
17 0 1 18 10 1
15 14 1 16 20 1
35 13 1 36 16 1
48 39 1 49 49 1
29 5 1 30 15 1
29 28 1 30 33 1
13 25 1 14 34 1
7 13 1 8 19 1
6 25 1 7 33 1
31 8 1 32 15 1
55 17 1 56 21 1
42 6 1 43 15 1
34 21 1 35 26 1
16 31 1 17 39 1
22 32 1 23 40 1
34 30 2 42 31 2
44 1 2 52 2 2
15 5 2 18 6 2
29 34 2 36 35 2
38 27 2 41 28 2
43 34 2 49 35 2
40 53 2 45 54 2
2 21 2 10 22 2
30 40 2 33 41 2
38 2 2 45 3 2
16 11 2 21 12 2
53 32 2 56 33 2
43 48 2 48 49 2
47 11 2 50 12 2
48 55 2 53 56 2
29 6 2 36 7 2
42 58 2 45 59 2
5 31 2 8 32 2
30 24 2 40 25 2
2 20 2 7 21 2
47 53 2 56 54 2
26 41 2 32 42 2
46 17 2 56 18 2
31 16 2 38 17 2
52 8 3 53 17 3
54 51 3 55 56 3
3 44 3 4 47 3
23 2 3 24 8 3
19 16 3 20 19 3
32 50 3 33 53 3
33 1 3 34 10 3
34 12 3 35 16 3
51 3 3 52 12 3
13 20 3 14 25 3
21 2 3 22 10 3
33 37 3 34 43 3
31 6 3 32 16 3
48 6 3 49 14 3
46 22 3 47 29 3
6 26 3 7 31 3
54 10 3 55 14 3
0 29 3 1 32 3
40 24 3 41 34 3
10 23 3 11 26 3
38 44 3 39 54 3
48 43 3 49 50 3
13 49 3 14 55 3
37 0 3 38 10 3
22 20 4 28 21 4
20 36 4 24 37 4
14 0 4 19 1 4
41 45 4 49 46 4
48 58 4 56 59 4
48 51 4 52 52 4
12 7 4 17 8 4
50 24 4 55 25 4
48 2 4 57 3 4
37 37 4 42 38 4
25 17 4 35 18 4
21 3 4 28 4 4
10 15 4 17 16 4
2 23 4 8 24 4
4 45 4 11 46 4
42 25 4 48 26 4
45 50 4 49 51 4
12 5 4 21 6 4
23 35 4 29 36 4
4 48 4 13 49 4
2 38 4 6 39 4
39 5 4 49 6 4
48 3 4 57 4 4
40 2 4 46 3 4
42 43 5 43 46 5
57 15 5 58 21 5
53 33 5 54 43 5
6 43 5 7 48 5
38 32 5 39 42 5
37 0 5 38 4 5
42 18 5 43 23 5
0 28 5 1 38 5
56 3 5 57 12 5
35 54 5 36 58 5
6 48 5 7 54 5
51 40 5 52 46 5
20 52 5 21 55 5
53 18 5 54 26 5
32 12 5 33 20 5
54 30 5 55 35 5
44 17 5 45 26 5
50 1 5 51 11 5
50 46 5 51 55 5
19 34 5 20 42 5
48 31 5 49 41 5
19 53 5 20 56 5
14 0 5 15 6 5
54 52 5 55 59 5
Net_num 164
Net_id 0
pin_num 5
29 55 0
25 48 0
26 30 0
11 35 0
23 43 0
Net_id 1
pin_num 5
49 54 0
54 59 0
56 58 0
53 53 0
55 50 0
Net_id 2
pin_num 5
0 46 0
6 41 0
1 31 0
0 18 0
0 42 0
Net_id 3
pin_num 5
9 15 0
7 21 0
21 15 0
8 32 0
1 12 0
Net_id 4
pin_num 5
25 11 0
38 11 0
33 6 0
34 18 0
59 10 0
Net_id 5
pin_num 5
22 24 0
21 30 0
2 28 0
11 24 0
41 27 0
Net_id 6
pin_num 5
22 33 0
29 26 0
14 26 0
19 5 0
1 27 0
Net_id 7
pin_num 5
56 15 0
57 20 0
59 5 0
59 12 0
50 0 0
Net_id 8
pin_num 5
47 34 0
38 34 0
44 42 0
39 36 0
41 32 0
Net_id 9
pin_num 5
36 42 0
37 35 0
37 12 0
32 35 0
37 59 0
Net_id 10
pin_num 5
50 7 0
45 20 0
59 23 0
59 24 0
38 15 0
Net_id 11
pin_num 5
51 14 0
43 18 0
50 22 0
24 17 0
42 0 0
Net_id 12
pin_num 5
18 38 0
17 36 0
18 58 0
34 36 0
24 55 0
Net_id 13
pin_num 5
16 45 0
15 55 0
19 59 0
19 51 0
36 47 0
Net_id 14
pin_num 5
58 21 0
50 21 0
53 42 0
58 25 0
40 29 0
Net_id 15
pin_num 5
56 7 0
53 15 0
48 15 0
56 20 0
48 20 0
Net_id 16
pin_num 5
24 39 0
8 38 0
14 59 0
44 49 0
20 58 0
Net_id 17
pin_num 5
10 41 0
13 57 0
20 54 0
0 54 0
10 42 0
Net_id 18
pin_num 4
43 6 0
38 0 0
19 27 0
23 9 0
Net_id 19
pin_num 4
26 24 0
28 21 0
27 46 0
10 46 0
Net_id 20
pin_num 4
14 18 0
21 18 0
9 30 0
30 25 0
Net_id 21
pin_num 4
11 2 0
5 15 0
0 4 0
0 15 0
Net_id 22
pin_num 4
1 35 0
13 34 0
7 51 0
7 12 0
Net_id 23
pin_num 4
45 1 0
51 7 0
55 12 0
46 2 0
Net_id 24
pin_num 4
26 5 0
16 2 0
9 4 0
38 3 0
Net_id 25
pin_num 4
18 56 0
31 57 0
38 55 0
30 50 0
Net_id 26
pin_num 4
16 51 0
4 47 0
0 59 0
14 55 0
Net_id 27
pin_num 4
3 32 0
4 28 0
3 13 0
1 47 0
Net_id 28
pin_num 4
59 3 0
43 5 0
40 1 0
22 5 0
Net_id 29
pin_num 4
36 37 0
23 45 0
34 38 0
33 37 0
Net_id 30
pin_num 4
55 37 0
39 38 0
47 48 0
54 38 0
Net_id 31
pin_num 4
35 0 0
22 2 0
40 2 0
21 10 0
Net_id 32
pin_num 4
57 23 0
52 31 0
41 24 0
48 13 0
Net_id 33
pin_num 4
16 3 0
34 2 0
20 24 0
26 9 0
Net_id 34
pin_num 4
25 39 0
31 34 0
23 47 0
30 47 0
Net_id 35
pin_num 4
4 58 0
1 54 0
2 44 0
12 48 0
Net_id 36
pin_num 4
2 8 0
6 9 0
9 14 0
9 2 0
Net_id 37
pin_num 4
35 1 0
24 1 0
27 8 0
32 5 0
Net_id 38
pin_num 4
23 34 0
22 23 0
22 14 0
13 18 0
Net_id 39
pin_num 3
45 38 0
25 32 0
27 47 0
Net_id 40
pin_num 3
56 30 0
42 42 0
45 57 0
Net_id 41
pin_num 3
8 35 0
15 32 0
15 0 0
Net_id 42
pin_num 3
55 10 0
52 32 0
36 29 0
Net_id 43
pin_num 3
33 39 0
52 47 0
59 26 0
Net_id 44
pin_num 3
14 11 0
25 14 0
21 34 0
Net_id 45
pin_num 3
22 6 0
15 7 0
12 2 0
Net_id 46
pin_num 3
52 43 0
37 54 0
38 58 0
Net_id 47
pin_num 3
59 33 0
46 36 0
58 32 0
Net_id 48
pin_num 3
59 47 0
44 47 0
59 57 0
Net_id 49
pin_num 3
4 9 0
1 28 0
11 13 0
Net_id 50
pin_num 3
45 19 0
54 14 0
49 10 0
Net_id 51
pin_num 3
11 4 0
10 11 0
28 18 0
Net_id 52
pin_num 3
36 12 0
36 2 0
28 16 0
Net_id 53
pin_num 3
5 41 0
10 36 0
1 57 0
Net_id 54
pin_num 3
2 53 0
17 48 0
16 58 0
Net_id 55
pin_num 3
33 12 0
39 7 0
33 14 0
Net_id 56
pin_num 3
6 54 0
16 54 0
14 44 0
Net_id 57
pin_num 3
36 45 0
8 52 0
29 59 0
Net_id 58
pin_num 3
52 16 0
41 18 0
56 45 0
Net_id 59
pin_num 3
13 12 0
3 0 0
7 9 0
Net_id 60
pin_num 3
32 40 0
28 57 0
21 40 0
Net_id 61
pin_num 3
32 0 0
40 18 0
58 19 0
Net_id 62
pin_num 3
37 10 0
22 0 0
46 12 0
Net_id 63
pin_num 3
57 9 0
51 10 0
48 6 0
Net_id 64
pin_num 3
9 46 0
25 34 0
8 33 0
Net_id 65
pin_num 3
39 20 0
24 19 0
30 13 0
Net_id 66
pin_num 3
14 28 0
32 32 0
39 31 0
Net_id 67
pin_num 3
3 12 0
2 6 0
2 20 0
Net_id 68
pin_num 3
56 31 0
58 8 0
53 18 0
Net_id 69
pin_num 3
11 7 0
12 24 0
27 13 0
Net_id 70
pin_num 3
23 16 0
10 12 0
18 24 0
Net_id 71
pin_num 3
18 14 0
21 11 0
8 36 0
Net_id 72
pin_num 3
57 37 0
58 42 0
43 28 0
Net_id 73
pin_num 3
13 7 0
24 24 0
38 4 0
Net_id 74
pin_num 3
23 1 0
16 8 0
30 15 0
Net_id 75
pin_num 3
5 10 0
15 12 0
14 1 0
Net_id 76
pin_num 3
3 2 0
0 17 0
22 11 0
Net_id 77
pin_num 3
41 30 0
58 34 0
52 41 0
Net_id 78
pin_num 3
23 24 0
22 19 0
6 19 0
Net_id 79
pin_num 3
47 44 0
59 51 0
40 54 0
Net_id 80
pin_num 3
4 11 0
21 0 0
2 0 0
Net_id 81
pin_num 2
29 29 0
4 27 0
Net_id 82
pin_num 2
5 1 0
4 19 0
Net_id 83
pin_num 2
40 24 0
27 18 0
Net_id 84
pin_num 2
16 47 0
8 55 0
Net_id 85
pin_num 2
47 15 0
34 32 0
Net_id 86
pin_num 2
1 45 0
9 24 0
Net_id 87
pin_num 2
8 47 0
1 56 0
Net_id 88
pin_num 2
45 0 0
17 27 0
Net_id 89
pin_num 2
11 30 0
24 21 0
Net_id 90
pin_num 2
49 2 0
58 5 0
Net_id 91
pin_num 2
39 3 0
54 8 0
Net_id 92
pin_num 2
48 5 0
34 8 0
Net_id 93
pin_num 2
9 43 0
19 50 0
Net_id 94
pin_num 2
57 1 0
52 2 0
Net_id 95
pin_num 2
49 40 0
36 46 0
Net_id 96
pin_num 2
38 7 0
18 7 0
Net_id 97
pin_num 2
26 36 0
7 52 0
Net_id 98
pin_num 2
24 37 0
39 42 0
Net_id 99
pin_num 2
51 27 0
38 35 0
Net_id 100
pin_num 2
26 57 0
26 59 0
Net_id 101
pin_num 2
41 7 0
41 4 0
Net_id 102
pin_num 2
12 18 0
6 1 0
Net_id 103
pin_num 2
3 42 0
9 25 0
Net_id 104
pin_num 2
52 40 0
49 32 0
Net_id 105
pin_num 2
8 24 0
5 37 0
Net_id 106
pin_num 2
6 7 0
21 21 0
Net_id 107
pin_num 2
55 25 0
48 26 0
Net_id 108
pin_num 2
42 4 0
58 20 0
Net_id 109
pin_num 2
34 53 0
28 53 0
Net_id 110
pin_num 2
57 32 0
45 26 0
Net_id 111
pin_num 2
35 9 0
43 9 0
Net_id 112
pin_num 2
48 56 0
52 56 0
Net_id 113
pin_num 2
11 16 0
8 9 0
Net_id 114
pin_num 2
59 2 0
46 6 0
Net_id 115
pin_num 2
20 10 0
7 13 0
Net_id 116
pin_num 2
27 21 0
22 45 0
Net_id 117
pin_num 2
10 8 0
2 5 0
Net_id 118
pin_num 2
56 39 0
37 45 0
Net_id 119
pin_num 2
15 25 0
22 44 0
Net_id 120
pin_num 2
22 37 0
4 13 0
Net_id 121
pin_num 2
38 29 0
39 26 0
Net_id 122
pin_num 2
46 17 0
47 10 0
Net_id 123
pin_num 2
58 54 0
41 42 0
Net_id 124
pin_num 2
20 33 0
16 41 0
Net_id 125
pin_num 2
40 41 0
34 42 0
Net_id 126
pin_num 2
14 38 0
16 49 0
Net_id 127
pin_num 2
40 15 0
35 2 0
Net_id 128
pin_num 2
6 52 0
8 40 0
Net_id 129
pin_num 2
40 37 0
55 28 0
Net_id 130
pin_num 2
4 35 0
21 51 0
Net_id 131
pin_num 2
49 52 0
57 35 0
Net_id 132
pin_num 2
44 21 0
29 19 0
Net_id 133
pin_num 2
53 51 0
44 28 0
Net_id 134
pin_num 2
36 19 0
27 14 0
Net_id 135
pin_num 2
16 57 0
36 44 0
Net_id 136
pin_num 2
31 59 0
44 51 0
Net_id 137
pin_num 2
46 22 0
51 18 0
Net_id 138
pin_num 2
10 20 0
2 36 0
Net_id 139
pin_num 2
19 17 0
17 19 0
Net_id 140
pin_num 2
12 26 0
15 42 0
Net_id 141
pin_num 2
15 57 0
4 51 0
Net_id 142
pin_num 2
36 49 0
30 49 0
Net_id 143
pin_num 2
3 15 0
4 25 0
Net_id 144
pin_num 2
37 52 0
43 29 0
Net_id 145
pin_num 2
32 44 0
45 58 0
Net_id 146
pin_num 2
34 56 0
35 58 0
Net_id 147
pin_num 2
5 42 0
16 48 0
Net_id 148
pin_num 2
23 17 0
28 15 0
Net_id 149
pin_num 2
57 53 0
51 44 0
Net_id 150
pin_num 2
22 25 0
10 32 0
Net_id 151
pin_num 2
38 26 0
21 43 0
Net_id 152
pin_num 2
16 59 0
36 43 0
Net_id 153
pin_num 2
28 44 0
30 29 0
Net_id 154
pin_num 2
48 32 0
38 18 0
Net_id 155
pin_num 2
16 9 0
10 17 0
Net_id 156
pin_num 2
15 52 0
3 47 0
Net_id 157
pin_num 2
3 20 0
22 12 0
Net_id 158
pin_num 2
50 24 0
50 26 0
Net_id 159
pin_num 2
19 52 0
29 51 0
Net_id 160
pin_num 2
13 59 0
8 41 0
Net_id 161
pin_num 2
57 56 0
57 50 0
Net_id 162
pin_num 2
28 32 0
40 16 0
Net_id 163
pin_num 2
42 20 0
46 21 0
