Width 60
Height 60
Layer 6
Total_WL 7254
Obstacle_num 144
25 45 0 33 46 0
39 17 0 42 18 0
19 50 0 27 51 0
32 40 0 39 41 0
38 6 0 44 7 0
47 40 0 57 41 0
53 1 0 59 2 0
5 52 0 14 53 0
53 34 0 56 35 0
36 42 0 44 43 0
32 10 0 37 11 0
2 14 0 5 15 0
5 31 0 10 32 0
23 29 0 30 30 0
46 20 0 54 21 0
1 2 0 4 3 0
38 37 0 44 38 0
6 22 0 15 23 0
8 25 0 14 26 0
8 16 0 14 17 0
42 51 0 45 52 0
55 51 0 59 52 0
33 18 0 37 19 0
8 11 0 15 12 0
10 25 1 11 35 1
26 7 1 27 12 1
10 0 1 11 9 1
52 21 1 53 29 1
33 18 1 34 21 1
57 13 1 58 20 1
51 32 1 52 40 1
48 25 1 49 35 1
44 13 1 45 22 1
9 50 1 10 56 1
32 31 1 33 38 1
57 47 1 58 52 1
33 23 1 34 28 1
53 34 1 54 44 1
35 19 1 36 27 1
44 33 1 45 36 1
38 7 1 39 13 1
36 17 1 37 22 1
13 16 1 14 19 1
47 9 1 48 16 1
35 5 1 36 11 1
23 45 1 24 48 1
34 4 1 35 7 1
27 45 1 28 49 1
15 49 2 25 50 2
18 22 2 23 23 2
31 7 2 38 8 2
44 35 2 47 36 2
16 46 2 20 47 2
40 57 2 47 58 2
41 44 2 49 45 2
9 45 2 16 46 2
0 31 2 9 32 2
34 54 2 40 55 2
35 10 2 40 11 2
33 20 2 43 21 2
1 53 2 5 54 2
33 51 2 37 52 2
7 18 2 16 19 2
30 36 2 33 37 2
49 4 2 56 5 2
45 4 2 48 5 2
30 6 2 33 7 2
54 28 2 57 29 2
17 5 2 22 6 2
42 25 2 45 26 2
4 11 2 13 12 2
8 36 2 17 37 2
0 33 3 1 43 3
24 14 3 25 23 3
42 3 3 43 11 3
55 43 3 56 50 3
1 11 3 2 19 3
20 32 3 21 39 3
34 29 3 35 37 3
12 46 3 13 49 3
19 0 3 20 7 3
11 3 3 12 12 3
4 32 3 5 37 3
5 23 3 6 29 3
9 45 3 10 49 3
6 47 3 7 56 3
37 22 3 38 32 3
22 44 3 23 54 3
33 19 3 34 26 3
12 1 3 13 10 3
40 8 3 41 12 3
10 44 3 11 54 3
50 6 3 51 10 3
42 39 3 43 42 3
12 15 3 13 20 3
3 30 3 4 35 3
50 41 4 55 42 4
26 53 4 30 54 4
5 36 4 14 37 4
0 48 4 5 49 4
26 33 4 31 34 4
45 2 4 48 3 4
30 38 4 34 39 4
19 5 4 23 6 4
49 7 4 57 8 4
13 41 4 22 42 4
39 54 4 47 55 4
1 54 4 10 55 4
8 38 4 12 39 4
49 44 4 56 45 4
28 11 4 36 12 4
49 34 4 57 35 4
47 5 4 55 6 4
8 14 4 13 15 4
51 11 4 54 12 4
43 37 4 48 38 4
12 11 4 15 12 4
41 49 4 51 50 4
36 7 4 41 8 4
42 53 4 51 54 4
48 33 5 49 41 5
55 30 5 56 38 5
0 24 5 1 29 5
38 18 5 39 28 5
27 2 5 28 9 5
41 23 5 42 26 5
58 16 5 59 23 5
1 38 5 2 46 5
14 34 5 15 44 5
21 16 5 22 23 5
36 15 5 37 25 5
37 5 5 38 15 5
11 30 5 12 40 5
32 16 5 33 20 5
54 8 5 55 17 5
34 29 5 35 34 5
55 44 5 56 49 5
15 20 5 16 29 5
16 35 5 17 43 5
44 25 5 45 34 5
7 27 5 8 31 5
12 25 5 13 28 5
23 8 5 24 18 5
38 54 5 39 59 5
Net_num 161
Net_id 0
pin_num 5
1 40 0
1 46 0
25 46 0
5 57 0
15 40 0
Net_id 1
pin_num 5
15 34 0
21 49 0
27 37 0
18 14 0
36 34 0
Net_id 2
pin_num 5
39 57 0
43 59 0
40 47 0
46 57 0
20 57 0
Net_id 3
pin_num 5
55 48 0
53 44 0
59 57 0
44 46 0
42 56 0
Net_id 4
pin_num 5
39 20 0
27 18 0
19 18 0
20 30 0
15 23 0
Net_id 5
pin_num 5
48 59 0
50 45 0
59 44 0
28 55 0
34 53 0
Net_id 6
pin_num 5
26 55 0
22 43 0
18 45 0
23 38 0
16 44 0
Net_id 7
pin_num 5
54 56 0
55 55 0
55 42 0
34 58 0
23 59 0
Net_id 8
pin_num 5
38 5 0
29 10 0
31 0 0
50 6 0
12 7 0
Net_id 9
pin_num 5
21 27 0
0 29 0
14 39 0
8 32 0
6 29 0
Net_id 10
pin_num 5
40 26 0
38 14 0
38 47 0
24 33 0
34 37 0
Net_id 11
pin_num 5
39 49 0
33 56 0
37 36 0
33 36 0
18 42 0
Net_id 12
pin_num 5
2 55 0
8 49 0
7 59 0
2 43 0
0 49 0
Net_id 13
pin_num 5
36 54 0
39 58 0
37 43 0
38 58 0
39 34 0
Net_id 14
pin_num 5
50 18 0
58 13 0
57 25 0
45 14 0
55 0 0
Net_id 15
pin_num 5
31 32 0
36 31 0
49 31 0
43 38 0
36 45 0
Net_id 16
pin_num 5
24 40 0
31 44 0
31 31 0
44 40 0
30 32 0
Net_id 17
pin_num 5
22 1 0
28 3 0
9 2 0
26 23 0
24 3 0
Net_id 18
pin_num 5
1 25 0
1 8 0
5 18 0
0 23 0
10 13 0
Net_id 19
pin_num 5
44 26 0
47 23 0
59 18 0
47 38 0
54 27 0
Net_id 20
pin_num 5
54 35 0
57 43 0
58 20 0
55 25 0
43 26 0
Net_id 21
pin_num 4
17 47 0
8 40 0
25 35 0
26 44 0
Net_id 22
pin_num 4
16 33 0
3 42 0
26 39 0
9 30 0
Net_id 23
pin_num 4
11 30 0
17 30 0
14 12 0
11 15 0
Net_id 24
pin_num 4
21 37 0
30 46 0
25 56 0
25 27 0
Net_id 25
pin_num 4
49 32 0
57 38 0
56 16 0
59 38 0
Net_id 26
pin_num 4
41 34 0
55 21 0
49 47 0
43 29 0
Net_id 27
pin_num 4
9 35 0
1 49 0
2 59 0
8 47 0
Net_id 28
pin_num 4
30 42 0
35 44 0
20 47 0
40 38 0
Net_id 29
pin_num 4
22 26 0
30 27 0
37 23 0
34 9 0
Net_id 30
pin_num 4
15 12 0
30 14 0
19 3 0
2 7 0
Net_id 31
pin_num 4
41 1 0
51 0 0
47 21 0
42 15 0
Net_id 32
pin_num 4
12 13 0
4 9 0
4 17 0
11 1 0
Net_id 33
pin_num 4
38 11 0
45 13 0
25 9 0
58 15 0
Net_id 34
pin_num 4
14 29 0
21 29 0
17 17 0
22 16 0
Net_id 35
pin_num 4
59 59 0
56 56 0
58 54 0
47 43 0
Net_id 36
pin_num 4
26 32 0
33 39 0
18 36 0
5 36 0
Net_id 37
pin_num 4
48 17 0
59 17 0
54 42 0
50 25 0
Net_id 38
pin_num 4
17 42 0
11 43 0
15 57 0
21 41 0
Net_id 39
pin_num 4
35 41 0
18 39 0
10 43 0
2 48 0
Net_id 40
pin_num 4
24 17 0
19 14 0
13 4 0
20 25 0
Net_id 41
pin_num 4
48 4 0
52 8 0
41 0 0
38 2 0
Net_id 42
pin_num 4
44 27 0
46 23 0
45 48 0
54 41 0
Net_id 43
pin_num 3
2 40 0
11 34 0
30 31 0
Net_id 44
pin_num 3
55 15 0
37 18 0
16 18 0
Net_id 45
pin_num 3
32 14 0
31 46 0
37 10 0
Net_id 46
pin_num 3
53 24 0
53 25 0
23 21 0
Net_id 47
pin_num 3
10 58 0
27 39 0
24 28 0
Net_id 48
pin_num 3
41 27 0
20 36 0
8 35 0
Net_id 49
pin_num 3
48 16 0
49 28 0
51 42 0
Net_id 50
pin_num 3
7 7 0
15 5 0
1 7 0
Net_id 51
pin_num 3
4 31 0
1 1 0
7 15 0
Net_id 52
pin_num 3
1 43 0
11 39 0
20 40 0
Net_id 53
pin_num 3
15 52 0
32 44 0
26 56 0
Net_id 54
pin_num 3
56 21 0
58 0 0
46 40 0
Net_id 55
pin_num 3
14 42 0
30 29 0
22 15 0
Net_id 56
pin_num 3
55 50 0
34 56 0
57 57 0
Net_id 57
pin_num 3
44 42 0
54 48 0
38 52 0
Net_id 58
pin_num 3
53 41 0
33 54 0
49 30 0
Net_id 59
pin_num 3
49 54 0
36 56 0
45 12 0
Net_id 60
pin_num 3
2 4 0
0 2 0
27 2 0
Net_id 61
pin_num 3
35 17 0
43 8 0
33 58 0
Net_id 62
pin_num 3
47 32 0
36 48 0
30 25 0
Net_id 63
pin_num 3
28 21 0
17 6 0
43 20 0
Net_id 64
pin_num 3
29 35 0
37 34 0
0 26 0
Net_id 65
pin_num 3
19 0 0
29 14 0
28 11 0
Net_id 66
pin_num 3
42 32 0
41 38 0
41 56 0
Net_id 67
pin_num 3
13 18 0
6 28 0
32 19 0
Net_id 68
pin_num 3
38 8 0
30 17 0
35 12 0
Net_id 69
pin_num 3
17 10 0
13 20 0
13 53 0
Net_id 70
pin_num 3
38 18 0
48 21 0
34 33 0
Net_id 71
pin_num 3
6 53 0
1 59 0
27 55 0
Net_id 72
pin_num 3
28 56 0
17 48 0
8 57 0
Net_id 73
pin_num 3
4 51 0
12 40 0
18 54 0
Net_id 74
pin_num 3
28 37 0
14 49 0
7 58 0
Net_id 75
pin_num 3
20 56 0
11 51 0
26 58 0
Net_id 76
pin_num 3
36 50 0
43 48 0
58 46 0
Net_id 77
pin_num 3
31 6 0
17 0 0
12 31 0
Net_id 78
pin_num 3
4 34 0
11 31 0
33 43 0
Net_id 79
pin_num 3
37 39 0
20 51 0
21 28 0
Net_id 80
pin_num 3
36 12 0
57 10 0
46 45 0
Net_id 81
pin_num 3
18 31 0
29 15 0
27 54 0
Net_id 82
pin_num 2
32 0 0
48 1 0
Net_id 83
pin_num 2
57 52 0
33 53 0
Net_id 84
pin_num 2
3 21 0
1 5 0
Net_id 85
pin_num 2
35 9 0
53 29 0
Net_id 86
pin_num 2
0 6 0
18 9 0
Net_id 87
pin_num 2
33 51 0
29 51 0
Net_id 88
pin_num 2
49 22 0
56 36 0
Net_id 89
pin_num 2
32 8 0
33 16 0
Net_id 90
pin_num 2
1 34 0
30 15 0
Net_id 91
pin_num 2
32 49 0
48 58 0
Net_id 92
pin_num 2
28 54 0
30 56 0
Net_id 93
pin_num 2
57 37 0
51 47 0
Net_id 94
pin_num 2
38 28 0
46 47 0
Net_id 95
pin_num 2
55 39 0
43 23 0
Net_id 96
pin_num 2
32 30 0
36 23 0
Net_id 97
pin_num 2
23 16 0
35 4 0
Net_id 98
pin_num 2
29 12 0
20 14 0
Net_id 99
pin_num 2
49 16 0
58 43 0
Net_id 100
pin_num 2
46 38 0
55 31 0
Net_id 101
pin_num 2
44 10 0
40 10 0
Net_id 102
pin_num 2
27 49 0
50 39 0
Net_id 103
pin_num 2
44 49 0
45 58 0
Net_id 104
pin_num 2
48 45 0
52 53 0
Net_id 105
pin_num 2
59 50 0
53 58 0
Net_id 106
pin_num 2
8 26 0
19 25 0
Net_id 107
pin_num 2
0 0 0
11 0 0
Net_id 108
pin_num 2
58 32 0
43 43 0
Net_id 109
pin_num 2
42 41 0
48 39 0
Net_id 110
pin_num 2
57 41 0
26 28 0
Net_id 111
pin_num 2
36 36 0
30 28 0
Net_id 112
pin_num 2
54 10 0
52 16 0
Net_id 113
pin_num 2
6 30 0
34 32 0
Net_id 114
pin_num 2
6 10 0
19 26 0
Net_id 115
pin_num 2
6 12 0
0 1 0
Net_id 116
pin_num 2
56 11 0
52 1 0
Net_id 117
pin_num 2
49 48 0
33 52 0
Net_id 118
pin_num 2
0 22 0
9 20 0
Net_id 119
pin_num 2
10 45 0
12 59 0
Net_id 120
pin_num 2
8 24 0
13 23 0
Net_id 121
pin_num 2
35 30 0
44 12 0
Net_id 122
pin_num 2
54 47 0
57 53 0
Net_id 123
pin_num 2
56 37 0
20 28 0
Net_id 124
pin_num 2
17 25 0
4 30 0
Net_id 125
pin_num 2
17 45 0
14 40 0
Net_id 126
pin_num 2
21 55 0
8 53 0
Net_id 127
pin_num 2
50 35 0
53 28 0
Net_id 128
pin_num 2
36 17 0
40 15 0
Net_id 129
pin_num 2
39 0 0
33 15 0
Net_id 130
pin_num 2
18 11 0
5 1 0
Net_id 131
pin_num 2
5 28 0
11 38 0
Net_id 132
pin_num 2
17 21 0
28 28 0
Net_id 133
pin_num 2
12 32 0
21 32 0
Net_id 134
pin_num 2
35 24 0
43 27 0
Net_id 135
pin_num 2
1 36 0
9 29 0
Net_id 136
pin_num 2
29 46 0
26 47 0
Net_id 137
pin_num 2
54 30 0
40 23 0
Net_id 138
pin_num 2
45 2 0
39 14 0
Net_id 139
pin_num 2
50 12 0
55 2 0
Net_id 140
pin_num 2
12 28 0
2 44 0
Net_id 141
pin_num 2
45 51 0
56 33 0
Net_id 142
pin_num 2
47 14 0
43 19 0
Net_id 143
pin_num 2
20 3 0
7 5 0
Net_id 144
pin_num 2
41 46 0
46 44 0
Net_id 145
pin_num 2
3 56 0
2 51 0
Net_id 146
pin_num 2
46 54 0
35 35 0
Net_id 147
pin_num 2
34 46 0
49 25 0
Net_id 148
pin_num 2
25 17 0
41 28 0
Net_id 149
pin_num 2
17 39 0
23 25 0
Net_id 150
pin_num 2
37 47 0
23 53 0
Net_id 151
pin_num 2
33 23 0
27 28 0
Net_id 152
pin_num 2
43 28 0
56 44 0
Net_id 153
pin_num 2
24 56 0
16 40 0
Net_id 154
pin_num 2
53 36 0
38 36 0
Net_id 155
pin_num 2
9 3 0
28 8 0
Net_id 156
pin_num 2
16 54 0
8 59 0
Net_id 157
pin_num 2
46 7 0
38 4 0
Net_id 158
pin_num 2
37 29 0
27 35 0
Net_id 159
pin_num 2
41 5 0
39 7 0
Net_id 160
pin_num 2
39 21 0
30 16 0
