Width 60
Height 60
Layer 6
Total_WL 6800
Obstacle_num 144
18 11 0 23 12 0
10 21 0 14 22 0
40 49 0 45 50 0
30 4 0 38 5 0
10 53 0 18 54 0
9 25 0 15 26 0
3 36 0 10 37 0
18 10 0 21 11 0
3 40 0 10 41 0
38 53 0 44 54 0
10 45 0 13 46 0
38 54 0 48 55 0
2 39 0 9 40 0
49 31 0 55 32 0
13 8 0 22 9 0
4 26 0 8 27 0
17 18 0 23 19 0
50 33 0 53 34 0
28 5 0 36 6 0
28 40 0 36 41 0
52 50 0 59 51 0
34 3 0 37 4 0
43 9 0 53 10 0
6 30 0 12 31 0
23 0 1 24 10 1
26 26 1 27 32 1
44 17 1 45 24 1
27 23 1 28 32 1
5 18 1 6 25 1
25 6 1 26 12 1
55 7 1 56 15 1
2 23 1 3 31 1
28 17 1 29 20 1
38 33 1 39 41 1
38 1 1 39 8 1
46 53 1 47 58 1
8 2 1 9 11 1
16 28 1 17 34 1
11 8 1 12 15 1
37 6 1 38 13 1
12 11 1 13 16 1
36 33 1 37 40 1
34 47 1 35 50 1
45 34 1 46 40 1
57 2 1 58 5 1
57 30 1 58 36 1
28 28 1 29 34 1
36 47 1 37 55 1
10 43 2 14 44 2
50 34 2 54 35 2
28 2 2 33 3 2
49 11 2 59 12 2
23 24 2 33 25 2
54 50 2 59 51 2
29 51 2 32 52 2
24 46 2 32 47 2
42 53 2 52 54 2
38 49 2 46 50 2
10 36 2 15 37 2
39 24 2 47 25 2
53 51 2 58 52 2
29 47 2 33 48 2
30 56 2 33 57 2
9 5 2 14 6 2
0 30 2 5 31 2
15 23 2 18 24 2
47 26 2 53 27 2
30 45 2 34 46 2
29 55 2 32 56 2
43 55 2 49 56 2
47 29 2 54 30 2
9 50 2 13 51 2
19 1 3 20 7 3
11 18 3 12 28 3
13 6 3 14 14 3
35 50 3 36 58 3
54 11 3 55 14 3
51 51 3 52 57 3
12 0 3 13 6 3
32 55 3 33 58 3
24 3 3 25 7 3
40 50 3 41 59 3
18 45 3 19 48 3
13 15 3 14 22 3
27 43 3 28 48 3
0 6 3 1 10 3
31 39 3 32 47 3
17 1 3 18 8 3
16 8 3 17 12 3
53 24 3 54 34 3
33 11 3 34 19 3
16 22 3 17 28 3
31 24 3 32 32 3
5 35 3 6 38 3
38 45 3 39 49 3
11 31 3 12 36 3
5 10 4 10 11 4
33 14 4 38 15 4
19 49 4 29 50 4
23 10 4 27 11 4
45 29 4 52 30 4
43 45 4 51 46 4
33 16 4 36 17 4
5 54 4 9 55 4
28 33 4 34 34 4
17 26 4 22 27 4
5 2 4 13 3 4
20 32 4 24 33 4
10 12 4 17 13 4
41 11 4 48 12 4
5 9 4 10 10 4
1 11 4 10 12 4
19 11 4 25 12 4
24 48 4 27 49 4
4 51 4 8 52 4
41 41 4 47 42 4
46 50 4 51 51 4
17 51 4 24 52 4
16 9 4 20 10 4
4 23 4 9 24 4
41 15 5 42 25 5
26 46 5 27 50 5
23 30 5 24 37 5
19 9 5 20 13 5
11 21 5 12 29 5
1 13 5 2 22 5
15 41 5 16 50 5
24 25 5 25 33 5
4 27 5 5 34 5
35 2 5 36 12 5
41 50 5 42 53 5
27 4 5 28 7 5
12 43 5 13 53 5
44 45 5 45 48 5
23 43 5 24 47 5
8 5 5 9 11 5
13 7 5 14 17 5
13 42 5 14 48 5
57 21 5 58 29 5
12 5 5 13 13 5
23 22 5 24 28 5
37 34 5 38 42 5
11 42 5 12 51 5
22 46 5 23 53 5
Net_num 160
Net_id 0
pin_num 5
12 58 0
2 52 0
5 38 0
6 38 0
12 44 0
Net_id 1
pin_num 5
22 33 0
17 32 0
31 32 0
18 50 0
15 33 0
Net_id 2
pin_num 5
54 0 0
59 2 0
37 2 0
55 15 0
38 22 0
Net_id 3
pin_num 5
23 57 0
1 59 0
0 39 0
1 36 0
1 20 0
Net_id 4
pin_num 5
55 46 0
59 40 0
57 25 0
51 43 0
37 40 0
Net_id 5
pin_num 5
0 15 0
24 15 0
4 29 0
8 0 0
10 27 0
Net_id 6
pin_num 5
15 1 0
32 1 0
14 1 0
36 0 0
25 18 0
Net_id 7
pin_num 5
9 45 0
0 35 0
7 42 0
23 36 0
6 43 0
Net_id 8
pin_num 5
20 39 0
32 37 0
30 56 0
9 48 0
8 57 0
Net_id 9
pin_num 5
15 36 0
19 50 0
17 38 0
39 41 0
35 41 0
Net_id 10
pin_num 5
26 28 0
35 28 0
29 49 0
42 44 0
35 49 0
Net_id 11
pin_num 5
11 29 0
7 19 0
0 23 0
4 7 0
0 26 0
Net_id 12
pin_num 5
18 32 0
25 32 0
16 36 0
15 34 0
14 34 0
Net_id 13
pin_num 5
57 38 0
49 48 0
23 46 0
43 56 0
39 42 0
Net_id 14
pin_num 5
15 46 0
26 41 0
20 45 0
23 44 0
9 35 0
Net_id 15
pin_num 5
52 1 0
39 0 0
44 13 0
46 13 0
37 5 0
Net_id 16
pin_num 5
54 22 0
55 32 0
52 25 0
59 38 0
42 37 0
Net_id 17
pin_num 5
20 4 0
36 8 0
22 0 0
24 8 0
18 4 0
Net_id 18
pin_num 5
0 14 0
21 14 0
6 8 0
22 8 0
9 10 0
Net_id 19
pin_num 5
44 33 0
49 33 0
49 39 0
48 43 0
39 43 0
Net_id 20
pin_num 4
57 41 0
55 42 0
58 51 0
44 41 0
Net_id 21
pin_num 4
7 52 0
16 51 0
22 59 0
18 56 0
Net_id 22
pin_num 4
55 30 0
59 26 0
45 26 0
54 42 0
Net_id 23
pin_num 4
48 45 0
33 45 0
36 32 0
32 46 0
Net_id 24
pin_num 4
47 25 0
41 27 0
42 50 0
54 43 0
Net_id 25
pin_num 4
17 33 0
21 40 0
2 38 0
9 31 0
Net_id 26
pin_num 4
28 11 0
31 29 0
55 24 0
41 38 0
Net_id 27
pin_num 4
0 9 0
17 16 0
3 13 0
1 10 0
Net_id 28
pin_num 4
53 43 0
52 23 0
53 18 0
59 25 0
Net_id 29
pin_num 4
3 26 0
3 44 0
9 27 0
2 27 0
Net_id 30
pin_num 4
59 7 0
51 5 0
50 0 0
59 8 0
Net_id 31
pin_num 4
43 28 0
36 30 0
37 37 0
24 35 0
Net_id 32
pin_num 4
28 25 0
26 16 0
19 17 0
15 7 0
Net_id 33
pin_num 4
15 47 0
2 47 0
2 55 0
2 46 0
Net_id 34
pin_num 4
2 57 0
3 52 0
17 52 0
0 34 0
Net_id 35
pin_num 4
56 12 0
53 0 0
58 20 0
42 9 0
Net_id 36
pin_num 4
27 3 0
14 0 0
26 3 0
30 7 0
Net_id 37
pin_num 4
6 1 0
3 7 0
22 14 0
20 0 0
Net_id 38
pin_num 4
49 30 0
58 36 0
31 30 0
55 33 0
Net_id 39
pin_num 4
47 11 0
33 11 0
34 2 0
47 0 0
Net_id 40
pin_num 3
44 50 0
59 45 0
58 38 0
Net_id 41
pin_num 3
47 13 0
59 15 0
32 19 0
Net_id 42
pin_num 3
25 15 0
30 11 0
23 14 0
Net_id 43
pin_num 3
20 13 0
37 1 0
23 21 0
Net_id 44
pin_num 3
39 32 0
37 36 0
24 31 0
Net_id 45
pin_num 3
24 44 0
25 31 0
33 33 0
Net_id 46
pin_num 3
4 2 0
8 11 0
2 6 0
Net_id 47
pin_num 3
0 54 0
19 39 0
22 46 0
Net_id 48
pin_num 3
2 53 0
11 55 0
8 28 0
Net_id 49
pin_num 3
49 20 0
52 29 0
37 25 0
Net_id 50
pin_num 3
40 58 0
39 56 0
29 58 0
Net_id 51
pin_num 3
17 58 0
28 58 0
22 51 0
Net_id 52
pin_num 3
58 25 0
44 16 0
51 10 0
Net_id 53
pin_num 3
41 22 0
56 8 0
39 1 0
Net_id 54
pin_num 3
58 44 0
37 38 0
53 59 0
Net_id 55
pin_num 3
39 31 0
28 43 0
1 18 0
Net_id 56
pin_num 3
33 13 0
18 16 0
41 5 0
Net_id 57
pin_num 3
26 12 0
5 16 0
46 14 0
Net_id 58
pin_num 3
20 51 0
16 49 0
13 49 0
Net_id 59
pin_num 3
40 27 0
22 27 0
28 20 0
Net_id 60
pin_num 3
59 1 0
47 12 0
42 6 0
Net_id 61
pin_num 3
12 16 0
2 40 0
13 58 0
Net_id 62
pin_num 3
17 30 0
12 42 0
22 43 0
Net_id 63
pin_num 3
7 11 0
9 18 0
17 6 0
Net_id 64
pin_num 3
55 39 0
47 23 0
49 15 0
Net_id 65
pin_num 3
37 9 0
26 8 0
31 17 0
Net_id 66
pin_num 3
7 46 0
14 42 0
41 58 0
Net_id 67
pin_num 3
44 29 0
40 47 0
48 31 0
Net_id 68
pin_num 3
28 52 0
21 53 0
27 59 0
Net_id 69
pin_num 3
6 5 0
2 12 0
2 41 0
Net_id 70
pin_num 3
46 31 0
40 31 0
42 13 0
Net_id 71
pin_num 3
48 54 0
54 46 0
37 53 0
Net_id 72
pin_num 3
0 51 0
11 42 0
22 45 0
Net_id 73
pin_num 3
17 24 0
30 16 0
35 8 0
Net_id 74
pin_num 3
25 46 0
32 43 0
38 23 0
Net_id 75
pin_num 3
18 35 0
14 40 0
2 22 0
Net_id 76
pin_num 3
1 3 0
6 6 0
17 0 0
Net_id 77
pin_num 3
53 17 0
37 20 0
32 29 0
Net_id 78
pin_num 3
37 59 0
23 50 0
45 27 0
Net_id 79
pin_num 3
20 6 0
34 1 0
14 12 0
Net_id 80
pin_num 3
4 48 0
8 55 0
13 45 0
Net_id 81
pin_num 3
4 53 0
19 52 0
42 58 0
Net_id 82
pin_num 2
18 19 0
30 3 0
Net_id 83
pin_num 2
47 38 0
29 50 0
Net_id 84
pin_num 2
5 32 0
8 27 0
Net_id 85
pin_num 2
18 0 0
23 16 0
Net_id 86
pin_num 2
3 57 0
12 57 0
Net_id 87
pin_num 2
31 47 0
23 47 0
Net_id 88
pin_num 2
51 27 0
52 51 0
Net_id 89
pin_num 2
57 45 0
28 39 0
Net_id 90
pin_num 2
58 39 0
50 52 0
Net_id 91
pin_num 2
55 31 0
48 39 0
Net_id 92
pin_num 2
5 12 0
11 4 0
Net_id 93
pin_num 2
6 2 0
7 12 0
Net_id 94
pin_num 2
11 57 0
3 53 0
Net_id 95
pin_num 2
28 57 0
47 57 0
Net_id 96
pin_num 2
22 17 0
32 32 0
Net_id 97
pin_num 2
16 12 0
39 21 0
Net_id 98
pin_num 2
11 6 0
0 31 0
Net_id 99
pin_num 2
18 48 0
31 39 0
Net_id 100
pin_num 2
0 11 0
10 23 0
Net_id 101
pin_num 2
14 21 0
27 38 0
Net_id 102
pin_num 2
14 55 0
9 49 0
Net_id 103
pin_num 2
40 59 0
57 56 0
Net_id 104
pin_num 2
13 51 0
2 44 0
Net_id 105
pin_num 2
33 30 0
16 38 0
Net_id 106
pin_num 2
54 12 0
45 30 0
Net_id 107
pin_num 2
2 7 0
2 10 0
Net_id 108
pin_num 2
59 37 0
52 22 0
Net_id 109
pin_num 2
13 7 0
7 17 0
Net_id 110
pin_num 2
3 56 0
7 56 0
Net_id 111
pin_num 2
12 2 0
27 7 0
Net_id 112
pin_num 2
52 8 0
49 8 0
Net_id 113
pin_num 2
9 28 0
14 27 0
Net_id 114
pin_num 2
19 28 0
25 26 0
Net_id 115
pin_num 2
55 55 0
57 54 0
Net_id 116
pin_num 2
56 6 0
52 16 0
Net_id 117
pin_num 2
11 19 0
2 16 0
Net_id 118
pin_num 2
41 16 0
31 3 0
Net_id 119
pin_num 2
22 7 0
16 4 0
Net_id 120
pin_num 2
44 5 0
50 7 0
Net_id 121
pin_num 2
58 10 0
37 3 0
Net_id 122
pin_num 2
12 17 0
23 45 0
Net_id 123
pin_num 2
15 0 0
32 16 0
Net_id 124
pin_num 2
29 23 0
55 28 0
Net_id 125
pin_num 2
11 22 0
13 24 0
Net_id 126
pin_num 2
18 28 0
17 57 0
Net_id 127
pin_num 2
32 12 0
36 12 0
Net_id 128
pin_num 2
25 20 0
0 21 0
Net_id 129
pin_num 2
46 58 0
53 56 0
Net_id 130
pin_num 2
29 54 0
6 55 0
Net_id 131
pin_num 2
52 44 0
56 44 0
Net_id 132
pin_num 2
10 40 0
13 38 0
Net_id 133
pin_num 2
23 5 0
17 5 0
Net_id 134
pin_num 2
27 32 0
21 49 0
Net_id 135
pin_num 2
3 50 0
16 55 0
Net_id 136
pin_num 2
6 19 0
18 30 0
Net_id 137
pin_num 2
57 53 0
53 53 0
Net_id 138
pin_num 2
38 9 0
39 18 0
Net_id 139
pin_num 2
46 3 0
57 18 0
Net_id 140
pin_num 2
8 17 0
14 7 0
Net_id 141
pin_num 2
5 33 0
15 40 0
Net_id 142
pin_num 2
45 35 0
34 37 0
Net_id 143
pin_num 2
49 27 0
37 34 0
Net_id 144
pin_num 2
54 54 0
50 36 0
Net_id 145
pin_num 2
54 33 0
49 56 0
Net_id 146
pin_num 2
5 17 0
8 12 0
Net_id 147
pin_num 2
32 42 0
2 48 0
Net_id 148
pin_num 2
31 2 0
39 23 0
Net_id 149
pin_num 2
27 12 0
44 36 0
Net_id 150
pin_num 2
3 24 0
11 24 0
Net_id 151
pin_num 2
53 37 0
34 25 0
Net_id 152
pin_num 2
38 33 0
54 20 0
Net_id 153
pin_num 2
2 8 0
7 10 0
Net_id 154
pin_num 2
1 30 0
5 25 0
Net_id 155
pin_num 2
58 29 0
46 22 0
Net_id 156
pin_num 2
21 22 0
7 5 0
Net_id 157
pin_num 2
45 51 0
40 51 0
Net_id 158
pin_num 2
8 38 0
0 32 0
Net_id 159
pin_num 2
6 0 0
3 6 0
