Width 60
Height 60
Layer 6
Total_WL 6431
Obstacle_num 144
22 7 0 32 8 0
5 49 0 13 50 0
30 11 0 34 12 0
5 44 0 15 45 0
54 9 0 57 10 0
39 29 0 48 30 0
16 42 0 19 43 0
28 36 0 38 37 0
36 23 0 44 24 0
47 58 0 53 59 0
51 43 0 54 44 0
9 29 0 14 30 0
52 10 0 59 11 0
6 30 0 10 31 0
32 42 0 37 43 0
39 47 0 46 48 0
44 57 0 51 58 0
29 52 0 38 53 0
11 22 0 14 23 0
3 6 0 7 7 0
22 13 0 27 14 0
34 13 0 44 14 0
45 43 0 51 44 0
32 30 0 42 31 0
3 25 1 4 35 1
34 0 1 35 8 1
2 52 1 3 56 1
25 39 1 26 47 1
39 13 1 40 19 1
1 8 1 2 11 1
53 3 1 54 8 1
32 41 1 33 47 1
21 10 1 22 17 1
11 6 1 12 14 1
26 6 1 27 15 1
4 25 1 5 29 1
37 36 1 38 44 1
36 50 1 37 53 1
29 8 1 30 13 1
24 32 1 25 39 1
29 4 1 30 8 1
44 15 1 45 23 1
54 40 1 55 45 1
4 3 1 5 8 1
8 22 1 9 31 1
10 9 1 11 13 1
44 3 1 45 11 1
30 41 1 31 44 1
53 3 2 58 4 2
33 53 2 40 54 2
45 30 2 52 31 2
2 43 2 10 44 2
31 28 2 36 29 2
7 0 2 10 1 2
35 33 2 40 34 2
8 23 2 18 24 2
31 31 2 35 32 2
16 0 2 23 1 2
14 40 2 21 41 2
22 57 2 32 58 2
13 43 2 19 44 2
10 49 2 17 50 2
26 52 2 31 53 2
15 53 2 25 54 2
1 30 2 5 31 2
14 10 2 22 11 2
23 43 2 31 44 2
52 22 2 59 23 2
21 15 2 24 16 2
12 26 2 17 27 2
6 28 2 13 29 2
13 31 2 21 32 2
15 30 3 16 38 3
39 42 3 40 45 3
9 44 3 10 49 3
33 22 3 34 32 3
11 19 3 12 29 3
2 19 3 3 25 3
10 7 3 11 14 3
1 11 3 2 14 3
36 28 3 37 31 3
3 42 3 4 52 3
6 1 3 7 8 3
29 52 3 30 56 3
44 17 3 45 22 3
23 9 3 24 12 3
10 49 3 11 56 3
7 8 3 8 16 3
13 4 3 14 12 3
22 51 3 23 59 3
55 31 3 56 34 3
53 50 3 54 56 3
51 14 3 52 23 3
45 0 3 46 6 3
34 16 3 35 25 3
36 48 3 37 55 3
15 10 4 21 11 4
6 0 4 13 1 4
36 15 4 45 16 4
36 11 4 41 12 4
8 30 4 11 31 4
44 32 4 50 33 4
32 6 4 39 7 4
18 39 4 25 40 4
10 3 4 17 4 4
1 20 4 6 21 4
16 23 4 24 24 4
42 38 4 49 39 4
1 16 4 11 17 4
35 10 4 45 11 4
36 35 4 45 36 4
51 10 4 57 11 4
10 39 4 15 40 4
4 31 4 12 32 4
31 21 4 34 22 4
11 2 4 15 3 4
28 57 4 35 58 4
52 45 4 59 46 4
35 5 4 44 6 4
22 32 4 25 33 4
16 47 5 17 53 5
51 28 5 52 38 5
31 0 5 32 4 5
54 8 5 55 12 5
43 31 5 44 35 5
43 19 5 44 23 5
28 39 5 29 43 5
24 41 5 25 48 5
19 0 5 20 6 5
44 22 5 45 28 5
23 54 5 24 57 5
24 52 5 25 59 5
38 25 5 39 29 5
5 20 5 6 30 5
1 13 5 2 18 5
12 8 5 13 13 5
14 8 5 15 12 5
23 22 5 24 29 5
45 44 5 46 51 5
14 47 5 15 56 5
16 14 5 17 18 5
4 36 5 5 43 5
1 21 5 2 30 5
38 44 5 39 47 5
Net_num 155
Net_id 0
pin_num 5
55 20 0
55 15 0
50 0 0
34 10 0
33 4 0
Net_id 1
pin_num 5
7 19 0
5 11 0
0 17 0
0 26 0
2 27 0
Net_id 2
pin_num 5
18 8 0
13 0 0
0 10 0
9 7 0
15 1 0
Net_id 3
pin_num 5
30 16 0
49 17 0
32 9 0
21 9 0
54 16 0
Net_id 4
pin_num 5
9 52 0
13 56 0
25 52 0
34 54 0
22 59 0
Net_id 5
pin_num 5
59 41 0
49 41 0
56 59 0
58 37 0
39 37 0
Net_id 6
pin_num 5
25 26 0
35 26 0
34 48 0
21 33 0
59 42 0
Net_id 7
pin_num 5
16 20 0
21 18 0
0 27 0
6 21 0
7 38 0
Net_id 8
pin_num 5
38 34 0
36 29 0
55 33 0
43 11 0
31 25 0
Net_id 9
pin_num 5
0 21 0
8 35 0
24 24 0
2 28 0
4 14 0
Net_id 10
pin_num 5
40 38 0
47 34 0
45 54 0
47 45 0
48 59 0
Net_id 11
pin_num 5
15 30 0
27 36 0
20 43 0
37 32 0
46 32 0
Net_id 12
pin_num 5
25 1 0
27 4 0
33 8 0
9 8 0
29 3 0
Net_id 13
pin_num 5
7 9 0
1 6 0
6 5 0
13 21 0
22 10 0
Net_id 14
pin_num 5
24 35 0
19 34 0
15 35 0
23 49 0
38 39 0
Net_id 15
pin_num 5
52 24 0
53 8 0
44 22 0
57 0 0
50 34 0
Net_id 16
pin_num 5
41 24 0
37 27 0
37 31 0
44 25 0
26 24 0
Net_id 17
pin_num 5
9 57 0
0 56 0
21 59 0
20 45 0
18 51 0
Net_id 18
pin_num 5
11 13 0
3 16 0
1 26 0
21 15 0
1 20 0
Net_id 19
pin_num 4
13 57 0
1 57 0
6 37 0
19 38 0
Net_id 20
pin_num 4
11 50 0
2 50 0
23 50 0
14 29 0
Net_id 21
pin_num 4
7 28 0
3 12 0
5 1 0
13 12 0
Net_id 22
pin_num 4
32 56 0
40 59 0
0 58 0
4 49 0
Net_id 23
pin_num 4
35 43 0
26 37 0
18 38 0
29 23 0
Net_id 24
pin_num 4
44 35 0
50 35 0
46 42 0
59 25 0
Net_id 25
pin_num 4
4 27 0
13 20 0
10 46 0
1 27 0
Net_id 26
pin_num 4
54 38 0
39 41 0
42 20 0
56 23 0
Net_id 27
pin_num 4
50 2 0
58 7 0
26 2 0
45 0 0
Net_id 28
pin_num 4
58 25 0
52 17 0
53 48 0
59 45 0
Net_id 29
pin_num 4
18 27 0
6 29 0
19 21 0
15 13 0
Net_id 30
pin_num 4
41 56 0
57 56 0
55 55 0
59 44 0
Net_id 31
pin_num 4
42 36 0
52 28 0
51 46 0
59 36 0
Net_id 32
pin_num 4
42 24 0
47 23 0
45 6 0
58 27 0
Net_id 33
pin_num 4
0 50 0
4 53 0
4 32 0
21 34 0
Net_id 34
pin_num 4
1 46 0
1 47 0
1 28 0
0 52 0
Net_id 35
pin_num 4
25 17 0
33 9 0
23 0 0
32 0 0
Net_id 36
pin_num 4
47 52 0
36 58 0
37 51 0
59 56 0
Net_id 37
pin_num 4
5 41 0
9 40 0
31 40 0
39 39 0
Net_id 38
pin_num 4
34 38 0
47 32 0
45 55 0
40 43 0
Net_id 39
pin_num 3
43 30 0
55 31 0
45 25 0
Net_id 40
pin_num 3
14 31 0
16 22 0
0 30 0
Net_id 41
pin_num 3
2 20 0
12 19 0
5 35 0
Net_id 42
pin_num 3
34 29 0
37 17 0
33 1 0
Net_id 43
pin_num 3
4 33 0
22 26 0
44 27 0
Net_id 44
pin_num 3
54 53 0
57 44 0
24 46 0
Net_id 45
pin_num 3
15 5 0
30 0 0
1 4 0
Net_id 46
pin_num 3
20 12 0
2 13 0
14 16 0
Net_id 47
pin_num 3
38 41 0
11 38 0
57 49 0
Net_id 48
pin_num 3
14 46 0
9 37 0
5 48 0
Net_id 49
pin_num 3
52 20 0
46 17 0
51 34 0
Net_id 50
pin_num 3
38 19 0
30 19 0
51 47 0
Net_id 51
pin_num 3
9 55 0
12 37 0
14 28 0
Net_id 52
pin_num 3
20 36 0
26 31 0
46 25 0
Net_id 53
pin_num 3
11 26 0
22 22 0
26 19 0
Net_id 54
pin_num 3
0 49 0
17 55 0
25 53 0
Net_id 55
pin_num 3
14 3 0
17 13 0
20 2 0
Net_id 56
pin_num 3
24 48 0
15 48 0
29 51 0
Net_id 57
pin_num 3
18 28 0
10 19 0
18 3 0
Net_id 58
pin_num 3
50 52 0
52 46 0
57 51 0
Net_id 59
pin_num 3
36 0 0
34 11 0
0 11 0
Net_id 60
pin_num 3
18 49 0
13 50 0
13 34 0
Net_id 61
pin_num 3
58 43 0
43 53 0
35 50 0
Net_id 62
pin_num 3
9 34 0
1 22 0
4 55 0
Net_id 63
pin_num 3
44 23 0
48 53 0
12 48 0
Net_id 64
pin_num 3
38 50 0
40 45 0
30 58 0
Net_id 65
pin_num 3
30 13 0
14 7 0
19 36 0
Net_id 66
pin_num 3
55 16 0
57 29 0
38 29 0
Net_id 67
pin_num 3
28 11 0
22 2 0
1 19 0
Net_id 68
pin_num 3
50 9 0
38 18 0
42 5 0
Net_id 69
pin_num 3
45 40 0
39 56 0
32 31 0
Net_id 70
pin_num 3
44 0 0
33 13 0
40 15 0
Net_id 71
pin_num 3
51 9 0
54 15 0
24 14 0
Net_id 72
pin_num 3
36 20 0
15 29 0
17 16 0
Net_id 73
pin_num 3
22 46 0
27 38 0
23 55 0
Net_id 74
pin_num 3
54 58 0
59 39 0
41 59 0
Net_id 75
pin_num 3
59 6 0
53 6 0
56 17 0
Net_id 76
pin_num 3
39 7 0
29 0 0
37 44 0
Net_id 77
pin_num 3
15 59 0
6 36 0
0 33 0
Net_id 78
pin_num 3
49 42 0
59 47 0
48 19 0
Net_id 79
pin_num 2
49 8 0
52 7 0
Net_id 80
pin_num 2
52 0 0
50 26 0
Net_id 81
pin_num 2
32 28 0
22 39 0
Net_id 82
pin_num 2
26 4 0
16 13 0
Net_id 83
pin_num 2
28 59 0
25 54 0
Net_id 84
pin_num 2
24 55 0
29 44 0
Net_id 85
pin_num 2
47 49 0
36 57 0
Net_id 86
pin_num 2
8 36 0
11 35 0
Net_id 87
pin_num 2
46 8 0
35 8 0
Net_id 88
pin_num 2
22 27 0
46 31 0
Net_id 89
pin_num 2
37 43 0
42 53 0
Net_id 90
pin_num 2
10 18 0
6 26 0
Net_id 91
pin_num 2
59 28 0
56 38 0
Net_id 92
pin_num 2
41 31 0
35 15 0
Net_id 93
pin_num 2
37 11 0
52 26 0
Net_id 94
pin_num 2
51 54 0
31 51 0
Net_id 95
pin_num 2
26 49 0
31 49 0
Net_id 96
pin_num 2
2 23 0
9 25 0
Net_id 97
pin_num 2
52 36 0
59 40 0
Net_id 98
pin_num 2
1 16 0
9 16 0
Net_id 99
pin_num 2
46 59 0
59 54 0
Net_id 100
pin_num 2
41 6 0
43 9 0
Net_id 101
pin_num 2
17 22 0
25 47 0
Net_id 102
pin_num 2
24 23 0
21 27 0
Net_id 103
pin_num 2
53 11 0
58 26 0
Net_id 104
pin_num 2
44 3 0
25 2 0
Net_id 105
pin_num 2
56 30 0
49 0 0
Net_id 106
pin_num 2
59 3 0
52 3 0
Net_id 107
pin_num 2
59 5 0
14 0 0
Net_id 108
pin_num 2
53 26 0
55 50 0
Net_id 109
pin_num 2
1 36 0
20 19 0
Net_id 110
pin_num 2
10 34 0
17 2 0
Net_id 111
pin_num 2
28 56 0
32 53 0
Net_id 112
pin_num 2
46 45 0
21 55 0
Net_id 113
pin_num 2
3 1 0
15 14 0
Net_id 114
pin_num 2
26 45 0
32 58 0
Net_id 115
pin_num 2
43 57 0
39 57 0
Net_id 116
pin_num 2
47 1 0
43 1 0
Net_id 117
pin_num 2
42 44 0
46 48 0
Net_id 118
pin_num 2
9 28 0
23 22 0
Net_id 119
pin_num 2
48 44 0
53 57 0
Net_id 120
pin_num 2
15 54 0
0 55 0
Net_id 121
pin_num 2
52 54 0
57 55 0
Net_id 122
pin_num 2
22 6 0
40 7 0
Net_id 123
pin_num 2
38 21 0
48 1 0
Net_id 124
pin_num 2
22 43 0
20 20 0
Net_id 125
pin_num 2
52 27 0
31 37 0
Net_id 126
pin_num 2
1 42 0
15 27 0
Net_id 127
pin_num 2
3 45 0
2 47 0
Net_id 128
pin_num 2
17 56 0
10 57 0
Net_id 129
pin_num 2
40 36 0
37 46 0
Net_id 130
pin_num 2
1 38 0
15 46 0
Net_id 131
pin_num 2
41 14 0
49 7 0
Net_id 132
pin_num 2
37 49 0
32 47 0
Net_id 133
pin_num 2
22 44 0
17 44 0
Net_id 134
pin_num 2
25 23 0
41 19 0
Net_id 135
pin_num 2
15 9 0
40 1 0
Net_id 136
pin_num 2
0 41 0
7 47 0
Net_id 137
pin_num 2
54 13 0
56 7 0
Net_id 138
pin_num 2
0 29 0
11 32 0
Net_id 139
pin_num 2
8 25 0
1 23 0
Net_id 140
pin_num 2
8 2 0
2 11 0
Net_id 141
pin_num 2
39 18 0
46 12 0
Net_id 142
pin_num 2
7 48 0
5 53 0
Net_id 143
pin_num 2
21 57 0
35 55 0
Net_id 144
pin_num 2
23 54 0
21 47 0
Net_id 145
pin_num 2
29 18 0
19 6 0
Net_id 146
pin_num 2
25 31 0
46 3 0
Net_id 147
pin_num 2
54 51 0
50 47 0
Net_id 148
pin_num 2
12 55 0
21 58 0
Net_id 149
pin_num 2
31 12 0
16 32 0
Net_id 150
pin_num 2
0 9 0
6 1 0
Net_id 151
pin_num 2
47 6 0
39 26 0
Net_id 152
pin_num 2
3 32 0
9 42 0
Net_id 153
pin_num 2
27 18 0
15 32 0
Net_id 154
pin_num 2
5 5 0
0 16 0
