Width 60
Height 60
Layer 6
Total_WL 6933
Obstacle_num 144
13 33 0 19 34 0
49 47 0 55 48 0
15 54 0 25 55 0
49 35 0 53 36 0
44 29 0 51 30 0
27 54 0 35 55 0
13 45 0 16 46 0
44 34 0 50 35 0
15 49 0 25 50 0
39 11 0 48 12 0
35 53 0 39 54 0
38 23 0 47 24 0
30 18 0 40 19 0
28 29 0 31 30 0
18 24 0 22 25 0
39 14 0 42 15 0
22 41 0 29 42 0
47 46 0 53 47 0
46 13 0 55 14 0
31 43 0 41 44 0
16 55 0 20 56 0
20 13 0 23 14 0
35 51 0 44 52 0
14 48 0 22 49 0
4 29 1 5 37 1
31 4 1 32 12 1
10 16 1 11 23 1
13 11 1 14 19 1
37 34 1 38 42 1
7 27 1 8 32 1
25 6 1 26 11 1
41 22 1 42 27 1
28 32 1 29 41 1
54 20 1 55 30 1
17 35 1 18 45 1
25 51 1 26 58 1
56 50 1 57 58 1
26 19 1 27 27 1
29 0 1 30 7 1
18 8 1 19 17 1
21 41 1 22 47 1
6 11 1 7 19 1
30 18 1 31 22 1
41 49 1 42 52 1
50 23 1 51 32 1
30 49 1 31 55 1
46 48 1 47 51 1
54 11 1 55 15 1
51 8 2 56 9 2
15 20 2 25 21 2
50 18 2 58 19 2
45 12 2 51 13 2
30 3 2 37 4 2
44 30 2 54 31 2
17 37 2 20 38 2
0 46 2 8 47 2
3 21 2 6 22 2
48 54 2 55 55 2
4 0 2 14 1 2
17 21 2 22 22 2
43 56 2 53 57 2
5 28 2 11 29 2
53 0 2 57 1 2
55 39 2 58 40 2
1 56 2 4 57 2
34 24 2 43 25 2
35 41 2 43 42 2
3 45 2 13 46 2
16 55 2 21 56 2
2 32 2 11 33 2
16 13 2 26 14 2
1 19 2 10 20 2
7 4 3 8 11 3
50 31 3 51 41 3
28 44 3 29 48 3
8 27 3 9 34 3
13 30 3 14 40 3
44 34 3 45 38 3
20 28 3 21 31 3
4 29 3 5 39 3
42 9 3 43 19 3
29 38 3 30 47 3
57 15 3 58 21 3
0 44 3 1 51 3
6 55 3 7 59 3
51 0 3 52 5 3
26 25 3 27 30 3
54 50 3 55 59 3
34 19 3 35 26 3
21 21 3 22 30 3
41 30 3 42 34 3
35 34 3 36 41 3
47 3 3 48 13 3
57 31 3 58 41 3
8 17 3 9 23 3
19 21 3 20 26 3
9 31 4 14 32 4
18 10 4 24 11 4
11 9 4 16 10 4
39 43 4 44 44 4
9 56 4 16 57 4
37 29 4 46 30 4
11 32 4 19 33 4
20 44 4 26 45 4
28 4 4 36 5 4
7 38 4 14 39 4
16 24 4 23 25 4
5 25 4 11 26 4
22 19 4 31 20 4
38 12 4 41 13 4
16 41 4 20 42 4
32 11 4 39 12 4
32 52 4 37 53 4
18 7 4 23 8 4
7 53 4 15 54 4
24 14 4 34 15 4
33 49 4 36 50 4
43 57 4 50 58 4
9 36 4 13 37 4
4 43 4 13 44 4
16 11 5 17 16 5
5 46 5 6 55 5
11 21 5 12 28 5
33 53 5 34 56 5
3 20 5 4 29 5
36 43 5 37 50 5
6 44 5 7 51 5
8 30 5 9 38 5
6 9 5 7 17 5
23 40 5 24 46 5
14 30 5 15 39 5
18 0 5 19 3 5
54 39 5 55 44 5
52 0 5 53 7 5
12 35 5 13 38 5
3 3 5 4 10 5
32 52 5 33 58 5
39 18 5 40 21 5
39 25 5 40 28 5
23 14 5 24 24 5
38 27 5 39 36 5
40 35 5 41 38 5
42 8 5 43 17 5
1 47 5 2 53 5
Net_num 161
Net_id 0
pin_num 5
49 52 0
47 59 0
33 53 0
38 34 0
37 59 0
Net_id 1
pin_num 5
4 42 0
11 48 0
10 51 0
3 38 0
0 59 0
Net_id 2
pin_num 5
57 31 0
59 20 0
57 51 0
38 27 0
57 21 0
Net_id 3
pin_num 5
29 5 0
22 8 0
45 8 0
38 2 0
31 0 0
Net_id 4
pin_num 5
24 58 0
30 48 0
25 50 0
13 48 0
28 52 0
Net_id 5
pin_num 5
27 31 0
19 27 0
7 29 0
8 11 0
12 28 0
Net_id 6
pin_num 5
37 30 0
45 40 0
44 26 0
45 17 0
55 33 0
Net_id 7
pin_num 5
3 39 0
9 39 0
4 41 0
3 47 0
2 20 0
Net_id 8
pin_num 5
35 30 0
27 39 0
33 38 0
34 40 0
27 21 0
Net_id 9
pin_num 5
25 26 0
15 31 0
23 47 0
43 46 0
17 30 0
Net_id 10
pin_num 5
45 43 0
52 48 0
53 59 0
53 51 0
52 36 0
Net_id 11
pin_num 5
2 24 0
1 27 0
15 24 0
1 31 0
0 33 0
Net_id 12
pin_num 5
50 12 0
58 18 0
34 16 0
57 52 0
51 9 0
Net_id 13
pin_num 5
42 5 0
46 10 0
59 10 0
57 1 0
58 23 0
Net_id 14
pin_num 5
51 40 0
46 51 0
31 46 0
46 18 0
59 27 0
Net_id 15
pin_num 5
40 17 0
47 23 0
46 16 0
58 30 0
45 37 0
Net_id 16
pin_num 5
59 6 0
50 14 0
38 11 0
52 22 0
55 13 0
Net_id 17
pin_num 5
3 30 0
15 32 0
15 47 0
5 50 0
0 24 0
Net_id 18
pin_num 5
19 52 0
2 48 0
25 49 0
25 36 0
0 38 0
Net_id 19
pin_num 5
41 48 0
34 48 0
37 52 0
40 37 0
17 42 0
Net_id 20
pin_num 4
51 28 0
47 27 0
33 28 0
42 4 0
Net_id 21
pin_num 4
34 55 0
40 56 0
55 56 0
58 59 0
Net_id 22
pin_num 4
52 43 0
56 46 0
59 53 0
57 57 0
Net_id 23
pin_num 4
8 27 0
2 29 0
1 44 0
16 37 0
Net_id 24
pin_num 4
39 30 0
41 32 0
59 34 0
47 50 0
Net_id 25
pin_num 4
1 3 0
12 7 0
14 0 0
1 0 0
Net_id 26
pin_num 4
9 33 0
20 28 0
15 21 0
29 28 0
Net_id 27
pin_num 4
36 24 0
40 25 0
40 10 0
25 15 0
Net_id 28
pin_num 4
42 58 0
49 55 0
52 34 0
59 56 0
Net_id 29
pin_num 4
34 57 0
42 52 0
45 55 0
43 59 0
Net_id 30
pin_num 4
49 4 0
43 4 0
40 9 0
48 18 0
Net_id 31
pin_num 4
49 18 0
59 15 0
57 0 0
50 15 0
Net_id 32
pin_num 4
30 43 0
18 35 0
26 52 0
45 47 0
Net_id 33
pin_num 4
24 36 0
8 36 0
11 23 0
1 23 0
Net_id 34
pin_num 4
34 46 0
44 38 0
44 54 0
50 54 0
Net_id 35
pin_num 4
58 9 0
44 7 0
53 15 0
51 6 0
Net_id 36
pin_num 4
12 44 0
2 44 0
24 44 0
18 53 0
Net_id 37
pin_num 4
10 40 0
6 42 0
8 34 0
0 34 0
Net_id 38
pin_num 4
55 40 0
53 25 0
59 42 0
36 39 0
Net_id 39
pin_num 4
0 14 0
17 14 0
19 34 0
12 19 0
Net_id 40
pin_num 3
8 59 0
1 55 0
18 56 0
Net_id 41
pin_num 3
21 27 0
24 30 0
23 21 0
Net_id 42
pin_num 3
20 1 0
26 9 0
41 18 0
Net_id 43
pin_num 3
24 39 0
8 41 0
8 58 0
Net_id 44
pin_num 3
59 50 0
53 53 0
49 57 0
Net_id 45
pin_num 3
16 50 0
9 35 0
11 28 0
Net_id 46
pin_num 3
35 2 0
35 1 0
56 3 0
Net_id 47
pin_num 3
18 45 0
31 52 0
29 44 0
Net_id 48
pin_num 3
39 3 0
59 2 0
36 1 0
Net_id 49
pin_num 3
35 20 0
59 18 0
43 40 0
Net_id 50
pin_num 3
19 37 0
30 35 0
19 38 0
Net_id 51
pin_num 3
49 16 0
58 24 0
58 0 0
Net_id 52
pin_num 3
42 43 0
57 34 0
58 55 0
Net_id 53
pin_num 3
52 31 0
59 4 0
47 24 0
Net_id 54
pin_num 3
29 38 0
1 52 0
29 41 0
Net_id 55
pin_num 3
54 29 0
43 19 0
32 28 0
Net_id 56
pin_num 3
59 57 0
43 41 0
51 49 0
Net_id 57
pin_num 3
53 8 0
44 24 0
38 9 0
Net_id 58
pin_num 3
3 25 0
10 30 0
3 7 0
Net_id 59
pin_num 3
45 45 0
59 54 0
58 25 0
Net_id 60
pin_num 3
17 45 0
20 56 0
4 55 0
Net_id 61
pin_num 3
58 14 0
49 31 0
56 44 0
Net_id 62
pin_num 3
20 10 0
5 10 0
21 10 0
Net_id 63
pin_num 3
45 15 0
49 10 0
32 15 0
Net_id 64
pin_num 3
31 12 0
28 30 0
35 54 0
Net_id 65
pin_num 3
23 34 0
26 30 0
41 33 0
Net_id 66
pin_num 3
54 6 0
46 2 0
39 10 0
Net_id 67
pin_num 3
58 47 0
53 48 0
34 51 0
Net_id 68
pin_num 3
4 16 0
14 8 0
2 2 0
Net_id 69
pin_num 3
25 52 0
16 53 0
31 59 0
Net_id 70
pin_num 3
42 14 0
52 19 0
20 17 0
Net_id 71
pin_num 3
23 19 0
39 21 0
31 17 0
Net_id 72
pin_num 3
36 2 0
35 9 0
12 6 0
Net_id 73
pin_num 3
28 39 0
34 39 0
17 12 0
Net_id 74
pin_num 3
21 33 0
23 56 0
12 59 0
Net_id 75
pin_num 3
3 1 0
14 11 0
24 2 0
Net_id 76
pin_num 3
19 21 0
34 27 0
31 36 0
Net_id 77
pin_num 3
52 40 0
51 50 0
58 33 0
Net_id 78
pin_num 3
58 17 0
49 25 0
56 33 0
Net_id 79
pin_num 3
46 22 0
23 23 0
44 13 0
Net_id 80
pin_num 3
23 45 0
32 55 0
48 38 0
Net_id 81
pin_num 2
5 35 0
13 22 0
Net_id 82
pin_num 2
59 7 0
52 15 0
Net_id 83
pin_num 2
50 21 0
34 14 0
Net_id 84
pin_num 2
14 49 0
5 49 0
Net_id 85
pin_num 2
28 13 0
50 4 0
Net_id 86
pin_num 2
45 9 0
59 0 0
Net_id 87
pin_num 2
40 38 0
50 17 0
Net_id 88
pin_num 2
36 52 0
34 58 0
Net_id 89
pin_num 2
13 46 0
30 37 0
Net_id 90
pin_num 2
11 42 0
2 46 0
Net_id 91
pin_num 2
12 3 0
1 45 0
Net_id 92
pin_num 2
18 20 0
21 34 0
Net_id 93
pin_num 2
47 6 0
30 1 0
Net_id 94
pin_num 2
33 46 0
30 28 0
Net_id 95
pin_num 2
42 54 0
33 57 0
Net_id 96
pin_num 2
16 59 0
24 51 0
Net_id 97
pin_num 2
22 15 0
27 11 0
Net_id 98
pin_num 2
53 23 0
43 12 0
Net_id 99
pin_num 2
25 18 0
29 17 0
Net_id 100
pin_num 2
15 17 0
3 26 0
Net_id 101
pin_num 2
23 22 0
15 22 0
Net_id 102
pin_num 2
12 30 0
10 38 0
Net_id 103
pin_num 2
26 3 0
28 6 0
Net_id 104
pin_num 2
45 16 0
33 10 0
Net_id 105
pin_num 2
41 5 0
29 16 0
Net_id 106
pin_num 2
15 11 0
25 20 0
Net_id 107
pin_num 2
14 55 0
20 59 0
Net_id 108
pin_num 2
57 35 0
38 38 0
Net_id 109
pin_num 2
17 41 0
11 50 0
Net_id 110
pin_num 2
34 35 0
39 29 0
Net_id 111
pin_num 2
0 7 0
14 5 0
Net_id 112
pin_num 2
56 37 0
53 50 0
Net_id 113
pin_num 2
27 4 0
42 1 0
Net_id 114
pin_num 2
10 20 0
16 17 0
Net_id 115
pin_num 2
28 46 0
34 45 0
Net_id 116
pin_num 2
42 24 0
51 34 0
Net_id 117
pin_num 2
13 25 0
22 24 0
Net_id 118
pin_num 2
6 11 0
2 0 0
Net_id 119
pin_num 2
25 4 0
0 10 0
Net_id 120
pin_num 2
56 19 0
48 2 0
Net_id 121
pin_num 2
17 25 0
28 15 0
Net_id 122
pin_num 2
40 32 0
15 34 0
Net_id 123
pin_num 2
0 11 0
17 9 0
Net_id 124
pin_num 2
4 36 0
22 53 0
Net_id 125
pin_num 2
11 47 0
1 57 0
Net_id 126
pin_num 2
1 28 0
7 17 0
Net_id 127
pin_num 2
3 37 0
16 30 0
Net_id 128
pin_num 2
48 24 0
58 27 0
Net_id 129
pin_num 2
21 59 0
36 45 0
Net_id 130
pin_num 2
9 31 0
7 38 0
Net_id 131
pin_num 2
14 16 0
21 16 0
Net_id 132
pin_num 2
27 14 0
35 25 0
Net_id 133
pin_num 2
13 30 0
18 5 0
Net_id 134
pin_num 2
14 27 0
18 31 0
Net_id 135
pin_num 2
2 18 0
22 14 0
Net_id 136
pin_num 2
19 50 0
27 53 0
Net_id 137
pin_num 2
17 0 0
15 2 0
Net_id 138
pin_num 2
58 43 0
56 43 0
Net_id 139
pin_num 2
9 57 0
19 47 0
Net_id 140
pin_num 2
4 26 0
14 21 0
Net_id 141
pin_num 2
44 36 0
29 10 0
Net_id 142
pin_num 2
9 1 0
7 11 0
Net_id 143
pin_num 2
46 41 0
51 41 0
Net_id 144
pin_num 2
50 53 0
49 48 0
Net_id 145
pin_num 2
36 10 0
41 10 0
Net_id 146
pin_num 2
23 7 0
14 6 0
Net_id 147
pin_num 2
25 54 0
2 45 0
Net_id 148
pin_num 2
21 6 0
7 20 0
Net_id 149
pin_num 2
29 3 0
55 25 0
Net_id 150
pin_num 2
14 37 0
29 27 0
Net_id 151
pin_num 2
24 46 0
27 47 0
Net_id 152
pin_num 2
42 29 0
33 35 0
Net_id 153
pin_num 2
6 5 0
20 18 0
Net_id 154
pin_num 2
48 36 0
59 44 0
Net_id 155
pin_num 2
16 13 0
19 8 0
Net_id 156
pin_num 2
27 44 0
33 12 0
Net_id 157
pin_num 2
36 23 0
18 17 0
Net_id 158
pin_num 2
40 26 0
27 36 0
Net_id 159
pin_num 2
44 48 0
35 56 0
Net_id 160
pin_num 2
19 58 0
41 47 0
