Width 60
Height 60
Layer 6
Total_WL 6784
Obstacle_num 144
27 15 0 35 16 0
10 44 0 20 45 0
55 15 0 59 16 0
19 2 0 29 3 0
1 58 0 11 59 0
42 23 0 52 24 0
17 40 0 26 41 0
25 1 0 34 2 0
49 40 0 57 41 0
14 38 0 22 39 0
48 45 0 55 46 0
12 13 0 21 14 0
6 6 0 11 7 0
33 56 0 38 57 0
23 58 0 27 59 0
27 45 0 34 46 0
11 16 0 19 17 0
32 33 0 40 34 0
31 17 0 39 18 0
23 23 0 30 24 0
15 49 0 25 50 0
11 26 0 20 27 0
35 40 0 45 41 0
29 9 0 36 10 0
30 42 1 31 48 1
40 41 1 41 47 1
1 3 1 2 11 1
42 28 1 43 37 1
37 27 1 38 35 1
4 23 1 5 31 1
12 27 1 13 33 1
18 1 1 19 4 1
46 16 1 47 24 1
10 49 1 11 58 1
27 28 1 28 36 1
18 33 1 19 43 1
6 35 1 7 42 1
50 18 1 51 23 1
38 45 1 39 50 1
27 17 1 28 24 1
7 43 1 8 47 1
5 52 1 6 59 1
48 10 1 49 14 1
49 0 1 50 7 1
21 20 1 22 27 1
21 14 1 22 18 1
1 42 1 2 47 1
47 6 1 48 12 1
15 48 2 20 49 2
55 43 2 58 44 2
0 23 2 9 24 2
18 5 2 27 6 2
2 52 2 10 53 2
54 9 2 58 10 2
51 48 2 55 49 2
26 23 2 35 24 2
42 28 2 48 29 2
7 50 2 14 51 2
35 6 2 45 7 2
7 29 2 10 30 2
29 53 2 35 54 2
35 50 2 40 51 2
14 21 2 22 22 2
11 28 2 15 29 2
9 53 2 17 54 2
50 12 2 53 13 2
16 22 2 23 23 2
28 18 2 38 19 2
49 8 2 59 9 2
46 13 2 54 14 2
2 5 2 10 6 2
0 44 2 10 45 2
50 18 3 51 23 3
10 9 3 11 12 3
30 28 3 31 32 3
37 22 3 38 27 3
7 24 3 8 33 3
58 29 3 59 39 3
36 43 3 37 47 3
35 50 3 36 59 3
12 42 3 13 47 3
13 20 3 14 23 3
19 46 3 20 52 3
22 37 3 23 44 3
20 8 3 21 12 3
9 31 3 10 39 3
1 24 3 2 30 3
16 13 3 17 22 3
29 6 3 30 12 3
21 48 3 22 57 3
43 18 3 44 21 3
33 3 3 34 8 3
46 1 3 47 4 3
45 37 3 46 40 3
56 9 3 57 14 3
43 34 3 44 44 3
28 14 4 36 15 4
50 32 4 57 33 4
5 4 4 9 5 4
20 41 4 30 42 4
19 30 4 24 31 4
26 22 4 34 23 4
49 2 4 59 3 4
41 58 4 47 59 4
38 35 4 45 36 4
30 51 4 33 52 4
1 55 4 9 56 4
49 18 4 57 19 4
37 42 4 42 43 4
30 50 4 39 51 4
16 34 4 21 35 4
42 8 4 51 9 4
36 28 4 40 29 4
33 34 4 36 35 4
32 9 4 37 10 4
38 2 4 42 3 4
14 23 4 23 24 4
24 12 4 27 13 4
42 43 4 51 44 4
4 25 4 14 26 4
7 33 5 8 40 5
26 39 5 27 49 5
4 47 5 5 52 5
19 41 5 20 51 5
36 17 5 37 23 5
42 48 5 43 52 5
51 39 5 52 45 5
25 36 5 26 46 5
4 11 5 5 19 5
49 44 5 50 51 5
16 31 5 17 40 5
5 5 5 6 15 5
7 3 5 8 9 5
25 25 5 26 35 5
14 48 5 15 54 5
39 43 5 40 50 5
50 46 5 51 50 5
8 15 5 9 24 5
43 15 5 44 25 5
5 25 5 6 31 5
27 48 5 28 52 5
19 5 5 20 15 5
11 33 5 12 38 5
45 33 5 46 43 5
Net_num 155
Net_id 0
pin_num 5
27 38 0
37 47 0
29 24 0
18 24 0
35 34 0
Net_id 1
pin_num 5
48 13 0
49 15 0
49 34 0
59 0 0
54 7 0
Net_id 2
pin_num 5
42 33 0
52 23 0
17 24 0
25 38 0
8 32 0
Net_id 3
pin_num 5
0 29 0
6 20 0
10 14 0
7 29 0
10 5 0
Net_id 4
pin_num 5
59 14 0
48 14 0
25 14 0
51 0 0
56 30 0
Net_id 5
pin_num 5
42 41 0
36 44 0
30 35 0
33 46 0
34 28 0
Net_id 6
pin_num 5
25 36 0
18 36 0
41 36 0
19 57 0
28 57 0
Net_id 7
pin_num 5
29 11 0
34 8 0
45 8 0
22 10 0
34 0 0
Net_id 8
pin_num 5
47 52 0
48 59 0
36 57 0
40 35 0
53 56 0
Net_id 9
pin_num 5
2 50 0
3 47 0
23 50 0
2 36 0
9 47 0
Net_id 10
pin_num 5
34 12 0
26 15 0
28 0 0
50 11 0
28 25 0
Net_id 11
pin_num 5
50 25 0
54 27 0
54 15 0
50 15 0
53 12 0
Net_id 12
pin_num 5
54 2 0
52 9 0
47 2 0
29 3 0
58 0 0
Net_id 13
pin_num 5
45 0 0
47 15 0
50 6 0
48 31 0
38 5 0
Net_id 14
pin_num 5
36 22 0
30 26 0
41 11 0
24 16 0
19 5 0
Net_id 15
pin_num 5
55 34 0
50 33 0
51 42 0
39 39 0
24 37 0
Net_id 16
pin_num 5
3 55 0
0 56 0
2 59 0
12 57 0
27 59 0
Net_id 17
pin_num 5
27 26 0
16 24 0
47 24 0
35 28 0
7 25 0
Net_id 18
pin_num 5
9 8 0
20 8 0
15 4 0
15 17 0
1 14 0
Net_id 19
pin_num 5
46 18 0
55 18 0
49 12 0
58 29 0
58 52 0
Net_id 20
pin_num 4
47 44 0
40 44 0
43 55 0
43 59 0
Net_id 21
pin_num 4
52 51 0
48 41 0
38 43 0
44 26 0
Net_id 22
pin_num 4
27 39 0
12 39 0
26 59 0
43 42 0
Net_id 23
pin_num 4
45 51 0
48 44 0
42 50 0
54 47 0
Net_id 24
pin_num 4
10 16 0
7 19 0
0 22 0
0 5 0
Net_id 25
pin_num 4
57 54 0
54 57 0
59 46 0
57 45 0
Net_id 26
pin_num 4
22 6 0
41 4 0
37 1 0
59 26 0
Net_id 27
pin_num 4
54 46 0
57 40 0
49 51 0
40 50 0
Net_id 28
pin_num 4
43 6 0
51 19 0
59 27 0
49 35 0
Net_id 29
pin_num 4
7 1 0
2 1 0
2 8 0
0 24 0
Net_id 30
pin_num 4
49 29 0
57 23 0
48 22 0
45 13 0
Net_id 31
pin_num 4
17 29 0
9 20 0
16 27 0
15 30 0
Net_id 32
pin_num 4
13 37 0
22 34 0
28 26 0
0 37 0
Net_id 33
pin_num 4
56 32 0
40 32 0
45 22 0
50 28 0
Net_id 34
pin_num 4
49 58 0
55 58 0
54 43 0
49 52 0
Net_id 35
pin_num 4
6 45 0
5 44 0
2 54 0
13 30 0
Net_id 36
pin_num 4
56 50 0
41 38 0
47 31 0
25 45 0
Net_id 37
pin_num 4
47 10 0
58 3 0
17 2 0
45 18 0
Net_id 38
pin_num 4
33 50 0
28 40 0
10 40 0
34 59 0
Net_id 39
pin_num 4
30 49 0
40 48 0
33 57 0
32 28 0
Net_id 40
pin_num 3
27 46 0
31 38 0
56 47 0
Net_id 41
pin_num 3
33 53 0
31 48 0
2 51 0
Net_id 42
pin_num 3
57 49 0
51 43 0
53 30 0
Net_id 43
pin_num 3
28 29 0
59 33 0
18 18 0
Net_id 44
pin_num 3
19 56 0
35 59 0
34 46 0
Net_id 45
pin_num 3
41 49 0
36 51 0
18 52 0
Net_id 46
pin_num 3
28 17 0
24 0 0
13 0 0
Net_id 47
pin_num 3
56 20 0
54 36 0
57 7 0
Net_id 48
pin_num 3
39 16 0
36 1 0
9 9 0
Net_id 49
pin_num 3
28 31 0
39 34 0
22 32 0
Net_id 50
pin_num 3
43 15 0
43 12 0
27 27 0
Net_id 51
pin_num 3
13 4 0
4 0 0
5 22 0
Net_id 52
pin_num 3
21 6 0
27 3 0
31 16 0
Net_id 53
pin_num 3
51 57 0
45 55 0
0 43 0
Net_id 54
pin_num 3
0 40 0
7 39 0
3 56 0
Net_id 55
pin_num 3
46 56 0
59 45 0
59 36 0
Net_id 56
pin_num 3
49 5 0
38 1 0
38 34 0
Net_id 57
pin_num 3
21 7 0
6 2 0
14 15 0
Net_id 58
pin_num 3
13 58 0
19 58 0
32 26 0
Net_id 59
pin_num 3
5 52 0
20 43 0
42 1 0
Net_id 60
pin_num 3
1 31 0
7 31 0
21 34 0
Net_id 61
pin_num 3
44 7 0
52 7 0
58 5 0
Net_id 62
pin_num 3
20 47 0
7 59 0
1 53 0
Net_id 63
pin_num 3
54 28 0
56 7 0
57 30 0
Net_id 64
pin_num 3
15 45 0
21 45 0
17 53 0
Net_id 65
pin_num 3
32 47 0
36 48 0
22 48 0
Net_id 66
pin_num 3
33 35 0
31 26 0
17 59 0
Net_id 67
pin_num 3
14 5 0
20 4 0
0 25 0
Net_id 68
pin_num 3
14 43 0
6 46 0
27 58 0
Net_id 69
pin_num 3
54 51 0
41 54 0
40 53 0
Net_id 70
pin_num 3
29 41 0
20 25 0
43 36 0
Net_id 71
pin_num 3
51 1 0
35 0 0
35 30 0
Net_id 72
pin_num 3
14 2 0
1 11 0
0 26 0
Net_id 73
pin_num 3
44 56 0
38 59 0
42 48 0
Net_id 74
pin_num 3
52 22 0
51 10 0
22 21 0
Net_id 75
pin_num 3
3 22 0
1 34 0
13 12 0
Net_id 76
pin_num 3
5 14 0
22 23 0
21 15 0
Net_id 77
pin_num 2
56 12 0
51 20 0
Net_id 78
pin_num 2
44 28 0
34 58 0
Net_id 79
pin_num 2
6 52 0
16 40 0
Net_id 80
pin_num 2
51 27 0
32 22 0
Net_id 81
pin_num 2
5 46 0
6 28 0
Net_id 82
pin_num 2
33 39 0
8 33 0
Net_id 83
pin_num 2
23 13 0
22 7 0
Net_id 84
pin_num 2
23 7 0
47 16 0
Net_id 85
pin_num 2
58 58 0
50 46 0
Net_id 86
pin_num 2
3 41 0
25 42 0
Net_id 87
pin_num 2
6 22 0
11 11 0
Net_id 88
pin_num 2
15 55 0
6 48 0
Net_id 89
pin_num 2
4 21 0
25 11 0
Net_id 90
pin_num 2
51 22 0
54 5 0
Net_id 91
pin_num 2
43 49 0
50 49 0
Net_id 92
pin_num 2
49 42 0
50 38 0
Net_id 93
pin_num 2
57 37 0
49 38 0
Net_id 94
pin_num 2
17 17 0
21 18 0
Net_id 95
pin_num 2
23 53 0
10 59 0
Net_id 96
pin_num 2
20 12 0
3 27 0
Net_id 97
pin_num 2
47 26 0
55 26 0
Net_id 98
pin_num 2
8 43 0
10 28 0
Net_id 99
pin_num 2
44 14 0
34 26 0
Net_id 100
pin_num 2
13 56 0
6 30 0
Net_id 101
pin_num 2
49 53 0
59 35 0
Net_id 102
pin_num 2
6 34 0
27 40 0
Net_id 103
pin_num 2
41 19 0
53 3 0
Net_id 104
pin_num 2
17 22 0
34 1 0
Net_id 105
pin_num 2
23 31 0
13 38 0
Net_id 106
pin_num 2
35 1 0
44 16 0
Net_id 107
pin_num 2
50 51 0
56 34 0
Net_id 108
pin_num 2
55 56 0
57 59 0
Net_id 109
pin_num 2
13 49 0
9 56 0
Net_id 110
pin_num 2
59 11 0
39 3 0
Net_id 111
pin_num 2
25 44 0
18 56 0
Net_id 112
pin_num 2
45 52 0
29 47 0
Net_id 113
pin_num 2
13 59 0
9 54 0
Net_id 114
pin_num 2
5 59 0
1 41 0
Net_id 115
pin_num 2
48 12 0
43 10 0
Net_id 116
pin_num 2
55 41 0
31 25 0
Net_id 117
pin_num 2
15 28 0
5 16 0
Net_id 118
pin_num 2
15 32 0
11 24 0
Net_id 119
pin_num 2
52 35 0
57 34 0
Net_id 120
pin_num 2
2 27 0
5 30 0
Net_id 121
pin_num 2
21 25 0
38 27 0
Net_id 122
pin_num 2
35 48 0
32 54 0
Net_id 123
pin_num 2
13 47 0
7 40 0
Net_id 124
pin_num 2
10 4 0
3 18 0
Net_id 125
pin_num 2
39 50 0
26 31 0
Net_id 126
pin_num 2
24 50 0
39 47 0
Net_id 127
pin_num 2
12 38 0
4 38 0
Net_id 128
pin_num 2
36 25 0
29 19 0
Net_id 129
pin_num 2
15 36 0
30 33 0
Net_id 130
pin_num 2
52 54 0
37 51 0
Net_id 131
pin_num 2
21 9 0
10 3 0
Net_id 132
pin_num 2
22 28 0
39 35 0
Net_id 133
pin_num 2
24 42 0
15 43 0
Net_id 134
pin_num 2
44 17 0
33 20 0
Net_id 135
pin_num 2
7 43 0
3 28 0
Net_id 136
pin_num 2
1 10 0
13 1 0
Net_id 137
pin_num 2
51 24 0
41 30 0
Net_id 138
pin_num 2
44 53 0
55 52 0
Net_id 139
pin_num 2
7 15 0
3 16 0
Net_id 140
pin_num 2
43 41 0
58 57 0
Net_id 141
pin_num 2
17 15 0
31 5 0
Net_id 142
pin_num 2
28 30 0
36 20 0
Net_id 143
pin_num 2
39 25 0
55 7 0
Net_id 144
pin_num 2
21 0 0
27 5 0
Net_id 145
pin_num 2
52 16 0
55 17 0
Net_id 146
pin_num 2
27 22 0
6 16 0
Net_id 147
pin_num 2
36 9 0
41 6 0
Net_id 148
pin_num 2
57 53 0
54 54 0
Net_id 149
pin_num 2
20 19 0
9 10 0
Net_id 150
pin_num 2
46 46 0
33 58 0
Net_id 151
pin_num 2
2 7 0
17 6 0
Net_id 152
pin_num 2
53 8 0
34 6 0
Net_id 153
pin_num 2
6 39 0
2 28 0
Net_id 154
pin_num 2
53 31 0
57 33 0
