Width 60
Height 60
Layer 6
Total_WL 6488
Obstacle_num 144
47 19 0 57 20 0
45 3 0 49 4 0
21 6 0 24 7 0
29 5 0 39 6 0
32 24 0 39 25 0
17 28 0 24 29 0
43 25 0 50 26 0
37 23 0 46 24 0
12 34 0 19 35 0
36 42 0 40 43 0
45 48 0 55 49 0
22 40 0 28 41 0
2 39 0 8 40 0
7 47 0 15 48 0
40 36 0 45 37 0
23 31 0 31 32 0
6 5 0 13 6 0
11 23 0 21 24 0
12 48 0 16 49 0
23 58 0 31 59 0
13 46 0 20 47 0
38 35 0 46 36 0
37 47 0 45 48 0
44 20 0 54 21 0
14 15 1 15 24 1
43 40 1 44 46 1
42 25 1 43 31 1
41 53 1 42 59 1
26 50 1 27 55 1
4 38 1 5 42 1
3 41 1 4 47 1
45 25 1 46 34 1
31 10 1 32 15 1
27 45 1 28 49 1
36 40 1 37 45 1
11 22 1 12 26 1
33 46 1 34 51 1
36 29 1 37 36 1
49 45 1 50 53 1
28 34 1 29 38 1
28 13 1 29 19 1
55 40 1 56 46 1
48 27 1 49 37 1
32 7 1 33 15 1
41 20 1 42 26 1
24 10 1 25 13 1
54 0 1 55 5 1
25 8 1 26 14 1
36 30 2 43 31 2
38 38 2 42 39 2
14 37 2 17 38 2
44 56 2 47 57 2
3 28 2 7 29 2
19 20 2 26 21 2
37 18 2 40 19 2
33 35 2 42 36 2
32 26 2 37 27 2
7 41 2 10 42 2
10 58 2 20 59 2
5 2 2 11 3 2
16 18 2 25 19 2
22 32 2 31 33 2
28 19 2 36 20 2
1 48 2 6 49 2
14 47 2 22 48 2
6 33 2 10 34 2
13 53 2 22 54 2
10 10 2 19 11 2
44 51 2 47 52 2
43 2 2 50 3 2
30 1 2 35 2 2
39 55 2 47 56 2
46 29 3 47 37 3
53 25 3 54 34 3
2 14 3 3 22 3
26 0 3 27 9 3
32 12 3 33 22 3
52 5 3 53 12 3
3 15 3 4 20 3
41 25 3 42 32 3
17 2 3 18 7 3
22 36 3 23 39 3
7 46 3 8 55 3
4 15 3 5 18 3
17 13 3 18 23 3
48 3 3 49 7 3
45 46 3 46 49 3
41 13 3 42 19 3
30 2 3 31 11 3
29 46 3 30 51 3
28 40 3 29 44 3
38 51 3 39 58 3
20 21 3 21 30 3
37 54 3 38 58 3
34 52 3 35 57 3
36 48 3 37 58 3
38 15 4 44 16 4
13 36 4 16 37 4
13 39 4 20 40 4
30 21 4 34 22 4
10 37 4 16 38 4
45 55 4 54 56 4
1 51 4 8 52 4
10 15 4 15 16 4
7 19 4 16 20 4
34 14 4 44 15 4
18 46 4 26 47 4
12 14 4 15 15 4
45 53 4 53 54 4
11 38 4 21 39 4
16 17 4 19 18 4
25 51 4 28 52 4
8 45 4 11 46 4
12 32 4 17 33 4
13 48 4 21 49 4
27 29 4 36 30 4
25 8 4 32 9 4
34 54 4 44 55 4
13 25 4 17 26 4
36 39 4 39 40 4
15 54 5 16 57 5
24 5 5 25 8 5
24 11 5 25 17 5
8 11 5 9 14 5
43 44 5 44 52 5
26 6 5 27 12 5
12 5 5 13 10 5
3 0 5 4 10 5
37 53 5 38 57 5
46 35 5 47 43 5
34 23 5 35 28 5
30 41 5 31 50 5
38 42 5 39 49 5
6 40 5 7 44 5
16 29 5 17 35 5
53 29 5 54 38 5
5 23 5 6 33 5
6 23 5 7 33 5
55 26 5 56 34 5
6 6 5 7 9 5
44 3 5 45 13 5
25 25 5 26 28 5
48 11 5 49 19 5
7 10 5 8 16 5
Net_num 155
Net_id 0
pin_num 5
53 36 0
38 36 0
47 49 0
49 18 0
27 39 0
Net_id 1
pin_num 5
54 59 0
59 50 0
59 57 0
49 58 0
46 58 0
Net_id 2
pin_num 5
53 17 0
48 12 0
32 17 0
33 12 0
37 0 0
Net_id 3
pin_num 5
49 37 0
57 47 0
59 37 0
35 44 0
49 16 0
Net_id 4
pin_num 5
43 54 0
40 49 0
41 34 0
47 51 0
30 34 0
Net_id 5
pin_num 5
6 43 0
15 38 0
15 30 0
9 38 0
31 43 0
Net_id 6
pin_num 5
31 22 0
37 33 0
37 26 0
34 27 0
37 51 0
Net_id 7
pin_num 5
8 10 0
5 6 0
19 9 0
10 21 0
16 7 0
Net_id 8
pin_num 5
41 57 0
36 59 0
32 50 0
53 53 0
39 31 0
Net_id 9
pin_num 5
18 1 0
30 6 0
24 0 0
15 3 0
13 6 0
Net_id 10
pin_num 5
14 37 0
27 34 0
35 38 0
24 59 0
16 29 0
Net_id 11
pin_num 5
35 41 0
50 32 0
50 37 0
48 45 0
50 11 0
Net_id 12
pin_num 5
35 55 0
32 59 0
32 37 0
25 44 0
54 55 0
Net_id 13
pin_num 5
47 14 0
31 14 0
39 24 0
33 20 0
54 17 0
Net_id 14
pin_num 5
29 53 0
36 53 0
35 47 0
19 56 0
39 29 0
Net_id 15
pin_num 5
31 23 0
24 17 0
30 27 0
24 27 0
32 23 0
Net_id 16
pin_num 5
23 39 0
22 46 0
5 44 0
4 44 0
14 55 0
Net_id 17
pin_num 5
58 14 0
56 15 0
57 0 0
50 3 0
51 14 0
Net_id 18
pin_num 5
14 30 0
10 30 0
13 52 0
13 20 0
12 36 0
Net_id 19
pin_num 5
55 9 0
52 0 0
53 2 0
56 2 0
36 0 0
Net_id 20
pin_num 4
21 15 0
27 15 0
0 15 0
27 28 0
Net_id 21
pin_num 4
2 50 0
12 56 0
0 58 0
4 57 0
Net_id 22
pin_num 4
8 52 0
13 57 0
19 53 0
14 32 0
Net_id 23
pin_num 4
41 46 0
55 53 0
57 57 0
55 54 0
Net_id 24
pin_num 4
39 21 0
25 26 0
10 23 0
33 25 0
Net_id 25
pin_num 4
20 44 0
24 34 0
11 36 0
11 28 0
Net_id 26
pin_num 4
54 37 0
50 33 0
43 33 0
50 35 0
Net_id 27
pin_num 4
45 13 0
36 4 0
37 2 0
31 0 0
Net_id 28
pin_num 4
43 29 0
39 32 0
55 31 0
59 28 0
Net_id 29
pin_num 4
56 24 0
58 12 0
36 20 0
39 7 0
Net_id 30
pin_num 4
28 51 0
20 59 0
20 50 0
25 54 0
Net_id 31
pin_num 4
30 18 0
19 18 0
7 16 0
5 18 0
Net_id 32
pin_num 4
0 6 0
5 4 0
1 18 0
0 2 0
Net_id 33
pin_num 4
20 36 0
22 33 0
19 39 0
25 45 0
Net_id 34
pin_num 4
42 53 0
51 56 0
54 43 0
54 44 0
Net_id 35
pin_num 4
0 16 0
3 2 0
2 38 0
0 25 0
Net_id 36
pin_num 4
45 58 0
38 58 0
22 58 0
2 57 0
Net_id 37
pin_num 4
23 20 0
11 26 0
15 1 0
35 27 0
Net_id 38
pin_num 4
33 8 0
26 8 0
43 8 0
17 11 0
Net_id 39
pin_num 3
7 29 0
12 39 0
5 59 0
Net_id 40
pin_num 3
1 17 0
16 17 0
16 5 0
Net_id 41
pin_num 3
56 47 0
52 56 0
57 48 0
Net_id 42
pin_num 3
26 55 0
19 42 0
1 58 0
Net_id 43
pin_num 3
46 0 0
55 7 0
36 6 0
Net_id 44
pin_num 3
2 30 0
7 28 0
3 24 0
Net_id 45
pin_num 3
42 15 0
24 8 0
26 34 0
Net_id 46
pin_num 3
32 28 0
56 22 0
48 14 0
Net_id 47
pin_num 3
18 6 0
28 26 0
30 0 0
Net_id 48
pin_num 3
8 36 0
4 37 0
3 19 0
Net_id 49
pin_num 3
39 19 0
38 25 0
38 40 0
Net_id 50
pin_num 3
42 34 0
51 34 0
58 29 0
Net_id 51
pin_num 3
56 3 0
37 13 0
40 1 0
Net_id 52
pin_num 3
6 0 0
2 8 0
0 28 0
Net_id 53
pin_num 3
16 21 0
45 11 0
21 45 0
Net_id 54
pin_num 3
8 33 0
20 35 0
19 40 0
Net_id 55
pin_num 3
13 15 0
2 11 0
15 2 0
Net_id 56
pin_num 3
56 37 0
56 16 0
58 11 0
Net_id 57
pin_num 3
34 23 0
55 27 0
59 32 0
Net_id 58
pin_num 3
42 6 0
29 22 0
47 8 0
Net_id 59
pin_num 3
18 59 0
25 57 0
36 52 0
Net_id 60
pin_num 3
27 59 0
6 50 0
41 41 0
Net_id 61
pin_num 3
14 10 0
26 3 0
9 11 0
Net_id 62
pin_num 3
33 13 0
37 21 0
18 7 0
Net_id 63
pin_num 3
33 33 0
36 22 0
45 22 0
Net_id 64
pin_num 3
23 59 0
31 37 0
28 54 0
Net_id 65
pin_num 3
16 24 0
19 14 0
35 4 0
Net_id 66
pin_num 3
57 12 0
52 16 0
55 20 0
Net_id 67
pin_num 3
59 22 0
57 30 0
57 15 0
Net_id 68
pin_num 3
21 27 0
17 22 0
28 5 0
Net_id 69
pin_num 3
2 58 0
20 49 0
12 51 0
Net_id 70
pin_num 3
0 12 0
9 8 0
1 38 0
Net_id 71
pin_num 3
43 31 0
50 31 0
44 41 0
Net_id 72
pin_num 3
27 35 0
54 15 0
56 1 0
Net_id 73
pin_num 3
34 40 0
39 52 0
58 35 0
Net_id 74
pin_num 3
22 16 0
30 17 0
48 18 0
Net_id 75
pin_num 3
4 35 0
11 52 0
9 36 0
Net_id 76
pin_num 3
14 25 0
2 10 0
2 4 0
Net_id 77
pin_num 3
35 15 0
26 28 0
15 21 0
Net_id 78
pin_num 2
43 40 0
58 45 0
Net_id 79
pin_num 2
26 17 0
19 4 0
Net_id 80
pin_num 2
20 32 0
6 47 0
Net_id 81
pin_num 2
22 10 0
27 10 0
Net_id 82
pin_num 2
46 13 0
53 25 0
Net_id 83
pin_num 2
23 29 0
35 25 0
Net_id 84
pin_num 2
58 36 0
46 41 0
Net_id 85
pin_num 2
11 46 0
9 42 0
Net_id 86
pin_num 2
53 45 0
48 52 0
Net_id 87
pin_num 2
29 19 0
47 11 0
Net_id 88
pin_num 2
23 12 0
29 9 0
Net_id 89
pin_num 2
6 28 0
2 40 0
Net_id 90
pin_num 2
38 37 0
56 46 0
Net_id 91
pin_num 2
29 2 0
33 0 0
Net_id 92
pin_num 2
0 19 0
7 0 0
Net_id 93
pin_num 2
30 55 0
40 46 0
Net_id 94
pin_num 2
13 26 0
16 40 0
Net_id 95
pin_num 2
4 51 0
12 42 0
Net_id 96
pin_num 2
7 49 0
11 56 0
Net_id 97
pin_num 2
36 36 0
21 58 0
Net_id 98
pin_num 2
10 25 0
1 39 0
Net_id 99
pin_num 2
53 22 0
38 13 0
Net_id 100
pin_num 2
35 37 0
27 33 0
Net_id 101
pin_num 2
4 3 0
19 8 0
Net_id 102
pin_num 2
41 39 0
20 31 0
Net_id 103
pin_num 2
36 33 0
28 30 0
Net_id 104
pin_num 2
46 21 0
55 15 0
Net_id 105
pin_num 2
36 49 0
12 46 0
Net_id 106
pin_num 2
2 26 0
10 40 0
Net_id 107
pin_num 2
19 17 0
22 25 0
Net_id 108
pin_num 2
16 20 0
18 25 0
Net_id 109
pin_num 2
56 38 0
50 38 0
Net_id 110
pin_num 2
38 26 0
42 37 0
Net_id 111
pin_num 2
50 46 0
52 42 0
Net_id 112
pin_num 2
48 50 0
42 49 0
Net_id 113
pin_num 2
43 9 0
31 9 0
Net_id 114
pin_num 2
21 46 0
17 45 0
Net_id 115
pin_num 2
16 16 0
0 20 0
Net_id 116
pin_num 2
58 48 0
26 35 0
Net_id 117
pin_num 2
56 39 0
45 49 0
Net_id 118
pin_num 2
1 1 0
2 2 0
Net_id 119
pin_num 2
18 48 0
13 59 0
Net_id 120
pin_num 2
11 24 0
15 27 0
Net_id 121
pin_num 2
12 54 0
1 56 0
Net_id 122
pin_num 2
36 10 0
21 12 0
Net_id 123
pin_num 2
12 11 0
13 4 0
Net_id 124
pin_num 2
55 5 0
57 13 0
Net_id 125
pin_num 2
57 10 0
46 15 0
Net_id 126
pin_num 2
31 50 0
26 41 0
Net_id 127
pin_num 2
38 3 0
51 24 0
Net_id 128
pin_num 2
34 32 0
19 19 0
Net_id 129
pin_num 2
40 20 0
43 21 0
Net_id 130
pin_num 2
53 31 0
56 30 0
Net_id 131
pin_num 2
14 20 0
28 3 0
Net_id 132
pin_num 2
7 42 0
3 38 0
Net_id 133
pin_num 2
27 45 0
37 27 0
Net_id 134
pin_num 2
2 3 0
2 7 0
Net_id 135
pin_num 2
50 9 0
47 5 0
Net_id 136
pin_num 2
32 3 0
35 11 0
Net_id 137
pin_num 2
3 47 0
1 52 0
Net_id 138
pin_num 2
8 56 0
17 31 0
Net_id 139
pin_num 2
4 22 0
9 12 0
Net_id 140
pin_num 2
24 19 0
5 3 0
Net_id 141
pin_num 2
18 16 0
3 40 0
Net_id 142
pin_num 2
50 7 0
47 4 0
Net_id 143
pin_num 2
20 15 0
8 3 0
Net_id 144
pin_num 2
45 29 0
50 25 0
Net_id 145
pin_num 2
9 44 0
18 47 0
Net_id 146
pin_num 2
28 34 0
26 47 0
Net_id 147
pin_num 2
31 54 0
21 51 0
Net_id 148
pin_num 2
42 28 0
29 52 0
Net_id 149
pin_num 2
52 12 0
50 8 0
Net_id 150
pin_num 2
43 52 0
31 47 0
Net_id 151
pin_num 2
15 29 0
8 29 0
Net_id 152
pin_num 2
1 35 0
14 31 0
Net_id 153
pin_num 2
7 34 0
5 26 0
Net_id 154
pin_num 2
0 44 0
15 50 0
