Width 60
Height 60
Layer 6
Total_WL 6295
Obstacle_num 144
36 36 0 45 37 0
4 35 0 7 36 0
39 42 0 43 43 0
20 29 0 29 30 0
37 14 0 45 15 0
30 25 0 34 26 0
25 3 0 33 4 0
50 51 0 55 52 0
10 50 0 13 51 0
51 24 0 56 25 0
3 6 0 9 7 0
29 34 0 35 35 0
16 45 0 23 46 0
49 30 0 52 31 0
44 57 0 50 58 0
12 20 0 20 21 0
0 44 0 8 45 0
36 2 0 43 3 0
26 20 0 32 21 0
0 5 0 8 6 0
4 43 0 11 44 0
29 42 0 35 43 0
48 48 0 54 49 0
36 46 0 42 47 0
14 55 1 15 59 1
54 22 1 55 26 1
18 16 1 19 20 1
7 5 1 8 13 1
46 10 1 47 17 1
42 8 1 43 15 1
39 6 1 40 15 1
41 20 1 42 30 1
57 10 1 58 18 1
13 8 1 14 14 1
26 14 1 27 24 1
9 49 1 10 53 1
6 42 1 7 45 1
51 45 1 52 54 1
47 28 1 48 31 1
47 44 1 48 51 1
34 12 1 35 19 1
9 20 1 10 24 1
2 21 1 3 31 1
57 39 1 58 44 1
34 33 1 35 42 1
50 19 1 51 27 1
13 19 1 14 27 1
23 11 1 24 20 1
33 57 2 40 58 2
34 2 2 42 3 2
28 20 2 31 21 2
39 26 2 42 27 2
25 52 2 35 53 2
49 26 2 56 27 2
47 12 2 54 13 2
46 50 2 49 51 2
22 25 2 30 26 2
37 8 2 47 9 2
32 14 2 39 15 2
44 56 2 52 57 2
29 30 2 39 31 2
3 56 2 12 57 2
17 16 2 24 17 2
3 26 2 8 27 2
23 35 2 28 36 2
15 29 2 23 30 2
29 10 2 39 11 2
42 29 2 50 30 2
29 33 2 34 34 2
25 3 2 32 4 2
11 10 2 14 11 2
50 25 2 57 26 2
49 25 3 50 29 3
30 20 3 31 26 3
34 35 3 35 38 3
43 26 3 44 34 3
16 14 3 17 22 3
3 44 3 4 49 3
35 55 3 36 58 3
53 52 3 54 58 3
44 21 3 45 30 3
36 8 3 37 18 3
22 0 3 23 10 3
40 48 3 41 54 3
54 31 3 55 39 3
18 2 3 19 12 3
20 31 3 21 39 3
33 51 3 34 54 3
36 25 3 37 33 3
32 27 3 33 33 3
28 37 3 29 47 3
17 3 3 18 7 3
17 43 3 18 50 3
56 7 3 57 14 3
13 47 3 14 54 3
17 51 3 18 56 3
37 30 4 42 31 4
52 20 4 57 21 4
42 17 4 52 18 4
19 29 4 27 30 4
6 4 4 9 5 4
40 39 4 49 40 4
33 0 4 37 1 4
29 41 4 38 42 4
43 5 4 52 6 4
3 27 4 13 28 4
11 7 4 18 8 4
17 18 4 21 19 4
0 0 4 8 1 4
53 51 4 57 52 4
38 16 4 42 17 4
36 15 4 41 16 4
24 4 4 30 5 4
31 43 4 39 44 4
0 32 4 4 33 4
30 33 4 36 34 4
38 14 4 45 15 4
49 56 4 53 57 4
15 34 4 21 35 4
1 41 4 7 42 4
20 8 5 21 17 5
22 11 5 23 21 5
30 44 5 31 47 5
52 43 5 53 48 5
42 20 5 43 28 5
52 49 5 53 53 5
52 21 5 53 24 5
2 54 5 3 58 5
7 12 5 8 17 5
34 20 5 35 28 5
7 49 5 8 53 5
39 1 5 40 9 5
22 35 5 23 42 5
3 26 5 4 36 5
13 48 5 14 58 5
33 35 5 34 41 5
32 2 5 33 6 5
31 50 5 32 56 5
35 5 5 36 10 5
56 24 5 57 27 5
45 23 5 46 26 5
11 10 5 12 16 5
30 14 5 31 24 5
26 2 5 27 6 5
Net_num 159
Net_id 0
pin_num 5
8 38 0
6 41 0
7 45 0
6 17 0
23 41 0
Net_id 1
pin_num 5
22 32 0
20 46 0
36 39 0
22 59 0
16 38 0
Net_id 2
pin_num 5
26 14 0
38 10 0
43 13 0
37 37 0
44 0 0
Net_id 3
pin_num 5
5 10 0
2 3 0
7 9 0
7 0 0
0 0 0
Net_id 4
pin_num 5
53 40 0
43 39 0
27 40 0
59 50 0
49 49 0
Net_id 5
pin_num 5
25 58 0
13 55 0
41 59 0
35 39 0
24 53 0
Net_id 6
pin_num 5
26 5 0
16 5 0
33 5 0
29 10 0
20 7 0
Net_id 7
pin_num 5
3 17 0
1 4 0
23 13 0
14 4 0
5 12 0
Net_id 8
pin_num 5
42 38 0
52 38 0
44 28 0
29 28 0
40 51 0
Net_id 9
pin_num 5
12 55 0
2 53 0
26 54 0
2 59 0
11 33 0
Net_id 10
pin_num 5
28 49 0
26 48 0
17 48 0
24 33 0
28 33 0
Net_id 11
pin_num 5
1 23 0
12 23 0
8 12 0
26 23 0
0 33 0
Net_id 12
pin_num 5
19 4 0
18 0 0
31 0 0
35 3 0
4 2 0
Net_id 13
pin_num 5
22 26 0
37 26 0
29 39 0
16 26 0
23 28 0
Net_id 14
pin_num 5
32 16 0
38 19 0
35 33 0
33 1 0
30 31 0
Net_id 15
pin_num 5
30 11 0
20 15 0
20 10 0
4 15 0
21 9 0
Net_id 16
pin_num 5
34 24 0
38 22 0
47 22 0
15 22 0
42 19 0
Net_id 17
pin_num 5
51 52 0
39 43 0
40 27 0
40 9 0
34 32 0
Net_id 18
pin_num 5
3 31 0
0 32 0
19 32 0
20 32 0
9 40 0
Net_id 19
pin_num 5
11 42 0
19 31 0
0 41 0
26 32 0
4 58 0
Net_id 20
pin_num 4
9 46 0
2 39 0
3 28 0
6 16 0
Net_id 21
pin_num 4
41 18 0
48 16 0
45 20 0
24 20 0
Net_id 22
pin_num 4
49 29 0
40 29 0
42 48 0
33 30 0
Net_id 23
pin_num 4
43 34 0
41 43 0
57 30 0
27 42 0
Net_id 24
pin_num 4
11 57 0
6 55 0
5 57 0
3 43 0
Net_id 25
pin_num 4
50 21 0
55 33 0
52 41 0
59 29 0
Net_id 26
pin_num 4
30 8 0
48 8 0
38 1 0
56 3 0
Net_id 27
pin_num 4
59 8 0
52 8 0
17 0 0
49 31 0
Net_id 28
pin_num 4
43 59 0
57 51 0
54 59 0
34 55 0
Net_id 29
pin_num 4
11 4 0
20 1 0
19 6 0
34 5 0
Net_id 30
pin_num 4
14 17 0
15 24 0
22 20 0
18 33 0
Net_id 31
pin_num 4
47 47 0
53 56 0
40 57 0
46 59 0
Net_id 32
pin_num 4
45 15 0
39 19 0
40 21 0
33 18 0
Net_id 33
pin_num 4
50 29 0
58 32 0
56 17 0
55 0 0
Net_id 34
pin_num 4
30 7 0
37 6 0
46 6 0
50 0 0
Net_id 35
pin_num 4
50 49 0
56 43 0
50 57 0
51 58 0
Net_id 36
pin_num 4
39 38 0
25 38 0
16 42 0
32 17 0
Net_id 37
pin_num 4
13 28 0
4 29 0
13 37 0
20 30 0
Net_id 38
pin_num 4
3 51 0
10 57 0
5 59 0
22 51 0
Net_id 39
pin_num 3
27 53 0
8 58 0
39 53 0
Net_id 40
pin_num 3
31 2 0
42 1 0
47 5 0
Net_id 41
pin_num 3
18 15 0
8 5 0
8 8 0
Net_id 42
pin_num 3
8 34 0
0 36 0
7 56 0
Net_id 43
pin_num 3
21 58 0
8 55 0
13 59 0
Net_id 44
pin_num 3
19 7 0
10 0 0
28 2 0
Net_id 45
pin_num 3
22 24 0
28 24 0
23 8 0
Net_id 46
pin_num 3
22 19 0
25 9 0
47 15 0
Net_id 47
pin_num 3
8 2 0
16 6 0
10 33 0
Net_id 48
pin_num 3
37 57 0
36 51 0
26 40 0
Net_id 49
pin_num 3
46 44 0
40 58 0
34 58 0
Net_id 50
pin_num 3
30 16 0
16 21 0
31 24 0
Net_id 51
pin_num 3
14 16 0
8 9 0
19 11 0
Net_id 52
pin_num 3
51 37 0
50 35 0
38 35 0
Net_id 53
pin_num 3
59 56 0
57 53 0
27 55 0
Net_id 54
pin_num 3
20 18 0
27 18 0
38 25 0
Net_id 55
pin_num 3
2 24 0
14 37 0
12 57 0
Net_id 56
pin_num 3
20 4 0
41 7 0
59 5 0
Net_id 57
pin_num 3
32 10 0
37 15 0
50 11 0
Net_id 58
pin_num 3
44 42 0
49 51 0
50 37 0
Net_id 59
pin_num 3
48 15 0
58 7 0
59 26 0
Net_id 60
pin_num 3
57 34 0
53 23 0
42 7 0
Net_id 61
pin_num 3
38 20 0
45 26 0
15 38 0
Net_id 62
pin_num 3
40 32 0
23 27 0
39 25 0
Net_id 63
pin_num 3
14 43 0
23 58 0
23 49 0
Net_id 64
pin_num 3
13 2 0
24 8 0
59 9 0
Net_id 65
pin_num 3
56 59 0
59 52 0
42 59 0
Net_id 66
pin_num 3
23 39 0
28 46 0
21 49 0
Net_id 67
pin_num 3
8 24 0
13 39 0
18 36 0
Net_id 68
pin_num 3
7 26 0
12 18 0
0 25 0
Net_id 69
pin_num 3
9 34 0
20 52 0
40 33 0
Net_id 70
pin_num 3
14 56 0
9 48 0
0 48 0
Net_id 71
pin_num 3
28 30 0
35 36 0
5 38 0
Net_id 72
pin_num 3
33 20 0
28 18 0
28 25 0
Net_id 73
pin_num 3
25 57 0
14 57 0
40 53 0
Net_id 74
pin_num 3
6 7 0
4 16 0
31 16 0
Net_id 75
pin_num 3
17 59 0
12 52 0
21 33 0
Net_id 76
pin_num 3
17 26 0
2 35 0
23 32 0
Net_id 77
pin_num 3
39 41 0
45 33 0
58 45 0
Net_id 78
pin_num 3
37 35 0
34 29 0
44 25 0
Net_id 79
pin_num 2
6 54 0
8 49 0
Net_id 80
pin_num 2
11 53 0
0 43 0
Net_id 81
pin_num 2
32 54 0
45 41 0
Net_id 82
pin_num 2
24 52 0
44 52 0
Net_id 83
pin_num 2
6 45 0
2 52 0
Net_id 84
pin_num 2
19 14 0
46 23 0
Net_id 85
pin_num 2
59 27 0
46 32 0
Net_id 86
pin_num 2
48 5 0
59 28 0
Net_id 87
pin_num 2
39 24 0
45 21 0
Net_id 88
pin_num 2
46 53 0
27 58 0
Net_id 89
pin_num 2
41 16 0
55 2 0
Net_id 90
pin_num 2
19 25 0
38 21 0
Net_id 91
pin_num 2
16 33 0
2 47 0
Net_id 92
pin_num 2
29 7 0
23 1 0
Net_id 93
pin_num 2
36 48 0
54 39 0
Net_id 94
pin_num 2
49 41 0
57 31 0
Net_id 95
pin_num 2
37 49 0
28 55 0
Net_id 96
pin_num 2
40 35 0
32 1 0
Net_id 97
pin_num 2
8 20 0
0 24 0
Net_id 98
pin_num 2
5 14 0
26 10 0
Net_id 99
pin_num 2
54 16 0
54 21 0
Net_id 100
pin_num 2
8 29 0
0 17 0
Net_id 101
pin_num 2
47 53 0
54 52 0
Net_id 102
pin_num 2
15 45 0
1 37 0
Net_id 103
pin_num 2
5 47 0
13 29 0
Net_id 104
pin_num 2
14 40 0
36 23 0
Net_id 105
pin_num 2
3 30 0
35 9 0
Net_id 106
pin_num 2
21 50 0
32 56 0
Net_id 107
pin_num 2
43 11 0
31 10 0
Net_id 108
pin_num 2
25 30 0
57 26 0
Net_id 109
pin_num 2
35 50 0
30 29 0
Net_id 110
pin_num 2
37 41 0
37 50 0
Net_id 111
pin_num 2
24 42 0
54 40 0
Net_id 112
pin_num 2
4 52 0
10 49 0
Net_id 113
pin_num 2
51 28 0
55 23 0
Net_id 114
pin_num 2
33 45 0
28 34 0
Net_id 115
pin_num 2
46 10 0
15 5 0
Net_id 116
pin_num 2
7 8 0
12 17 0
Net_id 117
pin_num 2
41 41 0
55 55 0
Net_id 118
pin_num 2
15 25 0
24 21 0
Net_id 119
pin_num 2
7 57 0
5 58 0
Net_id 120
pin_num 2
53 47 0
55 57 0
Net_id 121
pin_num 2
7 4 0
0 16 0
Net_id 122
pin_num 2
9 9 0
11 7 0
Net_id 123
pin_num 2
23 53 0
16 50 0
Net_id 124
pin_num 2
40 54 0
33 47 0
Net_id 125
pin_num 2
31 32 0
28 28 0
Net_id 126
pin_num 2
53 15 0
53 2 0
Net_id 127
pin_num 2
52 39 0
58 36 0
Net_id 128
pin_num 2
26 49 0
19 56 0
Net_id 129
pin_num 2
47 1 0
58 5 0
Net_id 130
pin_num 2
31 55 0
20 50 0
Net_id 131
pin_num 2
0 29 0
5 37 0
Net_id 132
pin_num 2
30 1 0
16 4 0
Net_id 133
pin_num 2
22 10 0
9 19 0
Net_id 134
pin_num 2
45 43 0
58 55 0
Net_id 135
pin_num 2
52 43 0
59 40 0
Net_id 136
pin_num 2
44 35 0
48 36 0
Net_id 137
pin_num 2
44 24 0
54 31 0
Net_id 138
pin_num 2
56 46 0
42 50 0
Net_id 139
pin_num 2
55 42 0
46 42 0
Net_id 140
pin_num 2
32 47 0
2 54 0
Net_id 141
pin_num 2
25 13 0
47 2 0
Net_id 142
pin_num 2
1 20 0
22 14 0
Net_id 143
pin_num 2
20 21 0
14 9 0
Net_id 144
pin_num 2
21 39 0
9 44 0
Net_id 145
pin_num 2
21 56 0
18 56 0
Net_id 146
pin_num 2
28 48 0
40 25 0
Net_id 147
pin_num 2
35 27 0
32 21 0
Net_id 148
pin_num 2
58 17 0
55 17 0
Net_id 149
pin_num 2
22 27 0
5 22 0
Net_id 150
pin_num 2
19 42 0
11 26 0
Net_id 151
pin_num 2
59 14 0
45 2 0
Net_id 152
pin_num 2
52 58 0
53 57 0
Net_id 153
pin_num 2
44 7 0
51 2 0
Net_id 154
pin_num 2
17 55 0
16 56 0
Net_id 155
pin_num 2
25 47 0
29 46 0
Net_id 156
pin_num 2
47 0 0
43 9 0
Net_id 157
pin_num 2
2 22 0
7 17 0
Net_id 158
pin_num 2
15 19 0
7 16 0
