Width 60
Height 60
Layer 6
Total_WL 7076
Obstacle_num 144
44 31 0 47 32 0
45 48 0 50 49 0
22 54 0 32 55 0
12 15 0 16 16 0
7 29 0 16 30 0
27 58 0 32 59 0
1 14 0 8 15 0
39 17 0 43 18 0
42 55 0 47 56 0
23 38 0 33 39 0
0 38 0 3 39 0
46 15 0 55 16 0
4 33 0 14 34 0
17 56 0 24 57 0
20 46 0 25 47 0
14 42 0 22 43 0
27 35 0 33 36 0
3 32 0 8 33 0
19 58 0 23 59 0
6 10 0 9 11 0
30 19 0 35 20 0
15 55 0 24 56 0
24 4 0 27 5 0
3 26 0 8 27 0
40 45 1 41 50 1
3 20 1 4 24 1
49 10 1 50 20 1
48 45 1 49 51 1
35 30 1 36 38 1
33 2 1 34 10 1
18 49 1 19 56 1
49 29 1 50 35 1
0 13 1 1 17 1
34 12 1 35 17 1
12 20 1 13 29 1
43 5 1 44 10 1
22 12 1 23 21 1
30 33 1 31 39 1
15 18 1 16 27 1
32 6 1 33 16 1
32 38 1 33 48 1
31 1 1 32 4 1
42 13 1 43 21 1
29 43 1 30 53 1
46 39 1 47 48 1
7 13 1 8 23 1
14 32 1 15 40 1
36 45 1 37 50 1
34 33 2 39 34 2
29 34 2 34 35 2
33 57 2 36 58 2
28 15 2 33 16 2
26 19 2 32 20 2
48 42 2 53 43 2
29 17 2 34 18 2
0 21 2 8 22 2
36 57 2 43 58 2
51 16 2 58 17 2
30 40 2 37 41 2
35 49 2 45 50 2
23 47 2 30 48 2
9 48 2 18 49 2
1 8 2 7 9 2
43 21 2 49 22 2
39 5 2 46 6 2
56 58 2 59 59 2
17 54 2 24 55 2
10 44 2 16 45 2
10 46 2 16 47 2
46 15 2 50 16 2
12 16 2 15 17 2
15 26 2 22 27 2
54 17 3 55 20 3
34 11 3 35 19 3
58 4 3 59 7 3
35 5 3 36 8 3
15 52 3 16 58 3
33 13 3 34 18 3
15 9 3 16 16 3
30 1 3 31 9 3
15 21 3 16 28 3
20 9 3 21 18 3
11 32 3 12 41 3
34 36 3 35 41 3
26 13 3 27 17 3
4 3 3 5 6 3
40 12 3 41 18 3
16 30 3 17 38 3
10 17 3 11 21 3
11 12 3 12 22 3
29 2 3 30 5 3
26 39 3 27 47 3
22 34 3 23 43 3
26 0 3 27 7 3
9 18 3 10 28 3
44 12 3 45 17 3
6 58 4 16 59 4
23 36 4 32 37 4
54 54 4 58 55 4
19 4 4 25 5 4
24 17 4 27 18 4
43 44 4 48 45 4
38 46 4 41 47 4
49 43 4 55 44 4
43 23 4 50 24 4
12 38 4 20 39 4
20 15 4 27 16 4
12 19 4 15 20 4
47 9 4 54 10 4
34 57 4 37 58 4
32 35 4 35 36 4
15 3 4 20 4 4
19 7 4 29 8 4
28 20 4 32 21 4
40 29 4 44 30 4
36 4 4 46 5 4
39 17 4 45 18 4
30 55 4 40 56 4
9 24 4 19 25 4
6 32 4 11 33 4
47 5 5 48 14 5
50 28 5 51 33 5
22 35 5 23 44 5
56 34 5 57 44 5
36 9 5 37 19 5
24 22 5 25 32 5
0 32 5 1 35 5
49 33 5 50 42 5
21 30 5 22 35 5
32 46 5 33 50 5
43 30 5 44 33 5
4 3 5 5 9 5
2 2 5 3 7 5
23 28 5 24 36 5
58 17 5 59 20 5
54 32 5 55 37 5
6 50 5 7 56 5
48 10 5 49 17 5
27 7 5 28 11 5
41 47 5 42 52 5
30 46 5 31 54 5
52 22 5 53 27 5
7 14 5 8 18 5
6 10 5 7 15 5
Net_num 162
Net_id 0
pin_num 5
42 47 0
30 51 0
46 49 0
41 42 0
59 57 0
Net_id 1
pin_num 5
58 37 0
56 38 0
59 21 0
39 33 0
50 11 0
Net_id 2
pin_num 5
34 39 0
41 38 0
37 58 0
24 39 0
48 43 0
Net_id 3
pin_num 5
52 4 0
57 0 0
59 6 0
55 1 0
49 1 0
Net_id 4
pin_num 5
31 42 0
34 28 0
25 41 0
40 31 0
25 31 0
Net_id 5
pin_num 5
33 1 0
39 1 0
33 0 0
20 0 0
29 3 0
Net_id 6
pin_num 5
51 16 0
46 7 0
54 7 0
56 7 0
45 7 0
Net_id 7
pin_num 5
48 23 0
43 31 0
54 25 0
35 23 0
41 20 0
Net_id 8
pin_num 5
20 27 0
36 31 0
19 31 0
31 27 0
10 28 0
Net_id 9
pin_num 5
52 13 0
48 13 0
51 5 0
58 13 0
59 17 0
Net_id 10
pin_num 5
22 21 0
10 31 0
25 25 0
34 25 0
12 43 0
Net_id 11
pin_num 5
24 16 0
30 18 0
13 16 0
1 23 0
17 17 0
Net_id 12
pin_num 5
21 40 0
19 49 0
15 32 0
17 36 0
30 34 0
Net_id 13
pin_num 5
34 38 0
31 30 0
3 33 0
38 21 0
21 37 0
Net_id 14
pin_num 5
44 16 0
45 13 0
45 18 0
36 22 0
33 26 0
Net_id 15
pin_num 5
44 27 0
32 30 0
37 48 0
32 44 0
34 47 0
Net_id 16
pin_num 5
34 17 0
27 23 0
13 21 0
29 28 0
28 32 0
Net_id 17
pin_num 5
25 10 0
26 5 0
16 6 0
41 6 0
52 0 0
Net_id 18
pin_num 5
14 34 0
20 39 0
0 37 0
6 13 0
20 59 0
Net_id 19
pin_num 5
23 47 0
16 56 0
9 58 0
23 52 0
17 44 0
Net_id 20
pin_num 5
43 48 0
38 34 0
48 36 0
28 44 0
49 35 0
Net_id 21
pin_num 4
59 58 0
52 58 0
49 59 0
54 47 0
Net_id 22
pin_num 4
2 12 0
2 17 0
21 13 0
2 0 0
Net_id 23
pin_num 4
36 43 0
28 42 0
36 36 0
35 51 0
Net_id 24
pin_num 4
22 20 0
20 23 0
35 22 0
29 4 0
Net_id 25
pin_num 4
21 57 0
13 51 0
7 56 0
12 46 0
Net_id 26
pin_num 4
20 38 0
12 44 0
18 33 0
18 24 0
Net_id 27
pin_num 4
58 5 0
47 11 0
42 6 0
55 29 0
Net_id 28
pin_num 4
29 51 0
17 59 0
27 57 0
33 45 0
Net_id 29
pin_num 4
44 9 0
38 10 0
40 26 0
27 20 0
Net_id 30
pin_num 4
2 13 0
8 18 0
0 6 0
0 5 0
Net_id 31
pin_num 4
53 2 0
57 10 0
55 5 0
45 10 0
Net_id 32
pin_num 4
38 28 0
39 21 0
59 39 0
57 3 0
Net_id 33
pin_num 4
14 7 0
6 8 0
9 2 0
19 1 0
Net_id 34
pin_num 4
29 26 0
20 8 0
23 13 0
5 20 0
Net_id 35
pin_num 4
51 52 0
42 46 0
45 59 0
42 26 0
Net_id 36
pin_num 4
9 35 0
4 25 0
0 20 0
16 24 0
Net_id 37
pin_num 4
43 46 0
59 59 0
45 40 0
52 28 0
Net_id 38
pin_num 4
41 57 0
44 58 0
34 59 0
34 52 0
Net_id 39
pin_num 4
1 30 0
9 38 0
16 19 0
10 6 0
Net_id 40
pin_num 4
38 19 0
47 17 0
43 4 0
21 18 0
Net_id 41
pin_num 3
26 41 0
32 26 0
0 35 0
Net_id 42
pin_num 3
10 38 0
12 28 0
29 29 0
Net_id 43
pin_num 3
10 56 0
8 36 0
3 59 0
Net_id 44
pin_num 3
1 6 0
24 12 0
15 12 0
Net_id 45
pin_num 3
11 30 0
22 30 0
15 53 0
Net_id 46
pin_num 3
21 48 0
47 32 0
29 42 0
Net_id 47
pin_num 3
59 16 0
43 3 0
35 12 0
Net_id 48
pin_num 3
39 47 0
33 47 0
27 47 0
Net_id 49
pin_num 3
8 42 0
3 35 0
23 35 0
Net_id 50
pin_num 3
21 23 0
30 26 0
49 23 0
Net_id 51
pin_num 3
46 37 0
48 40 0
46 34 0
Net_id 52
pin_num 3
9 55 0
23 42 0
23 57 0
Net_id 53
pin_num 3
28 17 0
23 15 0
28 11 0
Net_id 54
pin_num 3
2 7 0
2 23 0
18 14 0
Net_id 55
pin_num 3
2 41 0
4 56 0
1 31 0
Net_id 56
pin_num 3
28 37 0
23 39 0
33 30 0
Net_id 57
pin_num 3
4 21 0
11 17 0
11 4 0
Net_id 58
pin_num 3
27 52 0
33 54 0
16 59 0
Net_id 59
pin_num 3
37 3 0
25 9 0
38 5 0
Net_id 60
pin_num 3
25 55 0
24 47 0
24 24 0
Net_id 61
pin_num 3
57 59 0
53 51 0
58 57 0
Net_id 62
pin_num 3
12 35 0
5 15 0
7 27 0
Net_id 63
pin_num 3
4 9 0
9 1 0
3 5 0
Net_id 64
pin_num 3
25 57 0
16 50 0
11 43 0
Net_id 65
pin_num 3
55 54 0
47 54 0
59 20 0
Net_id 66
pin_num 3
8 14 0
15 10 0
3 11 0
Net_id 67
pin_num 3
18 29 0
31 37 0
40 50 0
Net_id 68
pin_num 3
26 50 0
20 24 0
45 43 0
Net_id 69
pin_num 3
12 1 0
17 5 0
4 22 0
Net_id 70
pin_num 3
25 43 0
25 49 0
12 40 0
Net_id 71
pin_num 3
14 51 0
43 42 0
54 59 0
Net_id 72
pin_num 3
32 8 0
34 4 0
40 1 0
Net_id 73
pin_num 3
51 48 0
57 36 0
58 29 0
Net_id 74
pin_num 3
37 16 0
44 28 0
23 1 0
Net_id 75
pin_num 3
21 49 0
9 51 0
18 23 0
Net_id 76
pin_num 3
18 3 0
2 1 0
28 4 0
Net_id 77
pin_num 3
21 17 0
28 1 0
3 15 0
Net_id 78
pin_num 3
36 48 0
28 40 0
39 46 0
Net_id 79
pin_num 3
46 29 0
56 35 0
31 32 0
Net_id 80
pin_num 3
3 36 0
7 34 0
5 9 0
Net_id 81
pin_num 3
21 12 0
14 14 0
28 2 0
Net_id 82
pin_num 2
9 54 0
26 35 0
Net_id 83
pin_num 2
9 59 0
16 37 0
Net_id 84
pin_num 2
6 44 0
0 53 0
Net_id 85
pin_num 2
52 41 0
57 26 0
Net_id 86
pin_num 2
4 52 0
3 38 0
Net_id 87
pin_num 2
49 42 0
53 26 0
Net_id 88
pin_num 2
12 17 0
30 10 0
Net_id 89
pin_num 2
49 25 0
57 12 0
Net_id 90
pin_num 2
24 35 0
20 19 0
Net_id 91
pin_num 2
51 55 0
43 45 0
Net_id 92
pin_num 2
41 11 0
29 12 0
Net_id 93
pin_num 2
38 12 0
22 2 0
Net_id 94
pin_num 2
7 46 0
2 46 0
Net_id 95
pin_num 2
5 57 0
25 52 0
Net_id 96
pin_num 2
54 37 0
56 42 0
Net_id 97
pin_num 2
47 19 0
30 59 0
Net_id 98
pin_num 2
15 48 0
21 44 0
Net_id 99
pin_num 2
38 8 0
21 2 0
Net_id 100
pin_num 2
49 7 0
53 7 0
Net_id 101
pin_num 2
10 49 0
8 59 0
Net_id 102
pin_num 2
59 46 0
51 41 0
Net_id 103
pin_num 2
55 35 0
45 58 0
Net_id 104
pin_num 2
57 8 0
51 14 0
Net_id 105
pin_num 2
1 19 0
3 12 0
Net_id 106
pin_num 2
40 58 0
50 51 0
Net_id 107
pin_num 2
50 24 0
59 18 0
Net_id 108
pin_num 2
58 17 0
49 22 0
Net_id 109
pin_num 2
35 37 0
45 34 0
Net_id 110
pin_num 2
8 55 0
5 41 0
Net_id 111
pin_num 2
55 27 0
52 2 0
Net_id 112
pin_num 2
4 43 0
9 42 0
Net_id 113
pin_num 2
11 2 0
24 14 0
Net_id 114
pin_num 2
54 10 0
36 13 0
Net_id 115
pin_num 2
32 4 0
24 10 0
Net_id 116
pin_num 2
6 28 0
11 52 0
Net_id 117
pin_num 2
25 8 0
17 4 0
Net_id 118
pin_num 2
8 11 0
18 11 0
Net_id 119
pin_num 2
39 24 0
46 28 0
Net_id 120
pin_num 2
51 6 0
55 10 0
Net_id 121
pin_num 2
34 7 0
17 9 0
Net_id 122
pin_num 2
47 18 0
55 15 0
Net_id 123
pin_num 2
35 53 0
14 45 0
Net_id 124
pin_num 2
1 32 0
9 26 0
Net_id 125
pin_num 2
19 23 0
35 2 0
Net_id 126
pin_num 2
47 27 0
41 28 0
Net_id 127
pin_num 2
9 31 0
2 22 0
Net_id 128
pin_num 2
43 19 0
57 34 0
Net_id 129
pin_num 2
7 39 0
2 11 0
Net_id 130
pin_num 2
0 2 0
6 1 0
Net_id 131
pin_num 2
23 31 0
25 14 0
Net_id 132
pin_num 2
45 51 0
29 56 0
Net_id 133
pin_num 2
23 20 0
36 35 0
Net_id 134
pin_num 2
4 39 0
10 30 0
Net_id 135
pin_num 2
37 11 0
24 5 0
Net_id 136
pin_num 2
40 40 0
50 34 0
Net_id 137
pin_num 2
8 58 0
1 26 0
Net_id 138
pin_num 2
57 11 0
51 28 0
Net_id 139
pin_num 2
45 25 0
35 17 0
Net_id 140
pin_num 2
33 24 0
21 15 0
Net_id 141
pin_num 2
9 28 0
1 28 0
Net_id 142
pin_num 2
56 56 0
41 55 0
Net_id 143
pin_num 2
24 50 0
22 57 0
Net_id 144
pin_num 2
1 54 0
2 56 0
Net_id 145
pin_num 2
44 2 0
50 3 0
Net_id 146
pin_num 2
2 4 0
18 15 0
Net_id 147
pin_num 2
55 18 0
57 15 0
Net_id 148
pin_num 2
7 4 0
14 49 0
Net_id 149
pin_num 2
54 50 0
51 58 0
Net_id 150
pin_num 2
29 21 0
6 12 0
Net_id 151
pin_num 2
57 39 0
42 10 0
Net_id 152
pin_num 2
27 18 0
39 31 0
Net_id 153
pin_num 2
44 13 0
27 24 0
Net_id 154
pin_num 2
36 52 0
41 50 0
Net_id 155
pin_num 2
42 3 0
35 0 0
Net_id 156
pin_num 2
12 6 0
23 40 0
Net_id 157
pin_num 2
50 50 0
59 45 0
Net_id 158
pin_num 2
57 47 0
39 51 0
Net_id 159
pin_num 2
25 58 0
29 55 0
Net_id 160
pin_num 2
55 34 0
54 23 0
Net_id 161
pin_num 2
23 24 0
35 41 0
