Width 60
Height 60
Layer 6
Total_WL 7177
Obstacle_num 144
13 27 0 21 28 0
11 43 0 16 44 0
41 20 0 47 21 0
38 18 0 46 19 0
11 6 0 19 7 0
11 13 0 15 14 0
38 17 0 48 18 0
5 58 0 9 59 0
46 29 0 55 30 0
47 47 0 57 48 0
16 58 0 25 59 0
19 3 0 29 4 0
8 2 0 12 3 0
56 53 0 59 54 0
26 39 0 36 40 0
21 6 0 29 7 0
2 45 0 8 46 0
22 14 0 28 15 0
12 15 0 19 16 0
50 41 0 57 42 0
44 24 0 50 25 0
3 5 0 8 6 0
14 11 0 22 12 0
12 47 0 19 48 0
25 28 1 26 35 1
18 31 1 19 39 1
57 34 1 58 42 1
0 33 1 1 36 1
15 2 1 16 10 1
47 41 1 48 46 1
26 52 1 27 56 1
20 14 1 21 17 1
43 39 1 44 45 1
15 50 1 16 56 1
0 8 1 1 17 1
40 13 1 41 17 1
8 12 1 9 18 1
1 10 1 2 15 1
58 44 1 59 52 1
25 10 1 26 18 1
22 15 1 23 22 1
19 48 1 20 52 1
41 49 1 42 58 1
58 33 1 59 42 1
34 17 1 35 26 1
10 5 1 11 13 1
16 17 1 17 25 1
48 45 1 49 54 1
36 53 2 43 54 2
3 56 2 8 57 2
51 45 2 58 46 2
50 51 2 59 52 2
15 50 2 24 51 2
5 34 2 9 35 2
4 25 2 7 26 2
35 24 2 42 25 2
17 3 2 21 4 2
15 22 2 23 23 2
5 21 2 14 22 2
0 15 2 4 16 2
47 24 2 50 25 2
25 26 2 32 27 2
40 3 2 47 4 2
46 37 2 52 38 2
45 52 2 49 53 2
41 40 2 48 41 2
38 4 2 47 5 2
23 44 2 28 45 2
30 29 2 39 30 2
28 43 2 35 44 2
48 13 2 57 14 2
50 54 2 58 55 2
19 12 3 20 19 3
58 45 3 59 51 3
30 20 3 31 29 3
43 15 3 44 22 3
41 19 3 42 29 3
8 12 3 9 15 3
45 38 3 46 44 3
29 11 3 30 19 3
23 37 3 24 41 3
35 13 3 36 23 3
13 21 3 14 28 3
1 13 3 2 18 3
40 30 3 41 40 3
10 50 3 11 53 3
13 34 3 14 44 3
42 14 3 43 20 3
50 31 3 51 39 3
43 31 3 44 37 3
57 20 3 58 23 3
0 43 3 1 46 3
21 12 3 22 16 3
30 14 3 31 17 3
32 15 3 33 18 3
6 0 3 7 4 3
17 39 4 21 40 4
10 55 4 18 56 4
26 28 4 32 29 4
1 39 4 5 40 4
30 9 4 37 10 4
46 10 4 54 11 4
22 52 4 29 53 4
28 17 4 32 18 4
2 24 4 12 25 4
32 43 4 39 44 4
36 36 4 41 37 4
13 2 4 18 3 4
1 13 4 11 14 4
27 14 4 31 15 4
5 57 4 9 58 4
11 51 4 18 52 4
53 1 4 58 2 4
15 35 4 22 36 4
24 30 4 30 31 4
28 35 4 38 36 4
25 58 4 35 59 4
29 23 4 37 24 4
15 4 4 22 5 4
19 45 4 25 46 4
44 47 5 45 51 5
22 50 5 23 56 5
50 6 5 51 16 5
5 43 5 6 51 5
50 21 5 51 27 5
49 3 5 50 12 5
26 25 5 27 34 5
18 3 5 19 6 5
9 37 5 10 47 5
1 37 5 2 47 5
37 35 5 38 40 5
37 16 5 38 26 5
45 7 5 46 16 5
58 33 5 59 39 5
23 4 5 24 7 5
55 26 5 56 36 5
11 10 5 12 15 5
18 11 5 19 21 5
43 2 5 44 12 5
29 28 5 30 31 5
26 18 5 27 21 5
11 24 5 12 34 5
1 55 5 2 58 5
6 25 5 7 31 5
Net_num 165
Net_id 0
pin_num 5
49 39 0
40 46 0
59 27 0
47 34 0
50 20 0
Net_id 1
pin_num 5
24 20 0
20 10 0
7 16 0
15 25 0
37 13 0
Net_id 2
pin_num 5
21 23 0
11 24 0
15 12 0
32 24 0
40 23 0
Net_id 3
pin_num 5
45 59 0
37 55 0
40 57 0
39 41 0
39 16 0
Net_id 4
pin_num 5
33 27 0
40 12 0
26 12 0
28 4 0
24 25 0
Net_id 5
pin_num 5
15 49 0
20 49 0
18 59 0
36 58 0
25 38 0
Net_id 6
pin_num 5
38 45 0
38 54 0
32 53 0
37 51 0
51 52 0
Net_id 7
pin_num 5
31 5 0
22 1 0
30 2 0
22 25 0
11 4 0
Net_id 8
pin_num 5
10 10 0
26 15 0
18 14 0
24 2 0
9 9 0
Net_id 9
pin_num 5
31 50 0
30 59 0
14 52 0
8 57 0
15 59 0
Net_id 10
pin_num 5
38 55 0
42 47 0
54 48 0
24 48 0
10 48 0
Net_id 11
pin_num 5
42 4 0
31 14 0
48 9 0
31 9 0
55 11 0
Net_id 12
pin_num 5
7 17 0
2 26 0
11 25 0
2 38 0
5 24 0
Net_id 13
pin_num 5
44 16 0
47 12 0
59 12 0
52 0 0
45 2 0
Net_id 14
pin_num 5
32 42 0
40 47 0
44 46 0
35 46 0
35 54 0
Net_id 15
pin_num 5
25 8 0
20 2 0
5 0 0
13 5 0
6 6 0
Net_id 16
pin_num 5
19 17 0
18 0 0
34 0 0
16 1 0
39 11 0
Net_id 17
pin_num 5
5 18 0
0 17 0
4 10 0
21 15 0
8 29 0
Net_id 18
pin_num 5
27 29 0
34 26 0
27 40 0
16 30 0
17 35 0
Net_id 19
pin_num 5
48 28 0
35 33 0
42 26 0
31 28 0
33 30 0
Net_id 20
pin_num 5
2 32 0
17 29 0
3 18 0
1 50 0
0 42 0
Net_id 21
pin_num 4
0 45 0
1 51 0
19 47 0
13 46 0
Net_id 22
pin_num 4
54 38 0
51 33 0
50 36 0
57 55 0
Net_id 23
pin_num 4
5 51 0
2 44 0
17 45 0
23 45 0
Net_id 24
pin_num 4
31 45 0
23 51 0
45 50 0
28 58 0
Net_id 25
pin_num 4
12 33 0
17 34 0
14 38 0
9 34 0
Net_id 26
pin_num 4
5 27 0
19 32 0
9 38 0
26 22 0
Net_id 27
pin_num 4
26 29 0
18 39 0
7 33 0
20 20 0
Net_id 28
pin_num 4
20 6 0
24 18 0
35 0 0
27 10 0
Net_id 29
pin_num 4
43 41 0
49 49 0
41 26 0
55 48 0
Net_id 30
pin_num 4
59 41 0
59 48 0
59 56 0
36 59 0
Net_id 31
pin_num 4
44 1 0
50 1 0
49 16 0
47 8 0
Net_id 32
pin_num 4
52 42 0
55 37 0
57 46 0
53 49 0
Net_id 33
pin_num 4
18 50 0
21 39 0
29 54 0
16 57 0
Net_id 34
pin_num 4
14 58 0
20 47 0
7 52 0
21 38 0
Net_id 35
pin_num 4
10 11 0
13 8 0
5 23 0
8 9 0
Net_id 36
pin_num 4
9 28 0
2 41 0
17 31 0
11 44 0
Net_id 37
pin_num 4
14 4 0
12 8 0
2 16 0
4 16 0
Net_id 38
pin_num 4
14 35 0
19 36 0
8 35 0
1 19 0
Net_id 39
pin_num 4
43 43 0
44 39 0
50 52 0
32 52 0
Net_id 40
pin_num 4
30 14 0
25 2 0
2 6 0
19 25 0
Net_id 41
pin_num 4
47 56 0
40 56 0
57 57 0
38 58 0
Net_id 42
pin_num 3
3 49 0
7 40 0
22 40 0
Net_id 43
pin_num 3
1 57 0
6 51 0
14 59 0
Net_id 44
pin_num 3
30 18 0
34 5 0
59 21 0
Net_id 45
pin_num 3
48 6 0
58 1 0
51 20 0
Net_id 46
pin_num 3
39 40 0
29 34 0
32 17 0
Net_id 47
pin_num 3
5 59 0
20 54 0
17 44 0
Net_id 48
pin_num 3
40 24 0
53 9 0
25 20 0
Net_id 49
pin_num 3
17 1 0
28 15 0
24 37 0
Net_id 50
pin_num 3
22 37 0
3 36 0
26 28 0
Net_id 51
pin_num 3
59 5 0
50 5 0
31 2 0
Net_id 52
pin_num 3
51 42 0
34 53 0
58 56 0
Net_id 53
pin_num 3
1 58 0
20 55 0
17 46 0
Net_id 54
pin_num 3
7 57 0
8 49 0
4 54 0
Net_id 55
pin_num 3
28 43 0
24 43 0
0 41 0
Net_id 56
pin_num 3
14 56 0
24 56 0
40 49 0
Net_id 57
pin_num 3
15 1 0
9 1 0
16 5 0
Net_id 58
pin_num 3
29 17 0
35 26 0
58 32 0
Net_id 59
pin_num 3
30 34 0
36 18 0
20 44 0
Net_id 60
pin_num 3
0 21 0
7 23 0
28 16 0
Net_id 61
pin_num 3
32 15 0
18 8 0
11 3 0
Net_id 62
pin_num 3
14 50 0
23 34 0
26 27 0
Net_id 63
pin_num 3
19 19 0
27 26 0
25 18 0
Net_id 64
pin_num 3
41 25 0
57 25 0
36 1 0
Net_id 65
pin_num 3
13 3 0
14 12 0
17 10 0
Net_id 66
pin_num 3
9 7 0
20 13 0
3 4 0
Net_id 67
pin_num 3
58 36 0
38 42 0
55 29 0
Net_id 68
pin_num 3
35 11 0
24 15 0
36 16 0
Net_id 69
pin_num 3
38 22 0
31 38 0
31 58 0
Net_id 70
pin_num 3
54 5 0
58 27 0
53 14 0
Net_id 71
pin_num 3
10 55 0
0 59 0
6 53 0
Net_id 72
pin_num 3
18 41 0
1 29 0
14 32 0
Net_id 73
pin_num 3
21 30 0
4 26 0
9 50 0
Net_id 74
pin_num 3
50 54 0
57 54 0
52 50 0
Net_id 75
pin_num 3
16 45 0
14 25 0
12 42 0
Net_id 76
pin_num 3
26 20 0
27 9 0
0 40 0
Net_id 77
pin_num 3
33 29 0
28 35 0
23 57 0
Net_id 78
pin_num 3
38 15 0
29 2 0
44 9 0
Net_id 79
pin_num 3
11 54 0
20 56 0
3 34 0
Net_id 80
pin_num 3
21 17 0
10 19 0
3 28 0
Net_id 81
pin_num 3
22 33 0
24 22 0
27 35 0
Net_id 82
pin_num 3
30 44 0
26 56 0
37 44 0
Net_id 83
pin_num 3
22 45 0
14 23 0
28 27 0
Net_id 84
pin_num 2
55 22 0
33 5 0
Net_id 85
pin_num 2
11 38 0
15 42 0
Net_id 86
pin_num 2
4 47 0
16 32 0
Net_id 87
pin_num 2
8 5 0
18 17 0
Net_id 88
pin_num 2
20 32 0
3 48 0
Net_id 89
pin_num 2
54 4 0
51 2 0
Net_id 90
pin_num 2
29 44 0
24 55 0
Net_id 91
pin_num 2
9 36 0
5 33 0
Net_id 92
pin_num 2
5 50 0
3 53 0
Net_id 93
pin_num 2
37 43 0
15 30 0
Net_id 94
pin_num 2
27 52 0
35 32 0
Net_id 95
pin_num 2
59 15 0
55 24 0
Net_id 96
pin_num 2
50 32 0
29 22 0
Net_id 97
pin_num 2
15 38 0
36 45 0
Net_id 98
pin_num 2
36 57 0
54 46 0
Net_id 99
pin_num 2
23 19 0
34 20 0
Net_id 100
pin_num 2
5 15 0
9 11 0
Net_id 101
pin_num 2
42 5 0
46 14 0
Net_id 102
pin_num 2
38 11 0
48 7 0
Net_id 103
pin_num 2
26 30 0
22 36 0
Net_id 104
pin_num 2
26 1 0
18 7 0
Net_id 105
pin_num 2
9 21 0
15 10 0
Net_id 106
pin_num 2
31 16 0
38 14 0
Net_id 107
pin_num 2
51 17 0
48 16 0
Net_id 108
pin_num 2
8 7 0
5 11 0
Net_id 109
pin_num 2
29 47 0
20 51 0
Net_id 110
pin_num 2
4 56 0
0 56 0
Net_id 111
pin_num 2
52 9 0
48 4 0
Net_id 112
pin_num 2
55 13 0
42 15 0
Net_id 113
pin_num 2
37 19 0
32 19 0
Net_id 114
pin_num 2
22 21 0
28 26 0
Net_id 115
pin_num 2
24 50 0
29 53 0
Net_id 116
pin_num 2
55 17 0
59 8 0
Net_id 117
pin_num 2
34 57 0
27 57 0
Net_id 118
pin_num 2
52 56 0
55 56 0
Net_id 119
pin_num 2
42 51 0
51 55 0
Net_id 120
pin_num 2
41 36 0
45 35 0
Net_id 121
pin_num 2
36 3 0
32 2 0
Net_id 122
pin_num 2
46 6 0
40 5 0
Net_id 123
pin_num 2
23 12 0
14 2 0
Net_id 124
pin_num 2
18 55 0
5 48 0
Net_id 125
pin_num 2
30 51 0
48 56 0
Net_id 126
pin_num 2
3 1 0
26 8 0
Net_id 127
pin_num 2
6 26 0
1 20 0
Net_id 128
pin_num 2
3 46 0
14 30 0
Net_id 129
pin_num 2
20 7 0
48 3 0
Net_id 130
pin_num 2
13 30 0
2 40 0
Net_id 131
pin_num 2
54 43 0
47 57 0
Net_id 132
pin_num 2
1 16 0
13 29 0
Net_id 133
pin_num 2
32 32 0
10 38 0
Net_id 134
pin_num 2
2 10 0
8 1 0
Net_id 135
pin_num 2
49 50 0
36 39 0
Net_id 136
pin_num 2
5 34 0
17 39 0
Net_id 137
pin_num 2
36 54 0
29 49 0
Net_id 138
pin_num 2
15 0 0
4 7 0
Net_id 139
pin_num 2
29 40 0
46 33 0
Net_id 140
pin_num 2
13 25 0
5 42 0
Net_id 141
pin_num 2
40 54 0
50 53 0
Net_id 142
pin_num 2
46 30 0
17 13 0
Net_id 143
pin_num 2
31 6 0
43 12 0
Net_id 144
pin_num 2
5 40 0
1 22 0
Net_id 145
pin_num 2
2 57 0
7 51 0
Net_id 146
pin_num 2
12 36 0
52 55 0
Net_id 147
pin_num 2
59 30 0
54 30 0
Net_id 148
pin_num 2
36 30 0
20 53 0
Net_id 149
pin_num 2
58 49 0
51 46 0
Net_id 150
pin_num 2
7 44 0
1 47 0
Net_id 151
pin_num 2
25 54 0
30 38 0
Net_id 152
pin_num 2
23 54 0
34 46 0
Net_id 153
pin_num 2
54 35 0
58 35 0
Net_id 154
pin_num 2
52 10 0
56 10 0
Net_id 155
pin_num 2
5 46 0
14 57 0
Net_id 156
pin_num 2
35 20 0
50 16 0
Net_id 157
pin_num 2
35 29 0
44 19 0
Net_id 158
pin_num 2
37 3 0
28 1 0
Net_id 159
pin_num 2
56 21 0
26 17 0
Net_id 160
pin_num 2
29 8 0
54 18 0
Net_id 161
pin_num 2
50 18 0
57 13 0
Net_id 162
pin_num 2
34 54 0
24 9 0
Net_id 163
pin_num 2
22 18 0
23 16 0
Net_id 164
pin_num 2
47 7 0
43 15 0
