Width 60
Height 60
Layer 6
Total_WL 6666
Obstacle_num 144
24 2 0 29 3 0
5 10 0 13 11 0
11 48 0 18 49 0
22 39 0 28 40 0
5 45 0 15 46 0
15 46 0 25 47 0
30 13 0 33 14 0
36 37 0 39 38 0
52 13 0 57 14 0
39 37 0 44 38 0
35 12 0 39 13 0
14 34 0 17 35 0
0 24 0 6 25 0
8 58 0 17 59 0
38 20 0 42 21 0
47 0 0 54 1 0
30 37 0 34 38 0
32 15 0 41 16 0
41 45 0 47 46 0
52 21 0 58 22 0
50 52 0 58 53 0
16 33 0 24 34 0
46 8 0 52 9 0
11 9 0 17 10 0
50 17 1 51 22 1
30 5 1 31 11 1
10 7 1 11 12 1
0 18 1 1 24 1
28 7 1 29 14 1
12 34 1 13 39 1
51 40 1 52 46 1
48 45 1 49 55 1
2 43 1 3 53 1
15 34 1 16 42 1
54 27 1 55 35 1
26 43 1 27 46 1
30 42 1 31 48 1
29 2 1 30 7 1
2 17 1 3 22 1
35 34 1 36 37 1
12 23 1 13 29 1
56 22 1 57 25 1
53 32 1 54 35 1
1 27 1 2 34 1
8 28 1 9 37 1
33 18 1 34 24 1
13 14 1 14 24 1
32 8 1 33 18 1
37 50 2 44 51 2
42 49 2 47 50 2
29 18 2 38 19 2
13 56 2 16 57 2
43 0 2 46 1 2
25 5 2 33 6 2
34 31 2 44 32 2
29 44 2 36 45 2
5 25 2 15 26 2
20 40 2 24 41 2
12 32 2 16 33 2
10 50 2 15 51 2
29 1 2 37 2 2
47 34 2 55 35 2
10 49 2 14 50 2
34 46 2 44 47 2
47 22 2 54 23 2
13 51 2 20 52 2
14 30 2 20 31 2
34 33 2 37 34 2
36 57 2 41 58 2
4 45 2 14 46 2
25 15 2 34 16 2
5 30 2 11 31 2
25 17 3 26 25 3
3 4 3 4 13 3
43 37 3 44 43 3
41 14 3 42 22 3
56 16 3 57 21 3
19 27 3 20 35 3
5 23 3 6 29 3
7 9 3 8 15 3
4 2 3 5 10 3
14 35 3 15 44 3
16 9 3 17 16 3
34 26 3 35 29 3
50 32 3 51 37 3
29 37 3 30 47 3
31 3 3 32 6 3
47 23 3 48 33 3
26 44 3 27 53 3
2 36 3 3 45 3
10 33 3 11 38 3
42 44 3 43 54 3
55 32 3 56 36 3
17 46 3 18 52 3
12 20 3 13 29 3
22 32 3 23 40 3
3 19 4 9 20 4
49 37 4 57 38 4
2 4 4 11 5 4
36 39 4 42 40 4
19 46 4 24 47 4
32 45 4 38 46 4
31 18 4 41 19 4
49 35 4 54 36 4
39 5 4 48 6 4
6 17 4 14 18 4
42 52 4 52 53 4
28 33 4 36 34 4
11 19 4 14 20 4
13 29 4 17 30 4
2 36 4 5 37 4
32 12 4 42 13 4
30 29 4 39 30 4
34 14 4 43 15 4
2 5 4 5 6 4
22 1 4 31 2 4
28 54 4 31 55 4
23 9 4 30 10 4
30 11 4 38 12 4
4 25 4 14 26 4
51 2 5 52 9 5
31 47 5 32 52 5
38 38 5 39 46 5
11 49 5 12 53 5
18 6 5 19 11 5
40 6 5 41 15 5
6 11 5 7 16 5
48 24 5 49 34 5
53 50 5 54 58 5
34 5 5 35 8 5
4 43 5 5 48 5
51 35 5 52 44 5
52 30 5 53 34 5
32 55 5 33 59 5
3 24 5 4 29 5
23 3 5 24 7 5
37 3 5 38 6 5
53 26 5 54 31 5
27 51 5 28 55 5
50 22 5 51 28 5
2 2 5 3 10 5
2 34 5 3 42 5
42 6 5 43 10 5
51 9 5 52 17 5
Net_num 160
Net_id 0
pin_num 5
16 20 0
25 12 0
11 12 0
10 12 0
13 1 0
Net_id 1
pin_num 5
4 9 0
2 11 0
0 26 0
10 17 0
13 11 0
Net_id 2
pin_num 5
10 16 0
11 7 0
6 0 0
6 15 0
8 8 0
Net_id 3
pin_num 5
2 58 0
3 58 0
22 59 0
16 52 0
0 57 0
Net_id 4
pin_num 5
30 58 0
11 59 0
23 53 0
6 56 0
1 45 0
Net_id 5
pin_num 5
59 33 0
49 33 0
55 42 0
59 16 0
37 33 0
Net_id 6
pin_num 5
38 1 0
42 4 0
37 1 0
41 4 0
59 3 0
Net_id 7
pin_num 5
5 34 0
4 39 0
12 34 0
20 39 0
5 51 0
Net_id 8
pin_num 5
24 34 0
17 22 0
17 42 0
9 25 0
16 11 0
Net_id 9
pin_num 5
0 55 0
5 57 0
28 59 0
23 38 0
28 41 0
Net_id 10
pin_num 5
33 55 0
20 58 0
22 44 0
20 57 0
27 56 0
Net_id 11
pin_num 5
33 46 0
21 44 0
25 57 0
32 24 0
33 32 0
Net_id 12
pin_num 5
38 13 0
40 16 0
47 15 0
59 12 0
36 20 0
Net_id 13
pin_num 5
34 59 0
32 57 0
29 39 0
14 51 0
23 57 0
Net_id 14
pin_num 5
53 40 0
49 40 0
50 34 0
32 34 0
40 30 0
Net_id 15
pin_num 5
56 53 0
53 50 0
30 51 0
12 51 0
44 59 0
Net_id 16
pin_num 5
1 42 0
6 46 0
3 22 0
0 27 0
10 27 0
Net_id 17
pin_num 5
33 22 0
22 24 0
25 13 0
15 14 0
38 14 0
Net_id 18
pin_num 5
32 11 0
18 11 0
22 0 0
22 15 0
30 17 0
Net_id 19
pin_num 5
6 53 0
17 45 0
31 58 0
19 45 0
40 49 0
Net_id 20
pin_num 4
44 24 0
49 21 0
26 21 0
48 7 0
Net_id 21
pin_num 4
56 57 0
58 56 0
59 49 0
43 55 0
Net_id 22
pin_num 4
30 18 0
10 18 0
23 21 0
26 32 0
Net_id 23
pin_num 4
9 21 0
22 21 0
29 19 0
7 22 0
Net_id 24
pin_num 4
25 0 0
23 15 0
12 13 0
29 15 0
Net_id 25
pin_num 4
52 28 0
49 26 0
58 31 0
49 31 0
Net_id 26
pin_num 4
59 50 0
54 47 0
54 38 0
54 35 0
Net_id 27
pin_num 4
37 50 0
37 46 0
58 48 0
56 30 0
Net_id 28
pin_num 4
52 39 0
49 49 0
51 47 0
54 37 0
Net_id 29
pin_num 4
13 10 0
29 12 0
23 26 0
0 1 0
Net_id 30
pin_num 4
48 27 0
37 31 0
45 13 0
14 31 0
Net_id 31
pin_num 4
21 1 0
27 4 0
5 4 0
20 10 0
Net_id 32
pin_num 4
47 33 0
45 47 0
46 17 0
48 40 0
Net_id 33
pin_num 4
29 43 0
23 42 0
18 28 0
33 30 0
Net_id 34
pin_num 4
11 4 0
15 2 0
3 12 0
7 6 0
Net_id 35
pin_num 4
58 15 0
49 4 0
54 9 0
39 8 0
Net_id 36
pin_num 4
44 19 0
27 10 0
16 16 0
15 16 0
Net_id 37
pin_num 4
58 36 0
52 43 0
38 35 0
47 29 0
Net_id 38
pin_num 4
15 1 0
26 1 0
19 22 0
27 17 0
Net_id 39
pin_num 4
17 57 0
21 55 0
18 52 0
18 27 0
Net_id 40
pin_num 3
21 52 0
32 50 0
24 41 0
Net_id 41
pin_num 3
25 32 0
19 32 0
41 25 0
Net_id 42
pin_num 3
4 38 0
26 54 0
8 47 0
Net_id 43
pin_num 3
46 51 0
47 59 0
56 50 0
Net_id 44
pin_num 3
24 5 0
11 3 0
46 0 0
Net_id 45
pin_num 3
0 0 0
17 9 0
21 13 0
Net_id 46
pin_num 3
59 54 0
56 49 0
59 11 0
Net_id 47
pin_num 3
10 32 0
16 29 0
0 17 0
Net_id 48
pin_num 3
25 6 0
38 8 0
20 2 0
Net_id 49
pin_num 3
43 10 0
24 6 0
0 12 0
Net_id 50
pin_num 3
33 50 0
41 58 0
34 47 0
Net_id 51
pin_num 3
42 26 0
46 36 0
50 30 0
Net_id 52
pin_num 3
35 28 0
19 28 0
29 34 0
Net_id 53
pin_num 3
31 47 0
16 36 0
0 45 0
Net_id 54
pin_num 3
21 7 0
2 1 0
19 23 0
Net_id 55
pin_num 3
48 42 0
54 25 0
32 42 0
Net_id 56
pin_num 3
54 6 0
40 6 0
47 16 0
Net_id 57
pin_num 3
20 49 0
35 39 0
51 27 0
Net_id 58
pin_num 3
1 10 0
3 5 0
8 3 0
Net_id 59
pin_num 3
51 32 0
43 25 0
58 35 0
Net_id 60
pin_num 3
27 38 0
35 32 0
2 34 0
Net_id 61
pin_num 3
14 56 0
27 43 0
0 52 0
Net_id 62
pin_num 3
11 33 0
3 33 0
23 43 0
Net_id 63
pin_num 3
43 54 0
57 58 0
55 43 0
Net_id 64
pin_num 3
44 22 0
28 26 0
58 24 0
Net_id 65
pin_num 3
45 1 0
9 8 0
51 21 0
Net_id 66
pin_num 3
27 8 0
32 4 0
34 0 0
Net_id 67
pin_num 3
29 30 0
31 51 0
36 45 0
Net_id 68
pin_num 3
13 18 0
4 40 0
0 15 0
Net_id 69
pin_num 3
15 19 0
37 10 0
27 34 0
Net_id 70
pin_num 3
34 2 0
42 20 0
28 0 0
Net_id 71
pin_num 3
13 29 0
17 17 0
3 45 0
Net_id 72
pin_num 3
8 25 0
2 35 0
18 15 0
Net_id 73
pin_num 3
17 40 0
4 30 0
5 50 0
Net_id 74
pin_num 3
49 47 0
41 56 0
50 56 0
Net_id 75
pin_num 3
51 9 0
45 9 0
18 6 0
Net_id 76
pin_num 3
33 41 0
43 41 0
31 26 0
Net_id 77
pin_num 3
20 47 0
30 50 0
7 58 0
Net_id 78
pin_num 3
30 24 0
21 22 0
26 8 0
Net_id 79
pin_num 2
5 27 0
20 22 0
Net_id 80
pin_num 2
22 10 0
57 3 0
Net_id 81
pin_num 2
49 13 0
44 23 0
Net_id 82
pin_num 2
41 51 0
25 44 0
Net_id 83
pin_num 2
42 17 0
43 8 0
Net_id 84
pin_num 2
0 14 0
9 5 0
Net_id 85
pin_num 2
58 51 0
40 58 0
Net_id 86
pin_num 2
38 31 0
50 41 0
Net_id 87
pin_num 2
26 40 0
8 43 0
Net_id 88
pin_num 2
7 42 0
13 42 0
Net_id 89
pin_num 2
48 26 0
38 11 0
Net_id 90
pin_num 2
35 26 0
35 23 0
Net_id 91
pin_num 2
15 17 0
25 35 0
Net_id 92
pin_num 2
29 32 0
28 39 0
Net_id 93
pin_num 2
2 41 0
7 48 0
Net_id 94
pin_num 2
54 19 0
55 17 0
Net_id 95
pin_num 2
24 33 0
31 24 0
Net_id 96
pin_num 2
29 27 0
25 25 0
Net_id 97
pin_num 2
55 5 0
58 6 0
Net_id 98
pin_num 2
7 13 0
14 28 0
Net_id 99
pin_num 2
11 13 0
0 32 0
Net_id 100
pin_num 2
44 36 0
24 37 0
Net_id 101
pin_num 2
51 14 0
39 16 0
Net_id 102
pin_num 2
15 35 0
10 29 0
Net_id 103
pin_num 2
34 32 0
34 20 0
Net_id 104
pin_num 2
47 5 0
36 6 0
Net_id 105
pin_num 2
3 19 0
2 30 0
Net_id 106
pin_num 2
10 22 0
0 8 0
Net_id 107
pin_num 2
39 55 0
35 53 0
Net_id 108
pin_num 2
39 6 0
30 19 0
Net_id 109
pin_num 2
59 42 0
55 50 0
Net_id 110
pin_num 2
39 13 0
50 23 0
Net_id 111
pin_num 2
4 36 0
21 30 0
Net_id 112
pin_num 2
37 0 0
35 1 0
Net_id 113
pin_num 2
12 19 0
4 22 0
Net_id 114
pin_num 2
25 23 0
58 14 0
Net_id 115
pin_num 2
29 17 0
39 7 0
Net_id 116
pin_num 2
7 47 0
1 56 0
Net_id 117
pin_num 2
37 30 0
22 22 0
Net_id 118
pin_num 2
4 46 0
0 47 0
Net_id 119
pin_num 2
8 54 0
28 55 0
Net_id 120
pin_num 2
21 35 0
21 38 0
Net_id 121
pin_num 2
7 21 0
1 37 0
Net_id 122
pin_num 2
47 7 0
36 24 0
Net_id 123
pin_num 2
41 55 0
39 50 0
Net_id 124
pin_num 2
18 30 0
42 13 0
Net_id 125
pin_num 2
41 52 0
30 48 0
Net_id 126
pin_num 2
35 51 0
45 31 0
Net_id 127
pin_num 2
10 48 0
2 22 0
Net_id 128
pin_num 2
23 30 0
37 38 0
Net_id 129
pin_num 2
16 47 0
34 39 0
Net_id 130
pin_num 2
33 4 0
43 2 0
Net_id 131
pin_num 2
33 7 0
8 1 0
Net_id 132
pin_num 2
6 22 0
6 37 0
Net_id 133
pin_num 2
34 16 0
55 24 0
Net_id 134
pin_num 2
52 23 0
57 41 0
Net_id 135
pin_num 2
12 37 0
33 24 0
Net_id 136
pin_num 2
32 26 0
44 38 0
Net_id 137
pin_num 2
11 30 0
14 36 0
Net_id 138
pin_num 2
18 48 0
24 38 0
Net_id 139
pin_num 2
44 28 0
36 47 0
Net_id 140
pin_num 2
26 20 0
40 38 0
Net_id 141
pin_num 2
0 3 0
19 8 0
Net_id 142
pin_num 2
8 32 0
9 26 0
Net_id 143
pin_num 2
53 47 0
46 3 0
Net_id 144
pin_num 2
44 0 0
45 10 0
Net_id 145
pin_num 2
15 56 0
37 44 0
Net_id 146
pin_num 2
44 40 0
59 55 0
Net_id 147
pin_num 2
57 2 0
56 5 0
Net_id 148
pin_num 2
10 37 0
7 29 0
Net_id 149
pin_num 2
21 15 0
2 12 0
Net_id 150
pin_num 2
43 3 0
57 11 0
Net_id 151
pin_num 2
35 10 0
34 10 0
Net_id 152
pin_num 2
26 24 0
31 19 0
Net_id 153
pin_num 2
45 52 0
51 50 0
Net_id 154
pin_num 2
54 43 0
33 53 0
Net_id 155
pin_num 2
33 48 0
44 53 0
Net_id 156
pin_num 2
11 55 0
4 56 0
Net_id 157
pin_num 2
12 6 0
36 28 0
Net_id 158
pin_num 2
3 17 0
9 18 0
Net_id 159
pin_num 2
48 49 0
33 58 0
