Width 60
Height 60
Layer 6
Total_WL 6880
Obstacle_num 144
0 21 0 7 22 0
5 2 0 11 3 0
41 2 0 45 3 0
8 46 0 12 47 0
24 18 0 28 19 0
27 24 0 34 25 0
2 0 0 8 1 0
48 51 0 52 52 0
22 42 0 32 43 0
21 37 0 30 38 0
10 21 0 17 22 0
28 11 0 34 12 0
3 38 0 13 39 0
19 48 0 26 49 0
21 10 0 30 11 0
51 8 0 57 9 0
47 17 0 57 18 0
6 26 0 13 27 0
34 8 0 43 9 0
32 12 0 38 13 0
45 7 0 54 8 0
40 29 0 45 30 0
13 29 0 19 30 0
33 40 0 37 41 0
17 31 1 18 35 1
32 19 1 33 29 1
1 23 1 2 26 1
53 19 1 54 24 1
13 13 1 14 16 1
6 29 1 7 37 1
3 42 1 4 45 1
39 22 1 40 26 1
19 21 1 20 29 1
9 17 1 10 27 1
26 36 1 27 43 1
18 47 1 19 55 1
17 22 1 18 28 1
46 51 1 47 59 1
1 13 1 2 20 1
16 20 1 17 25 1
41 48 1 42 58 1
14 2 1 15 11 1
55 44 1 56 49 1
38 41 1 39 51 1
50 25 1 51 31 1
23 5 1 24 11 1
23 35 1 24 41 1
44 46 1 45 56 1
34 11 2 43 12 2
18 46 2 26 47 2
0 10 2 5 11 2
1 16 2 8 17 2
49 47 2 58 48 2
31 46 2 38 47 2
36 42 2 42 43 2
16 25 2 26 26 2
13 1 2 23 2 2
31 29 2 36 30 2
9 34 2 12 35 2
30 55 2 34 56 2
54 52 2 58 53 2
16 4 2 26 5 2
38 51 2 44 52 2
11 41 2 17 42 2
8 39 2 14 40 2
43 10 2 49 11 2
53 46 2 56 47 2
1 38 2 9 39 2
39 32 2 48 33 2
15 36 2 23 37 2
31 9 2 36 10 2
53 51 2 58 52 2
14 21 3 15 31 3
46 2 3 47 8 3
13 21 3 14 30 3
45 42 3 46 46 3
24 55 3 25 58 3
42 7 3 43 13 3
41 48 3 42 57 3
34 23 3 35 28 3
38 44 3 39 52 3
18 36 3 19 46 3
35 29 3 36 39 3
26 6 3 27 11 3
50 50 3 51 56 3
26 12 3 27 19 3
36 3 3 37 9 3
19 47 3 20 54 3
31 27 3 32 34 3
46 10 3 47 17 3
25 50 3 26 56 3
48 20 3 49 27 3
43 23 3 44 28 3
29 33 3 30 38 3
42 1 3 43 6 3
53 41 3 54 48 3
38 14 4 48 15 4
21 45 4 25 46 4
8 25 4 17 26 4
21 56 4 28 57 4
41 29 4 44 30 4
15 37 4 20 38 4
43 34 4 46 35 4
43 19 4 50 20 4
47 49 4 53 50 4
44 45 4 50 46 4
17 26 4 23 27 4
15 48 4 20 49 4
26 30 4 32 31 4
10 16 4 13 17 4
25 50 4 33 51 4
10 14 4 19 15 4
14 57 4 23 58 4
47 1 4 55 2 4
42 0 4 51 1 4
4 14 4 9 15 4
6 28 4 13 29 4
39 42 4 43 43 4
5 53 4 14 54 4
0 41 4 9 42 4
16 41 5 17 48 5
54 17 5 55 25 5
2 20 5 3 24 5
41 21 5 42 25 5
57 28 5 58 34 5
54 2 5 55 8 5
50 20 5 51 26 5
34 16 5 35 20 5
29 49 5 30 52 5
8 12 5 9 21 5
52 37 5 53 46 5
11 43 5 12 48 5
48 34 5 49 38 5
7 22 5 8 30 5
18 43 5 19 49 5
35 7 5 36 12 5
4 41 5 5 48 5
9 40 5 10 46 5
30 9 5 31 16 5
4 20 5 5 23 5
22 12 5 23 22 5
56 18 5 57 21 5
35 33 5 36 39 5
58 29 5 59 36 5
Net_num 162
Net_id 0
pin_num 5
27 4 0
7 4 0
18 23 0
1 0 0
22 0 0
Net_id 1
pin_num 5
3 57 0
1 58 0
2 41 0
3 59 0
0 28 0
Net_id 2
pin_num 5
14 47 0
0 52 0
32 47 0
15 28 0
12 43 0
Net_id 3
pin_num 5
26 52 0
36 41 0
10 52 0
52 51 0
58 41 0
Net_id 4
pin_num 5
47 53 0
33 50 0
39 34 0
43 34 0
43 11 0
Net_id 5
pin_num 5
5 46 0
23 49 0
20 32 0
7 33 0
9 10 0
Net_id 6
pin_num 5
40 42 0
32 48 0
49 42 0
27 49 0
44 43 0
Net_id 7
pin_num 5
1 48 0
0 51 0
9 48 0
18 59 0
9 51 0
Net_id 8
pin_num 5
51 5 0
39 5 0
58 5 0
56 23 0
59 19 0
Net_id 9
pin_num 5
56 46 0
49 43 0
59 50 0
51 37 0
56 36 0
Net_id 10
pin_num 5
53 56 0
55 59 0
45 56 0
43 58 0
44 59 0
Net_id 11
pin_num 5
8 9 0
11 2 0
27 2 0
16 12 0
0 16 0
Net_id 12
pin_num 5
11 17 0
17 16 0
41 16 0
37 9 0
29 27 0
Net_id 13
pin_num 5
18 6 0
12 6 0
22 6 0
28 6 0
26 22 0
Net_id 14
pin_num 5
16 13 0
21 8 0
2 20 0
23 0 0
21 3 0
Net_id 15
pin_num 5
39 23 0
51 25 0
26 24 0
30 18 0
53 19 0
Net_id 16
pin_num 5
47 38 0
59 44 0
53 49 0
54 44 0
43 54 0
Net_id 17
pin_num 5
12 7 0
8 12 0
23 7 0
30 1 0
25 5 0
Net_id 18
pin_num 5
59 1 0
44 0 0
44 13 0
50 4 0
59 8 0
Net_id 19
pin_num 5
53 36 0
55 31 0
59 34 0
59 29 0
59 41 0
Net_id 20
pin_num 4
21 55 0
32 59 0
19 49 0
23 50 0
Net_id 21
pin_num 4
53 48 0
46 50 0
51 36 0
47 37 0
Net_id 22
pin_num 4
16 1 0
25 7 0
25 26 0
8 8 0
Net_id 23
pin_num 4
19 30 0
6 27 0
28 28 0
19 13 0
Net_id 24
pin_num 4
20 2 0
26 0 0
22 8 0
29 6 0
Net_id 25
pin_num 4
38 31 0
44 31 0
27 31 0
32 41 0
Net_id 26
pin_num 4
14 59 0
12 57 0
1 57 0
3 46 0
Net_id 27
pin_num 4
53 29 0
53 37 0
52 47 0
41 35 0
Net_id 28
pin_num 4
36 0 0
43 8 0
43 6 0
41 14 0
Net_id 29
pin_num 4
38 48 0
53 50 0
40 40 0
45 54 0
Net_id 30
pin_num 4
5 15 0
4 27 0
15 49 0
21 40 0
Net_id 31
pin_num 4
21 43 0
18 40 0
27 46 0
12 53 0
Net_id 32
pin_num 4
35 33 0
40 35 0
39 52 0
33 55 0
Net_id 33
pin_num 4
29 57 0
17 57 0
22 58 0
22 45 0
Net_id 34
pin_num 4
28 46 0
37 37 0
50 47 0
36 17 0
Net_id 35
pin_num 4
53 20 0
58 38 0
48 26 0
38 32 0
Net_id 36
pin_num 4
40 18 0
25 24 0
30 9 0
30 43 0
Net_id 37
pin_num 4
47 50 0
57 49 0
56 59 0
57 40 0
Net_id 38
pin_num 4
56 52 0
53 59 0
50 55 0
49 57 0
Net_id 39
pin_num 4
23 54 0
16 52 0
41 54 0
31 58 0
Net_id 40
pin_num 3
16 41 0
28 45 0
25 32 0
Net_id 41
pin_num 3
17 19 0
7 20 0
15 3 0
Net_id 42
pin_num 3
9 50 0
1 37 0
16 51 0
Net_id 43
pin_num 3
42 24 0
51 6 0
40 21 0
Net_id 44
pin_num 3
40 25 0
38 15 0
24 20 0
Net_id 45
pin_num 3
39 29 0
30 29 0
54 35 0
Net_id 46
pin_num 3
56 6 0
38 9 0
59 25 0
Net_id 47
pin_num 3
41 43 0
28 48 0
30 53 0
Net_id 48
pin_num 3
14 3 0
1 6 0
24 0 0
Net_id 49
pin_num 3
4 28 0
14 27 0
15 56 0
Net_id 50
pin_num 3
0 10 0
10 11 0
3 31 0
Net_id 51
pin_num 3
59 12 0
57 25 0
49 16 0
Net_id 52
pin_num 3
14 34 0
1 42 0
40 59 0
Net_id 53
pin_num 3
52 13 0
57 22 0
57 2 0
Net_id 54
pin_num 3
51 28 0
58 2 0
45 4 0
Net_id 55
pin_num 3
35 1 0
24 15 0
35 0 0
Net_id 56
pin_num 3
34 56 0
57 57 0
46 39 0
Net_id 57
pin_num 3
56 30 0
57 35 0
31 38 0
Net_id 58
pin_num 3
54 2 0
33 8 0
59 5 0
Net_id 59
pin_num 3
15 33 0
20 45 0
5 44 0
Net_id 60
pin_num 3
29 3 0
6 1 0
18 24 0
Net_id 61
pin_num 3
33 53 0
37 47 0
53 54 0
Net_id 62
pin_num 3
34 57 0
36 51 0
15 54 0
Net_id 63
pin_num 3
26 32 0
44 37 0
26 35 0
Net_id 64
pin_num 3
59 59 0
54 45 0
32 50 0
Net_id 65
pin_num 3
54 39 0
51 13 0
24 24 0
Net_id 66
pin_num 3
11 30 0
12 24 0
12 10 0
Net_id 67
pin_num 3
41 52 0
59 55 0
55 30 0
Net_id 68
pin_num 3
0 18 0
6 18 0
33 10 0
Net_id 69
pin_num 3
56 51 0
59 53 0
57 38 0
Net_id 70
pin_num 3
13 44 0
1 33 0
21 33 0
Net_id 71
pin_num 3
16 14 0
0 22 0
5 37 0
Net_id 72
pin_num 3
9 49 0
0 27 0
6 23 0
Net_id 73
pin_num 3
54 54 0
48 57 0
55 19 0
Net_id 74
pin_num 3
59 37 0
49 22 0
51 32 0
Net_id 75
pin_num 3
36 28 0
53 38 0
45 36 0
Net_id 76
pin_num 3
37 44 0
33 37 0
31 44 0
Net_id 77
pin_num 3
15 58 0
22 44 0
58 52 0
Net_id 78
pin_num 2
41 45 0
31 41 0
Net_id 79
pin_num 2
3 24 0
6 12 0
Net_id 80
pin_num 2
41 26 0
54 19 0
Net_id 81
pin_num 2
32 5 0
27 5 0
Net_id 82
pin_num 2
27 30 0
11 25 0
Net_id 83
pin_num 2
17 20 0
23 24 0
Net_id 84
pin_num 2
10 31 0
0 17 0
Net_id 85
pin_num 2
1 59 0
13 45 0
Net_id 86
pin_num 2
7 49 0
1 49 0
Net_id 87
pin_num 2
24 29 0
45 55 0
Net_id 88
pin_num 2
23 20 0
2 22 0
Net_id 89
pin_num 2
39 12 0
21 23 0
Net_id 90
pin_num 2
53 43 0
59 42 0
Net_id 91
pin_num 2
34 34 0
52 30 0
Net_id 92
pin_num 2
45 38 0
42 36 0
Net_id 93
pin_num 2
45 47 0
50 35 0
Net_id 94
pin_num 2
7 58 0
25 45 0
Net_id 95
pin_num 2
27 38 0
33 23 0
Net_id 96
pin_num 2
46 59 0
45 57 0
Net_id 97
pin_num 2
20 42 0
21 44 0
Net_id 98
pin_num 2
14 45 0
19 38 0
Net_id 99
pin_num 2
57 6 0
59 13 0
Net_id 100
pin_num 2
46 22 0
56 35 0
Net_id 101
pin_num 2
44 44 0
54 38 0
Net_id 102
pin_num 2
32 8 0
23 21 0
Net_id 103
pin_num 2
13 50 0
2 40 0
Net_id 104
pin_num 2
59 17 0
48 6 0
Net_id 105
pin_num 2
7 40 0
3 45 0
Net_id 106
pin_num 2
0 4 0
16 5 0
Net_id 107
pin_num 2
8 43 0
1 51 0
Net_id 108
pin_num 2
1 7 0
7 21 0
Net_id 109
pin_num 2
34 36 0
25 31 0
Net_id 110
pin_num 2
46 33 0
35 18 0
Net_id 111
pin_num 2
19 53 0
11 49 0
Net_id 112
pin_num 2
41 37 0
31 36 0
Net_id 113
pin_num 2
0 41 0
2 31 0
Net_id 114
pin_num 2
1 30 0
12 32 0
Net_id 115
pin_num 2
8 42 0
2 29 0
Net_id 116
pin_num 2
16 23 0
1 36 0
Net_id 117
pin_num 2
17 10 0
12 1 0
Net_id 118
pin_num 2
18 12 0
28 4 0
Net_id 119
pin_num 2
30 33 0
22 43 0
Net_id 120
pin_num 2
25 34 0
20 36 0
Net_id 121
pin_num 2
21 56 0
36 48 0
Net_id 122
pin_num 2
50 21 0
47 16 0
Net_id 123
pin_num 2
41 49 0
57 50 0
Net_id 124
pin_num 2
50 45 0
42 44 0
Net_id 125
pin_num 2
55 21 0
48 18 0
Net_id 126
pin_num 2
44 9 0
54 18 0
Net_id 127
pin_num 2
13 36 0
31 23 0
Net_id 128
pin_num 2
4 29 0
31 37 0
Net_id 129
pin_num 2
10 59 0
24 50 0
Net_id 130
pin_num 2
19 55 0
29 56 0
Net_id 131
pin_num 2
27 51 0
10 41 0
Net_id 132
pin_num 2
11 29 0
27 19 0
Net_id 133
pin_num 2
56 11 0
54 4 0
Net_id 134
pin_num 2
13 54 0
24 53 0
Net_id 135
pin_num 2
37 53 0
57 42 0
Net_id 136
pin_num 2
12 15 0
20 17 0
Net_id 137
pin_num 2
50 42 0
55 50 0
Net_id 138
pin_num 2
48 39 0
47 27 0
Net_id 139
pin_num 2
0 53 0
6 58 0
Net_id 140
pin_num 2
28 12 0
21 9 0
Net_id 141
pin_num 2
13 12 0
8 15 0
Net_id 142
pin_num 2
52 35 0
49 32 0
Net_id 143
pin_num 2
36 9 0
29 7 0
Net_id 144
pin_num 2
3 17 0
19 5 0
Net_id 145
pin_num 2
30 22 0
7 9 0
Net_id 146
pin_num 2
14 42 0
1 55 0
Net_id 147
pin_num 2
4 41 0
23 29 0
Net_id 148
pin_num 2
22 9 0
29 4 0
Net_id 149
pin_num 2
49 55 0
47 59 0
Net_id 150
pin_num 2
16 30 0
11 35 0
Net_id 151
pin_num 2
29 40 0
24 27 0
Net_id 152
pin_num 2
6 22 0
10 1 0
Net_id 153
pin_num 2
43 55 0
13 38 0
Net_id 154
pin_num 2
50 16 0
57 16 0
Net_id 155
pin_num 2
36 30 0
58 25 0
Net_id 156
pin_num 2
4 45 0
11 45 0
Net_id 157
pin_num 2
49 27 0
54 27 0
Net_id 158
pin_num 2
36 13 0
39 3 0
Net_id 159
pin_num 2
43 25 0
59 18 0
Net_id 160
pin_num 2
19 14 0
25 14 0
Net_id 161
pin_num 2
11 34 0
5 35 0
