Width 60
Height 60
Layer 6
Total_WL 6691
Obstacle_num 144
33 9 0 39 10 0
25 58 0 31 59 0
13 9 0 19 10 0
22 23 0 31 24 0
34 29 0 44 30 0
9 48 0 12 49 0
21 26 0 24 27 0
0 42 0 3 43 0
52 8 0 55 9 0
24 53 0 31 54 0
19 42 0 28 43 0
23 20 0 26 21 0
17 5 0 26 6 0
1 8 0 9 9 0
29 45 0 37 46 0
47 24 0 50 25 0
24 6 0 32 7 0
42 0 0 48 1 0
43 17 0 46 18 0
14 40 0 20 41 0
20 6 0 23 7 0
47 53 0 57 54 0
44 22 0 54 23 0
46 48 0 54 49 0
31 43 1 32 48 1
37 3 1 38 7 1
28 39 1 29 47 1
34 31 1 35 36 1
38 9 1 39 12 1
16 25 1 17 33 1
51 31 1 52 34 1
12 23 1 13 27 1
42 20 1 43 23 1
30 0 1 31 4 1
56 3 1 57 11 1
2 20 1 3 28 1
11 47 1 12 56 1
45 8 1 46 16 1
36 54 1 37 58 1
10 10 1 11 16 1
44 17 1 45 20 1
21 1 1 22 9 1
26 13 1 27 22 1
31 30 1 32 37 1
53 13 1 54 22 1
9 30 1 10 34 1
13 19 1 14 26 1
34 10 1 35 19 1
13 15 2 18 16 2
34 52 2 38 53 2
39 25 2 48 26 2
50 54 2 57 55 2
40 45 2 50 46 2
18 53 2 26 54 2
30 18 2 34 19 2
26 57 2 35 58 2
45 50 2 54 51 2
26 56 2 33 57 2
51 27 2 56 28 2
45 29 2 52 30 2
28 3 2 38 4 2
13 56 2 21 57 2
56 1 2 59 2 2
5 39 2 12 40 2
15 24 2 22 25 2
35 41 2 40 42 2
5 6 2 10 7 2
6 14 2 13 15 2
36 49 2 44 50 2
32 29 2 39 30 2
34 45 2 37 46 2
55 50 2 58 51 2
52 14 3 53 22 3
30 1 3 31 9 3
29 19 3 30 22 3
48 41 3 49 46 3
37 3 3 38 9 3
8 54 3 9 59 3
35 23 3 36 30 3
48 15 3 49 23 3
11 43 3 12 47 3
49 10 3 50 15 3
19 38 3 20 46 3
10 11 3 11 20 3
45 15 3 46 22 3
41 12 3 42 22 3
42 45 3 43 54 3
37 27 3 38 36 3
53 17 3 54 26 3
22 31 3 23 40 3
57 14 3 58 24 3
1 34 3 2 40 3
4 11 3 5 16 3
43 9 3 44 16 3
16 39 3 17 46 3
23 36 3 24 39 3
47 31 4 50 32 4
12 12 4 21 13 4
5 58 4 11 59 4
10 45 4 14 46 4
23 11 4 32 12 4
36 30 4 40 31 4
44 20 4 52 21 4
47 47 4 57 48 4
17 39 4 23 40 4
34 15 4 40 16 4
17 38 4 24 39 4
10 14 4 20 15 4
20 43 4 29 44 4
2 56 4 8 57 4
38 12 4 42 13 4
4 5 4 10 6 4
49 48 4 59 49 4
31 47 4 39 48 4
47 9 4 56 10 4
24 34 4 33 35 4
47 38 4 56 39 4
13 44 4 23 45 4
39 24 4 44 25 4
14 47 4 17 48 4
25 10 5 26 17 5
27 22 5 28 27 5
12 15 5 13 21 5
22 48 5 23 55 5
55 49 5 56 56 5
41 21 5 42 31 5
49 55 5 50 59 5
24 18 5 25 25 5
57 21 5 58 25 5
0 23 5 1 26 5
18 0 5 19 5 5
45 51 5 46 55 5
54 3 5 55 11 5
54 24 5 55 30 5
10 48 5 11 55 5
14 24 5 15 27 5
1 56 5 2 59 5
56 30 5 57 38 5
45 41 5 46 48 5
43 13 5 44 16 5
15 47 5 16 52 5
30 48 5 31 52 5
23 26 5 24 35 5
2 28 5 3 32 5
Net_num 161
Net_id 0
pin_num 5
0 19 0
11 11 0
4 17 0
11 17 0
0 14 0
Net_id 1
pin_num 5
48 26 0
44 15 0
46 7 0
24 13 0
52 25 0
Net_id 2
pin_num 5
34 59 0
39 47 0
14 54 0
16 43 0
45 59 0
Net_id 3
pin_num 5
21 50 0
19 47 0
21 41 0
6 41 0
20 24 0
Net_id 4
pin_num 5
15 6 0
18 3 0
27 0 0
48 0 0
31 4 0
Net_id 5
pin_num 5
51 59 0
58 56 0
59 49 0
59 40 0
50 46 0
Net_id 6
pin_num 5
33 39 0
33 42 0
46 59 0
13 40 0
43 57 0
Net_id 7
pin_num 5
9 37 0
0 43 0
0 51 0
0 59 0
9 44 0
Net_id 8
pin_num 5
4 27 0
0 18 0
0 2 0
11 18 0
22 2 0
Net_id 9
pin_num 5
41 11 0
30 5 0
35 28 0
12 11 0
31 5 0
Net_id 10
pin_num 5
16 26 0
10 29 0
4 29 0
14 17 0
14 46 0
Net_id 11
pin_num 5
16 17 0
24 24 0
6 21 0
8 1 0
31 23 0
Net_id 12
pin_num 5
15 8 0
15 19 0
42 11 0
15 36 0
31 14 0
Net_id 13
pin_num 5
36 15 0
30 15 0
33 37 0
16 22 0
33 38 0
Net_id 14
pin_num 5
53 45 0
50 35 0
34 41 0
40 28 0
52 30 0
Net_id 15
pin_num 5
11 26 0
23 34 0
20 51 0
21 28 0
27 47 0
Net_id 16
pin_num 5
18 49 0
13 49 0
6 47 0
13 18 0
10 33 0
Net_id 17
pin_num 5
31 51 0
27 37 0
30 56 0
39 54 0
21 59 0
Net_id 18
pin_num 5
8 0 0
14 8 0
9 8 0
0 5 0
10 19 0
Net_id 19
pin_num 4
14 13 0
0 13 0
6 12 0
3 9 0
Net_id 20
pin_num 4
37 32 0
35 10 0
47 17 0
58 23 0
Net_id 21
pin_num 4
3 28 0
16 23 0
16 13 0
14 28 0
Net_id 22
pin_num 4
21 19 0
19 14 0
36 17 0
27 3 0
Net_id 23
pin_num 4
38 34 0
45 30 0
44 23 0
31 30 0
Net_id 24
pin_num 4
40 58 0
58 59 0
44 41 0
47 57 0
Net_id 25
pin_num 4
59 38 0
50 38 0
51 57 0
59 55 0
Net_id 26
pin_num 4
50 13 0
48 19 0
35 19 0
22 10 0
Net_id 27
pin_num 4
51 54 0
43 54 0
59 57 0
39 58 0
Net_id 28
pin_num 4
33 0 0
25 2 0
32 6 0
29 12 0
Net_id 29
pin_num 4
1 0 0
5 12 0
19 3 0
26 2 0
Net_id 30
pin_num 4
26 41 0
35 50 0
26 50 0
41 50 0
Net_id 31
pin_num 4
54 12 0
54 20 0
47 1 0
59 5 0
Net_id 32
pin_num 4
1 20 0
4 24 0
14 16 0
6 17 0
Net_id 33
pin_num 4
6 52 0
22 53 0
22 45 0
31 55 0
Net_id 34
pin_num 4
34 10 0
26 10 0
27 20 0
16 20 0
Net_id 35
pin_num 4
54 6 0
48 6 0
50 14 0
59 16 0
Net_id 36
pin_num 4
17 8 0
30 14 0
32 8 0
25 29 0
Net_id 37
pin_num 4
0 58 0
10 58 0
19 58 0
0 36 0
Net_id 38
pin_num 4
5 20 0
1 26 0
3 31 0
4 10 0
Net_id 39
pin_num 4
51 4 0
53 2 0
36 4 0
51 12 0
Net_id 40
pin_num 3
26 32 0
12 37 0
9 14 0
Net_id 41
pin_num 3
14 42 0
19 23 0
15 50 0
Net_id 42
pin_num 3
39 23 0
37 33 0
36 18 0
Net_id 43
pin_num 3
11 42 0
21 37 0
12 27 0
Net_id 44
pin_num 3
57 39 0
36 43 0
9 42 0
Net_id 45
pin_num 3
29 13 0
10 23 0
14 10 0
Net_id 46
pin_num 3
4 56 0
9 46 0
31 48 0
Net_id 47
pin_num 3
5 34 0
6 22 0
0 32 0
Net_id 48
pin_num 3
30 59 0
8 46 0
34 46 0
Net_id 49
pin_num 3
44 33 0
35 33 0
57 56 0
Net_id 50
pin_num 3
23 33 0
9 43 0
39 56 0
Net_id 51
pin_num 3
52 47 0
59 32 0
58 37 0
Net_id 52
pin_num 3
34 16 0
29 39 0
47 40 0
Net_id 53
pin_num 3
32 51 0
51 37 0
57 33 0
Net_id 54
pin_num 3
31 32 0
8 42 0
15 16 0
Net_id 55
pin_num 3
10 0 0
18 1 0
5 17 0
Net_id 56
pin_num 3
15 5 0
24 2 0
23 6 0
Net_id 57
pin_num 3
3 38 0
5 24 0
1 54 0
Net_id 58
pin_num 3
12 30 0
9 35 0
9 59 0
Net_id 59
pin_num 3
5 22 0
1 25 0
0 0 0
Net_id 60
pin_num 3
36 41 0
43 24 0
37 24 0
Net_id 61
pin_num 3
42 18 0
23 7 0
26 35 0
Net_id 62
pin_num 3
45 41 0
49 33 0
53 31 0
Net_id 63
pin_num 3
42 1 0
34 1 0
20 1 0
Net_id 64
pin_num 3
43 15 0
35 7 0
40 24 0
Net_id 65
pin_num 3
6 42 0
3 47 0
1 57 0
Net_id 66
pin_num 3
12 55 0
15 59 0
16 59 0
Net_id 67
pin_num 3
37 14 0
58 10 0
41 33 0
Net_id 68
pin_num 3
16 53 0
5 55 0
1 30 0
Net_id 69
pin_num 3
3 33 0
13 50 0
10 53 0
Net_id 70
pin_num 3
22 7 0
8 22 0
17 20 0
Net_id 71
pin_num 3
5 52 0
2 49 0
2 40 0
Net_id 72
pin_num 3
3 16 0
11 16 0
7 7 0
Net_id 73
pin_num 3
17 51 0
20 46 0
13 21 0
Net_id 74
pin_num 3
52 43 0
54 50 0
31 53 0
Net_id 75
pin_num 3
29 47 0
39 48 0
54 51 0
Net_id 76
pin_num 3
19 51 0
12 47 0
13 53 0
Net_id 77
pin_num 3
54 5 0
39 2 0
7 0 0
Net_id 78
pin_num 3
35 47 0
42 24 0
57 44 0
Net_id 79
pin_num 3
39 55 0
43 52 0
40 44 0
Net_id 80
pin_num 3
36 27 0
56 17 0
42 23 0
Net_id 81
pin_num 2
59 54 0
56 36 0
Net_id 82
pin_num 2
2 11 0
18 16 0
Net_id 83
pin_num 2
20 14 0
26 24 0
Net_id 84
pin_num 2
14 53 0
22 41 0
Net_id 85
pin_num 2
0 10 0
5 21 0
Net_id 86
pin_num 2
52 18 0
58 15 0
Net_id 87
pin_num 2
39 28 0
57 26 0
Net_id 88
pin_num 2
15 25 0
1 1 0
Net_id 89
pin_num 2
33 26 0
24 35 0
Net_id 90
pin_num 2
43 53 0
43 56 0
Net_id 91
pin_num 2
32 13 0
37 12 0
Net_id 92
pin_num 2
50 50 0
41 36 0
Net_id 93
pin_num 2
56 28 0
57 19 0
Net_id 94
pin_num 2
10 12 0
3 5 0
Net_id 95
pin_num 2
27 33 0
32 34 0
Net_id 96
pin_num 2
19 30 0
14 30 0
Net_id 97
pin_num 2
47 13 0
39 15 0
Net_id 98
pin_num 2
42 16 0
47 15 0
Net_id 99
pin_num 2
49 28 0
53 28 0
Net_id 100
pin_num 2
30 55 0
4 39 0
Net_id 101
pin_num 2
12 34 0
8 34 0
Net_id 102
pin_num 2
24 15 0
13 12 0
Net_id 103
pin_num 2
15 51 0
8 51 0
Net_id 104
pin_num 2
32 3 0
26 5 0
Net_id 105
pin_num 2
25 35 0
30 25 0
Net_id 106
pin_num 2
51 31 0
58 16 0
Net_id 107
pin_num 2
48 11 0
41 3 0
Net_id 108
pin_num 2
37 15 0
50 30 0
Net_id 109
pin_num 2
21 36 0
26 39 0
Net_id 110
pin_num 2
24 34 0
34 44 0
Net_id 111
pin_num 2
23 4 0
6 20 0
Net_id 112
pin_num 2
22 43 0
12 40 0
Net_id 113
pin_num 2
42 10 0
36 10 0
Net_id 114
pin_num 2
30 36 0
42 17 0
Net_id 115
pin_num 2
22 12 0
16 10 0
Net_id 116
pin_num 2
24 48 0
25 47 0
Net_id 117
pin_num 2
4 46 0
4 41 0
Net_id 118
pin_num 2
7 55 0
7 53 0
Net_id 119
pin_num 2
22 0 0
6 10 0
Net_id 120
pin_num 2
7 32 0
12 32 0
Net_id 121
pin_num 2
0 56 0
3 51 0
Net_id 122
pin_num 2
44 1 0
38 5 0
Net_id 123
pin_num 2
17 25 0
36 2 0
Net_id 124
pin_num 2
3 0 0
5 9 0
Net_id 125
pin_num 2
16 24 0
7 30 0
Net_id 126
pin_num 2
14 35 0
4 9 0
Net_id 127
pin_num 2
37 25 0
24 16 0
Net_id 128
pin_num 2
42 8 0
38 32 0
Net_id 129
pin_num 2
55 40 0
34 37 0
Net_id 130
pin_num 2
41 47 0
50 55 0
Net_id 131
pin_num 2
12 22 0
5 15 0
Net_id 132
pin_num 2
3 43 0
6 48 0
Net_id 133
pin_num 2
52 23 0
49 21 0
Net_id 134
pin_num 2
46 36 0
29 51 0
Net_id 135
pin_num 2
22 39 0
39 52 0
Net_id 136
pin_num 2
1 48 0
20 57 0
Net_id 137
pin_num 2
17 36 0
16 35 0
Net_id 138
pin_num 2
48 52 0
45 55 0
Net_id 139
pin_num 2
52 41 0
55 32 0
Net_id 140
pin_num 2
24 9 0
29 3 0
Net_id 141
pin_num 2
42 9 0
57 3 0
Net_id 142
pin_num 2
7 15 0
4 30 0
Net_id 143
pin_num 2
20 21 0
32 21 0
Net_id 144
pin_num 2
58 14 0
48 3 0
Net_id 145
pin_num 2
20 18 0
30 28 0
Net_id 146
pin_num 2
20 58 0
13 57 0
Net_id 147
pin_num 2
53 32 0
57 12 0
Net_id 148
pin_num 2
46 52 0
25 44 0
Net_id 149
pin_num 2
47 6 0
42 6 0
Net_id 150
pin_num 2
32 14 0
38 3 0
Net_id 151
pin_num 2
24 52 0
31 58 0
Net_id 152
pin_num 2
9 33 0
8 27 0
Net_id 153
pin_num 2
36 23 0
58 22 0
Net_id 154
pin_num 2
59 13 0
52 17 0
Net_id 155
pin_num 2
23 28 0
28 51 0
Net_id 156
pin_num 2
9 57 0
2 57 0
Net_id 157
pin_num 2
48 18 0
35 32 0
Net_id 158
pin_num 2
21 45 0
4 31 0
Net_id 159
pin_num 2
30 30 0
17 13 0
Net_id 160
pin_num 2
40 50 0
36 50 0
