Width 60
Height 60
Layer 6
Total_WL 7056
Obstacle_num 144
44 6 0 50 7 0
11 48 0 19 49 0
17 37 0 24 38 0
36 5 0 43 6 0
8 2 0 16 3 0
40 30 0 45 31 0
39 22 0 42 23 0
20 36 0 28 37 0
22 52 0 25 53 0
7 58 0 13 59 0
23 29 0 28 30 0
2 48 0 5 49 0
39 20 0 48 21 0
15 0 0 18 1 0
37 34 0 40 35 0
25 39 0 34 40 0
35 36 0 40 37 0
42 58 0 51 59 0
51 27 0 58 28 0
32 42 0 42 43 0
36 40 0 43 41 0
10 21 0 16 22 0
1 0 0 8 1 0
0 37 0 6 38 0
14 19 1 15 25 1
5 37 1 6 47 1
31 11 1 32 14 1
4 15 1 5 22 1
22 15 1 23 25 1
46 50 1 47 53 1
37 35 1 38 41 1
41 40 1 42 49 1
9 50 1 10 57 1
58 10 1 59 20 1
2 41 1 3 48 1
18 12 1 19 22 1
4 43 1 5 46 1
0 11 1 1 16 1
44 39 1 45 44 1
1 11 1 2 14 1
41 53 1 42 58 1
32 39 1 33 47 1
19 21 1 20 28 1
0 36 1 1 44 1
29 45 1 30 52 1
38 7 1 39 10 1
31 46 1 32 53 1
46 24 1 47 33 1
4 10 2 13 11 2
15 52 2 22 53 2
51 15 2 59 16 2
48 30 2 58 31 2
54 2 2 58 3 2
12 47 2 21 48 2
13 34 2 16 35 2
27 2 2 35 3 2
44 26 2 54 27 2
39 16 2 49 17 2
28 31 2 38 32 2
42 51 2 49 52 2
19 34 2 29 35 2
33 57 2 36 58 2
29 38 2 33 39 2
5 21 2 13 22 2
4 3 2 10 4 2
38 14 2 44 15 2
40 37 2 46 38 2
16 49 2 21 50 2
24 47 2 32 48 2
33 53 2 42 54 2
46 5 2 54 6 2
13 22 2 18 23 2
31 21 3 32 27 3
29 20 3 30 30 3
1 21 3 2 29 3
8 37 3 9 44 3
37 1 3 38 7 3
46 18 3 47 22 3
35 37 3 36 45 3
21 36 3 22 43 3
3 40 3 4 49 3
15 17 3 16 23 3
6 41 3 7 46 3
43 50 3 44 59 3
30 3 3 31 11 3
34 3 3 35 9 3
47 47 3 48 52 3
31 51 3 32 57 3
4 19 3 5 27 3
7 13 3 8 22 3
53 52 3 54 58 3
46 35 3 47 39 3
45 9 3 46 18 3
23 7 3 24 14 3
48 27 3 49 31 3
2 11 3 3 15 3
40 52 4 43 53 4
2 2 4 9 3 4
11 3 4 17 4 4
4 34 4 12 35 4
55 27 4 58 28 4
11 10 4 19 11 4
23 57 4 31 58 4
1 10 4 6 11 4
49 41 4 55 42 4
33 12 4 36 13 4
32 11 4 42 12 4
41 47 4 47 48 4
8 6 4 15 7 4
44 32 4 53 33 4
51 7 4 59 8 4
17 4 4 27 5 4
5 25 4 9 26 4
42 40 4 45 41 4
9 27 4 17 28 4
12 0 4 16 1 4
44 17 4 51 18 4
33 8 4 39 9 4
46 21 4 50 22 4
28 53 4 31 54 4
42 9 5 43 17 5
28 48 5 29 53 5
4 35 5 5 44 5
58 13 5 59 23 5
24 14 5 25 20 5
1 25 5 2 31 5
56 21 5 57 31 5
6 37 5 7 41 5
26 24 5 27 33 5
11 45 5 12 48 5
35 37 5 36 41 5
22 50 5 23 53 5
27 31 5 28 35 5
52 42 5 53 45 5
20 8 5 21 13 5
31 27 5 32 34 5
4 2 5 5 9 5
13 39 5 14 43 5
2 15 5 3 25 5
10 27 5 11 34 5
16 33 5 17 39 5
10 54 5 11 58 5
10 13 5 11 18 5
11 6 5 12 9 5
Net_num 163
Net_id 0
pin_num 5
37 31 0
40 25 0
40 35 0
59 33 0
44 47 0
Net_id 1
pin_num 5
23 6 0
27 7 0
24 23 0
47 19 0
24 45 0
Net_id 2
pin_num 5
7 6 0
13 3 0
20 4 0
12 24 0
9 23 0
Net_id 3
pin_num 5
48 49 0
39 48 0
39 28 0
35 45 0
48 52 0
Net_id 4
pin_num 5
39 21 0
32 18 0
16 16 0
28 28 0
21 17 0
Net_id 5
pin_num 5
12 42 0
11 19 0
0 10 0
5 26 0
20 26 0
Net_id 6
pin_num 5
17 31 0
27 33 0
33 33 0
29 41 0
49 38 0
Net_id 7
pin_num 5
29 40 0
45 40 0
30 35 0
36 59 0
59 30 0
Net_id 8
pin_num 5
41 58 0
26 54 0
51 58 0
50 49 0
59 58 0
Net_id 9
pin_num 5
5 12 0
2 15 0
2 38 0
1 52 0
0 21 0
Net_id 10
pin_num 5
11 20 0
3 20 0
0 0 0
0 6 0
15 7 0
Net_id 11
pin_num 5
20 57 0
11 59 0
12 50 0
0 55 0
0 56 0
Net_id 12
pin_num 5
27 49 0
37 54 0
37 41 0
47 59 0
13 58 0
Net_id 13
pin_num 5
23 56 0
32 51 0
8 56 0
19 47 0
30 44 0
Net_id 14
pin_num 5
6 54 0
1 54 0
0 46 0
3 44 0
0 57 0
Net_id 15
pin_num 5
23 23 0
15 33 0
17 49 0
26 45 0
21 33 0
Net_id 16
pin_num 5
16 17 0
0 18 0
25 18 0
1 21 0
41 18 0
Net_id 17
pin_num 5
10 24 0
0 31 0
7 35 0
3 30 0
8 22 0
Net_id 18
pin_num 5
18 32 0
24 32 0
6 32 0
13 22 0
34 30 0
Net_id 19
pin_num 5
12 19 0
19 14 0
18 27 0
3 26 0
4 35 0
Net_id 20
pin_num 4
31 38 0
23 34 0
27 50 0
52 58 0
Net_id 21
pin_num 4
59 16 0
47 27 0
54 0 0
43 3 0
Net_id 22
pin_num 4
24 1 0
21 4 0
48 1 0
39 15 0
Net_id 23
pin_num 4
40 11 0
51 11 0
51 17 0
53 1 0
Net_id 24
pin_num 4
32 6 0
38 4 0
22 0 0
59 6 0
Net_id 25
pin_num 4
0 42 0
14 49 0
22 59 0
13 52 0
Net_id 26
pin_num 4
27 2 0
22 6 0
59 5 0
58 0 0
Net_id 27
pin_num 4
33 5 0
19 10 0
21 0 0
5 8 0
Net_id 28
pin_num 4
33 45 0
21 48 0
20 44 0
22 38 0
Net_id 29
pin_num 4
21 26 0
33 32 0
21 27 0
30 8 0
Net_id 30
pin_num 4
48 44 0
53 42 0
59 47 0
51 59 0
Net_id 31
pin_num 4
11 8 0
7 21 0
29 12 0
15 20 0
Net_id 32
pin_num 4
3 59 0
13 53 0
1 53 0
11 49 0
Net_id 33
pin_num 4
12 52 0
4 58 0
6 29 0
7 57 0
Net_id 34
pin_num 4
28 7 0
36 3 0
36 0 0
16 9 0
Net_id 35
pin_num 4
6 46 0
3 58 0
0 35 0
11 55 0
Net_id 36
pin_num 4
43 5 0
40 12 0
40 23 0
59 8 0
Net_id 37
pin_num 4
51 56 0
56 43 0
40 46 0
49 51 0
Net_id 38
pin_num 4
28 22 0
14 22 0
23 17 0
41 21 0
Net_id 39
pin_num 4
20 25 0
30 13 0
36 37 0
17 20 0
Net_id 40
pin_num 4
24 59 0
32 50 0
20 58 0
35 53 0
Net_id 41
pin_num 3
52 4 0
32 8 0
52 2 0
Net_id 42
pin_num 3
55 29 0
58 33 0
44 33 0
Net_id 43
pin_num 3
27 0 0
11 1 0
26 10 0
Net_id 44
pin_num 3
47 35 0
59 39 0
59 57 0
Net_id 45
pin_num 3
48 32 0
48 46 0
58 41 0
Net_id 46
pin_num 3
43 23 0
35 32 0
38 23 0
Net_id 47
pin_num 3
50 50 0
58 59 0
57 28 0
Net_id 48
pin_num 3
41 51 0
35 51 0
17 46 0
Net_id 49
pin_num 3
6 56 0
5 36 0
7 46 0
Net_id 50
pin_num 3
17 55 0
9 57 0
25 48 0
Net_id 51
pin_num 3
24 55 0
39 50 0
13 43 0
Net_id 52
pin_num 3
35 44 0
31 42 0
33 43 0
Net_id 53
pin_num 3
14 37 0
21 53 0
18 35 0
Net_id 54
pin_num 3
48 41 0
55 35 0
45 41 0
Net_id 55
pin_num 3
7 36 0
21 42 0
4 52 0
Net_id 56
pin_num 3
17 33 0
7 47 0
32 23 0
Net_id 57
pin_num 3
11 15 0
26 15 0
31 25 0
Net_id 58
pin_num 3
4 40 0
13 42 0
11 31 0
Net_id 59
pin_num 3
21 44 0
31 57 0
14 46 0
Net_id 60
pin_num 3
43 25 0
38 22 0
25 16 0
Net_id 61
pin_num 3
41 37 0
58 28 0
44 18 0
Net_id 62
pin_num 3
51 26 0
45 25 0
41 50 0
Net_id 63
pin_num 3
37 2 0
25 24 0
42 18 0
Net_id 64
pin_num 3
37 4 0
38 0 0
42 7 0
Net_id 65
pin_num 3
16 11 0
0 1 0
3 25 0
Net_id 66
pin_num 3
50 45 0
54 57 0
54 34 0
Net_id 67
pin_num 3
53 21 0
42 29 0
39 0 0
Net_id 68
pin_num 3
6 4 0
3 23 0
3 39 0
Net_id 69
pin_num 3
46 7 0
58 2 0
44 28 0
Net_id 70
pin_num 3
50 3 0
59 13 0
20 0 0
Net_id 71
pin_num 3
7 13 0
33 20 0
7 16 0
Net_id 72
pin_num 3
53 43 0
47 43 0
24 50 0
Net_id 73
pin_num 3
37 18 0
46 9 0
33 3 0
Net_id 74
pin_num 3
56 41 0
34 35 0
43 42 0
Net_id 75
pin_num 3
49 39 0
45 8 0
19 17 0
Net_id 76
pin_num 3
18 33 0
20 38 0
39 44 0
Net_id 77
pin_num 3
32 57 0
27 54 0
35 52 0
Net_id 78
pin_num 3
55 34 0
37 22 0
59 24 0
Net_id 79
pin_num 3
38 32 0
18 34 0
22 58 0
Net_id 80
pin_num 3
43 57 0
50 48 0
50 22 0
Net_id 81
pin_num 3
26 28 0
10 31 0
8 38 0
Net_id 82
pin_num 3
57 30 0
54 25 0
41 7 0
Net_id 83
pin_num 3
44 31 0
36 39 0
36 49 0
Net_id 84
pin_num 2
55 55 0
59 54 0
Net_id 85
pin_num 2
3 33 0
10 34 0
Net_id 86
pin_num 2
18 44 0
23 43 0
Net_id 87
pin_num 2
34 23 0
23 41 0
Net_id 88
pin_num 2
10 0 0
3 21 0
Net_id 89
pin_num 2
8 46 0
13 45 0
Net_id 90
pin_num 2
12 45 0
3 28 0
Net_id 91
pin_num 2
24 41 0
29 43 0
Net_id 92
pin_num 2
49 2 0
49 1 0
Net_id 93
pin_num 2
38 47 0
47 46 0
Net_id 94
pin_num 2
56 38 0
57 35 0
Net_id 95
pin_num 2
25 12 0
15 10 0
Net_id 96
pin_num 2
5 25 0
31 15 0
Net_id 97
pin_num 2
12 49 0
38 57 0
Net_id 98
pin_num 2
58 39 0
44 48 0
Net_id 99
pin_num 2
4 49 0
9 35 0
Net_id 100
pin_num 2
19 48 0
23 58 0
Net_id 101
pin_num 2
13 23 0
40 36 0
Net_id 102
pin_num 2
41 10 0
21 24 0
Net_id 103
pin_num 2
41 56 0
48 53 0
Net_id 104
pin_num 2
9 9 0
7 11 0
Net_id 105
pin_num 2
8 40 0
24 49 0
Net_id 106
pin_num 2
38 17 0
26 14 0
Net_id 107
pin_num 2
54 47 0
33 41 0
Net_id 108
pin_num 2
50 51 0
58 43 0
Net_id 109
pin_num 2
51 5 0
51 10 0
Net_id 110
pin_num 2
32 4 0
20 2 0
Net_id 111
pin_num 2
21 1 0
19 7 0
Net_id 112
pin_num 2
50 42 0
45 42 0
Net_id 113
pin_num 2
54 58 0
59 50 0
Net_id 114
pin_num 2
56 32 0
59 29 0
Net_id 115
pin_num 2
4 14 0
7 1 0
Net_id 116
pin_num 2
21 19 0
34 31 0
Net_id 117
pin_num 2
1 3 0
19 9 0
Net_id 118
pin_num 2
52 49 0
59 48 0
Net_id 119
pin_num 2
52 25 0
48 31 0
Net_id 120
pin_num 2
32 15 0
37 28 0
Net_id 121
pin_num 2
18 1 0
6 23 0
Net_id 122
pin_num 2
23 40 0
28 30 0
Net_id 123
pin_num 2
19 35 0
39 25 0
Net_id 124
pin_num 2
12 53 0
1 36 0
Net_id 125
pin_num 2
51 54 0
46 39 0
Net_id 126
pin_num 2
36 24 0
25 43 0
Net_id 127
pin_num 2
36 31 0
35 29 0
Net_id 128
pin_num 2
43 0 0
50 8 0
Net_id 129
pin_num 2
32 12 0
29 6 0
Net_id 130
pin_num 2
8 47 0
9 48 0
Net_id 131
pin_num 2
41 31 0
57 53 0
Net_id 132
pin_num 2
53 30 0
52 28 0
Net_id 133
pin_num 2
58 53 0
57 51 0
Net_id 134
pin_num 2
55 20 0
47 29 0
Net_id 135
pin_num 2
50 14 0
59 23 0
Net_id 136
pin_num 2
10 10 0
5 6 0
Net_id 137
pin_num 2
44 14 0
31 14 0
Net_id 138
pin_num 2
21 57 0
32 29 0
Net_id 139
pin_num 2
26 53 0
18 57 0
Net_id 140
pin_num 2
41 8 0
18 10 0
Net_id 141
pin_num 2
39 2 0
49 8 0
Net_id 142
pin_num 2
49 17 0
45 10 0
Net_id 143
pin_num 2
21 6 0
16 5 0
Net_id 144
pin_num 2
33 47 0
32 49 0
Net_id 145
pin_num 2
34 24 0
37 9 0
Net_id 146
pin_num 2
46 54 0
47 48 0
Net_id 147
pin_num 2
22 50 0
15 39 0
Net_id 148
pin_num 2
48 47 0
31 41 0
Net_id 149
pin_num 2
57 4 0
54 13 0
Net_id 150
pin_num 2
5 28 0
14 12 0
Net_id 151
pin_num 2
57 41 0
58 27 0
Net_id 152
pin_num 2
16 45 0
10 35 0
Net_id 153
pin_num 2
37 33 0
34 32 0
Net_id 154
pin_num 2
35 19 0
56 4 0
Net_id 155
pin_num 2
47 55 0
30 55 0
Net_id 156
pin_num 2
45 28 0
53 38 0
Net_id 157
pin_num 2
13 59 0
30 41 0
Net_id 158
pin_num 2
41 57 0
47 57 0
Net_id 159
pin_num 2
38 46 0
6 57 0
Net_id 160
pin_num 2
54 28 0
45 39 0
Net_id 161
pin_num 2
30 4 0
11 14 0
Net_id 162
pin_num 2
14 26 0
21 14 0
