Width 60
Height 60
Layer 6
Total_WL 6467
Obstacle_num 144
5 40 0 12 41 0
19 51 0 28 52 0
25 15 0 28 16 0
17 43 0 22 44 0
31 36 0 37 37 0
22 1 0 32 2 0
12 52 0 19 53 0
2 0 0 11 1 0
15 21 0 18 22 0
21 33 0 26 34 0
27 54 0 34 55 0
48 31 0 53 32 0
47 21 0 53 22 0
21 57 0 28 58 0
37 22 0 46 23 0
47 40 0 55 41 0
45 33 0 52 34 0
44 23 0 53 24 0
1 46 0 11 47 0
14 13 0 24 14 0
29 32 0 32 33 0
16 38 0 25 39 0
16 41 0 26 42 0
33 7 0 39 8 0
3 18 1 4 22 1
58 39 1 59 49 1
16 26 1 17 29 1
56 32 1 57 36 1
2 55 1 3 58 1
18 24 1 19 30 1
3 34 1 4 43 1
48 18 1 49 27 1
7 6 1 8 16 1
29 20 1 30 26 1
53 8 1 54 12 1
23 28 1 24 33 1
28 29 1 29 38 1
1 7 1 2 12 1
41 20 1 42 30 1
39 0 1 40 3 1
24 31 1 25 38 1
16 19 1 17 25 1
42 45 1 43 54 1
13 22 1 14 30 1
38 34 1 39 39 1
14 25 1 15 32 1
4 43 1 5 47 1
32 53 1 33 56 1
14 53 2 24 54 2
17 7 2 20 8 2
21 19 2 24 20 2
2 10 2 11 11 2
24 47 2 28 48 2
47 16 2 53 17 2
41 21 2 50 22 2
11 22 2 14 23 2
8 35 2 14 36 2
16 37 2 20 38 2
9 2 2 18 3 2
46 58 2 49 59 2
4 33 2 9 34 2
13 14 2 17 15 2
12 12 2 20 13 2
26 34 2 34 35 2
11 45 2 14 46 2
11 19 2 19 20 2
10 5 2 16 6 2
48 40 2 58 41 2
47 1 2 56 2 2
9 21 2 19 22 2
43 42 2 53 43 2
8 50 2 15 51 2
24 41 3 25 51 3
6 48 3 7 57 3
42 10 3 43 19 3
32 10 3 33 17 3
29 39 3 30 43 3
18 38 3 19 47 3
26 21 3 27 24 3
27 15 3 28 18 3
35 53 3 36 59 3
41 28 3 42 38 3
34 25 3 35 30 3
26 42 3 27 50 3
55 16 3 56 22 3
15 4 3 16 14 3
31 48 3 32 53 3
7 10 3 8 16 3
39 23 3 40 26 3
49 26 3 50 32 3
0 46 3 1 49 3
48 22 3 49 30 3
24 8 3 25 15 3
34 2 3 35 12 3
57 39 3 58 42 3
54 24 3 55 34 3
37 8 4 41 9 4
3 6 4 7 7 4
26 40 4 34 41 4
10 44 4 17 45 4
9 35 4 13 36 4
49 54 4 52 55 4
25 16 4 35 17 4
11 26 4 17 27 4
6 17 4 15 18 4
32 1 4 40 2 4
6 55 4 15 56 4
35 17 4 39 18 4
46 10 4 54 11 4
47 38 4 51 39 4
34 3 4 40 4 4
0 26 4 6 27 4
17 42 4 24 43 4
18 15 4 25 16 4
37 5 4 42 6 4
50 4 4 53 5 4
29 44 4 35 45 4
44 16 4 54 17 4
5 56 4 8 57 4
50 29 4 57 30 4
38 21 5 39 25 5
34 17 5 35 22 5
48 46 5 49 55 5
1 1 5 2 5 5
19 26 5 20 36 5
41 46 5 42 52 5
0 36 5 1 41 5
19 52 5 20 56 5
24 9 5 25 18 5
57 25 5 58 35 5
22 2 5 23 7 5
28 42 5 29 46 5
52 47 5 53 53 5
19 7 5 20 15 5
10 7 5 11 14 5
18 14 5 19 20 5
4 31 5 5 35 5
4 16 5 5 23 5
58 26 5 59 34 5
26 14 5 27 22 5
17 15 5 18 21 5
21 39 5 22 43 5
30 37 5 31 43 5
6 41 5 7 46 5
Net_num 161
Net_id 0
pin_num 5
6 45 0
7 39 0
1 45 0
6 59 0
0 42 0
Net_id 1
pin_num 5
40 48 0
34 49 0
37 56 0
34 31 0
30 35 0
Net_id 2
pin_num 5
8 37 0
19 34 0
0 30 0
4 39 0
7 34 0
Net_id 3
pin_num 5
22 39 0
25 34 0
25 48 0
33 47 0
45 36 0
Net_id 4
pin_num 5
10 39 0
15 45 0
32 45 0
15 42 0
16 50 0
Net_id 5
pin_num 5
48 25 0
32 23 0
42 44 0
43 15 0
32 25 0
Net_id 6
pin_num 5
51 8 0
59 10 0
56 0 0
58 1 0
58 15 0
Net_id 7
pin_num 5
37 8 0
45 0 0
45 4 0
48 6 0
42 12 0
Net_id 8
pin_num 5
0 21 0
9 24 0
1 38 0
0 9 0
8 15 0
Net_id 9
pin_num 5
13 3 0
26 3 0
33 3 0
28 0 0
19 11 0
Net_id 10
pin_num 5
3 34 0
6 37 0
2 35 0
4 24 0
2 44 0
Net_id 11
pin_num 5
18 36 0
8 38 0
12 57 0
25 55 0
22 42 0
Net_id 12
pin_num 5
12 8 0
8 8 0
9 18 0
19 15 0
13 19 0
Net_id 13
pin_num 5
27 11 0
12 3 0
1 0 0
14 18 0
28 18 0
Net_id 14
pin_num 5
18 57 0
3 53 0
18 59 0
0 59 0
19 58 0
Net_id 15
pin_num 5
29 39 0
29 49 0
24 46 0
20 46 0
26 55 0
Net_id 16
pin_num 5
9 42 0
14 57 0
9 48 0
24 43 0
1 41 0
Net_id 17
pin_num 5
8 33 0
16 33 0
7 37 0
0 34 0
2 22 0
Net_id 18
pin_num 5
7 14 0
16 16 0
0 8 0
9 5 0
15 0 0
Net_id 19
pin_num 5
16 44 0
21 40 0
22 59 0
39 59 0
19 57 0
Net_id 20
pin_num 4
0 40 0
15 46 0
1 20 0
6 29 0
Net_id 21
pin_num 4
11 39 0
11 34 0
21 37 0
27 41 0
Net_id 22
pin_num 4
45 31 0
33 37 0
45 35 0
39 21 0
Net_id 23
pin_num 4
8 50 0
19 47 0
17 33 0
17 24 0
Net_id 24
pin_num 4
34 28 0
38 24 0
37 2 0
41 5 0
Net_id 25
pin_num 4
50 22 0
40 21 0
41 43 0
40 27 0
Net_id 26
pin_num 4
52 10 0
56 3 0
56 15 0
50 2 0
Net_id 27
pin_num 4
50 49 0
40 37 0
32 46 0
59 47 0
Net_id 28
pin_num 4
54 42 0
50 48 0
59 45 0
51 20 0
Net_id 29
pin_num 4
59 43 0
50 43 0
43 48 0
43 14 0
Net_id 30
pin_num 4
31 51 0
38 58 0
47 57 0
30 58 0
Net_id 31
pin_num 4
17 27 0
3 26 0
10 34 0
2 33 0
Net_id 32
pin_num 4
42 57 0
46 54 0
28 56 0
23 54 0
Net_id 33
pin_num 4
44 33 0
41 39 0
21 30 0
10 19 0
Net_id 34
pin_num 4
33 0 0
32 7 0
29 19 0
44 19 0
Net_id 35
pin_num 4
26 16 0
33 10 0
46 0 0
30 7 0
Net_id 36
pin_num 4
35 5 0
46 1 0
34 14 0
40 15 0
Net_id 37
pin_num 4
2 10 0
0 24 0
17 14 0
15 10 0
Net_id 38
pin_num 4
7 52 0
1 48 0
23 49 0
4 58 0
Net_id 39
pin_num 4
41 6 0
38 20 0
49 13 0
6 13 0
Net_id 40
pin_num 3
24 29 0
43 12 0
57 14 0
Net_id 41
pin_num 3
54 31 0
36 32 0
39 39 0
Net_id 42
pin_num 3
55 26 0
45 17 0
47 47 0
Net_id 43
pin_num 3
37 1 0
30 2 0
44 10 0
Net_id 44
pin_num 3
56 5 0
50 5 0
59 29 0
Net_id 45
pin_num 3
14 51 0
10 43 0
20 48 0
Net_id 46
pin_num 3
4 42 0
8 54 0
0 48 0
Net_id 47
pin_num 3
40 47 0
48 45 0
35 45 0
Net_id 48
pin_num 3
10 52 0
1 57 0
15 51 0
Net_id 49
pin_num 3
58 3 0
41 13 0
43 8 0
Net_id 50
pin_num 3
23 10 0
30 10 0
27 9 0
Net_id 51
pin_num 3
9 23 0
12 18 0
45 20 0
Net_id 52
pin_num 3
14 44 0
0 47 0
20 58 0
Net_id 53
pin_num 3
41 10 0
53 21 0
44 24 0
Net_id 54
pin_num 3
38 28 0
45 29 0
53 28 0
Net_id 55
pin_num 3
25 5 0
18 5 0
16 0 0
Net_id 56
pin_num 3
31 9 0
40 2 0
21 4 0
Net_id 57
pin_num 3
26 26 0
11 29 0
46 26 0
Net_id 58
pin_num 3
49 19 0
30 9 0
48 11 0
Net_id 59
pin_num 3
56 38 0
49 48 0
30 47 0
Net_id 60
pin_num 3
56 10 0
58 13 0
34 11 0
Net_id 61
pin_num 3
24 17 0
17 9 0
21 15 0
Net_id 62
pin_num 3
17 22 0
22 14 0
34 22 0
Net_id 63
pin_num 3
44 16 0
56 1 0
25 16 0
Net_id 64
pin_num 3
16 54 0
13 49 0
48 50 0
Net_id 65
pin_num 3
26 4 0
6 11 0
1 43 0
Net_id 66
pin_num 3
50 16 0
55 39 0
59 33 0
Net_id 67
pin_num 3
50 3 0
58 16 0
48 0 0
Net_id 68
pin_num 3
49 15 0
38 33 0
39 17 0
Net_id 69
pin_num 3
58 25 0
57 28 0
55 0 0
Net_id 70
pin_num 3
33 21 0
46 18 0
46 44 0
Net_id 71
pin_num 3
53 30 0
58 32 0
41 32 0
Net_id 72
pin_num 3
25 53 0
36 44 0
11 56 0
Net_id 73
pin_num 3
3 31 0
5 37 0
8 56 0
Net_id 74
pin_num 3
54 35 0
59 40 0
47 20 0
Net_id 75
pin_num 3
6 39 0
2 20 0
6 41 0
Net_id 76
pin_num 3
24 13 0
35 6 0
5 6 0
Net_id 77
pin_num 3
20 4 0
6 4 0
11 23 0
Net_id 78
pin_num 3
31 46 0
31 39 0
23 47 0
Net_id 79
pin_num 3
3 30 0
15 28 0
13 11 0
Net_id 80
pin_num 3
36 30 0
52 20 0
26 41 0
Net_id 81
pin_num 2
52 35 0
59 41 0
Net_id 82
pin_num 2
57 41 0
49 53 0
Net_id 83
pin_num 2
46 40 0
40 49 0
Net_id 84
pin_num 2
47 10 0
41 7 0
Net_id 85
pin_num 2
34 0 0
48 5 0
Net_id 86
pin_num 2
8 3 0
4 3 0
Net_id 87
pin_num 2
3 48 0
1 50 0
Net_id 88
pin_num 2
41 51 0
36 55 0
Net_id 89
pin_num 2
53 25 0
46 49 0
Net_id 90
pin_num 2
12 49 0
0 51 0
Net_id 91
pin_num 2
23 12 0
14 24 0
Net_id 92
pin_num 2
28 45 0
30 43 0
Net_id 93
pin_num 2
35 12 0
48 2 0
Net_id 94
pin_num 2
35 20 0
27 17 0
Net_id 95
pin_num 2
33 31 0
29 31 0
Net_id 96
pin_num 2
8 57 0
3 56 0
Net_id 97
pin_num 2
44 51 0
46 59 0
Net_id 98
pin_num 2
46 38 0
32 56 0
Net_id 99
pin_num 2
57 37 0
54 29 0
Net_id 100
pin_num 2
30 44 0
43 56 0
Net_id 101
pin_num 2
9 56 0
14 38 0
Net_id 102
pin_num 2
28 34 0
32 34 0
Net_id 103
pin_num 2
15 8 0
10 16 0
Net_id 104
pin_num 2
1 28 0
18 14 0
Net_id 105
pin_num 2
55 27 0
48 29 0
Net_id 106
pin_num 2
4 17 0
3 23 0
Net_id 107
pin_num 2
52 41 0
53 45 0
Net_id 108
pin_num 2
47 58 0
59 53 0
Net_id 109
pin_num 2
35 22 0
39 13 0
Net_id 110
pin_num 2
25 19 0
6 20 0
Net_id 111
pin_num 2
23 52 0
13 58 0
Net_id 112
pin_num 2
1 24 0
3 43 0
Net_id 113
pin_num 2
13 29 0
22 18 0
Net_id 114
pin_num 2
58 7 0
45 15 0
Net_id 115
pin_num 2
14 2 0
1 2 0
Net_id 116
pin_num 2
1 9 0
4 19 0
Net_id 117
pin_num 2
25 24 0
36 29 0
Net_id 118
pin_num 2
16 57 0
2 45 0
Net_id 119
pin_num 2
17 40 0
26 56 0
Net_id 120
pin_num 2
16 22 0
0 23 0
Net_id 121
pin_num 2
56 17 0
46 17 0
Net_id 122
pin_num 2
0 17 0
9 25 0
Net_id 123
pin_num 2
18 47 0
2 54 0
Net_id 124
pin_num 2
8 18 0
5 1 0
Net_id 125
pin_num 2
42 17 0
45 18 0
Net_id 126
pin_num 2
48 53 0
33 55 0
Net_id 127
pin_num 2
3 37 0
19 28 0
Net_id 128
pin_num 2
48 37 0
48 44 0
Net_id 129
pin_num 2
47 18 0
57 1 0
Net_id 130
pin_num 2
56 18 0
31 25 0
Net_id 131
pin_num 2
39 49 0
33 45 0
Net_id 132
pin_num 2
50 44 0
58 44 0
Net_id 133
pin_num 2
37 3 0
31 21 0
Net_id 134
pin_num 2
25 40 0
28 53 0
Net_id 135
pin_num 2
15 17 0
12 12 0
Net_id 136
pin_num 2
59 56 0
33 41 0
Net_id 137
pin_num 2
27 14 0
25 12 0
Net_id 138
pin_num 2
8 51 0
4 56 0
Net_id 139
pin_num 2
11 12 0
5 12 0
Net_id 140
pin_num 2
38 13 0
32 27 0
Net_id 141
pin_num 2
20 37 0
19 30 0
Net_id 142
pin_num 2
59 28 0
56 31 0
Net_id 143
pin_num 2
26 34 0
26 18 0
Net_id 144
pin_num 2
49 35 0
49 20 0
Net_id 145
pin_num 2
41 56 0
44 59 0
Net_id 146
pin_num 2
28 25 0
38 2 0
Net_id 147
pin_num 2
50 54 0
45 52 0
Net_id 148
pin_num 2
57 31 0
48 14 0
Net_id 149
pin_num 2
4 15 0
11 31 0
Net_id 150
pin_num 2
0 54 0
19 52 0
Net_id 151
pin_num 2
53 55 0
44 39 0
Net_id 152
pin_num 2
54 52 0
48 51 0
Net_id 153
pin_num 2
52 50 0
59 51 0
Net_id 154
pin_num 2
35 4 0
48 7 0
Net_id 155
pin_num 2
55 47 0
56 52 0
Net_id 156
pin_num 2
4 25 0
8 24 0
Net_id 157
pin_num 2
55 52 0
59 44 0
Net_id 158
pin_num 2
35 19 0
39 10 0
Net_id 159
pin_num 2
15 25 0
32 52 0
Net_id 160
pin_num 2
14 41 0
9 32 0
