Width 60
Height 60
Layer 6
Total_WL 6824
Obstacle_num 144
8 43 0 17 44 0
35 41 0 45 42 0
34 17 0 39 18 0
49 18 0 57 19 0
39 44 0 43 45 0
0 58 0 6 59 0
16 45 0 24 46 0
30 5 0 34 6 0
7 21 0 10 22 0
25 14 0 30 15 0
15 52 0 25 53 0
3 4 0 11 5 0
30 44 0 34 45 0
24 32 0 31 33 0
42 18 0 46 19 0
32 2 0 38 3 0
17 33 0 20 34 0
37 55 0 45 56 0
6 44 0 10 45 0
15 7 0 21 8 0
9 53 0 17 54 0
18 13 0 22 14 0
45 24 0 52 25 0
50 33 0 55 34 0
47 26 1 48 33 1
1 19 1 2 22 1
30 54 1 31 59 1
28 14 1 29 23 1
5 15 1 6 20 1
38 15 1 39 19 1
1 43 1 2 52 1
8 22 1 9 32 1
3 21 1 4 24 1
25 25 1 26 28 1
24 17 1 25 27 1
5 40 1 6 44 1
36 30 1 37 40 1
45 28 1 46 33 1
11 55 1 12 58 1
43 49 1 44 52 1
23 20 1 24 25 1
28 52 1 29 55 1
27 6 1 28 16 1
21 16 1 22 26 1
19 12 1 20 18 1
44 21 1 45 24 1
20 20 1 21 25 1
14 32 1 15 39 1
12 27 2 18 28 2
29 42 2 37 43 2
42 45 2 50 46 2
36 58 2 39 59 2
49 7 2 57 8 2
38 12 2 47 13 2
48 6 2 58 7 2
28 39 2 34 40 2
41 35 2 46 36 2
24 18 2 31 19 2
2 13 2 8 14 2
13 37 2 16 38 2
29 56 2 34 57 2
11 42 2 20 43 2
12 40 2 20 41 2
32 35 2 39 36 2
18 51 2 24 52 2
44 9 2 54 10 2
15 31 2 18 32 2
49 35 2 59 36 2
0 14 2 9 15 2
30 48 2 39 49 2
2 24 2 12 25 2
47 28 2 50 29 2
17 41 3 18 47 3
52 17 3 53 20 3
15 22 3 16 30 3
18 16 3 19 24 3
22 35 3 23 44 3
14 5 3 15 8 3
41 56 3 42 59 3
57 3 3 58 12 3
9 5 3 10 14 3
40 25 3 41 33 3
23 3 3 24 8 3
53 33 3 54 36 3
7 35 3 8 40 3
13 3 3 14 8 3
39 30 3 40 33 3
19 19 3 20 23 3
32 39 3 33 48 3
24 36 3 25 42 3
43 3 3 44 9 3
58 53 3 59 56 3
53 28 3 54 33 3
52 7 3 53 16 3
30 22 3 31 31 3
51 40 3 52 44 3
15 44 4 20 45 4
50 53 4 55 54 4
6 9 4 13 10 4
4 53 4 9 54 4
26 17 4 36 18 4
9 17 4 17 18 4
19 40 4 28 41 4
47 12 4 53 13 4
50 3 4 56 4 4
12 21 4 18 22 4
0 26 4 10 27 4
13 8 4 17 9 4
28 15 4 35 16 4
6 49 4 12 50 4
53 0 4 59 1 4
27 5 4 33 6 4
29 34 4 35 35 4
7 57 4 15 58 4
9 14 4 18 15 4
15 54 4 23 55 4
4 55 4 13 56 4
54 7 4 59 8 4
8 47 4 14 48 4
52 21 4 58 22 4
43 13 5 44 17 5
9 15 5 10 18 5
52 37 5 53 45 5
38 51 5 39 57 5
37 43 5 38 49 5
30 19 5 31 26 5
17 19 5 18 26 5
45 30 5 46 36 5
19 31 5 20 35 5
12 5 5 13 11 5
37 35 5 38 40 5
44 12 5 45 16 5
22 43 5 23 50 5
8 30 5 9 40 5
43 21 5 44 28 5
20 48 5 21 58 5
49 46 5 50 51 5
10 49 5 11 53 5
48 22 5 49 30 5
33 2 5 34 11 5
48 44 5 49 48 5
44 42 5 45 45 5
15 5 5 16 10 5
32 0 5 33 10 5
Net_num 160
Net_id 0
pin_num 5
13 24 0
30 23 0
25 13 0
16 35 0
35 34 0
Net_id 1
pin_num 5
35 20 0
33 11 0
49 14 0
24 19 0
48 30 0
Net_id 2
pin_num 5
38 36 0
29 45 0
34 51 0
37 32 0
49 40 0
Net_id 3
pin_num 5
20 12 0
39 9 0
25 9 0
39 33 0
39 48 0
Net_id 4
pin_num 5
52 4 0
57 12 0
59 1 0
49 0 0
50 6 0
Net_id 5
pin_num 5
18 14 0
21 26 0
18 6 0
10 22 0
9 23 0
Net_id 6
pin_num 5
20 36 0
28 38 0
28 29 0
28 13 0
18 25 0
Net_id 7
pin_num 5
31 25 0
17 22 0
27 17 0
29 29 0
27 43 0
Net_id 8
pin_num 5
6 18 0
0 18 0
5 0 0
11 5 0
1 0 0
Net_id 9
pin_num 5
24 44 0
20 44 0
21 29 0
31 41 0
12 33 0
Net_id 10
pin_num 5
8 39 0
14 51 0
27 49 0
23 43 0
14 59 0
Net_id 11
pin_num 5
27 11 0
32 9 0
30 6 0
13 9 0
31 27 0
Net_id 12
pin_num 5
21 3 0
19 2 0
40 2 0
20 10 0
12 6 0
Net_id 13
pin_num 5
10 28 0
6 23 0
9 36 0
0 16 0
19 30 0
Net_id 14
pin_num 5
42 11 0
51 1 0
52 20 0
49 19 0
23 19 0
Net_id 15
pin_num 5
16 34 0
26 31 0
21 46 0
4 34 0
5 21 0
Net_id 16
pin_num 5
22 38 0
22 41 0
0 39 0
7 39 0
27 16 0
Net_id 17
pin_num 5
10 29 0
1 28 0
5 37 0
11 29 0
11 28 0
Net_id 18
pin_num 5
6 3 0
0 11 0
5 11 0
2 8 0
2 19 0
Net_id 19
pin_num 5
33 29 0
28 43 0
24 30 0
32 24 0
32 13 0
Net_id 20
pin_num 5
4 35 0
4 32 0
9 35 0
7 57 0
18 56 0
Net_id 21
pin_num 5
24 41 0
22 32 0
34 41 0
34 25 0
20 40 0
Net_id 22
pin_num 4
49 3 0
35 8 0
49 9 0
41 19 0
Net_id 23
pin_num 4
17 21 0
16 12 0
0 22 0
28 24 0
Net_id 24
pin_num 4
41 46 0
54 43 0
49 58 0
27 46 0
Net_id 25
pin_num 4
14 15 0
13 10 0
7 11 0
11 4 0
Net_id 26
pin_num 4
46 57 0
34 58 0
40 52 0
45 53 0
Net_id 27
pin_num 4
41 56 0
37 51 0
40 39 0
22 47 0
Net_id 28
pin_num 4
18 17 0
0 19 0
15 29 0
5 20 0
Net_id 29
pin_num 4
55 58 0
59 59 0
38 59 0
44 54 0
Net_id 30
pin_num 4
50 48 0
39 49 0
48 49 0
51 49 0
Net_id 31
pin_num 4
0 2 0
14 2 0
14 11 0
23 0 0
Net_id 32
pin_num 4
28 4 0
20 1 0
20 18 0
6 1 0
Net_id 33
pin_num 4
17 26 0
12 12 0
17 11 0
8 6 0
Net_id 34
pin_num 4
10 58 0
16 58 0
6 51 0
15 46 0
Net_id 35
pin_num 4
22 35 0
26 37 0
1 36 0
17 42 0
Net_id 36
pin_num 4
50 54 0
45 55 0
39 50 0
27 54 0
Net_id 37
pin_num 4
33 3 0
19 10 0
24 8 0
35 4 0
Net_id 38
pin_num 4
9 5 0
3 8 0
7 22 0
15 0 0
Net_id 39
pin_num 4
24 48 0
9 45 0
11 3 0
3 41 0
Net_id 40
pin_num 4
47 35 0
56 27 0
55 55 0
50 16 0
Net_id 41
pin_num 4
32 48 0
38 43 0
34 30 0
35 55 0
Net_id 42
pin_num 3
10 45 0
24 35 0
20 53 0
Net_id 43
pin_num 3
21 53 0
27 55 0
26 47 0
Net_id 44
pin_num 3
23 3 0
14 6 0
16 31 0
Net_id 45
pin_num 3
24 6 0
36 20 0
36 49 0
Net_id 46
pin_num 3
26 20 0
38 23 0
37 13 0
Net_id 47
pin_num 3
30 22 0
36 18 0
59 28 0
Net_id 48
pin_num 3
45 39 0
58 23 0
37 59 0
Net_id 49
pin_num 3
53 28 0
47 25 0
57 25 0
Net_id 50
pin_num 3
30 30 0
57 18 0
51 23 0
Net_id 51
pin_num 3
1 8 0
15 6 0
5 36 0
Net_id 52
pin_num 3
43 29 0
53 29 0
59 54 0
Net_id 53
pin_num 3
39 0 0
59 4 0
47 12 0
Net_id 54
pin_num 3
59 14 0
49 11 0
59 6 0
Net_id 55
pin_num 3
47 32 0
40 34 0
58 29 0
Net_id 56
pin_num 3
55 8 0
52 15 0
51 10 0
Net_id 57
pin_num 3
33 52 0
25 51 0
37 50 0
Net_id 58
pin_num 3
37 34 0
56 38 0
57 27 0
Net_id 59
pin_num 3
46 56 0
54 50 0
53 58 0
Net_id 60
pin_num 3
54 40 0
46 58 0
29 59 0
Net_id 61
pin_num 3
8 3 0
0 14 0
26 1 0
Net_id 62
pin_num 3
4 22 0
0 40 0
19 47 0
Net_id 63
pin_num 3
15 16 0
8 10 0
34 3 0
Net_id 64
pin_num 3
9 47 0
18 32 0
10 26 0
Net_id 65
pin_num 3
8 23 0
1 30 0
28 44 0
Net_id 66
pin_num 3
24 42 0
20 46 0
6 43 0
Net_id 67
pin_num 3
23 31 0
44 33 0
38 13 0
Net_id 68
pin_num 3
14 35 0
4 26 0
34 10 0
Net_id 69
pin_num 3
39 27 0
58 40 0
40 9 0
Net_id 70
pin_num 3
37 35 0
49 39 0
32 58 0
Net_id 71
pin_num 3
12 18 0
5 12 0
0 3 0
Net_id 72
pin_num 3
10 51 0
25 55 0
53 56 0
Net_id 73
pin_num 3
43 28 0
59 18 0
57 30 0
Net_id 74
pin_num 3
27 29 0
19 11 0
53 27 0
Net_id 75
pin_num 3
37 5 0
51 19 0
58 9 0
Net_id 76
pin_num 3
35 44 0
56 46 0
26 33 0
Net_id 77
pin_num 3
54 59 0
58 42 0
53 52 0
Net_id 78
pin_num 3
26 5 0
21 7 0
45 7 0
Net_id 79
pin_num 3
38 37 0
51 30 0
28 30 0
Net_id 80
pin_num 3
50 55 0
58 43 0
55 57 0
Net_id 81
pin_num 3
42 33 0
52 24 0
58 41 0
Net_id 82
pin_num 3
14 21 0
0 12 0
7 31 0
Net_id 83
pin_num 3
29 56 0
48 55 0
41 48 0
Net_id 84
pin_num 2
20 39 0
46 38 0
Net_id 85
pin_num 2
12 9 0
5 2 0
Net_id 86
pin_num 2
4 28 0
10 48 0
Net_id 87
pin_num 2
32 57 0
19 57 0
Net_id 88
pin_num 2
31 50 0
41 45 0
Net_id 89
pin_num 2
23 33 0
43 42 0
Net_id 90
pin_num 2
54 12 0
33 21 0
Net_id 91
pin_num 2
19 44 0
4 48 0
Net_id 92
pin_num 2
22 4 0
10 12 0
Net_id 93
pin_num 2
50 11 0
55 1 0
Net_id 94
pin_num 2
46 50 0
53 57 0
Net_id 95
pin_num 2
54 41 0
47 36 0
Net_id 96
pin_num 2
17 0 0
0 7 0
Net_id 97
pin_num 2
10 31 0
15 32 0
Net_id 98
pin_num 2
11 22 0
31 6 0
Net_id 99
pin_num 2
51 21 0
45 4 0
Net_id 100
pin_num 2
45 33 0
50 15 0
Net_id 101
pin_num 2
33 32 0
35 26 0
Net_id 102
pin_num 2
17 41 0
21 41 0
Net_id 103
pin_num 2
54 6 0
51 8 0
Net_id 104
pin_num 2
13 14 0
7 10 0
Net_id 105
pin_num 2
41 12 0
47 23 0
Net_id 106
pin_num 2
42 29 0
30 53 0
Net_id 107
pin_num 2
57 36 0
51 35 0
Net_id 108
pin_num 2
3 43 0
2 32 0
Net_id 109
pin_num 2
43 37 0
49 21 0
Net_id 110
pin_num 2
31 58 0
11 46 0
Net_id 111
pin_num 2
59 16 0
44 24 0
Net_id 112
pin_num 2
21 40 0
27 44 0
Net_id 113
pin_num 2
59 10 0
45 17 0
Net_id 114
pin_num 2
48 1 0
24 13 0
Net_id 115
pin_num 2
34 5 0
44 15 0
Net_id 116
pin_num 2
57 9 0
48 4 0
Net_id 117
pin_num 2
4 46 0
11 26 0
Net_id 118
pin_num 2
4 52 0
22 56 0
Net_id 119
pin_num 2
51 43 0
44 38 0
Net_id 120
pin_num 2
36 15 0
25 15 0
Net_id 121
pin_num 2
1 37 0
2 41 0
Net_id 122
pin_num 2
6 5 0
19 37 0
Net_id 123
pin_num 2
58 37 0
47 45 0
Net_id 124
pin_num 2
33 23 0
45 25 0
Net_id 125
pin_num 2
58 49 0
41 43 0
Net_id 126
pin_num 2
10 23 0
22 59 0
Net_id 127
pin_num 2
16 50 0
12 50 0
Net_id 128
pin_num 2
55 6 0
59 12 0
Net_id 129
pin_num 2
49 44 0
26 22 0
Net_id 130
pin_num 2
13 6 0
23 15 0
Net_id 131
pin_num 2
53 54 0
58 48 0
Net_id 132
pin_num 2
49 1 0
46 7 0
Net_id 133
pin_num 2
3 9 0
20 0 0
Net_id 134
pin_num 2
9 10 0
0 9 0
Net_id 135
pin_num 2
18 22 0
9 2 0
Net_id 136
pin_num 2
41 23 0
43 26 0
Net_id 137
pin_num 2
21 56 0
15 48 0
Net_id 138
pin_num 2
16 11 0
14 9 0
Net_id 139
pin_num 2
15 19 0
7 30 0
Net_id 140
pin_num 2
47 9 0
38 0 0
Net_id 141
pin_num 2
50 36 0
34 43 0
Net_id 142
pin_num 2
58 25 0
59 21 0
Net_id 143
pin_num 2
47 31 0
50 40 0
Net_id 144
pin_num 2
21 27 0
34 13 0
Net_id 145
pin_num 2
48 18 0
35 13 0
Net_id 146
pin_num 2
37 47 0
58 45 0
Net_id 147
pin_num 2
33 50 0
33 43 0
Net_id 148
pin_num 2
23 30 0
19 20 0
Net_id 149
pin_num 2
37 21 0
54 26 0
Net_id 150
pin_num 2
5 50 0
2 47 0
Net_id 151
pin_num 2
33 31 0
36 23 0
Net_id 152
pin_num 2
6 6 0
1 25 0
Net_id 153
pin_num 2
25 38 0
26 36 0
Net_id 154
pin_num 2
52 45 0
48 45 0
Net_id 155
pin_num 2
3 53 0
16 55 0
Net_id 156
pin_num 2
30 2 0
40 8 0
Net_id 157
pin_num 2
29 17 0
31 9 0
Net_id 158
pin_num 2
8 33 0
11 32 0
Net_id 159
pin_num 2
25 54 0
13 51 0
