Width 60
Height 60
Layer 6
Total_WL 6600
Obstacle_num 144
14 30 0 20 31 0
16 33 0 19 34 0
11 16 0 21 17 0
45 27 0 50 28 0
36 11 0 41 12 0
0 22 0 6 23 0
50 23 0 53 24 0
2 42 0 11 43 0
41 43 0 50 44 0
26 12 0 30 13 0
3 57 0 8 58 0
29 4 0 32 5 0
14 3 0 23 4 0
14 14 0 17 15 0
23 52 0 28 53 0
54 43 0 59 44 0
49 17 0 54 18 0
21 12 0 26 13 0
28 56 0 31 57 0
30 40 0 39 41 0
23 21 0 31 22 0
14 48 0 18 49 0
25 0 0 35 1 0
33 15 0 42 16 0
2 9 1 3 15 1
52 29 1 53 36 1
39 43 1 40 52 1
45 10 1 46 17 1
25 35 1 26 40 1
47 21 1 48 27 1
17 21 1 18 30 1
48 38 1 49 42 1
45 34 1 46 41 1
19 18 1 20 24 1
56 7 1 57 16 1
22 37 1 23 42 1
47 38 1 48 47 1
40 41 1 41 45 1
1 48 1 2 58 1
37 42 1 38 48 1
35 47 1 36 53 1
8 35 1 9 42 1
44 30 1 45 40 1
38 2 1 39 10 1
9 1 1 10 11 1
46 10 1 47 20 1
18 44 1 19 53 1
50 0 1 51 8 1
12 47 2 15 48 2
15 47 2 22 48 2
19 20 2 26 21 2
32 44 2 40 45 2
17 28 2 23 29 2
30 57 2 36 58 2
37 53 2 47 54 2
26 12 2 31 13 2
11 21 2 16 22 2
48 15 2 57 16 2
13 1 2 21 2 2
32 5 2 36 6 2
43 52 2 53 53 2
0 52 2 6 53 2
7 44 2 17 45 2
7 5 2 17 6 2
31 25 2 39 26 2
53 34 2 59 35 2
24 45 2 34 46 2
53 35 2 56 36 2
19 21 2 26 22 2
2 17 2 9 18 2
18 10 2 28 11 2
14 29 2 21 30 2
5 47 3 6 55 3
10 44 3 11 49 3
54 30 3 55 39 3
54 25 3 55 29 3
55 31 3 56 36 3
34 21 3 35 28 3
6 49 3 7 53 3
19 49 3 20 58 3
42 45 3 43 54 3
47 14 3 48 23 3
50 25 3 51 28 3
22 46 3 23 52 3
6 29 3 7 32 3
37 37 3 38 41 3
54 44 3 55 53 3
33 4 3 34 7 3
30 36 3 31 43 3
53 13 3 54 23 3
6 9 3 7 12 3
33 45 3 34 51 3
40 36 3 41 41 3
33 30 3 34 33 3
52 53 3 53 57 3
23 50 3 24 57 3
20 36 4 26 37 4
6 36 4 10 37 4
49 23 4 58 24 4
4 13 4 7 14 4
38 32 4 43 33 4
18 20 4 23 21 4
35 29 4 42 30 4
43 8 4 50 9 4
34 15 4 37 16 4
49 57 4 59 58 4
42 9 4 48 10 4
51 48 4 57 49 4
19 10 4 28 11 4
4 21 4 8 22 4
3 25 4 9 26 4
53 56 4 58 57 4
16 22 4 26 23 4
31 5 4 39 6 4
52 52 4 59 53 4
41 36 4 47 37 4
53 19 4 58 20 4
28 55 4 31 56 4
13 36 4 16 37 4
52 17 4 55 18 4
34 31 5 35 36 5
19 46 5 20 49 5
8 36 5 9 41 5
54 55 5 55 58 5
23 14 5 24 18 5
22 36 5 23 42 5
42 43 5 43 49 5
29 28 5 30 37 5
46 20 5 47 23 5
14 12 5 15 20 5
40 8 5 41 13 5
0 20 5 1 25 5
25 5 5 26 9 5
36 55 5 37 59 5
10 44 5 11 53 5
17 51 5 18 59 5
54 17 5 55 26 5
11 11 5 12 19 5
8 4 5 9 13 5
16 37 5 17 45 5
22 7 5 23 11 5
12 42 5 13 47 5
45 36 5 46 44 5
5 42 5 6 50 5
Net_num 157
Net_id 0
pin_num 5
6 6 0
4 10 0
11 7 0
4 27 0
4 4 0
Net_id 1
pin_num 5
0 45 0
4 43 0
3 52 0
0 30 0
14 39 0
Net_id 2
pin_num 5
32 25 0
20 26 0
23 6 0
28 6 0
26 23 0
Net_id 3
pin_num 5
28 32 0
21 30 0
18 27 0
26 49 0
36 48 0
Net_id 4
pin_num 5
7 14 0
0 13 0
20 13 0
8 30 0
2 29 0
Net_id 5
pin_num 5
42 5 0
42 13 0
42 33 0
49 21 0
19 32 0
Net_id 6
pin_num 5
31 23 0
27 29 0
29 30 0
22 28 0
22 24 0
Net_id 7
pin_num 5
31 10 0
36 22 0
36 7 0
30 17 0
35 20 0
Net_id 8
pin_num 5
15 38 0
4 38 0
37 38 0
13 17 0
24 31 0
Net_id 9
pin_num 5
45 32 0
48 23 0
25 23 0
28 16 0
27 30 0
Net_id 10
pin_num 5
16 11 0
8 6 0
35 0 0
19 8 0
23 3 0
Net_id 11
pin_num 5
26 20 0
12 27 0
25 34 0
16 37 0
31 37 0
Net_id 12
pin_num 5
9 51 0
8 53 0
17 53 0
15 59 0
34 58 0
Net_id 13
pin_num 5
31 55 0
29 59 0
41 55 0
50 45 0
36 47 0
Net_id 14
pin_num 5
47 42 0
49 39 0
59 35 0
58 50 0
29 40 0
Net_id 15
pin_num 5
7 41 0
16 45 0
7 52 0
37 48 0
12 59 0
Net_id 16
pin_num 5
26 11 0
18 15 0
18 8 0
22 1 0
15 11 0
Net_id 17
pin_num 5
13 29 0
25 25 0
1 24 0
38 38 0
32 41 0
Net_id 18
pin_num 5
42 59 0
49 48 0
57 59 0
41 51 0
49 54 0
Net_id 19
pin_num 5
45 28 0
43 22 0
43 13 0
48 18 0
29 9 0
Net_id 20
pin_num 4
14 45 0
17 42 0
16 22 0
7 25 0
Net_id 21
pin_num 4
48 1 0
38 1 0
39 14 0
49 10 0
Net_id 22
pin_num 4
40 57 0
15 58 0
22 59 0
28 59 0
Net_id 23
pin_num 4
57 42 0
44 46 0
59 39 0
59 50 0
Net_id 24
pin_num 4
25 29 0
34 30 0
12 29 0
34 45 0
Net_id 25
pin_num 4
19 39 0
21 32 0
20 46 0
30 46 0
Net_id 26
pin_num 4
15 1 0
23 1 0
0 3 0
24 6 0
Net_id 27
pin_num 4
18 57 0
17 51 0
0 55 0
10 55 0
Net_id 28
pin_num 4
29 20 0
23 29 0
19 12 0
28 1 0
Net_id 29
pin_num 4
31 5 0
40 1 0
40 21 0
58 19 0
Net_id 30
pin_num 4
5 53 0
2 45 0
17 44 0
0 57 0
Net_id 31
pin_num 4
6 52 0
2 59 0
14 51 0
6 45 0
Net_id 32
pin_num 4
42 18 0
29 19 0
21 19 0
33 9 0
Net_id 33
pin_num 4
12 34 0
24 36 0
19 43 0
10 35 0
Net_id 34
pin_num 4
26 10 0
21 22 0
30 13 0
18 23 0
Net_id 35
pin_num 4
5 30 0
10 31 0
1 42 0
6 40 0
Net_id 36
pin_num 4
24 2 0
2 2 0
10 0 0
16 0 0
Net_id 37
pin_num 4
54 39 0
48 44 0
49 46 0
53 29 0
Net_id 38
pin_num 4
54 49 0
44 41 0
48 51 0
58 47 0
Net_id 39
pin_num 4
7 53 0
5 59 0
12 54 0
11 56 0
Net_id 40
pin_num 3
45 24 0
17 19 0
21 43 0
Net_id 41
pin_num 3
34 54 0
49 59 0
42 42 0
Net_id 42
pin_num 3
57 58 0
52 44 0
46 51 0
Net_id 43
pin_num 3
9 19 0
8 9 0
13 40 0
Net_id 44
pin_num 3
14 17 0
34 18 0
11 21 0
Net_id 45
pin_num 3
30 57 0
13 45 0
18 40 0
Net_id 46
pin_num 3
40 48 0
50 54 0
43 39 0
Net_id 47
pin_num 3
56 17 0
51 35 0
54 54 0
Net_id 48
pin_num 3
11 20 0
1 12 0
5 5 0
Net_id 49
pin_num 3
27 53 0
22 42 0
22 57 0
Net_id 50
pin_num 3
32 16 0
21 8 0
18 18 0
Net_id 51
pin_num 3
19 4 0
11 3 0
11 1 0
Net_id 52
pin_num 3
7 3 0
0 1 0
2 5 0
Net_id 53
pin_num 3
40 56 0
37 52 0
48 56 0
Net_id 54
pin_num 3
26 47 0
39 59 0
55 49 0
Net_id 55
pin_num 3
48 28 0
21 24 0
17 18 0
Net_id 56
pin_num 3
19 48 0
30 44 0
44 44 0
Net_id 57
pin_num 3
18 26 0
2 43 0
15 56 0
Net_id 58
pin_num 3
47 41 0
45 48 0
31 59 0
Net_id 59
pin_num 3
4 30 0
0 7 0
17 8 0
Net_id 60
pin_num 3
37 9 0
47 10 0
59 25 0
Net_id 61
pin_num 3
16 7 0
14 5 0
35 2 0
Net_id 62
pin_num 3
59 57 0
47 55 0
21 56 0
Net_id 63
pin_num 3
42 20 0
24 32 0
29 49 0
Net_id 64
pin_num 3
11 9 0
23 11 0
18 31 0
Net_id 65
pin_num 3
57 0 0
49 8 0
31 6 0
Net_id 66
pin_num 3
50 56 0
56 56 0
57 44 0
Net_id 67
pin_num 3
52 15 0
57 21 0
33 18 0
Net_id 68
pin_num 3
26 43 0
35 43 0
19 59 0
Net_id 69
pin_num 3
45 6 0
57 14 0
30 6 0
Net_id 70
pin_num 3
29 35 0
41 13 0
59 4 0
Net_id 71
pin_num 3
45 10 0
28 27 0
11 24 0
Net_id 72
pin_num 3
47 30 0
35 53 0
54 50 0
Net_id 73
pin_num 3
14 6 0
22 7 0
37 14 0
Net_id 74
pin_num 3
38 4 0
32 11 0
17 7 0
Net_id 75
pin_num 3
44 51 0
51 38 0
46 48 0
Net_id 76
pin_num 3
3 5 0
20 4 0
3 59 0
Net_id 77
pin_num 3
55 32 0
50 34 0
59 47 0
Net_id 78
pin_num 3
23 44 0
28 36 0
30 59 0
Net_id 79
pin_num 2
58 7 0
49 2 0
Net_id 80
pin_num 2
29 3 0
22 5 0
Net_id 81
pin_num 2
36 58 0
33 36 0
Net_id 82
pin_num 2
6 49 0
0 56 0
Net_id 83
pin_num 2
12 25 0
40 27 0
Net_id 84
pin_num 2
43 33 0
53 33 0
Net_id 85
pin_num 2
41 28 0
41 17 0
Net_id 86
pin_num 2
11 47 0
3 33 0
Net_id 87
pin_num 2
50 3 0
52 2 0
Net_id 88
pin_num 2
22 47 0
13 47 0
Net_id 89
pin_num 2
44 11 0
39 12 0
Net_id 90
pin_num 2
5 37 0
9 49 0
Net_id 91
pin_num 2
18 54 0
31 41 0
Net_id 92
pin_num 2
49 9 0
54 21 0
Net_id 93
pin_num 2
29 45 0
43 38 0
Net_id 94
pin_num 2
1 58 0
4 46 0
Net_id 95
pin_num 2
27 6 0
27 14 0
Net_id 96
pin_num 2
15 46 0
29 42 0
Net_id 97
pin_num 2
56 27 0
59 28 0
Net_id 98
pin_num 2
56 2 0
52 9 0
Net_id 99
pin_num 2
30 53 0
26 53 0
Net_id 100
pin_num 2
31 36 0
49 18 0
Net_id 101
pin_num 2
32 42 0
49 28 0
Net_id 102
pin_num 2
55 18 0
37 13 0
Net_id 103
pin_num 2
17 54 0
8 57 0
Net_id 104
pin_num 2
22 49 0
47 57 0
Net_id 105
pin_num 2
25 44 0
37 58 0
Net_id 106
pin_num 2
51 51 0
31 49 0
Net_id 107
pin_num 2
42 12 0
39 4 0
Net_id 108
pin_num 2
16 19 0
12 19 0
Net_id 109
pin_num 2
52 46 0
53 41 0
Net_id 110
pin_num 2
42 44 0
29 50 0
Net_id 111
pin_num 2
56 10 0
53 8 0
Net_id 112
pin_num 2
15 12 0
11 8 0
Net_id 113
pin_num 2
48 36 0
40 36 0
Net_id 114
pin_num 2
34 7 0
31 21 0
Net_id 115
pin_num 2
46 40 0
21 31 0
Net_id 116
pin_num 2
45 2 0
28 14 0
Net_id 117
pin_num 2
57 39 0
49 20 0
Net_id 118
pin_num 2
51 6 0
42 3 0
Net_id 119
pin_num 2
5 25 0
6 22 0
Net_id 120
pin_num 2
42 41 0
37 37 0
Net_id 121
pin_num 2
0 32 0
24 16 0
Net_id 122
pin_num 2
51 13 0
45 8 0
Net_id 123
pin_num 2
45 37 0
49 37 0
Net_id 124
pin_num 2
51 14 0
55 1 0
Net_id 125
pin_num 2
56 22 0
27 54 0
Net_id 126
pin_num 2
7 22 0
14 40 0
Net_id 127
pin_num 2
59 20 0
53 20 0
Net_id 128
pin_num 2
10 23 0
5 27 0
Net_id 129
pin_num 2
44 47 0
53 55 0
Net_id 130
pin_num 2
51 36 0
59 48 0
Net_id 131
pin_num 2
40 3 0
26 5 0
Net_id 132
pin_num 2
55 26 0
50 24 0
Net_id 133
pin_num 2
50 12 0
42 4 0
Net_id 134
pin_num 2
35 28 0
51 1 0
Net_id 135
pin_num 2
3 6 0
7 9 0
Net_id 136
pin_num 2
34 11 0
37 21 0
Net_id 137
pin_num 2
42 15 0
54 11 0
Net_id 138
pin_num 2
36 37 0
36 27 0
Net_id 139
pin_num 2
53 34 0
56 25 0
Net_id 140
pin_num 2
12 17 0
3 29 0
Net_id 141
pin_num 2
45 11 0
51 11 0
Net_id 142
pin_num 2
16 18 0
1 4 0
Net_id 143
pin_num 2
49 45 0
27 39 0
Net_id 144
pin_num 2
29 31 0
13 42 0
Net_id 145
pin_num 2
56 1 0
51 27 0
Net_id 146
pin_num 2
20 41 0
9 32 0
Net_id 147
pin_num 2
34 6 0
24 11 0
Net_id 148
pin_num 2
0 38 0
18 19 0
Net_id 149
pin_num 2
56 21 0
55 24 0
Net_id 150
pin_num 2
2 21 0
19 31 0
Net_id 151
pin_num 2
18 56 0
27 41 0
Net_id 152
pin_num 2
10 33 0
9 40 0
Net_id 153
pin_num 2
38 34 0
57 22 0
Net_id 154
pin_num 2
11 46 0
28 30 0
Net_id 155
pin_num 2
10 37 0
8 48 0
Net_id 156
pin_num 2
19 52 0
33 37 0
