Width 60
Height 60
Layer 6
Total_WL 6764
Obstacle_num 144
23 44 0 30 45 0
7 16 0 16 17 0
2 53 0 10 54 0
49 11 0 53 12 0
48 10 0 57 11 0
5 55 0 10 56 0
17 42 0 25 43 0
14 13 0 20 14 0
43 21 0 53 22 0
25 5 0 32 6 0
6 57 0 12 58 0
44 36 0 48 37 0
41 50 0 47 51 0
31 49 0 40 50 0
18 34 0 23 35 0
39 18 0 49 19 0
21 37 0 24 38 0
30 55 0 36 56 0
34 3 0 41 4 0
28 18 0 32 19 0
5 24 0 14 25 0
42 43 0 49 44 0
38 10 0 42 11 0
43 38 0 51 39 0
17 22 1 18 32 1
1 9 1 2 19 1
47 22 1 48 27 1
35 9 1 36 13 1
33 25 1 34 29 1
53 17 1 54 22 1
37 28 1 38 32 1
36 51 1 37 56 1
2 21 1 3 25 1
52 20 1 53 27 1
15 38 1 16 43 1
0 22 1 1 32 1
38 39 1 39 46 1
9 40 1 10 45 1
1 22 1 2 32 1
58 31 1 59 34 1
29 25 1 30 29 1
4 46 1 5 49 1
30 39 1 31 43 1
13 48 1 14 53 1
18 43 1 19 53 1
49 24 1 50 33 1
37 18 1 38 24 1
57 23 1 58 30 1
49 44 2 55 45 2
3 4 2 13 5 2
33 36 2 42 37 2
48 57 2 56 58 2
48 33 2 56 34 2
41 3 2 44 4 2
53 16 2 58 17 2
22 31 2 27 32 2
9 47 2 18 48 2
48 39 2 52 40 2
42 20 2 45 21 2
41 43 2 51 44 2
9 37 2 17 38 2
13 8 2 20 9 2
40 49 2 46 50 2
20 54 2 28 55 2
25 26 2 28 27 2
43 35 2 53 36 2
52 45 2 59 46 2
50 29 2 54 30 2
24 57 2 32 58 2
0 0 2 3 1 2
52 40 2 59 41 2
17 9 2 27 10 2
28 37 3 29 40 3
56 6 3 57 13 3
18 20 3 19 26 3
37 17 3 38 26 3
37 46 3 38 55 3
20 22 3 21 31 3
7 19 3 8 28 3
52 26 3 53 36 3
11 47 3 12 51 3
13 20 3 14 23 3
19 14 3 20 18 3
54 43 3 55 51 3
29 14 3 30 21 3
25 20 3 26 29 3
10 17 3 11 27 3
16 32 3 17 42 3
55 37 3 56 42 3
12 9 3 13 12 3
9 40 3 10 48 3
53 54 3 54 58 3
34 25 3 35 32 3
42 36 3 43 46 3
9 5 3 10 12 3
31 6 3 32 16 3
27 18 4 32 19 4
41 0 4 46 1 4
48 6 4 51 7 4
8 48 4 12 49 4
43 23 4 52 24 4
14 22 4 22 23 4
44 52 4 53 53 4
25 4 4 30 5 4
9 13 4 13 14 4
18 52 4 24 53 4
40 7 4 46 8 4
21 43 4 25 44 4
11 32 4 17 33 4
21 31 4 29 32 4
10 0 4 15 1 4
37 12 4 43 13 4
3 42 4 6 43 4
18 5 4 25 6 4
18 46 4 28 47 4
30 5 4 40 6 4
17 13 4 22 14 4
50 31 4 59 32 4
41 40 4 51 41 4
43 37 4 48 38 4
10 25 5 11 31 5
23 39 5 24 45 5
50 41 5 51 46 5
36 26 5 37 29 5
46 13 5 47 21 5
4 43 5 5 48 5
5 36 5 6 40 5
40 28 5 41 35 5
39 9 5 40 13 5
48 9 5 49 15 5
32 6 5 33 13 5
12 0 5 13 10 5
27 44 5 28 52 5
33 56 5 34 59 5
19 34 5 20 39 5
57 10 5 58 17 5
2 31 5 3 34 5
12 12 5 13 16 5
40 19 5 41 26 5
8 35 5 9 44 5
33 1 5 34 9 5
22 49 5 23 54 5
14 0 5 15 9 5
11 8 5 12 11 5
Net_num 155
Net_id 0
pin_num 5
3 55 0
1 59 0
1 41 0
7 32 0
15 56 0
Net_id 1
pin_num 5
21 30 0
21 25 0
24 20 0
2 30 0
11 51 0
Net_id 2
pin_num 5
9 2 0
26 0 0
20 0 0
16 5 0
0 2 0
Net_id 3
pin_num 5
30 10 0
28 3 0
43 0 0
28 33 0
50 31 0
Net_id 4
pin_num 5
21 20 0
21 23 0
23 25 0
21 14 0
3 20 0
Net_id 5
pin_num 5
13 56 0
5 54 0
28 55 0
8 59 0
19 38 0
Net_id 6
pin_num 5
42 41 0
52 41 0
59 48 0
49 33 0
53 30 0
Net_id 7
pin_num 5
20 19 0
9 19 0
3 29 0
9 0 0
18 28 0
Net_id 8
pin_num 5
36 29 0
44 26 0
41 9 0
59 22 0
18 29 0
Net_id 9
pin_num 5
19 6 0
6 6 0
12 21 0
13 4 0
1 6 0
Net_id 10
pin_num 5
51 3 0
41 3 0
45 0 0
49 8 0
45 25 0
Net_id 11
pin_num 5
3 35 0
2 29 0
0 38 0
2 39 0
8 40 0
Net_id 12
pin_num 5
9 31 0
7 33 0
5 46 0
12 39 0
0 41 0
Net_id 13
pin_num 5
32 6 0
44 11 0
38 2 0
51 6 0
38 20 0
Net_id 14
pin_num 5
18 23 0
24 27 0
17 38 0
21 7 0
10 36 0
Net_id 15
pin_num 5
15 11 0
0 7 0
3 1 0
24 3 0
14 7 0
Net_id 16
pin_num 5
29 39 0
51 45 0
36 33 0
33 45 0
13 45 0
Net_id 17
pin_num 5
5 35 0
13 35 0
29 35 0
20 31 0
23 47 0
Net_id 18
pin_num 5
22 26 0
13 38 0
2 27 0
10 34 0
12 23 0
Net_id 19
pin_num 5
24 8 0
30 20 0
33 1 0
15 0 0
30 4 0
Net_id 20
pin_num 4
20 41 0
33 41 0
31 24 0
19 28 0
Net_id 21
pin_num 4
7 42 0
0 42 0
16 48 0
4 59 0
Net_id 22
pin_num 4
27 2 0
23 15 0
25 13 0
5 6 0
Net_id 23
pin_num 4
9 40 0
20 50 0
11 59 0
8 45 0
Net_id 24
pin_num 4
50 16 0
57 19 0
51 25 0
50 1 0
Net_id 25
pin_num 4
11 8 0
17 8 0
7 1 0
10 12 0
Net_id 26
pin_num 4
4 52 0
2 45 0
10 51 0
7 41 0
Net_id 27
pin_num 4
3 7 0
0 8 0
2 19 0
20 13 0
Net_id 28
pin_num 4
37 38 0
39 40 0
37 59 0
34 42 0
Net_id 29
pin_num 4
52 46 0
59 33 0
59 36 0
47 59 0
Net_id 30
pin_num 4
27 21 0
16 22 0
40 21 0
16 36 0
Net_id 31
pin_num 4
30 52 0
39 43 0
38 54 0
28 54 0
Net_id 32
pin_num 4
5 32 0
6 43 0
7 50 0
9 29 0
Net_id 33
pin_num 4
15 28 0
4 19 0
8 12 0
14 18 0
Net_id 34
pin_num 4
35 22 0
20 32 0
4 24 0
43 28 0
Net_id 35
pin_num 4
31 25 0
42 30 0
42 14 0
40 30 0
Net_id 36
pin_num 4
49 37 0
56 37 0
37 37 0
54 44 0
Net_id 37
pin_num 4
35 38 0
29 40 0
24 38 0
3 43 0
Net_id 38
pin_num 4
25 52 0
15 46 0
6 47 0
3 46 0
Net_id 39
pin_num 3
13 43 0
8 52 0
39 48 0
Net_id 40
pin_num 3
9 48 0
5 49 0
2 41 0
Net_id 41
pin_num 3
4 28 0
3 23 0
19 56 0
Net_id 42
pin_num 3
14 22 0
0 10 0
20 38 0
Net_id 43
pin_num 3
13 23 0
17 44 0
14 55 0
Net_id 44
pin_num 3
18 15 0
15 12 0
15 2 0
Net_id 45
pin_num 3
45 34 0
59 49 0
45 2 0
Net_id 46
pin_num 3
15 45 0
28 43 0
24 30 0
Net_id 47
pin_num 3
51 2 0
54 0 0
55 11 0
Net_id 48
pin_num 3
36 22 0
58 23 0
53 1 0
Net_id 49
pin_num 3
15 52 0
24 50 0
26 49 0
Net_id 50
pin_num 3
15 7 0
27 3 0
39 2 0
Net_id 51
pin_num 3
18 8 0
22 12 0
0 1 0
Net_id 52
pin_num 3
37 58 0
22 47 0
32 50 0
Net_id 53
pin_num 3
45 48 0
53 58 0
47 47 0
Net_id 54
pin_num 3
38 58 0
46 53 0
30 53 0
Net_id 55
pin_num 3
33 44 0
41 56 0
59 40 0
Net_id 56
pin_num 3
46 7 0
53 11 0
54 25 0
Net_id 57
pin_num 3
25 34 0
22 11 0
12 45 0
Net_id 58
pin_num 3
13 29 0
15 53 0
2 59 0
Net_id 59
pin_num 3
55 9 0
59 0 0
47 10 0
Net_id 60
pin_num 3
15 44 0
2 25 0
7 37 0
Net_id 61
pin_num 3
58 36 0
50 39 0
35 37 0
Net_id 62
pin_num 3
50 2 0
47 9 0
47 27 0
Net_id 63
pin_num 3
48 23 0
59 27 0
59 10 0
Net_id 64
pin_num 3
15 47 0
25 59 0
24 48 0
Net_id 65
pin_num 3
51 20 0
39 32 0
33 40 0
Net_id 66
pin_num 3
36 20 0
32 26 0
25 26 0
Net_id 67
pin_num 3
47 14 0
56 23 0
52 12 0
Net_id 68
pin_num 3
14 46 0
2 57 0
3 59 0
Net_id 69
pin_num 3
50 58 0
42 57 0
36 42 0
Net_id 70
pin_num 3
45 1 0
33 7 0
27 0 0
Net_id 71
pin_num 3
59 30 0
54 29 0
44 23 0
Net_id 72
pin_num 3
20 44 0
33 50 0
51 55 0
Net_id 73
pin_num 3
39 14 0
48 25 0
18 21 0
Net_id 74
pin_num 3
32 13 0
58 16 0
55 17 0
Net_id 75
pin_num 3
46 45 0
38 45 0
54 26 0
Net_id 76
pin_num 3
25 51 0
29 46 0
4 45 0
Net_id 77
pin_num 3
35 8 0
13 1 0
14 24 0
Net_id 78
pin_num 2
18 32 0
6 21 0
Net_id 79
pin_num 2
26 22 0
47 16 0
Net_id 80
pin_num 2
37 41 0
23 30 0
Net_id 81
pin_num 2
40 57 0
38 59 0
Net_id 82
pin_num 2
14 27 0
5 28 0
Net_id 83
pin_num 2
43 55 0
57 50 0
Net_id 84
pin_num 2
55 26 0
53 32 0
Net_id 85
pin_num 2
44 17 0
59 3 0
Net_id 86
pin_num 2
21 45 0
25 33 0
Net_id 87
pin_num 2
47 51 0
52 39 0
Net_id 88
pin_num 2
39 31 0
26 25 0
Net_id 89
pin_num 2
13 50 0
31 43 0
Net_id 90
pin_num 2
23 38 0
5 52 0
Net_id 91
pin_num 2
39 4 0
56 14 0
Net_id 92
pin_num 2
29 55 0
27 56 0
Net_id 93
pin_num 2
39 36 0
26 23 0
Net_id 94
pin_num 2
48 1 0
51 4 0
Net_id 95
pin_num 2
48 57 0
21 58 0
Net_id 96
pin_num 2
30 49 0
6 22 0
Net_id 97
pin_num 2
20 11 0
32 7 0
Net_id 98
pin_num 2
14 10 0
20 10 0
Net_id 99
pin_num 2
26 9 0
21 10 0
Net_id 100
pin_num 2
22 23 0
51 12 0
Net_id 101
pin_num 2
3 2 0
14 1 0
Net_id 102
pin_num 2
22 52 0
3 38 0
Net_id 103
pin_num 2
5 18 0
8 25 0
Net_id 104
pin_num 2
33 10 0
22 32 0
Net_id 105
pin_num 2
14 32 0
38 38 0
Net_id 106
pin_num 2
27 54 0
17 55 0
Net_id 107
pin_num 2
26 19 0
9 36 0
Net_id 108
pin_num 2
4 15 0
5 25 0
Net_id 109
pin_num 2
20 27 0
8 26 0
Net_id 110
pin_num 2
21 48 0
7 52 0
Net_id 111
pin_num 2
38 7 0
44 15 0
Net_id 112
pin_num 2
22 10 0
33 2 0
Net_id 113
pin_num 2
18 2 0
27 6 0
Net_id 114
pin_num 2
27 9 0
51 8 0
Net_id 115
pin_num 2
32 37 0
42 39 0
Net_id 116
pin_num 2
31 44 0
30 32 0
Net_id 117
pin_num 2
42 20 0
31 9 0
Net_id 118
pin_num 2
58 39 0
44 33 0
Net_id 119
pin_num 2
32 35 0
27 33 0
Net_id 120
pin_num 2
43 33 0
35 35 0
Net_id 121
pin_num 2
51 40 0
58 14 0
Net_id 122
pin_num 2
29 13 0
36 23 0
Net_id 123
pin_num 2
34 5 0
27 17 0
Net_id 124
pin_num 2
35 12 0
8 32 0
Net_id 125
pin_num 2
34 41 0
32 33 0
Net_id 126
pin_num 2
55 20 0
50 42 0
Net_id 127
pin_num 2
29 52 0
34 46 0
Net_id 128
pin_num 2
25 53 0
26 55 0
Net_id 129
pin_num 2
45 31 0
32 46 0
Net_id 130
pin_num 2
7 36 0
17 53 0
Net_id 131
pin_num 2
1 17 0
9 15 0
Net_id 132
pin_num 2
57 35 0
55 27 0
Net_id 133
pin_num 2
35 42 0
24 52 0
Net_id 134
pin_num 2
56 56 0
35 50 0
Net_id 135
pin_num 2
1 3 0
16 14 0
Net_id 136
pin_num 2
14 14 0
1 0 0
Net_id 137
pin_num 2
13 9 0
29 3 0
Net_id 138
pin_num 2
26 50 0
32 30 0
Net_id 139
pin_num 2
29 2 0
50 20 0
Net_id 140
pin_num 2
21 17 0
9 13 0
Net_id 141
pin_num 2
42 26 0
52 38 0
Net_id 142
pin_num 2
4 49 0
12 29 0
Net_id 143
pin_num 2
8 17 0
2 20 0
Net_id 144
pin_num 2
42 56 0
39 53 0
Net_id 145
pin_num 2
45 9 0
41 1 0
Net_id 146
pin_num 2
25 43 0
5 59 0
Net_id 147
pin_num 2
55 44 0
54 58 0
Net_id 148
pin_num 2
59 52 0
40 56 0
Net_id 149
pin_num 2
49 45 0
41 57 0
Net_id 150
pin_num 2
25 30 0
36 12 0
Net_id 151
pin_num 2
5 41 0
10 54 0
Net_id 152
pin_num 2
55 3 0
44 4 0
Net_id 153
pin_num 2
18 24 0
26 24 0
Net_id 154
pin_num 2
34 15 0
29 15 0
