Width 60
Height 60
Layer 6
Total_WL 7283
Obstacle_num 144
14 46 0 23 47 0
24 15 0 32 16 0
17 31 0 20 32 0
25 1 0 30 2 0
16 17 0 26 18 0
25 53 0 28 54 0
2 53 0 12 54 0
3 30 0 13 31 0
9 44 0 16 45 0
2 25 0 11 26 0
40 41 0 47 42 0
5 21 0 9 22 0
0 27 0 3 28 0
5 35 0 8 36 0
34 52 0 44 53 0
48 10 0 57 11 0
27 24 0 30 25 0
18 6 0 25 7 0
14 19 0 22 20 0
14 1 0 19 2 0
50 35 0 57 36 0
16 35 0 19 36 0
31 29 0 34 30 0
47 19 0 51 20 0
37 28 1 38 33 1
52 43 1 53 49 1
42 43 1 43 49 1
28 43 1 29 47 1
2 50 1 3 53 1
41 28 1 42 32 1
18 45 1 19 54 1
11 51 1 12 56 1
20 1 1 21 10 1
17 32 1 18 41 1
25 19 1 26 29 1
41 8 1 42 14 1
17 46 1 18 49 1
4 41 1 5 48 1
43 40 1 44 43 1
1 30 1 2 33 1
5 10 1 6 16 1
6 50 1 7 53 1
16 25 1 17 35 1
31 52 1 32 56 1
44 6 1 45 11 1
54 29 1 55 34 1
28 17 1 29 24 1
5 31 1 6 36 1
35 28 2 41 29 2
3 58 2 7 59 2
39 56 2 43 57 2
15 8 2 24 9 2
22 54 2 32 55 2
44 44 2 47 45 2
11 19 2 16 20 2
33 0 2 40 1 2
26 2 2 33 3 2
3 38 2 8 39 2
27 30 2 34 31 2
20 37 2 29 38 2
7 36 2 11 37 2
28 7 2 34 8 2
51 17 2 58 18 2
13 50 2 16 51 2
10 1 2 18 2 2
4 5 2 14 6 2
39 20 2 49 21 2
9 44 2 17 45 2
5 11 2 11 12 2
26 36 2 32 37 2
53 30 2 57 31 2
8 30 2 17 31 2
9 40 3 10 44 3
57 18 3 58 24 3
56 2 3 57 8 3
49 33 3 50 38 3
44 6 3 45 14 3
8 42 3 9 48 3
26 31 3 27 41 3
56 8 3 57 11 3
21 13 3 22 18 3
42 8 3 43 14 3
2 38 3 3 48 3
6 32 3 7 41 3
43 12 3 44 22 3
1 39 3 2 49 3
28 39 3 29 47 3
24 31 3 25 34 3
1 19 3 2 29 3
2 1 3 3 10 3
50 20 3 51 24 3
51 49 3 52 54 3
54 8 3 55 18 3
15 1 3 16 11 3
24 54 3 25 59 3
3 31 3 4 37 3
9 27 4 15 28 4
4 12 4 12 13 4
30 37 4 37 38 4
36 9 4 39 10 4
26 38 4 36 39 4
31 20 4 34 21 4
14 9 4 17 10 4
15 36 4 22 37 4
10 42 4 14 43 4
47 9 4 55 10 4
47 28 4 53 29 4
21 12 4 30 13 4
11 0 4 16 1 4
51 48 4 58 49 4
43 36 4 47 37 4
45 7 4 53 8 4
7 4 4 17 5 4
28 0 4 33 1 4
25 31 4 29 32 4
6 15 4 16 16 4
9 32 4 16 33 4
56 44 4 59 45 4
49 8 4 59 9 4
43 5 4 49 6 4
49 43 5 50 51 5
30 12 5 31 22 5
35 23 5 36 31 5
52 54 5 53 57 5
27 10 5 28 13 5
6 9 5 7 19 5
0 4 5 1 11 5
2 13 5 3 19 5
28 5 5 29 8 5
46 3 5 47 9 5
13 45 5 14 54 5
23 26 5 24 35 5
31 6 5 32 14 5
54 14 5 55 21 5
8 11 5 9 18 5
57 21 5 58 27 5
19 28 5 20 35 5
8 28 5 9 35 5
0 14 5 1 22 5
50 29 5 51 37 5
28 25 5 29 34 5
4 13 5 5 16 5
56 18 5 57 23 5
18 27 5 19 32 5
Net_num 164
Net_id 0
pin_num 5
1 22 0
4 18 0
0 28 0
1 7 0
16 8 0
Net_id 1
pin_num 5
46 31 0
53 39 0
59 25 0
45 31 0
51 22 0
Net_id 2
pin_num 5
26 8 0
31 3 0
26 0 0
32 0 0
5 0 0
Net_id 3
pin_num 5
53 34 0
58 24 0
54 38 0
58 33 0
58 50 0
Net_id 4
pin_num 5
56 50 0
51 39 0
46 49 0
55 59 0
58 59 0
Net_id 5
pin_num 5
32 59 0
32 47 0
29 50 0
16 55 0
19 50 0
Net_id 6
pin_num 5
27 6 0
25 9 0
40 6 0
28 0 0
34 4 0
Net_id 7
pin_num 5
2 55 0
10 57 0
10 48 0
0 58 0
1 52 0
Net_id 8
pin_num 5
35 7 0
50 7 0
39 17 0
31 16 0
33 31 0
Net_id 9
pin_num 5
52 28 0
42 25 0
47 20 0
58 29 0
46 21 0
Net_id 10
pin_num 5
51 7 0
59 7 0
53 0 0
36 5 0
54 2 0
Net_id 11
pin_num 5
48 57 0
45 59 0
47 33 0
47 32 0
33 47 0
Net_id 12
pin_num 5
39 59 0
33 52 0
37 43 0
14 48 0
44 48 0
Net_id 13
pin_num 5
43 38 0
32 28 0
29 33 0
36 40 0
36 51 0
Net_id 14
pin_num 5
10 5 0
8 20 0
0 14 0
3 27 0
11 26 0
Net_id 15
pin_num 5
42 32 0
37 38 0
50 37 0
37 22 0
50 50 0
Net_id 16
pin_num 5
19 7 0
16 12 0
17 24 0
10 15 0
13 24 0
Net_id 17
pin_num 5
16 6 0
35 4 0
16 37 0
45 1 0
27 21 0
Net_id 18
pin_num 5
31 33 0
34 25 0
12 27 0
32 5 0
4 33 0
Net_id 19
pin_num 5
24 10 0
12 18 0
4 0 0
25 7 0
21 2 0
Net_id 20
pin_num 5
43 39 0
33 32 0
38 43 0
59 40 0
48 40 0
Net_id 21
pin_num 4
37 51 0
45 51 0
43 44 0
41 58 0
Net_id 22
pin_num 4
50 12 0
32 12 0
12 12 0
43 0 0
Net_id 23
pin_num 4
58 37 0
53 43 0
39 41 0
57 21 0
Net_id 24
pin_num 4
29 31 0
42 30 0
25 36 0
30 18 0
Net_id 25
pin_num 4
2 44 0
10 40 0
0 49 0
10 41 0
Net_id 26
pin_num 4
6 20 0
13 14 0
26 17 0
18 5 0
Net_id 27
pin_num 4
4 38 0
11 40 0
11 32 0
10 21 0
Net_id 28
pin_num 4
59 50 0
59 43 0
49 58 0
44 45 0
Net_id 29
pin_num 4
35 29 0
38 15 0
52 16 0
47 22 0
Net_id 30
pin_num 4
25 24 0
24 5 0
53 16 0
50 1 0
Net_id 31
pin_num 4
3 18 0
1 29 0
12 26 0
6 39 0
Net_id 32
pin_num 4
43 53 0
48 52 0
59 42 0
48 38 0
Net_id 33
pin_num 4
21 52 0
21 44 0
21 57 0
35 49 0
Net_id 34
pin_num 4
15 23 0
3 20 0
0 50 0
9 18 0
Net_id 35
pin_num 4
51 34 0
42 34 0
49 41 0
40 37 0
Net_id 36
pin_num 4
41 23 0
59 22 0
43 31 0
52 36 0
Net_id 37
pin_num 4
28 52 0
22 59 0
10 56 0
11 49 0
Net_id 38
pin_num 4
26 18 0
30 14 0
27 38 0
32 32 0
Net_id 39
pin_num 4
52 15 0
59 6 0
51 15 0
40 5 0
Net_id 40
pin_num 4
27 41 0
20 51 0
9 59 0
16 51 0
Net_id 41
pin_num 4
19 16 0
7 16 0
12 25 0
8 23 0
Net_id 42
pin_num 3
47 58 0
58 54 0
53 48 0
Net_id 43
pin_num 3
19 59 0
24 35 0
38 46 0
Net_id 44
pin_num 3
44 43 0
57 59 0
44 29 0
Net_id 45
pin_num 3
15 33 0
23 33 0
14 11 0
Net_id 46
pin_num 3
22 21 0
40 33 0
9 39 0
Net_id 47
pin_num 3
55 5 0
49 13 0
56 36 0
Net_id 48
pin_num 3
3 15 0
0 7 0
5 13 0
Net_id 49
pin_num 3
46 55 0
38 55 0
40 54 0
Net_id 50
pin_num 3
50 47 0
56 27 0
45 57 0
Net_id 51
pin_num 3
44 47 0
39 48 0
56 42 0
Net_id 52
pin_num 3
5 49 0
0 54 0
3 59 0
Net_id 53
pin_num 3
57 53 0
51 53 0
57 43 0
Net_id 54
pin_num 3
15 27 0
28 13 0
1 49 0
Net_id 55
pin_num 3
33 11 0
47 11 0
25 29 0
Net_id 56
pin_num 3
21 14 0
12 10 0
11 6 0
Net_id 57
pin_num 3
43 10 0
44 0 0
24 8 0
Net_id 58
pin_num 3
2 24 0
20 31 0
17 57 0
Net_id 59
pin_num 3
42 56 0
33 38 0
19 49 0
Net_id 60
pin_num 3
34 18 0
36 14 0
42 21 0
Net_id 61
pin_num 3
48 14 0
35 8 0
39 21 0
Net_id 62
pin_num 3
19 41 0
3 45 0
4 20 0
Net_id 63
pin_num 3
27 9 0
36 10 0
25 16 0
Net_id 64
pin_num 3
43 1 0
26 9 0
12 2 0
Net_id 65
pin_num 3
56 16 0
51 0 0
56 13 0
Net_id 66
pin_num 3
41 24 0
23 15 0
56 15 0
Net_id 67
pin_num 3
41 17 0
55 4 0
55 2 0
Net_id 68
pin_num 3
23 59 0
29 58 0
38 47 0
Net_id 69
pin_num 3
56 38 0
45 52 0
30 51 0
Net_id 70
pin_num 3
37 10 0
51 3 0
30 3 0
Net_id 71
pin_num 3
49 9 0
27 3 0
35 25 0
Net_id 72
pin_num 3
37 15 0
28 32 0
55 33 0
Net_id 73
pin_num 3
55 44 0
45 53 0
30 56 0
Net_id 74
pin_num 3
26 14 0
41 2 0
17 26 0
Net_id 75
pin_num 3
58 22 0
48 18 0
39 39 0
Net_id 76
pin_num 3
31 53 0
34 36 0
31 46 0
Net_id 77
pin_num 3
12 6 0
30 11 0
34 2 0
Net_id 78
pin_num 3
2 50 0
0 52 0
12 29 0
Net_id 79
pin_num 3
51 52 0
49 52 0
59 35 0
Net_id 80
pin_num 3
15 57 0
28 41 0
32 45 0
Net_id 81
pin_num 2
33 7 0
26 21 0
Net_id 82
pin_num 2
23 31 0
16 5 0
Net_id 83
pin_num 2
15 17 0
11 12 0
Net_id 84
pin_num 2
2 19 0
5 22 0
Net_id 85
pin_num 2
24 40 0
39 19 0
Net_id 86
pin_num 2
15 20 0
2 34 0
Net_id 87
pin_num 2
32 21 0
55 27 0
Net_id 88
pin_num 2
25 42 0
36 13 0
Net_id 89
pin_num 2
48 26 0
51 14 0
Net_id 90
pin_num 2
8 14 0
2 29 0
Net_id 91
pin_num 2
3 31 0
15 31 0
Net_id 92
pin_num 2
17 29 0
29 44 0
Net_id 93
pin_num 2
13 11 0
3 10 0
Net_id 94
pin_num 2
29 7 0
18 3 0
Net_id 95
pin_num 2
4 32 0
2 36 0
Net_id 96
pin_num 2
53 57 0
32 44 0
Net_id 97
pin_num 2
2 1 0
13 4 0
Net_id 98
pin_num 2
22 20 0
3 5 0
Net_id 99
pin_num 2
59 49 0
46 48 0
Net_id 100
pin_num 2
2 52 0
14 45 0
Net_id 101
pin_num 2
39 43 0
42 31 0
Net_id 102
pin_num 2
3 7 0
23 9 0
Net_id 103
pin_num 2
18 51 0
15 51 0
Net_id 104
pin_num 2
46 10 0
33 13 0
Net_id 105
pin_num 2
36 17 0
31 17 0
Net_id 106
pin_num 2
32 37 0
26 26 0
Net_id 107
pin_num 2
33 43 0
38 44 0
Net_id 108
pin_num 2
22 35 0
15 21 0
Net_id 109
pin_num 2
43 58 0
35 40 0
Net_id 110
pin_num 2
54 32 0
37 4 0
Net_id 111
pin_num 2
19 12 0
19 1 0
Net_id 112
pin_num 2
21 38 0
26 35 0
Net_id 113
pin_num 2
12 40 0
30 52 0
Net_id 114
pin_num 2
52 29 0
40 19 0
Net_id 115
pin_num 2
52 12 0
58 2 0
Net_id 116
pin_num 2
14 53 0
27 58 0
Net_id 117
pin_num 2
13 50 0
2 58 0
Net_id 118
pin_num 2
37 13 0
51 19 0
Net_id 119
pin_num 2
10 9 0
7 2 0
Net_id 120
pin_num 2
24 14 0
24 3 0
Net_id 121
pin_num 2
40 34 0
29 45 0
Net_id 122
pin_num 2
22 19 0
43 6 0
Net_id 123
pin_num 2
45 6 0
53 6 0
Net_id 124
pin_num 2
17 44 0
25 44 0
Net_id 125
pin_num 2
10 19 0
15 38 0
Net_id 126
pin_num 2
0 2 0
28 25 0
Net_id 127
pin_num 2
27 23 0
19 26 0
Net_id 128
pin_num 2
51 11 0
40 17 0
Net_id 129
pin_num 2
36 23 0
32 22 0
Net_id 130
pin_num 2
7 45 0
1 6 0
Net_id 131
pin_num 2
13 47 0
13 38 0
Net_id 132
pin_num 2
9 46 0
13 37 0
Net_id 133
pin_num 2
28 58 0
35 31 0
Net_id 134
pin_num 2
53 2 0
59 16 0
Net_id 135
pin_num 2
53 5 0
25 18 0
Net_id 136
pin_num 2
57 14 0
59 19 0
Net_id 137
pin_num 2
54 36 0
57 41 0
Net_id 138
pin_num 2
36 27 0
20 26 0
Net_id 139
pin_num 2
9 12 0
2 16 0
Net_id 140
pin_num 2
18 39 0
34 55 0
Net_id 141
pin_num 2
33 40 0
9 35 0
Net_id 142
pin_num 2
31 30 0
13 33 0
Net_id 143
pin_num 2
34 54 0
44 53 0
Net_id 144
pin_num 2
51 40 0
30 57 0
Net_id 145
pin_num 2
23 57 0
26 45 0
Net_id 146
pin_num 2
14 54 0
10 54 0
Net_id 147
pin_num 2
19 15 0
22 36 0
Net_id 148
pin_num 2
12 22 0
9 47 0
Net_id 149
pin_num 2
45 49 0
36 53 0
Net_id 150
pin_num 2
38 45 0
43 33 0
Net_id 151
pin_num 2
4 16 0
9 28 0
Net_id 152
pin_num 2
15 13 0
32 2 0
Net_id 153
pin_num 2
19 37 0
8 29 0
Net_id 154
pin_num 2
23 3 0
22 8 0
Net_id 155
pin_num 2
49 22 0
57 56 0
Net_id 156
pin_num 2
22 4 0
9 2 0
Net_id 157
pin_num 2
2 56 0
4 49 0
Net_id 158
pin_num 2
50 26 0
50 36 0
Net_id 159
pin_num 2
22 22 0
31 27 0
Net_id 160
pin_num 2
2 39 0
8 35 0
Net_id 161
pin_num 2
28 50 0
5 18 0
Net_id 162
pin_num 2
38 57 0
28 51 0
Net_id 163
pin_num 2
48 13 0
34 3 0
