Width 60
Height 60
Layer 6
Total_WL 7290
Obstacle_num 144
50 28 0 56 29 0
9 58 0 14 59 0
32 2 0 37 3 0
24 48 0 28 49 0
52 37 0 55 38 0
11 22 0 19 23 0
40 20 0 49 21 0
44 25 0 54 26 0
3 54 0 6 55 0
42 49 0 47 50 0
40 36 0 45 37 0
13 33 0 17 34 0
28 31 0 36 32 0
34 13 0 38 14 0
37 3 0 47 4 0
6 6 0 9 7 0
48 14 0 52 15 0
2 9 0 11 10 0
0 57 0 10 58 0
31 0 0 37 1 0
32 44 0 40 45 0
49 36 0 56 37 0
27 6 0 31 7 0
17 10 0 23 11 0
1 41 1 2 44 1
17 2 1 18 12 1
25 16 1 26 24 1
44 25 1 45 35 1
56 12 1 57 17 1
29 50 1 30 55 1
18 18 1 19 27 1
21 27 1 22 34 1
56 25 1 57 30 1
22 21 1 23 31 1
52 40 1 53 49 1
40 37 1 41 43 1
5 16 1 6 26 1
54 13 1 55 19 1
51 11 1 52 21 1
45 13 1 46 22 1
53 24 1 54 27 1
39 52 1 40 58 1
38 8 1 39 11 1
42 53 1 43 56 1
54 30 1 55 34 1
56 0 1 57 4 1
52 13 1 53 19 1
39 2 1 40 6 1
24 8 2 28 9 2
28 17 2 35 18 2
12 15 2 19 16 2
39 8 2 49 9 2
50 22 2 56 23 2
17 52 2 22 53 2
48 18 2 56 19 2
10 52 2 15 53 2
9 23 2 17 24 2
38 50 2 45 51 2
50 52 2 54 53 2
37 5 2 42 6 2
16 9 2 20 10 2
50 24 2 59 25 2
28 14 2 34 15 2
42 43 2 51 44 2
51 54 2 59 55 2
31 58 2 35 59 2
19 53 2 23 54 2
51 50 2 58 51 2
36 55 2 44 56 2
1 5 2 9 6 2
39 10 2 47 11 2
41 16 2 51 17 2
26 37 3 27 47 3
34 6 3 35 14 3
48 6 3 49 16 3
3 53 3 4 56 3
39 7 3 40 11 3
33 44 3 34 48 3
46 27 3 47 34 3
13 43 3 14 46 3
8 16 3 9 25 3
25 21 3 26 24 3
56 15 3 57 20 3
31 33 3 32 36 3
28 51 3 29 59 3
28 8 3 29 13 3
43 40 3 44 48 3
55 42 3 56 45 3
49 27 3 50 34 3
24 17 3 25 22 3
2 21 3 3 31 3
21 26 3 22 34 3
29 15 3 30 18 3
57 40 3 58 43 3
3 11 3 4 14 3
23 52 3 24 55 3
40 0 4 50 1 4
44 39 4 50 40 4
49 9 4 54 10 4
14 15 4 23 16 4
4 31 4 10 32 4
29 26 4 32 27 4
44 10 4 51 11 4
33 22 4 40 23 4
16 11 4 22 12 4
11 6 4 15 7 4
34 27 4 43 28 4
6 13 4 13 14 4
46 22 4 51 23 4
17 55 4 26 56 4
39 1 4 46 2 4
2 45 4 9 46 4
2 25 4 8 26 4
29 16 4 39 17 4
26 35 4 35 36 4
23 6 4 33 7 4
6 57 4 10 58 4
13 8 4 22 9 4
37 32 4 43 33 4
7 5 4 12 6 4
21 43 5 22 51 5
4 33 5 5 42 5
2 22 5 3 32 5
57 20 5 58 29 5
5 35 5 6 44 5
30 25 5 31 35 5
40 43 5 41 48 5
8 11 5 9 20 5
5 8 5 6 18 5
22 41 5 23 49 5
28 51 5 29 54 5
22 34 5 23 37 5
12 25 5 13 33 5
0 39 5 1 43 5
52 4 5 53 10 5
8 21 5 9 26 5
19 50 5 20 53 5
39 36 5 40 44 5
34 25 5 35 29 5
50 8 5 51 14 5
27 23 5 28 33 5
48 18 5 49 25 5
46 9 5 47 16 5
42 24 5 43 33 5
Net_num 163
Net_id 0
pin_num 5
21 41 0
15 41 0
13 59 0
2 42 0
20 24 0
Net_id 1
pin_num 5
51 56 0
46 48 0
51 59 0
28 50 0
56 59 0
Net_id 2
pin_num 5
21 44 0
24 30 0
22 59 0
47 40 0
28 42 0
Net_id 3
pin_num 5
38 20 0
47 9 0
59 7 0
53 34 0
14 18 0
Net_id 4
pin_num 5
57 0 0
50 1 0
48 6 0
50 16 0
51 8 0
Net_id 5
pin_num 5
43 30 0
32 34 0
59 31 0
56 47 0
32 7 0
Net_id 6
pin_num 5
5 10 0
2 13 0
3 2 0
1 11 0
24 3 0
Net_id 7
pin_num 5
4 2 0
8 2 0
15 0 0
4 21 0
0 11 0
Net_id 8
pin_num 5
16 28 0
36 31 0
32 6 0
39 29 0
24 22 0
Net_id 9
pin_num 5
22 5 0
12 9 0
13 23 0
0 18 0
18 20 0
Net_id 10
pin_num 5
6 48 0
3 49 0
3 58 0
22 51 0
0 29 0
Net_id 11
pin_num 5
29 37 0
18 29 0
43 35 0
30 29 0
30 5 0
Net_id 12
pin_num 5
33 39 0
35 41 0
34 21 0
23 39 0
41 41 0
Net_id 13
pin_num 5
6 34 0
5 29 0
23 30 0
10 33 0
0 24 0
Net_id 14
pin_num 5
8 18 0
4 22 0
6 13 0
2 12 0
3 28 0
Net_id 15
pin_num 5
41 52 0
48 47 0
45 59 0
37 59 0
59 58 0
Net_id 16
pin_num 5
51 12 0
35 12 0
44 0 0
43 14 0
58 7 0
Net_id 17
pin_num 5
53 50 0
57 51 0
52 58 0
53 54 0
55 27 0
Net_id 18
pin_num 5
10 16 0
14 8 0
3 11 0
16 2 0
12 15 0
Net_id 19
pin_num 5
50 19 0
46 19 0
57 19 0
57 13 0
50 39 0
Net_id 20
pin_num 4
14 38 0
2 34 0
21 36 0
13 25 0
Net_id 21
pin_num 4
54 41 0
47 41 0
40 52 0
44 22 0
Net_id 22
pin_num 4
55 15 0
43 26 0
59 28 0
52 1 0
Net_id 23
pin_num 4
50 2 0
46 15 0
33 11 0
42 4 0
Net_id 24
pin_num 4
40 11 0
31 4 0
36 17 0
57 5 0
Net_id 25
pin_num 4
30 27 0
29 10 0
50 27 0
38 13 0
Net_id 26
pin_num 4
57 49 0
53 49 0
49 59 0
57 54 0
Net_id 27
pin_num 4
31 47 0
51 46 0
36 26 0
45 57 0
Net_id 28
pin_num 4
6 46 0
0 49 0
2 37 0
0 42 0
Net_id 29
pin_num 4
7 19 0
21 19 0
8 41 0
12 25 0
Net_id 30
pin_num 4
29 20 0
19 21 0
28 9 0
28 22 0
Net_id 31
pin_num 4
59 20 0
47 18 0
56 18 0
34 18 0
Net_id 32
pin_num 4
58 39 0
51 48 0
59 33 0
57 46 0
Net_id 33
pin_num 4
34 53 0
37 58 0
55 55 0
17 58 0
Net_id 34
pin_num 4
17 6 0
10 10 0
18 4 0
15 38 0
Net_id 35
pin_num 4
54 44 0
58 38 0
48 38 0
42 42 0
Net_id 36
pin_num 4
50 13 0
49 17 0
39 25 0
34 20 0
Net_id 37
pin_num 4
55 32 0
41 44 0
39 37 0
44 58 0
Net_id 38
pin_num 4
13 29 0
15 34 0
2 30 0
2 14 0
Net_id 39
pin_num 4
28 56 0
12 50 0
19 42 0
1 40 0
Net_id 40
pin_num 4
35 24 0
44 24 0
51 24 0
23 24 0
Net_id 41
pin_num 3
20 14 0
20 9 0
42 6 0
Net_id 42
pin_num 3
3 30 0
15 30 0
4 45 0
Net_id 43
pin_num 3
17 15 0
3 17 0
3 29 0
Net_id 44
pin_num 3
54 15 0
48 15 0
58 5 0
Net_id 45
pin_num 3
28 43 0
43 54 0
50 58 0
Net_id 46
pin_num 3
26 25 0
18 46 0
7 47 0
Net_id 47
pin_num 3
28 49 0
41 58 0
40 59 0
Net_id 48
pin_num 3
30 53 0
33 57 0
10 53 0
Net_id 49
pin_num 3
44 34 0
35 11 0
55 2 0
Net_id 50
pin_num 3
9 22 0
24 27 0
24 0 0
Net_id 51
pin_num 3
3 27 0
19 25 0
20 42 0
Net_id 52
pin_num 3
15 27 0
23 22 0
2 11 0
Net_id 53
pin_num 3
49 29 0
58 27 0
29 27 0
Net_id 54
pin_num 3
16 55 0
27 55 0
32 43 0
Net_id 55
pin_num 3
51 5 0
59 21 0
44 21 0
Net_id 56
pin_num 3
22 17 0
16 31 0
6 11 0
Net_id 57
pin_num 3
17 37 0
3 39 0
14 44 0
Net_id 58
pin_num 3
58 56 0
53 53 0
53 11 0
Net_id 59
pin_num 3
15 57 0
21 57 0
40 44 0
Net_id 60
pin_num 3
11 0 0
1 13 0
0 16 0
Net_id 61
pin_num 3
14 59 0
25 55 0
8 44 0
Net_id 62
pin_num 3
0 34 0
3 22 0
7 10 0
Net_id 63
pin_num 3
27 38 0
44 52 0
35 52 0
Net_id 64
pin_num 3
56 43 0
39 36 0
48 58 0
Net_id 65
pin_num 3
44 8 0
57 16 0
52 0 0
Net_id 66
pin_num 3
25 46 0
21 49 0
28 45 0
Net_id 67
pin_num 3
21 54 0
27 52 0
0 58 0
Net_id 68
pin_num 3
6 19 0
13 24 0
5 44 0
Net_id 69
pin_num 3
50 11 0
48 0 0
27 3 0
Net_id 70
pin_num 3
31 18 0
23 7 0
58 1 0
Net_id 71
pin_num 3
15 45 0
0 50 0
12 57 0
Net_id 72
pin_num 3
34 4 0
41 1 0
47 6 0
Net_id 73
pin_num 3
1 6 0
13 1 0
1 1 0
Net_id 74
pin_num 3
49 4 0
35 19 0
42 15 0
Net_id 75
pin_num 3
22 9 0
9 6 0
22 7 0
Net_id 76
pin_num 3
53 0 0
53 8 0
54 8 0
Net_id 77
pin_num 3
17 32 0
7 32 0
11 55 0
Net_id 78
pin_num 3
58 28 0
50 40 0
54 46 0
Net_id 79
pin_num 3
24 43 0
10 35 0
12 56 0
Net_id 80
pin_num 3
24 52 0
35 51 0
52 53 0
Net_id 81
pin_num 3
7 53 0
9 46 0
13 40 0
Net_id 82
pin_num 3
21 24 0
29 8 0
2 31 0
Net_id 83
pin_num 2
34 19 0
19 2 0
Net_id 84
pin_num 2
16 51 0
29 56 0
Net_id 85
pin_num 2
8 34 0
10 25 0
Net_id 86
pin_num 2
12 13 0
5 0 0
Net_id 87
pin_num 2
48 18 0
58 23 0
Net_id 88
pin_num 2
43 22 0
35 15 0
Net_id 89
pin_num 2
23 6 0
18 12 0
Net_id 90
pin_num 2
10 32 0
1 44 0
Net_id 91
pin_num 2
33 43 0
43 57 0
Net_id 92
pin_num 2
8 49 0
21 38 0
Net_id 93
pin_num 2
58 45 0
56 56 0
Net_id 94
pin_num 2
3 24 0
10 17 0
Net_id 95
pin_num 2
29 7 0
29 26 0
Net_id 96
pin_num 2
9 37 0
25 37 0
Net_id 97
pin_num 2
37 33 0
28 32 0
Net_id 98
pin_num 2
4 50 0
14 21 0
Net_id 99
pin_num 2
4 55 0
20 59 0
Net_id 100
pin_num 2
24 32 0
19 32 0
Net_id 101
pin_num 2
43 21 0
30 42 0
Net_id 102
pin_num 2
11 35 0
48 31 0
Net_id 103
pin_num 2
46 9 0
40 43 0
Net_id 104
pin_num 2
17 5 0
3 14 0
Net_id 105
pin_num 2
57 4 0
27 21 0
Net_id 106
pin_num 2
35 36 0
17 26 0
Net_id 107
pin_num 2
42 2 0
52 23 0
Net_id 108
pin_num 2
58 25 0
53 29 0
Net_id 109
pin_num 2
17 47 0
23 47 0
Net_id 110
pin_num 2
56 9 0
41 23 0
Net_id 111
pin_num 2
2 2 0
12 14 0
Net_id 112
pin_num 2
41 28 0
35 16 0
Net_id 113
pin_num 2
20 31 0
41 19 0
Net_id 114
pin_num 2
49 49 0
30 37 0
Net_id 115
pin_num 2
0 59 0
13 56 0
Net_id 116
pin_num 2
5 52 0
0 51 0
Net_id 117
pin_num 2
59 25 0
49 34 0
Net_id 118
pin_num 2
41 32 0
32 32 0
Net_id 119
pin_num 2
24 6 0
31 20 0
Net_id 120
pin_num 2
19 33 0
11 14 0
Net_id 121
pin_num 2
47 38 0
38 47 0
Net_id 122
pin_num 2
56 2 0
35 8 0
Net_id 123
pin_num 2
16 8 0
24 5 0
Net_id 124
pin_num 2
58 13 0
49 3 0
Net_id 125
pin_num 2
34 23 0
33 13 0
Net_id 126
pin_num 2
31 10 0
38 10 0
Net_id 127
pin_num 2
15 50 0
7 41 0
Net_id 128
pin_num 2
7 14 0
17 16 0
Net_id 129
pin_num 2
38 28 0
28 28 0
Net_id 130
pin_num 2
26 46 0
30 52 0
Net_id 131
pin_num 2
58 40 0
51 44 0
Net_id 132
pin_num 2
10 29 0
1 17 0
Net_id 133
pin_num 2
25 19 0
13 5 0
Net_id 134
pin_num 2
50 52 0
49 51 0
Net_id 135
pin_num 2
51 45 0
33 45 0
Net_id 136
pin_num 2
30 47 0
40 57 0
Net_id 137
pin_num 2
24 21 0
30 54 0
Net_id 138
pin_num 2
4 15 0
12 4 0
Net_id 139
pin_num 2
43 33 0
33 37 0
Net_id 140
pin_num 2
33 41 0
40 51 0
Net_id 141
pin_num 2
59 54 0
41 43 0
Net_id 142
pin_num 2
6 53 0
1 54 0
Net_id 143
pin_num 2
32 9 0
2 35 0
Net_id 144
pin_num 2
57 58 0
46 57 0
Net_id 145
pin_num 2
22 12 0
15 2 0
Net_id 146
pin_num 2
27 44 0
17 50 0
Net_id 147
pin_num 2
29 51 0
46 47 0
Net_id 148
pin_num 2
42 46 0
38 43 0
Net_id 149
pin_num 2
32 41 0
22 41 0
Net_id 150
pin_num 2
2 47 0
7 58 0
Net_id 151
pin_num 2
27 27 0
52 3 0
Net_id 152
pin_num 2
24 26 0
9 35 0
Net_id 153
pin_num 2
22 1 0
29 1 0
Net_id 154
pin_num 2
37 42 0
40 40 0
Net_id 155
pin_num 2
28 23 0
7 35 0
Net_id 156
pin_num 2
30 56 0
35 56 0
Net_id 157
pin_num 2
3 35 0
5 56 0
Net_id 158
pin_num 2
22 0 0
4 49 0
Net_id 159
pin_num 2
51 37 0
38 51 0
Net_id 160
pin_num 2
26 2 0
3 25 0
Net_id 161
pin_num 2
29 29 0
7 37 0
Net_id 162
pin_num 2
38 21 0
46 17 0
