Width 60
Height 60
Layer 6
Total_WL 7452
Obstacle_num 144
36 7 0 39 8 0
5 10 0 14 11 0
8 50 0 18 51 0
54 28 0 58 29 0
43 54 0 53 55 0
26 22 0 31 23 0
16 10 0 24 11 0
21 50 0 31 51 0
22 38 0 28 39 0
1 54 0 4 55 0
0 24 0 4 25 0
0 28 0 3 29 0
37 43 0 44 44 0
46 51 0 55 52 0
5 38 0 10 39 0
16 28 0 19 29 0
11 24 0 14 25 0
16 43 0 22 44 0
17 13 0 21 14 0
4 43 0 13 44 0
1 48 0 7 49 0
54 24 0 58 25 0
11 15 0 18 16 0
5 6 0 8 7 0
26 37 1 27 42 1
41 31 1 42 40 1
33 19 1 34 26 1
29 2 1 30 11 1
5 30 1 6 36 1
39 25 1 40 33 1
47 16 1 48 21 1
0 17 1 1 26 1
55 43 1 56 49 1
53 50 1 54 58 1
32 13 1 33 16 1
33 37 1 34 43 1
49 14 1 50 21 1
38 41 1 39 48 1
10 10 1 11 16 1
21 23 1 22 32 1
45 23 1 46 31 1
36 19 1 37 23 1
43 2 1 44 7 1
48 47 1 49 55 1
58 46 1 59 49 1
19 42 1 20 46 1
10 41 1 11 47 1
7 18 1 8 25 1
22 5 2 28 6 2
31 15 2 34 16 2
35 17 2 43 18 2
15 33 2 24 34 2
16 58 2 26 59 2
2 12 2 11 13 2
7 34 2 12 35 2
14 14 2 23 15 2
17 10 2 20 11 2
9 56 2 16 57 2
24 51 2 29 52 2
4 25 2 8 26 2
41 16 2 51 17 2
28 54 2 33 55 2
32 51 2 39 52 2
43 48 2 46 49 2
45 40 2 55 41 2
32 46 2 36 47 2
46 9 2 55 10 2
31 5 2 41 6 2
3 16 2 10 17 2
24 25 2 31 26 2
16 28 2 24 29 2
17 36 2 20 37 2
38 23 3 39 33 3
20 30 3 21 33 3
41 17 3 42 26 3
48 40 3 49 44 3
28 10 3 29 20 3
32 1 3 33 6 3
6 20 3 7 25 3
0 11 3 1 14 3
15 50 3 16 55 3
30 43 3 31 53 3
23 5 3 24 14 3
11 49 3 12 58 3
50 32 3 51 39 3
45 13 3 46 16 3
18 17 3 19 23 3
42 45 3 43 51 3
24 46 3 25 52 3
20 25 3 21 28 3
20 4 3 21 7 3
27 12 3 28 16 3
10 30 3 11 36 3
9 23 3 10 29 3
31 34 3 32 38 3
50 3 3 51 8 3
0 54 4 7 55 4
7 15 4 13 16 4
31 58 4 37 59 4
12 52 4 22 53 4
17 45 4 20 46 4
13 48 4 23 49 4
37 56 4 41 57 4
45 22 4 52 23 4
51 8 4 55 9 4
28 10 4 31 11 4
22 55 4 32 56 4
6 4 4 14 5 4
34 5 4 44 6 4
20 8 4 24 9 4
10 33 4 18 34 4
24 21 4 30 22 4
17 22 4 26 23 4
28 38 4 37 39 4
13 39 4 19 40 4
0 55 4 10 56 4
37 14 4 40 15 4
39 29 4 49 30 4
43 6 4 53 7 4
19 12 4 22 13 4
3 6 5 4 9 5
2 3 5 3 8 5
20 52 5 21 57 5
15 32 5 16 41 5
1 14 5 2 23 5
45 35 5 46 39 5
42 11 5 43 15 5
3 19 5 4 25 5
24 41 5 25 45 5
27 36 5 28 40 5
37 6 5 38 13 5
11 14 5 12 22 5
52 42 5 53 45 5
57 45 5 58 52 5
32 4 5 33 8 5
30 13 5 31 23 5
52 30 5 53 33 5
58 38 5 59 45 5
6 19 5 7 27 5
36 11 5 37 19 5
58 10 5 59 19 5
16 4 5 17 12 5
5 47 5 6 56 5
8 35 5 9 42 5
Net_num 162
Net_id 0
pin_num 5
1 18 0
16 18 0
13 0 0
8 11 0
25 9 0
Net_id 1
pin_num 5
10 33 0
6 28 0
13 32 0
6 41 0
12 40 0
Net_id 2
pin_num 5
7 31 0
1 31 0
0 33 0
2 49 0
5 39 0
Net_id 3
pin_num 5
12 5 0
15 21 0
32 16 0
27 28 0
23 0 0
Net_id 4
pin_num 5
35 43 0
37 24 0
40 36 0
19 29 0
5 29 0
Net_id 5
pin_num 5
51 0 0
43 0 0
48 16 0
50 15 0
59 8 0
Net_id 6
pin_num 5
45 42 0
38 55 0
30 59 0
59 39 0
22 53 0
Net_id 7
pin_num 5
46 56 0
59 48 0
52 53 0
49 48 0
43 59 0
Net_id 8
pin_num 5
11 35 0
0 48 0
0 41 0
13 40 0
8 30 0
Net_id 9
pin_num 5
32 13 0
19 8 0
20 11 0
27 0 0
41 0 0
Net_id 10
pin_num 5
11 53 0
19 54 0
17 31 0
7 53 0
17 59 0
Net_id 11
pin_num 5
1 23 0
14 30 0
1 16 0
15 28 0
26 26 0
Net_id 12
pin_num 5
58 14 0
46 11 0
46 17 0
59 9 0
41 10 0
Net_id 13
pin_num 5
36 46 0
48 38 0
41 48 0
30 46 0
32 41 0
Net_id 14
pin_num 5
9 39 0
9 49 0
9 34 0
0 30 0
11 25 0
Net_id 15
pin_num 5
22 51 0
13 42 0
1 46 0
4 59 0
10 58 0
Net_id 16
pin_num 5
37 15 0
19 17 0
34 2 0
29 29 0
32 17 0
Net_id 17
pin_num 5
41 35 0
25 36 0
32 48 0
16 37 0
30 41 0
Net_id 18
pin_num 4
58 40 0
57 47 0
34 40 0
49 45 0
Net_id 19
pin_num 4
24 30 0
39 30 0
45 34 0
56 30 0
Net_id 20
pin_num 4
0 49 0
7 45 0
29 45 0
0 58 0
Net_id 21
pin_num 4
30 57 0
51 57 0
41 55 0
43 51 0
Net_id 22
pin_num 4
17 17 0
8 19 0
15 22 0
10 3 0
Net_id 23
pin_num 4
57 18 0
58 15 0
44 18 0
58 0 0
Net_id 24
pin_num 4
33 21 0
49 21 0
40 6 0
33 10 0
Net_id 25
pin_num 4
38 53 0
29 59 0
29 38 0
44 38 0
Net_id 26
pin_num 4
19 28 0
19 24 0
39 25 0
28 18 0
Net_id 27
pin_num 4
25 59 0
31 50 0
8 57 0
37 55 0
Net_id 28
pin_num 4
30 49 0
15 58 0
23 44 0
12 51 0
Net_id 29
pin_num 4
31 12 0
39 9 0
22 0 0
29 31 0
Net_id 30
pin_num 4
28 26 0
37 33 0
31 47 0
50 37 0
Net_id 31
pin_num 4
18 46 0
28 58 0
12 59 0
28 29 0
Net_id 32
pin_num 4
14 40 0
18 42 0
17 27 0
15 42 0
Net_id 33
pin_num 4
42 1 0
36 1 0
41 7 0
25 3 0
Net_id 34
pin_num 4
15 4 0
21 15 0
32 18 0
2 1 0
Net_id 35
pin_num 4
51 6 0
56 6 0
59 2 0
46 1 0
Net_id 36
pin_num 4
20 50 0
13 58 0
3 43 0
12 52 0
Net_id 37
pin_num 4
1 29 0
6 19 0
9 15 0
0 16 0
Net_id 38
pin_num 4
56 27 0
51 28 0
52 41 0
34 31 0
Net_id 39
pin_num 3
50 29 0
44 33 0
55 38 0
Net_id 40
pin_num 3
54 43 0
59 21 0
40 4 0
Net_id 41
pin_num 3
47 33 0
56 42 0
56 19 0
Net_id 42
pin_num 3
31 43 0
19 39 0
18 32 0
Net_id 43
pin_num 3
42 28 0
50 27 0
58 36 0
Net_id 44
pin_num 3
32 36 0
30 28 0
41 17 0
Net_id 45
pin_num 3
3 52 0
10 39 0
2 59 0
Net_id 46
pin_num 3
49 20 0
43 18 0
27 32 0
Net_id 47
pin_num 3
6 21 0
1 40 0
4 56 0
Net_id 48
pin_num 3
13 34 0
0 45 0
14 46 0
Net_id 49
pin_num 3
57 30 0
53 41 0
53 26 0
Net_id 50
pin_num 3
32 27 0
48 27 0
58 35 0
Net_id 51
pin_num 3
51 12 0
53 22 0
23 27 0
Net_id 52
pin_num 3
45 26 0
35 33 0
36 2 0
Net_id 53
pin_num 3
29 24 0
19 21 0
42 12 0
Net_id 54
pin_num 3
3 33 0
12 14 0
0 3 0
Net_id 55
pin_num 3
50 47 0
40 53 0
44 39 0
Net_id 56
pin_num 3
23 18 0
30 23 0
42 35 0
Net_id 57
pin_num 3
50 2 0
58 6 0
57 11 0
Net_id 58
pin_num 3
8 3 0
1 8 0
6 14 0
Net_id 59
pin_num 3
54 11 0
46 8 0
55 9 0
Net_id 60
pin_num 3
27 14 0
33 18 0
51 20 0
Net_id 61
pin_num 3
52 52 0
46 39 0
46 50 0
Net_id 62
pin_num 3
13 30 0
2 27 0
11 1 0
Net_id 63
pin_num 3
33 32 0
39 39 0
42 44 0
Net_id 64
pin_num 3
51 35 0
31 39 0
34 42 0
Net_id 65
pin_num 3
7 56 0
15 27 0
49 46 0
Net_id 66
pin_num 3
17 34 0
22 20 0
28 47 0
Net_id 67
pin_num 3
58 31 0
44 24 0
49 12 0
Net_id 68
pin_num 3
36 10 0
31 18 0
36 11 0
Net_id 69
pin_num 3
31 19 0
27 11 0
1 1 0
Net_id 70
pin_num 3
9 58 0
3 39 0
1 20 0
Net_id 71
pin_num 3
23 39 0
25 42 0
20 37 0
Net_id 72
pin_num 3
16 35 0
5 22 0
5 36 0
Net_id 73
pin_num 3
57 32 0
50 32 0
35 20 0
Net_id 74
pin_num 3
36 22 0
49 27 0
51 34 0
Net_id 75
pin_num 3
36 24 0
30 24 0
57 44 0
Net_id 76
pin_num 3
10 11 0
12 9 0
10 4 0
Net_id 77
pin_num 3
31 31 0
34 45 0
31 22 0
Net_id 78
pin_num 3
16 51 0
18 41 0
30 45 0
Net_id 79
pin_num 3
19 9 0
33 13 0
6 0 0
Net_id 80
pin_num 2
32 45 0
8 49 0
Net_id 81
pin_num 2
56 15 0
47 38 0
Net_id 82
pin_num 2
21 36 0
6 36 0
Net_id 83
pin_num 2
57 29 0
49 4 0
Net_id 84
pin_num 2
45 4 0
44 1 0
Net_id 85
pin_num 2
1 22 0
9 2 0
Net_id 86
pin_num 2
32 54 0
51 46 0
Net_id 87
pin_num 2
48 19 0
39 24 0
Net_id 88
pin_num 2
11 52 0
7 39 0
Net_id 89
pin_num 2
43 42 0
35 39 0
Net_id 90
pin_num 2
2 13 0
0 8 0
Net_id 91
pin_num 2
59 28 0
57 34 0
Net_id 92
pin_num 2
44 13 0
58 11 0
Net_id 93
pin_num 2
45 24 0
58 20 0
Net_id 94
pin_num 2
17 18 0
0 15 0
Net_id 95
pin_num 2
4 38 0
9 30 0
Net_id 96
pin_num 2
18 2 0
32 10 0
Net_id 97
pin_num 2
50 59 0
58 54 0
Net_id 98
pin_num 2
45 43 0
49 41 0
Net_id 99
pin_num 2
15 41 0
7 40 0
Net_id 100
pin_num 2
20 28 0
49 44 0
Net_id 101
pin_num 2
41 26 0
52 7 0
Net_id 102
pin_num 2
17 21 0
5 26 0
Net_id 103
pin_num 2
26 21 0
32 20 0
Net_id 104
pin_num 2
43 1 0
39 16 0
Net_id 105
pin_num 2
39 33 0
20 47 0
Net_id 106
pin_num 2
50 14 0
58 25 0
Net_id 107
pin_num 2
7 15 0
4 8 0
Net_id 108
pin_num 2
26 9 0
38 14 0
Net_id 109
pin_num 2
26 51 0
33 52 0
Net_id 110
pin_num 2
45 16 0
32 1 0
Net_id 111
pin_num 2
5 19 0
13 26 0
Net_id 112
pin_num 2
37 58 0
27 44 0
Net_id 113
pin_num 2
48 12 0
34 19 0
Net_id 114
pin_num 2
0 36 0
23 54 0
Net_id 115
pin_num 2
15 8 0
35 18 0
Net_id 116
pin_num 2
9 48 0
21 35 0
Net_id 117
pin_num 2
5 47 0
26 52 0
Net_id 118
pin_num 2
34 6 0
8 7 0
Net_id 119
pin_num 2
41 9 0
55 7 0
Net_id 120
pin_num 2
47 5 0
18 27 0
Net_id 121
pin_num 2
2 53 0
28 52 0
Net_id 122
pin_num 2
0 34 0
8 37 0
Net_id 123
pin_num 2
32 19 0
33 26 0
Net_id 124
pin_num 2
43 2 0
55 15 0
Net_id 125
pin_num 2
51 3 0
22 3 0
Net_id 126
pin_num 2
22 5 0
32 4 0
Net_id 127
pin_num 2
21 55 0
8 51 0
Net_id 128
pin_num 2
1 27 0
13 37 0
Net_id 129
pin_num 2
18 20 0
4 20 0
Net_id 130
pin_num 2
8 39 0
15 46 0
Net_id 131
pin_num 2
42 31 0
34 22 0
Net_id 132
pin_num 2
4 40 0
2 56 0
Net_id 133
pin_num 2
31 40 0
18 25 0
Net_id 134
pin_num 2
0 5 0
9 0 0
Net_id 135
pin_num 2
15 51 0
19 23 0
Net_id 136
pin_num 2
37 20 0
44 7 0
Net_id 137
pin_num 2
35 31 0
51 29 0
Net_id 138
pin_num 2
15 26 0
3 14 0
Net_id 139
pin_num 2
52 26 0
45 38 0
Net_id 140
pin_num 2
35 48 0
48 58 0
Net_id 141
pin_num 2
12 8 0
21 18 0
Net_id 142
pin_num 2
26 4 0
42 4 0
Net_id 143
pin_num 2
48 1 0
59 10 0
Net_id 144
pin_num 2
34 33 0
16 33 0
Net_id 145
pin_num 2
18 3 0
14 31 0
Net_id 146
pin_num 2
7 8 0
35 19 0
Net_id 147
pin_num 2
22 48 0
59 57 0
Net_id 148
pin_num 2
4 12 0
3 2 0
Net_id 149
pin_num 2
50 16 0
52 15 0
Net_id 150
pin_num 2
35 2 0
3 25 0
Net_id 151
pin_num 2
36 49 0
54 54 0
Net_id 152
pin_num 2
11 7 0
38 2 0
Net_id 153
pin_num 2
43 19 0
50 21 0
Net_id 154
pin_num 2
57 33 0
37 39 0
Net_id 155
pin_num 2
3 20 0
1 7 0
Net_id 156
pin_num 2
45 58 0
56 46 0
Net_id 157
pin_num 2
2 38 0
2 50 0
Net_id 158
pin_num 2
16 12 0
4 14 0
Net_id 159
pin_num 2
15 19 0
24 31 0
Net_id 160
pin_num 2
14 57 0
4 39 0
Net_id 161
pin_num 2
42 24 0
26 44 0
