Width 60
Height 60
Layer 6
Total_WL 7012
Obstacle_num 144
41 33 0 47 34 0
31 50 0 38 51 0
17 26 0 23 27 0
16 50 0 23 51 0
39 17 0 44 18 0
26 49 0 36 50 0
28 42 0 34 43 0
27 33 0 37 34 0
6 9 0 13 10 0
1 55 0 11 56 0
53 1 0 57 2 0
32 38 0 41 39 0
17 23 0 21 24 0
51 2 0 54 3 0
21 39 0 25 40 0
10 23 0 14 24 0
43 3 0 53 4 0
25 35 0 30 36 0
12 26 0 15 27 0
4 10 0 8 11 0
49 39 0 53 40 0
51 22 0 59 23 0
0 24 0 9 25 0
30 18 0 35 19 0
24 44 1 25 54 1
11 30 1 12 36 1
33 44 1 34 49 1
51 13 1 52 20 1
7 32 1 8 37 1
50 55 1 51 59 1
56 8 1 57 18 1
30 39 1 31 47 1
5 17 1 6 23 1
46 26 1 47 36 1
8 27 1 9 36 1
41 1 1 42 9 1
32 53 1 33 58 1
14 22 1 15 26 1
36 30 1 37 34 1
13 24 1 14 31 1
49 6 1 50 10 1
4 45 1 5 51 1
3 34 1 4 41 1
10 16 1 11 25 1
25 19 1 26 28 1
12 35 1 13 40 1
4 51 1 5 59 1
49 16 1 50 19 1
2 58 2 12 59 2
26 0 2 36 1 2
33 57 2 37 58 2
43 55 2 51 56 2
39 57 2 43 58 2
3 5 2 8 6 2
26 47 2 29 48 2
48 32 2 53 33 2
18 38 2 23 39 2
1 57 2 6 58 2
44 50 2 48 51 2
19 4 2 29 5 2
22 5 2 32 6 2
32 28 2 41 29 2
41 24 2 50 25 2
11 35 2 14 36 2
3 45 2 13 46 2
33 2 2 40 3 2
37 21 2 46 22 2
1 49 2 8 50 2
1 22 2 10 23 2
0 15 2 6 16 2
19 48 2 22 49 2
55 14 2 58 15 2
26 8 3 27 15 3
28 18 3 29 21 3
5 8 3 6 14 3
13 22 3 14 29 3
12 15 3 13 20 3
23 17 3 24 22 3
18 43 3 19 51 3
37 40 3 38 44 3
15 0 3 16 8 3
20 4 3 21 10 3
51 32 3 52 40 3
22 34 3 23 37 3
14 19 3 15 22 3
9 3 3 10 9 3
29 9 3 30 17 3
49 4 3 50 12 3
24 17 3 25 25 3
7 21 3 8 30 3
46 43 3 47 52 3
22 47 3 23 57 3
31 24 3 32 31 3
6 37 3 7 46 3
17 30 3 18 39 3
4 11 3 5 15 3
37 42 4 45 43 4
20 11 4 24 12 4
52 0 4 56 1 4
20 3 4 28 4 4
38 21 4 42 22 4
39 39 4 44 40 4
39 30 4 44 31 4
15 35 4 20 36 4
24 42 4 29 43 4
12 8 4 22 9 4
54 53 4 59 54 4
12 4 4 20 5 4
42 45 4 49 46 4
29 13 4 37 14 4
13 39 4 20 40 4
48 22 4 58 23 4
4 11 4 11 12 4
46 23 4 49 24 4
55 18 4 59 19 4
29 44 4 36 45 4
29 53 4 37 54 4
2 26 4 5 27 4
21 10 4 27 11 4
14 13 4 23 14 4
37 27 5 38 31 5
26 20 5 27 30 5
27 35 5 28 43 5
26 44 5 27 50 5
5 2 5 6 12 5
45 43 5 46 50 5
33 12 5 34 22 5
42 9 5 43 17 5
22 26 5 23 29 5
29 20 5 30 23 5
14 19 5 15 26 5
21 15 5 22 19 5
18 33 5 19 39 5
46 45 5 47 51 5
37 8 5 38 11 5
1 1 5 2 9 5
39 51 5 40 59 5
40 45 5 41 50 5
45 9 5 46 15 5
19 24 5 20 27 5
3 4 5 4 14 5
4 12 5 5 21 5
6 43 5 7 52 5
54 19 5 55 26 5
Net_num 163
Net_id 0
pin_num 5
2 7 0
3 7 0
0 26 0
4 13 0
11 12 0
Net_id 1
pin_num 5
49 14 0
43 10 0
35 10 0
47 6 0
40 26 0
Net_id 2
pin_num 5
34 11 0
40 27 0
59 11 0
27 19 0
53 24 0
Net_id 3
pin_num 5
4 25 0
0 25 0
2 37 0
25 29 0
0 6 0
Net_id 4
pin_num 5
1 11 0
19 10 0
12 2 0
16 23 0
1 18 0
Net_id 5
pin_num 5
17 32 0
30 32 0
22 15 0
11 17 0
15 21 0
Net_id 6
pin_num 5
44 12 0
59 10 0
55 10 0
55 12 0
23 11 0
Net_id 7
pin_num 5
58 42 0
57 55 0
39 59 0
52 38 0
47 42 0
Net_id 8
pin_num 5
21 51 0
13 59 0
0 56 0
1 49 0
12 45 0
Net_id 9
pin_num 5
33 7 0
24 2 0
19 7 0
24 25 0
0 36 0
Net_id 10
pin_num 5
16 42 0
25 42 0
18 38 0
2 39 0
0 53 0
Net_id 11
pin_num 5
32 32 0
15 34 0
15 22 0
15 47 0
21 19 0
Net_id 12
pin_num 5
42 27 0
58 27 0
54 10 0
59 19 0
59 26 0
Net_id 13
pin_num 5
28 57 0
39 58 0
44 58 0
22 59 0
18 58 0
Net_id 14
pin_num 5
45 37 0
59 40 0
59 52 0
52 41 0
37 46 0
Net_id 15
pin_num 5
18 15 0
16 10 0
18 0 0
10 4 0
5 9 0
Net_id 16
pin_num 5
35 18 0
39 14 0
34 15 0
15 15 0
36 0 0
Net_id 17
pin_num 5
56 49 0
58 52 0
40 56 0
52 37 0
58 37 0
Net_id 18
pin_num 5
4 18 0
12 18 0
7 25 0
20 18 0
14 13 0
Net_id 19
pin_num 5
30 9 0
23 9 0
27 0 0
41 18 0
25 1 0
Net_id 20
pin_num 5
55 58 0
56 40 0
34 48 0
54 51 0
49 47 0
Net_id 21
pin_num 5
35 20 0
20 20 0
31 9 0
16 20 0
24 0 0
Net_id 22
pin_num 4
48 47 0
33 47 0
37 58 0
38 49 0
Net_id 23
pin_num 4
55 18 0
42 15 0
30 12 0
45 23 0
Net_id 24
pin_num 4
2 14 0
6 8 0
1 21 0
26 21 0
Net_id 25
pin_num 4
28 6 0
19 5 0
21 3 0
36 1 0
Net_id 26
pin_num 4
30 26 0
23 25 0
16 12 0
23 22 0
Net_id 27
pin_num 4
45 29 0
56 38 0
59 29 0
54 43 0
Net_id 28
pin_num 4
7 1 0
2 16 0
16 0 0
11 10 0
Net_id 29
pin_num 4
37 29 0
47 39 0
55 36 0
26 22 0
Net_id 30
pin_num 4
41 53 0
47 54 0
31 38 0
55 52 0
Net_id 31
pin_num 4
32 57 0
33 51 0
23 52 0
35 41 0
Net_id 32
pin_num 4
45 41 0
50 49 0
49 28 0
51 35 0
Net_id 33
pin_num 4
36 53 0
27 46 0
27 34 0
32 37 0
Net_id 34
pin_num 4
31 1 0
35 5 0
43 2 0
59 0 0
Net_id 35
pin_num 4
28 28 0
54 29 0
36 23 0
16 26 0
Net_id 36
pin_num 4
56 32 0
58 28 0
58 6 0
41 27 0
Net_id 37
pin_num 4
49 16 0
42 16 0
57 15 0
55 26 0
Net_id 38
pin_num 4
33 19 0
28 21 0
12 20 0
45 21 0
Net_id 39
pin_num 4
51 49 0
59 59 0
51 41 0
54 58 0
Net_id 40
pin_num 4
42 5 0
52 6 0
51 1 0
51 0 0
Net_id 41
pin_num 4
45 32 0
55 31 0
43 9 0
48 35 0
Net_id 42
pin_num 3
17 0 0
17 5 0
4 5 0
Net_id 43
pin_num 3
26 16 0
30 10 0
19 6 0
Net_id 44
pin_num 3
53 55 0
59 57 0
48 43 0
Net_id 45
pin_num 3
3 28 0
13 33 0
9 28 0
Net_id 46
pin_num 3
17 55 0
44 57 0
56 33 0
Net_id 47
pin_num 3
0 37 0
1 44 0
24 37 0
Net_id 48
pin_num 3
31 10 0
34 7 0
53 3 0
Net_id 49
pin_num 3
40 50 0
58 38 0
39 44 0
Net_id 50
pin_num 3
36 40 0
27 51 0
50 50 0
Net_id 51
pin_num 3
51 15 0
53 13 0
25 12 0
Net_id 52
pin_num 3
9 52 0
0 55 0
17 59 0
Net_id 53
pin_num 3
32 56 0
55 49 0
39 27 0
Net_id 54
pin_num 3
33 36 0
18 36 0
29 43 0
Net_id 55
pin_num 3
2 34 0
14 35 0
13 54 0
Net_id 56
pin_num 3
42 30 0
50 17 0
55 28 0
Net_id 57
pin_num 3
5 49 0
2 45 0
1 46 0
Net_id 58
pin_num 3
41 16 0
29 34 0
33 8 0
Net_id 59
pin_num 3
12 21 0
2 3 0
50 16 0
Net_id 60
pin_num 3
19 28 0
1 4 0
3 16 0
Net_id 61
pin_num 3
2 5 0
15 0 0
6 28 0
Net_id 62
pin_num 3
27 3 0
19 2 0
10 2 0
Net_id 63
pin_num 3
58 57 0
49 51 0
53 40 0
Net_id 64
pin_num 3
40 4 0
45 2 0
54 2 0
Net_id 65
pin_num 3
36 8 0
54 5 0
56 19 0
Net_id 66
pin_num 3
22 27 0
22 33 0
48 49 0
Net_id 67
pin_num 3
46 58 0
58 50 0
53 50 0
Net_id 68
pin_num 3
4 7 0
21 18 0
10 13 0
Net_id 69
pin_num 3
59 31 0
42 37 0
55 9 0
Net_id 70
pin_num 3
51 43 0
57 34 0
46 54 0
Net_id 71
pin_num 3
43 45 0
32 45 0
50 28 0
Net_id 72
pin_num 3
30 51 0
39 54 0
25 33 0
Net_id 73
pin_num 3
7 35 0
13 37 0
17 52 0
Net_id 74
pin_num 3
47 15 0
39 26 0
50 19 0
Net_id 75
pin_num 3
42 55 0
55 29 0
48 39 0
Net_id 76
pin_num 3
30 1 0
35 6 0
45 58 0
Net_id 77
pin_num 3
42 44 0
47 35 0
24 35 0
Net_id 78
pin_num 3
32 54 0
37 44 0
26 54 0
Net_id 79
pin_num 3
50 2 0
36 17 0
59 9 0
Net_id 80
pin_num 3
5 41 0
16 48 0
17 41 0
Net_id 81
pin_num 3
13 1 0
23 10 0
20 30 0
Net_id 82
pin_num 3
9 23 0
1 33 0
12 40 0
Net_id 83
pin_num 3
42 40 0
58 34 0
48 57 0
Net_id 84
pin_num 2
24 52 0
36 49 0
Net_id 85
pin_num 2
8 56 0
12 56 0
Net_id 86
pin_num 2
21 47 0
21 56 0
Net_id 87
pin_num 2
17 33 0
21 40 0
Net_id 88
pin_num 2
20 16 0
28 30 0
Net_id 89
pin_num 2
18 34 0
40 54 0
Net_id 90
pin_num 2
39 0 0
37 5 0
Net_id 91
pin_num 2
11 13 0
34 22 0
Net_id 92
pin_num 2
19 37 0
23 35 0
Net_id 93
pin_num 2
38 24 0
16 19 0
Net_id 94
pin_num 2
24 13 0
15 13 0
Net_id 95
pin_num 2
37 53 0
40 52 0
Net_id 96
pin_num 2
45 49 0
36 51 0
Net_id 97
pin_num 2
46 43 0
53 51 0
Net_id 98
pin_num 2
0 0 0
8 8 0
Net_id 99
pin_num 2
51 46 0
46 46 0
Net_id 100
pin_num 2
27 8 0
15 6 0
Net_id 101
pin_num 2
44 17 0
56 30 0
Net_id 102
pin_num 2
44 4 0
46 1 0
Net_id 103
pin_num 2
6 33 0
2 33 0
Net_id 104
pin_num 2
4 3 0
17 9 0
Net_id 105
pin_num 2
14 31 0
27 2 0
Net_id 106
pin_num 2
29 51 0
25 49 0
Net_id 107
pin_num 2
4 26 0
1 28 0
Net_id 108
pin_num 2
23 17 0
25 18 0
Net_id 109
pin_num 2
39 34 0
39 30 0
Net_id 110
pin_num 2
56 45 0
57 26 0
Net_id 111
pin_num 2
41 39 0
34 34 0
Net_id 112
pin_num 2
18 27 0
6 16 0
Net_id 113
pin_num 2
51 31 0
57 38 0
Net_id 114
pin_num 2
30 58 0
34 46 0
Net_id 115
pin_num 2
58 45 0
48 56 0
Net_id 116
pin_num 2
30 15 0
25 15 0
Net_id 117
pin_num 2
31 22 0
34 41 0
Net_id 118
pin_num 2
53 38 0
40 34 0
Net_id 119
pin_num 2
1 50 0
9 33 0
Net_id 120
pin_num 2
7 53 0
3 27 0
Net_id 121
pin_num 2
16 30 0
20 15 0
Net_id 122
pin_num 2
50 15 0
42 7 0
Net_id 123
pin_num 2
46 21 0
55 25 0
Net_id 124
pin_num 2
39 41 0
36 46 0
Net_id 125
pin_num 2
23 38 0
23 45 0
Net_id 126
pin_num 2
11 0 0
17 19 0
Net_id 127
pin_num 2
45 34 0
51 25 0
Net_id 128
pin_num 2
8 43 0
0 54 0
Net_id 129
pin_num 2
9 53 0
3 56 0
Net_id 130
pin_num 2
5 51 0
15 54 0
Net_id 131
pin_num 2
58 46 0
40 44 0
Net_id 132
pin_num 2
54 46 0
57 40 0
Net_id 133
pin_num 2
38 31 0
48 25 0
Net_id 134
pin_num 2
20 56 0
8 59 0
Net_id 135
pin_num 2
7 36 0
12 24 0
Net_id 136
pin_num 2
33 22 0
54 49 0
Net_id 137
pin_num 2
27 48 0
34 32 0
Net_id 138
pin_num 2
12 4 0
34 25 0
Net_id 139
pin_num 2
16 24 0
29 24 0
Net_id 140
pin_num 2
24 6 0
19 14 0
Net_id 141
pin_num 2
10 59 0
3 54 0
Net_id 142
pin_num 2
35 12 0
48 30 0
Net_id 143
pin_num 2
20 9 0
7 6 0
Net_id 144
pin_num 2
51 16 0
59 18 0
Net_id 145
pin_num 2
27 47 0
30 57 0
Net_id 146
pin_num 2
56 0 0
36 9 0
Net_id 147
pin_num 2
23 34 0
26 46 0
Net_id 148
pin_num 2
1 20 0
11 20 0
Net_id 149
pin_num 2
23 31 0
16 35 0
Net_id 150
pin_num 2
17 54 0
31 45 0
Net_id 151
pin_num 2
27 55 0
58 35 0
Net_id 152
pin_num 2
37 14 0
18 10 0
Net_id 153
pin_num 2
28 8 0
37 17 0
Net_id 154
pin_num 2
52 13 0
58 5 0
Net_id 155
pin_num 2
59 13 0
40 9 0
Net_id 156
pin_num 2
8 14 0
6 4 0
Net_id 157
pin_num 2
50 55 0
46 57 0
Net_id 158
pin_num 2
10 46 0
25 50 0
Net_id 159
pin_num 2
2 58 0
8 57 0
Net_id 160
pin_num 2
2 48 0
23 51 0
Net_id 161
pin_num 2
58 25 0
52 28 0
Net_id 162
pin_num 2
45 42 0
32 34 0
