Width 60
Height 60
Layer 6
Total_WL 6676
Obstacle_num 144
22 2 0 27 3 0
29 8 0 38 9 0
30 36 0 33 37 0
16 21 0 19 22 0
16 5 0 25 6 0
38 32 0 43 33 0
33 49 0 43 50 0
39 22 0 49 23 0
13 31 0 23 32 0
25 39 0 34 40 0
14 45 0 24 46 0
29 38 0 39 39 0
11 10 0 15 11 0
1 33 0 6 34 0
23 31 0 27 32 0
51 5 0 56 6 0
49 9 0 59 10 0
11 32 0 20 33 0
8 27 0 15 28 0
26 30 0 35 31 0
44 32 0 49 33 0
45 0 0 53 1 0
28 28 0 32 29 0
19 40 0 27 41 0
28 40 1 29 48 1
17 17 1 18 27 1
21 26 1 22 33 1
43 18 1 44 22 1
10 36 1 11 44 1
17 30 1 18 39 1
26 27 1 27 30 1
16 51 1 17 59 1
37 34 1 38 41 1
2 7 1 3 10 1
38 7 1 39 12 1
0 4 1 1 7 1
33 19 1 34 23 1
51 44 1 52 52 1
15 0 1 16 7 1
20 51 1 21 59 1
1 8 1 2 14 1
47 52 1 48 59 1
57 16 1 58 19 1
5 55 1 6 58 1
54 36 1 55 46 1
46 38 1 47 43 1
21 48 1 22 52 1
8 48 1 9 53 1
27 58 2 32 59 2
7 17 2 12 18 2
3 40 2 10 41 2
31 57 2 41 58 2
6 0 2 12 1 2
20 36 2 25 37 2
27 3 2 35 4 2
47 36 2 52 37 2
45 35 2 51 36 2
1 22 2 5 23 2
11 13 2 18 14 2
28 20 2 33 21 2
8 30 2 15 31 2
25 27 2 34 28 2
26 32 2 32 33 2
32 40 2 36 41 2
47 11 2 50 12 2
13 15 2 22 16 2
19 57 2 27 58 2
38 9 2 44 10 2
27 28 2 35 29 2
34 44 2 40 45 2
32 47 2 35 48 2
51 19 2 59 20 2
26 49 3 27 53 3
6 6 3 7 11 3
42 6 3 43 9 3
14 9 3 15 19 3
55 0 3 56 9 3
7 2 3 8 8 3
29 29 3 30 34 3
6 13 3 7 22 3
37 10 3 38 19 3
26 12 3 27 20 3
39 23 3 40 32 3
35 33 3 36 43 3
32 30 3 33 35 3
44 1 3 45 10 3
16 12 3 17 19 3
32 6 3 33 11 3
9 35 3 10 41 3
44 25 3 45 35 3
38 9 3 39 15 3
10 43 3 11 50 3
24 13 3 25 18 3
23 37 3 24 41 3
33 17 3 34 27 3
28 45 3 29 52 3
23 3 4 26 4 4
19 48 4 27 49 4
48 10 4 57 11 4
22 8 4 28 9 4
2 16 4 10 17 4
43 54 4 46 55 4
12 12 4 19 13 4
19 22 4 23 23 4
24 20 4 27 21 4
18 19 4 22 20 4
39 18 4 47 19 4
51 36 4 57 37 4
22 2 4 28 3 4
33 17 4 36 18 4
2 27 4 5 28 4
34 31 4 44 32 4
28 13 4 34 14 4
26 53 4 36 54 4
23 54 4 32 55 4
55 8 4 58 9 4
6 7 4 11 8 4
21 33 4 25 34 4
25 10 4 30 11 4
49 1 4 54 2 4
35 26 5 36 34 5
6 17 5 7 22 5
45 19 5 46 22 5
29 21 5 30 25 5
44 35 5 45 41 5
22 16 5 23 22 5
38 56 5 39 59 5
19 53 5 20 58 5
30 41 5 31 48 5
46 10 5 47 20 5
30 17 5 31 20 5
48 42 5 49 52 5
52 20 5 53 23 5
46 4 5 47 7 5
12 3 5 13 10 5
58 42 5 59 49 5
13 16 5 14 23 5
11 23 5 12 32 5
32 30 5 33 40 5
31 18 5 32 27 5
4 8 5 5 15 5
53 0 5 54 7 5
17 33 5 18 38 5
18 46 5 19 51 5
Net_num 157
Net_id 0
pin_num 5
3 51 0
1 45 0
14 50 0
23 46 0
0 56 0
Net_id 1
pin_num 5
7 16 0
10 2 0
11 0 0
8 3 0
5 12 0
Net_id 2
pin_num 5
6 45 0
14 49 0
6 59 0
2 57 0
6 51 0
Net_id 3
pin_num 5
1 53 0
4 48 0
0 42 0
4 59 0
9 42 0
Net_id 4
pin_num 5
53 44 0
58 34 0
38 43 0
57 31 0
56 37 0
Net_id 5
pin_num 5
32 45 0
40 39 0
35 23 0
32 41 0
53 27 0
Net_id 6
pin_num 5
48 42 0
56 36 0
59 49 0
52 18 0
57 46 0
Net_id 7
pin_num 5
32 11 0
16 4 0
24 4 0
30 0 0
16 23 0
Net_id 8
pin_num 5
58 7 0
46 8 0
50 11 0
44 0 0
59 1 0
Net_id 9
pin_num 5
42 20 0
34 21 0
41 39 0
48 39 0
20 20 0
Net_id 10
pin_num 5
50 33 0
50 36 0
50 56 0
51 52 0
39 39 0
Net_id 11
pin_num 5
55 53 0
36 53 0
32 59 0
45 42 0
34 42 0
Net_id 12
pin_num 5
11 25 0
0 18 0
9 3 0
12 0 0
19 20 0
Net_id 13
pin_num 5
36 35 0
40 46 0
33 44 0
20 41 0
38 26 0
Net_id 14
pin_num 5
49 31 0
55 24 0
55 15 0
39 21 0
42 16 0
Net_id 15
pin_num 5
56 13 0
36 12 0
52 2 0
50 27 0
47 34 0
Net_id 16
pin_num 5
8 43 0
3 32 0
0 39 0
3 23 0
19 25 0
Net_id 17
pin_num 5
35 16 0
41 15 0
36 26 0
32 26 0
34 23 0
Net_id 18
pin_num 5
36 57 0
52 51 0
55 54 0
59 53 0
46 46 0
Net_id 19
pin_num 5
58 18 0
54 17 0
58 36 0
37 25 0
48 21 0
Net_id 20
pin_num 4
16 13 0
24 21 0
24 39 0
18 25 0
Net_id 21
pin_num 4
10 49 0
0 54 0
4 54 0
17 50 0
Net_id 22
pin_num 4
46 15 0
37 11 0
44 5 0
23 14 0
Net_id 23
pin_num 4
25 53 0
32 52 0
30 33 0
32 50 0
Net_id 24
pin_num 4
8 52 0
14 52 0
31 58 0
24 58 0
Net_id 25
pin_num 4
32 40 0
20 35 0
20 23 0
25 24 0
Net_id 26
pin_num 4
53 30 0
59 45 0
44 40 0
58 51 0
Net_id 27
pin_num 4
16 41 0
22 50 0
18 38 0
21 48 0
Net_id 28
pin_num 4
10 41 0
2 40 0
9 30 0
0 46 0
Net_id 29
pin_num 4
38 22 0
29 21 0
38 15 0
31 7 0
Net_id 30
pin_num 4
12 13 0
5 23 0
23 30 0
0 17 0
Net_id 31
pin_num 4
0 14 0
1 36 0
0 27 0
22 27 0
Net_id 32
pin_num 4
38 55 0
35 51 0
38 46 0
1 52 0
Net_id 33
pin_num 4
32 16 0
27 15 0
30 5 0
29 12 0
Net_id 34
pin_num 4
4 17 0
0 11 0
0 29 0
11 29 0
Net_id 35
pin_num 4
45 6 0
39 12 0
49 34 0
31 24 0
Net_id 36
pin_num 4
14 23 0
15 33 0
15 7 0
9 2 0
Net_id 37
pin_num 4
21 7 0
34 4 0
17 0 0
22 17 0
Net_id 38
pin_num 4
25 28 0
27 21 0
28 32 0
23 17 0
Net_id 39
pin_num 4
3 1 0
3 22 0
14 3 0
12 8 0
Net_id 40
pin_num 3
35 0 0
38 5 0
31 0 0
Net_id 41
pin_num 3
37 47 0
24 59 0
12 59 0
Net_id 42
pin_num 3
57 41 0
45 35 0
42 28 0
Net_id 43
pin_num 3
38 4 0
43 14 0
35 5 0
Net_id 44
pin_num 3
46 41 0
33 43 0
36 56 0
Net_id 45
pin_num 3
16 51 0
30 57 0
23 53 0
Net_id 46
pin_num 3
38 29 0
55 36 0
25 34 0
Net_id 47
pin_num 3
28 41 0
31 43 0
18 53 0
Net_id 48
pin_num 3
57 13 0
58 6 0
57 4 0
Net_id 49
pin_num 3
34 56 0
29 58 0
30 25 0
Net_id 50
pin_num 3
19 3 0
11 3 0
0 8 0
Net_id 51
pin_num 3
16 7 0
20 21 0
14 24 0
Net_id 52
pin_num 3
45 31 0
48 27 0
46 20 0
Net_id 53
pin_num 3
11 26 0
13 22 0
13 16 0
Net_id 54
pin_num 3
41 43 0
58 33 0
48 51 0
Net_id 55
pin_num 3
56 19 0
46 17 0
55 33 0
Net_id 56
pin_num 3
15 54 0
21 57 0
40 55 0
Net_id 57
pin_num 3
34 19 0
21 18 0
50 12 0
Net_id 58
pin_num 3
34 11 0
25 1 0
28 18 0
Net_id 59
pin_num 3
11 35 0
11 30 0
22 38 0
Net_id 60
pin_num 3
54 46 0
44 58 0
51 58 0
Net_id 61
pin_num 3
16 17 0
29 6 0
28 19 0
Net_id 62
pin_num 3
40 2 0
29 7 0
13 24 0
Net_id 63
pin_num 3
28 2 0
26 9 0
20 26 0
Net_id 64
pin_num 3
28 14 0
32 12 0
51 22 0
Net_id 65
pin_num 3
59 4 0
52 12 0
53 12 0
Net_id 66
pin_num 3
42 17 0
54 23 0
38 0 0
Net_id 67
pin_num 3
13 55 0
7 44 0
23 49 0
Net_id 68
pin_num 3
44 44 0
52 45 0
37 32 0
Net_id 69
pin_num 3
49 51 0
50 30 0
41 59 0
Net_id 70
pin_num 3
41 31 0
58 22 0
29 31 0
Net_id 71
pin_num 3
14 41 0
12 48 0
31 29 0
Net_id 72
pin_num 3
48 40 0
59 48 0
27 48 0
Net_id 73
pin_num 3
9 1 0
0 9 0
0 3 0
Net_id 74
pin_num 3
19 57 0
11 41 0
7 58 0
Net_id 75
pin_num 3
33 32 0
41 17 0
32 15 0
Net_id 76
pin_num 3
0 24 0
8 26 0
13 43 0
Net_id 77
pin_num 3
36 15 0
45 33 0
45 55 0
Net_id 78
pin_num 3
35 35 0
16 37 0
18 19 0
Net_id 79
pin_num 3
55 55 0
58 31 0
58 54 0
Net_id 80
pin_num 2
11 43 0
24 49 0
Net_id 81
pin_num 2
9 59 0
12 47 0
Net_id 82
pin_num 2
41 34 0
56 46 0
Net_id 83
pin_num 2
18 34 0
9 28 0
Net_id 84
pin_num 2
38 39 0
16 59 0
Net_id 85
pin_num 2
9 36 0
21 23 0
Net_id 86
pin_num 2
56 51 0
52 59 0
Net_id 87
pin_num 2
43 7 0
39 7 0
Net_id 88
pin_num 2
55 8 0
58 23 0
Net_id 89
pin_num 2
18 10 0
21 0 0
Net_id 90
pin_num 2
14 1 0
12 15 0
Net_id 91
pin_num 2
51 50 0
32 51 0
Net_id 92
pin_num 2
52 58 0
56 45 0
Net_id 93
pin_num 2
13 9 0
2 11 0
Net_id 94
pin_num 2
24 29 0
30 24 0
Net_id 95
pin_num 2
43 47 0
31 59 0
Net_id 96
pin_num 2
52 29 0
58 15 0
Net_id 97
pin_num 2
44 14 0
48 14 0
Net_id 98
pin_num 2
29 17 0
2 26 0
Net_id 99
pin_num 2
14 51 0
4 44 0
Net_id 100
pin_num 2
33 0 0
34 3 0
Net_id 101
pin_num 2
43 3 0
29 36 0
Net_id 102
pin_num 2
3 36 0
14 22 0
Net_id 103
pin_num 2
40 56 0
38 58 0
Net_id 104
pin_num 2
56 20 0
50 20 0
Net_id 105
pin_num 2
47 56 0
40 59 0
Net_id 106
pin_num 2
36 11 0
32 6 0
Net_id 107
pin_num 2
6 34 0
27 40 0
Net_id 108
pin_num 2
3 53 0
25 55 0
Net_id 109
pin_num 2
6 35 0
25 22 0
Net_id 110
pin_num 2
29 56 0
13 54 0
Net_id 111
pin_num 2
14 7 0
2 1 0
Net_id 112
pin_num 2
28 44 0
21 44 0
Net_id 113
pin_num 2
13 2 0
29 15 0
Net_id 114
pin_num 2
52 32 0
23 12 0
Net_id 115
pin_num 2
49 8 0
59 2 0
Net_id 116
pin_num 2
20 43 0
19 49 0
Net_id 117
pin_num 2
39 9 0
43 4 0
Net_id 118
pin_num 2
12 49 0
17 58 0
Net_id 119
pin_num 2
56 3 0
54 14 0
Net_id 120
pin_num 2
23 21 0
10 16 0
Net_id 121
pin_num 2
36 18 0
41 12 0
Net_id 122
pin_num 2
26 12 0
14 5 0
Net_id 123
pin_num 2
20 37 0
7 56 0
Net_id 124
pin_num 2
16 43 0
32 58 0
Net_id 125
pin_num 2
5 15 0
19 2 0
Net_id 126
pin_num 2
36 44 0
23 43 0
Net_id 127
pin_num 2
28 34 0
21 42 0
Net_id 128
pin_num 2
17 35 0
33 29 0
Net_id 129
pin_num 2
58 56 0
48 55 0
Net_id 130
pin_num 2
35 34 0
29 27 0
Net_id 131
pin_num 2
59 10 0
25 16 0
Net_id 132
pin_num 2
9 13 0
11 5 0
Net_id 133
pin_num 2
46 23 0
37 19 0
Net_id 134
pin_num 2
0 44 0
15 37 0
Net_id 135
pin_num 2
33 57 0
41 42 0
Net_id 136
pin_num 2
2 18 0
23 32 0
Net_id 137
pin_num 2
43 10 0
13 6 0
Net_id 138
pin_num 2
1 35 0
11 23 0
Net_id 139
pin_num 2
31 5 0
45 7 0
Net_id 140
pin_num 2
53 39 0
36 9 0
Net_id 141
pin_num 2
56 11 0
52 11 0
Net_id 142
pin_num 2
35 43 0
43 51 0
Net_id 143
pin_num 2
13 59 0
7 37 0
Net_id 144
pin_num 2
5 28 0
7 36 0
Net_id 145
pin_num 2
39 1 0
44 20 0
Net_id 146
pin_num 2
6 23 0
3 45 0
Net_id 147
pin_num 2
35 12 0
25 5 0
Net_id 148
pin_num 2
0 34 0
12 29 0
Net_id 149
pin_num 2
19 53 0
23 50 0
Net_id 150
pin_num 2
22 59 0
26 41 0
Net_id 151
pin_num 2
42 19 0
56 33 0
Net_id 152
pin_num 2
8 36 0
21 34 0
Net_id 153
pin_num 2
27 38 0
22 29 0
Net_id 154
pin_num 2
48 18 0
57 30 0
Net_id 155
pin_num 2
36 30 0
41 40 0
Net_id 156
pin_num 2
25 32 0
40 47 0
