Width 60
Height 60
Layer 6
Total_WL 6742
Obstacle_num 144
46 28 0 49 29 0
33 24 0 40 25 0
18 53 0 22 54 0
52 44 0 58 45 0
17 7 0 26 8 0
21 4 0 25 5 0
18 37 0 22 38 0
31 6 0 34 7 0
25 13 0 35 14 0
15 47 0 23 48 0
51 40 0 54 41 0
0 11 0 6 12 0
37 5 0 44 6 0
24 15 0 33 16 0
24 19 0 30 20 0
13 25 0 23 26 0
35 26 0 40 27 0
23 34 0 33 35 0
34 8 0 42 9 0
50 30 0 58 31 0
18 12 0 21 13 0
3 35 0 8 36 0
38 10 0 47 11 0
19 10 0 26 11 0
8 39 1 9 47 1
53 39 1 54 42 1
32 26 1 33 36 1
12 32 1 13 36 1
58 0 1 59 10 1
46 19 1 47 25 1
11 38 1 12 44 1
12 19 1 13 29 1
14 21 1 15 30 1
24 26 1 25 34 1
32 0 1 33 8 1
8 21 1 9 26 1
15 12 1 16 19 1
25 46 1 26 55 1
46 33 1 47 38 1
14 52 1 15 58 1
19 10 1 20 13 1
27 20 1 28 30 1
56 16 1 57 22 1
1 50 1 2 55 1
49 3 1 50 11 1
2 8 1 3 18 1
10 47 1 11 50 1
4 27 1 5 32 1
16 41 2 21 42 2
0 20 2 10 21 2
12 22 2 21 23 2
24 2 2 29 3 2
38 10 2 44 11 2
55 7 2 58 8 2
14 8 2 21 9 2
50 8 2 57 9 2
32 43 2 39 44 2
14 5 2 23 6 2
45 6 2 54 7 2
29 25 2 35 26 2
0 7 2 4 8 2
26 5 2 36 6 2
12 7 2 15 8 2
26 9 2 35 10 2
12 48 2 15 49 2
3 36 2 6 37 2
16 30 2 26 31 2
25 56 2 31 57 2
19 21 2 22 22 2
8 6 2 18 7 2
48 37 2 57 38 2
23 18 2 32 19 2
56 40 3 57 46 3
39 10 3 40 14 3
10 9 3 11 15 3
17 35 3 18 40 3
15 29 3 16 33 3
51 18 3 52 21 3
29 36 3 30 46 3
20 38 3 21 45 3
55 8 3 56 14 3
2 19 3 3 22 3
35 48 3 36 58 3
18 5 3 19 15 3
46 30 3 47 36 3
34 2 3 35 8 3
57 14 3 58 21 3
46 15 3 47 25 3
32 31 3 33 41 3
58 25 3 59 32 3
27 39 3 28 44 3
16 43 3 17 52 3
50 44 3 51 53 3
7 22 3 8 32 3
58 36 3 59 44 3
12 18 3 13 21 3
21 52 4 30 53 4
45 55 4 48 56 4
25 43 4 33 44 4
48 30 4 51 31 4
38 12 4 43 13 4
17 16 4 20 17 4
39 20 4 44 21 4
47 29 4 53 30 4
44 20 4 53 21 4
11 43 4 18 44 4
17 54 4 24 55 4
39 54 4 49 55 4
28 51 4 32 52 4
49 17 4 56 18 4
17 23 4 21 24 4
16 57 4 22 58 4
49 10 4 56 11 4
12 44 4 15 45 4
16 0 4 26 1 4
24 26 4 29 27 4
2 39 4 12 40 4
6 47 4 15 48 4
39 10 4 45 11 4
15 21 4 24 22 4
11 28 5 12 35 5
35 31 5 36 37 5
30 36 5 31 44 5
39 20 5 40 29 5
27 18 5 28 28 5
41 13 5 42 18 5
49 2 5 50 8 5
14 3 5 15 8 5
12 38 5 13 42 5
41 37 5 42 44 5
43 39 5 44 44 5
36 15 5 37 25 5
29 48 5 30 53 5
32 17 5 33 27 5
7 11 5 8 19 5
48 43 5 49 46 5
0 24 5 1 31 5
28 54 5 29 57 5
55 17 5 56 21 5
39 3 5 40 13 5
18 41 5 19 51 5
7 35 5 8 40 5
14 11 5 15 16 5
21 11 5 22 21 5
Net_num 155
Net_id 0
pin_num 5
9 21 0
1 14 0
5 0 0
12 11 0
5 39 0
Net_id 1
pin_num 5
30 49 0
33 50 0
50 49 0
51 59 0
39 59 0
Net_id 2
pin_num 5
22 33 0
16 33 0
21 29 0
20 22 0
0 31 0
Net_id 3
pin_num 5
29 35 0
34 37 0
32 43 0
23 41 0
26 30 0
Net_id 4
pin_num 5
38 37 0
47 38 0
36 38 0
44 26 0
45 57 0
Net_id 5
pin_num 5
13 54 0
1 59 0
5 50 0
13 59 0
9 38 0
Net_id 6
pin_num 5
6 26 0
6 39 0
25 35 0
12 49 0
6 46 0
Net_id 7
pin_num 5
54 19 0
44 16 0
43 36 0
43 55 0
36 36 0
Net_id 8
pin_num 5
27 53 0
37 53 0
34 59 0
38 56 0
45 58 0
Net_id 9
pin_num 5
7 37 0
3 34 0
0 48 0
1 45 0
27 35 0
Net_id 10
pin_num 5
16 58 0
11 47 0
4 55 0
13 43 0
20 58 0
Net_id 11
pin_num 5
46 59 0
54 53 0
49 38 0
59 54 0
37 54 0
Net_id 12
pin_num 5
9 58 0
21 59 0
29 58 0
11 57 0
19 42 0
Net_id 13
pin_num 5
2 8 0
6 8 0
4 9 0
11 7 0
13 2 0
Net_id 14
pin_num 5
56 4 0
56 0 0
44 0 0
43 4 0
59 20 0
Net_id 15
pin_num 5
10 17 0
10 20 0
1 27 0
10 1 0
5 15 0
Net_id 16
pin_num 5
57 4 0
57 5 0
43 0 0
59 27 0
58 10 0
Net_id 17
pin_num 5
56 38 0
50 38 0
50 54 0
51 25 0
57 28 0
Net_id 18
pin_num 5
9 28 0
23 27 0
0 27 0
5 30 0
28 28 0
Net_id 19
pin_num 4
33 8 0
24 14 0
2 18 0
13 9 0
Net_id 20
pin_num 4
26 31 0
20 34 0
32 31 0
10 31 0
Net_id 21
pin_num 4
7 49 0
1 38 0
10 40 0
1 47 0
Net_id 22
pin_num 4
16 20 0
20 28 0
6 25 0
39 29 0
Net_id 23
pin_num 4
28 37 0
18 38 0
21 52 0
11 36 0
Net_id 24
pin_num 4
48 15 0
48 24 0
57 22 0
33 22 0
Net_id 25
pin_num 4
15 42 0
9 32 0
10 30 0
26 42 0
Net_id 26
pin_num 4
41 4 0
55 1 0
52 23 0
44 6 0
Net_id 27
pin_num 4
49 5 0
56 5 0
52 15 0
56 23 0
Net_id 28
pin_num 4
15 19 0
0 49 0
0 57 0
6 16 0
Net_id 29
pin_num 4
0 16 0
6 1 0
6 0 0
2 22 0
Net_id 30
pin_num 4
42 45 0
57 45 0
55 23 0
58 17 0
Net_id 31
pin_num 4
33 14 0
29 8 0
38 13 0
33 2 0
Net_id 32
pin_num 4
52 22 0
55 17 0
50 26 0
44 24 0
Net_id 33
pin_num 4
58 6 0
48 3 0
50 23 0
34 14 0
Net_id 34
pin_num 4
12 26 0
4 38 0
7 57 0
13 49 0
Net_id 35
pin_num 4
54 33 0
42 32 0
45 15 0
31 25 0
Net_id 36
pin_num 4
46 43 0
33 42 0
41 57 0
36 50 0
Net_id 37
pin_num 4
42 15 0
35 7 0
15 4 0
21 13 0
Net_id 38
pin_num 4
56 35 0
39 34 0
49 24 0
55 47 0
Net_id 39
pin_num 3
50 15 0
47 23 0
58 15 0
Net_id 40
pin_num 3
8 41 0
16 44 0
3 39 0
Net_id 41
pin_num 3
6 2 0
7 18 0
0 21 0
Net_id 42
pin_num 3
31 29 0
22 34 0
37 7 0
Net_id 43
pin_num 3
28 52 0
17 46 0
18 46 0
Net_id 44
pin_num 3
53 28 0
57 42 0
48 5 0
Net_id 45
pin_num 3
25 53 0
34 42 0
51 51 0
Net_id 46
pin_num 3
29 12 0
23 12 0
38 12 0
Net_id 47
pin_num 3
6 12 0
0 22 0
7 1 0
Net_id 48
pin_num 3
10 44 0
3 38 0
30 36 0
Net_id 49
pin_num 3
24 56 0
29 46 0
36 55 0
Net_id 50
pin_num 3
43 53 0
51 57 0
56 55 0
Net_id 51
pin_num 3
42 38 0
46 42 0
37 23 0
Net_id 52
pin_num 3
2 6 0
6 5 0
23 6 0
Net_id 53
pin_num 3
58 40 0
49 39 0
58 59 0
Net_id 54
pin_num 3
33 35 0
31 28 0
57 33 0
Net_id 55
pin_num 3
48 9 0
42 21 0
57 12 0
Net_id 56
pin_num 3
16 42 0
23 48 0
44 46 0
Net_id 57
pin_num 3
39 44 0
59 49 0
59 42 0
Net_id 58
pin_num 3
31 59 0
19 40 0
0 50 0
Net_id 59
pin_num 3
8 32 0
1 32 0
16 19 0
Net_id 60
pin_num 3
40 13 0
38 30 0
34 36 0
Net_id 61
pin_num 3
44 8 0
51 8 0
35 23 0
Net_id 62
pin_num 3
29 54 0
14 49 0
49 46 0
Net_id 63
pin_num 3
43 48 0
54 51 0
37 48 0
Net_id 64
pin_num 3
35 32 0
39 33 0
41 26 0
Net_id 65
pin_num 3
35 15 0
22 22 0
57 27 0
Net_id 66
pin_num 3
37 2 0
23 0 0
23 8 0
Net_id 67
pin_num 3
53 23 0
48 13 0
31 2 0
Net_id 68
pin_num 3
53 52 0
32 57 0
38 48 0
Net_id 69
pin_num 3
57 9 0
38 18 0
43 7 0
Net_id 70
pin_num 3
18 17 0
24 1 0
15 1 0
Net_id 71
pin_num 3
28 3 0
1 29 0
22 1 0
Net_id 72
pin_num 3
0 25 0
24 38 0
3 1 0
Net_id 73
pin_num 3
33 58 0
40 58 0
47 36 0
Net_id 74
pin_num 3
58 36 0
48 42 0
54 43 0
Net_id 75
pin_num 3
1 39 0
10 24 0
31 36 0
Net_id 76
pin_num 2
31 11 0
2 29 0
Net_id 77
pin_num 2
22 11 0
33 28 0
Net_id 78
pin_num 2
35 31 0
41 36 0
Net_id 79
pin_num 2
17 56 0
28 48 0
Net_id 80
pin_num 2
49 3 0
56 3 0
Net_id 81
pin_num 2
47 32 0
43 31 0
Net_id 82
pin_num 2
12 4 0
0 4 0
Net_id 83
pin_num 2
7 11 0
3 31 0
Net_id 84
pin_num 2
38 28 0
31 47 0
Net_id 85
pin_num 2
17 32 0
3 19 0
Net_id 86
pin_num 2
56 59 0
55 46 0
Net_id 87
pin_num 2
41 19 0
29 30 0
Net_id 88
pin_num 2
36 34 0
33 36 0
Net_id 89
pin_num 2
54 15 0
57 17 0
Net_id 90
pin_num 2
7 40 0
0 56 0
Net_id 91
pin_num 2
37 51 0
58 34 0
Net_id 92
pin_num 2
57 11 0
52 10 0
Net_id 93
pin_num 2
1 23 0
11 17 0
Net_id 94
pin_num 2
6 30 0
23 43 0
Net_id 95
pin_num 2
23 32 0
43 13 0
Net_id 96
pin_num 2
1 49 0
14 30 0
Net_id 97
pin_num 2
14 14 0
17 12 0
Net_id 98
pin_num 2
46 55 0
58 44 0
Net_id 99
pin_num 2
30 54 0
36 52 0
Net_id 100
pin_num 2
11 43 0
9 24 0
Net_id 101
pin_num 2
52 51 0
44 41 0
Net_id 102
pin_num 2
39 23 0
27 33 0
Net_id 103
pin_num 2
0 10 0
21 1 0
Net_id 104
pin_num 2
20 52 0
4 57 0
Net_id 105
pin_num 2
43 12 0
45 1 0
Net_id 106
pin_num 2
31 7 0
27 4 0
Net_id 107
pin_num 2
19 39 0
11 30 0
Net_id 108
pin_num 2
36 35 0
19 29 0
Net_id 109
pin_num 2
41 24 0
43 26 0
Net_id 110
pin_num 2
41 13 0
36 3 0
Net_id 111
pin_num 2
35 1 0
22 12 0
Net_id 112
pin_num 2
50 34 0
39 45 0
Net_id 113
pin_num 2
12 12 0
8 8 0
Net_id 114
pin_num 2
11 48 0
3 57 0
Net_id 115
pin_num 2
13 26 0
26 25 0
Net_id 116
pin_num 2
0 19 0
7 5 0
Net_id 117
pin_num 2
20 18 0
44 20 0
Net_id 118
pin_num 2
20 45 0
25 41 0
Net_id 119
pin_num 2
43 58 0
44 53 0
Net_id 120
pin_num 2
9 15 0
23 20 0
Net_id 121
pin_num 2
22 5 0
20 11 0
Net_id 122
pin_num 2
39 15 0
36 16 0
Net_id 123
pin_num 2
22 32 0
15 40 0
Net_id 124
pin_num 2
18 11 0
12 29 0
Net_id 125
pin_num 2
29 23 0
31 26 0
Net_id 126
pin_num 2
16 27 0
13 19 0
Net_id 127
pin_num 2
18 18 0
14 18 0
Net_id 128
pin_num 2
47 57 0
36 37 0
Net_id 129
pin_num 2
12 9 0
6 9 0
Net_id 130
pin_num 2
20 24 0
25 24 0
Net_id 131
pin_num 2
41 58 0
42 42 0
Net_id 132
pin_num 2
50 47 0
34 52 0
Net_id 133
pin_num 2
11 32 0
3 50 0
Net_id 134
pin_num 2
38 4 0
58 12 0
Net_id 135
pin_num 2
11 22 0
8 5 0
Net_id 136
pin_num 2
19 24 0
16 22 0
Net_id 137
pin_num 2
30 57 0
11 21 0
Net_id 138
pin_num 2
28 16 0
14 34 0
Net_id 139
pin_num 2
18 40 0
16 38 0
Net_id 140
pin_num 2
51 10 0
56 24 0
Net_id 141
pin_num 2
16 50 0
39 35 0
Net_id 142
pin_num 2
34 30 0
46 5 0
Net_id 143
pin_num 2
24 48 0
36 56 0
Net_id 144
pin_num 2
28 7 0
36 1 0
Net_id 145
pin_num 2
55 25 0
47 11 0
Net_id 146
pin_num 2
50 27 0
53 16 0
Net_id 147
pin_num 2
39 56 0
47 42 0
Net_id 148
pin_num 2
55 59 0
48 39 0
Net_id 149
pin_num 2
51 22 0
50 18 0
Net_id 150
pin_num 2
36 0 0
42 1 0
Net_id 151
pin_num 2
41 40 0
28 44 0
Net_id 152
pin_num 2
26 43 0
43 57 0
Net_id 153
pin_num 2
11 37 0
1 46 0
Net_id 154
pin_num 2
46 1 0
54 6 0
