Width 60
Height 60
Layer 6
Total_WL 6859
Obstacle_num 144
12 33 0 21 34 0
6 15 0 9 16 0
51 46 0 54 47 0
28 13 0 38 14 0
47 19 0 57 20 0
32 10 0 38 11 0
1 24 0 7 25 0
18 30 0 22 31 0
27 35 0 37 36 0
34 32 0 40 33 0
38 2 0 43 3 0
12 17 0 18 18 0
28 44 0 34 45 0
47 9 0 55 10 0
14 15 0 24 16 0
11 7 0 21 8 0
25 6 0 33 7 0
0 23 0 9 24 0
29 38 0 38 39 0
25 37 0 30 38 0
41 39 0 50 40 0
49 31 0 54 32 0
55 33 0 58 34 0
2 9 0 5 10 0
7 53 1 8 57 1
40 52 1 41 57 1
48 32 1 49 40 1
31 0 1 32 3 1
48 4 1 49 8 1
20 29 1 21 34 1
31 13 1 32 16 1
38 33 1 39 39 1
33 17 1 34 21 1
33 48 1 34 58 1
36 52 1 37 58 1
2 2 1 3 7 1
30 7 1 31 10 1
48 50 1 49 56 1
56 44 1 57 54 1
33 9 1 34 14 1
23 25 1 24 33 1
11 35 1 12 39 1
55 46 1 56 56 1
1 51 1 2 54 1
32 51 1 33 57 1
41 41 1 42 46 1
42 12 1 43 19 1
1 35 1 2 43 1
37 23 2 45 24 2
29 54 2 38 55 2
42 44 2 47 45 2
5 32 2 13 33 2
19 27 2 26 28 2
31 11 2 34 12 2
29 34 2 36 35 2
32 37 2 42 38 2
27 27 2 35 28 2
36 31 2 41 32 2
43 57 2 51 58 2
4 37 2 13 38 2
22 57 2 26 58 2
32 5 2 40 6 2
50 23 2 53 24 2
28 32 2 34 33 2
12 16 2 19 17 2
2 48 2 11 49 2
5 36 2 15 37 2
28 39 2 33 40 2
52 47 2 59 48 2
27 12 2 35 13 2
4 45 2 10 46 2
34 7 2 38 8 2
52 43 3 53 48 3
50 21 3 51 31 3
47 8 3 48 13 3
53 15 3 54 19 3
30 37 3 31 40 3
42 19 3 43 24 3
43 9 3 44 13 3
50 6 3 51 15 3
23 14 3 24 21 3
58 35 3 59 45 3
18 50 3 19 59 3
36 48 3 37 55 3
45 23 3 46 32 3
35 7 3 36 14 3
55 14 3 56 22 3
11 6 3 12 13 3
34 17 3 35 26 3
10 39 3 11 45 3
10 9 3 11 16 3
48 20 3 49 29 3
0 31 3 1 35 3
51 8 3 52 11 3
41 37 3 42 45 3
9 43 3 10 51 3
23 41 4 30 42 4
23 56 4 32 57 4
45 8 4 51 9 4
26 49 4 31 50 4
52 41 4 55 42 4
5 29 4 14 30 4
31 57 4 37 58 4
34 16 4 42 17 4
11 17 4 18 18 4
2 25 4 6 26 4
0 42 4 5 43 4
49 18 4 52 19 4
54 33 4 59 34 4
47 32 4 52 33 4
10 44 4 14 45 4
37 3 4 46 4 4
9 4 4 19 5 4
25 32 4 29 33 4
14 25 4 19 26 4
40 26 4 46 27 4
21 22 4 31 23 4
14 50 4 24 51 4
21 55 4 28 56 4
40 15 4 50 16 4
40 50 5 41 58 5
51 12 5 52 22 5
32 18 5 33 26 5
25 11 5 26 20 5
2 41 5 3 49 5
4 1 5 5 10 5
32 37 5 33 44 5
41 1 5 42 8 5
28 48 5 29 58 5
37 21 5 38 24 5
50 2 5 51 5 5
53 14 5 54 18 5
52 41 5 53 48 5
16 24 5 17 28 5
31 40 5 32 45 5
45 31 5 46 41 5
38 26 5 39 31 5
24 24 5 25 29 5
18 24 5 19 32 5
40 31 5 41 40 5
22 39 5 23 47 5
21 56 5 22 59 5
47 23 5 48 30 5
16 28 5 17 32 5
Net_num 166
Net_id 0
pin_num 5
55 0 0
49 1 0
53 23 0
26 1 0
59 1 0
Net_id 1
pin_num 5
19 19 0
25 14 0
31 19 0
18 11 0
11 17 0
Net_id 2
pin_num 5
28 31 0
41 30 0
41 6 0
47 11 0
50 18 0
Net_id 3
pin_num 5
43 7 0
44 5 0
54 3 0
56 5 0
45 13 0
Net_id 4
pin_num 5
30 12 0
23 18 0
26 29 0
32 19 0
40 29 0
Net_id 5
pin_num 5
51 55 0
43 44 0
54 54 0
46 54 0
53 59 0
Net_id 6
pin_num 5
54 36 0
56 29 0
56 41 0
50 33 0
59 48 0
Net_id 7
pin_num 5
4 42 0
1 58 0
8 44 0
2 59 0
7 36 0
Net_id 8
pin_num 5
29 49 0
35 49 0
36 59 0
52 50 0
18 52 0
Net_id 9
pin_num 5
34 44 0
46 38 0
46 52 0
44 59 0
51 38 0
Net_id 10
pin_num 5
29 12 0
17 12 0
8 13 0
23 17 0
24 3 0
Net_id 11
pin_num 5
58 33 0
57 24 0
59 0 0
45 20 0
37 11 0
Net_id 12
pin_num 5
34 24 0
30 21 0
32 32 0
7 25 0
9 37 0
Net_id 13
pin_num 5
22 38 0
22 53 0
39 40 0
30 59 0
28 49 0
Net_id 14
pin_num 5
8 12 0
0 24 0
0 40 0
35 24 0
9 21 0
Net_id 15
pin_num 5
30 39 0
22 37 0
26 57 0
43 41 0
21 54 0
Net_id 16
pin_num 5
40 13 0
36 20 0
57 19 0
39 14 0
47 13 0
Net_id 17
pin_num 5
36 52 0
44 53 0
44 52 0
19 53 0
37 58 0
Net_id 18
pin_num 5
16 4 0
35 4 0
35 0 0
29 22 0
22 20 0
Net_id 19
pin_num 5
17 27 0
23 35 0
28 27 0
23 14 0
44 28 0
Net_id 20
pin_num 4
52 22 0
49 33 0
46 30 0
58 30 0
Net_id 21
pin_num 4
51 47 0
47 56 0
57 51 0
59 35 0
Net_id 22
pin_num 4
48 50 0
39 48 0
52 39 0
45 34 0
Net_id 23
pin_num 4
17 1 0
25 5 0
20 16 0
1 12 0
Net_id 24
pin_num 4
55 46 0
57 38 0
59 57 0
52 44 0
Net_id 25
pin_num 4
53 51 0
59 59 0
35 51 0
53 58 0
Net_id 26
pin_num 4
0 57 0
9 57 0
6 58 0
4 43 0
Net_id 27
pin_num 4
41 16 0
32 14 0
20 0 0
26 30 0
Net_id 28
pin_num 4
45 41 0
44 23 0
31 26 0
30 26 0
Net_id 29
pin_num 4
36 50 0
40 43 0
32 48 0
37 51 0
Net_id 30
pin_num 4
27 42 0
12 47 0
14 48 0
9 48 0
Net_id 31
pin_num 4
42 23 0
48 40 0
31 25 0
41 5 0
Net_id 32
pin_num 4
57 17 0
47 4 0
59 34 0
49 20 0
Net_id 33
pin_num 4
4 6 0
17 0 0
16 5 0
15 14 0
Net_id 34
pin_num 4
26 32 0
21 33 0
25 53 0
47 44 0
Net_id 35
pin_num 4
49 40 0
58 57 0
48 45 0
31 50 0
Net_id 36
pin_num 4
59 16 0
43 15 0
58 15 0
56 10 0
Net_id 37
pin_num 4
49 58 0
44 57 0
27 59 0
42 46 0
Net_id 38
pin_num 4
19 39 0
8 46 0
21 46 0
9 23 0
Net_id 39
pin_num 4
5 59 0
10 59 0
21 50 0
11 46 0
Net_id 40
pin_num 3
14 32 0
9 42 0
10 52 0
Net_id 41
pin_num 3
20 3 0
36 4 0
58 4 0
Net_id 42
pin_num 3
52 23 0
49 32 0
38 21 0
Net_id 43
pin_num 3
20 31 0
12 31 0
13 8 0
Net_id 44
pin_num 3
17 50 0
16 32 0
12 18 0
Net_id 45
pin_num 3
36 18 0
40 15 0
43 17 0
Net_id 46
pin_num 3
12 50 0
26 35 0
24 2 0
Net_id 47
pin_num 3
41 51 0
35 53 0
27 51 0
Net_id 48
pin_num 3
12 16 0
18 16 0
17 40 0
Net_id 49
pin_num 3
7 55 0
29 42 0
22 22 0
Net_id 50
pin_num 3
23 20 0
37 24 0
35 42 0
Net_id 51
pin_num 3
20 35 0
36 34 0
2 39 0
Net_id 52
pin_num 3
13 15 0
2 10 0
33 3 0
Net_id 53
pin_num 3
19 44 0
24 45 0
24 55 0
Net_id 54
pin_num 3
28 38 0
13 43 0
1 25 0
Net_id 55
pin_num 3
11 50 0
7 58 0
5 47 0
Net_id 56
pin_num 3
12 5 0
11 13 0
28 10 0
Net_id 57
pin_num 3
31 32 0
25 9 0
54 21 0
Net_id 58
pin_num 3
3 2 0
0 10 0
15 10 0
Net_id 59
pin_num 3
43 37 0
48 31 0
58 48 0
Net_id 60
pin_num 3
37 6 0
17 14 0
19 11 0
Net_id 61
pin_num 3
47 10 0
58 12 0
44 12 0
Net_id 62
pin_num 3
50 43 0
40 42 0
51 56 0
Net_id 63
pin_num 3
21 21 0
28 25 0
34 21 0
Net_id 64
pin_num 3
48 53 0
58 52 0
59 49 0
Net_id 65
pin_num 3
14 27 0
16 14 0
30 25 0
Net_id 66
pin_num 3
12 54 0
2 49 0
4 39 0
Net_id 67
pin_num 3
0 26 0
11 33 0
0 0 0
Net_id 68
pin_num 3
50 25 0
46 22 0
54 32 0
Net_id 69
pin_num 3
48 32 0
39 38 0
21 34 0
Net_id 70
pin_num 3
57 43 0
47 53 0
49 37 0
Net_id 71
pin_num 3
42 13 0
55 24 0
49 29 0
Net_id 72
pin_num 3
39 15 0
31 21 0
40 38 0
Net_id 73
pin_num 3
43 49 0
52 49 0
58 54 0
Net_id 74
pin_num 3
48 38 0
34 42 0
23 53 0
Net_id 75
pin_num 3
46 40 0
40 41 0
44 20 0
Net_id 76
pin_num 3
9 55 0
28 56 0
26 58 0
Net_id 77
pin_num 3
30 42 0
34 37 0
42 22 0
Net_id 78
pin_num 3
52 2 0
57 12 0
15 1 0
Net_id 79
pin_num 3
31 10 0
17 11 0
46 3 0
Net_id 80
pin_num 3
52 48 0
54 37 0
40 45 0
Net_id 81
pin_num 3
32 11 0
24 11 0
26 2 0
Net_id 82
pin_num 2
49 26 0
38 12 0
Net_id 83
pin_num 2
51 1 0
57 13 0
Net_id 84
pin_num 2
11 51 0
16 56 0
Net_id 85
pin_num 2
38 49 0
43 35 0
Net_id 86
pin_num 2
33 2 0
19 3 0
Net_id 87
pin_num 2
59 3 0
56 6 0
Net_id 88
pin_num 2
38 27 0
58 19 0
Net_id 89
pin_num 2
14 1 0
2 8 0
Net_id 90
pin_num 2
38 10 0
47 22 0
Net_id 91
pin_num 2
25 30 0
17 41 0
Net_id 92
pin_num 2
15 25 0
8 14 0
Net_id 93
pin_num 2
12 30 0
38 39 0
Net_id 94
pin_num 2
34 58 0
30 56 0
Net_id 95
pin_num 2
34 8 0
43 12 0
Net_id 96
pin_num 2
53 20 0
50 21 0
Net_id 97
pin_num 2
33 54 0
49 56 0
Net_id 98
pin_num 2
18 29 0
1 29 0
Net_id 99
pin_num 2
7 33 0
2 45 0
Net_id 100
pin_num 2
5 55 0
19 54 0
Net_id 101
pin_num 2
9 0 0
43 2 0
Net_id 102
pin_num 2
1 31 0
4 22 0
Net_id 103
pin_num 2
53 4 0
19 20 0
Net_id 104
pin_num 2
41 47 0
28 54 0
Net_id 105
pin_num 2
39 0 0
38 3 0
Net_id 106
pin_num 2
52 33 0
58 17 0
Net_id 107
pin_num 2
34 3 0
56 12 0
Net_id 108
pin_num 2
55 21 0
56 20 0
Net_id 109
pin_num 2
22 36 0
20 34 0
Net_id 110
pin_num 2
20 14 0
27 34 0
Net_id 111
pin_num 2
38 0 0
25 17 0
Net_id 112
pin_num 2
53 28 0
47 28 0
Net_id 113
pin_num 2
49 42 0
57 18 0
Net_id 114
pin_num 2
23 5 0
14 14 0
Net_id 115
pin_num 2
15 34 0
19 43 0
Net_id 116
pin_num 2
47 31 0
14 26 0
Net_id 117
pin_num 2
42 4 0
55 6 0
Net_id 118
pin_num 2
6 31 0
7 46 0
Net_id 119
pin_num 2
49 41 0
51 37 0
Net_id 120
pin_num 2
8 39 0
23 49 0
Net_id 121
pin_num 2
18 35 0
12 20 0
Net_id 122
pin_num 2
6 25 0
7 30 0
Net_id 123
pin_num 2
56 8 0
44 17 0
Net_id 124
pin_num 2
42 6 0
51 6 0
Net_id 125
pin_num 2
10 16 0
1 15 0
Net_id 126
pin_num 2
53 26 0
50 29 0
Net_id 127
pin_num 2
28 59 0
29 55 0
Net_id 128
pin_num 2
6 5 0
2 14 0
Net_id 129
pin_num 2
15 51 0
29 46 0
Net_id 130
pin_num 2
10 20 0
20 37 0
Net_id 131
pin_num 2
21 43 0
25 38 0
Net_id 132
pin_num 2
33 47 0
33 30 0
Net_id 133
pin_num 2
42 21 0
30 3 0
Net_id 134
pin_num 2
7 37 0
20 26 0
Net_id 135
pin_num 2
40 55 0
25 58 0
Net_id 136
pin_num 2
49 51 0
50 44 0
Net_id 137
pin_num 2
3 39 0
10 19 0
Net_id 138
pin_num 2
40 46 0
24 58 0
Net_id 139
pin_num 2
27 45 0
25 48 0
Net_id 140
pin_num 2
8 30 0
20 28 0
Net_id 141
pin_num 2
54 35 0
53 38 0
Net_id 142
pin_num 2
47 58 0
23 48 0
Net_id 143
pin_num 2
36 41 0
11 19 0
Net_id 144
pin_num 2
18 59 0
30 36 0
Net_id 145
pin_num 2
15 57 0
6 56 0
Net_id 146
pin_num 2
27 58 0
44 51 0
Net_id 147
pin_num 2
25 23 0
18 19 0
Net_id 148
pin_num 2
26 40 0
3 31 0
Net_id 149
pin_num 2
35 48 0
44 56 0
Net_id 150
pin_num 2
31 27 0
42 45 0
Net_id 151
pin_num 2
39 8 0
46 2 0
Net_id 152
pin_num 2
2 18 0
5 25 0
Net_id 153
pin_num 2
56 44 0
43 30 0
Net_id 154
pin_num 2
54 24 0
36 39 0
Net_id 155
pin_num 2
54 4 0
50 5 0
Net_id 156
pin_num 2
41 25 0
34 25 0
Net_id 157
pin_num 2
15 2 0
12 8 0
Net_id 158
pin_num 2
11 8 0
4 13 0
Net_id 159
pin_num 2
16 26 0
15 23 0
Net_id 160
pin_num 2
51 57 0
54 56 0
Net_id 161
pin_num 2
59 28 0
55 27 0
Net_id 162
pin_num 2
7 7 0
11 11 0
Net_id 163
pin_num 2
11 57 0
0 49 0
Net_id 164
pin_num 2
16 8 0
20 25 0
Net_id 165
pin_num 2
19 37 0
5 56 0
