Width 60
Height 60
Layer 6
Total_WL 6967
Obstacle_num 144
1 35 0 8 36 0
38 41 0 44 42 0
37 1 0 41 2 0
48 19 0 56 20 0
23 22 0 29 23 0
30 10 0 38 11 0
41 29 0 49 30 0
14 20 0 22 21 0
40 55 0 43 56 0
41 5 0 50 6 0
22 35 0 25 36 0
1 30 0 11 31 0
32 47 0 41 48 0
52 31 0 55 32 0
2 44 0 7 45 0
25 39 0 33 40 0
32 21 0 42 22 0
42 15 0 48 16 0
1 26 0 6 27 0
18 49 0 23 50 0
37 9 0 44 10 0
41 24 0 50 25 0
29 45 0 36 46 0
2 41 0 8 42 0
56 6 1 57 13 1
37 23 1 38 31 1
48 30 1 49 33 1
33 11 1 34 19 1
3 46 1 4 52 1
9 23 1 10 27 1
50 44 1 51 53 1
28 29 1 29 32 1
32 47 1 33 55 1
25 23 1 26 29 1
29 49 1 30 52 1
6 18 1 7 22 1
0 23 1 1 30 1
40 33 1 41 41 1
44 18 1 45 24 1
23 33 1 24 40 1
29 40 1 30 44 1
24 26 1 25 36 1
37 15 1 38 23 1
10 24 1 11 33 1
19 31 1 20 35 1
11 51 1 12 57 1
42 19 1 43 25 1
15 35 1 16 38 1
29 0 2 37 1 2
54 2 2 58 3 2
53 12 2 57 13 2
14 0 2 22 1 2
12 38 2 17 39 2
25 31 2 29 32 2
28 45 2 38 46 2
2 46 2 7 47 2
27 13 2 36 14 2
45 21 2 50 22 2
28 47 2 38 48 2
9 37 2 18 38 2
35 21 2 44 22 2
37 15 2 45 16 2
48 37 2 58 38 2
29 3 2 35 4 2
47 44 2 57 45 2
15 34 2 21 35 2
3 11 2 11 12 2
12 4 2 20 5 2
52 10 2 57 11 2
46 14 2 50 15 2
45 42 2 54 43 2
25 29 2 30 30 2
42 41 3 43 48 3
4 8 3 5 17 3
1 29 3 2 37 3
56 21 3 57 31 3
53 11 3 54 17 3
19 23 3 20 28 3
39 25 3 40 28 3
34 23 3 35 32 3
36 46 3 37 49 3
38 17 3 39 23 3
14 42 3 15 49 3
54 46 3 55 56 3
2 43 3 3 47 3
19 11 3 20 17 3
22 17 3 23 24 3
35 22 3 36 26 3
40 19 3 41 27 3
18 52 3 19 55 3
5 14 3 6 20 3
36 0 3 37 8 3
22 41 3 23 46 3
2 34 3 3 41 3
21 46 3 22 50 3
17 34 3 18 44 3
20 42 4 30 43 4
31 26 4 39 27 4
8 1 4 15 2 4
22 54 4 30 55 4
39 18 4 43 19 4
15 34 4 18 35 4
20 38 4 23 39 4
49 39 4 56 40 4
40 15 4 48 16 4
19 28 4 27 29 4
55 27 4 59 28 4
31 33 4 38 34 4
54 14 4 57 15 4
45 27 4 48 28 4
5 3 4 13 4 4
8 2 4 18 3 4
53 51 4 58 52 4
28 55 4 36 56 4
31 35 4 41 36 4
15 22 4 21 23 4
50 24 4 54 25 4
18 13 4 23 14 4
19 1 4 23 2 4
44 51 4 52 52 4
5 25 5 6 29 5
10 31 5 11 39 5
29 41 5 30 46 5
26 24 5 27 33 5
6 51 5 7 56 5
14 10 5 15 20 5
26 44 5 27 49 5
2 12 5 3 18 5
18 22 5 19 29 5
22 37 5 23 45 5
29 19 5 30 22 5
29 28 5 30 33 5
1 0 5 2 4 5
7 25 5 8 30 5
55 41 5 56 46 5
1 5 5 2 14 5
45 6 5 46 9 5
24 29 5 25 38 5
42 52 5 43 56 5
11 23 5 12 27 5
58 28 5 59 33 5
25 46 5 26 49 5
19 29 5 20 34 5
30 29 5 31 36 5
Net_num 164
Net_id 0
pin_num 5
21 52 0
8 51 0
34 52 0
39 59 0
27 59 0
Net_id 1
pin_num 5
31 46 0
21 46 0
23 41 0
17 42 0
12 46 0
Net_id 2
pin_num 5
35 37 0
48 28 0
48 45 0
58 37 0
47 23 0
Net_id 3
pin_num 5
59 44 0
58 48 0
59 32 0
56 41 0
58 33 0
Net_id 4
pin_num 5
34 41 0
22 37 0
39 36 0
33 37 0
40 39 0
Net_id 5
pin_num 5
57 47 0
57 52 0
55 59 0
38 56 0
50 56 0
Net_id 6
pin_num 5
23 47 0
3 47 0
3 59 0
12 56 0
16 55 0
Net_id 7
pin_num 5
44 50 0
41 57 0
51 53 0
49 46 0
46 59 0
Net_id 8
pin_num 5
53 28 0
47 31 0
52 41 0
59 29 0
49 54 0
Net_id 9
pin_num 5
29 7 0
29 4 0
11 4 0
40 0 0
37 7 0
Net_id 10
pin_num 5
39 34 0
34 23 0
26 30 0
29 28 0
20 29 0
Net_id 11
pin_num 5
8 26 0
19 18 0
17 31 0
13 20 0
17 49 0
Net_id 12
pin_num 5
38 59 0
34 59 0
40 46 0
40 57 0
36 38 0
Net_id 13
pin_num 5
27 43 0
31 43 0
46 43 0
47 48 0
31 47 0
Net_id 14
pin_num 5
22 33 0
21 28 0
18 32 0
22 24 0
36 30 0
Net_id 15
pin_num 5
47 0 0
41 6 0
53 2 0
59 4 0
52 3 0
Net_id 16
pin_num 5
42 2 0
28 0 0
33 6 0
18 2 0
32 17 0
Net_id 17
pin_num 5
31 21 0
30 17 0
30 44 0
25 43 0
47 43 0
Net_id 18
pin_num 5
43 10 0
54 6 0
52 16 0
44 14 0
45 0 0
Net_id 19
pin_num 5
4 28 0
0 20 0
20 21 0
1 21 0
16 23 0
Net_id 20
pin_num 5
27 21 0
21 18 0
13 19 0
20 10 0
12 19 0
Net_id 21
pin_num 5
53 51 0
59 55 0
47 51 0
47 58 0
24 51 0
Net_id 22
pin_num 4
49 4 0
44 3 0
58 9 0
44 0 0
Net_id 23
pin_num 4
56 24 0
58 28 0
59 7 0
49 23 0
Net_id 24
pin_num 4
13 27 0
7 27 0
7 7 0
12 24 0
Net_id 25
pin_num 4
4 5 0
0 2 0
16 2 0
25 0 0
Net_id 26
pin_num 4
54 46 0
57 45 0
47 46 0
46 50 0
Net_id 27
pin_num 4
7 29 0
14 38 0
24 25 0
6 27 0
Net_id 28
pin_num 4
11 16 0
8 4 0
34 8 0
12 7 0
Net_id 29
pin_num 4
7 44 0
11 41 0
18 43 0
7 43 0
Net_id 30
pin_num 4
26 15 0
29 11 0
43 8 0
36 7 0
Net_id 31
pin_num 4
1 3 0
12 10 0
0 17 0
2 11 0
Net_id 32
pin_num 4
27 14 0
21 22 0
26 27 0
0 21 0
Net_id 33
pin_num 4
26 8 0
22 15 0
14 13 0
30 15 0
Net_id 34
pin_num 4
8 19 0
17 23 0
3 20 0
15 30 0
Net_id 35
pin_num 4
54 58 0
43 52 0
59 59 0
41 49 0
Net_id 36
pin_num 4
55 52 0
48 52 0
45 42 0
56 43 0
Net_id 37
pin_num 4
53 49 0
41 48 0
44 57 0
56 49 0
Net_id 38
pin_num 4
46 58 0
39 52 0
45 49 0
22 54 0
Net_id 39
pin_num 4
4 13 0
1 5 0
23 20 0
14 22 0
Net_id 40
pin_num 4
9 32 0
12 44 0
10 18 0
0 42 0
Net_id 41
pin_num 4
45 55 0
55 54 0
38 55 0
51 54 0
Net_id 42
pin_num 4
22 11 0
30 1 0
20 3 0
22 1 0
Net_id 43
pin_num 4
31 44 0
45 44 0
38 49 0
20 48 0
Net_id 44
pin_num 3
14 35 0
4 27 0
39 30 0
Net_id 45
pin_num 3
0 0 0
10 12 0
1 23 0
Net_id 46
pin_num 3
55 53 0
57 57 0
58 52 0
Net_id 47
pin_num 3
27 13 0
40 3 0
42 18 0
Net_id 48
pin_num 3
10 1 0
22 10 0
6 1 0
Net_id 49
pin_num 3
18 18 0
2 17 0
34 11 0
Net_id 50
pin_num 3
16 40 0
31 28 0
11 33 0
Net_id 51
pin_num 3
36 37 0
29 34 0
19 36 0
Net_id 52
pin_num 3
53 37 0
56 54 0
54 25 0
Net_id 53
pin_num 3
45 11 0
41 11 0
53 25 0
Net_id 54
pin_num 3
58 39 0
44 48 0
32 37 0
Net_id 55
pin_num 3
51 24 0
54 15 0
44 38 0
Net_id 56
pin_num 3
34 28 0
25 9 0
56 22 0
Net_id 57
pin_num 3
38 54 0
17 59 0
28 42 0
Net_id 58
pin_num 3
24 1 0
29 10 0
27 12 0
Net_id 59
pin_num 3
39 29 0
47 12 0
29 25 0
Net_id 60
pin_num 3
26 44 0
26 49 0
33 46 0
Net_id 61
pin_num 3
15 40 0
1 25 0
12 39 0
Net_id 62
pin_num 3
45 37 0
52 17 0
43 31 0
Net_id 63
pin_num 3
48 48 0
55 48 0
59 16 0
Net_id 64
pin_num 3
34 17 0
31 23 0
27 42 0
Net_id 65
pin_num 3
41 53 0
20 58 0
27 56 0
Net_id 66
pin_num 3
15 2 0
2 1 0
20 22 0
Net_id 67
pin_num 3
3 3 0
19 2 0
18 23 0
Net_id 68
pin_num 3
2 9 0
18 12 0
27 16 0
Net_id 69
pin_num 3
20 41 0
35 41 0
23 1 0
Net_id 70
pin_num 3
43 20 0
22 22 0
31 1 0
Net_id 71
pin_num 3
56 35 0
53 53 0
39 40 0
Net_id 72
pin_num 3
2 50 0
8 56 0
10 59 0
Net_id 73
pin_num 3
48 3 0
57 7 0
58 2 0
Net_id 74
pin_num 3
28 40 0
12 45 0
18 50 0
Net_id 75
pin_num 3
4 32 0
1 42 0
4 1 0
Net_id 76
pin_num 3
53 15 0
47 20 0
48 27 0
Net_id 77
pin_num 3
52 46 0
46 26 0
27 45 0
Net_id 78
pin_num 3
5 55 0
0 46 0
9 51 0
Net_id 79
pin_num 3
23 25 0
16 17 0
16 50 0
Net_id 80
pin_num 3
35 28 0
55 20 0
51 32 0
Net_id 81
pin_num 3
21 16 0
26 20 0
49 13 0
Net_id 82
pin_num 3
6 42 0
22 50 0
2 49 0
Net_id 83
pin_num 3
56 18 0
53 26 0
34 20 0
Net_id 84
pin_num 3
12 48 0
1 50 0
11 38 0
Net_id 85
pin_num 3
27 33 0
36 24 0
34 16 0
Net_id 86
pin_num 2
10 25 0
2 14 0
Net_id 87
pin_num 2
0 7 0
14 15 0
Net_id 88
pin_num 2
6 37 0
3 58 0
Net_id 89
pin_num 2
23 56 0
58 49 0
Net_id 90
pin_num 2
24 39 0
14 41 0
Net_id 91
pin_num 2
32 20 0
50 14 0
Net_id 92
pin_num 2
46 54 0
33 49 0
Net_id 93
pin_num 2
22 3 0
41 0 0
Net_id 94
pin_num 2
52 14 0
47 22 0
Net_id 95
pin_num 2
56 56 0
55 56 0
Net_id 96
pin_num 2
0 58 0
20 55 0
Net_id 97
pin_num 2
32 42 0
37 46 0
Net_id 98
pin_num 2
40 4 0
23 5 0
Net_id 99
pin_num 2
43 13 0
59 6 0
Net_id 100
pin_num 2
34 31 0
29 31 0
Net_id 101
pin_num 2
46 1 0
35 6 0
Net_id 102
pin_num 2
31 17 0
36 25 0
Net_id 103
pin_num 2
41 39 0
53 42 0
Net_id 104
pin_num 2
22 20 0
14 34 0
Net_id 105
pin_num 2
11 59 0
15 49 0
Net_id 106
pin_num 2
51 2 0
54 5 0
Net_id 107
pin_num 2
40 23 0
30 5 0
Net_id 108
pin_num 2
23 45 0
41 36 0
Net_id 109
pin_num 2
8 46 0
2 33 0
Net_id 110
pin_num 2
21 7 0
18 22 0
Net_id 111
pin_num 2
12 5 0
18 6 0
Net_id 112
pin_num 2
53 20 0
56 21 0
Net_id 113
pin_num 2
15 17 0
17 9 0
Net_id 114
pin_num 2
36 50 0
30 56 0
Net_id 115
pin_num 2
28 58 0
32 58 0
Net_id 116
pin_num 2
21 53 0
33 27 0
Net_id 117
pin_num 2
20 2 0
31 5 0
Net_id 118
pin_num 2
44 17 0
53 8 0
Net_id 119
pin_num 2
30 55 0
40 59 0
Net_id 120
pin_num 2
42 38 0
39 37 0
Net_id 121
pin_num 2
12 34 0
1 44 0
Net_id 122
pin_num 2
51 30 0
40 30 0
Net_id 123
pin_num 2
6 22 0
2 13 0
Net_id 124
pin_num 2
35 8 0
50 5 0
Net_id 125
pin_num 2
18 30 0
12 9 0
Net_id 126
pin_num 2
9 58 0
9 52 0
Net_id 127
pin_num 2
30 47 0
18 58 0
Net_id 128
pin_num 2
58 55 0
39 45 0
Net_id 129
pin_num 2
12 31 0
5 38 0
Net_id 130
pin_num 2
39 42 0
53 57 0
Net_id 131
pin_num 2
26 34 0
9 22 0
Net_id 132
pin_num 2
4 49 0
15 48 0
Net_id 133
pin_num 2
18 37 0
21 30 0
Net_id 134
pin_num 2
45 41 0
50 22 0
Net_id 135
pin_num 2
16 59 0
2 42 0
Net_id 136
pin_num 2
26 24 0
19 6 0
Net_id 137
pin_num 2
46 20 0
41 3 0
Net_id 138
pin_num 2
30 11 0
36 1 0
Net_id 139
pin_num 2
53 5 0
29 21 0
Net_id 140
pin_num 2
21 58 0
27 53 0
Net_id 141
pin_num 2
16 28 0
7 36 0
Net_id 142
pin_num 2
8 22 0
8 16 0
Net_id 143
pin_num 2
11 51 0
24 59 0
Net_id 144
pin_num 2
13 39 0
24 57 0
Net_id 145
pin_num 2
52 12 0
54 22 0
Net_id 146
pin_num 2
29 33 0
42 25 0
Net_id 147
pin_num 2
59 13 0
55 6 0
Net_id 148
pin_num 2
41 23 0
46 25 0
Net_id 149
pin_num 2
57 30 0
44 8 0
Net_id 150
pin_num 2
7 19 0
5 18 0
Net_id 151
pin_num 2
48 47 0
21 54 0
Net_id 152
pin_num 2
36 57 0
39 48 0
Net_id 153
pin_num 2
9 12 0
4 15 0
Net_id 154
pin_num 2
40 50 0
30 48 0
Net_id 155
pin_num 2
45 59 0
29 37 0
Net_id 156
pin_num 2
12 50 0
15 54 0
Net_id 157
pin_num 2
42 16 0
46 8 0
Net_id 158
pin_num 2
16 37 0
6 45 0
Net_id 159
pin_num 2
33 26 0
14 32 0
Net_id 160
pin_num 2
41 16 0
32 23 0
Net_id 161
pin_num 2
40 15 0
47 3 0
Net_id 162
pin_num 2
35 12 0
23 32 0
Net_id 163
pin_num 2
46 33 0
39 46 0
