Width 60
Height 60
Layer 6
Total_WL 6712
Obstacle_num 144
42 35 0 45 36 0
18 18 0 27 19 0
23 34 0 32 35 0
35 37 0 39 38 0
41 29 0 47 30 0
3 1 0 8 2 0
47 42 0 57 43 0
29 19 0 35 20 0
51 23 0 57 24 0
35 40 0 39 41 0
28 7 0 31 8 0
14 56 0 22 57 0
26 20 0 35 21 0
9 35 0 13 36 0
39 2 0 45 3 0
11 15 0 21 16 0
18 12 0 25 13 0
12 28 0 22 29 0
15 46 0 25 47 0
2 31 0 6 32 0
19 51 0 22 52 0
40 38 0 46 39 0
4 32 0 11 33 0
35 43 0 44 44 0
44 22 1 45 26 1
18 6 1 19 13 1
30 35 1 31 40 1
14 0 1 15 5 1
25 46 1 26 50 1
16 39 1 17 46 1
48 24 1 49 33 1
56 13 1 57 21 1
40 31 1 41 38 1
9 35 1 10 42 1
29 29 1 30 33 1
45 49 1 46 53 1
12 41 1 13 49 1
36 8 1 37 18 1
47 7 1 48 11 1
47 13 1 48 16 1
37 36 1 38 46 1
5 49 1 6 59 1
42 22 1 43 26 1
13 1 1 14 9 1
38 52 1 39 55 1
2 51 1 3 56 1
16 33 1 17 36 1
18 36 1 19 42 1
2 15 2 7 16 2
33 54 2 36 55 2
34 43 2 37 44 2
14 50 2 21 51 2
28 54 2 32 55 2
49 13 2 56 14 2
39 34 2 46 35 2
8 7 2 14 8 2
17 54 2 23 55 2
14 20 2 17 21 2
0 54 2 4 55 2
26 23 2 36 24 2
7 58 2 16 59 2
5 20 2 12 21 2
0 27 2 10 28 2
34 41 2 43 42 2
49 20 2 56 21 2
20 27 2 26 28 2
3 56 2 6 57 2
47 51 2 52 52 2
46 36 2 56 37 2
35 21 2 39 22 2
23 2 2 33 3 2
49 35 2 53 36 2
15 4 3 16 9 3
28 36 3 29 42 3
13 16 3 14 23 3
58 21 3 59 31 3
46 37 3 47 42 3
11 8 3 12 18 3
45 34 3 46 37 3
35 29 3 36 32 3
58 31 3 59 34 3
56 37 3 57 46 3
55 1 3 56 8 3
39 49 3 40 53 3
47 28 3 48 36 3
24 14 3 25 20 3
34 31 3 35 34 3
0 45 3 1 53 3
55 48 3 56 52 3
57 6 3 58 13 3
29 29 3 30 37 3
18 33 3 19 43 3
1 42 3 2 45 3
49 2 3 50 10 3
9 8 3 10 14 3
41 39 3 42 49 3
41 23 4 48 24 4
32 15 4 42 16 4
34 0 4 43 1 4
33 34 4 36 35 4
31 32 4 35 33 4
36 24 4 46 25 4
29 18 4 34 19 4
40 9 4 45 10 4
35 21 4 38 22 4
43 13 4 51 14 4
45 14 4 49 15 4
48 36 4 51 37 4
50 31 4 59 32 4
0 39 4 5 40 4
32 11 4 36 12 4
8 3 4 16 4 4
8 26 4 17 27 4
6 53 4 13 54 4
3 16 4 7 17 4
37 57 4 41 58 4
50 43 4 58 44 4
3 33 4 7 34 4
6 41 4 11 42 4
0 27 4 7 28 4
48 21 5 49 30 5
4 21 5 5 29 5
38 16 5 39 24 5
46 7 5 47 10 5
42 12 5 43 17 5
3 23 5 4 27 5
48 10 5 49 18 5
39 25 5 40 28 5
6 47 5 7 55 5
27 47 5 28 56 5
42 0 5 43 9 5
57 44 5 58 52 5
30 43 5 31 46 5
30 50 5 31 57 5
19 12 5 20 21 5
38 28 5 39 38 5
20 40 5 21 46 5
25 30 5 26 38 5
56 19 5 57 26 5
41 15 5 42 23 5
35 41 5 36 49 5
7 34 5 8 44 5
57 10 5 58 20 5
23 43 5 24 53 5
Net_num 163
Net_id 0
pin_num 5
52 25 0
57 23 0
59 30 0
43 21 0
57 45 0
Net_id 1
pin_num 5
48 29 0
52 46 0
58 39 0
58 21 0
59 24 0
Net_id 2
pin_num 5
45 32 0
49 33 0
56 32 0
47 26 0
37 28 0
Net_id 3
pin_num 5
15 20 0
18 17 0
15 2 0
4 4 0
0 0 0
Net_id 4
pin_num 5
15 34 0
4 34 0
6 17 0
13 20 0
13 53 0
Net_id 5
pin_num 5
51 2 0
47 20 0
50 24 0
41 12 0
37 0 0
Net_id 6
pin_num 5
35 58 0
27 52 0
27 38 0
14 46 0
50 58 0
Net_id 7
pin_num 5
26 39 0
20 39 0
40 39 0
21 59 0
39 20 0
Net_id 8
pin_num 5
57 49 0
59 54 0
50 50 0
56 51 0
33 51 0
Net_id 9
pin_num 5
45 15 0
37 4 0
47 1 0
17 11 0
38 34 0
Net_id 10
pin_num 5
28 59 0
36 48 0
33 37 0
26 51 0
34 59 0
Net_id 11
pin_num 5
45 43 0
38 38 0
38 59 0
43 57 0
35 48 0
Net_id 12
pin_num 5
34 57 0
36 49 0
34 46 0
25 49 0
46 47 0
Net_id 13
pin_num 5
16 10 0
4 13 0
13 0 0
12 19 0
12 4 0
Net_id 14
pin_num 5
49 50 0
44 37 0
45 27 0
55 37 0
58 45 0
Net_id 15
pin_num 5
36 53 0
49 44 0
37 48 0
32 51 0
43 59 0
Net_id 16
pin_num 5
4 51 0
0 46 0
18 57 0
6 57 0
41 54 0
Net_id 17
pin_num 5
22 29 0
35 22 0
7 25 0
30 40 0
29 29 0
Net_id 18
pin_num 5
32 58 0
24 53 0
29 47 0
24 55 0
10 55 0
Net_id 19
pin_num 5
17 47 0
28 45 0
20 53 0
10 50 0
23 52 0
Net_id 20
pin_num 5
37 22 0
48 22 0
45 10 0
51 19 0
44 17 0
Net_id 21
pin_num 5
59 47 0
55 49 0
50 59 0
55 48 0
46 50 0
Net_id 22
pin_num 4
29 38 0
26 37 0
32 18 0
10 18 0
Net_id 23
pin_num 4
12 3 0
17 6 0
39 3 0
18 10 0
Net_id 24
pin_num 4
0 35 0
20 34 0
23 59 0
27 56 0
Net_id 25
pin_num 4
9 50 0
6 58 0
1 49 0
6 38 0
Net_id 26
pin_num 4
20 32 0
8 30 0
35 32 0
9 22 0
Net_id 27
pin_num 4
8 52 0
15 40 0
0 36 0
19 37 0
Net_id 28
pin_num 4
5 37 0
10 31 0
17 24 0
0 41 0
Net_id 29
pin_num 4
49 59 0
46 57 0
33 52 0
26 42 0
Net_id 30
pin_num 4
2 21 0
14 19 0
0 14 0
0 1 0
Net_id 31
pin_num 4
0 2 0
5 3 0
10 0 0
3 7 0
Net_id 32
pin_num 4
55 12 0
40 18 0
53 0 0
53 4 0
Net_id 33
pin_num 4
3 28 0
0 34 0
3 38 0
1 52 0
Net_id 34
pin_num 4
16 19 0
28 23 0
17 21 0
34 22 0
Net_id 35
pin_num 4
48 24 0
36 28 0
26 26 0
58 16 0
Net_id 36
pin_num 4
28 41 0
19 33 0
23 17 0
1 38 0
Net_id 37
pin_num 4
27 18 0
31 8 0
30 0 0
26 8 0
Net_id 38
pin_num 4
53 32 0
55 26 0
51 21 0
59 48 0
Net_id 39
pin_num 4
51 8 0
59 8 0
57 3 0
59 6 0
Net_id 40
pin_num 4
4 36 0
1 29 0
6 30 0
14 35 0
Net_id 41
pin_num 4
3 41 0
5 48 0
0 26 0
7 46 0
Net_id 42
pin_num 4
23 35 0
29 33 0
22 34 0
21 41 0
Net_id 43
pin_num 3
3 55 0
21 58 0
15 36 0
Net_id 44
pin_num 3
15 22 0
2 18 0
4 25 0
Net_id 45
pin_num 3
20 36 0
36 55 0
46 40 0
Net_id 46
pin_num 3
30 31 0
53 35 0
44 14 0
Net_id 47
pin_num 3
6 40 0
13 40 0
12 49 0
Net_id 48
pin_num 3
34 6 0
39 1 0
26 1 0
Net_id 49
pin_num 3
36 42 0
32 44 0
32 34 0
Net_id 50
pin_num 3
16 53 0
13 54 0
21 31 0
Net_id 51
pin_num 3
3 27 0
19 29 0
1 23 0
Net_id 52
pin_num 3
8 16 0
18 16 0
16 21 0
Net_id 53
pin_num 3
2 43 0
14 43 0
19 59 0
Net_id 54
pin_num 3
4 40 0
9 21 0
10 1 0
Net_id 55
pin_num 3
9 13 0
8 0 0
3 17 0
Net_id 56
pin_num 3
56 13 0
56 4 0
40 8 0
Net_id 57
pin_num 3
56 11 0
42 14 0
46 1 0
Net_id 58
pin_num 3
25 20 0
18 26 0
26 12 0
Net_id 59
pin_num 3
15 33 0
5 19 0
1 10 0
Net_id 60
pin_num 3
30 24 0
41 28 0
19 5 0
Net_id 61
pin_num 3
44 44 0
44 39 0
51 48 0
Net_id 62
pin_num 3
28 55 0
34 55 0
29 52 0
Net_id 63
pin_num 3
30 11 0
38 5 0
47 6 0
Net_id 64
pin_num 3
18 44 0
3 42 0
6 59 0
Net_id 65
pin_num 3
17 12 0
11 12 0
21 9 0
Net_id 66
pin_num 3
36 15 0
38 23 0
31 4 0
Net_id 67
pin_num 3
21 8 0
26 4 0
25 37 0
Net_id 68
pin_num 3
41 4 0
51 14 0
43 10 0
Net_id 69
pin_num 3
45 14 0
59 12 0
51 7 0
Net_id 70
pin_num 3
0 10 0
4 8 0
24 4 0
Net_id 71
pin_num 3
4 21 0
0 53 0
16 42 0
Net_id 72
pin_num 3
56 37 0
49 23 0
48 15 0
Net_id 73
pin_num 3
30 15 0
34 18 0
51 17 0
Net_id 74
pin_num 3
57 31 0
59 39 0
51 25 0
Net_id 75
pin_num 3
57 30 0
43 18 0
5 25 0
Net_id 76
pin_num 3
20 4 0
2 10 0
22 1 0
Net_id 77
pin_num 3
52 30 0
50 34 0
54 46 0
Net_id 78
pin_num 3
50 39 0
45 26 0
36 18 0
Net_id 79
pin_num 3
34 35 0
41 37 0
36 44 0
Net_id 80
pin_num 3
21 30 0
37 14 0
17 1 0
Net_id 81
pin_num 3
1 25 0
7 42 0
22 28 0
Net_id 82
pin_num 3
56 22 0
49 24 0
46 6 0
Net_id 83
pin_num 3
58 12 0
53 1 0
40 12 0
Net_id 84
pin_num 3
13 7 0
6 7 0
7 0 0
Net_id 85
pin_num 2
53 28 0
51 27 0
Net_id 86
pin_num 2
56 55 0
59 57 0
Net_id 87
pin_num 2
39 18 0
43 1 0
Net_id 88
pin_num 2
21 24 0
23 1 0
Net_id 89
pin_num 2
24 0 0
39 10 0
Net_id 90
pin_num 2
59 14 0
53 14 0
Net_id 91
pin_num 2
47 38 0
52 36 0
Net_id 92
pin_num 2
42 39 0
52 19 0
Net_id 93
pin_num 2
51 54 0
52 57 0
Net_id 94
pin_num 2
49 15 0
56 9 0
Net_id 95
pin_num 2
12 6 0
37 2 0
Net_id 96
pin_num 2
37 59 0
30 53 0
Net_id 97
pin_num 2
55 27 0
58 15 0
Net_id 98
pin_num 2
30 5 0
36 0 0
Net_id 99
pin_num 2
42 7 0
3 4 0
Net_id 100
pin_num 2
19 41 0
32 45 0
Net_id 101
pin_num 2
24 14 0
15 14 0
Net_id 102
pin_num 2
10 2 0
1 1 0
Net_id 103
pin_num 2
22 37 0
25 40 0
Net_id 104
pin_num 2
17 34 0
26 14 0
Net_id 105
pin_num 2
4 10 0
12 10 0
Net_id 106
pin_num 2
37 57 0
53 40 0
Net_id 107
pin_num 2
49 4 0
55 15 0
Net_id 108
pin_num 2
31 50 0
15 48 0
Net_id 109
pin_num 2
47 5 0
38 2 0
Net_id 110
pin_num 2
41 34 0
57 43 0
Net_id 111
pin_num 2
36 41 0
32 50 0
Net_id 112
pin_num 2
11 30 0
1 9 0
Net_id 113
pin_num 2
27 23 0
9 18 0
Net_id 114
pin_num 2
37 58 0
52 48 0
Net_id 115
pin_num 2
48 9 0
42 8 0
Net_id 116
pin_num 2
33 53 0
31 47 0
Net_id 117
pin_num 2
6 46 0
1 37 0
Net_id 118
pin_num 2
23 10 0
16 27 0
Net_id 119
pin_num 2
36 26 0
10 42 0
Net_id 120
pin_num 2
48 56 0
59 46 0
Net_id 121
pin_num 2
53 18 0
59 18 0
Net_id 122
pin_num 2
5 57 0
7 59 0
Net_id 123
pin_num 2
20 31 0
10 13 0
Net_id 124
pin_num 2
13 49 0
24 59 0
Net_id 125
pin_num 2
23 31 0
42 31 0
Net_id 126
pin_num 2
13 36 0
8 36 0
Net_id 127
pin_num 2
4 53 0
8 54 0
Net_id 128
pin_num 2
28 10 0
17 0 0
Net_id 129
pin_num 2
58 34 0
54 44 0
Net_id 130
pin_num 2
27 16 0
22 16 0
Net_id 131
pin_num 2
4 3 0
2 1 0
Net_id 132
pin_num 2
14 24 0
19 22 0
Net_id 133
pin_num 2
1 16 0
9 47 0
Net_id 134
pin_num 2
14 13 0
14 10 0
Net_id 135
pin_num 2
13 47 0
21 52 0
Net_id 136
pin_num 2
9 23 0
19 23 0
Net_id 137
pin_num 2
0 21 0
8 18 0
Net_id 138
pin_num 2
44 58 0
53 44 0
Net_id 139
pin_num 2
16 45 0
48 35 0
Net_id 140
pin_num 2
18 52 0
5 45 0
Net_id 141
pin_num 2
20 11 0
20 16 0
Net_id 142
pin_num 2
7 21 0
10 24 0
Net_id 143
pin_num 2
33 38 0
30 17 0
Net_id 144
pin_num 2
57 44 0
56 33 0
Net_id 145
pin_num 2
24 7 0
46 3 0
Net_id 146
pin_num 2
28 9 0
21 5 0
Net_id 147
pin_num 2
22 44 0
7 31 0
Net_id 148
pin_num 2
43 16 0
33 2 0
Net_id 149
pin_num 2
12 41 0
3 52 0
Net_id 150
pin_num 2
39 13 0
36 25 0
Net_id 151
pin_num 2
28 27 0
37 27 0
Net_id 152
pin_num 2
4 12 0
2 7 0
Net_id 153
pin_num 2
2 45 0
10 38 0
Net_id 154
pin_num 2
53 53 0
40 55 0
Net_id 155
pin_num 2
47 53 0
43 53 0
Net_id 156
pin_num 2
11 45 0
6 14 0
Net_id 157
pin_num 2
3 23 0
7 23 0
Net_id 158
pin_num 2
39 25 0
58 40 0
Net_id 159
pin_num 2
37 9 0
43 14 0
Net_id 160
pin_num 2
21 37 0
4 22 0
Net_id 161
pin_num 2
37 36 0
32 48 0
Net_id 162
pin_num 2
23 22 0
41 26 0
