Width 60
Height 60
Layer 6
Total_WL 6272
Obstacle_num 144
10 7 0 14 8 0
19 14 0 24 15 0
17 11 0 25 12 0
12 54 0 22 55 0
48 32 0 57 33 0
28 0 0 32 1 0
36 5 0 42 6 0
17 1 0 22 2 0
38 13 0 41 14 0
13 30 0 23 31 0
30 54 0 34 55 0
46 37 0 54 38 0
20 2 0 23 3 0
30 9 0 33 10 0
45 12 0 53 13 0
28 21 0 31 22 0
5 16 0 14 17 0
2 4 0 5 5 0
4 5 0 11 6 0
1 45 0 4 46 0
2 28 0 7 29 0
17 55 0 23 56 0
11 24 0 16 25 0
24 1 0 29 2 0
17 33 1 18 41 1
28 7 1 29 11 1
24 19 1 25 23 1
58 1 1 59 11 1
56 30 1 57 38 1
17 4 1 18 8 1
9 20 1 10 27 1
25 13 1 26 23 1
5 35 1 6 43 1
7 27 1 8 37 1
44 33 1 45 40 1
44 44 1 45 47 1
38 25 1 39 32 1
57 35 1 58 40 1
13 21 1 14 24 1
35 13 1 36 21 1
36 2 1 37 7 1
34 23 1 35 29 1
24 28 1 25 33 1
29 13 1 30 17 1
22 49 1 23 54 1
16 26 1 17 32 1
52 28 1 53 37 1
38 9 1 39 19 1
29 24 2 37 25 2
50 18 2 54 19 2
37 39 2 40 40 2
17 26 2 23 27 2
50 45 2 58 46 2
23 12 2 27 13 2
7 13 2 10 14 2
40 15 2 47 16 2
14 11 2 20 12 2
37 10 2 43 11 2
10 3 2 20 4 2
42 51 2 48 52 2
40 48 2 46 49 2
29 28 2 37 29 2
45 41 2 51 42 2
29 29 2 38 30 2
25 0 2 32 1 2
31 9 2 34 10 2
6 17 2 13 18 2
9 38 2 13 39 2
24 43 2 32 44 2
41 0 2 50 1 2
44 53 2 53 54 2
51 44 2 56 45 2
51 40 3 52 48 3
40 27 3 41 31 3
48 43 3 49 46 3
45 29 3 46 38 3
13 29 3 14 32 3
6 14 3 7 20 3
39 35 3 40 45 3
51 14 3 52 21 3
19 14 3 20 24 3
14 21 3 15 28 3
11 26 3 12 32 3
39 27 3 40 34 3
54 49 3 55 56 3
32 21 3 33 24 3
27 19 3 28 23 3
6 48 3 7 53 3
31 32 3 32 40 3
1 3 3 2 8 3
58 53 3 59 58 3
35 22 3 36 32 3
51 21 3 52 24 3
15 9 3 16 18 3
1 39 3 2 48 3
43 35 3 44 39 3
28 14 4 35 15 4
47 55 4 52 56 4
20 3 4 23 4 4
21 44 4 30 45 4
14 6 4 24 7 4
49 21 4 59 22 4
1 52 4 4 53 4
3 3 4 12 4 4
45 52 4 53 53 4
31 55 4 35 56 4
14 56 4 22 57 4
16 16 4 19 17 4
19 36 4 29 37 4
7 58 4 11 59 4
30 40 4 33 41 4
0 56 4 9 57 4
39 1 4 45 2 4
33 48 4 42 49 4
24 19 4 30 20 4
36 25 4 46 26 4
27 7 4 30 8 4
31 50 4 34 51 4
30 1 4 38 2 4
23 48 4 29 49 4
20 49 5 21 54 5
38 25 5 39 32 5
31 48 5 32 55 5
53 24 5 54 34 5
37 25 5 38 30 5
25 45 5 26 51 5
47 20 5 48 24 5
52 17 5 53 21 5
10 17 5 11 22 5
28 9 5 29 15 5
0 18 5 1 23 5
50 12 5 51 18 5
20 37 5 21 46 5
42 37 5 43 47 5
26 19 5 27 27 5
21 25 5 22 33 5
50 37 5 51 47 5
33 9 5 34 13 5
46 37 5 47 44 5
58 21 5 59 25 5
33 15 5 34 23 5
0 48 5 1 55 5
4 40 5 5 46 5
53 45 5 54 53 5
Net_num 162
Net_id 0
pin_num 5
11 49 0
8 49 0
14 49 0
10 42 0
9 44 0
Net_id 1
pin_num 5
55 43 0
56 29 0
56 23 0
37 39 0
48 29 0
Net_id 2
pin_num 5
44 17 0
44 13 0
39 15 0
59 17 0
59 18 0
Net_id 3
pin_num 5
6 0 0
3 16 0
0 6 0
0 14 0
4 32 0
Net_id 4
pin_num 5
35 57 0
43 46 0
38 38 0
28 46 0
30 55 0
Net_id 5
pin_num 5
2 27 0
1 34 0
6 32 0
6 21 0
0 41 0
Net_id 6
pin_num 5
29 19 0
22 19 0
52 19 0
49 0 0
35 0 0
Net_id 7
pin_num 5
46 46 0
40 38 0
41 41 0
40 53 0
40 43 0
Net_id 8
pin_num 5
23 34 0
24 26 0
20 31 0
1 29 0
29 23 0
Net_id 9
pin_num 5
58 7 0
55 13 0
37 7 0
59 6 0
34 1 0
Net_id 10
pin_num 5
54 23 0
47 28 0
43 23 0
44 18 0
50 26 0
Net_id 11
pin_num 5
55 33 0
59 35 0
45 35 0
50 31 0
45 38 0
Net_id 12
pin_num 5
43 40 0
41 36 0
42 27 0
59 32 0
55 48 0
Net_id 13
pin_num 5
35 17 0
33 18 0
39 17 0
33 4 0
36 9 0
Net_id 14
pin_num 5
41 46 0
44 40 0
29 44 0
20 44 0
44 49 0
Net_id 15
pin_num 5
34 43 0
20 43 0
25 34 0
28 20 0
23 51 0
Net_id 16
pin_num 5
2 21 0
3 22 0
7 0 0
24 8 0
7 15 0
Net_id 17
pin_num 5
42 35 0
32 45 0
17 41 0
35 59 0
26 58 0
Net_id 18
pin_num 5
57 59 0
49 52 0
42 54 0
49 30 0
56 46 0
Net_id 19
pin_num 5
4 3 0
2 0 0
1 20 0
5 14 0
23 2 0
Net_id 20
pin_num 4
29 14 0
35 14 0
30 20 0
17 15 0
Net_id 21
pin_num 4
7 9 0
4 15 0
6 17 0
0 4 0
Net_id 22
pin_num 4
51 20 0
55 24 0
42 23 0
25 26 0
Net_id 23
pin_num 4
26 34 0
37 32 0
36 49 0
17 36 0
Net_id 24
pin_num 4
15 56 0
3 52 0
1 59 0
25 57 0
Net_id 25
pin_num 4
37 40 0
41 42 0
39 59 0
58 59 0
Net_id 26
pin_num 4
1 18 0
7 21 0
21 20 0
15 21 0
Net_id 27
pin_num 4
55 44 0
58 45 0
58 38 0
47 38 0
Net_id 28
pin_num 4
43 55 0
34 55 0
35 40 0
34 52 0
Net_id 29
pin_num 4
34 38 0
39 21 0
55 21 0
53 3 0
Net_id 30
pin_num 4
1 55 0
22 54 0
18 32 0
42 59 0
Net_id 31
pin_num 4
58 25 0
57 42 0
44 31 0
45 40 0
Net_id 32
pin_num 4
4 39 0
19 33 0
0 33 0
0 26 0
Net_id 33
pin_num 4
54 26 0
58 19 0
57 28 0
57 9 0
Net_id 34
pin_num 4
14 0 0
5 7 0
11 18 0
4 6 0
Net_id 35
pin_num 4
51 9 0
56 12 0
52 11 0
54 0 0
Net_id 36
pin_num 4
15 14 0
22 18 0
19 32 0
19 42 0
Net_id 37
pin_num 4
26 57 0
36 59 0
16 59 0
19 44 0
Net_id 38
pin_num 4
39 43 0
35 42 0
29 41 0
20 35 0
Net_id 39
pin_num 3
15 59 0
0 46 0
38 58 0
Net_id 40
pin_num 3
37 27 0
27 28 0
46 18 0
Net_id 41
pin_num 3
56 38 0
50 45 0
50 56 0
Net_id 42
pin_num 3
37 51 0
29 51 0
9 45 0
Net_id 43
pin_num 3
22 50 0
15 50 0
4 45 0
Net_id 44
pin_num 3
16 8 0
32 0 0
6 7 0
Net_id 45
pin_num 3
24 40 0
40 51 0
49 47 0
Net_id 46
pin_num 3
31 26 0
41 27 0
34 0 0
Net_id 47
pin_num 3
36 3 0
30 10 0
33 20 0
Net_id 48
pin_num 3
5 11 0
0 22 0
2 43 0
Net_id 49
pin_num 3
49 25 0
55 30 0
47 29 0
Net_id 50
pin_num 3
50 59 0
39 45 0
52 51 0
Net_id 51
pin_num 3
25 33 0
20 37 0
20 46 0
Net_id 52
pin_num 3
4 22 0
18 31 0
19 24 0
Net_id 53
pin_num 3
49 11 0
53 1 0
25 5 0
Net_id 54
pin_num 3
48 36 0
55 36 0
37 22 0
Net_id 55
pin_num 3
49 13 0
47 36 0
43 34 0
Net_id 56
pin_num 3
17 49 0
15 46 0
4 59 0
Net_id 57
pin_num 3
34 8 0
26 8 0
27 18 0
Net_id 58
pin_num 3
24 27 0
20 5 0
0 5 0
Net_id 59
pin_num 3
32 59 0
25 59 0
27 51 0
Net_id 60
pin_num 3
17 43 0
1 40 0
2 10 0
Net_id 61
pin_num 3
51 51 0
28 47 0
15 51 0
Net_id 62
pin_num 3
49 38 0
47 41 0
48 20 0
Net_id 63
pin_num 3
39 4 0
35 12 0
57 1 0
Net_id 64
pin_num 3
42 53 0
47 44 0
30 30 0
Net_id 65
pin_num 3
18 25 0
10 34 0
12 13 0
Net_id 66
pin_num 3
13 31 0
4 37 0
5 25 0
Net_id 67
pin_num 3
5 48 0
1 26 0
9 26 0
Net_id 68
pin_num 3
31 45 0
43 49 0
8 59 0
Net_id 69
pin_num 3
27 56 0
50 47 0
22 48 0
Net_id 70
pin_num 3
50 22 0
58 13 0
59 45 0
Net_id 71
pin_num 3
51 47 0
55 42 0
58 21 0
Net_id 72
pin_num 3
37 50 0
33 52 0
59 52 0
Net_id 73
pin_num 3
6 20 0
5 13 0
14 16 0
Net_id 74
pin_num 3
16 17 0
5 23 0
8 10 0
Net_id 75
pin_num 3
37 20 0
39 24 0
33 23 0
Net_id 76
pin_num 3
36 13 0
23 13 0
30 1 0
Net_id 77
pin_num 3
30 12 0
22 29 0
30 2 0
Net_id 78
pin_num 3
22 41 0
18 39 0
17 53 0
Net_id 79
pin_num 2
37 29 0
52 41 0
Net_id 80
pin_num 2
49 27 0
56 48 0
Net_id 81
pin_num 2
46 20 0
58 46 0
Net_id 82
pin_num 2
22 31 0
31 18 0
Net_id 83
pin_num 2
14 50 0
4 54 0
Net_id 84
pin_num 2
24 21 0
18 21 0
Net_id 85
pin_num 2
27 21 0
26 14 0
Net_id 86
pin_num 2
12 14 0
22 7 0
Net_id 87
pin_num 2
11 15 0
28 18 0
Net_id 88
pin_num 2
36 21 0
31 31 0
Net_id 89
pin_num 2
44 57 0
33 39 0
Net_id 90
pin_num 2
38 41 0
54 56 0
Net_id 91
pin_num 2
16 3 0
26 10 0
Net_id 92
pin_num 2
56 20 0
43 12 0
Net_id 93
pin_num 2
48 53 0
44 52 0
Net_id 94
pin_num 2
13 51 0
2 57 0
Net_id 95
pin_num 2
19 12 0
10 20 0
Net_id 96
pin_num 2
12 18 0
18 16 0
Net_id 97
pin_num 2
3 7 0
10 12 0
Net_id 98
pin_num 2
45 34 0
45 27 0
Net_id 99
pin_num 2
26 22 0
29 25 0
Net_id 100
pin_num 2
5 17 0
4 2 0
Net_id 101
pin_num 2
21 47 0
5 50 0
Net_id 102
pin_num 2
29 48 0
24 56 0
Net_id 103
pin_num 2
35 9 0
34 15 0
Net_id 104
pin_num 2
59 31 0
52 31 0
Net_id 105
pin_num 2
47 9 0
48 5 0
Net_id 106
pin_num 2
9 34 0
1 37 0
Net_id 107
pin_num 2
16 5 0
19 6 0
Net_id 108
pin_num 2
42 24 0
47 24 0
Net_id 109
pin_num 2
9 41 0
13 48 0
Net_id 110
pin_num 2
42 2 0
29 7 0
Net_id 111
pin_num 2
32 24 0
31 16 0
Net_id 112
pin_num 2
45 55 0
57 52 0
Net_id 113
pin_num 2
16 27 0
3 29 0
Net_id 114
pin_num 2
39 58 0
56 47 0
Net_id 115
pin_num 2
50 18 0
58 11 0
Net_id 116
pin_num 2
7 20 0
12 5 0
Net_id 117
pin_num 2
0 51 0
11 48 0
Net_id 118
pin_num 2
53 34 0
46 30 0
Net_id 119
pin_num 2
5 12 0
9 12 0
Net_id 120
pin_num 2
5 49 0
7 44 0
Net_id 121
pin_num 2
44 30 0
39 27 0
Net_id 122
pin_num 2
39 38 0
30 32 0
Net_id 123
pin_num 2
1 42 0
23 52 0
Net_id 124
pin_num 2
20 42 0
38 34 0
Net_id 125
pin_num 2
24 52 0
48 49 0
Net_id 126
pin_num 2
44 29 0
32 32 0
Net_id 127
pin_num 2
19 51 0
38 33 0
Net_id 128
pin_num 2
9 3 0
10 13 0
Net_id 129
pin_num 2
9 30 0
14 35 0
Net_id 130
pin_num 2
57 3 0
57 5 0
Net_id 131
pin_num 2
43 25 0
50 48 0
Net_id 132
pin_num 2
12 44 0
19 39 0
Net_id 133
pin_num 2
53 53 0
55 55 0
Net_id 134
pin_num 2
13 40 0
1 49 0
Net_id 135
pin_num 2
38 59 0
26 27 0
Net_id 136
pin_num 2
24 37 0
36 18 0
Net_id 137
pin_num 2
12 23 0
5 10 0
Net_id 138
pin_num 2
44 3 0
37 8 0
Net_id 139
pin_num 2
52 1 0
46 1 0
Net_id 140
pin_num 2
29 15 0
37 13 0
Net_id 141
pin_num 2
19 19 0
31 6 0
Net_id 142
pin_num 2
31 21 0
33 22 0
Net_id 143
pin_num 2
7 7 0
15 4 0
Net_id 144
pin_num 2
55 37 0
40 56 0
Net_id 145
pin_num 2
36 47 0
29 53 0
Net_id 146
pin_num 2
35 16 0
47 10 0
Net_id 147
pin_num 2
41 23 0
34 26 0
Net_id 148
pin_num 2
47 49 0
47 57 0
Net_id 149
pin_num 2
54 44 0
51 31 0
Net_id 150
pin_num 2
15 0 0
23 1 0
Net_id 151
pin_num 2
47 15 0
23 22 0
Net_id 152
pin_num 2
53 49 0
59 46 0
Net_id 153
pin_num 2
23 53 0
6 58 0
Net_id 154
pin_num 2
13 6 0
20 12 0
Net_id 155
pin_num 2
16 28 0
7 41 0
Net_id 156
pin_num 2
2 50 0
20 58 0
Net_id 157
pin_num 2
25 46 0
45 43 0
Net_id 158
pin_num 2
27 7 0
23 10 0
Net_id 159
pin_num 2
18 14 0
13 9 0
Net_id 160
pin_num 2
30 26 0
13 25 0
Net_id 161
pin_num 2
20 24 0
25 24 0
