Width 60
Height 60
Layer 6
Total_WL 6950
Obstacle_num 144
49 36 0 59 37 0
53 20 0 56 21 0
45 8 0 50 9 0
37 33 0 46 34 0
29 12 0 34 13 0
48 57 0 51 58 0
34 38 0 42 39 0
23 0 0 26 1 0
48 33 0 58 34 0
32 48 0 39 49 0
13 58 0 20 59 0
17 30 0 22 31 0
42 57 0 45 58 0
41 9 0 49 10 0
48 34 0 54 35 0
15 42 0 23 43 0
22 49 0 26 50 0
19 12 0 23 13 0
15 22 0 20 23 0
50 26 0 59 27 0
24 56 0 28 57 0
48 13 0 55 14 0
27 11 0 32 12 0
5 29 0 8 30 0
30 32 1 31 40 1
34 0 1 35 3 1
18 16 1 19 21 1
12 29 1 13 38 1
8 23 1 9 28 1
46 40 1 47 45 1
43 26 1 44 36 1
14 37 1 15 42 1
27 53 1 28 56 1
23 21 1 24 28 1
15 37 1 16 43 1
26 39 1 27 49 1
20 7 1 21 14 1
48 35 1 49 39 1
38 30 1 39 34 1
12 48 1 13 58 1
42 19 1 43 27 1
31 48 1 32 53 1
42 10 1 43 18 1
22 45 1 23 55 1
54 33 1 55 38 1
29 24 1 30 27 1
10 18 1 11 27 1
6 27 1 7 37 1
46 3 2 52 4 2
34 17 2 39 18 2
30 52 2 34 53 2
5 57 2 8 58 2
1 58 2 7 59 2
31 31 2 40 32 2
32 11 2 39 12 2
27 33 2 34 34 2
37 57 2 43 58 2
15 0 2 21 1 2
26 57 2 33 58 2
22 50 2 31 51 2
26 6 2 29 7 2
49 40 2 57 41 2
7 23 2 16 24 2
4 40 2 9 41 2
55 30 2 59 31 2
15 32 2 19 33 2
26 12 2 31 13 2
41 7 2 44 8 2
5 5 2 15 6 2
13 6 2 17 7 2
8 44 2 15 45 2
48 16 2 54 17 2
54 23 3 55 33 3
42 6 3 43 11 3
19 33 3 20 42 3
48 38 3 49 44 3
44 18 3 45 21 3
28 40 3 29 44 3
9 13 3 10 23 3
37 2 3 38 8 3
47 47 3 48 51 3
23 49 3 24 55 3
17 0 3 18 5 3
4 27 3 5 33 3
27 3 3 28 12 3
24 24 3 25 33 3
50 0 3 51 6 3
1 21 3 2 25 3
54 40 3 55 44 3
9 30 3 10 38 3
25 11 3 26 21 3
31 21 3 32 27 3
22 21 3 23 24 3
7 28 3 8 35 3
0 11 3 1 18 3
11 51 3 12 57 3
27 40 4 33 41 4
33 25 4 39 26 4
6 6 4 16 7 4
9 38 4 14 39 4
39 35 4 49 36 4
24 36 4 28 37 4
7 30 4 11 31 4
37 32 4 41 33 4
2 47 4 11 48 4
16 44 4 25 45 4
41 22 4 47 23 4
17 40 4 27 41 4
8 50 4 13 51 4
46 56 4 50 57 4
38 54 4 41 55 4
39 23 4 45 24 4
3 4 4 6 5 4
14 35 4 24 36 4
40 20 4 46 21 4
33 19 4 36 20 4
7 7 4 10 8 4
8 8 4 11 9 4
28 33 4 37 34 4
41 3 4 50 4 4
1 45 5 2 52 5
23 28 5 24 31 5
27 55 5 28 59 5
5 17 5 6 27 5
45 17 5 46 25 5
43 46 5 44 55 5
0 0 5 1 10 5
41 22 5 42 25 5
46 1 5 47 11 5
21 32 5 22 41 5
10 41 5 11 50 5
54 54 5 55 59 5
55 5 5 56 9 5
57 44 5 58 49 5
57 11 5 58 19 5
56 25 5 57 31 5
42 50 5 43 59 5
39 34 5 40 39 5
45 52 5 46 55 5
54 25 5 55 33 5
24 39 5 25 48 5
49 9 5 50 18 5
26 24 5 27 33 5
48 19 5 49 22 5
Net_num 158
Net_id 0
pin_num 5
9 58 0
31 56 0
34 59 0
13 59 0
12 58 0
Net_id 1
pin_num 5
22 50 0
5 50 0
8 28 0
18 38 0
11 30 0
Net_id 2
pin_num 5
5 45 0
1 48 0
0 48 0
4 55 0
8 59 0
Net_id 3
pin_num 5
31 26 0
23 19 0
31 45 0
33 19 0
13 44 0
Net_id 4
pin_num 5
14 26 0
10 11 0
4 22 0
12 28 0
0 28 0
Net_id 5
pin_num 5
56 57 0
52 58 0
29 58 0
56 58 0
41 54 0
Net_id 6
pin_num 5
41 17 0
27 26 0
17 20 0
33 33 0
28 16 0
Net_id 7
pin_num 5
5 18 0
3 24 0
17 24 0
7 7 0
0 18 0
Net_id 8
pin_num 5
59 0 0
51 5 0
55 22 0
56 0 0
39 12 0
Net_id 9
pin_num 5
59 12 0
56 16 0
40 12 0
49 6 0
36 6 0
Net_id 10
pin_num 5
12 27 0
16 36 0
32 34 0
9 37 0
22 29 0
Net_id 11
pin_num 5
43 16 0
35 23 0
25 23 0
39 21 0
31 10 0
Net_id 12
pin_num 5
23 55 0
19 56 0
12 59 0
14 46 0
8 57 0
Net_id 13
pin_num 5
45 30 0
40 30 0
44 47 0
31 41 0
59 43 0
Net_id 14
pin_num 5
42 28 0
59 24 0
57 19 0
52 10 0
49 32 0
Net_id 15
pin_num 5
41 21 0
43 15 0
55 0 0
59 44 0
41 11 0
Net_id 16
pin_num 5
30 46 0
23 46 0
41 46 0
59 47 0
33 53 0
Net_id 17
pin_num 5
17 13 0
33 17 0
25 15 0
26 8 0
32 0 0
Net_id 18
pin_num 5
5 25 0
0 29 0
25 28 0
4 39 0
13 21 0
Net_id 19
pin_num 5
55 35 0
51 27 0
47 33 0
58 1 0
58 27 0
Net_id 20
pin_num 4
16 16 0
13 18 0
36 18 0
24 39 0
Net_id 21
pin_num 4
58 44 0
45 38 0
48 53 0
58 59 0
Net_id 22
pin_num 4
12 37 0
6 41 0
10 35 0
0 35 0
Net_id 23
pin_num 4
3 43 0
7 47 0
3 29 0
0 30 0
Net_id 24
pin_num 4
19 40 0
2 44 0
30 40 0
6 55 0
Net_id 25
pin_num 4
59 23 0
44 10 0
58 3 0
52 9 0
Net_id 26
pin_num 4
28 10 0
16 10 0
35 0 0
27 9 0
Net_id 27
pin_num 4
37 51 0
38 59 0
35 50 0
58 55 0
Net_id 28
pin_num 4
14 47 0
26 49 0
43 47 0
37 26 0
Net_id 29
pin_num 4
38 9 0
45 14 0
43 36 0
26 16 0
Net_id 30
pin_num 4
29 30 0
18 33 0
20 17 0
27 38 0
Net_id 31
pin_num 4
1 45 0
0 31 0
6 49 0
0 40 0
Net_id 32
pin_num 4
45 36 0
55 34 0
45 17 0
57 37 0
Net_id 33
pin_num 4
22 21 0
32 27 0
36 12 0
50 23 0
Net_id 34
pin_num 4
35 24 0
44 26 0
27 24 0
18 32 0
Net_id 35
pin_num 4
43 31 0
41 45 0
51 37 0
53 37 0
Net_id 36
pin_num 4
7 3 0
1 5 0
2 10 0
16 0 0
Net_id 37
pin_num 4
7 31 0
2 30 0
16 34 0
13 33 0
Net_id 38
pin_num 4
58 58 0
44 59 0
50 50 0
49 54 0
Net_id 39
pin_num 4
49 40 0
36 39 0
32 40 0
39 54 0
Net_id 40
pin_num 3
57 1 0
54 15 0
59 45 0
Net_id 41
pin_num 3
4 33 0
21 23 0
12 20 0
Net_id 42
pin_num 3
43 19 0
48 3 0
39 27 0
Net_id 43
pin_num 3
25 32 0
42 18 0
15 16 0
Net_id 44
pin_num 3
47 49 0
50 47 0
31 49 0
Net_id 45
pin_num 3
50 42 0
34 42 0
43 45 0
Net_id 46
pin_num 3
42 55 0
36 51 0
20 41 0
Net_id 47
pin_num 3
39 59 0
58 43 0
27 51 0
Net_id 48
pin_num 3
9 42 0
16 56 0
8 38 0
Net_id 49
pin_num 3
33 10 0
39 1 0
45 1 0
Net_id 50
pin_num 3
10 25 0
19 37 0
34 25 0
Net_id 51
pin_num 3
21 52 0
21 33 0
40 31 0
Net_id 52
pin_num 3
39 34 0
53 17 0
56 37 0
Net_id 53
pin_num 3
46 26 0
49 14 0
44 24 0
Net_id 54
pin_num 3
27 45 0
59 52 0
32 52 0
Net_id 55
pin_num 3
46 0 0
32 4 0
36 27 0
Net_id 56
pin_num 3
52 19 0
51 23 0
48 24 0
Net_id 57
pin_num 3
13 28 0
20 15 0
13 15 0
Net_id 58
pin_num 3
4 36 0
12 36 0
5 48 0
Net_id 59
pin_num 3
18 57 0
15 49 0
13 52 0
Net_id 60
pin_num 3
1 39 0
5 26 0
4 56 0
Net_id 61
pin_num 3
33 37 0
43 43 0
38 26 0
Net_id 62
pin_num 3
26 26 0
4 32 0
14 42 0
Net_id 63
pin_num 3
29 42 0
10 54 0
18 12 0
Net_id 64
pin_num 3
42 44 0
22 56 0
18 59 0
Net_id 65
pin_num 3
14 4 0
6 10 0
3 1 0
Net_id 66
pin_num 3
15 39 0
19 46 0
26 33 0
Net_id 67
pin_num 3
22 11 0
11 26 0
2 11 0
Net_id 68
pin_num 3
12 2 0
10 7 0
0 10 0
Net_id 69
pin_num 3
18 31 0
5 28 0
21 31 0
Net_id 70
pin_num 3
22 43 0
20 34 0
29 43 0
Net_id 71
pin_num 3
47 44 0
34 30 0
36 56 0
Net_id 72
pin_num 3
51 25 0
34 50 0
47 25 0
Net_id 73
pin_num 3
21 16 0
25 6 0
7 1 0
Net_id 74
pin_num 3
10 8 0
32 28 0
1 23 0
Net_id 75
pin_num 3
18 14 0
34 15 0
21 0 0
Net_id 76
pin_num 3
1 35 0
7 41 0
2 46 0
Net_id 77
pin_num 3
33 4 0
41 1 0
34 13 0
Net_id 78
pin_num 3
14 13 0
26 29 0
9 27 0
Net_id 79
pin_num 3
26 3 0
11 1 0
13 16 0
Net_id 80
pin_num 2
47 20 0
50 14 0
Net_id 81
pin_num 2
58 19 0
53 45 0
Net_id 82
pin_num 2
31 55 0
40 45 0
Net_id 83
pin_num 2
54 18 0
43 18 0
Net_id 84
pin_num 2
15 28 0
23 33 0
Net_id 85
pin_num 2
46 13 0
23 5 0
Net_id 86
pin_num 2
13 36 0
16 33 0
Net_id 87
pin_num 2
19 21 0
2 26 0
Net_id 88
pin_num 2
56 48 0
47 48 0
Net_id 89
pin_num 2
17 49 0
19 52 0
Net_id 90
pin_num 2
58 35 0
40 8 0
Net_id 91
pin_num 2
24 27 0
1 16 0
Net_id 92
pin_num 2
15 4 0
38 5 0
Net_id 93
pin_num 2
28 17 0
10 41 0
Net_id 94
pin_num 2
28 51 0
48 55 0
Net_id 95
pin_num 2
47 35 0
2 29 0
Net_id 96
pin_num 2
4 27 0
17 39 0
Net_id 97
pin_num 2
52 0 0
32 9 0
Net_id 98
pin_num 2
24 41 0
24 57 0
Net_id 99
pin_num 2
23 15 0
25 1 0
Net_id 100
pin_num 2
14 1 0
15 7 0
Net_id 101
pin_num 2
43 29 0
49 41 0
Net_id 102
pin_num 2
15 2 0
19 1 0
Net_id 103
pin_num 2
9 10 0
13 2 0
Net_id 104
pin_num 2
19 34 0
3 22 0
Net_id 105
pin_num 2
8 5 0
11 3 0
Net_id 106
pin_num 2
28 29 0
40 37 0
Net_id 107
pin_num 2
28 2 0
15 5 0
Net_id 108
pin_num 2
2 18 0
7 9 0
Net_id 109
pin_num 2
26 51 0
17 52 0
Net_id 110
pin_num 2
14 17 0
32 35 0
Net_id 111
pin_num 2
28 33 0
12 15 0
Net_id 112
pin_num 2
26 6 0
53 4 0
Net_id 113
pin_num 2
10 43 0
25 29 0
Net_id 114
pin_num 2
42 53 0
51 49 0
Net_id 115
pin_num 2
53 42 0
30 48 0
Net_id 116
pin_num 2
2 49 0
10 45 0
Net_id 117
pin_num 2
32 5 0
27 1 0
Net_id 118
pin_num 2
39 57 0
32 36 0
Net_id 119
pin_num 2
9 49 0
1 30 0
Net_id 120
pin_num 2
6 45 0
9 41 0
Net_id 121
pin_num 2
2 45 0
18 52 0
Net_id 122
pin_num 2
49 21 0
58 2 0
Net_id 123
pin_num 2
1 57 0
13 51 0
Net_id 124
pin_num 2
51 57 0
45 57 0
Net_id 125
pin_num 2
7 8 0
8 9 0
Net_id 126
pin_num 2
13 23 0
25 35 0
Net_id 127
pin_num 2
54 47 0
57 43 0
Net_id 128
pin_num 2
1 7 0
13 35 0
Net_id 129
pin_num 2
24 32 0
13 13 0
Net_id 130
pin_num 2
39 37 0
33 56 0
Net_id 131
pin_num 2
5 56 0
1 55 0
Net_id 132
pin_num 2
4 17 0
3 8 0
Net_id 133
pin_num 2
3 55 0
9 59 0
Net_id 134
pin_num 2
53 2 0
51 1 0
Net_id 135
pin_num 2
7 25 0
1 19 0
Net_id 136
pin_num 2
4 38 0
27 49 0
Net_id 137
pin_num 2
44 21 0
48 14 0
Net_id 138
pin_num 2
1 24 0
10 16 0
Net_id 139
pin_num 2
12 49 0
6 42 0
Net_id 140
pin_num 2
12 45 0
18 43 0
Net_id 141
pin_num 2
49 2 0
39 15 0
Net_id 142
pin_num 2
54 22 0
38 19 0
Net_id 143
pin_num 2
32 54 0
28 48 0
Net_id 144
pin_num 2
50 30 0
38 10 0
Net_id 145
pin_num 2
25 37 0
23 56 0
Net_id 146
pin_num 2
3 17 0
22 31 0
Net_id 147
pin_num 2
42 48 0
47 55 0
Net_id 148
pin_num 2
43 11 0
48 7 0
Net_id 149
pin_num 2
20 53 0
10 55 0
Net_id 150
pin_num 2
47 27 0
58 37 0
Net_id 151
pin_num 2
4 14 0
1 28 0
Net_id 152
pin_num 2
45 59 0
50 45 0
Net_id 153
pin_num 2
41 53 0
45 47 0
Net_id 154
pin_num 2
24 52 0
16 37 0
Net_id 155
pin_num 2
55 1 0
49 7 0
Net_id 156
pin_num 2
25 22 0
21 9 0
Net_id 157
pin_num 2
19 0 0
2 6 0
