Width 60
Height 60
Layer 6
Total_WL 6772
Obstacle_num 144
37 22 0 43 23 0
16 57 0 26 58 0
7 36 0 11 37 0
17 32 0 24 33 0
21 48 0 31 49 0
2 24 0 11 25 0
39 7 0 44 8 0
0 18 0 7 19 0
9 22 0 16 23 0
43 33 0 48 34 0
48 48 0 56 49 0
9 5 0 16 6 0
44 16 0 49 17 0
18 46 0 23 47 0
30 56 0 38 57 0
24 1 0 32 2 0
37 49 0 46 50 0
13 8 0 23 9 0
45 34 0 49 35 0
11 37 0 15 38 0
50 21 0 58 22 0
5 31 0 12 32 0
28 7 0 37 8 0
38 53 0 45 54 0
19 3 1 20 6 1
11 34 1 12 41 1
50 31 1 51 40 1
5 1 1 6 11 1
31 31 1 32 40 1
22 53 1 23 58 1
3 33 1 4 42 1
21 50 1 22 55 1
55 25 1 56 35 1
10 9 1 11 13 1
2 17 1 3 27 1
29 55 1 30 59 1
54 21 1 55 25 1
15 28 1 16 31 1
18 40 1 19 45 1
27 15 1 28 24 1
23 9 1 24 16 1
33 14 1 34 21 1
26 10 1 27 16 1
49 24 1 50 30 1
54 26 1 55 30 1
0 34 1 1 37 1
13 9 1 14 17 1
1 27 1 2 37 1
24 39 2 32 40 2
14 11 2 18 12 2
43 46 2 47 47 2
35 16 2 38 17 2
42 50 2 52 51 2
28 3 2 38 4 2
41 22 2 50 23 2
6 17 2 13 18 2
28 33 2 31 34 2
22 6 2 25 7 2
6 2 2 16 3 2
15 35 2 21 36 2
44 11 2 48 12 2
40 14 2 47 15 2
38 56 2 41 57 2
43 29 2 53 30 2
45 27 2 54 28 2
20 26 2 24 27 2
10 23 2 13 24 2
22 40 2 28 41 2
29 24 2 34 25 2
1 7 2 6 8 2
1 24 2 10 25 2
26 9 2 31 10 2
7 3 3 8 11 3
35 40 3 36 50 3
36 37 3 37 40 3
34 49 3 35 53 3
55 21 3 56 24 3
38 43 3 39 47 3
26 49 3 27 56 3
1 28 3 2 33 3
55 2 3 56 12 3
1 7 3 2 11 3
25 35 3 26 43 3
7 17 3 8 24 3
33 24 3 34 27 3
20 9 3 21 12 3
22 36 3 23 41 3
51 18 3 52 27 3
42 14 3 43 19 3
9 5 3 10 8 3
52 6 3 53 14 3
44 40 3 45 47 3
34 6 3 35 9 3
57 27 3 58 31 3
52 33 3 53 38 3
14 9 3 15 17 3
22 35 4 31 36 4
2 24 4 11 25 4
39 11 4 44 12 4
22 18 4 30 19 4
8 2 4 12 3 4
36 25 4 43 26 4
1 12 4 11 13 4
11 39 4 18 40 4
3 49 4 10 50 4
0 6 4 3 7 4
15 38 4 22 39 4
17 13 4 20 14 4
39 16 4 42 17 4
19 14 4 23 15 4
28 29 4 37 30 4
28 53 4 33 54 4
18 57 4 23 58 4
27 41 4 36 42 4
29 32 4 37 33 4
35 0 4 40 1 4
2 45 4 7 46 4
42 56 4 47 57 4
20 26 4 28 27 4
2 44 4 9 45 4
44 0 5 45 10 5
17 27 5 18 30 5
5 6 5 6 14 5
33 17 5 34 25 5
5 40 5 6 47 5
13 9 5 14 18 5
7 10 5 8 19 5
3 29 5 4 32 5
20 28 5 21 37 5
34 50 5 35 56 5
21 30 5 22 34 5
36 37 5 37 42 5
22 53 5 23 58 5
32 50 5 33 55 5
40 19 5 41 28 5
40 30 5 41 33 5
11 32 5 12 38 5
46 45 5 47 49 5
46 18 5 47 28 5
38 38 5 39 48 5
34 8 5 35 11 5
8 17 5 9 24 5
36 15 5 37 25 5
43 43 5 44 52 5
Net_num 154
Net_id 0
pin_num 5
4 46 0
3 59 0
19 47 0
0 33 0
0 55 0
Net_id 1
pin_num 5
2 41 0
0 37 0
11 48 0
17 45 0
2 54 0
Net_id 2
pin_num 5
4 51 0
1 44 0
0 56 0
13 56 0
0 32 0
Net_id 3
pin_num 5
8 46 0
16 40 0
21 24 0
12 27 0
20 48 0
Net_id 4
pin_num 5
6 1 0
1 11 0
4 0 0
13 0 0
4 23 0
Net_id 5
pin_num 5
14 4 0
4 5 0
9 20 0
8 0 0
0 0 0
Net_id 6
pin_num 5
26 41 0
20 42 0
24 52 0
15 49 0
17 53 0
Net_id 7
pin_num 5
56 24 0
58 41 0
59 26 0
58 19 0
53 31 0
Net_id 8
pin_num 5
7 27 0
0 20 0
0 31 0
0 8 0
0 25 0
Net_id 9
pin_num 5
53 22 0
57 23 0
59 35 0
58 4 0
59 59 0
Net_id 10
pin_num 5
33 33 0
44 26 0
41 15 0
24 32 0
37 38 0
Net_id 11
pin_num 5
41 34 0
49 47 0
52 44 0
32 44 0
14 49 0
Net_id 12
pin_num 5
30 58 0
45 59 0
25 59 0
46 59 0
27 59 0
Net_id 13
pin_num 5
13 53 0
6 43 0
16 51 0
9 47 0
6 42 0
Net_id 14
pin_num 5
12 49 0
4 44 0
4 29 0
26 29 0
1 43 0
Net_id 15
pin_num 5
14 41 0
3 52 0
8 43 0
12 44 0
6 22 0
Net_id 16
pin_num 5
34 15 0
32 15 0
40 28 0
36 28 0
24 25 0
Net_id 17
pin_num 5
35 28 0
24 21 0
17 28 0
32 6 0
29 30 0
Net_id 18
pin_num 5
1 56 0
6 59 0
9 59 0
8 53 0
5 39 0
Net_id 19
pin_num 4
0 17 0
10 17 0
0 26 0
6 11 0
Net_id 20
pin_num 4
32 39 0
40 30 0
55 29 0
53 39 0
Net_id 21
pin_num 4
9 43 0
19 39 0
19 58 0
2 37 0
Net_id 22
pin_num 4
25 44 0
18 33 0
42 37 0
34 31 0
Net_id 23
pin_num 4
32 37 0
14 38 0
18 48 0
24 56 0
Net_id 24
pin_num 4
27 0 0
9 3 0
29 3 0
9 2 0
Net_id 25
pin_num 4
13 55 0
19 55 0
2 59 0
15 56 0
Net_id 26
pin_num 4
28 41 0
20 30 0
48 33 0
37 40 0
Net_id 27
pin_num 4
28 23 0
38 34 0
15 34 0
35 29 0
Net_id 28
pin_num 4
42 13 0
33 1 0
44 1 0
27 14 0
Net_id 29
pin_num 4
49 38 0
27 27 0
30 45 0
33 48 0
Net_id 30
pin_num 4
33 17 0
38 10 0
20 17 0
45 10 0
Net_id 31
pin_num 4
26 38 0
28 29 0
37 25 0
35 27 0
Net_id 32
pin_num 4
44 0 0
50 0 0
49 21 0
54 15 0
Net_id 33
pin_num 4
39 43 0
32 38 0
51 42 0
32 43 0
Net_id 34
pin_num 4
46 25 0
50 40 0
59 15 0
58 59 0
Net_id 35
pin_num 4
56 4 0
53 8 0
56 0 0
32 4 0
Net_id 36
pin_num 4
51 49 0
46 32 0
47 52 0
47 57 0
Net_id 37
pin_num 4
43 46 0
50 46 0
35 57 0
16 28 0
Net_id 38
pin_num 3
59 28 0
57 34 0
39 34 0
Net_id 39
pin_num 3
22 7 0
15 6 0
24 27 0
Net_id 40
pin_num 3
5 38 0
18 21 0
10 32 0
Net_id 41
pin_num 3
39 29 0
30 18 0
31 41 0
Net_id 42
pin_num 3
23 10 0
28 2 0
25 30 0
Net_id 43
pin_num 3
29 6 0
25 15 0
50 13 0
Net_id 44
pin_num 3
40 23 0
32 21 0
22 22 0
Net_id 45
pin_num 3
30 54 0
16 50 0
50 59 0
Net_id 46
pin_num 3
0 23 0
12 35 0
3 27 0
Net_id 47
pin_num 3
8 6 0
1 7 0
5 19 0
Net_id 48
pin_num 3
48 23 0
40 12 0
42 46 0
Net_id 49
pin_num 3
34 35 0
22 27 0
25 55 0
Net_id 50
pin_num 3
14 32 0
2 28 0
2 8 0
Net_id 51
pin_num 3
29 45 0
8 34 0
9 26 0
Net_id 52
pin_num 3
30 8 0
34 18 0
6 15 0
Net_id 53
pin_num 3
7 14 0
3 5 0
3 21 0
Net_id 54
pin_num 3
58 26 0
47 44 0
52 28 0
Net_id 55
pin_num 3
42 23 0
35 8 0
12 8 0
Net_id 56
pin_num 3
10 39 0
26 36 0
18 35 0
Net_id 57
pin_num 3
34 25 0
24 24 0
43 28 0
Net_id 58
pin_num 3
43 24 0
45 28 0
41 31 0
Net_id 59
pin_num 3
36 55 0
18 45 0
23 43 0
Net_id 60
pin_num 3
14 20 0
8 1 0
11 15 0
Net_id 61
pin_num 3
4 35 0
14 46 0
3 22 0
Net_id 62
pin_num 3
45 54 0
27 47 0
23 58 0
Net_id 63
pin_num 3
3 8 0
10 8 0
10 1 0
Net_id 64
pin_num 3
26 5 0
20 2 0
5 30 0
Net_id 65
pin_num 3
27 53 0
23 50 0
17 42 0
Net_id 66
pin_num 3
51 58 0
55 44 0
48 26 0
Net_id 67
pin_num 3
45 6 0
50 7 0
58 10 0
Net_id 68
pin_num 3
47 3 0
38 2 0
46 15 0
Net_id 69
pin_num 3
42 12 0
32 5 0
59 12 0
Net_id 70
pin_num 3
37 44 0
53 37 0
52 22 0
Net_id 71
pin_num 3
0 38 0
9 50 0
4 54 0
Net_id 72
pin_num 3
34 41 0
46 52 0
28 58 0
Net_id 73
pin_num 3
19 44 0
24 31 0
24 40 0
Net_id 74
pin_num 3
23 36 0
12 42 0
13 33 0
Net_id 75
pin_num 3
5 58 0
18 54 0
12 50 0
Net_id 76
pin_num 3
35 35 0
59 21 0
45 32 0
Net_id 77
pin_num 3
17 37 0
16 46 0
17 23 0
Net_id 78
pin_num 2
58 46 0
55 42 0
Net_id 79
pin_num 2
25 58 0
41 51 0
Net_id 80
pin_num 2
56 12 0
57 9 0
Net_id 81
pin_num 2
23 23 0
12 6 0
Net_id 82
pin_num 2
43 15 0
52 20 0
Net_id 83
pin_num 2
15 50 0
10 59 0
Net_id 84
pin_num 2
37 52 0
27 39 0
Net_id 85
pin_num 2
55 17 0
43 16 0
Net_id 86
pin_num 2
7 54 0
1 42 0
Net_id 87
pin_num 2
10 10 0
9 9 0
Net_id 88
pin_num 2
26 35 0
43 45 0
Net_id 89
pin_num 2
56 47 0
29 51 0
Net_id 90
pin_num 2
50 34 0
57 54 0
Net_id 91
pin_num 2
16 20 0
26 4 0
Net_id 92
pin_num 2
11 28 0
4 27 0
Net_id 93
pin_num 2
51 1 0
53 23 0
Net_id 94
pin_num 2
8 44 0
30 57 0
Net_id 95
pin_num 2
34 4 0
29 13 0
Net_id 96
pin_num 2
27 15 0
37 20 0
Net_id 97
pin_num 2
27 31 0
22 21 0
Net_id 98
pin_num 2
42 41 0
35 38 0
Net_id 99
pin_num 2
45 8 0
29 4 0
Net_id 100
pin_num 2
48 31 0
54 34 0
Net_id 101
pin_num 2
34 50 0
23 42 0
Net_id 102
pin_num 2
29 53 0
12 59 0
Net_id 103
pin_num 2
39 24 0
29 20 0
Net_id 104
pin_num 2
25 49 0
8 42 0
Net_id 105
pin_num 2
9 54 0
11 52 0
Net_id 106
pin_num 2
54 4 0
56 13 0
Net_id 107
pin_num 2
10 13 0
15 12 0
Net_id 108
pin_num 2
7 23 0
19 30 0
Net_id 109
pin_num 2
40 27 0
44 17 0
Net_id 110
pin_num 2
12 46 0
15 54 0
Net_id 111
pin_num 2
12 1 0
18 4 0
Net_id 112
pin_num 2
45 18 0
35 18 0
Net_id 113
pin_num 2
4 3 0
17 10 0
Net_id 114
pin_num 2
20 45 0
32 50 0
Net_id 115
pin_num 2
28 44 0
32 47 0
Net_id 116
pin_num 2
57 56 0
46 58 0
Net_id 117
pin_num 2
2 12 0
28 0 0
Net_id 118
pin_num 2
52 59 0
36 45 0
Net_id 119
pin_num 2
53 13 0
57 4 0
Net_id 120
pin_num 2
59 20 0
51 10 0
Net_id 121
pin_num 2
59 8 0
44 6 0
Net_id 122
pin_num 2
14 19 0
34 22 0
Net_id 123
pin_num 2
55 40 0
58 38 0
Net_id 124
pin_num 2
29 50 0
31 53 0
Net_id 125
pin_num 2
0 53 0
10 42 0
Net_id 126
pin_num 2
42 24 0
36 30 0
Net_id 127
pin_num 2
18 10 0
33 26 0
Net_id 128
pin_num 2
49 42 0
55 57 0
Net_id 129
pin_num 2
32 42 0
29 49 0
Net_id 130
pin_num 2
39 45 0
52 50 0
Net_id 131
pin_num 2
54 24 0
46 20 0
Net_id 132
pin_num 2
20 58 0
18 58 0
Net_id 133
pin_num 2
14 7 0
39 14 0
Net_id 134
pin_num 2
53 3 0
54 5 0
Net_id 135
pin_num 2
32 45 0
18 53 0
Net_id 136
pin_num 2
5 44 0
7 28 0
Net_id 137
pin_num 2
4 20 0
18 1 0
Net_id 138
pin_num 2
34 48 0
47 50 0
Net_id 139
pin_num 2
25 39 0
15 48 0
Net_id 140
pin_num 2
12 30 0
2 42 0
Net_id 141
pin_num 2
23 16 0
7 18 0
Net_id 142
pin_num 2
14 9 0
0 19 0
Net_id 143
pin_num 2
41 6 0
51 3 0
Net_id 144
pin_num 2
58 6 0
46 17 0
Net_id 145
pin_num 2
55 2 0
34 11 0
Net_id 146
pin_num 2
49 18 0
35 36 0
Net_id 147
pin_num 2
58 45 0
47 47 0
Net_id 148
pin_num 2
50 51 0
42 47 0
Net_id 149
pin_num 2
31 46 0
37 46 0
Net_id 150
pin_num 2
15 1 0
33 42 0
Net_id 151
pin_num 2
33 30 0
27 44 0
Net_id 152
pin_num 2
16 30 0
58 37 0
Net_id 153
pin_num 2
49 45 0
55 50 0
