Width 60
Height 60
Layer 6
Total_WL 6774
Obstacle_num 144
45 10 0 48 11 0
35 30 0 40 31 0
28 42 0 37 43 0
7 5 0 12 6 0
1 37 0 11 38 0
46 16 0 53 17 0
19 48 0 23 49 0
5 43 0 9 44 0
3 33 0 12 34 0
40 41 0 49 42 0
1 51 0 10 52 0
6 50 0 12 51 0
36 9 0 46 10 0
8 14 0 18 15 0
49 5 0 54 6 0
49 11 0 52 12 0
39 50 0 42 51 0
11 13 0 15 14 0
8 9 0 14 10 0
53 46 0 56 47 0
30 34 0 36 35 0
4 54 0 12 55 0
30 21 0 40 22 0
43 8 0 46 9 0
46 51 1 47 57 1
8 17 1 9 27 1
42 7 1 43 14 1
45 24 1 46 34 1
6 42 1 7 52 1
43 38 1 44 42 1
3 47 1 4 55 1
11 7 1 12 10 1
9 11 1 10 18 1
21 43 1 22 53 1
14 22 1 15 32 1
10 52 1 11 56 1
47 42 1 48 52 1
52 19 1 53 27 1
32 28 1 33 34 1
5 38 1 6 45 1
36 30 1 37 38 1
44 43 1 45 50 1
27 49 1 28 59 1
17 42 1 18 51 1
17 16 1 18 24 1
25 35 1 26 44 1
29 5 1 30 14 1
18 4 1 19 11 1
46 13 2 54 14 2
46 34 2 50 35 2
2 40 2 5 41 2
33 44 2 40 45 2
50 2 2 55 3 2
47 0 2 56 1 2
45 36 2 50 37 2
44 26 2 54 27 2
3 48 2 8 49 2
19 20 2 23 21 2
26 2 2 35 3 2
35 39 2 44 40 2
24 29 2 33 30 2
47 16 2 55 17 2
4 35 2 8 36 2
30 27 2 37 28 2
42 53 2 50 54 2
24 50 2 27 51 2
31 8 2 36 9 2
9 52 2 13 53 2
51 34 2 55 35 2
1 46 2 10 47 2
35 51 2 44 52 2
43 24 2 50 25 2
25 37 3 26 40 3
15 32 3 16 35 3
9 9 3 10 18 3
6 0 3 7 9 3
44 7 3 45 16 3
22 2 3 23 9 3
15 9 3 16 13 3
37 8 3 38 15 3
31 6 3 32 16 3
12 14 3 13 20 3
29 0 3 30 7 3
25 33 3 26 36 3
33 11 3 34 14 3
28 50 3 29 57 3
22 33 3 23 40 3
41 39 3 42 44 3
45 51 3 46 59 3
0 10 3 1 16 3
23 29 3 24 37 3
37 33 3 38 42 3
14 53 3 15 58 3
40 14 3 41 22 3
11 14 3 12 19 3
4 31 3 5 39 3
0 33 4 4 34 4
38 57 4 42 58 4
6 27 4 11 28 4
7 2 4 10 3 4
30 4 4 37 5 4
12 12 4 15 13 4
4 14 4 7 15 4
4 40 4 7 41 4
29 57 4 37 58 4
17 12 4 20 13 4
36 37 4 40 38 4
1 53 4 5 54 4
48 56 4 58 57 4
28 31 4 37 32 4
30 35 4 39 36 4
1 20 4 6 21 4
44 54 4 53 55 4
44 39 4 50 40 4
18 29 4 28 30 4
34 32 4 41 33 4
3 44 4 11 45 4
37 24 4 43 25 4
52 50 4 59 51 4
7 32 4 16 33 4
3 14 5 4 20 5
2 18 5 3 22 5
47 18 5 48 22 5
6 18 5 7 21 5
17 31 5 18 39 5
9 13 5 10 21 5
12 40 5 13 45 5
18 6 5 19 9 5
22 40 5 23 49 5
51 32 5 52 42 5
26 24 5 27 31 5
53 26 5 54 32 5
49 24 5 50 30 5
43 29 5 44 36 5
40 33 5 41 37 5
34 0 5 35 9 5
12 3 5 13 6 5
54 46 5 55 53 5
11 14 5 12 17 5
38 2 5 39 7 5
38 22 5 39 25 5
7 28 5 8 37 5
49 49 5 50 55 5
14 8 5 15 16 5
Net_num 158
Net_id 0
pin_num 5
7 48 0
3 55 0
0 53 0
22 45 0
18 51 0
Net_id 1
pin_num 5
32 7 0
34 4 0
17 0 0
27 19 0
9 15 0
Net_id 2
pin_num 5
38 19 0
31 20 0
31 5 0
10 19 0
35 41 0
Net_id 3
pin_num 5
41 59 0
37 58 0
20 59 0
25 52 0
34 38 0
Net_id 4
pin_num 5
57 5 0
56 8 0
56 2 0
41 7 0
43 6 0
Net_id 5
pin_num 5
43 49 0
51 58 0
59 49 0
33 53 0
43 59 0
Net_id 6
pin_num 5
22 36 0
27 23 0
35 35 0
37 35 0
16 0 0
Net_id 7
pin_num 5
55 0 0
47 8 0
42 6 0
28 1 0
53 0 0
Net_id 8
pin_num 5
46 22 0
40 22 0
33 22 0
34 29 0
32 37 0
Net_id 9
pin_num 5
59 10 0
58 12 0
35 9 0
56 19 0
48 14 0
Net_id 10
pin_num 5
38 3 0
31 1 0
24 5 0
49 3 0
37 2 0
Net_id 11
pin_num 5
54 35 0
47 35 0
51 42 0
47 20 0
39 41 0
Net_id 12
pin_num 5
42 35 0
46 37 0
35 18 0
57 37 0
50 24 0
Net_id 13
pin_num 5
15 51 0
23 45 0
24 47 0
30 47 0
44 59 0
Net_id 14
pin_num 5
0 8 0
7 8 0
0 0 0
4 28 0
5 0 0
Net_id 15
pin_num 5
49 31 0
43 31 0
44 36 0
31 31 0
46 14 0
Net_id 16
pin_num 5
57 58 0
52 58 0
59 58 0
56 41 0
53 45 0
Net_id 17
pin_num 5
18 12 0
32 12 0
26 16 0
28 3 0
23 3 0
Net_id 18
pin_num 5
20 11 0
29 11 0
48 9 0
45 23 0
43 2 0
Net_id 19
pin_num 4
30 32 0
27 30 0
33 24 0
40 21 0
Net_id 20
pin_num 4
12 18 0
6 32 0
20 9 0
0 21 0
Net_id 21
pin_num 4
10 51 0
17 52 0
12 34 0
23 48 0
Net_id 22
pin_num 4
26 37 0
49 41 0
11 34 0
39 58 0
Net_id 23
pin_num 4
29 36 0
30 31 0
12 33 0
16 10 0
Net_id 24
pin_num 4
42 0 0
48 1 0
46 12 0
37 7 0
Net_id 25
pin_num 4
56 3 0
37 4 0
53 25 0
59 28 0
Net_id 26
pin_num 4
56 17 0
48 23 0
29 22 0
42 34 0
Net_id 27
pin_num 4
28 16 0
37 5 0
54 11 0
10 13 0
Net_id 28
pin_num 4
10 29 0
0 24 0
20 22 0
9 34 0
Net_id 29
pin_num 4
10 16 0
12 26 0
12 10 0
9 17 0
Net_id 30
pin_num 4
21 32 0
24 27 0
0 27 0
31 41 0
Net_id 31
pin_num 4
15 12 0
19 5 0
18 0 0
28 8 0
Net_id 32
pin_num 4
15 41 0
1 43 0
3 34 0
9 30 0
Net_id 33
pin_num 4
46 15 0
28 14 0
45 13 0
23 20 0
Net_id 34
pin_num 4
30 40 0
33 55 0
41 43 0
31 52 0
Net_id 35
pin_num 4
21 46 0
11 46 0
45 46 0
41 40 0
Net_id 36
pin_num 4
58 58 0
59 56 0
59 48 0
35 48 0
Net_id 37
pin_num 4
44 56 0
36 56 0
58 57 0
50 47 0
Net_id 38
pin_num 3
14 26 0
24 31 0
24 42 0
Net_id 39
pin_num 3
0 9 0
7 0 0
2 26 0
Net_id 40
pin_num 3
31 39 0
26 41 0
28 29 0
Net_id 41
pin_num 3
44 40 0
58 45 0
50 23 0
Net_id 42
pin_num 3
39 20 0
32 10 0
35 4 0
Net_id 43
pin_num 3
43 42 0
29 49 0
21 44 0
Net_id 44
pin_num 3
1 40 0
15 40 0
0 58 0
Net_id 45
pin_num 3
52 30 0
57 28 0
58 24 0
Net_id 46
pin_num 3
52 36 0
57 51 0
25 45 0
Net_id 47
pin_num 3
42 20 0
32 9 0
36 47 0
Net_id 48
pin_num 3
5 13 0
3 18 0
17 24 0
Net_id 49
pin_num 3
24 17 0
38 5 0
47 14 0
Net_id 50
pin_num 3
52 14 0
58 5 0
57 36 0
Net_id 51
pin_num 3
59 53 0
51 53 0
54 34 0
Net_id 52
pin_num 3
27 58 0
7 53 0
0 7 0
Net_id 53
pin_num 3
0 5 0
10 12 0
19 28 0
Net_id 54
pin_num 3
43 26 0
26 1 0
11 1 0
Net_id 55
pin_num 3
43 33 0
48 29 0
43 18 0
Net_id 56
pin_num 3
15 39 0
32 47 0
19 36 0
Net_id 57
pin_num 3
34 25 0
46 50 0
38 10 0
Net_id 58
pin_num 3
18 2 0
31 2 0
40 6 0
Net_id 59
pin_num 3
56 21 0
49 21 0
52 1 0
Net_id 60
pin_num 3
34 41 0
30 48 0
36 54 0
Net_id 61
pin_num 3
58 27 0
17 10 0
21 31 0
Net_id 62
pin_num 3
10 58 0
0 48 0
6 49 0
Net_id 63
pin_num 3
31 9 0
23 7 0
17 3 0
Net_id 64
pin_num 3
35 16 0
22 22 0
30 38 0
Net_id 65
pin_num 3
12 39 0
31 56 0
18 34 0
Net_id 66
pin_num 3
50 51 0
39 54 0
32 58 0
Net_id 67
pin_num 3
27 24 0
41 32 0
23 17 0
Net_id 68
pin_num 3
4 16 0
8 28 0
29 17 0
Net_id 69
pin_num 3
26 51 0
36 53 0
45 39 0
Net_id 70
pin_num 3
44 2 0
44 14 0
45 34 0
Net_id 71
pin_num 3
41 28 0
51 28 0
20 21 0
Net_id 72
pin_num 3
43 37 0
46 35 0
17 34 0
Net_id 73
pin_num 3
8 15 0
1 16 0
15 2 0
Net_id 74
pin_num 3
17 5 0
5 3 0
31 32 0
Net_id 75
pin_num 3
35 23 0
51 3 0
16 3 0
Net_id 76
pin_num 3
24 56 0
31 58 0
22 57 0
Net_id 77
pin_num 2
53 15 0
58 19 0
Net_id 78
pin_num 2
14 33 0
20 32 0
Net_id 79
pin_num 2
4 3 0
1 4 0
Net_id 80
pin_num 2
6 24 0
30 4 0
Net_id 81
pin_num 2
7 13 0
3 1 0
Net_id 82
pin_num 2
19 56 0
22 55 0
Net_id 83
pin_num 2
46 59 0
51 52 0
Net_id 84
pin_num 2
37 6 0
13 12 0
Net_id 85
pin_num 2
6 42 0
7 21 0
Net_id 86
pin_num 2
22 56 0
40 44 0
Net_id 87
pin_num 2
13 57 0
15 59 0
Net_id 88
pin_num 2
36 8 0
33 1 0
Net_id 89
pin_num 2
44 42 0
58 56 0
Net_id 90
pin_num 2
23 47 0
10 46 0
Net_id 91
pin_num 2
28 19 0
47 17 0
Net_id 92
pin_num 2
59 35 0
32 25 0
Net_id 93
pin_num 2
12 38 0
29 31 0
Net_id 94
pin_num 2
32 33 0
28 33 0
Net_id 95
pin_num 2
8 7 0
2 6 0
Net_id 96
pin_num 2
25 39 0
39 36 0
Net_id 97
pin_num 2
48 54 0
57 47 0
Net_id 98
pin_num 2
0 4 0
22 1 0
Net_id 99
pin_num 2
46 25 0
54 29 0
Net_id 100
pin_num 2
47 34 0
42 33 0
Net_id 101
pin_num 2
4 25 0
2 47 0
Net_id 102
pin_num 2
4 56 0
10 49 0
Net_id 103
pin_num 2
52 7 0
33 9 0
Net_id 104
pin_num 2
25 49 0
11 53 0
Net_id 105
pin_num 2
43 16 0
34 6 0
Net_id 106
pin_num 2
47 56 0
59 52 0
Net_id 107
pin_num 2
17 32 0
1 18 0
Net_id 108
pin_num 2
54 8 0
49 8 0
Net_id 109
pin_num 2
17 19 0
2 28 0
Net_id 110
pin_num 2
11 7 0
24 24 0
Net_id 111
pin_num 2
56 31 0
54 20 0
Net_id 112
pin_num 2
50 46 0
55 52 0
Net_id 113
pin_num 2
3 11 0
15 3 0
Net_id 114
pin_num 2
30 55 0
15 58 0
Net_id 115
pin_num 2
19 29 0
55 3 0
Net_id 116
pin_num 2
43 54 0
50 59 0
Net_id 117
pin_num 2
3 16 0
25 27 0
Net_id 118
pin_num 2
17 18 0
4 47 0
Net_id 119
pin_num 2
53 37 0
57 22 0
Net_id 120
pin_num 2
26 23 0
7 4 0
Net_id 121
pin_num 2
15 56 0
33 33 0
Net_id 122
pin_num 2
33 2 0
53 1 0
Net_id 123
pin_num 2
56 50 0
43 47 0
Net_id 124
pin_num 2
52 39 0
49 30 0
Net_id 125
pin_num 2
15 53 0
8 57 0
Net_id 126
pin_num 2
42 44 0
59 45 0
Net_id 127
pin_num 2
56 12 0
58 4 0
Net_id 128
pin_num 2
35 50 0
41 48 0
Net_id 129
pin_num 2
9 7 0
10 25 0
Net_id 130
pin_num 2
46 36 0
51 47 0
Net_id 131
pin_num 2
19 24 0
10 36 0
Net_id 132
pin_num 2
53 43 0
58 41 0
Net_id 133
pin_num 2
45 5 0
39 6 0
Net_id 134
pin_num 2
41 12 0
44 19 0
Net_id 135
pin_num 2
38 4 0
55 2 0
Net_id 136
pin_num 2
51 13 0
55 11 0
Net_id 137
pin_num 2
29 1 0
38 7 0
Net_id 138
pin_num 2
19 17 0
41 8 0
Net_id 139
pin_num 2
43 27 0
58 32 0
Net_id 140
pin_num 2
26 54 0
55 51 0
Net_id 141
pin_num 2
51 2 0
48 5 0
Net_id 142
pin_num 2
19 3 0
9 10 0
Net_id 143
pin_num 2
4 21 0
25 32 0
Net_id 144
pin_num 2
8 48 0
26 32 0
Net_id 145
pin_num 2
5 56 0
2 55 0
Net_id 146
pin_num 2
13 42 0
41 10 0
Net_id 147
pin_num 2
51 45 0
41 47 0
Net_id 148
pin_num 2
6 19 0
2 2 0
Net_id 149
pin_num 2
58 40 0
40 30 0
Net_id 150
pin_num 2
39 27 0
48 33 0
Net_id 151
pin_num 2
8 52 0
11 49 0
Net_id 152
pin_num 2
44 18 0
55 18 0
Net_id 153
pin_num 2
28 7 0
25 21 0
Net_id 154
pin_num 2
39 44 0
40 38 0
Net_id 155
pin_num 2
0 50 0
11 55 0
Net_id 156
pin_num 2
16 16 0
3 10 0
Net_id 157
pin_num 2
27 57 0
20 52 0
