Width 60
Height 60
Layer 6
Total_WL 6629
Obstacle_num 144
7 42 0 16 43 0
39 11 0 47 12 0
31 2 0 37 3 0
14 43 0 20 44 0
10 2 0 16 3 0
0 52 0 4 53 0
20 16 0 28 17 0
54 11 0 57 12 0
1 2 0 8 3 0
2 13 0 8 14 0
16 42 0 21 43 0
11 23 0 20 24 0
2 5 0 7 6 0
20 15 0 27 16 0
25 52 0 29 53 0
6 55 0 16 56 0
44 26 0 48 27 0
33 18 0 40 19 0
7 19 0 15 20 0
38 24 0 46 25 0
37 22 0 47 23 0
18 55 0 24 56 0
18 31 0 28 32 0
51 58 0 56 59 0
56 11 1 57 18 1
19 6 1 20 13 1
8 14 1 9 17 1
18 15 1 19 18 1
2 15 1 3 18 1
24 20 1 25 25 1
35 31 1 36 35 1
25 12 1 26 21 1
14 22 1 15 25 1
35 15 1 36 24 1
22 6 1 23 11 1
35 39 1 36 49 1
9 19 1 10 23 1
20 40 1 21 44 1
0 32 1 1 35 1
46 22 1 47 28 1
43 5 1 44 14 1
10 42 1 11 52 1
1 0 1 2 3 1
3 23 1 4 27 1
14 38 1 15 42 1
33 18 1 34 22 1
7 27 1 8 37 1
55 16 1 56 25 1
17 56 2 24 57 2
48 48 2 51 49 2
11 46 2 15 47 2
33 50 2 36 51 2
35 9 2 39 10 2
25 26 2 28 27 2
12 55 2 18 56 2
4 18 2 12 19 2
37 20 2 47 21 2
41 50 2 49 51 2
9 9 2 16 10 2
47 36 2 52 37 2
47 2 2 50 3 2
32 43 2 36 44 2
47 4 2 52 5 2
1 42 2 10 43 2
24 20 2 33 21 2
44 47 2 48 48 2
30 47 2 37 48 2
1 29 2 5 30 2
0 32 2 5 33 2
48 54 2 57 55 2
1 57 2 8 58 2
21 46 2 28 47 2
14 0 3 15 9 3
9 50 3 10 57 3
35 8 3 36 16 3
41 26 3 42 35 3
40 15 3 41 18 3
42 7 3 43 17 3
50 20 3 51 26 3
24 27 3 25 33 3
29 9 3 30 15 3
32 34 3 33 38 3
21 30 3 22 35 3
34 13 3 35 23 3
57 19 3 58 28 3
53 22 3 54 27 3
45 8 3 46 11 3
17 18 3 18 25 3
38 45 3 39 52 3
1 45 3 2 54 3
57 54 3 58 59 3
23 15 3 24 23 3
45 50 3 46 59 3
15 36 3 16 41 3
4 51 3 5 59 3
0 7 3 1 17 3
44 15 4 51 16 4
5 58 4 8 59 4
47 39 4 54 40 4
17 12 4 23 13 4
27 27 4 32 28 4
50 7 4 59 8 4
50 49 4 58 50 4
8 2 4 12 3 4
38 37 4 41 38 4
26 8 4 35 9 4
7 30 4 10 31 4
47 44 4 57 45 4
31 22 4 34 23 4
44 41 4 50 42 4
20 2 4 30 3 4
35 58 4 39 59 4
37 13 4 41 14 4
26 53 4 29 54 4
21 56 4 29 57 4
22 33 4 25 34 4
32 36 4 35 37 4
35 54 4 38 55 4
6 56 4 12 57 4
39 57 4 47 58 4
10 10 5 11 19 5
39 14 5 40 19 5
47 43 5 48 47 5
13 5 5 14 10 5
2 27 5 3 36 5
8 6 5 9 15 5
48 46 5 49 56 5
41 7 5 42 16 5
7 52 5 8 58 5
15 44 5 16 51 5
14 18 5 15 26 5
27 28 5 28 35 5
42 8 5 43 15 5
53 48 5 54 52 5
43 21 5 44 30 5
21 41 5 22 50 5
37 33 5 38 41 5
16 50 5 17 56 5
14 37 5 15 42 5
56 20 5 57 29 5
55 49 5 56 57 5
25 10 5 26 14 5
55 5 5 56 13 5
14 45 5 15 54 5
Net_num 163
Net_id 0
pin_num 5
28 23 0
11 22 0
35 22 0
34 28 0
30 19 0
Net_id 1
pin_num 5
53 57 0
47 57 0
49 40 0
30 42 0
40 57 0
Net_id 2
pin_num 5
43 51 0
36 49 0
26 59 0
24 50 0
27 55 0
Net_id 3
pin_num 5
39 4 0
18 4 0
19 4 0
23 0 0
27 13 0
Net_id 4
pin_num 5
10 50 0
4 37 0
0 55 0
4 30 0
0 43 0
Net_id 5
pin_num 5
9 5 0
3 10 0
0 8 0
2 18 0
26 5 0
Net_id 6
pin_num 5
40 56 0
50 47 0
50 51 0
59 59 0
44 58 0
Net_id 7
pin_num 5
42 37 0
26 35 0
30 32 0
38 32 0
31 52 0
Net_id 8
pin_num 5
33 29 0
31 29 0
12 29 0
32 11 0
36 27 0
Net_id 9
pin_num 5
4 3 0
1 14 0
8 13 0
1 33 0
7 8 0
Net_id 10
pin_num 5
13 40 0
1 40 0
12 34 0
2 42 0
7 53 0
Net_id 11
pin_num 5
17 0 0
19 17 0
34 10 0
34 0 0
0 14 0
Net_id 12
pin_num 5
16 17 0
18 14 0
18 7 0
18 1 0
35 1 0
Net_id 13
pin_num 5
40 49 0
33 39 0
47 42 0
59 39 0
55 51 0
Net_id 14
pin_num 5
22 59 0
26 58 0
2 58 0
5 52 0
25 36 0
Net_id 15
pin_num 5
59 20 0
51 27 0
36 22 0
42 27 0
51 12 0
Net_id 16
pin_num 5
2 19 0
6 19 0
1 22 0
0 35 0
9 15 0
Net_id 17
pin_num 5
15 41 0
17 34 0
1 37 0
2 41 0
15 33 0
Net_id 18
pin_num 5
45 25 0
40 18 0
41 36 0
44 23 0
50 30 0
Net_id 19
pin_num 4
50 56 0
53 59 0
44 56 0
52 41 0
Net_id 20
pin_num 4
31 8 0
29 0 0
39 2 0
19 0 0
Net_id 21
pin_num 4
32 38 0
34 48 0
47 48 0
44 41 0
Net_id 22
pin_num 4
49 27 0
43 26 0
47 14 0
21 17 0
Net_id 23
pin_num 4
11 57 0
3 59 0
5 55 0
1 56 0
Net_id 24
pin_num 4
49 18 0
34 16 0
34 1 0
55 3 0
Net_id 25
pin_num 4
30 24 0
31 14 0
38 38 0
17 28 0
Net_id 26
pin_num 4
32 26 0
42 23 0
39 21 0
57 24 0
Net_id 27
pin_num 4
46 33 0
58 26 0
34 30 0
59 23 0
Net_id 28
pin_num 4
36 13 0
31 9 0
33 1 0
9 11 0
Net_id 29
pin_num 4
0 29 0
10 30 0
3 44 0
2 22 0
Net_id 30
pin_num 4
27 40 0
14 45 0
41 40 0
20 30 0
Net_id 31
pin_num 4
35 8 0
41 0 0
44 6 0
14 3 0
Net_id 32
pin_num 4
23 1 0
36 10 0
37 1 0
32 21 0
Net_id 33
pin_num 4
16 58 0
6 56 0
4 51 0
4 39 0
Net_id 34
pin_num 4
15 8 0
28 5 0
3 0 0
11 3 0
Net_id 35
pin_num 4
11 16 0
19 14 0
13 8 0
11 0 0
Net_id 36
pin_num 4
33 33 0
29 26 0
33 48 0
17 31 0
Net_id 37
pin_num 4
51 34 0
59 33 0
53 52 0
44 45 0
Net_id 38
pin_num 3
11 56 0
26 48 0
25 26 0
Net_id 39
pin_num 3
35 50 0
27 58 0
59 51 0
Net_id 40
pin_num 3
32 33 0
18 37 0
39 32 0
Net_id 41
pin_num 3
58 18 0
51 1 0
21 6 0
Net_id 42
pin_num 3
22 18 0
22 13 0
26 2 0
Net_id 43
pin_num 3
7 31 0
11 33 0
22 37 0
Net_id 44
pin_num 3
20 34 0
13 43 0
18 18 0
Net_id 45
pin_num 3
14 21 0
23 6 0
19 26 0
Net_id 46
pin_num 3
41 46 0
29 53 0
12 54 0
Net_id 47
pin_num 3
29 58 0
41 55 0
53 56 0
Net_id 48
pin_num 3
8 47 0
1 58 0
0 49 0
Net_id 49
pin_num 3
50 59 0
54 45 0
40 53 0
Net_id 50
pin_num 3
0 31 0
5 28 0
6 32 0
Net_id 51
pin_num 3
36 52 0
45 52 0
27 43 0
Net_id 52
pin_num 3
21 54 0
26 37 0
16 52 0
Net_id 53
pin_num 3
14 53 0
21 57 0
3 56 0
Net_id 54
pin_num 3
36 34 0
47 52 0
43 37 0
Net_id 55
pin_num 3
43 13 0
23 8 0
29 5 0
Net_id 56
pin_num 3
47 29 0
56 38 0
52 22 0
Net_id 57
pin_num 3
44 55 0
54 52 0
59 55 0
Net_id 58
pin_num 3
48 14 0
50 2 0
33 6 0
Net_id 59
pin_num 3
19 12 0
35 30 0
33 16 0
Net_id 60
pin_num 3
5 8 0
13 1 0
10 10 0
Net_id 61
pin_num 3
9 17 0
15 30 0
28 11 0
Net_id 62
pin_num 3
44 49 0
59 47 0
39 53 0
Net_id 63
pin_num 3
16 1 0
4 6 0
40 4 0
Net_id 64
pin_num 3
31 23 0
39 1 0
43 3 0
Net_id 65
pin_num 3
40 28 0
51 39 0
47 12 0
Net_id 66
pin_num 3
46 9 0
35 11 0
36 46 0
Net_id 67
pin_num 3
59 24 0
52 20 0
54 0 0
Net_id 68
pin_num 3
24 43 0
21 34 0
56 58 0
Net_id 69
pin_num 3
11 44 0
3 46 0
8 37 0
Net_id 70
pin_num 3
48 48 0
55 57 0
57 48 0
Net_id 71
pin_num 3
42 4 0
53 0 0
50 1 0
Net_id 72
pin_num 3
9 27 0
17 44 0
45 41 0
Net_id 73
pin_num 3
54 6 0
52 2 0
53 4 0
Net_id 74
pin_num 3
54 21 0
56 22 0
58 1 0
Net_id 75
pin_num 3
49 11 0
53 8 0
59 9 0
Net_id 76
pin_num 3
46 40 0
59 19 0
28 19 0
Net_id 77
pin_num 3
32 45 0
40 47 0
18 46 0
Net_id 78
pin_num 2
41 8 0
51 7 0
Net_id 79
pin_num 2
32 41 0
23 54 0
Net_id 80
pin_num 2
38 15 0
38 10 0
Net_id 81
pin_num 2
29 29 0
34 33 0
Net_id 82
pin_num 2
36 36 0
54 47 0
Net_id 83
pin_num 2
16 26 0
14 26 0
Net_id 84
pin_num 2
52 13 0
56 6 0
Net_id 85
pin_num 2
21 0 0
28 7 0
Net_id 86
pin_num 2
51 41 0
43 47 0
Net_id 87
pin_num 2
10 34 0
4 34 0
Net_id 88
pin_num 2
36 21 0
54 32 0
Net_id 89
pin_num 2
9 25 0
22 42 0
Net_id 90
pin_num 2
17 18 0
6 30 0
Net_id 91
pin_num 2
11 35 0
3 53 0
Net_id 92
pin_num 2
37 14 0
55 26 0
Net_id 93
pin_num 2
5 31 0
4 26 0
Net_id 94
pin_num 2
58 7 0
56 7 0
Net_id 95
pin_num 2
6 46 0
14 46 0
Net_id 96
pin_num 2
57 31 0
54 46 0
Net_id 97
pin_num 2
48 32 0
40 32 0
Net_id 98
pin_num 2
14 13 0
5 16 0
Net_id 99
pin_num 2
29 16 0
27 18 0
Net_id 100
pin_num 2
41 12 0
51 10 0
Net_id 101
pin_num 2
42 33 0
52 15 0
Net_id 102
pin_num 2
15 35 0
4 14 0
Net_id 103
pin_num 2
58 3 0
38 7 0
Net_id 104
pin_num 2
13 36 0
29 54 0
Net_id 105
pin_num 2
20 47 0
18 51 0
Net_id 106
pin_num 2
55 2 0
50 16 0
Net_id 107
pin_num 2
22 26 0
16 39 0
Net_id 108
pin_num 2
30 51 0
42 40 0
Net_id 109
pin_num 2
1 15 0
10 20 0
Net_id 110
pin_num 2
4 42 0
6 48 0
Net_id 111
pin_num 2
24 24 0
18 24 0
Net_id 112
pin_num 2
2 47 0
28 58 0
Net_id 113
pin_num 2
6 0 0
21 9 0
Net_id 114
pin_num 2
5 7 0
16 10 0
Net_id 115
pin_num 2
8 33 0
5 11 0
Net_id 116
pin_num 2
19 13 0
3 1 0
Net_id 117
pin_num 2
28 42 0
24 42 0
Net_id 118
pin_num 2
27 39 0
22 39 0
Net_id 119
pin_num 2
0 27 0
9 14 0
Net_id 120
pin_num 2
26 18 0
19 38 0
Net_id 121
pin_num 2
32 36 0
38 45 0
Net_id 122
pin_num 2
17 2 0
0 12 0
Net_id 123
pin_num 2
33 43 0
57 43 0
Net_id 124
pin_num 2
11 51 0
24 57 0
Net_id 125
pin_num 2
8 43 0
23 40 0
Net_id 126
pin_num 2
47 19 0
20 17 0
Net_id 127
pin_num 2
0 48 0
14 28 0
Net_id 128
pin_num 2
8 27 0
9 23 0
Net_id 129
pin_num 2
19 18 0
23 27 0
Net_id 130
pin_num 2
35 54 0
29 55 0
Net_id 131
pin_num 2
15 31 0
19 39 0
Net_id 132
pin_num 2
3 11 0
1 8 0
Net_id 133
pin_num 2
43 44 0
43 40 0
Net_id 134
pin_num 2
17 58 0
25 51 0
Net_id 135
pin_num 2
32 42 0
41 47 0
Net_id 136
pin_num 2
19 35 0
16 38 0
Net_id 137
pin_num 2
32 54 0
29 52 0
Net_id 138
pin_num 2
8 26 0
33 15 0
Net_id 139
pin_num 2
51 9 0
57 9 0
Net_id 140
pin_num 2
50 25 0
48 24 0
Net_id 141
pin_num 2
42 36 0
56 26 0
Net_id 142
pin_num 2
30 6 0
25 9 0
Net_id 143
pin_num 2
13 45 0
1 54 0
Net_id 144
pin_num 2
47 46 0
55 56 0
Net_id 145
pin_num 2
27 26 0
5 0 0
Net_id 146
pin_num 2
30 55 0
43 38 0
Net_id 147
pin_num 2
21 43 0
15 52 0
Net_id 148
pin_num 2
56 47 0
56 30 0
Net_id 149
pin_num 2
5 20 0
14 34 0
Net_id 150
pin_num 2
29 49 0
13 37 0
Net_id 151
pin_num 2
5 51 0
12 57 0
Net_id 152
pin_num 2
16 19 0
1 39 0
Net_id 153
pin_num 2
45 1 0
48 26 0
Net_id 154
pin_num 2
50 14 0
58 25 0
Net_id 155
pin_num 2
3 17 0
4 33 0
Net_id 156
pin_num 2
38 57 0
41 59 0
Net_id 157
pin_num 2
32 35 0
38 30 0
Net_id 158
pin_num 2
26 24 0
13 32 0
Net_id 159
pin_num 2
0 37 0
22 19 0
Net_id 160
pin_num 2
58 45 0
56 48 0
Net_id 161
pin_num 2
22 48 0
32 15 0
Net_id 162
pin_num 2
0 13 0
4 12 0
