Width 60
Height 60
Layer 6
Total_WL 7225
Obstacle_num 144
50 43 0 56 44 0
21 16 0 30 17 0
9 56 0 17 57 0
7 43 0 17 44 0
15 21 0 23 22 0
17 54 0 22 55 0
18 15 0 28 16 0
21 27 0 28 28 0
46 30 0 54 31 0
8 7 0 18 8 0
5 27 0 14 28 0
31 55 0 41 56 0
31 47 0 39 48 0
9 12 0 16 13 0
33 30 0 37 31 0
34 35 0 44 36 0
39 23 0 47 24 0
43 58 0 46 59 0
33 29 0 37 30 0
12 44 0 19 45 0
46 10 0 56 11 0
39 24 0 45 25 0
29 44 0 39 45 0
22 50 0 32 51 0
12 25 1 13 29 1
36 37 1 37 40 1
5 18 1 6 22 1
40 28 1 41 33 1
19 31 1 20 36 1
40 16 1 41 23 1
37 4 1 38 13 1
12 6 1 13 12 1
52 28 1 53 31 1
1 3 1 2 6 1
46 28 1 47 34 1
50 16 1 51 25 1
47 26 1 48 35 1
0 45 1 1 54 1
9 48 1 10 52 1
16 18 1 17 24 1
39 5 1 40 15 1
37 28 1 38 36 1
44 23 1 45 33 1
20 11 1 21 18 1
13 10 1 14 20 1
47 7 1 48 14 1
26 30 1 27 40 1
54 18 1 55 28 1
41 13 2 51 14 2
42 22 2 49 23 2
22 39 2 31 40 2
34 44 2 38 45 2
46 41 2 49 42 2
27 28 2 32 29 2
52 42 2 57 43 2
9 7 2 13 8 2
37 12 2 44 13 2
13 31 2 19 32 2
12 6 2 17 7 2
47 56 2 51 57 2
14 10 2 24 11 2
22 41 2 27 42 2
52 48 2 58 49 2
10 44 2 16 45 2
20 43 2 23 44 2
43 11 2 47 12 2
34 31 2 37 32 2
22 5 2 26 6 2
7 35 2 10 36 2
23 22 2 26 23 2
34 24 2 37 25 2
40 43 2 48 44 2
29 2 3 30 8 3
3 3 3 4 8 3
50 31 3 51 41 3
46 40 3 47 45 3
26 35 3 27 38 3
18 0 3 19 3 3
18 52 3 19 58 3
53 34 3 54 41 3
53 41 3 54 50 3
34 13 3 35 21 3
41 13 3 42 18 3
25 11 3 26 21 3
44 44 3 45 48 3
28 49 3 29 58 3
2 13 3 3 19 3
43 55 3 44 58 3
10 38 3 11 47 3
9 37 3 10 47 3
16 21 3 17 27 3
4 18 3 5 28 3
9 24 3 10 27 3
11 9 3 12 15 3
30 17 3 31 27 3
24 53 3 25 56 3
27 0 4 37 1 4
37 37 4 42 38 4
15 52 4 23 53 4
54 51 4 58 52 4
17 27 4 26 28 4
21 55 4 29 56 4
33 1 4 40 2 4
11 31 4 20 32 4
52 44 4 56 45 4
0 35 4 4 36 4
6 53 4 14 54 4
10 20 4 19 21 4
19 18 4 26 19 4
1 52 4 6 53 4
10 19 4 18 20 4
23 50 4 33 51 4
7 38 4 12 39 4
18 10 4 27 11 4
45 4 4 55 5 4
43 16 4 49 17 4
41 3 4 49 4 4
35 39 4 44 40 4
14 14 4 20 15 4
30 17 4 40 18 4
57 47 5 58 50 5
39 21 5 40 29 5
45 21 5 46 25 5
50 22 5 51 27 5
2 13 5 3 22 5
49 19 5 50 25 5
12 47 5 13 57 5
34 31 5 35 38 5
18 7 5 19 11 5
43 7 5 44 15 5
46 19 5 47 22 5
28 42 5 29 50 5
36 25 5 37 29 5
14 4 5 15 7 5
11 10 5 12 13 5
18 28 5 19 38 5
42 31 5 43 37 5
44 47 5 45 52 5
4 49 5 5 58 5
17 37 5 18 47 5
24 46 5 25 50 5
39 1 5 40 9 5
17 32 5 18 37 5
40 48 5 41 57 5
Net_num 164
Net_id 0
pin_num 5
19 16 0
29 6 0
40 7 0
27 32 0
22 0 0
Net_id 1
pin_num 5
12 5 0
21 2 0
39 5 0
0 2 0
25 7 0
Net_id 2
pin_num 5
1 21 0
14 23 0
3 8 0
11 28 0
26 12 0
Net_id 3
pin_num 5
3 42 0
12 47 0
6 45 0
21 45 0
1 31 0
Net_id 4
pin_num 5
1 46 0
7 48 0
16 59 0
11 42 0
11 37 0
Net_id 5
pin_num 5
16 28 0
16 33 0
24 31 0
2 40 0
6 24 0
Net_id 6
pin_num 5
14 27 0
18 37 0
18 43 0
21 28 0
28 38 0
Net_id 7
pin_num 5
16 13 0
23 13 0
22 24 0
22 28 0
22 51 0
Net_id 8
pin_num 5
24 34 0
27 33 0
18 34 0
24 42 0
21 50 0
Net_id 9
pin_num 5
40 11 0
35 11 0
54 11 0
49 0 0
30 2 0
Net_id 10
pin_num 5
46 1 0
33 1 0
30 0 0
45 10 0
23 1 0
Net_id 11
pin_num 5
19 33 0
28 27 0
25 12 0
30 31 0
9 16 0
Net_id 12
pin_num 5
11 17 0
0 12 0
16 15 0
3 36 0
3 1 0
Net_id 13
pin_num 5
53 52 0
59 43 0
47 47 0
57 54 0
40 50 0
Net_id 14
pin_num 5
56 28 0
59 18 0
59 31 0
45 18 0
42 27 0
Net_id 15
pin_num 5
27 40 0
22 40 0
26 59 0
30 51 0
36 42 0
Net_id 16
pin_num 5
26 11 0
21 0 0
47 5 0
42 25 0
32 13 0
Net_id 17
pin_num 5
11 2 0
19 0 0
11 0 0
9 9 0
10 11 0
Net_id 18
pin_num 5
33 9 0
39 9 0
48 1 0
37 13 0
29 1 0
Net_id 19
pin_num 5
4 12 0
1 15 0
8 14 0
4 9 0
0 31 0
Net_id 20
pin_num 5
18 28 0
25 38 0
27 51 0
49 48 0
29 59 0
Net_id 21
pin_num 5
0 48 0
6 47 0
0 58 0
10 58 0
1 45 0
Net_id 22
pin_num 4
23 12 0
35 14 0
34 31 0
21 17 0
Net_id 23
pin_num 4
33 22 0
41 25 0
33 23 0
41 16 0
Net_id 24
pin_num 4
36 12 0
28 10 0
29 26 0
7 13 0
Net_id 25
pin_num 4
21 32 0
14 32 0
24 26 0
8 26 0
Net_id 26
pin_num 4
51 56 0
32 54 0
16 54 0
39 32 0
Net_id 27
pin_num 4
51 3 0
36 3 0
55 6 0
59 4 0
Net_id 28
pin_num 4
50 33 0
58 42 0
55 26 0
52 32 0
Net_id 29
pin_num 4
24 6 0
18 8 0
17 15 0
30 1 0
Net_id 30
pin_num 4
55 22 0
59 15 0
51 17 0
37 19 0
Net_id 31
pin_num 4
5 34 0
9 41 0
0 41 0
2 28 0
Net_id 32
pin_num 4
46 28 0
36 28 0
38 15 0
55 24 0
Net_id 33
pin_num 4
59 14 0
37 14 0
48 21 0
39 18 0
Net_id 34
pin_num 4
40 39 0
23 42 0
25 59 0
4 42 0
Net_id 35
pin_num 4
45 57 0
55 59 0
44 59 0
51 36 0
Net_id 36
pin_num 4
58 57 0
52 58 0
56 40 0
43 59 0
Net_id 37
pin_num 4
40 9 0
59 9 0
50 15 0
46 13 0
Net_id 38
pin_num 4
8 19 0
4 16 0
6 18 0
4 34 0
Net_id 39
pin_num 4
25 24 0
21 25 0
0 25 0
0 35 0
Net_id 40
pin_num 4
14 17 0
10 29 0
0 23 0
7 22 0
Net_id 41
pin_num 4
57 12 0
48 8 0
44 18 0
56 20 0
Net_id 42
pin_num 4
22 57 0
18 52 0
30 56 0
32 52 0
Net_id 43
pin_num 3
22 12 0
10 23 0
23 4 0
Net_id 44
pin_num 3
46 42 0
31 39 0
40 52 0
Net_id 45
pin_num 3
44 34 0
51 29 0
30 34 0
Net_id 46
pin_num 3
21 20 0
10 34 0
50 29 0
Net_id 47
pin_num 3
33 11 0
35 17 0
26 17 0
Net_id 48
pin_num 3
20 28 0
18 24 0
31 24 0
Net_id 49
pin_num 3
0 3 0
7 16 0
13 1 0
Net_id 50
pin_num 3
38 4 0
30 6 0
51 6 0
Net_id 51
pin_num 3
31 43 0
38 38 0
39 56 0
Net_id 52
pin_num 3
29 42 0
20 41 0
23 58 0
Net_id 53
pin_num 3
31 42 0
37 38 0
54 51 0
Net_id 54
pin_num 3
17 41 0
0 33 0
9 28 0
Net_id 55
pin_num 3
33 35 0
29 32 0
45 51 0
Net_id 56
pin_num 3
16 42 0
8 57 0
2 27 0
Net_id 57
pin_num 3
17 4 0
22 8 0
17 3 0
Net_id 58
pin_num 3
7 55 0
10 37 0
2 57 0
Net_id 59
pin_num 3
15 48 0
11 32 0
15 58 0
Net_id 60
pin_num 3
40 30 0
45 26 0
32 26 0
Net_id 61
pin_num 3
5 32 0
18 49 0
12 57 0
Net_id 62
pin_num 3
6 59 0
1 43 0
11 30 0
Net_id 63
pin_num 3
6 54 0
9 23 0
15 47 0
Net_id 64
pin_num 3
26 22 0
32 21 0
28 3 0
Net_id 65
pin_num 3
3 9 0
7 0 0
10 36 0
Net_id 66
pin_num 3
12 49 0
2 53 0
27 56 0
Net_id 67
pin_num 3
3 30 0
11 18 0
14 1 0
Net_id 68
pin_num 3
48 55 0
59 56 0
51 35 0
Net_id 69
pin_num 3
21 7 0
17 8 0
0 18 0
Net_id 70
pin_num 3
24 56 0
37 59 0
30 30 0
Net_id 71
pin_num 3
46 22 0
57 29 0
29 30 0
Net_id 72
pin_num 3
32 49 0
33 40 0
33 15 0
Net_id 73
pin_num 3
52 20 0
54 12 0
23 20 0
Net_id 74
pin_num 3
27 41 0
33 49 0
32 16 0
Net_id 75
pin_num 3
17 1 0
23 19 0
59 13 0
Net_id 76
pin_num 3
39 53 0
19 57 0
22 11 0
Net_id 77
pin_num 3
36 7 0
29 18 0
47 0 0
Net_id 78
pin_num 3
35 54 0
29 56 0
53 58 0
Net_id 79
pin_num 3
5 13 0
0 37 0
16 17 0
Net_id 80
pin_num 3
6 2 0
7 18 0
9 11 0
Net_id 81
pin_num 3
20 52 0
21 58 0
33 36 0
Net_id 82
pin_num 3
33 45 0
34 40 0
34 52 0
Net_id 83
pin_num 3
51 23 0
49 13 0
43 39 0
Net_id 84
pin_num 3
22 3 0
8 0 0
13 22 0
Net_id 85
pin_num 2
59 21 0
56 25 0
Net_id 86
pin_num 2
43 44 0
20 35 0
Net_id 87
pin_num 2
37 37 0
23 3 0
Net_id 88
pin_num 2
23 22 0
30 3 0
Net_id 89
pin_num 2
28 8 0
44 15 0
Net_id 90
pin_num 2
23 21 0
52 8 0
Net_id 91
pin_num 2
16 55 0
3 39 0
Net_id 92
pin_num 2
38 17 0
32 30 0
Net_id 93
pin_num 2
6 37 0
12 30 0
Net_id 94
pin_num 2
54 24 0
38 32 0
Net_id 95
pin_num 2
58 39 0
58 35 0
Net_id 96
pin_num 2
20 53 0
31 54 0
Net_id 97
pin_num 2
38 46 0
54 39 0
Net_id 98
pin_num 2
39 47 0
45 49 0
Net_id 99
pin_num 2
25 44 0
30 45 0
Net_id 100
pin_num 2
28 29 0
10 15 0
Net_id 101
pin_num 2
36 32 0
15 8 0
Net_id 102
pin_num 2
42 29 0
51 8 0
Net_id 103
pin_num 2
38 7 0
52 3 0
Net_id 104
pin_num 2
30 49 0
20 37 0
Net_id 105
pin_num 2
17 46 0
25 47 0
Net_id 106
pin_num 2
18 48 0
5 33 0
Net_id 107
pin_num 2
54 26 0
47 26 0
Net_id 108
pin_num 2
2 4 0
19 17 0
Net_id 109
pin_num 2
12 38 0
2 45 0
Net_id 110
pin_num 2
3 24 0
18 27 0
Net_id 111
pin_num 2
59 42 0
49 36 0
Net_id 112
pin_num 2
51 46 0
41 31 0
Net_id 113
pin_num 2
30 21 0
49 12 0
Net_id 114
pin_num 2
8 23 0
20 46 0
Net_id 115
pin_num 2
32 59 0
30 58 0
Net_id 116
pin_num 2
9 50 0
25 51 0
Net_id 117
pin_num 2
55 53 0
49 53 0
Net_id 118
pin_num 2
39 21 0
36 16 0
Net_id 119
pin_num 2
19 42 0
38 51 0
Net_id 120
pin_num 2
53 37 0
42 33 0
Net_id 121
pin_num 2
39 50 0
6 57 0
Net_id 122
pin_num 2
57 46 0
57 58 0
Net_id 123
pin_num 2
6 48 0
5 35 0
Net_id 124
pin_num 2
50 52 0
44 36 0
Net_id 125
pin_num 2
52 52 0
52 45 0
Net_id 126
pin_num 2
21 37 0
44 35 0
Net_id 127
pin_num 2
54 21 0
45 25 0
Net_id 128
pin_num 2
37 52 0
41 54 0
Net_id 129
pin_num 2
47 35 0
31 11 0
Net_id 130
pin_num 2
58 54 0
44 57 0
Net_id 131
pin_num 2
47 18 0
41 4 0
Net_id 132
pin_num 2
47 38 0
51 38 0
Net_id 133
pin_num 2
55 49 0
36 41 0
Net_id 134
pin_num 2
40 4 0
20 8 0
Net_id 135
pin_num 2
41 45 0
47 45 0
Net_id 136
pin_num 2
6 58 0
19 59 0
Net_id 137
pin_num 2
54 16 0
55 20 0
Net_id 138
pin_num 2
40 31 0
29 38 0
Net_id 139
pin_num 2
31 38 0
44 33 0
Net_id 140
pin_num 2
57 57 0
37 45 0
Net_id 141
pin_num 2
3 57 0
13 47 0
Net_id 142
pin_num 2
16 48 0
6 14 0
Net_id 143
pin_num 2
16 36 0
5 53 0
Net_id 144
pin_num 2
28 6 0
8 9 0
Net_id 145
pin_num 2
55 23 0
51 16 0
Net_id 146
pin_num 2
25 2 0
32 24 0
Net_id 147
pin_num 2
47 13 0
57 8 0
Net_id 148
pin_num 2
23 23 0
40 33 0
Net_id 149
pin_num 2
51 47 0
40 56 0
Net_id 150
pin_num 2
9 19 0
12 20 0
Net_id 151
pin_num 2
7 39 0
13 35 0
Net_id 152
pin_num 2
29 14 0
42 0 0
Net_id 153
pin_num 2
19 48 0
29 52 0
Net_id 154
pin_num 2
36 43 0
24 58 0
Net_id 155
pin_num 2
33 52 0
59 53 0
Net_id 156
pin_num 2
34 56 0
25 36 0
Net_id 157
pin_num 2
14 4 0
11 5 0
Net_id 158
pin_num 2
29 46 0
35 57 0
Net_id 159
pin_num 2
50 44 0
35 51 0
Net_id 160
pin_num 2
46 54 0
41 46 0
Net_id 161
pin_num 2
58 38 0
56 37 0
Net_id 162
pin_num 2
32 3 0
45 21 0
Net_id 163
pin_num 2
45 55 0
41 55 0
