Width 60
Height 60
Layer 6
Total_WL 6705
Obstacle_num 144
39 58 0 47 59 0
35 50 0 45 51 0
36 36 0 42 37 0
50 24 0 59 25 0
47 40 0 53 41 0
30 35 0 38 36 0
8 9 0 11 10 0
33 18 0 40 19 0
19 6 0 26 7 0
5 39 0 12 40 0
4 41 0 13 42 0
27 43 0 36 44 0
42 44 0 50 45 0
5 22 0 8 23 0
9 17 0 17 18 0
39 10 0 49 11 0
24 50 0 32 51 0
19 34 0 29 35 0
20 22 0 26 23 0
39 39 0 43 40 0
32 27 0 37 28 0
1 23 0 6 24 0
47 46 0 52 47 0
48 39 0 56 40 0
8 12 1 9 19 1
21 33 1 22 40 1
32 6 1 33 15 1
41 21 1 42 28 1
12 44 1 13 49 1
25 31 1 26 37 1
57 49 1 58 59 1
50 24 1 51 29 1
4 52 1 5 58 1
7 3 1 8 8 1
43 43 1 44 53 1
30 46 1 31 55 1
22 16 1 23 22 1
8 38 1 9 43 1
24 24 1 25 31 1
34 47 1 35 52 1
29 7 1 30 13 1
19 2 1 20 9 1
35 26 1 36 30 1
3 46 1 4 56 1
49 24 1 50 27 1
44 39 1 45 47 1
31 44 1 32 54 1
26 29 1 27 39 1
1 25 2 8 26 2
20 5 2 24 6 2
19 6 2 24 7 2
42 53 2 49 54 2
42 44 2 51 45 2
36 43 2 39 44 2
13 43 2 20 44 2
13 49 2 16 50 2
25 11 2 30 12 2
11 56 2 18 57 2
30 40 2 40 41 2
51 20 2 56 21 2
8 35 2 16 36 2
12 48 2 15 49 2
49 5 2 59 6 2
31 27 2 34 28 2
18 55 2 28 56 2
38 11 2 48 12 2
52 53 2 57 54 2
16 39 2 23 40 2
51 25 2 57 26 2
4 55 2 10 56 2
7 39 2 12 40 2
4 8 2 12 9 2
19 23 3 20 27 3
51 41 3 52 49 3
41 1 3 42 9 3
31 0 3 32 5 3
19 50 3 20 54 3
40 2 3 41 9 3
44 12 3 45 21 3
14 3 3 15 11 3
4 33 3 5 36 3
31 46 3 32 49 3
30 27 3 31 36 3
27 23 3 28 26 3
28 14 3 29 18 3
34 27 3 35 36 3
23 52 3 24 55 3
13 15 3 14 22 3
29 51 3 30 58 3
43 31 3 44 39 3
32 17 3 33 23 3
52 46 3 53 55 3
0 20 3 1 23 3
33 8 3 34 16 3
56 9 3 57 16 3
14 19 3 15 27 3
43 38 4 53 39 4
28 7 4 34 8 4
1 45 4 10 46 4
45 53 4 51 54 4
6 26 4 12 27 4
32 22 4 42 23 4
28 55 4 38 56 4
0 38 4 3 39 4
8 20 4 12 21 4
45 34 4 49 35 4
40 14 4 46 15 4
32 49 4 42 50 4
1 51 4 10 52 4
42 10 4 50 11 4
40 9 4 48 10 4
6 35 4 16 36 4
8 52 4 16 53 4
26 25 4 35 26 4
0 22 4 7 23 4
33 1 4 37 2 4
39 3 4 42 4 4
7 49 4 15 50 4
18 19 4 28 20 4
40 35 4 45 36 4
25 50 5 26 55 5
21 49 5 22 54 5
38 15 5 39 19 5
54 14 5 55 20 5
32 48 5 33 54 5
29 18 5 30 25 5
52 30 5 53 36 5
8 5 5 9 13 5
18 30 5 19 35 5
23 28 5 24 37 5
34 49 5 35 59 5
35 33 5 36 43 5
19 33 5 20 37 5
30 10 5 31 16 5
2 30 5 3 34 5
41 25 5 42 30 5
28 33 5 29 41 5
56 20 5 57 26 5
22 5 5 23 12 5
1 9 5 2 13 5
18 23 5 19 26 5
9 39 5 10 43 5
55 17 5 56 27 5
12 1 5 13 8 5
Net_num 157
Net_id 0
pin_num 5
27 42 0
29 38 0
21 40 0
26 40 0
11 40 0
Net_id 1
pin_num 5
30 5 0
35 0 0
36 7 0
47 7 0
18 0 0
Net_id 2
pin_num 5
24 3 0
22 9 0
1 5 0
17 4 0
29 2 0
Net_id 3
pin_num 5
24 20 0
30 20 0
8 20 0
12 36 0
31 29 0
Net_id 4
pin_num 5
41 52 0
48 47 0
57 47 0
32 47 0
52 59 0
Net_id 5
pin_num 5
6 0 0
13 1 0
36 0 0
29 13 0
9 12 0
Net_id 6
pin_num 5
40 41 0
47 41 0
41 46 0
19 41 0
53 41 0
Net_id 7
pin_num 5
17 33 0
11 32 0
25 33 0
0 26 0
22 29 0
Net_id 8
pin_num 5
58 18 0
49 11 0
46 22 0
55 20 0
55 42 0
Net_id 9
pin_num 5
49 18 0
52 16 0
51 6 0
59 3 0
48 20 0
Net_id 10
pin_num 5
37 48 0
41 48 0
40 35 0
52 43 0
59 44 0
Net_id 11
pin_num 5
12 39 0
5 37 0
3 43 0
0 43 0
5 59 0
Net_id 12
pin_num 5
24 39 0
38 39 0
37 59 0
54 41 0
40 59 0
Net_id 13
pin_num 5
35 42 0
43 54 0
38 46 0
52 55 0
30 30 0
Net_id 14
pin_num 5
14 25 0
21 30 0
18 9 0
35 26 0
0 23 0
Net_id 15
pin_num 5
36 1 0
21 3 0
16 2 0
52 1 0
39 11 0
Net_id 16
pin_num 5
40 34 0
43 20 0
54 45 0
45 28 0
46 26 0
Net_id 17
pin_num 5
39 12 0
33 17 0
59 15 0
36 13 0
54 14 0
Net_id 18
pin_num 5
50 30 0
47 48 0
59 42 0
23 39 0
49 50 0
Net_id 19
pin_num 4
41 49 0
33 58 0
21 58 0
33 38 0
Net_id 20
pin_num 4
10 53 0
4 59 0
0 58 0
4 51 0
Net_id 21
pin_num 4
56 3 0
47 2 0
37 2 0
52 6 0
Net_id 22
pin_num 4
2 24 0
10 23 0
1 6 0
0 8 0
Net_id 23
pin_num 4
33 15 0
47 16 0
40 29 0
50 23 0
Net_id 24
pin_num 4
14 53 0
5 50 0
5 53 0
1 49 0
Net_id 25
pin_num 4
6 42 0
14 39 0
13 27 0
0 39 0
Net_id 26
pin_num 4
10 50 0
7 56 0
0 52 0
5 36 0
Net_id 27
pin_num 4
57 33 0
57 19 0
58 9 0
59 2 0
Net_id 28
pin_num 4
8 18 0
14 18 0
5 9 0
5 11 0
Net_id 29
pin_num 4
42 35 0
39 32 0
39 20 0
59 40 0
Net_id 30
pin_num 4
37 31 0
51 31 0
46 34 0
46 38 0
Net_id 31
pin_num 4
16 21 0
26 21 0
32 21 0
19 38 0
Net_id 32
pin_num 4
13 15 0
23 24 0
22 31 0
6 27 0
Net_id 33
pin_num 4
8 38 0
1 43 0
5 46 0
1 35 0
Net_id 34
pin_num 4
38 54 0
52 53 0
14 54 0
16 59 0
Net_id 35
pin_num 4
5 13 0
4 32 0
18 28 0
11 13 0
Net_id 36
pin_num 4
50 15 0
42 19 0
43 0 0
32 18 0
Net_id 37
pin_num 4
19 17 0
28 9 0
41 23 0
20 1 0
Net_id 38
pin_num 4
17 32 0
14 44 0
12 38 0
15 26 0
Net_id 39
pin_num 4
5 20 0
7 16 0
21 8 0
14 23 0
Net_id 40
pin_num 4
37 44 0
35 38 0
35 59 0
18 41 0
Net_id 41
pin_num 3
35 13 0
27 3 0
17 0 0
Net_id 42
pin_num 3
21 47 0
30 55 0
2 54 0
Net_id 43
pin_num 3
36 19 0
25 28 0
4 27 0
Net_id 44
pin_num 3
30 16 0
34 11 0
59 14 0
Net_id 45
pin_num 3
10 46 0
28 37 0
35 48 0
Net_id 46
pin_num 3
38 8 0
33 9 0
57 9 0
Net_id 47
pin_num 3
41 51 0
41 59 0
24 53 0
Net_id 48
pin_num 3
29 36 0
4 20 0
26 48 0
Net_id 49
pin_num 3
15 57 0
10 36 0
42 48 0
Net_id 50
pin_num 3
34 24 0
21 42 0
31 16 0
Net_id 51
pin_num 3
6 12 0
2 12 0
0 7 0
Net_id 52
pin_num 3
21 44 0
32 55 0
24 57 0
Net_id 53
pin_num 3
34 55 0
44 52 0
37 38 0
Net_id 54
pin_num 3
10 10 0
26 11 0
27 2 0
Net_id 55
pin_num 3
15 3 0
23 16 0
29 16 0
Net_id 56
pin_num 3
40 5 0
52 10 0
37 22 0
Net_id 57
pin_num 3
57 42 0
58 25 0
36 30 0
Net_id 58
pin_num 3
59 6 0
50 8 0
51 29 0
Net_id 59
pin_num 3
13 54 0
8 58 0
15 47 0
Net_id 60
pin_num 3
56 4 0
30 18 0
51 19 0
Net_id 61
pin_num 3
53 34 0
57 16 0
57 36 0
Net_id 62
pin_num 3
32 58 0
29 46 0
22 35 0
Net_id 63
pin_num 3
33 28 0
25 30 0
42 26 0
Net_id 64
pin_num 3
39 25 0
34 28 0
59 20 0
Net_id 65
pin_num 3
41 57 0
58 48 0
27 48 0
Net_id 66
pin_num 3
56 2 0
54 7 0
59 7 0
Net_id 67
pin_num 3
1 58 0
42 46 0
40 51 0
Net_id 68
pin_num 3
16 30 0
6 35 0
20 35 0
Net_id 69
pin_num 3
46 40 0
31 37 0
38 20 0
Net_id 70
pin_num 3
42 33 0
56 26 0
50 45 0
Net_id 71
pin_num 3
36 34 0
38 37 0
32 44 0
Net_id 72
pin_num 3
27 27 0
18 35 0
8 11 0
Net_id 73
pin_num 3
7 14 0
39 0 0
16 31 0
Net_id 74
pin_num 3
14 58 0
26 52 0
50 49 0
Net_id 75
pin_num 3
44 38 0
30 17 0
2 13 0
Net_id 76
pin_num 3
10 19 0
35 24 0
49 12 0
Net_id 77
pin_num 3
28 12 0
9 10 0
16 1 0
Net_id 78
pin_num 3
19 50 0
16 52 0
53 55 0
Net_id 79
pin_num 2
47 3 0
31 7 0
Net_id 80
pin_num 2
57 37 0
41 37 0
Net_id 81
pin_num 2
3 47 0
15 42 0
Net_id 82
pin_num 2
56 7 0
44 11 0
Net_id 83
pin_num 2
43 48 0
52 38 0
Net_id 84
pin_num 2
47 26 0
52 13 0
Net_id 85
pin_num 2
5 16 0
3 27 0
Net_id 86
pin_num 2
40 11 0
49 27 0
Net_id 87
pin_num 2
51 23 0
44 27 0
Net_id 88
pin_num 2
52 57 0
44 56 0
Net_id 89
pin_num 2
32 17 0
18 32 0
Net_id 90
pin_num 2
14 16 0
28 32 0
Net_id 91
pin_num 2
2 10 0
10 15 0
Net_id 92
pin_num 2
59 30 0
46 52 0
Net_id 93
pin_num 2
4 4 0
9 6 0
Net_id 94
pin_num 2
35 14 0
42 29 0
Net_id 95
pin_num 2
37 58 0
25 52 0
Net_id 96
pin_num 2
5 40 0
10 47 0
Net_id 97
pin_num 2
11 51 0
17 47 0
Net_id 98
pin_num 2
51 49 0
59 55 0
Net_id 99
pin_num 2
58 12 0
48 2 0
Net_id 100
pin_num 2
27 22 0
37 32 0
Net_id 101
pin_num 2
34 50 0
20 42 0
Net_id 102
pin_num 2
34 51 0
15 56 0
Net_id 103
pin_num 2
13 47 0
32 36 0
Net_id 104
pin_num 2
29 31 0
39 34 0
Net_id 105
pin_num 2
38 0 0
34 16 0
Net_id 106
pin_num 2
39 21 0
29 18 0
Net_id 107
pin_num 2
18 52 0
34 36 0
Net_id 108
pin_num 2
13 57 0
4 57 0
Net_id 109
pin_num 2
23 9 0
28 14 0
Net_id 110
pin_num 2
17 18 0
28 30 0
Net_id 111
pin_num 2
35 11 0
41 12 0
Net_id 112
pin_num 2
30 6 0
31 2 0
Net_id 113
pin_num 2
0 16 0
6 3 0
Net_id 114
pin_num 2
54 11 0
37 27 0
Net_id 115
pin_num 2
19 47 0
25 49 0
Net_id 116
pin_num 2
7 26 0
20 16 0
Net_id 117
pin_num 2
37 33 0
6 14 0
Net_id 118
pin_num 2
24 56 0
47 57 0
Net_id 119
pin_num 2
3 26 0
38 19 0
Net_id 120
pin_num 2
25 58 0
18 37 0
Net_id 121
pin_num 2
15 37 0
47 58 0
Net_id 122
pin_num 2
54 52 0
56 42 0
Net_id 123
pin_num 2
13 0 0
20 11 0
Net_id 124
pin_num 2
1 53 0
24 37 0
Net_id 125
pin_num 2
17 36 0
2 43 0
Net_id 126
pin_num 2
58 51 0
47 50 0
Net_id 127
pin_num 2
8 6 0
4 28 0
Net_id 128
pin_num 2
21 46 0
25 37 0
Net_id 129
pin_num 2
13 23 0
7 44 0
Net_id 130
pin_num 2
40 20 0
44 17 0
Net_id 131
pin_num 2
1 51 0
1 44 0
Net_id 132
pin_num 2
7 48 0
33 36 0
Net_id 133
pin_num 2
25 45 0
23 46 0
Net_id 134
pin_num 2
14 24 0
19 26 0
Net_id 135
pin_num 2
56 21 0
59 22 0
Net_id 136
pin_num 2
0 59 0
17 42 0
Net_id 137
pin_num 2
7 27 0
10 24 0
Net_id 138
pin_num 2
8 1 0
10 6 0
Net_id 139
pin_num 2
23 27 0
10 51 0
Net_id 140
pin_num 2
30 3 0
35 12 0
Net_id 141
pin_num 2
7 35 0
2 26 0
Net_id 142
pin_num 2
44 19 0
35 17 0
Net_id 143
pin_num 2
52 45 0
50 50 0
Net_id 144
pin_num 2
38 22 0
45 23 0
Net_id 145
pin_num 2
40 18 0
58 11 0
Net_id 146
pin_num 2
6 21 0
3 22 0
Net_id 147
pin_num 2
44 36 0
46 24 0
Net_id 148
pin_num 2
3 57 0
0 48 0
Net_id 149
pin_num 2
31 40 0
42 42 0
Net_id 150
pin_num 2
33 11 0
16 4 0
Net_id 151
pin_num 2
27 12 0
13 3 0
Net_id 152
pin_num 2
49 52 0
13 55 0
Net_id 153
pin_num 2
3 1 0
8 10 0
Net_id 154
pin_num 2
51 36 0
47 28 0
Net_id 155
pin_num 2
22 52 0
30 57 0
Net_id 156
pin_num 2
5 48 0
1 56 0
