Width 60
Height 60
Layer 6
Total_WL 6639
Obstacle_num 144
35 28 0 40 29 0
40 58 0 46 59 0
39 10 0 48 11 0
11 46 0 20 47 0
24 8 0 30 9 0
4 54 0 8 55 0
3 6 0 7 7 0
32 57 0 41 58 0
32 34 0 39 35 0
42 46 0 47 47 0
1 24 0 4 25 0
42 21 0 45 22 0
48 44 0 53 45 0
16 50 0 20 51 0
2 53 0 11 54 0
17 43 0 23 44 0
20 25 0 25 26 0
46 6 0 56 7 0
26 30 0 36 31 0
0 43 0 10 44 0
35 10 0 38 11 0
14 6 0 24 7 0
46 32 0 56 33 0
30 36 0 38 37 0
32 52 1 33 55 1
50 19 1 51 24 1
55 25 1 56 34 1
29 2 1 30 11 1
20 50 1 21 59 1
4 20 1 5 28 1
42 28 1 43 37 1
0 5 1 1 11 1
16 27 1 17 30 1
20 46 1 21 49 1
56 42 1 57 49 1
15 16 1 16 24 1
24 53 1 25 58 1
17 21 1 18 31 1
46 15 1 47 22 1
30 40 1 31 44 1
33 36 1 34 44 1
30 53 1 31 56 1
37 3 1 38 11 1
26 21 1 27 24 1
5 34 1 6 43 1
40 18 1 41 26 1
11 50 1 12 57 1
5 47 1 6 55 1
40 24 2 43 25 2
38 52 2 46 53 2
16 43 2 25 44 2
22 2 2 31 3 2
20 9 2 25 10 2
14 54 2 22 55 2
14 38 2 22 39 2
26 57 2 30 58 2
19 7 2 24 8 2
12 45 2 21 46 2
15 36 2 22 37 2
50 2 2 58 3 2
3 38 2 9 39 2
4 51 2 9 52 2
44 4 2 52 5 2
38 5 2 43 6 2
24 58 2 28 59 2
50 48 2 53 49 2
40 18 2 46 19 2
27 26 2 30 27 2
1 54 2 10 55 2
17 40 2 21 41 2
46 1 2 53 2 2
15 55 2 23 56 2
50 53 3 51 58 3
52 27 3 53 34 3
57 45 3 58 49 3
9 5 3 10 12 3
30 21 3 31 26 3
33 45 3 34 55 3
10 33 3 11 36 3
0 53 3 1 56 3
13 23 3 14 26 3
43 28 3 44 35 3
54 33 3 55 43 3
50 13 3 51 17 3
11 23 3 12 30 3
53 1 3 54 5 3
12 0 3 13 8 3
49 42 3 50 50 3
22 54 3 23 58 3
8 48 3 9 53 3
51 21 3 52 24 3
14 6 3 15 10 3
7 11 3 8 16 3
33 32 3 34 39 3
55 14 3 56 24 3
13 26 3 14 29 3
7 45 4 14 46 4
44 5 4 47 6 4
11 12 4 16 13 4
20 6 4 25 7 4
7 38 4 10 39 4
9 35 4 17 36 4
18 5 4 28 6 4
21 32 4 31 33 4
50 21 4 54 22 4
12 30 4 20 31 4
30 1 4 35 2 4
0 20 4 7 21 4
37 17 4 46 18 4
38 36 4 42 37 4
10 36 4 14 37 4
34 19 4 44 20 4
33 42 4 38 43 4
31 18 4 37 19 4
30 5 4 34 6 4
56 44 4 59 45 4
27 40 4 34 41 4
18 29 4 22 30 4
1 43 4 10 44 4
2 2 4 9 3 4
28 4 5 29 7 5
3 36 5 4 45 5
47 43 5 48 46 5
32 15 5 33 21 5
50 21 5 51 31 5
4 43 5 5 48 5
2 37 5 3 40 5
50 37 5 51 44 5
43 43 5 44 49 5
39 18 5 40 25 5
22 7 5 23 13 5
4 4 5 5 11 5
6 37 5 7 40 5
30 42 5 31 49 5
53 4 5 54 12 5
33 12 5 34 18 5
35 42 5 36 47 5
21 20 5 22 27 5
3 21 5 4 30 5
3 52 5 4 59 5
12 15 5 13 19 5
8 3 5 9 12 5
38 32 5 39 38 5
51 5 5 52 10 5
Net_num 159
Net_id 0
pin_num 5
42 27 0
42 14 0
46 22 0
54 21 0
43 8 0
Net_id 1
pin_num 5
18 16 0
23 30 0
36 30 0
35 25 0
26 10 0
Net_id 2
pin_num 5
0 27 0
3 31 0
0 13 0
0 4 0
6 10 0
Net_id 3
pin_num 5
4 45 0
10 44 0
6 30 0
14 33 0
14 44 0
Net_id 4
pin_num 5
25 45 0
27 38 0
37 43 0
35 59 0
29 24 0
Net_id 5
pin_num 5
12 25 0
11 20 0
19 28 0
12 7 0
7 27 0
Net_id 6
pin_num 5
43 23 0
47 20 0
59 22 0
56 0 0
59 36 0
Net_id 7
pin_num 5
41 5 0
40 1 0
24 0 0
55 0 0
23 0 0
Net_id 8
pin_num 5
14 28 0
18 29 0
15 45 0
1 18 0
18 23 0
Net_id 9
pin_num 5
37 31 0
50 28 0
44 47 0
54 1 0
48 2 0
Net_id 10
pin_num 5
28 27 0
45 29 0
45 9 0
34 44 0
33 19 0
Net_id 11
pin_num 5
31 51 0
39 41 0
42 51 0
38 40 0
30 47 0
Net_id 12
pin_num 5
9 13 0
14 9 0
10 31 0
1 14 0
0 14 0
Net_id 13
pin_num 5
36 11 0
28 5 0
27 1 0
17 1 0
29 11 0
Net_id 14
pin_num 5
10 30 0
22 29 0
20 39 0
38 27 0
16 21 0
Net_id 15
pin_num 5
4 44 0
9 50 0
7 26 0
8 49 0
4 35 0
Net_id 16
pin_num 5
56 40 0
45 41 0
46 14 0
51 52 0
43 52 0
Net_id 17
pin_num 5
53 50 0
44 48 0
57 48 0
46 36 0
39 47 0
Net_id 18
pin_num 5
32 26 0
33 21 0
26 25 0
34 45 0
25 28 0
Net_id 19
pin_num 5
56 4 0
51 4 0
47 4 0
49 24 0
49 0 0
Net_id 20
pin_num 4
51 53 0
57 59 0
58 37 0
52 41 0
Net_id 21
pin_num 4
37 1 0
36 1 0
33 0 0
42 0 0
Net_id 22
pin_num 4
37 27 0
31 32 0
31 19 0
31 41 0
Net_id 23
pin_num 4
34 39 0
47 40 0
21 38 0
38 33 0
Net_id 24
pin_num 4
59 30 0
47 33 0
57 41 0
39 34 0
Net_id 25
pin_num 4
14 58 0
5 56 0
0 58 0
1 38 0
Net_id 26
pin_num 4
40 13 0
42 11 0
24 12 0
34 21 0
Net_id 27
pin_num 4
43 32 0
48 23 0
27 27 0
51 10 0
Net_id 28
pin_num 4
21 40 0
19 49 0
21 24 0
33 48 0
Net_id 29
pin_num 4
14 15 0
23 14 0
20 26 0
29 26 0
Net_id 30
pin_num 4
30 26 0
35 22 0
18 31 0
30 37 0
Net_id 31
pin_num 4
9 55 0
16 49 0
18 59 0
24 59 0
Net_id 32
pin_num 4
51 36 0
54 50 0
32 45 0
45 59 0
Net_id 33
pin_num 4
2 26 0
20 14 0
20 42 0
25 25 0
Net_id 34
pin_num 4
0 21 0
9 21 0
8 9 0
7 18 0
Net_id 35
pin_num 4
31 23 0
19 19 0
34 29 0
34 12 0
Net_id 36
pin_num 4
17 16 0
9 29 0
5 27 0
4 18 0
Net_id 37
pin_num 4
36 8 0
33 11 0
52 10 0
30 10 0
Net_id 38
pin_num 4
59 19 0
50 8 0
30 8 0
25 4 0
Net_id 39
pin_num 3
46 29 0
59 29 0
48 49 0
Net_id 40
pin_num 3
39 40 0
51 31 0
54 25 0
Net_id 41
pin_num 3
13 44 0
21 48 0
18 24 0
Net_id 42
pin_num 3
50 10 0
38 3 0
35 2 0
Net_id 43
pin_num 3
13 43 0
20 49 0
19 59 0
Net_id 44
pin_num 3
46 21 0
51 30 0
59 54 0
Net_id 45
pin_num 3
21 46 0
33 31 0
22 37 0
Net_id 46
pin_num 3
22 40 0
36 40 0
45 8 0
Net_id 47
pin_num 3
8 52 0
17 34 0
23 38 0
Net_id 48
pin_num 3
47 56 0
49 58 0
47 59 0
Net_id 49
pin_num 3
3 11 0
13 11 0
28 12 0
Net_id 50
pin_num 3
15 24 0
19 12 0
0 2 0
Net_id 51
pin_num 3
35 16 0
42 37 0
34 46 0
Net_id 52
pin_num 3
30 7 0
11 3 0
20 0 0
Net_id 53
pin_num 3
36 45 0
26 55 0
54 51 0
Net_id 54
pin_num 3
25 33 0
33 33 0
21 45 0
Net_id 55
pin_num 3
37 54 0
30 54 0
54 54 0
Net_id 56
pin_num 3
15 50 0
13 56 0
3 58 0
Net_id 57
pin_num 3
47 42 0
31 55 0
25 59 0
Net_id 58
pin_num 3
57 36 0
56 18 0
44 24 0
Net_id 59
pin_num 3
25 38 0
36 50 0
12 49 0
Net_id 60
pin_num 3
47 0 0
43 2 0
53 5 0
Net_id 61
pin_num 3
29 41 0
21 53 0
7 59 0
Net_id 62
pin_num 3
52 39 0
51 37 0
59 58 0
Net_id 63
pin_num 3
23 5 0
17 5 0
28 21 0
Net_id 64
pin_num 3
55 27 0
58 3 0
50 12 0
Net_id 65
pin_num 3
3 35 0
0 3 0
3 47 0
Net_id 66
pin_num 3
36 25 0
48 26 0
37 17 0
Net_id 67
pin_num 3
9 37 0
4 17 0
2 0 0
Net_id 68
pin_num 3
38 42 0
21 41 0
22 58 0
Net_id 69
pin_num 3
33 8 0
24 18 0
21 2 0
Net_id 70
pin_num 3
59 38 0
54 59 0
55 13 0
Net_id 71
pin_num 3
28 14 0
13 6 0
19 8 0
Net_id 72
pin_num 3
12 52 0
33 52 0
25 43 0
Net_id 73
pin_num 3
4 40 0
18 41 0
11 31 0
Net_id 74
pin_num 3
57 21 0
53 34 0
58 32 0
Net_id 75
pin_num 3
34 26 0
28 47 0
9 33 0
Net_id 76
pin_num 3
38 6 0
46 9 0
39 27 0
Net_id 77
pin_num 3
27 48 0
20 27 0
12 47 0
Net_id 78
pin_num 2
38 49 0
25 53 0
Net_id 79
pin_num 2
16 47 0
29 23 0
Net_id 80
pin_num 2
10 18 0
6 8 0
Net_id 81
pin_num 2
13 29 0
9 26 0
Net_id 82
pin_num 2
35 7 0
28 4 0
Net_id 83
pin_num 2
46 44 0
32 41 0
Net_id 84
pin_num 2
12 48 0
13 51 0
Net_id 85
pin_num 2
48 11 0
37 13 0
Net_id 86
pin_num 2
59 46 0
57 47 0
Net_id 87
pin_num 2
50 55 0
56 37 0
Net_id 88
pin_num 2
22 38 0
4 42 0
Net_id 89
pin_num 2
32 38 0
17 57 0
Net_id 90
pin_num 2
55 8 0
46 2 0
Net_id 91
pin_num 2
13 36 0
2 44 0
Net_id 92
pin_num 2
58 24 0
44 20 0
Net_id 93
pin_num 2
16 30 0
27 47 0
Net_id 94
pin_num 2
11 9 0
36 37 0
Net_id 95
pin_num 2
19 14 0
3 15 0
Net_id 96
pin_num 2
0 15 0
16 12 0
Net_id 97
pin_num 2
4 56 0
1 17 0
Net_id 98
pin_num 2
31 46 0
25 57 0
Net_id 99
pin_num 2
29 36 0
27 31 0
Net_id 100
pin_num 2
3 41 0
1 32 0
Net_id 101
pin_num 2
41 52 0
35 52 0
Net_id 102
pin_num 2
38 2 0
41 20 0
Net_id 103
pin_num 2
53 43 0
41 53 0
Net_id 104
pin_num 2
15 33 0
24 28 0
Net_id 105
pin_num 2
24 30 0
26 43 0
Net_id 106
pin_num 2
29 1 0
34 2 0
Net_id 107
pin_num 2
40 12 0
21 4 0
Net_id 108
pin_num 2
47 5 0
53 14 0
Net_id 109
pin_num 2
57 49 0
49 53 0
Net_id 110
pin_num 2
6 42 0
13 49 0
Net_id 111
pin_num 2
43 41 0
36 26 0
Net_id 112
pin_num 2
21 9 0
7 15 0
Net_id 113
pin_num 2
2 13 0
14 1 0
Net_id 114
pin_num 2
46 26 0
37 30 0
Net_id 115
pin_num 2
45 1 0
36 13 0
Net_id 116
pin_num 2
32 46 0
31 53 0
Net_id 117
pin_num 2
15 41 0
26 49 0
Net_id 118
pin_num 2
28 45 0
19 56 0
Net_id 119
pin_num 2
31 56 0
42 59 0
Net_id 120
pin_num 2
55 42 0
54 55 0
Net_id 121
pin_num 2
48 46 0
42 57 0
Net_id 122
pin_num 2
26 53 0
32 58 0
Net_id 123
pin_num 2
50 37 0
40 14 0
Net_id 124
pin_num 2
11 0 0
1 8 0
Net_id 125
pin_num 2
43 47 0
38 38 0
Net_id 126
pin_num 2
42 3 0
27 13 0
Net_id 127
pin_num 2
52 19 0
42 2 0
Net_id 128
pin_num 2
4 39 0
28 24 0
Net_id 129
pin_num 2
1 37 0
5 36 0
Net_id 130
pin_num 2
48 9 0
54 10 0
Net_id 131
pin_num 2
41 11 0
29 22 0
Net_id 132
pin_num 2
1 50 0
3 55 0
Net_id 133
pin_num 2
45 38 0
27 28 0
Net_id 134
pin_num 2
2 10 0
5 4 0
Net_id 135
pin_num 2
54 12 0
54 26 0
Net_id 136
pin_num 2
54 2 0
58 9 0
Net_id 137
pin_num 2
42 34 0
44 30 0
Net_id 138
pin_num 2
6 38 0
16 38 0
Net_id 139
pin_num 2
29 16 0
31 15 0
Net_id 140
pin_num 2
27 4 0
18 10 0
Net_id 141
pin_num 2
13 35 0
29 35 0
Net_id 142
pin_num 2
26 37 0
13 54 0
Net_id 143
pin_num 2
54 5 0
41 34 0
Net_id 144
pin_num 2
23 54 0
10 46 0
Net_id 145
pin_num 2
14 0 0
28 9 0
Net_id 146
pin_num 2
53 13 0
41 23 0
Net_id 147
pin_num 2
4 0 0
16 4 0
Net_id 148
pin_num 2
32 4 0
56 9 0
Net_id 149
pin_num 2
45 27 0
24 38 0
Net_id 150
pin_num 2
23 22 0
0 24 0
Net_id 151
pin_num 2
27 16 0
32 13 0
Net_id 152
pin_num 2
8 57 0
12 51 0
Net_id 153
pin_num 2
9 16 0
13 17 0
Net_id 154
pin_num 2
6 56 0
0 42 0
Net_id 155
pin_num 2
58 18 0
48 22 0
Net_id 156
pin_num 2
40 27 0
56 32 0
Net_id 157
pin_num 2
58 57 0
42 50 0
Net_id 158
pin_num 2
37 22 0
50 34 0
