Width 60
Height 60
Layer 6
Total_WL 6697
Obstacle_num 144
52 55 0 58 56 0
11 49 0 18 50 0
3 16 0 9 17 0
27 40 0 30 41 0
10 19 0 15 20 0
19 13 0 29 14 0
13 17 0 21 18 0
50 18 0 56 19 0
10 46 0 18 47 0
50 43 0 59 44 0
43 50 0 53 51 0
39 18 0 49 19 0
26 35 0 35 36 0
36 20 0 45 21 0
26 24 0 29 25 0
31 58 0 41 59 0
35 31 0 43 32 0
19 26 0 27 27 0
7 18 0 17 19 0
17 35 0 20 36 0
49 52 0 57 53 0
5 17 0 11 18 0
23 53 0 30 54 0
39 27 0 45 28 0
20 7 1 21 17 1
32 37 1 33 43 1
48 39 1 49 45 1
46 22 1 47 32 1
6 22 1 7 26 1
17 32 1 18 42 1
47 16 1 48 21 1
42 32 1 43 42 1
56 40 1 57 47 1
14 5 1 15 15 1
18 33 1 19 38 1
58 39 1 59 44 1
44 1 1 45 4 1
32 33 1 33 37 1
24 11 1 25 15 1
6 40 1 7 46 1
53 48 1 54 58 1
2 51 1 3 58 1
28 20 1 29 24 1
32 21 1 33 29 1
44 40 1 45 47 1
40 48 1 41 54 1
36 7 1 37 11 1
56 31 1 57 38 1
4 18 2 14 19 2
17 0 2 27 1 2
1 50 2 7 51 2
18 55 2 28 56 2
22 15 2 25 16 2
34 24 2 38 25 2
42 30 2 46 31 2
49 37 2 55 38 2
31 50 2 38 51 2
42 29 2 49 30 2
37 10 2 45 11 2
43 50 2 46 51 2
18 30 2 25 31 2
10 26 2 16 27 2
37 27 2 47 28 2
40 23 2 49 24 2
53 14 2 58 15 2
26 1 2 35 2 2
33 52 2 37 53 2
9 40 2 16 41 2
21 54 2 26 55 2
48 0 2 58 1 2
36 28 2 41 29 2
49 25 2 53 26 2
4 33 3 5 41 3
35 12 3 36 20 3
46 39 3 47 45 3
58 1 3 59 8 3
52 51 3 53 55 3
9 5 3 10 15 3
41 10 3 42 14 3
48 19 3 49 23 3
48 35 3 49 38 3
4 48 3 5 52 3
1 15 3 2 18 3
54 53 3 55 58 3
11 22 3 12 31 3
26 4 3 27 10 3
28 16 3 29 26 3
0 36 3 1 45 3
43 16 3 44 25 3
54 22 3 55 26 3
7 4 3 8 12 3
40 0 3 41 5 3
11 8 3 12 18 3
38 12 3 39 18 3
2 2 3 3 6 3
44 44 3 45 50 3
36 12 4 41 13 4
47 22 4 51 23 4
47 48 4 53 49 4
13 23 4 23 24 4
15 44 4 22 45 4
15 33 4 24 34 4
26 53 4 30 54 4
27 32 4 34 33 4
29 18 4 33 19 4
2 35 4 10 36 4
34 30 4 43 31 4
34 20 4 44 21 4
40 14 4 48 15 4
34 17 4 41 18 4
12 37 4 17 38 4
30 16 4 38 17 4
28 35 4 31 36 4
18 16 4 24 17 4
30 5 4 35 6 4
34 46 4 42 47 4
9 8 4 19 9 4
17 52 4 26 53 4
38 7 4 42 8 4
12 25 4 18 26 4
34 47 5 35 56 5
49 13 5 50 19 5
36 40 5 37 48 5
31 40 5 32 48 5
16 35 5 17 40 5
34 34 5 35 43 5
27 42 5 28 48 5
2 25 5 3 30 5
2 45 5 3 55 5
10 52 5 11 56 5
38 39 5 39 47 5
33 9 5 34 19 5
4 35 5 5 44 5
21 41 5 22 49 5
21 5 5 22 14 5
25 6 5 26 15 5
21 23 5 22 28 5
35 40 5 36 49 5
31 27 5 32 33 5
17 25 5 18 31 5
56 46 5 57 53 5
18 35 5 19 38 5
22 23 5 23 32 5
0 9 5 1 13 5
Net_num 161
Net_id 0
pin_num 5
50 25 0
45 21 0
46 15 0
59 22 0
45 15 0
Net_id 1
pin_num 5
21 22 0
14 4 0
31 4 0
14 0 0
25 1 0
Net_id 2
pin_num 5
31 25 0
27 23 0
27 0 0
49 15 0
24 5 0
Net_id 3
pin_num 5
25 48 0
19 48 0
43 48 0
21 41 0
36 41 0
Net_id 4
pin_num 5
52 56 0
55 54 0
54 59 0
54 51 0
38 59 0
Net_id 5
pin_num 5
15 2 0
35 3 0
28 16 0
35 13 0
16 3 0
Net_id 6
pin_num 5
27 56 0
12 56 0
31 59 0
27 50 0
5 59 0
Net_id 7
pin_num 5
46 1 0
37 1 0
39 15 0
48 12 0
46 0 0
Net_id 8
pin_num 5
50 42 0
34 47 0
51 47 0
18 47 0
28 26 0
Net_id 9
pin_num 5
33 31 0
31 21 0
22 25 0
10 22 0
42 30 0
Net_id 10
pin_num 5
35 33 0
37 32 0
37 42 0
50 33 0
49 41 0
Net_id 11
pin_num 5
21 29 0
39 33 0
38 23 0
26 50 0
19 42 0
Net_id 12
pin_num 5
37 25 0
30 27 0
34 42 0
29 14 0
14 14 0
Net_id 13
pin_num 5
22 4 0
15 13 0
19 16 0
3 15 0
10 13 0
Net_id 14
pin_num 5
17 25 0
19 20 0
26 23 0
9 25 0
11 14 0
Net_id 15
pin_num 5
25 21 0
19 27 0
26 21 0
21 6 0
23 24 0
Net_id 16
pin_num 5
46 5 0
58 8 0
39 8 0
59 12 0
40 5 0
Net_id 17
pin_num 5
48 36 0
43 31 0
59 26 0
59 37 0
25 35 0
Net_id 18
pin_num 5
22 45 0
25 58 0
36 59 0
30 46 0
2 50 0
Net_id 19
pin_num 5
20 12 0
7 12 0
23 19 0
12 24 0
9 26 0
Net_id 20
pin_num 4
19 0 0
26 4 0
15 8 0
13 1 0
Net_id 21
pin_num 4
58 11 0
57 1 0
45 2 0
53 12 0
Net_id 22
pin_num 4
43 30 0
49 30 0
41 22 0
43 9 0
Net_id 23
pin_num 4
27 3 0
37 0 0
14 2 0
34 9 0
Net_id 24
pin_num 4
41 50 0
57 52 0
55 56 0
47 57 0
Net_id 25
pin_num 4
38 47 0
33 28 0
49 35 0
33 45 0
Net_id 26
pin_num 4
20 53 0
36 55 0
41 54 0
37 46 0
Net_id 27
pin_num 4
41 45 0
57 42 0
57 38 0
39 48 0
Net_id 28
pin_num 4
44 15 0
40 25 0
40 13 0
44 29 0
Net_id 29
pin_num 4
59 35 0
47 37 0
58 34 0
48 17 0
Net_id 30
pin_num 4
46 6 0
59 0 0
59 6 0
47 1 0
Net_id 31
pin_num 4
26 33 0
33 44 0
12 42 0
16 51 0
Net_id 32
pin_num 4
20 39 0
14 42 0
20 54 0
14 52 0
Net_id 33
pin_num 4
14 48 0
18 53 0
0 52 0
2 30 0
Net_id 34
pin_num 4
24 38 0
11 29 0
0 30 0
5 30 0
Net_id 35
pin_num 4
53 53 0
52 53 0
56 39 0
53 33 0
Net_id 36
pin_num 4
33 38 0
44 31 0
25 37 0
36 23 0
Net_id 37
pin_num 4
27 31 0
10 35 0
14 53 0
4 59 0
Net_id 38
pin_num 4
52 4 0
50 7 0
56 17 0
38 5 0
Net_id 39
pin_num 3
26 49 0
48 49 0
35 54 0
Net_id 40
pin_num 3
7 47 0
12 41 0
12 11 0
Net_id 41
pin_num 3
34 51 0
46 48 0
50 40 0
Net_id 42
pin_num 3
40 36 0
45 33 0
31 44 0
Net_id 43
pin_num 3
10 14 0
0 9 0
0 28 0
Net_id 44
pin_num 3
32 37 0
9 32 0
3 59 0
Net_id 45
pin_num 3
1 34 0
13 51 0
4 12 0
Net_id 46
pin_num 3
40 3 0
47 21 0
57 25 0
Net_id 47
pin_num 3
14 47 0
18 32 0
0 35 0
Net_id 48
pin_num 3
19 15 0
27 7 0
0 29 0
Net_id 49
pin_num 3
9 57 0
18 58 0
15 36 0
Net_id 50
pin_num 3
0 1 0
8 9 0
3 8 0
Net_id 51
pin_num 3
35 9 0
42 7 0
31 6 0
Net_id 52
pin_num 3
30 18 0
39 21 0
42 43 0
Net_id 53
pin_num 3
44 53 0
57 51 0
30 48 0
Net_id 54
pin_num 3
53 1 0
52 7 0
38 3 0
Net_id 55
pin_num 3
4 52 0
1 51 0
19 54 0
Net_id 56
pin_num 3
36 11 0
50 24 0
57 9 0
Net_id 57
pin_num 3
59 56 0
58 59 0
50 31 0
Net_id 58
pin_num 3
19 28 0
35 34 0
45 51 0
Net_id 59
pin_num 3
39 16 0
31 36 0
35 1 0
Net_id 60
pin_num 3
21 8 0
33 7 0
47 27 0
Net_id 61
pin_num 3
40 2 0
29 0 0
36 12 0
Net_id 62
pin_num 3
25 18 0
29 12 0
23 23 0
Net_id 63
pin_num 3
59 50 0
51 33 0
58 31 0
Net_id 64
pin_num 3
29 59 0
23 51 0
30 30 0
Net_id 65
pin_num 3
46 46 0
38 36 0
22 34 0
Net_id 66
pin_num 3
30 17 0
36 22 0
35 55 0
Net_id 67
pin_num 3
0 36 0
6 51 0
17 58 0
Net_id 68
pin_num 3
10 16 0
20 23 0
12 23 0
Net_id 69
pin_num 3
12 30 0
15 32 0
24 27 0
Net_id 70
pin_num 3
6 24 0
5 31 0
1 33 0
Net_id 71
pin_num 3
32 43 0
44 54 0
42 28 0
Net_id 72
pin_num 3
30 13 0
46 4 0
58 10 0
Net_id 73
pin_num 3
12 27 0
7 29 0
13 0 0
Net_id 74
pin_num 3
4 43 0
0 44 0
2 20 0
Net_id 75
pin_num 3
39 4 0
54 13 0
48 13 0
Net_id 76
pin_num 3
18 8 0
20 5 0
4 2 0
Net_id 77
pin_num 3
53 39 0
58 26 0
35 26 0
Net_id 78
pin_num 3
26 51 0
33 51 0
27 26 0
Net_id 79
pin_num 2
31 11 0
8 19 0
Net_id 80
pin_num 2
34 16 0
29 23 0
Net_id 81
pin_num 2
1 43 0
9 34 0
Net_id 82
pin_num 2
55 33 0
54 36 0
Net_id 83
pin_num 2
17 21 0
13 21 0
Net_id 84
pin_num 2
13 39 0
7 49 0
Net_id 85
pin_num 2
22 58 0
0 47 0
Net_id 86
pin_num 2
6 36 0
16 55 0
Net_id 87
pin_num 2
42 26 0
31 12 0
Net_id 88
pin_num 2
37 13 0
30 24 0
Net_id 89
pin_num 2
39 50 0
33 50 0
Net_id 90
pin_num 2
9 5 0
11 7 0
Net_id 91
pin_num 2
27 34 0
38 21 0
Net_id 92
pin_num 2
59 59 0
51 55 0
Net_id 93
pin_num 2
19 24 0
13 35 0
Net_id 94
pin_num 2
56 24 0
52 9 0
Net_id 95
pin_num 2
32 26 0
13 3 0
Net_id 96
pin_num 2
23 10 0
41 16 0
Net_id 97
pin_num 2
44 12 0
49 12 0
Net_id 98
pin_num 2
5 49 0
24 46 0
Net_id 99
pin_num 2
30 38 0
16 30 0
Net_id 100
pin_num 2
53 28 0
54 31 0
Net_id 101
pin_num 2
24 37 0
1 37 0
Net_id 102
pin_num 2
44 19 0
58 24 0
Net_id 103
pin_num 2
1 45 0
7 45 0
Net_id 104
pin_num 2
10 28 0
13 27 0
Net_id 105
pin_num 2
41 7 0
35 32 0
Net_id 106
pin_num 2
10 40 0
6 21 0
Net_id 107
pin_num 2
15 31 0
2 16 0
Net_id 108
pin_num 2
1 55 0
2 58 0
Net_id 109
pin_num 2
30 55 0
34 49 0
Net_id 110
pin_num 2
32 23 0
25 43 0
Net_id 111
pin_num 2
46 26 0
58 27 0
Net_id 112
pin_num 2
54 50 0
51 46 0
Net_id 113
pin_num 2
20 30 0
38 32 0
Net_id 114
pin_num 2
50 41 0
45 40 0
Net_id 115
pin_num 2
8 48 0
17 51 0
Net_id 116
pin_num 2
6 5 0
4 20 0
Net_id 117
pin_num 2
57 44 0
57 45 0
Net_id 118
pin_num 2
0 13 0
29 5 0
Net_id 119
pin_num 2
16 5 0
27 11 0
Net_id 120
pin_num 2
25 23 0
15 11 0
Net_id 121
pin_num 2
27 39 0
38 52 0
Net_id 122
pin_num 2
27 42 0
38 39 0
Net_id 123
pin_num 2
35 52 0
38 54 0
Net_id 124
pin_num 2
25 39 0
19 49 0
Net_id 125
pin_num 2
33 49 0
26 46 0
Net_id 126
pin_num 2
29 55 0
18 40 0
Net_id 127
pin_num 2
47 35 0
35 36 0
Net_id 128
pin_num 2
31 14 0
30 21 0
Net_id 129
pin_num 2
26 59 0
29 43 0
Net_id 130
pin_num 2
4 9 0
6 15 0
Net_id 131
pin_num 2
28 20 0
40 14 0
Net_id 132
pin_num 2
20 33 0
31 43 0
Net_id 133
pin_num 2
55 20 0
59 25 0
Net_id 134
pin_num 2
37 48 0
30 57 0
Net_id 135
pin_num 2
45 39 0
55 24 0
Net_id 136
pin_num 2
0 18 0
8 22 0
Net_id 137
pin_num 2
16 20 0
24 9 0
Net_id 138
pin_num 2
21 18 0
28 0 0
Net_id 139
pin_num 2
3 49 0
5 58 0
Net_id 140
pin_num 2
4 57 0
19 53 0
Net_id 141
pin_num 2
42 29 0
39 39 0
Net_id 142
pin_num 2
39 25 0
20 6 0
Net_id 143
pin_num 2
6 10 0
10 10 0
Net_id 144
pin_num 2
57 12 0
33 0 0
Net_id 145
pin_num 2
57 22 0
40 38 0
Net_id 146
pin_num 2
40 51 0
51 54 0
Net_id 147
pin_num 2
45 28 0
57 28 0
Net_id 148
pin_num 2
8 38 0
3 26 0
Net_id 149
pin_num 2
12 58 0
13 54 0
Net_id 150
pin_num 2
9 39 0
10 43 0
Net_id 151
pin_num 2
24 6 0
42 19 0
Net_id 152
pin_num 2
38 40 0
51 23 0
Net_id 153
pin_num 2
2 27 0
6 29 0
Net_id 154
pin_num 2
51 34 0
16 11 0
Net_id 155
pin_num 2
21 52 0
36 40 0
Net_id 156
pin_num 2
14 43 0
5 32 0
Net_id 157
pin_num 2
23 7 0
11 1 0
Net_id 158
pin_num 2
9 28 0
5 33 0
Net_id 159
pin_num 2
8 21 0
16 15 0
Net_id 160
pin_num 2
35 11 0
24 7 0
