Width 60
Height 60
Layer 6
Total_WL 6619
Obstacle_num 144
36 51 0 43 52 0
43 50 0 53 51 0
23 9 0 30 10 0
13 7 0 20 8 0
2 33 0 12 34 0
26 7 0 33 8 0
3 10 0 11 11 0
14 4 0 20 5 0
10 43 0 18 44 0
31 20 0 38 21 0
23 22 0 26 23 0
39 44 0 49 45 0
10 15 0 15 16 0
8 1 0 15 2 0
48 54 0 55 55 0
38 53 0 41 54 0
35 1 0 40 2 0
18 43 0 23 44 0
22 4 0 31 5 0
46 22 0 50 23 0
40 4 0 48 5 0
49 14 0 54 15 0
45 29 0 54 30 0
10 11 0 19 12 0
4 25 1 5 34 1
42 6 1 43 12 1
25 9 1 26 18 1
43 22 1 44 29 1
17 31 1 18 36 1
0 40 1 1 45 1
9 29 1 10 36 1
1 21 1 2 26 1
6 29 1 7 36 1
17 26 1 18 29 1
3 47 1 4 55 1
19 31 1 20 36 1
47 7 1 48 13 1
43 33 1 44 36 1
32 48 1 33 57 1
13 29 1 14 37 1
18 40 1 19 50 1
11 18 1 12 24 1
1 12 1 2 19 1
36 47 1 37 53 1
16 8 1 17 11 1
11 12 1 12 18 1
45 30 1 46 35 1
46 37 1 47 47 1
32 50 2 39 51 2
47 13 2 53 14 2
33 51 2 39 52 2
35 41 2 39 42 2
28 47 2 34 48 2
10 46 2 17 47 2
6 40 2 9 41 2
42 18 2 51 19 2
40 27 2 47 28 2
4 47 2 14 48 2
54 48 2 59 49 2
36 8 2 45 9 2
13 15 2 18 16 2
0 26 2 3 27 2
2 57 2 10 58 2
26 45 2 35 46 2
52 22 2 59 23 2
29 22 2 39 23 2
5 4 2 9 5 2
43 41 2 49 42 2
17 37 2 26 38 2
19 13 2 27 14 2
38 38 2 43 39 2
33 52 2 42 53 2
14 13 3 15 22 3
41 25 3 42 34 3
34 35 3 35 39 3
54 20 3 55 27 3
51 46 3 52 49 3
19 38 3 20 48 3
18 13 3 19 18 3
8 19 3 9 23 3
50 52 3 51 56 3
49 7 3 50 13 3
33 31 3 34 40 3
33 0 3 34 10 3
58 16 3 59 23 3
35 32 3 36 41 3
36 28 3 37 35 3
39 24 3 40 32 3
48 25 3 49 35 3
38 52 3 39 59 3
28 47 3 29 52 3
22 33 3 23 39 3
38 14 3 39 18 3
56 39 3 57 48 3
37 15 3 38 25 3
42 25 3 43 32 3
39 42 4 46 43 4
1 3 4 8 4 4
19 57 4 24 58 4
25 46 4 33 47 4
39 19 4 43 20 4
48 54 4 58 55 4
11 21 4 19 22 4
31 9 4 40 10 4
56 48 4 59 49 4
3 51 4 10 52 4
11 56 4 20 57 4
11 20 4 19 21 4
39 50 4 42 51 4
31 58 4 37 59 4
51 3 4 55 4 4
26 10 4 35 11 4
36 25 4 44 26 4
28 25 4 33 26 4
3 14 4 7 15 4
19 42 4 27 43 4
5 29 4 9 30 4
11 18 4 16 19 4
3 13 4 10 14 4
6 10 4 11 11 4
48 34 5 49 40 5
17 53 5 18 58 5
17 43 5 18 53 5
30 48 5 31 57 5
19 15 5 20 24 5
11 35 5 12 44 5
44 21 5 45 24 5
1 47 5 2 54 5
16 33 5 17 43 5
34 41 5 35 44 5
57 15 5 58 25 5
26 52 5 27 55 5
53 35 5 54 44 5
44 33 5 45 41 5
5 10 5 6 20 5
29 33 5 30 42 5
43 1 5 44 7 5
12 48 5 13 53 5
5 46 5 6 51 5
21 30 5 22 37 5
20 39 5 21 42 5
50 15 5 51 25 5
18 49 5 19 55 5
39 6 5 40 9 5
Net_num 157
Net_id 0
pin_num 5
13 0 0
17 0 0
9 0 0
10 7 0
40 1 0
Net_id 1
pin_num 5
42 49 0
44 48 0
59 55 0
35 48 0
53 50 0
Net_id 2
pin_num 5
18 22 0
10 9 0
0 19 0
4 13 0
15 19 0
Net_id 3
pin_num 5
5 12 0
0 9 0
2 18 0
2 3 0
4 3 0
Net_id 4
pin_num 5
17 1 0
7 1 0
1 8 0
12 10 0
0 15 0
Net_id 5
pin_num 5
55 52 0
53 48 0
47 59 0
59 56 0
47 52 0
Net_id 6
pin_num 5
27 25 0
41 20 0
22 25 0
57 23 0
55 21 0
Net_id 7
pin_num 5
30 34 0
27 41 0
22 59 0
5 40 0
17 41 0
Net_id 8
pin_num 5
15 27 0
16 17 0
25 23 0
10 23 0
18 39 0
Net_id 9
pin_num 5
4 25 0
12 33 0
3 20 0
1 39 0
34 26 0
Net_id 10
pin_num 5
8 52 0
12 52 0
11 37 0
6 38 0
15 38 0
Net_id 11
pin_num 5
49 35 0
57 38 0
40 36 0
52 45 0
56 58 0
Net_id 12
pin_num 5
32 45 0
24 45 0
17 40 0
23 27 0
29 39 0
Net_id 13
pin_num 5
2 41 0
1 34 0
16 26 0
17 35 0
9 6 0
Net_id 14
pin_num 5
32 51 0
42 42 0
28 59 0
37 43 0
49 43 0
Net_id 15
pin_num 5
58 26 0
55 26 0
55 34 0
35 27 0
56 10 0
Net_id 16
pin_num 5
12 28 0
20 33 0
39 28 0
34 44 0
22 40 0
Net_id 17
pin_num 5
9 16 0
3 16 0
5 11 0
5 27 0
10 16 0
Net_id 18
pin_num 5
47 27 0
59 28 0
52 4 0
50 25 0
57 16 0
Net_id 19
pin_num 5
39 22 0
41 29 0
40 33 0
26 23 0
40 42 0
Net_id 20
pin_num 4
28 19 0
20 15 0
15 18 0
24 18 0
Net_id 21
pin_num 4
8 49 0
14 49 0
13 54 0
23 51 0
Net_id 22
pin_num 4
24 11 0
13 12 0
17 29 0
36 29 0
Net_id 23
pin_num 4
55 18 0
53 19 0
43 29 0
20 27 0
Net_id 24
pin_num 4
12 55 0
9 56 0
21 53 0
0 50 0
Net_id 25
pin_num 4
13 5 0
29 0 0
29 12 0
10 3 0
Net_id 26
pin_num 4
52 24 0
59 25 0
51 28 0
51 15 0
Net_id 27
pin_num 4
27 26 0
33 32 0
33 42 0
46 35 0
Net_id 28
pin_num 4
20 22 0
21 14 0
42 14 0
39 20 0
Net_id 29
pin_num 4
8 39 0
20 44 0
2 21 0
19 27 0
Net_id 30
pin_num 4
55 0 0
45 5 0
48 14 0
45 15 0
Net_id 31
pin_num 4
52 41 0
58 31 0
54 47 0
59 32 0
Net_id 32
pin_num 4
56 59 0
58 55 0
46 57 0
48 48 0
Net_id 33
pin_num 4
22 49 0
7 49 0
21 52 0
19 39 0
Net_id 34
pin_num 4
47 56 0
34 55 0
34 56 0
39 43 0
Net_id 35
pin_num 4
49 55 0
53 58 0
50 46 0
59 45 0
Net_id 36
pin_num 4
9 14 0
19 17 0
28 17 0
20 8 0
Net_id 37
pin_num 4
44 0 0
39 5 0
56 0 0
54 17 0
Net_id 38
pin_num 4
28 8 0
35 10 0
21 13 0
36 11 0
Net_id 39
pin_num 4
8 2 0
1 4 0
14 2 0
8 9 0
Net_id 40
pin_num 4
28 35 0
39 34 0
36 42 0
36 45 0
Net_id 41
pin_num 3
48 5 0
32 2 0
0 45 0
Net_id 42
pin_num 3
22 58 0
10 53 0
0 49 0
Net_id 43
pin_num 3
33 36 0
24 40 0
41 42 0
Net_id 44
pin_num 3
18 55 0
10 58 0
2 47 0
Net_id 45
pin_num 3
6 43 0
1 53 0
3 24 0
Net_id 46
pin_num 3
45 40 0
40 20 0
8 30 0
Net_id 47
pin_num 3
58 14 0
53 11 0
37 25 0
Net_id 48
pin_num 3
59 13 0
49 7 0
17 12 0
Net_id 49
pin_num 3
7 22 0
15 13 0
2 42 0
Net_id 50
pin_num 3
50 10 0
36 16 0
42 39 0
Net_id 51
pin_num 3
18 56 0
30 58 0
29 46 0
Net_id 52
pin_num 3
34 1 0
20 0 0
30 2 0
Net_id 53
pin_num 3
7 44 0
4 24 0
44 28 0
Net_id 54
pin_num 3
58 36 0
43 45 0
30 41 0
Net_id 55
pin_num 3
10 24 0
2 45 0
25 32 0
Net_id 56
pin_num 3
19 44 0
10 44 0
21 48 0
Net_id 57
pin_num 3
39 45 0
52 31 0
59 23 0
Net_id 58
pin_num 3
21 10 0
34 12 0
24 27 0
Net_id 59
pin_num 3
8 34 0
24 34 0
15 34 0
Net_id 60
pin_num 3
13 31 0
10 41 0
6 28 0
Net_id 61
pin_num 3
14 20 0
8 20 0
6 5 0
Net_id 62
pin_num 3
57 0 0
46 3 0
58 20 0
Net_id 63
pin_num 3
1 7 0
36 0 0
1 9 0
Net_id 64
pin_num 3
25 26 0
49 20 0
42 25 0
Net_id 65
pin_num 3
6 17 0
11 10 0
5 37 0
Net_id 66
pin_num 3
36 6 0
44 9 0
7 6 0
Net_id 67
pin_num 3
9 36 0
12 53 0
8 46 0
Net_id 68
pin_num 3
32 14 0
21 35 0
26 53 0
Net_id 69
pin_num 3
3 6 0
10 29 0
4 38 0
Net_id 70
pin_num 3
3 18 0
14 12 0
29 16 0
Net_id 71
pin_num 3
54 20 0
50 19 0
41 0 0
Net_id 72
pin_num 3
43 14 0
53 7 0
38 10 0
Net_id 73
pin_num 3
14 54 0
28 54 0
25 38 0
Net_id 74
pin_num 3
3 23 0
9 23 0
10 36 0
Net_id 75
pin_num 3
15 21 0
8 32 0
43 31 0
Net_id 76
pin_num 3
51 16 0
53 12 0
35 21 0
Net_id 77
pin_num 3
9 45 0
4 58 0
17 46 0
Net_id 78
pin_num 3
51 33 0
57 11 0
59 10 0
Net_id 79
pin_num 3
18 1 0
23 21 0
59 3 0
Net_id 80
pin_num 3
6 56 0
13 57 0
2 54 0
Net_id 81
pin_num 2
22 7 0
42 22 0
Net_id 82
pin_num 2
58 40 0
47 32 0
Net_id 83
pin_num 2
32 10 0
14 24 0
Net_id 84
pin_num 2
15 52 0
6 53 0
Net_id 85
pin_num 2
29 44 0
38 34 0
Net_id 86
pin_num 2
6 40 0
9 44 0
Net_id 87
pin_num 2
37 2 0
40 15 0
Net_id 88
pin_num 2
16 20 0
20 20 0
Net_id 89
pin_num 2
43 22 0
46 28 0
Net_id 90
pin_num 2
41 53 0
42 55 0
Net_id 91
pin_num 2
38 58 0
47 54 0
Net_id 92
pin_num 2
12 12 0
7 17 0
Net_id 93
pin_num 2
9 13 0
17 5 0
Net_id 94
pin_num 2
44 2 0
34 13 0
Net_id 95
pin_num 2
26 24 0
3 4 0
Net_id 96
pin_num 2
40 24 0
38 29 0
Net_id 97
pin_num 2
13 9 0
27 5 0
Net_id 98
pin_num 2
41 41 0
31 39 0
Net_id 99
pin_num 2
35 0 0
19 21 0
Net_id 100
pin_num 2
44 53 0
58 11 0
Net_id 101
pin_num 2
49 18 0
42 5 0
Net_id 102
pin_num 2
26 0 0
28 3 0
Net_id 103
pin_num 2
7 15 0
3 13 0
Net_id 104
pin_num 2
59 12 0
54 12 0
Net_id 105
pin_num 2
54 53 0
46 54 0
Net_id 106
pin_num 2
43 53 0
51 39 0
Net_id 107
pin_num 2
1 48 0
4 52 0
Net_id 108
pin_num 2
58 35 0
52 34 0
Net_id 109
pin_num 2
3 14 0
1 6 0
Net_id 110
pin_num 2
20 45 0
13 42 0
Net_id 111
pin_num 2
16 8 0
23 15 0
Net_id 112
pin_num 2
8 56 0
4 37 0
Net_id 113
pin_num 2
35 8 0
53 4 0
Net_id 114
pin_num 2
49 25 0
44 19 0
Net_id 115
pin_num 2
45 46 0
57 31 0
Net_id 116
pin_num 2
8 53 0
2 49 0
Net_id 117
pin_num 2
27 57 0
35 45 0
Net_id 118
pin_num 2
32 43 0
25 43 0
Net_id 119
pin_num 2
40 55 0
39 47 0
Net_id 120
pin_num 2
30 21 0
35 24 0
Net_id 121
pin_num 2
25 49 0
10 51 0
Net_id 122
pin_num 2
6 46 0
18 52 0
Net_id 123
pin_num 2
38 3 0
31 5 0
Net_id 124
pin_num 2
59 59 0
48 56 0
Net_id 125
pin_num 2
27 35 0
19 52 0
Net_id 126
pin_num 2
19 29 0
39 18 0
Net_id 127
pin_num 2
23 45 0
12 51 0
Net_id 128
pin_num 2
26 11 0
32 41 0
Net_id 129
pin_num 2
41 24 0
51 21 0
Net_id 130
pin_num 2
12 42 0
8 50 0
Net_id 131
pin_num 2
35 40 0
45 43 0
Net_id 132
pin_num 2
45 20 0
38 21 0
Net_id 133
pin_num 2
37 32 0
45 32 0
Net_id 134
pin_num 2
39 14 0
32 18 0
Net_id 135
pin_num 2
33 13 0
32 3 0
Net_id 136
pin_num 2
53 46 0
55 51 0
Net_id 137
pin_num 2
14 50 0
30 56 0
Net_id 138
pin_num 2
37 45 0
52 37 0
Net_id 139
pin_num 2
32 50 0
25 50 0
Net_id 140
pin_num 2
1 56 0
5 48 0
Net_id 141
pin_num 2
31 17 0
44 25 0
Net_id 142
pin_num 2
24 21 0
36 13 0
Net_id 143
pin_num 2
20 42 0
26 38 0
Net_id 144
pin_num 2
37 33 0
59 22 0
Net_id 145
pin_num 2
50 15 0
42 28 0
Net_id 146
pin_num 2
35 37 0
28 41 0
Net_id 147
pin_num 2
46 18 0
53 8 0
Net_id 148
pin_num 2
45 13 0
27 2 0
Net_id 149
pin_num 2
55 45 0
51 51 0
Net_id 150
pin_num 2
39 48 0
32 57 0
Net_id 151
pin_num 2
1 54 0
13 56 0
Net_id 152
pin_num 2
7 38 0
14 40 0
Net_id 153
pin_num 2
27 24 0
34 19 0
Net_id 154
pin_num 2
6 49 0
3 58 0
Net_id 155
pin_num 2
32 55 0
42 57 0
Net_id 156
pin_num 2
56 54 0
51 56 0
