Width 60
Height 60
Layer 6
Total_WL 6600
Obstacle_num 144
13 6 0 21 7 0
50 45 0 58 46 0
35 0 0 38 1 0
45 40 0 54 41 0
16 26 0 26 27 0
22 6 0 31 7 0
30 34 0 35 35 0
47 47 0 56 48 0
28 56 0 32 57 0
6 5 0 14 6 0
47 34 0 53 35 0
35 17 0 42 18 0
7 16 0 10 17 0
4 43 0 13 44 0
45 32 0 49 33 0
20 17 0 24 18 0
12 17 0 19 18 0
27 26 0 34 27 0
30 50 0 35 51 0
42 32 0 45 33 0
7 52 0 12 53 0
38 57 0 45 58 0
31 41 0 39 42 0
29 28 0 33 29 0
12 32 1 13 41 1
50 43 1 51 49 1
21 35 1 22 39 1
1 6 1 2 13 1
15 9 1 16 18 1
36 21 1 37 31 1
50 14 1 51 19 1
49 32 1 50 38 1
22 33 1 23 38 1
56 22 1 57 28 1
8 40 1 9 48 1
15 49 1 16 58 1
56 46 1 57 51 1
24 12 1 25 22 1
1 18 1 2 25 1
9 29 1 10 39 1
34 45 1 35 50 1
41 43 1 42 53 1
37 7 1 38 15 1
3 12 1 4 15 1
47 1 1 48 6 1
20 29 1 21 37 1
32 38 1 33 47 1
25 5 1 26 12 1
16 0 2 23 1 2
47 44 2 56 45 2
8 57 2 12 58 2
3 32 2 13 33 2
12 47 2 16 48 2
10 11 2 15 12 2
14 58 2 20 59 2
2 49 2 10 50 2
31 40 2 36 41 2
44 23 2 50 24 2
17 19 2 21 20 2
6 10 2 14 11 2
4 0 2 9 1 2
14 55 2 22 56 2
38 0 2 48 1 2
18 48 2 21 49 2
31 57 2 38 58 2
14 27 2 18 28 2
12 26 2 15 27 2
13 44 2 17 45 2
43 26 2 51 27 2
49 13 2 56 14 2
0 45 2 7 46 2
32 50 2 39 51 2
36 48 3 37 57 3
29 28 3 30 37 3
46 13 3 47 20 3
47 18 3 48 23 3
20 6 3 21 11 3
41 33 3 42 36 3
15 24 3 16 27 3
43 32 3 44 40 3
37 18 3 38 23 3
22 32 3 23 42 3
46 45 3 47 54 3
0 6 3 1 15 3
38 40 3 39 50 3
3 48 3 4 55 3
33 47 3 34 53 3
31 14 3 32 22 3
31 29 3 32 36 3
40 43 3 41 50 3
57 34 3 58 38 3
51 17 3 52 25 3
21 53 3 22 56 3
47 27 3 48 34 3
57 54 3 58 58 3
39 9 3 40 14 3
9 15 4 16 16 4
41 46 4 47 47 4
2 50 4 10 51 4
26 22 4 36 23 4
45 22 4 50 23 4
37 12 4 44 13 4
1 17 4 10 18 4
38 3 4 46 4 4
21 53 4 25 54 4
4 52 4 9 53 4
26 44 4 34 45 4
40 39 4 49 40 4
27 46 4 35 47 4
19 48 4 22 49 4
12 6 4 22 7 4
45 16 4 52 17 4
2 26 4 6 27 4
25 49 4 28 50 4
15 14 4 24 15 4
35 40 4 44 41 4
30 10 4 40 11 4
47 12 4 56 13 4
18 4 4 26 5 4
49 2 4 53 3 4
6 43 5 7 49 5
50 4 5 51 12 5
25 7 5 26 17 5
14 12 5 15 18 5
0 28 5 1 33 5
29 40 5 30 46 5
7 39 5 8 45 5
44 48 5 45 57 5
22 31 5 23 37 5
41 19 5 42 24 5
27 43 5 28 46 5
23 18 5 24 25 5
6 27 5 7 32 5
48 47 5 49 50 5
54 2 5 55 8 5
48 11 5 49 19 5
2 44 5 3 50 5
21 45 5 22 55 5
38 39 5 39 45 5
1 6 5 2 16 5
26 23 5 27 27 5
31 46 5 32 53 5
40 54 5 41 59 5
52 18 5 53 26 5
Net_num 159
Net_id 0
pin_num 5
10 47 0
16 47 0
15 31 0
2 40 0
1 59 0
Net_id 1
pin_num 5
53 12 0
44 19 0
59 18 0
59 19 0
59 4 0
Net_id 2
pin_num 5
41 18 0
45 24 0
41 24 0
40 13 0
48 0 0
Net_id 3
pin_num 5
33 16 0
43 17 0
42 2 0
41 5 0
21 16 0
Net_id 4
pin_num 5
49 33 0
48 44 0
42 44 0
56 44 0
54 32 0
Net_id 5
pin_num 5
46 5 0
34 0 0
34 10 0
38 8 0
33 6 0
Net_id 6
pin_num 5
41 53 0
38 56 0
39 50 0
34 51 0
17 57 0
Net_id 7
pin_num 5
19 29 0
14 42 0
23 37 0
1 33 0
31 37 0
Net_id 8
pin_num 5
41 13 0
49 4 0
46 8 0
58 12 0
35 1 0
Net_id 9
pin_num 5
54 40 0
57 54 0
59 40 0
52 59 0
59 39 0
Net_id 10
pin_num 5
43 58 0
28 58 0
29 59 0
36 47 0
17 46 0
Net_id 11
pin_num 5
29 3 0
24 7 0
19 4 0
27 16 0
29 0 0
Net_id 12
pin_num 5
29 37 0
24 29 0
24 42 0
33 29 0
30 40 0
Net_id 13
pin_num 5
22 24 0
32 22 0
32 23 0
26 28 0
31 27 0
Net_id 14
pin_num 5
40 15 0
47 20 0
42 20 0
57 20 0
54 2 0
Net_id 15
pin_num 5
25 7 0
28 17 0
31 0 0
31 18 0
30 1 0
Net_id 16
pin_num 5
47 29 0
55 38 0
55 11 0
47 37 0
50 30 0
Net_id 17
pin_num 5
39 32 0
39 36 0
45 36 0
42 50 0
31 33 0
Net_id 18
pin_num 5
19 37 0
20 46 0
0 37 0
18 28 0
16 41 0
Net_id 19
pin_num 5
56 2 0
48 6 0
58 18 0
38 13 0
58 0 0
Net_id 20
pin_num 5
15 57 0
23 58 0
2 54 0
23 40 0
16 46 0
Net_id 21
pin_num 4
10 0 0
21 6 0
28 5 0
32 14 0
Net_id 22
pin_num 4
28 31 0
13 34 0
36 32 0
25 51 0
Net_id 23
pin_num 4
10 27 0
4 34 0
3 15 0
6 41 0
Net_id 24
pin_num 4
33 1 0
29 7 0
17 5 0
26 1 0
Net_id 25
pin_num 4
16 32 0
11 27 0
11 12 0
9 4 0
Net_id 26
pin_num 4
51 18 0
57 17 0
57 11 0
56 1 0
Net_id 27
pin_num 4
8 21 0
0 12 0
11 19 0
14 13 0
Net_id 28
pin_num 4
34 5 0
40 2 0
47 6 0
29 1 0
Net_id 29
pin_num 4
6 47 0
2 39 0
2 20 0
1 48 0
Net_id 30
pin_num 4
42 12 0
39 4 0
34 12 0
35 9 0
Net_id 31
pin_num 4
43 55 0
23 55 0
31 59 0
37 59 0
Net_id 32
pin_num 4
52 32 0
56 42 0
54 51 0
54 27 0
Net_id 33
pin_num 4
16 10 0
19 20 0
18 38 0
37 29 0
Net_id 34
pin_num 4
7 50 0
6 53 0
22 59 0
15 49 0
Net_id 35
pin_num 4
40 38 0
32 27 0
30 46 0
23 38 0
Net_id 36
pin_num 4
41 47 0
34 37 0
31 49 0
51 59 0
Net_id 37
pin_num 4
5 25 0
17 29 0
8 33 0
10 8 0
Net_id 38
pin_num 4
10 14 0
7 9 0
9 23 0
0 22 0
Net_id 39
pin_num 4
11 24 0
17 24 0
13 14 0
21 34 0
Net_id 40
pin_num 4
31 25 0
39 28 0
51 28 0
50 39 0
Net_id 41
pin_num 3
46 37 0
44 48 0
59 46 0
Net_id 42
pin_num 3
11 6 0
0 2 0
10 2 0
Net_id 43
pin_num 3
56 31 0
48 25 0
48 19 0
Net_id 44
pin_num 3
52 7 0
52 17 0
54 1 0
Net_id 45
pin_num 3
23 14 0
28 13 0
34 36 0
Net_id 46
pin_num 3
49 55 0
58 57 0
58 25 0
Net_id 47
pin_num 3
47 22 0
57 19 0
33 10 0
Net_id 48
pin_num 3
55 30 0
56 40 0
29 34 0
Net_id 49
pin_num 3
52 10 0
44 9 0
59 32 0
Net_id 50
pin_num 3
54 30 0
45 35 0
51 21 0
Net_id 51
pin_num 3
23 28 0
29 31 0
30 29 0
Net_id 52
pin_num 3
45 33 0
29 27 0
53 48 0
Net_id 53
pin_num 3
48 30 0
37 45 0
17 33 0
Net_id 54
pin_num 3
11 56 0
19 53 0
28 54 0
Net_id 55
pin_num 3
18 20 0
2 22 0
12 6 0
Net_id 56
pin_num 3
1 45 0
21 40 0
20 28 0
Net_id 57
pin_num 3
30 21 0
44 37 0
34 35 0
Net_id 58
pin_num 3
3 11 0
14 25 0
13 35 0
Net_id 59
pin_num 3
28 21 0
27 18 0
12 9 0
Net_id 60
pin_num 3
20 3 0
7 3 0
27 1 0
Net_id 61
pin_num 3
56 55 0
57 44 0
57 29 0
Net_id 62
pin_num 3
9 31 0
32 24 0
15 19 0
Net_id 63
pin_num 3
38 40 0
57 27 0
48 45 0
Net_id 64
pin_num 3
13 55 0
26 57 0
37 56 0
Net_id 65
pin_num 3
54 41 0
56 56 0
53 51 0
Net_id 66
pin_num 3
40 51 0
23 53 0
40 59 0
Net_id 67
pin_num 3
55 50 0
57 49 0
39 43 0
Net_id 68
pin_num 3
51 9 0
44 7 0
33 7 0
Net_id 69
pin_num 3
10 54 0
9 57 0
21 57 0
Net_id 70
pin_num 3
14 36 0
5 10 0
26 12 0
Net_id 71
pin_num 3
49 15 0
45 29 0
27 19 0
Net_id 72
pin_num 3
48 8 0
57 25 0
53 3 0
Net_id 73
pin_num 3
6 8 0
2 23 0
12 19 0
Net_id 74
pin_num 3
27 37 0
28 42 0
26 50 0
Net_id 75
pin_num 3
46 53 0
54 55 0
52 41 0
Net_id 76
pin_num 3
39 56 0
55 57 0
43 48 0
Net_id 77
pin_num 3
17 28 0
10 28 0
1 25 0
Net_id 78
pin_num 3
2 58 0
5 48 0
13 51 0
Net_id 79
pin_num 3
10 11 0
6 18 0
11 1 0
Net_id 80
pin_num 3
38 26 0
39 20 0
17 36 0
Net_id 81
pin_num 3
22 0 0
23 10 0
0 3 0
Net_id 82
pin_num 2
26 49 0
30 48 0
Net_id 83
pin_num 2
28 34 0
24 30 0
Net_id 84
pin_num 2
47 23 0
32 48 0
Net_id 85
pin_num 2
31 2 0
18 10 0
Net_id 86
pin_num 2
21 1 0
11 34 0
Net_id 87
pin_num 2
24 51 0
19 39 0
Net_id 88
pin_num 2
22 23 0
29 10 0
Net_id 89
pin_num 2
40 33 0
28 39 0
Net_id 90
pin_num 2
19 38 0
30 51 0
Net_id 91
pin_num 2
20 53 0
20 50 0
Net_id 92
pin_num 2
36 45 0
12 50 0
Net_id 93
pin_num 2
58 26 0
45 22 0
Net_id 94
pin_num 2
47 27 0
58 24 0
Net_id 95
pin_num 2
35 29 0
41 37 0
Net_id 96
pin_num 2
52 57 0
28 59 0
Net_id 97
pin_num 2
24 16 0
40 31 0
Net_id 98
pin_num 2
55 23 0
49 45 0
Net_id 99
pin_num 2
55 16 0
39 37 0
Net_id 100
pin_num 2
24 54 0
29 54 0
Net_id 101
pin_num 2
40 10 0
23 44 0
Net_id 102
pin_num 2
3 43 0
3 46 0
Net_id 103
pin_num 2
59 48 0
57 47 0
Net_id 104
pin_num 2
46 26 0
53 17 0
Net_id 105
pin_num 2
45 34 0
34 20 0
Net_id 106
pin_num 2
42 48 0
37 48 0
Net_id 107
pin_num 2
57 57 0
45 45 0
Net_id 108
pin_num 2
40 37 0
41 42 0
Net_id 109
pin_num 2
41 30 0
53 19 0
Net_id 110
pin_num 2
15 42 0
43 45 0
Net_id 111
pin_num 2
2 33 0
4 28 0
Net_id 112
pin_num 2
21 33 0
28 41 0
Net_id 113
pin_num 2
10 58 0
13 54 0
Net_id 114
pin_num 2
46 57 0
45 48 0
Net_id 115
pin_num 2
14 4 0
10 1 0
Net_id 116
pin_num 2
6 39 0
15 18 0
Net_id 117
pin_num 2
53 25 0
48 5 0
Net_id 118
pin_num 2
7 7 0
2 5 0
Net_id 119
pin_num 2
17 42 0
31 44 0
Net_id 120
pin_num 2
47 3 0
56 17 0
Net_id 121
pin_num 2
33 40 0
45 55 0
Net_id 122
pin_num 2
26 46 0
13 38 0
Net_id 123
pin_num 2
57 42 0
43 15 0
Net_id 124
pin_num 2
51 51 0
44 49 0
Net_id 125
pin_num 2
8 22 0
27 24 0
Net_id 126
pin_num 2
39 15 0
8 23 0
Net_id 127
pin_num 2
2 28 0
7 39 0
Net_id 128
pin_num 2
54 38 0
46 36 0
Net_id 129
pin_num 2
19 23 0
1 26 0
Net_id 130
pin_num 2
18 7 0
6 4 0
Net_id 131
pin_num 2
47 42 0
38 27 0
Net_id 132
pin_num 2
19 28 0
33 9 0
Net_id 133
pin_num 2
44 43 0
50 52 0
Net_id 134
pin_num 2
17 52 0
4 55 0
Net_id 135
pin_num 2
19 46 0
3 27 0
Net_id 136
pin_num 2
47 52 0
47 58 0
Net_id 137
pin_num 2
43 35 0
41 34 0
Net_id 138
pin_num 2
3 32 0
2 34 0
Net_id 139
pin_num 2
5 18 0
2 1 0
Net_id 140
pin_num 2
16 50 0
21 51 0
Net_id 141
pin_num 2
5 55 0
13 53 0
Net_id 142
pin_num 2
37 27 0
28 33 0
Net_id 143
pin_num 2
19 8 0
37 2 0
Net_id 144
pin_num 2
32 30 0
40 29 0
Net_id 145
pin_num 2
3 53 0
17 54 0
Net_id 146
pin_num 2
7 23 0
2 30 0
Net_id 147
pin_num 2
2 35 0
11 44 0
Net_id 148
pin_num 2
10 44 0
0 34 0
Net_id 149
pin_num 2
44 4 0
51 7 0
Net_id 150
pin_num 2
42 31 0
50 32 0
Net_id 151
pin_num 2
1 36 0
4 41 0
Net_id 152
pin_num 2
24 27 0
19 36 0
Net_id 153
pin_num 2
8 50 0
12 59 0
Net_id 154
pin_num 2
27 52 0
4 56 0
Net_id 155
pin_num 2
36 6 0
35 2 0
Net_id 156
pin_num 2
55 12 0
46 29 0
Net_id 157
pin_num 2
8 12 0
2 0 0
Net_id 158
pin_num 2
20 54 0
23 56 0
