Width 60
Height 60
Layer 6
Total_WL 6385
Obstacle_num 144
8 41 0 18 42 0
22 23 0 32 24 0
33 0 0 39 1 0
17 20 0 24 21 0
45 17 0 51 18 0
47 45 0 52 46 0
30 21 0 33 22 0
10 9 0 17 10 0
43 22 0 50 23 0
24 17 0 34 18 0
10 56 0 16 57 0
22 56 0 31 57 0
26 53 0 34 54 0
29 9 0 38 10 0
20 29 0 28 30 0
21 3 0 27 4 0
42 26 0 51 27 0
22 15 0 28 16 0
2 52 0 11 53 0
51 14 0 57 15 0
38 12 0 46 13 0
50 56 0 55 57 0
50 55 0 56 56 0
16 19 0 25 20 0
1 41 1 2 45 1
49 17 1 50 24 1
15 7 1 16 11 1
53 48 1 54 56 1
6 21 1 7 27 1
19 27 1 20 34 1
45 21 1 46 29 1
57 12 1 58 19 1
18 37 1 19 42 1
33 30 1 34 39 1
36 8 1 37 15 1
7 52 1 8 57 1
30 43 1 31 49 1
20 15 1 21 25 1
9 42 1 10 52 1
43 9 1 44 18 1
14 4 1 15 11 1
30 19 1 31 24 1
22 45 1 23 53 1
25 6 1 26 16 1
58 17 1 59 21 1
44 19 1 45 29 1
27 26 1 28 30 1
38 35 1 39 44 1
51 40 2 57 41 2
12 18 2 22 19 2
28 51 2 34 52 2
16 4 2 26 5 2
39 31 2 44 32 2
29 11 2 35 12 2
12 31 2 19 32 2
11 46 2 20 47 2
38 7 2 43 8 2
45 41 2 51 42 2
2 45 2 9 46 2
3 24 2 11 25 2
24 7 2 31 8 2
24 24 2 28 25 2
4 57 2 7 58 2
14 27 2 23 28 2
42 26 2 49 27 2
8 2 2 12 3 2
33 23 2 43 24 2
14 58 2 19 59 2
15 6 2 21 7 2
15 23 2 20 24 2
40 22 2 50 23 2
7 15 2 13 16 2
51 33 3 52 42 3
32 13 3 33 17 3
27 34 3 28 44 3
46 31 3 47 35 3
11 16 3 12 21 3
40 1 3 41 9 3
8 10 3 9 18 3
58 20 3 59 25 3
19 16 3 20 25 3
31 51 3 32 58 3
21 36 3 22 39 3
8 35 3 9 45 3
29 45 3 30 51 3
41 22 3 42 26 3
15 45 3 16 51 3
15 2 3 16 12 3
5 21 3 6 31 3
51 28 3 52 32 3
12 29 3 13 37 3
7 31 3 8 38 3
27 15 3 28 25 3
37 37 3 38 45 3
0 43 3 1 48 3
7 17 3 8 21 3
11 15 4 18 16 4
35 0 4 42 1 4
42 32 4 51 33 4
40 56 4 43 57 4
46 4 4 52 5 4
15 11 4 22 12 4
30 5 4 39 6 4
18 45 4 22 46 4
40 25 4 45 26 4
14 51 4 21 52 4
42 58 4 51 59 4
41 31 4 49 32 4
18 9 4 27 10 4
30 56 4 38 57 4
34 20 4 43 21 4
43 23 4 52 24 4
1 55 4 4 56 4
20 16 4 30 17 4
27 45 4 34 46 4
28 0 4 31 1 4
51 56 4 58 57 4
23 49 4 30 50 4
10 46 4 19 47 4
45 16 4 55 17 4
18 40 5 19 43 5
38 7 5 39 15 5
15 41 5 16 51 5
3 33 5 4 37 5
51 6 5 52 13 5
37 31 5 38 40 5
14 30 5 15 37 5
36 43 5 37 52 5
46 28 5 47 32 5
33 33 5 34 40 5
45 31 5 46 35 5
28 28 5 29 35 5
49 41 5 50 51 5
8 8 5 9 13 5
26 34 5 27 44 5
50 25 5 51 33 5
32 44 5 33 48 5
53 26 5 54 32 5
41 14 5 42 20 5
39 18 5 40 23 5
19 7 5 20 11 5
50 49 5 51 53 5
46 49 5 47 54 5
14 24 5 15 29 5
Net_num 162
Net_id 0
pin_num 5
30 24 0
35 24 0
40 24 0
35 8 0
35 1 0
Net_id 1
pin_num 5
7 59 0
7 57 0
12 57 0
9 59 0
13 58 0
Net_id 2
pin_num 5
55 45 0
50 36 0
57 39 0
45 39 0
55 43 0
Net_id 3
pin_num 5
15 51 0
18 52 0
38 51 0
25 36 0
33 59 0
Net_id 4
pin_num 5
10 18 0
23 22 0
12 0 0
0 5 0
8 0 0
Net_id 5
pin_num 5
45 42 0
43 48 0
59 43 0
48 25 0
48 59 0
Net_id 6
pin_num 5
59 8 0
57 7 0
52 8 0
42 0 0
51 2 0
Net_id 7
pin_num 5
42 36 0
47 37 0
29 37 0
44 47 0
55 44 0
Net_id 8
pin_num 5
54 6 0
58 3 0
59 20 0
56 22 0
59 21 0
Net_id 9
pin_num 5
2 40 0
2 31 0
21 38 0
11 38 0
5 58 0
Net_id 10
pin_num 5
32 13 0
22 12 0
26 21 0
28 7 0
22 21 0
Net_id 11
pin_num 5
42 54 0
39 47 0
39 31 0
44 40 0
24 40 0
Net_id 12
pin_num 5
58 33 0
53 18 0
50 15 0
50 8 0
52 34 0
Net_id 13
pin_num 5
18 40 0
4 46 0
15 31 0
4 37 0
29 33 0
Net_id 14
pin_num 5
6 37 0
9 37 0
8 44 0
8 50 0
31 50 0
Net_id 15
pin_num 5
26 19 0
33 20 0
47 20 0
32 29 0
44 29 0
Net_id 16
pin_num 5
1 3 0
7 6 0
5 0 0
5 19 0
6 4 0
Net_id 17
pin_num 5
41 53 0
50 53 0
40 49 0
49 49 0
58 46 0
Net_id 18
pin_num 5
40 22 0
47 18 0
43 23 0
42 27 0
41 5 0
Net_id 19
pin_num 5
5 45 0
17 43 0
14 33 0
14 20 0
10 55 0
Net_id 20
pin_num 5
29 7 0
38 6 0
25 19 0
32 0 0
40 13 0
Net_id 21
pin_num 5
16 7 0
27 7 0
31 1 0
24 24 0
26 10 0
Net_id 22
pin_num 4
54 25 0
47 34 0
59 23 0
52 46 0
Net_id 23
pin_num 4
4 35 0
0 48 0
8 48 0
2 28 0
Net_id 24
pin_num 4
37 15 0
45 9 0
42 28 0
31 28 0
Net_id 25
pin_num 4
59 32 0
50 28 0
41 30 0
47 21 0
Net_id 26
pin_num 4
15 26 0
0 24 0
7 25 0
0 6 0
Net_id 27
pin_num 4
12 40 0
3 40 0
0 34 0
1 6 0
Net_id 28
pin_num 4
48 23 0
56 23 0
49 3 0
59 35 0
Net_id 29
pin_num 4
56 42 0
59 55 0
52 33 0
37 43 0
Net_id 30
pin_num 4
43 58 0
52 58 0
47 57 0
41 59 0
Net_id 31
pin_num 4
41 39 0
18 39 0
33 48 0
13 43 0
Net_id 32
pin_num 4
55 12 0
58 5 0
34 12 0
42 1 0
Net_id 33
pin_num 4
29 29 0
20 36 0
28 42 0
20 25 0
Net_id 34
pin_num 4
55 26 0
48 19 0
37 22 0
39 14 0
Net_id 35
pin_num 4
34 20 0
34 15 0
21 15 0
28 26 0
Net_id 36
pin_num 4
47 41 0
29 36 0
29 52 0
7 50 0
Net_id 37
pin_num 4
7 19 0
6 11 0
6 5 0
2 17 0
Net_id 38
pin_num 4
42 23 0
39 29 0
34 34 0
39 18 0
Net_id 39
pin_num 4
30 27 0
31 20 0
31 32 0
31 2 0
Net_id 40
pin_num 4
58 22 0
56 25 0
40 21 0
55 4 0
Net_id 41
pin_num 4
32 35 0
36 27 0
42 35 0
36 42 0
Net_id 42
pin_num 4
57 55 0
49 59 0
50 54 0
59 58 0
Net_id 43
pin_num 3
33 19 0
58 16 0
57 21 0
Net_id 44
pin_num 3
46 45 0
31 47 0
46 51 0
Net_id 45
pin_num 3
50 1 0
59 1 0
52 7 0
Net_id 46
pin_num 3
55 7 0
58 15 0
56 24 0
Net_id 47
pin_num 3
54 29 0
45 30 0
52 19 0
Net_id 48
pin_num 3
22 52 0
26 41 0
19 59 0
Net_id 49
pin_num 3
10 7 0
3 4 0
4 16 0
Net_id 50
pin_num 3
24 48 0
32 32 0
32 48 0
Net_id 51
pin_num 3
0 33 0
9 33 0
13 22 0
Net_id 52
pin_num 3
5 2 0
8 1 0
30 3 0
Net_id 53
pin_num 3
11 22 0
22 8 0
27 1 0
Net_id 54
pin_num 3
57 51 0
56 43 0
59 41 0
Net_id 55
pin_num 3
13 16 0
22 24 0
16 30 0
Net_id 56
pin_num 3
34 27 0
40 30 0
27 21 0
Net_id 57
pin_num 3
12 34 0
16 36 0
2 34 0
Net_id 58
pin_num 3
12 25 0
0 42 0
5 50 0
Net_id 59
pin_num 3
45 8 0
34 2 0
58 26 0
Net_id 60
pin_num 3
0 11 0
3 27 0
15 1 0
Net_id 61
pin_num 3
7 47 0
0 56 0
28 52 0
Net_id 62
pin_num 3
1 34 0
16 26 0
9 13 0
Net_id 63
pin_num 3
23 4 0
40 5 0
28 3 0
Net_id 64
pin_num 3
10 59 0
2 50 0
1 54 0
Net_id 65
pin_num 3
38 34 0
53 30 0
43 54 0
Net_id 66
pin_num 3
58 2 0
46 6 0
43 24 0
Net_id 67
pin_num 3
21 17 0
7 39 0
19 34 0
Net_id 68
pin_num 3
35 36 0
30 33 0
17 42 0
Net_id 69
pin_num 3
52 17 0
52 10 0
48 13 0
Net_id 70
pin_num 3
17 27 0
7 28 0
3 29 0
Net_id 71
pin_num 3
38 9 0
42 13 0
42 4 0
Net_id 72
pin_num 3
10 44 0
20 40 0
13 52 0
Net_id 73
pin_num 3
29 42 0
45 40 0
50 32 0
Net_id 74
pin_num 3
59 45 0
47 50 0
54 36 0
Net_id 75
pin_num 3
22 55 0
36 48 0
32 50 0
Net_id 76
pin_num 3
56 9 0
53 3 0
46 9 0
Net_id 77
pin_num 3
1 52 0
3 57 0
3 42 0
Net_id 78
pin_num 3
44 21 0
54 28 0
57 41 0
Net_id 79
pin_num 3
37 11 0
16 20 0
16 0 0
Net_id 80
pin_num 3
15 35 0
24 37 0
5 51 0
Net_id 81
pin_num 3
56 47 0
44 55 0
49 57 0
Net_id 82
pin_num 3
23 28 0
22 14 0
34 14 0
Net_id 83
pin_num 2
19 46 0
4 49 0
Net_id 84
pin_num 2
5 13 0
15 11 0
Net_id 85
pin_num 2
37 48 0
44 57 0
Net_id 86
pin_num 2
56 56 0
34 55 0
Net_id 87
pin_num 2
22 43 0
38 55 0
Net_id 88
pin_num 2
34 3 0
44 10 0
Net_id 89
pin_num 2
15 4 0
18 0 0
Net_id 90
pin_num 2
8 11 0
3 14 0
Net_id 91
pin_num 2
17 56 0
13 40 0
Net_id 92
pin_num 2
42 3 0
53 15 0
Net_id 93
pin_num 2
35 54 0
44 49 0
Net_id 94
pin_num 2
6 51 0
17 30 0
Net_id 95
pin_num 2
51 24 0
36 17 0
Net_id 96
pin_num 2
55 30 0
45 15 0
Net_id 97
pin_num 2
35 52 0
58 43 0
Net_id 98
pin_num 2
41 20 0
29 31 0
Net_id 99
pin_num 2
51 21 0
48 20 0
Net_id 100
pin_num 2
33 6 0
37 7 0
Net_id 101
pin_num 2
56 20 0
46 28 0
Net_id 102
pin_num 2
29 12 0
17 14 0
Net_id 103
pin_num 2
20 24 0
13 42 0
Net_id 104
pin_num 2
19 55 0
30 57 0
Net_id 105
pin_num 2
40 59 0
43 55 0
Net_id 106
pin_num 2
31 16 0
13 21 0
Net_id 107
pin_num 2
30 54 0
41 47 0
Net_id 108
pin_num 2
8 5 0
22 18 0
Net_id 109
pin_num 2
53 42 0
59 22 0
Net_id 110
pin_num 2
51 49 0
54 54 0
Net_id 111
pin_num 2
13 51 0
1 47 0
Net_id 112
pin_num 2
52 48 0
35 33 0
Net_id 113
pin_num 2
25 1 0
16 8 0
Net_id 114
pin_num 2
39 11 0
48 2 0
Net_id 115
pin_num 2
15 34 0
16 42 0
Net_id 116
pin_num 2
42 55 0
38 56 0
Net_id 117
pin_num 2
27 18 0
21 40 0
Net_id 118
pin_num 2
36 18 0
13 33 0
Net_id 119
pin_num 2
1 25 0
0 38 0
Net_id 120
pin_num 2
3 25 0
16 48 0
Net_id 121
pin_num 2
51 39 0
46 38 0
Net_id 122
pin_num 2
38 38 0
45 34 0
Net_id 123
pin_num 2
17 52 0
1 51 0
Net_id 124
pin_num 2
28 10 0
15 13 0
Net_id 125
pin_num 2
52 44 0
50 46 0
Net_id 126
pin_num 2
48 8 0
44 7 0
Net_id 127
pin_num 2
46 14 0
38 8 0
Net_id 128
pin_num 2
51 54 0
55 37 0
Net_id 129
pin_num 2
19 23 0
4 19 0
Net_id 130
pin_num 2
47 40 0
55 27 0
Net_id 131
pin_num 2
45 7 0
54 11 0
Net_id 132
pin_num 2
1 50 0
3 41 0
Net_id 133
pin_num 2
20 46 0
27 42 0
Net_id 134
pin_num 2
31 48 0
27 52 0
Net_id 135
pin_num 2
9 3 0
27 11 0
Net_id 136
pin_num 2
0 31 0
2 24 0
Net_id 137
pin_num 2
49 12 0
38 33 0
Net_id 138
pin_num 2
8 46 0
12 54 0
Net_id 139
pin_num 2
40 56 0
58 42 0
Net_id 140
pin_num 2
5 57 0
3 50 0
Net_id 141
pin_num 2
59 29 0
58 31 0
Net_id 142
pin_num 2
28 11 0
37 18 0
Net_id 143
pin_num 2
47 33 0
38 21 0
Net_id 144
pin_num 2
31 57 0
43 57 0
Net_id 145
pin_num 2
52 36 0
55 48 0
Net_id 146
pin_num 2
21 59 0
39 53 0
Net_id 147
pin_num 2
56 51 0
50 50 0
Net_id 148
pin_num 2
53 39 0
57 58 0
Net_id 149
pin_num 2
31 10 0
45 2 0
Net_id 150
pin_num 2
43 34 0
40 31 0
Net_id 151
pin_num 2
40 43 0
46 42 0
Net_id 152
pin_num 2
50 12 0
49 15 0
Net_id 153
pin_num 2
43 7 0
31 3 0
Net_id 154
pin_num 2
19 52 0
21 49 0
Net_id 155
pin_num 2
47 2 0
36 5 0
Net_id 156
pin_num 2
17 31 0
21 28 0
Net_id 157
pin_num 2
19 14 0
23 5 0
Net_id 158
pin_num 2
11 49 0
29 30 0
Net_id 159
pin_num 2
17 10 0
16 12 0
Net_id 160
pin_num 2
40 1 0
36 2 0
Net_id 161
pin_num 2
5 44 0
4 39 0
