Width 60
Height 60
Layer 6
Total_WL 7213
Obstacle_num 144
32 11 0 40 12 0
47 2 0 57 3 0
29 40 0 38 41 0
14 26 0 21 27 0
38 9 0 44 10 0
28 9 0 31 10 0
3 3 0 9 4 0
17 53 0 22 54 0
0 14 0 8 15 0
0 47 0 9 48 0
7 0 0 14 1 0
53 16 0 58 17 0
45 49 0 52 50 0
5 40 0 14 41 0
40 39 0 45 40 0
30 49 0 34 50 0
43 44 0 52 45 0
45 27 0 50 28 0
49 32 0 52 33 0
21 26 0 28 27 0
47 5 0 57 6 0
48 1 0 58 2 0
13 8 0 23 9 0
34 3 0 37 4 0
28 28 1 29 31 1
35 8 1 36 12 1
26 22 1 27 27 1
20 18 1 21 22 1
55 10 1 56 13 1
8 54 1 9 59 1
40 1 1 41 5 1
57 28 1 58 36 1
23 30 1 24 38 1
14 43 1 15 49 1
37 35 1 38 44 1
16 23 1 17 27 1
33 4 1 34 14 1
25 54 1 26 59 1
20 51 1 21 54 1
19 39 1 20 48 1
4 27 1 5 31 1
58 35 1 59 43 1
34 45 1 35 50 1
35 33 1 36 43 1
44 14 1 45 18 1
41 12 1 42 22 1
28 37 1 29 45 1
6 28 1 7 34 1
25 4 2 31 5 2
19 15 2 29 16 2
28 5 2 37 6 2
7 44 2 11 45 2
17 30 2 26 31 2
39 53 2 44 54 2
27 54 2 32 55 2
15 17 2 23 18 2
22 12 2 32 13 2
9 54 2 15 55 2
15 42 2 19 43 2
38 33 2 48 34 2
37 57 2 45 58 2
10 53 2 15 54 2
41 9 2 45 10 2
27 31 2 35 32 2
30 30 2 38 31 2
29 56 2 36 57 2
6 6 2 9 7 2
48 8 2 52 9 2
21 18 2 24 19 2
47 57 2 51 58 2
46 42 2 55 43 2
12 55 2 15 56 2
35 46 3 36 52 3
33 31 3 34 37 3
24 43 3 25 48 3
40 47 3 41 52 3
58 20 3 59 28 3
57 9 3 58 17 3
55 14 3 56 23 3
5 37 3 6 40 3
54 36 3 55 44 3
15 45 3 16 49 3
47 26 3 48 33 3
47 37 3 48 41 3
51 9 3 52 13 3
30 48 3 31 56 3
24 12 3 25 22 3
30 20 3 31 29 3
21 22 3 22 26 3
8 45 3 9 48 3
13 46 3 14 51 3
40 0 3 41 6 3
42 29 3 43 37 3
19 13 3 20 16 3
31 28 3 32 36 3
5 40 3 6 43 3
41 57 4 50 58 4
44 24 4 48 25 4
33 52 4 42 53 4
47 48 4 51 49 4
42 5 4 52 6 4
20 23 4 28 24 4
9 55 4 19 56 4
39 26 4 44 27 4
18 31 4 21 32 4
46 41 4 51 42 4
10 23 4 19 24 4
2 24 4 8 25 4
55 21 4 58 22 4
16 58 4 25 59 4
22 42 4 25 43 4
51 52 4 56 53 4
16 37 4 26 38 4
36 58 4 42 59 4
1 54 4 10 55 4
34 37 4 38 38 4
50 4 4 56 5 4
12 54 4 20 55 4
34 35 4 44 36 4
1 20 4 5 21 4
36 2 5 37 9 5
57 47 5 58 51 5
44 43 5 45 50 5
38 45 5 39 51 5
52 49 5 53 56 5
11 43 5 12 52 5
58 49 5 59 55 5
33 18 5 34 23 5
42 50 5 43 53 5
13 49 5 14 54 5
36 26 5 37 34 5
55 51 5 56 59 5
25 6 5 26 14 5
53 11 5 54 16 5
6 8 5 7 15 5
23 25 5 24 28 5
54 1 5 55 11 5
12 39 5 13 47 5
5 16 5 6 19 5
53 34 5 54 39 5
12 8 5 13 18 5
37 9 5 38 16 5
8 24 5 9 28 5
41 17 5 42 23 5
Net_num 162
Net_id 0
pin_num 5
37 5 0
27 7 0
14 0 0
27 8 0
29 6 0
Net_id 1
pin_num 5
56 50 0
53 40 0
38 44 0
57 57 0
48 46 0
Net_id 2
pin_num 5
31 30 0
44 25 0
35 17 0
31 28 0
55 17 0
Net_id 3
pin_num 5
30 53 0
16 59 0
22 30 0
3 52 0
8 32 0
Net_id 4
pin_num 5
38 40 0
45 32 0
26 32 0
34 42 0
38 34 0
Net_id 5
pin_num 5
15 39 0
2 31 0
2 55 0
16 50 0
0 36 0
Net_id 6
pin_num 5
23 25 0
32 23 0
31 15 0
16 24 0
48 21 0
Net_id 7
pin_num 5
3 55 0
6 57 0
0 35 0
16 39 0
16 29 0
Net_id 8
pin_num 5
9 14 0
18 10 0
9 1 0
0 15 0
8 2 0
Net_id 9
pin_num 5
5 37 0
1 50 0
0 32 0
12 49 0
14 54 0
Net_id 10
pin_num 5
13 53 0
23 47 0
2 30 0
24 48 0
19 56 0
Net_id 11
pin_num 5
3 26 0
14 31 0
11 41 0
3 41 0
3 48 0
Net_id 12
pin_num 5
57 48 0
52 43 0
58 45 0
48 45 0
30 46 0
Net_id 13
pin_num 5
48 10 0
54 0 0
49 33 0
49 51 0
37 18 0
Net_id 14
pin_num 5
49 20 0
54 7 0
47 10 0
59 23 0
58 0 0
Net_id 15
pin_num 5
3 38 0
5 46 0
12 45 0
9 31 0
16 46 0
Net_id 16
pin_num 5
25 36 0
31 47 0
38 47 0
40 59 0
20 38 0
Net_id 17
pin_num 5
0 3 0
3 17 0
9 9 0
0 20 0
3 2 0
Net_id 18
pin_num 5
41 42 0
36 38 0
59 39 0
45 47 0
53 28 0
Net_id 19
pin_num 5
9 10 0
8 4 0
21 9 0
10 16 0
0 4 0
Net_id 20
pin_num 4
47 23 0
50 29 0
59 34 0
33 24 0
Net_id 21
pin_num 4
53 10 0
50 19 0
53 0 0
59 24 0
Net_id 22
pin_num 4
20 31 0
23 40 0
14 37 0
29 55 0
Net_id 23
pin_num 4
58 43 0
53 55 0
56 35 0
50 54 0
Net_id 24
pin_num 4
16 6 0
10 15 0
12 29 0
6 0 0
Net_id 25
pin_num 4
55 40 0
51 47 0
21 46 0
40 38 0
Net_id 26
pin_num 4
20 54 0
15 51 0
6 59 0
4 42 0
Net_id 27
pin_num 4
37 51 0
40 41 0
39 19 0
19 33 0
Net_id 28
pin_num 4
32 25 0
39 39 0
27 39 0
21 45 0
Net_id 29
pin_num 4
28 44 0
31 41 0
39 41 0
29 26 0
Net_id 30
pin_num 4
51 36 0
48 14 0
59 25 0
55 26 0
Net_id 31
pin_num 4
3 45 0
1 56 0
11 56 0
0 59 0
Net_id 32
pin_num 4
9 3 0
23 1 0
21 0 0
17 19 0
Net_id 33
pin_num 4
36 26 0
33 28 0
40 28 0
34 17 0
Net_id 34
pin_num 4
58 6 0
47 13 0
58 5 0
56 15 0
Net_id 35
pin_num 4
36 9 0
34 14 0
48 0 0
47 9 0
Net_id 36
pin_num 4
46 51 0
40 50 0
58 47 0
41 58 0
Net_id 37
pin_num 4
52 37 0
46 38 0
51 31 0
43 46 0
Net_id 38
pin_num 4
19 10 0
24 22 0
9 13 0
18 2 0
Net_id 39
pin_num 4
46 25 0
32 34 0
35 44 0
20 44 0
Net_id 40
pin_num 3
10 8 0
2 16 0
23 3 0
Net_id 41
pin_num 3
9 4 0
19 27 0
26 5 0
Net_id 42
pin_num 3
57 9 0
44 1 0
49 52 0
Net_id 43
pin_num 3
52 51 0
48 47 0
41 52 0
Net_id 44
pin_num 3
22 9 0
35 13 0
5 0 0
Net_id 45
pin_num 3
2 37 0
8 48 0
1 36 0
Net_id 46
pin_num 3
18 11 0
11 2 0
44 7 0
Net_id 47
pin_num 3
31 53 0
58 54 0
36 46 0
Net_id 48
pin_num 3
28 38 0
14 49 0
26 59 0
Net_id 49
pin_num 3
11 32 0
8 14 0
12 41 0
Net_id 50
pin_num 3
8 51 0
2 56 0
14 51 0
Net_id 51
pin_num 3
22 10 0
36 12 0
16 15 0
Net_id 52
pin_num 3
4 59 0
9 47 0
16 51 0
Net_id 53
pin_num 3
7 10 0
1 15 0
9 38 0
Net_id 54
pin_num 3
7 32 0
0 23 0
2 38 0
Net_id 55
pin_num 3
9 11 0
15 1 0
14 25 0
Net_id 56
pin_num 3
51 29 0
58 11 0
46 2 0
Net_id 57
pin_num 3
51 22 0
59 33 0
56 4 0
Net_id 58
pin_num 3
16 5 0
29 8 0
22 11 0
Net_id 59
pin_num 3
51 12 0
41 5 0
32 24 0
Net_id 60
pin_num 3
20 56 0
39 56 0
18 51 0
Net_id 61
pin_num 3
20 23 0
11 20 0
22 6 0
Net_id 62
pin_num 3
15 6 0
8 27 0
5 35 0
Net_id 63
pin_num 3
16 35 0
27 33 0
31 9 0
Net_id 64
pin_num 3
20 15 0
21 10 0
18 18 0
Net_id 65
pin_num 3
38 15 0
25 16 0
46 11 0
Net_id 66
pin_num 3
29 4 0
8 22 0
18 20 0
Net_id 67
pin_num 3
32 18 0
14 21 0
20 57 0
Net_id 68
pin_num 3
39 57 0
35 55 0
56 57 0
Net_id 69
pin_num 3
41 33 0
11 21 0
3 25 0
Net_id 70
pin_num 3
24 31 0
33 43 0
21 34 0
Net_id 71
pin_num 3
9 7 0
8 20 0
26 11 0
Net_id 72
pin_num 3
10 22 0
21 31 0
28 26 0
Net_id 73
pin_num 3
57 20 0
55 14 0
54 28 0
Net_id 74
pin_num 3
42 13 0
57 11 0
56 27 0
Net_id 75
pin_num 3
16 17 0
9 17 0
2 18 0
Net_id 76
pin_num 3
12 50 0
2 39 0
22 28 0
Net_id 77
pin_num 3
42 49 0
55 37 0
48 32 0
Net_id 78
pin_num 3
23 58 0
47 47 0
32 35 0
Net_id 79
pin_num 2
29 45 0
47 46 0
Net_id 80
pin_num 2
34 48 0
56 48 0
Net_id 81
pin_num 2
58 28 0
54 19 0
Net_id 82
pin_num 2
6 42 0
23 57 0
Net_id 83
pin_num 2
38 52 0
46 55 0
Net_id 84
pin_num 2
3 34 0
7 11 0
Net_id 85
pin_num 2
32 29 0
50 33 0
Net_id 86
pin_num 2
26 33 0
16 19 0
Net_id 87
pin_num 2
10 36 0
24 39 0
Net_id 88
pin_num 2
52 3 0
38 24 0
Net_id 89
pin_num 2
5 18 0
1 1 0
Net_id 90
pin_num 2
8 17 0
15 31 0
Net_id 91
pin_num 2
55 35 0
41 35 0
Net_id 92
pin_num 2
21 17 0
36 10 0
Net_id 93
pin_num 2
40 36 0
47 25 0
Net_id 94
pin_num 2
57 59 0
58 34 0
Net_id 95
pin_num 2
38 58 0
22 27 0
Net_id 96
pin_num 2
37 26 0
54 26 0
Net_id 97
pin_num 2
25 3 0
27 1 0
Net_id 98
pin_num 2
41 20 0
32 14 0
Net_id 99
pin_num 2
33 58 0
21 42 0
Net_id 100
pin_num 2
53 23 0
47 22 0
Net_id 101
pin_num 2
28 1 0
42 15 0
Net_id 102
pin_num 2
28 43 0
22 43 0
Net_id 103
pin_num 2
12 32 0
36 18 0
Net_id 104
pin_num 2
0 58 0
13 37 0
Net_id 105
pin_num 2
16 43 0
6 37 0
Net_id 106
pin_num 2
15 0 0
43 10 0
Net_id 107
pin_num 2
50 58 0
41 56 0
Net_id 108
pin_num 2
41 2 0
54 10 0
Net_id 109
pin_num 2
49 43 0
39 54 0
Net_id 110
pin_num 2
59 22 0
58 48 0
Net_id 111
pin_num 2
51 4 0
57 7 0
Net_id 112
pin_num 2
33 48 0
19 29 0
Net_id 113
pin_num 2
12 13 0
1 2 0
Net_id 114
pin_num 2
53 32 0
58 12 0
Net_id 115
pin_num 2
2 53 0
14 58 0
Net_id 116
pin_num 2
19 48 0
3 27 0
Net_id 117
pin_num 2
7 22 0
8 35 0
Net_id 118
pin_num 2
47 18 0
26 31 0
Net_id 119
pin_num 2
10 30 0
7 25 0
Net_id 120
pin_num 2
21 59 0
6 43 0
Net_id 121
pin_num 2
17 34 0
1 25 0
Net_id 122
pin_num 2
24 29 0
26 30 0
Net_id 123
pin_num 2
2 5 0
21 20 0
Net_id 124
pin_num 2
4 28 0
10 28 0
Net_id 125
pin_num 2
52 31 0
58 17 0
Net_id 126
pin_num 2
1 22 0
5 36 0
Net_id 127
pin_num 2
58 37 0
51 40 0
Net_id 128
pin_num 2
54 54 0
59 38 0
Net_id 129
pin_num 2
44 27 0
32 20 0
Net_id 130
pin_num 2
22 46 0
27 45 0
Net_id 131
pin_num 2
35 22 0
25 22 0
Net_id 132
pin_num 2
52 24 0
42 21 0
Net_id 133
pin_num 2
1 35 0
18 44 0
Net_id 134
pin_num 2
14 15 0
31 27 0
Net_id 135
pin_num 2
40 2 0
29 2 0
Net_id 136
pin_num 2
51 16 0
23 29 0
Net_id 137
pin_num 2
37 3 0
50 7 0
Net_id 138
pin_num 2
43 40 0
49 40 0
Net_id 139
pin_num 2
31 37 0
46 52 0
Net_id 140
pin_num 2
6 27 0
1 31 0
Net_id 141
pin_num 2
19 52 0
28 55 0
Net_id 142
pin_num 2
1 57 0
4 53 0
Net_id 143
pin_num 2
14 28 0
4 1 0
Net_id 144
pin_num 2
25 42 0
17 41 0
Net_id 145
pin_num 2
54 58 0
58 57 0
Net_id 146
pin_num 2
16 44 0
27 55 0
Net_id 147
pin_num 2
9 53 0
10 48 0
Net_id 148
pin_num 2
26 19 0
20 12 0
Net_id 149
pin_num 2
9 56 0
10 43 0
Net_id 150
pin_num 2
32 31 0
21 6 0
Net_id 151
pin_num 2
56 26 0
36 16 0
Net_id 152
pin_num 2
34 44 0
29 58 0
Net_id 153
pin_num 2
20 50 0
6 39 0
Net_id 154
pin_num 2
56 38 0
37 19 0
Net_id 155
pin_num 2
48 55 0
58 51 0
Net_id 156
pin_num 2
57 25 0
44 28 0
Net_id 157
pin_num 2
13 59 0
34 51 0
Net_id 158
pin_num 2
45 20 0
51 15 0
Net_id 159
pin_num 2
21 39 0
2 20 0
Net_id 160
pin_num 2
19 19 0
1 27 0
Net_id 161
pin_num 2
22 32 0
40 55 0
