Width 60
Height 60
Layer 6
Total_WL 6482
Obstacle_num 144
43 23 0 47 24 0
8 17 0 14 18 0
8 21 0 16 22 0
11 46 0 19 47 0
31 49 0 41 50 0
9 15 0 15 16 0
22 11 0 31 12 0
43 36 0 53 37 0
46 24 0 53 25 0
8 48 0 12 49 0
32 45 0 42 46 0
17 54 0 22 55 0
34 21 0 39 22 0
16 27 0 26 28 0
26 50 0 34 51 0
35 56 0 42 57 0
29 44 0 39 45 0
45 9 0 49 10 0
5 53 0 12 54 0
54 37 0 58 38 0
20 6 0 28 7 0
31 54 0 36 55 0
17 7 0 24 8 0
1 12 0 10 13 0
28 20 1 29 30 1
39 35 1 40 40 1
40 51 1 41 59 1
31 29 1 32 34 1
7 12 1 8 15 1
9 38 1 10 43 1
37 24 1 38 33 1
42 49 1 43 55 1
8 47 1 9 57 1
9 14 1 10 20 1
36 4 1 37 12 1
24 34 1 25 39 1
0 24 1 1 30 1
53 27 1 54 33 1
48 17 1 49 24 1
40 23 1 41 32 1
42 4 1 43 12 1
53 14 1 54 18 1
5 46 1 6 51 1
53 54 1 54 59 1
41 51 1 42 59 1
44 9 1 45 15 1
36 28 1 37 33 1
56 48 1 57 55 1
14 55 2 17 56 2
38 1 2 46 2 2
47 0 2 50 1 2
3 14 2 6 15 2
34 37 2 40 38 2
35 27 2 43 28 2
13 28 2 17 29 2
11 2 2 14 3 2
43 38 2 51 39 2
51 37 2 54 38 2
44 57 2 51 58 2
9 9 2 18 10 2
44 10 2 49 11 2
18 17 2 21 18 2
26 34 2 29 35 2
19 18 2 28 19 2
9 46 2 18 47 2
6 44 2 9 45 2
2 43 2 11 44 2
21 48 2 30 49 2
9 31 2 19 32 2
39 48 2 43 49 2
7 39 2 12 40 2
17 36 2 24 37 2
56 35 3 57 42 3
21 7 3 22 17 3
10 24 3 11 27 3
49 39 3 50 49 3
6 37 3 7 44 3
29 17 3 30 26 3
27 50 3 28 54 3
16 29 3 17 34 3
12 39 3 13 49 3
47 46 3 48 54 3
2 31 3 3 38 3
16 42 3 17 52 3
54 17 3 55 23 3
40 32 3 41 42 3
24 38 3 25 41 3
24 5 3 25 12 3
19 28 3 20 31 3
48 30 3 49 34 3
12 13 3 13 20 3
28 35 3 29 41 3
22 33 3 23 38 3
48 46 3 49 51 3
23 39 3 24 45 3
45 11 3 46 19 3
4 56 4 7 57 4
9 29 4 17 30 4
55 1 4 58 2 4
43 25 4 50 26 4
29 50 4 36 51 4
37 55 4 47 56 4
18 10 4 23 11 4
28 51 4 32 52 4
32 42 4 35 43 4
2 36 4 9 37 4
47 52 4 54 53 4
20 57 4 27 58 4
13 43 4 22 44 4
27 58 4 30 59 4
40 33 4 47 34 4
16 6 4 21 7 4
26 20 4 36 21 4
13 28 4 23 29 4
50 48 4 55 49 4
3 4 4 7 5 4
3 16 4 10 17 4
34 46 4 38 47 4
30 16 4 36 17 4
30 35 4 37 36 4
9 26 5 10 34 5
26 6 5 27 14 5
46 7 5 47 11 5
22 5 5 23 14 5
34 10 5 35 19 5
30 18 5 31 23 5
12 2 5 13 9 5
0 48 5 1 58 5
53 37 5 54 44 5
39 38 5 40 48 5
36 35 5 37 42 5
24 6 5 25 15 5
3 40 5 4 43 5
10 34 5 11 40 5
13 12 5 14 18 5
11 43 5 12 53 5
6 37 5 7 45 5
38 43 5 39 51 5
52 39 5 53 44 5
28 23 5 29 27 5
1 47 5 2 57 5
19 16 5 20 24 5
40 6 5 41 12 5
7 4 5 8 10 5
Net_num 158
Net_id 0
pin_num 5
15 20 0
33 20 0
20 34 0
19 32 0
0 16 0
Net_id 1
pin_num 5
35 42 0
44 45 0
41 49 0
28 43 0
43 59 0
Net_id 2
pin_num 5
11 14 0
7 18 0
4 0 0
6 8 0
29 8 0
Net_id 3
pin_num 5
31 42 0
26 47 0
22 45 0
25 54 0
43 48 0
Net_id 4
pin_num 5
47 48 0
55 45 0
59 42 0
53 52 0
41 37 0
Net_id 5
pin_num 5
19 44 0
21 33 0
11 36 0
12 23 0
0 15 0
Net_id 6
pin_num 5
12 57 0
21 53 0
15 59 0
6 52 0
26 53 0
Net_id 7
pin_num 5
54 0 0
58 5 0
42 0 0
59 4 0
50 1 0
Net_id 8
pin_num 5
10 45 0
18 45 0
8 37 0
8 59 0
11 47 0
Net_id 9
pin_num 5
0 42 0
13 47 0
7 26 0
1 21 0
0 38 0
Net_id 10
pin_num 5
28 6 0
32 8 0
16 7 0
28 1 0
26 10 0
Net_id 11
pin_num 5
33 6 0
41 6 0
59 5 0
48 10 0
52 28 0
Net_id 12
pin_num 5
34 35 0
28 35 0
29 45 0
26 37 0
19 35 0
Net_id 13
pin_num 5
27 49 0
31 59 0
18 50 0
32 59 0
32 46 0
Net_id 14
pin_num 5
25 18 0
12 22 0
14 12 0
42 19 0
9 8 0
Net_id 15
pin_num 5
57 49 0
48 58 0
50 40 0
52 50 0
43 51 0
Net_id 16
pin_num 5
42 1 0
45 3 0
38 0 0
39 7 0
57 5 0
Net_id 17
pin_num 5
50 56 0
59 58 0
47 58 0
58 59 0
54 47 0
Net_id 18
pin_num 5
6 27 0
1 19 0
2 18 0
25 21 0
13 24 0
Net_id 19
pin_num 4
16 50 0
12 52 0
14 43 0
0 47 0
Net_id 20
pin_num 4
6 18 0
3 37 0
6 24 0
0 43 0
Net_id 21
pin_num 4
7 15 0
11 0 0
20 12 0
17 23 0
Net_id 22
pin_num 4
4 27 0
1 47 0
13 35 0
3 36 0
Net_id 23
pin_num 4
2 9 0
2 0 0
18 1 0
0 9 0
Net_id 24
pin_num 4
22 0 0
18 13 0
57 2 0
43 22 0
Net_id 25
pin_num 4
46 4 0
36 2 0
42 12 0
33 12 0
Net_id 26
pin_num 4
49 27 0
42 24 0
26 23 0
53 24 0
Net_id 27
pin_num 4
6 35 0
2 37 0
8 30 0
9 30 0
Net_id 28
pin_num 4
0 53 0
6 51 0
4 30 0
0 57 0
Net_id 29
pin_num 4
37 52 0
43 56 0
36 52 0
46 55 0
Net_id 30
pin_num 4
9 50 0
19 59 0
7 48 0
14 42 0
Net_id 31
pin_num 4
49 33 0
54 36 0
48 33 0
59 30 0
Net_id 32
pin_num 4
22 39 0
22 44 0
39 39 0
13 39 0
Net_id 33
pin_num 4
43 25 0
57 28 0
58 27 0
51 18 0
Net_id 34
pin_num 4
38 33 0
35 50 0
22 36 0
36 51 0
Net_id 35
pin_num 4
16 6 0
27 9 0
24 13 0
16 0 0
Net_id 36
pin_num 4
43 8 0
58 1 0
52 2 0
56 4 0
Net_id 37
pin_num 4
16 57 0
22 57 0
27 59 0
22 49 0
Net_id 38
pin_num 3
0 46 0
13 49 0
43 49 0
Net_id 39
pin_num 3
13 43 0
18 22 0
42 39 0
Net_id 40
pin_num 3
25 51 0
34 51 0
16 32 0
Net_id 41
pin_num 3
39 4 0
9 4 0
15 23 0
Net_id 42
pin_num 3
28 16 0
10 22 0
11 25 0
Net_id 43
pin_num 3
38 1 0
44 7 0
13 5 0
Net_id 44
pin_num 3
33 28 0
29 52 0
29 7 0
Net_id 45
pin_num 3
45 13 0
50 14 0
56 21 0
Net_id 46
pin_num 3
39 58 0
47 47 0
36 58 0
Net_id 47
pin_num 3
14 32 0
17 22 0
5 17 0
Net_id 48
pin_num 3
35 57 0
43 57 0
33 48 0
Net_id 49
pin_num 3
5 49 0
4 28 0
14 33 0
Net_id 50
pin_num 3
12 29 0
19 29 0
15 41 0
Net_id 51
pin_num 3
45 12 0
58 8 0
43 28 0
Net_id 52
pin_num 3
3 0 0
7 8 0
5 16 0
Net_id 53
pin_num 3
17 59 0
22 47 0
17 28 0
Net_id 54
pin_num 3
41 22 0
36 33 0
43 41 0
Net_id 55
pin_num 3
41 44 0
33 53 0
29 54 0
Net_id 56
pin_num 3
39 15 0
26 3 0
35 2 0
Net_id 57
pin_num 3
58 50 0
40 46 0
41 43 0
Net_id 58
pin_num 3
2 33 0
13 25 0
0 45 0
Net_id 59
pin_num 3
31 28 0
24 31 0
39 32 0
Net_id 60
pin_num 3
11 40 0
0 41 0
18 34 0
Net_id 61
pin_num 3
6 59 0
7 51 0
20 55 0
Net_id 62
pin_num 3
43 10 0
50 17 0
54 2 0
Net_id 63
pin_num 3
48 50 0
59 31 0
57 35 0
Net_id 64
pin_num 3
48 14 0
40 2 0
54 12 0
Net_id 65
pin_num 3
1 16 0
7 11 0
4 6 0
Net_id 66
pin_num 3
30 5 0
54 11 0
47 4 0
Net_id 67
pin_num 3
2 1 0
23 21 0
3 19 0
Net_id 68
pin_num 3
26 17 0
20 13 0
6 15 0
Net_id 69
pin_num 3
29 22 0
24 25 0
34 33 0
Net_id 70
pin_num 3
16 35 0
23 46 0
37 41 0
Net_id 71
pin_num 3
13 42 0
7 52 0
18 48 0
Net_id 72
pin_num 3
19 5 0
26 13 0
55 7 0
Net_id 73
pin_num 3
24 14 0
15 0 0
6 19 0
Net_id 74
pin_num 3
17 24 0
33 24 0
31 48 0
Net_id 75
pin_num 2
32 30 0
6 26 0
Net_id 76
pin_num 2
34 2 0
12 5 0
Net_id 77
pin_num 2
26 44 0
31 52 0
Net_id 78
pin_num 2
55 50 0
58 24 0
Net_id 79
pin_num 2
9 46 0
4 26 0
Net_id 80
pin_num 2
31 18 0
40 7 0
Net_id 81
pin_num 2
0 26 0
13 23 0
Net_id 82
pin_num 2
39 41 0
49 56 0
Net_id 83
pin_num 2
47 3 0
53 9 0
Net_id 84
pin_num 2
52 15 0
59 21 0
Net_id 85
pin_num 2
58 53 0
55 47 0
Net_id 86
pin_num 2
25 7 0
37 11 0
Net_id 87
pin_num 2
15 54 0
2 38 0
Net_id 88
pin_num 2
56 7 0
53 18 0
Net_id 89
pin_num 2
58 46 0
55 38 0
Net_id 90
pin_num 2
41 29 0
35 58 0
Net_id 91
pin_num 2
48 41 0
44 43 0
Net_id 92
pin_num 2
37 28 0
18 25 0
Net_id 93
pin_num 2
5 7 0
1 7 0
Net_id 94
pin_num 2
34 34 0
58 19 0
Net_id 95
pin_num 2
56 15 0
55 3 0
Net_id 96
pin_num 2
54 16 0
50 15 0
Net_id 97
pin_num 2
37 40 0
39 51 0
Net_id 98
pin_num 2
32 22 0
47 7 0
Net_id 99
pin_num 2
31 25 0
43 14 0
Net_id 100
pin_num 2
55 59 0
59 51 0
Net_id 101
pin_num 2
30 9 0
50 18 0
Net_id 102
pin_num 2
55 16 0
59 20 0
Net_id 103
pin_num 2
9 56 0
31 40 0
Net_id 104
pin_num 2
40 25 0
28 33 0
Net_id 105
pin_num 2
5 48 0
1 48 0
Net_id 106
pin_num 2
14 49 0
23 58 0
Net_id 107
pin_num 2
23 33 0
31 53 0
Net_id 108
pin_num 2
2 51 0
9 22 0
Net_id 109
pin_num 2
37 30 0
54 46 0
Net_id 110
pin_num 2
35 20 0
29 53 0
Net_id 111
pin_num 2
7 47 0
8 38 0
Net_id 112
pin_num 2
58 11 0
41 8 0
Net_id 113
pin_num 2
59 12 0
40 22 0
Net_id 114
pin_num 2
24 52 0
28 56 0
Net_id 115
pin_num 2
43 45 0
45 46 0
Net_id 116
pin_num 2
49 57 0
44 51 0
Net_id 117
pin_num 2
15 26 0
2 44 0
Net_id 118
pin_num 2
56 33 0
55 33 0
Net_id 119
pin_num 2
1 24 0
8 32 0
Net_id 120
pin_num 2
20 21 0
21 31 0
Net_id 121
pin_num 2
31 3 0
39 3 0
Net_id 122
pin_num 2
23 50 0
5 52 0
Net_id 123
pin_num 2
34 37 0
29 37 0
Net_id 124
pin_num 2
39 36 0
43 35 0
Net_id 125
pin_num 2
55 29 0
35 51 0
Net_id 126
pin_num 2
41 54 0
33 34 0
Net_id 127
pin_num 2
19 53 0
13 53 0
Net_id 128
pin_num 2
11 43 0
6 50 0
Net_id 129
pin_num 2
21 13 0
39 31 0
Net_id 130
pin_num 2
25 15 0
37 13 0
Net_id 131
pin_num 2
28 23 0
37 23 0
Net_id 132
pin_num 2
6 13 0
22 3 0
Net_id 133
pin_num 2
12 47 0
11 59 0
Net_id 134
pin_num 2
53 30 0
45 24 0
Net_id 135
pin_num 2
42 10 0
29 10 0
Net_id 136
pin_num 2
48 59 0
32 40 0
Net_id 137
pin_num 2
24 10 0
6 10 0
Net_id 138
pin_num 2
9 25 0
1 18 0
Net_id 139
pin_num 2
58 28 0
42 18 0
Net_id 140
pin_num 2
56 31 0
58 47 0
Net_id 141
pin_num 2
46 7 0
50 28 0
Net_id 142
pin_num 2
34 52 0
26 49 0
Net_id 143
pin_num 2
13 38 0
28 40 0
Net_id 144
pin_num 2
17 44 0
28 42 0
Net_id 145
pin_num 2
5 36 0
23 0 0
Net_id 146
pin_num 2
22 23 0
0 55 0
Net_id 147
pin_num 2
56 39 0
58 55 0
Net_id 148
pin_num 2
45 37 0
42 38 0
Net_id 149
pin_num 2
15 48 0
20 45 0
Net_id 150
pin_num 2
26 46 0
31 45 0
Net_id 151
pin_num 2
37 16 0
54 7 0
Net_id 152
pin_num 2
14 22 0
11 22 0
Net_id 153
pin_num 2
24 23 0
22 22 0
Net_id 154
pin_num 2
54 30 0
47 37 0
Net_id 155
pin_num 2
46 39 0
45 44 0
Net_id 156
pin_num 2
52 23 0
56 12 0
Net_id 157
pin_num 2
2 45 0
21 58 0
