Width 60
Height 60
Layer 6
Total_WL 6662
Obstacle_num 144
15 31 0 23 32 0
27 10 0 34 11 0
27 29 0 34 30 0
11 5 0 16 6 0
48 33 0 52 34 0
41 49 0 47 50 0
52 23 0 57 24 0
31 28 0 38 29 0
48 53 0 52 54 0
8 45 0 13 46 0
5 15 0 12 16 0
47 13 0 53 14 0
8 6 0 18 7 0
49 6 0 58 7 0
14 2 0 17 3 0
28 33 0 34 34 0
39 19 0 42 20 0
10 55 0 18 56 0
19 57 0 24 58 0
53 31 0 56 32 0
18 38 0 27 39 0
2 37 0 10 38 0
31 36 0 39 37 0
49 12 0 52 13 0
29 53 1 30 58 1
38 4 1 39 10 1
21 8 1 22 15 1
3 38 1 4 46 1
6 34 1 7 38 1
13 18 1 14 21 1
49 49 1 50 57 1
30 4 1 31 11 1
15 0 1 16 3 1
52 22 1 53 29 1
37 14 1 38 21 1
36 33 1 37 36 1
56 34 1 57 43 1
39 39 1 40 42 1
52 40 1 53 49 1
2 33 1 3 42 1
47 50 1 48 53 1
50 14 1 51 18 1
29 8 1 30 16 1
53 25 1 54 35 1
11 17 1 12 22 1
54 16 1 55 24 1
46 49 1 47 55 1
12 7 1 13 15 1
44 1 2 48 2 2
11 51 2 17 52 2
28 36 2 38 37 2
10 24 2 20 25 2
18 3 2 26 4 2
45 15 2 52 16 2
22 51 2 26 52 2
1 16 2 8 17 2
29 57 2 38 58 2
11 22 2 21 23 2
1 30 2 4 31 2
40 43 2 46 44 2
25 22 2 31 23 2
21 30 2 31 31 2
29 54 2 38 55 2
24 12 2 34 13 2
10 11 2 17 12 2
27 25 2 37 26 2
0 33 2 4 34 2
6 28 2 14 29 2
5 32 2 12 33 2
7 18 2 11 19 2
8 16 2 18 17 2
34 26 2 41 27 2
11 27 3 12 33 3
31 9 3 32 13 3
21 3 3 22 7 3
42 4 3 43 7 3
35 34 3 36 41 3
8 50 3 9 53 3
16 23 3 17 30 3
54 19 3 55 23 3
0 13 3 1 23 3
3 37 3 4 44 3
15 44 3 16 52 3
18 3 3 19 7 3
43 46 3 44 53 3
34 22 3 35 25 3
28 37 3 29 44 3
54 48 3 55 53 3
52 13 3 53 22 3
6 35 3 7 40 3
44 43 3 45 46 3
36 13 3 37 19 3
36 21 3 37 31 3
24 31 3 25 39 3
3 47 3 4 55 3
26 55 3 27 59 3
11 1 4 17 2 4
54 6 4 57 7 4
47 2 4 54 3 4
29 3 4 38 4 4
25 8 4 34 9 4
43 3 4 49 4 4
13 29 4 18 30 4
20 56 4 25 57 4
6 47 4 14 48 4
46 31 4 54 32 4
1 46 4 4 47 4
20 15 4 25 16 4
20 24 4 29 25 4
52 48 4 55 49 4
7 44 4 11 45 4
6 24 4 10 25 4
52 29 4 55 30 4
0 20 4 10 21 4
42 55 4 51 56 4
8 13 4 16 14 4
17 51 4 23 52 4
30 52 4 40 53 4
25 13 4 28 14 4
10 23 4 14 24 4
39 25 5 40 31 5
10 19 5 11 26 5
19 51 5 20 54 5
33 31 5 34 39 5
6 49 5 7 52 5
11 46 5 12 50 5
5 34 5 6 39 5
9 22 5 10 28 5
14 39 5 15 48 5
41 13 5 42 17 5
42 2 5 43 7 5
49 25 5 50 30 5
0 46 5 1 52 5
51 20 5 52 23 5
54 17 5 55 27 5
23 1 5 24 8 5
24 35 5 25 38 5
43 34 5 44 41 5
55 6 5 56 14 5
3 36 5 4 43 5
23 23 5 24 30 5
0 33 5 1 43 5
43 29 5 44 33 5
43 9 5 44 13 5
Net_num 159
Net_id 0
pin_num 5
54 28 0
50 30 0
45 18 0
50 34 0
50 42 0
Net_id 1
pin_num 5
5 31 0
14 19 0
0 34 0
33 23 0
10 23 0
Net_id 2
pin_num 5
53 47 0
46 42 0
46 46 0
30 47 0
44 51 0
Net_id 3
pin_num 5
25 6 0
35 3 0
19 3 0
27 11 0
13 0 0
Net_id 4
pin_num 5
36 54 0
31 46 0
45 43 0
39 51 0
43 52 0
Net_id 5
pin_num 5
20 15 0
16 4 0
32 0 0
16 14 0
32 9 0
Net_id 6
pin_num 5
6 1 0
11 0 0
7 20 0
12 0 0
10 8 0
Net_id 7
pin_num 5
13 23 0
22 27 0
11 44 0
20 8 0
22 22 0
Net_id 8
pin_num 5
50 52 0
44 54 0
54 52 0
49 57 0
47 35 0
Net_id 9
pin_num 5
3 57 0
2 55 0
20 56 0
0 51 0
10 59 0
Net_id 10
pin_num 5
14 37 0
17 35 0
35 35 0
10 35 0
16 26 0
Net_id 11
pin_num 5
40 58 0
36 58 0
38 41 0
30 59 0
35 30 0
Net_id 12
pin_num 5
8 25 0
5 28 0
0 13 0
5 9 0
1 18 0
Net_id 13
pin_num 5
45 19 0
59 11 0
52 0 0
38 21 0
47 32 0
Net_id 14
pin_num 5
10 9 0
15 8 0
6 26 0
0 3 0
18 7 0
Net_id 15
pin_num 5
33 44 0
27 44 0
44 44 0
32 38 0
51 45 0
Net_id 16
pin_num 5
0 16 0
8 24 0
30 20 0
27 17 0
23 39 0
Net_id 17
pin_num 5
5 23 0
17 32 0
25 32 0
4 34 0
10 39 0
Net_id 18
pin_num 5
30 30 0
39 42 0
39 57 0
38 20 0
20 43 0
Net_id 19
pin_num 4
49 5 0
43 17 0
59 17 0
45 0 0
Net_id 20
pin_num 4
38 9 0
33 2 0
43 0 0
42 8 0
Net_id 21
pin_num 4
7 36 0
7 55 0
17 50 0
0 43 0
Net_id 22
pin_num 4
46 20 0
59 26 0
53 11 0
59 10 0
Net_id 23
pin_num 4
12 1 0
8 8 0
10 12 0
25 15 0
Net_id 24
pin_num 4
51 41 0
57 41 0
54 49 0
55 24 0
Net_id 25
pin_num 4
0 4 0
17 8 0
10 10 0
21 22 0
Net_id 26
pin_num 4
19 6 0
18 1 0
24 11 0
4 9 0
Net_id 27
pin_num 4
23 8 0
33 12 0
26 21 0
20 10 0
Net_id 28
pin_num 4
58 21 0
56 20 0
58 13 0
58 32 0
Net_id 29
pin_num 4
16 21 0
28 27 0
20 39 0
0 28 0
Net_id 30
pin_num 4
15 47 0
22 39 0
0 42 0
32 49 0
Net_id 31
pin_num 4
2 19 0
3 32 0
1 36 0
1 1 0
Net_id 32
pin_num 4
6 47 0
13 58 0
0 50 0
7 59 0
Net_id 33
pin_num 4
53 27 0
52 31 0
39 31 0
59 33 0
Net_id 34
pin_num 4
16 43 0
5 47 0
25 46 0
55 47 0
Net_id 35
pin_num 4
51 2 0
44 2 0
59 22 0
46 32 0
Net_id 36
pin_num 4
15 43 0
5 43 0
11 58 0
20 59 0
Net_id 37
pin_num 4
47 21 0
54 21 0
57 28 0
51 29 0
Net_id 38
pin_num 3
55 28 0
58 34 0
59 51 0
Net_id 39
pin_num 3
1 50 0
18 44 0
3 58 0
Net_id 40
pin_num 3
23 7 0
28 5 0
36 3 0
Net_id 41
pin_num 3
34 11 0
27 4 0
30 16 0
Net_id 42
pin_num 3
22 43 0
21 52 0
21 23 0
Net_id 43
pin_num 3
50 29 0
41 18 0
57 29 0
Net_id 44
pin_num 3
52 27 0
37 29 0
43 9 0
Net_id 45
pin_num 3
22 25 0
11 13 0
12 18 0
Net_id 46
pin_num 3
32 5 0
26 23 0
54 4 0
Net_id 47
pin_num 3
5 56 0
13 49 0
2 51 0
Net_id 48
pin_num 3
16 1 0
28 14 0
8 3 0
Net_id 49
pin_num 3
21 16 0
4 18 0
2 9 0
Net_id 50
pin_num 3
48 26 0
38 38 0
38 31 0
Net_id 51
pin_num 3
35 58 0
23 56 0
44 56 0
Net_id 52
pin_num 3
11 51 0
24 45 0
20 53 0
Net_id 53
pin_num 3
49 8 0
57 13 0
53 9 0
Net_id 54
pin_num 3
11 22 0
1 15 0
15 19 0
Net_id 55
pin_num 3
5 1 0
2 6 0
3 2 0
Net_id 56
pin_num 3
21 29 0
15 21 0
18 36 0
Net_id 57
pin_num 3
37 25 0
17 18 0
24 12 0
Net_id 58
pin_num 3
43 1 0
24 1 0
33 1 0
Net_id 59
pin_num 3
29 25 0
18 12 0
24 42 0
Net_id 60
pin_num 3
12 25 0
4 21 0
13 26 0
Net_id 61
pin_num 3
46 41 0
49 37 0
54 40 0
Net_id 62
pin_num 3
14 54 0
22 37 0
22 2 0
Net_id 63
pin_num 3
45 48 0
57 40 0
31 40 0
Net_id 64
pin_num 3
44 53 0
49 59 0
48 40 0
Net_id 65
pin_num 3
47 54 0
15 58 0
43 59 0
Net_id 66
pin_num 3
51 52 0
57 30 0
48 32 0
Net_id 67
pin_num 3
35 19 0
44 0 0
31 20 0
Net_id 68
pin_num 3
24 0 0
15 4 0
5 2 0
Net_id 69
pin_num 3
5 4 0
12 27 0
3 31 0
Net_id 70
pin_num 3
31 15 0
40 32 0
29 36 0
Net_id 71
pin_num 3
36 23 0
46 18 0
55 14 0
Net_id 72
pin_num 3
42 28 0
47 16 0
53 53 0
Net_id 73
pin_num 3
55 1 0
47 5 0
56 0 0
Net_id 74
pin_num 3
57 26 0
51 26 0
56 7 0
Net_id 75
pin_num 3
47 0 0
44 15 0
58 35 0
Net_id 76
pin_num 3
12 59 0
18 59 0
6 52 0
Net_id 77
pin_num 2
41 40 0
48 35 0
Net_id 78
pin_num 2
31 25 0
40 48 0
Net_id 79
pin_num 2
25 37 0
49 36 0
Net_id 80
pin_num 2
43 22 0
35 18 0
Net_id 81
pin_num 2
32 34 0
56 39 0
Net_id 82
pin_num 2
42 10 0
25 14 0
Net_id 83
pin_num 2
12 19 0
12 26 0
Net_id 84
pin_num 2
8 13 0
21 5 0
Net_id 85
pin_num 2
15 36 0
50 57 0
Net_id 86
pin_num 2
23 27 0
27 23 0
Net_id 87
pin_num 2
9 18 0
11 12 0
Net_id 88
pin_num 2
35 41 0
40 57 0
Net_id 89
pin_num 2
45 9 0
32 19 0
Net_id 90
pin_num 2
28 24 0
8 26 0
Net_id 91
pin_num 2
43 51 0
31 39 0
Net_id 92
pin_num 2
57 18 0
44 13 0
Net_id 93
pin_num 2
11 28 0
4 38 0
Net_id 94
pin_num 2
38 27 0
30 34 0
Net_id 95
pin_num 2
32 52 0
16 57 0
Net_id 96
pin_num 2
30 32 0
35 24 0
Net_id 97
pin_num 2
6 49 0
1 37 0
Net_id 98
pin_num 2
52 44 0
58 44 0
Net_id 99
pin_num 2
0 53 0
5 53 0
Net_id 100
pin_num 2
0 37 0
0 35 0
Net_id 101
pin_num 2
25 41 0
26 34 0
Net_id 102
pin_num 2
27 39 0
31 24 0
Net_id 103
pin_num 2
0 7 0
15 27 0
Net_id 104
pin_num 2
26 50 0
23 53 0
Net_id 105
pin_num 2
52 49 0
46 36 0
Net_id 106
pin_num 2
49 30 0
29 45 0
Net_id 107
pin_num 2
44 55 0
36 49 0
Net_id 108
pin_num 2
44 33 0
31 42 0
Net_id 109
pin_num 2
59 6 0
39 24 0
Net_id 110
pin_num 2
59 5 0
41 13 0
Net_id 111
pin_num 2
19 14 0
9 17 0
Net_id 112
pin_num 2
3 14 0
8 14 0
Net_id 113
pin_num 2
51 24 0
41 24 0
Net_id 114
pin_num 2
28 18 0
39 16 0
Net_id 115
pin_num 2
45 40 0
38 59 0
Net_id 116
pin_num 2
29 59 0
20 52 0
Net_id 117
pin_num 2
30 46 0
25 59 0
Net_id 118
pin_num 2
41 51 0
23 55 0
Net_id 119
pin_num 2
11 14 0
23 19 0
Net_id 120
pin_num 2
42 27 0
29 38 0
Net_id 121
pin_num 2
15 50 0
34 48 0
Net_id 122
pin_num 2
7 13 0
1 13 0
Net_id 123
pin_num 2
22 44 0
25 43 0
Net_id 124
pin_num 2
56 31 0
52 50 0
Net_id 125
pin_num 2
28 41 0
30 45 0
Net_id 126
pin_num 2
11 4 0
3 6 0
Net_id 127
pin_num 2
30 13 0
17 17 0
Net_id 128
pin_num 2
54 50 0
52 36 0
Net_id 129
pin_num 2
37 31 0
19 30 0
Net_id 130
pin_num 2
41 2 0
18 10 0
Net_id 131
pin_num 2
40 53 0
53 42 0
Net_id 132
pin_num 2
36 5 0
53 3 0
Net_id 133
pin_num 2
14 28 0
24 19 0
Net_id 134
pin_num 2
27 47 0
34 55 0
Net_id 135
pin_num 2
40 43 0
36 48 0
Net_id 136
pin_num 2
45 51 0
58 47 0
Net_id 137
pin_num 2
32 40 0
41 35 0
Net_id 138
pin_num 2
0 8 0
13 1 0
Net_id 139
pin_num 2
36 29 0
29 21 0
Net_id 140
pin_num 2
13 36 0
4 33 0
Net_id 141
pin_num 2
36 6 0
54 3 0
Net_id 142
pin_num 2
5 6 0
17 2 0
Net_id 143
pin_num 2
25 17 0
7 30 0
Net_id 144
pin_num 2
36 2 0
44 19 0
Net_id 145
pin_num 2
44 22 0
59 37 0
Net_id 146
pin_num 2
33 38 0
45 33 0
Net_id 147
pin_num 2
23 54 0
8 55 0
Net_id 148
pin_num 2
29 2 0
25 9 0
Net_id 149
pin_num 2
35 52 0
27 55 0
Net_id 150
pin_num 2
17 54 0
26 46 0
Net_id 151
pin_num 2
18 19 0
24 5 0
Net_id 152
pin_num 2
43 58 0
59 56 0
Net_id 153
pin_num 2
29 22 0
37 13 0
Net_id 154
pin_num 2
15 12 0
22 32 0
Net_id 155
pin_num 2
53 2 0
58 11 0
Net_id 156
pin_num 2
34 32 0
30 28 0
Net_id 157
pin_num 2
41 20 0
20 40 0
Net_id 158
pin_num 2
36 14 0
56 29 0
