Width 60
Height 60
Layer 6
Total_WL 7063
Obstacle_num 144
41 51 0 47 52 0
35 42 0 40 43 0
26 18 0 33 19 0
28 54 0 32 55 0
37 45 0 47 46 0
18 41 0 28 42 0
5 51 0 14 52 0
19 58 0 24 59 0
7 48 0 16 49 0
47 13 0 56 14 0
33 3 0 40 4 0
49 41 0 58 42 0
43 15 0 46 16 0
17 16 0 21 17 0
43 30 0 49 31 0
33 10 0 41 11 0
20 38 0 24 39 0
31 34 0 37 35 0
23 12 0 33 13 0
12 14 0 22 15 0
54 49 0 58 50 0
40 0 0 46 1 0
37 25 0 45 26 0
51 14 0 58 15 0
4 41 1 5 49 1
22 35 1 23 43 1
34 34 1 35 39 1
11 12 1 12 16 1
25 21 1 26 27 1
52 55 1 53 58 1
21 48 1 22 55 1
18 31 1 19 34 1
8 36 1 9 46 1
34 45 1 35 53 1
33 41 1 34 50 1
51 42 1 52 51 1
49 9 1 50 13 1
53 27 1 54 36 1
4 19 1 5 28 1
1 25 1 2 31 1
30 10 1 31 18 1
0 47 1 1 57 1
33 3 1 34 13 1
23 53 1 24 57 1
31 51 1 32 58 1
35 44 1 36 54 1
24 28 1 25 37 1
45 30 1 46 37 1
27 27 2 34 28 2
25 23 2 29 24 2
38 37 2 48 38 2
27 57 2 32 58 2
35 22 2 42 23 2
44 42 2 53 43 2
25 7 2 29 8 2
34 15 2 41 16 2
25 44 2 28 45 2
40 24 2 47 25 2
16 17 2 26 18 2
29 36 2 38 37 2
15 18 2 24 19 2
50 19 2 54 20 2
26 37 2 35 38 2
39 26 2 48 27 2
14 36 2 22 37 2
10 45 2 13 46 2
21 48 2 28 49 2
19 58 2 23 59 2
10 23 2 18 24 2
7 39 2 15 40 2
31 32 2 37 33 2
48 50 2 52 51 2
15 55 3 16 58 3
32 30 3 33 37 3
54 18 3 55 28 3
26 3 3 27 13 3
21 52 3 22 56 3
38 32 3 39 38 3
21 10 3 22 15 3
10 46 3 11 50 3
14 0 3 15 5 3
30 28 3 31 33 3
35 4 3 36 7 3
30 50 3 31 57 3
23 13 3 24 19 3
11 9 3 12 17 3
2 24 3 3 32 3
33 53 3 34 57 3
34 33 3 35 38 3
16 34 3 17 37 3
14 20 3 15 24 3
38 10 3 39 13 3
0 22 3 1 27 3
5 18 3 6 25 3
17 32 3 18 39 3
53 41 3 54 51 3
43 52 4 49 53 4
20 22 4 25 23 4
1 22 4 5 23 4
9 35 4 19 36 4
38 26 4 46 27 4
44 33 4 52 34 4
16 8 4 26 9 4
7 26 4 11 27 4
21 49 4 25 50 4
49 15 4 57 16 4
13 38 4 22 39 4
21 15 4 29 16 4
51 28 4 59 29 4
2 30 4 10 31 4
21 2 4 27 3 4
43 43 4 46 44 4
26 47 4 33 48 4
26 24 4 29 25 4
49 6 4 58 7 4
56 27 4 59 28 4
36 38 4 44 39 4
0 15 4 8 16 4
0 48 4 10 49 4
53 29 4 59 30 4
56 26 5 57 30 5
57 22 5 58 25 5
25 49 5 26 57 5
17 28 5 18 31 5
13 13 5 14 21 5
7 20 5 8 24 5
54 31 5 55 38 5
6 30 5 7 34 5
46 51 5 47 58 5
26 23 5 27 33 5
44 36 5 45 44 5
9 40 5 10 48 5
6 46 5 7 51 5
32 8 5 33 16 5
54 51 5 55 54 5
58 8 5 59 16 5
53 11 5 54 17 5
30 53 5 31 57 5
35 42 5 36 48 5
17 43 5 18 51 5
18 10 5 19 18 5
6 40 5 7 44 5
40 45 5 41 54 5
28 44 5 29 51 5
Net_num 159
Net_id 0
pin_num 5
44 18 0
56 20 0
47 22 0
50 27 0
45 26 0
Net_id 1
pin_num 5
59 45 0
36 45 0
36 29 0
24 39 0
27 56 0
Net_id 2
pin_num 5
59 50 0
54 50 0
58 35 0
57 39 0
48 39 0
Net_id 3
pin_num 5
52 34 0
58 34 0
55 11 0
53 0 0
51 11 0
Net_id 4
pin_num 5
41 26 0
32 17 0
24 26 0
26 11 0
36 18 0
Net_id 5
pin_num 5
18 26 0
8 33 0
8 47 0
12 41 0
0 58 0
Net_id 6
pin_num 5
5 16 0
2 27 0
2 31 0
1 15 0
22 28 0
Net_id 7
pin_num 5
9 59 0
20 47 0
19 42 0
15 42 0
15 26 0
Net_id 8
pin_num 5
46 22 0
39 19 0
26 22 0
39 34 0
31 9 0
Net_id 9
pin_num 5
12 45 0
17 40 0
23 44 0
0 57 0
21 24 0
Net_id 10
pin_num 5
28 21 0
44 23 0
34 28 0
39 0 0
22 12 0
Net_id 11
pin_num 5
31 41 0
38 40 0
19 40 0
25 36 0
32 33 0
Net_id 12
pin_num 5
8 8 0
15 0 0
28 2 0
16 1 0
20 5 0
Net_id 13
pin_num 5
57 24 0
59 30 0
37 29 0
49 14 0
44 37 0
Net_id 14
pin_num 5
13 5 0
5 1 0
6 16 0
1 21 0
7 13 0
Net_id 15
pin_num 5
30 14 0
19 4 0
15 10 0
34 5 0
21 1 0
Net_id 16
pin_num 5
22 6 0
32 6 0
16 3 0
20 9 0
25 1 0
Net_id 17
pin_num 5
20 32 0
13 38 0
34 32 0
31 42 0
49 32 0
Net_id 18
pin_num 5
12 17 0
14 13 0
7 14 0
5 12 0
4 1 0
Net_id 19
pin_num 5
4 4 0
0 14 0
5 7 0
0 9 0
32 0 0
Net_id 20
pin_num 5
59 4 0
41 4 0
47 0 0
43 17 0
42 17 0
Net_id 21
pin_num 5
3 5 0
7 0 0
18 8 0
13 24 0
0 28 0
Net_id 22
pin_num 4
27 17 0
32 4 0
48 8 0
59 15 0
Net_id 23
pin_num 4
16 36 0
28 48 0
29 30 0
30 59 0
Net_id 24
pin_num 4
9 44 0
0 33 0
23 36 0
3 52 0
Net_id 25
pin_num 4
45 17 0
56 10 0
59 6 0
45 12 0
Net_id 26
pin_num 4
15 36 0
0 41 0
11 49 0
0 45 0
Net_id 27
pin_num 4
41 12 0
43 7 0
59 16 0
51 1 0
Net_id 28
pin_num 4
14 2 0
28 4 0
22 3 0
28 8 0
Net_id 29
pin_num 4
24 58 0
21 56 0
13 57 0
26 46 0
Net_id 30
pin_num 4
9 38 0
6 43 0
3 58 0
7 37 0
Net_id 31
pin_num 4
54 42 0
59 31 0
43 31 0
43 38 0
Net_id 32
pin_num 4
46 8 0
37 2 0
38 19 0
22 14 0
Net_id 33
pin_num 4
1 3 0
11 3 0
10 2 0
7 6 0
Net_id 34
pin_num 4
39 27 0
49 33 0
48 12 0
56 22 0
Net_id 35
pin_num 4
34 12 0
42 3 0
33 8 0
33 0 0
Net_id 36
pin_num 4
13 49 0
12 42 0
21 47 0
31 59 0
Net_id 37
pin_num 4
52 51 0
42 39 0
30 49 0
59 41 0
Net_id 38
pin_num 4
9 30 0
10 35 0
10 49 0
2 40 0
Net_id 39
pin_num 4
16 26 0
15 15 0
39 35 0
2 23 0
Net_id 40
pin_num 4
40 55 0
42 50 0
18 50 0
35 37 0
Net_id 41
pin_num 3
53 29 0
58 19 0
48 23 0
Net_id 42
pin_num 3
36 57 0
12 50 0
25 48 0
Net_id 43
pin_num 3
6 25 0
9 22 0
5 26 0
Net_id 44
pin_num 3
20 31 0
26 33 0
46 34 0
Net_id 45
pin_num 3
49 31 0
51 40 0
57 6 0
Net_id 46
pin_num 3
43 42 0
23 42 0
40 52 0
Net_id 47
pin_num 3
44 14 0
34 16 0
39 39 0
Net_id 48
pin_num 3
7 28 0
37 51 0
18 58 0
Net_id 49
pin_num 3
44 41 0
40 42 0
49 59 0
Net_id 50
pin_num 3
31 0 0
11 5 0
54 1 0
Net_id 51
pin_num 3
52 55 0
51 56 0
56 42 0
Net_id 52
pin_num 3
38 33 0
14 53 0
31 31 0
Net_id 53
pin_num 3
39 56 0
25 35 0
47 52 0
Net_id 54
pin_num 3
0 6 0
12 20 0
0 13 0
Net_id 55
pin_num 3
41 38 0
51 52 0
39 41 0
Net_id 56
pin_num 3
53 38 0
54 30 0
54 21 0
Net_id 57
pin_num 3
31 28 0
41 18 0
3 21 0
Net_id 58
pin_num 3
49 52 0
55 35 0
48 40 0
Net_id 59
pin_num 3
18 31 0
28 36 0
27 58 0
Net_id 60
pin_num 3
6 9 0
12 9 0
2 13 0
Net_id 61
pin_num 3
55 27 0
59 19 0
57 23 0
Net_id 62
pin_num 3
6 20 0
2 15 0
1 22 0
Net_id 63
pin_num 3
50 5 0
59 7 0
45 5 0
Net_id 64
pin_num 3
5 4 0
8 1 0
8 4 0
Net_id 65
pin_num 3
24 46 0
30 48 0
56 48 0
Net_id 66
pin_num 3
46 52 0
43 56 0
58 55 0
Net_id 67
pin_num 3
50 2 0
43 2 0
25 14 0
Net_id 68
pin_num 3
46 44 0
59 49 0
46 54 0
Net_id 69
pin_num 3
53 28 0
16 30 0
29 46 0
Net_id 70
pin_num 3
11 55 0
4 55 0
24 43 0
Net_id 71
pin_num 3
25 42 0
40 38 0
14 52 0
Net_id 72
pin_num 3
35 1 0
29 13 0
37 13 0
Net_id 73
pin_num 3
36 46 0
43 28 0
58 33 0
Net_id 74
pin_num 3
25 51 0
36 52 0
42 47 0
Net_id 75
pin_num 3
42 26 0
53 18 0
53 51 0
Net_id 76
pin_num 3
15 28 0
20 26 0
20 11 0
Net_id 77
pin_num 3
47 40 0
39 53 0
34 58 0
Net_id 78
pin_num 3
14 22 0
22 43 0
11 2 0
Net_id 79
pin_num 3
33 35 0
23 29 0
23 2 0
Net_id 80
pin_num 2
53 50 0
41 31 0
Net_id 81
pin_num 2
22 7 0
41 11 0
Net_id 82
pin_num 2
18 5 0
19 8 0
Net_id 83
pin_num 2
5 46 0
3 35 0
Net_id 84
pin_num 2
14 21 0
19 21 0
Net_id 85
pin_num 2
15 16 0
12 2 0
Net_id 86
pin_num 2
45 42 0
23 51 0
Net_id 87
pin_num 2
15 51 0
26 45 0
Net_id 88
pin_num 2
28 16 0
11 19 0
Net_id 89
pin_num 2
46 58 0
41 33 0
Net_id 90
pin_num 2
56 47 0
51 54 0
Net_id 91
pin_num 2
2 8 0
14 12 0
Net_id 92
pin_num 2
44 20 0
56 11 0
Net_id 93
pin_num 2
39 17 0
37 0 0
Net_id 94
pin_num 2
26 13 0
5 10 0
Net_id 95
pin_num 2
28 15 0
8 7 0
Net_id 96
pin_num 2
11 29 0
22 23 0
Net_id 97
pin_num 2
53 33 0
56 28 0
Net_id 98
pin_num 2
14 40 0
3 24 0
Net_id 99
pin_num 2
49 6 0
46 12 0
Net_id 100
pin_num 2
41 9 0
36 9 0
Net_id 101
pin_num 2
1 56 0
4 57 0
Net_id 102
pin_num 2
37 47 0
39 50 0
Net_id 103
pin_num 2
7 10 0
17 3 0
Net_id 104
pin_num 2
31 10 0
26 1 0
Net_id 105
pin_num 2
36 53 0
46 46 0
Net_id 106
pin_num 2
20 27 0
32 16 0
Net_id 107
pin_num 2
36 49 0
49 53 0
Net_id 108
pin_num 2
35 52 0
32 55 0
Net_id 109
pin_num 2
33 43 0
41 43 0
Net_id 110
pin_num 2
11 37 0
36 47 0
Net_id 111
pin_num 2
40 53 0
59 53 0
Net_id 112
pin_num 2
20 19 0
52 17 0
Net_id 113
pin_num 2
15 5 0
26 25 0
Net_id 114
pin_num 2
49 27 0
37 23 0
Net_id 115
pin_num 2
18 34 0
30 38 0
Net_id 116
pin_num 2
50 24 0
57 38 0
Net_id 117
pin_num 2
56 9 0
51 0 0
Net_id 118
pin_num 2
30 43 0
14 31 0
Net_id 119
pin_num 2
22 36 0
0 30 0
Net_id 120
pin_num 2
3 19 0
9 11 0
Net_id 121
pin_num 2
41 46 0
0 32 0
Net_id 122
pin_num 2
17 35 0
6 22 0
Net_id 123
pin_num 2
37 38 0
43 18 0
Net_id 124
pin_num 2
30 27 0
45 21 0
Net_id 125
pin_num 2
30 17 0
22 11 0
Net_id 126
pin_num 2
52 40 0
56 30 0
Net_id 127
pin_num 2
14 57 0
39 40 0
Net_id 128
pin_num 2
11 58 0
10 58 0
Net_id 129
pin_num 2
1 49 0
13 46 0
Net_id 130
pin_num 2
14 11 0
18 42 0
Net_id 131
pin_num 2
54 3 0
47 6 0
Net_id 132
pin_num 2
57 32 0
58 57 0
Net_id 133
pin_num 2
26 2 0
20 8 0
Net_id 134
pin_num 2
24 54 0
29 53 0
Net_id 135
pin_num 2
58 51 0
53 54 0
Net_id 136
pin_num 2
42 15 0
28 9 0
Net_id 137
pin_num 2
9 47 0
5 36 0
Net_id 138
pin_num 2
7 12 0
26 20 0
Net_id 139
pin_num 2
20 18 0
3 12 0
Net_id 140
pin_num 2
33 49 0
51 38 0
Net_id 141
pin_num 2
17 27 0
9 5 0
Net_id 142
pin_num 2
24 4 0
29 11 0
Net_id 143
pin_num 2
11 22 0
16 41 0
Net_id 144
pin_num 2
31 3 0
33 1 0
Net_id 145
pin_num 2
22 47 0
35 47 0
Net_id 146
pin_num 2
20 6 0
14 7 0
Net_id 147
pin_num 2
29 8 0
33 15 0
Net_id 148
pin_num 2
49 23 0
51 10 0
Net_id 149
pin_num 2
56 52 0
51 36 0
Net_id 150
pin_num 2
37 4 0
5 11 0
Net_id 151
pin_num 2
18 23 0
1 36 0
Net_id 152
pin_num 2
17 17 0
33 18 0
Net_id 153
pin_num 2
12 21 0
24 11 0
Net_id 154
pin_num 2
50 42 0
53 37 0
Net_id 155
pin_num 2
1 37 0
6 27 0
Net_id 156
pin_num 2
8 37 0
22 56 0
Net_id 157
pin_num 2
9 52 0
24 38 0
Net_id 158
pin_num 2
9 54 0
1 42 0
