Width 60
Height 60
Layer 6
Total_WL 6515
Obstacle_num 144
47 15 0 50 16 0
17 43 0 27 44 0
25 29 0 34 30 0
16 52 0 25 53 0
10 4 0 17 5 0
4 57 0 14 58 0
32 15 0 36 16 0
23 0 0 29 1 0
34 50 0 37 51 0
0 37 0 3 38 0
23 14 0 26 15 0
18 54 0 24 55 0
40 9 0 49 10 0
42 34 0 51 35 0
23 21 0 31 22 0
18 9 0 21 10 0
45 54 0 55 55 0
32 22 0 40 23 0
25 37 0 32 38 0
7 40 0 13 41 0
37 15 0 41 16 0
21 42 0 29 43 0
17 17 0 23 18 0
50 41 0 53 42 0
24 32 1 25 38 1
17 33 1 18 36 1
11 12 1 12 20 1
8 6 1 9 9 1
11 47 1 12 57 1
42 9 1 43 12 1
43 50 1 44 55 1
46 40 1 47 48 1
38 23 1 39 31 1
48 43 1 49 47 1
20 15 1 21 19 1
14 40 1 15 49 1
17 52 1 18 56 1
55 12 1 56 19 1
13 29 1 14 37 1
9 1 1 10 11 1
11 41 1 12 45 1
5 9 1 6 13 1
57 43 1 58 51 1
14 51 1 15 59 1
57 12 1 58 19 1
14 8 1 15 18 1
9 11 1 10 19 1
27 50 1 28 54 1
1 0 2 7 1 2
42 46 2 48 47 2
29 14 2 32 15 2
13 18 2 17 19 2
52 52 2 58 53 2
34 42 2 41 43 2
23 11 2 30 12 2
28 56 2 36 57 2
11 27 2 18 28 2
50 35 2 58 36 2
49 45 2 53 46 2
22 55 2 32 56 2
11 34 2 20 35 2
38 50 2 48 51 2
6 39 2 14 40 2
9 2 2 18 3 2
44 51 2 49 52 2
37 53 2 40 54 2
43 0 2 47 1 2
24 49 2 28 50 2
50 23 2 55 24 2
44 13 2 47 14 2
40 43 2 50 44 2
51 39 2 59 40 2
57 34 3 58 41 3
4 30 3 5 36 3
52 46 3 53 55 3
41 29 3 42 33 3
10 37 3 11 41 3
39 46 3 40 52 3
58 48 3 59 51 3
8 37 3 9 40 3
33 28 3 34 34 3
40 44 3 41 47 3
29 51 3 30 57 3
10 9 3 11 14 3
54 44 3 55 48 3
57 5 3 58 11 3
19 23 3 20 33 3
4 42 3 5 51 3
25 29 3 26 34 3
51 25 3 52 34 3
19 4 3 20 8 3
20 33 3 21 40 3
44 43 3 45 49 3
45 31 3 46 38 3
9 34 3 10 38 3
55 43 3 56 48 3
17 57 4 23 58 4
35 38 4 41 39 4
38 16 4 42 17 4
13 8 4 18 9 4
52 31 4 58 32 4
41 26 4 45 27 4
20 53 4 25 54 4
15 37 4 20 38 4
13 0 4 17 1 4
35 9 4 43 10 4
42 50 4 49 51 4
7 45 4 14 46 4
3 21 4 10 22 4
29 47 4 36 48 4
49 11 4 52 12 4
36 58 4 42 59 4
53 47 4 56 48 4
26 34 4 32 35 4
40 57 4 49 58 4
26 14 4 36 15 4
14 44 4 22 45 4
29 56 4 32 57 4
12 34 4 22 35 4
50 57 4 54 58 4
11 41 5 12 44 5
19 13 5 20 18 5
57 48 5 58 51 5
3 13 5 4 20 5
10 36 5 11 44 5
52 8 5 53 16 5
8 19 5 9 22 5
30 12 5 31 17 5
20 46 5 21 56 5
37 33 5 38 37 5
11 11 5 12 18 5
48 2 5 49 6 5
42 40 5 43 48 5
11 34 5 12 37 5
2 31 5 3 37 5
42 53 5 43 57 5
19 46 5 20 53 5
49 17 5 50 23 5
5 9 5 6 12 5
25 26 5 26 33 5
25 14 5 26 20 5
24 7 5 25 15 5
12 47 5 13 55 5
11 31 5 12 34 5
Net_num 155
Net_id 0
pin_num 5
47 21 0
59 21 0
31 25 0
32 0 0
48 2 0
Net_id 1
pin_num 5
20 12 0
11 10 0
0 12 0
19 10 0
0 28 0
Net_id 2
pin_num 5
52 23 0
54 27 0
42 23 0
42 27 0
24 23 0
Net_id 3
pin_num 5
46 45 0
38 46 0
38 50 0
59 40 0
54 44 0
Net_id 4
pin_num 5
0 58 0
6 56 0
1 39 0
0 39 0
1 22 0
Net_id 5
pin_num 5
22 44 0
22 59 0
11 53 0
22 33 0
22 24 0
Net_id 6
pin_num 5
24 1 0
30 1 0
26 5 0
20 0 0
26 25 0
Net_id 7
pin_num 5
19 19 0
28 30 0
13 22 0
22 22 0
45 24 0
Net_id 8
pin_num 5
12 2 0
18 3 0
19 3 0
18 27 0
1 13 0
Net_id 9
pin_num 5
8 37 0
10 24 0
23 34 0
14 28 0
16 33 0
Net_id 10
pin_num 5
13 20 0
2 25 0
10 7 0
11 30 0
5 18 0
Net_id 11
pin_num 5
35 32 0
42 36 0
47 32 0
37 38 0
59 33 0
Net_id 12
pin_num 5
42 31 0
51 22 0
33 30 0
48 42 0
46 28 0
Net_id 13
pin_num 5
0 31 0
7 22 0
7 15 0
4 16 0
13 16 0
Net_id 14
pin_num 5
59 35 0
54 34 0
58 19 0
22 21 0
44 33 0
Net_id 15
pin_num 5
55 58 0
56 50 0
49 37 0
54 53 0
54 43 0
Net_id 16
pin_num 5
29 51 0
45 44 0
36 47 0
39 30 0
28 49 0
Net_id 17
pin_num 5
30 59 0
42 59 0
26 51 0
50 52 0
44 46 0
Net_id 18
pin_num 5
25 4 0
16 1 0
2 9 0
17 18 0
8 32 0
Net_id 19
pin_num 5
4 0 0
12 7 0
7 5 0
21 2 0
16 6 0
Net_id 20
pin_num 4
51 13 0
58 11 0
51 11 0
45 22 0
Net_id 21
pin_num 4
14 18 0
6 18 0
23 7 0
13 1 0
Net_id 22
pin_num 4
21 27 0
33 28 0
33 14 0
45 29 0
Net_id 23
pin_num 4
3 23 0
0 34 0
8 34 0
0 32 0
Net_id 24
pin_num 4
30 48 0
35 53 0
12 50 0
13 44 0
Net_id 25
pin_num 4
46 30 0
55 30 0
32 28 0
48 47 0
Net_id 26
pin_num 4
52 12 0
54 15 0
31 0 0
54 0 0
Net_id 27
pin_num 4
34 18 0
28 17 0
23 13 0
25 3 0
Net_id 28
pin_num 4
45 12 0
51 14 0
50 3 0
37 3 0
Net_id 29
pin_num 4
26 10 0
29 7 0
25 18 0
15 7 0
Net_id 30
pin_num 4
31 8 0
23 12 0
14 20 0
27 20 0
Net_id 31
pin_num 4
16 30 0
27 31 0
39 31 0
20 26 0
Net_id 32
pin_num 4
17 49 0
11 49 0
21 55 0
0 57 0
Net_id 33
pin_num 4
53 20 0
35 25 0
23 23 0
35 13 0
Net_id 34
pin_num 4
27 26 0
31 20 0
46 26 0
34 43 0
Net_id 35
pin_num 4
24 40 0
21 34 0
14 36 0
24 54 0
Net_id 36
pin_num 4
54 52 0
50 59 0
42 53 0
34 58 0
Net_id 37
pin_num 4
34 6 0
18 6 0
27 3 0
28 19 0
Net_id 38
pin_num 4
29 48 0
18 50 0
0 56 0
20 56 0
Net_id 39
pin_num 3
59 44 0
52 31 0
38 37 0
Net_id 40
pin_num 3
50 10 0
58 5 0
59 8 0
Net_id 41
pin_num 3
40 12 0
58 17 0
37 17 0
Net_id 42
pin_num 3
44 13 0
47 28 0
54 26 0
Net_id 43
pin_num 3
46 57 0
55 57 0
53 34 0
Net_id 44
pin_num 3
28 38 0
21 31 0
0 55 0
Net_id 45
pin_num 3
38 42 0
29 59 0
37 52 0
Net_id 46
pin_num 3
19 55 0
9 58 0
25 47 0
Net_id 47
pin_num 3
12 25 0
5 15 0
33 8 0
Net_id 48
pin_num 3
19 15 0
12 6 0
34 20 0
Net_id 49
pin_num 3
56 4 0
45 4 0
59 15 0
Net_id 50
pin_num 3
10 29 0
25 33 0
50 32 0
Net_id 51
pin_num 3
12 12 0
0 29 0
6 15 0
Net_id 52
pin_num 3
12 28 0
2 28 0
17 28 0
Net_id 53
pin_num 3
51 38 0
56 33 0
58 50 0
Net_id 54
pin_num 3
5 1 0
14 5 0
44 5 0
Net_id 55
pin_num 3
2 4 0
4 11 0
3 22 0
Net_id 56
pin_num 3
22 55 0
26 56 0
23 44 0
Net_id 57
pin_num 3
1 10 0
12 5 0
0 6 0
Net_id 58
pin_num 3
48 16 0
58 16 0
59 32 0
Net_id 59
pin_num 3
3 44 0
10 31 0
13 58 0
Net_id 60
pin_num 3
55 5 0
35 0 0
53 8 0
Net_id 61
pin_num 3
53 2 0
43 13 0
52 4 0
Net_id 62
pin_num 3
28 12 0
24 7 0
17 1 0
Net_id 63
pin_num 3
4 45 0
2 46 0
8 46 0
Net_id 64
pin_num 3
34 56 0
23 58 0
23 39 0
Net_id 65
pin_num 3
54 56 0
49 56 0
51 43 0
Net_id 66
pin_num 3
31 28 0
6 29 0
29 0 0
Net_id 67
pin_num 3
30 10 0
43 18 0
18 11 0
Net_id 68
pin_num 3
44 19 0
36 19 0
44 29 0
Net_id 69
pin_num 3
38 27 0
35 33 0
47 47 0
Net_id 70
pin_num 3
46 4 0
53 9 0
53 29 0
Net_id 71
pin_num 3
37 36 0
33 47 0
58 31 0
Net_id 72
pin_num 3
40 52 0
46 55 0
59 52 0
Net_id 73
pin_num 3
1 24 0
9 41 0
5 33 0
Net_id 74
pin_num 3
24 38 0
40 48 0
28 59 0
Net_id 75
pin_num 3
25 26 0
42 18 0
8 33 0
Net_id 76
pin_num 3
39 27 0
51 15 0
15 17 0
Net_id 77
pin_num 3
23 10 0
19 21 0
46 15 0
Net_id 78
pin_num 3
12 14 0
17 14 0
10 23 0
Net_id 79
pin_num 2
8 54 0
47 29 0
Net_id 80
pin_num 2
5 44 0
9 42 0
Net_id 81
pin_num 2
47 56 0
45 59 0
Net_id 82
pin_num 2
51 8 0
39 7 0
Net_id 83
pin_num 2
13 43 0
26 33 0
Net_id 84
pin_num 2
9 17 0
5 8 0
Net_id 85
pin_num 2
44 57 0
45 42 0
Net_id 86
pin_num 2
13 31 0
15 30 0
Net_id 87
pin_num 2
36 9 0
49 1 0
Net_id 88
pin_num 2
1 26 0
23 2 0
Net_id 89
pin_num 2
6 50 0
2 56 0
Net_id 90
pin_num 2
29 25 0
49 32 0
Net_id 91
pin_num 2
45 33 0
39 32 0
Net_id 92
pin_num 2
46 53 0
49 55 0
Net_id 93
pin_num 2
36 6 0
56 1 0
Net_id 94
pin_num 2
24 50 0
42 55 0
Net_id 95
pin_num 2
18 48 0
21 18 0
Net_id 96
pin_num 2
44 27 0
59 10 0
Net_id 97
pin_num 2
32 5 0
17 13 0
Net_id 98
pin_num 2
33 17 0
16 21 0
Net_id 99
pin_num 2
20 32 0
11 45 0
Net_id 100
pin_num 2
50 50 0
49 51 0
Net_id 101
pin_num 2
56 3 0
52 3 0
Net_id 102
pin_num 2
56 8 0
58 20 0
Net_id 103
pin_num 2
43 39 0
32 54 0
Net_id 104
pin_num 2
7 27 0
30 20 0
Net_id 105
pin_num 2
5 39 0
0 36 0
Net_id 106
pin_num 2
49 42 0
50 46 0
Net_id 107
pin_num 2
31 58 0
25 55 0
Net_id 108
pin_num 2
7 53 0
15 58 0
Net_id 109
pin_num 2
46 42 0
54 48 0
Net_id 110
pin_num 2
5 2 0
2 3 0
Net_id 111
pin_num 2
56 49 0
53 44 0
Net_id 112
pin_num 2
8 56 0
26 54 0
Net_id 113
pin_num 2
37 57 0
52 43 0
Net_id 114
pin_num 2
18 45 0
27 44 0
Net_id 115
pin_num 2
0 43 0
2 47 0
Net_id 116
pin_num 2
57 23 0
58 29 0
Net_id 117
pin_num 2
12 36 0
2 39 0
Net_id 118
pin_num 2
33 55 0
16 43 0
Net_id 119
pin_num 2
30 40 0
40 33 0
Net_id 120
pin_num 2
10 21 0
15 33 0
Net_id 121
pin_num 2
41 11 0
53 12 0
Net_id 122
pin_num 2
45 2 0
56 6 0
Net_id 123
pin_num 2
17 48 0
2 40 0
Net_id 124
pin_num 2
24 51 0
10 49 0
Net_id 125
pin_num 2
45 40 0
52 19 0
Net_id 126
pin_num 2
43 41 0
34 53 0
Net_id 127
pin_num 2
10 13 0
8 5 0
Net_id 128
pin_num 2
26 7 0
37 4 0
Net_id 129
pin_num 2
9 26 0
21 28 0
Net_id 130
pin_num 2
5 45 0
8 45 0
Net_id 131
pin_num 2
57 40 0
47 33 0
Net_id 132
pin_num 2
33 9 0
38 18 0
Net_id 133
pin_num 2
16 50 0
10 54 0
Net_id 134
pin_num 2
54 12 0
13 38 0
Net_id 135
pin_num 2
12 24 0
36 15 0
Net_id 136
pin_num 2
43 5 0
52 1 0
Net_id 137
pin_num 2
46 10 0
40 34 0
Net_id 138
pin_num 2
1 5 0
7 24 0
Net_id 139
pin_num 2
50 11 0
47 14 0
Net_id 140
pin_num 2
2 1 0
7 7 0
Net_id 141
pin_num 2
18 18 0
22 2 0
Net_id 142
pin_num 2
43 2 0
36 7 0
Net_id 143
pin_num 2
35 16 0
17 38 0
Net_id 144
pin_num 2
11 39 0
3 25 0
Net_id 145
pin_num 2
21 38 0
18 39 0
Net_id 146
pin_num 2
17 46 0
10 51 0
Net_id 147
pin_num 2
55 4 0
57 0 0
Net_id 148
pin_num 2
21 12 0
22 8 0
Net_id 149
pin_num 2
38 20 0
59 14 0
Net_id 150
pin_num 2
50 13 0
47 18 0
Net_id 151
pin_num 2
20 21 0
12 32 0
Net_id 152
pin_num 2
3 42 0
0 49 0
Net_id 153
pin_num 2
42 13 0
56 30 0
Net_id 154
pin_num 2
39 53 0
32 57 0
