Width 60
Height 60
Layer 6
Total_WL 6780
Obstacle_num 144
33 47 0 43 48 0
43 10 0 53 11 0
13 33 0 17 34 0
36 18 0 39 19 0
12 57 0 21 58 0
49 6 0 53 7 0
49 41 0 58 42 0
38 54 0 47 55 0
30 58 0 39 59 0
51 20 0 56 21 0
51 51 0 55 52 0
13 20 0 23 21 0
49 48 0 56 49 0
28 40 0 33 41 0
11 49 0 21 50 0
49 49 0 58 50 0
37 55 0 47 56 0
1 53 0 9 54 0
16 32 0 26 33 0
26 33 0 29 34 0
51 17 0 57 18 0
1 21 0 5 22 0
23 9 0 28 10 0
25 53 0 28 54 0
54 14 1 55 24 1
55 38 1 56 47 1
42 25 1 43 28 1
13 37 1 14 46 1
1 49 1 2 58 1
27 19 1 28 26 1
21 17 1 22 20 1
35 33 1 36 38 1
7 35 1 8 41 1
6 13 1 7 16 1
0 51 1 1 55 1
44 10 1 45 14 1
16 41 1 17 51 1
7 52 1 8 57 1
39 12 1 40 16 1
20 37 1 21 47 1
34 49 1 35 55 1
31 4 1 32 14 1
2 8 1 3 18 1
30 31 1 31 40 1
13 28 1 14 34 1
17 23 1 18 32 1
34 2 1 35 9 1
32 42 1 33 52 1
32 46 2 35 47 2
32 50 2 42 51 2
26 24 2 31 25 2
0 18 2 6 19 2
35 41 2 39 42 2
43 29 2 48 30 2
41 35 2 44 36 2
45 53 2 52 54 2
52 13 2 55 14 2
46 19 2 50 20 2
12 10 2 20 11 2
47 10 2 51 11 2
47 26 2 50 27 2
7 36 2 15 37 2
46 14 2 56 15 2
5 55 2 9 56 2
12 4 2 21 5 2
5 0 2 14 1 2
46 21 2 56 22 2
29 41 2 32 42 2
43 49 2 51 50 2
26 42 2 35 43 2
40 42 2 43 43 2
8 2 2 18 3 2
4 49 3 5 57 3
39 14 3 40 20 3
12 23 3 13 30 3
56 35 3 57 40 3
10 15 3 11 21 3
3 50 3 4 56 3
41 13 3 42 21 3
42 8 3 43 18 3
41 40 3 42 47 3
18 1 3 19 10 3
51 13 3 52 22 3
12 46 3 13 51 3
11 19 3 12 24 3
39 50 3 40 57 3
45 40 3 46 44 3
43 11 3 44 16 3
23 52 3 24 58 3
43 17 3 44 22 3
52 37 3 53 42 3
22 36 3 23 40 3
55 46 3 56 55 3
30 48 3 31 53 3
52 8 3 53 15 3
21 46 3 22 55 3
2 16 4 10 17 4
13 19 4 19 20 4
33 48 4 40 49 4
28 4 4 34 5 4
39 12 4 43 13 4
7 50 4 13 51 4
2 55 4 9 56 4
47 8 4 54 9 4
8 33 4 13 34 4
29 32 4 37 33 4
20 40 4 23 41 4
11 46 4 14 47 4
16 53 4 22 54 4
24 7 4 29 8 4
7 58 4 11 59 4
13 3 4 18 4 4
11 8 4 20 9 4
0 9 4 7 10 4
19 55 4 25 56 4
38 24 4 45 25 4
17 7 4 20 8 4
36 39 4 45 40 4
9 35 4 12 36 4
40 13 4 48 14 4
7 5 5 8 10 5
35 26 5 36 31 5
8 21 5 9 25 5
6 15 5 7 18 5
31 14 5 32 24 5
7 32 5 8 39 5
13 45 5 14 48 5
53 38 5 54 47 5
46 0 5 47 3 5
35 8 5 36 14 5
34 22 5 35 27 5
6 41 5 7 50 5
23 41 5 24 50 5
15 12 5 16 18 5
18 8 5 19 12 5
32 10 5 33 16 5
11 17 5 12 20 5
6 7 5 7 12 5
39 0 5 40 9 5
20 40 5 21 49 5
54 30 5 55 39 5
51 31 5 52 34 5
2 5 5 3 13 5
57 6 5 58 15 5
Net_num 163
Net_id 0
pin_num 5
31 50 0
14 51 0
22 28 0
12 38 0
35 40 0
Net_id 1
pin_num 5
17 58 0
25 58 0
42 59 0
36 40 0
58 40 0
Net_id 2
pin_num 5
1 44 0
7 57 0
17 44 0
21 49 0
5 59 0
Net_id 3
pin_num 5
46 27 0
42 20 0
45 45 0
30 36 0
44 38 0
Net_id 4
pin_num 5
9 20 0
1 13 0
7 16 0
8 43 0
0 22 0
Net_id 5
pin_num 5
12 18 0
12 30 0
30 23 0
28 25 0
27 46 0
Net_id 6
pin_num 5
2 25 0
9 21 0
8 19 0
0 17 0
11 23 0
Net_id 7
pin_num 5
14 29 0
18 19 0
15 21 0
29 22 0
29 43 0
Net_id 8
pin_num 5
50 44 0
52 47 0
52 59 0
51 36 0
28 36 0
Net_id 9
pin_num 5
17 52 0
23 51 0
46 52 0
43 59 0
44 51 0
Net_id 10
pin_num 5
52 3 0
55 4 0
34 3 0
43 4 0
54 0 0
Net_id 11
pin_num 5
27 29 0
32 29 0
31 38 0
12 32 0
40 37 0
Net_id 12
pin_num 5
27 21 0
24 20 0
26 7 0
25 13 0
20 17 0
Net_id 13
pin_num 5
2 7 0
0 5 0
5 21 0
10 7 0
7 19 0
Net_id 14
pin_num 5
33 56 0
21 54 0
24 44 0
26 38 0
29 51 0
Net_id 15
pin_num 5
56 52 0
59 55 0
48 59 0
59 56 0
57 39 0
Net_id 16
pin_num 5
31 1 0
39 1 0
32 6 0
49 0 0
21 2 0
Net_id 17
pin_num 5
53 36 0
51 43 0
59 40 0
37 43 0
59 26 0
Net_id 18
pin_num 5
35 7 0
49 11 0
59 11 0
54 11 0
58 26 0
Net_id 19
pin_num 5
33 31 0
28 31 0
13 31 0
18 37 0
20 53 0
Net_id 20
pin_num 5
13 53 0
17 37 0
23 57 0
19 40 0
26 43 0
Net_id 21
pin_num 4
59 51 0
51 56 0
49 44 0
59 25 0
Net_id 22
pin_num 4
22 43 0
16 40 0
16 26 0
25 54 0
Net_id 23
pin_num 4
42 30 0
46 32 0
34 28 0
35 12 0
Net_id 24
pin_num 4
21 27 0
8 27 0
14 24 0
13 13 0
Net_id 25
pin_num 4
14 56 0
22 56 0
19 39 0
6 40 0
Net_id 26
pin_num 4
3 48 0
0 46 0
13 47 0
11 40 0
Net_id 27
pin_num 4
28 55 0
18 51 0
5 58 0
36 39 0
Net_id 28
pin_num 4
39 42 0
38 39 0
39 22 0
29 58 0
Net_id 29
pin_num 4
10 33 0
16 24 0
24 29 0
25 37 0
Net_id 30
pin_num 4
3 22 0
15 18 0
4 24 0
6 2 0
Net_id 31
pin_num 4
53 38 0
58 47 0
58 58 0
39 21 0
Net_id 32
pin_num 4
53 52 0
58 57 0
54 39 0
39 57 0
Net_id 33
pin_num 4
41 15 0
27 1 0
5 2 0
2 0 0
Net_id 34
pin_num 4
50 46 0
40 48 0
28 53 0
35 43 0
Net_id 35
pin_num 4
42 39 0
55 37 0
48 31 0
27 34 0
Net_id 36
pin_num 4
32 2 0
16 5 0
13 3 0
32 0 0
Net_id 37
pin_num 4
28 27 0
32 30 0
23 19 0
25 30 0
Net_id 38
pin_num 4
48 58 0
53 50 0
39 58 0
58 56 0
Net_id 39
pin_num 4
11 21 0
16 14 0
15 23 0
0 35 0
Net_id 40
pin_num 4
0 34 0
5 31 0
5 40 0
3 23 0
Net_id 41
pin_num 3
48 18 0
31 3 0
37 5 0
Net_id 42
pin_num 3
31 13 0
32 25 0
24 8 0
Net_id 43
pin_num 3
56 8 0
48 6 0
51 0 0
Net_id 44
pin_num 3
43 14 0
46 9 0
25 11 0
Net_id 45
pin_num 3
2 49 0
11 51 0
10 40 0
Net_id 46
pin_num 3
35 22 0
50 19 0
38 33 0
Net_id 47
pin_num 3
9 31 0
13 46 0
13 12 0
Net_id 48
pin_num 3
11 16 0
14 1 0
19 9 0
Net_id 49
pin_num 3
51 52 0
47 57 0
56 50 0
Net_id 50
pin_num 3
38 26 0
32 26 0
27 38 0
Net_id 51
pin_num 3
30 44 0
21 51 0
31 28 0
Net_id 52
pin_num 3
36 51 0
46 37 0
42 50 0
Net_id 53
pin_num 3
2 52 0
14 58 0
7 51 0
Net_id 54
pin_num 3
58 44 0
58 49 0
35 55 0
Net_id 55
pin_num 3
9 8 0
17 10 0
4 9 0
Net_id 56
pin_num 3
4 7 0
22 1 0
1 11 0
Net_id 57
pin_num 3
59 35 0
37 42 0
43 56 0
Net_id 58
pin_num 3
25 27 0
34 19 0
49 33 0
Net_id 59
pin_num 3
3 19 0
3 14 0
20 15 0
Net_id 60
pin_num 3
41 25 0
38 35 0
47 38 0
Net_id 61
pin_num 3
7 39 0
37 35 0
21 30 0
Net_id 62
pin_num 3
11 6 0
0 4 0
17 2 0
Net_id 63
pin_num 3
15 5 0
7 10 0
22 13 0
Net_id 64
pin_num 3
9 23 0
2 29 0
4 13 0
Net_id 65
pin_num 3
2 36 0
9 49 0
41 56 0
Net_id 66
pin_num 3
17 26 0
27 18 0
14 22 0
Net_id 67
pin_num 3
47 28 0
23 11 0
40 22 0
Net_id 68
pin_num 3
56 54 0
49 54 0
50 57 0
Net_id 69
pin_num 3
17 18 0
37 38 0
29 47 0
Net_id 70
pin_num 3
0 7 0
20 10 0
5 17 0
Net_id 71
pin_num 3
35 50 0
49 56 0
58 48 0
Net_id 72
pin_num 3
45 30 0
59 21 0
53 21 0
Net_id 73
pin_num 3
37 31 0
21 28 0
28 20 0
Net_id 74
pin_num 3
41 45 0
41 38 0
15 59 0
Net_id 75
pin_num 3
31 18 0
19 22 0
23 3 0
Net_id 76
pin_num 3
45 6 0
33 3 0
30 1 0
Net_id 77
pin_num 3
29 33 0
38 34 0
33 41 0
Net_id 78
pin_num 3
25 42 0
29 32 0
9 35 0
Net_id 79
pin_num 3
1 28 0
20 33 0
28 37 0
Net_id 80
pin_num 2
21 12 0
4 25 0
Net_id 81
pin_num 2
20 54 0
5 57 0
Net_id 82
pin_num 2
13 38 0
24 33 0
Net_id 83
pin_num 2
53 5 0
59 23 0
Net_id 84
pin_num 2
58 6 0
59 4 0
Net_id 85
pin_num 2
8 46 0
24 56 0
Net_id 86
pin_num 2
55 0 0
55 22 0
Net_id 87
pin_num 2
45 49 0
58 37 0
Net_id 88
pin_num 2
2 43 0
9 32 0
Net_id 89
pin_num 2
44 25 0
53 35 0
Net_id 90
pin_num 2
31 39 0
44 48 0
Net_id 91
pin_num 2
30 53 0
28 39 0
Net_id 92
pin_num 2
44 22 0
47 12 0
Net_id 93
pin_num 2
26 25 0
2 31 0
Net_id 94
pin_num 2
39 2 0
59 8 0
Net_id 95
pin_num 2
52 34 0
49 27 0
Net_id 96
pin_num 2
15 55 0
0 50 0
Net_id 97
pin_num 2
18 42 0
23 42 0
Net_id 98
pin_num 2
58 14 0
50 31 0
Net_id 99
pin_num 2
29 24 0
37 25 0
Net_id 100
pin_num 2
34 48 0
42 44 0
Net_id 101
pin_num 2
41 27 0
21 39 0
Net_id 102
pin_num 2
57 31 0
55 36 0
Net_id 103
pin_num 2
3 33 0
13 48 0
Net_id 104
pin_num 2
33 21 0
29 11 0
Net_id 105
pin_num 2
57 26 0
41 29 0
Net_id 106
pin_num 2
10 34 0
21 16 0
Net_id 107
pin_num 2
13 41 0
11 43 0
Net_id 108
pin_num 2
40 53 0
59 53 0
Net_id 109
pin_num 2
0 15 0
3 7 0
Net_id 110
pin_num 2
18 8 0
30 3 0
Net_id 111
pin_num 2
45 11 0
42 17 0
Net_id 112
pin_num 2
24 4 0
12 13 0
Net_id 113
pin_num 2
32 22 0
23 16 0
Net_id 114
pin_num 2
23 46 0
18 41 0
Net_id 115
pin_num 2
45 31 0
53 15 0
Net_id 116
pin_num 2
43 13 0
57 4 0
Net_id 117
pin_num 2
36 10 0
30 5 0
Net_id 118
pin_num 2
19 5 0
33 16 0
Net_id 119
pin_num 2
42 37 0
52 35 0
Net_id 120
pin_num 2
4 59 0
0 56 0
Net_id 121
pin_num 2
15 22 0
27 17 0
Net_id 122
pin_num 2
14 41 0
29 53 0
Net_id 123
pin_num 2
49 37 0
48 28 0
Net_id 124
pin_num 2
10 57 0
27 48 0
Net_id 125
pin_num 2
44 23 0
37 49 0
Net_id 126
pin_num 2
37 30 0
24 7 0
Net_id 127
pin_num 2
58 12 0
34 29 0
Net_id 128
pin_num 2
45 22 0
32 55 0
Net_id 129
pin_num 2
54 2 0
30 6 0
Net_id 130
pin_num 2
23 35 0
14 39 0
Net_id 131
pin_num 2
31 5 0
41 4 0
Net_id 132
pin_num 2
25 10 0
33 13 0
Net_id 133
pin_num 2
44 47 0
46 41 0
Net_id 134
pin_num 2
46 48 0
48 47 0
Net_id 135
pin_num 2
53 9 0
53 13 0
Net_id 136
pin_num 2
23 37 0
15 48 0
Net_id 137
pin_num 2
51 22 0
48 12 0
Net_id 138
pin_num 2
30 11 0
20 34 0
Net_id 139
pin_num 2
57 0 0
58 4 0
Net_id 140
pin_num 2
14 26 0
17 11 0
Net_id 141
pin_num 2
5 9 0
12 9 0
Net_id 142
pin_num 2
31 16 0
20 7 0
Net_id 143
pin_num 2
56 24 0
41 30 0
Net_id 144
pin_num 2
59 15 0
57 16 0
Net_id 145
pin_num 2
18 29 0
34 39 0
Net_id 146
pin_num 2
23 2 0
30 7 0
Net_id 147
pin_num 2
5 55 0
1 46 0
Net_id 148
pin_num 2
2 40 0
4 37 0
Net_id 149
pin_num 2
9 10 0
2 24 0
Net_id 150
pin_num 2
7 55 0
21 45 0
Net_id 151
pin_num 2
35 23 0
42 5 0
Net_id 152
pin_num 2
7 50 0
26 56 0
Net_id 153
pin_num 2
51 13 0
52 8 0
Net_id 154
pin_num 2
19 55 0
40 38 0
Net_id 155
pin_num 2
3 0 0
9 12 0
Net_id 156
pin_num 2
8 42 0
2 38 0
Net_id 157
pin_num 2
49 17 0
57 17 0
Net_id 158
pin_num 2
40 1 0
55 2 0
Net_id 159
pin_num 2
50 32 0
53 31 0
Net_id 160
pin_num 2
22 16 0
21 15 0
Net_id 161
pin_num 2
57 8 0
46 6 0
Net_id 162
pin_num 2
35 39 0
28 14 0
