Width 60
Height 60
Layer 6
Total_WL 6978
Obstacle_num 144
44 52 0 50 53 0
3 13 0 6 14 0
11 37 0 21 38 0
41 42 0 50 43 0
48 51 0 52 52 0
34 55 0 38 56 0
44 35 0 47 36 0
51 58 0 55 59 0
32 3 0 39 4 0
53 33 0 56 34 0
3 33 0 7 34 0
22 12 0 31 13 0
11 42 0 17 43 0
24 14 0 32 15 0
29 15 0 39 16 0
12 36 0 18 37 0
46 54 0 50 55 0
14 51 0 18 52 0
5 2 0 12 3 0
22 21 0 28 22 0
41 25 0 50 26 0
40 39 0 43 40 0
15 31 0 25 32 0
30 52 0 38 53 0
25 42 1 26 49 1
21 0 1 22 7 1
1 15 1 2 20 1
49 16 1 50 20 1
23 38 1 24 48 1
0 23 1 1 31 1
32 1 1 33 8 1
32 12 1 33 21 1
12 51 1 13 59 1
21 15 1 22 20 1
52 10 1 53 15 1
53 16 1 54 21 1
54 29 1 55 35 1
52 52 1 53 59 1
41 20 1 42 28 1
35 15 1 36 25 1
14 8 1 15 17 1
23 52 1 24 56 1
6 6 1 7 9 1
43 49 1 44 59 1
51 29 1 52 38 1
9 40 1 10 43 1
17 37 1 18 43 1
42 13 1 43 17 1
25 43 2 33 44 2
31 56 2 41 57 2
14 51 2 20 52 2
21 25 2 26 26 2
30 49 2 40 50 2
43 2 2 53 3 2
45 6 2 52 7 2
33 43 2 37 44 2
7 40 2 12 41 2
46 43 2 54 44 2
1 3 2 11 4 2
24 24 2 33 25 2
46 55 2 50 56 2
33 25 2 40 26 2
45 54 2 53 55 2
0 36 2 8 37 2
7 15 2 11 16 2
30 58 2 33 59 2
28 19 2 38 20 2
15 57 2 22 58 2
34 32 2 38 33 2
5 41 2 8 42 2
18 49 2 27 50 2
6 53 2 13 54 2
54 16 3 55 21 3
55 13 3 56 20 3
22 16 3 23 19 3
16 9 3 17 13 3
14 4 3 15 8 3
10 39 3 11 45 3
53 33 3 54 39 3
46 4 3 47 14 3
30 1 3 31 4 3
16 19 3 17 22 3
9 49 3 10 55 3
6 47 3 7 50 3
47 26 3 48 35 3
52 52 3 53 59 3
24 20 3 25 30 3
23 53 3 24 58 3
56 49 3 57 59 3
8 23 3 9 31 3
21 21 3 22 25 3
10 54 3 11 58 3
38 17 3 39 24 3
17 36 3 18 42 3
33 50 3 34 59 3
26 50 3 27 57 3
49 20 4 55 21 4
19 10 4 27 11 4
1 30 4 4 31 4
5 36 4 14 37 4
38 26 4 45 27 4
4 53 4 14 54 4
40 5 4 49 6 4
35 13 4 40 14 4
36 27 4 45 28 4
2 52 4 8 53 4
52 26 4 55 27 4
28 56 4 32 57 4
51 5 4 57 6 4
12 43 4 17 44 4
42 51 4 46 52 4
5 37 4 10 38 4
29 32 4 37 33 4
6 0 4 11 1 4
32 6 4 42 7 4
52 4 4 56 5 4
30 46 4 36 47 4
31 35 4 39 36 4
7 11 4 12 12 4
47 49 4 54 50 4
26 39 5 27 46 5
0 52 5 1 56 5
9 43 5 10 52 5
48 12 5 49 22 5
28 40 5 29 50 5
15 5 5 16 9 5
47 24 5 48 32 5
23 15 5 24 25 5
28 29 5 29 35 5
1 5 5 2 8 5
53 9 5 54 16 5
8 4 5 9 14 5
21 44 5 22 47 5
43 45 5 44 53 5
10 2 5 11 11 5
23 8 5 24 12 5
50 15 5 51 24 5
54 7 5 55 14 5
6 47 5 7 53 5
27 50 5 28 54 5
12 43 5 13 53 5
24 28 5 25 32 5
56 24 5 57 30 5
15 31 5 16 36 5
Net_num 158
Net_id 0
pin_num 5
43 8 0
49 20 0
20 10 0
47 5 0
27 29 0
Net_id 1
pin_num 5
36 59 0
47 50 0
42 51 0
58 50 0
42 38 0
Net_id 2
pin_num 5
15 11 0
24 2 0
48 2 0
30 0 0
27 7 0
Net_id 3
pin_num 5
5 9 0
5 4 0
0 8 0
0 12 0
5 7 0
Net_id 4
pin_num 5
41 12 0
46 0 0
38 5 0
59 4 0
38 9 0
Net_id 5
pin_num 5
1 35 0
0 52 0
27 49 0
13 59 0
4 58 0
Net_id 6
pin_num 5
35 48 0
30 48 0
10 48 0
47 59 0
31 47 0
Net_id 7
pin_num 5
41 51 0
39 57 0
39 45 0
45 51 0
26 51 0
Net_id 8
pin_num 5
8 52 0
21 52 0
14 55 0
17 55 0
28 58 0
Net_id 9
pin_num 5
27 33 0
16 33 0
26 17 0
24 43 0
20 20 0
Net_id 10
pin_num 5
52 33 0
41 43 0
44 30 0
58 30 0
52 8 0
Net_id 11
pin_num 5
46 53 0
58 47 0
58 58 0
59 59 0
39 58 0
Net_id 12
pin_num 5
7 51 0
2 43 0
13 51 0
0 34 0
19 46 0
Net_id 13
pin_num 5
10 33 0
2 39 0
8 31 0
10 7 0
0 14 0
Net_id 14
pin_num 5
44 50 0
41 52 0
24 44 0
57 45 0
50 49 0
Net_id 15
pin_num 5
46 12 0
53 12 0
54 15 0
59 5 0
42 1 0
Net_id 16
pin_num 5
26 42 0
19 47 0
18 39 0
30 40 0
28 50 0
Net_id 17
pin_num 5
1 36 0
4 38 0
4 18 0
4 57 0
1 32 0
Net_id 18
pin_num 5
41 24 0
54 19 0
42 36 0
43 46 0
22 34 0
Net_id 19
pin_num 5
44 18 0
38 8 0
51 15 0
48 30 0
33 16 0
Net_id 20
pin_num 4
59 37 0
56 40 0
59 58 0
49 37 0
Net_id 21
pin_num 4
49 41 0
55 39 0
53 47 0
50 34 0
Net_id 22
pin_num 4
9 55 0
13 58 0
1 57 0
7 52 0
Net_id 23
pin_num 4
56 8 0
51 21 0
59 6 0
42 4 0
Net_id 24
pin_num 4
27 36 0
20 28 0
33 28 0
24 52 0
Net_id 25
pin_num 4
53 48 0
50 43 0
59 31 0
41 38 0
Net_id 26
pin_num 4
51 46 0
38 40 0
35 59 0
40 28 0
Net_id 27
pin_num 4
50 14 0
54 12 0
43 14 0
56 33 0
Net_id 28
pin_num 4
17 40 0
3 44 0
3 32 0
15 35 0
Net_id 29
pin_num 4
6 11 0
16 15 0
16 8 0
6 17 0
Net_id 30
pin_num 4
28 27 0
19 27 0
20 7 0
37 33 0
Net_id 31
pin_num 4
35 37 0
33 14 0
33 59 0
10 37 0
Net_id 32
pin_num 4
16 10 0
19 5 0
11 0 0
21 11 0
Net_id 33
pin_num 4
30 22 0
25 23 0
25 11 0
9 14 0
Net_id 34
pin_num 4
43 43 0
52 32 0
41 41 0
48 58 0
Net_id 35
pin_num 4
43 3 0
34 1 0
20 3 0
0 3 0
Net_id 36
pin_num 4
57 25 0
44 21 0
53 36 0
51 38 0
Net_id 37
pin_num 4
44 38 0
55 40 0
57 51 0
51 56 0
Net_id 38
pin_num 4
45 11 0
53 13 0
26 13 0
34 29 0
Net_id 39
pin_num 4
14 4 0
6 5 0
10 34 0
0 2 0
Net_id 40
pin_num 3
5 38 0
20 56 0
20 59 0
Net_id 41
pin_num 3
52 11 0
46 7 0
44 0 0
Net_id 42
pin_num 3
19 2 0
4 2 0
29 20 0
Net_id 43
pin_num 3
41 13 0
48 31 0
47 3 0
Net_id 44
pin_num 3
33 5 0
21 12 0
1 6 0
Net_id 45
pin_num 3
33 41 0
16 54 0
17 43 0
Net_id 46
pin_num 3
8 14 0
0 1 0
21 6 0
Net_id 47
pin_num 3
58 20 0
58 31 0
32 29 0
Net_id 48
pin_num 3
8 54 0
34 50 0
0 57 0
Net_id 49
pin_num 3
49 5 0
35 0 0
58 29 0
Net_id 50
pin_num 3
51 10 0
56 13 0
55 4 0
Net_id 51
pin_num 3
11 19 0
17 19 0
39 19 0
Net_id 52
pin_num 3
35 22 0
40 12 0
28 13 0
Net_id 53
pin_num 3
23 32 0
15 38 0
40 46 0
Net_id 54
pin_num 3
7 25 0
12 7 0
7 33 0
Net_id 55
pin_num 3
52 21 0
57 33 0
55 2 0
Net_id 56
pin_num 3
40 57 0
56 52 0
32 36 0
Net_id 57
pin_num 3
5 12 0
30 8 0
12 38 0
Net_id 58
pin_num 3
2 9 0
5 21 0
15 21 0
Net_id 59
pin_num 3
1 45 0
19 34 0
13 20 0
Net_id 60
pin_num 3
39 39 0
31 54 0
34 58 0
Net_id 61
pin_num 3
49 56 0
55 59 0
49 59 0
Net_id 62
pin_num 3
14 2 0
11 1 0
33 11 0
Net_id 63
pin_num 3
58 17 0
57 19 0
40 18 0
Net_id 64
pin_num 3
16 48 0
2 35 0
31 57 0
Net_id 65
pin_num 3
26 58 0
27 52 0
38 55 0
Net_id 66
pin_num 3
41 56 0
50 55 0
46 47 0
Net_id 67
pin_num 3
54 44 0
59 32 0
57 28 0
Net_id 68
pin_num 3
11 21 0
6 25 0
2 8 0
Net_id 69
pin_num 3
30 38 0
35 58 0
16 27 0
Net_id 70
pin_num 3
2 12 0
13 25 0
8 42 0
Net_id 71
pin_num 3
57 44 0
49 48 0
54 47 0
Net_id 72
pin_num 3
12 26 0
22 6 0
35 14 0
Net_id 73
pin_num 3
1 24 0
12 24 0
2 6 0
Net_id 74
pin_num 3
54 54 0
53 57 0
17 58 0
Net_id 75
pin_num 3
7 46 0
3 28 0
7 8 0
Net_id 76
pin_num 3
54 2 0
46 17 0
58 4 0
Net_id 77
pin_num 3
11 51 0
5 50 0
15 49 0
Net_id 78
pin_num 3
22 9 0
23 20 0
4 9 0
Net_id 79
pin_num 3
1 55 0
5 48 0
2 28 0
Net_id 80
pin_num 2
23 3 0
32 22 0
Net_id 81
pin_num 2
56 59 0
54 48 0
Net_id 82
pin_num 2
18 29 0
22 39 0
Net_id 83
pin_num 2
51 47 0
57 24 0
Net_id 84
pin_num 2
18 7 0
14 20 0
Net_id 85
pin_num 2
23 53 0
1 26 0
Net_id 86
pin_num 2
26 54 0
26 59 0
Net_id 87
pin_num 2
13 34 0
7 54 0
Net_id 88
pin_num 2
51 13 0
45 16 0
Net_id 89
pin_num 2
29 52 0
16 43 0
Net_id 90
pin_num 2
39 7 0
37 4 0
Net_id 91
pin_num 2
40 37 0
37 36 0
Net_id 92
pin_num 2
56 57 0
57 36 0
Net_id 93
pin_num 2
13 7 0
33 0 0
Net_id 94
pin_num 2
12 8 0
5 11 0
Net_id 95
pin_num 2
7 48 0
11 59 0
Net_id 96
pin_num 2
55 30 0
57 47 0
Net_id 97
pin_num 2
6 14 0
34 5 0
Net_id 98
pin_num 2
49 16 0
56 34 0
Net_id 99
pin_num 2
21 54 0
25 35 0
Net_id 100
pin_num 2
59 40 0
45 50 0
Net_id 101
pin_num 2
41 16 0
37 16 0
Net_id 102
pin_num 2
4 5 0
5 10 0
Net_id 103
pin_num 2
54 52 0
38 50 0
Net_id 104
pin_num 2
47 22 0
53 29 0
Net_id 105
pin_num 2
36 51 0
29 46 0
Net_id 106
pin_num 2
13 11 0
19 17 0
Net_id 107
pin_num 2
43 29 0
49 31 0
Net_id 108
pin_num 2
47 21 0
53 23 0
Net_id 109
pin_num 2
36 58 0
36 42 0
Net_id 110
pin_num 2
8 50 0
9 39 0
Net_id 111
pin_num 2
32 23 0
24 18 0
Net_id 112
pin_num 2
11 47 0
14 50 0
Net_id 113
pin_num 2
36 47 0
40 52 0
Net_id 114
pin_num 2
41 22 0
30 30 0
Net_id 115
pin_num 2
32 55 0
21 56 0
Net_id 116
pin_num 2
46 26 0
40 23 0
Net_id 117
pin_num 2
41 6 0
32 0 0
Net_id 118
pin_num 2
37 57 0
36 54 0
Net_id 119
pin_num 2
5 51 0
2 57 0
Net_id 120
pin_num 2
31 43 0
44 58 0
Net_id 121
pin_num 2
53 38 0
40 27 0
Net_id 122
pin_num 2
48 28 0
59 16 0
Net_id 123
pin_num 2
47 48 0
51 40 0
Net_id 124
pin_num 2
13 0 0
4 10 0
Net_id 125
pin_num 2
44 32 0
51 32 0
Net_id 126
pin_num 2
31 22 0
38 27 0
Net_id 127
pin_num 2
13 19 0
31 9 0
Net_id 128
pin_num 2
15 18 0
3 6 0
Net_id 129
pin_num 2
19 8 0
42 0 0
Net_id 130
pin_num 2
8 25 0
9 29 0
Net_id 131
pin_num 2
33 46 0
39 41 0
Net_id 132
pin_num 2
39 44 0
43 44 0
Net_id 133
pin_num 2
26 4 0
19 0 0
Net_id 134
pin_num 2
34 33 0
47 20 0
Net_id 135
pin_num 2
14 41 0
26 40 0
Net_id 136
pin_num 2
45 28 0
59 35 0
Net_id 137
pin_num 2
42 14 0
34 23 0
Net_id 138
pin_num 2
21 17 0
28 11 0
Net_id 139
pin_num 2
41 27 0
57 27 0
Net_id 140
pin_num 2
35 1 0
38 4 0
Net_id 141
pin_num 2
46 30 0
35 36 0
Net_id 142
pin_num 2
9 3 0
17 5 0
Net_id 143
pin_num 2
48 55 0
55 34 0
Net_id 144
pin_num 2
39 8 0
50 8 0
Net_id 145
pin_num 2
33 56 0
25 54 0
Net_id 146
pin_num 2
26 49 0
7 17 0
Net_id 147
pin_num 2
37 40 0
32 26 0
Net_id 148
pin_num 2
30 44 0
42 22 0
Net_id 149
pin_num 2
44 26 0
39 12 0
Net_id 150
pin_num 2
14 8 0
22 24 0
Net_id 151
pin_num 2
9 59 0
2 42 0
Net_id 152
pin_num 2
2 21 0
0 31 0
Net_id 153
pin_num 2
58 1 0
48 7 0
Net_id 154
pin_num 2
54 57 0
54 51 0
Net_id 155
pin_num 2
27 39 0
16 22 0
Net_id 156
pin_num 2
33 31 0
37 29 0
Net_id 157
pin_num 2
50 4 0
57 9 0
