Width 60
Height 60
Layer 6
Total_WL 6718
Obstacle_num 144
47 9 0 53 10 0
49 0 0 57 1 0
37 11 0 45 12 0
36 38 0 41 39 0
53 54 0 56 55 0
44 15 0 53 16 0
7 6 0 14 7 0
8 22 0 13 23 0
21 1 0 27 2 0
34 51 0 39 52 0
24 2 0 27 3 0
36 22 0 43 23 0
10 18 0 14 19 0
3 51 0 7 52 0
1 37 0 8 38 0
7 4 0 16 5 0
35 49 0 42 50 0
42 44 0 48 45 0
12 15 0 19 16 0
22 47 0 30 48 0
39 27 0 45 28 0
37 3 0 42 4 0
49 23 0 58 24 0
42 56 0 48 57 0
40 50 1 41 59 1
39 17 1 40 20 1
41 4 1 42 9 1
35 36 1 36 41 1
6 55 1 7 58 1
13 33 1 14 41 1
29 1 1 30 9 1
2 53 1 3 56 1
58 9 1 59 18 1
10 33 1 11 40 1
40 11 1 41 15 1
55 48 1 56 53 1
49 10 1 50 13 1
39 46 1 40 51 1
49 20 1 50 27 1
29 39 1 30 48 1
30 28 1 31 34 1
32 50 1 33 57 1
49 40 1 50 49 1
30 37 1 31 42 1
41 21 1 42 26 1
0 30 1 1 37 1
57 21 1 58 24 1
44 52 1 45 56 1
4 49 2 10 50 2
42 54 2 52 55 2
3 23 2 13 24 2
44 57 2 50 58 2
23 11 2 26 12 2
14 0 2 17 1 2
38 32 2 47 33 2
13 1 2 23 2 2
21 30 2 29 31 2
3 8 2 9 9 2
47 48 2 52 49 2
31 26 2 39 27 2
42 55 2 52 56 2
13 36 2 22 37 2
39 22 2 45 23 2
23 5 2 32 6 2
45 14 2 50 15 2
42 31 2 52 32 2
5 16 2 8 17 2
23 36 2 28 37 2
21 21 2 31 22 2
22 57 2 28 58 2
41 20 2 51 21 2
31 55 2 35 56 2
39 29 3 40 38 3
42 33 3 43 43 3
8 3 3 9 12 3
34 4 3 35 7 3
42 24 3 43 30 3
55 27 3 56 37 3
3 20 3 4 28 3
1 42 3 2 50 3
16 10 3 17 18 3
31 8 3 32 15 3
37 41 3 38 48 3
49 40 3 50 44 3
48 12 3 49 20 3
56 7 3 57 13 3
6 2 3 7 11 3
7 50 3 8 56 3
39 4 3 40 13 3
48 23 3 49 30 3
47 16 3 48 22 3
0 5 3 1 10 3
36 33 3 37 41 3
4 31 3 5 35 3
27 22 3 28 32 3
47 46 3 48 50 3
9 8 4 16 9 4
51 44 4 54 45 4
40 18 4 48 19 4
16 49 4 25 50 4
40 27 4 48 28 4
28 28 4 34 29 4
44 21 4 48 22 4
35 7 4 41 8 4
17 51 4 23 52 4
30 10 4 33 11 4
40 31 4 43 32 4
38 16 4 44 17 4
11 42 4 14 43 4
11 55 4 21 56 4
23 17 4 28 18 4
48 55 4 55 56 4
32 17 4 39 18 4
29 6 4 37 7 4
36 33 4 44 34 4
45 41 4 54 42 4
22 31 4 32 32 4
44 10 4 49 11 4
24 43 4 30 44 4
14 15 4 22 16 4
43 22 5 44 29 5
19 21 5 20 30 5
14 4 5 15 14 5
0 12 5 1 20 5
26 20 5 27 27 5
48 42 5 49 50 5
27 1 5 28 7 5
29 26 5 30 35 5
22 17 5 23 20 5
50 44 5 51 51 5
57 8 5 58 13 5
53 11 5 54 16 5
36 27 5 37 30 5
53 31 5 54 37 5
25 19 5 26 25 5
16 42 5 17 45 5
44 43 5 45 46 5
12 10 5 13 18 5
10 36 5 11 42 5
44 1 5 45 4 5
34 42 5 35 45 5
52 1 5 53 11 5
37 31 5 38 34 5
16 10 5 17 15 5
Net_num 162
Net_id 0
pin_num 5
58 58 0
49 51 0
38 59 0
59 38 0
52 53 0
Net_id 1
pin_num 5
57 46 0
58 39 0
58 59 0
55 59 0
42 46 0
Net_id 2
pin_num 5
0 49 0
6 49 0
1 33 0
18 43 0
17 29 0
Net_id 3
pin_num 5
48 42 0
43 31 0
27 36 0
47 35 0
45 59 0
Net_id 4
pin_num 5
35 15 0
40 26 0
40 43 0
33 19 0
44 40 0
Net_id 5
pin_num 5
24 30 0
32 37 0
32 28 0
29 31 0
42 32 0
Net_id 6
pin_num 5
34 39 0
28 25 0
41 38 0
27 59 0
12 59 0
Net_id 7
pin_num 5
42 8 0
59 2 0
43 12 0
42 30 0
46 9 0
Net_id 8
pin_num 5
53 39 0
54 43 0
36 41 0
59 52 0
54 55 0
Net_id 9
pin_num 5
44 19 0
38 17 0
53 15 0
53 20 0
51 6 0
Net_id 10
pin_num 5
5 20 0
2 14 0
1 0 0
6 8 0
4 11 0
Net_id 11
pin_num 5
38 53 0
33 45 0
16 53 0
35 58 0
35 35 0
Net_id 12
pin_num 5
13 36 0
3 36 0
9 42 0
11 32 0
11 19 0
Net_id 13
pin_num 5
25 20 0
31 20 0
40 30 0
12 28 0
48 29 0
Net_id 14
pin_num 5
14 51 0
30 42 0
29 59 0
19 42 0
16 44 0
Net_id 15
pin_num 5
49 19 0
56 5 0
50 25 0
59 26 0
55 25 0
Net_id 16
pin_num 5
53 10 0
54 13 0
58 6 0
42 9 0
45 26 0
Net_id 17
pin_num 5
28 1 0
19 0 0
19 14 0
25 5 0
21 0 0
Net_id 18
pin_num 5
57 40 0
41 44 0
43 57 0
11 59 0
46 34 0
Net_id 19
pin_num 5
23 56 0
39 53 0
41 58 0
34 50 0
54 56 0
Net_id 20
pin_num 4
45 29 0
48 25 0
33 25 0
40 40 0
Net_id 21
pin_num 4
46 22 0
41 14 0
42 10 0
47 0 0
Net_id 22
pin_num 4
43 0 0
33 6 0
40 1 0
48 0 0
Net_id 23
pin_num 4
43 5 0
43 1 0
51 1 0
40 8 0
Net_id 24
pin_num 4
0 47 0
14 41 0
27 41 0
11 44 0
Net_id 25
pin_num 4
30 15 0
18 24 0
31 15 0
27 29 0
Net_id 26
pin_num 4
26 7 0
18 0 0
18 12 0
9 1 0
Net_id 27
pin_num 4
14 0 0
18 5 0
6 4 0
8 14 0
Net_id 28
pin_num 4
50 36 0
59 35 0
55 31 0
52 16 0
Net_id 29
pin_num 4
17 5 0
9 5 0
13 14 0
9 3 0
Net_id 30
pin_num 4
53 52 0
51 41 0
50 33 0
42 52 0
Net_id 31
pin_num 4
58 15 0
54 3 0
57 16 0
49 3 0
Net_id 32
pin_num 4
4 12 0
15 12 0
17 16 0
14 17 0
Net_id 33
pin_num 4
31 50 0
29 48 0
44 45 0
40 57 0
Net_id 34
pin_num 4
23 54 0
18 55 0
0 52 0
1 53 0
Net_id 35
pin_num 4
59 20 0
54 22 0
54 32 0
56 43 0
Net_id 36
pin_num 4
30 11 0
40 2 0
25 8 0
34 20 0
Net_id 37
pin_num 4
39 30 0
29 32 0
38 45 0
23 32 0
Net_id 38
pin_num 4
3 34 0
6 38 0
29 37 0
27 34 0
Net_id 39
pin_num 4
56 26 0
57 39 0
59 28 0
49 30 0
Net_id 40
pin_num 3
24 20 0
10 29 0
0 37 0
Net_id 41
pin_num 3
40 23 0
33 24 0
11 23 0
Net_id 42
pin_num 3
19 10 0
12 19 0
12 27 0
Net_id 43
pin_num 3
41 12 0
37 32 0
45 28 0
Net_id 44
pin_num 3
52 46 0
49 58 0
49 28 0
Net_id 45
pin_num 3
57 49 0
48 43 0
59 27 0
Net_id 46
pin_num 3
57 4 0
39 1 0
55 4 0
Net_id 47
pin_num 3
15 30 0
22 26 0
3 41 0
Net_id 48
pin_num 3
47 39 0
54 33 0
2 34 0
Net_id 49
pin_num 3
22 10 0
21 18 0
0 21 0
Net_id 50
pin_num 3
3 33 0
16 27 0
5 43 0
Net_id 51
pin_num 3
40 15 0
41 16 0
48 1 0
Net_id 52
pin_num 3
34 54 0
59 58 0
58 37 0
Net_id 53
pin_num 3
37 55 0
36 50 0
43 58 0
Net_id 54
pin_num 3
5 4 0
4 1 0
2 13 0
Net_id 55
pin_num 3
19 48 0
27 52 0
4 52 0
Net_id 56
pin_num 3
34 41 0
46 48 0
34 33 0
Net_id 57
pin_num 3
2 30 0
7 17 0
15 13 0
Net_id 58
pin_num 3
4 55 0
23 51 0
2 57 0
Net_id 59
pin_num 3
6 48 0
17 39 0
7 19 0
Net_id 60
pin_num 3
45 1 0
41 26 0
50 3 0
Net_id 61
pin_num 3
34 35 0
23 39 0
40 59 0
Net_id 62
pin_num 3
46 59 0
50 52 0
55 44 0
Net_id 63
pin_num 3
31 28 0
18 35 0
28 24 0
Net_id 64
pin_num 3
39 52 0
32 47 0
45 47 0
Net_id 65
pin_num 3
22 45 0
44 50 0
54 39 0
Net_id 66
pin_num 3
37 57 0
48 35 0
41 39 0
Net_id 67
pin_num 3
15 17 0
20 21 0
24 4 0
Net_id 68
pin_num 3
10 35 0
0 46 0
18 45 0
Net_id 69
pin_num 3
34 21 0
49 29 0
58 22 0
Net_id 70
pin_num 3
55 2 0
52 4 0
52 38 0
Net_id 71
pin_num 3
20 39 0
30 27 0
27 31 0
Net_id 72
pin_num 3
44 57 0
46 52 0
39 45 0
Net_id 73
pin_num 3
49 47 0
45 43 0
57 47 0
Net_id 74
pin_num 3
15 32 0
30 43 0
39 33 0
Net_id 75
pin_num 3
10 54 0
11 45 0
0 48 0
Net_id 76
pin_num 3
15 36 0
14 31 0
20 38 0
Net_id 77
pin_num 3
26 49 0
12 51 0
16 58 0
Net_id 78
pin_num 3
54 49 0
56 56 0
53 38 0
Net_id 79
pin_num 2
50 47 0
53 31 0
Net_id 80
pin_num 2
59 23 0
57 24 0
Net_id 81
pin_num 2
25 31 0
18 30 0
Net_id 82
pin_num 2
34 1 0
46 11 0
Net_id 83
pin_num 2
30 24 0
6 50 0
Net_id 84
pin_num 2
10 43 0
2 50 0
Net_id 85
pin_num 2
5 25 0
15 6 0
Net_id 86
pin_num 2
11 26 0
6 30 0
Net_id 87
pin_num 2
43 10 0
44 3 0
Net_id 88
pin_num 2
42 3 0
55 6 0
Net_id 89
pin_num 2
12 7 0
22 3 0
Net_id 90
pin_num 2
31 37 0
31 43 0
Net_id 91
pin_num 2
28 16 0
11 11 0
Net_id 92
pin_num 2
4 57 0
2 58 0
Net_id 93
pin_num 2
20 47 0
42 23 0
Net_id 94
pin_num 2
4 54 0
5 48 0
Net_id 95
pin_num 2
8 42 0
3 44 0
Net_id 96
pin_num 2
2 32 0
22 12 0
Net_id 97
pin_num 2
26 21 0
38 28 0
Net_id 98
pin_num 2
36 16 0
42 4 0
Net_id 99
pin_num 2
3 18 0
8 1 0
Net_id 100
pin_num 2
53 32 0
39 39 0
Net_id 101
pin_num 2
28 52 0
37 42 0
Net_id 102
pin_num 2
56 13 0
42 7 0
Net_id 103
pin_num 2
19 22 0
14 26 0
Net_id 104
pin_num 2
57 11 0
43 6 0
Net_id 105
pin_num 2
5 30 0
6 15 0
Net_id 106
pin_num 2
26 0 0
30 1 0
Net_id 107
pin_num 2
38 55 0
42 55 0
Net_id 108
pin_num 2
52 39 0
51 43 0
Net_id 109
pin_num 2
8 56 0
45 52 0
Net_id 110
pin_num 2
24 55 0
8 40 0
Net_id 111
pin_num 2
11 28 0
1 51 0
Net_id 112
pin_num 2
4 58 0
8 53 0
Net_id 113
pin_num 2
14 13 0
5 3 0
Net_id 114
pin_num 2
42 57 0
47 40 0
Net_id 115
pin_num 2
20 2 0
24 9 0
Net_id 116
pin_num 2
48 18 0
54 16 0
Net_id 117
pin_num 2
38 2 0
35 5 0
Net_id 118
pin_num 2
46 16 0
53 7 0
Net_id 119
pin_num 2
50 26 0
55 24 0
Net_id 120
pin_num 2
41 42 0
49 50 0
Net_id 121
pin_num 2
40 14 0
32 14 0
Net_id 122
pin_num 2
13 19 0
21 29 0
Net_id 123
pin_num 2
17 45 0
12 44 0
Net_id 124
pin_num 2
38 43 0
37 20 0
Net_id 125
pin_num 2
9 46 0
3 56 0
Net_id 126
pin_num 2
49 16 0
44 26 0
Net_id 127
pin_num 2
13 3 0
6 0 0
Net_id 128
pin_num 2
50 13 0
34 9 0
Net_id 129
pin_num 2
46 37 0
51 50 0
Net_id 130
pin_num 2
42 41 0
34 32 0
Net_id 131
pin_num 2
5 41 0
13 42 0
Net_id 132
pin_num 2
31 41 0
25 50 0
Net_id 133
pin_num 2
4 9 0
13 2 0
Net_id 134
pin_num 2
11 43 0
23 36 0
Net_id 135
pin_num 2
58 7 0
55 7 0
Net_id 136
pin_num 2
3 2 0
7 2 0
Net_id 137
pin_num 2
53 50 0
55 43 0
Net_id 138
pin_num 2
7 45 0
27 38 0
Net_id 139
pin_num 2
13 22 0
14 27 0
Net_id 140
pin_num 2
20 40 0
37 59 0
Net_id 141
pin_num 2
44 30 0
45 34 0
Net_id 142
pin_num 2
35 11 0
26 14 0
Net_id 143
pin_num 2
42 17 0
53 27 0
Net_id 144
pin_num 2
26 26 0
48 7 0
Net_id 145
pin_num 2
56 38 0
49 35 0
Net_id 146
pin_num 2
15 3 0
10 7 0
Net_id 147
pin_num 2
3 26 0
18 58 0
Net_id 148
pin_num 2
12 0 0
17 24 0
Net_id 149
pin_num 2
54 21 0
47 12 0
Net_id 150
pin_num 2
30 38 0
55 42 0
Net_id 151
pin_num 2
35 29 0
10 46 0
Net_id 152
pin_num 2
15 2 0
14 6 0
Net_id 153
pin_num 2
17 30 0
7 14 0
Net_id 154
pin_num 2
40 24 0
43 7 0
Net_id 155
pin_num 2
9 18 0
4 18 0
Net_id 156
pin_num 2
7 30 0
23 27 0
Net_id 157
pin_num 2
1 39 0
4 31 0
Net_id 158
pin_num 2
32 10 0
44 12 0
Net_id 159
pin_num 2
21 32 0
13 46 0
Net_id 160
pin_num 2
34 28 0
15 10 0
Net_id 161
pin_num 2
32 55 0
43 48 0
