Width 60
Height 60
Layer 6
Total_WL 6784
Obstacle_num 144
6 1 0 11 2 0
11 48 0 19 49 0
41 11 0 49 12 0
49 43 0 55 44 0
28 36 0 35 37 0
14 23 0 24 24 0
26 25 0 34 26 0
39 45 0 42 46 0
5 4 0 13 5 0
38 0 0 47 1 0
45 19 0 54 20 0
30 50 0 39 51 0
13 28 0 21 29 0
6 2 0 16 3 0
35 54 0 41 55 0
7 54 0 16 55 0
0 10 0 8 11 0
42 49 0 46 50 0
3 11 0 6 12 0
18 26 0 24 27 0
24 47 0 28 48 0
25 0 0 33 1 0
1 17 0 6 18 0
27 53 0 36 54 0
9 45 1 10 53 1
56 52 1 57 58 1
46 18 1 47 26 1
34 11 1 35 14 1
54 39 1 55 43 1
49 35 1 50 42 1
37 37 1 38 42 1
3 46 1 4 54 1
23 20 1 24 27 1
47 11 1 48 15 1
22 21 1 23 31 1
41 19 1 42 28 1
43 5 1 44 10 1
3 55 1 4 59 1
28 45 1 29 52 1
3 14 1 4 17 1
52 23 1 53 33 1
37 5 1 38 13 1
47 18 1 48 24 1
44 42 1 45 47 1
27 12 1 28 18 1
34 42 1 35 45 1
34 49 1 35 58 1
53 24 1 54 30 1
1 5 2 6 6 2
35 28 2 44 29 2
32 22 2 35 23 2
10 43 2 16 44 2
39 8 2 49 9 2
28 43 2 34 44 2
28 19 2 36 20 2
51 42 2 59 43 2
29 38 2 35 39 2
27 2 2 37 3 2
39 30 2 44 31 2
44 15 2 54 16 2
38 19 2 46 20 2
22 12 2 31 13 2
44 44 2 50 45 2
13 56 2 20 57 2
9 33 2 18 34 2
49 5 2 56 6 2
51 20 2 58 21 2
5 9 2 10 10 2
25 58 2 35 59 2
38 25 2 48 26 2
22 31 2 25 32 2
51 19 2 54 20 2
9 12 3 10 22 3
4 8 3 5 18 3
24 46 3 25 52 3
36 46 3 37 50 3
46 31 3 47 41 3
23 42 3 24 48 3
32 43 3 33 53 3
0 6 3 1 9 3
11 48 3 12 54 3
28 28 3 29 32 3
2 36 3 3 46 3
39 10 3 40 15 3
41 4 3 42 10 3
46 4 3 47 8 3
45 6 3 46 12 3
1 19 3 2 22 3
42 14 3 43 20 3
56 51 3 57 57 3
42 45 3 43 50 3
51 21 3 52 25 3
15 53 3 16 58 3
21 38 3 22 45 3
47 16 3 48 26 3
29 21 3 30 26 3
23 50 4 30 51 4
47 49 4 54 50 4
52 12 4 56 13 4
29 54 4 32 55 4
13 18 4 22 19 4
49 36 4 58 37 4
30 53 4 37 54 4
16 44 4 25 45 4
52 39 4 59 40 4
51 15 4 55 16 4
4 13 4 7 14 4
35 27 4 45 28 4
27 21 4 33 22 4
15 15 4 24 16 4
17 54 4 23 55 4
35 14 4 41 15 4
30 4 4 33 5 4
51 40 4 54 41 4
45 18 4 49 19 4
45 20 4 54 21 4
34 48 4 42 49 4
18 36 4 21 37 4
37 41 4 46 42 4
32 38 4 35 39 4
5 32 5 6 36 5
56 48 5 57 58 5
33 6 5 34 12 5
14 30 5 15 39 5
38 39 5 39 47 5
11 50 5 12 57 5
58 25 5 59 31 5
12 52 5 13 57 5
1 50 5 2 54 5
47 33 5 48 39 5
57 21 5 58 28 5
25 3 5 26 9 5
13 4 5 14 10 5
9 47 5 10 53 5
38 8 5 39 17 5
39 38 5 40 44 5
45 23 5 46 33 5
34 29 5 35 34 5
43 35 5 44 44 5
9 37 5 10 41 5
35 3 5 36 6 5
36 8 5 37 17 5
33 47 5 34 51 5
50 11 5 51 21 5
Net_num 158
Net_id 0
pin_num 5
58 27 0
59 21 0
59 45 0
46 25 0
59 46 0
Net_id 1
pin_num 5
57 37 0
58 44 0
40 40 0
46 57 0
58 51 0
Net_id 2
pin_num 5
25 41 0
34 32 0
33 14 0
21 30 0
20 27 0
Net_id 3
pin_num 5
44 4 0
34 4 0
35 15 0
20 0 0
57 0 0
Net_id 4
pin_num 5
13 58 0
9 58 0
1 59 0
8 59 0
14 59 0
Net_id 5
pin_num 5
27 23 0
28 33 0
18 44 0
24 26 0
25 30 0
Net_id 6
pin_num 5
18 45 0
16 49 0
18 59 0
37 45 0
29 51 0
Net_id 7
pin_num 5
39 41 0
45 41 0
42 56 0
39 44 0
55 43 0
Net_id 8
pin_num 5
31 20 0
36 8 0
19 0 0
40 5 0
29 8 0
Net_id 9
pin_num 5
29 2 0
24 2 0
21 14 0
5 7 0
8 19 0
Net_id 10
pin_num 5
19 1 0
14 0 0
14 20 0
15 18 0
28 4 0
Net_id 11
pin_num 5
13 46 0
2 43 0
3 46 0
16 55 0
0 40 0
Net_id 12
pin_num 5
23 18 0
10 23 0
16 21 0
22 14 0
33 9 0
Net_id 13
pin_num 5
0 50 0
7 44 0
2 57 0
29 50 0
29 39 0
Net_id 14
pin_num 5
16 8 0
31 12 0
28 11 0
17 19 0
30 19 0
Net_id 15
pin_num 5
28 5 0
39 6 0
26 7 0
24 10 0
23 1 0
Net_id 16
pin_num 5
21 46 0
12 56 0
25 56 0
32 46 0
19 58 0
Net_id 17
pin_num 5
32 18 0
38 18 0
35 31 0
54 21 0
17 25 0
Net_id 18
pin_num 5
13 43 0
21 37 0
16 44 0
23 41 0
12 19 0
Net_id 19
pin_num 5
31 31 0
34 30 0
33 17 0
14 21 0
16 14 0
Net_id 20
pin_num 4
27 9 0
40 9 0
46 9 0
45 1 0
Net_id 21
pin_num 4
47 29 0
42 28 0
23 28 0
48 28 0
Net_id 22
pin_num 4
55 30 0
49 24 0
58 16 0
58 36 0
Net_id 23
pin_num 4
17 4 0
13 0 0
5 1 0
13 23 0
Net_id 24
pin_num 4
55 53 0
57 45 0
57 59 0
44 52 0
Net_id 25
pin_num 4
52 47 0
51 51 0
56 47 0
58 15 0
Net_id 26
pin_num 4
5 54 0
2 55 0
12 57 0
0 53 0
Net_id 27
pin_num 4
35 40 0
38 46 0
56 45 0
43 55 0
Net_id 28
pin_num 4
54 33 0
44 32 0
48 17 0
51 28 0
Net_id 29
pin_num 4
56 13 0
52 14 0
55 0 0
47 5 0
Net_id 30
pin_num 4
47 41 0
57 32 0
48 36 0
52 42 0
Net_id 31
pin_num 4
38 47 0
45 42 0
43 24 0
36 20 0
Net_id 32
pin_num 4
28 24 0
22 32 0
34 46 0
37 16 0
Net_id 33
pin_num 4
42 37 0
32 42 0
44 31 0
54 39 0
Net_id 34
pin_num 4
15 10 0
8 21 0
0 12 0
8 30 0
Net_id 35
pin_num 4
16 10 0
19 19 0
18 34 0
30 22 0
Net_id 36
pin_num 4
30 44 0
38 41 0
31 56 0
26 32 0
Net_id 37
pin_num 4
1 42 0
5 36 0
19 36 0
22 39 0
Net_id 38
pin_num 4
49 35 0
53 34 0
47 33 0
50 16 0
Net_id 39
pin_num 3
7 18 0
24 18 0
9 41 0
Net_id 40
pin_num 3
59 1 0
47 7 0
49 42 0
Net_id 41
pin_num 3
50 12 0
43 13 0
44 34 0
Net_id 42
pin_num 3
28 39 0
22 47 0
50 59 0
Net_id 43
pin_num 3
26 52 0
28 57 0
52 54 0
Net_id 44
pin_num 3
8 3 0
26 22 0
25 31 0
Net_id 45
pin_num 3
2 19 0
2 11 0
0 31 0
Net_id 46
pin_num 3
33 26 0
40 18 0
37 10 0
Net_id 47
pin_num 3
22 3 0
27 18 0
1 9 0
Net_id 48
pin_num 3
6 26 0
10 20 0
12 8 0
Net_id 49
pin_num 3
11 53 0
19 59 0
19 37 0
Net_id 50
pin_num 3
44 16 0
53 11 0
12 11 0
Net_id 51
pin_num 3
28 17 0
24 3 0
20 3 0
Net_id 52
pin_num 3
59 48 0
48 38 0
57 55 0
Net_id 53
pin_num 3
54 5 0
55 10 0
41 12 0
Net_id 54
pin_num 3
17 41 0
16 52 0
10 49 0
Net_id 55
pin_num 3
13 29 0
1 16 0
10 30 0
Net_id 56
pin_num 3
47 57 0
57 57 0
38 57 0
Net_id 57
pin_num 3
42 35 0
48 16 0
53 23 0
Net_id 58
pin_num 3
54 14 0
57 23 0
45 33 0
Net_id 59
pin_num 3
5 18 0
0 32 0
1 21 0
Net_id 60
pin_num 3
13 51 0
26 59 0
35 43 0
Net_id 61
pin_num 3
44 17 0
58 0 0
55 35 0
Net_id 62
pin_num 3
57 24 0
51 37 0
57 42 0
Net_id 63
pin_num 3
24 13 0
36 14 0
17 20 0
Net_id 64
pin_num 3
8 36 0
0 57 0
7 43 0
Net_id 65
pin_num 3
9 24 0
19 29 0
24 25 0
Net_id 66
pin_num 3
22 22 0
30 33 0
30 55 0
Net_id 67
pin_num 3
51 7 0
45 12 0
34 1 0
Net_id 68
pin_num 3
46 7 0
22 11 0
39 3 0
Net_id 69
pin_num 3
13 18 0
2 28 0
3 54 0
Net_id 70
pin_num 3
23 2 0
1 7 0
12 9 0
Net_id 71
pin_num 3
20 22 0
13 31 0
1 15 0
Net_id 72
pin_num 3
32 47 0
40 59 0
59 13 0
Net_id 73
pin_num 3
0 33 0
15 42 0
10 28 0
Net_id 74
pin_num 3
26 34 0
56 32 0
50 46 0
Net_id 75
pin_num 3
18 17 0
27 17 0
27 33 0
Net_id 76
pin_num 3
26 23 0
24 19 0
35 42 0
Net_id 77
pin_num 3
43 53 0
55 47 0
55 39 0
Net_id 78
pin_num 3
47 6 0
59 0 0
57 4 0
Net_id 79
pin_num 3
48 8 0
32 33 0
49 17 0
Net_id 80
pin_num 2
41 5 0
46 4 0
Net_id 81
pin_num 2
3 34 0
8 51 0
Net_id 82
pin_num 2
41 20 0
27 5 0
Net_id 83
pin_num 2
35 46 0
37 33 0
Net_id 84
pin_num 2
17 31 0
18 38 0
Net_id 85
pin_num 2
41 19 0
59 18 0
Net_id 86
pin_num 2
48 46 0
42 59 0
Net_id 87
pin_num 2
42 17 0
23 6 0
Net_id 88
pin_num 2
35 52 0
43 52 0
Net_id 89
pin_num 2
53 56 0
49 49 0
Net_id 90
pin_num 2
21 29 0
42 23 0
Net_id 91
pin_num 2
4 38 0
1 49 0
Net_id 92
pin_num 2
2 5 0
26 3 0
Net_id 93
pin_num 2
57 18 0
38 6 0
Net_id 94
pin_num 2
24 1 0
37 15 0
Net_id 95
pin_num 2
9 23 0
5 23 0
Net_id 96
pin_num 2
34 59 0
37 29 0
Net_id 97
pin_num 2
53 36 0
56 44 0
Net_id 98
pin_num 2
0 5 0
29 13 0
Net_id 99
pin_num 2
25 6 0
25 7 0
Net_id 100
pin_num 2
45 2 0
39 29 0
Net_id 101
pin_num 2
13 35 0
18 36 0
Net_id 102
pin_num 2
49 48 0
37 55 0
Net_id 103
pin_num 2
33 0 0
46 2 0
Net_id 104
pin_num 2
52 22 0
51 18 0
Net_id 105
pin_num 2
47 38 0
33 46 0
Net_id 106
pin_num 2
50 48 0
53 31 0
Net_id 107
pin_num 2
54 36 0
36 19 0
Net_id 108
pin_num 2
4 15 0
16 0 0
Net_id 109
pin_num 2
55 16 0
47 26 0
Net_id 110
pin_num 2
30 47 0
40 58 0
Net_id 111
pin_num 2
16 30 0
30 29 0
Net_id 112
pin_num 2
24 40 0
12 22 0
Net_id 113
pin_num 2
55 19 0
46 58 0
Net_id 114
pin_num 2
7 14 0
5 14 0
Net_id 115
pin_num 2
11 37 0
11 42 0
Net_id 116
pin_num 2
35 6 0
57 3 0
Net_id 117
pin_num 2
39 40 0
35 17 0
Net_id 118
pin_num 2
14 39 0
19 25 0
Net_id 119
pin_num 2
0 2 0
5 12 0
Net_id 120
pin_num 2
32 32 0
27 22 0
Net_id 121
pin_num 2
34 38 0
50 47 0
Net_id 122
pin_num 2
46 54 0
27 57 0
Net_id 123
pin_num 2
6 48 0
1 14 0
Net_id 124
pin_num 2
27 35 0
22 34 0
Net_id 125
pin_num 2
33 19 0
12 28 0
Net_id 126
pin_num 2
29 52 0
37 51 0
Net_id 127
pin_num 2
44 6 0
32 1 0
Net_id 128
pin_num 2
36 27 0
23 32 0
Net_id 129
pin_num 2
20 54 0
26 38 0
Net_id 130
pin_num 2
32 58 0
37 58 0
Net_id 131
pin_num 2
51 13 0
55 15 0
Net_id 132
pin_num 2
36 49 0
44 55 0
Net_id 133
pin_num 2
3 26 0
7 31 0
Net_id 134
pin_num 2
41 47 0
49 44 0
Net_id 135
pin_num 2
54 44 0
49 50 0
Net_id 136
pin_num 2
20 16 0
42 26 0
Net_id 137
pin_num 2
23 35 0
4 24 0
Net_id 138
pin_num 2
40 17 0
27 49 0
Net_id 139
pin_num 2
4 12 0
23 5 0
Net_id 140
pin_num 2
10 0 0
16 6 0
Net_id 141
pin_num 2
48 51 0
24 43 0
Net_id 142
pin_num 2
2 14 0
11 11 0
Net_id 143
pin_num 2
31 29 0
40 35 0
Net_id 144
pin_num 2
0 54 0
2 53 0
Net_id 145
pin_num 2
28 54 0
5 53 0
Net_id 146
pin_num 2
1 35 0
14 31 0
Net_id 147
pin_num 2
31 8 0
25 10 0
Net_id 148
pin_num 2
3 9 0
6 17 0
Net_id 149
pin_num 2
38 22 0
47 9 0
Net_id 150
pin_num 2
46 36 0
39 55 0
Net_id 151
pin_num 2
40 36 0
31 13 0
Net_id 152
pin_num 2
10 55 0
2 49 0
Net_id 153
pin_num 2
23 55 0
20 49 0
Net_id 154
pin_num 2
21 48 0
14 46 0
Net_id 155
pin_num 2
53 2 0
48 5 0
Net_id 156
pin_num 2
27 6 0
45 22 0
Net_id 157
pin_num 2
3 24 0
3 43 0
