Width 60
Height 60
Layer 6
Total_WL 6447
Obstacle_num 144
9 2 0 14 3 0
43 48 0 48 49 0
13 46 0 16 47 0
28 36 0 36 37 0
37 45 0 46 46 0
50 18 0 57 19 0
26 52 0 32 53 0
40 43 0 50 44 0
30 35 0 40 36 0
42 2 0 52 3 0
32 19 0 42 20 0
14 7 0 18 8 0
18 43 0 23 44 0
23 15 0 30 16 0
13 56 0 22 57 0
9 58 0 16 59 0
46 37 0 52 38 0
8 12 0 11 13 0
35 5 0 39 6 0
27 20 0 35 21 0
43 12 0 46 13 0
2 44 0 6 45 0
4 45 0 10 46 0
23 6 0 27 7 0
58 4 1 59 12 1
52 19 1 53 26 1
0 25 1 1 35 1
46 42 1 47 49 1
43 39 1 44 43 1
22 53 1 23 59 1
0 4 1 1 11 1
55 44 1 56 52 1
47 2 1 48 12 1
43 33 1 44 39 1
54 8 1 55 12 1
4 23 1 5 26 1
12 24 1 13 30 1
5 49 1 6 52 1
40 45 1 41 55 1
46 33 1 47 41 1
32 53 1 33 58 1
56 25 1 57 31 1
18 26 1 19 35 1
23 46 1 24 54 1
40 19 1 41 29 1
11 44 1 12 52 1
36 4 1 37 12 1
6 10 1 7 17 1
37 27 2 44 28 2
18 15 2 22 16 2
28 32 2 38 33 2
26 33 2 29 34 2
27 20 2 32 21 2
15 8 2 22 9 2
24 37 2 28 38 2
1 14 2 4 15 2
36 9 2 46 10 2
51 13 2 58 14 2
53 26 2 58 27 2
15 54 2 19 55 2
28 34 2 38 35 2
45 56 2 55 57 2
5 24 2 14 25 2
13 50 2 17 51 2
4 56 2 8 57 2
12 4 2 20 5 2
41 23 2 48 24 2
33 37 2 39 38 2
16 33 2 19 34 2
4 29 2 10 30 2
24 7 2 30 8 2
38 26 2 46 27 2
58 41 3 59 50 3
6 15 3 7 24 3
30 3 3 31 7 3
54 27 3 55 31 3
22 38 3 23 44 3
4 44 3 5 47 3
18 0 3 19 10 3
42 20 3 43 25 3
38 49 3 39 56 3
42 32 3 43 38 3
55 29 3 56 34 3
17 37 3 18 41 3
17 4 3 18 9 3
44 0 3 45 3 3
36 42 3 37 45 3
0 44 3 1 50 3
56 12 3 57 16 3
29 0 3 30 8 3
12 34 3 13 39 3
48 53 3 49 59 3
51 32 3 52 38 3
30 27 3 31 36 3
56 30 3 57 38 3
52 2 3 53 6 3
39 14 4 44 15 4
49 35 4 54 36 4
46 33 4 56 34 4
49 56 4 52 57 4
52 12 4 55 13 4
42 37 4 51 38 4
47 43 4 57 44 4
27 57 4 34 58 4
14 15 4 24 16 4
53 38 4 57 39 4
2 25 4 9 26 4
14 50 4 23 51 4
6 32 4 9 33 4
29 47 4 36 48 4
11 1 4 18 2 4
7 54 4 16 55 4
32 38 4 39 39 4
41 35 4 49 36 4
21 31 4 24 32 4
8 47 4 16 48 4
18 54 4 22 55 4
42 13 4 49 14 4
6 43 4 14 44 4
41 53 4 46 54 4
50 2 5 51 10 5
21 0 5 22 5 5
39 19 5 40 25 5
53 7 5 54 13 5
1 15 5 2 24 5
58 7 5 59 13 5
0 47 5 1 55 5
16 16 5 17 26 5
50 49 5 51 57 5
34 12 5 35 22 5
19 24 5 20 27 5
5 28 5 6 34 5
6 38 5 7 41 5
2 40 5 3 45 5
7 35 5 8 45 5
53 40 5 54 48 5
19 38 5 20 45 5
5 5 5 6 15 5
15 16 5 16 26 5
13 50 5 14 58 5
43 50 5 44 55 5
32 30 5 33 36 5
40 31 5 41 36 5
48 27 5 49 35 5
Net_num 156
Net_id 0
pin_num 5
37 41 0
27 43 0
34 59 0
39 46 0
34 29 0
Net_id 1
pin_num 5
2 58 0
6 52 0
23 55 0
0 53 0
8 59 0
Net_id 2
pin_num 5
43 30 0
59 25 0
53 47 0
47 45 0
57 35 0
Net_id 3
pin_num 5
49 57 0
45 57 0
25 57 0
40 59 0
30 59 0
Net_id 4
pin_num 5
35 23 0
34 26 0
49 24 0
30 24 0
23 24 0
Net_id 5
pin_num 5
9 4 0
6 0 0
0 15 0
16 0 0
3 32 0
Net_id 6
pin_num 5
46 18 0
49 19 0
48 35 0
46 0 0
48 34 0
Net_id 7
pin_num 5
4 9 0
1 4 0
11 4 0
20 4 0
26 2 0
Net_id 8
pin_num 5
5 15 0
0 22 0
1 21 0
0 41 0
26 20 0
Net_id 9
pin_num 5
41 20 0
35 34 0
39 24 0
38 31 0
12 22 0
Net_id 10
pin_num 5
59 19 0
55 23 0
56 0 0
35 8 0
59 9 0
Net_id 11
pin_num 5
10 9 0
13 5 0
28 9 0
6 8 0
20 5 0
Net_id 12
pin_num 5
38 15 0
43 15 0
59 20 0
59 1 0
52 4 0
Net_id 13
pin_num 5
3 56 0
5 54 0
5 58 0
14 54 0
3 52 0
Net_id 14
pin_num 5
34 7 0
30 1 0
38 3 0
12 1 0
45 0 0
Net_id 15
pin_num 5
30 21 0
26 21 0
27 8 0
11 21 0
19 10 0
Net_id 16
pin_num 5
40 28 0
35 18 0
41 40 0
17 28 0
49 25 0
Net_id 17
pin_num 5
58 24 0
46 16 0
50 0 0
51 20 0
47 20 0
Net_id 18
pin_num 5
32 9 0
42 7 0
40 6 0
44 3 0
44 17 0
Net_id 19
pin_num 4
59 41 0
51 52 0
59 56 0
58 46 0
Net_id 20
pin_num 4
35 4 0
25 10 0
9 9 0
17 2 0
Net_id 21
pin_num 4
44 34 0
45 41 0
36 29 0
40 35 0
Net_id 22
pin_num 4
41 38 0
51 40 0
51 27 0
59 28 0
Net_id 23
pin_num 4
44 52 0
50 57 0
59 43 0
55 59 0
Net_id 24
pin_num 4
10 15 0
4 16 0
7 37 0
1 40 0
Net_id 25
pin_num 4
16 31 0
28 31 0
20 20 0
9 24 0
Net_id 26
pin_num 4
17 47 0
24 45 0
21 29 0
43 47 0
Net_id 27
pin_num 4
19 48 0
29 53 0
29 46 0
15 57 0
Net_id 28
pin_num 4
57 11 0
57 1 0
39 11 0
57 27 0
Net_id 29
pin_num 4
29 59 0
21 58 0
13 59 0
9 57 0
Net_id 30
pin_num 4
3 22 0
1 7 0
1 30 0
13 8 0
Net_id 31
pin_num 4
20 13 0
17 3 0
17 19 0
26 12 0
Net_id 32
pin_num 4
31 1 0
42 10 0
38 16 0
42 28 0
Net_id 33
pin_num 4
30 41 0
10 41 0
13 34 0
12 47 0
Net_id 34
pin_num 4
12 17 0
21 13 0
14 20 0
12 33 0
Net_id 35
pin_num 4
5 4 0
4 11 0
10 0 0
4 2 0
Net_id 36
pin_num 4
59 58 0
49 51 0
59 42 0
59 14 0
Net_id 37
pin_num 4
27 5 0
33 10 0
26 1 0
42 1 0
Net_id 38
pin_num 4
33 32 0
24 33 0
24 8 0
2 29 0
Net_id 39
pin_num 4
38 51 0
42 50 0
59 47 0
48 56 0
Net_id 40
pin_num 3
5 34 0
0 39 0
3 35 0
Net_id 41
pin_num 3
2 56 0
6 41 0
30 53 0
Net_id 42
pin_num 3
39 1 0
43 1 0
41 10 0
Net_id 43
pin_num 3
7 16 0
2 31 0
16 32 0
Net_id 44
pin_num 3
27 36 0
14 49 0
44 47 0
Net_id 45
pin_num 3
22 10 0
0 16 0
1 11 0
Net_id 46
pin_num 3
8 38 0
10 34 0
15 17 0
Net_id 47
pin_num 3
53 5 0
35 6 0
15 5 0
Net_id 48
pin_num 3
13 19 0
27 34 0
36 23 0
Net_id 49
pin_num 3
9 48 0
6 51 0
7 48 0
Net_id 50
pin_num 3
59 0 0
50 9 0
48 17 0
Net_id 51
pin_num 3
50 40 0
33 50 0
13 42 0
Net_id 52
pin_num 3
33 41 0
38 39 0
29 35 0
Net_id 53
pin_num 3
26 28 0
40 27 0
26 11 0
Net_id 54
pin_num 3
30 23 0
34 15 0
8 17 0
Net_id 55
pin_num 3
35 38 0
42 36 0
31 44 0
Net_id 56
pin_num 3
43 53 0
38 52 0
57 51 0
Net_id 57
pin_num 3
52 21 0
58 30 0
50 28 0
Net_id 58
pin_num 3
26 53 0
41 44 0
32 45 0
Net_id 59
pin_num 3
17 12 0
25 23 0
4 17 0
Net_id 60
pin_num 3
31 26 0
21 23 0
40 13 0
Net_id 61
pin_num 3
46 30 0
33 14 0
9 21 0
Net_id 62
pin_num 3
39 48 0
43 52 0
53 48 0
Net_id 63
pin_num 3
37 2 0
35 0 0
37 14 0
Net_id 64
pin_num 3
22 49 0
22 42 0
28 43 0
Net_id 65
pin_num 3
46 41 0
51 42 0
58 57 0
Net_id 66
pin_num 3
42 41 0
29 40 0
31 21 0
Net_id 67
pin_num 3
11 14 0
20 14 0
2 8 0
Net_id 68
pin_num 3
39 50 0
44 56 0
10 57 0
Net_id 69
pin_num 3
52 38 0
49 46 0
39 42 0
Net_id 70
pin_num 3
28 51 0
45 44 0
20 58 0
Net_id 71
pin_num 3
13 29 0
15 26 0
1 41 0
Net_id 72
pin_num 3
24 50 0
27 54 0
15 52 0
Net_id 73
pin_num 3
29 30 0
25 42 0
3 27 0
Net_id 74
pin_num 3
7 33 0
9 29 0
11 17 0
Net_id 75
pin_num 3
2 47 0
8 47 0
8 56 0
Net_id 76
pin_num 3
40 3 0
59 6 0
36 2 0
Net_id 77
pin_num 3
22 38 0
26 14 0
5 32 0
Net_id 78
pin_num 2
14 18 0
30 37 0
Net_id 79
pin_num 2
14 4 0
34 2 0
Net_id 80
pin_num 2
24 19 0
9 35 0
Net_id 81
pin_num 2
32 54 0
39 43 0
Net_id 82
pin_num 2
21 57 0
16 40 0
Net_id 83
pin_num 2
47 38 0
42 37 0
Net_id 84
pin_num 2
5 7 0
14 6 0
Net_id 85
pin_num 2
4 0 0
3 1 0
Net_id 86
pin_num 2
18 53 0
8 58 0
Net_id 87
pin_num 2
49 29 0
55 28 0
Net_id 88
pin_num 2
53 28 0
44 25 0
Net_id 89
pin_num 2
11 19 0
27 4 0
Net_id 90
pin_num 2
24 18 0
43 7 0
Net_id 91
pin_num 2
59 57 0
56 59 0
Net_id 92
pin_num 2
37 25 0
48 48 0
Net_id 93
pin_num 2
6 35 0
28 42 0
Net_id 94
pin_num 2
57 9 0
51 9 0
Net_id 95
pin_num 2
17 15 0
8 23 0
Net_id 96
pin_num 2
3 48 0
14 55 0
Net_id 97
pin_num 2
31 49 0
19 40 0
Net_id 98
pin_num 2
40 26 0
51 47 0
Net_id 99
pin_num 2
57 10 0
57 13 0
Net_id 100
pin_num 2
2 14 0
14 0 0
Net_id 101
pin_num 2
8 19 0
2 7 0
Net_id 102
pin_num 2
43 54 0
56 47 0
Net_id 103
pin_num 2
24 34 0
5 26 0
Net_id 104
pin_num 2
27 11 0
36 13 0
Net_id 105
pin_num 2
43 42 0
17 51 0
Net_id 106
pin_num 2
26 43 0
23 44 0
Net_id 107
pin_num 2
42 58 0
53 59 0
Net_id 108
pin_num 2
35 45 0
55 54 0
Net_id 109
pin_num 2
25 1 0
15 6 0
Net_id 110
pin_num 2
44 44 0
42 46 0
Net_id 111
pin_num 2
52 13 0
59 10 0
Net_id 112
pin_num 2
0 57 0
3 54 0
Net_id 113
pin_num 2
20 2 0
25 11 0
Net_id 114
pin_num 2
3 8 0
1 3 0
Net_id 115
pin_num 2
57 22 0
51 14 0
Net_id 116
pin_num 2
28 45 0
34 56 0
Net_id 117
pin_num 2
11 28 0
11 15 0
Net_id 118
pin_num 2
15 3 0
18 10 0
Net_id 119
pin_num 2
41 37 0
36 37 0
Net_id 120
pin_num 2
6 2 0
11 0 0
Net_id 121
pin_num 2
51 49 0
58 49 0
Net_id 122
pin_num 2
30 13 0
42 4 0
Net_id 123
pin_num 2
7 24 0
4 13 0
Net_id 124
pin_num 2
39 10 0
3 33 0
Net_id 125
pin_num 2
48 22 0
38 33 0
Net_id 126
pin_num 2
25 25 0
15 32 0
Net_id 127
pin_num 2
25 38 0
35 48 0
Net_id 128
pin_num 2
20 17 0
33 29 0
Net_id 129
pin_num 2
21 4 0
30 25 0
Net_id 130
pin_num 2
27 42 0
22 35 0
Net_id 131
pin_num 2
30 4 0
19 23 0
Net_id 132
pin_num 2
40 22 0
51 10 0
Net_id 133
pin_num 2
51 44 0
58 35 0
Net_id 134
pin_num 2
11 3 0
23 29 0
Net_id 135
pin_num 2
55 17 0
42 12 0
Net_id 136
pin_num 2
12 18 0
2 36 0
Net_id 137
pin_num 2
9 34 0
3 42 0
Net_id 138
pin_num 2
36 39 0
20 44 0
Net_id 139
pin_num 2
28 19 0
22 15 0
Net_id 140
pin_num 2
7 56 0
6 49 0
Net_id 141
pin_num 2
46 9 0
51 19 0
Net_id 142
pin_num 2
45 27 0
32 2 0
Net_id 143
pin_num 2
22 4 0
26 3 0
Net_id 144
pin_num 2
2 40 0
16 58 0
Net_id 145
pin_num 2
7 44 0
14 35 0
Net_id 146
pin_num 2
28 34 0
25 40 0
Net_id 147
pin_num 2
18 44 0
6 58 0
Net_id 148
pin_num 2
58 43 0
37 21 0
Net_id 149
pin_num 2
34 38 0
32 26 0
Net_id 150
pin_num 2
52 22 0
57 2 0
Net_id 151
pin_num 2
3 7 0
8 21 0
Net_id 152
pin_num 2
49 11 0
54 23 0
Net_id 153
pin_num 2
36 16 0
52 31 0
Net_id 154
pin_num 2
18 36 0
12 35 0
Net_id 155
pin_num 2
24 28 0
15 27 0
