Width 60
Height 60
Layer 6
Total_WL 6756
Obstacle_num 144
7 13 0 12 14 0
45 25 0 48 26 0
45 57 0 52 58 0
39 3 0 47 4 0
55 1 0 58 2 0
5 18 0 15 19 0
24 2 0 31 3 0
30 41 0 34 42 0
30 17 0 38 18 0
40 35 0 45 36 0
32 13 0 40 14 0
6 23 0 14 24 0
19 24 0 24 25 0
7 54 0 15 55 0
17 21 0 24 22 0
31 10 0 38 11 0
21 49 0 30 50 0
13 29 0 23 30 0
43 22 0 52 23 0
45 12 0 54 13 0
11 47 0 15 48 0
41 46 0 47 47 0
52 44 0 56 45 0
40 51 0 45 52 0
49 23 1 50 32 1
38 47 1 39 53 1
42 32 1 43 37 1
17 15 1 18 25 1
37 12 1 38 19 1
46 24 1 47 32 1
9 21 1 10 28 1
7 16 1 8 22 1
30 35 1 31 45 1
28 30 1 29 36 1
34 43 1 35 46 1
33 37 1 34 45 1
31 10 1 32 19 1
54 35 1 55 41 1
52 26 1 53 35 1
12 31 1 13 40 1
53 46 1 54 54 1
35 13 1 36 16 1
30 22 1 31 25 1
49 9 1 50 19 1
28 5 1 29 10 1
34 26 1 35 36 1
16 45 1 17 50 1
0 5 1 1 14 1
22 54 2 28 55 2
26 21 2 33 22 2
42 44 2 51 45 2
34 54 2 43 55 2
30 13 2 40 14 2
30 26 2 37 27 2
33 23 2 42 24 2
12 14 2 19 15 2
0 29 2 9 30 2
35 34 2 40 35 2
28 40 2 33 41 2
16 10 2 24 11 2
24 3 2 32 4 2
17 19 2 23 20 2
1 44 2 6 45 2
47 56 2 57 57 2
32 33 2 41 34 2
21 45 2 30 46 2
5 42 2 15 43 2
3 7 2 10 8 2
33 12 2 42 13 2
16 15 2 22 16 2
5 55 2 12 56 2
21 35 2 24 36 2
11 29 3 12 37 3
52 19 3 53 27 3
34 46 3 35 49 3
32 17 3 33 22 3
0 3 3 1 11 3
21 36 3 22 44 3
50 29 3 51 33 3
16 27 3 17 34 3
33 18 3 34 27 3
51 45 3 52 51 3
40 34 3 41 38 3
7 43 3 8 49 3
28 47 3 29 55 3
3 24 3 4 28 3
44 23 3 45 28 3
27 26 3 28 29 3
3 28 3 4 31 3
28 12 3 29 22 3
38 10 3 39 15 3
43 25 3 44 32 3
47 35 3 48 43 3
18 25 3 19 33 3
12 13 3 13 21 3
45 5 3 46 13 3
10 23 4 20 24 4
2 54 4 10 55 4
18 28 4 21 29 4
2 16 4 11 17 4
13 52 4 17 53 4
3 15 4 8 16 4
49 45 4 52 46 4
35 31 4 39 32 4
56 46 4 59 47 4
15 50 4 23 51 4
30 36 4 36 37 4
37 33 4 47 34 4
19 3 4 27 4 4
22 31 4 25 32 4
49 40 4 56 41 4
8 1 4 11 2 4
50 21 4 58 22 4
12 39 4 18 40 4
35 0 4 44 1 4
39 21 4 43 22 4
30 49 4 33 50 4
20 24 4 28 25 4
18 33 4 28 34 4
27 39 4 37 40 4
10 12 5 11 19 5
31 1 5 32 7 5
32 33 5 33 43 5
4 32 5 5 38 5
45 34 5 46 40 5
4 8 5 5 16 5
6 31 5 7 37 5
24 48 5 25 57 5
46 53 5 47 59 5
21 40 5 22 46 5
31 34 5 32 40 5
0 47 5 1 51 5
8 0 5 9 4 5
4 42 5 5 47 5
49 49 5 50 58 5
45 18 5 46 25 5
48 39 5 49 47 5
24 33 5 25 40 5
46 25 5 47 31 5
1 12 5 2 21 5
34 27 5 35 33 5
38 1 5 39 10 5
9 35 5 10 40 5
57 0 5 58 6 5
Net_num 158
Net_id 0
pin_num 5
2 17 0
0 27 0
9 19 0
6 38 0
21 22 0
Net_id 1
pin_num 5
35 9 0
53 10 0
47 0 0
47 20 0
59 17 0
Net_id 2
pin_num 5
59 56 0
53 59 0
37 59 0
40 53 0
38 37 0
Net_id 3
pin_num 5
16 17 0
4 20 0
25 17 0
7 8 0
1 8 0
Net_id 4
pin_num 5
24 4 0
32 14 0
39 14 0
19 0 0
32 22 0
Net_id 5
pin_num 5
33 11 0
40 9 0
34 8 0
59 11 0
37 0 0
Net_id 6
pin_num 5
4 17 0
2 14 0
8 14 0
19 14 0
6 14 0
Net_id 7
pin_num 5
13 49 0
0 48 0
5 55 0
0 58 0
6 56 0
Net_id 8
pin_num 5
40 43 0
36 51 0
59 51 0
36 57 0
55 37 0
Net_id 9
pin_num 5
5 17 0
8 16 0
8 0 0
8 21 0
2 6 0
Net_id 10
pin_num 5
3 54 0
0 53 0
6 55 0
2 50 0
10 53 0
Net_id 11
pin_num 5
58 0 0
58 10 0
48 1 0
49 4 0
57 20 0
Net_id 12
pin_num 5
32 31 0
29 45 0
35 42 0
33 30 0
45 42 0
Net_id 13
pin_num 5
14 4 0
10 10 0
9 6 0
15 13 0
14 5 0
Net_id 14
pin_num 5
23 1 0
30 5 0
27 19 0
19 7 0
12 25 0
Net_id 15
pin_num 5
34 33 0
36 39 0
13 39 0
15 53 0
22 52 0
Net_id 16
pin_num 5
30 32 0
50 32 0
38 24 0
42 28 0
54 36 0
Net_id 17
pin_num 5
53 21 0
51 27 0
41 27 0
59 32 0
58 9 0
Net_id 18
pin_num 5
54 54 0
57 55 0
57 34 0
58 47 0
55 58 0
Net_id 19
pin_num 5
22 10 0
11 12 0
31 6 0
11 1 0
40 6 0
Net_id 20
pin_num 4
2 35 0
9 30 0
8 46 0
26 33 0
Net_id 21
pin_num 4
55 53 0
51 58 0
59 33 0
58 49 0
Net_id 22
pin_num 4
16 5 0
14 0 0
30 0 0
28 11 0
Net_id 23
pin_num 4
38 32 0
45 21 0
38 41 0
49 39 0
Net_id 24
pin_num 4
14 3 0
5 1 0
31 0 0
21 3 0
Net_id 25
pin_num 4
50 41 0
53 45 0
59 34 0
46 39 0
Net_id 26
pin_num 4
27 57 0
14 57 0
21 53 0
44 58 0
Net_id 27
pin_num 4
50 1 0
55 13 0
44 1 0
50 23 0
Net_id 28
pin_num 4
36 4 0
26 13 0
48 9 0
51 7 0
Net_id 29
pin_num 4
22 25 0
13 40 0
13 58 0
0 30 0
Net_id 30
pin_num 4
27 33 0
35 31 0
27 56 0
16 37 0
Net_id 31
pin_num 4
39 53 0
35 54 0
44 42 0
36 50 0
Net_id 32
pin_num 4
5 13 0
1 19 0
1 0 0
17 2 0
Net_id 33
pin_num 4
54 3 0
48 3 0
58 5 0
42 5 0
Net_id 34
pin_num 4
38 56 0
27 32 0
51 56 0
32 42 0
Net_id 35
pin_num 4
10 36 0
14 22 0
27 29 0
31 36 0
Net_id 36
pin_num 4
57 13 0
56 24 0
53 18 0
44 19 0
Net_id 37
pin_num 4
34 37 0
20 45 0
25 50 0
37 39 0
Net_id 38
pin_num 4
32 50 0
37 46 0
14 48 0
45 48 0
Net_id 39
pin_num 3
36 38 0
28 38 0
7 36 0
Net_id 40
pin_num 3
53 51 0
52 46 0
42 59 0
Net_id 41
pin_num 3
35 41 0
27 31 0
32 30 0
Net_id 42
pin_num 3
32 24 0
8 27 0
23 6 0
Net_id 43
pin_num 3
44 45 0
24 46 0
52 57 0
Net_id 44
pin_num 3
55 38 0
59 23 0
32 23 0
Net_id 45
pin_num 3
29 40 0
40 46 0
5 38 0
Net_id 46
pin_num 3
7 31 0
5 21 0
0 38 0
Net_id 47
pin_num 3
20 40 0
37 49 0
23 55 0
Net_id 48
pin_num 3
57 43 0
53 57 0
57 27 0
Net_id 49
pin_num 3
26 42 0
0 43 0
1 12 0
Net_id 50
pin_num 3
20 44 0
26 35 0
26 23 0
Net_id 51
pin_num 3
37 34 0
43 52 0
54 47 0
Net_id 52
pin_num 3
36 27 0
28 16 0
56 25 0
Net_id 53
pin_num 3
53 48 0
56 52 0
55 31 0
Net_id 54
pin_num 3
8 6 0
8 1 0
25 18 0
Net_id 55
pin_num 3
8 28 0
15 30 0
29 30 0
Net_id 56
pin_num 3
41 52 0
51 33 0
15 37 0
Net_id 57
pin_num 3
15 58 0
7 52 0
28 58 0
Net_id 58
pin_num 3
4 57 0
2 55 0
2 32 0
Net_id 59
pin_num 3
50 6 0
45 4 0
41 12 0
Net_id 60
pin_num 3
42 38 0
50 49 0
49 59 0
Net_id 61
pin_num 3
19 56 0
26 41 0
50 54 0
Net_id 62
pin_num 3
56 3 0
42 12 0
55 3 0
Net_id 63
pin_num 3
27 14 0
18 18 0
24 21 0
Net_id 64
pin_num 3
22 51 0
15 32 0
34 25 0
Net_id 65
pin_num 3
32 49 0
40 47 0
10 47 0
Net_id 66
pin_num 3
33 20 0
30 11 0
8 24 0
Net_id 67
pin_num 3
52 45 0
44 57 0
44 34 0
Net_id 68
pin_num 3
47 30 0
58 39 0
52 52 0
Net_id 69
pin_num 3
51 52 0
46 51 0
37 51 0
Net_id 70
pin_num 3
57 24 0
52 24 0
53 34 0
Net_id 71
pin_num 3
2 46 0
8 34 0
20 41 0
Net_id 72
pin_num 3
17 3 0
15 9 0
3 8 0
Net_id 73
pin_num 3
5 32 0
16 21 0
35 29 0
Net_id 74
pin_num 3
53 2 0
43 2 0
24 8 0
Net_id 75
pin_num 3
31 42 0
19 40 0
0 36 0
Net_id 76
pin_num 3
42 30 0
37 40 0
41 58 0
Net_id 77
pin_num 3
4 22 0
0 39 0
0 2 0
Net_id 78
pin_num 3
18 32 0
24 23 0
12 26 0
Net_id 79
pin_num 2
11 20 0
17 26 0
Net_id 80
pin_num 2
58 25 0
59 29 0
Net_id 81
pin_num 2
31 35 0
39 27 0
Net_id 82
pin_num 2
29 18 0
27 11 0
Net_id 83
pin_num 2
25 47 0
41 40 0
Net_id 84
pin_num 2
31 54 0
19 46 0
Net_id 85
pin_num 2
33 14 0
55 2 0
Net_id 86
pin_num 2
56 43 0
53 38 0
Net_id 87
pin_num 2
35 24 0
53 54 0
Net_id 88
pin_num 2
46 35 0
52 38 0
Net_id 89
pin_num 2
54 32 0
47 31 0
Net_id 90
pin_num 2
15 23 0
10 31 0
Net_id 91
pin_num 2
36 5 0
56 2 0
Net_id 92
pin_num 2
2 1 0
2 2 0
Net_id 93
pin_num 2
28 19 0
49 8 0
Net_id 94
pin_num 2
41 29 0
29 9 0
Net_id 95
pin_num 2
12 9 0
3 9 0
Net_id 96
pin_num 2
29 3 0
17 8 0
Net_id 97
pin_num 2
21 31 0
25 45 0
Net_id 98
pin_num 2
16 34 0
6 46 0
Net_id 99
pin_num 2
9 0 0
22 6 0
Net_id 100
pin_num 2
15 24 0
20 22 0
Net_id 101
pin_num 2
20 32 0
11 19 0
Net_id 102
pin_num 2
12 21 0
6 21 0
Net_id 103
pin_num 2
27 50 0
45 55 0
Net_id 104
pin_num 2
17 13 0
14 16 0
Net_id 105
pin_num 2
9 53 0
4 53 0
Net_id 106
pin_num 2
54 26 0
44 33 0
Net_id 107
pin_num 2
10 27 0
12 40 0
Net_id 108
pin_num 2
23 26 0
31 22 0
Net_id 109
pin_num 2
14 31 0
6 57 0
Net_id 110
pin_num 2
14 32 0
8 26 0
Net_id 111
pin_num 2
31 23 0
56 35 0
Net_id 112
pin_num 2
4 27 0
14 19 0
Net_id 113
pin_num 2
52 39 0
58 21 0
Net_id 114
pin_num 2
55 36 0
48 18 0
Net_id 115
pin_num 2
58 50 0
45 53 0
Net_id 116
pin_num 2
26 4 0
30 4 0
Net_id 117
pin_num 2
59 31 0
58 28 0
Net_id 118
pin_num 2
10 45 0
3 45 0
Net_id 119
pin_num 2
44 40 0
52 42 0
Net_id 120
pin_num 2
45 54 0
30 30 0
Net_id 121
pin_num 2
31 34 0
45 51 0
Net_id 122
pin_num 2
18 12 0
25 19 0
Net_id 123
pin_num 2
20 3 0
12 11 0
Net_id 124
pin_num 2
11 48 0
16 50 0
Net_id 125
pin_num 2
18 43 0
13 22 0
Net_id 126
pin_num 2
0 4 0
6 4 0
Net_id 127
pin_num 2
22 7 0
34 21 0
Net_id 128
pin_num 2
15 28 0
5 23 0
Net_id 129
pin_num 2
57 23 0
31 43 0
Net_id 130
pin_num 2
7 37 0
34 52 0
Net_id 131
pin_num 2
40 8 0
43 1 0
Net_id 132
pin_num 2
16 4 0
31 2 0
Net_id 133
pin_num 2
3 30 0
12 53 0
Net_id 134
pin_num 2
48 44 0
56 55 0
Net_id 135
pin_num 2
2 51 0
15 35 0
Net_id 136
pin_num 2
22 45 0
29 55 0
Net_id 137
pin_num 2
48 16 0
42 14 0
Net_id 138
pin_num 2
40 22 0
25 1 0
Net_id 139
pin_num 2
26 28 0
15 22 0
Net_id 140
pin_num 2
8 7 0
26 16 0
Net_id 141
pin_num 2
12 14 0
2 12 0
Net_id 142
pin_num 2
49 44 0
56 30 0
Net_id 143
pin_num 2
4 44 0
1 47 0
Net_id 144
pin_num 2
43 40 0
51 25 0
Net_id 145
pin_num 2
43 9 0
32 0 0
Net_id 146
pin_num 2
12 8 0
20 8 0
Net_id 147
pin_num 2
37 1 0
41 13 0
Net_id 148
pin_num 2
48 28 0
59 30 0
Net_id 149
pin_num 2
31 52 0
31 44 0
Net_id 150
pin_num 2
58 13 0
54 22 0
Net_id 151
pin_num 2
2 52 0
4 48 0
Net_id 152
pin_num 2
20 47 0
6 41 0
Net_id 153
pin_num 2
16 49 0
11 40 0
Net_id 154
pin_num 2
43 21 0
22 9 0
Net_id 155
pin_num 2
17 15 0
31 1 0
Net_id 156
pin_num 2
51 51 0
37 57 0
Net_id 157
pin_num 2
7 30 0
10 40 0
