Width 60
Height 60
Layer 6
Total_WL 6257
Obstacle_num 144
23 46 0 27 47 0
43 6 0 53 7 0
30 14 0 35 15 0
42 50 0 50 51 0
25 39 0 33 40 0
40 16 0 43 17 0
54 51 0 57 52 0
24 11 0 32 12 0
15 8 0 18 9 0
47 42 0 50 43 0
3 41 0 10 42 0
52 47 0 58 48 0
1 36 0 11 37 0
44 46 0 51 47 0
45 26 0 49 27 0
38 23 0 43 24 0
43 53 0 53 54 0
28 9 0 31 10 0
21 7 0 28 8 0
1 4 0 4 5 0
2 31 0 10 32 0
37 33 0 47 34 0
37 4 0 41 5 0
26 4 0 31 5 0
36 30 1 37 37 1
39 0 1 40 10 1
29 7 1 30 13 1
12 35 1 13 38 1
51 43 1 52 47 1
41 10 1 42 18 1
51 51 1 52 58 1
15 35 1 16 45 1
31 19 1 32 27 1
28 19 1 29 29 1
39 47 1 40 56 1
34 33 1 35 41 1
1 50 1 2 54 1
29 19 1 30 29 1
33 26 1 34 30 1
5 36 1 6 42 1
16 11 1 17 15 1
26 30 1 27 40 1
16 0 1 17 10 1
13 42 1 14 51 1
18 33 1 19 40 1
6 46 1 7 54 1
19 41 1 20 46 1
33 2 1 34 10 1
4 2 2 14 3 2
19 56 2 29 57 2
30 19 2 34 20 2
31 5 2 37 6 2
13 24 2 16 25 2
8 46 2 15 47 2
26 13 2 34 14 2
2 46 2 6 47 2
23 45 2 26 46 2
9 7 2 19 8 2
41 5 2 51 6 2
28 39 2 34 40 2
2 6 2 10 7 2
44 41 2 53 42 2
27 58 2 33 59 2
10 52 2 19 53 2
1 50 2 8 51 2
46 49 2 55 50 2
27 51 2 31 52 2
50 28 2 55 29 2
21 29 2 29 30 2
8 34 2 11 35 2
34 41 2 44 42 2
27 38 2 32 39 2
13 38 3 14 48 3
47 38 3 48 43 3
50 49 3 51 59 3
28 15 3 29 19 3
38 20 3 39 24 3
41 13 3 42 22 3
41 38 3 42 46 3
29 49 3 30 59 3
51 34 3 52 40 3
1 35 3 2 40 3
54 52 3 55 55 3
43 16 3 44 24 3
11 18 3 12 27 3
52 26 3 53 33 3
12 54 3 13 59 3
50 5 3 51 12 3
58 43 3 59 48 3
23 3 3 24 10 3
7 54 3 8 57 3
55 52 3 56 59 3
12 31 3 13 38 3
2 47 3 3 55 3
56 9 3 57 17 3
41 51 3 42 55 3
9 48 4 19 49 4
15 51 4 22 52 4
7 20 4 15 21 4
15 58 4 18 59 4
9 22 4 12 23 4
35 53 4 42 54 4
31 40 4 34 41 4
5 46 4 14 47 4
39 8 4 43 9 4
17 47 4 20 48 4
27 34 4 35 35 4
50 2 4 53 3 4
43 43 4 52 44 4
44 14 4 54 15 4
21 5 4 27 6 4
3 21 4 12 22 4
33 12 4 37 13 4
43 26 4 51 27 4
30 36 4 40 37 4
30 17 4 39 18 4
2 27 4 10 28 4
45 33 4 53 34 4
9 40 4 17 41 4
6 49 4 13 50 4
43 45 5 44 51 5
7 15 5 8 23 5
12 32 5 13 38 5
14 7 5 15 11 5
34 13 5 35 17 5
28 51 5 29 58 5
28 1 5 29 4 5
58 43 5 59 52 5
51 4 5 52 13 5
20 21 5 21 27 5
38 6 5 39 14 5
18 36 5 19 39 5
41 16 5 42 26 5
40 42 5 41 48 5
12 17 5 13 23 5
33 49 5 34 57 5
8 49 5 9 59 5
1 41 5 2 44 5
1 10 5 2 16 5
54 44 5 55 49 5
15 46 5 16 50 5
21 14 5 22 20 5
33 37 5 34 41 5
22 1 5 23 8 5
Net_num 155
Net_id 0
pin_num 5
40 35 0
40 21 0
37 27 0
21 26 0
49 31 0
Net_id 1
pin_num 5
38 9 0
35 2 0
12 2 0
37 19 0
37 36 0
Net_id 2
pin_num 5
19 58 0
23 59 0
23 55 0
23 49 0
43 59 0
Net_id 3
pin_num 5
35 35 0
39 34 0
38 30 0
38 57 0
16 36 0
Net_id 4
pin_num 5
33 39 0
41 39 0
39 25 0
58 28 0
44 21 0
Net_id 5
pin_num 5
31 53 0
42 43 0
43 48 0
46 43 0
36 37 0
Net_id 6
pin_num 5
28 51 0
19 47 0
26 45 0
41 56 0
20 49 0
Net_id 7
pin_num 5
11 11 0
1 11 0
5 17 0
10 28 0
6 28 0
Net_id 8
pin_num 5
15 41 0
23 41 0
16 54 0
25 42 0
26 53 0
Net_id 9
pin_num 5
12 21 0
6 21 0
9 40 0
11 59 0
1 24 0
Net_id 10
pin_num 5
52 37 0
53 35 0
53 30 0
53 57 0
42 37 0
Net_id 11
pin_num 5
15 19 0
20 9 0
17 1 0
18 0 0
17 24 0
Net_id 12
pin_num 5
58 39 0
49 39 0
34 42 0
54 20 0
35 51 0
Net_id 13
pin_num 5
5 23 0
13 23 0
11 1 0
2 8 0
0 2 0
Net_id 14
pin_num 5
17 30 0
27 30 0
35 16 0
51 30 0
33 24 0
Net_id 15
pin_num 5
34 36 0
17 40 0
25 33 0
36 29 0
28 32 0
Net_id 16
pin_num 5
59 35 0
57 41 0
47 29 0
57 31 0
36 38 0
Net_id 17
pin_num 5
28 59 0
39 44 0
21 52 0
36 56 0
49 58 0
Net_id 18
pin_num 4
33 33 0
27 38 0
31 42 0
35 15 0
Net_id 19
pin_num 4
48 43 0
47 49 0
59 53 0
59 40 0
Net_id 20
pin_num 4
43 5 0
42 0 0
42 11 0
32 20 0
Net_id 21
pin_num 4
13 50 0
22 48 0
21 38 0
11 38 0
Net_id 22
pin_num 4
3 33 0
24 31 0
24 35 0
22 58 0
Net_id 23
pin_num 4
25 57 0
33 52 0
52 52 0
43 54 0
Net_id 24
pin_num 4
46 10 0
37 7 0
27 0 0
8 7 0
Net_id 25
pin_num 4
31 56 0
34 45 0
44 55 0
24 54 0
Net_id 26
pin_num 4
55 46 0
39 56 0
51 58 0
21 55 0
Net_id 27
pin_num 4
14 22 0
0 20 0
7 43 0
13 6 0
Net_id 28
pin_num 4
56 36 0
50 36 0
39 41 0
55 41 0
Net_id 29
pin_num 4
34 22 0
22 12 0
27 17 0
24 23 0
Net_id 30
pin_num 4
11 54 0
27 45 0
28 53 0
24 57 0
Net_id 31
pin_num 4
45 18 0
39 19 0
34 20 0
43 30 0
Net_id 32
pin_num 4
6 47 0
18 55 0
18 42 0
11 39 0
Net_id 33
pin_num 4
12 16 0
4 16 0
8 38 0
5 34 0
Net_id 34
pin_num 4
47 15 0
49 23 0
49 33 0
48 9 0
Net_id 35
pin_num 4
0 4 0
1 9 0
1 22 0
15 5 0
Net_id 36
pin_num 4
35 33 0
36 23 0
23 31 0
24 15 0
Net_id 37
pin_num 4
27 59 0
24 42 0
51 50 0
45 41 0
Net_id 38
pin_num 3
18 28 0
15 45 0
22 25 0
Net_id 39
pin_num 3
28 24 0
36 2 0
18 10 0
Net_id 40
pin_num 3
51 0 0
43 13 0
54 0 0
Net_id 41
pin_num 3
55 22 0
45 40 0
24 39 0
Net_id 42
pin_num 3
37 24 0
34 21 0
19 34 0
Net_id 43
pin_num 3
41 37 0
36 19 0
41 47 0
Net_id 44
pin_num 3
56 56 0
59 42 0
52 42 0
Net_id 45
pin_num 3
28 6 0
28 3 0
41 1 0
Net_id 46
pin_num 3
31 9 0
36 12 0
34 43 0
Net_id 47
pin_num 3
16 31 0
10 39 0
15 16 0
Net_id 48
pin_num 3
38 32 0
46 32 0
42 15 0
Net_id 49
pin_num 3
56 25 0
45 34 0
45 17 0
Net_id 50
pin_num 3
48 56 0
54 55 0
33 41 0
Net_id 51
pin_num 3
46 41 0
58 27 0
59 17 0
Net_id 52
pin_num 3
41 40 0
51 48 0
46 51 0
Net_id 53
pin_num 3
4 1 0
0 8 0
24 0 0
Net_id 54
pin_num 3
0 50 0
10 44 0
9 20 0
Net_id 55
pin_num 3
31 7 0
23 20 0
35 29 0
Net_id 56
pin_num 3
54 49 0
54 44 0
53 42 0
Net_id 57
pin_num 3
16 15 0
4 3 0
11 0 0
Net_id 58
pin_num 3
20 17 0
6 4 0
17 25 0
Net_id 59
pin_num 3
1 0 0
4 17 0
10 19 0
Net_id 60
pin_num 3
50 55 0
33 58 0
36 58 0
Net_id 61
pin_num 3
13 49 0
4 39 0
18 59 0
Net_id 62
pin_num 3
38 42 0
18 56 0
26 44 0
Net_id 63
pin_num 3
48 49 0
50 57 0
48 34 0
Net_id 64
pin_num 3
30 53 0
20 46 0
30 58 0
Net_id 65
pin_num 3
50 48 0
30 56 0
21 57 0
Net_id 66
pin_num 3
2 28 0
27 25 0
34 25 0
Net_id 67
pin_num 3
51 13 0
44 13 0
59 0 0
Net_id 68
pin_num 3
12 56 0
7 55 0
17 56 0
Net_id 69
pin_num 3
45 28 0
30 42 0
41 19 0
Net_id 70
pin_num 3
13 44 0
16 25 0
0 26 0
Net_id 71
pin_num 3
18 7 0
2 0 0
12 10 0
Net_id 72
pin_num 3
24 32 0
15 14 0
30 31 0
Net_id 73
pin_num 3
12 58 0
0 51 0
15 46 0
Net_id 74
pin_num 3
34 18 0
51 5 0
26 0 0
Net_id 75
pin_num 3
3 18 0
16 20 0
1 29 0
Net_id 76
pin_num 3
52 28 0
38 18 0
15 34 0
Net_id 77
pin_num 3
33 4 0
27 28 0
37 8 0
Net_id 78
pin_num 2
23 16 0
18 16 0
Net_id 79
pin_num 2
54 21 0
46 17 0
Net_id 80
pin_num 2
20 56 0
24 50 0
Net_id 81
pin_num 2
2 14 0
12 14 0
Net_id 82
pin_num 2
15 39 0
1 58 0
Net_id 83
pin_num 2
58 46 0
53 27 0
Net_id 84
pin_num 2
21 29 0
2 17 0
Net_id 85
pin_num 2
21 51 0
14 51 0
Net_id 86
pin_num 2
55 30 0
58 20 0
Net_id 87
pin_num 2
21 22 0
20 13 0
Net_id 88
pin_num 2
30 48 0
42 35 0
Net_id 89
pin_num 2
38 2 0
36 6 0
Net_id 90
pin_num 2
8 35 0
21 25 0
Net_id 91
pin_num 2
45 9 0
40 1 0
Net_id 92
pin_num 2
2 34 0
8 45 0
Net_id 93
pin_num 2
9 51 0
8 53 0
Net_id 94
pin_num 2
38 40 0
54 57 0
Net_id 95
pin_num 2
14 28 0
6 30 0
Net_id 96
pin_num 2
33 44 0
26 40 0
Net_id 97
pin_num 2
52 16 0
41 7 0
Net_id 98
pin_num 2
47 18 0
30 28 0
Net_id 99
pin_num 2
43 19 0
47 19 0
Net_id 100
pin_num 2
15 53 0
8 39 0
Net_id 101
pin_num 2
14 56 0
19 55 0
Net_id 102
pin_num 2
18 8 0
19 15 0
Net_id 103
pin_num 2
33 31 0
37 31 0
Net_id 104
pin_num 2
56 24 0
46 15 0
Net_id 105
pin_num 2
1 59 0
15 48 0
Net_id 106
pin_num 2
49 2 0
38 10 0
Net_id 107
pin_num 2
18 19 0
22 19 0
Net_id 108
pin_num 2
16 9 0
8 4 0
Net_id 109
pin_num 2
46 27 0
21 21 0
Net_id 110
pin_num 2
17 5 0
20 6 0
Net_id 111
pin_num 2
35 43 0
41 43 0
Net_id 112
pin_num 2
3 37 0
20 12 0
Net_id 113
pin_num 2
44 29 0
33 48 0
Net_id 114
pin_num 2
44 51 0
59 58 0
Net_id 115
pin_num 2
46 20 0
38 21 0
Net_id 116
pin_num 2
7 30 0
20 27 0
Net_id 117
pin_num 2
51 8 0
46 3 0
Net_id 118
pin_num 2
41 48 0
27 24 0
Net_id 119
pin_num 2
28 47 0
32 40 0
Net_id 120
pin_num 2
19 24 0
16 21 0
Net_id 121
pin_num 2
24 19 0
23 13 0
Net_id 122
pin_num 2
56 14 0
31 3 0
Net_id 123
pin_num 2
18 49 0
2 44 0
Net_id 124
pin_num 2
16 22 0
22 23 0
Net_id 125
pin_num 2
7 39 0
1 56 0
Net_id 126
pin_num 2
29 3 0
40 12 0
Net_id 127
pin_num 2
24 3 0
5 3 0
Net_id 128
pin_num 2
25 14 0
15 11 0
Net_id 129
pin_num 2
42 45 0
43 34 0
Net_id 130
pin_num 2
23 54 0
12 50 0
Net_id 131
pin_num 2
43 58 0
30 20 0
Net_id 132
pin_num 2
29 55 0
36 44 0
Net_id 133
pin_num 2
14 12 0
25 3 0
Net_id 134
pin_num 2
26 9 0
3 28 0
Net_id 135
pin_num 2
3 3 0
9 1 0
Net_id 136
pin_num 2
49 57 0
44 45 0
Net_id 137
pin_num 2
37 5 0
17 0 0
Net_id 138
pin_num 2
51 49 0
47 35 0
Net_id 139
pin_num 2
46 8 0
49 17 0
Net_id 140
pin_num 2
35 41 0
44 17 0
Net_id 141
pin_num 2
12 46 0
4 46 0
Net_id 142
pin_num 2
18 17 0
20 28 0
Net_id 143
pin_num 2
36 15 0
40 17 0
Net_id 144
pin_num 2
20 21 0
14 19 0
Net_id 145
pin_num 2
12 13 0
1 7 0
Net_id 146
pin_num 2
32 31 0
31 28 0
Net_id 147
pin_num 2
28 8 0
32 19 0
Net_id 148
pin_num 2
48 12 0
44 4 0
Net_id 149
pin_num 2
7 26 0
1 26 0
Net_id 150
pin_num 2
46 56 0
36 46 0
Net_id 151
pin_num 2
9 4 0
28 7 0
Net_id 152
pin_num 2
59 33 0
53 33 0
Net_id 153
pin_num 2
42 17 0
21 24 0
Net_id 154
pin_num 2
19 28 0
11 37 0
