Width 60
Height 60
Layer 6
Total_WL 6668
Obstacle_num 144
4 41 0 13 42 0
32 54 0 40 55 0
14 19 0 17 20 0
28 3 0 36 4 0
32 55 0 39 56 0
56 27 0 59 28 0
33 34 0 43 35 0
32 19 0 42 20 0
13 12 0 21 13 0
35 24 0 43 25 0
35 5 0 45 6 0
3 55 0 9 56 0
5 42 0 12 43 0
14 43 0 20 44 0
0 56 0 5 57 0
21 58 0 26 59 0
5 10 0 15 11 0
12 50 0 21 51 0
25 42 0 31 43 0
28 6 0 32 7 0
41 51 0 49 52 0
44 12 0 49 13 0
46 37 0 53 38 0
27 15 0 30 16 0
20 35 1 21 41 1
35 51 1 36 59 1
56 6 1 57 10 1
17 12 1 18 16 1
0 48 1 1 52 1
9 37 1 10 44 1
19 29 1 20 32 1
58 22 1 59 30 1
53 17 1 54 26 1
22 33 1 23 40 1
54 36 1 55 46 1
6 15 1 7 20 1
8 24 1 9 28 1
38 35 1 39 42 1
18 29 1 19 34 1
24 31 1 25 41 1
26 47 1 27 56 1
47 22 1 48 26 1
18 22 1 19 28 1
51 6 1 52 10 1
25 25 1 26 33 1
0 39 1 1 48 1
10 12 1 11 20 1
20 24 1 21 29 1
38 28 2 42 29 2
35 24 2 38 25 2
25 26 2 34 27 2
17 28 2 26 29 2
14 29 2 20 30 2
10 15 2 15 16 2
16 1 2 23 2 2
4 43 2 12 44 2
5 45 2 8 46 2
22 39 2 30 40 2
31 46 2 36 47 2
23 13 2 27 14 2
15 41 2 18 42 2
32 45 2 37 46 2
36 50 2 46 51 2
36 20 2 45 21 2
26 58 2 32 59 2
36 17 2 42 18 2
9 24 2 15 25 2
41 45 2 49 46 2
44 47 2 47 48 2
40 24 2 48 25 2
22 48 2 30 49 2
28 11 2 34 12 2
13 6 3 14 9 3
9 31 3 10 35 3
54 8 3 55 17 3
21 12 3 22 19 3
22 15 3 23 22 3
12 47 3 13 52 3
37 19 3 38 25 3
55 19 3 56 25 3
54 43 3 55 46 3
7 22 3 8 32 3
49 47 3 50 53 3
58 17 3 59 24 3
39 45 3 40 54 3
18 7 3 19 13 3
9 54 3 10 58 3
8 52 3 9 59 3
8 32 3 9 38 3
16 41 3 17 50 3
36 47 3 37 51 3
32 47 3 33 57 3
41 20 3 42 23 3
46 47 3 47 56 3
28 19 3 29 29 3
58 45 3 59 51 3
4 38 4 10 39 4
1 50 4 6 51 4
40 20 4 48 21 4
31 47 4 39 48 4
17 36 4 21 37 4
29 2 4 38 3 4
2 37 4 8 38 4
11 12 4 20 13 4
46 44 4 53 45 4
45 39 4 48 40 4
8 47 4 16 48 4
25 26 4 31 27 4
23 8 4 28 9 4
56 45 4 59 46 4
38 18 4 45 19 4
45 57 4 51 58 4
1 41 4 10 42 4
4 10 4 9 11 4
49 2 4 58 3 4
31 49 4 36 50 4
30 19 4 39 20 4
25 30 4 31 31 4
20 26 4 23 27 4
7 28 4 14 29 4
14 46 5 15 49 5
11 30 5 12 34 5
57 26 5 58 32 5
38 9 5 39 15 5
16 7 5 17 11 5
53 46 5 54 52 5
35 53 5 36 59 5
2 17 5 3 23 5
15 40 5 16 50 5
55 36 5 56 41 5
51 22 5 52 31 5
50 6 5 51 15 5
48 9 5 49 19 5
23 3 5 24 6 5
42 52 5 43 57 5
9 32 5 10 38 5
4 31 5 5 34 5
3 38 5 4 41 5
29 37 5 30 42 5
13 44 5 14 50 5
18 44 5 19 49 5
4 52 5 5 57 5
16 17 5 17 20 5
50 22 5 51 29 5
Net_num 159
Net_id 0
pin_num 5
18 32 0
29 25 0
21 29 0
7 30 0
27 14 0
Net_id 1
pin_num 5
24 11 0
19 13 0
19 21 0
22 0 0
30 9 0
Net_id 2
pin_num 5
8 1 0
4 0 0
18 0 0
14 6 0
8 4 0
Net_id 3
pin_num 5
21 45 0
11 45 0
20 52 0
26 52 0
13 54 0
Net_id 4
pin_num 5
7 46 0
11 46 0
0 38 0
1 34 0
8 59 0
Net_id 5
pin_num 5
46 26 0
42 35 0
46 32 0
44 31 0
42 13 0
Net_id 6
pin_num 5
35 21 0
34 16 0
18 20 0
20 11 0
32 34 0
Net_id 7
pin_num 5
42 29 0
37 36 0
29 34 0
35 18 0
57 35 0
Net_id 8
pin_num 5
19 55 0
25 50 0
25 38 0
40 54 0
20 53 0
Net_id 9
pin_num 5
6 9 0
1 12 0
15 10 0
18 14 0
5 21 0
Net_id 10
pin_num 5
38 28 0
34 24 0
36 40 0
24 40 0
49 30 0
Net_id 11
pin_num 5
1 45 0
21 47 0
7 58 0
18 55 0
6 47 0
Net_id 12
pin_num 5
5 18 0
17 23 0
1 19 0
5 8 0
25 11 0
Net_id 13
pin_num 5
12 8 0
3 19 0
0 0 0
3 1 0
0 5 0
Net_id 14
pin_num 5
39 35 0
33 35 0
24 35 0
11 35 0
31 54 0
Net_id 15
pin_num 5
2 51 0
1 48 0
0 53 0
17 52 0
21 50 0
Net_id 16
pin_num 5
58 28 0
50 25 0
50 36 0
50 50 0
50 42 0
Net_id 17
pin_num 5
13 22 0
7 32 0
20 31 0
9 9 0
7 59 0
Net_id 18
pin_num 5
45 9 0
59 13 0
58 0 0
58 6 0
50 1 0
Net_id 19
pin_num 5
58 59 0
53 53 0
54 59 0
56 52 0
42 53 0
Net_id 20
pin_num 5
49 46 0
59 40 0
43 42 0
42 46 0
48 59 0
Net_id 21
pin_num 4
15 8 0
3 7 0
37 8 0
17 1 0
Net_id 22
pin_num 4
58 47 0
52 57 0
45 59 0
55 40 0
Net_id 23
pin_num 4
11 14 0
0 20 0
5 37 0
6 21 0
Net_id 24
pin_num 4
7 20 0
1 25 0
4 10 0
12 20 0
Net_id 25
pin_num 4
26 30 0
43 21 0
42 19 0
37 33 0
Net_id 26
pin_num 4
12 59 0
19 54 0
15 42 0
32 43 0
Net_id 27
pin_num 4
54 21 0
53 30 0
53 3 0
40 6 0
Net_id 28
pin_num 4
46 42 0
48 38 0
46 58 0
52 40 0
Net_id 29
pin_num 4
16 28 0
3 18 0
15 34 0
0 19 0
Net_id 30
pin_num 4
22 38 0
25 33 0
9 33 0
4 35 0
Net_id 31
pin_num 4
29 22 0
29 16 0
43 17 0
49 17 0
Net_id 32
pin_num 4
33 58 0
39 53 0
16 56 0
22 45 0
Net_id 33
pin_num 4
17 30 0
8 31 0
14 41 0
7 38 0
Net_id 34
pin_num 4
54 20 0
55 11 0
49 1 0
46 5 0
Net_id 35
pin_num 4
41 31 0
33 23 0
34 7 0
26 10 0
Net_id 36
pin_num 4
47 10 0
51 21 0
38 10 0
59 25 0
Net_id 37
pin_num 4
5 4 0
15 1 0
3 2 0
0 54 0
Net_id 38
pin_num 4
23 0 0
34 4 0
32 20 0
19 9 0
Net_id 39
pin_num 4
7 52 0
4 53 0
0 55 0
3 58 0
Net_id 40
pin_num 4
58 34 0
48 29 0
54 50 0
52 33 0
Net_id 41
pin_num 3
14 48 0
23 55 0
37 53 0
Net_id 42
pin_num 3
43 58 0
44 49 0
45 50 0
Net_id 43
pin_num 3
4 54 0
10 55 0
21 55 0
Net_id 44
pin_num 3
31 25 0
48 8 0
59 12 0
Net_id 45
pin_num 3
0 47 0
5 34 0
5 48 0
Net_id 46
pin_num 3
48 26 0
56 0 0
51 25 0
Net_id 47
pin_num 3
36 18 0
43 7 0
57 8 0
Net_id 48
pin_num 3
35 28 0
35 46 0
42 41 0
Net_id 49
pin_num 3
27 38 0
19 42 0
37 40 0
Net_id 50
pin_num 3
59 39 0
54 18 0
50 39 0
Net_id 51
pin_num 3
3 3 0
20 0 0
9 17 0
Net_id 52
pin_num 3
43 47 0
34 59 0
41 48 0
Net_id 53
pin_num 3
43 14 0
55 3 0
35 1 0
Net_id 54
pin_num 3
32 59 0
40 58 0
37 45 0
Net_id 55
pin_num 3
54 45 0
57 57 0
14 56 0
Net_id 56
pin_num 3
20 19 0
31 22 0
31 34 0
Net_id 57
pin_num 3
0 27 0
17 21 0
6 36 0
Net_id 58
pin_num 3
14 7 0
29 10 0
6 8 0
Net_id 59
pin_num 3
7 28 0
24 41 0
21 19 0
Net_id 60
pin_num 3
54 40 0
48 58 0
24 54 0
Net_id 61
pin_num 3
56 38 0
49 28 0
49 25 0
Net_id 62
pin_num 3
11 49 0
30 49 0
26 46 0
Net_id 63
pin_num 3
39 43 0
26 31 0
24 27 0
Net_id 64
pin_num 3
4 12 0
24 6 0
29 1 0
Net_id 65
pin_num 3
53 0 0
56 10 0
45 21 0
Net_id 66
pin_num 3
54 8 0
44 11 0
52 11 0
Net_id 67
pin_num 3
4 44 0
1 26 0
2 53 0
Net_id 68
pin_num 3
11 51 0
30 59 0
30 46 0
Net_id 69
pin_num 3
59 52 0
53 56 0
53 59 0
Net_id 70
pin_num 3
10 35 0
1 46 0
6 14 0
Net_id 71
pin_num 3
33 52 0
24 57 0
33 57 0
Net_id 72
pin_num 3
25 13 0
41 13 0
21 2 0
Net_id 73
pin_num 3
32 1 0
45 7 0
21 5 0
Net_id 74
pin_num 3
16 54 0
10 51 0
29 59 0
Net_id 75
pin_num 3
7 7 0
17 4 0
19 3 0
Net_id 76
pin_num 3
24 56 0
6 49 0
3 46 0
Net_id 77
pin_num 3
54 6 0
41 0 0
30 4 0
Net_id 78
pin_num 3
36 23 0
34 11 0
50 23 0
Net_id 79
pin_num 3
49 21 0
36 16 0
31 16 0
Net_id 80
pin_num 2
13 39 0
2 54 0
Net_id 81
pin_num 2
9 4 0
17 5 0
Net_id 82
pin_num 2
0 58 0
8 44 0
Net_id 83
pin_num 2
52 48 0
48 41 0
Net_id 84
pin_num 2
0 49 0
4 49 0
Net_id 85
pin_num 2
29 56 0
11 52 0
Net_id 86
pin_num 2
14 55 0
21 44 0
Net_id 87
pin_num 2
27 45 0
31 15 0
Net_id 88
pin_num 2
46 13 0
54 13 0
Net_id 89
pin_num 2
48 32 0
43 36 0
Net_id 90
pin_num 2
29 29 0
34 29 0
Net_id 91
pin_num 2
41 37 0
54 49 0
Net_id 92
pin_num 2
37 37 0
26 34 0
Net_id 93
pin_num 2
0 17 0
25 6 0
Net_id 94
pin_num 2
21 41 0
6 51 0
Net_id 95
pin_num 2
53 31 0
58 42 0
Net_id 96
pin_num 2
44 13 0
52 19 0
Net_id 97
pin_num 2
14 34 0
26 28 0
Net_id 98
pin_num 2
46 43 0
56 47 0
Net_id 99
pin_num 2
48 22 0
42 36 0
Net_id 100
pin_num 2
50 54 0
23 47 0
Net_id 101
pin_num 2
53 12 0
48 36 0
Net_id 102
pin_num 2
48 57 0
34 36 0
Net_id 103
pin_num 2
36 29 0
40 37 0
Net_id 104
pin_num 2
12 57 0
23 59 0
Net_id 105
pin_num 2
2 59 0
5 54 0
Net_id 106
pin_num 2
15 27 0
2 34 0
Net_id 107
pin_num 2
24 37 0
1 18 0
Net_id 108
pin_num 2
54 35 0
57 25 0
Net_id 109
pin_num 2
9 28 0
17 44 0
Net_id 110
pin_num 2
44 30 0
57 44 0
Net_id 111
pin_num 2
57 28 0
44 43 0
Net_id 112
pin_num 2
54 19 0
57 42 0
Net_id 113
pin_num 2
31 45 0
27 36 0
Net_id 114
pin_num 2
59 24 0
46 17 0
Net_id 115
pin_num 2
55 14 0
46 29 0
Net_id 116
pin_num 2
55 32 0
43 29 0
Net_id 117
pin_num 2
58 36 0
50 55 0
Net_id 118
pin_num 2
57 21 0
57 7 0
Net_id 119
pin_num 2
24 53 0
12 25 0
Net_id 120
pin_num 2
18 24 0
23 25 0
Net_id 121
pin_num 2
44 6 0
27 2 0
Net_id 122
pin_num 2
25 41 0
43 25 0
Net_id 123
pin_num 2
3 36 0
0 37 0
Net_id 124
pin_num 2
47 44 0
42 55 0
Net_id 125
pin_num 2
8 53 0
10 54 0
Net_id 126
pin_num 2
12 32 0
10 40 0
Net_id 127
pin_num 2
32 4 0
55 8 0
Net_id 128
pin_num 2
34 49 0
40 49 0
Net_id 129
pin_num 2
8 38 0
13 38 0
Net_id 130
pin_num 2
50 31 0
45 32 0
Net_id 131
pin_num 2
13 48 0
4 50 0
Net_id 132
pin_num 2
47 25 0
37 38 0
Net_id 133
pin_num 2
25 45 0
20 44 0
Net_id 134
pin_num 2
17 15 0
1 15 0
Net_id 135
pin_num 2
24 50 0
13 41 0
Net_id 136
pin_num 2
32 57 0
18 38 0
Net_id 137
pin_num 2
14 38 0
21 27 0
Net_id 138
pin_num 2
20 15 0
18 17 0
Net_id 139
pin_num 2
11 2 0
0 14 0
Net_id 140
pin_num 2
34 48 0
48 52 0
Net_id 141
pin_num 2
7 22 0
9 25 0
Net_id 142
pin_num 2
33 22 0
36 20 0
Net_id 143
pin_num 2
53 23 0
57 17 0
Net_id 144
pin_num 2
9 13 0
8 6 0
Net_id 145
pin_num 2
52 2 0
46 15 0
Net_id 146
pin_num 2
58 26 0
52 22 0
Net_id 147
pin_num 2
21 23 0
3 14 0
Net_id 148
pin_num 2
28 47 0
11 57 0
Net_id 149
pin_num 2
28 58 0
14 52 0
Net_id 150
pin_num 2
33 56 0
30 53 0
Net_id 151
pin_num 2
30 1 0
37 3 0
Net_id 152
pin_num 2
26 18 0
45 5 0
Net_id 153
pin_num 2
11 28 0
25 36 0
Net_id 154
pin_num 2
20 43 0
40 40 0
Net_id 155
pin_num 2
59 30 0
55 30 0
Net_id 156
pin_num 2
24 30 0
9 16 0
Net_id 157
pin_num 2
39 45 0
30 25 0
Net_id 158
pin_num 2
21 22 0
30 28 0
