Width 60
Height 60
Layer 6
Total_WL 6794
Obstacle_num 144
37 30 0 47 31 0
38 14 0 42 15 0
18 18 0 25 19 0
4 33 0 7 34 0
35 46 0 45 47 0
45 54 0 52 55 0
0 44 0 5 45 0
4 22 0 9 23 0
28 8 0 36 9 0
19 17 0 22 18 0
27 49 0 35 50 0
7 25 0 17 26 0
52 41 0 56 42 0
39 1 0 45 2 0
35 55 0 42 56 0
25 27 0 32 28 0
40 6 0 46 7 0
51 31 0 55 32 0
43 51 0 53 52 0
35 2 0 40 3 0
7 42 0 15 43 0
40 25 0 46 26 0
4 18 0 13 19 0
51 4 0 59 5 0
24 13 1 25 23 1
20 45 1 21 49 1
18 14 1 19 23 1
21 18 1 22 24 1
21 40 1 22 44 1
6 27 1 7 35 1
9 15 1 10 19 1
40 56 1 41 59 1
11 8 1 12 18 1
2 21 1 3 25 1
17 50 1 18 57 1
20 1 1 21 10 1
27 30 1 28 40 1
2 12 1 3 20 1
27 18 1 28 22 1
5 16 1 6 24 1
3 41 1 4 48 1
47 20 1 48 28 1
58 1 1 59 7 1
12 52 1 13 57 1
18 1 1 19 4 1
32 36 1 33 40 1
29 33 1 30 40 1
49 39 1 50 42 1
19 45 2 27 46 2
20 49 2 28 50 2
44 6 2 50 7 2
34 14 2 43 15 2
24 48 2 33 49 2
7 11 2 12 12 2
40 38 2 46 39 2
41 18 2 50 19 2
52 16 2 56 17 2
15 37 2 18 38 2
43 34 2 50 35 2
17 8 2 23 9 2
46 49 2 50 50 2
16 19 2 21 20 2
5 30 2 15 31 2
18 5 2 23 6 2
35 30 2 42 31 2
14 2 2 22 3 2
4 52 2 14 53 2
37 57 2 42 58 2
37 48 2 40 49 2
17 38 2 20 39 2
19 34 2 27 35 2
16 22 2 25 23 2
56 50 3 57 57 3
56 24 3 57 29 3
18 28 3 19 33 3
33 43 3 34 50 3
12 28 3 13 31 3
46 32 3 47 38 3
54 49 3 55 56 3
34 12 3 35 22 3
3 27 3 4 35 3
55 33 3 56 39 3
5 44 3 6 50 3
7 34 3 8 43 3
5 17 3 6 21 3
22 12 3 23 15 3
9 16 3 10 22 3
35 37 3 36 47 3
38 37 3 39 46 3
15 6 3 16 13 3
57 30 3 58 33 3
28 53 3 29 59 3
43 37 3 44 44 3
21 5 3 22 11 3
21 33 3 22 40 3
41 8 3 42 17 3
6 50 4 16 51 4
42 40 4 48 41 4
18 8 4 28 9 4
44 31 4 47 32 4
3 38 4 12 39 4
8 40 4 11 41 4
22 17 4 29 18 4
2 57 4 10 58 4
10 58 4 19 59 4
33 18 4 42 19 4
48 2 4 57 3 4
30 54 4 33 55 4
47 29 4 50 30 4
32 10 4 40 11 4
35 49 4 39 50 4
38 50 4 46 51 4
17 35 4 20 36 4
32 31 4 37 32 4
41 56 4 45 57 4
2 35 4 9 36 4
18 36 4 25 37 4
15 47 4 23 48 4
29 38 4 34 39 4
52 55 4 59 56 4
18 25 5 19 28 5
31 21 5 32 27 5
38 11 5 39 14 5
0 22 5 1 27 5
46 5 5 47 11 5
46 13 5 47 18 5
31 28 5 32 38 5
51 25 5 52 29 5
30 1 5 31 8 5
14 52 5 15 58 5
8 27 5 9 31 5
36 27 5 37 36 5
12 41 5 13 50 5
55 36 5 56 42 5
29 1 5 30 7 5
58 44 5 59 53 5
27 41 5 28 49 5
50 41 5 51 46 5
43 37 5 44 40 5
17 24 5 18 34 5
34 20 5 35 28 5
22 39 5 23 49 5
4 25 5 5 35 5
12 1 5 13 10 5
Net_num 162
Net_id 0
pin_num 5
26 8 0
17 15 0
0 16 0
23 17 0
0 9 0
Net_id 1
pin_num 5
50 41 0
46 41 0
37 41 0
48 59 0
59 47 0
Net_id 2
pin_num 5
36 28 0
36 31 0
25 29 0
33 22 0
49 29 0
Net_id 3
pin_num 5
41 2 0
53 2 0
48 17 0
43 14 0
59 4 0
Net_id 4
pin_num 5
1 27 0
18 27 0
6 17 0
9 27 0
6 0 0
Net_id 5
pin_num 5
34 13 0
37 27 0
47 15 0
31 0 0
40 28 0
Net_id 6
pin_num 5
45 59 0
39 59 0
46 50 0
39 44 0
58 59 0
Net_id 7
pin_num 5
39 51 0
45 50 0
23 51 0
3 51 0
32 43 0
Net_id 8
pin_num 5
4 9 0
2 1 0
19 1 0
4 8 0
10 0 0
Net_id 9
pin_num 5
28 29 0
45 28 0
53 28 0
50 20 0
17 35 0
Net_id 10
pin_num 5
7 28 0
4 36 0
0 45 0
5 44 0
19 28 0
Net_id 11
pin_num 5
38 23 0
45 13 0
59 17 0
43 16 0
56 0 0
Net_id 12
pin_num 5
53 8 0
53 9 0
46 6 0
50 14 0
47 5 0
Net_id 13
pin_num 5
10 2 0
12 19 0
19 16 0
25 18 0
16 7 0
Net_id 14
pin_num 5
43 31 0
38 36 0
41 22 0
37 49 0
31 39 0
Net_id 15
pin_num 5
24 43 0
29 43 0
29 59 0
25 40 0
44 40 0
Net_id 16
pin_num 5
4 32 0
13 26 0
11 35 0
6 38 0
0 14 0
Net_id 17
pin_num 5
34 7 0
36 12 0
52 10 0
51 0 0
58 16 0
Net_id 18
pin_num 5
45 45 0
52 46 0
48 49 0
46 28 0
51 57 0
Net_id 19
pin_num 5
38 13 0
40 11 0
42 32 0
32 3 0
59 10 0
Net_id 20
pin_num 4
7 33 0
14 37 0
9 19 0
1 33 0
Net_id 21
pin_num 4
32 25 0
37 26 0
34 19 0
22 23 0
Net_id 22
pin_num 4
35 21 0
29 11 0
32 26 0
43 26 0
Net_id 23
pin_num 4
18 10 0
22 15 0
37 15 0
20 2 0
Net_id 24
pin_num 4
9 3 0
16 12 0
3 2 0
6 4 0
Net_id 25
pin_num 4
41 37 0
38 50 0
49 59 0
41 58 0
Net_id 26
pin_num 4
2 51 0
6 40 0
0 59 0
0 46 0
Net_id 27
pin_num 4
51 20 0
58 19 0
59 30 0
49 0 0
Net_id 28
pin_num 4
6 50 0
15 57 0
11 38 0
13 57 0
Net_id 29
pin_num 4
21 49 0
5 48 0
15 59 0
21 59 0
Net_id 30
pin_num 4
53 18 0
57 1 0
44 18 0
45 26 0
Net_id 31
pin_num 4
27 45 0
36 38 0
41 43 0
49 43 0
Net_id 32
pin_num 4
33 55 0
39 37 0
30 47 0
49 48 0
Net_id 33
pin_num 4
41 32 0
36 34 0
38 49 0
28 39 0
Net_id 34
pin_num 4
52 49 0
49 52 0
54 48 0
50 53 0
Net_id 35
pin_num 4
38 33 0
56 36 0
47 34 0
54 26 0
Net_id 36
pin_num 4
16 56 0
10 56 0
1 59 0
16 58 0
Net_id 37
pin_num 4
24 56 0
24 45 0
8 48 0
44 56 0
Net_id 38
pin_num 4
46 56 0
36 48 0
46 48 0
59 43 0
Net_id 39
pin_num 4
16 2 0
24 9 0
14 4 0
17 20 0
Net_id 40
pin_num 3
23 11 0
4 14 0
41 13 0
Net_id 41
pin_num 3
28 48 0
37 57 0
46 46 0
Net_id 42
pin_num 3
5 14 0
9 7 0
0 10 0
Net_id 43
pin_num 3
57 16 0
45 27 0
54 22 0
Net_id 44
pin_num 3
2 45 0
1 34 0
15 42 0
Net_id 45
pin_num 3
55 1 0
36 1 0
59 31 0
Net_id 46
pin_num 3
6 45 0
23 48 0
19 38 0
Net_id 47
pin_num 3
2 5 0
6 5 0
16 20 0
Net_id 48
pin_num 3
45 22 0
42 15 0
57 31 0
Net_id 49
pin_num 3
59 38 0
55 29 0
42 35 0
Net_id 50
pin_num 3
59 54 0
45 58 0
54 32 0
Net_id 51
pin_num 3
26 57 0
5 45 0
9 53 0
Net_id 52
pin_num 3
55 57 0
57 46 0
48 58 0
Net_id 53
pin_num 3
58 50 0
54 46 0
55 58 0
Net_id 54
pin_num 3
15 3 0
21 6 0
10 17 0
Net_id 55
pin_num 3
34 11 0
37 5 0
43 5 0
Net_id 56
pin_num 3
48 10 0
51 13 0
46 0 0
Net_id 57
pin_num 3
51 37 0
54 33 0
54 40 0
Net_id 58
pin_num 3
48 57 0
36 53 0
11 56 0
Net_id 59
pin_num 3
6 56 0
12 57 0
2 46 0
Net_id 60
pin_num 3
25 54 0
35 57 0
31 28 0
Net_id 61
pin_num 3
9 5 0
11 21 0
1 7 0
Net_id 62
pin_num 3
24 19 0
17 10 0
32 27 0
Net_id 63
pin_num 3
56 43 0
49 46 0
44 45 0
Net_id 64
pin_num 3
48 32 0
52 38 0
36 19 0
Net_id 65
pin_num 3
22 26 0
14 17 0
33 12 0
Net_id 66
pin_num 3
44 49 0
46 36 0
40 52 0
Net_id 67
pin_num 3
40 2 0
51 15 0
23 7 0
Net_id 68
pin_num 3
32 7 0
41 10 0
38 24 0
Net_id 69
pin_num 3
57 2 0
59 3 0
57 34 0
Net_id 70
pin_num 3
26 48 0
11 53 0
34 44 0
Net_id 71
pin_num 3
30 4 0
44 3 0
50 4 0
Net_id 72
pin_num 3
38 27 0
49 47 0
17 33 0
Net_id 73
pin_num 3
45 43 0
44 44 0
26 52 0
Net_id 74
pin_num 3
9 47 0
17 48 0
11 24 0
Net_id 75
pin_num 3
54 53 0
35 36 0
47 0 0
Net_id 76
pin_num 3
49 7 0
58 13 0
53 12 0
Net_id 77
pin_num 3
52 23 0
46 23 0
49 19 0
Net_id 78
pin_num 3
35 53 0
30 52 0
27 28 0
Net_id 79
pin_num 3
53 17 0
52 15 0
39 12 0
Net_id 80
pin_num 3
9 9 0
3 4 0
11 1 0
Net_id 81
pin_num 2
33 3 0
35 1 0
Net_id 82
pin_num 2
39 16 0
26 16 0
Net_id 83
pin_num 2
9 55 0
4 47 0
Net_id 84
pin_num 2
28 11 0
26 22 0
Net_id 85
pin_num 2
10 53 0
0 43 0
Net_id 86
pin_num 2
27 2 0
37 20 0
Net_id 87
pin_num 2
48 12 0
54 2 0
Net_id 88
pin_num 2
49 39 0
55 44 0
Net_id 89
pin_num 2
51 56 0
50 50 0
Net_id 90
pin_num 2
11 11 0
35 3 0
Net_id 91
pin_num 2
53 51 0
53 54 0
Net_id 92
pin_num 2
48 26 0
55 28 0
Net_id 93
pin_num 2
7 7 0
7 6 0
Net_id 94
pin_num 2
12 32 0
23 34 0
Net_id 95
pin_num 2
47 38 0
58 41 0
Net_id 96
pin_num 2
29 37 0
25 37 0
Net_id 97
pin_num 2
44 26 0
55 22 0
Net_id 98
pin_num 2
32 36 0
34 6 0
Net_id 99
pin_num 2
50 43 0
48 50 0
Net_id 100
pin_num 2
46 35 0
31 12 0
Net_id 101
pin_num 2
52 22 0
47 30 0
Net_id 102
pin_num 2
31 3 0
22 17 0
Net_id 103
pin_num 2
46 40 0
58 55 0
Net_id 104
pin_num 2
1 47 0
14 29 0
Net_id 105
pin_num 2
25 28 0
17 7 0
Net_id 106
pin_num 2
18 25 0
41 45 0
Net_id 107
pin_num 2
55 25 0
58 29 0
Net_id 108
pin_num 2
0 13 0
11 13 0
Net_id 109
pin_num 2
21 54 0
3 26 0
Net_id 110
pin_num 2
33 41 0
35 37 0
Net_id 111
pin_num 2
18 36 0
2 26 0
Net_id 112
pin_num 2
43 39 0
44 37 0
Net_id 113
pin_num 2
14 8 0
18 14 0
Net_id 114
pin_num 2
5 26 0
3 21 0
Net_id 115
pin_num 2
26 26 0
40 35 0
Net_id 116
pin_num 2
22 1 0
12 4 0
Net_id 117
pin_num 2
4 35 0
10 34 0
Net_id 118
pin_num 2
42 40 0
37 40 0
Net_id 119
pin_num 2
6 44 0
6 48 0
Net_id 120
pin_num 2
32 20 0
18 34 0
Net_id 121
pin_num 2
29 36 0
34 31 0
Net_id 122
pin_num 2
28 5 0
32 6 0
Net_id 123
pin_num 2
20 22 0
6 11 0
Net_id 124
pin_num 2
16 46 0
29 58 0
Net_id 125
pin_num 2
54 6 0
45 15 0
Net_id 126
pin_num 2
16 10 0
25 4 0
Net_id 127
pin_num 2
25 12 0
14 6 0
Net_id 128
pin_num 2
6 6 0
1 14 0
Net_id 129
pin_num 2
9 40 0
8 40 0
Net_id 130
pin_num 2
43 18 0
33 6 0
Net_id 131
pin_num 2
52 42 0
56 21 0
Net_id 132
pin_num 2
17 18 0
5 10 0
Net_id 133
pin_num 2
50 37 0
53 34 0
Net_id 134
pin_num 2
24 2 0
19 5 0
Net_id 135
pin_num 2
55 13 0
38 3 0
Net_id 136
pin_num 2
27 42 0
42 36 0
Net_id 137
pin_num 2
12 41 0
6 41 0
Net_id 138
pin_num 2
18 16 0
14 13 0
Net_id 139
pin_num 2
55 39 0
51 42 0
Net_id 140
pin_num 2
45 48 0
26 42 0
Net_id 141
pin_num 2
23 4 0
12 12 0
Net_id 142
pin_num 2
42 14 0
58 12 0
Net_id 143
pin_num 2
24 17 0
54 25 0
Net_id 144
pin_num 2
55 50 0
54 45 0
Net_id 145
pin_num 2
27 30 0
20 36 0
Net_id 146
pin_num 2
31 37 0
37 23 0
Net_id 147
pin_num 2
10 7 0
25 22 0
Net_id 148
pin_num 2
20 53 0
7 44 0
Net_id 149
pin_num 2
52 20 0
32 55 0
Net_id 150
pin_num 2
7 54 0
15 55 0
Net_id 151
pin_num 2
59 53 0
54 52 0
Net_id 152
pin_num 2
56 28 0
46 47 0
Net_id 153
pin_num 2
29 55 0
3 52 0
Net_id 154
pin_num 2
23 21 0
6 26 0
Net_id 155
pin_num 2
6 37 0
8 32 0
Net_id 156
pin_num 2
0 41 0
35 59 0
Net_id 157
pin_num 2
28 10 0
25 7 0
Net_id 158
pin_num 2
41 53 0
32 57 0
Net_id 159
pin_num 2
11 30 0
25 16 0
Net_id 160
pin_num 2
54 24 0
48 24 0
Net_id 161
pin_num 2
22 59 0
5 47 0
