Width 60
Height 60
Layer 6
Total_WL 6952
Obstacle_num 144
32 47 0 36 48 0
7 58 0 17 59 0
53 13 0 59 14 0
38 19 0 41 20 0
31 28 0 37 29 0
5 51 0 8 52 0
30 6 0 36 7 0
4 41 0 11 42 0
39 10 0 49 11 0
24 30 0 31 31 0
34 32 0 44 33 0
18 1 0 27 2 0
25 58 0 35 59 0
1 11 0 11 12 0
36 37 0 43 38 0
39 40 0 49 41 0
30 51 0 38 52 0
16 22 0 23 23 0
51 3 0 59 4 0
44 16 0 50 17 0
11 12 0 14 13 0
20 19 0 23 20 0
12 15 0 17 16 0
32 1 0 41 2 0
53 31 1 54 41 1
42 13 1 43 22 1
28 37 1 29 44 1
9 13 1 10 20 1
36 3 1 37 10 1
12 29 1 13 32 1
5 1 1 6 7 1
40 23 1 41 32 1
26 43 1 27 49 1
38 47 1 39 55 1
15 15 1 16 22 1
44 47 1 45 53 1
57 12 1 58 19 1
41 22 1 42 29 1
27 16 1 28 24 1
47 22 1 48 30 1
38 4 1 39 8 1
21 52 1 22 56 1
34 3 1 35 8 1
32 0 1 33 8 1
29 12 1 30 22 1
56 5 1 57 9 1
26 29 1 27 36 1
42 29 1 43 32 1
50 47 2 58 48 2
0 34 2 3 35 2
34 5 2 38 6 2
39 11 2 42 12 2
12 18 2 20 19 2
14 56 2 23 57 2
37 28 2 40 29 2
11 36 2 21 37 2
9 48 2 15 49 2
2 50 2 6 51 2
14 0 2 21 1 2
46 52 2 55 53 2
26 41 2 34 42 2
15 47 2 20 48 2
34 19 2 38 20 2
13 23 2 23 24 2
43 18 2 51 19 2
10 24 2 20 25 2
8 16 2 12 17 2
0 15 2 7 16 2
15 11 2 19 12 2
4 49 2 8 50 2
21 22 2 25 23 2
17 31 2 26 32 2
21 33 3 22 42 3
55 44 3 56 50 3
25 48 3 26 57 3
56 37 3 57 45 3
25 38 3 26 43 3
46 48 3 47 58 3
23 47 3 24 54 3
27 40 3 28 44 3
36 35 3 37 45 3
5 5 3 6 13 3
16 23 3 17 30 3
42 45 3 43 50 3
37 39 3 38 44 3
2 24 3 3 31 3
43 9 3 44 12 3
28 15 3 29 18 3
39 2 3 40 8 3
14 3 3 15 13 3
12 51 3 13 54 3
5 35 3 6 44 3
48 51 3 49 55 3
12 24 3 13 28 3
33 17 3 34 22 3
33 2 3 34 10 3
21 7 4 30 8 4
17 43 4 21 44 4
14 5 4 24 6 4
24 41 4 29 42 4
40 4 4 50 5 4
0 56 4 3 57 4
14 35 4 23 36 4
25 51 4 35 52 4
40 11 4 45 12 4
48 8 4 51 9 4
24 40 4 32 41 4
42 37 4 51 38 4
47 2 4 56 3 4
8 54 4 13 55 4
48 28 4 54 29 4
20 9 4 27 10 4
26 4 4 34 5 4
21 58 4 30 59 4
2 44 4 5 45 4
24 6 4 31 7 4
50 3 4 55 4 4
38 48 4 47 49 4
24 10 4 27 11 4
17 39 4 20 40 4
2 50 5 3 58 5
10 48 5 11 52 5
15 45 5 16 49 5
39 49 5 40 55 5
49 29 5 50 33 5
3 33 5 4 41 5
45 5 5 46 9 5
4 36 5 5 45 5
8 25 5 9 34 5
51 12 5 52 17 5
38 15 5 39 19 5
45 51 5 46 55 5
24 3 5 25 6 5
26 48 5 27 52 5
32 11 5 33 16 5
40 16 5 41 23 5
42 23 5 43 30 5
0 36 5 1 42 5
32 4 5 33 10 5
15 4 5 16 9 5
55 37 5 56 40 5
44 45 5 45 54 5
58 14 5 59 18 5
4 16 5 5 22 5
Net_num 159
Net_id 0
pin_num 5
4 33 0
18 30 0
13 24 0
27 31 0
20 8 0
Net_id 1
pin_num 5
43 18 0
33 17 0
35 15 0
40 21 0
33 33 0
Net_id 2
pin_num 5
46 53 0
51 53 0
48 49 0
52 59 0
48 32 0
Net_id 3
pin_num 5
50 51 0
54 36 0
59 37 0
43 38 0
52 18 0
Net_id 4
pin_num 5
12 5 0
21 6 0
33 0 0
6 6 0
37 4 0
Net_id 5
pin_num 5
26 54 0
15 45 0
41 54 0
31 59 0
39 57 0
Net_id 6
pin_num 5
22 40 0
29 52 0
39 46 0
17 51 0
27 45 0
Net_id 7
pin_num 5
19 14 0
26 2 0
25 17 0
22 8 0
33 2 0
Net_id 8
pin_num 5
36 57 0
32 39 0
24 53 0
27 48 0
35 48 0
Net_id 9
pin_num 5
28 47 0
23 51 0
29 46 0
31 42 0
28 52 0
Net_id 10
pin_num 5
46 29 0
56 29 0
55 35 0
55 42 0
59 11 0
Net_id 11
pin_num 5
58 14 0
51 17 0
58 34 0
34 16 0
59 30 0
Net_id 12
pin_num 5
3 18 0
11 18 0
7 27 0
6 40 0
0 18 0
Net_id 13
pin_num 5
9 45 0
11 43 0
11 57 0
15 59 0
13 50 0
Net_id 14
pin_num 5
47 28 0
54 24 0
30 27 0
47 36 0
34 2 0
Net_id 15
pin_num 5
53 57 0
59 48 0
59 36 0
43 41 0
29 34 0
Net_id 16
pin_num 5
53 0 0
59 3 0
59 10 0
47 2 0
54 6 0
Net_id 17
pin_num 5
18 2 0
22 2 0
34 0 0
13 1 0
0 11 0
Net_id 18
pin_num 5
41 30 0
34 36 0
31 31 0
56 30 0
37 16 0
Net_id 19
pin_num 5
17 43 0
21 36 0
7 35 0
27 37 0
8 47 0
Net_id 20
pin_num 5
16 30 0
23 35 0
28 36 0
44 32 0
46 35 0
Net_id 21
pin_num 4
50 0 0
40 0 0
44 8 0
48 14 0
Net_id 22
pin_num 4
13 43 0
27 42 0
14 32 0
14 9 0
Net_id 23
pin_num 4
53 21 0
58 1 0
57 9 0
52 13 0
Net_id 24
pin_num 4
59 18 0
53 12 0
39 0 0
43 7 0
Net_id 25
pin_num 4
27 28 0
41 31 0
15 28 0
38 10 0
Net_id 26
pin_num 4
8 2 0
1 2 0
0 12 0
7 12 0
Net_id 27
pin_num 4
44 36 0
59 53 0
55 1 0
42 26 0
Net_id 28
pin_num 4
5 39 0
8 52 0
26 39 0
8 28 0
Net_id 29
pin_num 4
21 13 0
37 15 0
35 10 0
12 28 0
Net_id 30
pin_num 4
32 2 0
22 5 0
12 0 0
4 3 0
Net_id 31
pin_num 4
55 50 0
57 44 0
46 49 0
36 47 0
Net_id 32
pin_num 4
11 47 0
0 53 0
11 59 0
24 50 0
Net_id 33
pin_num 4
54 23 0
55 28 0
58 11 0
55 10 0
Net_id 34
pin_num 4
44 41 0
50 41 0
45 18 0
45 46 0
Net_id 35
pin_num 4
2 59 0
10 52 0
20 53 0
3 59 0
Net_id 36
pin_num 4
42 23 0
33 34 0
33 41 0
39 38 0
Net_id 37
pin_num 4
51 38 0
40 48 0
47 42 0
58 38 0
Net_id 38
pin_num 4
57 8 0
50 15 0
51 0 0
38 9 0
Net_id 39
pin_num 4
31 27 0
42 33 0
49 27 0
57 39 0
Net_id 40
pin_num 4
53 22 0
47 26 0
50 19 0
53 28 0
Net_id 41
pin_num 3
21 32 0
32 36 0
38 59 0
Net_id 42
pin_num 3
46 52 0
33 55 0
40 58 0
Net_id 43
pin_num 3
57 15 0
32 19 0
35 7 0
Net_id 44
pin_num 3
14 59 0
24 55 0
23 30 0
Net_id 45
pin_num 3
56 40 0
49 19 0
49 9 0
Net_id 46
pin_num 3
17 20 0
32 10 0
9 17 0
Net_id 47
pin_num 3
10 51 0
28 59 0
8 59 0
Net_id 48
pin_num 3
8 21 0
16 29 0
4 20 0
Net_id 49
pin_num 3
1 33 0
3 28 0
0 46 0
Net_id 50
pin_num 3
0 8 0
7 0 0
11 11 0
Net_id 51
pin_num 3
6 23 0
1 13 0
57 11 0
Net_id 52
pin_num 3
26 17 0
40 9 0
57 42 0
Net_id 53
pin_num 3
14 37 0
16 41 0
15 22 0
Net_id 54
pin_num 3
1 44 0
9 46 0
5 53 0
Net_id 55
pin_num 3
46 56 0
41 45 0
46 32 0
Net_id 56
pin_num 3
23 53 0
18 54 0
2 55 0
Net_id 57
pin_num 3
42 59 0
32 52 0
6 58 0
Net_id 58
pin_num 3
20 21 0
28 21 0
9 35 0
Net_id 59
pin_num 3
28 19 0
22 23 0
56 16 0
Net_id 60
pin_num 3
34 11 0
13 19 0
8 12 0
Net_id 61
pin_num 3
14 47 0
3 57 0
10 56 0
Net_id 62
pin_num 3
46 12 0
25 27 0
33 10 0
Net_id 63
pin_num 3
28 33 0
54 38 0
29 23 0
Net_id 64
pin_num 3
34 42 0
10 32 0
21 30 0
Net_id 65
pin_num 3
4 43 0
1 40 0
1 17 0
Net_id 66
pin_num 3
49 56 0
56 56 0
26 59 0
Net_id 67
pin_num 3
31 16 0
23 33 0
58 35 0
Net_id 68
pin_num 3
42 16 0
55 25 0
57 40 0
Net_id 69
pin_num 3
10 49 0
23 52 0
6 52 0
Net_id 70
pin_num 3
4 34 0
24 33 0
30 39 0
Net_id 71
pin_num 3
43 22 0
53 42 0
56 46 0
Net_id 72
pin_num 3
46 14 0
56 31 0
44 23 0
Net_id 73
pin_num 3
46 31 0
56 32 0
42 45 0
Net_id 74
pin_num 3
56 43 0
51 52 0
59 59 0
Net_id 75
pin_num 3
50 55 0
59 56 0
58 42 0
Net_id 76
pin_num 3
11 8 0
5 24 0
13 7 0
Net_id 77
pin_num 3
58 21 0
42 34 0
57 10 0
Net_id 78
pin_num 3
50 52 0
47 44 0
38 55 0
Net_id 79
pin_num 2
32 59 0
46 46 0
Net_id 80
pin_num 2
38 36 0
45 13 0
Net_id 81
pin_num 2
12 24 0
6 42 0
Net_id 82
pin_num 2
5 30 0
19 38 0
Net_id 83
pin_num 2
0 26 0
12 14 0
Net_id 84
pin_num 2
0 6 0
8 9 0
Net_id 85
pin_num 2
1 58 0
6 55 0
Net_id 86
pin_num 2
54 53 0
42 53 0
Net_id 87
pin_num 2
20 37 0
20 52 0
Net_id 88
pin_num 2
43 44 0
18 52 0
Net_id 89
pin_num 2
48 4 0
40 22 0
Net_id 90
pin_num 2
24 8 0
36 2 0
Net_id 91
pin_num 2
17 46 0
10 35 0
Net_id 92
pin_num 2
30 7 0
50 14 0
Net_id 93
pin_num 2
34 34 0
43 57 0
Net_id 94
pin_num 2
42 19 0
58 12 0
Net_id 95
pin_num 2
45 39 0
59 57 0
Net_id 96
pin_num 2
38 4 0
46 20 0
Net_id 97
pin_num 2
0 28 0
2 25 0
Net_id 98
pin_num 2
31 5 0
23 5 0
Net_id 99
pin_num 2
3 52 0
21 59 0
Net_id 100
pin_num 2
26 41 0
19 40 0
Net_id 101
pin_num 2
23 43 0
25 36 0
Net_id 102
pin_num 2
30 59 0
29 57 0
Net_id 103
pin_num 2
24 10 0
18 10 0
Net_id 104
pin_num 2
11 44 0
1 52 0
Net_id 105
pin_num 2
44 4 0
55 4 0
Net_id 106
pin_num 2
23 36 0
20 58 0
Net_id 107
pin_num 2
2 45 0
15 55 0
Net_id 108
pin_num 2
12 44 0
26 44 0
Net_id 109
pin_num 2
51 16 0
35 21 0
Net_id 110
pin_num 2
12 32 0
3 34 0
Net_id 111
pin_num 2
5 28 0
8 35 0
Net_id 112
pin_num 2
17 24 0
3 35 0
Net_id 113
pin_num 2
1 30 0
16 42 0
Net_id 114
pin_num 2
37 31 0
20 29 0
Net_id 115
pin_num 2
54 54 0
58 58 0
Net_id 116
pin_num 2
45 2 0
47 1 0
Net_id 117
pin_num 2
3 7 0
1 9 0
Net_id 118
pin_num 2
34 46 0
29 55 0
Net_id 119
pin_num 2
39 23 0
29 26 0
Net_id 120
pin_num 2
50 11 0
56 2 0
Net_id 121
pin_num 2
37 6 0
55 34 0
Net_id 122
pin_num 2
44 1 0
52 12 0
Net_id 123
pin_num 2
37 11 0
43 6 0
Net_id 124
pin_num 2
1 32 0
43 28 0
Net_id 125
pin_num 2
31 49 0
37 36 0
Net_id 126
pin_num 2
51 23 0
50 34 0
Net_id 127
pin_num 2
55 44 0
45 57 0
Net_id 128
pin_num 2
31 1 0
27 6 0
Net_id 129
pin_num 2
42 5 0
58 10 0
Net_id 130
pin_num 2
8 38 0
10 42 0
Net_id 131
pin_num 2
50 57 0
45 54 0
Net_id 132
pin_num 2
42 9 0
54 7 0
Net_id 133
pin_num 2
21 37 0
29 25 0
Net_id 134
pin_num 2
47 20 0
52 5 0
Net_id 135
pin_num 2
58 20 0
46 13 0
Net_id 136
pin_num 2
46 51 0
39 39 0
Net_id 137
pin_num 2
18 33 0
7 42 0
Net_id 138
pin_num 2
37 45 0
50 36 0
Net_id 139
pin_num 2
8 13 0
0 16 0
Net_id 140
pin_num 2
54 58 0
58 51 0
Net_id 141
pin_num 2
8 16 0
0 14 0
Net_id 142
pin_num 2
49 25 0
31 13 0
Net_id 143
pin_num 2
32 38 0
34 41 0
Net_id 144
pin_num 2
11 29 0
1 47 0
Net_id 145
pin_num 2
34 39 0
41 29 0
Net_id 146
pin_num 2
37 56 0
45 50 0
Net_id 147
pin_num 2
18 9 0
36 9 0
Net_id 148
pin_num 2
3 15 0
11 19 0
Net_id 149
pin_num 2
9 43 0
0 23 0
Net_id 150
pin_num 2
31 38 0
24 26 0
Net_id 151
pin_num 2
28 7 0
34 8 0
Net_id 152
pin_num 2
23 48 0
54 51 0
Net_id 153
pin_num 2
2 13 0
5 10 0
Net_id 154
pin_num 2
26 57 0
11 42 0
Net_id 155
pin_num 2
23 55 0
4 55 0
Net_id 156
pin_num 2
6 32 0
3 49 0
Net_id 157
pin_num 2
13 42 0
4 51 0
Net_id 158
pin_num 2
58 53 0
53 58 0
