Width 60
Height 60
Layer 6
Total_WL 6448
Obstacle_num 144
6 31 0 12 32 0
40 53 0 49 54 0
20 33 0 27 34 0
47 37 0 53 38 0
37 54 0 44 55 0
34 17 0 42 18 0
21 21 0 24 22 0
48 58 0 54 59 0
3 41 0 10 42 0
35 20 0 41 21 0
41 26 0 49 27 0
9 16 0 14 17 0
9 27 0 17 28 0
48 4 0 51 5 0
21 31 0 27 32 0
32 29 0 38 30 0
23 20 0 26 21 0
34 15 0 39 16 0
10 19 0 20 20 0
13 31 0 18 32 0
29 28 0 32 29 0
10 0 0 18 1 0
48 33 0 56 34 0
51 8 0 54 9 0
15 42 1 16 46 1
19 12 1 20 16 1
17 1 1 18 7 1
54 52 1 55 59 1
3 40 1 4 43 1
54 6 1 55 9 1
2 12 1 3 21 1
29 3 1 30 13 1
58 33 1 59 36 1
17 44 1 18 47 1
37 35 1 38 42 1
3 17 1 4 23 1
53 51 1 54 54 1
9 49 1 10 58 1
18 17 1 19 23 1
32 47 1 33 50 1
38 8 1 39 13 1
27 39 1 28 49 1
27 21 1 28 31 1
30 52 1 31 55 1
50 36 1 51 43 1
25 45 1 26 52 1
5 1 1 6 7 1
40 22 1 41 29 1
33 11 2 41 12 2
1 44 2 5 45 2
31 55 2 36 56 2
35 10 2 44 11 2
32 3 2 39 4 2
18 10 2 27 11 2
51 22 2 56 23 2
54 23 2 58 24 2
18 44 2 25 45 2
38 18 2 48 19 2
35 42 2 39 43 2
28 51 2 33 52 2
8 32 2 12 33 2
49 15 2 53 16 2
20 33 2 25 34 2
45 16 2 55 17 2
12 17 2 21 18 2
13 20 2 23 21 2
19 50 2 22 51 2
1 51 2 6 52 2
20 7 2 26 8 2
42 41 2 47 42 2
35 19 2 40 20 2
22 26 2 28 27 2
26 23 3 27 30 3
31 35 3 32 41 3
57 46 3 58 52 3
9 20 3 10 23 3
37 46 3 38 56 3
38 11 3 39 16 3
0 5 3 1 14 3
24 29 3 25 38 3
1 38 3 2 43 3
33 48 3 34 58 3
47 27 3 48 36 3
2 33 3 3 40 3
46 15 3 47 21 3
8 17 3 9 26 3
1 8 3 2 16 3
20 24 3 21 27 3
44 18 3 45 27 3
29 4 3 30 13 3
0 45 3 1 54 3
11 48 3 12 51 3
21 7 3 22 11 3
49 1 3 50 11 3
16 14 3 17 23 3
45 45 3 46 50 3
31 0 4 39 1 4
13 2 4 23 3 4
40 2 4 48 3 4
3 51 4 10 52 4
24 18 4 31 19 4
50 24 4 53 25 4
19 42 4 27 43 4
30 24 4 34 25 4
14 33 4 19 34 4
6 25 4 16 26 4
10 53 4 17 54 4
19 5 4 22 6 4
46 22 4 51 23 4
1 29 4 5 30 4
40 40 4 50 41 4
24 7 4 29 8 4
53 56 4 57 57 4
36 17 4 41 18 4
33 31 4 38 32 4
20 22 4 30 23 4
44 15 4 47 16 4
41 7 4 48 8 4
14 19 4 21 20 4
45 17 4 55 18 4
47 9 5 48 16 5
56 48 5 57 52 5
39 48 5 40 57 5
14 12 5 15 16 5
45 50 5 46 56 5
20 25 5 21 28 5
53 38 5 54 47 5
24 30 5 25 40 5
43 36 5 44 40 5
32 31 5 33 39 5
7 19 5 8 26 5
22 14 5 23 20 5
52 46 5 53 56 5
58 7 5 59 10 5
58 51 5 59 59 5
33 29 5 34 36 5
44 40 5 45 49 5
13 33 5 14 40 5
22 41 5 23 50 5
25 15 5 26 23 5
16 39 5 17 49 5
29 26 5 30 33 5
29 49 5 30 54 5
39 12 5 40 18 5
Net_num 160
Net_id 0
pin_num 5
10 38 0
12 40 0
26 40 0
33 40 0
22 53 0
Net_id 1
pin_num 5
18 46 0
10 40 0
18 52 0
15 50 0
11 44 0
Net_id 2
pin_num 5
17 3 0
31 6 0
39 6 0
33 9 0
39 28 0
Net_id 3
pin_num 5
5 26 0
6 27 0
3 33 0
0 39 0
5 38 0
Net_id 4
pin_num 5
8 39 0
19 45 0
12 32 0
14 51 0
0 42 0
Net_id 5
pin_num 5
0 54 0
5 46 0
4 31 0
14 49 0
15 45 0
Net_id 6
pin_num 5
9 40 0
6 44 0
8 46 0
25 44 0
9 26 0
Net_id 7
pin_num 5
4 23 0
16 23 0
8 37 0
11 25 0
21 34 0
Net_id 8
pin_num 5
44 1 0
46 2 0
51 0 0
42 0 0
36 0 0
Net_id 9
pin_num 5
29 42 0
35 39 0
23 42 0
26 30 0
29 38 0
Net_id 10
pin_num 5
26 36 0
25 41 0
25 21 0
35 43 0
36 43 0
Net_id 11
pin_num 5
24 7 0
30 19 0
28 29 0
23 19 0
42 17 0
Net_id 12
pin_num 5
57 49 0
52 50 0
59 38 0
38 40 0
49 44 0
Net_id 13
pin_num 5
45 0 0
41 3 0
44 5 0
57 1 0
16 3 0
Net_id 14
pin_num 5
35 24 0
29 27 0
30 12 0
7 27 0
52 26 0
Net_id 15
pin_num 5
14 59 0
16 59 0
16 51 0
29 55 0
10 53 0
Net_id 16
pin_num 5
50 10 0
33 13 0
26 13 0
57 10 0
47 7 0
Net_id 17
pin_num 5
13 38 0
21 39 0
21 43 0
13 22 0
31 34 0
Net_id 18
pin_num 5
42 48 0
38 48 0
39 36 0
17 48 0
17 59 0
Net_id 19
pin_num 5
23 45 0
20 32 0
16 37 0
24 37 0
21 49 0
Net_id 20
pin_num 4
51 41 0
54 39 0
51 51 0
58 36 0
Net_id 21
pin_num 4
16 1 0
12 1 0
0 10 0
6 19 0
Net_id 22
pin_num 4
54 32 0
48 35 0
51 22 0
44 28 0
Net_id 23
pin_num 4
20 19 0
27 12 0
20 2 0
35 11 0
Net_id 24
pin_num 4
25 15 0
21 24 0
35 23 0
27 20 0
Net_id 25
pin_num 4
46 55 0
44 48 0
27 49 0
43 59 0
Net_id 26
pin_num 4
8 29 0
17 27 0
1 31 0
12 14 0
Net_id 27
pin_num 4
43 15 0
34 9 0
36 23 0
41 2 0
Net_id 28
pin_num 4
31 25 0
20 25 0
30 36 0
28 37 0
Net_id 29
pin_num 4
43 13 0
53 13 0
53 34 0
59 17 0
Net_id 30
pin_num 4
25 27 0
21 18 0
23 5 0
9 0 0
Net_id 31
pin_num 4
58 32 0
49 38 0
58 17 0
59 50 0
Net_id 32
pin_num 4
31 0 0
26 8 0
28 16 0
52 0 0
Net_id 33
pin_num 4
28 19 0
31 21 0
25 13 0
12 9 0
Net_id 34
pin_num 4
30 35 0
31 46 0
23 38 0
29 32 0
Net_id 35
pin_num 4
40 24 0
32 31 0
35 44 0
19 41 0
Net_id 36
pin_num 4
46 27 0
34 25 0
44 7 0
22 18 0
Net_id 37
pin_num 4
51 46 0
48 44 0
28 45 0
36 36 0
Net_id 38
pin_num 4
9 54 0
2 31 0
2 46 0
24 49 0
Net_id 39
pin_num 4
58 34 0
53 45 0
59 58 0
53 54 0
Net_id 40
pin_num 4
19 48 0
34 50 0
26 57 0
40 52 0
Net_id 41
pin_num 3
47 51 0
41 57 0
31 51 0
Net_id 42
pin_num 3
14 12 0
10 2 0
23 0 0
Net_id 43
pin_num 3
10 9 0
5 18 0
0 13 0
Net_id 44
pin_num 3
55 17 0
57 35 0
48 2 0
Net_id 45
pin_num 3
25 57 0
13 59 0
17 58 0
Net_id 46
pin_num 3
23 35 0
18 58 0
0 56 0
Net_id 47
pin_num 3
47 33 0
36 33 0
38 38 0
Net_id 48
pin_num 3
47 19 0
55 26 0
41 25 0
Net_id 49
pin_num 3
41 21 0
51 18 0
59 1 0
Net_id 50
pin_num 3
54 31 0
59 14 0
50 27 0
Net_id 51
pin_num 3
37 4 0
30 1 0
41 5 0
Net_id 52
pin_num 3
1 12 0
6 0 0
5 13 0
Net_id 53
pin_num 3
13 51 0
7 48 0
13 48 0
Net_id 54
pin_num 3
42 37 0
55 18 0
25 17 0
Net_id 55
pin_num 3
14 6 0
30 7 0
45 15 0
Net_id 56
pin_num 3
40 41 0
32 59 0
30 39 0
Net_id 57
pin_num 3
10 24 0
5 14 0
4 1 0
Net_id 58
pin_num 3
34 19 0
24 21 0
27 8 0
Net_id 59
pin_num 3
55 56 0
41 50 0
54 51 0
Net_id 60
pin_num 3
41 14 0
48 17 0
39 1 0
Net_id 61
pin_num 3
16 28 0
10 28 0
28 35 0
Net_id 62
pin_num 3
53 39 0
49 25 0
58 45 0
Net_id 63
pin_num 3
23 17 0
32 20 0
31 33 0
Net_id 64
pin_num 3
51 38 0
50 30 0
53 59 0
Net_id 65
pin_num 3
26 25 0
31 26 0
27 35 0
Net_id 66
pin_num 3
54 3 0
38 21 0
40 13 0
Net_id 67
pin_num 3
7 33 0
0 25 0
18 31 0
Net_id 68
pin_num 3
5 3 0
15 12 0
2 0 0
Net_id 69
pin_num 3
59 5 0
38 1 0
8 11 0
Net_id 70
pin_num 3
9 21 0
16 26 0
18 4 0
Net_id 71
pin_num 3
55 28 0
48 32 0
30 22 0
Net_id 72
pin_num 3
1 43 0
1 52 0
8 59 0
Net_id 73
pin_num 3
10 37 0
9 30 0
14 37 0
Net_id 74
pin_num 3
55 44 0
51 39 0
57 59 0
Net_id 75
pin_num 3
10 3 0
3 7 0
26 5 0
Net_id 76
pin_num 3
30 41 0
17 47 0
7 38 0
Net_id 77
pin_num 3
30 45 0
46 45 0
40 55 0
Net_id 78
pin_num 3
58 54 0
43 55 0
57 37 0
Net_id 79
pin_num 3
57 53 0
40 56 0
46 52 0
Net_id 80
pin_num 3
51 27 0
46 48 0
33 25 0
Net_id 81
pin_num 2
31 56 0
27 54 0
Net_id 82
pin_num 2
16 9 0
11 2 0
Net_id 83
pin_num 2
20 58 0
30 58 0
Net_id 84
pin_num 2
42 55 0
45 43 0
Net_id 85
pin_num 2
27 32 0
15 15 0
Net_id 86
pin_num 2
45 17 0
55 8 0
Net_id 87
pin_num 2
1 36 0
14 42 0
Net_id 88
pin_num 2
57 18 0
55 0 0
Net_id 89
pin_num 2
54 24 0
49 34 0
Net_id 90
pin_num 2
40 42 0
23 29 0
Net_id 91
pin_num 2
7 43 0
20 56 0
Net_id 92
pin_num 2
47 34 0
17 18 0
Net_id 93
pin_num 2
35 36 0
32 34 0
Net_id 94
pin_num 2
31 12 0
26 14 0
Net_id 95
pin_num 2
46 38 0
55 39 0
Net_id 96
pin_num 2
27 44 0
29 45 0
Net_id 97
pin_num 2
52 35 0
52 21 0
Net_id 98
pin_num 2
25 8 0
1 3 0
Net_id 99
pin_num 2
17 26 0
9 15 0
Net_id 100
pin_num 2
46 12 0
55 11 0
Net_id 101
pin_num 2
59 31 0
53 43 0
Net_id 102
pin_num 2
42 29 0
56 39 0
Net_id 103
pin_num 2
12 55 0
3 47 0
Net_id 104
pin_num 2
21 54 0
37 58 0
Net_id 105
pin_num 2
22 46 0
33 47 0
Net_id 106
pin_num 2
0 53 0
7 55 0
Net_id 107
pin_num 2
30 59 0
19 42 0
Net_id 108
pin_num 2
39 13 0
34 40 0
Net_id 109
pin_num 2
41 9 0
59 10 0
Net_id 110
pin_num 2
25 4 0
36 1 0
Net_id 111
pin_num 2
52 48 0
56 50 0
Net_id 112
pin_num 2
34 2 0
47 21 0
Net_id 113
pin_num 2
26 16 0
20 16 0
Net_id 114
pin_num 2
7 12 0
15 3 0
Net_id 115
pin_num 2
44 19 0
46 23 0
Net_id 116
pin_num 2
51 24 0
58 14 0
Net_id 117
pin_num 2
38 34 0
31 10 0
Net_id 118
pin_num 2
48 50 0
45 48 0
Net_id 119
pin_num 2
49 52 0
59 54 0
Net_id 120
pin_num 2
5 53 0
6 59 0
Net_id 121
pin_num 2
43 16 0
35 33 0
Net_id 122
pin_num 2
2 13 0
6 17 0
Net_id 123
pin_num 2
35 21 0
45 36 0
Net_id 124
pin_num 2
45 18 0
52 18 0
Net_id 125
pin_num 2
56 46 0
58 53 0
Net_id 126
pin_num 2
5 56 0
9 42 0
Net_id 127
pin_num 2
16 29 0
13 39 0
Net_id 128
pin_num 2
28 17 0
38 23 0
Net_id 129
pin_num 2
22 56 0
13 52 0
Net_id 130
pin_num 2
30 54 0
27 57 0
Net_id 131
pin_num 2
9 17 0
19 24 0
Net_id 132
pin_num 2
39 50 0
54 29 0
Net_id 133
pin_num 2
10 49 0
23 53 0
Net_id 134
pin_num 2
26 27 0
2 29 0
Net_id 135
pin_num 2
48 14 0
56 36 0
Net_id 136
pin_num 2
24 4 0
21 17 0
Net_id 137
pin_num 2
17 14 0
28 23 0
Net_id 138
pin_num 2
26 22 0
34 30 0
Net_id 139
pin_num 2
10 42 0
22 38 0
Net_id 140
pin_num 2
13 9 0
27 1 0
Net_id 141
pin_num 2
33 50 0
29 53 0
Net_id 142
pin_num 2
8 52 0
0 41 0
Net_id 143
pin_num 2
22 1 0
31 8 0
Net_id 144
pin_num 2
42 11 0
38 16 0
Net_id 145
pin_num 2
50 55 0
49 55 0
Net_id 146
pin_num 2
6 57 0
2 47 0
Net_id 147
pin_num 2
51 44 0
50 57 0
Net_id 148
pin_num 2
43 4 0
30 3 0
Net_id 149
pin_num 2
13 44 0
41 41 0
Net_id 150
pin_num 2
4 43 0
5 42 0
Net_id 151
pin_num 2
15 52 0
8 57 0
Net_id 152
pin_num 2
7 8 0
2 11 0
Net_id 153
pin_num 2
43 35 0
43 23 0
Net_id 154
pin_num 2
10 4 0
6 4 0
Net_id 155
pin_num 2
6 1 0
10 18 0
Net_id 156
pin_num 2
14 17 0
6 6 0
Net_id 157
pin_num 2
49 39 0
48 41 0
Net_id 158
pin_num 2
18 1 0
20 21 0
Net_id 159
pin_num 2
10 44 0
0 40 0
