Width 60
Height 60
Layer 6
Total_WL 7017
Obstacle_num 144
12 46 0 15 47 0
24 57 0 29 58 0
29 15 0 34 16 0
4 4 0 11 5 0
14 0 0 20 1 0
28 40 0 34 41 0
40 19 0 49 20 0
21 3 0 27 4 0
14 39 0 22 40 0
34 12 0 44 13 0
24 54 0 29 55 0
13 1 0 23 2 0
42 13 0 52 14 0
30 46 0 34 47 0
46 7 0 56 8 0
28 22 0 34 23 0
26 5 0 30 6 0
27 28 0 31 29 0
19 56 0 26 57 0
18 21 0 24 22 0
46 26 0 51 27 0
48 18 0 57 19 0
32 8 0 36 9 0
4 26 0 9 27 0
20 16 1 21 23 1
16 19 1 17 27 1
27 21 1 28 31 1
24 21 1 25 29 1
53 39 1 54 49 1
20 41 1 21 45 1
36 34 1 37 40 1
30 13 1 31 21 1
23 0 1 24 6 1
5 22 1 6 30 1
46 27 1 47 35 1
41 38 1 42 46 1
28 34 1 29 44 1
3 7 1 4 17 1
38 32 1 39 37 1
13 46 1 14 53 1
8 47 1 9 57 1
50 35 1 51 41 1
39 45 1 40 51 1
7 27 1 8 36 1
2 25 1 3 30 1
43 45 1 44 48 1
23 7 1 24 13 1
20 26 1 21 34 1
21 17 2 26 18 2
8 56 2 17 57 2
13 26 2 19 27 2
41 51 2 48 52 2
23 30 2 32 31 2
26 47 2 29 48 2
25 52 2 34 53 2
37 51 2 41 52 2
13 55 2 22 56 2
2 21 2 6 22 2
19 16 2 29 17 2
26 10 2 30 11 2
20 42 2 29 43 2
7 46 2 16 47 2
33 4 2 41 5 2
19 27 2 25 28 2
24 25 2 33 26 2
29 43 2 39 44 2
2 48 2 10 49 2
38 30 2 47 31 2
10 24 2 13 25 2
25 55 2 31 56 2
12 31 2 15 32 2
30 23 2 39 24 2
34 48 3 35 57 3
7 45 3 8 49 3
34 36 3 35 40 3
32 32 3 33 36 3
10 1 3 11 7 3
40 43 3 41 52 3
1 11 3 2 17 3
32 42 3 33 49 3
57 25 3 58 32 3
15 9 3 16 14 3
51 52 3 52 59 3
36 9 3 37 19 3
26 47 3 27 55 3
56 43 3 57 51 3
9 8 3 10 15 3
23 42 3 24 50 3
32 17 3 33 27 3
41 1 3 42 5 3
16 20 3 17 26 3
31 2 3 32 11 3
0 32 3 1 41 3
50 3 3 51 8 3
8 51 3 9 59 3
30 29 3 31 32 3
38 5 4 43 6 4
30 7 4 36 8 4
18 0 4 22 1 4
15 55 4 22 56 4
56 57 4 59 58 4
30 0 4 34 1 4
47 20 4 50 21 4
12 27 4 22 28 4
43 45 4 46 46 4
17 35 4 26 36 4
48 53 4 52 54 4
49 16 4 52 17 4
14 32 4 20 33 4
25 53 4 28 54 4
1 12 4 9 13 4
16 4 4 24 5 4
18 10 4 26 11 4
37 10 4 43 11 4
27 11 4 34 12 4
34 18 4 41 19 4
39 40 4 46 41 4
18 23 4 27 24 4
51 12 4 57 13 4
24 6 4 33 7 4
21 6 5 22 15 5
48 25 5 49 29 5
16 52 5 17 56 5
48 48 5 49 55 5
22 0 5 23 3 5
10 30 5 11 38 5
44 28 5 45 35 5
30 42 5 31 45 5
55 0 5 56 4 5
43 15 5 44 22 5
39 47 5 40 53 5
22 34 5 23 42 5
8 8 5 9 11 5
2 47 5 3 57 5
25 14 5 26 19 5
35 2 5 36 9 5
58 11 5 59 15 5
42 32 5 43 41 5
44 10 5 45 15 5
47 17 5 48 21 5
14 7 5 15 10 5
40 4 5 41 11 5
52 21 5 53 27 5
39 24 5 40 30 5
Net_num 160
Net_id 0
pin_num 5
28 45 0
19 42 0
33 42 0
31 45 0
26 59 0
Net_id 1
pin_num 5
22 14 0
24 5 0
24 29 0
25 0 0
47 5 0
Net_id 2
pin_num 5
29 23 0
29 32 0
16 30 0
22 22 0
51 30 0
Net_id 3
pin_num 5
3 0 0
0 1 0
13 0 0
12 6 0
14 6 0
Net_id 4
pin_num 5
28 6 0
11 3 0
7 3 0
24 11 0
13 9 0
Net_id 5
pin_num 5
55 37 0
59 28 0
59 44 0
46 37 0
56 23 0
Net_id 6
pin_num 5
50 47 0
59 58 0
57 36 0
42 55 0
50 42 0
Net_id 7
pin_num 5
8 12 0
17 15 0
13 8 0
13 27 0
7 15 0
Net_id 8
pin_num 5
17 10 0
2 9 0
9 22 0
26 9 0
2 17 0
Net_id 9
pin_num 5
41 4 0
33 12 0
46 8 0
28 0 0
37 1 0
Net_id 10
pin_num 5
6 18 0
2 23 0
19 20 0
2 8 0
18 15 0
Net_id 11
pin_num 5
54 35 0
58 24 0
40 35 0
55 32 0
57 19 0
Net_id 12
pin_num 5
46 40 0
54 36 0
57 52 0
58 40 0
54 31 0
Net_id 13
pin_num 5
11 48 0
25 44 0
14 45 0
25 24 0
23 44 0
Net_id 14
pin_num 5
50 43 0
44 51 0
58 56 0
52 52 0
45 31 0
Net_id 15
pin_num 5
16 50 0
10 59 0
0 58 0
23 53 0
0 57 0
Net_id 16
pin_num 5
32 21 0
25 20 0
43 21 0
26 42 0
19 37 0
Net_id 17
pin_num 5
52 16 0
59 11 0
41 13 0
54 0 0
48 20 0
Net_id 18
pin_num 5
1 9 0
8 2 0
1 12 0
6 3 0
17 2 0
Net_id 19
pin_num 5
54 29 0
59 17 0
55 2 0
52 17 0
59 5 0
Net_id 20
pin_num 5
4 42 0
11 39 0
0 49 0
10 49 0
0 24 0
Net_id 21
pin_num 4
23 48 0
17 48 0
26 43 0
15 31 0
Net_id 22
pin_num 4
52 49 0
42 49 0
33 59 0
16 48 0
Net_id 23
pin_num 4
58 23 0
54 27 0
56 22 0
40 24 0
Net_id 24
pin_num 4
53 24 0
58 36 0
55 54 0
37 32 0
Net_id 25
pin_num 4
44 9 0
37 15 0
50 11 0
27 11 0
Net_id 26
pin_num 4
31 14 0
26 10 0
28 32 0
37 0 0
Net_id 27
pin_num 4
16 26 0
23 20 0
9 34 0
16 16 0
Net_id 28
pin_num 4
25 1 0
19 2 0
32 12 0
35 4 0
Net_id 29
pin_num 4
3 47 0
1 35 0
16 40 0
16 49 0
Net_id 30
pin_num 4
34 49 0
58 41 0
49 41 0
58 45 0
Net_id 31
pin_num 4
57 38 0
44 40 0
50 46 0
34 52 0
Net_id 32
pin_num 4
22 59 0
25 55 0
25 48 0
17 35 0
Net_id 33
pin_num 4
22 8 0
19 15 0
34 19 0
22 0 0
Net_id 34
pin_num 4
5 23 0
3 17 0
11 19 0
0 10 0
Net_id 35
pin_num 4
2 4 0
4 10 0
38 1 0
31 9 0
Net_id 36
pin_num 4
53 13 0
59 1 0
52 0 0
53 14 0
Net_id 37
pin_num 4
21 40 0
22 44 0
18 20 0
29 41 0
Net_id 38
pin_num 4
8 23 0
21 29 0
22 41 0
14 29 0
Net_id 39
pin_num 4
16 42 0
9 41 0
1 41 0
21 52 0
Net_id 40
pin_num 4
57 21 0
53 26 0
54 12 0
59 6 0
Net_id 41
pin_num 4
28 26 0
22 26 0
45 29 0
17 21 0
Net_id 42
pin_num 3
39 17 0
37 44 0
54 59 0
Net_id 43
pin_num 3
8 16 0
16 34 0
7 23 0
Net_id 44
pin_num 3
9 3 0
13 2 0
7 2 0
Net_id 45
pin_num 3
6 52 0
16 31 0
21 36 0
Net_id 46
pin_num 3
41 1 0
38 3 0
54 2 0
Net_id 47
pin_num 3
33 20 0
46 16 0
58 58 0
Net_id 48
pin_num 3
37 10 0
51 11 0
57 5 0
Net_id 49
pin_num 3
40 16 0
49 6 0
32 14 0
Net_id 50
pin_num 3
5 28 0
8 25 0
1 26 0
Net_id 51
pin_num 3
13 38 0
0 50 0
12 9 0
Net_id 52
pin_num 3
16 18 0
31 28 0
6 10 0
Net_id 53
pin_num 3
10 48 0
6 57 0
9 56 0
Net_id 54
pin_num 3
51 39 0
27 40 0
29 48 0
Net_id 55
pin_num 3
5 38 0
3 30 0
1 17 0
Net_id 56
pin_num 3
34 35 0
31 29 0
36 50 0
Net_id 57
pin_num 3
5 17 0
3 43 0
3 25 0
Net_id 58
pin_num 3
36 15 0
27 7 0
33 7 0
Net_id 59
pin_num 3
0 5 0
14 11 0
34 7 0
Net_id 60
pin_num 3
59 25 0
52 25 0
28 25 0
Net_id 61
pin_num 3
36 48 0
30 48 0
30 29 0
Net_id 62
pin_num 3
34 34 0
13 33 0
27 59 0
Net_id 63
pin_num 3
40 29 0
13 29 0
43 31 0
Net_id 64
pin_num 3
29 57 0
45 48 0
32 59 0
Net_id 65
pin_num 3
35 45 0
30 50 0
17 50 0
Net_id 66
pin_num 3
21 7 0
30 27 0
33 16 0
Net_id 67
pin_num 3
25 38 0
49 34 0
54 6 0
Net_id 68
pin_num 3
20 28 0
21 20 0
8 21 0
Net_id 69
pin_num 3
55 31 0
48 29 0
38 18 0
Net_id 70
pin_num 3
37 18 0
20 2 0
11 18 0
Net_id 71
pin_num 3
20 55 0
24 58 0
17 52 0
Net_id 72
pin_num 3
34 2 0
57 15 0
27 15 0
Net_id 73
pin_num 3
14 24 0
1 31 0
23 32 0
Net_id 74
pin_num 3
52 51 0
43 50 0
38 37 0
Net_id 75
pin_num 3
6 19 0
10 34 0
2 40 0
Net_id 76
pin_num 3
33 6 0
47 0 0
46 9 0
Net_id 77
pin_num 3
25 27 0
15 27 0
1 27 0
Net_id 78
pin_num 3
30 58 0
23 39 0
59 59 0
Net_id 79
pin_num 3
29 17 0
34 18 0
33 24 0
Net_id 80
pin_num 3
26 46 0
42 56 0
44 38 0
Net_id 81
pin_num 3
12 47 0
5 37 0
1 54 0
Net_id 82
pin_num 2
39 6 0
22 2 0
Net_id 83
pin_num 2
35 19 0
43 29 0
Net_id 84
pin_num 2
5 21 0
4 15 0
Net_id 85
pin_num 2
24 38 0
24 33 0
Net_id 86
pin_num 2
51 0 0
48 2 0
Net_id 87
pin_num 2
48 31 0
42 23 0
Net_id 88
pin_num 2
38 36 0
34 33 0
Net_id 89
pin_num 2
10 53 0
31 57 0
Net_id 90
pin_num 2
28 51 0
34 32 0
Net_id 91
pin_num 2
31 50 0
46 52 0
Net_id 92
pin_num 2
38 14 0
26 0 0
Net_id 93
pin_num 2
56 49 0
36 54 0
Net_id 94
pin_num 2
43 33 0
54 45 0
Net_id 95
pin_num 2
2 56 0
0 53 0
Net_id 96
pin_num 2
3 12 0
6 14 0
Net_id 97
pin_num 2
44 42 0
39 42 0
Net_id 98
pin_num 2
24 4 0
18 4 0
Net_id 99
pin_num 2
49 14 0
56 1 0
Net_id 100
pin_num 2
1 11 0
19 28 0
Net_id 101
pin_num 2
27 48 0
41 58 0
Net_id 102
pin_num 2
5 56 0
3 55 0
Net_id 103
pin_num 2
52 22 0
53 34 0
Net_id 104
pin_num 2
46 15 0
22 5 0
Net_id 105
pin_num 2
41 9 0
55 1 0
Net_id 106
pin_num 2
18 54 0
26 58 0
Net_id 107
pin_num 2
45 12 0
44 7 0
Net_id 108
pin_num 2
42 20 0
27 3 0
Net_id 109
pin_num 2
30 35 0
9 49 0
Net_id 110
pin_num 2
27 23 0
19 14 0
Net_id 111
pin_num 2
49 4 0
57 1 0
Net_id 112
pin_num 2
33 28 0
46 14 0
Net_id 113
pin_num 2
1 36 0
11 35 0
Net_id 114
pin_num 2
12 35 0
13 37 0
Net_id 115
pin_num 2
38 44 0
55 57 0
Net_id 116
pin_num 2
56 42 0
47 37 0
Net_id 117
pin_num 2
46 45 0
53 27 0
Net_id 118
pin_num 2
45 10 0
38 13 0
Net_id 119
pin_num 2
24 16 0
11 22 0
Net_id 120
pin_num 2
36 46 0
27 58 0
Net_id 121
pin_num 2
31 4 0
25 11 0
Net_id 122
pin_num 2
16 19 0
17 11 0
Net_id 123
pin_num 2
33 54 0
21 58 0
Net_id 124
pin_num 2
7 27 0
11 33 0
Net_id 125
pin_num 2
17 20 0
0 45 0
Net_id 126
pin_num 2
28 33 0
18 5 0
Net_id 127
pin_num 2
8 6 0
15 2 0
Net_id 128
pin_num 2
16 57 0
3 51 0
Net_id 129
pin_num 2
32 36 0
23 34 0
Net_id 130
pin_num 2
20 44 0
14 44 0
Net_id 131
pin_num 2
47 14 0
47 10 0
Net_id 132
pin_num 2
10 55 0
4 58 0
Net_id 133
pin_num 2
16 7 0
23 36 0
Net_id 134
pin_num 2
49 24 0
47 16 0
Net_id 135
pin_num 2
49 45 0
56 21 0
Net_id 136
pin_num 2
19 43 0
5 50 0
Net_id 137
pin_num 2
54 40 0
59 34 0
Net_id 138
pin_num 2
31 20 0
22 15 0
Net_id 139
pin_num 2
18 56 0
2 54 0
Net_id 140
pin_num 2
39 34 0
18 14 0
Net_id 141
pin_num 2
5 30 0
1 48 0
Net_id 142
pin_num 2
0 52 0
7 58 0
Net_id 143
pin_num 2
35 32 0
48 27 0
Net_id 144
pin_num 2
47 22 0
40 22 0
Net_id 145
pin_num 2
42 46 0
42 38 0
Net_id 146
pin_num 2
30 18 0
17 34 0
Net_id 147
pin_num 2
54 53 0
57 54 0
Net_id 148
pin_num 2
33 55 0
48 58 0
Net_id 149
pin_num 2
7 53 0
1 50 0
Net_id 150
pin_num 2
58 57 0
44 54 0
Net_id 151
pin_num 2
36 14 0
33 3 0
Net_id 152
pin_num 2
51 16 0
27 34 0
Net_id 153
pin_num 2
38 22 0
29 39 0
Net_id 154
pin_num 2
15 43 0
3 34 0
Net_id 155
pin_num 2
56 20 0
54 19 0
Net_id 156
pin_num 2
57 48 0
36 42 0
Net_id 157
pin_num 2
9 31 0
1 49 0
Net_id 158
pin_num 2
7 33 0
6 38 0
Net_id 159
pin_num 2
44 53 0
24 50 0
