Width 60
Height 60
Layer 6
Total_WL 6387
Obstacle_num 144
40 0 0 48 1 0
18 46 0 23 47 0
34 54 0 42 55 0
41 25 0 51 26 0
33 55 0 40 56 0
21 27 0 26 28 0
10 44 0 20 45 0
7 6 0 16 7 0
13 13 0 16 14 0
42 42 0 50 43 0
49 39 0 59 40 0
44 49 0 54 50 0
39 16 0 45 17 0
0 27 0 4 28 0
16 15 0 21 16 0
10 9 0 19 10 0
55 47 0 58 48 0
9 2 0 14 3 0
29 4 0 32 5 0
20 29 0 23 30 0
51 23 0 57 24 0
31 23 0 36 24 0
37 29 0 45 30 0
23 10 0 32 11 0
56 7 1 57 16 1
37 18 1 38 21 1
48 49 1 49 56 1
10 51 1 11 59 1
30 42 1 31 49 1
31 7 1 32 12 1
58 36 1 59 41 1
12 17 1 13 26 1
33 5 1 34 10 1
48 1 1 49 9 1
53 21 1 54 31 1
50 6 1 51 15 1
47 54 1 48 57 1
27 3 1 28 7 1
47 8 1 48 12 1
40 30 1 41 33 1
14 2 1 15 10 1
37 13 1 38 17 1
32 18 1 33 26 1
24 40 1 25 49 1
13 14 1 14 24 1
41 7 1 42 17 1
10 29 1 11 39 1
21 12 1 22 20 1
45 56 2 48 57 2
45 9 2 51 10 2
41 48 2 51 49 2
9 16 2 19 17 2
30 9 2 34 10 2
1 1 2 8 2 2
16 46 2 19 47 2
33 31 2 40 32 2
33 48 2 40 49 2
41 35 2 46 36 2
1 53 2 10 54 2
46 40 2 54 41 2
15 38 2 21 39 2
26 56 2 33 57 2
42 31 2 48 32 2
19 5 2 25 6 2
28 29 2 37 30 2
42 25 2 48 26 2
5 26 2 13 27 2
32 36 2 42 37 2
33 30 2 37 31 2
20 10 2 29 11 2
50 24 2 57 25 2
36 1 2 44 2 2
57 54 3 58 58 3
45 43 3 46 50 3
49 52 3 50 59 3
28 33 3 29 36 3
15 14 3 16 24 3
2 53 3 3 58 3
57 10 3 58 15 3
20 37 3 21 47 3
13 23 3 14 33 3
33 42 3 34 47 3
16 45 3 17 48 3
54 14 3 55 18 3
6 39 3 7 48 3
40 30 3 41 34 3
5 36 3 6 46 3
57 34 3 58 42 3
0 31 3 1 39 3
40 50 3 41 55 3
55 39 3 56 42 3
11 40 3 12 47 3
50 11 3 51 21 3
29 22 3 30 28 3
40 2 3 41 6 3
15 3 3 16 9 3
46 53 4 52 54 4
38 25 4 42 26 4
36 0 4 42 1 4
24 53 4 28 54 4
31 22 4 36 23 4
11 50 4 21 51 4
6 41 4 14 42 4
39 22 4 45 23 4
47 16 4 56 17 4
38 3 4 47 4 4
44 48 4 54 49 4
11 27 4 15 28 4
22 17 4 29 18 4
22 7 4 30 8 4
43 23 4 51 24 4
8 53 4 17 54 4
29 37 4 35 38 4
18 55 4 26 56 4
16 49 4 22 50 4
19 24 4 26 25 4
49 43 4 54 44 4
35 44 4 44 45 4
47 2 4 53 3 4
33 18 4 36 19 4
18 9 5 19 19 5
11 45 5 12 52 5
44 0 5 45 10 5
48 35 5 49 38 5
50 20 5 51 26 5
13 39 5 14 43 5
6 44 5 7 52 5
16 35 5 17 40 5
3 30 5 4 34 5
54 19 5 55 26 5
29 45 5 30 52 5
24 17 5 25 27 5
34 41 5 35 47 5
10 30 5 11 37 5
19 20 5 20 24 5
39 48 5 40 54 5
37 31 5 38 37 5
27 19 5 28 25 5
32 24 5 33 28 5
28 22 5 29 27 5
43 38 5 44 42 5
8 5 5 9 15 5
51 28 5 52 31 5
38 19 5 39 25 5
Net_num 160
Net_id 0
pin_num 5
22 59 0
38 57 0
25 54 0
35 51 0
45 59 0
Net_id 1
pin_num 5
26 30 0
26 25 0
15 29 0
22 39 0
16 7 0
Net_id 2
pin_num 5
58 18 0
56 27 0
42 19 0
54 0 0
49 5 0
Net_id 3
pin_num 5
52 3 0
54 2 0
35 2 0
59 17 0
30 2 0
Net_id 4
pin_num 5
41 30 0
52 37 0
52 55 0
38 34 0
59 40 0
Net_id 5
pin_num 5
43 14 0
39 11 0
58 7 0
35 0 0
19 13 0
Net_id 6
pin_num 5
26 1 0
19 4 0
19 16 0
0 12 0
12 1 0
Net_id 7
pin_num 5
58 8 0
42 7 0
57 12 0
53 18 0
57 34 0
Net_id 8
pin_num 5
14 35 0
9 42 0
9 28 0
21 28 0
27 41 0
Net_id 9
pin_num 5
12 7 0
17 8 0
32 4 0
31 0 0
8 2 0
Net_id 10
pin_num 5
40 27 0
36 24 0
55 24 0
55 22 0
51 20 0
Net_id 11
pin_num 5
50 19 0
59 24 0
47 24 0
40 12 0
40 20 0
Net_id 12
pin_num 5
31 50 0
39 41 0
49 45 0
57 41 0
49 59 0
Net_id 13
pin_num 5
32 46 0
36 46 0
33 41 0
29 41 0
51 46 0
Net_id 14
pin_num 5
49 36 0
34 34 0
45 44 0
38 56 0
53 34 0
Net_id 15
pin_num 5
26 44 0
28 51 0
23 33 0
46 44 0
26 43 0
Net_id 16
pin_num 5
51 14 0
58 14 0
54 17 0
53 31 0
56 2 0
Net_id 17
pin_num 5
39 40 0
28 41 0
51 40 0
34 47 0
37 28 0
Net_id 18
pin_num 5
21 18 0
26 8 0
22 34 0
34 38 0
22 7 0
Net_id 19
pin_num 4
53 57 0
56 58 0
40 39 0
45 20 0
Net_id 20
pin_num 4
55 7 0
58 0 0
47 5 0
49 13 0
Net_id 21
pin_num 4
23 15 0
26 16 0
24 32 0
20 6 0
Net_id 22
pin_num 4
58 47 0
53 45 0
50 32 0
57 59 0
Net_id 23
pin_num 4
16 31 0
10 31 0
11 16 0
19 23 0
Net_id 24
pin_num 4
44 18 0
35 18 0
52 24 0
28 15 0
Net_id 25
pin_num 4
8 46 0
0 51 0
17 57 0
8 35 0
Net_id 26
pin_num 4
30 5 0
18 3 0
25 11 0
20 0 0
Net_id 27
pin_num 4
43 51 0
51 51 0
21 59 0
43 47 0
Net_id 28
pin_num 4
39 35 0
27 40 0
44 38 0
20 59 0
Net_id 29
pin_num 4
21 45 0
22 53 0
22 45 0
45 45 0
Net_id 30
pin_num 4
18 31 0
17 10 0
3 21 0
14 0 0
Net_id 31
pin_num 4
28 57 0
33 54 0
41 59 0
14 59 0
Net_id 32
pin_num 4
4 16 0
0 13 0
15 15 0
24 28 0
Net_id 33
pin_num 4
23 42 0
31 42 0
30 53 0
27 48 0
Net_id 34
pin_num 4
52 4 0
58 25 0
38 11 0
51 25 0
Net_id 35
pin_num 4
55 48 0
51 44 0
47 39 0
51 22 0
Net_id 36
pin_num 4
13 27 0
24 24 0
21 6 0
34 11 0
Net_id 37
pin_num 3
48 54 0
55 59 0
43 54 0
Net_id 38
pin_num 3
2 56 0
1 49 0
27 52 0
Net_id 39
pin_num 3
11 12 0
1 18 0
6 0 0
Net_id 40
pin_num 3
35 6 0
43 10 0
51 0 0
Net_id 41
pin_num 3
14 25 0
24 25 0
34 12 0
Net_id 42
pin_num 3
18 39 0
24 30 0
18 1 0
Net_id 43
pin_num 3
24 3 0
15 11 0
9 9 0
Net_id 44
pin_num 3
39 49 0
45 48 0
41 33 0
Net_id 45
pin_num 3
12 50 0
21 54 0
0 45 0
Net_id 46
pin_num 3
34 9 0
23 9 0
17 6 0
Net_id 47
pin_num 3
47 20 0
46 32 0
37 42 0
Net_id 48
pin_num 3
34 5 0
37 10 0
35 26 0
Net_id 49
pin_num 3
39 50 0
21 44 0
57 40 0
Net_id 50
pin_num 3
29 37 0
40 35 0
19 37 0
Net_id 51
pin_num 3
5 45 0
6 35 0
1 48 0
Net_id 52
pin_num 3
8 33 0
0 30 0
24 22 0
Net_id 53
pin_num 3
57 21 0
59 2 0
53 0 0
Net_id 54
pin_num 3
5 42 0
7 48 0
32 47 0
Net_id 55
pin_num 3
12 30 0
0 42 0
14 42 0
Net_id 56
pin_num 3
40 44 0
22 42 0
21 36 0
Net_id 57
pin_num 3
36 56 0
45 57 0
39 42 0
Net_id 58
pin_num 3
53 28 0
54 46 0
25 32 0
Net_id 59
pin_num 3
37 11 0
26 31 0
40 13 0
Net_id 60
pin_num 3
3 0 0
5 5 0
11 10 0
Net_id 61
pin_num 3
51 28 0
53 54 0
42 26 0
Net_id 62
pin_num 3
54 58 0
51 57 0
32 58 0
Net_id 63
pin_num 3
0 22 0
13 12 0
5 12 0
Net_id 64
pin_num 3
30 27 0
38 26 0
13 25 0
Net_id 65
pin_num 3
52 9 0
51 9 0
43 17 0
Net_id 66
pin_num 3
23 32 0
10 26 0
19 51 0
Net_id 67
pin_num 3
37 24 0
43 13 0
49 16 0
Net_id 68
pin_num 3
18 42 0
22 44 0
3 44 0
Net_id 69
pin_num 3
23 6 0
16 0 0
30 1 0
Net_id 70
pin_num 3
40 48 0
42 39 0
48 55 0
Net_id 71
pin_num 3
10 56 0
45 53 0
38 28 0
Net_id 72
pin_num 3
1 7 0
16 1 0
12 29 0
Net_id 73
pin_num 3
33 24 0
44 6 0
24 36 0
Net_id 74
pin_num 3
21 41 0
7 32 0
13 59 0
Net_id 75
pin_num 3
39 17 0
22 40 0
58 27 0
Net_id 76
pin_num 3
8 45 0
11 48 0
1 30 0
Net_id 77
pin_num 3
12 35 0
21 38 0
20 58 0
Net_id 78
pin_num 3
24 50 0
43 39 0
24 58 0
Net_id 79
pin_num 3
33 39 0
28 27 0
44 43 0
Net_id 80
pin_num 2
56 37 0
51 52 0
Net_id 81
pin_num 2
0 36 0
4 35 0
Net_id 82
pin_num 2
55 40 0
52 42 0
Net_id 83
pin_num 2
42 9 0
49 4 0
Net_id 84
pin_num 2
54 22 0
30 16 0
Net_id 85
pin_num 2
39 6 0
43 6 0
Net_id 86
pin_num 2
4 10 0
27 14 0
Net_id 87
pin_num 2
42 55 0
40 51 0
Net_id 88
pin_num 2
27 29 0
36 38 0
Net_id 89
pin_num 2
56 18 0
52 13 0
Net_id 90
pin_num 2
32 31 0
36 31 0
Net_id 91
pin_num 2
15 38 0
2 31 0
Net_id 92
pin_num 2
19 27 0
43 5 0
Net_id 93
pin_num 2
27 53 0
20 55 0
Net_id 94
pin_num 2
19 2 0
3 3 0
Net_id 95
pin_num 2
40 58 0
23 51 0
Net_id 96
pin_num 2
51 31 0
40 42 0
Net_id 97
pin_num 2
39 43 0
35 43 0
Net_id 98
pin_num 2
11 54 0
2 50 0
Net_id 99
pin_num 2
8 57 0
4 57 0
Net_id 100
pin_num 2
20 51 0
21 52 0
Net_id 101
pin_num 2
49 10 0
35 3 0
Net_id 102
pin_num 2
46 37 0
53 33 0
Net_id 103
pin_num 2
19 53 0
15 58 0
Net_id 104
pin_num 2
44 13 0
56 48 0
Net_id 105
pin_num 2
1 20 0
13 0 0
Net_id 106
pin_num 2
47 47 0
52 59 0
Net_id 107
pin_num 2
6 17 0
13 24 0
Net_id 108
pin_num 2
56 5 0
44 14 0
Net_id 109
pin_num 2
12 37 0
2 41 0
Net_id 110
pin_num 2
3 2 0
7 0 0
Net_id 111
pin_num 2
24 23 0
19 20 0
Net_id 112
pin_num 2
58 49 0
48 45 0
Net_id 113
pin_num 2
9 3 0
24 2 0
Net_id 114
pin_num 2
42 44 0
51 53 0
Net_id 115
pin_num 2
56 43 0
48 43 0
Net_id 116
pin_num 2
45 3 0
39 3 0
Net_id 117
pin_num 2
27 35 0
45 52 0
Net_id 118
pin_num 2
5 40 0
0 40 0
Net_id 119
pin_num 2
59 25 0
15 54 0
Net_id 120
pin_num 2
3 48 0
4 48 0
Net_id 121
pin_num 2
41 47 0
26 40 0
Net_id 122
pin_num 2
59 41 0
53 51 0
Net_id 123
pin_num 2
31 6 0
34 3 0
Net_id 124
pin_num 2
7 56 0
15 40 0
Net_id 125
pin_num 2
57 31 0
56 46 0
Net_id 126
pin_num 2
57 51 0
46 47 0
Net_id 127
pin_num 2
10 19 0
16 19 0
Net_id 128
pin_num 2
59 43 0
57 52 0
Net_id 129
pin_num 2
55 56 0
41 51 0
Net_id 130
pin_num 2
34 56 0
24 54 0
Net_id 131
pin_num 2
28 28 0
37 25 0
Net_id 132
pin_num 2
20 38 0
15 30 0
Net_id 133
pin_num 2
25 41 0
18 54 0
Net_id 134
pin_num 2
32 34 0
17 45 0
Net_id 135
pin_num 2
54 54 0
59 59 0
Net_id 136
pin_num 2
10 17 0
3 39 0
Net_id 137
pin_num 2
25 51 0
46 59 0
Net_id 138
pin_num 2
19 34 0
11 33 0
Net_id 139
pin_num 2
15 10 0
1 6 0
Net_id 140
pin_num 2
34 10 0
21 30 0
Net_id 141
pin_num 2
42 10 0
36 8 0
Net_id 142
pin_num 2
56 6 0
58 12 0
Net_id 143
pin_num 2
28 33 0
13 4 0
Net_id 144
pin_num 2
6 22 0
7 29 0
Net_id 145
pin_num 2
1 28 0
14 29 0
Net_id 146
pin_num 2
22 55 0
31 54 0
Net_id 147
pin_num 2
20 2 0
23 3 0
Net_id 148
pin_num 2
18 36 0
20 49 0
Net_id 149
pin_num 2
30 7 0
25 28 0
Net_id 150
pin_num 2
2 12 0
1 10 0
Net_id 151
pin_num 2
23 19 0
34 33 0
Net_id 152
pin_num 2
21 48 0
24 52 0
Net_id 153
pin_num 2
7 11 0
4 4 0
Net_id 154
pin_num 2
17 53 0
21 34 0
Net_id 155
pin_num 2
24 17 0
9 23 0
Net_id 156
pin_num 2
14 10 0
4 2 0
Net_id 157
pin_num 2
3 30 0
0 26 0
Net_id 158
pin_num 2
20 50 0
30 31 0
Net_id 159
pin_num 2
52 14 0
58 26 0
