Width 60
Height 60
Layer 6
Total_WL 6667
Obstacle_num 144
11 31 0 19 32 0
44 13 0 54 14 0
11 0 0 15 1 0
23 53 0 28 54 0
49 34 0 55 35 0
4 18 0 11 19 0
32 52 0 39 53 0
41 17 0 49 18 0
27 7 0 30 8 0
18 9 0 23 10 0
0 43 0 5 44 0
33 9 0 37 10 0
45 58 0 48 59 0
20 0 0 23 1 0
54 56 0 58 57 0
16 51 0 26 52 0
47 4 0 53 5 0
24 49 0 33 50 0
5 51 0 8 52 0
29 22 0 35 23 0
45 5 0 51 6 0
7 38 0 11 39 0
26 13 0 30 14 0
46 15 0 51 16 0
5 53 1 6 58 1
46 1 1 47 10 1
10 8 1 11 17 1
34 33 1 35 39 1
18 29 1 19 34 1
11 18 1 12 23 1
30 41 1 31 46 1
40 3 1 41 7 1
25 39 1 26 48 1
17 7 1 18 10 1
31 18 1 32 21 1
11 23 1 12 29 1
49 48 1 50 56 1
34 46 1 35 55 1
13 41 1 14 45 1
38 27 1 39 35 1
54 42 1 55 46 1
4 45 1 5 55 1
47 42 1 48 50 1
23 22 1 24 29 1
15 35 1 16 42 1
51 41 1 52 46 1
27 31 1 28 39 1
29 5 1 30 8 1
10 32 2 16 33 2
16 21 2 20 22 2
25 37 2 31 38 2
53 41 2 59 42 2
47 36 2 54 37 2
26 3 2 34 4 2
41 4 2 45 5 2
4 23 2 12 24 2
50 32 2 55 33 2
4 1 2 10 2 2
11 31 2 19 32 2
41 45 2 51 46 2
14 48 2 23 49 2
30 27 2 40 28 2
49 22 2 54 23 2
47 42 2 53 43 2
30 4 2 35 5 2
46 55 2 52 56 2
10 28 2 19 29 2
48 54 2 57 55 2
27 32 2 36 33 2
7 7 2 12 8 2
5 56 2 9 57 2
22 23 2 32 24 2
39 38 3 40 44 3
49 4 3 50 7 3
47 19 3 48 22 3
25 44 3 26 49 3
41 22 3 42 25 3
39 14 3 40 20 3
38 55 3 39 58 3
52 20 3 53 25 3
48 15 3 49 18 3
23 56 3 24 59 3
49 15 3 50 19 3
11 3 3 12 12 3
4 17 3 5 25 3
9 49 3 10 53 3
50 38 3 51 44 3
36 7 3 37 15 3
34 49 3 35 53 3
42 7 3 43 17 3
26 1 3 27 6 3
51 12 3 52 20 3
44 18 3 45 21 3
28 33 3 29 42 3
33 3 3 34 6 3
13 4 3 14 13 3
23 54 4 29 55 4
18 56 4 21 57 4
13 39 4 22 40 4
34 5 4 41 6 4
51 4 4 59 5 4
2 0 4 9 1 4
20 58 4 27 59 4
28 49 4 31 50 4
14 2 4 24 3 4
9 34 4 13 35 4
9 42 4 19 43 4
28 11 4 33 12 4
35 1 4 43 2 4
40 26 4 46 27 4
49 53 4 56 54 4
43 25 4 49 26 4
51 58 4 58 59 4
43 42 4 47 43 4
13 7 4 17 8 4
3 36 4 10 37 4
50 32 4 56 33 4
51 31 4 58 32 4
51 47 4 54 48 4
7 40 4 13 41 4
55 44 5 56 48 5
19 43 5 20 47 5
24 25 5 25 32 5
10 52 5 11 57 5
44 2 5 45 12 5
10 26 5 11 36 5
21 41 5 22 45 5
30 2 5 31 10 5
28 21 5 29 29 5
58 11 5 59 16 5
27 30 5 28 40 5
41 5 5 42 10 5
35 41 5 36 47 5
0 30 5 1 34 5
22 9 5 23 12 5
41 33 5 42 38 5
39 23 5 40 26 5
57 3 5 58 9 5
54 38 5 55 43 5
27 22 5 28 25 5
44 27 5 45 37 5
50 47 5 51 54 5
54 29 5 55 33 5
52 21 5 53 28 5
Net_num 161
Net_id 0
pin_num 5
1 30 0
9 32 0
8 52 0
7 34 0
4 42 0
Net_id 1
pin_num 5
8 42 0
2 32 0
23 41 0
4 59 0
11 35 0
Net_id 2
pin_num 5
8 59 0
16 47 0
13 59 0
0 42 0
2 42 0
Net_id 3
pin_num 5
59 39 0
55 39 0
58 18 0
35 39 0
48 48 0
Net_id 4
pin_num 5
0 45 0
10 41 0
5 43 0
15 43 0
4 55 0
Net_id 5
pin_num 5
49 24 0
42 14 0
34 10 0
51 23 0
49 0 0
Net_id 6
pin_num 5
43 54 0
32 48 0
51 48 0
39 52 0
50 55 0
Net_id 7
pin_num 5
14 15 0
13 1 0
26 4 0
16 18 0
28 10 0
Net_id 8
pin_num 5
18 20 0
9 25 0
10 6 0
9 16 0
22 18 0
Net_id 9
pin_num 5
28 11 0
22 20 0
35 14 0
40 0 0
23 8 0
Net_id 10
pin_num 5
6 30 0
13 45 0
25 30 0
8 34 0
33 44 0
Net_id 11
pin_num 5
47 40 0
42 36 0
43 41 0
46 54 0
57 51 0
Net_id 12
pin_num 5
14 32 0
7 25 0
10 35 0
13 50 0
0 27 0
Net_id 13
pin_num 5
0 18 0
2 19 0
0 0 0
0 21 0
1 19 0
Net_id 14
pin_num 5
50 12 0
59 0 0
19 0 0
19 20 0
24 18 0
Net_id 15
pin_num 5
26 2 0
20 17 0
35 3 0
40 17 0
26 7 0
Net_id 16
pin_num 5
56 1 0
51 1 0
51 14 0
43 6 0
39 1 0
Net_id 17
pin_num 5
1 29 0
6 29 0
0 40 0
1 49 0
3 59 0
Net_id 18
pin_num 5
53 23 0
52 38 0
56 31 0
55 34 0
53 59 0
Net_id 19
pin_num 5
35 36 0
32 26 0
33 41 0
49 40 0
54 29 0
Net_id 20
pin_num 5
59 26 0
59 21 0
48 22 0
49 41 0
49 43 0
Net_id 21
pin_num 4
22 27 0
6 31 0
17 47 0
0 22 0
Net_id 22
pin_num 4
15 56 0
8 56 0
7 59 0
0 57 0
Net_id 23
pin_num 4
12 41 0
8 44 0
1 44 0
4 57 0
Net_id 24
pin_num 4
3 25 0
2 26 0
6 28 0
6 36 0
Net_id 25
pin_num 4
31 56 0
31 43 0
31 57 0
15 49 0
Net_id 26
pin_num 4
57 9 0
56 13 0
39 12 0
57 31 0
Net_id 27
pin_num 4
45 31 0
51 25 0
50 21 0
59 27 0
Net_id 28
pin_num 4
12 1 0
4 9 0
0 4 0
7 0 0
Net_id 29
pin_num 4
45 27 0
52 26 0
52 33 0
34 25 0
Net_id 30
pin_num 4
44 18 0
31 26 0
27 42 0
10 42 0
Net_id 31
pin_num 4
38 19 0
30 26 0
33 30 0
48 19 0
Net_id 32
pin_num 4
58 13 0
56 20 0
59 31 0
57 37 0
Net_id 33
pin_num 4
7 3 0
15 8 0
2 16 0
7 15 0
Net_id 34
pin_num 4
26 22 0
30 38 0
5 30 0
10 36 0
Net_id 35
pin_num 4
32 32 0
24 45 0
30 51 0
29 39 0
Net_id 36
pin_num 4
7 49 0
14 47 0
6 40 0
23 46 0
Net_id 37
pin_num 4
39 31 0
44 32 0
44 51 0
26 33 0
Net_id 38
pin_num 4
45 8 0
36 20 0
23 9 0
31 8 0
Net_id 39
pin_num 4
36 27 0
24 22 0
26 37 0
25 1 0
Net_id 40
pin_num 3
5 34 0
22 43 0
7 58 0
Net_id 41
pin_num 3
23 10 0
33 2 0
36 8 0
Net_id 42
pin_num 3
49 6 0
37 20 0
59 19 0
Net_id 43
pin_num 3
20 5 0
12 9 0
5 5 0
Net_id 44
pin_num 3
37 50 0
49 50 0
48 57 0
Net_id 45
pin_num 3
30 30 0
22 1 0
27 1 0
Net_id 46
pin_num 3
46 49 0
37 55 0
37 40 0
Net_id 47
pin_num 3
57 35 0
42 32 0
57 47 0
Net_id 48
pin_num 3
2 7 0
3 1 0
15 1 0
Net_id 49
pin_num 3
34 45 0
25 45 0
25 31 0
Net_id 50
pin_num 3
24 28 0
12 28 0
18 0 0
Net_id 51
pin_num 3
34 32 0
30 31 0
32 42 0
Net_id 52
pin_num 3
38 38 0
30 39 0
24 40 0
Net_id 53
pin_num 3
22 5 0
33 12 0
42 13 0
Net_id 54
pin_num 3
4 21 0
1 23 0
20 23 0
Net_id 55
pin_num 3
1 52 0
9 44 0
21 44 0
Net_id 56
pin_num 3
0 14 0
7 13 0
24 6 0
Net_id 57
pin_num 3
3 51 0
0 47 0
10 52 0
Net_id 58
pin_num 3
8 14 0
6 16 0
13 26 0
Net_id 59
pin_num 3
15 34 0
55 42 0
22 40 0
Net_id 60
pin_num 3
1 3 0
12 20 0
9 12 0
Net_id 61
pin_num 3
36 43 0
45 54 0
43 59 0
Net_id 62
pin_num 3
41 46 0
51 58 0
42 53 0
Net_id 63
pin_num 3
8 25 0
17 16 0
17 0 0
Net_id 64
pin_num 3
57 53 0
59 59 0
36 55 0
Net_id 65
pin_num 3
51 52 0
59 42 0
56 18 0
Net_id 66
pin_num 3
42 30 0
56 42 0
59 40 0
Net_id 67
pin_num 3
28 57 0
39 59 0
12 26 0
Net_id 68
pin_num 3
49 42 0
53 37 0
26 43 0
Net_id 69
pin_num 3
51 6 0
53 2 0
58 1 0
Net_id 70
pin_num 3
24 21 0
31 25 0
47 25 0
Net_id 71
pin_num 3
38 57 0
47 41 0
59 49 0
Net_id 72
pin_num 3
2 54 0
7 33 0
16 56 0
Net_id 73
pin_num 3
0 32 0
1 38 0
5 40 0
Net_id 74
pin_num 3
48 26 0
55 32 0
37 45 0
Net_id 75
pin_num 3
10 10 0
5 11 0
5 4 0
Net_id 76
pin_num 3
46 8 0
55 20 0
29 16 0
Net_id 77
pin_num 3
36 51 0
36 41 0
33 18 0
Net_id 78
pin_num 3
13 40 0
27 50 0
32 41 0
Net_id 79
pin_num 3
48 34 0
34 28 0
8 28 0
Net_id 80
pin_num 3
13 22 0
10 29 0
3 46 0
Net_id 81
pin_num 2
0 36 0
3 30 0
Net_id 82
pin_num 2
25 25 0
19 26 0
Net_id 83
pin_num 2
37 58 0
8 57 0
Net_id 84
pin_num 2
1 37 0
13 37 0
Net_id 85
pin_num 2
37 44 0
50 59 0
Net_id 86
pin_num 2
33 50 0
54 57 0
Net_id 87
pin_num 2
18 19 0
20 19 0
Net_id 88
pin_num 2
41 26 0
37 26 0
Net_id 89
pin_num 2
31 6 0
24 2 0
Net_id 90
pin_num 2
5 47 0
20 57 0
Net_id 91
pin_num 2
36 47 0
49 56 0
Net_id 92
pin_num 2
17 24 0
33 1 0
Net_id 93
pin_num 2
49 10 0
42 37 0
Net_id 94
pin_num 2
35 1 0
43 15 0
Net_id 95
pin_num 2
27 35 0
23 31 0
Net_id 96
pin_num 2
4 24 0
3 18 0
Net_id 97
pin_num 2
16 50 0
8 36 0
Net_id 98
pin_num 2
52 55 0
45 59 0
Net_id 99
pin_num 2
18 22 0
32 15 0
Net_id 100
pin_num 2
22 7 0
12 7 0
Net_id 101
pin_num 2
5 54 0
16 52 0
Net_id 102
pin_num 2
12 39 0
3 49 0
Net_id 103
pin_num 2
18 2 0
23 14 0
Net_id 104
pin_num 2
39 47 0
51 50 0
Net_id 105
pin_num 2
52 43 0
56 43 0
Net_id 106
pin_num 2
22 39 0
14 39 0
Net_id 107
pin_num 2
24 54 0
3 47 0
Net_id 108
pin_num 2
53 31 0
45 28 0
Net_id 109
pin_num 2
35 47 0
28 47 0
Net_id 110
pin_num 2
58 21 0
49 28 0
Net_id 111
pin_num 2
1 47 0
13 29 0
Net_id 112
pin_num 2
27 4 0
31 16 0
Net_id 113
pin_num 2
38 16 0
26 39 0
Net_id 114
pin_num 2
11 8 0
24 1 0
Net_id 115
pin_num 2
29 20 0
15 14 0
Net_id 116
pin_num 2
21 58 0
35 31 0
Net_id 117
pin_num 2
3 36 0
0 37 0
Net_id 118
pin_num 2
58 10 0
56 8 0
Net_id 119
pin_num 2
5 39 0
14 36 0
Net_id 120
pin_num 2
30 35 0
22 37 0
Net_id 121
pin_num 2
24 41 0
32 37 0
Net_id 122
pin_num 2
58 11 0
55 24 0
Net_id 123
pin_num 2
4 5 0
2 17 0
Net_id 124
pin_num 2
58 22 0
46 32 0
Net_id 125
pin_num 2
42 4 0
57 0 0
Net_id 126
pin_num 2
29 48 0
19 40 0
Net_id 127
pin_num 2
58 47 0
48 28 0
Net_id 128
pin_num 2
43 11 0
56 37 0
Net_id 129
pin_num 2
8 19 0
5 28 0
Net_id 130
pin_num 2
17 15 0
2 20 0
Net_id 131
pin_num 2
15 16 0
5 21 0
Net_id 132
pin_num 2
3 20 0
19 11 0
Net_id 133
pin_num 2
18 15 0
41 13 0
Net_id 134
pin_num 2
25 47 0
10 48 0
Net_id 135
pin_num 2
31 55 0
40 41 0
Net_id 136
pin_num 2
45 22 0
40 35 0
Net_id 137
pin_num 2
27 57 0
22 56 0
Net_id 138
pin_num 2
14 22 0
18 45 0
Net_id 139
pin_num 2
30 13 0
52 5 0
Net_id 140
pin_num 2
57 6 0
51 3 0
Net_id 141
pin_num 2
15 26 0
27 12 0
Net_id 142
pin_num 2
43 12 0
58 17 0
Net_id 143
pin_num 2
3 10 0
29 1 0
Net_id 144
pin_num 2
32 8 0
34 7 0
Net_id 145
pin_num 2
19 43 0
22 42 0
Net_id 146
pin_num 2
6 25 0
3 48 0
Net_id 147
pin_num 2
45 15 0
39 9 0
Net_id 148
pin_num 2
44 30 0
54 27 0
Net_id 149
pin_num 2
38 5 0
43 23 0
Net_id 150
pin_num 2
12 36 0
23 40 0
Net_id 151
pin_num 2
20 44 0
20 29 0
Net_id 152
pin_num 2
39 27 0
43 27 0
Net_id 153
pin_num 2
15 18 0
3 7 0
Net_id 154
pin_num 2
30 28 0
21 36 0
Net_id 155
pin_num 2
35 11 0
48 21 0
Net_id 156
pin_num 2
21 49 0
9 46 0
Net_id 157
pin_num 2
47 9 0
22 14 0
Net_id 158
pin_num 2
42 0 0
52 14 0
Net_id 159
pin_num 2
28 54 0
38 51 0
Net_id 160
pin_num 2
4 8 0
8 6 0
