Width 60
Height 60
Layer 6
Total_WL 7161
Obstacle_num 144
40 19 0 47 20 0
7 21 0 10 22 0
12 8 0 18 9 0
35 44 0 42 45 0
49 41 0 55 42 0
4 24 0 9 25 0
50 56 0 53 57 0
39 8 0 45 9 0
42 21 0 47 22 0
27 38 0 36 39 0
43 17 0 47 18 0
17 58 0 20 59 0
35 16 0 45 17 0
11 38 0 20 39 0
13 5 0 17 6 0
22 36 0 28 37 0
31 36 0 36 37 0
7 3 0 14 4 0
9 32 0 15 33 0
33 28 0 37 29 0
26 20 0 31 21 0
19 16 0 29 17 0
3 55 0 8 56 0
29 1 0 38 2 0
2 30 1 3 34 1
45 45 1 46 51 1
55 36 1 56 45 1
23 37 1 24 43 1
29 1 1 30 11 1
8 34 1 9 42 1
13 12 1 14 19 1
6 49 1 7 59 1
4 13 1 5 22 1
11 25 1 12 34 1
16 47 1 17 55 1
13 29 1 14 32 1
38 23 1 39 26 1
34 46 1 35 55 1
37 12 1 38 19 1
19 30 1 20 33 1
50 53 1 51 56 1
11 37 1 12 45 1
20 19 1 21 24 1
35 38 1 36 46 1
54 35 1 55 43 1
2 14 1 3 21 1
0 35 1 1 40 1
58 43 1 59 47 1
28 48 2 32 49 2
26 57 2 33 58 2
22 24 2 26 25 2
9 1 2 15 2 2
22 36 2 25 37 2
14 43 2 19 44 2
46 53 2 52 54 2
45 51 2 52 52 2
39 47 2 47 48 2
6 56 2 12 57 2
47 36 2 52 37 2
7 42 2 13 43 2
23 15 2 29 16 2
28 14 2 36 15 2
24 1 2 28 2 2
26 10 2 33 11 2
47 3 2 56 4 2
37 6 2 40 7 2
36 35 2 40 36 2
53 10 2 56 11 2
0 53 2 8 54 2
32 19 2 37 20 2
39 23 2 47 24 2
24 42 2 29 43 2
39 45 3 40 50 3
33 8 3 34 12 3
55 19 3 56 23 3
41 45 3 42 49 3
30 44 3 31 54 3
44 11 3 45 19 3
31 39 3 32 48 3
38 31 3 39 37 3
32 32 3 33 40 3
11 21 3 12 29 3
50 2 3 51 8 3
38 19 3 39 24 3
25 26 3 26 34 3
48 43 3 49 48 3
0 32 3 1 36 3
31 48 3 32 51 3
9 1 3 10 11 3
48 6 3 49 11 3
10 48 3 11 57 3
53 31 3 54 39 3
58 30 3 59 40 3
22 44 3 23 49 3
20 38 3 21 43 3
41 2 3 42 6 3
17 44 4 22 45 4
12 50 4 17 51 4
29 11 4 33 12 4
50 26 4 59 27 4
37 12 4 40 13 4
18 15 4 28 16 4
25 26 4 29 27 4
26 27 4 31 28 4
9 9 4 19 10 4
48 41 4 57 42 4
6 29 4 14 30 4
21 24 4 31 25 4
10 39 4 15 40 4
32 40 4 39 41 4
0 7 4 10 8 4
4 24 4 8 25 4
22 2 4 32 3 4
32 32 4 39 33 4
37 13 4 45 14 4
12 28 4 22 29 4
30 16 4 34 17 4
22 13 4 28 14 4
24 21 4 29 22 4
1 52 4 10 53 4
13 24 5 14 32 5
44 0 5 45 3 5
49 34 5 50 43 5
44 9 5 45 19 5
47 36 5 48 41 5
34 41 5 35 48 5
17 24 5 18 29 5
2 45 5 3 49 5
38 6 5 39 11 5
41 7 5 42 17 5
2 51 5 3 59 5
30 25 5 31 30 5
50 29 5 51 34 5
20 27 5 21 36 5
21 4 5 22 11 5
28 40 5 29 44 5
21 37 5 22 47 5
32 55 5 33 59 5
32 48 5 33 54 5
44 41 5 45 48 5
52 27 5 53 34 5
1 41 5 2 49 5
50 43 5 51 50 5
23 40 5 24 47 5
Net_num 163
Net_id 0
pin_num 5
9 29 0
6 30 0
10 34 0
4 33 0
1 35 0
Net_id 1
pin_num 5
59 42 0
47 42 0
23 42 0
58 23 0
38 34 0
Net_id 2
pin_num 5
37 48 0
50 48 0
46 40 0
35 46 0
48 59 0
Net_id 3
pin_num 5
37 56 0
33 57 0
47 46 0
38 59 0
26 53 0
Net_id 4
pin_num 5
10 24 0
9 12 0
17 13 0
13 20 0
9 37 0
Net_id 5
pin_num 5
21 52 0
27 52 0
26 49 0
25 35 0
7 47 0
Net_id 6
pin_num 5
24 50 0
13 48 0
40 50 0
20 46 0
30 59 0
Net_id 7
pin_num 5
33 21 0
25 17 0
26 0 0
27 7 0
41 1 0
Net_id 8
pin_num 5
22 1 0
22 7 0
26 3 0
16 0 0
26 24 0
Net_id 9
pin_num 5
9 49 0
3 36 0
3 52 0
6 38 0
0 56 0
Net_id 10
pin_num 5
9 39 0
0 42 0
9 42 0
2 36 0
12 37 0
Net_id 11
pin_num 5
1 38 0
10 43 0
19 41 0
16 31 0
16 39 0
Net_id 12
pin_num 5
39 33 0
41 34 0
40 40 0
37 38 0
38 43 0
Net_id 13
pin_num 5
0 4 0
5 15 0
15 1 0
15 22 0
0 5 0
Net_id 14
pin_num 5
14 6 0
33 5 0
42 6 0
23 0 0
31 26 0
Net_id 15
pin_num 5
11 28 0
16 30 0
14 40 0
15 49 0
16 45 0
Net_id 16
pin_num 5
34 30 0
18 32 0
24 48 0
21 25 0
44 30 0
Net_id 17
pin_num 5
53 13 0
57 6 0
56 2 0
41 0 0
57 1 0
Net_id 18
pin_num 5
23 31 0
17 30 0
17 26 0
45 30 0
23 17 0
Net_id 19
pin_num 5
17 16 0
9 16 0
18 24 0
22 18 0
21 22 0
Net_id 20
pin_num 5
51 24 0
48 43 0
50 20 0
59 43 0
56 41 0
Net_id 21
pin_num 5
14 23 0
25 34 0
29 34 0
25 14 0
28 39 0
Net_id 22
pin_num 4
12 1 0
18 7 0
33 2 0
1 6 0
Net_id 23
pin_num 4
55 10 0
57 31 0
41 7 0
57 53 0
Net_id 24
pin_num 4
28 33 0
37 41 0
31 56 0
59 41 0
Net_id 25
pin_num 4
22 46 0
29 46 0
29 52 0
18 59 0
Net_id 26
pin_num 4
55 37 0
58 22 0
59 32 0
51 37 0
Net_id 27
pin_num 4
10 50 0
6 59 0
0 53 0
8 43 0
Net_id 28
pin_num 4
3 15 0
3 20 0
7 35 0
23 35 0
Net_id 29
pin_num 4
26 1 0
30 0 0
40 11 0
28 17 0
Net_id 30
pin_num 4
55 11 0
56 16 0
56 29 0
55 0 0
Net_id 31
pin_num 4
46 3 0
55 1 0
47 0 0
59 17 0
Net_id 32
pin_num 4
21 30 0
24 38 0
24 53 0
18 49 0
Net_id 33
pin_num 4
49 17 0
43 10 0
45 16 0
48 15 0
Net_id 34
pin_num 4
46 12 0
45 20 0
55 15 0
47 21 0
Net_id 35
pin_num 4
37 29 0
31 29 0
36 12 0
43 14 0
Net_id 36
pin_num 4
50 8 0
50 29 0
33 13 0
41 22 0
Net_id 37
pin_num 4
44 10 0
55 5 0
58 8 0
51 0 0
Net_id 38
pin_num 4
37 2 0
46 0 0
56 9 0
39 20 0
Net_id 39
pin_num 4
55 40 0
46 52 0
40 59 0
44 51 0
Net_id 40
pin_num 4
12 24 0
13 25 0
13 33 0
24 33 0
Net_id 41
pin_num 4
28 37 0
19 36 0
24 19 0
34 21 0
Net_id 42
pin_num 4
1 24 0
7 20 0
12 34 0
12 31 0
Net_id 43
pin_num 4
9 14 0
27 17 0
22 19 0
18 9 0
Net_id 44
pin_num 3
23 49 0
38 37 0
18 42 0
Net_id 45
pin_num 3
55 31 0
42 31 0
57 54 0
Net_id 46
pin_num 3
30 41 0
36 43 0
32 55 0
Net_id 47
pin_num 3
10 15 0
1 21 0
0 1 0
Net_id 48
pin_num 3
8 22 0
27 40 0
59 44 0
Net_id 49
pin_num 3
17 40 0
1 48 0
46 39 0
Net_id 50
pin_num 3
25 0 0
11 10 0
27 33 0
Net_id 51
pin_num 3
1 37 0
6 34 0
2 46 0
Net_id 52
pin_num 3
12 30 0
14 24 0
17 21 0
Net_id 53
pin_num 3
44 3 0
55 4 0
39 1 0
Net_id 54
pin_num 3
56 38 0
47 29 0
27 18 0
Net_id 55
pin_num 3
11 44 0
25 33 0
15 59 0
Net_id 56
pin_num 3
33 8 0
58 4 0
58 17 0
Net_id 57
pin_num 3
58 29 0
53 32 0
17 32 0
Net_id 58
pin_num 3
3 6 0
1 23 0
10 18 0
Net_id 59
pin_num 3
45 18 0
49 23 0
40 22 0
Net_id 60
pin_num 3
54 48 0
41 50 0
47 40 0
Net_id 61
pin_num 3
49 11 0
59 24 0
51 29 0
Net_id 62
pin_num 3
2 43 0
9 43 0
4 44 0
Net_id 63
pin_num 3
42 12 0
53 6 0
34 25 0
Net_id 64
pin_num 3
17 14 0
26 5 0
25 1 0
Net_id 65
pin_num 3
57 58 0
58 55 0
46 38 0
Net_id 66
pin_num 3
30 48 0
48 49 0
44 58 0
Net_id 67
pin_num 3
3 30 0
13 34 0
1 26 0
Net_id 68
pin_num 3
55 56 0
47 43 0
56 59 0
Net_id 69
pin_num 3
54 6 0
54 0 0
58 14 0
Net_id 70
pin_num 3
2 44 0
5 46 0
4 32 0
Net_id 71
pin_num 3
14 53 0
18 57 0
27 59 0
Net_id 72
pin_num 3
35 52 0
48 35 0
47 52 0
Net_id 73
pin_num 3
30 26 0
23 25 0
32 22 0
Net_id 74
pin_num 3
47 11 0
46 1 0
42 3 0
Net_id 75
pin_num 3
26 8 0
46 26 0
49 8 0
Net_id 76
pin_num 3
24 13 0
31 11 0
18 15 0
Net_id 77
pin_num 3
22 59 0
6 48 0
7 38 0
Net_id 78
pin_num 3
3 13 0
0 25 0
8 0 0
Net_id 79
pin_num 3
22 38 0
21 21 0
17 5 0
Net_id 80
pin_num 3
57 18 0
52 15 0
29 22 0
Net_id 81
pin_num 3
41 41 0
56 8 0
52 27 0
Net_id 82
pin_num 3
52 37 0
50 30 0
52 35 0
Net_id 83
pin_num 2
44 14 0
57 4 0
Net_id 84
pin_num 2
34 11 0
48 4 0
Net_id 85
pin_num 2
56 46 0
44 45 0
Net_id 86
pin_num 2
22 45 0
40 58 0
Net_id 87
pin_num 2
14 35 0
4 36 0
Net_id 88
pin_num 2
41 23 0
19 25 0
Net_id 89
pin_num 2
39 40 0
29 37 0
Net_id 90
pin_num 2
9 34 0
12 21 0
Net_id 91
pin_num 2
4 5 0
6 1 0
Net_id 92
pin_num 2
28 35 0
37 36 0
Net_id 93
pin_num 2
36 15 0
54 43 0
Net_id 94
pin_num 2
18 12 0
13 4 0
Net_id 95
pin_num 2
8 14 0
0 11 0
Net_id 96
pin_num 2
40 51 0
17 54 0
Net_id 97
pin_num 2
32 15 0
40 26 0
Net_id 98
pin_num 2
13 22 0
20 25 0
Net_id 99
pin_num 2
52 54 0
59 56 0
Net_id 100
pin_num 2
33 40 0
28 44 0
Net_id 101
pin_num 2
41 3 0
7 2 0
Net_id 102
pin_num 2
9 58 0
3 58 0
Net_id 103
pin_num 2
13 46 0
8 46 0
Net_id 104
pin_num 2
17 39 0
38 29 0
Net_id 105
pin_num 2
1 34 0
18 41 0
Net_id 106
pin_num 2
52 58 0
42 53 0
Net_id 107
pin_num 2
11 8 0
3 12 0
Net_id 108
pin_num 2
50 6 0
42 0 0
Net_id 109
pin_num 2
40 53 0
43 58 0
Net_id 110
pin_num 2
33 46 0
59 51 0
Net_id 111
pin_num 2
58 1 0
44 6 0
Net_id 112
pin_num 2
31 9 0
19 9 0
Net_id 113
pin_num 2
19 43 0
33 34 0
Net_id 114
pin_num 2
24 49 0
25 30 0
Net_id 115
pin_num 2
11 43 0
19 57 0
Net_id 116
pin_num 2
10 27 0
0 27 0
Net_id 117
pin_num 2
28 30 0
42 20 0
Net_id 118
pin_num 2
13 53 0
5 32 0
Net_id 119
pin_num 2
51 28 0
56 44 0
Net_id 120
pin_num 2
47 58 0
29 44 0
Net_id 121
pin_num 2
18 28 0
8 20 0
Net_id 122
pin_num 2
8 52 0
4 51 0
Net_id 123
pin_num 2
4 18 0
0 3 0
Net_id 124
pin_num 2
44 18 0
37 10 0
Net_id 125
pin_num 2
56 19 0
53 43 0
Net_id 126
pin_num 2
18 5 0
34 9 0
Net_id 127
pin_num 2
21 7 0
13 6 0
Net_id 128
pin_num 2
59 26 0
48 32 0
Net_id 129
pin_num 2
8 4 0
30 4 0
Net_id 130
pin_num 2
53 53 0
43 20 0
Net_id 131
pin_num 2
0 2 0
12 18 0
Net_id 132
pin_num 2
43 56 0
34 40 0
Net_id 133
pin_num 2
1 2 0
15 26 0
Net_id 134
pin_num 2
29 31 0
43 26 0
Net_id 135
pin_num 2
46 35 0
33 18 0
Net_id 136
pin_num 2
13 10 0
34 26 0
Net_id 137
pin_num 2
0 51 0
20 55 0
Net_id 138
pin_num 2
10 51 0
10 55 0
Net_id 139
pin_num 2
12 11 0
37 5 0
Net_id 140
pin_num 2
48 24 0
56 13 0
Net_id 141
pin_num 2
57 16 0
31 5 0
Net_id 142
pin_num 2
15 41 0
31 28 0
Net_id 143
pin_num 2
59 15 0
31 4 0
Net_id 144
pin_num 2
4 31 0
4 22 0
Net_id 145
pin_num 2
31 15 0
7 4 0
Net_id 146
pin_num 2
36 57 0
26 55 0
Net_id 147
pin_num 2
52 50 0
55 47 0
Net_id 148
pin_num 2
26 54 0
19 56 0
Net_id 149
pin_num 2
34 2 0
41 9 0
Net_id 150
pin_num 2
41 27 0
37 32 0
Net_id 151
pin_num 2
30 12 0
44 20 0
Net_id 152
pin_num 2
19 28 0
20 29 0
Net_id 153
pin_num 2
4 41 0
2 35 0
Net_id 154
pin_num 2
15 45 0
9 38 0
Net_id 155
pin_num 2
20 45 0
36 36 0
Net_id 156
pin_num 2
54 19 0
52 32 0
Net_id 157
pin_num 2
14 3 0
44 5 0
Net_id 158
pin_num 2
44 56 0
55 17 0
Net_id 159
pin_num 2
13 49 0
9 59 0
Net_id 160
pin_num 2
31 58 0
40 55 0
Net_id 161
pin_num 2
38 41 0
49 57 0
Net_id 162
pin_num 2
51 52 0
48 50 0
