Width 60
Height 60
Layer 6
Total_WL 6356
Obstacle_num 144
4 43 0 12 44 0
10 3 0 14 4 0
8 39 0 15 40 0
44 7 0 49 8 0
28 53 0 35 54 0
23 30 0 30 31 0
24 16 0 29 17 0
2 45 0 8 46 0
50 55 0 56 56 0
33 49 0 38 50 0
39 20 0 48 21 0
28 50 0 34 51 0
25 35 0 28 36 0
3 7 0 10 8 0
51 30 0 57 31 0
5 56 0 13 57 0
10 33 0 20 34 0
36 32 0 43 33 0
47 57 0 57 58 0
25 32 0 28 33 0
43 35 0 49 36 0
16 23 0 22 24 0
2 53 0 8 54 0
44 51 0 52 52 0
49 0 1 50 8 1
41 1 1 42 8 1
19 47 1 20 51 1
39 32 1 40 36 1
17 49 1 18 58 1
50 5 1 51 10 1
45 43 1 46 51 1
12 29 1 13 32 1
12 12 1 13 21 1
25 2 1 26 9 1
25 22 1 26 31 1
14 49 1 15 53 1
38 50 1 39 54 1
55 12 1 56 22 1
11 48 1 12 58 1
47 37 1 48 47 1
52 32 1 53 39 1
56 11 1 57 18 1
42 39 1 43 47 1
38 7 1 39 14 1
30 29 1 31 35 1
26 47 1 27 53 1
44 44 1 45 53 1
21 11 1 22 21 1
11 56 2 14 57 2
8 2 2 11 3 2
22 49 2 26 50 2
26 31 2 29 32 2
29 14 2 37 15 2
8 15 2 18 16 2
39 1 2 45 2 2
15 46 2 22 47 2
45 17 2 52 18 2
26 6 2 29 7 2
28 52 2 33 53 2
0 24 2 8 25 2
33 53 2 36 54 2
28 32 2 35 33 2
11 39 2 18 40 2
6 51 2 12 52 2
26 11 2 32 12 2
30 26 2 33 27 2
3 12 2 10 13 2
36 15 2 46 16 2
46 16 2 51 17 2
33 40 2 38 41 2
20 28 2 29 29 2
18 36 2 21 37 2
48 49 3 49 57 3
25 17 3 26 24 3
11 1 3 12 10 3
35 8 3 36 14 3
43 12 3 44 18 3
6 30 3 7 34 3
1 27 3 2 34 3
32 1 3 33 11 3
6 22 3 7 26 3
7 6 3 8 16 3
4 4 3 5 13 3
41 47 3 42 52 3
46 7 3 47 17 3
53 0 3 54 7 3
10 50 3 11 55 3
4 46 3 5 53 3
27 7 3 28 16 3
45 23 3 46 29 3
13 29 3 14 37 3
32 27 3 33 32 3
56 21 3 57 24 3
17 38 3 18 43 3
8 0 3 9 7 3
35 54 3 36 57 3
25 31 4 30 32 4
27 52 4 30 53 4
52 52 4 58 53 4
7 53 4 17 54 4
34 0 4 41 1 4
44 19 4 53 20 4
40 10 4 50 11 4
48 12 4 54 13 4
49 24 4 53 25 4
46 38 4 52 39 4
46 31 4 53 32 4
37 53 4 42 54 4
45 2 4 54 3 4
41 58 4 47 59 4
18 54 4 22 55 4
50 57 4 56 58 4
48 13 4 56 14 4
4 24 4 14 25 4
9 21 4 19 22 4
32 48 4 38 49 4
23 24 4 28 25 4
48 47 4 52 48 4
46 39 4 51 40 4
6 13 4 14 14 4
31 3 5 32 6 5
13 46 5 14 55 5
18 39 5 19 42 5
43 37 5 44 43 5
33 48 5 34 57 5
33 4 5 34 14 5
52 17 5 53 21 5
9 32 5 10 36 5
10 37 5 11 45 5
47 53 5 48 56 5
3 19 5 4 29 5
46 35 5 47 41 5
24 31 5 25 39 5
1 11 5 2 16 5
27 45 5 28 48 5
21 29 5 22 32 5
12 27 5 13 30 5
5 50 5 6 53 5
30 13 5 31 21 5
49 47 5 50 56 5
45 41 5 46 47 5
28 24 5 29 28 5
7 21 5 8 24 5
6 36 5 7 46 5
Net_num 159
Net_id 0
pin_num 5
15 31 0
7 29 0
7 13 0
0 14 0
28 27 0
Net_id 1
pin_num 5
52 41 0
56 40 0
43 40 0
57 39 0
53 26 0
Net_id 2
pin_num 5
38 19 0
34 22 0
56 19 0
36 24 0
51 6 0
Net_id 3
pin_num 5
56 51 0
59 52 0
51 59 0
58 38 0
54 46 0
Net_id 4
pin_num 5
52 4 0
44 5 0
45 17 0
28 12 0
33 4 0
Net_id 5
pin_num 5
28 45 0
34 33 0
17 34 0
23 16 0
21 52 0
Net_id 6
pin_num 5
30 16 0
24 29 0
19 24 0
16 17 0
1 26 0
Net_id 7
pin_num 5
2 15 0
15 15 0
5 2 0
8 21 0
7 0 0
Net_id 8
pin_num 5
8 42 0
17 40 0
40 40 0
20 22 0
39 59 0
Net_id 9
pin_num 5
34 8 0
37 5 0
37 14 0
36 29 0
43 29 0
Net_id 10
pin_num 5
22 14 0
28 14 0
18 14 0
26 6 0
24 2 0
Net_id 11
pin_num 5
21 49 0
28 49 0
28 35 0
18 59 0
0 49 0
Net_id 12
pin_num 5
46 58 0
26 57 0
46 52 0
37 57 0
38 39 0
Net_id 13
pin_num 5
16 39 0
1 44 0
4 36 0
26 37 0
12 59 0
Net_id 14
pin_num 5
45 16 0
57 20 0
48 34 0
59 23 0
59 27 0
Net_id 15
pin_num 5
7 23 0
3 16 0
4 25 0
19 16 0
4 33 0
Net_id 16
pin_num 5
53 9 0
54 7 0
57 12 0
35 7 0
53 8 0
Net_id 17
pin_num 5
0 55 0
5 57 0
5 55 0
17 55 0
25 56 0
Net_id 18
pin_num 5
31 39 0
43 43 0
44 36 0
37 56 0
26 36 0
Net_id 19
pin_num 5
42 59 0
46 57 0
52 51 0
40 54 0
41 53 0
Net_id 20
pin_num 5
29 33 0
49 31 0
39 18 0
22 30 0
35 59 0
Net_id 21
pin_num 4
29 49 0
33 48 0
33 25 0
21 37 0
Net_id 22
pin_num 4
59 54 0
51 52 0
47 50 0
57 52 0
Net_id 23
pin_num 4
27 34 0
24 26 0
25 46 0
43 38 0
Net_id 24
pin_num 4
49 26 0
57 30 0
54 10 0
51 41 0
Net_id 25
pin_num 4
11 41 0
24 38 0
30 48 0
22 58 0
Net_id 26
pin_num 4
20 30 0
21 35 0
0 33 0
18 15 0
Net_id 27
pin_num 4
44 38 0
58 36 0
57 50 0
50 59 0
Net_id 28
pin_num 4
48 25 0
44 31 0
54 36 0
50 29 0
Net_id 29
pin_num 4
30 39 0
24 45 0
7 42 0
19 39 0
Net_id 30
pin_num 4
8 57 0
7 38 0
0 42 0
0 54 0
Net_id 31
pin_num 4
11 28 0
12 11 0
6 11 0
8 1 0
Net_id 32
pin_num 4
59 7 0
55 11 0
56 22 0
42 15 0
Net_id 33
pin_num 4
38 23 0
46 23 0
53 42 0
56 31 0
Net_id 34
pin_num 4
24 9 0
32 10 0
14 10 0
40 10 0
Net_id 35
pin_num 4
4 44 0
6 34 0
45 30 0
16 34 0
Net_id 36
pin_num 4
51 32 0
45 39 0
50 11 0
27 21 0
Net_id 37
pin_num 4
24 37 0
26 45 0
19 31 0
21 47 0
Net_id 38
pin_num 4
17 45 0
9 41 0
6 54 0
0 58 0
Net_id 39
pin_num 4
53 27 0
59 28 0
50 28 0
59 30 0
Net_id 40
pin_num 4
4 28 0
8 37 0
10 25 0
19 36 0
Net_id 41
pin_num 3
2 57 0
19 58 0
4 46 0
Net_id 42
pin_num 3
43 6 0
58 0 0
40 6 0
Net_id 43
pin_num 3
42 55 0
48 55 0
25 47 0
Net_id 44
pin_num 3
0 36 0
19 15 0
32 15 0
Net_id 45
pin_num 3
25 2 0
37 2 0
36 14 0
Net_id 46
pin_num 3
31 37 0
28 41 0
16 53 0
Net_id 47
pin_num 3
23 15 0
38 18 0
26 31 0
Net_id 48
pin_num 3
35 12 0
33 1 0
19 7 0
Net_id 49
pin_num 3
24 13 0
20 11 0
23 0 0
Net_id 50
pin_num 3
3 56 0
8 54 0
2 30 0
Net_id 51
pin_num 3
34 23 0
51 29 0
58 23 0
Net_id 52
pin_num 3
2 21 0
4 14 0
5 31 0
Net_id 53
pin_num 3
46 13 0
42 5 0
42 34 0
Net_id 54
pin_num 3
44 11 0
53 20 0
58 4 0
Net_id 55
pin_num 3
4 18 0
16 27 0
15 34 0
Net_id 56
pin_num 3
9 29 0
27 45 0
16 35 0
Net_id 57
pin_num 3
8 45 0
8 40 0
27 43 0
Net_id 58
pin_num 3
43 41 0
35 44 0
20 42 0
Net_id 59
pin_num 3
30 13 0
31 18 0
35 8 0
Net_id 60
pin_num 3
58 21 0
54 37 0
16 36 0
Net_id 61
pin_num 3
55 8 0
41 9 0
23 9 0
Net_id 62
pin_num 3
34 13 0
33 22 0
40 41 0
Net_id 63
pin_num 3
2 5 0
32 11 0
22 0 0
Net_id 64
pin_num 3
25 59 0
12 40 0
22 29 0
Net_id 65
pin_num 3
37 12 0
42 11 0
41 39 0
Net_id 66
pin_num 3
34 24 0
37 20 0
40 38 0
Net_id 67
pin_num 3
15 54 0
9 52 0
4 35 0
Net_id 68
pin_num 3
59 26 0
49 8 0
59 1 0
Net_id 69
pin_num 3
59 47 0
49 46 0
40 46 0
Net_id 70
pin_num 3
28 54 0
20 48 0
43 50 0
Net_id 71
pin_num 3
58 6 0
46 5 0
41 0 0
Net_id 72
pin_num 3
55 12 0
42 2 0
15 4 0
Net_id 73
pin_num 3
23 38 0
18 43 0
37 26 0
Net_id 74
pin_num 3
11 30 0
3 33 0
6 3 0
Net_id 75
pin_num 3
59 42 0
53 44 0
55 49 0
Net_id 76
pin_num 3
2 11 0
7 4 0
9 13 0
Net_id 77
pin_num 3
18 57 0
9 50 0
12 51 0
Net_id 78
pin_num 3
29 55 0
32 55 0
33 52 0
Net_id 79
pin_num 3
48 37 0
58 20 0
55 58 0
Net_id 80
pin_num 2
49 39 0
40 50 0
Net_id 81
pin_num 2
41 25 0
29 35 0
Net_id 82
pin_num 2
58 24 0
58 25 0
Net_id 83
pin_num 2
7 51 0
15 58 0
Net_id 84
pin_num 2
20 20 0
43 28 0
Net_id 85
pin_num 2
47 39 0
58 58 0
Net_id 86
pin_num 2
17 59 0
18 56 0
Net_id 87
pin_num 2
40 37 0
31 45 0
Net_id 88
pin_num 2
42 27 0
32 29 0
Net_id 89
pin_num 2
39 28 0
55 10 0
Net_id 90
pin_num 2
29 46 0
23 51 0
Net_id 91
pin_num 2
30 12 0
25 12 0
Net_id 92
pin_num 2
14 17 0
19 1 0
Net_id 93
pin_num 2
29 47 0
43 30 0
Net_id 94
pin_num 2
44 34 0
47 22 0
Net_id 95
pin_num 2
3 38 0
27 44 0
Net_id 96
pin_num 2
15 29 0
3 35 0
Net_id 97
pin_num 2
51 39 0
46 37 0
Net_id 98
pin_num 2
15 3 0
1 6 0
Net_id 99
pin_num 2
36 50 0
46 41 0
Net_id 100
pin_num 2
48 32 0
31 29 0
Net_id 101
pin_num 2
19 46 0
11 40 0
Net_id 102
pin_num 2
58 48 0
49 59 0
Net_id 103
pin_num 2
10 10 0
1 11 0
Net_id 104
pin_num 2
47 18 0
23 52 0
Net_id 105
pin_num 2
39 22 0
45 28 0
Net_id 106
pin_num 2
51 31 0
57 49 0
Net_id 107
pin_num 2
3 14 0
20 19 0
Net_id 108
pin_num 2
31 4 0
20 18 0
Net_id 109
pin_num 2
17 4 0
30 0 0
Net_id 110
pin_num 2
21 5 0
4 3 0
Net_id 111
pin_num 2
40 47 0
28 43 0
Net_id 112
pin_num 2
14 58 0
8 50 0
Net_id 113
pin_num 2
30 23 0
41 45 0
Net_id 114
pin_num 2
46 33 0
40 33 0
Net_id 115
pin_num 2
36 6 0
39 3 0
Net_id 116
pin_num 2
32 24 0
18 35 0
Net_id 117
pin_num 2
22 2 0
3 20 0
Net_id 118
pin_num 2
0 37 0
12 28 0
Net_id 119
pin_num 2
35 46 0
57 40 0
Net_id 120
pin_num 2
28 33 0
10 38 0
Net_id 121
pin_num 2
13 7 0
7 8 0
Net_id 122
pin_num 2
14 36 0
17 31 0
Net_id 123
pin_num 2
28 55 0
23 53 0
Net_id 124
pin_num 2
43 47 0
33 46 0
Net_id 125
pin_num 2
53 23 0
49 24 0
Net_id 126
pin_num 2
18 54 0
22 54 0
Net_id 127
pin_num 2
23 21 0
3 18 0
Net_id 128
pin_num 2
22 16 0
8 14 0
Net_id 129
pin_num 2
14 12 0
2 16 0
Net_id 130
pin_num 2
48 49 0
34 48 0
Net_id 131
pin_num 2
53 45 0
39 57 0
Net_id 132
pin_num 2
4 22 0
2 43 0
Net_id 133
pin_num 2
53 58 0
43 57 0
Net_id 134
pin_num 2
28 34 0
40 14 0
Net_id 135
pin_num 2
35 5 0
32 0 0
Net_id 136
pin_num 2
15 24 0
22 1 0
Net_id 137
pin_num 2
9 25 0
4 27 0
Net_id 138
pin_num 2
9 14 0
15 26 0
Net_id 139
pin_num 2
53 24 0
49 48 0
Net_id 140
pin_num 2
52 27 0
46 3 0
Net_id 141
pin_num 2
1 23 0
3 25 0
Net_id 142
pin_num 2
35 45 0
43 52 0
Net_id 143
pin_num 2
10 13 0
12 21 0
Net_id 144
pin_num 2
1 46 0
13 36 0
Net_id 145
pin_num 2
14 8 0
22 8 0
Net_id 146
pin_num 2
56 18 0
56 2 0
Net_id 147
pin_num 2
35 33 0
29 43 0
Net_id 148
pin_num 2
51 13 0
58 2 0
Net_id 149
pin_num 2
43 58 0
32 54 0
Net_id 150
pin_num 2
17 15 0
13 6 0
Net_id 151
pin_num 2
32 16 0
56 33 0
Net_id 152
pin_num 2
10 20 0
7 35 0
Net_id 153
pin_num 2
57 31 0
55 51 0
Net_id 154
pin_num 2
52 48 0
56 53 0
Net_id 155
pin_num 2
58 16 0
34 11 0
Net_id 156
pin_num 2
50 6 0
53 0 0
Net_id 157
pin_num 2
17 29 0
22 24 0
Net_id 158
pin_num 2
0 13 0
19 22 0
