Width 60
Height 60
Layer 6
Total_WL 6936
Obstacle_num 144
11 58 0 15 59 0
46 25 0 49 26 0
47 11 0 54 12 0
41 47 0 51 48 0
1 2 0 10 3 0
39 12 0 44 13 0
30 31 0 34 32 0
44 18 0 52 19 0
55 4 0 59 5 0
12 45 0 18 46 0
24 24 0 34 25 0
41 34 0 51 35 0
18 19 0 22 20 0
0 45 0 6 46 0
27 29 0 34 30 0
37 48 0 47 49 0
11 20 0 17 21 0
14 34 0 23 35 0
12 37 0 21 38 0
46 14 0 51 15 0
28 13 0 38 14 0
54 47 0 58 48 0
8 16 0 14 17 0
22 30 0 29 31 0
58 7 1 59 16 1
30 15 1 31 25 1
7 50 1 8 58 1
12 12 1 13 20 1
43 27 1 44 36 1
1 6 1 2 13 1
41 8 1 42 11 1
13 37 1 14 41 1
55 34 1 56 43 1
5 5 1 6 11 1
51 15 1 52 25 1
44 42 1 45 46 1
49 35 1 50 45 1
0 25 1 1 33 1
51 46 1 52 50 1
32 28 1 33 32 1
49 7 1 50 12 1
57 9 1 58 13 1
2 2 1 3 10 1
57 52 1 58 59 1
23 10 1 24 14 1
20 23 1 21 31 1
53 1 1 54 10 1
18 43 1 19 50 1
17 5 2 20 6 2
39 29 2 43 30 2
28 39 2 36 40 2
25 11 2 30 12 2
10 44 2 18 45 2
49 57 2 58 58 2
0 20 2 5 21 2
23 22 2 32 23 2
19 55 2 24 56 2
20 14 2 26 15 2
24 5 2 31 6 2
1 43 2 5 44 2
8 49 2 12 50 2
20 53 2 27 54 2
49 53 2 57 54 2
20 13 2 24 14 2
40 1 2 43 2 2
4 6 2 11 7 2
9 2 2 18 3 2
25 38 2 31 39 2
32 4 2 42 5 2
0 37 2 7 38 2
28 27 2 31 28 2
40 20 2 44 21 2
51 31 3 52 36 3
20 9 3 21 12 3
23 17 3 24 20 3
38 15 3 39 19 3
21 12 3 22 15 3
47 24 3 48 33 3
53 15 3 54 23 3
6 31 3 7 40 3
58 3 3 59 10 3
35 18 3 36 28 3
40 25 3 41 31 3
1 54 3 2 57 3
6 40 3 7 43 3
54 46 3 55 54 3
46 2 3 47 9 3
29 43 3 30 49 3
19 49 3 20 52 3
38 2 3 39 6 3
11 6 3 12 14 3
9 52 3 10 55 3
42 22 3 43 32 3
25 8 3 26 16 3
34 20 3 35 27 3
27 44 3 28 50 3
38 15 4 45 16 4
14 19 4 20 20 4
51 13 4 59 14 4
29 22 4 34 23 4
37 20 4 41 21 4
21 26 4 24 27 4
37 47 4 46 48 4
19 1 4 27 2 4
31 54 4 34 55 4
12 18 4 19 19 4
15 34 4 19 35 4
17 13 4 26 14 4
33 2 4 40 3 4
33 3 4 41 4 4
52 37 4 59 38 4
21 4 4 31 5 4
44 55 4 47 56 4
45 50 4 53 51 4
11 10 4 15 11 4
0 16 4 3 17 4
33 31 4 43 32 4
32 43 4 42 44 4
36 6 4 39 7 4
1 0 4 10 1 4
22 25 5 23 35 5
16 0 5 17 10 5
32 29 5 33 34 5
21 25 5 22 35 5
19 24 5 20 29 5
2 21 5 3 24 5
52 12 5 53 20 5
14 31 5 15 37 5
53 39 5 54 43 5
48 30 5 49 39 5
25 15 5 26 22 5
38 2 5 39 8 5
12 23 5 13 26 5
22 40 5 23 48 5
30 30 5 31 36 5
28 0 5 29 8 5
55 6 5 56 16 5
43 53 5 44 59 5
45 19 5 46 23 5
33 27 5 34 30 5
34 48 5 35 54 5
1 25 5 2 31 5
28 32 5 29 36 5
20 52 5 21 55 5
Net_num 163
Net_id 0
pin_num 5
37 43 0
21 42 0
35 42 0
44 32 0
41 42 0
Net_id 1
pin_num 5
40 21 0
25 23 0
32 16 0
26 16 0
31 32 0
Net_id 2
pin_num 5
43 4 0
31 1 0
53 0 0
57 0 0
43 22 0
Net_id 3
pin_num 5
35 8 0
38 9 0
24 8 0
37 24 0
29 17 0
Net_id 4
pin_num 5
24 2 0
28 2 0
15 0 0
18 6 0
25 17 0
Net_id 5
pin_num 5
32 2 0
24 6 0
24 17 0
45 13 0
42 20 0
Net_id 6
pin_num 5
31 43 0
20 36 0
30 25 0
47 40 0
46 27 0
Net_id 7
pin_num 5
15 1 0
32 3 0
26 5 0
14 0 0
15 21 0
Net_id 8
pin_num 5
20 51 0
32 51 0
29 33 0
29 55 0
23 50 0
Net_id 9
pin_num 5
37 37 0
39 31 0
24 31 0
36 41 0
27 52 0
Net_id 10
pin_num 5
33 3 0
42 2 0
35 24 0
39 9 0
59 7 0
Net_id 11
pin_num 5
44 50 0
52 45 0
51 28 0
35 30 0
42 49 0
Net_id 12
pin_num 5
46 23 0
48 27 0
47 4 0
54 6 0
23 8 0
Net_id 13
pin_num 5
4 42 0
2 49 0
1 59 0
11 48 0
5 59 0
Net_id 14
pin_num 5
48 57 0
43 58 0
23 57 0
41 51 0
15 59 0
Net_id 15
pin_num 5
17 4 0
12 2 0
16 26 0
0 4 0
10 10 0
Net_id 16
pin_num 5
4 12 0
10 13 0
22 13 0
0 24 0
9 8 0
Net_id 17
pin_num 5
19 33 0
23 44 0
11 40 0
1 35 0
11 15 0
Net_id 18
pin_num 5
53 38 0
56 39 0
59 43 0
49 40 0
59 54 0
Net_id 19
pin_num 5
38 35 0
31 44 0
23 36 0
29 59 0
36 42 0
Net_id 20
pin_num 5
34 11 0
48 15 0
43 14 0
38 0 0
48 9 0
Net_id 21
pin_num 4
51 55 0
44 54 0
48 38 0
56 41 0
Net_id 22
pin_num 4
0 58 0
10 54 0
5 47 0
4 41 0
Net_id 23
pin_num 4
4 38 0
0 40 0
3 15 0
1 5 0
Net_id 24
pin_num 4
39 14 0
24 16 0
30 0 0
41 10 0
Net_id 25
pin_num 4
57 45 0
46 43 0
53 23 0
59 50 0
Net_id 26
pin_num 4
49 19 0
38 17 0
40 33 0
59 20 0
Net_id 27
pin_num 4
33 37 0
43 38 0
42 18 0
32 26 0
Net_id 28
pin_num 4
25 27 0
42 27 0
31 14 0
36 34 0
Net_id 29
pin_num 4
7 52 0
0 36 0
3 14 0
2 14 0
Net_id 30
pin_num 4
37 59 0
44 53 0
56 56 0
18 56 0
Net_id 31
pin_num 4
35 32 0
33 38 0
34 53 0
54 36 0
Net_id 32
pin_num 4
34 51 0
40 47 0
28 44 0
33 49 0
Net_id 33
pin_num 4
13 50 0
10 59 0
5 41 0
3 55 0
Net_id 34
pin_num 4
29 18 0
23 24 0
27 7 0
17 24 0
Net_id 35
pin_num 4
33 56 0
40 54 0
53 48 0
14 54 0
Net_id 36
pin_num 4
8 50 0
12 36 0
1 39 0
14 46 0
Net_id 37
pin_num 4
38 2 0
44 10 0
43 21 0
29 21 0
Net_id 38
pin_num 4
41 36 0
35 45 0
19 52 0
37 49 0
Net_id 39
pin_num 4
49 37 0
43 41 0
54 49 0
54 37 0
Net_id 40
pin_num 3
12 34 0
6 41 0
19 12 0
Net_id 41
pin_num 3
36 29 0
22 11 0
48 29 0
Net_id 42
pin_num 3
6 53 0
3 57 0
7 42 0
Net_id 43
pin_num 3
30 35 0
23 27 0
8 47 0
Net_id 44
pin_num 3
33 25 0
37 31 0
57 16 0
Net_id 45
pin_num 3
56 13 0
49 2 0
54 9 0
Net_id 46
pin_num 3
19 42 0
25 33 0
39 44 0
Net_id 47
pin_num 3
17 30 0
26 15 0
26 40 0
Net_id 48
pin_num 3
15 48 0
22 48 0
28 37 0
Net_id 49
pin_num 3
46 38 0
52 23 0
52 58 0
Net_id 50
pin_num 3
9 24 0
1 4 0
0 16 0
Net_id 51
pin_num 3
58 19 0
40 29 0
52 25 0
Net_id 52
pin_num 3
46 3 0
50 0 0
45 22 0
Net_id 53
pin_num 3
41 44 0
58 55 0
47 53 0
Net_id 54
pin_num 3
50 52 0
52 50 0
40 52 0
Net_id 55
pin_num 3
13 55 0
2 55 0
19 55 0
Net_id 56
pin_num 3
26 21 0
17 25 0
30 3 0
Net_id 57
pin_num 3
15 39 0
37 36 0
40 44 0
Net_id 58
pin_num 3
38 55 0
41 59 0
11 45 0
Net_id 59
pin_num 3
28 26 0
8 14 0
9 36 0
Net_id 60
pin_num 3
4 9 0
4 4 0
3 4 0
Net_id 61
pin_num 3
38 56 0
25 48 0
28 21 0
Net_id 62
pin_num 3
5 51 0
6 15 0
6 18 0
Net_id 63
pin_num 3
0 1 0
11 3 0
29 19 0
Net_id 64
pin_num 3
56 54 0
38 58 0
18 58 0
Net_id 65
pin_num 3
0 44 0
14 48 0
14 38 0
Net_id 66
pin_num 3
12 0 0
8 18 0
28 0 0
Net_id 67
pin_num 3
32 22 0
8 20 0
7 9 0
Net_id 68
pin_num 3
49 26 0
58 45 0
42 41 0
Net_id 69
pin_num 3
55 0 0
58 0 0
31 0 0
Net_id 70
pin_num 3
34 40 0
19 43 0
24 59 0
Net_id 71
pin_num 3
20 53 0
11 37 0
16 14 0
Net_id 72
pin_num 3
19 50 0
23 48 0
19 41 0
Net_id 73
pin_num 3
1 56 0
13 56 0
17 54 0
Net_id 74
pin_num 3
25 53 0
16 59 0
36 58 0
Net_id 75
pin_num 3
42 28 0
50 28 0
45 33 0
Net_id 76
pin_num 3
45 16 0
58 23 0
46 22 0
Net_id 77
pin_num 3
55 35 0
56 20 0
50 38 0
Net_id 78
pin_num 3
2 20 0
11 1 0
48 8 0
Net_id 79
pin_num 3
49 31 0
58 32 0
44 24 0
Net_id 80
pin_num 3
4 23 0
17 31 0
1 25 0
Net_id 81
pin_num 3
5 42 0
10 49 0
17 57 0
Net_id 82
pin_num 2
47 51 0
50 58 0
Net_id 83
pin_num 2
58 16 0
38 19 0
Net_id 84
pin_num 2
14 49 0
19 49 0
Net_id 85
pin_num 2
7 38 0
13 59 0
Net_id 86
pin_num 2
24 40 0
25 47 0
Net_id 87
pin_num 2
54 43 0
44 33 0
Net_id 88
pin_num 2
33 0 0
23 9 0
Net_id 89
pin_num 2
1 27 0
2 30 0
Net_id 90
pin_num 2
15 25 0
21 18 0
Net_id 91
pin_num 2
14 57 0
19 38 0
Net_id 92
pin_num 2
14 31 0
7 49 0
Net_id 93
pin_num 2
7 8 0
13 27 0
Net_id 94
pin_num 2
34 29 0
25 18 0
Net_id 95
pin_num 2
47 13 0
54 17 0
Net_id 96
pin_num 2
15 54 0
12 57 0
Net_id 97
pin_num 2
9 29 0
8 27 0
Net_id 98
pin_num 2
54 30 0
48 20 0
Net_id 99
pin_num 2
36 16 0
33 11 0
Net_id 100
pin_num 2
1 3 0
13 8 0
Net_id 101
pin_num 2
48 0 0
42 3 0
Net_id 102
pin_num 2
30 48 0
24 37 0
Net_id 103
pin_num 2
3 32 0
14 36 0
Net_id 104
pin_num 2
6 54 0
32 44 0
Net_id 105
pin_num 2
28 20 0
20 7 0
Net_id 106
pin_num 2
22 37 0
12 54 0
Net_id 107
pin_num 2
4 39 0
1 31 0
Net_id 108
pin_num 2
25 50 0
24 54 0
Net_id 109
pin_num 2
44 29 0
58 39 0
Net_id 110
pin_num 2
17 36 0
28 32 0
Net_id 111
pin_num 2
41 45 0
54 35 0
Net_id 112
pin_num 2
19 14 0
11 4 0
Net_id 113
pin_num 2
13 6 0
7 17 0
Net_id 114
pin_num 2
50 10 0
59 0 0
Net_id 115
pin_num 2
15 42 0
8 21 0
Net_id 116
pin_num 2
55 25 0
59 14 0
Net_id 117
pin_num 2
41 18 0
23 2 0
Net_id 118
pin_num 2
23 6 0
15 6 0
Net_id 119
pin_num 2
33 5 0
33 2 0
Net_id 120
pin_num 2
53 27 0
44 16 0
Net_id 121
pin_num 2
27 5 0
28 11 0
Net_id 122
pin_num 2
20 9 0
33 6 0
Net_id 123
pin_num 2
0 21 0
12 28 0
Net_id 124
pin_num 2
9 52 0
35 48 0
Net_id 125
pin_num 2
33 17 0
48 22 0
Net_id 126
pin_num 2
43 6 0
48 2 0
Net_id 127
pin_num 2
20 23 0
26 28 0
Net_id 128
pin_num 2
18 43 0
7 33 0
Net_id 129
pin_num 2
54 57 0
51 59 0
Net_id 130
pin_num 2
20 56 0
25 52 0
Net_id 131
pin_num 2
40 8 0
59 8 0
Net_id 132
pin_num 2
17 46 0
31 47 0
Net_id 133
pin_num 2
26 12 0
18 15 0
Net_id 134
pin_num 2
15 17 0
21 15 0
Net_id 135
pin_num 2
53 18 0
56 32 0
Net_id 136
pin_num 2
38 12 0
27 28 0
Net_id 137
pin_num 2
54 0 0
51 2 0
Net_id 138
pin_num 2
50 33 0
54 25 0
Net_id 139
pin_num 2
12 26 0
9 37 0
Net_id 140
pin_num 2
4 25 0
22 16 0
Net_id 141
pin_num 2
35 52 0
39 53 0
Net_id 142
pin_num 2
16 28 0
36 23 0
Net_id 143
pin_num 2
59 12 0
39 22 0
Net_id 144
pin_num 2
35 59 0
18 42 0
Net_id 145
pin_num 2
26 17 0
32 52 0
Net_id 146
pin_num 2
43 49 0
58 56 0
Net_id 147
pin_num 2
0 47 0
4 40 0
Net_id 148
pin_num 2
45 0 0
47 2 0
Net_id 149
pin_num 2
3 49 0
12 53 0
Net_id 150
pin_num 2
35 19 0
38 28 0
Net_id 151
pin_num 2
50 20 0
29 25 0
Net_id 152
pin_num 2
57 13 0
54 11 0
Net_id 153
pin_num 2
27 21 0
22 25 0
Net_id 154
pin_num 2
53 22 0
56 9 0
Net_id 155
pin_num 2
49 23 0
57 3 0
Net_id 156
pin_num 2
39 46 0
33 46 0
Net_id 157
pin_num 2
11 11 0
18 2 0
Net_id 158
pin_num 2
3 33 0
16 42 0
Net_id 159
pin_num 2
21 55 0
27 53 0
Net_id 160
pin_num 2
32 10 0
38 13 0
Net_id 161
pin_num 2
21 25 0
15 16 0
Net_id 162
pin_num 2
48 12 0
56 3 0
