Width 60
Height 60
Layer 6
Total_WL 6856
Obstacle_num 144
34 39 0 41 40 0
11 3 0 14 4 0
43 25 0 51 26 0
39 36 0 45 37 0
47 39 0 53 40 0
12 27 0 16 28 0
40 50 0 49 51 0
15 42 0 23 43 0
4 20 0 11 21 0
6 1 0 10 2 0
37 4 0 43 5 0
18 14 0 24 15 0
6 5 0 13 6 0
47 58 0 55 59 0
25 58 0 29 59 0
16 5 0 25 6 0
8 12 0 18 13 0
25 10 0 29 11 0
5 49 0 13 50 0
4 40 0 14 41 0
38 20 0 48 21 0
51 29 0 58 30 0
8 16 0 11 17 0
20 47 0 29 48 0
32 25 1 33 30 1
5 1 1 6 8 1
2 33 1 3 36 1
32 4 1 33 12 1
11 55 1 12 58 1
2 49 1 3 52 1
30 47 1 31 52 1
27 31 1 28 39 1
30 30 1 31 39 1
42 33 1 43 36 1
33 13 1 34 23 1
9 5 1 10 11 1
26 31 1 27 34 1
56 54 1 57 59 1
17 44 1 18 54 1
50 18 1 51 22 1
26 40 1 27 45 1
34 50 1 35 54 1
28 51 1 29 58 1
3 38 1 4 48 1
38 2 1 39 9 1
48 36 1 49 44 1
47 27 1 48 31 1
0 5 1 1 10 1
40 39 2 45 40 2
5 30 2 10 31 2
45 49 2 52 50 2
17 51 2 21 52 2
32 36 2 36 37 2
25 42 2 33 43 2
21 34 2 29 35 2
49 30 2 56 31 2
45 28 2 48 29 2
8 39 2 18 40 2
7 21 2 12 22 2
37 40 2 47 41 2
12 58 2 17 59 2
33 38 2 38 39 2
46 20 2 53 21 2
25 56 2 29 57 2
18 3 2 24 4 2
7 40 2 12 41 2
7 51 2 12 52 2
52 24 2 56 25 2
14 25 2 18 26 2
0 43 2 5 44 2
48 51 2 58 52 2
22 21 2 25 22 2
36 36 3 37 43 3
19 34 3 20 43 3
52 52 3 53 59 3
34 31 3 35 35 3
43 10 3 44 17 3
15 18 3 16 28 3
42 32 3 43 36 3
48 13 3 49 21 3
44 13 3 45 20 3
35 22 3 36 28 3
39 42 3 40 50 3
22 7 3 23 15 3
51 11 3 52 20 3
18 15 3 19 20 3
16 13 3 17 16 3
9 27 3 10 36 3
2 16 3 3 22 3
34 1 3 35 7 3
37 43 3 38 52 3
26 43 3 27 48 3
17 50 3 18 57 3
32 8 3 33 12 3
6 10 3 7 20 3
31 14 3 32 22 3
27 25 4 37 26 4
46 42 4 53 43 4
23 51 4 30 52 4
36 20 4 45 21 4
9 30 4 12 31 4
11 25 4 16 26 4
21 46 4 24 47 4
0 36 4 8 37 4
9 15 4 17 16 4
39 34 4 48 35 4
25 15 4 31 16 4
29 14 4 34 15 4
6 51 4 11 52 4
39 23 4 46 24 4
46 53 4 53 54 4
42 14 4 49 15 4
14 21 4 24 22 4
44 46 4 54 47 4
50 21 4 53 22 4
32 28 4 35 29 4
20 22 4 30 23 4
3 58 4 7 59 4
22 39 4 26 40 4
50 45 4 59 46 4
9 19 5 10 29 5
30 35 5 31 45 5
11 27 5 12 30 5
5 34 5 6 44 5
15 17 5 16 22 5
6 44 5 7 50 5
29 9 5 30 18 5
36 43 5 37 52 5
4 20 5 5 29 5
13 25 5 14 32 5
38 48 5 39 56 5
31 9 5 32 19 5
36 4 5 37 12 5
49 25 5 50 32 5
16 33 5 17 37 5
32 55 5 33 58 5
18 4 5 19 8 5
4 9 5 5 17 5
3 49 5 4 56 5
28 22 5 29 28 5
3 8 5 4 15 5
5 1 5 6 9 5
6 21 5 7 25 5
19 52 5 20 56 5
Net_num 170
Net_id 0
pin_num 5
19 37 0
25 39 0
0 39 0
6 41 0
27 59 0
Net_id 1
pin_num 5
52 56 0
37 59 0
22 59 0
27 41 0
52 59 0
Net_id 2
pin_num 5
30 39 0
27 55 0
19 45 0
50 45 0
24 59 0
Net_id 3
pin_num 5
5 16 0
12 10 0
36 10 0
20 23 0
42 11 0
Net_id 4
pin_num 5
34 23 0
36 16 0
21 19 0
26 22 0
26 11 0
Net_id 5
pin_num 5
43 10 0
52 1 0
51 10 0
59 3 0
25 7 0
Net_id 6
pin_num 5
22 29 0
27 29 0
5 29 0
12 24 0
24 46 0
Net_id 7
pin_num 5
12 15 0
5 11 0
0 26 0
2 0 0
1 10 0
Net_id 8
pin_num 5
45 28 0
54 32 0
34 32 0
30 30 0
50 27 0
Net_id 9
pin_num 5
31 6 0
34 3 0
34 17 0
43 15 0
38 9 0
Net_id 10
pin_num 5
53 23 0
51 19 0
59 22 0
55 11 0
48 5 0
Net_id 11
pin_num 5
35 51 0
37 42 0
24 43 0
14 43 0
21 48 0
Net_id 12
pin_num 5
43 24 0
29 24 0
31 29 0
40 28 0
33 28 0
Net_id 13
pin_num 5
2 59 0
9 48 0
14 55 0
21 58 0
19 46 0
Net_id 14
pin_num 5
21 20 0
15 20 0
16 31 0
11 10 0
6 18 0
Net_id 15
pin_num 5
30 55 0
31 57 0
36 56 0
20 58 0
40 58 0
Net_id 16
pin_num 5
50 21 0
56 26 0
56 36 0
37 27 0
53 24 0
Net_id 17
pin_num 5
21 56 0
6 57 0
14 58 0
11 46 0
6 34 0
Net_id 18
pin_num 5
3 53 0
1 41 0
8 43 0
0 42 0
1 59 0
Net_id 19
pin_num 5
34 57 0
40 56 0
45 57 0
45 41 0
40 42 0
Net_id 20
pin_num 5
23 44 0
39 38 0
39 17 0
34 33 0
38 47 0
Net_id 21
pin_num 4
27 39 0
26 34 0
11 34 0
31 47 0
Net_id 22
pin_num 4
59 31 0
55 40 0
49 34 0
52 50 0
Net_id 23
pin_num 4
6 27 0
12 36 0
31 36 0
0 33 0
Net_id 24
pin_num 4
1 17 0
6 7 0
0 27 0
0 4 0
Net_id 25
pin_num 4
14 28 0
17 30 0
17 11 0
0 28 0
Net_id 26
pin_num 4
14 23 0
2 19 0
19 26 0
34 25 0
Net_id 27
pin_num 4
24 27 0
30 21 0
40 23 0
37 17 0
Net_id 28
pin_num 4
14 49 0
9 56 0
1 49 0
13 38 0
Net_id 29
pin_num 4
40 19 0
43 27 0
31 19 0
49 9 0
Net_id 30
pin_num 4
32 13 0
44 13 0
30 11 0
27 13 0
Net_id 31
pin_num 4
59 12 0
46 12 0
57 7 0
59 0 0
Net_id 32
pin_num 4
52 52 0
38 49 0
40 29 0
43 59 0
Net_id 33
pin_num 4
31 33 0
20 33 0
23 40 0
0 40 0
Net_id 34
pin_num 4
48 34 0
44 33 0
57 21 0
59 14 0
Net_id 35
pin_num 4
53 50 0
59 41 0
52 34 0
55 42 0
Net_id 36
pin_num 4
51 49 0
55 52 0
59 50 0
59 58 0
Net_id 37
pin_num 4
25 18 0
39 22 0
38 14 0
46 21 0
Net_id 38
pin_num 4
59 34 0
58 29 0
56 27 0
44 35 0
Net_id 39
pin_num 4
0 35 0
11 41 0
5 18 0
1 23 0
Net_id 40
pin_num 4
43 17 0
45 22 0
45 5 0
59 1 0
Net_id 41
pin_num 4
17 51 0
22 52 0
12 56 0
2 47 0
Net_id 42
pin_num 3
10 45 0
4 47 0
20 41 0
Net_id 43
pin_num 3
23 54 0
31 37 0
28 19 0
Net_id 44
pin_num 3
26 35 0
46 32 0
29 58 0
Net_id 45
pin_num 3
5 58 0
11 45 0
17 52 0
Net_id 46
pin_num 3
7 2 0
8 17 0
16 22 0
Net_id 47
pin_num 3
49 49 0
31 39 0
42 55 0
Net_id 48
pin_num 3
4 36 0
13 30 0
20 53 0
Net_id 49
pin_num 3
35 32 0
42 37 0
38 10 0
Net_id 50
pin_num 3
47 2 0
39 2 0
40 0 0
Net_id 51
pin_num 3
39 51 0
43 33 0
41 6 0
Net_id 52
pin_num 3
2 18 0
30 20 0
5 41 0
Net_id 53
pin_num 3
9 7 0
2 1 0
30 4 0
Net_id 54
pin_num 3
52 4 0
51 25 0
52 10 0
Net_id 55
pin_num 3
33 50 0
39 52 0
13 50 0
Net_id 56
pin_num 3
29 9 0
21 8 0
1 8 0
Net_id 57
pin_num 3
13 1 0
34 0 0
24 26 0
Net_id 58
pin_num 3
41 35 0
35 12 0
34 42 0
Net_id 59
pin_num 3
41 31 0
49 23 0
46 52 0
Net_id 60
pin_num 3
22 26 0
13 26 0
0 30 0
Net_id 61
pin_num 3
29 46 0
32 38 0
58 46 0
Net_id 62
pin_num 3
37 12 0
40 9 0
57 16 0
Net_id 63
pin_num 3
19 4 0
8 4 0
21 7 0
Net_id 64
pin_num 3
19 32 0
36 36 0
29 28 0
Net_id 65
pin_num 3
5 23 0
2 25 0
10 0 0
Net_id 66
pin_num 3
45 7 0
37 2 0
28 6 0
Net_id 67
pin_num 3
46 26 0
54 27 0
51 47 0
Net_id 68
pin_num 3
48 37 0
58 43 0
53 22 0
Net_id 69
pin_num 3
37 28 0
30 17 0
58 28 0
Net_id 70
pin_num 3
9 43 0
15 53 0
20 46 0
Net_id 71
pin_num 3
57 43 0
54 31 0
35 34 0
Net_id 72
pin_num 3
0 6 0
16 2 0
13 7 0
Net_id 73
pin_num 3
27 34 0
42 41 0
59 13 0
Net_id 74
pin_num 3
17 26 0
0 32 0
18 2 0
Net_id 75
pin_num 3
3 8 0
23 2 0
9 24 0
Net_id 76
pin_num 3
20 48 0
10 54 0
14 35 0
Net_id 77
pin_num 3
1 58 0
13 53 0
26 54 0
Net_id 78
pin_num 3
9 6 0
33 0 0
46 6 0
Net_id 79
pin_num 3
43 1 0
26 1 0
44 8 0
Net_id 80
pin_num 3
32 12 0
25 15 0
28 1 0
Net_id 81
pin_num 3
3 42 0
0 48 0
0 54 0
Net_id 82
pin_num 3
34 8 0
46 3 0
39 14 0
Net_id 83
pin_num 2
47 54 0
58 50 0
Net_id 84
pin_num 2
1 4 0
2 7 0
Net_id 85
pin_num 2
13 21 0
13 9 0
Net_id 86
pin_num 2
31 54 0
21 52 0
Net_id 87
pin_num 2
6 39 0
21 18 0
Net_id 88
pin_num 2
21 40 0
25 9 0
Net_id 89
pin_num 2
17 7 0
20 9 0
Net_id 90
pin_num 2
52 17 0
49 33 0
Net_id 91
pin_num 2
10 2 0
1 11 0
Net_id 92
pin_num 2
15 32 0
13 31 0
Net_id 93
pin_num 2
14 5 0
12 2 0
Net_id 94
pin_num 2
45 1 0
44 1 0
Net_id 95
pin_num 2
11 54 0
22 56 0
Net_id 96
pin_num 2
48 21 0
46 17 0
Net_id 97
pin_num 2
46 38 0
41 38 0
Net_id 98
pin_num 2
38 21 0
49 6 0
Net_id 99
pin_num 2
47 22 0
47 36 0
Net_id 100
pin_num 2
3 57 0
12 50 0
Net_id 101
pin_num 2
17 21 0
12 1 0
Net_id 102
pin_num 2
14 46 0
20 35 0
Net_id 103
pin_num 2
12 26 0
9 31 0
Net_id 104
pin_num 2
1 29 0
15 40 0
Net_id 105
pin_num 2
47 1 0
54 13 0
Net_id 106
pin_num 2
50 23 0
58 16 0
Net_id 107
pin_num 2
26 20 0
33 4 0
Net_id 108
pin_num 2
48 17 0
52 8 0
Net_id 109
pin_num 2
14 31 0
21 17 0
Net_id 110
pin_num 2
7 51 0
4 56 0
Net_id 111
pin_num 2
29 57 0
33 56 0
Net_id 112
pin_num 2
24 20 0
11 42 0
Net_id 113
pin_num 2
4 24 0
6 28 0
Net_id 114
pin_num 2
34 56 0
26 49 0
Net_id 115
pin_num 2
15 14 0
1 0 0
Net_id 116
pin_num 2
1 44 0
6 46 0
Net_id 117
pin_num 2
45 23 0
39 0 0
Net_id 118
pin_num 2
4 35 0
17 31 0
Net_id 119
pin_num 2
56 9 0
38 0 0
Net_id 120
pin_num 2
47 55 0
56 48 0
Net_id 121
pin_num 2
31 12 0
28 8 0
Net_id 122
pin_num 2
27 24 0
10 38 0
Net_id 123
pin_num 2
46 7 0
57 17 0
Net_id 124
pin_num 2
39 26 0
45 36 0
Net_id 125
pin_num 2
54 28 0
58 39 0
Net_id 126
pin_num 2
47 45 0
54 38 0
Net_id 127
pin_num 2
22 6 0
36 0 0
Net_id 128
pin_num 2
19 33 0
29 31 0
Net_id 129
pin_num 2
1 1 0
10 9 0
Net_id 130
pin_num 2
29 6 0
33 29 0
Net_id 131
pin_num 2
27 48 0
53 47 0
Net_id 132
pin_num 2
34 41 0
42 29 0
Net_id 133
pin_num 2
6 30 0
27 1 0
Net_id 134
pin_num 2
53 54 0
58 56 0
Net_id 135
pin_num 2
11 32 0
10 28 0
Net_id 136
pin_num 2
42 18 0
52 18 0
Net_id 137
pin_num 2
12 7 0
19 8 0
Net_id 138
pin_num 2
28 59 0
29 55 0
Net_id 139
pin_num 2
48 57 0
47 44 0
Net_id 140
pin_num 2
0 36 0
11 31 0
Net_id 141
pin_num 2
5 31 0
13 35 0
Net_id 142
pin_num 2
17 9 0
44 28 0
Net_id 143
pin_num 2
41 7 0
33 2 0
Net_id 144
pin_num 2
13 51 0
1 35 0
Net_id 145
pin_num 2
43 8 0
27 16 0
Net_id 146
pin_num 2
24 35 0
26 46 0
Net_id 147
pin_num 2
24 49 0
22 46 0
Net_id 148
pin_num 2
36 2 0
19 11 0
Net_id 149
pin_num 2
53 43 0
59 57 0
Net_id 150
pin_num 2
54 41 0
57 52 0
Net_id 151
pin_num 2
34 55 0
27 30 0
Net_id 152
pin_num 2
55 34 0
44 51 0
Net_id 153
pin_num 2
49 47 0
31 52 0
Net_id 154
pin_num 2
30 3 0
26 26 0
Net_id 155
pin_num 2
28 46 0
23 42 0
Net_id 156
pin_num 2
7 48 0
16 51 0
Net_id 157
pin_num 2
45 29 0
46 53 0
Net_id 158
pin_num 2
40 54 0
17 58 0
Net_id 159
pin_num 2
22 28 0
16 33 0
Net_id 160
pin_num 2
7 28 0
16 49 0
Net_id 161
pin_num 2
38 59 0
42 58 0
Net_id 162
pin_num 2
43 53 0
57 55 0
Net_id 163
pin_num 2
10 47 0
15 57 0
Net_id 164
pin_num 2
55 50 0
52 55 0
Net_id 165
pin_num 2
19 57 0
24 58 0
Net_id 166
pin_num 2
57 13 0
50 22 0
Net_id 167
pin_num 2
55 39 0
34 47 0
Net_id 168
pin_num 2
48 43 0
38 34 0
Net_id 169
pin_num 2
44 41 0
32 37 0
