Width 60
Height 60
Layer 6
Total_WL 6887
Obstacle_num 144
21 15 0 30 16 0
15 19 0 18 20 0
6 33 0 11 34 0
43 41 0 46 42 0
0 38 0 10 39 0
53 1 0 59 2 0
29 9 0 37 10 0
26 50 0 34 51 0
54 11 0 58 12 0
50 12 0 54 13 0
20 31 0 27 32 0
10 15 0 20 16 0
8 6 0 16 7 0
37 33 0 41 34 0
21 39 0 29 40 0
4 40 0 9 41 0
53 51 0 57 52 0
14 52 0 21 53 0
5 25 0 15 26 0
53 55 0 59 56 0
9 37 0 14 38 0
14 2 0 19 3 0
17 43 0 24 44 0
0 9 0 6 10 0
29 16 1 30 24 1
28 47 1 29 55 1
1 31 1 2 41 1
42 10 1 43 14 1
35 12 1 36 21 1
29 47 1 30 53 1
42 37 1 43 42 1
31 9 1 32 14 1
19 19 1 20 22 1
38 54 1 39 57 1
31 36 1 32 44 1
45 49 1 46 56 1
42 16 1 43 24 1
11 49 1 12 56 1
58 49 1 59 55 1
0 43 1 1 53 1
5 16 1 6 20 1
16 20 1 17 28 1
33 13 1 34 22 1
20 1 1 21 9 1
23 0 1 24 8 1
33 42 1 34 49 1
19 24 1 20 27 1
15 35 1 16 38 1
30 12 2 37 13 2
9 16 2 14 17 2
7 28 2 16 29 2
3 31 2 9 32 2
2 37 2 6 38 2
11 39 2 19 40 2
47 18 2 57 19 2
27 38 2 35 39 2
46 3 2 55 4 2
42 58 2 47 59 2
54 7 2 58 8 2
9 32 2 18 33 2
10 54 2 18 55 2
47 12 2 51 13 2
31 39 2 41 40 2
14 44 2 21 45 2
47 0 2 56 1 2
16 24 2 22 25 2
50 42 2 57 43 2
38 16 2 43 17 2
3 41 2 10 42 2
51 52 2 59 53 2
51 46 2 58 47 2
42 46 2 46 47 2
16 18 3 17 28 3
54 35 3 55 38 3
23 46 3 24 51 3
16 4 3 17 10 3
20 36 3 21 41 3
44 26 3 45 30 3
30 21 3 31 26 3
41 12 3 42 18 3
58 27 3 59 30 3
2 5 3 3 15 3
33 40 3 34 50 3
44 3 3 45 9 3
48 3 3 49 11 3
28 41 3 29 51 3
28 8 3 29 11 3
49 19 3 50 23 3
33 18 3 34 22 3
8 5 3 9 13 3
37 2 3 38 11 3
47 23 3 48 32 3
37 28 3 38 33 3
12 18 3 13 25 3
0 46 3 1 55 3
0 7 3 1 13 3
11 12 4 19 13 4
32 9 4 42 10 4
35 10 4 40 11 4
10 2 4 15 3 4
29 38 4 36 39 4
20 48 4 24 49 4
35 7 4 42 8 4
1 26 4 7 27 4
34 41 4 41 42 4
24 10 4 30 11 4
23 27 4 30 28 4
9 1 4 13 2 4
33 27 4 40 28 4
7 41 4 10 42 4
46 49 4 49 50 4
8 28 4 12 29 4
16 1 4 20 2 4
53 10 4 58 11 4
35 45 4 39 46 4
46 52 4 52 53 4
47 50 4 56 51 4
45 29 4 48 30 4
17 53 4 20 54 4
33 33 4 39 34 4
13 20 5 14 27 5
50 24 5 51 29 5
28 27 5 29 33 5
26 5 5 27 9 5
32 20 5 33 28 5
41 43 5 42 48 5
45 47 5 46 51 5
17 17 5 18 23 5
23 18 5 24 27 5
11 37 5 12 47 5
30 3 5 31 7 5
26 52 5 27 58 5
53 42 5 54 48 5
0 29 5 1 35 5
22 13 5 23 18 5
13 27 5 14 34 5
10 28 5 11 37 5
17 13 5 18 17 5
47 18 5 48 24 5
1 48 5 2 57 5
16 19 5 17 26 5
27 25 5 28 31 5
52 52 5 53 57 5
43 25 5 44 29 5
Net_num 159
Net_id 0
pin_num 5
19 20 0
24 11 0
40 19 0
16 17 0
35 4 0
Net_id 1
pin_num 5
32 32 0
18 37 0
36 37 0
14 43 0
32 58 0
Net_id 2
pin_num 5
36 40 0
44 43 0
41 26 0
44 26 0
55 36 0
Net_id 3
pin_num 5
41 55 0
47 56 0
48 57 0
42 44 0
19 47 0
Net_id 4
pin_num 5
52 57 0
51 49 0
59 53 0
56 50 0
40 54 0
Net_id 5
pin_num 5
34 55 0
35 59 0
15 59 0
28 55 0
9 56 0
Net_id 6
pin_num 5
20 29 0
20 26 0
40 29 0
33 28 0
34 36 0
Net_id 7
pin_num 5
5 59 0
0 42 0
2 59 0
2 36 0
8 43 0
Net_id 8
pin_num 5
18 51 0
13 59 0
16 35 0
12 52 0
13 36 0
Net_id 9
pin_num 5
31 10 0
40 13 0
49 11 0
40 11 0
25 5 0
Net_id 10
pin_num 5
11 30 0
8 20 0
8 14 0
0 31 0
8 7 0
Net_id 11
pin_num 5
3 48 0
3 41 0
10 44 0
1 29 0
6 35 0
Net_id 12
pin_num 5
27 41 0
35 45 0
20 46 0
37 37 0
50 37 0
Net_id 13
pin_num 5
17 22 0
7 21 0
11 18 0
15 17 0
11 2 0
Net_id 14
pin_num 5
11 53 0
15 53 0
5 36 0
7 24 0
30 51 0
Net_id 15
pin_num 5
43 0 0
32 0 0
42 7 0
41 5 0
28 10 0
Net_id 16
pin_num 5
4 32 0
6 34 0
5 26 0
0 14 0
15 31 0
Net_id 17
pin_num 5
56 9 0
53 10 0
45 9 0
48 30 0
53 20 0
Net_id 18
pin_num 5
19 44 0
15 43 0
36 44 0
22 59 0
18 55 0
Net_id 19
pin_num 5
55 49 0
55 59 0
47 55 0
48 46 0
47 42 0
Net_id 20
pin_num 5
58 9 0
59 7 0
59 3 0
57 23 0
49 16 0
Net_id 21
pin_num 4
2 48 0
17 58 0
14 36 0
5 24 0
Net_id 22
pin_num 4
24 19 0
36 19 0
28 28 0
18 32 0
Net_id 23
pin_num 4
25 43 0
24 52 0
21 55 0
27 58 0
Net_id 24
pin_num 4
20 38 0
8 39 0
19 27 0
31 33 0
Net_id 25
pin_num 4
50 47 0
53 49 0
47 59 0
56 48 0
Net_id 26
pin_num 4
4 19 0
0 23 0
6 12 0
1 16 0
Net_id 27
pin_num 4
52 46 0
45 48 0
46 38 0
54 48 0
Net_id 28
pin_num 4
40 14 0
34 20 0
54 14 0
39 18 0
Net_id 29
pin_num 4
12 49 0
26 43 0
12 45 0
35 48 0
Net_id 30
pin_num 4
50 43 0
40 49 0
58 46 0
58 58 0
Net_id 31
pin_num 4
53 27 0
59 37 0
59 11 0
56 36 0
Net_id 32
pin_num 4
2 13 0
3 21 0
8 13 0
4 23 0
Net_id 33
pin_num 4
56 12 0
59 22 0
36 22 0
46 0 0
Net_id 34
pin_num 4
39 45 0
52 45 0
51 31 0
36 34 0
Net_id 35
pin_num 4
16 4 0
10 4 0
3 17 0
1 24 0
Net_id 36
pin_num 4
12 7 0
17 10 0
14 21 0
20 9 0
Net_id 37
pin_num 4
57 39 0
52 35 0
52 58 0
33 40 0
Net_id 38
pin_num 4
46 47 0
45 37 0
59 43 0
38 36 0
Net_id 39
pin_num 4
24 14 0
25 27 0
41 24 0
13 12 0
Net_id 40
pin_num 3
16 26 0
18 11 0
9 11 0
Net_id 41
pin_num 3
17 41 0
10 55 0
9 57 0
Net_id 42
pin_num 3
12 13 0
29 25 0
19 0 0
Net_id 43
pin_num 3
55 38 0
59 45 0
40 38 0
Net_id 44
pin_num 3
46 25 0
50 30 0
39 23 0
Net_id 45
pin_num 3
41 52 0
57 51 0
54 35 0
Net_id 46
pin_num 3
29 35 0
45 42 0
40 50 0
Net_id 47
pin_num 3
2 20 0
16 16 0
18 19 0
Net_id 48
pin_num 3
44 48 0
39 55 0
27 36 0
Net_id 49
pin_num 3
57 13 0
35 21 0
32 14 0
Net_id 50
pin_num 3
18 13 0
6 23 0
0 3 0
Net_id 51
pin_num 3
33 41 0
55 32 0
43 25 0
Net_id 52
pin_num 3
8 27 0
9 39 0
0 25 0
Net_id 53
pin_num 3
48 10 0
38 18 0
46 18 0
Net_id 54
pin_num 3
5 15 0
17 4 0
7 45 0
Net_id 55
pin_num 3
18 41 0
31 31 0
18 54 0
Net_id 56
pin_num 3
8 55 0
1 43 0
6 56 0
Net_id 57
pin_num 3
34 51 0
21 38 0
42 43 0
Net_id 58
pin_num 3
34 35 0
25 34 0
2 25 0
Net_id 59
pin_num 3
32 17 0
19 14 0
22 0 0
Net_id 60
pin_num 3
45 55 0
44 59 0
35 46 0
Net_id 61
pin_num 3
56 29 0
49 49 0
37 34 0
Net_id 62
pin_num 3
19 54 0
24 38 0
22 32 0
Net_id 63
pin_num 3
53 33 0
39 26 0
17 29 0
Net_id 64
pin_num 3
52 11 0
59 26 0
38 23 0
Net_id 65
pin_num 3
2 0 0
1 8 0
32 1 0
Net_id 66
pin_num 3
48 33 0
34 25 0
59 28 0
Net_id 67
pin_num 3
16 58 0
2 57 0
5 43 0
Net_id 68
pin_num 3
59 59 0
50 53 0
48 32 0
Net_id 69
pin_num 3
30 41 0
9 59 0
35 36 0
Net_id 70
pin_num 3
51 4 0
34 13 0
45 1 0
Net_id 71
pin_num 3
13 39 0
12 31 0
33 33 0
Net_id 72
pin_num 3
35 52 0
44 53 0
57 58 0
Net_id 73
pin_num 3
32 42 0
19 23 0
1 12 0
Net_id 74
pin_num 3
23 6 0
2 15 0
9 13 0
Net_id 75
pin_num 3
7 50 0
9 45 0
4 48 0
Net_id 76
pin_num 3
16 13 0
4 5 0
32 4 0
Net_id 77
pin_num 3
36 6 0
34 7 0
31 0 0
Net_id 78
pin_num 3
22 50 0
33 58 0
27 43 0
Net_id 79
pin_num 2
44 40 0
52 27 0
Net_id 80
pin_num 2
41 16 0
30 15 0
Net_id 81
pin_num 2
31 43 0
9 40 0
Net_id 82
pin_num 2
22 4 0
0 4 0
Net_id 83
pin_num 2
45 47 0
36 33 0
Net_id 84
pin_num 2
55 16 0
58 3 0
Net_id 85
pin_num 2
42 2 0
51 1 0
Net_id 86
pin_num 2
47 49 0
41 50 0
Net_id 87
pin_num 2
48 3 0
58 2 0
Net_id 88
pin_num 2
1 6 0
8 2 0
Net_id 89
pin_num 2
4 22 0
4 29 0
Net_id 90
pin_num 2
6 52 0
11 24 0
Net_id 91
pin_num 2
22 56 0
23 40 0
Net_id 92
pin_num 2
38 56 0
12 30 0
Net_id 93
pin_num 2
56 20 0
40 27 0
Net_id 94
pin_num 2
9 51 0
3 51 0
Net_id 95
pin_num 2
5 18 0
4 2 0
Net_id 96
pin_num 2
51 16 0
40 3 0
Net_id 97
pin_num 2
38 38 0
37 36 0
Net_id 98
pin_num 2
3 10 0
24 5 0
Net_id 99
pin_num 2
54 40 0
47 51 0
Net_id 100
pin_num 2
30 4 0
29 26 0
Net_id 101
pin_num 2
37 50 0
17 36 0
Net_id 102
pin_num 2
7 18 0
23 30 0
Net_id 103
pin_num 2
13 20 0
0 13 0
Net_id 104
pin_num 2
55 48 0
51 58 0
Net_id 105
pin_num 2
38 6 0
59 2 0
Net_id 106
pin_num 2
56 42 0
58 57 0
Net_id 107
pin_num 2
45 56 0
42 29 0
Net_id 108
pin_num 2
40 17 0
28 35 0
Net_id 109
pin_num 2
37 51 0
55 40 0
Net_id 110
pin_num 2
28 2 0
49 10 0
Net_id 111
pin_num 2
36 25 0
25 57 0
Net_id 112
pin_num 2
12 27 0
20 32 0
Net_id 113
pin_num 2
14 16 0
26 4 0
Net_id 114
pin_num 2
18 7 0
13 0 0
Net_id 115
pin_num 2
25 28 0
8 37 0
Net_id 116
pin_num 2
45 5 0
34 4 0
Net_id 117
pin_num 2
57 30 0
46 16 0
Net_id 118
pin_num 2
0 12 0
12 0 0
Net_id 119
pin_num 2
31 58 0
15 41 0
Net_id 120
pin_num 2
48 26 0
52 10 0
Net_id 121
pin_num 2
26 58 0
29 55 0
Net_id 122
pin_num 2
53 21 0
35 22 0
Net_id 123
pin_num 2
45 8 0
44 13 0
Net_id 124
pin_num 2
37 20 0
52 32 0
Net_id 125
pin_num 2
48 15 0
41 25 0
Net_id 126
pin_num 2
20 53 0
29 54 0
Net_id 127
pin_num 2
2 33 0
3 33 0
Net_id 128
pin_num 2
33 20 0
28 30 0
Net_id 129
pin_num 2
59 16 0
56 17 0
Net_id 130
pin_num 2
33 26 0
24 55 0
Net_id 131
pin_num 2
37 31 0
49 24 0
Net_id 132
pin_num 2
24 18 0
22 30 0
Net_id 133
pin_num 2
2 43 0
4 41 0
Net_id 134
pin_num 2
25 58 0
22 58 0
Net_id 135
pin_num 2
13 32 0
6 29 0
Net_id 136
pin_num 2
50 21 0
49 17 0
Net_id 137
pin_num 2
19 10 0
21 11 0
Net_id 138
pin_num 2
0 26 0
21 32 0
Net_id 139
pin_num 2
17 30 0
24 57 0
Net_id 140
pin_num 2
46 32 0
48 41 0
Net_id 141
pin_num 2
17 47 0
12 46 0
Net_id 142
pin_num 2
47 30 0
30 23 0
Net_id 143
pin_num 2
33 18 0
36 23 0
Net_id 144
pin_num 2
23 23 0
15 21 0
Net_id 145
pin_num 2
24 30 0
35 34 0
Net_id 146
pin_num 2
27 2 0
6 24 0
Net_id 147
pin_num 2
10 12 0
9 24 0
Net_id 148
pin_num 2
0 8 0
18 16 0
Net_id 149
pin_num 2
26 56 0
14 35 0
Net_id 150
pin_num 2
46 44 0
43 24 0
Net_id 151
pin_num 2
58 45 0
41 53 0
Net_id 152
pin_num 2
11 39 0
2 24 0
Net_id 153
pin_num 2
15 36 0
16 41 0
Net_id 154
pin_num 2
55 8 0
47 12 0
Net_id 155
pin_num 2
45 32 0
5 3 0
Net_id 156
pin_num 2
58 36 0
50 57 0
Net_id 157
pin_num 2
14 44 0
5 39 0
Net_id 158
pin_num 2
1 52 0
10 31 0
