Width 60
Height 60
Layer 6
Total_WL 6795
Obstacle_num 144
1 37 0 11 38 0
41 2 0 46 3 0
45 5 0 49 6 0
43 52 0 48 53 0
41 31 0 46 32 0
12 28 0 20 29 0
46 23 0 53 24 0
38 11 0 44 12 0
38 34 0 47 35 0
14 42 0 24 43 0
53 41 0 58 42 0
24 42 0 27 43 0
18 44 0 21 45 0
23 56 0 32 57 0
54 2 0 58 3 0
15 26 0 23 27 0
34 44 0 37 45 0
3 4 0 13 5 0
18 21 0 24 22 0
7 53 0 17 54 0
35 26 0 42 27 0
1 5 0 6 6 0
26 16 0 35 17 0
9 11 0 12 12 0
27 5 1 28 13 1
20 27 1 21 32 1
39 24 1 40 30 1
57 17 1 58 27 1
42 16 1 43 24 1
52 18 1 53 22 1
20 13 1 21 22 1
18 5 1 19 12 1
24 23 1 25 27 1
55 46 1 56 51 1
30 23 1 31 28 1
54 13 1 55 16 1
48 12 1 49 22 1
41 44 1 42 48 1
30 7 1 31 10 1
29 50 1 30 54 1
29 17 1 30 24 1
8 11 1 9 18 1
48 47 1 49 52 1
40 0 1 41 3 1
9 15 1 10 25 1
26 1 1 27 9 1
27 32 1 28 41 1
19 38 1 20 44 1
26 6 2 33 7 2
44 27 2 50 28 2
34 30 2 38 31 2
29 55 2 33 56 2
12 53 2 17 54 2
23 12 2 28 13 2
21 46 2 31 47 2
26 17 2 30 18 2
47 3 2 50 4 2
43 8 2 50 9 2
5 3 2 11 4 2
12 8 2 22 9 2
52 55 2 57 56 2
44 19 2 54 20 2
8 5 2 12 6 2
34 35 2 42 36 2
49 38 2 55 39 2
41 33 2 51 34 2
49 50 2 53 51 2
40 45 2 45 46 2
41 16 2 46 17 2
12 0 2 20 1 2
43 32 2 52 33 2
26 51 2 31 52 2
25 48 3 26 57 3
17 3 3 18 7 3
24 49 3 25 53 3
17 24 3 18 32 3
41 8 3 42 13 3
55 22 3 56 32 3
23 32 3 24 36 3
55 50 3 56 55 3
1 14 3 2 18 3
45 4 3 46 8 3
33 25 3 34 28 3
21 39 3 22 44 3
5 36 3 6 44 3
41 40 3 42 43 3
46 48 3 47 54 3
48 13 3 49 19 3
15 10 3 16 20 3
54 16 3 55 22 3
42 7 3 43 11 3
33 3 3 34 10 3
8 4 3 9 12 3
15 23 3 16 33 3
43 46 3 44 56 3
30 35 3 31 39 3
49 33 4 55 34 4
33 10 4 36 11 4
15 21 4 23 22 4
32 19 4 37 20 4
29 58 4 38 59 4
13 20 4 23 21 4
1 20 4 5 21 4
26 23 4 29 24 4
9 8 4 19 9 4
19 9 4 23 10 4
28 49 4 35 50 4
30 45 4 39 46 4
36 44 4 46 45 4
31 57 4 41 58 4
17 35 4 25 36 4
2 34 4 10 35 4
48 5 4 56 6 4
31 52 4 40 53 4
46 8 4 53 9 4
37 41 4 43 42 4
52 16 4 57 17 4
11 26 4 16 27 4
13 53 4 16 54 4
20 14 4 27 15 4
20 20 5 21 25 5
37 22 5 38 26 5
8 53 5 9 57 5
5 22 5 6 32 5
31 7 5 32 12 5
58 47 5 59 56 5
43 41 5 44 47 5
33 20 5 34 24 5
11 48 5 12 55 5
14 10 5 15 14 5
11 12 5 12 22 5
51 29 5 52 32 5
38 35 5 39 42 5
30 10 5 31 20 5
38 45 5 39 51 5
45 3 5 46 7 5
9 27 5 10 31 5
34 1 5 35 10 5
16 30 5 17 38 5
0 45 5 1 49 5
6 5 5 7 13 5
56 49 5 57 52 5
38 52 5 39 56 5
31 14 5 32 18 5
Net_num 163
Net_id 0
pin_num 5
5 13 0
5 18 0
4 14 0
4 12 0
1 23 0
Net_id 1
pin_num 5
24 5 0
37 8 0
30 21 0
44 0 0
38 0 0
Net_id 2
pin_num 5
38 39 0
48 37 0
42 37 0
19 39 0
43 45 0
Net_id 3
pin_num 5
22 25 0
19 23 0
15 24 0
10 22 0
2 24 0
Net_id 4
pin_num 5
41 21 0
33 28 0
40 8 0
36 23 0
59 23 0
Net_id 5
pin_num 5
50 1 0
54 1 0
45 0 0
52 9 0
32 4 0
Net_id 6
pin_num 5
38 51 0
57 51 0
44 59 0
32 57 0
43 58 0
Net_id 7
pin_num 5
25 51 0
33 51 0
30 40 0
17 46 0
0 51 0
Net_id 8
pin_num 5
20 53 0
6 47 0
25 59 0
17 44 0
24 47 0
Net_id 9
pin_num 5
28 20 0
14 22 0
21 28 0
25 15 0
11 24 0
Net_id 10
pin_num 5
22 13 0
33 13 0
56 13 0
46 24 0
55 7 0
Net_id 11
pin_num 5
8 7 0
2 1 0
2 12 0
11 3 0
6 22 0
Net_id 12
pin_num 5
14 57 0
20 57 0
8 59 0
31 55 0
25 37 0
Net_id 13
pin_num 5
39 22 0
30 22 0
31 45 0
17 39 0
45 39 0
Net_id 14
pin_num 5
32 30 0
44 36 0
28 34 0
18 39 0
44 23 0
Net_id 15
pin_num 5
16 36 0
22 43 0
21 34 0
18 18 0
1 24 0
Net_id 16
pin_num 5
42 32 0
55 32 0
45 20 0
43 15 0
51 28 0
Net_id 17
pin_num 5
37 28 0
28 21 0
28 7 0
44 11 0
31 15 0
Net_id 18
pin_num 5
49 45 0
58 53 0
59 33 0
52 52 0
52 41 0
Net_id 19
pin_num 5
18 12 0
18 17 0
7 14 0
14 17 0
17 5 0
Net_id 20
pin_num 5
14 44 0
10 47 0
33 41 0
0 52 0
0 24 0
Net_id 21
pin_num 4
48 39 0
53 35 0
44 44 0
50 27 0
Net_id 22
pin_num 4
23 2 0
14 5 0
33 2 0
12 0 0
Net_id 23
pin_num 4
23 22 0
32 33 0
23 31 0
21 36 0
Net_id 24
pin_num 4
31 32 0
35 24 0
19 16 0
10 32 0
Net_id 25
pin_num 4
4 59 0
6 53 0
12 49 0
8 44 0
Net_id 26
pin_num 4
20 31 0
2 34 0
13 18 0
10 43 0
Net_id 27
pin_num 4
55 18 0
43 19 0
49 34 0
59 31 0
Net_id 28
pin_num 4
3 43 0
0 23 0
1 45 0
16 34 0
Net_id 29
pin_num 4
17 15 0
41 14 0
41 36 0
59 20 0
Net_id 30
pin_num 4
43 47 0
56 49 0
49 46 0
26 41 0
Net_id 31
pin_num 4
44 9 0
33 1 0
25 9 0
24 0 0
Net_id 32
pin_num 4
8 52 0
0 55 0
20 45 0
11 54 0
Net_id 33
pin_num 4
0 56 0
8 56 0
1 59 0
4 43 0
Net_id 34
pin_num 4
32 3 0
41 10 0
59 10 0
45 1 0
Net_id 35
pin_num 4
28 33 0
23 43 0
16 32 0
23 26 0
Net_id 36
pin_num 4
22 47 0
27 58 0
17 43 0
31 49 0
Net_id 37
pin_num 4
49 8 0
55 3 0
54 12 0
39 2 0
Net_id 38
pin_num 4
43 26 0
48 27 0
47 36 0
47 59 0
Net_id 39
pin_num 4
11 45 0
28 48 0
3 51 0
25 50 0
Net_id 40
pin_num 4
3 34 0
14 30 0
42 30 0
28 45 0
Net_id 41
pin_num 3
34 51 0
51 59 0
49 55 0
Net_id 42
pin_num 3
13 16 0
22 23 0
1 2 0
Net_id 43
pin_num 3
31 40 0
51 49 0
59 56 0
Net_id 44
pin_num 3
13 59 0
5 57 0
5 43 0
Net_id 45
pin_num 3
0 9 0
7 11 0
35 2 0
Net_id 46
pin_num 3
32 7 0
26 8 0
30 14 0
Net_id 47
pin_num 3
26 44 0
13 57 0
2 45 0
Net_id 48
pin_num 3
36 31 0
41 50 0
59 25 0
Net_id 49
pin_num 3
36 32 0
30 31 0
46 29 0
Net_id 50
pin_num 3
22 52 0
13 52 0
18 58 0
Net_id 51
pin_num 3
27 42 0
36 38 0
51 37 0
Net_id 52
pin_num 3
25 17 0
32 42 0
26 34 0
Net_id 53
pin_num 3
3 23 0
9 1 0
1 55 0
Net_id 54
pin_num 3
24 11 0
12 23 0
4 29 0
Net_id 55
pin_num 3
48 2 0
45 11 0
25 5 0
Net_id 56
pin_num 3
1 26 0
11 26 0
11 13 0
Net_id 57
pin_num 3
52 16 0
59 17 0
57 11 0
Net_id 58
pin_num 3
56 14 0
58 29 0
58 43 0
Net_id 59
pin_num 3
37 59 0
39 49 0
34 59 0
Net_id 60
pin_num 3
54 23 0
39 16 0
32 21 0
Net_id 61
pin_num 3
21 13 0
0 19 0
9 6 0
Net_id 62
pin_num 3
34 57 0
27 53 0
39 55 0
Net_id 63
pin_num 3
12 32 0
21 31 0
16 23 0
Net_id 64
pin_num 3
12 31 0
8 22 0
35 16 0
Net_id 65
pin_num 3
2 58 0
4 42 0
23 55 0
Net_id 66
pin_num 3
9 30 0
22 40 0
27 44 0
Net_id 67
pin_num 3
59 34 0
51 34 0
59 14 0
Net_id 68
pin_num 3
49 2 0
56 3 0
56 19 0
Net_id 69
pin_num 3
48 22 0
53 31 0
50 0 0
Net_id 70
pin_num 3
20 41 0
2 51 0
5 41 0
Net_id 71
pin_num 3
50 58 0
59 57 0
53 49 0
Net_id 72
pin_num 3
12 10 0
21 8 0
4 10 0
Net_id 73
pin_num 3
17 14 0
7 13 0
22 11 0
Net_id 74
pin_num 3
47 57 0
39 36 0
26 54 0
Net_id 75
pin_num 3
26 58 0
12 48 0
0 58 0
Net_id 76
pin_num 3
27 17 0
44 17 0
40 17 0
Net_id 77
pin_num 3
34 38 0
45 53 0
58 27 0
Net_id 78
pin_num 3
25 1 0
29 14 0
27 28 0
Net_id 79
pin_num 3
5 30 0
10 20 0
0 28 0
Net_id 80
pin_num 3
12 15 0
18 3 0
31 6 0
Net_id 81
pin_num 2
36 11 0
37 7 0
Net_id 82
pin_num 2
4 45 0
21 12 0
Net_id 83
pin_num 2
28 4 0
23 0 0
Net_id 84
pin_num 2
51 4 0
22 3 0
Net_id 85
pin_num 2
9 20 0
1 25 0
Net_id 86
pin_num 2
26 19 0
22 12 0
Net_id 87
pin_num 2
24 29 0
28 40 0
Net_id 88
pin_num 2
26 7 0
15 7 0
Net_id 89
pin_num 2
21 45 0
35 37 0
Net_id 90
pin_num 2
49 6 0
40 3 0
Net_id 91
pin_num 2
34 15 0
53 25 0
Net_id 92
pin_num 2
5 27 0
6 36 0
Net_id 93
pin_num 2
57 0 0
49 1 0
Net_id 94
pin_num 2
42 33 0
52 35 0
Net_id 95
pin_num 2
37 12 0
45 12 0
Net_id 96
pin_num 2
33 42 0
57 44 0
Net_id 97
pin_num 2
56 6 0
28 12 0
Net_id 98
pin_num 2
26 12 0
1 3 0
Net_id 99
pin_num 2
5 12 0
20 5 0
Net_id 100
pin_num 2
18 19 0
27 4 0
Net_id 101
pin_num 2
50 7 0
57 27 0
Net_id 102
pin_num 2
27 14 0
22 14 0
Net_id 103
pin_num 2
11 40 0
1 38 0
Net_id 104
pin_num 2
10 49 0
4 49 0
Net_id 105
pin_num 2
25 24 0
22 31 0
Net_id 106
pin_num 2
22 15 0
28 1 0
Net_id 107
pin_num 2
34 7 0
22 24 0
Net_id 108
pin_num 2
9 49 0
7 35 0
Net_id 109
pin_num 2
50 30 0
46 35 0
Net_id 110
pin_num 2
39 48 0
54 38 0
Net_id 111
pin_num 2
5 53 0
1 57 0
Net_id 112
pin_num 2
37 1 0
44 3 0
Net_id 113
pin_num 2
58 56 0
38 49 0
Net_id 114
pin_num 2
10 15 0
7 17 0
Net_id 115
pin_num 2
43 16 0
58 4 0
Net_id 116
pin_num 2
59 51 0
51 52 0
Net_id 117
pin_num 2
32 43 0
38 43 0
Net_id 118
pin_num 2
57 24 0
47 11 0
Net_id 119
pin_num 2
42 23 0
36 37 0
Net_id 120
pin_num 2
28 26 0
38 37 0
Net_id 121
pin_num 2
4 30 0
10 18 0
Net_id 122
pin_num 2
0 8 0
12 13 0
Net_id 123
pin_num 2
19 58 0
26 59 0
Net_id 124
pin_num 2
44 7 0
30 28 0
Net_id 125
pin_num 2
32 41 0
25 25 0
Net_id 126
pin_num 2
7 25 0
1 11 0
Net_id 127
pin_num 2
24 32 0
34 20 0
Net_id 128
pin_num 2
42 29 0
30 29 0
Net_id 129
pin_num 2
11 43 0
23 54 0
Net_id 130
pin_num 2
43 53 0
56 48 0
Net_id 131
pin_num 2
28 19 0
45 35 0
Net_id 132
pin_num 2
48 46 0
45 45 0
Net_id 133
pin_num 2
38 7 0
39 8 0
Net_id 134
pin_num 2
3 18 0
12 21 0
Net_id 135
pin_num 2
35 12 0
26 10 0
Net_id 136
pin_num 2
47 22 0
40 28 0
Net_id 137
pin_num 2
26 38 0
23 37 0
Net_id 138
pin_num 2
31 58 0
36 45 0
Net_id 139
pin_num 2
58 19 0
47 1 0
Net_id 140
pin_num 2
23 12 0
24 17 0
Net_id 141
pin_num 2
8 29 0
32 20 0
Net_id 142
pin_num 2
21 18 0
35 8 0
Net_id 143
pin_num 2
2 42 0
9 48 0
Net_id 144
pin_num 2
29 59 0
44 55 0
Net_id 145
pin_num 2
13 29 0
16 25 0
Net_id 146
pin_num 2
21 47 0
14 50 0
Net_id 147
pin_num 2
34 46 0
56 53 0
Net_id 148
pin_num 2
56 31 0
51 38 0
Net_id 149
pin_num 2
18 54 0
26 35 0
Net_id 150
pin_num 2
30 55 0
44 43 0
Net_id 151
pin_num 2
14 26 0
22 10 0
Net_id 152
pin_num 2
12 57 0
13 55 0
Net_id 153
pin_num 2
3 7 0
13 1 0
Net_id 154
pin_num 2
25 3 0
30 5 0
Net_id 155
pin_num 2
57 57 0
59 59 0
Net_id 156
pin_num 2
52 44 0
49 54 0
Net_id 157
pin_num 2
7 22 0
0 22 0
Net_id 158
pin_num 2
24 24 0
18 20 0
Net_id 159
pin_num 2
58 7 0
53 22 0
Net_id 160
pin_num 2
53 55 0
58 48 0
Net_id 161
pin_num 2
26 27 0
41 27 0
Net_id 162
pin_num 2
41 55 0
37 54 0
