Width 60
Height 60
Layer 6
Total_WL 6550
Obstacle_num 144
28 48 0 33 49 0
19 42 0 22 43 0
20 6 0 24 7 0
49 33 0 58 34 0
37 50 0 46 51 0
4 4 0 10 5 0
8 50 0 17 51 0
9 3 0 12 4 0
13 21 0 21 22 0
46 38 0 49 39 0
33 9 0 43 10 0
43 2 0 51 3 0
29 58 0 35 59 0
36 53 0 46 54 0
38 46 0 45 47 0
27 47 0 31 48 0
36 39 0 46 40 0
49 18 0 52 19 0
24 11 0 31 12 0
48 53 0 53 54 0
5 7 0 15 8 0
36 42 0 39 43 0
26 42 0 36 43 0
49 58 0 59 59 0
51 35 1 52 39 1
51 4 1 52 14 1
31 1 1 32 8 1
14 38 1 15 41 1
35 0 1 36 5 1
33 25 1 34 34 1
15 14 1 16 18 1
38 12 1 39 16 1
42 18 1 43 28 1
30 6 1 31 13 1
7 20 1 8 29 1
56 15 1 57 20 1
51 48 1 52 51 1
57 46 1 58 56 1
5 36 1 6 42 1
24 30 1 25 33 1
40 26 1 41 33 1
39 53 1 40 59 1
19 10 1 20 20 1
37 2 1 38 11 1
25 11 1 26 15 1
28 21 1 29 24 1
13 3 1 14 10 1
18 6 1 19 11 1
19 27 2 28 28 2
34 50 2 44 51 2
6 36 2 13 37 2
25 6 2 28 7 2
25 58 2 31 59 2
18 49 2 23 50 2
3 54 2 9 55 2
49 29 2 54 30 2
8 18 2 17 19 2
6 16 2 9 17 2
7 46 2 15 47 2
37 39 2 46 40 2
29 28 2 36 29 2
51 4 2 55 5 2
6 49 2 9 50 2
20 44 2 25 45 2
9 27 2 18 28 2
17 6 2 22 7 2
50 15 2 59 16 2
22 38 2 30 39 2
0 29 2 4 30 2
35 26 2 38 27 2
45 52 2 52 53 2
14 23 2 24 24 2
17 3 3 18 11 3
29 40 3 30 50 3
20 23 3 21 33 3
2 27 3 3 37 3
28 53 3 29 56 3
51 47 3 52 55 3
33 10 3 34 20 3
12 22 3 13 31 3
5 35 3 6 41 3
41 29 3 42 38 3
4 14 3 5 23 3
25 38 3 26 46 3
39 47 3 40 52 3
39 38 3 40 43 3
5 2 3 6 9 3
6 44 3 7 48 3
26 15 3 27 20 3
37 52 3 38 56 3
19 7 3 20 12 3
48 7 3 49 17 3
58 38 3 59 45 3
9 13 3 10 21 3
26 6 3 27 13 3
32 26 3 33 31 3
39 23 4 47 24 4
28 23 4 37 24 4
40 30 4 50 31 4
46 31 4 53 32 4
33 40 4 37 41 4
9 24 4 18 25 4
33 50 4 40 51 4
23 35 4 33 36 4
25 32 4 28 33 4
8 10 4 11 11 4
31 27 4 36 28 4
36 2 4 41 3 4
5 7 4 8 8 4
46 4 4 55 5 4
25 12 4 35 13 4
28 7 4 34 8 4
12 3 4 20 4 4
35 28 4 40 29 4
45 9 4 54 10 4
18 14 4 27 15 4
1 31 4 4 32 4
48 46 4 51 47 4
9 37 4 19 38 4
15 1 4 19 2 4
10 27 5 11 30 5
45 29 5 46 33 5
1 34 5 2 38 5
31 14 5 32 22 5
33 26 5 34 29 5
47 52 5 48 58 5
17 44 5 18 49 5
50 10 5 51 19 5
8 47 5 9 51 5
11 26 5 12 31 5
16 34 5 17 37 5
51 5 5 52 13 5
0 6 5 1 12 5
54 18 5 55 24 5
44 19 5 45 29 5
28 11 5 29 18 5
3 38 5 4 43 5
17 26 5 18 36 5
5 38 5 6 41 5
32 3 5 33 10 5
2 5 5 3 12 5
36 35 5 37 39 5
39 47 5 40 56 5
19 48 5 20 57 5
Net_num 159
Net_id 0
pin_num 5
25 9 0
10 14 0
14 2 0
12 0 0
25 0 0
Net_id 1
pin_num 5
14 29 0
11 29 0
17 29 0
11 35 0
11 12 0
Net_id 2
pin_num 5
49 37 0
55 40 0
54 28 0
56 37 0
59 18 0
Net_id 3
pin_num 5
27 29 0
14 22 0
19 36 0
42 36 0
19 34 0
Net_id 4
pin_num 5
53 40 0
53 36 0
59 46 0
58 45 0
58 41 0
Net_id 5
pin_num 5
46 33 0
33 39 0
28 39 0
22 35 0
34 39 0
Net_id 6
pin_num 5
39 6 0
31 6 0
32 29 0
49 12 0
27 20 0
Net_id 7
pin_num 5
4 26 0
17 30 0
17 41 0
10 17 0
18 46 0
Net_id 8
pin_num 5
20 50 0
17 51 0
15 59 0
17 28 0
12 32 0
Net_id 9
pin_num 5
17 10 0
12 13 0
16 0 0
31 9 0
3 1 0
Net_id 10
pin_num 5
43 42 0
49 49 0
45 46 0
51 44 0
44 22 0
Net_id 11
pin_num 5
14 8 0
22 8 0
0 8 0
35 8 0
36 0 0
Net_id 12
pin_num 5
32 2 0
40 4 0
40 8 0
36 12 0
19 5 0
Net_id 13
pin_num 5
4 8 0
1 10 0
1 27 0
0 33 0
16 26 0
Net_id 14
pin_num 5
57 17 0
53 14 0
56 0 0
54 40 0
40 18 0
Net_id 15
pin_num 5
0 46 0
2 56 0
4 59 0
14 46 0
12 49 0
Net_id 16
pin_num 5
55 2 0
58 10 0
58 14 0
37 0 0
46 11 0
Net_id 17
pin_num 5
47 13 0
57 12 0
48 21 0
52 5 0
41 3 0
Net_id 18
pin_num 5
26 14 0
17 25 0
9 12 0
23 25 0
36 14 0
Net_id 19
pin_num 4
14 31 0
8 31 0
12 17 0
0 27 0
Net_id 20
pin_num 4
24 51 0
26 49 0
30 46 0
39 59 0
Net_id 21
pin_num 4
4 11 0
5 19 0
3 18 0
18 25 0
Net_id 22
pin_num 4
36 16 0
45 13 0
36 40 0
41 38 0
Net_id 23
pin_num 4
5 22 0
7 30 0
25 27 0
16 35 0
Net_id 24
pin_num 4
42 18 0
47 19 0
47 39 0
37 23 0
Net_id 25
pin_num 4
20 35 0
22 25 0
22 13 0
28 24 0
Net_id 26
pin_num 4
12 44 0
22 38 0
0 55 0
9 25 0
Net_id 27
pin_num 4
39 15 0
23 10 0
28 12 0
20 0 0
Net_id 28
pin_num 4
30 55 0
25 55 0
46 55 0
41 59 0
Net_id 29
pin_num 4
51 32 0
59 30 0
41 31 0
53 15 0
Net_id 30
pin_num 4
17 15 0
34 19 0
30 23 0
27 12 0
Net_id 31
pin_num 4
50 36 0
47 53 0
37 43 0
30 43 0
Net_id 32
pin_num 4
9 45 0
23 42 0
21 33 0
5 42 0
Net_id 33
pin_num 4
46 14 0
40 13 0
21 17 0
9 17 0
Net_id 34
pin_num 4
26 27 0
38 30 0
48 30 0
39 20 0
Net_id 35
pin_num 4
29 30 0
26 22 0
20 30 0
47 26 0
Net_id 36
pin_num 4
24 33 0
35 41 0
35 22 0
35 58 0
Net_id 37
pin_num 4
31 54 0
45 55 0
47 59 0
38 52 0
Net_id 38
pin_num 4
14 52 0
27 57 0
19 43 0
46 54 0
Net_id 39
pin_num 3
46 34 0
55 30 0
59 33 0
Net_id 40
pin_num 3
27 56 0
40 52 0
31 47 0
Net_id 41
pin_num 3
42 11 0
29 1 0
59 29 0
Net_id 42
pin_num 3
52 38 0
48 47 0
32 41 0
Net_id 43
pin_num 3
30 53 0
10 54 0
5 58 0
Net_id 44
pin_num 3
29 54 0
3 58 0
1 58 0
Net_id 45
pin_num 3
34 1 0
26 1 0
3 2 0
Net_id 46
pin_num 3
53 51 0
53 57 0
37 51 0
Net_id 47
pin_num 3
57 25 0
39 14 0
27 25 0
Net_id 48
pin_num 3
9 30 0
5 53 0
21 50 0
Net_id 49
pin_num 3
2 11 0
0 24 0
4 34 0
Net_id 50
pin_num 3
6 3 0
3 27 0
23 13 0
Net_id 51
pin_num 3
5 14 0
14 16 0
1 16 0
Net_id 52
pin_num 3
0 48 0
23 49 0
1 30 0
Net_id 53
pin_num 3
24 58 0
21 55 0
31 51 0
Net_id 54
pin_num 3
9 5 0
29 2 0
22 10 0
Net_id 55
pin_num 3
7 18 0
21 28 0
11 37 0
Net_id 56
pin_num 3
32 57 0
40 42 0
23 48 0
Net_id 57
pin_num 3
58 5 0
49 16 0
30 16 0
Net_id 58
pin_num 3
32 10 0
38 3 0
15 14 0
Net_id 59
pin_num 3
3 51 0
13 41 0
27 37 0
Net_id 60
pin_num 3
2 0 0
12 15 0
4 5 0
Net_id 61
pin_num 3
51 28 0
59 34 0
27 28 0
Net_id 62
pin_num 3
51 43 0
53 35 0
55 24 0
Net_id 63
pin_num 3
32 47 0
37 56 0
12 47 0
Net_id 64
pin_num 3
50 16 0
57 29 0
32 32 0
Net_id 65
pin_num 3
51 22 0
57 19 0
58 9 0
Net_id 66
pin_num 3
21 22 0
37 37 0
3 25 0
Net_id 67
pin_num 3
23 12 0
9 11 0
9 2 0
Net_id 68
pin_num 3
41 34 0
32 38 0
4 38 0
Net_id 69
pin_num 3
41 25 0
38 35 0
35 11 0
Net_id 70
pin_num 3
40 35 0
43 25 0
59 1 0
Net_id 71
pin_num 3
45 30 0
34 22 0
58 33 0
Net_id 72
pin_num 3
7 58 0
20 55 0
10 33 0
Net_id 73
pin_num 3
50 4 0
45 3 0
59 4 0
Net_id 74
pin_num 3
33 12 0
29 14 0
29 38 0
Net_id 75
pin_num 3
27 36 0
34 25 0
42 44 0
Net_id 76
pin_num 3
44 6 0
52 17 0
42 2 0
Net_id 77
pin_num 3
53 41 0
48 45 0
59 52 0
Net_id 78
pin_num 2
56 44 0
48 58 0
Net_id 79
pin_num 2
54 54 0
57 57 0
Net_id 80
pin_num 2
54 39 0
53 30 0
Net_id 81
pin_num 2
24 55 0
21 57 0
Net_id 82
pin_num 2
32 0 0
35 7 0
Net_id 83
pin_num 2
14 14 0
9 21 0
Net_id 84
pin_num 2
31 19 0
32 4 0
Net_id 85
pin_num 2
38 56 0
49 36 0
Net_id 86
pin_num 2
30 38 0
52 44 0
Net_id 87
pin_num 2
20 19 0
9 52 0
Net_id 88
pin_num 2
46 17 0
37 17 0
Net_id 89
pin_num 2
20 57 0
15 57 0
Net_id 90
pin_num 2
2 50 0
8 55 0
Net_id 91
pin_num 2
51 20 0
37 32 0
Net_id 92
pin_num 2
53 27 0
38 27 0
Net_id 93
pin_num 2
20 56 0
16 55 0
Net_id 94
pin_num 2
7 27 0
10 30 0
Net_id 95
pin_num 2
57 1 0
41 0 0
Net_id 96
pin_num 2
45 27 0
40 27 0
Net_id 97
pin_num 2
0 34 0
24 43 0
Net_id 98
pin_num 2
44 0 0
20 10 0
Net_id 99
pin_num 2
49 0 0
49 10 0
Net_id 100
pin_num 2
46 45 0
34 53 0
Net_id 101
pin_num 2
55 48 0
55 45 0
Net_id 102
pin_num 2
7 13 0
3 32 0
Net_id 103
pin_num 2
26 15 0
37 24 0
Net_id 104
pin_num 2
52 47 0
58 37 0
Net_id 105
pin_num 2
33 23 0
21 31 0
Net_id 106
pin_num 2
0 41 0
10 15 0
Net_id 107
pin_num 2
59 3 0
48 3 0
Net_id 108
pin_num 2
2 1 0
7 15 0
Net_id 109
pin_num 2
49 45 0
56 48 0
Net_id 110
pin_num 2
16 15 0
4 0 0
Net_id 111
pin_num 2
0 45 0
7 52 0
Net_id 112
pin_num 2
33 10 0
41 21 0
Net_id 113
pin_num 2
18 31 0
14 17 0
Net_id 114
pin_num 2
34 24 0
25 18 0
Net_id 115
pin_num 2
27 49 0
39 52 0
Net_id 116
pin_num 2
47 32 0
51 23 0
Net_id 117
pin_num 2
13 33 0
24 20 0
Net_id 118
pin_num 2
42 48 0
3 56 0
Net_id 119
pin_num 2
15 51 0
3 23 0
Net_id 120
pin_num 2
19 59 0
36 51 0
Net_id 121
pin_num 2
13 18 0
2 14 0
Net_id 122
pin_num 2
31 21 0
24 21 0
Net_id 123
pin_num 2
47 9 0
43 12 0
Net_id 124
pin_num 2
10 25 0
30 18 0
Net_id 125
pin_num 2
56 55 0
50 50 0
Net_id 126
pin_num 2
54 52 0
44 59 0
Net_id 127
pin_num 2
30 45 0
21 45 0
Net_id 128
pin_num 2
33 36 0
41 32 0
Net_id 129
pin_num 2
49 54 0
42 58 0
Net_id 130
pin_num 2
58 47 0
50 47 0
Net_id 131
pin_num 2
48 55 0
46 57 0
Net_id 132
pin_num 2
46 12 0
58 34 0
Net_id 133
pin_num 2
2 17 0
21 32 0
Net_id 134
pin_num 2
37 13 0
39 4 0
Net_id 135
pin_num 2
59 31 0
52 35 0
Net_id 136
pin_num 2
50 40 0
55 57 0
Net_id 137
pin_num 2
10 47 0
10 43 0
Net_id 138
pin_num 2
45 24 0
51 42 0
Net_id 139
pin_num 2
1 7 0
4 18 0
Net_id 140
pin_num 2
1 2 0
7 10 0
Net_id 141
pin_num 2
9 36 0
19 37 0
Net_id 142
pin_num 2
21 13 0
14 12 0
Net_id 143
pin_num 2
32 37 0
55 44 0
Net_id 144
pin_num 2
8 52 0
7 55 0
Net_id 145
pin_num 2
8 2 0
3 11 0
Net_id 146
pin_num 2
1 26 0
7 12 0
Net_id 147
pin_num 2
24 46 0
6 58 0
Net_id 148
pin_num 2
47 37 0
38 44 0
Net_id 149
pin_num 2
45 19 0
31 13 0
Net_id 150
pin_num 2
49 24 0
58 1 0
Net_id 151
pin_num 2
54 23 0
57 0 0
Net_id 152
pin_num 2
3 38 0
1 47 0
Net_id 153
pin_num 2
18 17 0
13 20 0
Net_id 154
pin_num 2
8 22 0
28 4 0
Net_id 155
pin_num 2
35 40 0
21 40 0
Net_id 156
pin_num 2
59 0 0
45 11 0
Net_id 157
pin_num 2
2 49 0
0 36 0
Net_id 158
pin_num 2
6 0 0
2 10 0
