Width 60
Height 60
Layer 6
Total_WL 7079
Obstacle_num 144
7 28 0 11 29 0
36 8 0 41 9 0
17 45 0 27 46 0
8 13 0 18 14 0
8 9 0 17 10 0
24 58 0 34 59 0
17 54 0 27 55 0
3 54 0 9 55 0
19 21 0 29 22 0
38 23 0 48 24 0
18 14 0 26 15 0
41 28 0 46 29 0
40 53 0 46 54 0
6 16 0 13 17 0
39 44 0 47 45 0
13 33 0 21 34 0
50 19 0 58 20 0
27 42 0 37 43 0
35 6 0 38 7 0
35 55 0 39 56 0
6 53 0 10 54 0
15 51 0 25 52 0
40 3 0 50 4 0
20 53 0 27 54 0
25 43 1 26 46 1
26 45 1 27 51 1
28 17 1 29 25 1
53 0 1 54 6 1
9 26 1 10 35 1
41 45 1 42 48 1
5 7 1 6 15 1
37 16 1 38 26 1
2 25 1 3 30 1
45 3 1 46 11 1
28 51 1 29 59 1
47 3 1 48 7 1
33 41 1 34 45 1
27 1 1 28 6 1
13 17 1 14 25 1
51 10 1 52 17 1
4 17 1 5 26 1
28 39 1 29 42 1
13 41 1 14 45 1
16 38 1 17 47 1
55 20 1 56 26 1
34 9 1 35 17 1
38 21 1 39 27 1
50 26 1 51 32 1
22 42 2 29 43 2
55 53 2 58 54 2
50 34 2 58 35 2
19 38 2 27 39 2
36 22 2 46 23 2
11 30 2 18 31 2
52 55 2 55 56 2
41 16 2 51 17 2
39 10 2 47 11 2
39 0 2 42 1 2
10 4 2 14 5 2
26 58 2 36 59 2
43 13 2 46 14 2
0 0 2 4 1 2
35 40 2 41 41 2
26 17 2 30 18 2
56 43 2 59 44 2
8 27 2 18 28 2
29 15 2 34 16 2
25 14 2 30 15 2
22 56 2 26 57 2
17 5 2 26 6 2
39 48 2 43 49 2
11 33 2 20 34 2
48 50 3 49 59 3
45 44 3 46 49 3
43 37 3 44 40 3
3 20 3 4 23 3
55 14 3 56 17 3
47 15 3 48 25 3
4 30 3 5 35 3
13 12 3 14 22 3
7 33 3 8 38 3
20 10 3 21 15 3
51 23 3 52 33 3
17 33 3 18 43 3
55 47 3 56 50 3
48 8 3 49 18 3
0 30 3 1 33 3
33 39 3 34 45 3
8 9 3 9 18 3
6 50 3 7 54 3
2 22 3 3 28 3
41 24 3 42 34 3
38 6 3 39 12 3
14 14 3 15 24 3
11 30 3 12 37 3
15 35 3 16 41 3
36 30 4 46 31 4
25 21 4 31 22 4
9 29 4 17 30 4
5 6 4 14 7 4
17 5 4 27 6 4
25 51 4 30 52 4
44 32 4 50 33 4
3 34 4 9 35 4
31 36 4 38 37 4
52 35 4 58 36 4
40 29 4 43 30 4
33 23 4 38 24 4
39 15 4 46 16 4
50 6 4 59 7 4
53 0 4 59 1 4
51 19 4 57 20 4
42 56 4 45 57 4
38 14 4 42 15 4
8 9 4 15 10 4
8 4 4 15 5 4
32 4 4 41 5 4
43 7 4 51 8 4
42 25 4 48 26 4
46 49 4 50 50 4
33 12 5 34 18 5
29 12 5 30 19 5
0 30 5 1 39 5
15 24 5 16 30 5
22 45 5 23 51 5
36 19 5 37 25 5
3 52 5 4 57 5
2 6 5 3 15 5
43 26 5 44 35 5
41 17 5 42 27 5
33 7 5 34 12 5
20 29 5 21 33 5
45 21 5 46 25 5
44 23 5 45 30 5
7 46 5 8 49 5
16 44 5 17 52 5
56 35 5 57 42 5
40 12 5 41 21 5
32 16 5 33 22 5
40 44 5 41 54 5
35 1 5 36 9 5
58 2 5 59 8 5
20 0 5 21 6 5
20 46 5 21 54 5
Net_num 164
Net_id 0
pin_num 5
23 31 0
23 16 0
9 31 0
39 16 0
28 9 0
Net_id 1
pin_num 5
11 23 0
1 29 0
10 26 0
8 34 0
8 35 0
Net_id 2
pin_num 5
23 50 0
13 50 0
14 41 0
0 49 0
14 18 0
Net_id 3
pin_num 5
36 26 0
40 26 0
29 26 0
36 37 0
32 29 0
Net_id 4
pin_num 5
41 46 0
33 46 0
39 50 0
24 47 0
28 38 0
Net_id 5
pin_num 5
59 14 0
55 14 0
59 9 0
53 12 0
47 7 0
Net_id 6
pin_num 5
44 43 0
43 31 0
59 34 0
45 21 0
30 33 0
Net_id 7
pin_num 5
16 59 0
2 54 0
0 56 0
5 45 0
27 53 0
Net_id 8
pin_num 5
3 6 0
10 14 0
10 20 0
0 11 0
0 16 0
Net_id 9
pin_num 5
59 6 0
55 1 0
40 4 0
43 15 0
46 10 0
Net_id 10
pin_num 5
53 33 0
54 48 0
53 27 0
54 31 0
38 36 0
Net_id 11
pin_num 5
51 58 0
56 57 0
57 59 0
54 54 0
59 54 0
Net_id 12
pin_num 5
14 23 0
16 17 0
15 46 0
16 10 0
15 10 0
Net_id 13
pin_num 5
23 36 0
30 32 0
17 32 0
30 14 0
40 11 0
Net_id 14
pin_num 5
24 7 0
21 18 0
23 15 0
12 14 0
26 11 0
Net_id 15
pin_num 5
55 45 0
52 37 0
57 37 0
53 43 0
59 46 0
Net_id 16
pin_num 5
26 14 0
15 8 0
26 29 0
22 20 0
31 21 0
Net_id 17
pin_num 5
27 50 0
38 40 0
36 45 0
51 45 0
31 46 0
Net_id 18
pin_num 5
51 56 0
56 46 0
46 40 0
49 36 0
51 47 0
Net_id 19
pin_num 5
0 36 0
0 45 0
1 47 0
0 39 0
9 44 0
Net_id 20
pin_num 5
51 13 0
37 14 0
38 1 0
59 21 0
48 8 0
Net_id 21
pin_num 4
17 18 0
22 34 0
19 34 0
11 24 0
Net_id 22
pin_num 4
26 25 0
42 31 0
37 42 0
41 12 0
Net_id 23
pin_num 4
15 38 0
21 44 0
7 42 0
44 39 0
Net_id 24
pin_num 4
58 34 0
44 27 0
56 40 0
45 12 0
Net_id 25
pin_num 4
23 19 0
29 36 0
25 8 0
25 22 0
Net_id 26
pin_num 4
25 7 0
36 11 0
27 10 0
42 7 0
Net_id 27
pin_num 4
1 45 0
18 43 0
1 31 0
9 37 0
Net_id 28
pin_num 4
31 44 0
27 43 0
19 35 0
24 59 0
Net_id 29
pin_num 4
35 54 0
41 54 0
53 49 0
53 48 0
Net_id 30
pin_num 4
2 15 0
6 2 0
24 0 0
0 0 0
Net_id 31
pin_num 4
11 37 0
3 50 0
6 55 0
6 57 0
Net_id 32
pin_num 4
29 21 0
40 24 0
50 24 0
48 38 0
Net_id 33
pin_num 4
34 1 0
23 4 0
25 5 0
33 24 0
Net_id 34
pin_num 4
39 2 0
29 11 0
20 10 0
50 6 0
Net_id 35
pin_num 4
47 11 0
42 17 0
43 0 0
59 8 0
Net_id 36
pin_num 4
50 0 0
56 7 0
56 27 0
53 21 0
Net_id 37
pin_num 4
12 17 0
11 21 0
3 17 0
6 31 0
Net_id 38
pin_num 4
22 10 0
31 14 0
36 23 0
16 0 0
Net_id 39
pin_num 4
17 53 0
20 41 0
18 59 0
13 45 0
Net_id 40
pin_num 4
57 22 0
40 25 0
47 43 0
43 30 0
Net_id 41
pin_num 4
59 19 0
38 27 0
53 20 0
56 26 0
Net_id 42
pin_num 4
3 19 0
1 27 0
12 23 0
1 17 0
Net_id 43
pin_num 3
1 1 0
10 1 0
27 0 0
Net_id 44
pin_num 3
14 32 0
16 28 0
3 30 0
Net_id 45
pin_num 3
30 12 0
38 12 0
35 40 0
Net_id 46
pin_num 3
2 7 0
13 16 0
3 0 0
Net_id 47
pin_num 3
59 23 0
51 3 0
51 17 0
Net_id 48
pin_num 3
28 20 0
20 34 0
35 41 0
Net_id 49
pin_num 3
5 33 0
2 34 0
0 13 0
Net_id 50
pin_num 3
48 43 0
52 57 0
39 53 0
Net_id 51
pin_num 3
5 55 0
3 41 0
9 58 0
Net_id 52
pin_num 3
51 16 0
45 14 0
59 1 0
Net_id 53
pin_num 3
50 36 0
56 28 0
46 18 0
Net_id 54
pin_num 3
43 55 0
45 56 0
44 35 0
Net_id 55
pin_num 3
50 23 0
45 11 0
46 2 0
Net_id 56
pin_num 3
2 28 0
10 34 0
10 30 0
Net_id 57
pin_num 3
57 57 0
55 52 0
59 28 0
Net_id 58
pin_num 3
58 15 0
42 5 0
52 7 0
Net_id 59
pin_num 3
18 30 0
22 28 0
21 36 0
Net_id 60
pin_num 3
7 30 0
6 37 0
12 59 0
Net_id 61
pin_num 3
2 49 0
6 41 0
25 49 0
Net_id 62
pin_num 3
9 57 0
7 45 0
27 57 0
Net_id 63
pin_num 3
45 37 0
49 25 0
40 34 0
Net_id 64
pin_num 3
28 28 0
48 21 0
57 26 0
Net_id 65
pin_num 3
11 39 0
22 35 0
17 59 0
Net_id 66
pin_num 3
21 19 0
30 11 0
7 31 0
Net_id 67
pin_num 3
59 38 0
55 47 0
39 32 0
Net_id 68
pin_num 3
11 53 0
15 53 0
18 41 0
Net_id 69
pin_num 3
19 5 0
29 18 0
1 20 0
Net_id 70
pin_num 3
35 59 0
37 48 0
16 54 0
Net_id 71
pin_num 3
14 30 0
0 46 0
4 16 0
Net_id 72
pin_num 3
34 15 0
42 12 0
59 2 0
Net_id 73
pin_num 3
32 3 0
51 1 0
49 19 0
Net_id 74
pin_num 3
33 56 0
45 57 0
28 49 0
Net_id 75
pin_num 3
32 48 0
28 45 0
25 55 0
Net_id 76
pin_num 3
20 49 0
17 44 0
17 22 0
Net_id 77
pin_num 3
29 20 0
40 9 0
53 39 0
Net_id 78
pin_num 3
43 50 0
56 41 0
38 59 0
Net_id 79
pin_num 3
23 30 0
39 41 0
31 22 0
Net_id 80
pin_num 3
30 41 0
51 52 0
12 45 0
Net_id 81
pin_num 3
6 33 0
13 51 0
6 52 0
Net_id 82
pin_num 3
49 8 0
58 24 0
58 1 0
Net_id 83
pin_num 2
44 7 0
52 18 0
Net_id 84
pin_num 2
9 27 0
27 19 0
Net_id 85
pin_num 2
3 5 0
17 19 0
Net_id 86
pin_num 2
45 30 0
40 43 0
Net_id 87
pin_num 2
19 37 0
31 19 0
Net_id 88
pin_num 2
56 24 0
58 18 0
Net_id 89
pin_num 2
41 1 0
56 30 0
Net_id 90
pin_num 2
2 24 0
19 22 0
Net_id 91
pin_num 2
16 52 0
4 59 0
Net_id 92
pin_num 2
4 2 0
9 21 0
Net_id 93
pin_num 2
41 51 0
31 52 0
Net_id 94
pin_num 2
43 14 0
56 1 0
Net_id 95
pin_num 2
3 4 0
7 3 0
Net_id 96
pin_num 2
20 9 0
4 3 0
Net_id 97
pin_num 2
13 26 0
25 24 0
Net_id 98
pin_num 2
21 9 0
34 17 0
Net_id 99
pin_num 2
44 57 0
38 57 0
Net_id 100
pin_num 2
34 55 0
48 59 0
Net_id 101
pin_num 2
33 9 0
34 0 0
Net_id 102
pin_num 2
27 55 0
38 32 0
Net_id 103
pin_num 2
15 49 0
4 49 0
Net_id 104
pin_num 2
53 53 0
56 42 0
Net_id 105
pin_num 2
9 45 0
19 58 0
Net_id 106
pin_num 2
22 30 0
17 21 0
Net_id 107
pin_num 2
6 38 0
2 21 0
Net_id 108
pin_num 2
55 41 0
40 28 0
Net_id 109
pin_num 2
1 39 0
5 39 0
Net_id 110
pin_num 2
13 5 0
3 31 0
Net_id 111
pin_num 2
55 16 0
59 17 0
Net_id 112
pin_num 2
5 56 0
27 38 0
Net_id 113
pin_num 2
6 36 0
11 43 0
Net_id 114
pin_num 2
22 57 0
22 52 0
Net_id 115
pin_num 2
11 56 0
0 47 0
Net_id 116
pin_num 2
50 34 0
42 27 0
Net_id 117
pin_num 2
4 35 0
22 44 0
Net_id 118
pin_num 2
19 48 0
6 47 0
Net_id 119
pin_num 2
18 56 0
11 28 0
Net_id 120
pin_num 2
50 59 0
56 59 0
Net_id 121
pin_num 2
14 40 0
24 31 0
Net_id 122
pin_num 2
14 19 0
9 20 0
Net_id 123
pin_num 2
21 55 0
6 46 0
Net_id 124
pin_num 2
5 12 0
28 1 0
Net_id 125
pin_num 2
50 39 0
56 54 0
Net_id 126
pin_num 2
29 51 0
5 29 0
Net_id 127
pin_num 2
57 9 0
56 5 0
Net_id 128
pin_num 2
26 43 0
8 42 0
Net_id 129
pin_num 2
47 32 0
50 9 0
Net_id 130
pin_num 2
46 20 0
50 41 0
Net_id 131
pin_num 2
46 58 0
27 52 0
Net_id 132
pin_num 2
8 25 0
9 12 0
Net_id 133
pin_num 2
55 57 0
59 50 0
Net_id 134
pin_num 2
35 32 0
29 13 0
Net_id 135
pin_num 2
2 51 0
4 46 0
Net_id 136
pin_num 2
6 24 0
23 41 0
Net_id 137
pin_num 2
34 58 0
51 57 0
Net_id 138
pin_num 2
10 39 0
3 27 0
Net_id 139
pin_num 2
26 17 0
31 34 0
Net_id 140
pin_num 2
12 58 0
1 51 0
Net_id 141
pin_num 2
43 18 0
18 13 0
Net_id 142
pin_num 2
11 47 0
33 48 0
Net_id 143
pin_num 2
18 4 0
21 6 0
Net_id 144
pin_num 2
38 35 0
37 32 0
Net_id 145
pin_num 2
29 19 0
33 34 0
Net_id 146
pin_num 2
4 48 0
2 42 0
Net_id 147
pin_num 2
45 49 0
30 40 0
Net_id 148
pin_num 2
52 47 0
45 43 0
Net_id 149
pin_num 2
54 17 0
35 22 0
Net_id 150
pin_num 2
47 17 0
43 17 0
Net_id 151
pin_num 2
52 16 0
56 9 0
Net_id 152
pin_num 2
3 24 0
14 12 0
Net_id 153
pin_num 2
46 34 0
26 8 0
Net_id 154
pin_num 2
47 46 0
58 32 0
Net_id 155
pin_num 2
53 0 0
49 2 0
Net_id 156
pin_num 2
0 25 0
13 34 0
Net_id 157
pin_num 2
5 59 0
12 54 0
Net_id 158
pin_num 2
58 0 0
34 21 0
Net_id 159
pin_num 2
46 46 0
22 58 0
Net_id 160
pin_num 2
7 22 0
16 37 0
Net_id 161
pin_num 2
50 35 0
24 41 0
Net_id 162
pin_num 2
7 1 0
12 2 0
Net_id 163
pin_num 2
58 8 0
57 17 0
