Width 60
Height 60
Layer 6
Total_WL 7076
Obstacle_num 144
18 29 0 23 30 0
20 19 0 25 20 0
33 44 0 39 45 0
24 9 0 29 10 0
0 19 0 3 20 0
44 15 0 51 16 0
41 27 0 48 28 0
18 31 0 24 32 0
25 52 0 28 53 0
45 45 0 50 46 0
33 48 0 37 49 0
33 47 0 39 48 0
11 22 0 19 23 0
20 8 0 25 9 0
41 55 0 46 56 0
31 28 0 41 29 0
15 36 0 18 37 0
53 17 0 58 18 0
10 14 0 14 15 0
49 42 0 52 43 0
17 50 0 21 51 0
4 20 0 12 21 0
42 20 0 48 21 0
3 34 0 7 35 0
6 22 1 7 27 1
53 14 1 54 22 1
20 1 1 21 10 1
34 22 1 35 31 1
29 3 1 30 13 1
37 11 1 38 18 1
49 48 1 50 52 1
27 4 1 28 13 1
10 17 1 11 27 1
11 6 1 12 13 1
33 8 1 34 13 1
18 23 1 19 27 1
22 2 1 23 6 1
3 39 1 4 48 1
21 37 1 22 41 1
32 13 1 33 17 1
39 33 1 40 43 1
1 13 1 2 16 1
35 6 1 36 10 1
13 13 1 14 23 1
16 30 1 17 39 1
25 14 1 26 23 1
37 1 1 38 7 1
45 45 1 46 52 1
31 24 2 37 25 2
44 44 2 47 45 2
1 48 2 11 49 2
49 8 2 56 9 2
55 19 2 58 20 2
2 53 2 12 54 2
17 38 2 26 39 2
51 29 2 56 30 2
33 12 2 41 13 2
49 0 2 58 1 2
27 47 2 36 48 2
26 22 2 35 23 2
25 6 2 30 7 2
10 5 2 20 6 2
11 27 2 18 28 2
24 49 2 28 50 2
46 42 2 53 43 2
49 40 2 55 41 2
3 6 2 8 7 2
19 26 2 29 27 2
7 33 2 14 34 2
23 43 2 33 44 2
4 28 2 7 29 2
36 15 2 46 16 2
23 25 3 24 35 3
11 28 3 12 38 3
46 21 3 47 29 3
22 47 3 23 55 3
53 3 3 54 11 3
43 13 3 44 20 3
16 47 3 17 56 3
20 33 3 21 38 3
24 22 3 25 27 3
25 19 3 26 24 3
44 29 3 45 35 3
48 40 3 49 45 3
2 18 3 3 22 3
55 13 3 56 17 3
40 47 3 41 52 3
33 7 3 34 12 3
17 23 3 18 31 3
54 15 3 55 22 3
35 36 3 36 44 3
19 27 3 20 35 3
11 41 3 12 50 3
26 5 3 27 14 3
1 50 3 2 58 3
5 47 3 6 54 3
26 45 4 34 46 4
21 30 4 28 31 4
21 42 4 24 43 4
17 56 4 23 57 4
26 36 4 30 37 4
18 47 4 24 48 4
47 37 4 54 38 4
13 33 4 18 34 4
51 28 4 57 29 4
49 10 4 54 11 4
3 33 4 7 34 4
11 26 4 21 27 4
53 8 4 58 9 4
21 53 4 28 54 4
40 17 4 48 18 4
3 58 4 6 59 4
28 8 4 33 9 4
27 21 4 32 22 4
22 15 4 31 16 4
5 9 4 11 10 4
33 55 4 36 56 4
3 19 4 9 20 4
16 24 4 22 25 4
49 15 4 59 16 4
49 45 5 50 53 5
40 28 5 41 33 5
23 50 5 24 58 5
23 39 5 24 45 5
0 2 5 1 11 5
33 6 5 34 12 5
41 52 5 42 59 5
51 26 5 52 33 5
3 13 5 4 23 5
36 5 5 37 15 5
20 18 5 21 21 5
50 47 5 51 53 5
53 31 5 54 40 5
11 7 5 12 10 5
34 21 5 35 30 5
10 19 5 11 23 5
16 8 5 17 16 5
3 25 5 4 32 5
55 11 5 56 18 5
6 22 5 7 32 5
18 23 5 19 28 5
10 30 5 11 33 5
54 45 5 55 52 5
17 12 5 18 21 5
Net_num 164
Net_id 0
pin_num 5
5 50 0
0 44 0
8 45 0
4 54 0
1 56 0
Net_id 1
pin_num 5
43 21 0
46 28 0
46 16 0
24 17 0
59 31 0
Net_id 2
pin_num 5
56 38 0
51 38 0
59 54 0
53 45 0
48 51 0
Net_id 3
pin_num 5
25 33 0
27 34 0
32 33 0
26 56 0
38 56 0
Net_id 4
pin_num 5
34 8 0
40 4 0
38 0 0
23 5 0
44 0 0
Net_id 5
pin_num 5
53 15 0
59 3 0
56 21 0
55 20 0
49 18 0
Net_id 6
pin_num 5
3 4 0
1 0 0
0 18 0
2 22 0
21 1 0
Net_id 7
pin_num 5
18 2 0
15 1 0
2 1 0
20 0 0
17 23 0
Net_id 8
pin_num 5
1 53 0
8 54 0
8 31 0
1 47 0
8 59 0
Net_id 9
pin_num 5
50 25 0
43 28 0
58 39 0
43 19 0
59 33 0
Net_id 10
pin_num 5
14 48 0
27 51 0
46 51 0
18 59 0
22 48 0
Net_id 11
pin_num 5
22 37 0
18 37 0
20 47 0
4 38 0
0 40 0
Net_id 12
pin_num 5
22 49 0
17 46 0
0 51 0
13 54 0
15 58 0
Net_id 13
pin_num 5
56 39 0
58 50 0
58 59 0
59 37 0
49 59 0
Net_id 14
pin_num 5
58 44 0
54 55 0
47 51 0
48 58 0
58 48 0
Net_id 15
pin_num 5
37 55 0
40 56 0
40 32 0
55 37 0
48 57 0
Net_id 16
pin_num 5
12 32 0
9 30 0
32 32 0
4 23 0
20 20 0
Net_id 17
pin_num 5
33 45 0
43 40 0
31 59 0
39 50 0
19 56 0
Net_id 18
pin_num 5
22 10 0
43 9 0
30 1 0
42 0 0
37 7 0
Net_id 19
pin_num 5
9 37 0
5 37 0
7 15 0
7 43 0
29 18 0
Net_id 20
pin_num 4
57 19 0
52 19 0
53 26 0
53 36 0
Net_id 21
pin_num 4
18 12 0
9 11 0
4 1 0
21 0 0
Net_id 22
pin_num 4
18 26 0
5 24 0
38 24 0
8 30 0
Net_id 23
pin_num 4
36 55 0
25 55 0
8 55 0
35 39 0
Net_id 24
pin_num 4
28 16 0
28 25 0
45 16 0
5 25 0
Net_id 25
pin_num 4
24 38 0
22 35 0
22 20 0
18 40 0
Net_id 26
pin_num 4
2 59 0
6 54 0
17 53 0
21 50 0
Net_id 27
pin_num 4
8 12 0
21 20 0
41 19 0
23 25 0
Net_id 28
pin_num 4
54 22 0
55 28 0
35 22 0
54 29 0
Net_id 29
pin_num 4
4 14 0
2 11 0
8 21 0
9 26 0
Net_id 30
pin_num 4
12 39 0
9 56 0
9 43 0
24 56 0
Net_id 31
pin_num 4
19 51 0
13 51 0
15 37 0
23 58 0
Net_id 32
pin_num 4
55 3 0
51 18 0
50 0 0
44 9 0
Net_id 33
pin_num 4
59 58 0
55 41 0
51 58 0
57 37 0
Net_id 34
pin_num 4
3 54 0
6 50 0
17 52 0
0 52 0
Net_id 35
pin_num 4
16 33 0
4 35 0
5 45 0
10 46 0
Net_id 36
pin_num 4
3 26 0
1 41 0
19 40 0
13 56 0
Net_id 37
pin_num 4
22 39 0
13 39 0
4 39 0
19 25 0
Net_id 38
pin_num 4
35 15 0
26 14 0
32 21 0
8 32 0
Net_id 39
pin_num 4
51 1 0
58 2 0
56 14 0
48 1 0
Net_id 40
pin_num 4
36 21 0
42 33 0
38 32 0
33 29 0
Net_id 41
pin_num 4
57 9 0
49 9 0
51 19 0
44 28 0
Net_id 42
pin_num 3
23 52 0
27 54 0
25 38 0
Net_id 43
pin_num 3
44 59 0
25 56 0
28 58 0
Net_id 44
pin_num 3
52 26 0
43 29 0
49 2 0
Net_id 45
pin_num 3
3 37 0
0 25 0
8 58 0
Net_id 46
pin_num 3
41 38 0
31 14 0
3 5 0
Net_id 47
pin_num 3
29 12 0
14 2 0
5 1 0
Net_id 48
pin_num 3
38 18 0
24 39 0
57 31 0
Net_id 49
pin_num 3
33 26 0
27 21 0
29 2 0
Net_id 50
pin_num 3
42 25 0
17 31 0
25 57 0
Net_id 51
pin_num 3
33 27 0
44 18 0
19 20 0
Net_id 52
pin_num 3
1 22 0
2 43 0
5 58 0
Net_id 53
pin_num 3
40 53 0
52 41 0
49 41 0
Net_id 54
pin_num 3
59 2 0
53 2 0
34 13 0
Net_id 55
pin_num 3
4 43 0
19 52 0
22 59 0
Net_id 56
pin_num 3
31 18 0
35 11 0
0 20 0
Net_id 57
pin_num 3
55 13 0
41 11 0
47 11 0
Net_id 58
pin_num 3
12 40 0
9 29 0
12 21 0
Net_id 59
pin_num 3
58 7 0
45 18 0
39 8 0
Net_id 60
pin_num 3
30 8 0
22 0 0
45 5 0
Net_id 61
pin_num 3
32 9 0
31 2 0
22 40 0
Net_id 62
pin_num 3
12 16 0
1 20 0
15 28 0
Net_id 63
pin_num 3
48 36 0
36 35 0
43 38 0
Net_id 64
pin_num 3
15 9 0
3 10 0
1 17 0
Net_id 65
pin_num 3
33 21 0
39 9 0
16 9 0
Net_id 66
pin_num 3
14 6 0
25 6 0
52 6 0
Net_id 67
pin_num 3
53 5 0
59 35 0
45 24 0
Net_id 68
pin_num 3
53 44 0
37 42 0
43 52 0
Net_id 69
pin_num 3
19 33 0
12 20 0
2 39 0
Net_id 70
pin_num 3
32 17 0
36 23 0
17 18 0
Net_id 71
pin_num 3
29 29 0
45 14 0
35 0 0
Net_id 72
pin_num 3
43 33 0
57 33 0
25 37 0
Net_id 73
pin_num 3
9 34 0
17 44 0
14 23 0
Net_id 74
pin_num 3
13 2 0
1 1 0
3 22 0
Net_id 75
pin_num 3
19 36 0
6 41 0
0 28 0
Net_id 76
pin_num 3
40 47 0
30 39 0
46 59 0
Net_id 77
pin_num 3
53 28 0
49 23 0
47 48 0
Net_id 78
pin_num 3
21 51 0
27 44 0
49 46 0
Net_id 79
pin_num 3
59 21 0
56 2 0
50 10 0
Net_id 80
pin_num 3
26 55 0
36 38 0
28 46 0
Net_id 81
pin_num 3
39 21 0
45 39 0
59 23 0
Net_id 82
pin_num 3
20 57 0
3 57 0
10 56 0
Net_id 83
pin_num 3
14 15 0
6 17 0
26 16 0
Net_id 84
pin_num 3
42 50 0
50 49 0
32 49 0
Net_id 85
pin_num 3
43 45 0
38 46 0
58 40 0
Net_id 86
pin_num 2
22 34 0
39 52 0
Net_id 87
pin_num 2
49 20 0
52 39 0
Net_id 88
pin_num 2
33 1 0
28 0 0
Net_id 89
pin_num 2
18 5 0
10 3 0
Net_id 90
pin_num 2
28 29 0
6 35 0
Net_id 91
pin_num 2
46 23 0
32 12 0
Net_id 92
pin_num 2
51 16 0
47 21 0
Net_id 93
pin_num 2
22 27 0
28 27 0
Net_id 94
pin_num 2
53 52 0
49 57 0
Net_id 95
pin_num 2
13 4 0
1 3 0
Net_id 96
pin_num 2
18 11 0
27 23 0
Net_id 97
pin_num 2
13 40 0
59 19 0
Net_id 98
pin_num 2
58 16 0
57 8 0
Net_id 99
pin_num 2
56 46 0
56 47 0
Net_id 100
pin_num 2
37 17 0
49 17 0
Net_id 101
pin_num 2
41 1 0
47 8 0
Net_id 102
pin_num 2
20 35 0
33 41 0
Net_id 103
pin_num 2
38 9 0
29 1 0
Net_id 104
pin_num 2
35 19 0
44 8 0
Net_id 105
pin_num 2
8 3 0
1 7 0
Net_id 106
pin_num 2
33 32 0
46 52 0
Net_id 107
pin_num 2
29 17 0
44 4 0
Net_id 108
pin_num 2
2 15 0
14 14 0
Net_id 109
pin_num 2
14 43 0
10 58 0
Net_id 110
pin_num 2
1 6 0
14 4 0
Net_id 111
pin_num 2
36 52 0
44 41 0
Net_id 112
pin_num 2
39 11 0
40 9 0
Net_id 113
pin_num 2
30 38 0
42 34 0
Net_id 114
pin_num 2
7 25 0
29 35 0
Net_id 115
pin_num 2
31 13 0
10 29 0
Net_id 116
pin_num 2
59 16 0
52 23 0
Net_id 117
pin_num 2
51 56 0
52 50 0
Net_id 118
pin_num 2
35 50 0
20 56 0
Net_id 119
pin_num 2
24 49 0
31 50 0
Net_id 120
pin_num 2
29 58 0
35 58 0
Net_id 121
pin_num 2
57 35 0
59 20 0
Net_id 122
pin_num 2
57 23 0
57 30 0
Net_id 123
pin_num 2
35 41 0
32 31 0
Net_id 124
pin_num 2
36 40 0
57 27 0
Net_id 125
pin_num 2
32 41 0
8 43 0
Net_id 126
pin_num 2
45 10 0
38 30 0
Net_id 127
pin_num 2
35 3 0
47 0 0
Net_id 128
pin_num 2
8 7 0
1 9 0
Net_id 129
pin_num 2
0 43 0
2 33 0
Net_id 130
pin_num 2
30 28 0
19 23 0
Net_id 131
pin_num 2
47 54 0
27 48 0
Net_id 132
pin_num 2
47 59 0
34 43 0
Net_id 133
pin_num 2
10 47 0
5 47 0
Net_id 134
pin_num 2
49 32 0
58 54 0
Net_id 135
pin_num 2
43 0 0
40 18 0
Net_id 136
pin_num 2
46 40 0
38 48 0
Net_id 137
pin_num 2
23 47 0
29 39 0
Net_id 138
pin_num 2
28 37 0
36 36 0
Net_id 139
pin_num 2
26 35 0
24 23 0
Net_id 140
pin_num 2
44 42 0
54 32 0
Net_id 141
pin_num 2
10 48 0
7 55 0
Net_id 142
pin_num 2
5 13 0
2 17 0
Net_id 143
pin_num 2
15 59 0
16 53 0
Net_id 144
pin_num 2
17 56 0
12 52 0
Net_id 145
pin_num 2
8 34 0
25 58 0
Net_id 146
pin_num 2
57 6 0
42 19 0
Net_id 147
pin_num 2
56 34 0
28 13 0
Net_id 148
pin_num 2
37 13 0
34 12 0
Net_id 149
pin_num 2
23 7 0
26 11 0
Net_id 150
pin_num 2
26 40 0
24 43 0
Net_id 151
pin_num 2
0 21 0
4 10 0
Net_id 152
pin_num 2
26 50 0
27 40 0
Net_id 153
pin_num 2
35 2 0
23 13 0
Net_id 154
pin_num 2
1 44 0
24 58 0
Net_id 155
pin_num 2
15 45 0
21 34 0
Net_id 156
pin_num 2
34 33 0
50 54 0
Net_id 157
pin_num 2
19 53 0
26 57 0
Net_id 158
pin_num 2
19 26 0
46 38 0
Net_id 159
pin_num 2
35 54 0
29 57 0
Net_id 160
pin_num 2
1 10 0
6 1 0
Net_id 161
pin_num 2
5 52 0
11 51 0
Net_id 162
pin_num 2
56 4 0
58 6 0
Net_id 163
pin_num 2
6 9 0
15 8 0
