Width 60
Height 60
Layer 6
Total_WL 6587
Obstacle_num 144
24 52 0 31 53 0
24 21 0 32 22 0
41 5 0 50 6 0
30 11 0 40 12 0
50 10 0 53 11 0
0 26 0 9 27 0
36 37 0 45 38 0
44 18 0 52 19 0
10 0 0 14 1 0
15 39 0 22 40 0
2 24 0 10 25 0
11 31 0 20 32 0
48 29 0 51 30 0
46 6 0 52 7 0
5 31 0 9 32 0
27 57 0 31 58 0
45 10 0 49 11 0
12 38 0 21 39 0
9 52 0 14 53 0
1 5 0 9 6 0
12 2 0 17 3 0
13 36 0 18 37 0
8 44 0 12 45 0
13 19 0 23 20 0
3 21 1 4 24 1
0 31 1 1 36 1
9 15 1 10 22 1
26 47 1 27 50 1
5 3 1 6 9 1
27 19 1 28 26 1
51 31 1 52 41 1
45 14 1 46 24 1
51 4 1 52 13 1
21 40 1 22 45 1
30 16 1 31 23 1
13 11 1 14 18 1
58 24 1 59 28 1
44 6 1 45 13 1
42 34 1 43 42 1
23 47 1 24 52 1
3 41 1 4 48 1
31 40 1 32 50 1
5 19 1 6 29 1
5 32 1 6 35 1
36 3 1 37 9 1
58 49 1 59 57 1
38 41 1 39 46 1
18 50 1 19 57 1
31 41 2 34 42 2
12 55 2 19 56 2
26 19 2 29 20 2
19 23 2 28 24 2
19 39 2 23 40 2
10 39 2 17 40 2
28 21 2 34 22 2
45 41 2 50 42 2
13 3 2 23 4 2
46 13 2 52 14 2
47 47 2 51 48 2
20 12 2 28 13 2
2 56 2 9 57 2
28 0 2 38 1 2
49 8 2 56 9 2
14 16 2 22 17 2
3 1 2 10 2 2
24 11 2 33 12 2
40 7 2 47 8 2
19 57 2 23 58 2
35 23 2 41 24 2
19 30 2 23 31 2
12 29 2 15 30 2
0 22 2 9 23 2
1 1 3 2 7 3
44 4 3 45 14 3
29 29 3 30 38 3
51 7 3 52 17 3
22 21 3 23 30 3
9 19 3 10 22 3
31 11 3 32 18 3
23 9 3 24 13 3
58 18 3 59 21 3
51 29 3 52 38 3
19 3 3 20 12 3
15 46 3 16 51 3
36 28 3 37 33 3
20 45 3 21 48 3
17 9 3 18 17 3
1 21 3 2 24 3
33 42 3 34 52 3
46 6 3 47 15 3
47 44 3 48 54 3
9 45 3 10 54 3
58 32 3 59 42 3
14 4 3 15 12 3
42 54 3 43 57 3
34 1 3 35 4 3
35 5 4 43 6 4
41 38 4 44 39 4
28 31 4 36 32 4
41 27 4 51 28 4
10 18 4 15 19 4
48 16 4 54 17 4
49 28 4 56 29 4
21 27 4 25 28 4
22 39 4 27 40 4
40 9 4 48 10 4
42 18 4 52 19 4
1 20 4 5 21 4
46 37 4 54 38 4
32 29 4 42 30 4
50 44 4 58 45 4
31 36 4 37 37 4
13 42 4 21 43 4
46 33 4 56 34 4
3 24 4 8 25 4
39 54 4 43 55 4
19 45 4 28 46 4
18 10 4 25 11 4
5 53 4 15 54 4
30 51 4 39 52 4
42 5 5 43 15 5
15 0 5 16 7 5
49 39 5 50 45 5
9 37 5 10 41 5
50 6 5 51 13 5
14 52 5 15 58 5
30 20 5 31 23 5
47 4 5 48 7 5
56 2 5 57 8 5
38 17 5 39 23 5
33 9 5 34 17 5
2 33 5 3 43 5
36 25 5 37 32 5
52 49 5 53 54 5
55 0 5 56 6 5
12 10 5 13 19 5
23 19 5 24 25 5
4 28 5 5 32 5
33 45 5 34 53 5
12 22 5 13 25 5
40 35 5 41 44 5
27 1 5 28 9 5
50 18 5 51 26 5
30 47 5 31 57 5
Net_num 160
Net_id 0
pin_num 5
19 0 0
15 0 0
14 4 0
11 3 0
33 3 0
Net_id 1
pin_num 5
31 2 0
24 2 0
17 2 0
27 9 0
34 0 0
Net_id 2
pin_num 5
38 49 0
29 49 0
46 59 0
44 51 0
34 54 0
Net_id 3
pin_num 5
32 46 0
47 46 0
38 59 0
12 46 0
51 50 0
Net_id 4
pin_num 5
25 43 0
37 44 0
31 59 0
30 59 0
11 46 0
Net_id 5
pin_num 5
52 12 0
48 13 0
59 9 0
55 0 0
54 0 0
Net_id 6
pin_num 5
5 43 0
10 36 0
0 42 0
18 36 0
0 49 0
Net_id 7
pin_num 5
49 22 0
42 22 0
46 4 0
40 7 0
29 7 0
Net_id 8
pin_num 5
21 15 0
14 15 0
16 6 0
20 33 0
5 6 0
Net_id 9
pin_num 5
59 12 0
49 14 0
52 1 0
33 1 0
39 12 0
Net_id 10
pin_num 5
18 58 0
13 49 0
17 48 0
36 51 0
36 54 0
Net_id 11
pin_num 5
43 16 0
26 15 0
26 35 0
34 22 0
8 18 0
Net_id 12
pin_num 5
25 18 0
22 14 0
12 14 0
40 14 0
13 35 0
Net_id 13
pin_num 5
15 48 0
18 48 0
0 48 0
17 44 0
12 50 0
Net_id 14
pin_num 5
25 27 0
29 27 0
16 27 0
23 43 0
18 30 0
Net_id 15
pin_num 5
1 42 0
1 58 0
8 45 0
6 44 0
7 30 0
Net_id 16
pin_num 5
36 57 0
47 59 0
12 58 0
14 59 0
59 57 0
Net_id 17
pin_num 5
27 11 0
23 13 0
51 0 0
38 0 0
7 12 0
Net_id 18
pin_num 5
7 9 0
2 1 0
0 6 0
0 0 0
1 8 0
Net_id 19
pin_num 5
57 9 0
52 9 0
55 4 0
58 23 0
56 14 0
Net_id 20
pin_num 4
58 30 0
58 33 0
37 33 0
59 38 0
Net_id 21
pin_num 4
27 5 0
18 4 0
27 14 0
34 2 0
Net_id 22
pin_num 4
32 44 0
36 39 0
33 27 0
22 45 0
Net_id 23
pin_num 4
33 21 0
31 19 0
9 0 0
31 4 0
Net_id 24
pin_num 4
50 16 0
44 20 0
44 34 0
49 50 0
Net_id 25
pin_num 4
35 19 0
47 25 0
37 35 0
38 15 0
Net_id 26
pin_num 4
40 43 0
29 50 0
39 49 0
10 58 0
Net_id 27
pin_num 4
52 7 0
43 4 0
43 0 0
50 2 0
Net_id 28
pin_num 4
18 22 0
9 23 0
0 11 0
17 17 0
Net_id 29
pin_num 4
7 59 0
3 58 0
2 50 0
1 41 0
Net_id 30
pin_num 4
49 59 0
50 57 0
48 56 0
52 45 0
Net_id 31
pin_num 4
36 6 0
38 13 0
47 21 0
31 12 0
Net_id 32
pin_num 4
18 55 0
15 59 0
0 54 0
13 57 0
Net_id 33
pin_num 4
10 20 0
4 27 0
7 14 0
24 19 0
Net_id 34
pin_num 4
35 31 0
49 36 0
45 48 0
48 51 0
Net_id 35
pin_num 4
8 47 0
19 56 0
32 48 0
15 28 0
Net_id 36
pin_num 4
17 51 0
5 58 0
9 42 0
8 59 0
Net_id 37
pin_num 4
59 29 0
59 19 0
36 26 0
37 4 0
Net_id 38
pin_num 4
49 3 0
34 3 0
42 0 0
10 3 0
Net_id 39
pin_num 3
49 23 0
43 2 0
52 0 0
Net_id 40
pin_num 3
1 14 0
9 7 0
8 35 0
Net_id 41
pin_num 3
21 8 0
27 8 0
1 15 0
Net_id 42
pin_num 3
31 48 0
19 45 0
14 33 0
Net_id 43
pin_num 3
8 13 0
22 17 0
0 50 0
Net_id 44
pin_num 3
49 17 0
58 29 0
47 29 0
Net_id 45
pin_num 3
32 33 0
25 33 0
8 38 0
Net_id 46
pin_num 3
39 30 0
49 26 0
28 28 0
Net_id 47
pin_num 3
46 25 0
23 21 0
54 1 0
Net_id 48
pin_num 3
58 47 0
57 39 0
48 55 0
Net_id 49
pin_num 3
13 43 0
20 40 0
4 36 0
Net_id 50
pin_num 3
29 18 0
34 4 0
52 16 0
Net_id 51
pin_num 3
4 46 0
3 40 0
1 16 0
Net_id 52
pin_num 3
41 15 0
32 23 0
59 14 0
Net_id 53
pin_num 3
23 59 0
21 54 0
10 51 0
Net_id 54
pin_num 3
6 11 0
1 9 0
18 17 0
Net_id 55
pin_num 3
42 53 0
41 40 0
48 45 0
Net_id 56
pin_num 3
42 51 0
30 40 0
59 58 0
Net_id 57
pin_num 3
4 3 0
9 2 0
32 6 0
Net_id 58
pin_num 3
31 6 0
15 8 0
3 25 0
Net_id 59
pin_num 3
21 57 0
16 59 0
25 54 0
Net_id 60
pin_num 3
50 42 0
40 56 0
30 45 0
Net_id 61
pin_num 3
38 17 0
50 11 0
15 9 0
Net_id 62
pin_num 3
21 34 0
30 34 0
16 18 0
Net_id 63
pin_num 3
30 41 0
10 41 0
2 45 0
Net_id 64
pin_num 3
42 29 0
40 41 0
59 40 0
Net_id 65
pin_num 3
43 52 0
28 49 0
37 42 0
Net_id 66
pin_num 3
33 13 0
15 20 0
18 25 0
Net_id 67
pin_num 3
56 50 0
45 54 0
35 58 0
Net_id 68
pin_num 3
39 25 0
39 51 0
38 2 0
Net_id 69
pin_num 3
59 55 0
51 58 0
50 39 0
Net_id 70
pin_num 3
36 21 0
54 18 0
29 20 0
Net_id 71
pin_num 3
31 43 0
16 50 0
1 35 0
Net_id 72
pin_num 3
33 2 0
40 11 0
26 36 0
Net_id 73
pin_num 3
5 47 0
17 59 0
15 27 0
Net_id 74
pin_num 3
37 39 0
46 37 0
55 37 0
Net_id 75
pin_num 3
11 42 0
34 40 0
16 23 0
Net_id 76
pin_num 3
47 36 0
55 51 0
53 35 0
Net_id 77
pin_num 3
34 25 0
18 20 0
24 6 0
Net_id 78
pin_num 3
49 35 0
46 26 0
52 41 0
Net_id 79
pin_num 2
18 53 0
2 41 0
Net_id 80
pin_num 2
21 26 0
21 31 0
Net_id 81
pin_num 2
58 3 0
50 4 0
Net_id 82
pin_num 2
11 49 0
23 37 0
Net_id 83
pin_num 2
29 14 0
39 24 0
Net_id 84
pin_num 2
58 2 0
38 6 0
Net_id 85
pin_num 2
53 32 0
51 23 0
Net_id 86
pin_num 2
29 47 0
39 45 0
Net_id 87
pin_num 2
9 59 0
8 42 0
Net_id 88
pin_num 2
15 47 0
13 45 0
Net_id 89
pin_num 2
27 26 0
13 9 0
Net_id 90
pin_num 2
54 19 0
42 24 0
Net_id 91
pin_num 2
38 50 0
33 58 0
Net_id 92
pin_num 2
26 30 0
10 31 0
Net_id 93
pin_num 2
53 8 0
48 4 0
Net_id 94
pin_num 2
7 49 0
17 40 0
Net_id 95
pin_num 2
7 42 0
5 49 0
Net_id 96
pin_num 2
34 38 0
20 8 0
Net_id 97
pin_num 2
5 2 0
2 15 0
Net_id 98
pin_num 2
48 58 0
47 56 0
Net_id 99
pin_num 2
50 5 0
54 4 0
Net_id 100
pin_num 2
5 1 0
11 20 0
Net_id 101
pin_num 2
46 34 0
40 36 0
Net_id 102
pin_num 2
35 22 0
42 27 0
Net_id 103
pin_num 2
34 48 0
19 36 0
Net_id 104
pin_num 2
51 16 0
38 12 0
Net_id 105
pin_num 2
15 5 0
17 20 0
Net_id 106
pin_num 2
11 28 0
10 18 0
Net_id 107
pin_num 2
18 44 0
33 53 0
Net_id 108
pin_num 2
4 33 0
27 35 0
Net_id 109
pin_num 2
32 26 0
38 9 0
Net_id 110
pin_num 2
22 28 0
8 32 0
Net_id 111
pin_num 2
22 35 0
18 33 0
Net_id 112
pin_num 2
53 14 0
58 31 0
Net_id 113
pin_num 2
34 35 0
11 14 0
Net_id 114
pin_num 2
59 0 0
43 10 0
Net_id 115
pin_num 2
31 50 0
38 40 0
Net_id 116
pin_num 2
58 46 0
58 44 0
Net_id 117
pin_num 2
13 30 0
30 15 0
Net_id 118
pin_num 2
1 51 0
14 49 0
Net_id 119
pin_num 2
23 15 0
25 8 0
Net_id 120
pin_num 2
46 38 0
56 43 0
Net_id 121
pin_num 2
56 28 0
50 25 0
Net_id 122
pin_num 2
41 26 0
26 37 0
Net_id 123
pin_num 2
56 58 0
54 54 0
Net_id 124
pin_num 2
38 47 0
58 45 0
Net_id 125
pin_num 2
42 12 0
49 4 0
Net_id 126
pin_num 2
24 43 0
24 53 0
Net_id 127
pin_num 2
51 43 0
39 38 0
Net_id 128
pin_num 2
27 20 0
31 29 0
Net_id 129
pin_num 2
15 16 0
6 16 0
Net_id 130
pin_num 2
44 8 0
57 10 0
Net_id 131
pin_num 2
40 49 0
59 56 0
Net_id 132
pin_num 2
31 53 0
27 47 0
Net_id 133
pin_num 2
55 49 0
51 55 0
Net_id 134
pin_num 2
12 35 0
9 32 0
Net_id 135
pin_num 2
51 30 0
57 20 0
Net_id 136
pin_num 2
57 44 0
34 58 0
Net_id 137
pin_num 2
41 38 0
39 41 0
Net_id 138
pin_num 2
59 1 0
55 16 0
Net_id 139
pin_num 2
39 55 0
43 53 0
Net_id 140
pin_num 2
3 15 0
10 11 0
Net_id 141
pin_num 2
17 16 0
14 32 0
Net_id 142
pin_num 2
40 29 0
31 27 0
Net_id 143
pin_num 2
53 45 0
57 38 0
Net_id 144
pin_num 2
33 22 0
27 10 0
Net_id 145
pin_num 2
13 21 0
4 13 0
Net_id 146
pin_num 2
14 21 0
27 36 0
Net_id 147
pin_num 2
5 23 0
0 27 0
Net_id 148
pin_num 2
23 56 0
32 37 0
Net_id 149
pin_num 2
32 13 0
29 13 0
Net_id 150
pin_num 2
52 31 0
35 15 0
Net_id 151
pin_num 2
55 46 0
43 51 0
Net_id 152
pin_num 2
25 35 0
24 38 0
Net_id 153
pin_num 2
39 19 0
27 15 0
Net_id 154
pin_num 2
44 56 0
45 59 0
Net_id 155
pin_num 2
57 34 0
47 42 0
Net_id 156
pin_num 2
11 7 0
31 30 0
Net_id 157
pin_num 2
0 10 0
23 4 0
Net_id 158
pin_num 2
51 41 0
38 25 0
Net_id 159
pin_num 2
1 18 0
2 20 0
