Width 60
Height 60
Layer 6
Total_WL 6443
Obstacle_num 144
32 8 0 41 9 0
44 13 0 50 14 0
18 15 0 27 16 0
49 14 0 59 15 0
12 13 0 18 14 0
53 16 0 57 17 0
21 42 0 29 43 0
16 40 0 19 41 0
30 52 0 40 53 0
33 56 0 43 57 0
30 42 0 36 43 0
36 37 0 41 38 0
30 4 0 35 5 0
31 13 0 41 14 0
37 3 0 47 4 0
16 27 0 26 28 0
39 43 0 49 44 0
50 57 0 56 58 0
42 5 0 48 6 0
12 40 0 15 41 0
27 55 0 32 56 0
27 33 0 30 34 0
11 55 0 21 56 0
27 51 0 30 52 0
8 9 1 9 12 1
22 9 1 23 15 1
30 12 1 31 16 1
10 7 1 11 17 1
0 1 1 1 9 1
46 41 1 47 51 1
11 6 1 12 13 1
9 43 1 10 53 1
12 6 1 13 13 1
15 10 1 16 19 1
50 20 1 51 23 1
55 4 1 56 14 1
40 32 1 41 40 1
17 17 1 18 26 1
46 19 1 47 23 1
33 3 1 34 12 1
10 28 1 11 36 1
1 43 1 2 48 1
19 37 1 20 40 1
32 21 1 33 29 1
4 7 1 5 15 1
18 26 1 19 35 1
31 39 1 32 47 1
29 44 1 30 51 1
16 58 2 22 59 2
38 22 2 41 23 2
18 2 2 22 3 2
40 11 2 48 12 2
15 36 2 20 37 2
23 53 2 29 54 2
10 11 2 19 12 2
6 50 2 12 51 2
16 5 2 26 6 2
34 17 2 39 18 2
46 30 2 56 31 2
11 56 2 18 57 2
7 48 2 13 49 2
22 20 2 25 21 2
40 9 2 43 10 2
41 14 2 49 15 2
7 44 2 14 45 2
28 49 2 34 50 2
33 23 2 41 24 2
26 39 2 30 40 2
42 37 2 46 38 2
46 44 2 56 45 2
36 40 2 45 41 2
52 11 2 57 12 2
30 26 3 31 34 3
16 27 3 17 35 3
15 37 3 16 42 3
50 2 3 51 12 3
40 28 3 41 35 3
52 17 3 53 24 3
13 29 3 14 35 3
52 45 3 53 53 3
27 10 3 28 13 3
7 27 3 8 37 3
37 53 3 38 59 3
28 11 3 29 20 3
26 3 3 27 6 3
44 39 3 45 46 3
42 21 3 43 30 3
19 34 3 20 44 3
21 24 3 22 29 3
1 50 3 2 55 3
48 11 3 49 14 3
55 38 3 56 47 3
8 41 3 9 50 3
17 31 3 18 40 3
28 27 3 29 37 3
0 16 3 1 23 3
14 14 4 24 15 4
11 25 4 18 26 4
0 33 4 4 34 4
8 37 4 15 38 4
7 28 4 15 29 4
19 0 4 29 1 4
31 3 4 37 4 4
37 0 4 44 1 4
44 17 4 51 18 4
50 43 4 53 44 4
45 6 4 49 7 4
6 1 4 14 2 4
25 19 4 33 20 4
39 15 4 42 16 4
32 15 4 37 16 4
19 55 4 26 56 4
50 7 4 55 8 4
35 23 4 43 24 4
7 16 4 17 17 4
33 39 4 36 40 4
10 53 4 18 54 4
30 17 4 34 18 4
28 57 4 34 58 4
21 5 4 26 6 4
8 48 5 9 53 5
3 49 5 4 55 5
36 1 5 37 4 5
3 32 5 4 41 5
26 47 5 27 55 5
25 9 5 26 12 5
37 33 5 38 36 5
43 13 5 44 19 5
7 3 5 8 13 5
31 37 5 32 44 5
54 25 5 55 28 5
41 13 5 42 16 5
21 34 5 22 37 5
27 2 5 28 12 5
46 50 5 47 59 5
12 10 5 13 18 5
30 25 5 31 33 5
30 46 5 31 51 5
11 37 5 12 40 5
21 6 5 22 16 5
46 21 5 47 29 5
16 48 5 17 54 5
34 56 5 35 59 5
8 32 5 9 39 5
Net_num 156
Net_id 0
pin_num 5
26 4 0
8 0 0
21 18 0
0 14 0
35 1 0
Net_id 1
pin_num 5
2 39 0
3 39 0
0 57 0
10 55 0
5 40 0
Net_id 2
pin_num 5
11 3 0
22 5 0
16 25 0
28 0 0
16 4 0
Net_id 3
pin_num 5
1 23 0
2 8 0
4 22 0
4 0 0
0 38 0
Net_id 4
pin_num 5
22 39 0
17 41 0
20 19 0
12 19 0
26 30 0
Net_id 5
pin_num 5
17 20 0
11 21 0
39 20 0
34 16 0
40 19 0
Net_id 6
pin_num 5
18 11 0
1 14 0
0 12 0
18 12 0
9 33 0
Net_id 7
pin_num 5
19 53 0
10 52 0
2 59 0
12 47 0
0 58 0
Net_id 8
pin_num 5
42 37 0
37 41 0
29 52 0
33 40 0
41 29 0
Net_id 9
pin_num 5
34 53 0
27 49 0
57 53 0
32 30 0
30 40 0
Net_id 10
pin_num 5
31 25 0
36 16 0
14 18 0
13 0 0
34 6 0
Net_id 11
pin_num 5
46 1 0
58 1 0
54 13 0
48 0 0
45 19 0
Net_id 12
pin_num 5
41 1 0
45 0 0
46 7 0
35 0 0
46 23 0
Net_id 13
pin_num 5
15 33 0
17 7 0
15 25 0
7 0 0
22 26 0
Net_id 14
pin_num 5
11 37 0
19 42 0
2 51 0
2 32 0
13 51 0
Net_id 15
pin_num 5
55 33 0
55 26 0
59 30 0
59 31 0
58 24 0
Net_id 16
pin_num 5
30 22 0
24 22 0
28 8 0
32 15 0
18 35 0
Net_id 17
pin_num 5
18 33 0
10 40 0
26 35 0
11 27 0
17 16 0
Net_id 18
pin_num 5
6 45 0
11 45 0
2 45 0
19 40 0
4 39 0
Net_id 19
pin_num 4
39 36 0
45 36 0
42 22 0
42 8 0
Net_id 20
pin_num 4
35 6 0
43 1 0
43 23 0
56 22 0
Net_id 21
pin_num 4
36 43 0
40 44 0
26 43 0
21 44 0
Net_id 22
pin_num 4
40 42 0
30 35 0
39 59 0
34 25 0
Net_id 23
pin_num 4
17 59 0
8 59 0
25 59 0
22 50 0
Net_id 24
pin_num 4
29 4 0
25 2 0
38 2 0
11 2 0
Net_id 25
pin_num 4
45 38 0
29 38 0
38 18 0
8 38 0
Net_id 26
pin_num 4
46 29 0
56 27 0
51 19 0
54 34 0
Net_id 27
pin_num 4
32 14 0
11 13 0
0 22 0
7 19 0
Net_id 28
pin_num 4
29 6 0
23 13 0
42 2 0
33 21 0
Net_id 29
pin_num 4
13 46 0
23 39 0
12 39 0
49 43 0
Net_id 30
pin_num 4
7 47 0
18 41 0
26 59 0
18 44 0
Net_id 31
pin_num 4
41 2 0
36 9 0
54 3 0
52 15 0
Net_id 32
pin_num 4
0 10 0
3 6 0
13 11 0
5 0 0
Net_id 33
pin_num 4
24 36 0
33 39 0
27 23 0
46 36 0
Net_id 34
pin_num 4
29 23 0
47 20 0
15 22 0
30 32 0
Net_id 35
pin_num 4
59 15 0
59 22 0
52 25 0
53 10 0
Net_id 36
pin_num 4
24 17 0
15 23 0
31 17 0
7 34 0
Net_id 37
pin_num 3
57 3 0
54 2 0
49 4 0
Net_id 38
pin_num 3
16 29 0
23 23 0
33 14 0
Net_id 39
pin_num 3
3 12 0
7 21 0
13 9 0
Net_id 40
pin_num 3
14 54 0
3 53 0
11 58 0
Net_id 41
pin_num 3
34 31 0
20 25 0
23 48 0
Net_id 42
pin_num 3
55 59 0
58 42 0
41 59 0
Net_id 43
pin_num 3
6 52 0
20 53 0
15 48 0
Net_id 44
pin_num 3
30 10 0
41 25 0
49 7 0
Net_id 45
pin_num 3
45 47 0
38 49 0
39 33 0
Net_id 46
pin_num 3
55 58 0
40 55 0
54 51 0
Net_id 47
pin_num 3
34 54 0
27 52 0
2 58 0
Net_id 48
pin_num 3
53 26 0
58 23 0
47 38 0
Net_id 49
pin_num 3
16 1 0
44 12 0
40 4 0
Net_id 50
pin_num 3
16 46 0
20 43 0
7 26 0
Net_id 51
pin_num 3
23 40 0
20 24 0
25 58 0
Net_id 52
pin_num 3
4 38 0
24 29 0
57 29 0
Net_id 53
pin_num 3
11 7 0
28 3 0
1 24 0
Net_id 54
pin_num 3
30 34 0
8 25 0
52 34 0
Net_id 55
pin_num 3
24 30 0
28 32 0
29 27 0
Net_id 56
pin_num 3
45 35 0
44 33 0
50 40 0
Net_id 57
pin_num 3
18 56 0
34 51 0
21 43 0
Net_id 58
pin_num 3
32 18 0
25 18 0
35 5 0
Net_id 59
pin_num 3
17 25 0
25 41 0
0 59 0
Net_id 60
pin_num 3
54 8 0
52 31 0
56 0 0
Net_id 61
pin_num 3
55 31 0
59 25 0
44 26 0
Net_id 62
pin_num 3
6 3 0
31 12 0
0 1 0
Net_id 63
pin_num 3
57 31 0
48 47 0
29 54 0
Net_id 64
pin_num 3
22 25 0
32 9 0
15 8 0
Net_id 65
pin_num 3
39 16 0
44 28 0
52 1 0
Net_id 66
pin_num 3
49 9 0
37 24 0
13 20 0
Net_id 67
pin_num 3
47 15 0
37 18 0
51 8 0
Net_id 68
pin_num 3
55 18 0
36 15 0
45 10 0
Net_id 69
pin_num 3
57 58 0
59 56 0
49 57 0
Net_id 70
pin_num 3
49 3 0
53 2 0
59 5 0
Net_id 71
pin_num 3
3 30 0
3 13 0
8 16 0
Net_id 72
pin_num 3
35 28 0
38 46 0
16 32 0
Net_id 73
pin_num 3
1 28 0
11 43 0
8 31 0
Net_id 74
pin_num 3
42 19 0
49 24 0
43 13 0
Net_id 75
pin_num 2
29 49 0
1 59 0
Net_id 76
pin_num 2
25 52 0
21 55 0
Net_id 77
pin_num 2
36 57 0
26 45 0
Net_id 78
pin_num 2
36 14 0
36 28 0
Net_id 79
pin_num 2
34 46 0
23 52 0
Net_id 80
pin_num 2
4 41 0
3 32 0
Net_id 81
pin_num 2
28 28 0
43 17 0
Net_id 82
pin_num 2
34 45 0
57 54 0
Net_id 83
pin_num 2
32 36 0
33 33 0
Net_id 84
pin_num 2
29 47 0
33 45 0
Net_id 85
pin_num 2
13 27 0
19 21 0
Net_id 86
pin_num 2
9 37 0
38 51 0
Net_id 87
pin_num 2
1 26 0
22 8 0
Net_id 88
pin_num 2
14 33 0
10 36 0
Net_id 89
pin_num 2
9 23 0
20 47 0
Net_id 90
pin_num 2
40 58 0
22 49 0
Net_id 91
pin_num 2
6 25 0
19 11 0
Net_id 92
pin_num 2
20 6 0
36 10 0
Net_id 93
pin_num 2
39 12 0
46 18 0
Net_id 94
pin_num 2
43 6 0
27 2 0
Net_id 95
pin_num 2
54 40 0
53 49 0
Net_id 96
pin_num 2
27 8 0
12 17 0
Net_id 97
pin_num 2
50 47 0
34 47 0
Net_id 98
pin_num 2
45 2 0
53 9 0
Net_id 99
pin_num 2
39 49 0
40 41 0
Net_id 100
pin_num 2
43 50 0
38 47 0
Net_id 101
pin_num 2
35 51 0
36 46 0
Net_id 102
pin_num 2
21 54 0
25 54 0
Net_id 103
pin_num 2
44 30 0
19 17 0
Net_id 104
pin_num 2
20 1 0
10 17 0
Net_id 105
pin_num 2
53 50 0
54 47 0
Net_id 106
pin_num 2
47 46 0
36 33 0
Net_id 107
pin_num 2
8 1 0
2 24 0
Net_id 108
pin_num 2
7 5 0
7 2 0
Net_id 109
pin_num 2
14 29 0
3 34 0
Net_id 110
pin_num 2
51 40 0
42 54 0
Net_id 111
pin_num 2
36 5 0
47 12 0
Net_id 112
pin_num 2
5 48 0
6 34 0
Net_id 113
pin_num 2
26 39 0
13 6 0
Net_id 114
pin_num 2
33 27 0
22 21 0
Net_id 115
pin_num 2
13 58 0
31 51 0
Net_id 116
pin_num 2
3 7 0
16 0 0
Net_id 117
pin_num 2
22 18 0
36 12 0
Net_id 118
pin_num 2
19 18 0
17 22 0
Net_id 119
pin_num 2
58 54 0
57 34 0
Net_id 120
pin_num 2
11 28 0
17 36 0
Net_id 121
pin_num 2
35 41 0
22 45 0
Net_id 122
pin_num 2
4 1 0
1 6 0
Net_id 123
pin_num 2
14 8 0
9 13 0
Net_id 124
pin_num 2
8 33 0
4 35 0
Net_id 125
pin_num 2
56 51 0
46 55 0
Net_id 126
pin_num 2
58 9 0
57 18 0
Net_id 127
pin_num 2
32 22 0
43 21 0
Net_id 128
pin_num 2
41 41 0
45 41 0
Net_id 129
pin_num 2
31 19 0
27 16 0
Net_id 130
pin_num 2
34 30 0
33 24 0
Net_id 131
pin_num 2
46 30 0
34 48 0
Net_id 132
pin_num 2
29 30 0
23 43 0
Net_id 133
pin_num 2
1 53 0
11 49 0
Net_id 134
pin_num 2
57 19 0
41 24 0
Net_id 135
pin_num 2
25 28 0
41 42 0
Net_id 136
pin_num 2
8 8 0
6 10 0
Net_id 137
pin_num 2
32 51 0
25 57 0
Net_id 138
pin_num 2
57 27 0
58 39 0
Net_id 139
pin_num 2
24 24 0
20 9 0
Net_id 140
pin_num 2
5 42 0
19 57 0
Net_id 141
pin_num 2
53 36 0
59 45 0
Net_id 142
pin_num 2
10 31 0
3 20 0
Net_id 143
pin_num 2
21 24 0
35 26 0
Net_id 144
pin_num 2
2 46 0
7 46 0
Net_id 145
pin_num 2
8 22 0
19 24 0
Net_id 146
pin_num 2
30 45 0
20 52 0
Net_id 147
pin_num 2
16 36 0
4 28 0
Net_id 148
pin_num 2
31 21 0
19 9 0
Net_id 149
pin_num 2
39 28 0
40 25 0
Net_id 150
pin_num 2
51 27 0
48 32 0
Net_id 151
pin_num 2
23 47 0
15 24 0
Net_id 152
pin_num 2
11 39 0
8 24 0
Net_id 153
pin_num 2
35 49 0
59 50 0
Net_id 154
pin_num 2
57 17 0
53 12 0
Net_id 155
pin_num 2
30 6 0
27 9 0
