Width 60
Height 60
Layer 6
Total_WL 6944
Obstacle_num 144
9 17 0 13 18 0
43 2 0 48 3 0
27 11 0 36 12 0
51 58 0 55 59 0
23 10 0 27 11 0
50 54 0 59 55 0
24 48 0 34 49 0
4 9 0 14 10 0
34 51 0 42 52 0
0 58 0 8 59 0
17 19 0 20 20 0
6 57 0 10 58 0
14 33 0 22 34 0
39 26 0 48 27 0
46 8 0 56 9 0
13 22 0 22 23 0
2 14 0 10 15 0
29 4 0 34 5 0
48 18 0 51 19 0
8 40 0 12 41 0
45 30 0 49 31 0
3 37 0 6 38 0
22 27 0 28 28 0
8 12 0 18 13 0
40 44 1 41 52 1
38 26 1 39 29 1
33 18 1 34 22 1
36 48 1 37 57 1
43 33 1 44 41 1
31 50 1 32 55 1
52 29 1 53 38 1
35 9 1 36 12 1
37 8 1 38 11 1
33 41 1 34 51 1
22 38 1 23 47 1
52 19 1 53 24 1
19 1 1 20 7 1
30 31 1 31 38 1
27 30 1 28 36 1
24 20 1 25 28 1
27 47 1 28 52 1
39 28 1 40 38 1
36 38 1 37 45 1
2 24 1 3 33 1
51 3 1 52 9 1
13 16 1 14 22 1
1 52 1 2 59 1
47 21 1 48 30 1
51 0 2 56 1 2
28 51 2 33 52 2
19 7 2 27 8 2
2 31 2 6 32 2
43 9 2 50 10 2
33 1 2 40 2 2
43 3 2 49 4 2
56 26 2 59 27 2
16 39 2 25 40 2
1 23 2 10 24 2
31 40 2 37 41 2
10 3 2 18 4 2
4 5 2 7 6 2
45 4 2 52 5 2
15 14 2 19 15 2
45 42 2 52 43 2
3 15 2 8 16 2
13 42 2 21 43 2
17 51 2 26 52 2
15 19 2 24 20 2
37 50 2 41 51 2
23 30 2 28 31 2
24 49 2 29 50 2
33 52 2 41 53 2
31 32 3 32 37 3
38 6 3 39 10 3
1 44 3 2 54 3
32 39 3 33 48 3
17 33 3 18 41 3
14 40 3 15 50 3
52 3 3 53 10 3
15 6 3 16 9 3
9 7 3 10 14 3
0 23 3 1 26 3
22 14 3 23 20 3
27 15 3 28 21 3
42 41 3 43 48 3
0 32 3 1 38 3
29 44 3 30 47 3
23 19 3 24 22 3
34 35 3 35 43 3
8 25 3 9 34 3
1 55 3 2 59 3
21 17 3 22 21 3
32 30 3 33 35 3
25 20 3 26 27 3
17 15 3 18 23 3
7 30 3 8 33 3
34 17 4 37 18 4
34 45 4 42 46 4
38 36 4 41 37 4
40 16 4 47 17 4
34 31 4 42 32 4
48 15 4 58 16 4
26 11 4 33 12 4
10 28 4 18 29 4
11 41 4 19 42 4
30 13 4 38 14 4
18 0 4 23 1 4
36 24 4 44 25 4
40 30 4 50 31 4
14 3 4 22 4 4
46 22 4 55 23 4
32 7 4 38 8 4
13 13 4 17 14 4
11 14 4 17 15 4
35 6 4 44 7 4
6 45 4 14 46 4
40 14 4 43 15 4
48 33 4 55 34 4
32 22 4 42 23 4
7 8 4 15 9 4
23 9 5 24 15 5
18 5 5 19 10 5
32 24 5 33 28 5
5 19 5 6 29 5
56 56 5 57 59 5
18 49 5 19 57 5
22 1 5 23 5 5
4 15 5 5 19 5
56 40 5 57 43 5
36 36 5 37 39 5
49 38 5 50 42 5
46 45 5 47 54 5
17 44 5 18 49 5
30 46 5 31 55 5
3 38 5 4 47 5
21 34 5 22 43 5
27 14 5 28 21 5
33 8 5 34 14 5
9 24 5 10 33 5
39 24 5 40 27 5
46 3 5 47 6 5
8 16 5 9 24 5
20 37 5 21 45 5
18 28 5 19 31 5
Net_num 162
Net_id 0
pin_num 5
37 46 0
28 51 0
48 48 0
35 41 0
50 49 0
Net_id 1
pin_num 5
17 58 0
3 55 0
39 58 0
0 56 0
38 41 0
Net_id 2
pin_num 5
7 38 0
7 41 0
30 38 0
11 46 0
39 46 0
Net_id 3
pin_num 5
29 21 0
47 18 0
5 21 0
17 18 0
26 9 0
Net_id 4
pin_num 5
2 7 0
15 8 0
6 0 0
1 8 0
15 0 0
Net_id 5
pin_num 5
23 57 0
37 56 0
15 59 0
22 47 0
46 59 0
Net_id 6
pin_num 5
44 23 0
31 27 0
21 27 0
31 17 0
56 23 0
Net_id 7
pin_num 5
19 51 0
9 48 0
9 43 0
14 59 0
3 57 0
Net_id 8
pin_num 5
36 39 0
24 37 0
34 21 0
28 42 0
46 39 0
Net_id 9
pin_num 5
28 13 0
22 24 0
4 21 0
26 29 0
35 29 0
Net_id 10
pin_num 5
16 14 0
15 10 0
0 15 0
6 11 0
10 11 0
Net_id 11
pin_num 5
35 0 0
26 0 0
48 0 0
34 8 0
27 9 0
Net_id 12
pin_num 5
7 18 0
14 14 0
14 1 0
20 15 0
7 3 0
Net_id 13
pin_num 5
57 9 0
53 4 0
52 18 0
53 14 0
59 9 0
Net_id 14
pin_num 5
46 29 0
54 29 0
37 29 0
59 46 0
46 38 0
Net_id 15
pin_num 5
8 32 0
11 36 0
12 43 0
19 34 0
23 32 0
Net_id 16
pin_num 5
17 14 0
20 26 0
24 20 0
22 23 0
20 13 0
Net_id 17
pin_num 5
23 3 0
21 4 0
32 3 0
30 19 0
28 0 0
Net_id 18
pin_num 5
31 50 0
32 42 0
24 50 0
32 55 0
36 37 0
Net_id 19
pin_num 5
10 37 0
6 53 0
0 26 0
7 32 0
0 55 0
Net_id 20
pin_num 5
20 25 0
30 20 0
45 21 0
42 16 0
59 15 0
Net_id 21
pin_num 4
31 44 0
40 44 0
53 38 0
49 57 0
Net_id 22
pin_num 4
29 1 0
22 9 0
29 22 0
28 24 0
Net_id 23
pin_num 4
43 56 0
39 47 0
50 48 0
29 47 0
Net_id 24
pin_num 4
49 20 0
47 16 0
59 21 0
42 10 0
Net_id 25
pin_num 4
38 37 0
29 35 0
59 28 0
20 36 0
Net_id 26
pin_num 4
56 14 0
45 8 0
51 27 0
41 10 0
Net_id 27
pin_num 4
54 47 0
52 38 0
40 42 0
41 54 0
Net_id 28
pin_num 4
20 17 0
13 15 0
14 39 0
22 22 0
Net_id 29
pin_num 4
34 45 0
20 45 0
31 38 0
15 43 0
Net_id 30
pin_num 4
12 28 0
15 48 0
54 38 0
52 48 0
Net_id 31
pin_num 4
27 46 0
16 46 0
23 59 0
28 56 0
Net_id 32
pin_num 4
58 7 0
49 2 0
59 0 0
55 18 0
Net_id 33
pin_num 4
36 54 0
28 53 0
50 51 0
30 47 0
Net_id 34
pin_num 4
35 32 0
41 33 0
41 42 0
37 54 0
Net_id 35
pin_num 4
2 15 0
8 6 0
1 24 0
8 22 0
Net_id 36
pin_num 4
50 24 0
58 11 0
35 22 0
56 9 0
Net_id 37
pin_num 4
7 19 0
26 22 0
25 11 0
25 40 0
Net_id 38
pin_num 4
32 5 0
37 12 0
24 12 0
57 3 0
Net_id 39
pin_num 4
47 21 0
41 18 0
56 6 0
47 12 0
Net_id 40
pin_num 4
5 38 0
1 27 0
11 28 0
2 55 0
Net_id 41
pin_num 4
37 52 0
34 43 0
22 26 0
35 34 0
Net_id 42
pin_num 3
54 43 0
53 49 0
59 48 0
Net_id 43
pin_num 3
42 35 0
55 3 0
51 50 0
Net_id 44
pin_num 3
58 1 0
41 1 0
48 13 0
Net_id 45
pin_num 3
55 12 0
41 2 0
58 12 0
Net_id 46
pin_num 3
57 38 0
45 20 0
33 32 0
Net_id 47
pin_num 3
37 23 0
23 26 0
40 8 0
Net_id 48
pin_num 3
46 19 0
34 19 0
44 11 0
Net_id 49
pin_num 3
32 9 0
37 3 0
21 14 0
Net_id 50
pin_num 3
36 10 0
40 20 0
21 9 0
Net_id 51
pin_num 3
40 13 0
33 14 0
39 21 0
Net_id 52
pin_num 3
7 5 0
21 11 0
4 2 0
Net_id 53
pin_num 3
10 22 0
15 23 0
21 34 0
Net_id 54
pin_num 3
29 40 0
47 39 0
59 47 0
Net_id 55
pin_num 3
5 45 0
1 26 0
19 41 0
Net_id 56
pin_num 3
45 12 0
33 9 0
34 16 0
Net_id 57
pin_num 3
51 33 0
44 33 0
48 21 0
Net_id 58
pin_num 3
9 39 0
2 54 0
2 51 0
Net_id 59
pin_num 3
30 17 0
21 10 0
19 26 0
Net_id 60
pin_num 3
9 29 0
18 29 0
13 46 0
Net_id 61
pin_num 3
41 37 0
56 36 0
50 31 0
Net_id 62
pin_num 3
32 25 0
20 9 0
26 40 0
Net_id 63
pin_num 3
13 55 0
12 40 0
4 57 0
Net_id 64
pin_num 3
41 38 0
47 45 0
40 25 0
Net_id 65
pin_num 3
9 25 0
3 25 0
3 46 0
Net_id 66
pin_num 3
56 59 0
47 46 0
55 53 0
Net_id 67
pin_num 3
21 8 0
5 22 0
12 29 0
Net_id 68
pin_num 3
31 5 0
21 6 0
2 9 0
Net_id 69
pin_num 3
14 15 0
30 26 0
23 29 0
Net_id 70
pin_num 3
39 43 0
33 37 0
5 33 0
Net_id 71
pin_num 3
44 59 0
45 46 0
53 53 0
Net_id 72
pin_num 3
22 50 0
25 55 0
35 56 0
Net_id 73
pin_num 3
15 49 0
3 32 0
9 31 0
Net_id 74
pin_num 3
23 12 0
24 16 0
38 2 0
Net_id 75
pin_num 3
20 44 0
5 26 0
19 24 0
Net_id 76
pin_num 3
5 29 0
19 31 0
18 50 0
Net_id 77
pin_num 3
5 3 0
10 13 0
8 2 0
Net_id 78
pin_num 3
56 51 0
58 53 0
39 59 0
Net_id 79
pin_num 3
19 6 0
5 1 0
0 12 0
Net_id 80
pin_num 3
34 50 0
42 50 0
48 58 0
Net_id 81
pin_num 3
15 29 0
17 23 0
3 30 0
Net_id 82
pin_num 2
32 1 0
47 31 0
Net_id 83
pin_num 2
24 59 0
40 43 0
Net_id 84
pin_num 2
44 8 0
40 3 0
Net_id 85
pin_num 2
20 52 0
7 42 0
Net_id 86
pin_num 2
9 42 0
21 55 0
Net_id 87
pin_num 2
40 58 0
58 46 0
Net_id 88
pin_num 2
9 11 0
7 13 0
Net_id 89
pin_num 2
16 39 0
8 24 0
Net_id 90
pin_num 2
39 35 0
19 47 0
Net_id 91
pin_num 2
43 7 0
47 7 0
Net_id 92
pin_num 2
27 14 0
37 25 0
Net_id 93
pin_num 2
55 28 0
52 25 0
Net_id 94
pin_num 2
30 37 0
2 56 0
Net_id 95
pin_num 2
6 33 0
28 55 0
Net_id 96
pin_num 2
57 45 0
58 27 0
Net_id 97
pin_num 2
3 54 0
19 48 0
Net_id 98
pin_num 2
34 10 0
27 10 0
Net_id 99
pin_num 2
49 46 0
57 28 0
Net_id 100
pin_num 2
59 35 0
24 29 0
Net_id 101
pin_num 2
51 34 0
49 36 0
Net_id 102
pin_num 2
21 44 0
25 44 0
Net_id 103
pin_num 2
35 4 0
47 13 0
Net_id 104
pin_num 2
19 1 0
39 10 0
Net_id 105
pin_num 2
31 26 0
35 26 0
Net_id 106
pin_num 2
55 6 0
32 14 0
Net_id 107
pin_num 2
0 22 0
12 2 0
Net_id 108
pin_num 2
16 5 0
25 1 0
Net_id 109
pin_num 2
12 1 0
32 15 0
Net_id 110
pin_num 2
35 8 0
39 7 0
Net_id 111
pin_num 2
7 49 0
2 37 0
Net_id 112
pin_num 2
51 2 0
58 9 0
Net_id 113
pin_num 2
48 57 0
25 47 0
Net_id 114
pin_num 2
41 13 0
50 3 0
Net_id 115
pin_num 2
8 53 0
3 49 0
Net_id 116
pin_num 2
53 3 0
50 20 0
Net_id 117
pin_num 2
59 6 0
42 5 0
Net_id 118
pin_num 2
17 40 0
5 32 0
Net_id 119
pin_num 2
55 27 0
34 20 0
Net_id 120
pin_num 2
21 16 0
26 35 0
Net_id 121
pin_num 2
43 20 0
51 25 0
Net_id 122
pin_num 2
48 20 0
48 16 0
Net_id 123
pin_num 2
18 42 0
5 49 0
Net_id 124
pin_num 2
33 33 0
46 40 0
Net_id 125
pin_num 2
19 14 0
12 4 0
Net_id 126
pin_num 2
49 51 0
37 36 0
Net_id 127
pin_num 2
15 50 0
36 36 0
Net_id 128
pin_num 2
14 28 0
22 31 0
Net_id 129
pin_num 2
1 47 0
10 48 0
Net_id 130
pin_num 2
45 16 0
49 4 0
Net_id 131
pin_num 2
22 15 0
39 3 0
Net_id 132
pin_num 2
24 55 0
9 59 0
Net_id 133
pin_num 2
41 14 0
36 22 0
Net_id 134
pin_num 2
58 26 0
37 30 0
Net_id 135
pin_num 2
33 25 0
41 24 0
Net_id 136
pin_num 2
24 32 0
37 17 0
Net_id 137
pin_num 2
29 53 0
37 55 0
Net_id 138
pin_num 2
35 15 0
49 14 0
Net_id 139
pin_num 2
16 7 0
18 9 0
Net_id 140
pin_num 2
42 1 0
42 11 0
Net_id 141
pin_num 2
19 30 0
24 41 0
Net_id 142
pin_num 2
46 14 0
58 25 0
Net_id 143
pin_num 2
23 35 0
26 34 0
Net_id 144
pin_num 2
5 53 0
26 44 0
Net_id 145
pin_num 2
50 36 0
59 27 0
Net_id 146
pin_num 2
16 59 0
19 57 0
Net_id 147
pin_num 2
38 27 0
32 22 0
Net_id 148
pin_num 2
40 22 0
19 27 0
Net_id 149
pin_num 2
40 7 0
28 26 0
Net_id 150
pin_num 2
46 11 0
41 17 0
Net_id 151
pin_num 2
55 48 0
57 50 0
Net_id 152
pin_num 2
0 11 0
17 1 0
Net_id 153
pin_num 2
23 30 0
46 28 0
Net_id 154
pin_num 2
44 12 0
32 13 0
Net_id 155
pin_num 2
58 23 0
48 34 0
Net_id 156
pin_num 2
9 20 0
20 23 0
Net_id 157
pin_num 2
13 37 0
5 46 0
Net_id 158
pin_num 2
58 18 0
48 1 0
Net_id 159
pin_num 2
31 31 0
16 35 0
Net_id 160
pin_num 2
26 41 0
29 36 0
Net_id 161
pin_num 2
2 19 0
0 18 0
