Width 60
Height 60
Layer 6
Total_WL 6873
Obstacle_num 144
3 11 0 13 12 0
7 19 0 15 20 0
35 8 0 44 9 0
30 10 0 37 11 0
34 18 0 40 19 0
37 7 0 42 8 0
5 6 0 8 7 0
23 9 0 30 10 0
19 27 0 24 28 0
32 15 0 41 16 0
31 13 0 40 14 0
0 28 0 8 29 0
4 15 0 12 16 0
26 39 0 36 40 0
16 31 0 26 32 0
37 47 0 46 48 0
11 3 0 19 4 0
53 2 0 57 3 0
11 7 0 18 8 0
24 21 0 33 22 0
7 50 0 14 51 0
14 44 0 21 45 0
22 1 0 29 2 0
22 40 0 27 41 0
35 36 1 36 39 1
17 27 1 18 30 1
35 47 1 36 56 1
19 46 1 20 51 1
13 27 1 14 34 1
37 17 1 38 23 1
21 36 1 22 46 1
33 27 1 34 34 1
27 22 1 28 31 1
19 13 1 20 19 1
0 1 1 1 8 1
3 19 1 4 26 1
41 23 1 42 33 1
26 51 1 27 58 1
37 12 1 38 17 1
11 34 1 12 42 1
7 43 1 8 49 1
1 12 1 2 19 1
6 44 1 7 49 1
28 34 1 29 42 1
10 3 1 11 8 1
51 10 1 52 15 1
53 0 1 54 10 1
18 7 1 19 12 1
41 48 2 46 49 2
15 53 2 22 54 2
54 47 2 59 48 2
22 50 2 31 51 2
18 42 2 23 43 2
52 12 2 56 13 2
48 9 2 55 10 2
50 46 2 58 47 2
49 26 2 58 27 2
43 58 2 49 59 2
56 42 2 59 43 2
1 26 2 7 27 2
1 22 2 11 23 2
5 56 2 11 57 2
3 42 2 6 43 2
40 15 2 43 16 2
28 44 2 37 45 2
29 28 2 37 29 2
47 13 2 55 14 2
34 56 2 43 57 2
33 35 2 40 36 2
44 42 2 51 43 2
10 58 2 20 59 2
9 50 2 15 51 2
44 10 3 45 16 3
10 18 3 11 28 3
30 9 3 31 14 3
22 0 3 23 5 3
40 41 3 41 46 3
21 0 3 22 3 3
30 33 3 31 42 3
9 50 3 10 56 3
52 33 3 53 42 3
22 18 3 23 26 3
43 30 3 44 33 3
26 8 3 27 15 3
55 3 3 56 9 3
10 35 3 11 41 3
15 25 3 16 33 3
56 22 3 57 28 3
24 18 3 25 28 3
11 33 3 12 38 3
20 25 3 21 30 3
46 16 3 47 20 3
3 29 3 4 39 3
6 31 3 7 40 3
54 53 3 55 58 3
23 6 3 24 14 3
27 42 4 34 43 4
53 54 4 59 55 4
45 0 4 54 1 4
4 21 4 11 22 4
18 45 4 21 46 4
54 36 4 58 37 4
3 57 4 13 58 4
23 34 4 26 35 4
39 43 4 47 44 4
31 40 4 34 41 4
47 52 4 56 53 4
3 17 4 6 18 4
48 12 4 54 13 4
5 5 4 12 6 4
44 48 4 53 49 4
40 58 4 45 59 4
5 31 4 8 32 4
48 32 4 51 33 4
14 4 4 22 5 4
4 4 4 10 5 4
47 16 4 53 17 4
11 20 4 21 21 4
1 11 4 6 12 4
5 35 4 10 36 4
15 46 5 16 52 5
42 33 5 43 38 5
31 42 5 32 51 5
26 48 5 27 52 5
27 39 5 28 46 5
8 19 5 9 28 5
34 1 5 35 4 5
53 14 5 54 19 5
55 37 5 56 40 5
2 26 5 3 29 5
25 3 5 26 9 5
42 48 5 43 54 5
52 16 5 53 26 5
38 6 5 39 16 5
0 8 5 1 16 5
55 54 5 56 57 5
57 15 5 58 18 5
29 13 5 30 16 5
1 22 5 2 28 5
45 31 5 46 38 5
20 12 5 21 21 5
56 9 5 57 19 5
34 42 5 35 49 5
1 12 5 2 17 5
Net_num 160
Net_id 0
pin_num 5
36 52 0
49 59 0
40 58 0
49 46 0
25 46 0
Net_id 1
pin_num 5
41 10 0
44 8 0
37 6 0
39 29 0
39 48 0
Net_id 2
pin_num 5
5 37 0
1 43 0
23 41 0
4 25 0
0 30 0
Net_id 3
pin_num 5
7 10 0
17 6 0
0 0 0
15 2 0
15 24 0
Net_id 4
pin_num 5
11 36 0
23 32 0
16 56 0
1 42 0
0 36 0
Net_id 5
pin_num 5
28 2 0
39 3 0
14 0 0
32 25 0
47 19 0
Net_id 6
pin_num 5
30 40 0
34 34 0
33 59 0
25 53 0
26 46 0
Net_id 7
pin_num 5
33 22 0
18 21 0
18 35 0
12 29 0
32 35 0
Net_id 8
pin_num 5
14 23 0
29 27 0
19 32 0
52 27 0
24 6 0
Net_id 9
pin_num 5
38 36 0
36 23 0
38 9 0
30 29 0
42 36 0
Net_id 10
pin_num 5
44 37 0
38 48 0
24 39 0
17 48 0
35 59 0
Net_id 11
pin_num 5
29 36 0
29 48 0
20 40 0
22 46 0
24 59 0
Net_id 12
pin_num 5
18 5 0
2 5 0
16 25 0
0 16 0
6 0 0
Net_id 13
pin_num 5
39 53 0
45 53 0
44 34 0
59 58 0
57 47 0
Net_id 14
pin_num 5
37 29 0
31 20 0
23 26 0
41 33 0
28 48 0
Net_id 15
pin_num 5
34 56 0
44 54 0
36 49 0
37 50 0
30 58 0
Net_id 16
pin_num 5
15 15 0
11 6 0
20 7 0
12 0 0
33 0 0
Net_id 17
pin_num 5
54 32 0
42 33 0
53 46 0
59 30 0
59 21 0
Net_id 18
pin_num 5
23 10 0
9 1 0
5 4 0
21 1 0
29 1 0
Net_id 19
pin_num 5
15 19 0
23 29 0
8 27 0
17 49 0
6 26 0
Net_id 20
pin_num 5
34 3 0
39 6 0
34 12 0
21 6 0
46 5 0
Net_id 21
pin_num 4
12 31 0
15 35 0
1 35 0
21 30 0
Net_id 22
pin_num 4
2 38 0
3 36 0
17 38 0
30 38 0
Net_id 23
pin_num 4
49 51 0
37 58 0
43 30 0
32 51 0
Net_id 24
pin_num 4
31 1 0
42 0 0
36 14 0
36 5 0
Net_id 25
pin_num 4
25 39 0
30 43 0
7 40 0
22 59 0
Net_id 26
pin_num 4
34 53 0
42 43 0
59 50 0
28 57 0
Net_id 27
pin_num 4
53 33 0
51 8 0
29 24 0
30 13 0
Net_id 28
pin_num 4
43 23 0
35 25 0
40 40 0
27 38 0
Net_id 29
pin_num 4
45 11 0
24 11 0
17 11 0
21 21 0
Net_id 30
pin_num 4
9 2 0
0 8 0
9 3 0
4 20 0
Net_id 31
pin_num 4
58 15 0
56 1 0
41 12 0
45 19 0
Net_id 32
pin_num 4
43 7 0
52 11 0
52 31 0
14 11 0
Net_id 33
pin_num 4
50 19 0
35 9 0
40 48 0
35 34 0
Net_id 34
pin_num 4
48 37 0
32 31 0
58 34 0
59 39 0
Net_id 35
pin_num 4
1 3 0
8 3 0
3 17 0
6 8 0
Net_id 36
pin_num 4
33 32 0
42 31 0
39 33 0
45 39 0
Net_id 37
pin_num 4
38 34 0
51 41 0
49 32 0
59 20 0
Net_id 38
pin_num 4
46 17 0
57 9 0
57 25 0
59 17 0
Net_id 39
pin_num 4
16 24 0
32 20 0
56 20 0
43 26 0
Net_id 40
pin_num 4
21 57 0
33 48 0
44 55 0
39 54 0
Net_id 41
pin_num 3
16 45 0
4 49 0
3 48 0
Net_id 42
pin_num 3
30 7 0
42 29 0
7 16 0
Net_id 43
pin_num 3
33 43 0
43 41 0
36 37 0
Net_id 44
pin_num 3
53 35 0
47 35 0
34 46 0
Net_id 45
pin_num 3
51 26 0
58 21 0
54 39 0
Net_id 46
pin_num 3
4 55 0
1 51 0
7 51 0
Net_id 47
pin_num 3
24 48 0
24 57 0
27 55 0
Net_id 48
pin_num 3
57 49 0
59 41 0
41 45 0
Net_id 49
pin_num 3
32 52 0
38 55 0
45 50 0
Net_id 50
pin_num 3
49 8 0
54 4 0
54 6 0
Net_id 51
pin_num 3
27 4 0
37 4 0
52 2 0
Net_id 52
pin_num 3
20 13 0
30 30 0
44 32 0
Net_id 53
pin_num 3
30 59 0
41 44 0
59 40 0
Net_id 54
pin_num 3
40 28 0
33 28 0
33 12 0
Net_id 55
pin_num 3
46 47 0
55 40 0
50 54 0
Net_id 56
pin_num 3
34 44 0
54 54 0
38 56 0
Net_id 57
pin_num 3
0 41 0
8 37 0
15 46 0
Net_id 58
pin_num 3
30 25 0
9 27 0
0 27 0
Net_id 59
pin_num 3
8 24 0
0 22 0
2 32 0
Net_id 60
pin_num 3
18 37 0
32 48 0
14 37 0
Net_id 61
pin_num 3
12 44 0
22 38 0
32 50 0
Net_id 62
pin_num 3
25 20 0
19 20 0
20 9 0
Net_id 63
pin_num 3
54 9 0
43 13 0
37 2 0
Net_id 64
pin_num 3
41 19 0
21 12 0
0 44 0
Net_id 65
pin_num 3
29 15 0
41 37 0
58 43 0
Net_id 66
pin_num 3
49 2 0
19 2 0
58 10 0
Net_id 67
pin_num 3
14 22 0
13 34 0
42 28 0
Net_id 68
pin_num 3
14 52 0
27 52 0
17 57 0
Net_id 69
pin_num 3
40 20 0
30 15 0
58 29 0
Net_id 70
pin_num 3
43 1 0
24 4 0
28 8 0
Net_id 71
pin_num 3
44 38 0
32 34 0
16 34 0
Net_id 72
pin_num 3
27 10 0
24 7 0
25 32 0
Net_id 73
pin_num 3
46 41 0
41 40 0
57 29 0
Net_id 74
pin_num 3
6 42 0
0 32 0
11 14 0
Net_id 75
pin_num 3
13 54 0
13 57 0
10 34 0
Net_id 76
pin_num 3
3 38 0
19 51 0
23 43 0
Net_id 77
pin_num 3
28 52 0
16 33 0
14 59 0
Net_id 78
pin_num 2
5 43 0
9 47 0
Net_id 79
pin_num 2
59 45 0
46 32 0
Net_id 80
pin_num 2
12 41 0
21 29 0
Net_id 81
pin_num 2
13 46 0
2 50 0
Net_id 82
pin_num 2
15 32 0
10 33 0
Net_id 83
pin_num 2
43 29 0
47 29 0
Net_id 84
pin_num 2
22 21 0
45 54 0
Net_id 85
pin_num 2
6 17 0
0 10 0
Net_id 86
pin_num 2
29 3 0
2 4 0
Net_id 87
pin_num 2
57 19 0
32 33 0
Net_id 88
pin_num 2
26 31 0
35 40 0
Net_id 89
pin_num 2
26 58 0
18 48 0
Net_id 90
pin_num 2
51 46 0
33 26 0
Net_id 91
pin_num 2
0 7 0
8 18 0
Net_id 92
pin_num 2
23 16 0
21 17 0
Net_id 93
pin_num 2
8 23 0
1 23 0
Net_id 94
pin_num 2
9 33 0
0 24 0
Net_id 95
pin_num 2
6 50 0
0 23 0
Net_id 96
pin_num 2
40 18 0
46 10 0
Net_id 97
pin_num 2
19 12 0
10 9 0
Net_id 98
pin_num 2
36 12 0
44 19 0
Net_id 99
pin_num 2
9 25 0
14 20 0
Net_id 100
pin_num 2
20 5 0
20 3 0
Net_id 101
pin_num 2
55 54 0
58 30 0
Net_id 102
pin_num 2
38 37 0
42 48 0
Net_id 103
pin_num 2
18 29 0
12 23 0
Net_id 104
pin_num 2
15 34 0
10 54 0
Net_id 105
pin_num 2
27 56 0
43 28 0
Net_id 106
pin_num 2
53 15 0
47 11 0
Net_id 107
pin_num 2
18 53 0
25 43 0
Net_id 108
pin_num 2
52 25 0
58 20 0
Net_id 109
pin_num 2
7 54 0
0 59 0
Net_id 110
pin_num 2
52 57 0
53 56 0
Net_id 111
pin_num 2
5 30 0
19 8 0
Net_id 112
pin_num 2
34 54 0
24 54 0
Net_id 113
pin_num 2
9 35 0
5 21 0
Net_id 114
pin_num 2
49 49 0
55 44 0
Net_id 115
pin_num 2
48 3 0
41 14 0
Net_id 116
pin_num 2
10 27 0
14 31 0
Net_id 117
pin_num 2
30 9 0
42 25 0
Net_id 118
pin_num 2
46 15 0
29 6 0
Net_id 119
pin_num 2
15 16 0
17 10 0
Net_id 120
pin_num 2
48 36 0
44 36 0
Net_id 121
pin_num 2
52 42 0
57 56 0
Net_id 122
pin_num 2
52 45 0
45 41 0
Net_id 123
pin_num 2
54 14 0
55 7 0
Net_id 124
pin_num 2
18 33 0
31 30 0
Net_id 125
pin_num 2
38 21 0
58 24 0
Net_id 126
pin_num 2
55 21 0
48 8 0
Net_id 127
pin_num 2
34 36 0
36 31 0
Net_id 128
pin_num 2
26 16 0
46 16 0
Net_id 129
pin_num 2
8 9 0
9 6 0
Net_id 130
pin_num 2
0 45 0
16 57 0
Net_id 131
pin_num 2
11 55 0
3 54 0
Net_id 132
pin_num 2
55 58 0
55 53 0
Net_id 133
pin_num 2
32 30 0
44 17 0
Net_id 134
pin_num 2
9 21 0
22 30 0
Net_id 135
pin_num 2
0 15 0
12 42 0
Net_id 136
pin_num 2
50 14 0
46 31 0
Net_id 137
pin_num 2
45 0 0
49 9 0
Net_id 138
pin_num 2
21 53 0
15 57 0
Net_id 139
pin_num 2
51 32 0
39 4 0
Net_id 140
pin_num 2
23 48 0
18 20 0
Net_id 141
pin_num 2
49 40 0
27 8 0
Net_id 142
pin_num 2
14 49 0
1 34 0
Net_id 143
pin_num 2
25 28 0
32 41 0
Net_id 144
pin_num 2
18 43 0
27 42 0
Net_id 145
pin_num 2
31 5 0
20 2 0
Net_id 146
pin_num 2
25 13 0
46 4 0
Net_id 147
pin_num 2
1 9 0
5 9 0
Net_id 148
pin_num 2
57 37 0
35 23 0
Net_id 149
pin_num 2
59 16 0
47 10 0
Net_id 150
pin_num 2
58 18 0
51 36 0
Net_id 151
pin_num 2
1 48 0
3 47 0
Net_id 152
pin_num 2
14 53 0
20 51 0
Net_id 153
pin_num 2
40 14 0
48 28 0
Net_id 154
pin_num 2
3 57 0
3 58 0
Net_id 155
pin_num 2
27 40 0
30 49 0
Net_id 156
pin_num 2
54 20 0
47 38 0
Net_id 157
pin_num 2
12 10 0
2 19 0
Net_id 158
pin_num 2
6 59 0
1 59 0
Net_id 159
pin_num 2
0 21 0
28 6 0
