Width 60
Height 60
Layer 6
Total_WL 6151
Obstacle_num 144
37 38 0 44 39 0
23 28 0 29 29 0
33 11 0 37 12 0
37 5 0 40 6 0
6 1 0 16 2 0
50 48 0 57 49 0
5 37 0 15 38 0
24 4 0 28 5 0
37 17 0 45 18 0
47 35 0 56 36 0
27 23 0 37 24 0
7 45 0 14 46 0
44 15 0 52 16 0
27 31 0 36 32 0
43 52 0 49 53 0
45 5 0 49 6 0
43 2 0 52 3 0
31 27 0 39 28 0
19 41 0 29 42 0
46 12 0 54 13 0
35 33 0 43 34 0
13 53 0 22 54 0
38 45 0 41 46 0
8 30 0 16 31 0
6 10 1 7 17 1
29 28 1 30 38 1
36 17 1 37 25 1
54 41 1 55 51 1
10 21 1 11 28 1
32 3 1 33 7 1
11 22 1 12 27 1
32 40 1 33 43 1
28 24 1 29 34 1
9 41 1 10 45 1
43 36 1 44 42 1
41 32 1 42 37 1
22 21 1 23 28 1
37 27 1 38 37 1
27 49 1 28 52 1
34 49 1 35 55 1
25 23 1 26 28 1
57 28 1 58 38 1
42 20 1 43 28 1
51 44 1 52 50 1
50 50 1 51 57 1
21 48 1 22 52 1
3 27 1 4 34 1
1 51 1 2 55 1
10 50 2 19 51 2
41 3 2 44 4 2
25 3 2 30 4 2
19 5 2 24 6 2
20 50 2 24 51 2
46 29 2 55 30 2
48 35 2 56 36 2
22 58 2 25 59 2
22 0 2 27 1 2
9 48 2 15 49 2
27 24 2 35 25 2
4 25 2 12 26 2
12 29 2 19 30 2
29 50 2 39 51 2
0 52 2 9 53 2
35 38 2 41 39 2
10 17 2 14 18 2
12 13 2 16 14 2
38 52 2 42 53 2
39 16 2 42 17 2
2 3 2 5 4 2
29 7 2 35 8 2
6 15 2 9 16 2
38 26 2 45 27 2
26 6 3 27 11 3
43 32 3 44 37 3
53 5 3 54 8 3
4 21 3 5 30 3
42 21 3 43 30 3
19 30 3 20 36 3
10 39 3 11 43 3
11 12 3 12 22 3
58 4 3 59 9 3
52 3 3 53 10 3
22 10 3 23 19 3
34 44 3 35 47 3
29 7 3 30 15 3
32 4 3 33 14 3
16 5 3 17 9 3
18 13 3 19 20 3
46 27 3 47 31 3
16 36 3 17 46 3
24 22 3 25 32 3
0 36 3 1 44 3
23 24 3 24 32 3
27 11 3 28 17 3
34 7 3 35 11 3
37 20 3 38 26 3
11 49 4 14 50 4
25 57 4 30 58 4
49 6 4 52 7 4
19 25 4 24 26 4
20 40 4 25 41 4
35 15 4 44 16 4
29 45 4 37 46 4
24 28 4 30 29 4
8 11 4 18 12 4
29 25 4 36 26 4
24 0 4 29 1 4
54 3 4 57 4 4
3 3 4 10 4 4
22 23 4 27 24 4
42 27 4 47 28 4
14 37 4 21 38 4
39 23 4 47 24 4
31 17 4 40 18 4
42 32 4 50 33 4
28 27 4 37 28 4
21 50 4 25 51 4
38 22 4 46 23 4
15 26 4 23 27 4
40 17 4 44 18 4
56 33 5 57 38 5
53 0 5 54 6 5
42 3 5 43 11 5
38 45 5 39 53 5
17 15 5 18 21 5
0 25 5 1 28 5
37 0 5 38 3 5
35 25 5 36 34 5
10 7 5 11 15 5
33 25 5 34 28 5
38 36 5 39 45 5
35 34 5 36 40 5
6 44 5 7 51 5
23 40 5 24 44 5
41 0 5 42 6 5
55 14 5 56 21 5
33 35 5 34 40 5
41 47 5 42 52 5
9 49 5 10 53 5
36 50 5 37 58 5
49 18 5 50 21 5
19 20 5 20 27 5
32 48 5 33 55 5
31 25 5 32 30 5
Net_num 157
Net_id 0
pin_num 5
37 40 0
35 32 0
28 37 0
35 39 0
47 38 0
Net_id 1
pin_num 5
4 53 0
0 46 0
2 59 0
1 58 0
3 44 0
Net_id 2
pin_num 5
35 52 0
35 48 0
18 49 0
15 59 0
11 52 0
Net_id 3
pin_num 5
34 56 0
47 53 0
40 53 0
45 57 0
21 54 0
Net_id 4
pin_num 5
42 48 0
36 51 0
33 41 0
13 42 0
0 37 0
Net_id 5
pin_num 5
29 47 0
41 54 0
36 32 0
25 58 0
46 54 0
Net_id 6
pin_num 5
36 1 0
44 8 0
27 2 0
40 0 0
48 0 0
Net_id 7
pin_num 5
16 40 0
3 40 0
19 28 0
0 27 0
5 50 0
Net_id 8
pin_num 5
45 7 0
52 2 0
48 19 0
35 4 0
49 0 0
Net_id 9
pin_num 5
33 58 0
29 58 0
30 55 0
45 58 0
42 55 0
Net_id 10
pin_num 5
50 7 0
56 7 0
59 22 0
54 15 0
54 17 0
Net_id 11
pin_num 5
10 16 0
19 19 0
42 19 0
32 18 0
34 19 0
Net_id 12
pin_num 5
54 22 0
45 27 0
54 37 0
43 24 0
52 56 0
Net_id 13
pin_num 5
18 47 0
1 44 0
8 55 0
4 51 0
12 49 0
Net_id 14
pin_num 5
56 28 0
56 25 0
59 6 0
41 11 0
36 5 0
Net_id 15
pin_num 5
37 31 0
55 31 0
51 20 0
52 11 0
32 35 0
Net_id 16
pin_num 5
57 11 0
53 9 0
41 9 0
51 9 0
50 0 0
Net_id 17
pin_num 5
12 43 0
7 41 0
17 43 0
11 58 0
7 59 0
Net_id 18
pin_num 5
19 34 0
12 27 0
1 26 0
30 26 0
30 8 0
Net_id 19
pin_num 5
19 24 0
8 36 0
22 36 0
21 31 0
17 32 0
Net_id 20
pin_num 4
45 50 0
36 57 0
42 59 0
33 59 0
Net_id 21
pin_num 4
46 59 0
46 51 0
59 59 0
47 58 0
Net_id 22
pin_num 4
50 46 0
40 46 0
41 59 0
59 55 0
Net_id 23
pin_num 4
41 3 0
33 3 0
12 3 0
9 0 0
Net_id 24
pin_num 4
58 33 0
50 43 0
59 40 0
59 46 0
Net_id 25
pin_num 4
32 41 0
29 26 0
37 37 0
26 39 0
Net_id 26
pin_num 4
8 12 0
21 1 0
25 6 0
17 19 0
Net_id 27
pin_num 4
44 32 0
58 34 0
58 45 0
53 36 0
Net_id 28
pin_num 4
47 51 0
58 52 0
47 43 0
41 44 0
Net_id 29
pin_num 4
2 16 0
2 28 0
5 26 0
26 24 0
Net_id 30
pin_num 4
43 36 0
37 36 0
51 42 0
59 42 0
Net_id 31
pin_num 4
10 26 0
28 22 0
14 5 0
28 34 0
Net_id 32
pin_num 4
42 23 0
36 26 0
36 10 0
41 18 0
Net_id 33
pin_num 4
19 51 0
13 55 0
0 44 0
18 57 0
Net_id 34
pin_num 4
27 1 0
28 4 0
39 1 0
52 1 0
Net_id 35
pin_num 4
9 46 0
25 50 0
19 50 0
36 52 0
Net_id 36
pin_num 4
7 31 0
19 23 0
26 7 0
14 4 0
Net_id 37
pin_num 4
21 21 0
27 19 0
33 20 0
20 24 0
Net_id 38
pin_num 4
19 59 0
12 55 0
4 54 0
0 35 0
Net_id 39
pin_num 4
56 3 0
55 1 0
49 10 0
55 0 0
Net_id 40
pin_num 3
37 4 0
29 1 0
33 21 0
Net_id 41
pin_num 3
39 39 0
59 32 0
52 57 0
Net_id 42
pin_num 3
31 16 0
47 21 0
43 45 0
Net_id 43
pin_num 3
20 8 0
33 2 0
8 0 0
Net_id 44
pin_num 3
2 8 0
0 3 0
9 5 0
Net_id 45
pin_num 3
18 42 0
25 48 0
37 45 0
Net_id 46
pin_num 3
17 28 0
31 32 0
30 59 0
Net_id 47
pin_num 3
45 3 0
38 1 0
39 18 0
Net_id 48
pin_num 3
33 24 0
7 32 0
34 34 0
Net_id 49
pin_num 3
25 53 0
27 59 0
28 45 0
Net_id 50
pin_num 3
54 23 0
51 10 0
21 12 0
Net_id 51
pin_num 3
1 43 0
7 43 0
25 43 0
Net_id 52
pin_num 3
55 4 0
55 11 0
59 27 0
Net_id 53
pin_num 3
20 4 0
31 5 0
5 1 0
Net_id 54
pin_num 3
4 30 0
6 39 0
5 38 0
Net_id 55
pin_num 3
40 27 0
44 21 0
57 34 0
Net_id 56
pin_num 3
10 49 0
1 41 0
1 28 0
Net_id 57
pin_num 3
50 21 0
49 3 0
43 21 0
Net_id 58
pin_num 3
58 38 0
57 42 0
46 37 0
Net_id 59
pin_num 3
0 56 0
17 48 0
2 54 0
Net_id 60
pin_num 3
6 52 0
12 39 0
14 56 0
Net_id 61
pin_num 3
33 32 0
26 31 0
29 34 0
Net_id 62
pin_num 3
3 25 0
14 25 0
15 38 0
Net_id 63
pin_num 3
28 36 0
51 34 0
43 25 0
Net_id 64
pin_num 3
12 13 0
9 7 0
35 7 0
Net_id 65
pin_num 3
48 49 0
39 37 0
33 30 0
Net_id 66
pin_num 3
42 57 0
38 53 0
53 50 0
Net_id 67
pin_num 3
7 44 0
37 41 0
37 39 0
Net_id 68
pin_num 3
27 34 0
21 57 0
44 20 0
Net_id 69
pin_num 3
13 5 0
8 2 0
4 15 0
Net_id 70
pin_num 3
45 10 0
38 18 0
44 22 0
Net_id 71
pin_num 3
48 6 0
53 6 0
54 0 0
Net_id 72
pin_num 3
9 2 0
17 2 0
13 9 0
Net_id 73
pin_num 3
34 38 0
28 21 0
34 6 0
Net_id 74
pin_num 3
4 29 0
9 23 0
4 28 0
Net_id 75
pin_num 3
52 4 0
40 2 0
32 22 0
Net_id 76
pin_num 3
47 22 0
48 27 0
55 37 0
Net_id 77
pin_num 3
58 19 0
44 11 0
38 26 0
Net_id 78
pin_num 3
55 3 0
54 5 0
45 8 0
Net_id 79
pin_num 3
13 56 0
2 58 0
28 43 0
Net_id 80
pin_num 2
18 54 0
29 57 0
Net_id 81
pin_num 2
1 39 0
6 48 0
Net_id 82
pin_num 2
46 4 0
28 13 0
Net_id 83
pin_num 2
4 35 0
5 32 0
Net_id 84
pin_num 2
25 16 0
18 23 0
Net_id 85
pin_num 2
52 16 0
42 15 0
Net_id 86
pin_num 2
53 54 0
37 57 0
Net_id 87
pin_num 2
7 53 0
12 54 0
Net_id 88
pin_num 2
25 40 0
28 40 0
Net_id 89
pin_num 2
0 7 0
0 9 0
Net_id 90
pin_num 2
2 56 0
6 54 0
Net_id 91
pin_num 2
56 14 0
45 12 0
Net_id 92
pin_num 2
43 6 0
58 16 0
Net_id 93
pin_num 2
21 17 0
16 17 0
Net_id 94
pin_num 2
7 30 0
3 41 0
Net_id 95
pin_num 2
59 25 0
55 28 0
Net_id 96
pin_num 2
35 41 0
46 43 0
Net_id 97
pin_num 2
1 12 0
6 41 0
Net_id 98
pin_num 2
27 25 0
37 25 0
Net_id 99
pin_num 2
51 51 0
54 57 0
Net_id 100
pin_num 2
4 14 0
19 15 0
Net_id 101
pin_num 2
14 12 0
20 7 0
Net_id 102
pin_num 2
51 27 0
51 18 0
Net_id 103
pin_num 2
25 39 0
14 38 0
Net_id 104
pin_num 2
56 38 0
55 44 0
Net_id 105
pin_num 2
25 42 0
29 22 0
Net_id 106
pin_num 2
36 31 0
31 20 0
Net_id 107
pin_num 2
4 45 0
9 54 0
Net_id 108
pin_num 2
32 38 0
22 46 0
Net_id 109
pin_num 2
4 44 0
16 35 0
Net_id 110
pin_num 2
37 22 0
56 17 0
Net_id 111
pin_num 2
39 40 0
38 37 0
Net_id 112
pin_num 2
2 32 0
0 34 0
Net_id 113
pin_num 2
24 14 0
21 2 0
Net_id 114
pin_num 2
13 41 0
7 54 0
Net_id 115
pin_num 2
45 46 0
43 59 0
Net_id 116
pin_num 2
28 58 0
19 48 0
Net_id 117
pin_num 2
53 17 0
47 18 0
Net_id 118
pin_num 2
27 36 0
21 37 0
Net_id 119
pin_num 2
18 29 0
12 8 0
Net_id 120
pin_num 2
21 5 0
31 1 0
Net_id 121
pin_num 2
17 21 0
32 26 0
Net_id 122
pin_num 2
27 14 0
19 2 0
Net_id 123
pin_num 2
55 40 0
59 58 0
Net_id 124
pin_num 2
54 28 0
44 28 0
Net_id 125
pin_num 2
2 40 0
17 40 0
Net_id 126
pin_num 2
5 45 0
19 57 0
Net_id 127
pin_num 2
6 7 0
18 1 0
Net_id 128
pin_num 2
43 48 0
53 46 0
Net_id 129
pin_num 2
31 17 0
13 23 0
Net_id 130
pin_num 2
25 56 0
20 58 0
Net_id 131
pin_num 2
31 43 0
29 46 0
Net_id 132
pin_num 2
38 35 0
49 34 0
Net_id 133
pin_num 2
40 43 0
27 47 0
Net_id 134
pin_num 2
24 10 0
5 13 0
Net_id 135
pin_num 2
16 16 0
13 16 0
Net_id 136
pin_num 2
21 28 0
15 22 0
Net_id 137
pin_num 2
6 50 0
14 59 0
Net_id 138
pin_num 2
12 15 0
51 0 0
Net_id 139
pin_num 2
3 14 0
3 21 0
Net_id 140
pin_num 2
14 7 0
21 30 0
Net_id 141
pin_num 2
47 55 0
54 55 0
Net_id 142
pin_num 2
4 3 0
1 9 0
Net_id 143
pin_num 2
25 15 0
4 34 0
Net_id 144
pin_num 2
24 22 0
34 14 0
Net_id 145
pin_num 2
9 4 0
1 10 0
Net_id 146
pin_num 2
34 26 0
32 29 0
Net_id 147
pin_num 2
17 56 0
35 28 0
Net_id 148
pin_num 2
23 48 0
19 45 0
Net_id 149
pin_num 2
9 43 0
2 49 0
Net_id 150
pin_num 2
25 57 0
24 48 0
Net_id 151
pin_num 2
25 29 0
19 20 0
Net_id 152
pin_num 2
24 12 0
7 8 0
Net_id 153
pin_num 2
46 20 0
55 12 0
Net_id 154
pin_num 2
22 54 0
26 51 0
Net_id 155
pin_num 2
2 17 0
7 17 0
Net_id 156
pin_num 2
6 18 0
0 17 0
