Width 60
Height 60
Layer 6
Total_WL 6920
Obstacle_num 144
46 42 0 50 43 0
48 39 0 56 40 0
25 49 0 30 50 0
27 45 0 37 46 0
30 2 0 40 3 0
16 51 0 20 52 0
29 21 0 37 22 0
10 10 0 13 11 0
24 18 0 31 19 0
39 44 0 45 45 0
19 1 0 23 2 0
45 36 0 52 37 0
1 10 0 7 11 0
34 29 0 42 30 0
1 33 0 6 34 0
6 12 0 16 13 0
44 24 0 49 25 0
50 41 0 53 42 0
37 34 0 47 35 0
46 5 0 53 6 0
41 1 0 48 2 0
30 6 0 35 7 0
24 40 0 32 41 0
46 17 0 49 18 0
50 38 1 51 41 1
15 33 1 16 40 1
55 42 1 56 46 1
16 45 1 17 55 1
2 12 1 3 16 1
29 41 1 30 46 1
22 43 1 23 51 1
13 45 1 14 52 1
29 56 1 30 59 1
5 37 1 6 41 1
34 31 1 35 41 1
48 14 1 49 23 1
57 2 1 58 7 1
37 25 1 38 33 1
47 17 1 48 27 1
46 45 1 47 50 1
34 5 1 35 12 1
37 36 1 38 43 1
35 41 1 36 49 1
57 52 1 58 55 1
7 23 1 8 31 1
28 23 1 29 32 1
57 44 1 58 51 1
36 12 1 37 20 1
4 18 2 11 19 2
22 6 2 32 7 2
1 35 2 10 36 2
5 51 2 15 52 2
50 51 2 55 52 2
33 49 2 43 50 2
14 6 2 20 7 2
37 0 2 43 1 2
37 57 2 43 58 2
10 39 2 17 40 2
22 46 2 29 47 2
51 17 2 57 18 2
22 17 2 25 18 2
22 52 2 27 53 2
13 56 2 18 57 2
18 47 2 23 48 2
19 12 2 24 13 2
28 1 2 36 2 2
5 55 2 9 56 2
30 57 2 33 58 2
38 40 2 46 41 2
41 39 2 46 40 2
23 37 2 28 38 2
7 58 2 12 59 2
56 24 3 57 27 3
28 40 3 29 48 3
32 27 3 33 34 3
48 48 3 49 57 3
47 33 3 48 42 3
51 19 3 52 28 3
30 32 3 31 39 3
42 9 3 43 13 3
20 14 3 21 22 3
2 30 3 3 35 3
24 52 3 25 56 3
3 3 3 4 7 3
12 51 3 13 58 3
54 24 3 55 29 3
8 19 3 9 25 3
9 44 3 10 52 3
38 35 3 39 39 3
22 2 3 23 12 3
22 21 3 23 31 3
55 51 3 56 59 3
53 21 3 54 30 3
45 22 3 46 29 3
57 4 3 58 13 3
26 53 3 27 57 3
11 42 4 17 43 4
48 53 4 54 54 4
5 15 4 8 16 4
1 52 4 4 53 4
54 9 4 57 10 4
17 27 4 25 28 4
10 41 4 15 42 4
51 49 4 56 50 4
40 50 4 44 51 4
24 53 4 32 54 4
8 11 4 13 12 4
35 49 4 38 50 4
14 58 4 19 59 4
40 48 4 43 49 4
42 55 4 52 56 4
0 27 4 10 28 4
47 33 4 56 34 4
44 54 4 51 55 4
0 34 4 8 35 4
41 27 4 44 28 4
9 15 4 19 16 4
8 50 4 15 51 4
32 47 4 39 48 4
29 33 4 36 34 4
4 28 5 5 31 5
0 29 5 1 37 5
34 43 5 35 50 5
0 1 5 1 11 5
40 11 5 41 19 5
20 4 5 21 9 5
7 43 5 8 53 5
21 36 5 22 41 5
26 36 5 27 40 5
34 15 5 35 19 5
53 9 5 54 12 5
11 12 5 12 16 5
3 40 5 4 46 5
52 27 5 53 30 5
19 13 5 20 17 5
9 36 5 10 44 5
29 40 5 30 50 5
42 20 5 43 26 5
10 49 5 11 59 5
9 14 5 10 24 5
6 29 5 7 36 5
35 0 5 36 5 5
16 10 5 17 18 5
45 48 5 46 56 5
Net_num 159
Net_id 0
pin_num 5
46 6 0
58 6 0
55 0 0
40 1 0
46 4 0
Net_id 1
pin_num 5
21 56 0
31 58 0
5 56 0
0 48 0
21 55 0
Net_id 2
pin_num 5
47 39 0
42 29 0
35 33 0
46 28 0
46 20 0
Net_id 3
pin_num 5
27 38 0
40 37 0
34 48 0
28 42 0
39 59 0
Net_id 4
pin_num 5
42 21 0
57 23 0
56 13 0
44 30 0
51 14 0
Net_id 5
pin_num 5
33 10 0
18 8 0
28 0 0
25 13 0
48 9 0
Net_id 6
pin_num 5
40 17 0
45 17 0
39 28 0
43 38 0
39 25 0
Net_id 7
pin_num 5
44 36 0
43 48 0
23 42 0
48 38 0
41 30 0
Net_id 8
pin_num 5
21 38 0
14 32 0
28 36 0
14 47 0
20 28 0
Net_id 9
pin_num 5
50 15 0
46 19 0
49 16 0
49 37 0
31 17 0
Net_id 10
pin_num 5
22 52 0
15 53 0
30 39 0
12 48 0
27 44 0
Net_id 11
pin_num 5
48 32 0
42 40 0
54 30 0
46 31 0
53 35 0
Net_id 12
pin_num 5
47 11 0
53 11 0
41 11 0
52 3 0
40 16 0
Net_id 13
pin_num 5
38 39 0
36 34 0
20 34 0
30 38 0
14 41 0
Net_id 14
pin_num 5
7 34 0
25 33 0
21 30 0
15 33 0
13 39 0
Net_id 15
pin_num 5
47 47 0
41 38 0
55 45 0
44 59 0
56 42 0
Net_id 16
pin_num 5
58 43 0
55 50 0
45 45 0
59 50 0
37 44 0
Net_id 17
pin_num 5
6 25 0
4 13 0
4 17 0
2 34 0
5 16 0
Net_id 18
pin_num 5
19 19 0
17 21 0
17 45 0
13 45 0
27 29 0
Net_id 19
pin_num 5
37 26 0
26 26 0
33 15 0
33 40 0
25 55 0
Net_id 20
pin_num 4
14 13 0
16 11 0
39 11 0
18 31 0
Net_id 21
pin_num 4
58 23 0
59 17 0
49 29 0
58 9 0
Net_id 22
pin_num 4
57 55 0
59 52 0
42 53 0
52 59 0
Net_id 23
pin_num 4
52 47 0
57 36 0
50 23 0
58 18 0
Net_id 24
pin_num 4
43 8 0
36 0 0
50 8 0
53 5 0
Net_id 25
pin_num 4
44 58 0
44 57 0
33 42 0
39 35 0
Net_id 26
pin_num 4
24 9 0
32 5 0
34 0 0
31 20 0
Net_id 27
pin_num 4
54 16 0
59 29 0
59 4 0
54 3 0
Net_id 28
pin_num 4
6 45 0
10 49 0
10 35 0
0 37 0
Net_id 29
pin_num 4
36 49 0
30 33 0
38 47 0
43 43 0
Net_id 30
pin_num 4
34 1 0
15 1 0
11 7 0
17 46 0
Net_id 31
pin_num 4
42 56 0
36 50 0
22 53 0
26 54 0
Net_id 32
pin_num 4
2 5 0
18 3 0
28 5 0
41 3 0
Net_id 33
pin_num 4
27 47 0
35 37 0
16 37 0
23 46 0
Net_id 34
pin_num 4
22 19 0
6 17 0
15 27 0
12 40 0
Net_id 35
pin_num 4
26 44 0
13 44 0
18 53 0
20 40 0
Net_id 36
pin_num 4
45 41 0
49 46 0
34 42 0
35 40 0
Net_id 37
pin_num 4
11 52 0
1 58 0
7 50 0
17 50 0
Net_id 38
pin_num 4
40 32 0
52 35 0
40 23 0
41 13 0
Net_id 39
pin_num 4
22 6 0
29 2 0
6 2 0
27 22 0
Net_id 40
pin_num 4
49 56 0
58 56 0
58 59 0
58 51 0
Net_id 41
pin_num 3
31 8 0
24 10 0
22 0 0
Net_id 42
pin_num 3
12 49 0
24 46 0
26 31 0
Net_id 43
pin_num 3
34 16 0
31 0 0
53 16 0
Net_id 44
pin_num 3
21 51 0
32 46 0
0 47 0
Net_id 45
pin_num 3
19 39 0
31 25 0
23 10 0
Net_id 46
pin_num 3
59 21 0
53 22 0
47 29 0
Net_id 47
pin_num 3
56 4 0
30 4 0
35 8 0
Net_id 48
pin_num 3
37 23 0
50 43 0
55 25 0
Net_id 49
pin_num 3
38 53 0
48 31 0
44 40 0
Net_id 50
pin_num 3
3 58 0
25 58 0
5 48 0
Net_id 51
pin_num 3
58 13 0
38 25 0
30 17 0
Net_id 52
pin_num 3
27 41 0
33 41 0
38 26 0
Net_id 53
pin_num 3
11 31 0
30 50 0
24 50 0
Net_id 54
pin_num 3
15 16 0
21 16 0
16 38 0
Net_id 55
pin_num 3
19 36 0
34 24 0
33 29 0
Net_id 56
pin_num 3
4 57 0
15 46 0
12 57 0
Net_id 57
pin_num 3
17 3 0
12 8 0
0 7 0
Net_id 58
pin_num 3
39 52 0
15 57 0
9 54 0
Net_id 59
pin_num 3
57 7 0
55 10 0
49 3 0
Net_id 60
pin_num 3
58 38 0
55 30 0
54 51 0
Net_id 61
pin_num 3
26 46 0
25 38 0
42 41 0
Net_id 62
pin_num 3
13 27 0
10 22 0
1 28 0
Net_id 63
pin_num 3
24 22 0
34 27 0
58 37 0
Net_id 64
pin_num 3
14 19 0
3 26 0
26 20 0
Net_id 65
pin_num 3
26 22 0
47 48 0
36 44 0
Net_id 66
pin_num 3
54 56 0
54 52 0
56 59 0
Net_id 67
pin_num 3
8 15 0
11 27 0
16 21 0
Net_id 68
pin_num 3
12 9 0
3 0 0
0 26 0
Net_id 69
pin_num 3
1 37 0
10 36 0
8 10 0
Net_id 70
pin_num 3
45 10 0
24 19 0
39 16 0
Net_id 71
pin_num 3
13 13 0
1 1 0
1 12 0
Net_id 72
pin_num 3
24 13 0
3 1 0
4 7 0
Net_id 73
pin_num 3
31 59 0
50 52 0
43 51 0
Net_id 74
pin_num 3
5 9 0
14 14 0
5 28 0
Net_id 75
pin_num 3
4 31 0
0 35 0
3 27 0
Net_id 76
pin_num 3
45 43 0
53 38 0
49 59 0
Net_id 77
pin_num 3
36 51 0
15 43 0
22 40 0
Net_id 78
pin_num 3
5 11 0
11 6 0
1 36 0
Net_id 79
pin_num 3
5 37 0
19 50 0
0 36 0
Net_id 80
pin_num 3
11 23 0
31 18 0
30 28 0
Net_id 81
pin_num 2
41 36 0
24 43 0
Net_id 82
pin_num 2
15 51 0
6 43 0
Net_id 83
pin_num 2
42 14 0
57 0 0
Net_id 84
pin_num 2
7 21 0
5 15 0
Net_id 85
pin_num 2
33 18 0
32 15 0
Net_id 86
pin_num 2
45 20 0
19 4 0
Net_id 87
pin_num 2
21 10 0
20 11 0
Net_id 88
pin_num 2
58 31 0
49 31 0
Net_id 89
pin_num 2
18 48 0
36 57 0
Net_id 90
pin_num 2
52 12 0
50 7 0
Net_id 91
pin_num 2
1 49 0
11 30 0
Net_id 92
pin_num 2
10 28 0
3 11 0
Net_id 93
pin_num 2
6 53 0
18 38 0
Net_id 94
pin_num 2
59 15 0
30 59 0
Net_id 95
pin_num 2
17 7 0
21 25 0
Net_id 96
pin_num 2
17 6 0
27 2 0
Net_id 97
pin_num 2
22 38 0
28 48 0
Net_id 98
pin_num 2
52 9 0
46 13 0
Net_id 99
pin_num 2
1 13 0
5 20 0
Net_id 100
pin_num 2
27 56 0
13 59 0
Net_id 101
pin_num 2
50 48 0
42 55 0
Net_id 102
pin_num 2
58 41 0
52 55 0
Net_id 103
pin_num 2
41 53 0
34 50 0
Net_id 104
pin_num 2
7 4 0
2 8 0
Net_id 105
pin_num 2
44 28 0
39 15 0
Net_id 106
pin_num 2
22 7 0
37 21 0
Net_id 107
pin_num 2
54 57 0
59 48 0
Net_id 108
pin_num 2
23 16 0
22 10 0
Net_id 109
pin_num 2
38 54 0
38 55 0
Net_id 110
pin_num 2
6 19 0
3 23 0
Net_id 111
pin_num 2
19 35 0
38 31 0
Net_id 112
pin_num 2
44 49 0
33 39 0
Net_id 113
pin_num 2
0 46 0
15 32 0
Net_id 114
pin_num 2
24 28 0
26 17 0
Net_id 115
pin_num 2
52 27 0
41 14 0
Net_id 116
pin_num 2
58 48 0
41 59 0
Net_id 117
pin_num 2
18 28 0
12 28 0
Net_id 118
pin_num 2
34 41 0
38 41 0
Net_id 119
pin_num 2
39 10 0
47 12 0
Net_id 120
pin_num 2
17 41 0
3 48 0
Net_id 121
pin_num 2
49 50 0
37 51 0
Net_id 122
pin_num 2
6 7 0
19 25 0
Net_id 123
pin_num 2
28 25 0
22 31 0
Net_id 124
pin_num 2
16 35 0
25 48 0
Net_id 125
pin_num 2
59 1 0
49 2 0
Net_id 126
pin_num 2
20 4 0
42 3 0
Net_id 127
pin_num 2
23 1 0
28 1 0
Net_id 128
pin_num 2
31 30 0
7 10 0
Net_id 129
pin_num 2
59 39 0
58 36 0
Net_id 130
pin_num 2
40 5 0
35 13 0
Net_id 131
pin_num 2
33 44 0
16 43 0
Net_id 132
pin_num 2
49 38 0
56 2 0
Net_id 133
pin_num 2
9 31 0
18 39 0
Net_id 134
pin_num 2
50 50 0
55 40 0
Net_id 135
pin_num 2
40 48 0
46 44 0
Net_id 136
pin_num 2
41 18 0
40 7 0
Net_id 137
pin_num 2
11 39 0
11 46 0
Net_id 138
pin_num 2
5 1 0
35 15 0
Net_id 139
pin_num 2
1 7 0
8 16 0
Net_id 140
pin_num 2
45 22 0
27 48 0
Net_id 141
pin_num 2
36 6 0
52 18 0
Net_id 142
pin_num 2
49 58 0
35 55 0
Net_id 143
pin_num 2
37 7 0
40 6 0
Net_id 144
pin_num 2
7 2 0
24 12 0
Net_id 145
pin_num 2
54 9 0
46 10 0
Net_id 146
pin_num 2
19 45 0
34 30 0
Net_id 147
pin_num 2
0 17 0
2 11 0
Net_id 148
pin_num 2
37 16 0
21 26 0
Net_id 149
pin_num 2
34 14 0
43 9 0
Net_id 150
pin_num 2
27 24 0
53 2 0
Net_id 151
pin_num 2
55 55 0
58 35 0
Net_id 152
pin_num 2
38 27 0
19 21 0
Net_id 153
pin_num 2
15 59 0
23 43 0
Net_id 154
pin_num 2
32 8 0
56 0 0
Net_id 155
pin_num 2
57 46 0
43 41 0
Net_id 156
pin_num 2
26 12 0
23 15 0
Net_id 157
pin_num 2
57 14 0
43 3 0
Net_id 158
pin_num 2
42 52 0
28 20 0
