Width 60
Height 60
Layer 6
Total_WL 7043
Obstacle_num 144
36 2 0 41 3 0
44 10 0 47 11 0
15 7 0 22 8 0
51 31 0 56 32 0
49 14 0 57 15 0
20 13 0 27 14 0
11 6 0 20 7 0
55 39 0 59 40 0
18 25 0 25 26 0
20 50 0 29 51 0
44 29 0 54 30 0
20 2 0 30 3 0
49 37 0 52 38 0
13 40 0 17 41 0
46 28 0 52 29 0
5 19 0 14 20 0
45 4 0 49 5 0
2 1 0 12 2 0
26 45 0 34 46 0
55 0 0 59 1 0
21 8 0 24 9 0
6 5 0 10 6 0
44 30 0 54 31 0
33 18 0 37 19 0
18 49 1 19 58 1
43 3 1 44 11 1
3 27 1 4 35 1
6 51 1 7 57 1
56 45 1 57 55 1
48 49 1 49 52 1
55 18 1 56 28 1
24 26 1 25 36 1
39 21 1 40 25 1
2 2 1 3 12 1
19 31 1 20 34 1
27 42 1 28 46 1
30 25 1 31 32 1
54 37 1 55 42 1
7 43 1 8 51 1
23 8 1 24 18 1
17 42 1 18 49 1
4 53 1 5 56 1
16 10 1 17 13 1
11 25 1 12 30 1
38 18 1 39 26 1
48 20 1 49 25 1
49 18 1 50 28 1
53 39 1 54 48 1
32 15 2 42 16 2
51 32 2 55 33 2
21 50 2 24 51 2
32 57 2 38 58 2
44 54 2 49 55 2
55 43 2 58 44 2
36 4 2 41 5 2
33 45 2 42 46 2
17 47 2 26 48 2
35 11 2 44 12 2
24 42 2 34 43 2
38 20 2 48 21 2
7 52 2 17 53 2
14 35 2 24 36 2
39 47 2 49 48 2
12 9 2 18 10 2
24 26 2 29 27 2
48 53 2 57 54 2
13 10 2 19 11 2
38 1 2 44 2 2
45 35 2 49 36 2
38 7 2 43 8 2
7 44 2 14 45 2
28 33 2 36 34 2
34 25 3 35 30 3
18 36 3 19 41 3
39 43 3 40 49 3
44 26 3 45 35 3
56 6 3 57 14 3
7 20 3 8 29 3
13 24 3 14 28 3
25 19 3 26 27 3
23 48 3 24 56 3
6 19 3 7 27 3
57 38 3 58 47 3
10 5 3 11 12 3
57 6 3 58 16 3
48 27 3 49 33 3
24 19 3 25 29 3
27 1 3 28 6 3
55 11 3 56 14 3
1 40 3 2 49 3
15 9 3 16 17 3
32 14 3 33 24 3
22 13 3 23 17 3
33 17 3 34 21 3
0 48 3 1 58 3
55 43 3 56 48 3
3 50 4 8 51 4
48 39 4 56 40 4
17 46 4 21 47 4
17 16 4 25 17 4
49 4 4 57 5 4
46 1 4 53 2 4
9 6 4 15 7 4
18 13 4 25 14 4
0 55 4 9 56 4
39 32 4 44 33 4
8 54 4 17 55 4
9 47 4 13 48 4
16 31 4 21 32 4
50 28 4 55 29 4
30 19 4 37 20 4
16 5 4 25 6 4
43 42 4 50 43 4
19 17 4 26 18 4
14 7 4 20 8 4
0 53 4 10 54 4
27 24 4 33 25 4
4 20 4 14 21 4
0 18 4 7 19 4
1 41 4 11 42 4
51 49 5 52 56 5
31 46 5 32 54 5
41 21 5 42 30 5
50 20 5 51 23 5
25 45 5 26 54 5
20 32 5 21 38 5
42 7 5 43 17 5
58 18 5 59 26 5
28 47 5 29 56 5
13 31 5 14 36 5
23 40 5 24 43 5
19 34 5 20 40 5
11 19 5 12 26 5
37 34 5 38 37 5
45 14 5 46 20 5
29 51 5 30 55 5
49 47 5 50 56 5
39 3 5 40 6 5
36 46 5 37 51 5
40 1 5 41 5 5
5 32 5 6 37 5
55 28 5 56 36 5
48 10 5 49 14 5
38 18 5 39 21 5
Net_num 162
Net_id 0
pin_num 5
34 21 0
42 26 0
22 26 0
41 23 0
36 41 0
Net_id 1
pin_num 5
18 33 0
27 33 0
18 18 0
22 53 0
28 39 0
Net_id 2
pin_num 5
4 14 0
0 12 0
0 37 0
6 24 0
15 25 0
Net_id 3
pin_num 5
49 32 0
34 32 0
47 48 0
26 48 0
30 47 0
Net_id 4
pin_num 5
0 27 0
8 27 0
6 49 0
1 48 0
10 33 0
Net_id 5
pin_num 5
25 1 0
25 7 0
39 1 0
31 12 0
23 12 0
Net_id 6
pin_num 5
30 58 0
25 59 0
49 59 0
39 52 0
5 59 0
Net_id 7
pin_num 5
43 35 0
51 35 0
44 21 0
43 40 0
50 51 0
Net_id 8
pin_num 5
49 47 0
58 46 0
38 46 0
46 56 0
59 57 0
Net_id 9
pin_num 5
12 22 0
4 19 0
7 38 0
0 38 0
26 22 0
Net_id 10
pin_num 5
47 1 0
48 16 0
59 1 0
54 2 0
44 2 0
Net_id 11
pin_num 5
47 43 0
47 36 0
44 49 0
42 38 0
59 40 0
Net_id 12
pin_num 5
52 23 0
45 23 0
42 15 0
47 17 0
59 34 0
Net_id 13
pin_num 5
12 24 0
25 25 0
10 32 0
10 54 0
23 7 0
Net_id 14
pin_num 5
49 20 0
36 19 0
44 7 0
48 9 0
30 8 0
Net_id 15
pin_num 5
12 39 0
10 55 0
10 22 0
49 48 0
0 48 0
Net_id 16
pin_num 5
57 19 0
58 25 0
59 14 0
56 16 0
34 23 0
Net_id 17
pin_num 5
29 27 0
22 27 0
39 27 0
29 8 0
18 9 0
Net_id 18
pin_num 5
21 14 0
27 14 0
22 5 0
29 28 0
6 23 0
Net_id 19
pin_num 5
23 10 0
47 10 0
31 0 0
50 19 0
34 22 0
Net_id 20
pin_num 5
28 36 0
21 38 0
27 29 0
15 36 0
21 43 0
Net_id 21
pin_num 4
32 0 0
46 0 0
58 5 0
46 7 0
Net_id 22
pin_num 4
37 24 0
31 21 0
17 21 0
18 31 0
Net_id 23
pin_num 4
3 23 0
1 1 0
16 25 0
16 1 0
Net_id 24
pin_num 4
27 0 0
30 6 0
18 0 0
27 5 0
Net_id 25
pin_num 4
0 21 0
10 21 0
9 42 0
9 39 0
Net_id 26
pin_num 4
15 29 0
16 42 0
27 42 0
19 58 0
Net_id 27
pin_num 4
2 41 0
4 48 0
18 46 0
12 40 0
Net_id 28
pin_num 4
40 1 0
44 1 0
59 0 0
17 0 0
Net_id 29
pin_num 4
24 39 0
20 51 0
18 41 0
36 44 0
Net_id 30
pin_num 4
11 5 0
20 15 0
22 0 0
41 2 0
Net_id 31
pin_num 4
9 29 0
16 33 0
33 31 0
0 43 0
Net_id 32
pin_num 4
36 28 0
29 34 0
45 34 0
17 33 0
Net_id 33
pin_num 4
35 17 0
43 17 0
37 34 0
38 9 0
Net_id 34
pin_num 4
54 5 0
59 11 0
56 1 0
58 6 0
Net_id 35
pin_num 4
21 12 0
20 6 0
1 11 0
8 0 0
Net_id 36
pin_num 4
2 5 0
3 9 0
7 6 0
3 15 0
Net_id 37
pin_num 4
21 10 0
9 6 0
21 17 0
17 12 0
Net_id 38
pin_num 4
26 11 0
30 3 0
40 11 0
26 29 0
Net_id 39
pin_num 4
29 38 0
20 40 0
38 30 0
14 36 0
Net_id 40
pin_num 4
11 8 0
2 8 0
6 0 0
1 6 0
Net_id 41
pin_num 4
43 59 0
38 49 0
43 39 0
58 49 0
Net_id 42
pin_num 3
10 23 0
8 18 0
1 15 0
Net_id 43
pin_num 3
50 26 0
45 22 0
46 15 0
Net_id 44
pin_num 3
3 28 0
2 47 0
50 59 0
Net_id 45
pin_num 3
15 55 0
14 51 0
7 58 0
Net_id 46
pin_num 3
41 14 0
35 13 0
27 18 0
Net_id 47
pin_num 3
24 4 0
36 4 0
10 5 0
Net_id 48
pin_num 3
4 29 0
9 26 0
9 15 0
Net_id 49
pin_num 3
50 25 0
25 24 0
3 38 0
Net_id 50
pin_num 3
19 49 0
27 47 0
3 46 0
Net_id 51
pin_num 3
51 13 0
31 15 0
32 12 0
Net_id 52
pin_num 3
8 52 0
2 52 0
5 41 0
Net_id 53
pin_num 3
35 7 0
20 19 0
41 12 0
Net_id 54
pin_num 3
38 6 0
57 10 0
53 11 0
Net_id 55
pin_num 3
15 19 0
26 23 0
50 22 0
Net_id 56
pin_num 3
1 46 0
5 44 0
12 44 0
Net_id 57
pin_num 3
28 17 0
11 24 0
15 1 0
Net_id 58
pin_num 3
36 9 0
18 12 0
27 37 0
Net_id 59
pin_num 3
13 39 0
25 30 0
50 27 0
Net_id 60
pin_num 3
37 38 0
29 58 0
35 49 0
Net_id 61
pin_num 3
2 56 0
8 55 0
8 48 0
Net_id 62
pin_num 3
34 30 0
51 26 0
59 45 0
Net_id 63
pin_num 3
2 43 0
12 43 0
20 41 0
Net_id 64
pin_num 3
4 26 0
4 40 0
3 20 0
Net_id 65
pin_num 3
16 54 0
11 52 0
5 50 0
Net_id 66
pin_num 3
35 33 0
40 31 0
28 24 0
Net_id 67
pin_num 3
21 57 0
5 40 0
8 56 0
Net_id 68
pin_num 3
12 27 0
5 51 0
7 12 0
Net_id 69
pin_num 3
44 14 0
15 3 0
18 44 0
Net_id 70
pin_num 3
55 13 0
35 20 0
35 6 0
Net_id 71
pin_num 3
22 45 0
19 40 0
5 38 0
Net_id 72
pin_num 3
22 47 0
5 26 0
52 35 0
Net_id 73
pin_num 3
21 41 0
31 40 0
25 31 0
Net_id 74
pin_num 3
1 35 0
16 35 0
13 18 0
Net_id 75
pin_num 3
32 21 0
47 15 0
47 44 0
Net_id 76
pin_num 3
45 59 0
25 45 0
32 56 0
Net_id 77
pin_num 3
44 53 0
54 45 0
34 39 0
Net_id 78
pin_num 3
34 40 0
28 16 0
49 36 0
Net_id 79
pin_num 3
20 3 0
5 9 0
15 0 0
Net_id 80
pin_num 3
32 54 0
40 59 0
26 39 0
Net_id 81
pin_num 3
37 7 0
57 14 0
55 6 0
Net_id 82
pin_num 3
48 59 0
42 37 0
55 37 0
Net_id 83
pin_num 2
24 37 0
6 57 0
Net_id 84
pin_num 2
41 38 0
34 50 0
Net_id 85
pin_num 2
53 12 0
43 24 0
Net_id 86
pin_num 2
38 12 0
52 3 0
Net_id 87
pin_num 2
15 49 0
7 49 0
Net_id 88
pin_num 2
5 10 0
15 26 0
Net_id 89
pin_num 2
57 20 0
57 29 0
Net_id 90
pin_num 2
36 53 0
33 56 0
Net_id 91
pin_num 2
52 11 0
55 8 0
Net_id 92
pin_num 2
37 40 0
59 47 0
Net_id 93
pin_num 2
53 27 0
55 48 0
Net_id 94
pin_num 2
28 0 0
29 6 0
Net_id 95
pin_num 2
13 28 0
21 34 0
Net_id 96
pin_num 2
53 50 0
57 55 0
Net_id 97
pin_num 2
27 58 0
11 48 0
Net_id 98
pin_num 2
59 24 0
56 20 0
Net_id 99
pin_num 2
30 2 0
35 5 0
Net_id 100
pin_num 2
23 20 0
34 6 0
Net_id 101
pin_num 2
33 55 0
59 49 0
Net_id 102
pin_num 2
28 28 0
19 27 0
Net_id 103
pin_num 2
17 13 0
5 31 0
Net_id 104
pin_num 2
13 47 0
23 45 0
Net_id 105
pin_num 2
7 14 0
3 3 0
Net_id 106
pin_num 2
53 9 0
39 9 0
Net_id 107
pin_num 2
19 54 0
35 52 0
Net_id 108
pin_num 2
10 36 0
2 26 0
Net_id 109
pin_num 2
11 25 0
2 20 0
Net_id 110
pin_num 2
36 54 0
58 52 0
Net_id 111
pin_num 2
38 34 0
59 46 0
Net_id 112
pin_num 2
55 15 0
52 27 0
Net_id 113
pin_num 2
35 46 0
51 44 0
Net_id 114
pin_num 2
53 24 0
44 5 0
Net_id 115
pin_num 2
46 38 0
53 25 0
Net_id 116
pin_num 2
7 47 0
3 48 0
Net_id 117
pin_num 2
57 30 0
51 42 0
Net_id 118
pin_num 2
26 35 0
45 21 0
Net_id 119
pin_num 2
27 46 0
41 37 0
Net_id 120
pin_num 2
12 37 0
1 13 0
Net_id 121
pin_num 2
54 6 0
51 8 0
Net_id 122
pin_num 2
45 41 0
40 39 0
Net_id 123
pin_num 2
33 50 0
38 42 0
Net_id 124
pin_num 2
13 14 0
5 2 0
Net_id 125
pin_num 2
13 51 0
7 54 0
Net_id 126
pin_num 2
14 27 0
22 55 0
Net_id 127
pin_num 2
11 14 0
5 0 0
Net_id 128
pin_num 2
51 36 0
56 38 0
Net_id 129
pin_num 2
26 44 0
5 33 0
Net_id 130
pin_num 2
37 41 0
37 37 0
Net_id 131
pin_num 2
32 16 0
2 51 0
Net_id 132
pin_num 2
17 29 0
24 15 0
Net_id 133
pin_num 2
17 55 0
24 53 0
Net_id 134
pin_num 2
38 18 0
45 18 0
Net_id 135
pin_num 2
18 56 0
31 56 0
Net_id 136
pin_num 2
19 11 0
12 15 0
Net_id 137
pin_num 2
2 0 0
21 6 0
Net_id 138
pin_num 2
56 49 0
38 58 0
Net_id 139
pin_num 2
18 14 0
8 14 0
Net_id 140
pin_num 2
10 39 0
25 35 0
Net_id 141
pin_num 2
40 37 0
25 18 0
Net_id 142
pin_num 2
50 55 0
52 54 0
Net_id 143
pin_num 2
2 59 0
14 44 0
Net_id 144
pin_num 2
48 22 0
42 12 0
Net_id 145
pin_num 2
40 56 0
36 58 0
Net_id 146
pin_num 2
3 58 0
1 49 0
Net_id 147
pin_num 2
8 57 0
21 53 0
Net_id 148
pin_num 2
13 16 0
22 16 0
Net_id 149
pin_num 2
59 3 0
55 3 0
Net_id 150
pin_num 2
38 53 0
3 37 0
Net_id 151
pin_num 2
48 27 0
31 18 0
Net_id 152
pin_num 2
48 41 0
54 48 0
Net_id 153
pin_num 2
7 24 0
17 31 0
Net_id 154
pin_num 2
10 27 0
5 34 0
Net_id 155
pin_num 2
19 31 0
28 14 0
Net_id 156
pin_num 2
43 53 0
34 46 0
Net_id 157
pin_num 2
52 21 0
56 2 0
Net_id 158
pin_num 2
0 8 0
19 19 0
Net_id 159
pin_num 2
41 19 0
24 7 0
Net_id 160
pin_num 2
0 45 0
13 45 0
Net_id 161
pin_num 2
55 19 0
58 7 0
