Width 60
Height 60
Layer 6
Total_WL 6929
Obstacle_num 144
14 21 0 19 22 0
42 23 0 46 24 0
25 39 0 28 40 0
6 53 0 14 54 0
50 26 0 54 27 0
45 29 0 48 30 0
53 11 0 56 12 0
27 46 0 35 47 0
18 0 0 22 1 0
37 10 0 47 11 0
16 47 0 26 48 0
50 5 0 56 6 0
24 7 0 33 8 0
19 4 0 23 5 0
4 50 0 7 51 0
37 54 0 44 55 0
34 3 0 37 4 0
0 23 0 9 24 0
17 28 0 21 29 0
13 16 0 20 17 0
8 46 0 14 47 0
40 9 0 45 10 0
30 52 0 33 53 0
5 27 0 11 28 0
48 41 1 49 50 1
30 49 1 31 56 1
10 30 1 11 39 1
52 27 1 53 33 1
57 23 1 58 26 1
12 21 1 13 24 1
33 26 1 34 30 1
1 35 1 2 43 1
15 17 1 16 21 1
53 36 1 54 39 1
53 12 1 54 15 1
22 42 1 23 52 1
30 20 1 31 30 1
19 0 1 20 7 1
33 0 1 34 8 1
2 45 1 3 52 1
11 18 1 12 24 1
35 13 1 36 22 1
7 19 1 8 28 1
0 24 1 1 27 1
32 5 1 33 8 1
56 21 1 57 25 1
10 12 1 11 16 1
6 49 1 7 53 1
40 54 2 47 55 2
24 2 2 29 3 2
51 26 2 56 27 2
44 3 2 47 4 2
21 55 2 30 56 2
35 58 2 38 59 2
52 7 2 57 8 2
15 26 2 19 27 2
14 56 2 20 57 2
48 10 2 55 11 2
10 55 2 15 56 2
20 27 2 23 28 2
28 20 2 34 21 2
35 49 2 39 50 2
25 13 2 29 14 2
17 5 2 26 6 2
44 21 2 53 22 2
42 14 2 47 15 2
37 53 2 46 54 2
5 50 2 9 51 2
27 56 2 37 57 2
35 17 2 41 18 2
1 35 2 5 36 2
25 18 2 29 19 2
8 49 3 9 56 3
12 8 3 13 16 3
56 50 3 57 53 3
50 6 3 51 14 3
4 8 3 5 13 3
12 31 3 13 40 3
38 3 3 39 7 3
0 10 3 1 16 3
32 12 3 33 18 3
8 15 3 9 22 3
18 23 3 19 30 3
9 15 3 10 21 3
49 41 3 50 48 3
2 36 3 3 43 3
52 3 3 53 13 3
57 13 3 58 17 3
14 50 3 15 53 3
3 6 3 4 16 3
40 32 3 41 42 3
58 52 3 59 55 3
15 46 3 16 56 3
36 32 3 37 37 3
42 22 3 43 32 3
47 31 3 48 34 3
50 33 4 55 34 4
6 54 4 13 55 4
30 37 4 37 38 4
31 19 4 38 20 4
21 2 4 27 3 4
29 49 4 38 50 4
44 27 4 51 28 4
1 7 4 4 8 4
46 26 4 50 27 4
20 0 4 25 1 4
50 56 4 57 57 4
50 36 4 54 37 4
47 13 4 53 14 4
31 14 4 34 15 4
44 23 4 49 24 4
44 18 4 53 19 4
43 54 4 46 55 4
30 54 4 33 55 4
6 0 4 11 1 4
7 4 4 10 5 4
25 34 4 34 35 4
18 23 4 26 24 4
30 4 4 35 5 4
7 25 4 12 26 4
10 27 5 11 35 5
23 17 5 24 25 5
9 22 5 10 30 5
38 6 5 39 16 5
54 19 5 55 27 5
8 2 5 9 5 5
24 1 5 25 9 5
8 48 5 9 54 5
56 13 5 57 16 5
50 43 5 51 53 5
55 51 5 56 58 5
19 23 5 20 29 5
24 9 5 25 17 5
46 14 5 47 22 5
2 32 5 3 37 5
33 44 5 34 50 5
50 4 5 51 12 5
21 45 5 22 53 5
29 20 5 30 23 5
44 42 5 45 45 5
5 5 5 6 15 5
7 34 5 8 38 5
49 42 5 50 48 5
42 0 5 43 10 5
Net_num 159
Net_id 0
pin_num 5
54 22 0
48 18 0
53 27 0
48 25 0
59 39 0
Net_id 1
pin_num 5
40 12 0
30 12 0
22 8 0
0 7 0
19 7 0
Net_id 2
pin_num 5
55 31 0
59 18 0
55 23 0
47 30 0
56 49 0
Net_id 3
pin_num 5
2 26 0
11 15 0
0 9 0
0 38 0
2 33 0
Net_id 4
pin_num 5
6 43 0
8 43 0
16 43 0
15 35 0
9 40 0
Net_id 5
pin_num 5
24 33 0
36 38 0
43 38 0
52 38 0
52 58 0
Net_id 6
pin_num 5
24 21 0
32 23 0
19 8 0
31 13 0
24 14 0
Net_id 7
pin_num 5
6 29 0
10 21 0
0 21 0
24 26 0
12 41 0
Net_id 8
pin_num 5
4 44 0
9 55 0
24 50 0
18 59 0
25 50 0
Net_id 9
pin_num 5
12 36 0
8 26 0
2 32 0
11 32 0
14 22 0
Net_id 10
pin_num 5
57 18 0
50 18 0
56 4 0
59 2 0
58 28 0
Net_id 11
pin_num 5
38 26 0
43 20 0
27 26 0
25 14 0
28 4 0
Net_id 12
pin_num 5
45 26 0
45 22 0
54 33 0
53 39 0
54 41 0
Net_id 13
pin_num 5
47 46 0
59 40 0
51 55 0
59 49 0
41 44 0
Net_id 14
pin_num 5
21 51 0
12 49 0
17 55 0
26 57 0
46 57 0
Net_id 15
pin_num 5
23 37 0
27 37 0
24 45 0
47 40 0
44 18 0
Net_id 16
pin_num 5
41 51 0
39 47 0
30 49 0
40 37 0
17 42 0
Net_id 17
pin_num 5
44 21 0
49 14 0
49 41 0
58 23 0
25 24 0
Net_id 18
pin_num 5
0 59 0
10 58 0
4 42 0
10 44 0
26 54 0
Net_id 19
pin_num 4
46 13 0
50 27 0
48 32 0
39 15 0
Net_id 20
pin_num 4
50 37 0
39 39 0
45 27 0
57 37 0
Net_id 21
pin_num 4
31 23 0
33 20 0
31 43 0
20 24 0
Net_id 22
pin_num 4
25 55 0
20 57 0
39 59 0
39 43 0
Net_id 23
pin_num 4
47 17 0
45 7 0
29 12 0
59 1 0
Net_id 24
pin_num 4
49 47 0
51 52 0
59 47 0
44 48 0
Net_id 25
pin_num 4
5 46 0
0 58 0
3 46 0
21 59 0
Net_id 26
pin_num 4
47 0 0
39 1 0
34 6 0
37 0 0
Net_id 27
pin_num 4
32 45 0
35 37 0
14 38 0
39 30 0
Net_id 28
pin_num 4
31 59 0
34 57 0
26 59 0
13 52 0
Net_id 29
pin_num 4
40 39 0
47 51 0
54 59 0
42 29 0
Net_id 30
pin_num 4
19 9 0
14 8 0
4 8 0
18 15 0
Net_id 31
pin_num 4
30 0 0
36 13 0
23 0 0
18 4 0
Net_id 32
pin_num 4
44 11 0
32 3 0
31 8 0
44 12 0
Net_id 33
pin_num 4
27 3 0
31 19 0
43 8 0
29 25 0
Net_id 34
pin_num 4
57 2 0
51 11 0
59 16 0
51 4 0
Net_id 35
pin_num 4
46 20 0
54 21 0
57 20 0
53 15 0
Net_id 36
pin_num 4
7 33 0
13 34 0
19 24 0
40 8 0
Net_id 37
pin_num 4
28 8 0
34 0 0
33 16 0
12 3 0
Net_id 38
pin_num 4
4 27 0
6 31 0
1 7 0
29 31 0
Net_id 39
pin_num 3
49 17 0
38 0 0
22 1 0
Net_id 40
pin_num 3
44 56 0
55 47 0
32 22 0
Net_id 41
pin_num 3
7 0 0
2 19 0
28 2 0
Net_id 42
pin_num 3
16 53 0
5 45 0
13 30 0
Net_id 43
pin_num 3
15 14 0
35 0 0
1 20 0
Net_id 44
pin_num 3
6 4 0
3 2 0
18 17 0
Net_id 45
pin_num 3
59 55 0
53 46 0
59 57 0
Net_id 46
pin_num 3
27 22 0
13 9 0
13 14 0
Net_id 47
pin_num 3
45 53 0
32 51 0
41 32 0
Net_id 48
pin_num 3
3 40 0
2 36 0
1 51 0
Net_id 49
pin_num 3
52 59 0
53 45 0
58 38 0
Net_id 50
pin_num 3
56 45 0
46 58 0
2 56 0
Net_id 51
pin_num 3
47 1 0
55 1 0
58 2 0
Net_id 52
pin_num 3
46 40 0
44 47 0
50 42 0
Net_id 53
pin_num 3
32 59 0
39 48 0
22 56 0
Net_id 54
pin_num 3
18 25 0
3 24 0
23 6 0
Net_id 55
pin_num 3
23 54 0
28 44 0
11 37 0
Net_id 56
pin_num 3
18 37 0
0 57 0
16 13 0
Net_id 57
pin_num 3
24 6 0
20 19 0
50 16 0
Net_id 58
pin_num 3
40 48 0
45 58 0
44 49 0
Net_id 59
pin_num 3
26 40 0
31 44 0
25 27 0
Net_id 60
pin_num 3
14 59 0
25 44 0
21 49 0
Net_id 61
pin_num 3
18 56 0
15 55 0
13 58 0
Net_id 62
pin_num 3
10 22 0
15 32 0
30 31 0
Net_id 63
pin_num 3
7 21 0
9 26 0
21 25 0
Net_id 64
pin_num 3
19 25 0
37 41 0
0 34 0
Net_id 65
pin_num 3
24 49 0
17 44 0
22 36 0
Net_id 66
pin_num 3
44 28 0
36 28 0
51 28 0
Net_id 67
pin_num 3
37 43 0
27 20 0
38 13 0
Net_id 68
pin_num 3
58 46 0
58 52 0
50 49 0
Net_id 69
pin_num 3
9 45 0
20 55 0
6 48 0
Net_id 70
pin_num 3
58 56 0
50 56 0
33 54 0
Net_id 71
pin_num 3
17 34 0
36 41 0
34 10 0
Net_id 72
pin_num 3
23 26 0
23 18 0
26 29 0
Net_id 73
pin_num 3
29 45 0
18 58 0
13 48 0
Net_id 74
pin_num 3
44 34 0
24 46 0
16 57 0
Net_id 75
pin_num 3
8 35 0
12 20 0
12 5 0
Net_id 76
pin_num 3
37 14 0
17 23 0
38 43 0
Net_id 77
pin_num 3
12 27 0
26 38 0
30 45 0
Net_id 78
pin_num 3
11 10 0
4 26 0
22 10 0
Net_id 79
pin_num 3
28 39 0
29 47 0
23 41 0
Net_id 80
pin_num 2
16 22 0
13 21 0
Net_id 81
pin_num 2
5 18 0
1 14 0
Net_id 82
pin_num 2
37 25 0
37 18 0
Net_id 83
pin_num 2
53 49 0
59 53 0
Net_id 84
pin_num 2
25 43 0
30 38 0
Net_id 85
pin_num 2
55 42 0
51 41 0
Net_id 86
pin_num 2
28 1 0
50 14 0
Net_id 87
pin_num 2
34 34 0
46 22 0
Net_id 88
pin_num 2
56 11 0
57 27 0
Net_id 89
pin_num 2
50 29 0
53 44 0
Net_id 90
pin_num 2
35 29 0
22 12 0
Net_id 91
pin_num 2
31 28 0
25 29 0
Net_id 92
pin_num 2
46 18 0
32 21 0
Net_id 93
pin_num 2
46 3 0
55 13 0
Net_id 94
pin_num 2
2 43 0
9 30 0
Net_id 95
pin_num 2
9 54 0
1 48 0
Net_id 96
pin_num 2
40 13 0
56 1 0
Net_id 97
pin_num 2
47 39 0
58 40 0
Net_id 98
pin_num 2
39 29 0
35 25 0
Net_id 99
pin_num 2
52 16 0
50 25 0
Net_id 100
pin_num 2
32 37 0
35 44 0
Net_id 101
pin_num 2
58 3 0
42 16 0
Net_id 102
pin_num 2
49 10 0
54 17 0
Net_id 103
pin_num 2
23 34 0
35 22 0
Net_id 104
pin_num 2
12 59 0
8 41 0
Net_id 105
pin_num 2
43 15 0
56 27 0
Net_id 106
pin_num 2
47 19 0
55 15 0
Net_id 107
pin_num 2
53 12 0
49 2 0
Net_id 108
pin_num 2
19 43 0
19 36 0
Net_id 109
pin_num 2
59 37 0
45 55 0
Net_id 110
pin_num 2
50 36 0
57 28 0
Net_id 111
pin_num 2
25 12 0
36 25 0
Net_id 112
pin_num 2
27 36 0
23 43 0
Net_id 113
pin_num 2
40 31 0
24 18 0
Net_id 114
pin_num 2
47 9 0
57 1 0
Net_id 115
pin_num 2
46 36 0
58 36 0
Net_id 116
pin_num 2
1 46 0
2 55 0
Net_id 117
pin_num 2
47 10 0
44 8 0
Net_id 118
pin_num 2
44 35 0
46 47 0
Net_id 119
pin_num 2
16 2 0
27 2 0
Net_id 120
pin_num 2
3 28 0
1 50 0
Net_id 121
pin_num 2
17 7 0
26 3 0
Net_id 122
pin_num 2
49 32 0
56 53 0
Net_id 123
pin_num 2
48 7 0
37 5 0
Net_id 124
pin_num 2
1 29 0
5 20 0
Net_id 125
pin_num 2
46 2 0
47 6 0
Net_id 126
pin_num 2
20 36 0
22 37 0
Net_id 127
pin_num 2
53 59 0
32 50 0
Net_id 128
pin_num 2
45 5 0
37 13 0
Net_id 129
pin_num 2
9 18 0
1 6 0
Net_id 130
pin_num 2
30 41 0
34 45 0
Net_id 131
pin_num 2
12 34 0
5 15 0
Net_id 132
pin_num 2
35 54 0
26 46 0
Net_id 133
pin_num 2
2 15 0
14 27 0
Net_id 134
pin_num 2
0 42 0
26 49 0
Net_id 135
pin_num 2
22 24 0
14 7 0
Net_id 136
pin_num 2
3 43 0
17 20 0
Net_id 137
pin_num 2
16 23 0
1 3 0
Net_id 138
pin_num 2
20 9 0
30 2 0
Net_id 139
pin_num 2
45 12 0
53 6 0
Net_id 140
pin_num 2
29 16 0
25 16 0
Net_id 141
pin_num 2
37 32 0
29 36 0
Net_id 142
pin_num 2
29 41 0
31 37 0
Net_id 143
pin_num 2
38 56 0
42 56 0
Net_id 144
pin_num 2
2 44 0
18 34 0
Net_id 145
pin_num 2
23 3 0
6 1 0
Net_id 146
pin_num 2
12 15 0
6 20 0
Net_id 147
pin_num 2
14 5 0
7 12 0
Net_id 148
pin_num 2
4 54 0
4 36 0
Net_id 149
pin_num 2
47 42 0
35 52 0
Net_id 150
pin_num 2
34 48 0
18 36 0
Net_id 151
pin_num 2
50 45 0
37 45 0
Net_id 152
pin_num 2
20 59 0
14 41 0
Net_id 153
pin_num 2
2 16 0
26 30 0
Net_id 154
pin_num 2
14 56 0
10 45 0
Net_id 155
pin_num 2
5 14 0
17 0 0
Net_id 156
pin_num 2
23 28 0
29 32 0
Net_id 157
pin_num 2
36 46 0
21 58 0
Net_id 158
pin_num 2
33 13 0
30 30 0
