Width 60
Height 60
Layer 6
Total_WL 7008
Obstacle_num 144
30 43 0 40 44 0
0 16 0 7 17 0
41 39 0 48 40 0
20 11 0 26 12 0
15 36 0 19 37 0
47 33 0 54 34 0
28 57 0 33 58 0
47 54 0 56 55 0
11 45 0 15 46 0
17 26 0 21 27 0
21 37 0 28 38 0
19 40 0 24 41 0
6 7 0 9 8 0
21 16 0 28 17 0
49 21 0 56 22 0
48 24 0 57 25 0
9 50 0 15 51 0
6 28 0 13 29 0
45 29 0 55 30 0
36 31 0 41 32 0
41 16 0 45 17 0
14 27 0 23 28 0
43 6 0 48 7 0
35 6 0 38 7 0
12 29 1 13 33 1
15 4 1 16 9 1
46 18 1 47 26 1
54 32 1 55 35 1
11 33 1 12 37 1
41 43 1 42 47 1
5 31 1 6 39 1
27 32 1 28 39 1
54 0 1 55 10 1
8 43 1 9 52 1
20 42 1 21 45 1
4 26 1 5 36 1
19 46 1 20 51 1
37 30 1 38 40 1
16 20 1 17 29 1
50 5 1 51 12 1
43 43 1 44 53 1
44 37 1 45 43 1
8 25 1 9 34 1
6 33 1 7 37 1
22 50 1 23 59 1
29 37 1 30 40 1
4 51 1 5 56 1
33 23 1 34 33 1
17 2 2 26 3 2
53 39 2 59 40 2
11 38 2 15 39 2
11 29 2 16 30 2
11 56 2 19 57 2
50 44 2 59 45 2
50 56 2 59 57 2
51 33 2 56 34 2
24 46 2 30 47 2
39 27 2 49 28 2
16 36 2 22 37 2
20 22 2 23 23 2
54 30 2 57 31 2
50 38 2 54 39 2
12 14 2 19 15 2
17 54 2 23 55 2
48 16 2 54 17 2
49 13 2 53 14 2
41 41 2 50 42 2
1 49 2 9 50 2
33 11 2 42 12 2
18 42 2 27 43 2
29 17 2 35 18 2
21 45 2 26 46 2
11 43 3 12 47 3
25 34 3 26 40 3
32 15 3 33 21 3
34 35 3 35 41 3
51 30 3 52 37 3
23 1 3 24 8 3
37 39 3 38 47 3
20 41 3 21 45 3
26 29 3 27 33 3
45 23 3 46 31 3
23 29 3 24 36 3
11 4 3 12 13 3
14 31 3 15 39 3
37 17 3 38 23 3
5 30 3 6 36 3
27 26 3 28 32 3
6 19 3 7 27 3
46 15 3 47 23 3
39 30 3 40 33 3
41 18 3 42 28 3
1 21 3 2 24 3
52 17 3 53 21 3
36 0 3 37 5 3
41 37 3 42 46 3
46 51 4 55 52 4
13 9 4 17 10 4
20 2 4 28 3 4
42 31 4 47 32 4
30 9 4 36 10 4
41 23 4 48 24 4
29 29 4 35 30 4
47 16 4 55 17 4
1 23 4 9 24 4
23 36 4 26 37 4
4 6 4 12 7 4
26 7 4 31 8 4
30 46 4 38 47 4
44 56 4 47 57 4
49 34 4 56 35 4
13 6 4 16 7 4
54 48 4 58 49 4
35 44 4 43 45 4
9 52 4 12 53 4
1 11 4 11 12 4
7 36 4 15 37 4
32 54 4 41 55 4
25 13 4 32 14 4
3 9 4 13 10 4
37 43 5 38 47 5
1 53 5 2 57 5
32 11 5 33 15 5
14 25 5 15 35 5
33 0 5 34 9 5
48 22 5 49 25 5
5 33 5 6 42 5
47 9 5 48 19 5
45 41 5 46 50 5
25 44 5 26 54 5
38 17 5 39 20 5
22 41 5 23 48 5
13 25 5 14 29 5
8 19 5 9 27 5
38 47 5 39 55 5
57 45 5 58 50 5
39 39 5 40 45 5
37 3 5 38 7 5
29 15 5 30 19 5
32 33 5 33 39 5
2 21 5 3 29 5
9 31 5 10 36 5
12 22 5 13 30 5
45 14 5 46 19 5
Net_num 158
Net_id 0
pin_num 5
42 46 0
29 36 0
39 39 0
57 42 0
47 36 0
Net_id 1
pin_num 5
25 55 0
40 56 0
45 59 0
46 59 0
36 33 0
Net_id 2
pin_num 5
9 12 0
0 10 0
0 19 0
10 10 0
9 11 0
Net_id 3
pin_num 5
56 19 0
59 14 0
54 14 0
58 28 0
59 35 0
Net_id 4
pin_num 5
21 33 0
42 34 0
36 57 0
58 38 0
27 47 0
Net_id 5
pin_num 5
34 1 0
25 1 0
38 0 0
27 0 0
31 6 0
Net_id 6
pin_num 5
25 28 0
20 33 0
21 53 0
40 49 0
0 49 0
Net_id 7
pin_num 5
59 41 0
54 57 0
46 41 0
52 53 0
50 28 0
Net_id 8
pin_num 5
40 37 0
46 37 0
30 37 0
56 43 0
28 35 0
Net_id 9
pin_num 5
11 3 0
19 1 0
5 2 0
6 2 0
18 0 0
Net_id 10
pin_num 5
55 17 0
48 22 0
48 43 0
48 13 0
59 42 0
Net_id 11
pin_num 5
35 34 0
22 34 0
15 34 0
26 31 0
7 31 0
Net_id 12
pin_num 5
16 33 0
23 43 0
38 36 0
16 35 0
37 58 0
Net_id 13
pin_num 5
28 36 0
23 41 0
47 59 0
41 36 0
24 17 0
Net_id 14
pin_num 5
56 38 0
45 38 0
46 43 0
31 38 0
32 42 0
Net_id 15
pin_num 5
44 27 0
39 22 0
44 25 0
58 23 0
40 30 0
Net_id 16
pin_num 5
34 22 0
35 27 0
35 50 0
38 15 0
15 51 0
Net_id 17
pin_num 5
44 53 0
35 54 0
36 58 0
24 55 0
50 55 0
Net_id 18
pin_num 5
48 35 0
57 25 0
51 27 0
54 44 0
44 35 0
Net_id 19
pin_num 5
21 2 0
11 2 0
26 2 0
11 1 0
35 1 0
Net_id 20
pin_num 4
8 23 0
3 18 0
18 18 0
4 0 0
Net_id 21
pin_num 4
43 49 0
41 54 0
59 46 0
55 57 0
Net_id 22
pin_num 4
25 49 0
39 49 0
29 41 0
40 43 0
Net_id 23
pin_num 4
38 47 0
37 55 0
56 51 0
49 45 0
Net_id 24
pin_num 4
6 20 0
14 20 0
5 8 0
17 21 0
Net_id 25
pin_num 4
43 31 0
47 32 0
54 19 0
34 31 0
Net_id 26
pin_num 4
19 38 0
18 32 0
44 36 0
43 56 0
Net_id 27
pin_num 4
17 55 0
14 59 0
16 41 0
26 59 0
Net_id 28
pin_num 4
3 36 0
14 37 0
15 15 0
12 51 0
Net_id 29
pin_num 4
15 57 0
2 54 0
12 54 0
5 50 0
Net_id 30
pin_num 4
31 30 0
42 43 0
34 27 0
34 51 0
Net_id 31
pin_num 4
14 44 0
24 42 0
17 30 0
21 32 0
Net_id 32
pin_num 4
9 44 0
13 43 0
10 58 0
11 38 0
Net_id 33
pin_num 4
19 53 0
25 57 0
13 55 0
0 58 0
Net_id 34
pin_num 4
58 13 0
58 6 0
45 12 0
53 0 0
Net_id 35
pin_num 4
52 44 0
41 44 0
52 58 0
51 40 0
Net_id 36
pin_num 4
12 46 0
21 46 0
16 57 0
1 53 0
Net_id 37
pin_num 4
5 7 0
1 1 0
3 5 0
0 8 0
Net_id 38
pin_num 4
25 25 0
22 32 0
22 13 0
34 21 0
Net_id 39
pin_num 3
4 8 0
1 14 0
12 12 0
Net_id 40
pin_num 3
42 33 0
32 45 0
13 34 0
Net_id 41
pin_num 3
2 32 0
17 53 0
0 21 0
Net_id 42
pin_num 3
37 5 0
20 5 0
37 19 0
Net_id 43
pin_num 3
50 13 0
58 1 0
53 30 0
Net_id 44
pin_num 3
24 47 0
3 40 0
17 29 0
Net_id 45
pin_num 3
52 0 0
38 5 0
42 30 0
Net_id 46
pin_num 3
6 37 0
14 15 0
0 41 0
Net_id 47
pin_num 3
8 38 0
2 26 0
9 9 0
Net_id 48
pin_num 3
58 7 0
46 11 0
41 10 0
Net_id 49
pin_num 3
23 27 0
29 28 0
49 18 0
Net_id 50
pin_num 3
32 19 0
20 4 0
21 29 0
Net_id 51
pin_num 3
27 58 0
18 59 0
29 58 0
Net_id 52
pin_num 3
5 48 0
27 56 0
27 48 0
Net_id 53
pin_num 3
35 47 0
15 40 0
7 44 0
Net_id 54
pin_num 3
59 9 0
45 11 0
45 24 0
Net_id 55
pin_num 3
13 35 0
10 23 0
15 58 0
Net_id 56
pin_num 3
31 11 0
33 19 0
25 22 0
Net_id 57
pin_num 3
37 50 0
50 50 0
40 44 0
Net_id 58
pin_num 3
35 19 0
41 24 0
43 33 0
Net_id 59
pin_num 3
19 10 0
18 3 0
5 0 0
Net_id 60
pin_num 3
19 54 0
29 51 0
10 41 0
Net_id 61
pin_num 3
2 24 0
19 32 0
8 58 0
Net_id 62
pin_num 3
2 38 0
10 39 0
12 25 0
Net_id 63
pin_num 3
40 29 0
46 1 0
5 28 0
Net_id 64
pin_num 3
41 12 0
34 6 0
52 6 0
Net_id 65
pin_num 3
8 30 0
13 26 0
2 30 0
Net_id 66
pin_num 3
49 14 0
57 35 0
42 25 0
Net_id 67
pin_num 3
52 31 0
56 50 0
56 57 0
Net_id 68
pin_num 3
18 56 0
24 35 0
9 51 0
Net_id 69
pin_num 3
43 30 0
51 30 0
49 40 0
Net_id 70
pin_num 3
44 57 0
58 40 0
57 59 0
Net_id 71
pin_num 3
32 52 0
31 47 0
13 59 0
Net_id 72
pin_num 3
20 12 0
32 12 0
23 19 0
Net_id 73
pin_num 3
45 9 0
55 26 0
39 3 0
Net_id 74
pin_num 3
31 18 0
21 18 0
28 0 0
Net_id 75
pin_num 3
47 45 0
25 40 0
25 46 0
Net_id 76
pin_num 3
3 48 0
0 59 0
17 57 0
Net_id 77
pin_num 3
50 53 0
33 47 0
36 55 0
Net_id 78
pin_num 3
0 36 0
15 30 0
28 40 0
Net_id 79
pin_num 2
36 15 0
15 22 0
Net_id 80
pin_num 2
51 36 0
57 43 0
Net_id 81
pin_num 2
23 33 0
22 35 0
Net_id 82
pin_num 2
35 4 0
0 6 0
Net_id 83
pin_num 2
34 23 0
30 27 0
Net_id 84
pin_num 2
57 20 0
45 36 0
Net_id 85
pin_num 2
10 25 0
11 17 0
Net_id 86
pin_num 2
35 17 0
39 15 0
Net_id 87
pin_num 2
52 45 0
47 21 0
Net_id 88
pin_num 2
7 4 0
20 23 0
Net_id 89
pin_num 2
44 11 0
39 46 0
Net_id 90
pin_num 2
26 28 0
35 21 0
Net_id 91
pin_num 2
40 5 0
59 13 0
Net_id 92
pin_num 2
20 28 0
15 10 0
Net_id 93
pin_num 2
48 40 0
45 49 0
Net_id 94
pin_num 2
51 53 0
41 58 0
Net_id 95
pin_num 2
3 9 0
28 29 0
Net_id 96
pin_num 2
38 58 0
59 54 0
Net_id 97
pin_num 2
3 53 0
2 39 0
Net_id 98
pin_num 2
19 31 0
28 38 0
Net_id 99
pin_num 2
53 43 0
56 28 0
Net_id 100
pin_num 2
11 8 0
4 6 0
Net_id 101
pin_num 2
31 20 0
1 42 0
Net_id 102
pin_num 2
41 6 0
56 1 0
Net_id 103
pin_num 2
33 8 0
55 2 0
Net_id 104
pin_num 2
37 53 0
0 48 0
Net_id 105
pin_num 2
26 7 0
43 1 0
Net_id 106
pin_num 2
58 54 0
47 43 0
Net_id 107
pin_num 2
40 36 0
31 14 0
Net_id 108
pin_num 2
31 40 0
51 28 0
Net_id 109
pin_num 2
42 23 0
50 1 0
Net_id 110
pin_num 2
58 47 0
34 57 0
Net_id 111
pin_num 2
57 17 0
54 12 0
Net_id 112
pin_num 2
33 36 0
34 41 0
Net_id 113
pin_num 2
55 16 0
53 8 0
Net_id 114
pin_num 2
47 20 0
55 7 0
Net_id 115
pin_num 2
55 47 0
56 44 0
Net_id 116
pin_num 2
3 21 0
6 19 0
Net_id 117
pin_num 2
54 10 0
49 10 0
Net_id 118
pin_num 2
3 51 0
4 58 0
Net_id 119
pin_num 2
46 12 0
55 29 0
Net_id 120
pin_num 2
3 56 0
6 50 0
Net_id 121
pin_num 2
54 2 0
36 12 0
Net_id 122
pin_num 2
33 53 0
22 46 0
Net_id 123
pin_num 2
23 57 0
11 37 0
Net_id 124
pin_num 2
46 20 0
26 38 0
Net_id 125
pin_num 2
20 3 0
43 7 0
Net_id 126
pin_num 2
11 10 0
8 5 0
Net_id 127
pin_num 2
33 12 0
38 30 0
Net_id 128
pin_num 2
22 15 0
27 13 0
Net_id 129
pin_num 2
37 30 0
22 38 0
Net_id 130
pin_num 2
37 3 0
27 6 0
Net_id 131
pin_num 2
20 43 0
9 58 0
Net_id 132
pin_num 2
46 23 0
41 7 0
Net_id 133
pin_num 2
35 13 0
47 15 0
Net_id 134
pin_num 2
32 24 0
52 7 0
Net_id 135
pin_num 2
41 56 0
42 48 0
Net_id 136
pin_num 2
46 26 0
37 25 0
Net_id 137
pin_num 2
2 5 0
10 13 0
Net_id 138
pin_num 2
56 2 0
53 6 0
Net_id 139
pin_num 2
15 54 0
2 59 0
Net_id 140
pin_num 2
51 49 0
56 46 0
Net_id 141
pin_num 2
50 31 0
52 14 0
Net_id 142
pin_num 2
17 49 0
19 19 0
Net_id 143
pin_num 2
32 27 0
18 15 0
Net_id 144
pin_num 2
20 29 0
13 19 0
Net_id 145
pin_num 2
34 3 0
22 3 0
Net_id 146
pin_num 2
49 3 0
37 27 0
Net_id 147
pin_num 2
53 7 0
53 25 0
Net_id 148
pin_num 2
16 52 0
30 42 0
Net_id 149
pin_num 2
19 41 0
26 14 0
Net_id 150
pin_num 2
2 14 0
6 3 0
Net_id 151
pin_num 2
29 7 0
53 3 0
Net_id 152
pin_num 2
16 11 0
40 32 0
Net_id 153
pin_num 2
51 39 0
58 33 0
Net_id 154
pin_num 2
28 17 0
43 8 0
Net_id 155
pin_num 2
0 27 0
19 21 0
Net_id 156
pin_num 2
10 16 0
24 6 0
Net_id 157
pin_num 2
9 14 0
25 8 0
