Width 60
Height 60
Layer 6
Total_WL 7114
Obstacle_num 144
6 30 0 11 31 0
23 6 0 30 7 0
25 17 0 31 18 0
43 1 0 50 2 0
14 49 0 18 50 0
15 53 0 22 54 0
2 27 0 9 28 0
18 28 0 21 29 0
49 33 0 52 34 0
40 4 0 50 5 0
13 3 0 19 4 0
40 7 0 47 8 0
32 41 0 35 42 0
23 15 0 29 16 0
0 40 0 9 41 0
40 13 0 49 14 0
39 26 0 48 27 0
14 14 0 24 15 0
20 49 0 25 50 0
26 43 0 30 44 0
11 38 0 18 39 0
16 0 0 26 1 0
11 33 0 20 34 0
20 18 0 26 19 0
30 32 1 31 40 1
24 45 1 25 50 1
6 32 1 7 38 1
15 40 1 16 45 1
21 30 1 22 38 1
53 15 1 54 24 1
49 10 1 50 18 1
26 29 1 27 38 1
6 16 1 7 21 1
37 20 1 38 29 1
8 31 1 9 40 1
19 22 1 20 29 1
36 25 1 37 28 1
46 42 1 47 48 1
58 39 1 59 43 1
29 33 1 30 39 1
57 31 1 58 39 1
24 50 1 25 56 1
21 41 1 22 48 1
40 17 1 41 25 1
8 46 1 9 50 1
41 50 1 42 57 1
9 13 1 10 21 1
56 32 1 57 35 1
45 13 2 54 14 2
21 52 2 31 53 2
4 51 2 9 52 2
26 37 2 33 38 2
14 40 2 24 41 2
34 24 2 39 25 2
37 35 2 45 36 2
4 34 2 9 35 2
36 3 2 41 4 2
13 35 2 22 36 2
1 27 2 5 28 2
2 45 2 6 46 2
48 2 2 58 3 2
30 50 2 36 51 2
41 27 2 50 28 2
33 34 2 38 35 2
27 25 2 35 26 2
23 56 2 33 57 2
20 32 2 26 33 2
42 54 2 46 55 2
31 15 2 34 16 2
54 28 2 57 29 2
49 5 2 59 6 2
29 51 2 38 52 2
49 20 3 50 23 3
40 37 3 41 47 3
45 52 3 46 59 3
56 52 3 57 56 3
36 5 3 37 9 3
28 25 3 29 32 3
14 17 3 15 27 3
13 42 3 14 45 3
45 3 3 46 11 3
51 1 3 52 8 3
45 39 3 46 48 3
43 39 3 44 44 3
16 28 3 17 31 3
20 10 3 21 13 3
22 50 3 23 56 3
53 41 3 54 48 3
34 21 3 35 25 3
1 8 3 2 16 3
38 0 3 39 7 3
38 36 3 39 45 3
40 32 3 41 35 3
9 1 3 10 9 3
12 0 3 13 9 3
41 18 3 42 23 3
42 7 4 52 8 4
2 51 4 6 52 4
28 8 4 38 9 4
40 4 4 45 5 4
39 16 4 42 17 4
15 47 4 23 48 4
9 53 4 17 54 4
30 34 4 33 35 4
42 29 4 50 30 4
8 36 4 12 37 4
44 34 4 51 35 4
12 9 4 18 10 4
49 1 4 54 2 4
27 48 4 32 49 4
5 16 4 9 17 4
50 56 4 58 57 4
48 45 4 51 46 4
37 10 4 43 11 4
3 56 4 11 57 4
25 19 4 34 20 4
3 31 4 13 32 4
22 54 4 25 55 4
43 55 4 46 56 4
1 52 4 5 53 4
34 24 5 35 31 5
10 30 5 11 38 5
55 18 5 56 28 5
18 16 5 19 24 5
57 19 5 58 29 5
15 47 5 16 56 5
7 27 5 8 36 5
3 37 5 4 45 5
2 24 5 3 27 5
25 50 5 26 57 5
14 33 5 15 36 5
42 13 5 43 16 5
39 5 5 40 8 5
4 35 5 5 41 5
48 29 5 49 34 5
0 30 5 1 35 5
55 8 5 56 11 5
33 36 5 34 43 5
39 23 5 40 33 5
33 10 5 34 13 5
24 15 5 25 19 5
29 1 5 30 10 5
11 23 5 12 29 5
35 7 5 36 17 5
Net_num 163
Net_id 0
pin_num 5
2 8 0
7 19 0
18 10 0
0 1 0
0 30 0
Net_id 1
pin_num 5
50 41 0
57 44 0
32 43 0
52 59 0
32 29 0
Net_id 2
pin_num 5
26 48 0
17 39 0
34 59 0
33 40 0
34 52 0
Net_id 3
pin_num 5
7 7 0
2 7 0
0 2 0
15 1 0
19 3 0
Net_id 4
pin_num 5
56 56 0
55 56 0
53 51 0
44 51 0
47 55 0
Net_id 5
pin_num 5
44 44 0
44 40 0
26 42 0
42 35 0
39 28 0
Net_id 6
pin_num 5
51 17 0
42 25 0
26 22 0
41 10 0
37 23 0
Net_id 7
pin_num 5
22 9 0
32 18 0
15 0 0
18 9 0
10 4 0
Net_id 8
pin_num 5
31 18 0
34 13 0
36 0 0
31 13 0
30 12 0
Net_id 9
pin_num 5
6 39 0
3 57 0
10 41 0
5 48 0
0 59 0
Net_id 10
pin_num 5
15 51 0
19 51 0
13 49 0
25 50 0
5 51 0
Net_id 11
pin_num 5
12 43 0
4 43 0
13 59 0
27 48 0
4 31 0
Net_id 12
pin_num 5
44 37 0
31 43 0
58 37 0
30 59 0
52 58 0
Net_id 13
pin_num 5
59 49 0
54 49 0
57 57 0
38 58 0
39 59 0
Net_id 14
pin_num 5
2 21 0
12 22 0
3 44 0
22 30 0
8 29 0
Net_id 15
pin_num 5
24 54 0
28 54 0
17 54 0
14 57 0
0 45 0
Net_id 16
pin_num 5
4 14 0
9 11 0
9 0 0
11 28 0
33 16 0
Net_id 17
pin_num 5
24 55 0
17 52 0
18 58 0
25 59 0
14 56 0
Net_id 18
pin_num 5
48 36 0
52 35 0
46 40 0
59 48 0
55 21 0
Net_id 19
pin_num 5
39 11 0
51 14 0
50 3 0
39 2 0
35 11 0
Net_id 20
pin_num 5
40 19 0
52 18 0
59 8 0
54 12 0
50 42 0
Net_id 21
pin_num 4
50 11 0
47 16 0
56 13 0
51 0 0
Net_id 22
pin_num 4
43 12 0
53 1 0
58 18 0
57 0 0
Net_id 23
pin_num 4
25 42 0
19 35 0
2 35 0
25 31 0
Net_id 24
pin_num 4
41 45 0
28 41 0
28 24 0
40 36 0
Net_id 25
pin_num 4
45 40 0
48 32 0
48 25 0
35 37 0
Net_id 26
pin_num 4
46 15 0
36 14 0
39 24 0
47 23 0
Net_id 27
pin_num 4
33 17 0
36 12 0
44 21 0
35 28 0
Net_id 28
pin_num 4
9 50 0
2 26 0
2 53 0
4 33 0
Net_id 29
pin_num 4
32 24 0
44 28 0
41 47 0
44 46 0
Net_id 30
pin_num 4
8 7 0
19 9 0
33 9 0
26 25 0
Net_id 31
pin_num 4
48 50 0
33 55 0
20 55 0
40 57 0
Net_id 32
pin_num 4
39 34 0
35 30 0
26 27 0
38 13 0
Net_id 33
pin_num 4
26 44 0
27 33 0
42 33 0
27 24 0
Net_id 34
pin_num 4
48 44 0
41 49 0
59 50 0
54 44 0
Net_id 35
pin_num 4
56 1 0
53 2 0
58 6 0
55 5 0
Net_id 36
pin_num 4
30 3 0
21 3 0
25 19 0
35 7 0
Net_id 37
pin_num 4
31 25 0
29 20 0
18 42 0
2 30 0
Net_id 38
pin_num 4
33 15 0
43 20 0
18 19 0
22 5 0
Net_id 39
pin_num 3
50 35 0
55 18 0
55 3 0
Net_id 40
pin_num 3
0 51 0
3 55 0
20 57 0
Net_id 41
pin_num 3
14 4 0
23 1 0
31 8 0
Net_id 42
pin_num 3
22 56 0
13 58 0
16 37 0
Net_id 43
pin_num 3
26 30 0
22 23 0
9 23 0
Net_id 44
pin_num 3
14 20 0
14 28 0
0 25 0
Net_id 45
pin_num 3
44 45 0
42 56 0
14 53 0
Net_id 46
pin_num 3
37 55 0
35 50 0
12 44 0
Net_id 47
pin_num 3
57 17 0
56 20 0
37 19 0
Net_id 48
pin_num 3
31 36 0
19 49 0
12 49 0
Net_id 49
pin_num 3
17 25 0
10 13 0
11 0 0
Net_id 50
pin_num 3
50 22 0
48 15 0
54 4 0
Net_id 51
pin_num 3
55 43 0
59 35 0
37 38 0
Net_id 52
pin_num 3
27 49 0
27 55 0
34 47 0
Net_id 53
pin_num 3
10 59 0
4 58 0
11 42 0
Net_id 54
pin_num 3
6 22 0
4 29 0
25 21 0
Net_id 55
pin_num 3
8 20 0
27 18 0
34 2 0
Net_id 56
pin_num 3
41 3 0
36 9 0
38 12 0
Net_id 57
pin_num 3
20 23 0
31 39 0
19 32 0
Net_id 58
pin_num 3
10 0 0
1 15 0
30 18 0
Net_id 59
pin_num 3
2 45 0
13 29 0
18 31 0
Net_id 60
pin_num 3
58 11 0
24 5 0
21 7 0
Net_id 61
pin_num 3
42 8 0
59 4 0
51 10 0
Net_id 62
pin_num 3
10 17 0
2 32 0
15 28 0
Net_id 63
pin_num 3
1 57 0
12 52 0
8 45 0
Net_id 64
pin_num 3
11 26 0
3 18 0
0 8 0
Net_id 65
pin_num 3
56 44 0
46 36 0
54 23 0
Net_id 66
pin_num 3
30 47 0
15 55 0
1 45 0
Net_id 67
pin_num 3
52 48 0
49 50 0
57 42 0
Net_id 68
pin_num 3
50 51 0
44 53 0
51 59 0
Net_id 69
pin_num 3
25 13 0
18 18 0
3 6 0
Net_id 70
pin_num 3
17 26 0
5 12 0
23 27 0
Net_id 71
pin_num 3
38 10 0
19 15 0
13 22 0
Net_id 72
pin_num 3
56 46 0
54 58 0
46 49 0
Net_id 73
pin_num 3
33 44 0
49 57 0
39 43 0
Net_id 74
pin_num 3
13 14 0
7 26 0
28 14 0
Net_id 75
pin_num 3
32 23 0
49 3 0
52 1 0
Net_id 76
pin_num 3
23 11 0
13 2 0
15 29 0
Net_id 77
pin_num 3
15 23 0
24 26 0
25 29 0
Net_id 78
pin_num 3
11 32 0
24 28 0
16 34 0
Net_id 79
pin_num 3
37 47 0
47 42 0
33 18 0
Net_id 80
pin_num 3
4 50 0
18 34 0
10 44 0
Net_id 81
pin_num 3
54 31 0
49 32 0
58 52 0
Net_id 82
pin_num 2
3 20 0
7 37 0
Net_id 83
pin_num 2
35 29 0
51 22 0
Net_id 84
pin_num 2
25 4 0
10 27 0
Net_id 85
pin_num 2
37 43 0
24 58 0
Net_id 86
pin_num 2
33 26 0
29 26 0
Net_id 87
pin_num 2
12 2 0
2 5 0
Net_id 88
pin_num 2
23 19 0
13 8 0
Net_id 89
pin_num 2
16 9 0
3 2 0
Net_id 90
pin_num 2
5 38 0
2 22 0
Net_id 91
pin_num 2
44 35 0
55 45 0
Net_id 92
pin_num 2
55 30 0
59 32 0
Net_id 93
pin_num 2
36 57 0
35 39 0
Net_id 94
pin_num 2
54 29 0
57 16 0
Net_id 95
pin_num 2
34 8 0
27 4 0
Net_id 96
pin_num 2
4 10 0
15 12 0
Net_id 97
pin_num 2
44 59 0
22 46 0
Net_id 98
pin_num 2
41 6 0
28 7 0
Net_id 99
pin_num 2
53 8 0
44 20 0
Net_id 100
pin_num 2
59 24 0
52 10 0
Net_id 101
pin_num 2
53 13 0
58 21 0
Net_id 102
pin_num 2
8 42 0
2 28 0
Net_id 103
pin_num 2
53 9 0
54 6 0
Net_id 104
pin_num 2
46 27 0
49 30 0
Net_id 105
pin_num 2
6 53 0
13 45 0
Net_id 106
pin_num 2
19 6 0
26 4 0
Net_id 107
pin_num 2
6 12 0
18 20 0
Net_id 108
pin_num 2
16 48 0
5 36 0
Net_id 109
pin_num 2
22 53 0
36 58 0
Net_id 110
pin_num 2
31 3 0
33 6 0
Net_id 111
pin_num 2
33 7 0
29 12 0
Net_id 112
pin_num 2
24 36 0
6 11 0
Net_id 113
pin_num 2
27 45 0
32 31 0
Net_id 114
pin_num 2
1 18 0
3 8 0
Net_id 115
pin_num 2
56 6 0
57 4 0
Net_id 116
pin_num 2
20 38 0
10 55 0
Net_id 117
pin_num 2
58 25 0
48 24 0
Net_id 118
pin_num 2
39 4 0
52 16 0
Net_id 119
pin_num 2
27 12 0
7 8 0
Net_id 120
pin_num 2
20 20 0
29 4 0
Net_id 121
pin_num 2
45 58 0
48 56 0
Net_id 122
pin_num 2
2 44 0
17 37 0
Net_id 123
pin_num 2
0 56 0
6 56 0
Net_id 124
pin_num 2
47 56 0
43 44 0
Net_id 125
pin_num 2
58 55 0
48 48 0
Net_id 126
pin_num 2
1 14 0
9 27 0
Net_id 127
pin_num 2
11 46 0
2 52 0
Net_id 128
pin_num 2
29 39 0
11 50 0
Net_id 129
pin_num 2
20 21 0
9 21 0
Net_id 130
pin_num 2
13 17 0
3 4 0
Net_id 131
pin_num 2
50 32 0
53 34 0
Net_id 132
pin_num 2
10 36 0
21 55 0
Net_id 133
pin_num 2
4 8 0
5 15 0
Net_id 134
pin_num 2
37 26 0
28 35 0
Net_id 135
pin_num 2
13 42 0
28 46 0
Net_id 136
pin_num 2
54 5 0
37 5 0
Net_id 137
pin_num 2
2 33 0
2 6 0
Net_id 138
pin_num 2
59 12 0
49 18 0
Net_id 139
pin_num 2
11 29 0
2 48 0
Net_id 140
pin_num 2
54 7 0
57 8 0
Net_id 141
pin_num 2
8 38 0
1 50 0
Net_id 142
pin_num 2
10 32 0
3 32 0
Net_id 143
pin_num 2
18 8 0
42 34 0
Net_id 144
pin_num 2
29 37 0
45 31 0
Net_id 145
pin_num 2
10 42 0
16 58 0
Net_id 146
pin_num 2
17 45 0
2 50 0
Net_id 147
pin_num 2
20 2 0
24 14 0
Net_id 148
pin_num 2
13 1 0
4 11 0
Net_id 149
pin_num 2
45 44 0
53 43 0
Net_id 150
pin_num 2
51 1 0
52 17 0
Net_id 151
pin_num 2
9 31 0
15 19 0
Net_id 152
pin_num 2
57 58 0
55 59 0
Net_id 153
pin_num 2
17 16 0
28 21 0
Net_id 154
pin_num 2
15 43 0
28 57 0
Net_id 155
pin_num 2
49 45 0
38 57 0
Net_id 156
pin_num 2
31 32 0
18 37 0
Net_id 157
pin_num 2
2 15 0
13 7 0
Net_id 158
pin_num 2
11 31 0
7 36 0
Net_id 159
pin_num 2
16 2 0
14 0 0
Net_id 160
pin_num 2
36 1 0
46 9 0
Net_id 161
pin_num 2
50 30 0
50 16 0
Net_id 162
pin_num 2
48 12 0
32 28 0
