Width 60
Height 60
Layer 6
Total_WL 6712
Obstacle_num 144
21 24 0 25 25 0
3 25 0 9 26 0
37 17 0 46 18 0
40 33 0 46 34 0
5 20 0 11 21 0
51 47 0 58 48 0
16 33 0 25 34 0
40 19 0 45 20 0
1 22 0 9 23 0
9 39 0 15 40 0
19 44 0 24 45 0
33 0 0 39 1 0
13 41 0 20 42 0
32 3 0 36 4 0
27 55 0 37 56 0
25 45 0 35 46 0
35 46 0 43 47 0
14 4 0 23 5 0
33 32 0 41 33 0
15 29 0 24 30 0
44 21 0 54 22 0
41 36 0 45 37 0
38 55 0 46 56 0
31 11 0 39 12 0
53 14 1 54 23 1
43 48 1 44 57 1
10 55 1 11 58 1
1 10 1 2 13 1
53 52 1 54 59 1
28 48 1 29 56 1
38 43 1 39 46 1
44 10 1 45 16 1
49 31 1 50 41 1
22 28 1 23 31 1
11 45 1 12 55 1
29 27 1 30 37 1
50 4 1 51 11 1
37 41 1 38 44 1
6 20 1 7 27 1
14 27 1 15 30 1
12 48 1 13 54 1
11 37 1 12 41 1
37 4 1 38 13 1
14 1 1 15 7 1
57 34 1 58 43 1
1 52 1 2 56 1
15 29 1 16 33 1
23 37 1 24 40 1
42 7 2 47 8 2
52 1 2 58 2 2
48 40 2 57 41 2
23 33 2 29 34 2
10 56 2 16 57 2
33 51 2 42 52 2
2 11 2 9 12 2
33 20 2 40 21 2
1 24 2 10 25 2
6 27 2 15 28 2
22 3 2 30 4 2
6 3 2 12 4 2
9 34 2 17 35 2
33 19 2 42 20 2
15 16 2 24 17 2
34 42 2 41 43 2
7 4 2 15 5 2
37 34 2 41 35 2
47 16 2 56 17 2
13 19 2 19 20 2
2 40 2 8 41 2
3 19 2 13 20 2
2 32 2 8 33 2
13 39 2 21 40 2
22 32 3 23 39 3
6 29 3 7 39 3
57 25 3 58 35 3
42 15 3 43 18 3
17 17 3 18 26 3
30 47 3 31 55 3
9 6 3 10 14 3
38 11 3 39 21 3
51 18 3 52 28 3
14 30 3 15 40 3
53 4 3 54 10 3
10 25 3 11 35 3
27 12 3 28 21 3
42 39 3 43 49 3
6 3 3 7 9 3
58 36 3 59 46 3
39 40 3 40 44 3
19 19 3 20 26 3
45 5 3 46 11 3
17 39 3 18 47 3
40 37 3 41 42 3
39 15 3 40 23 3
26 26 3 27 33 3
57 42 3 58 52 3
13 46 4 23 47 4
26 58 4 31 59 4
46 52 4 54 53 4
32 25 4 36 26 4
38 41 4 44 42 4
17 53 4 22 54 4
27 19 4 30 20 4
41 24 4 49 25 4
28 31 4 33 32 4
5 13 4 14 14 4
28 27 4 35 28 4
2 54 4 5 55 4
2 13 4 5 14 4
18 0 4 25 1 4
42 54 4 48 55 4
28 24 4 36 25 4
51 32 4 56 33 4
10 56 4 14 57 4
16 52 4 24 53 4
24 51 4 28 52 4
1 53 4 8 54 4
10 1 4 14 2 4
17 54 4 26 55 4
46 28 4 54 29 4
12 2 5 13 7 5
26 35 5 27 43 5
12 30 5 13 38 5
51 31 5 52 41 5
16 50 5 17 54 5
53 29 5 54 36 5
7 30 5 8 36 5
54 49 5 55 58 5
8 33 5 9 43 5
38 46 5 39 56 5
36 4 5 37 13 5
23 3 5 24 12 5
7 26 5 8 29 5
21 11 5 22 17 5
29 39 5 30 45 5
22 38 5 23 41 5
35 49 5 36 53 5
53 54 5 54 59 5
10 2 5 11 10 5
46 33 5 47 37 5
6 48 5 7 56 5
27 44 5 28 54 5
24 51 5 25 58 5
29 22 5 30 25 5
Net_num 157
Net_id 0
pin_num 5
57 30 0
59 36 0
59 35 0
56 34 0
47 32 0
Net_id 1
pin_num 5
22 0 0
10 0 0
39 0 0
13 11 0
18 11 0
Net_id 2
pin_num 5
27 0 0
31 12 0
46 6 0
46 10 0
34 15 0
Net_id 3
pin_num 5
13 21 0
4 13 0
7 2 0
47 6 0
9 31 0
Net_id 4
pin_num 5
27 25 0
14 25 0
21 36 0
19 8 0
11 9 0
Net_id 5
pin_num 5
39 25 0
34 21 0
24 12 0
47 23 0
29 25 0
Net_id 6
pin_num 5
12 1 0
22 11 0
33 1 0
25 8 0
20 28 0
Net_id 7
pin_num 5
38 14 0
47 13 0
46 22 0
34 14 0
39 23 0
Net_id 8
pin_num 5
6 42 0
6 39 0
8 53 0
17 40 0
26 47 0
Net_id 9
pin_num 5
22 26 0
43 26 0
35 8 0
30 11 0
14 14 0
Net_id 10
pin_num 5
50 59 0
41 54 0
29 59 0
32 56 0
33 54 0
Net_id 11
pin_num 5
17 24 0
20 23 0
10 24 0
12 18 0
20 37 0
Net_id 12
pin_num 5
53 52 0
49 58 0
49 48 0
52 33 0
59 59 0
Net_id 13
pin_num 5
53 31 0
31 31 0
51 46 0
51 24 0
44 44 0
Net_id 14
pin_num 5
45 7 0
41 15 0
52 12 0
32 9 0
58 0 0
Net_id 15
pin_num 5
6 9 0
5 9 0
0 7 0
13 3 0
13 2 0
Net_id 16
pin_num 4
14 31 0
4 18 0
28 25 0
13 20 0
Net_id 17
pin_num 4
13 50 0
19 53 0
34 53 0
48 58 0
Net_id 18
pin_num 4
17 9 0
9 0 0
0 8 0
12 8 0
Net_id 19
pin_num 4
44 23 0
46 32 0
50 28 0
27 30 0
Net_id 20
pin_num 4
49 26 0
36 28 0
55 29 0
48 3 0
Net_id 21
pin_num 4
51 59 0
55 49 0
58 59 0
22 59 0
Net_id 22
pin_num 4
9 18 0
17 18 0
12 28 0
1 27 0
Net_id 23
pin_num 4
33 51 0
42 58 0
55 51 0
25 58 0
Net_id 24
pin_num 4
13 6 0
3 2 0
15 2 0
1 6 0
Net_id 25
pin_num 4
2 36 0
4 20 0
11 19 0
0 37 0
Net_id 26
pin_num 4
1 52 0
3 54 0
4 59 0
15 57 0
Net_id 27
pin_num 4
35 49 0
45 48 0
43 37 0
22 48 0
Net_id 28
pin_num 4
59 14 0
56 13 0
33 13 0
41 3 0
Net_id 29
pin_num 4
23 52 0
20 50 0
21 59 0
19 52 0
Net_id 30
pin_num 4
5 35 0
7 44 0
0 43 0
10 41 0
Net_id 31
pin_num 4
8 1 0
1 5 0
0 4 0
2 7 0
Net_id 32
pin_num 4
34 48 0
29 38 0
21 50 0
31 56 0
Net_id 33
pin_num 4
3 12 0
12 3 0
3 21 0
25 10 0
Net_id 34
pin_num 4
5 13 0
15 37 0
9 12 0
1 29 0
Net_id 35
pin_num 4
32 8 0
40 0 0
27 10 0
34 2 0
Net_id 36
pin_num 3
18 53 0
13 46 0
20 22 0
Net_id 37
pin_num 3
5 8 0
22 9 0
15 23 0
Net_id 38
pin_num 3
50 33 0
46 52 0
37 38 0
Net_id 39
pin_num 3
19 39 0
10 50 0
2 47 0
Net_id 40
pin_num 3
18 12 0
13 15 0
9 11 0
Net_id 41
pin_num 3
47 38 0
43 39 0
31 47 0
Net_id 42
pin_num 3
53 43 0
59 48 0
50 43 0
Net_id 43
pin_num 3
13 45 0
30 44 0
24 15 0
Net_id 44
pin_num 3
54 41 0
58 27 0
47 41 0
Net_id 45
pin_num 3
51 45 0
58 51 0
40 57 0
Net_id 46
pin_num 3
2 21 0
12 33 0
3 42 0
Net_id 47
pin_num 3
40 30 0
36 43 0
40 45 0
Net_id 48
pin_num 3
50 50 0
57 46 0
48 42 0
Net_id 49
pin_num 3
50 46 0
34 57 0
48 40 0
Net_id 50
pin_num 3
38 3 0
27 2 0
14 9 0
Net_id 51
pin_num 3
24 14 0
12 11 0
39 1 0
Net_id 52
pin_num 3
25 24 0
26 0 0
37 5 0
Net_id 53
pin_num 3
26 58 0
27 35 0
30 29 0
Net_id 54
pin_num 3
1 12 0
1 9 0
8 7 0
Net_id 55
pin_num 3
10 30 0
32 38 0
17 58 0
Net_id 56
pin_num 3
38 54 0
55 59 0
51 53 0
Net_id 57
pin_num 3
1 20 0
2 18 0
4 29 0
Net_id 58
pin_num 3
38 33 0
32 44 0
39 49 0
Net_id 59
pin_num 3
17 30 0
8 18 0
5 29 0
Net_id 60
pin_num 3
23 42 0
32 54 0
37 55 0
Net_id 61
pin_num 3
14 58 0
16 53 0
8 54 0
Net_id 62
pin_num 3
58 3 0
53 11 0
57 11 0
Net_id 63
pin_num 3
15 7 0
17 2 0
25 27 0
Net_id 64
pin_num 3
0 45 0
2 44 0
8 38 0
Net_id 65
pin_num 3
34 40 0
47 44 0
37 29 0
Net_id 66
pin_num 3
23 36 0
16 38 0
1 43 0
Net_id 67
pin_num 3
45 16 0
28 17 0
24 0 0
Net_id 68
pin_num 3
17 26 0
26 15 0
50 22 0
Net_id 69
pin_num 3
54 14 0
57 0 0
31 2 0
Net_id 70
pin_num 3
34 29 0
12 29 0
10 52 0
Net_id 71
pin_num 3
19 20 0
4 3 0
2 19 0
Net_id 72
pin_num 3
2 33 0
19 28 0
40 21 0
Net_id 73
pin_num 3
35 52 0
50 39 0
43 57 0
Net_id 74
pin_num 3
10 45 0
1 40 0
23 43 0
Net_id 75
pin_num 3
58 37 0
59 51 0
44 45 0
Net_id 76
pin_num 3
42 50 0
48 57 0
59 47 0
Net_id 77
pin_num 3
39 43 0
53 30 0
40 29 0
Net_id 78
pin_num 2
50 57 0
56 48 0
Net_id 79
pin_num 2
52 8 0
53 0 0
Net_id 80
pin_num 2
37 21 0
23 20 0
Net_id 81
pin_num 2
4 16 0
17 5 0
Net_id 82
pin_num 2
1 59 0
7 33 0
Net_id 83
pin_num 2
16 35 0
12 32 0
Net_id 84
pin_num 2
34 30 0
18 13 0
Net_id 85
pin_num 2
0 19 0
1 7 0
Net_id 86
pin_num 2
58 4 0
48 27 0
Net_id 87
pin_num 2
47 11 0
57 2 0
Net_id 88
pin_num 2
1 14 0
21 27 0
Net_id 89
pin_num 2
27 29 0
24 46 0
Net_id 90
pin_num 2
13 58 0
7 56 0
Net_id 91
pin_num 2
10 46 0
2 58 0
Net_id 92
pin_num 2
36 25 0
24 5 0
Net_id 93
pin_num 2
10 5 0
2 15 0
Net_id 94
pin_num 2
51 7 0
41 1 0
Net_id 95
pin_num 2
22 3 0
36 15 0
Net_id 96
pin_num 2
0 55 0
28 47 0
Net_id 97
pin_num 2
14 16 0
4 7 0
Net_id 98
pin_num 2
39 33 0
51 4 0
Net_id 99
pin_num 2
37 48 0
35 57 0
Net_id 100
pin_num 2
22 57 0
31 34 0
Net_id 101
pin_num 2
48 23 0
54 17 0
Net_id 102
pin_num 2
53 29 0
54 35 0
Net_id 103
pin_num 2
31 3 0
17 13 0
Net_id 104
pin_num 2
23 50 0
41 53 0
Net_id 105
pin_num 2
6 0 0
11 8 0
Net_id 106
pin_num 2
12 9 0
14 23 0
Net_id 107
pin_num 2
4 30 0
18 40 0
Net_id 108
pin_num 2
2 52 0
15 55 0
Net_id 109
pin_num 2
26 46 0
32 49 0
Net_id 110
pin_num 2
9 33 0
3 48 0
Net_id 111
pin_num 2
59 57 0
32 51 0
Net_id 112
pin_num 2
43 9 0
28 24 0
Net_id 113
pin_num 2
36 41 0
45 53 0
Net_id 114
pin_num 2
9 59 0
21 58 0
Net_id 115
pin_num 2
5 27 0
10 27 0
Net_id 116
pin_num 2
47 20 0
34 4 0
Net_id 117
pin_num 2
43 42 0
47 39 0
Net_id 118
pin_num 2
59 20 0
43 27 0
Net_id 119
pin_num 2
7 31 0
8 34 0
Net_id 120
pin_num 2
47 49 0
54 45 0
Net_id 121
pin_num 2
30 24 0
43 18 0
Net_id 122
pin_num 2
33 38 0
18 17 0
Net_id 123
pin_num 2
4 21 0
4 28 0
Net_id 124
pin_num 2
46 29 0
35 39 0
Net_id 125
pin_num 2
14 38 0
4 31 0
Net_id 126
pin_num 2
48 0 0
56 8 0
Net_id 127
pin_num 2
24 8 0
23 7 0
Net_id 128
pin_num 2
27 23 0
39 4 0
Net_id 129
pin_num 2
18 14 0
20 18 0
Net_id 130
pin_num 2
46 25 0
37 27 0
Net_id 131
pin_num 2
40 24 0
54 15 0
Net_id 132
pin_num 2
31 0 0
20 2 0
Net_id 133
pin_num 2
55 23 0
56 19 0
Net_id 134
pin_num 2
19 13 0
28 13 0
Net_id 135
pin_num 2
40 1 0
47 25 0
Net_id 136
pin_num 2
54 18 0
56 10 0
Net_id 137
pin_num 2
2 48 0
11 57 0
Net_id 138
pin_num 2
0 26 0
26 24 0
Net_id 139
pin_num 2
41 41 0
28 56 0
Net_id 140
pin_num 2
29 0 0
45 11 0
Net_id 141
pin_num 2
13 51 0
4 46 0
Net_id 142
pin_num 2
3 34 0
6 12 0
Net_id 143
pin_num 2
51 40 0
59 40 0
Net_id 144
pin_num 2
16 42 0
16 50 0
Net_id 145
pin_num 2
54 1 0
17 11 0
Net_id 146
pin_num 2
51 8 0
44 18 0
Net_id 147
pin_num 2
33 37 0
25 30 0
Net_id 148
pin_num 2
41 5 0
49 14 0
Net_id 149
pin_num 2
41 32 0
47 47 0
Net_id 150
pin_num 2
52 27 0
54 55 0
Net_id 151
pin_num 2
50 34 0
53 36 0
Net_id 152
pin_num 2
48 2 0
55 3 0
Net_id 153
pin_num 2
31 15 0
47 36 0
Net_id 154
pin_num 2
13 7 0
8 17 0
Net_id 155
pin_num 2
9 24 0
2 30 0
Net_id 156
pin_num 2
52 19 0
56 44 0
