Width 60
Height 60
Layer 6
Total_WL 7801
Obstacle_num 144
9 1 0 19 2 0
3 13 0 13 14 0
39 26 0 42 27 0
1 20 0 10 21 0
0 35 0 10 36 0
52 8 0 57 9 0
2 48 0 11 49 0
31 38 0 38 39 0
47 53 0 51 54 0
4 46 0 14 47 0
24 55 0 31 56 0
42 18 0 52 19 0
46 50 0 53 51 0
26 33 0 33 34 0
10 33 0 14 34 0
9 10 0 13 11 0
22 56 0 31 57 0
34 54 0 43 55 0
12 31 0 21 32 0
16 58 0 23 59 0
23 21 0 32 22 0
50 56 0 59 57 0
34 41 0 41 42 0
43 9 0 52 10 0
13 23 1 14 32 1
30 39 1 31 46 1
20 0 1 21 4 1
23 1 1 24 4 1
46 39 1 47 42 1
18 45 1 19 50 1
44 20 1 45 30 1
52 5 1 53 11 1
3 26 1 4 35 1
48 7 1 49 17 1
1 52 1 2 57 1
41 5 1 42 14 1
17 27 1 18 32 1
23 33 1 24 37 1
57 26 1 58 36 1
40 15 1 41 22 1
21 5 1 22 10 1
32 9 1 33 15 1
22 28 1 23 36 1
19 20 1 20 26 1
45 47 1 46 50 1
6 47 1 7 54 1
47 16 1 48 19 1
49 23 1 50 31 1
43 13 2 46 14 2
48 35 2 51 36 2
12 54 2 21 55 2
24 8 2 31 9 2
49 15 2 55 16 2
39 17 2 47 18 2
14 30 2 20 31 2
48 58 2 55 59 2
9 11 2 17 12 2
40 5 2 43 6 2
54 5 2 57 6 2
1 49 2 4 50 2
26 36 2 33 37 2
29 57 2 36 58 2
22 55 2 31 56 2
45 24 2 48 25 2
40 53 2 48 54 2
21 45 2 31 46 2
46 11 2 56 12 2
30 52 2 37 53 2
47 19 2 52 20 2
25 11 2 30 12 2
17 25 2 24 26 2
35 8 2 41 9 2
14 19 3 15 28 3
50 41 3 51 48 3
6 29 3 7 35 3
57 25 3 58 32 3
35 16 3 36 23 3
30 35 3 31 38 3
28 49 3 29 54 3
58 1 3 59 6 3
1 18 3 2 22 3
29 38 3 30 47 3
25 32 3 26 37 3
5 3 3 6 12 3
6 41 3 7 47 3
40 52 3 41 55 3
54 49 3 55 58 3
45 1 3 46 6 3
41 31 3 42 41 3
52 10 3 53 15 3
50 36 3 51 40 3
49 19 3 50 28 3
35 4 3 36 9 3
41 11 3 42 17 3
42 25 3 43 33 3
29 26 3 30 36 3
32 9 4 36 10 4
49 0 4 53 1 4
32 5 4 39 6 4
1 52 4 4 53 4
0 5 4 7 6 4
8 53 4 11 54 4
27 36 4 35 37 4
14 48 4 22 49 4
35 52 4 45 53 4
50 16 4 59 17 4
25 2 4 30 3 4
27 56 4 36 57 4
4 28 4 14 29 4
49 28 4 53 29 4
24 17 4 30 18 4
26 43 4 29 44 4
38 28 4 45 29 4
13 11 4 21 12 4
7 52 4 15 53 4
4 41 4 12 42 4
25 10 4 32 11 4
34 44 4 43 45 4
39 54 4 49 55 4
34 39 4 44 40 4
50 5 5 51 14 5
48 5 5 49 10 5
20 1 5 21 7 5
35 51 5 36 55 5
18 28 5 19 37 5
30 6 5 31 10 5
2 48 5 3 57 5
28 50 5 29 58 5
52 37 5 53 45 5
57 21 5 58 25 5
34 47 5 35 55 5
0 46 5 1 54 5
29 35 5 30 44 5
2 37 5 3 45 5
27 7 5 28 17 5
54 16 5 55 19 5
33 3 5 34 6 5
27 23 5 28 26 5
3 23 5 4 27 5
19 14 5 20 19 5
23 30 5 24 35 5
21 50 5 22 58 5
14 35 5 15 41 5
46 16 5 47 23 5
Net_num 170
Net_id 0
pin_num 5
11 41 0
15 41 0
14 57 0
12 58 0
4 50 0
Net_id 1
pin_num 5
37 48 0
33 41 0
33 28 0
33 8 0
28 26 0
Net_id 2
pin_num 5
30 57 0
23 57 0
22 59 0
9 57 0
8 59 0
Net_id 3
pin_num 5
43 12 0
32 18 0
18 12 0
34 23 0
29 30 0
Net_id 4
pin_num 5
53 25 0
47 23 0
57 24 0
51 32 0
53 12 0
Net_id 5
pin_num 5
23 9 0
18 8 0
18 21 0
12 9 0
27 20 0
Net_id 6
pin_num 5
53 18 0
56 17 0
56 33 0
42 20 0
57 6 0
Net_id 7
pin_num 5
14 2 0
29 0 0
27 22 0
9 0 0
16 11 0
Net_id 8
pin_num 5
3 17 0
0 24 0
2 9 0
11 22 0
3 0 0
Net_id 9
pin_num 5
18 40 0
8 44 0
14 35 0
26 28 0
16 37 0
Net_id 10
pin_num 5
0 25 0
6 25 0
0 43 0
14 32 0
13 22 0
Net_id 11
pin_num 5
23 10 0
31 16 0
28 15 0
31 11 0
34 25 0
Net_id 12
pin_num 5
39 43 0
30 43 0
30 59 0
48 57 0
49 46 0
Net_id 13
pin_num 5
41 30 0
44 44 0
59 45 0
59 37 0
43 37 0
Net_id 14
pin_num 5
29 28 0
21 18 0
24 9 0
42 16 0
31 37 0
Net_id 15
pin_num 5
37 8 0
38 11 0
38 15 0
30 11 0
32 15 0
Net_id 16
pin_num 5
43 52 0
49 49 0
34 42 0
56 45 0
55 46 0
Net_id 17
pin_num 5
37 2 0
57 4 0
22 0 0
56 0 0
54 9 0
Net_id 18
pin_num 5
2 58 0
7 50 0
19 59 0
19 46 0
7 54 0
Net_id 19
pin_num 5
35 36 0
28 30 0
28 23 0
10 30 0
19 32 0
Net_id 20
pin_num 5
19 47 0
26 44 0
17 34 0
28 35 0
45 45 0
Net_id 21
pin_num 4
32 21 0
51 24 0
37 42 0
44 27 0
Net_id 22
pin_num 4
50 20 0
50 30 0
48 31 0
50 42 0
Net_id 23
pin_num 4
44 31 0
54 20 0
59 19 0
45 19 0
Net_id 24
pin_num 4
14 28 0
3 36 0
0 44 0
16 38 0
Net_id 25
pin_num 4
55 16 0
56 3 0
44 14 0
47 0 0
Net_id 26
pin_num 4
50 51 0
40 47 0
32 50 0
32 59 0
Net_id 27
pin_num 4
24 42 0
25 26 0
17 38 0
24 48 0
Net_id 28
pin_num 4
31 6 0
14 6 0
28 3 0
30 4 0
Net_id 29
pin_num 4
2 40 0
10 50 0
19 49 0
16 43 0
Net_id 30
pin_num 4
15 11 0
0 15 0
8 0 0
0 23 0
Net_id 31
pin_num 4
37 16 0
26 9 0
43 8 0
30 23 0
Net_id 32
pin_num 4
13 23 0
2 28 0
2 8 0
1 51 0
Net_id 33
pin_num 4
38 36 0
45 44 0
59 41 0
50 46 0
Net_id 34
pin_num 4
54 7 0
59 1 0
36 1 0
51 5 0
Net_id 35
pin_num 4
55 40 0
32 40 0
38 49 0
36 28 0
Net_id 36
pin_num 4
45 34 0
58 33 0
51 36 0
51 29 0
Net_id 37
pin_num 4
58 5 0
51 15 0
39 13 0
44 5 0
Net_id 38
pin_num 4
25 36 0
16 29 0
4 37 0
15 22 0
Net_id 39
pin_num 4
21 52 0
28 58 0
6 56 0
26 59 0
Net_id 40
pin_num 4
35 15 0
47 15 0
38 5 0
31 9 0
Net_id 41
pin_num 4
36 56 0
27 51 0
13 51 0
29 58 0
Net_id 42
pin_num 3
3 46 0
6 58 0
1 34 0
Net_id 43
pin_num 3
36 32 0
55 27 0
41 43 0
Net_id 44
pin_num 3
31 13 0
47 20 0
47 33 0
Net_id 45
pin_num 3
56 4 0
39 14 0
59 4 0
Net_id 46
pin_num 3
54 1 0
58 17 0
46 6 0
Net_id 47
pin_num 3
51 25 0
57 42 0
40 38 0
Net_id 48
pin_num 3
59 3 0
50 13 0
52 2 0
Net_id 49
pin_num 3
34 10 0
28 11 0
4 10 0
Net_id 50
pin_num 3
21 4 0
1 1 0
21 0 0
Net_id 51
pin_num 3
1 59 0
5 47 0
13 55 0
Net_id 52
pin_num 3
25 59 0
13 47 0
25 47 0
Net_id 53
pin_num 3
11 20 0
17 26 0
1 33 0
Net_id 54
pin_num 3
51 16 0
58 0 0
17 12 0
Net_id 55
pin_num 3
11 57 0
20 49 0
21 34 0
Net_id 56
pin_num 3
0 40 0
4 38 0
9 37 0
Net_id 57
pin_num 3
13 10 0
28 1 0
17 33 0
Net_id 58
pin_num 3
40 48 0
56 44 0
58 36 0
Net_id 59
pin_num 3
6 12 0
6 22 0
1 13 0
Net_id 60
pin_num 3
59 23 0
27 39 0
27 50 0
Net_id 61
pin_num 3
24 5 0
35 4 0
50 6 0
Net_id 62
pin_num 3
12 32 0
14 39 0
8 50 0
Net_id 63
pin_num 3
38 18 0
52 12 0
43 20 0
Net_id 64
pin_num 3
20 8 0
32 5 0
19 33 0
Net_id 65
pin_num 3
0 2 0
9 2 0
3 24 0
Net_id 66
pin_num 3
3 9 0
13 11 0
8 17 0
Net_id 67
pin_num 3
28 34 0
21 27 0
18 24 0
Net_id 68
pin_num 3
8 21 0
1 23 0
7 45 0
Net_id 69
pin_num 3
33 19 0
21 23 0
47 21 0
Net_id 70
pin_num 3
4 52 0
1 42 0
4 51 0
Net_id 71
pin_num 3
6 11 0
20 23 0
30 34 0
Net_id 72
pin_num 3
34 14 0
8 3 0
9 25 0
Net_id 73
pin_num 3
38 14 0
31 7 0
43 16 0
Net_id 74
pin_num 3
49 7 0
40 3 0
27 23 0
Net_id 75
pin_num 3
57 9 0
59 49 0
48 22 0
Net_id 76
pin_num 3
47 55 0
34 58 0
30 46 0
Net_id 77
pin_num 3
35 34 0
43 19 0
32 23 0
Net_id 78
pin_num 3
2 27 0
28 22 0
33 55 0
Net_id 79
pin_num 3
8 51 0
11 47 0
5 45 0
Net_id 80
pin_num 3
51 21 0
49 21 0
47 6 0
Net_id 81
pin_num 3
33 30 0
51 23 0
51 8 0
Net_id 82
pin_num 3
19 39 0
37 58 0
28 40 0
Net_id 83
pin_num 3
32 39 0
26 34 0
10 58 0
Net_id 84
pin_num 3
53 17 0
58 24 0
44 30 0
Net_id 85
pin_num 2
33 37 0
32 41 0
Net_id 86
pin_num 2
56 10 0
50 10 0
Net_id 87
pin_num 2
10 0 0
16 8 0
Net_id 88
pin_num 2
38 35 0
32 17 0
Net_id 89
pin_num 2
19 57 0
15 53 0
Net_id 90
pin_num 2
37 9 0
45 22 0
Net_id 91
pin_num 2
49 44 0
52 18 0
Net_id 92
pin_num 2
55 51 0
40 43 0
Net_id 93
pin_num 2
24 54 0
11 42 0
Net_id 94
pin_num 2
1 38 0
10 20 0
Net_id 95
pin_num 2
10 31 0
2 39 0
Net_id 96
pin_num 2
42 22 0
20 19 0
Net_id 97
pin_num 2
46 49 0
37 56 0
Net_id 98
pin_num 2
12 26 0
4 0 0
Net_id 99
pin_num 2
20 5 0
38 0 0
Net_id 100
pin_num 2
59 11 0
55 6 0
Net_id 101
pin_num 2
20 1 0
4 23 0
Net_id 102
pin_num 2
48 15 0
51 20 0
Net_id 103
pin_num 2
7 55 0
17 56 0
Net_id 104
pin_num 2
52 59 0
57 47 0
Net_id 105
pin_num 2
6 19 0
1 26 0
Net_id 106
pin_num 2
15 55 0
25 42 0
Net_id 107
pin_num 2
9 32 0
17 44 0
Net_id 108
pin_num 2
8 58 0
7 51 0
Net_id 109
pin_num 2
46 15 0
43 29 0
Net_id 110
pin_num 2
59 15 0
53 3 0
Net_id 111
pin_num 2
18 47 0
12 39 0
Net_id 112
pin_num 2
32 20 0
41 20 0
Net_id 113
pin_num 2
31 15 0
26 7 0
Net_id 114
pin_num 2
26 54 0
56 40 0
Net_id 115
pin_num 2
0 18 0
22 3 0
Net_id 116
pin_num 2
41 47 0
57 45 0
Net_id 117
pin_num 2
32 31 0
47 42 0
Net_id 118
pin_num 2
39 24 0
32 24 0
Net_id 119
pin_num 2
12 4 0
20 7 0
Net_id 120
pin_num 2
9 5 0
15 3 0
Net_id 121
pin_num 2
23 15 0
2 15 0
Net_id 122
pin_num 2
36 11 0
29 1 0
Net_id 123
pin_num 2
43 56 0
38 58 0
Net_id 124
pin_num 2
2 45 0
16 41 0
Net_id 125
pin_num 2
0 7 0
20 33 0
Net_id 126
pin_num 2
5 41 0
6 41 0
Net_id 127
pin_num 2
39 19 0
43 23 0
Net_id 128
pin_num 2
55 29 0
55 23 0
Net_id 129
pin_num 2
40 0 0
58 25 0
Net_id 130
pin_num 2
22 21 0
1 48 0
Net_id 131
pin_num 2
21 26 0
32 42 0
Net_id 132
pin_num 2
51 7 0
39 29 0
Net_id 133
pin_num 2
39 35 0
48 21 0
Net_id 134
pin_num 2
3 55 0
10 54 0
Net_id 135
pin_num 2
34 44 0
47 58 0
Net_id 136
pin_num 2
54 52 0
49 39 0
Net_id 137
pin_num 2
57 3 0
48 20 0
Net_id 138
pin_num 2
27 47 0
34 39 0
Net_id 139
pin_num 2
28 17 0
31 1 0
Net_id 140
pin_num 2
55 53 0
51 59 0
Net_id 141
pin_num 2
25 15 0
32 1 0
Net_id 142
pin_num 2
6 26 0
17 5 0
Net_id 143
pin_num 2
58 39 0
46 35 0
Net_id 144
pin_num 2
13 44 0
18 39 0
Net_id 145
pin_num 2
36 39 0
24 49 0
Net_id 146
pin_num 2
53 49 0
36 51 0
Net_id 147
pin_num 2
47 36 0
37 55 0
Net_id 148
pin_num 2
51 30 0
57 40 0
Net_id 149
pin_num 2
29 16 0
55 42 0
Net_id 150
pin_num 2
53 47 0
36 55 0
Net_id 151
pin_num 2
15 23 0
23 22 0
Net_id 152
pin_num 2
57 27 0
52 3 0
Net_id 153
pin_num 2
46 45 0
48 44 0
Net_id 154
pin_num 2
50 36 0
44 58 0
Net_id 155
pin_num 2
14 51 0
22 49 0
Net_id 156
pin_num 2
5 44 0
7 53 0
Net_id 157
pin_num 2
18 7 0
0 16 0
Net_id 158
pin_num 2
49 25 0
15 52 0
Net_id 159
pin_num 2
0 29 0
8 29 0
Net_id 160
pin_num 2
50 16 0
35 1 0
Net_id 161
pin_num 2
49 58 0
35 37 0
Net_id 162
pin_num 2
8 26 0
8 37 0
Net_id 163
pin_num 2
51 35 0
58 35 0
Net_id 164
pin_num 2
11 52 0
22 51 0
Net_id 165
pin_num 2
28 29 0
53 42 0
Net_id 166
pin_num 2
28 48 0
28 32 0
Net_id 167
pin_num 2
43 54 0
21 24 0
Net_id 168
pin_num 2
20 4 0
9 7 0
Net_id 169
pin_num 2
27 44 0
15 48 0
