Width 60
Height 60
Layer 6
Total_WL 6733
Obstacle_num 144
5 16 0 15 17 0
10 4 0 17 5 0
13 49 0 18 50 0
13 52 0 17 53 0
2 56 0 6 57 0
23 20 0 29 21 0
4 12 0 7 13 0
3 27 0 8 28 0
28 10 0 36 11 0
46 55 0 51 56 0
38 5 0 41 6 0
20 55 0 30 56 0
18 27 0 26 28 0
55 12 0 58 13 0
39 54 0 44 55 0
35 7 0 41 8 0
10 34 0 18 35 0
48 11 0 53 12 0
45 44 0 54 45 0
6 42 0 14 43 0
9 36 0 13 37 0
47 50 0 54 51 0
6 55 0 11 56 0
54 25 0 57 26 0
4 47 1 5 54 1
34 6 1 35 9 1
37 2 1 38 12 1
30 10 1 31 18 1
38 23 1 39 27 1
30 56 1 31 59 1
41 45 1 42 53 1
56 51 1 57 59 1
1 44 1 2 50 1
48 16 1 49 25 1
20 1 1 21 5 1
40 20 1 41 26 1
24 26 1 25 29 1
53 30 1 54 35 1
10 6 1 11 12 1
0 49 1 1 54 1
2 19 1 3 23 1
36 13 1 37 23 1
16 52 1 17 56 1
52 14 1 53 23 1
3 20 1 4 25 1
37 16 1 38 22 1
37 32 1 38 38 1
43 31 1 44 36 1
19 8 2 23 9 2
21 33 2 28 34 2
30 11 2 33 12 2
51 45 2 55 46 2
16 52 2 23 53 2
10 51 2 18 52 2
44 12 2 51 13 2
17 27 2 20 28 2
33 13 2 37 14 2
29 8 2 36 9 2
30 30 2 39 31 2
10 28 2 14 29 2
51 39 2 59 40 2
47 37 2 53 38 2
17 1 2 22 2 2
18 24 2 22 25 2
8 14 2 15 15 2
37 23 2 43 24 2
50 5 2 55 6 2
15 12 2 19 13 2
34 52 2 42 53 2
13 44 2 20 45 2
52 31 2 55 32 2
41 41 2 47 42 2
39 3 3 40 11 3
48 22 3 49 26 3
18 2 3 19 9 3
10 32 3 11 38 3
31 51 3 32 58 3
36 50 3 37 56 3
57 0 3 58 8 3
48 33 3 49 43 3
31 38 3 32 41 3
46 34 3 47 42 3
45 40 3 46 48 3
21 36 3 22 43 3
2 30 3 3 34 3
26 8 3 27 13 3
21 22 3 22 25 3
57 41 3 58 47 3
34 11 3 35 14 3
40 3 3 41 9 3
57 34 3 58 39 3
29 18 3 30 23 3
4 15 3 5 22 3
47 34 3 48 43 3
47 24 3 48 29 3
56 6 3 57 11 3
11 36 4 14 37 4
42 31 4 51 32 4
6 4 4 10 5 4
34 9 4 40 10 4
19 53 4 28 54 4
3 39 4 12 40 4
3 42 4 8 43 4
40 11 4 49 12 4
1 31 4 11 32 4
6 48 4 13 49 4
12 2 4 19 3 4
14 9 4 24 10 4
49 21 4 58 22 4
47 45 4 56 46 4
26 30 4 31 31 4
36 56 4 42 57 4
41 15 4 51 16 4
45 48 4 52 49 4
50 2 4 54 3 4
1 20 4 5 21 4
36 51 4 41 52 4
43 56 4 47 57 4
30 38 4 37 39 4
34 40 4 40 41 4
50 6 5 51 10 5
4 55 5 5 59 5
43 32 5 44 35 5
56 5 5 57 10 5
20 32 5 21 36 5
35 13 5 36 19 5
9 52 5 10 55 5
18 26 5 19 31 5
20 45 5 21 49 5
2 14 5 3 19 5
6 51 5 7 57 5
37 16 5 38 20 5
20 49 5 21 56 5
53 45 5 54 55 5
8 11 5 9 16 5
24 47 5 25 51 5
8 2 5 9 5 5
5 36 5 6 45 5
30 11 5 31 19 5
35 8 5 36 13 5
55 34 5 56 38 5
12 15 5 13 22 5
58 32 5 59 40 5
8 19 5 9 25 5
Net_num 158
Net_id 0
pin_num 5
48 2 0
50 4 0
49 15 0
43 14 0
34 4 0
Net_id 1
pin_num 5
57 27 0
46 28 0
56 31 0
47 37 0
55 49 0
Net_id 2
pin_num 5
54 17 0
46 17 0
58 0 0
59 16 0
55 13 0
Net_id 3
pin_num 5
28 41 0
8 41 0
22 56 0
8 59 0
20 57 0
Net_id 4
pin_num 5
51 24 0
35 24 0
41 42 0
54 29 0
43 23 0
Net_id 5
pin_num 5
25 13 0
33 13 0
21 13 0
25 28 0
16 0 0
Net_id 6
pin_num 5
43 51 0
49 41 0
32 42 0
29 41 0
45 19 0
Net_id 7
pin_num 5
32 33 0
24 25 0
24 34 0
35 26 0
30 9 0
Net_id 8
pin_num 5
14 53 0
9 53 0
0 58 0
2 59 0
10 57 0
Net_id 9
pin_num 5
32 47 0
35 43 0
38 59 0
50 42 0
26 59 0
Net_id 10
pin_num 5
8 31 0
7 48 0
15 40 0
0 24 0
0 41 0
Net_id 11
pin_num 5
49 43 0
57 42 0
51 48 0
51 39 0
52 37 0
Net_id 12
pin_num 5
30 1 0
27 1 0
8 0 0
14 23 0
8 9 0
Net_id 13
pin_num 5
51 31 0
45 36 0
45 28 0
25 32 0
46 46 0
Net_id 14
pin_num 5
40 35 0
33 30 0
26 33 0
34 46 0
46 33 0
Net_id 15
pin_num 5
9 56 0
4 58 0
24 58 0
22 58 0
34 58 0
Net_id 16
pin_num 5
47 3 0
28 0 0
34 0 0
10 3 0
26 6 0
Net_id 17
pin_num 5
27 4 0
32 11 0
46 2 0
31 7 0
37 22 0
Net_id 18
pin_num 5
43 8 0
57 8 0
35 15 0
47 12 0
52 4 0
Net_id 19
pin_num 5
15 8 0
12 2 0
18 19 0
15 2 0
14 11 0
Net_id 20
pin_num 4
30 40 0
18 40 0
19 33 0
26 49 0
Net_id 21
pin_num 4
26 16 0
27 24 0
27 48 0
10 46 0
Net_id 22
pin_num 4
18 35 0
26 30 0
33 43 0
38 39 0
Net_id 23
pin_num 4
15 23 0
24 18 0
17 16 0
36 12 0
Net_id 24
pin_num 4
8 26 0
2 24 0
23 26 0
15 9 0
Net_id 25
pin_num 4
20 59 0
14 48 0
30 55 0
30 31 0
Net_id 26
pin_num 4
37 1 0
57 0 0
59 11 0
59 3 0
Net_id 27
pin_num 4
0 55 0
11 55 0
17 59 0
15 48 0
Net_id 28
pin_num 4
13 6 0
6 6 0
13 21 0
13 43 0
Net_id 29
pin_num 4
41 43 0
48 41 0
39 36 0
36 41 0
Net_id 30
pin_num 4
50 13 0
54 12 0
54 22 0
54 41 0
Net_id 31
pin_num 4
11 0 0
1 5 0
7 3 0
5 20 0
Net_id 32
pin_num 4
38 47 0
43 57 0
28 54 0
31 45 0
Net_id 33
pin_num 4
20 18 0
25 29 0
21 38 0
52 24 0
Net_id 34
pin_num 4
9 18 0
20 10 0
10 5 0
16 26 0
Net_id 35
pin_num 4
9 28 0
16 30 0
26 31 0
7 29 0
Net_id 36
pin_num 4
33 48 0
37 51 0
37 31 0
34 57 0
Net_id 37
pin_num 4
44 52 0
49 52 0
42 42 0
47 59 0
Net_id 38
pin_num 4
35 27 0
39 27 0
28 27 0
32 23 0
Net_id 39
pin_num 4
56 54 0
53 55 0
48 54 0
56 43 0
Net_id 40
pin_num 3
44 47 0
40 45 0
59 35 0
Net_id 41
pin_num 3
39 11 0
42 15 0
42 6 0
Net_id 42
pin_num 3
25 16 0
2 11 0
1 23 0
Net_id 43
pin_num 3
9 5 0
1 14 0
7 11 0
Net_id 44
pin_num 3
28 49 0
49 40 0
45 48 0
Net_id 45
pin_num 3
22 49 0
12 35 0
29 44 0
Net_id 46
pin_num 3
15 37 0
4 35 0
3 57 0
Net_id 47
pin_num 3
40 0 0
36 5 0
27 5 0
Net_id 48
pin_num 3
2 12 0
5 2 0
7 7 0
Net_id 49
pin_num 3
52 57 0
51 54 0
58 56 0
Net_id 50
pin_num 3
34 44 0
44 39 0
39 32 0
Net_id 51
pin_num 3
46 34 0
40 36 0
57 26 0
Net_id 52
pin_num 3
21 6 0
17 9 0
9 19 0
Net_id 53
pin_num 3
23 38 0
48 33 0
7 59 0
Net_id 54
pin_num 3
26 17 0
37 28 0
24 23 0
Net_id 55
pin_num 3
39 18 0
44 12 0
48 6 0
Net_id 56
pin_num 3
8 51 0
4 57 0
27 51 0
Net_id 57
pin_num 3
27 43 0
37 25 0
49 26 0
Net_id 58
pin_num 3
47 15 0
45 25 0
38 22 0
Net_id 59
pin_num 3
46 56 0
36 42 0
33 50 0
Net_id 60
pin_num 3
10 12 0
1 9 0
13 45 0
Net_id 61
pin_num 3
42 30 0
56 39 0
40 37 0
Net_id 62
pin_num 3
47 14 0
58 8 0
42 0 0
Net_id 63
pin_num 3
14 30 0
5 43 0
23 39 0
Net_id 64
pin_num 3
8 27 0
14 27 0
14 42 0
Net_id 65
pin_num 3
33 52 0
54 44 0
41 59 0
Net_id 66
pin_num 3
13 5 0
23 8 0
6 2 0
Net_id 67
pin_num 3
1 54 0
13 47 0
7 57 0
Net_id 68
pin_num 3
26 4 0
11 2 0
11 19 0
Net_id 69
pin_num 3
49 9 0
46 14 0
58 9 0
Net_id 70
pin_num 3
44 45 0
38 37 0
59 26 0
Net_id 71
pin_num 3
2 41 0
14 57 0
23 52 0
Net_id 72
pin_num 3
30 50 0
39 59 0
38 40 0
Net_id 73
pin_num 3
20 15 0
21 2 0
9 14 0
Net_id 74
pin_num 3
17 29 0
3 38 0
12 57 0
Net_id 75
pin_num 3
27 28 0
17 10 0
10 17 0
Net_id 76
pin_num 3
50 12 0
57 10 0
25 10 0
Net_id 77
pin_num 3
0 29 0
11 45 0
1 24 0
Net_id 78
pin_num 2
42 36 0
47 38 0
Net_id 79
pin_num 2
57 2 0
52 6 0
Net_id 80
pin_num 2
37 42 0
45 27 0
Net_id 81
pin_num 2
58 35 0
43 35 0
Net_id 82
pin_num 2
22 26 0
8 28 0
Net_id 83
pin_num 2
26 25 0
36 46 0
Net_id 84
pin_num 2
35 48 0
48 53 0
Net_id 85
pin_num 2
59 28 0
45 37 0
Net_id 86
pin_num 2
50 15 0
58 12 0
Net_id 87
pin_num 2
39 22 0
46 27 0
Net_id 88
pin_num 2
57 56 0
42 35 0
Net_id 89
pin_num 2
39 38 0
34 21 0
Net_id 90
pin_num 2
40 39 0
58 33 0
Net_id 91
pin_num 2
9 49 0
21 57 0
Net_id 92
pin_num 2
35 11 0
44 9 0
Net_id 93
pin_num 2
35 19 0
36 1 0
Net_id 94
pin_num 2
25 34 0
28 39 0
Net_id 95
pin_num 2
22 50 0
12 56 0
Net_id 96
pin_num 2
51 27 0
40 38 0
Net_id 97
pin_num 2
51 10 0
39 10 0
Net_id 98
pin_num 2
59 48 0
58 51 0
Net_id 99
pin_num 2
18 8 0
42 17 0
Net_id 100
pin_num 2
24 24 0
22 21 0
Net_id 101
pin_num 2
46 11 0
33 6 0
Net_id 102
pin_num 2
25 5 0
21 17 0
Net_id 103
pin_num 2
15 53 0
22 53 0
Net_id 104
pin_num 2
48 7 0
31 1 0
Net_id 105
pin_num 2
15 39 0
1 41 0
Net_id 106
pin_num 2
26 37 0
7 24 0
Net_id 107
pin_num 2
41 28 0
53 18 0
Net_id 108
pin_num 2
58 55 0
54 58 0
Net_id 109
pin_num 2
57 58 0
44 44 0
Net_id 110
pin_num 2
23 11 0
1 2 0
Net_id 111
pin_num 2
17 12 0
13 10 0
Net_id 112
pin_num 2
32 45 0
42 46 0
Net_id 113
pin_num 2
36 22 0
24 42 0
Net_id 114
pin_num 2
28 28 0
44 21 0
Net_id 115
pin_num 2
5 7 0
14 19 0
Net_id 116
pin_num 2
40 53 0
26 50 0
Net_id 117
pin_num 2
32 58 0
25 51 0
Net_id 118
pin_num 2
57 6 0
51 16 0
Net_id 119
pin_num 2
51 18 0
26 27 0
Net_id 120
pin_num 2
4 22 0
23 12 0
Net_id 121
pin_num 2
4 14 0
1 11 0
Net_id 122
pin_num 2
53 19 0
40 18 0
Net_id 123
pin_num 2
32 31 0
32 40 0
Net_id 124
pin_num 2
38 30 0
40 28 0
Net_id 125
pin_num 2
37 56 0
14 47 0
Net_id 126
pin_num 2
18 37 0
15 26 0
Net_id 127
pin_num 2
25 42 0
21 48 0
Net_id 128
pin_num 2
32 41 0
11 50 0
Net_id 129
pin_num 2
48 31 0
31 33 0
Net_id 130
pin_num 2
31 51 0
12 55 0
Net_id 131
pin_num 2
58 41 0
58 39 0
Net_id 132
pin_num 2
10 24 0
23 14 0
Net_id 133
pin_num 2
55 45 0
32 38 0
Net_id 134
pin_num 2
55 38 0
50 41 0
Net_id 135
pin_num 2
3 7 0
1 3 0
Net_id 136
pin_num 2
59 53 0
39 44 0
Net_id 137
pin_num 2
7 10 0
27 2 0
Net_id 138
pin_num 2
54 27 0
27 0 0
Net_id 139
pin_num 2
22 7 0
6 10 0
Net_id 140
pin_num 2
56 18 0
51 32 0
Net_id 141
pin_num 2
55 29 0
46 16 0
Net_id 142
pin_num 2
14 40 0
16 27 0
Net_id 143
pin_num 2
41 27 0
38 11 0
Net_id 144
pin_num 2
15 0 0
10 1 0
Net_id 145
pin_num 2
24 36 0
17 47 0
Net_id 146
pin_num 2
46 39 0
52 58 0
Net_id 147
pin_num 2
32 15 0
28 15 0
Net_id 148
pin_num 2
22 59 0
25 53 0
Net_id 149
pin_num 2
14 15 0
8 19 0
Net_id 150
pin_num 2
10 7 0
26 2 0
Net_id 151
pin_num 2
22 48 0
28 45 0
Net_id 152
pin_num 2
17 32 0
22 6 0
Net_id 153
pin_num 2
16 24 0
3 16 0
Net_id 154
pin_num 2
27 52 0
29 54 0
Net_id 155
pin_num 2
21 12 0
26 0 0
Net_id 156
pin_num 2
45 32 0
41 53 0
Net_id 157
pin_num 2
3 44 0
11 52 0
