Width 60
Height 60
Layer 6
Total_WL 7005
Obstacle_num 144
41 1 0 51 2 0
25 22 0 35 23 0
33 28 0 42 29 0
12 45 0 16 46 0
17 15 0 27 16 0
20 53 0 28 54 0
23 18 0 26 19 0
49 17 0 58 18 0
44 19 0 53 20 0
29 52 0 39 53 0
47 21 0 53 22 0
48 8 0 52 9 0
53 14 0 58 15 0
1 16 0 7 17 0
13 5 0 18 6 0
5 35 0 8 36 0
18 9 0 21 10 0
33 19 0 39 20 0
37 10 0 40 11 0
21 33 0 31 34 0
28 36 0 35 37 0
10 53 0 17 54 0
0 0 0 4 1 0
30 24 0 33 25 0
31 42 1 32 48 1
32 13 1 33 21 1
19 31 1 20 35 1
4 50 1 5 53 1
3 34 1 4 39 1
47 23 1 48 26 1
58 18 1 59 22 1
27 50 1 28 54 1
14 23 1 15 33 1
49 16 1 50 19 1
25 42 1 26 51 1
41 47 1 42 53 1
11 51 1 12 59 1
54 10 1 55 17 1
42 44 1 43 48 1
12 42 1 13 46 1
28 15 1 29 24 1
45 42 1 46 50 1
49 45 1 50 48 1
48 46 1 49 56 1
45 3 1 46 8 1
51 7 1 52 12 1
57 11 1 58 21 1
17 15 1 18 21 1
16 41 2 22 42 2
17 35 2 24 36 2
21 11 2 31 12 2
51 21 2 55 22 2
46 44 2 56 45 2
14 43 2 19 44 2
36 11 2 43 12 2
28 22 2 31 23 2
38 14 2 47 15 2
7 36 2 10 37 2
29 19 2 32 20 2
41 15 2 49 16 2
21 36 2 24 37 2
51 13 2 56 14 2
39 5 2 46 6 2
3 32 2 6 33 2
3 42 2 7 43 2
7 7 2 15 8 2
27 21 2 35 22 2
2 0 2 11 1 2
33 8 2 43 9 2
8 24 2 13 25 2
6 56 2 12 57 2
37 30 2 45 31 2
6 22 3 7 30 3
55 41 3 56 48 3
52 4 3 53 12 3
38 10 3 39 19 3
31 30 3 32 38 3
41 10 3 42 18 3
27 37 3 28 41 3
7 29 3 8 34 3
32 27 3 33 37 3
45 10 3 46 17 3
9 9 3 10 18 3
36 0 3 37 6 3
58 49 3 59 54 3
27 8 3 28 11 3
21 21 3 22 26 3
58 5 3 59 12 3
41 18 3 42 21 3
44 43 3 45 46 3
52 0 3 53 3 3
3 22 3 4 26 3
42 54 3 43 58 3
33 24 3 34 32 3
35 2 3 36 6 3
3 48 3 4 54 3
36 30 4 41 31 4
9 13 4 16 14 4
40 57 4 48 58 4
14 21 4 20 22 4
38 17 4 46 18 4
39 15 4 42 16 4
49 51 4 53 52 4
44 53 4 52 54 4
36 39 4 45 40 4
34 5 4 44 6 4
51 33 4 59 34 4
49 29 4 53 30 4
54 49 4 58 50 4
27 5 4 31 6 4
40 25 4 46 26 4
20 41 4 29 42 4
18 7 4 27 8 4
39 41 4 45 42 4
30 18 4 37 19 4
37 52 4 45 53 4
11 51 4 18 52 4
37 13 4 47 14 4
0 8 4 9 9 4
49 54 4 59 55 4
3 41 5 4 45 5
7 40 5 8 49 5
30 1 5 31 10 5
37 28 5 38 38 5
11 27 5 12 34 5
17 55 5 18 59 5
39 2 5 40 10 5
28 25 5 29 31 5
57 12 5 58 22 5
46 0 5 47 5 5
38 47 5 39 54 5
15 39 5 16 48 5
10 13 5 11 20 5
6 50 5 7 57 5
56 0 5 57 8 5
54 40 5 55 47 5
19 43 5 20 49 5
48 42 5 49 50 5
55 12 5 56 21 5
35 10 5 36 16 5
39 26 5 40 34 5
26 21 5 27 31 5
5 29 5 6 32 5
16 7 5 17 13 5
Net_num 162
Net_id 0
pin_num 5
19 2 0
20 11 0
33 2 0
43 2 0
41 21 0
Net_id 1
pin_num 5
59 2 0
52 14 0
57 22 0
43 4 0
56 0 0
Net_id 2
pin_num 5
42 47 0
52 49 0
52 24 0
36 47 0
58 59 0
Net_id 3
pin_num 5
15 34 0
5 25 0
7 23 0
5 30 0
0 35 0
Net_id 4
pin_num 5
45 36 0
43 22 0
55 24 0
35 42 0
53 8 0
Net_id 5
pin_num 5
20 31 0
13 23 0
29 29 0
20 50 0
33 49 0
Net_id 6
pin_num 5
35 44 0
32 37 0
11 44 0
18 59 0
24 24 0
Net_id 7
pin_num 5
20 43 0
28 38 0
23 50 0
15 38 0
6 38 0
Net_id 8
pin_num 5
15 1 0
3 1 0
1 2 0
19 1 0
29 1 0
Net_id 9
pin_num 5
26 36 0
27 30 0
27 17 0
33 23 0
35 23 0
Net_id 10
pin_num 5
43 13 0
55 11 0
53 0 0
31 3 0
37 0 0
Net_id 11
pin_num 5
7 13 0
1 22 0
19 14 0
16 14 0
6 22 0
Net_id 12
pin_num 5
18 22 0
5 28 0
5 33 0
7 0 0
14 7 0
Net_id 13
pin_num 5
15 15 0
18 20 0
26 18 0
21 0 0
17 0 0
Net_id 14
pin_num 5
26 58 0
22 58 0
24 50 0
10 59 0
16 56 0
Net_id 15
pin_num 5
38 46 0
27 43 0
11 45 0
29 54 0
37 41 0
Net_id 16
pin_num 5
47 17 0
37 20 0
52 5 0
52 2 0
55 0 0
Net_id 17
pin_num 5
37 57 0
52 57 0
27 57 0
35 45 0
34 26 0
Net_id 18
pin_num 5
22 18 0
12 18 0
27 15 0
17 38 0
38 34 0
Net_id 19
pin_num 5
5 36 0
0 36 0
1 52 0
10 43 0
5 59 0
Net_id 20
pin_num 5
44 48 0
45 58 0
59 51 0
59 50 0
31 58 0
Net_id 21
pin_num 5
28 7 0
34 7 0
33 4 0
29 12 0
10 4 0
Net_id 22
pin_num 4
19 34 0
16 24 0
28 34 0
38 27 0
Net_id 23
pin_num 4
31 11 0
34 12 0
33 0 0
35 6 0
Net_id 24
pin_num 4
8 24 0
22 21 0
13 47 0
18 13 0
Net_id 25
pin_num 4
54 42 0
54 57 0
53 42 0
59 33 0
Net_id 26
pin_num 4
35 24 0
23 26 0
51 25 0
44 37 0
Net_id 27
pin_num 4
50 11 0
49 6 0
55 3 0
40 1 0
Net_id 28
pin_num 4
51 2 0
53 6 0
36 0 0
42 20 0
Net_id 29
pin_num 4
55 26 0
43 25 0
36 17 0
45 39 0
Net_id 30
pin_num 4
58 27 0
47 33 0
53 40 0
49 25 0
Net_id 31
pin_num 4
6 57 0
14 59 0
4 56 0
17 58 0
Net_id 32
pin_num 4
14 40 0
5 45 0
10 50 0
15 47 0
Net_id 33
pin_num 4
0 49 0
9 39 0
9 54 0
25 59 0
Net_id 34
pin_num 4
35 59 0
43 46 0
57 53 0
54 58 0
Net_id 35
pin_num 4
1 50 0
2 53 0
0 44 0
15 46 0
Net_id 36
pin_num 4
46 20 0
56 26 0
47 4 0
54 7 0
Net_id 37
pin_num 4
0 47 0
8 51 0
0 42 0
14 52 0
Net_id 38
pin_num 4
14 35 0
9 35 0
12 50 0
17 42 0
Net_id 39
pin_num 4
25 32 0
43 32 0
30 16 0
41 45 0
Net_id 40
pin_num 4
0 54 0
11 47 0
3 58 0
19 58 0
Net_id 41
pin_num 4
4 59 0
1 56 0
12 52 0
12 54 0
Net_id 42
pin_num 3
19 46 0
13 56 0
0 41 0
Net_id 43
pin_num 3
33 10 0
19 6 0
55 7 0
Net_id 44
pin_num 3
31 8 0
44 6 0
23 0 0
Net_id 45
pin_num 3
57 12 0
40 21 0
55 10 0
Net_id 46
pin_num 3
56 36 0
43 34 0
56 57 0
Net_id 47
pin_num 3
33 17 0
35 26 0
25 9 0
Net_id 48
pin_num 3
8 26 0
12 31 0
12 55 0
Net_id 49
pin_num 3
32 12 0
28 24 0
38 20 0
Net_id 50
pin_num 3
23 45 0
19 43 0
20 57 0
Net_id 51
pin_num 3
11 17 0
18 33 0
46 33 0
Net_id 52
pin_num 3
7 59 0
5 55 0
20 48 0
Net_id 53
pin_num 3
44 59 0
34 47 0
46 51 0
Net_id 54
pin_num 3
11 6 0
8 8 0
11 0 0
Net_id 55
pin_num 3
48 6 0
39 18 0
39 21 0
Net_id 56
pin_num 3
44 12 0
51 1 0
59 3 0
Net_id 57
pin_num 3
15 40 0
36 44 0
32 59 0
Net_id 58
pin_num 3
56 5 0
55 1 0
56 18 0
Net_id 59
pin_num 3
10 14 0
1 28 0
12 26 0
Net_id 60
pin_num 3
38 56 0
47 51 0
50 50 0
Net_id 61
pin_num 3
28 53 0
33 47 0
23 48 0
Net_id 62
pin_num 3
12 2 0
40 22 0
33 35 0
Net_id 63
pin_num 3
10 10 0
2 10 0
37 4 0
Net_id 64
pin_num 3
32 44 0
43 54 0
17 44 0
Net_id 65
pin_num 3
56 15 0
55 9 0
37 1 0
Net_id 66
pin_num 3
25 55 0
39 46 0
42 37 0
Net_id 67
pin_num 3
31 47 0
22 45 0
26 46 0
Net_id 68
pin_num 3
49 38 0
54 41 0
50 30 0
Net_id 69
pin_num 3
36 50 0
22 56 0
36 51 0
Net_id 70
pin_num 3
28 51 0
39 54 0
21 39 0
Net_id 71
pin_num 3
59 34 0
47 39 0
58 26 0
Net_id 72
pin_num 3
26 3 0
11 15 0
31 15 0
Net_id 73
pin_num 3
39 27 0
42 29 0
59 12 0
Net_id 74
pin_num 3
21 20 0
6 15 0
0 11 0
Net_id 75
pin_num 3
49 49 0
55 41 0
50 59 0
Net_id 76
pin_num 3
47 27 0
36 20 0
51 45 0
Net_id 77
pin_num 3
8 9 0
24 5 0
0 37 0
Net_id 78
pin_num 3
33 53 0
46 59 0
45 9 0
Net_id 79
pin_num 3
29 19 0
20 23 0
8 13 0
Net_id 80
pin_num 3
42 16 0
46 18 0
11 2 0
Net_id 81
pin_num 2
40 51 0
32 29 0
Net_id 82
pin_num 2
38 23 0
55 37 0
Net_id 83
pin_num 2
37 9 0
29 18 0
Net_id 84
pin_num 2
29 4 0
22 0 0
Net_id 85
pin_num 2
43 21 0
53 29 0
Net_id 86
pin_num 2
44 58 0
25 39 0
Net_id 87
pin_num 2
10 16 0
11 23 0
Net_id 88
pin_num 2
43 44 0
40 35 0
Net_id 89
pin_num 2
5 3 0
8 2 0
Net_id 90
pin_num 2
54 8 0
45 11 0
Net_id 91
pin_num 2
23 57 0
29 39 0
Net_id 92
pin_num 2
6 28 0
31 19 0
Net_id 93
pin_num 2
11 42 0
6 36 0
Net_id 94
pin_num 2
7 34 0
10 36 0
Net_id 95
pin_num 2
54 3 0
39 13 0
Net_id 96
pin_num 2
54 29 0
56 58 0
Net_id 97
pin_num 2
10 15 0
1 32 0
Net_id 98
pin_num 2
13 35 0
6 18 0
Net_id 99
pin_num 2
15 16 0
12 3 0
Net_id 100
pin_num 2
12 42 0
26 24 0
Net_id 101
pin_num 2
8 5 0
14 6 0
Net_id 102
pin_num 2
43 52 0
29 42 0
Net_id 103
pin_num 2
56 46 0
42 55 0
Net_id 104
pin_num 2
25 23 0
10 26 0
Net_id 105
pin_num 2
22 59 0
26 54 0
Net_id 106
pin_num 2
55 56 0
43 49 0
Net_id 107
pin_num 2
0 8 0
9 13 0
Net_id 108
pin_num 2
41 39 0
34 40 0
Net_id 109
pin_num 2
38 4 0
52 23 0
Net_id 110
pin_num 2
27 14 0
19 5 0
Net_id 111
pin_num 2
9 50 0
3 48 0
Net_id 112
pin_num 2
56 29 0
52 12 0
Net_id 113
pin_num 2
29 56 0
21 58 0
Net_id 114
pin_num 2
8 31 0
6 19 0
Net_id 115
pin_num 2
48 18 0
59 14 0
Net_id 116
pin_num 2
17 36 0
27 37 0
Net_id 117
pin_num 2
14 21 0
31 13 0
Net_id 118
pin_num 2
1 43 0
3 43 0
Net_id 119
pin_num 2
57 37 0
34 49 0
Net_id 120
pin_num 2
59 30 0
38 6 0
Net_id 121
pin_num 2
17 56 0
21 56 0
Net_id 122
pin_num 2
0 29 0
9 29 0
Net_id 123
pin_num 2
14 51 0
7 41 0
Net_id 124
pin_num 2
44 32 0
58 40 0
Net_id 125
pin_num 2
22 19 0
5 21 0
Net_id 126
pin_num 2
46 36 0
54 28 0
Net_id 127
pin_num 2
52 42 0
42 42 0
Net_id 128
pin_num 2
30 27 0
51 12 0
Net_id 129
pin_num 2
14 9 0
6 2 0
Net_id 130
pin_num 2
19 55 0
11 43 0
Net_id 131
pin_num 2
23 17 0
28 10 0
Net_id 132
pin_num 2
15 44 0
35 29 0
Net_id 133
pin_num 2
6 7 0
19 3 0
Net_id 134
pin_num 2
26 23 0
24 14 0
Net_id 135
pin_num 2
40 42 0
22 52 0
Net_id 136
pin_num 2
28 41 0
36 24 0
Net_id 137
pin_num 2
48 32 0
56 30 0
Net_id 138
pin_num 2
1 51 0
6 43 0
Net_id 139
pin_num 2
54 48 0
55 54 0
Net_id 140
pin_num 2
35 43 0
31 46 0
Net_id 141
pin_num 2
16 47 0
15 43 0
Net_id 142
pin_num 2
21 50 0
22 39 0
Net_id 143
pin_num 2
9 4 0
15 7 0
Net_id 144
pin_num 2
59 39 0
53 39 0
Net_id 145
pin_num 2
50 34 0
39 48 0
Net_id 146
pin_num 2
7 55 0
14 54 0
Net_id 147
pin_num 2
53 36 0
44 11 0
Net_id 148
pin_num 2
59 22 0
56 25 0
Net_id 149
pin_num 2
26 37 0
19 30 0
Net_id 150
pin_num 2
42 49 0
33 54 0
Net_id 151
pin_num 2
2 41 0
18 30 0
Net_id 152
pin_num 2
0 3 0
9 2 0
Net_id 153
pin_num 2
18 50 0
16 46 0
Net_id 154
pin_num 2
13 0 0
6 0 0
Net_id 155
pin_num 2
0 25 0
6 37 0
Net_id 156
pin_num 2
50 15 0
35 15 0
Net_id 157
pin_num 2
53 47 0
59 48 0
Net_id 158
pin_num 2
27 46 0
30 42 0
Net_id 159
pin_num 2
49 59 0
58 43 0
Net_id 160
pin_num 2
45 4 0
27 4 0
Net_id 161
pin_num 2
31 54 0
24 22 0
