Width 60
Height 60
Layer 6
Total_WL 6476
Obstacle_num 144
37 27 0 45 28 0
40 47 0 43 48 0
8 47 0 11 48 0
31 43 0 37 44 0
5 31 0 12 32 0
27 27 0 35 28 0
8 9 0 13 10 0
28 39 0 33 40 0
2 53 0 12 54 0
18 33 0 21 34 0
32 6 0 39 7 0
5 40 0 8 41 0
45 1 0 51 2 0
41 31 0 48 32 0
18 50 0 24 51 0
48 52 0 58 53 0
50 40 0 58 41 0
10 29 0 15 30 0
10 55 0 19 56 0
43 56 0 53 57 0
36 35 0 45 36 0
39 39 0 43 40 0
37 53 0 44 54 0
26 31 0 32 32 0
6 35 1 7 40 1
41 52 1 42 59 1
21 4 1 22 7 1
42 30 1 43 40 1
53 25 1 54 28 1
22 49 1 23 59 1
33 31 1 34 40 1
29 7 1 30 13 1
34 43 1 35 48 1
6 53 1 7 58 1
7 7 1 8 13 1
51 49 1 52 59 1
21 50 1 22 55 1
10 35 1 11 43 1
34 32 1 35 35 1
31 41 1 32 51 1
57 15 1 58 23 1
40 8 1 41 11 1
51 7 1 52 14 1
56 21 1 57 28 1
37 43 1 38 48 1
8 34 1 9 42 1
55 37 1 56 43 1
14 49 1 15 58 1
0 48 2 8 49 2
11 50 2 15 51 2
14 23 2 22 24 2
3 50 2 9 51 2
3 18 2 12 19 2
30 54 2 38 55 2
16 27 2 24 28 2
46 29 2 55 30 2
45 54 2 48 55 2
23 0 2 32 1 2
38 26 2 48 27 2
43 36 2 50 37 2
16 37 2 24 38 2
10 6 2 19 7 2
14 19 2 20 20 2
49 10 2 54 11 2
34 17 2 37 18 2
40 32 2 47 33 2
42 37 2 47 38 2
3 55 2 12 56 2
49 37 2 58 38 2
35 12 2 44 13 2
47 56 2 54 57 2
37 50 2 47 51 2
7 40 3 8 48 3
0 15 3 1 20 3
50 43 3 51 46 3
32 52 3 33 57 3
31 23 3 32 33 3
10 34 3 11 37 3
42 28 3 43 34 3
39 36 3 40 46 3
19 48 3 20 58 3
53 47 3 54 57 3
54 27 3 55 31 3
21 17 3 22 27 3
58 14 3 59 17 3
40 6 3 41 16 3
19 10 3 20 20 3
29 21 3 30 28 3
27 18 3 28 27 3
28 41 3 29 50 3
57 10 3 58 15 3
30 43 3 31 47 3
45 24 3 46 28 3
16 38 3 17 47 3
47 14 3 48 23 3
49 39 3 50 43 3
27 28 4 37 29 4
7 17 4 13 18 4
4 33 4 7 34 4
17 48 4 24 49 4
27 25 4 34 26 4
54 18 4 59 19 4
26 20 4 29 21 4
30 10 4 36 11 4
9 39 4 17 40 4
21 49 4 26 50 4
7 44 4 17 45 4
18 8 4 23 9 4
13 51 4 19 52 4
38 9 4 41 10 4
42 58 4 46 59 4
17 26 4 27 27 4
48 40 4 57 41 4
8 48 4 14 49 4
47 49 4 54 50 4
7 7 4 13 8 4
35 30 4 42 31 4
34 22 4 42 23 4
2 40 4 9 41 4
11 9 4 17 10 4
22 45 5 23 50 5
9 6 5 10 10 5
19 26 5 20 29 5
33 32 5 34 38 5
37 12 5 38 21 5
2 26 5 3 33 5
56 43 5 57 49 5
34 25 5 35 34 5
13 2 5 14 5 5
26 48 5 27 57 5
46 2 5 47 6 5
36 17 5 37 25 5
17 17 5 18 23 5
11 27 5 12 35 5
19 42 5 20 46 5
32 20 5 33 26 5
3 17 5 4 20 5
2 10 5 3 13 5
34 44 5 35 47 5
50 22 5 51 26 5
49 13 5 50 21 5
25 21 5 26 28 5
52 46 5 53 52 5
43 26 5 44 33 5
Net_num 154
Net_id 0
pin_num 5
29 6 0
17 1 0
36 0 0
36 24 0
27 5 0
Net_id 1
pin_num 5
45 3 0
39 3 0
50 0 0
25 1 0
45 8 0
Net_id 2
pin_num 5
29 3 0
20 13 0
6 10 0
11 0 0
16 34 0
Net_id 3
pin_num 5
52 11 0
57 23 0
50 20 0
59 25 0
33 16 0
Net_id 4
pin_num 5
25 28 0
14 37 0
22 34 0
23 36 0
18 10 0
Net_id 5
pin_num 5
57 1 0
58 12 0
59 13 0
54 0 0
59 10 0
Net_id 6
pin_num 5
23 1 0
14 11 0
15 30 0
7 11 0
16 17 0
Net_id 7
pin_num 5
54 37 0
52 38 0
32 38 0
59 43 0
51 39 0
Net_id 8
pin_num 5
51 54 0
56 54 0
46 59 0
54 50 0
53 50 0
Net_id 9
pin_num 5
39 14 0
54 10 0
41 32 0
24 24 0
42 6 0
Net_id 10
pin_num 5
40 31 0
36 31 0
39 42 0
39 8 0
24 13 0
Net_id 11
pin_num 5
46 25 0
45 44 0
45 26 0
45 12 0
49 26 0
Net_id 12
pin_num 5
54 13 0
40 19 0
53 18 0
42 18 0
51 24 0
Net_id 13
pin_num 5
45 42 0
59 37 0
31 38 0
44 59 0
27 41 0
Net_id 14
pin_num 5
9 17 0
1 24 0
9 35 0
0 25 0
0 19 0
Net_id 15
pin_num 5
3 34 0
3 17 0
11 32 0
19 32 0
3 0 0
Net_id 16
pin_num 5
29 25 0
25 29 0
26 48 0
32 28 0
17 31 0
Net_id 17
pin_num 5
6 52 0
20 59 0
7 36 0
38 57 0
6 59 0
Net_id 18
pin_num 5
22 11 0
15 16 0
5 16 0
8 10 0
5 13 0
Net_id 19
pin_num 4
22 3 0
10 2 0
12 18 0
20 14 0
Net_id 20
pin_num 4
9 34 0
23 32 0
17 38 0
37 36 0
Net_id 21
pin_num 4
9 58 0
11 51 0
0 53 0
8 50 0
Net_id 22
pin_num 4
57 58 0
48 53 0
48 28 0
46 58 0
Net_id 23
pin_num 4
45 23 0
41 13 0
59 14 0
56 13 0
Net_id 24
pin_num 4
46 45 0
54 43 0
43 48 0
38 47 0
Net_id 25
pin_num 4
1 3 0
9 3 0
0 20 0
9 0 0
Net_id 26
pin_num 4
30 6 0
32 2 0
32 13 0
46 2 0
Net_id 27
pin_num 4
47 15 0
58 13 0
57 4 0
55 1 0
Net_id 28
pin_num 4
48 54 0
50 48 0
58 48 0
34 54 0
Net_id 29
pin_num 4
29 51 0
33 58 0
33 51 0
23 55 0
Net_id 30
pin_num 4
6 7 0
0 0 0
5 10 0
9 4 0
Net_id 31
pin_num 4
55 19 0
58 23 0
51 21 0
53 14 0
Net_id 32
pin_num 4
1 37 0
4 35 0
2 31 0
2 47 0
Net_id 33
pin_num 4
34 31 0
23 38 0
29 46 0
41 40 0
Net_id 34
pin_num 4
2 45 0
0 33 0
2 30 0
25 33 0
Net_id 35
pin_num 4
6 12 0
13 17 0
1 16 0
8 28 0
Net_id 36
pin_num 4
17 16 0
24 16 0
20 7 0
21 38 0
Net_id 37
pin_num 4
57 57 0
49 57 0
59 36 0
53 0 0
Net_id 38
pin_num 3
42 37 0
49 29 0
59 34 0
Net_id 39
pin_num 3
9 6 0
10 1 0
20 15 0
Net_id 40
pin_num 3
24 19 0
28 18 0
27 7 0
Net_id 41
pin_num 3
22 20 0
29 41 0
24 2 0
Net_id 42
pin_num 3
44 2 0
49 9 0
15 9 0
Net_id 43
pin_num 3
14 24 0
20 24 0
30 32 0
Net_id 44
pin_num 3
20 41 0
32 46 0
57 42 0
Net_id 45
pin_num 3
17 45 0
16 50 0
18 39 0
Net_id 46
pin_num 3
59 41 0
46 46 0
29 59 0
Net_id 47
pin_num 3
38 49 0
42 46 0
23 48 0
Net_id 48
pin_num 3
20 49 0
33 49 0
23 56 0
Net_id 49
pin_num 3
7 57 0
2 59 0
3 49 0
Net_id 50
pin_num 3
27 4 0
33 15 0
19 0 0
Net_id 51
pin_num 3
17 37 0
19 27 0
5 20 0
Net_id 52
pin_num 3
46 44 0
57 47 0
59 45 0
Net_id 53
pin_num 3
11 46 0
1 33 0
25 42 0
Net_id 54
pin_num 3
35 47 0
18 46 0
28 24 0
Net_id 55
pin_num 3
25 15 0
17 20 0
19 47 0
Net_id 56
pin_num 3
45 29 0
34 29 0
36 39 0
Net_id 57
pin_num 3
50 12 0
41 7 0
44 43 0
Net_id 58
pin_num 3
35 2 0
24 17 0
18 29 0
Net_id 59
pin_num 3
24 22 0
31 12 0
38 30 0
Net_id 60
pin_num 3
31 23 0
20 22 0
0 26 0
Net_id 61
pin_num 3
8 1 0
7 2 0
1 2 0
Net_id 62
pin_num 3
42 12 0
44 24 0
50 39 0
Net_id 63
pin_num 3
20 43 0
14 38 0
22 26 0
Net_id 64
pin_num 3
51 55 0
58 47 0
58 46 0
Net_id 65
pin_num 3
40 48 0
27 40 0
37 56 0
Net_id 66
pin_num 3
15 15 0
24 6 0
10 8 0
Net_id 67
pin_num 3
12 27 0
24 14 0
36 14 0
Net_id 68
pin_num 3
43 32 0
51 46 0
58 24 0
Net_id 69
pin_num 3
15 7 0
6 20 0
1 22 0
Net_id 70
pin_num 3
29 30 0
16 26 0
1 38 0
Net_id 71
pin_num 3
41 52 0
38 34 0
15 41 0
Net_id 72
pin_num 3
41 5 0
55 9 0
34 15 0
Net_id 73
pin_num 3
46 43 0
54 19 0
50 46 0
Net_id 74
pin_num 3
8 4 0
1 17 0
20 25 0
Net_id 75
pin_num 3
39 26 0
46 39 0
28 45 0
Net_id 76
pin_num 2
19 31 0
20 29 0
Net_id 77
pin_num 2
36 8 0
41 8 0
Net_id 78
pin_num 2
20 27 0
30 25 0
Net_id 79
pin_num 2
22 54 0
40 59 0
Net_id 80
pin_num 2
58 44 0
47 33 0
Net_id 81
pin_num 2
7 44 0
15 56 0
Net_id 82
pin_num 2
6 46 0
1 56 0
Net_id 83
pin_num 2
13 33 0
3 35 0
Net_id 84
pin_num 2
20 58 0
35 53 0
Net_id 85
pin_num 2
24 7 0
43 1 0
Net_id 86
pin_num 2
31 2 0
53 5 0
Net_id 87
pin_num 2
14 22 0
2 25 0
Net_id 88
pin_num 2
51 47 0
35 35 0
Net_id 89
pin_num 2
4 42 0
12 57 0
Net_id 90
pin_num 2
35 46 0
43 51 0
Net_id 91
pin_num 2
56 16 0
42 19 0
Net_id 92
pin_num 2
41 20 0
24 11 0
Net_id 93
pin_num 2
31 3 0
49 25 0
Net_id 94
pin_num 2
59 7 0
37 20 0
Net_id 95
pin_num 2
35 30 0
47 46 0
Net_id 96
pin_num 2
56 21 0
47 30 0
Net_id 97
pin_num 2
33 46 0
26 56 0
Net_id 98
pin_num 2
54 59 0
46 41 0
Net_id 99
pin_num 2
50 7 0
39 0 0
Net_id 100
pin_num 2
24 38 0
40 55 0
Net_id 101
pin_num 2
58 33 0
44 45 0
Net_id 102
pin_num 2
53 46 0
51 37 0
Net_id 103
pin_num 2
46 14 0
43 10 0
Net_id 104
pin_num 2
7 23 0
22 39 0
Net_id 105
pin_num 2
29 26 0
31 30 0
Net_id 106
pin_num 2
41 15 0
44 10 0
Net_id 107
pin_num 2
34 16 0
38 12 0
Net_id 108
pin_num 2
35 5 0
41 0 0
Net_id 109
pin_num 2
46 29 0
56 1 0
Net_id 110
pin_num 2
48 4 0
41 6 0
Net_id 111
pin_num 2
15 12 0
35 31 0
Net_id 112
pin_num 2
22 43 0
13 43 0
Net_id 113
pin_num 2
42 25 0
37 25 0
Net_id 114
pin_num 2
53 4 0
50 3 0
Net_id 115
pin_num 2
6 43 0
1 51 0
Net_id 116
pin_num 2
31 24 0
23 3 0
Net_id 117
pin_num 2
8 17 0
1 34 0
Net_id 118
pin_num 2
28 22 0
11 5 0
Net_id 119
pin_num 2
27 2 0
21 2 0
Net_id 120
pin_num 2
45 50 0
48 51 0
Net_id 121
pin_num 2
42 55 0
49 28 0
Net_id 122
pin_num 2
50 45 0
58 56 0
Net_id 123
pin_num 2
23 7 0
37 11 0
Net_id 124
pin_num 2
33 48 0
27 48 0
Net_id 125
pin_num 2
33 26 0
39 7 0
Net_id 126
pin_num 2
18 58 0
38 44 0
Net_id 127
pin_num 2
42 59 0
58 54 0
Net_id 128
pin_num 2
38 39 0
58 32 0
Net_id 129
pin_num 2
4 14 0
4 38 0
Net_id 130
pin_num 2
32 20 0
17 11 0
Net_id 131
pin_num 2
22 8 0
23 18 0
Net_id 132
pin_num 2
43 0 0
54 26 0
Net_id 133
pin_num 2
4 44 0
16 18 0
Net_id 134
pin_num 2
40 44 0
54 49 0
Net_id 135
pin_num 2
56 31 0
42 20 0
Net_id 136
pin_num 2
13 46 0
22 35 0
Net_id 137
pin_num 2
25 4 0
14 7 0
Net_id 138
pin_num 2
31 40 0
36 49 0
Net_id 139
pin_num 2
2 40 0
4 56 0
Net_id 140
pin_num 2
32 30 0
35 23 0
Net_id 141
pin_num 2
52 8 0
56 4 0
Net_id 142
pin_num 2
18 13 0
13 25 0
Net_id 143
pin_num 2
53 56 0
58 50 0
Net_id 144
pin_num 2
49 10 0
50 8 0
Net_id 145
pin_num 2
53 24 0
58 45 0
Net_id 146
pin_num 2
18 21 0
30 33 0
Net_id 147
pin_num 2
29 33 0
31 22 0
Net_id 148
pin_num 2
33 5 0
24 10 0
Net_id 149
pin_num 2
25 6 0
37 3 0
Net_id 150
pin_num 2
19 44 0
7 5 0
Net_id 151
pin_num 2
37 13 0
30 3 0
Net_id 152
pin_num 2
53 23 0
35 44 0
Net_id 153
pin_num 2
24 18 0
20 4 0
