Width 60
Height 60
Layer 6
Total_WL 6976
Obstacle_num 144
37 23 0 43 24 0
48 15 0 51 16 0
45 6 0 52 7 0
10 13 0 16 14 0
11 37 0 15 38 0
45 33 0 51 34 0
17 9 0 21 10 0
19 16 0 22 17 0
26 29 0 33 30 0
43 32 0 51 33 0
44 13 0 49 14 0
40 46 0 46 47 0
23 15 0 29 16 0
41 1 0 46 2 0
34 32 0 42 33 0
33 22 0 41 23 0
26 48 0 30 49 0
51 42 0 54 43 0
39 30 0 46 31 0
14 15 0 18 16 0
50 11 0 57 12 0
46 51 0 50 52 0
45 12 0 55 13 0
7 21 0 10 22 0
22 24 1 23 29 1
47 30 1 48 33 1
21 32 1 22 37 1
33 38 1 34 46 1
29 47 1 30 51 1
58 3 1 59 11 1
39 33 1 40 39 1
56 18 1 57 28 1
15 10 1 16 15 1
32 6 1 33 9 1
5 10 1 6 20 1
0 30 1 1 35 1
34 23 1 35 28 1
52 31 1 53 38 1
16 1 1 17 8 1
41 20 1 42 26 1
20 47 1 21 54 1
24 23 1 25 31 1
14 51 1 15 54 1
54 36 1 55 45 1
40 11 1 41 17 1
39 46 1 40 55 1
11 0 1 12 9 1
30 35 1 31 39 1
16 47 2 25 48 2
48 12 2 52 13 2
15 41 2 22 42 2
44 46 2 54 47 2
18 12 2 23 13 2
12 14 2 16 15 2
46 54 2 49 55 2
52 33 2 59 34 2
28 18 2 31 19 2
19 28 2 29 29 2
54 37 2 59 38 2
8 42 2 16 43 2
51 42 2 55 43 2
45 15 2 52 16 2
37 18 2 46 19 2
42 35 2 48 36 2
51 45 2 54 46 2
28 0 2 32 1 2
10 54 2 13 55 2
23 42 2 28 43 2
41 36 2 50 37 2
41 4 2 45 5 2
31 29 2 40 30 2
10 24 2 18 25 2
1 44 3 2 48 3
25 4 3 26 7 3
16 47 3 17 53 3
12 32 3 13 39 3
36 1 3 37 9 3
22 40 3 23 45 3
37 33 3 38 37 3
25 11 3 26 21 3
40 20 3 41 28 3
28 24 3 29 30 3
47 40 3 48 45 3
43 34 3 44 37 3
46 29 3 47 38 3
49 39 3 50 47 3
25 43 3 26 51 3
24 32 3 25 41 3
33 8 3 34 16 3
55 23 3 56 28 3
37 48 3 38 55 3
7 46 3 8 51 3
12 1 3 13 4 3
32 41 3 33 44 3
18 37 3 19 41 3
22 15 3 23 18 3
48 43 4 56 44 4
22 43 4 30 44 4
3 44 4 12 45 4
13 1 4 23 2 4
24 25 4 33 26 4
18 24 4 21 25 4
47 6 4 53 7 4
44 2 4 50 3 4
36 29 4 41 30 4
1 50 4 9 51 4
15 31 4 19 32 4
3 21 4 8 22 4
48 23 4 55 24 4
27 46 4 33 47 4
52 53 4 59 54 4
6 4 4 16 5 4
35 18 4 45 19 4
37 51 4 40 52 4
5 16 4 11 17 4
5 29 4 12 30 4
15 19 4 19 20 4
25 49 4 35 50 4
14 16 4 18 17 4
26 2 4 35 3 4
11 42 5 12 51 5
41 19 5 42 24 5
26 47 5 27 51 5
3 50 5 4 54 5
27 33 5 28 40 5
5 5 5 6 12 5
17 31 5 18 41 5
17 27 5 18 30 5
50 44 5 51 47 5
5 38 5 6 44 5
1 3 5 2 6 5
54 17 5 55 27 5
6 36 5 7 41 5
26 30 5 27 33 5
13 28 5 14 36 5
43 28 5 44 38 5
30 4 5 31 13 5
47 9 5 48 16 5
38 10 5 39 20 5
41 9 5 42 15 5
38 22 5 39 29 5
33 22 5 34 29 5
7 46 5 8 50 5
36 35 5 37 39 5
Net_num 164
Net_id 0
pin_num 5
5 17 0
1 13 0
0 28 0
0 13 0
9 1 0
Net_id 1
pin_num 5
31 24 0
48 26 0
46 27 0
25 17 0
35 18 0
Net_id 2
pin_num 5
58 47 0
52 54 0
52 44 0
59 41 0
52 59 0
Net_id 3
pin_num 5
50 44 0
45 25 0
51 17 0
30 43 0
31 42 0
Net_id 4
pin_num 5
37 44 0
32 43 0
20 44 0
22 47 0
14 44 0
Net_id 5
pin_num 5
48 3 0
55 1 0
46 1 0
33 0 0
46 9 0
Net_id 6
pin_num 5
59 29 0
41 31 0
45 38 0
57 17 0
53 33 0
Net_id 7
pin_num 5
1 10 0
15 10 0
36 10 0
22 0 0
27 28 0
Net_id 8
pin_num 5
10 53 0
4 59 0
8 36 0
22 42 0
21 59 0
Net_id 9
pin_num 5
45 36 0
34 35 0
26 36 0
36 15 0
34 40 0
Net_id 10
pin_num 5
30 18 0
28 32 0
30 9 0
36 14 0
31 22 0
Net_id 11
pin_num 5
18 35 0
9 26 0
11 47 0
25 26 0
0 35 0
Net_id 12
pin_num 5
36 46 0
47 42 0
50 59 0
24 58 0
40 55 0
Net_id 13
pin_num 5
10 23 0
8 9 0
0 10 0
22 13 0
13 0 0
Net_id 14
pin_num 5
39 51 0
25 51 0
11 51 0
0 41 0
3 53 0
Net_id 15
pin_num 5
47 43 0
42 41 0
52 43 0
46 59 0
55 37 0
Net_id 16
pin_num 5
40 47 0
28 49 0
31 34 0
38 39 0
35 59 0
Net_id 17
pin_num 5
42 29 0
43 25 0
36 29 0
43 13 0
42 19 0
Net_id 18
pin_num 5
3 25 0
2 14 0
6 16 0
16 14 0
14 23 0
Net_id 19
pin_num 5
50 5 0
59 2 0
53 28 0
59 13 0
33 21 0
Net_id 20
pin_num 5
36 52 0
41 53 0
28 52 0
29 46 0
30 50 0
Net_id 21
pin_num 5
16 58 0
24 54 0
21 40 0
12 57 0
14 48 0
Net_id 22
pin_num 4
47 39 0
56 40 0
48 55 0
39 43 0
Net_id 23
pin_num 4
26 57 0
24 59 0
32 59 0
0 40 0
Net_id 24
pin_num 4
15 40 0
12 31 0
5 33 0
25 31 0
Net_id 25
pin_num 4
48 46 0
37 59 0
20 58 0
16 59 0
Net_id 26
pin_num 4
8 5 0
24 11 0
33 8 0
25 12 0
Net_id 27
pin_num 4
23 52 0
28 46 0
0 52 0
33 59 0
Net_id 28
pin_num 4
38 57 0
31 48 0
37 37 0
44 40 0
Net_id 29
pin_num 4
24 43 0
36 45 0
26 52 0
25 57 0
Net_id 30
pin_num 4
17 24 0
23 19 0
8 24 0
7 15 0
Net_id 31
pin_num 4
7 39 0
12 43 0
12 34 0
18 41 0
Net_id 32
pin_num 4
57 36 0
51 20 0
35 23 0
59 37 0
Net_id 33
pin_num 4
2 11 0
6 25 0
5 9 0
11 23 0
Net_id 34
pin_num 4
33 18 0
30 17 0
31 7 0
44 22 0
Net_id 35
pin_num 4
14 53 0
22 55 0
4 58 0
7 50 0
Net_id 36
pin_num 4
10 0 0
12 4 0
10 19 0
6 0 0
Net_id 37
pin_num 4
36 40 0
30 30 0
36 43 0
41 35 0
Net_id 38
pin_num 4
28 21 0
32 38 0
9 38 0
32 53 0
Net_id 39
pin_num 4
45 41 0
45 49 0
38 49 0
44 31 0
Net_id 40
pin_num 4
10 50 0
6 54 0
9 49 0
28 50 0
Net_id 41
pin_num 4
15 45 0
1 45 0
10 40 0
13 59 0
Net_id 42
pin_num 4
17 17 0
23 25 0
13 31 0
28 24 0
Net_id 43
pin_num 3
7 32 0
1 36 0
3 58 0
Net_id 44
pin_num 3
30 28 0
48 17 0
52 23 0
Net_id 45
pin_num 3
17 6 0
2 15 0
5 1 0
Net_id 46
pin_num 3
52 40 0
58 48 0
57 51 0
Net_id 47
pin_num 3
17 29 0
28 25 0
40 33 0
Net_id 48
pin_num 3
48 47 0
56 41 0
54 57 0
Net_id 49
pin_num 3
20 20 0
13 20 0
18 33 0
Net_id 50
pin_num 3
33 33 0
22 36 0
26 54 0
Net_id 51
pin_num 3
26 26 0
44 26 0
39 15 0
Net_id 52
pin_num 3
41 11 0
38 6 0
37 1 0
Net_id 53
pin_num 3
56 16 0
51 15 0
58 1 0
Net_id 54
pin_num 3
40 59 0
49 49 0
46 22 0
Net_id 55
pin_num 3
52 53 0
30 56 0
10 56 0
Net_id 56
pin_num 3
9 25 0
7 31 0
22 5 0
Net_id 57
pin_num 3
16 39 0
25 34 0
54 21 0
Net_id 58
pin_num 3
22 57 0
5 53 0
7 36 0
Net_id 59
pin_num 3
30 53 0
23 57 0
45 59 0
Net_id 60
pin_num 3
5 11 0
19 11 0
8 0 0
Net_id 61
pin_num 3
22 11 0
18 1 0
1 9 0
Net_id 62
pin_num 3
23 5 0
39 6 0
38 25 0
Net_id 63
pin_num 3
6 4 0
11 9 0
4 11 0
Net_id 64
pin_num 3
27 33 0
34 20 0
50 36 0
Net_id 65
pin_num 3
47 41 0
53 36 0
30 42 0
Net_id 66
pin_num 3
4 44 0
18 54 0
3 36 0
Net_id 67
pin_num 3
41 43 0
35 25 0
57 40 0
Net_id 68
pin_num 3
34 27 0
57 41 0
58 41 0
Net_id 69
pin_num 3
23 13 0
32 13 0
52 6 0
Net_id 70
pin_num 3
16 34 0
23 35 0
10 55 0
Net_id 71
pin_num 3
9 8 0
22 8 0
18 14 0
Net_id 72
pin_num 3
34 46 0
29 43 0
17 57 0
Net_id 73
pin_num 3
1 48 0
13 46 0
6 56 0
Net_id 74
pin_num 3
15 23 0
28 34 0
27 37 0
Net_id 75
pin_num 3
4 0 0
6 9 0
25 2 0
Net_id 76
pin_num 3
59 28 0
54 24 0
59 25 0
Net_id 77
pin_num 3
7 28 0
20 36 0
14 59 0
Net_id 78
pin_num 3
53 22 0
33 27 0
58 14 0
Net_id 79
pin_num 3
7 38 0
12 55 0
22 39 0
Net_id 80
pin_num 3
2 33 0
2 16 0
2 19 0
Net_id 81
pin_num 3
28 13 0
17 3 0
0 6 0
Net_id 82
pin_num 3
49 42 0
24 17 0
52 17 0
Net_id 83
pin_num 2
0 49 0
10 49 0
Net_id 84
pin_num 2
21 38 0
40 50 0
Net_id 85
pin_num 2
25 45 0
30 34 0
Net_id 86
pin_num 2
31 6 0
27 0 0
Net_id 87
pin_num 2
40 20 0
38 14 0
Net_id 88
pin_num 2
48 16 0
54 8 0
Net_id 89
pin_num 2
18 30 0
26 27 0
Net_id 90
pin_num 2
1 53 0
7 37 0
Net_id 91
pin_num 2
0 3 0
4 2 0
Net_id 92
pin_num 2
17 18 0
11 20 0
Net_id 93
pin_num 2
8 7 0
12 6 0
Net_id 94
pin_num 2
53 14 0
57 11 0
Net_id 95
pin_num 2
25 1 0
28 12 0
Net_id 96
pin_num 2
10 14 0
14 14 0
Net_id 97
pin_num 2
45 16 0
26 22 0
Net_id 98
pin_num 2
18 22 0
9 0 0
Net_id 99
pin_num 2
45 48 0
58 43 0
Net_id 100
pin_num 2
43 12 0
40 3 0
Net_id 101
pin_num 2
37 8 0
42 2 0
Net_id 102
pin_num 2
3 46 0
11 25 0
Net_id 103
pin_num 2
43 54 0
53 38 0
Net_id 104
pin_num 2
15 43 0
0 54 0
Net_id 105
pin_num 2
2 55 0
0 59 0
Net_id 106
pin_num 2
16 3 0
8 3 0
Net_id 107
pin_num 2
55 6 0
45 26 0
Net_id 108
pin_num 2
3 18 0
17 7 0
Net_id 109
pin_num 2
46 19 0
50 20 0
Net_id 110
pin_num 2
5 12 0
10 12 0
Net_id 111
pin_num 2
21 49 0
10 37 0
Net_id 112
pin_num 2
57 14 0
58 21 0
Net_id 113
pin_num 2
54 55 0
50 55 0
Net_id 114
pin_num 2
19 0 0
5 6 0
Net_id 115
pin_num 2
19 26 0
13 32 0
Net_id 116
pin_num 2
14 0 0
21 2 0
Net_id 117
pin_num 2
44 34 0
32 40 0
Net_id 118
pin_num 2
56 6 0
50 16 0
Net_id 119
pin_num 2
44 35 0
33 54 0
Net_id 120
pin_num 2
17 19 0
26 23 0
Net_id 121
pin_num 2
55 4 0
45 14 0
Net_id 122
pin_num 2
21 3 0
27 4 0
Net_id 123
pin_num 2
19 28 0
38 41 0
Net_id 124
pin_num 2
55 51 0
50 52 0
Net_id 125
pin_num 2
20 33 0
27 31 0
Net_id 126
pin_num 2
30 41 0
44 25 0
Net_id 127
pin_num 2
24 4 0
13 17 0
Net_id 128
pin_num 2
49 56 0
36 56 0
Net_id 129
pin_num 2
29 2 0
41 3 0
Net_id 130
pin_num 2
44 45 0
20 35 0
Net_id 131
pin_num 2
46 3 0
28 9 0
Net_id 132
pin_num 2
29 23 0
24 9 0
Net_id 133
pin_num 2
25 46 0
15 46 0
Net_id 134
pin_num 2
18 32 0
12 12 0
Net_id 135
pin_num 2
18 57 0
25 41 0
Net_id 136
pin_num 2
7 54 0
20 43 0
Net_id 137
pin_num 2
2 37 0
7 34 0
Net_id 138
pin_num 2
43 38 0
55 55 0
Net_id 139
pin_num 2
55 19 0
48 0 0
Net_id 140
pin_num 2
54 9 0
33 19 0
Net_id 141
pin_num 2
12 18 0
23 53 0
Net_id 142
pin_num 2
50 18 0
40 4 0
Net_id 143
pin_num 2
38 44 0
42 34 0
Net_id 144
pin_num 2
31 3 0
4 12 0
Net_id 145
pin_num 2
37 34 0
52 19 0
Net_id 146
pin_num 2
54 30 0
47 30 0
Net_id 147
pin_num 2
36 59 0
51 38 0
Net_id 148
pin_num 2
22 2 0
20 14 0
Net_id 149
pin_num 2
6 20 0
3 34 0
Net_id 150
pin_num 2
5 50 0
2 29 0
Net_id 151
pin_num 2
43 2 0
58 2 0
Net_id 152
pin_num 2
37 15 0
49 24 0
Net_id 153
pin_num 2
54 50 0
56 43 0
Net_id 154
pin_num 2
18 59 0
15 55 0
Net_id 155
pin_num 2
23 50 0
29 41 0
Net_id 156
pin_num 2
14 2 0
1 26 0
Net_id 157
pin_num 2
44 48 0
34 53 0
Net_id 158
pin_num 2
13 9 0
20 7 0
Net_id 159
pin_num 2
39 5 0
45 4 0
Net_id 160
pin_num 2
33 17 0
47 3 0
Net_id 161
pin_num 2
32 54 0
24 45 0
Net_id 162
pin_num 2
51 35 0
21 17 0
Net_id 163
pin_num 2
57 26 0
35 41 0
