Width 60
Height 60
Layer 6
Total_WL 6910
Obstacle_num 144
5 56 0 15 57 0
30 27 0 38 28 0
30 44 0 37 45 0
23 6 0 30 7 0
37 56 0 46 57 0
18 27 0 24 28 0
13 45 0 20 46 0
55 38 0 58 39 0
46 40 0 55 41 0
11 22 0 17 23 0
0 50 0 9 51 0
12 40 0 15 41 0
46 18 0 49 19 0
39 9 0 49 10 0
49 34 0 53 35 0
38 38 0 44 39 0
45 51 0 49 52 0
6 16 0 12 17 0
17 20 0 20 21 0
29 42 0 35 43 0
38 18 0 42 19 0
30 46 0 39 47 0
14 0 0 18 1 0
12 8 0 20 9 0
33 47 1 34 50 1
52 35 1 53 44 1
44 39 1 45 42 1
17 42 1 18 50 1
20 45 1 21 52 1
56 27 1 57 37 1
58 47 1 59 57 1
55 19 1 56 27 1
27 17 1 28 27 1
20 52 1 21 56 1
34 33 1 35 42 1
30 3 1 31 11 1
35 13 1 36 20 1
54 33 1 55 36 1
23 5 1 24 11 1
43 47 1 44 50 1
38 18 1 39 28 1
29 19 1 30 26 1
43 14 1 44 18 1
3 36 1 4 39 1
36 43 1 37 46 1
50 16 1 51 24 1
17 4 1 18 7 1
19 41 1 20 48 1
32 44 2 37 45 2
30 55 2 36 56 2
48 40 2 52 41 2
6 10 2 14 11 2
40 26 2 46 27 2
43 19 2 47 20 2
45 28 2 48 29 2
13 57 2 23 58 2
4 53 2 8 54 2
9 54 2 18 55 2
52 38 2 58 39 2
35 19 2 38 20 2
4 15 2 11 16 2
19 25 2 25 26 2
54 26 2 57 27 2
47 17 2 50 18 2
21 14 2 30 15 2
12 50 2 18 51 2
29 29 2 39 30 2
18 40 2 27 41 2
19 27 2 27 28 2
8 55 2 14 56 2
45 9 2 55 10 2
22 37 2 31 38 2
44 28 3 45 31 3
9 8 3 10 15 3
40 2 3 41 8 3
51 11 3 52 20 3
51 44 3 52 54 3
26 53 3 27 56 3
22 18 3 23 27 3
38 23 3 39 29 3
7 44 3 8 49 3
24 44 3 25 54 3
50 49 3 51 59 3
46 15 3 47 25 3
32 32 3 33 37 3
22 29 3 23 38 3
51 26 3 52 32 3
30 38 3 31 46 3
10 43 3 11 50 3
19 9 3 20 15 3
41 0 3 42 8 3
44 38 3 45 43 3
1 20 3 2 25 3
13 11 3 14 21 3
5 18 3 6 27 3
47 35 3 48 45 3
15 20 4 24 21 4
21 57 4 27 58 4
13 0 4 17 1 4
4 24 4 14 25 4
0 16 4 8 17 4
12 13 4 19 14 4
44 16 4 54 17 4
35 50 4 43 51 4
11 9 4 14 10 4
45 2 4 52 3 4
12 47 4 21 48 4
53 54 4 56 55 4
10 40 4 18 41 4
48 27 4 57 28 4
33 46 4 41 47 4
30 35 4 39 36 4
9 56 4 15 57 4
8 51 4 14 52 4
1 57 4 6 58 4
45 47 4 51 48 4
24 32 4 34 33 4
9 53 4 18 54 4
32 31 4 42 32 4
40 45 4 44 46 4
57 28 5 58 32 5
39 41 5 40 50 5
34 17 5 35 22 5
23 24 5 24 31 5
19 47 5 20 52 5
36 45 5 37 54 5
32 19 5 33 27 5
48 44 5 49 53 5
14 42 5 15 46 5
28 46 5 29 50 5
53 53 5 54 56 5
35 5 5 36 10 5
30 38 5 31 42 5
48 5 5 49 11 5
48 20 5 49 30 5
53 39 5 54 44 5
24 25 5 25 32 5
21 5 5 22 10 5
9 9 5 10 12 5
21 14 5 22 19 5
7 51 5 8 57 5
2 45 5 3 50 5
37 16 5 38 21 5
45 36 5 46 45 5
Net_num 157
Net_id 0
pin_num 5
55 17 0
58 22 0
59 0 0
57 23 0
48 1 0
Net_id 1
pin_num 5
11 54 0
0 55 0
7 55 0
1 43 0
6 32 0
Net_id 2
pin_num 5
9 44 0
3 39 0
3 56 0
3 35 0
23 44 0
Net_id 3
pin_num 5
49 38 0
31 36 0
31 25 0
26 25 0
24 26 0
Net_id 4
pin_num 5
6 29 0
12 36 0
4 24 0
11 10 0
21 33 0
Net_id 5
pin_num 5
48 27 0
43 27 0
47 39 0
36 36 0
28 33 0
Net_id 6
pin_num 5
46 2 0
45 23 0
39 10 0
48 22 0
58 11 0
Net_id 7
pin_num 5
10 42 0
0 36 0
2 25 0
20 38 0
7 19 0
Net_id 8
pin_num 5
0 39 0
4 37 0
21 38 0
7 18 0
16 36 0
Net_id 9
pin_num 5
7 12 0
28 12 0
15 6 0
13 30 0
0 11 0
Net_id 10
pin_num 5
0 10 0
7 0 0
1 16 0
6 17 0
1 12 0
Net_id 11
pin_num 5
27 46 0
16 49 0
0 46 0
31 47 0
2 40 0
Net_id 12
pin_num 5
48 53 0
43 59 0
59 52 0
24 56 0
52 56 0
Net_id 13
pin_num 5
33 3 0
42 0 0
50 3 0
25 0 0
27 3 0
Net_id 14
pin_num 5
41 41 0
51 39 0
48 48 0
45 32 0
48 59 0
Net_id 15
pin_num 5
57 28 0
44 23 0
49 42 0
51 32 0
59 28 0
Net_id 16
pin_num 5
13 55 0
9 55 0
8 43 0
30 53 0
15 59 0
Net_id 17
pin_num 5
40 48 0
39 52 0
25 59 0
34 58 0
26 59 0
Net_id 18
pin_num 5
14 57 0
23 51 0
19 54 0
13 59 0
1 59 0
Net_id 19
pin_num 5
17 6 0
20 25 0
0 18 0
14 15 0
2 0 0
Net_id 20
pin_num 4
25 16 0
33 25 0
29 8 0
37 22 0
Net_id 21
pin_num 4
15 19 0
16 15 0
7 13 0
0 4 0
Net_id 22
pin_num 4
25 37 0
36 32 0
30 35 0
28 22 0
Net_id 23
pin_num 4
2 47 0
10 40 0
16 41 0
15 40 0
Net_id 24
pin_num 4
57 54 0
47 52 0
40 59 0
17 58 0
Net_id 25
pin_num 4
3 4 0
4 4 0
2 22 0
3 14 0
Net_id 26
pin_num 4
31 58 0
20 58 0
26 40 0
18 52 0
Net_id 27
pin_num 4
15 11 0
18 7 0
18 35 0
23 37 0
Net_id 28
pin_num 4
35 36 0
32 16 0
32 50 0
41 30 0
Net_id 29
pin_num 4
11 3 0
24 2 0
22 3 0
23 23 0
Net_id 30
pin_num 4
34 54 0
51 57 0
35 50 0
56 58 0
Net_id 31
pin_num 4
32 0 0
26 7 0
31 10 0
34 7 0
Net_id 32
pin_num 4
9 37 0
10 21 0
1 33 0
3 34 0
Net_id 33
pin_num 4
9 2 0
12 4 0
11 8 0
9 26 0
Net_id 34
pin_num 4
37 50 0
47 59 0
8 57 0
40 51 0
Net_id 35
pin_num 4
23 56 0
21 39 0
19 39 0
5 44 0
Net_id 36
pin_num 4
11 45 0
22 43 0
8 31 0
18 39 0
Net_id 37
pin_num 4
12 24 0
5 28 0
4 18 0
18 25 0
Net_id 38
pin_num 4
43 49 0
57 49 0
53 59 0
49 43 0
Net_id 39
pin_num 4
54 56 0
49 52 0
58 46 0
40 55 0
Net_id 40
pin_num 3
54 19 0
57 36 0
44 35 0
Net_id 41
pin_num 3
31 19 0
40 21 0
59 23 0
Net_id 42
pin_num 3
42 4 0
44 5 0
53 19 0
Net_id 43
pin_num 3
4 56 0
7 39 0
4 58 0
Net_id 44
pin_num 3
52 16 0
37 16 0
40 4 0
Net_id 45
pin_num 3
52 59 0
42 53 0
50 55 0
Net_id 46
pin_num 3
6 43 0
1 25 0
18 36 0
Net_id 47
pin_num 3
59 33 0
46 32 0
34 52 0
Net_id 48
pin_num 3
7 27 0
17 41 0
40 42 0
Net_id 49
pin_num 3
22 9 0
14 6 0
1 1 0
Net_id 50
pin_num 3
46 55 0
59 43 0
34 47 0
Net_id 51
pin_num 3
2 27 0
21 22 0
30 15 0
Net_id 52
pin_num 3
4 59 0
16 52 0
2 44 0
Net_id 53
pin_num 3
22 20 0
15 5 0
0 6 0
Net_id 54
pin_num 3
19 48 0
25 52 0
59 49 0
Net_id 55
pin_num 3
54 10 0
53 3 0
54 0 0
Net_id 56
pin_num 3
30 22 0
50 13 0
17 1 0
Net_id 57
pin_num 3
25 9 0
42 13 0
58 0 0
Net_id 58
pin_num 3
13 19 0
6 13 0
0 20 0
Net_id 59
pin_num 3
16 10 0
2 3 0
1 2 0
Net_id 60
pin_num 3
13 33 0
0 22 0
7 41 0
Net_id 61
pin_num 3
50 27 0
55 18 0
56 45 0
Net_id 62
pin_num 3
24 30 0
43 24 0
43 1 0
Net_id 63
pin_num 3
33 50 0
36 38 0
46 57 0
Net_id 64
pin_num 3
58 3 0
46 5 0
26 3 0
Net_id 65
pin_num 3
49 22 0
54 24 0
53 48 0
Net_id 66
pin_num 3
22 10 0
17 19 0
15 13 0
Net_id 67
pin_num 3
14 47 0
15 50 0
0 31 0
Net_id 68
pin_num 3
6 34 0
4 36 0
11 43 0
Net_id 69
pin_num 3
44 34 0
39 39 0
58 6 0
Net_id 70
pin_num 3
15 56 0
24 47 0
16 59 0
Net_id 71
pin_num 3
17 30 0
44 25 0
39 8 0
Net_id 72
pin_num 3
52 43 0
31 52 0
45 29 0
Net_id 73
pin_num 3
58 57 0
46 44 0
59 35 0
Net_id 74
pin_num 3
14 37 0
7 57 0
16 58 0
Net_id 75
pin_num 3
59 41 0
59 44 0
46 43 0
Net_id 76
pin_num 3
55 50 0
34 57 0
55 51 0
Net_id 77
pin_num 3
11 11 0
6 28 0
27 13 0
Net_id 78
pin_num 2
24 33 0
28 28 0
Net_id 79
pin_num 2
34 23 0
25 31 0
Net_id 80
pin_num 2
29 28 0
39 28 0
Net_id 81
pin_num 2
57 14 0
48 14 0
Net_id 82
pin_num 2
49 46 0
59 47 0
Net_id 83
pin_num 2
16 16 0
23 15 0
Net_id 84
pin_num 2
16 5 0
24 7 0
Net_id 85
pin_num 2
26 38 0
37 51 0
Net_id 86
pin_num 2
30 1 0
18 1 0
Net_id 87
pin_num 2
17 21 0
1 29 0
Net_id 88
pin_num 2
12 39 0
8 32 0
Net_id 89
pin_num 2
56 8 0
36 2 0
Net_id 90
pin_num 2
54 26 0
36 12 0
Net_id 91
pin_num 2
3 13 0
1 9 0
Net_id 92
pin_num 2
10 49 0
18 42 0
Net_id 93
pin_num 2
42 20 0
39 42 0
Net_id 94
pin_num 2
25 57 0
29 57 0
Net_id 95
pin_num 2
33 17 0
2 23 0
Net_id 96
pin_num 2
22 4 0
17 4 0
Net_id 97
pin_num 2
9 52 0
11 51 0
Net_id 98
pin_num 2
44 43 0
43 55 0
Net_id 99
pin_num 2
30 2 0
17 2 0
Net_id 100
pin_num 2
49 0 0
32 14 0
Net_id 101
pin_num 2
0 8 0
14 4 0
Net_id 102
pin_num 2
37 10 0
34 20 0
Net_id 103
pin_num 2
52 51 0
59 31 0
Net_id 104
pin_num 2
0 52 0
16 42 0
Net_id 105
pin_num 2
29 9 0
33 9 0
Net_id 106
pin_num 2
46 1 0
33 5 0
Net_id 107
pin_num 2
35 51 0
41 44 0
Net_id 108
pin_num 2
20 43 0
11 47 0
Net_id 109
pin_num 2
38 32 0
42 18 0
Net_id 110
pin_num 2
54 42 0
37 37 0
Net_id 111
pin_num 2
37 15 0
31 21 0
Net_id 112
pin_num 2
46 24 0
49 19 0
Net_id 113
pin_num 2
0 15 0
16 29 0
Net_id 114
pin_num 2
28 18 0
9 45 0
Net_id 115
pin_num 2
9 14 0
4 10 0
Net_id 116
pin_num 2
31 16 0
50 0 0
Net_id 117
pin_num 2
9 8 0
1 21 0
Net_id 118
pin_num 2
13 34 0
7 49 0
Net_id 119
pin_num 2
55 37 0
37 38 0
Net_id 120
pin_num 2
19 40 0
36 52 0
Net_id 121
pin_num 2
44 37 0
42 25 0
Net_id 122
pin_num 2
47 44 0
52 32 0
Net_id 123
pin_num 2
35 14 0
37 45 0
Net_id 124
pin_num 2
41 31 0
27 30 0
Net_id 125
pin_num 2
35 13 0
57 25 0
Net_id 126
pin_num 2
43 18 0
54 5 0
Net_id 127
pin_num 2
47 45 0
10 57 0
Net_id 128
pin_num 2
19 24 0
1 20 0
Net_id 129
pin_num 2
59 9 0
47 4 0
Net_id 130
pin_num 2
11 14 0
3 2 0
Net_id 131
pin_num 2
38 15 0
56 39 0
Net_id 132
pin_num 2
25 20 0
36 16 0
Net_id 133
pin_num 2
57 48 0
52 31 0
Net_id 134
pin_num 2
26 36 0
1 34 0
Net_id 135
pin_num 2
13 15 0
1 26 0
Net_id 136
pin_num 2
28 55 0
33 45 0
Net_id 137
pin_num 2
14 28 0
0 47 0
Net_id 138
pin_num 2
9 32 0
27 32 0
Net_id 139
pin_num 2
36 5 0
36 6 0
Net_id 140
pin_num 2
35 11 0
27 28 0
Net_id 141
pin_num 2
25 3 0
8 6 0
Net_id 142
pin_num 2
6 10 0
10 10 0
Net_id 143
pin_num 2
31 24 0
38 17 0
Net_id 144
pin_num 2
4 57 0
4 44 0
Net_id 145
pin_num 2
57 18 0
38 10 0
Net_id 146
pin_num 2
37 30 0
39 34 0
Net_id 147
pin_num 2
28 7 0
34 16 0
Net_id 148
pin_num 2
45 20 0
59 30 0
Net_id 149
pin_num 2
18 29 0
36 14 0
Net_id 150
pin_num 2
49 11 0
55 11 0
Net_id 151
pin_num 2
34 18 0
20 35 0
Net_id 152
pin_num 2
36 9 0
34 8 0
Net_id 153
pin_num 2
22 14 0
24 9 0
Net_id 154
pin_num 2
37 25 0
26 21 0
Net_id 155
pin_num 2
34 13 0
21 11 0
Net_id 156
pin_num 2
56 4 0
56 3 0
