Width 60
Height 60
Layer 6
Total_WL 7176
Obstacle_num 144
4 45 0 7 46 0
34 21 0 37 22 0
1 52 0 9 53 0
28 28 0 33 29 0
8 50 0 17 51 0
15 20 0 18 21 0
30 32 0 40 33 0
15 9 0 25 10 0
44 3 0 49 4 0
11 41 0 17 42 0
15 34 0 22 35 0
17 54 0 27 55 0
8 30 0 12 31 0
37 54 0 40 55 0
23 30 0 29 31 0
38 20 0 42 21 0
15 5 0 18 6 0
43 30 0 46 31 0
43 55 0 50 56 0
4 46 0 11 47 0
15 19 0 25 20 0
40 8 0 44 9 0
0 56 0 7 57 0
34 17 0 39 18 0
15 2 1 16 5 1
6 11 1 7 17 1
12 19 1 13 23 1
5 1 1 6 7 1
13 5 1 14 15 1
38 51 1 39 58 1
25 19 1 26 26 1
34 53 1 35 57 1
57 34 1 58 37 1
22 44 1 23 47 1
27 22 1 28 29 1
18 28 1 19 38 1
22 24 1 23 32 1
51 40 1 52 44 1
11 11 1 12 15 1
22 5 1 23 10 1
31 18 1 32 24 1
44 14 1 45 17 1
19 25 1 20 29 1
34 13 1 35 22 1
37 10 1 38 15 1
50 44 1 51 51 1
16 25 1 17 30 1
45 49 1 46 57 1
23 29 2 29 30 2
40 58 2 43 59 2
5 43 2 14 44 2
15 50 2 18 51 2
25 27 2 29 28 2
40 53 2 50 54 2
47 10 2 52 11 2
50 26 2 56 27 2
35 3 2 39 4 2
31 58 2 40 59 2
49 54 2 56 55 2
51 8 2 56 9 2
14 25 2 19 26 2
36 11 2 46 12 2
36 27 2 41 28 2
48 21 2 53 22 2
13 52 2 16 53 2
0 51 2 6 52 2
14 2 2 24 3 2
4 35 2 9 36 2
12 6 2 17 7 2
46 36 2 50 37 2
46 44 2 55 45 2
28 43 2 33 44 2
32 0 3 33 6 3
31 13 3 32 18 3
54 13 3 55 21 3
13 8 3 14 12 3
47 34 3 48 39 3
53 3 3 54 8 3
23 50 3 24 56 3
21 45 3 22 48 3
52 28 3 53 35 3
7 30 3 8 35 3
52 49 3 53 57 3
46 2 3 47 10 3
0 50 3 1 53 3
30 43 3 31 49 3
20 16 3 21 25 3
29 13 3 30 19 3
58 25 3 59 29 3
34 15 3 35 22 3
55 2 3 56 11 3
33 22 3 34 30 3
16 49 3 17 56 3
31 3 3 32 13 3
1 42 3 2 52 3
50 19 3 51 25 3
16 34 4 19 35 4
27 23 4 35 24 4
36 11 4 42 12 4
4 19 4 7 20 4
8 10 4 18 11 4
20 15 4 25 16 4
23 30 4 28 31 4
20 3 4 27 4 4
30 37 4 35 38 4
32 32 4 36 33 4
23 43 4 28 44 4
33 17 4 40 18 4
16 52 4 21 53 4
20 53 4 30 54 4
48 0 4 51 1 4
43 20 4 48 21 4
42 38 4 50 39 4
49 23 4 59 24 4
48 36 4 55 37 4
37 42 4 41 43 4
54 18 4 57 19 4
21 45 4 30 46 4
33 43 4 37 44 4
34 57 4 39 58 4
21 20 5 22 23 5
16 12 5 17 17 5
46 19 5 47 23 5
53 37 5 54 41 5
6 38 5 7 46 5
43 34 5 44 43 5
1 34 5 2 43 5
56 22 5 57 25 5
33 12 5 34 15 5
5 23 5 6 30 5
13 24 5 14 32 5
11 7 5 12 16 5
32 29 5 33 34 5
44 24 5 45 29 5
41 33 5 42 36 5
0 49 5 1 57 5
3 31 5 4 35 5
6 21 5 7 24 5
2 51 5 3 59 5
50 34 5 51 40 5
18 19 5 19 29 5
35 23 5 36 26 5
19 0 5 20 8 5
44 51 5 45 59 5
Net_num 163
Net_id 0
pin_num 5
42 27 0
43 29 0
29 29 0
29 22 0
23 26 0
Net_id 1
pin_num 5
18 10 0
7 1 0
13 0 0
18 1 0
17 7 0
Net_id 2
pin_num 5
44 24 0
43 19 0
33 35 0
25 23 0
12 33 0
Net_id 3
pin_num 5
36 31 0
42 26 0
40 35 0
37 26 0
42 15 0
Net_id 4
pin_num 5
40 27 0
50 34 0
48 25 0
40 32 0
26 28 0
Net_id 5
pin_num 5
52 55 0
43 57 0
53 59 0
51 38 0
59 25 0
Net_id 6
pin_num 5
55 57 0
56 56 0
54 58 0
47 59 0
57 46 0
Net_id 7
pin_num 5
38 40 0
41 41 0
41 36 0
30 36 0
36 27 0
Net_id 8
pin_num 5
5 27 0
0 19 0
3 12 0
3 49 0
2 0 0
Net_id 9
pin_num 5
47 12 0
55 20 0
59 21 0
54 22 0
59 14 0
Net_id 10
pin_num 5
34 42 0
29 40 0
31 35 0
39 37 0
14 40 0
Net_id 11
pin_num 5
38 9 0
32 9 0
30 0 0
25 1 0
14 4 0
Net_id 12
pin_num 5
25 48 0
33 48 0
16 43 0
42 57 0
27 59 0
Net_id 13
pin_num 5
39 46 0
51 53 0
56 43 0
59 44 0
56 19 0
Net_id 14
pin_num 5
52 37 0
49 28 0
59 42 0
41 45 0
41 34 0
Net_id 15
pin_num 5
43 2 0
46 4 0
37 0 0
37 7 0
54 0 0
Net_id 16
pin_num 5
11 26 0
2 35 0
0 39 0
7 30 0
14 30 0
Net_id 17
pin_num 5
19 2 0
6 10 0
0 2 0
1 0 0
5 0 0
Net_id 18
pin_num 5
58 9 0
51 4 0
45 18 0
53 26 0
51 19 0
Net_id 19
pin_num 4
17 46 0
8 34 0
26 44 0
0 25 0
Net_id 20
pin_num 4
38 22 0
38 27 0
53 31 0
54 34 0
Net_id 21
pin_num 4
53 51 0
59 52 0
57 42 0
59 24 0
Net_id 22
pin_num 4
26 34 0
27 29 0
27 53 0
46 33 0
Net_id 23
pin_num 4
7 3 0
1 2 0
1 9 0
10 6 0
Net_id 24
pin_num 4
52 29 0
48 32 0
58 22 0
50 23 0
Net_id 25
pin_num 4
23 34 0
18 38 0
10 34 0
42 34 0
Net_id 26
pin_num 4
9 4 0
5 7 0
6 0 0
5 19 0
Net_id 27
pin_num 4
40 15 0
57 19 0
31 25 0
39 6 0
Net_id 28
pin_num 4
17 11 0
16 7 0
3 4 0
16 21 0
Net_id 29
pin_num 4
13 39 0
6 47 0
0 47 0
9 33 0
Net_id 30
pin_num 4
36 5 0
35 19 0
52 16 0
38 2 0
Net_id 31
pin_num 4
17 39 0
29 30 0
39 33 0
30 8 0
Net_id 32
pin_num 4
15 33 0
9 21 0
28 25 0
3 50 0
Net_id 33
pin_num 4
21 29 0
1 27 0
2 46 0
4 40 0
Net_id 34
pin_num 4
54 41 0
29 24 0
30 7 0
39 48 0
Net_id 35
pin_num 4
18 56 0
35 57 0
29 56 0
8 59 0
Net_id 36
pin_num 4
54 36 0
47 42 0
55 42 0
57 33 0
Net_id 37
pin_num 4
43 22 0
52 30 0
44 28 0
46 29 0
Net_id 38
pin_num 4
18 35 0
8 42 0
10 51 0
1 37 0
Net_id 39
pin_num 3
44 31 0
43 37 0
49 39 0
Net_id 40
pin_num 3
4 21 0
18 5 0
7 33 0
Net_id 41
pin_num 3
52 50 0
30 58 0
26 59 0
Net_id 42
pin_num 3
58 35 0
47 56 0
54 57 0
Net_id 43
pin_num 3
27 11 0
35 4 0
59 7 0
Net_id 44
pin_num 3
21 31 0
8 45 0
3 57 0
Net_id 45
pin_num 3
47 57 0
55 53 0
55 22 0
Net_id 46
pin_num 3
56 24 0
54 32 0
51 3 0
Net_id 47
pin_num 3
20 46 0
2 37 0
29 39 0
Net_id 48
pin_num 3
2 21 0
6 22 0
9 20 0
Net_id 49
pin_num 3
38 12 0
54 24 0
49 7 0
Net_id 50
pin_num 3
16 36 0
29 25 0
29 36 0
Net_id 51
pin_num 3
2 53 0
11 53 0
21 48 0
Net_id 52
pin_num 3
5 44 0
0 37 0
4 58 0
Net_id 53
pin_num 3
47 39 0
26 32 0
35 24 0
Net_id 54
pin_num 3
35 50 0
58 21 0
39 43 0
Net_id 55
pin_num 3
49 11 0
28 19 0
47 38 0
Net_id 56
pin_num 3
25 58 0
10 58 0
24 42 0
Net_id 57
pin_num 3
13 6 0
10 9 0
26 0 0
Net_id 58
pin_num 3
50 33 0
48 28 0
55 55 0
Net_id 59
pin_num 3
32 38 0
21 18 0
1 21 0
Net_id 60
pin_num 3
17 17 0
4 2 0
7 9 0
Net_id 61
pin_num 3
37 5 0
42 2 0
57 40 0
Net_id 62
pin_num 3
10 43 0
2 44 0
6 28 0
Net_id 63
pin_num 3
53 4 0
39 5 0
59 5 0
Net_id 64
pin_num 3
47 31 0
31 30 0
54 56 0
Net_id 65
pin_num 3
19 1 0
29 8 0
1 1 0
Net_id 66
pin_num 3
2 25 0
7 39 0
12 26 0
Net_id 67
pin_num 3
55 2 0
59 3 0
44 1 0
Net_id 68
pin_num 3
19 18 0
33 15 0
28 41 0
Net_id 69
pin_num 3
55 17 0
58 7 0
55 8 0
Net_id 70
pin_num 3
9 14 0
1 17 0
24 20 0
Net_id 71
pin_num 3
44 43 0
34 31 0
41 14 0
Net_id 72
pin_num 3
28 32 0
34 12 0
27 1 0
Net_id 73
pin_num 3
6 41 0
1 58 0
12 53 0
Net_id 74
pin_num 3
48 13 0
46 17 0
57 16 0
Net_id 75
pin_num 3
20 5 0
31 5 0
12 18 0
Net_id 76
pin_num 3
27 45 0
35 42 0
9 52 0
Net_id 77
pin_num 3
53 40 0
46 47 0
53 11 0
Net_id 78
pin_num 2
4 48 0
17 47 0
Net_id 79
pin_num 2
53 30 0
36 22 0
Net_id 80
pin_num 2
35 30 0
32 7 0
Net_id 81
pin_num 2
37 48 0
18 52 0
Net_id 82
pin_num 2
19 59 0
8 55 0
Net_id 83
pin_num 2
25 19 0
47 2 0
Net_id 84
pin_num 2
53 55 0
55 44 0
Net_id 85
pin_num 2
51 52 0
20 51 0
Net_id 86
pin_num 2
33 5 0
29 4 0
Net_id 87
pin_num 2
52 3 0
55 0 0
Net_id 88
pin_num 2
16 38 0
33 46 0
Net_id 89
pin_num 2
30 59 0
43 58 0
Net_id 90
pin_num 2
47 32 0
46 49 0
Net_id 91
pin_num 2
12 55 0
7 51 0
Net_id 92
pin_num 2
19 11 0
31 24 0
Net_id 93
pin_num 2
57 0 0
49 2 0
Net_id 94
pin_num 2
7 49 0
0 59 0
Net_id 95
pin_num 2
21 22 0
14 14 0
Net_id 96
pin_num 2
0 52 0
19 57 0
Net_id 97
pin_num 2
24 33 0
33 33 0
Net_id 98
pin_num 2
29 13 0
37 13 0
Net_id 99
pin_num 2
31 40 0
39 45 0
Net_id 100
pin_num 2
38 57 0
44 42 0
Net_id 101
pin_num 2
54 4 0
53 5 0
Net_id 102
pin_num 2
16 40 0
16 33 0
Net_id 103
pin_num 2
7 11 0
20 28 0
Net_id 104
pin_num 2
8 51 0
7 38 0
Net_id 105
pin_num 2
30 4 0
42 1 0
Net_id 106
pin_num 2
50 6 0
38 6 0
Net_id 107
pin_num 2
43 21 0
45 24 0
Net_id 108
pin_num 2
32 43 0
47 45 0
Net_id 109
pin_num 2
19 17 0
35 16 0
Net_id 110
pin_num 2
10 57 0
16 32 0
Net_id 111
pin_num 2
7 5 0
1 22 0
Net_id 112
pin_num 2
55 14 0
35 22 0
Net_id 113
pin_num 2
28 42 0
25 38 0
Net_id 114
pin_num 2
6 36 0
17 42 0
Net_id 115
pin_num 2
4 16 0
0 1 0
Net_id 116
pin_num 2
14 27 0
23 31 0
Net_id 117
pin_num 2
14 28 0
1 36 0
Net_id 118
pin_num 2
49 25 0
59 53 0
Net_id 119
pin_num 2
7 23 0
8 2 0
Net_id 120
pin_num 2
50 5 0
59 22 0
Net_id 121
pin_num 2
33 20 0
43 15 0
Net_id 122
pin_num 2
19 14 0
19 21 0
Net_id 123
pin_num 2
56 12 0
49 27 0
Net_id 124
pin_num 2
13 23 0
3 18 0
Net_id 125
pin_num 2
41 47 0
50 30 0
Net_id 126
pin_num 2
29 55 0
33 55 0
Net_id 127
pin_num 2
43 45 0
54 25 0
Net_id 128
pin_num 2
15 6 0
0 18 0
Net_id 129
pin_num 2
16 52 0
30 40 0
Net_id 130
pin_num 2
24 21 0
45 25 0
Net_id 131
pin_num 2
26 38 0
56 48 0
Net_id 132
pin_num 2
12 34 0
14 24 0
Net_id 133
pin_num 2
4 11 0
9 27 0
Net_id 134
pin_num 2
25 55 0
7 27 0
Net_id 135
pin_num 2
53 16 0
56 7 0
Net_id 136
pin_num 2
37 37 0
34 44 0
Net_id 137
pin_num 2
3 58 0
13 47 0
Net_id 138
pin_num 2
31 53 0
35 56 0
Net_id 139
pin_num 2
22 18 0
25 18 0
Net_id 140
pin_num 2
48 42 0
59 47 0
Net_id 141
pin_num 2
58 14 0
54 2 0
Net_id 142
pin_num 2
20 2 0
26 24 0
Net_id 143
pin_num 2
32 19 0
24 16 0
Net_id 144
pin_num 2
20 40 0
15 39 0
Net_id 145
pin_num 2
13 20 0
3 20 0
Net_id 146
pin_num 2
55 58 0
56 50 0
Net_id 147
pin_num 2
25 46 0
18 49 0
Net_id 148
pin_num 2
6 7 0
27 20 0
Net_id 149
pin_num 2
15 42 0
3 54 0
Net_id 150
pin_num 2
50 54 0
36 49 0
Net_id 151
pin_num 2
20 13 0
6 25 0
Net_id 152
pin_num 2
58 13 0
29 3 0
Net_id 153
pin_num 2
32 44 0
12 25 0
Net_id 154
pin_num 2
4 30 0
5 25 0
Net_id 155
pin_num 2
18 46 0
20 42 0
Net_id 156
pin_num 2
55 27 0
57 22 0
Net_id 157
pin_num 2
23 4 0
20 12 0
Net_id 158
pin_num 2
34 46 0
36 30 0
Net_id 159
pin_num 2
15 23 0
14 21 0
Net_id 160
pin_num 2
39 13 0
21 35 0
Net_id 161
pin_num 2
27 7 0
20 14 0
Net_id 162
pin_num 2
6 57 0
15 56 0
