Width 60
Height 60
Layer 6
Total_WL 6538
Obstacle_num 144
33 1 0 42 2 0
38 18 0 43 19 0
12 12 0 16 13 0
51 43 0 55 44 0
49 56 0 57 57 0
9 30 0 16 31 0
24 28 0 28 29 0
10 41 0 14 42 0
10 6 0 17 7 0
23 25 0 30 26 0
46 40 0 51 41 0
43 13 0 51 14 0
41 23 0 44 24 0
17 56 0 23 57 0
48 4 0 55 5 0
8 25 0 14 26 0
13 52 0 18 53 0
16 25 0 23 26 0
47 38 0 57 39 0
46 26 0 53 27 0
47 16 0 51 17 0
8 55 0 16 56 0
25 10 0 31 11 0
7 57 0 17 58 0
8 48 1 9 51 1
7 46 1 8 51 1
11 34 1 12 40 1
46 18 1 47 22 1
40 36 1 41 40 1
49 37 1 50 47 1
27 38 1 28 46 1
18 48 1 19 51 1
37 19 1 38 22 1
32 15 1 33 24 1
28 35 1 29 44 1
0 8 1 1 17 1
30 29 1 31 33 1
22 41 1 23 50 1
36 7 1 37 17 1
23 43 1 24 46 1
28 29 1 29 32 1
35 16 1 36 21 1
24 39 1 25 44 1
26 1 1 27 7 1
12 51 1 13 56 1
19 20 1 20 29 1
13 50 1 14 58 1
52 13 1 53 21 1
37 49 2 41 50 2
21 55 2 24 56 2
1 17 2 9 18 2
18 4 2 22 5 2
15 42 2 24 43 2
32 46 2 38 47 2
39 19 2 44 20 2
13 9 2 21 10 2
41 6 2 46 7 2
15 49 2 25 50 2
11 22 2 15 23 2
23 53 2 29 54 2
33 41 2 42 42 2
25 33 2 32 34 2
51 37 2 59 38 2
36 15 2 45 16 2
26 32 2 29 33 2
45 43 2 51 44 2
19 25 2 28 26 2
28 12 2 36 13 2
43 21 2 48 22 2
37 24 2 46 25 2
41 11 2 44 12 2
14 34 2 24 35 2
55 31 3 56 40 3
14 48 3 15 56 3
9 48 3 10 58 3
19 40 3 20 43 3
23 17 3 24 20 3
15 10 3 16 13 3
46 6 3 47 11 3
13 15 3 14 24 3
23 4 3 24 10 3
45 42 3 46 49 3
28 36 3 29 43 3
35 35 3 36 45 3
0 48 3 1 54 3
44 43 3 45 53 3
6 30 3 7 40 3
46 27 3 47 37 3
27 45 3 28 53 3
50 27 3 51 33 3
2 24 3 3 33 3
53 53 3 54 58 3
3 31 3 4 34 3
51 18 3 52 23 3
33 30 3 34 35 3
11 45 3 12 52 3
45 52 4 54 53 4
35 14 4 40 15 4
13 12 4 18 13 4
41 31 4 48 32 4
8 4 4 11 5 4
33 20 4 43 21 4
0 45 4 4 46 4
24 39 4 31 40 4
34 34 4 41 35 4
15 15 4 20 16 4
38 44 4 41 45 4
25 12 4 35 13 4
43 9 4 47 10 4
15 56 4 24 57 4
8 24 4 17 25 4
45 39 4 53 40 4
26 14 4 33 15 4
45 1 4 50 2 4
49 31 4 53 32 4
22 21 4 25 22 4
45 55 4 50 56 4
20 8 4 24 9 4
42 8 4 46 9 4
48 43 4 56 44 4
50 18 5 51 27 5
43 28 5 44 36 5
32 22 5 33 29 5
24 42 5 25 49 5
26 17 5 27 20 5
25 38 5 26 41 5
22 40 5 23 45 5
14 22 5 15 25 5
54 11 5 55 20 5
44 8 5 45 11 5
35 31 5 36 40 5
40 2 5 41 5 5
40 43 5 41 52 5
6 17 5 7 26 5
8 11 5 9 20 5
57 12 5 58 21 5
37 46 5 38 49 5
1 12 5 2 16 5
33 39 5 34 47 5
42 26 5 43 33 5
55 48 5 56 56 5
14 11 5 15 19 5
21 36 5 22 42 5
41 13 5 42 22 5
Net_num 158
Net_id 0
pin_num 5
34 3 0
39 13 0
35 11 0
55 0 0
50 1 0
Net_id 1
pin_num 5
28 8 0
28 12 0
52 8 0
50 30 0
56 2 0
Net_id 2
pin_num 5
45 16 0
58 14 0
47 0 0
58 23 0
59 37 0
Net_id 3
pin_num 5
45 18 0
58 16 0
43 7 0
57 22 0
36 17 0
Net_id 4
pin_num 5
57 44 0
50 44 0
51 59 0
31 59 0
45 51 0
Net_id 5
pin_num 5
9 48 0
18 45 0
18 32 0
42 45 0
0 45 0
Net_id 6
pin_num 5
16 19 0
8 19 0
13 35 0
23 20 0
25 23 0
Net_id 7
pin_num 5
41 38 0
39 43 0
39 32 0
26 42 0
46 38 0
Net_id 8
pin_num 5
59 0 0
55 4 0
38 0 0
48 14 0
29 0 0
Net_id 9
pin_num 5
41 11 0
31 1 0
40 26 0
34 15 0
35 21 0
Net_id 10
pin_num 5
5 35 0
1 39 0
4 31 0
16 36 0
4 11 0
Net_id 11
pin_num 5
45 59 0
53 50 0
59 59 0
56 57 0
39 50 0
Net_id 12
pin_num 5
2 32 0
12 32 0
12 37 0
4 37 0
9 46 0
Net_id 13
pin_num 5
58 41 0
52 35 0
59 44 0
54 59 0
58 58 0
Net_id 14
pin_num 5
19 57 0
30 58 0
9 59 0
9 58 0
24 52 0
Net_id 15
pin_num 5
11 12 0
8 14 0
9 7 0
18 14 0
1 19 0
Net_id 16
pin_num 5
44 36 0
36 43 0
38 39 0
42 27 0
37 38 0
Net_id 17
pin_num 5
37 30 0
43 35 0
39 23 0
17 31 0
17 20 0
Net_id 18
pin_num 5
17 17 0
8 26 0
33 21 0
21 22 0
37 28 0
Net_id 19
pin_num 5
53 23 0
49 23 0
57 24 0
49 11 0
53 9 0
Net_id 20
pin_num 4
3 34 0
2 40 0
8 40 0
10 34 0
Net_id 21
pin_num 4
58 39 0
53 32 0
56 54 0
59 50 0
Net_id 22
pin_num 4
57 32 0
49 30 0
51 25 0
54 16 0
Net_id 23
pin_num 4
41 43 0
48 42 0
48 22 0
57 42 0
Net_id 24
pin_num 4
57 23 0
54 31 0
53 19 0
52 22 0
Net_id 25
pin_num 4
49 57 0
53 55 0
51 39 0
55 41 0
Net_id 26
pin_num 4
31 56 0
24 56 0
56 59 0
41 44 0
Net_id 27
pin_num 4
45 55 0
35 50 0
32 58 0
18 53 0
Net_id 28
pin_num 4
30 55 0
19 58 0
8 59 0
19 46 0
Net_id 29
pin_num 4
8 41 0
1 46 0
0 58 0
0 47 0
Net_id 30
pin_num 4
43 51 0
37 51 0
42 42 0
25 54 0
Net_id 31
pin_num 4
5 49 0
4 55 0
0 55 0
14 54 0
Net_id 32
pin_num 4
56 37 0
53 31 0
57 49 0
47 48 0
Net_id 33
pin_num 4
18 20 0
24 32 0
21 39 0
1 30 0
Net_id 34
pin_num 4
33 0 0
36 6 0
37 18 0
27 17 0
Net_id 35
pin_num 4
30 40 0
31 36 0
50 39 0
34 52 0
Net_id 36
pin_num 4
57 4 0
58 6 0
56 1 0
50 2 0
Net_id 37
pin_num 4
2 10 0
3 22 0
0 19 0
2 37 0
Net_id 38
pin_num 4
37 36 0
33 24 0
48 21 0
42 29 0
Net_id 39
pin_num 4
59 47 0
49 51 0
57 45 0
38 38 0
Net_id 40
pin_num 3
17 51 0
28 55 0
18 58 0
Net_id 41
pin_num 3
27 55 0
13 49 0
0 57 0
Net_id 42
pin_num 3
34 9 0
26 34 0
21 13 0
Net_id 43
pin_num 3
18 16 0
5 20 0
15 10 0
Net_id 44
pin_num 3
1 50 0
2 49 0
15 44 0
Net_id 45
pin_num 3
47 24 0
33 36 0
44 22 0
Net_id 46
pin_num 3
29 16 0
18 0 0
19 29 0
Net_id 47
pin_num 3
7 28 0
0 26 0
7 34 0
Net_id 48
pin_num 3
31 49 0
36 52 0
38 29 0
Net_id 49
pin_num 3
32 12 0
19 4 0
31 5 0
Net_id 50
pin_num 3
32 2 0
38 20 0
45 1 0
Net_id 51
pin_num 3
34 48 0
12 48 0
21 54 0
Net_id 52
pin_num 3
39 0 0
56 10 0
51 24 0
Net_id 53
pin_num 3
14 40 0
0 32 0
1 49 0
Net_id 54
pin_num 3
25 14 0
17 8 0
38 28 0
Net_id 55
pin_num 3
50 34 0
52 34 0
51 7 0
Net_id 56
pin_num 3
6 21 0
9 29 0
15 0 0
Net_id 57
pin_num 3
34 31 0
31 35 0
31 17 0
Net_id 58
pin_num 3
51 13 0
48 20 0
39 44 0
Net_id 59
pin_num 3
22 31 0
12 20 0
10 14 0
Net_id 60
pin_num 3
39 37 0
35 33 0
36 29 0
Net_id 61
pin_num 3
54 58 0
34 55 0
58 44 0
Net_id 62
pin_num 3
54 15 0
36 18 0
32 0 0
Net_id 63
pin_num 3
12 2 0
16 7 0
13 8 0
Net_id 64
pin_num 3
28 31 0
23 34 0
33 23 0
Net_id 65
pin_num 3
59 5 0
52 9 0
59 14 0
Net_id 66
pin_num 3
36 37 0
32 52 0
41 48 0
Net_id 67
pin_num 3
49 5 0
54 3 0
32 4 0
Net_id 68
pin_num 3
23 27 0
12 11 0
40 27 0
Net_id 69
pin_num 3
21 34 0
12 17 0
0 24 0
Net_id 70
pin_num 3
22 24 0
32 27 0
31 4 0
Net_id 71
pin_num 3
36 5 0
25 17 0
5 13 0
Net_id 72
pin_num 3
59 25 0
56 20 0
52 21 0
Net_id 73
pin_num 3
46 2 0
17 5 0
36 19 0
Net_id 74
pin_num 3
18 39 0
23 35 0
20 4 0
Net_id 75
pin_num 3
50 25 0
38 23 0
29 13 0
Net_id 76
pin_num 3
37 43 0
49 37 0
58 36 0
Net_id 77
pin_num 3
6 24 0
5 31 0
12 15 0
Net_id 78
pin_num 3
0 30 0
17 26 0
17 40 0
Net_id 79
pin_num 3
38 12 0
32 10 0
31 2 0
Net_id 80
pin_num 2
29 18 0
21 19 0
Net_id 81
pin_num 2
38 10 0
56 29 0
Net_id 82
pin_num 2
58 52 0
43 47 0
Net_id 83
pin_num 2
38 53 0
56 58 0
Net_id 84
pin_num 2
8 51 0
12 44 0
Net_id 85
pin_num 2
25 32 0
36 32 0
Net_id 86
pin_num 2
42 58 0
31 51 0
Net_id 87
pin_num 2
1 9 0
6 9 0
Net_id 88
pin_num 2
28 7 0
23 11 0
Net_id 89
pin_num 2
30 0 0
45 12 0
Net_id 90
pin_num 2
13 21 0
20 39 0
Net_id 91
pin_num 2
18 36 0
25 36 0
Net_id 92
pin_num 2
40 56 0
34 56 0
Net_id 93
pin_num 2
1 11 0
8 5 0
Net_id 94
pin_num 2
35 46 0
50 46 0
Net_id 95
pin_num 2
46 23 0
40 19 0
Net_id 96
pin_num 2
14 38 0
29 49 0
Net_id 97
pin_num 2
44 40 0
46 50 0
Net_id 98
pin_num 2
1 27 0
6 55 0
Net_id 99
pin_num 2
24 1 0
12 1 0
Net_id 100
pin_num 2
57 34 0
50 7 0
Net_id 101
pin_num 2
17 44 0
3 41 0
Net_id 102
pin_num 2
55 11 0
41 28 0
Net_id 103
pin_num 2
17 15 0
35 10 0
Net_id 104
pin_num 2
9 45 0
24 44 0
Net_id 105
pin_num 2
33 50 0
2 50 0
Net_id 106
pin_num 2
26 52 0
25 39 0
Net_id 107
pin_num 2
29 4 0
21 6 0
Net_id 108
pin_num 2
25 0 0
20 2 0
Net_id 109
pin_num 2
53 21 0
58 7 0
Net_id 110
pin_num 2
42 21 0
25 9 0
Net_id 111
pin_num 2
27 8 0
22 7 0
Net_id 112
pin_num 2
2 43 0
16 41 0
Net_id 113
pin_num 2
8 8 0
16 10 0
Net_id 114
pin_num 2
38 52 0
56 32 0
Net_id 115
pin_num 2
17 34 0
6 15 0
Net_id 116
pin_num 2
25 46 0
38 57 0
Net_id 117
pin_num 2
51 48 0
57 58 0
Net_id 118
pin_num 2
29 39 0
40 29 0
Net_id 119
pin_num 2
37 6 0
47 14 0
Net_id 120
pin_num 2
4 28 0
5 44 0
Net_id 121
pin_num 2
15 37 0
6 35 0
Net_id 122
pin_num 2
34 21 0
22 10 0
Net_id 123
pin_num 2
50 6 0
28 18 0
Net_id 124
pin_num 2
52 14 0
54 10 0
Net_id 125
pin_num 2
22 22 0
38 19 0
Net_id 126
pin_num 2
2 15 0
11 22 0
Net_id 127
pin_num 2
25 30 0
27 37 0
Net_id 128
pin_num 2
55 45 0
24 51 0
Net_id 129
pin_num 2
54 20 0
58 35 0
Net_id 130
pin_num 2
10 20 0
6 20 0
Net_id 131
pin_num 2
46 31 0
57 46 0
Net_id 132
pin_num 2
9 13 0
0 1 0
Net_id 133
pin_num 2
22 29 0
22 37 0
Net_id 134
pin_num 2
33 4 0
45 4 0
Net_id 135
pin_num 2
21 30 0
7 25 0
Net_id 136
pin_num 2
1 6 0
21 16 0
Net_id 137
pin_num 2
13 33 0
27 12 0
Net_id 138
pin_num 2
10 51 0
5 38 0
Net_id 139
pin_num 2
49 3 0
56 7 0
Net_id 140
pin_num 2
6 59 0
14 39 0
Net_id 141
pin_num 2
15 47 0
17 49 0
Net_id 142
pin_num 2
28 37 0
42 41 0
Net_id 143
pin_num 2
4 25 0
1 43 0
Net_id 144
pin_num 2
21 40 0
36 23 0
Net_id 145
pin_num 2
16 40 0
6 19 0
Net_id 146
pin_num 2
2 47 0
8 53 0
Net_id 147
pin_num 2
58 50 0
52 53 0
Net_id 148
pin_num 2
9 53 0
26 49 0
Net_id 149
pin_num 2
4 27 0
1 21 0
Net_id 150
pin_num 2
42 22 0
46 44 0
Net_id 151
pin_num 2
32 6 0
17 18 0
Net_id 152
pin_num 2
6 52 0
1 57 0
Net_id 153
pin_num 2
41 39 0
47 44 0
Net_id 154
pin_num 2
48 48 0
59 54 0
Net_id 155
pin_num 2
40 49 0
29 38 0
Net_id 156
pin_num 2
12 5 0
44 5 0
Net_id 157
pin_num 2
5 18 0
15 35 0
