Width 60
Height 60
Layer 6
Total_WL 7192
Obstacle_num 144
52 5 0 56 6 0
13 8 0 20 9 0
3 44 0 13 45 0
40 7 0 44 8 0
21 47 0 30 48 0
15 33 0 21 34 0
25 38 0 34 39 0
5 45 0 13 46 0
48 56 0 54 57 0
5 0 0 13 1 0
19 30 0 29 31 0
43 31 0 51 32 0
23 48 0 31 49 0
0 5 0 10 6 0
34 58 0 41 59 0
36 18 0 43 19 0
44 18 0 52 19 0
37 3 0 42 4 0
44 7 0 51 8 0
13 55 0 20 56 0
38 36 0 41 37 0
12 52 0 17 53 0
5 29 0 11 30 0
19 10 0 24 11 0
15 27 1 16 32 1
0 13 1 1 18 1
25 12 1 26 22 1
33 50 1 34 57 1
33 3 1 34 10 1
39 43 1 40 52 1
53 38 1 54 48 1
15 49 1 16 58 1
35 45 1 36 50 1
40 13 1 41 23 1
29 35 1 30 42 1
26 9 1 27 19 1
3 47 1 4 54 1
33 17 1 34 22 1
2 11 1 3 18 1
58 7 1 59 13 1
56 42 1 57 52 1
49 55 1 50 59 1
3 25 1 4 29 1
29 47 1 30 56 1
6 50 1 7 58 1
22 23 1 23 27 1
48 13 1 49 17 1
47 33 1 48 37 1
51 55 2 54 56 2
27 56 2 35 57 2
46 0 2 54 1 2
24 35 2 28 36 2
19 38 2 24 39 2
36 33 2 45 34 2
23 52 2 33 53 2
22 17 2 29 18 2
37 8 2 41 9 2
19 37 2 25 38 2
31 49 2 41 50 2
47 39 2 53 40 2
43 28 2 49 29 2
21 43 2 27 44 2
8 0 2 12 1 2
9 24 2 18 25 2
34 6 2 44 7 2
1 17 2 6 18 2
29 20 2 35 21 2
38 38 2 45 39 2
1 49 2 7 50 2
9 17 2 18 18 2
13 26 2 22 27 2
30 22 2 39 23 2
17 18 3 18 28 3
4 48 3 5 54 3
53 21 3 54 29 3
9 44 3 10 53 3
52 25 3 53 28 3
45 28 3 46 33 3
9 7 3 10 15 3
20 4 3 21 13 3
43 19 3 44 22 3
12 38 3 13 43 3
33 23 3 34 28 3
13 7 3 14 11 3
47 1 3 48 5 3
57 16 3 58 23 3
54 38 3 55 41 3
26 33 3 27 38 3
44 33 3 45 42 3
2 24 3 3 33 3
31 30 3 32 39 3
52 34 3 53 44 3
37 44 3 38 53 3
51 24 3 52 34 3
57 52 3 58 58 3
22 14 3 23 19 3
26 29 4 30 30 4
53 30 4 57 31 4
52 22 4 59 23 4
24 32 4 30 33 4
20 2 4 30 3 4
49 37 4 59 38 4
55 18 4 58 19 4
41 30 4 46 31 4
21 34 4 28 35 4
36 40 4 44 41 4
28 17 4 37 18 4
23 10 4 27 11 4
45 56 4 50 57 4
44 1 4 54 2 4
11 38 4 19 39 4
30 1 4 36 2 4
23 6 4 31 7 4
19 36 4 23 37 4
45 48 4 52 49 4
20 12 4 24 13 4
25 21 4 29 22 4
27 41 4 37 42 4
50 19 4 56 20 4
11 3 4 18 4 4
47 18 5 48 23 5
30 32 5 31 38 5
23 48 5 24 51 5
44 51 5 45 57 5
30 43 5 31 48 5
11 5 5 12 12 5
18 11 5 19 17 5
32 14 5 33 21 5
54 26 5 55 34 5
35 44 5 36 47 5
28 35 5 29 40 5
26 27 5 27 37 5
13 18 5 14 26 5
45 16 5 46 21 5
44 22 5 45 30 5
52 6 5 53 10 5
10 29 5 11 35 5
41 49 5 42 56 5
20 36 5 21 46 5
56 14 5 57 24 5
14 12 5 15 22 5
6 6 5 7 13 5
29 52 5 30 59 5
7 9 5 8 13 5
Net_num 163
Net_id 0
pin_num 5
43 55 0
37 59 0
51 53 0
56 59 0
40 55 0
Net_id 1
pin_num 5
19 45 0
17 50 0
18 56 0
32 46 0
23 23 0
Net_id 2
pin_num 5
43 17 0
42 15 0
58 15 0
42 25 0
27 21 0
Net_id 3
pin_num 5
3 13 0
16 7 0
13 0 0
8 4 0
13 9 0
Net_id 4
pin_num 5
6 49 0
11 46 0
28 46 0
5 46 0
16 53 0
Net_id 5
pin_num 5
3 6 0
0 18 0
5 9 0
3 15 0
0 12 0
Net_id 6
pin_num 5
52 36 0
57 48 0
59 24 0
45 25 0
45 34 0
Net_id 7
pin_num 5
46 42 0
58 32 0
49 49 0
49 32 0
59 39 0
Net_id 8
pin_num 5
6 54 0
17 45 0
0 41 0
16 59 0
24 45 0
Net_id 9
pin_num 5
36 42 0
40 29 0
46 47 0
31 37 0
38 35 0
Net_id 10
pin_num 5
20 9 0
23 3 0
30 7 0
20 6 0
27 22 0
Net_id 11
pin_num 5
30 46 0
38 55 0
9 48 0
30 31 0
34 47 0
Net_id 12
pin_num 5
21 33 0
25 26 0
38 26 0
40 33 0
58 29 0
Net_id 13
pin_num 5
3 29 0
0 35 0
22 35 0
17 32 0
5 41 0
Net_id 14
pin_num 5
12 36 0
17 36 0
18 48 0
16 27 0
37 34 0
Net_id 15
pin_num 5
29 17 0
35 10 0
51 13 0
19 14 0
31 7 0
Net_id 16
pin_num 5
2 8 0
8 3 0
6 14 0
12 1 0
7 1 0
Net_id 17
pin_num 5
24 49 0
28 40 0
48 47 0
41 30 0
33 42 0
Net_id 18
pin_num 5
9 38 0
1 48 0
16 40 0
1 25 0
4 17 0
Net_id 19
pin_num 5
27 6 0
32 6 0
30 1 0
42 0 0
43 0 0
Net_id 20
pin_num 4
35 16 0
38 7 0
24 13 0
52 13 0
Net_id 21
pin_num 4
3 42 0
0 37 0
21 36 0
18 26 0
Net_id 22
pin_num 4
32 1 0
39 1 0
42 6 0
42 1 0
Net_id 23
pin_num 4
58 43 0
50 49 0
55 47 0
41 40 0
Net_id 24
pin_num 4
19 5 0
35 4 0
33 5 0
21 4 0
Net_id 25
pin_num 4
34 29 0
40 28 0
29 23 0
51 7 0
Net_id 26
pin_num 4
31 51 0
45 54 0
55 52 0
46 51 0
Net_id 27
pin_num 4
59 41 0
58 46 0
35 42 0
44 34 0
Net_id 28
pin_num 4
38 24 0
27 24 0
37 2 0
56 20 0
Net_id 29
pin_num 4
41 34 0
44 29 0
43 50 0
39 25 0
Net_id 30
pin_num 4
10 11 0
0 19 0
7 19 0
1 28 0
Net_id 31
pin_num 4
47 25 0
59 37 0
55 35 0
59 13 0
Net_id 32
pin_num 4
54 51 0
53 49 0
48 38 0
57 49 0
Net_id 33
pin_num 4
34 46 0
41 45 0
43 59 0
44 55 0
Net_id 34
pin_num 4
56 3 0
47 3 0
54 2 0
30 0 0
Net_id 35
pin_num 4
49 23 0
54 22 0
52 37 0
46 33 0
Net_id 36
pin_num 4
1 31 0
1 34 0
7 34 0
14 39 0
Net_id 37
pin_num 4
26 37 0
32 40 0
19 32 0
27 28 0
Net_id 38
pin_num 4
56 47 0
57 35 0
58 6 0
59 12 0
Net_id 39
pin_num 4
53 18 0
52 14 0
53 13 0
52 4 0
Net_id 40
pin_num 4
29 57 0
26 54 0
3 55 0
17 59 0
Net_id 41
pin_num 3
40 32 0
50 17 0
57 21 0
Net_id 42
pin_num 3
24 55 0
42 58 0
18 44 0
Net_id 43
pin_num 3
35 9 0
42 2 0
22 7 0
Net_id 44
pin_num 3
38 38 0
41 36 0
46 43 0
Net_id 45
pin_num 3
50 20 0
28 20 0
58 30 0
Net_id 46
pin_num 3
26 51 0
11 47 0
4 42 0
Net_id 47
pin_num 3
53 12 0
49 11 0
56 5 0
Net_id 48
pin_num 3
3 51 0
17 53 0
34 59 0
Net_id 49
pin_num 3
26 1 0
39 4 0
34 11 0
Net_id 50
pin_num 3
12 4 0
24 8 0
27 23 0
Net_id 51
pin_num 3
49 33 0
32 19 0
58 23 0
Net_id 52
pin_num 3
14 1 0
26 2 0
17 24 0
Net_id 53
pin_num 3
12 47 0
12 43 0
52 53 0
Net_id 54
pin_num 3
13 23 0
6 23 0
11 9 0
Net_id 55
pin_num 3
15 26 0
9 26 0
29 42 0
Net_id 56
pin_num 3
16 11 0
42 8 0
20 31 0
Net_id 57
pin_num 3
21 26 0
16 10 0
46 10 0
Net_id 58
pin_num 3
45 2 0
44 21 0
51 20 0
Net_id 59
pin_num 3
52 30 0
58 45 0
47 43 0
Net_id 60
pin_num 3
35 31 0
33 39 0
35 25 0
Net_id 61
pin_num 3
50 48 0
51 58 0
41 31 0
Net_id 62
pin_num 3
23 25 0
32 2 0
35 30 0
Net_id 63
pin_num 3
4 2 0
6 2 0
1 13 0
Net_id 64
pin_num 3
29 12 0
49 6 0
41 28 0
Net_id 65
pin_num 3
53 53 0
55 44 0
33 58 0
Net_id 66
pin_num 3
15 11 0
7 15 0
9 1 0
Net_id 67
pin_num 3
26 21 0
8 26 0
13 50 0
Net_id 68
pin_num 3
19 43 0
44 44 0
36 36 0
Net_id 69
pin_num 3
30 52 0
37 50 0
24 50 0
Net_id 70
pin_num 3
30 11 0
19 3 0
9 8 0
Net_id 71
pin_num 3
36 15 0
28 39 0
28 3 0
Net_id 72
pin_num 3
13 27 0
3 37 0
39 27 0
Net_id 73
pin_num 3
43 8 0
56 0 0
36 4 0
Net_id 74
pin_num 3
51 6 0
58 4 0
55 4 0
Net_id 75
pin_num 3
47 45 0
52 57 0
33 30 0
Net_id 76
pin_num 3
48 9 0
56 4 0
54 7 0
Net_id 77
pin_num 3
51 49 0
55 50 0
44 48 0
Net_id 78
pin_num 3
59 42 0
48 39 0
54 24 0
Net_id 79
pin_num 3
35 53 0
30 51 0
45 32 0
Net_id 80
pin_num 3
30 18 0
22 17 0
10 18 0
Net_id 81
pin_num 2
52 3 0
57 9 0
Net_id 82
pin_num 2
19 57 0
25 45 0
Net_id 83
pin_num 2
47 50 0
47 53 0
Net_id 84
pin_num 2
40 14 0
50 9 0
Net_id 85
pin_num 2
9 51 0
10 59 0
Net_id 86
pin_num 2
44 11 0
55 1 0
Net_id 87
pin_num 2
1 14 0
21 32 0
Net_id 88
pin_num 2
23 49 0
14 56 0
Net_id 89
pin_num 2
21 44 0
18 43 0
Net_id 90
pin_num 2
26 29 0
32 35 0
Net_id 91
pin_num 2
0 1 0
3 7 0
Net_id 92
pin_num 2
56 57 0
57 39 0
Net_id 93
pin_num 2
18 7 0
30 15 0
Net_id 94
pin_num 2
53 38 0
58 55 0
Net_id 95
pin_num 2
13 19 0
0 24 0
Net_id 96
pin_num 2
4 28 0
2 44 0
Net_id 97
pin_num 2
40 34 0
28 26 0
Net_id 98
pin_num 2
42 50 0
17 57 0
Net_id 99
pin_num 2
1 18 0
16 37 0
Net_id 100
pin_num 2
56 39 0
51 39 0
Net_id 101
pin_num 2
58 50 0
53 57 0
Net_id 102
pin_num 2
56 38 0
46 22 0
Net_id 103
pin_num 2
15 2 0
12 13 0
Net_id 104
pin_num 2
22 58 0
14 50 0
Net_id 105
pin_num 2
11 31 0
24 42 0
Net_id 106
pin_num 2
46 9 0
29 1 0
Net_id 107
pin_num 2
29 53 0
25 53 0
Net_id 108
pin_num 2
29 40 0
44 56 0
Net_id 109
pin_num 2
19 25 0
22 38 0
Net_id 110
pin_num 2
25 21 0
12 2 0
Net_id 111
pin_num 2
14 37 0
3 45 0
Net_id 112
pin_num 2
13 7 0
8 16 0
Net_id 113
pin_num 2
37 17 0
54 13 0
Net_id 114
pin_num 2
22 42 0
10 43 0
Net_id 115
pin_num 2
10 31 0
1 24 0
Net_id 116
pin_num 2
15 23 0
24 24 0
Net_id 117
pin_num 2
13 28 0
2 43 0
Net_id 118
pin_num 2
51 42 0
34 57 0
Net_id 119
pin_num 2
33 24 0
54 16 0
Net_id 120
pin_num 2
4 20 0
4 41 0
Net_id 121
pin_num 2
53 10 0
55 17 0
Net_id 122
pin_num 2
48 46 0
36 39 0
Net_id 123
pin_num 2
43 37 0
28 51 0
Net_id 124
pin_num 2
18 41 0
11 38 0
Net_id 125
pin_num 2
20 7 0
12 6 0
Net_id 126
pin_num 2
44 24 0
35 8 0
Net_id 127
pin_num 2
17 30 0
14 31 0
Net_id 128
pin_num 2
24 40 0
33 57 0
Net_id 129
pin_num 2
22 50 0
35 54 0
Net_id 130
pin_num 2
34 42 0
50 50 0
Net_id 131
pin_num 2
22 2 0
12 3 0
Net_id 132
pin_num 2
52 22 0
45 41 0
Net_id 133
pin_num 2
24 19 0
42 9 0
Net_id 134
pin_num 2
18 17 0
7 41 0
Net_id 135
pin_num 2
5 17 0
20 32 0
Net_id 136
pin_num 2
58 25 0
50 32 0
Net_id 137
pin_num 2
46 4 0
49 0 0
Net_id 138
pin_num 2
26 42 0
33 59 0
Net_id 139
pin_num 2
41 43 0
4 46 0
Net_id 140
pin_num 2
6 22 0
11 1 0
Net_id 141
pin_num 2
55 58 0
56 56 0
Net_id 142
pin_num 2
14 27 0
22 39 0
Net_id 143
pin_num 2
3 49 0
17 58 0
Net_id 144
pin_num 2
26 6 0
24 7 0
Net_id 145
pin_num 2
15 51 0
2 57 0
Net_id 146
pin_num 2
9 58 0
2 56 0
Net_id 147
pin_num 2
55 3 0
54 12 0
Net_id 148
pin_num 2
38 22 0
47 23 0
Net_id 149
pin_num 2
39 44 0
44 40 0
Net_id 150
pin_num 2
27 39 0
13 43 0
Net_id 151
pin_num 2
49 58 0
50 35 0
Net_id 152
pin_num 2
31 8 0
36 5 0
Net_id 153
pin_num 2
51 2 0
30 27 0
Net_id 154
pin_num 2
24 43 0
28 41 0
Net_id 155
pin_num 2
23 58 0
36 48 0
Net_id 156
pin_num 2
23 31 0
48 12 0
Net_id 157
pin_num 2
37 15 0
59 4 0
Net_id 158
pin_num 2
45 17 0
53 16 0
Net_id 159
pin_num 2
18 53 0
36 47 0
Net_id 160
pin_num 2
0 57 0
17 40 0
Net_id 161
pin_num 2
24 20 0
54 9 0
Net_id 162
pin_num 2
13 6 0
19 1 0
