Width 60
Height 60
Layer 6
Total_WL 6829
Obstacle_num 144
20 16 0 24 17 0
46 25 0 56 26 0
52 50 0 59 51 0
54 45 0 58 46 0
1 11 0 10 12 0
1 51 0 7 52 0
44 16 0 54 17 0
42 12 0 50 13 0
32 20 0 36 21 0
21 30 0 29 31 0
41 43 0 49 44 0
40 20 0 50 21 0
4 25 0 14 26 0
38 19 0 41 20 0
12 52 0 16 53 0
3 30 0 9 31 0
48 41 0 58 42 0
0 21 0 7 22 0
40 3 0 49 4 0
18 30 0 21 31 0
24 23 0 27 24 0
32 11 0 35 12 0
12 48 0 21 49 0
19 35 0 24 36 0
48 0 1 49 4 1
39 45 1 40 52 1
31 30 1 32 37 1
20 48 1 21 52 1
8 16 1 9 19 1
11 24 1 12 28 1
51 22 1 52 32 1
34 35 1 35 45 1
42 52 1 43 59 1
14 45 1 15 52 1
2 44 1 3 47 1
37 51 1 38 56 1
19 53 1 20 56 1
4 32 1 5 39 1
34 16 1 35 25 1
23 32 1 24 38 1
5 42 1 6 45 1
54 46 1 55 54 1
27 1 1 28 5 1
4 20 1 5 29 1
42 5 1 43 12 1
31 44 1 32 53 1
44 18 1 45 21 1
6 22 1 7 32 1
8 13 2 11 14 2
49 52 2 53 53 2
28 31 2 38 32 2
18 53 2 21 54 2
33 41 2 39 42 2
40 48 2 43 49 2
24 32 2 29 33 2
28 13 2 35 14 2
21 48 2 27 49 2
10 19 2 18 20 2
39 23 2 44 24 2
15 30 2 23 31 2
46 17 2 55 18 2
1 15 2 4 16 2
50 58 2 58 59 2
18 36 2 27 37 2
50 24 2 55 25 2
11 7 2 14 8 2
45 24 2 48 25 2
1 6 2 10 7 2
49 32 2 59 33 2
13 25 2 20 26 2
30 21 2 39 22 2
30 9 2 35 10 2
3 34 3 4 37 3
35 26 3 36 35 3
47 41 3 48 44 3
26 36 3 27 41 3
17 48 3 18 57 3
1 8 3 2 11 3
22 45 3 23 51 3
57 37 3 58 43 3
44 47 3 45 50 3
49 25 3 50 31 3
37 5 3 38 14 3
34 27 3 35 32 3
58 18 3 59 22 3
23 10 3 24 15 3
5 45 3 6 50 3
0 18 3 1 23 3
53 18 3 54 22 3
33 24 3 34 33 3
40 20 3 41 26 3
38 24 3 39 31 3
51 40 3 52 46 3
41 12 3 42 20 3
4 38 3 5 47 3
32 52 3 33 59 3
44 52 4 51 53 4
40 5 4 43 6 4
40 26 4 49 27 4
9 43 4 17 44 4
16 39 4 23 40 4
33 37 4 41 38 4
22 47 4 26 48 4
1 46 4 10 47 4
1 39 4 4 40 4
41 55 4 46 56 4
25 56 4 33 57 4
1 42 4 5 43 4
47 25 4 56 26 4
18 24 4 24 25 4
15 52 4 23 53 4
31 21 4 35 22 4
11 30 4 17 31 4
13 51 4 18 52 4
54 3 4 59 4 4
13 12 4 21 13 4
0 16 4 6 17 4
9 1 4 17 2 4
39 45 4 49 46 4
13 42 4 21 43 4
29 27 5 30 36 5
51 12 5 52 20 5
12 25 5 13 29 5
16 38 5 17 47 5
46 42 5 47 50 5
10 10 5 11 19 5
52 9 5 53 12 5
54 3 5 55 11 5
35 19 5 36 23 5
27 36 5 28 45 5
11 30 5 12 39 5
35 32 5 36 37 5
43 30 5 44 39 5
44 48 5 45 52 5
22 40 5 23 50 5
20 36 5 21 40 5
11 3 5 12 7 5
15 50 5 16 56 5
52 41 5 53 50 5
31 6 5 32 12 5
15 44 5 16 49 5
32 25 5 33 35 5
36 27 5 37 30 5
6 31 5 7 40 5
Net_num 159
Net_id 0
pin_num 5
56 21 0
40 12 0
47 15 0
43 17 0
42 44 0
Net_id 1
pin_num 5
38 2 0
41 1 0
41 11 0
26 1 0
16 0 0
Net_id 2
pin_num 5
49 36 0
52 29 0
59 19 0
59 26 0
59 12 0
Net_id 3
pin_num 5
43 25 0
29 27 0
33 4 0
56 18 0
36 9 0
Net_id 4
pin_num 5
34 53 0
51 55 0
49 43 0
49 59 0
35 43 0
Net_id 5
pin_num 5
34 55 0
40 55 0
31 59 0
36 54 0
46 52 0
Net_id 6
pin_num 5
13 37 0
19 28 0
0 35 0
40 28 0
35 35 0
Net_id 7
pin_num 5
46 48 0
47 50 0
47 44 0
47 27 0
59 36 0
Net_id 8
pin_num 5
56 30 0
58 25 0
53 17 0
50 27 0
55 11 0
Net_id 9
pin_num 5
41 46 0
43 42 0
28 42 0
59 42 0
54 59 0
Net_id 10
pin_num 5
10 15 0
14 15 0
13 32 0
9 27 0
9 17 0
Net_id 11
pin_num 5
59 28 0
54 27 0
59 44 0
40 38 0
46 41 0
Net_id 12
pin_num 5
13 45 0
20 41 0
30 40 0
27 27 0
25 29 0
Net_id 13
pin_num 5
24 35 0
29 40 0
4 40 0
10 59 0
59 35 0
Net_id 14
pin_num 5
20 27 0
17 28 0
25 17 0
10 31 0
13 14 0
Net_id 15
pin_num 5
50 31 0
54 31 0
57 27 0
57 22 0
59 23 0
Net_id 16
pin_num 5
58 54 0
46 49 0
51 46 0
33 50 0
37 54 0
Net_id 17
pin_num 5
20 2 0
15 2 0
0 0 0
7 1 0
17 8 0
Net_id 18
pin_num 5
3 4 0
1 3 0
7 7 0
5 17 0
18 5 0
Net_id 19
pin_num 5
15 27 0
28 24 0
28 43 0
32 33 0
40 35 0
Net_id 20
pin_num 4
8 32 0
12 29 0
10 45 0
0 34 0
Net_id 21
pin_num 4
31 5 0
36 4 0
37 5 0
19 13 0
Net_id 22
pin_num 4
5 44 0
0 46 0
0 37 0
9 58 0
Net_id 23
pin_num 4
54 10 0
47 9 0
57 21 0
47 22 0
Net_id 24
pin_num 4
49 55 0
30 52 0
48 44 0
53 30 0
Net_id 25
pin_num 4
48 39 0
31 43 0
41 37 0
38 33 0
Net_id 26
pin_num 4
58 41 0
48 32 0
41 30 0
32 30 0
Net_id 27
pin_num 4
8 49 0
1 52 0
8 45 0
16 59 0
Net_id 28
pin_num 4
30 34 0
19 41 0
8 34 0
30 19 0
Net_id 29
pin_num 4
49 52 0
58 48 0
55 52 0
56 36 0
Net_id 30
pin_num 4
39 3 0
27 3 0
32 17 0
42 13 0
Net_id 31
pin_num 4
40 40 0
46 31 0
49 23 0
33 31 0
Net_id 32
pin_num 4
25 25 0
14 19 0
20 6 0
4 6 0
Net_id 33
pin_num 4
18 45 0
13 46 0
43 13 0
27 17 0
Net_id 34
pin_num 4
29 17 0
34 32 0
57 18 0
27 6 0
Net_id 35
pin_num 4
41 19 0
35 9 0
27 10 0
24 14 0
Net_id 36
pin_num 4
41 7 0
48 5 0
38 0 0
44 4 0
Net_id 37
pin_num 4
38 24 0
38 10 0
33 16 0
49 14 0
Net_id 38
pin_num 4
5 23 0
15 22 0
13 4 0
0 5 0
Net_id 39
pin_num 3
17 16 0
23 22 0
37 0 0
Net_id 40
pin_num 3
38 20 0
49 33 0
47 53 0
Net_id 41
pin_num 3
36 58 0
48 49 0
59 50 0
Net_id 42
pin_num 3
0 36 0
22 39 0
10 11 0
Net_id 43
pin_num 3
17 38 0
26 52 0
7 38 0
Net_id 44
pin_num 3
45 56 0
48 59 0
25 56 0
Net_id 45
pin_num 3
17 49 0
24 31 0
30 54 0
Net_id 46
pin_num 3
2 23 0
32 34 0
6 45 0
Net_id 47
pin_num 3
15 53 0
18 41 0
52 47 0
Net_id 48
pin_num 3
11 43 0
12 37 0
30 36 0
Net_id 49
pin_num 3
52 42 0
56 35 0
56 4 0
Net_id 50
pin_num 3
25 31 0
26 36 0
11 33 0
Net_id 51
pin_num 3
8 31 0
3 25 0
17 41 0
Net_id 52
pin_num 3
40 24 0
52 14 0
26 29 0
Net_id 53
pin_num 3
5 29 0
0 11 0
9 37 0
Net_id 54
pin_num 3
56 3 0
58 10 0
54 0 0
Net_id 55
pin_num 3
47 6 0
53 6 0
48 15 0
Net_id 56
pin_num 3
0 48 0
9 55 0
20 58 0
Net_id 57
pin_num 3
46 45 0
33 40 0
25 16 0
Net_id 58
pin_num 3
38 45 0
26 17 0
42 1 0
Net_id 59
pin_num 3
39 45 0
21 41 0
27 29 0
Net_id 60
pin_num 3
0 56 0
21 44 0
32 47 0
Net_id 61
pin_num 3
31 36 0
51 36 0
58 17 0
Net_id 62
pin_num 3
8 48 0
19 29 0
0 32 0
Net_id 63
pin_num 3
3 27 0
16 41 0
1 53 0
Net_id 64
pin_num 3
51 13 0
59 15 0
55 30 0
Net_id 65
pin_num 3
0 8 0
4 18 0
50 13 0
Net_id 66
pin_num 3
35 50 0
47 56 0
50 48 0
Net_id 67
pin_num 3
22 32 0
12 44 0
16 19 0
Net_id 68
pin_num 3
1 14 0
8 14 0
14 0 0
Net_id 69
pin_num 3
1 30 0
2 22 0
6 0 0
Net_id 70
pin_num 3
51 30 0
58 43 0
41 49 0
Net_id 71
pin_num 3
44 33 0
27 44 0
24 32 0
Net_id 72
pin_num 3
9 26 0
0 23 0
3 50 0
Net_id 73
pin_num 3
15 40 0
15 33 0
15 49 0
Net_id 74
pin_num 3
9 20 0
17 20 0
29 23 0
Net_id 75
pin_num 3
57 57 0
52 19 0
50 40 0
Net_id 76
pin_num 3
8 13 0
5 28 0
5 20 0
Net_id 77
pin_num 2
58 11 0
45 1 0
Net_id 78
pin_num 2
52 49 0
57 53 0
Net_id 79
pin_num 2
10 51 0
7 48 0
Net_id 80
pin_num 2
18 42 0
13 42 0
Net_id 81
pin_num 2
36 12 0
39 22 0
Net_id 82
pin_num 2
15 47 0
13 57 0
Net_id 83
pin_num 2
51 40 0
58 46 0
Net_id 84
pin_num 2
33 58 0
35 59 0
Net_id 85
pin_num 2
33 12 0
36 15 0
Net_id 86
pin_num 2
15 26 0
1 54 0
Net_id 87
pin_num 2
53 12 0
56 27 0
Net_id 88
pin_num 2
31 53 0
24 53 0
Net_id 89
pin_num 2
33 41 0
48 35 0
Net_id 90
pin_num 2
25 55 0
29 55 0
Net_id 91
pin_num 2
21 57 0
40 49 0
Net_id 92
pin_num 2
9 42 0
6 47 0
Net_id 93
pin_num 2
8 20 0
10 46 0
Net_id 94
pin_num 2
44 46 0
48 46 0
Net_id 95
pin_num 2
1 57 0
21 49 0
Net_id 96
pin_num 2
0 6 0
2 16 0
Net_id 97
pin_num 2
37 21 0
22 18 0
Net_id 98
pin_num 2
29 13 0
18 26 0
Net_id 99
pin_num 2
20 10 0
5 4 0
Net_id 100
pin_num 2
7 43 0
20 54 0
Net_id 101
pin_num 2
13 54 0
23 55 0
Net_id 102
pin_num 2
25 2 0
30 7 0
Net_id 103
pin_num 2
47 10 0
26 3 0
Net_id 104
pin_num 2
23 0 0
37 26 0
Net_id 105
pin_num 2
45 59 0
30 49 0
Net_id 106
pin_num 2
35 47 0
27 42 0
Net_id 107
pin_num 2
53 33 0
35 57 0
Net_id 108
pin_num 2
40 57 0
57 55 0
Net_id 109
pin_num 2
21 36 0
13 39 0
Net_id 110
pin_num 2
51 51 0
44 28 0
Net_id 111
pin_num 2
8 3 0
12 16 0
Net_id 112
pin_num 2
51 27 0
52 24 0
Net_id 113
pin_num 2
19 17 0
24 12 0
Net_id 114
pin_num 2
54 39 0
51 33 0
Net_id 115
pin_num 2
25 8 0
17 1 0
Net_id 116
pin_num 2
32 51 0
28 44 0
Net_id 117
pin_num 2
10 47 0
1 55 0
Net_id 118
pin_num 2
40 34 0
23 49 0
Net_id 119
pin_num 2
19 22 0
30 39 0
Net_id 120
pin_num 2
28 57 0
43 49 0
Net_id 121
pin_num 2
18 46 0
40 56 0
Net_id 122
pin_num 2
23 53 0
16 50 0
Net_id 123
pin_num 2
52 20 0
57 36 0
Net_id 124
pin_num 2
46 11 0
58 1 0
Net_id 125
pin_num 2
27 50 0
20 59 0
Net_id 126
pin_num 2
19 52 0
29 25 0
Net_id 127
pin_num 2
48 28 0
46 40 0
Net_id 128
pin_num 2
31 25 0
57 46 0
Net_id 129
pin_num 2
38 30 0
43 22 0
Net_id 130
pin_num 2
4 55 0
1 42 0
Net_id 131
pin_num 2
55 10 0
58 8 0
Net_id 132
pin_num 2
4 10 0
1 0 0
Net_id 133
pin_num 2
25 49 0
21 43 0
Net_id 134
pin_num 2
18 11 0
30 16 0
Net_id 135
pin_num 2
57 19 0
40 32 0
Net_id 136
pin_num 2
3 20 0
13 13 0
Net_id 137
pin_num 2
6 53 0
19 44 0
Net_id 138
pin_num 2
37 40 0
29 54 0
Net_id 139
pin_num 2
3 33 0
17 43 0
Net_id 140
pin_num 2
34 59 0
25 54 0
Net_id 141
pin_num 2
14 40 0
1 33 0
Net_id 142
pin_num 2
23 43 0
32 41 0
Net_id 143
pin_num 2
54 23 0
50 24 0
Net_id 144
pin_num 2
39 48 0
55 44 0
Net_id 145
pin_num 2
33 27 0
43 28 0
Net_id 146
pin_num 2
1 41 0
26 58 0
Net_id 147
pin_num 2
48 50 0
52 39 0
Net_id 148
pin_num 2
3 9 0
12 21 0
Net_id 149
pin_num 2
46 30 0
39 29 0
Net_id 150
pin_num 2
30 9 0
23 10 0
Net_id 151
pin_num 2
26 13 0
19 4 0
Net_id 152
pin_num 2
14 53 0
9 39 0
Net_id 153
pin_num 2
12 54 0
3 58 0
Net_id 154
pin_num 2
4 50 0
11 53 0
Net_id 155
pin_num 2
16 21 0
22 10 0
Net_id 156
pin_num 2
30 18 0
26 25 0
Net_id 157
pin_num 2
7 8 0
17 12 0
Net_id 158
pin_num 2
1 15 0
17 21 0
