Width 60
Height 60
Layer 6
Total_WL 6920
Obstacle_num 144
5 28 0 15 29 0
23 6 0 28 7 0
42 52 0 50 53 0
5 7 0 11 8 0
0 56 0 6 57 0
50 25 0 58 26 0
8 53 0 13 54 0
55 1 0 58 2 0
26 50 0 34 51 0
10 35 0 20 36 0
10 40 0 16 41 0
13 43 0 23 44 0
39 21 0 43 22 0
47 18 0 56 19 0
18 8 0 23 9 0
19 33 0 24 34 0
18 22 0 25 23 0
54 30 0 57 31 0
30 49 0 40 50 0
33 7 0 42 8 0
47 21 0 50 22 0
53 33 0 58 34 0
42 39 0 50 40 0
37 1 0 45 2 0
36 39 1 37 45 1
10 32 1 11 37 1
40 19 1 41 25 1
19 15 1 20 23 1
34 42 1 35 48 1
5 10 1 6 18 1
53 49 1 54 57 1
28 3 1 29 13 1
10 24 1 11 32 1
45 8 1 46 17 1
49 14 1 50 19 1
47 44 1 48 47 1
1 45 1 2 55 1
33 10 1 34 13 1
16 36 1 17 44 1
48 27 1 49 30 1
21 53 1 22 57 1
37 17 1 38 22 1
46 10 1 47 16 1
49 38 1 50 43 1
35 27 1 36 33 1
18 38 1 19 42 1
42 23 1 43 26 1
9 13 1 10 23 1
6 40 2 12 41 2
3 53 2 9 54 2
30 51 2 38 52 2
18 15 2 27 16 2
39 36 2 49 37 2
46 15 2 55 16 2
21 45 2 28 46 2
43 19 2 46 20 2
38 14 2 44 15 2
28 30 2 38 31 2
39 18 2 44 19 2
15 44 2 20 45 2
44 13 2 53 14 2
18 18 2 25 19 2
24 37 2 34 38 2
36 45 2 45 46 2
41 31 2 48 32 2
24 33 2 27 34 2
20 28 2 28 29 2
22 26 2 29 27 2
37 17 2 46 18 2
35 44 2 41 45 2
12 20 2 16 21 2
13 51 2 21 52 2
17 3 3 18 7 3
11 16 3 12 22 3
2 15 3 3 21 3
12 12 3 13 17 3
17 53 3 18 57 3
28 40 3 29 43 3
44 16 3 45 21 3
32 21 3 33 27 3
5 32 3 6 37 3
39 11 3 40 17 3
55 41 3 56 50 3
48 18 3 49 27 3
8 24 3 9 30 3
32 9 3 33 14 3
47 1 3 48 4 3
6 47 3 7 51 3
55 7 3 56 11 3
1 35 3 2 38 3
42 42 3 43 45 3
46 2 3 47 12 3
13 25 3 14 35 3
46 49 3 47 54 3
45 52 3 46 58 3
41 23 3 42 32 3
12 16 4 16 17 4
3 7 4 9 8 4
19 39 4 29 40 4
30 56 4 35 57 4
33 35 4 43 36 4
32 51 4 41 52 4
21 15 4 30 16 4
51 38 4 55 39 4
9 6 4 12 7 4
39 24 4 43 25 4
17 11 4 22 12 4
3 50 4 6 51 4
40 43 4 47 44 4
52 20 4 55 21 4
19 43 4 27 44 4
40 26 4 45 27 4
39 27 4 49 28 4
38 17 4 47 18 4
46 55 4 52 56 4
44 14 4 50 15 4
5 9 4 14 10 4
46 15 4 56 16 4
19 50 4 26 51 4
27 54 4 37 55 4
14 30 5 15 38 5
0 25 5 1 33 5
35 22 5 36 25 5
22 54 5 23 58 5
50 34 5 51 43 5
3 19 5 4 28 5
37 7 5 38 16 5
27 0 5 28 9 5
26 28 5 27 38 5
24 35 5 25 40 5
10 25 5 11 28 5
9 46 5 10 50 5
24 31 5 25 35 5
14 38 5 15 42 5
4 31 5 5 34 5
2 33 5 3 36 5
2 46 5 3 50 5
14 10 5 15 15 5
23 11 5 24 17 5
46 34 5 47 43 5
10 13 5 11 18 5
47 32 5 48 39 5
57 50 5 58 58 5
15 21 5 16 29 5
Net_num 162
Net_id 0
pin_num 5
5 45 0
0 54 0
16 50 0
10 59 0
9 44 0
Net_id 1
pin_num 5
30 53 0
10 51 0
27 41 0
12 30 0
17 30 0
Net_id 2
pin_num 5
30 51 0
33 57 0
47 53 0
48 48 0
38 59 0
Net_id 3
pin_num 5
24 8 0
35 11 0
22 12 0
27 18 0
29 0 0
Net_id 4
pin_num 5
25 2 0
9 1 0
11 0 0
11 14 0
12 5 0
Net_id 5
pin_num 5
46 27 0
59 26 0
42 27 0
44 43 0
46 37 0
Net_id 6
pin_num 5
5 18 0
12 25 0
31 25 0
0 34 0
8 26 0
Net_id 7
pin_num 5
45 5 0
41 13 0
43 0 0
34 5 0
26 12 0
Net_id 8
pin_num 5
42 41 0
35 40 0
28 40 0
29 58 0
37 59 0
Net_id 9
pin_num 5
45 8 0
55 14 0
51 19 0
59 16 0
43 13 0
Net_id 10
pin_num 5
12 39 0
0 24 0
0 35 0
5 46 0
33 25 0
Net_id 11
pin_num 5
41 32 0
34 18 0
59 25 0
46 24 0
51 26 0
Net_id 12
pin_num 5
25 37 0
23 27 0
2 37 0
6 25 0
18 31 0
Net_id 13
pin_num 5
31 48 0
33 42 0
19 47 0
34 26 0
25 50 0
Net_id 14
pin_num 5
46 55 0
59 58 0
51 59 0
57 43 0
50 50 0
Net_id 15
pin_num 5
18 26 0
20 23 0
32 24 0
31 42 0
28 21 0
Net_id 16
pin_num 5
48 30 0
52 35 0
39 35 0
48 43 0
53 13 0
Net_id 17
pin_num 5
48 58 0
59 53 0
55 59 0
55 56 0
52 43 0
Net_id 18
pin_num 5
12 33 0
4 24 0
4 11 0
0 19 0
3 18 0
Net_id 19
pin_num 4
52 51 0
55 49 0
59 42 0
54 42 0
Net_id 20
pin_num 4
21 9 0
31 13 0
29 2 0
40 25 0
Net_id 21
pin_num 4
53 40 0
51 40 0
55 34 0
56 52 0
Net_id 22
pin_num 4
57 44 0
58 50 0
51 46 0
48 44 0
Net_id 23
pin_num 4
57 2 0
57 10 0
47 10 0
47 34 0
Net_id 24
pin_num 4
56 54 0
52 52 0
58 55 0
58 32 0
Net_id 25
pin_num 4
38 53 0
45 56 0
41 34 0
47 59 0
Net_id 26
pin_num 4
37 11 0
37 4 0
32 10 0
30 5 0
Net_id 27
pin_num 4
22 57 0
26 54 0
6 54 0
11 59 0
Net_id 28
pin_num 4
43 41 0
52 31 0
46 45 0
40 52 0
Net_id 29
pin_num 4
42 40 0
46 38 0
32 38 0
50 39 0
Net_id 30
pin_num 4
36 15 0
49 19 0
44 0 0
28 17 0
Net_id 31
pin_num 4
43 54 0
48 42 0
58 52 0
51 51 0
Net_id 32
pin_num 4
42 56 0
46 47 0
34 57 0
58 54 0
Net_id 33
pin_num 4
38 6 0
51 6 0
50 17 0
53 29 0
Net_id 34
pin_num 4
54 4 0
46 4 0
59 17 0
48 7 0
Net_id 35
pin_num 4
58 6 0
46 0 0
43 7 0
58 3 0
Net_id 36
pin_num 4
23 39 0
28 48 0
27 42 0
45 44 0
Net_id 37
pin_num 4
32 31 0
45 31 0
50 23 0
21 31 0
Net_id 38
pin_num 4
3 25 0
12 29 0
3 29 0
14 15 0
Net_id 39
pin_num 4
4 5 0
10 2 0
26 1 0
25 3 0
Net_id 40
pin_num 4
31 35 0
23 30 0
9 31 0
24 24 0
Net_id 41
pin_num 3
26 11 0
21 4 0
9 4 0
Net_id 42
pin_num 3
6 53 0
2 47 0
26 43 0
Net_id 43
pin_num 3
7 4 0
2 2 0
3 17 0
Net_id 44
pin_num 3
35 27 0
48 26 0
42 16 0
Net_id 45
pin_num 3
52 24 0
48 23 0
25 20 0
Net_id 46
pin_num 3
16 9 0
25 22 0
47 19 0
Net_id 47
pin_num 3
4 38 0
16 54 0
10 58 0
Net_id 48
pin_num 3
26 58 0
34 59 0
19 58 0
Net_id 49
pin_num 3
50 32 0
59 52 0
40 58 0
Net_id 50
pin_num 3
54 52 0
55 57 0
47 50 0
Net_id 51
pin_num 3
8 49 0
10 46 0
16 49 0
Net_id 52
pin_num 3
20 27 0
13 7 0
3 20 0
Net_id 53
pin_num 3
59 59 0
47 51 0
52 57 0
Net_id 54
pin_num 3
37 38 0
25 49 0
36 30 0
Net_id 55
pin_num 3
35 15 0
27 14 0
45 12 0
Net_id 56
pin_num 3
51 3 0
58 7 0
40 0 0
Net_id 57
pin_num 3
31 51 0
49 59 0
25 55 0
Net_id 58
pin_num 3
15 3 0
10 13 0
0 10 0
Net_id 59
pin_num 3
58 43 0
53 31 0
40 28 0
Net_id 60
pin_num 3
37 40 0
40 11 0
37 52 0
Net_id 61
pin_num 3
53 46 0
54 57 0
52 12 0
Net_id 62
pin_num 3
18 23 0
21 34 0
21 6 0
Net_id 63
pin_num 3
19 1 0
25 4 0
25 0 0
Net_id 64
pin_num 3
3 10 0
6 2 0
0 5 0
Net_id 65
pin_num 3
33 16 0
28 18 0
26 2 0
Net_id 66
pin_num 3
25 34 0
13 14 0
22 13 0
Net_id 67
pin_num 3
31 22 0
13 38 0
32 35 0
Net_id 68
pin_num 3
27 16 0
21 16 0
27 33 0
Net_id 69
pin_num 3
31 52 0
15 41 0
45 49 0
Net_id 70
pin_num 3
15 11 0
2 1 0
3 30 0
Net_id 71
pin_num 3
8 15 0
0 12 0
2 7 0
Net_id 72
pin_num 3
40 26 0
32 43 0
0 44 0
Net_id 73
pin_num 3
17 52 0
30 58 0
22 59 0
Net_id 74
pin_num 3
17 23 0
10 44 0
6 57 0
Net_id 75
pin_num 3
26 20 0
37 16 0
54 23 0
Net_id 76
pin_num 3
51 48 0
56 39 0
46 42 0
Net_id 77
pin_num 3
46 33 0
35 26 0
58 22 0
Net_id 78
pin_num 3
39 0 0
26 7 0
47 2 0
Net_id 79
pin_num 3
49 46 0
45 34 0
27 34 0
Net_id 80
pin_num 3
56 16 0
50 33 0
59 37 0
Net_id 81
pin_num 2
26 51 0
40 49 0
Net_id 82
pin_num 2
44 7 0
53 1 0
Net_id 83
pin_num 2
48 11 0
38 18 0
Net_id 84
pin_num 2
42 46 0
55 50 0
Net_id 85
pin_num 2
54 11 0
55 2 0
Net_id 86
pin_num 2
19 41 0
9 30 0
Net_id 87
pin_num 2
4 10 0
21 5 0
Net_id 88
pin_num 2
9 57 0
14 45 0
Net_id 89
pin_num 2
26 41 0
20 54 0
Net_id 90
pin_num 2
32 32 0
5 40 0
Net_id 91
pin_num 2
14 19 0
2 23 0
Net_id 92
pin_num 2
29 29 0
11 41 0
Net_id 93
pin_num 2
19 3 0
7 3 0
Net_id 94
pin_num 2
53 0 0
57 3 0
Net_id 95
pin_num 2
20 32 0
32 27 0
Net_id 96
pin_num 2
41 27 0
37 27 0
Net_id 97
pin_num 2
19 15 0
9 3 0
Net_id 98
pin_num 2
57 38 0
58 39 0
Net_id 99
pin_num 2
50 48 0
42 37 0
Net_id 100
pin_num 2
18 7 0
24 12 0
Net_id 101
pin_num 2
53 43 0
51 47 0
Net_id 102
pin_num 2
9 17 0
5 27 0
Net_id 103
pin_num 2
3 52 0
14 29 0
Net_id 104
pin_num 2
22 46 0
39 43 0
Net_id 105
pin_num 2
57 14 0
49 2 0
Net_id 106
pin_num 2
28 2 0
28 1 0
Net_id 107
pin_num 2
24 23 0
20 13 0
Net_id 108
pin_num 2
56 45 0
37 32 0
Net_id 109
pin_num 2
58 26 0
38 11 0
Net_id 110
pin_num 2
53 55 0
39 52 0
Net_id 111
pin_num 2
20 34 0
11 30 0
Net_id 112
pin_num 2
15 5 0
7 17 0
Net_id 113
pin_num 2
17 4 0
29 23 0
Net_id 114
pin_num 2
12 13 0
32 36 0
Net_id 115
pin_num 2
2 14 0
23 38 0
Net_id 116
pin_num 2
47 20 0
59 36 0
Net_id 117
pin_num 2
58 13 0
56 34 0
Net_id 118
pin_num 2
43 42 0
43 38 0
Net_id 119
pin_num 2
35 35 0
59 24 0
Net_id 120
pin_num 2
26 4 0
38 3 0
Net_id 121
pin_num 2
56 19 0
46 16 0
Net_id 122
pin_num 2
33 3 0
43 21 0
Net_id 123
pin_num 2
38 9 0
19 10 0
Net_id 124
pin_num 2
17 21 0
27 24 0
Net_id 125
pin_num 2
30 45 0
17 38 0
Net_id 126
pin_num 2
33 24 0
38 28 0
Net_id 127
pin_num 2
53 26 0
49 25 0
Net_id 128
pin_num 2
26 23 0
22 38 0
Net_id 129
pin_num 2
59 47 0
52 42 0
Net_id 130
pin_num 2
17 34 0
8 35 0
Net_id 131
pin_num 2
20 55 0
33 58 0
Net_id 132
pin_num 2
31 45 0
36 45 0
Net_id 133
pin_num 2
22 49 0
15 55 0
Net_id 134
pin_num 2
57 15 0
45 1 0
Net_id 135
pin_num 2
36 26 0
42 32 0
Net_id 136
pin_num 2
20 10 0
43 4 0
Net_id 137
pin_num 2
15 44 0
12 27 0
Net_id 138
pin_num 2
24 35 0
16 19 0
Net_id 139
pin_num 2
15 18 0
8 18 0
Net_id 140
pin_num 2
18 16 0
8 20 0
Net_id 141
pin_num 2
12 44 0
5 55 0
Net_id 142
pin_num 2
33 52 0
42 55 0
Net_id 143
pin_num 2
6 18 0
18 28 0
Net_id 144
pin_num 2
27 39 0
34 39 0
Net_id 145
pin_num 2
7 25 0
18 6 0
Net_id 146
pin_num 2
47 13 0
55 3 0
Net_id 147
pin_num 2
49 23 0
54 21 0
Net_id 148
pin_num 2
49 12 0
46 25 0
Net_id 149
pin_num 2
40 4 0
50 22 0
Net_id 150
pin_num 2
7 31 0
25 14 0
Net_id 151
pin_num 2
54 7 0
45 25 0
Net_id 152
pin_num 2
0 52 0
3 58 0
Net_id 153
pin_num 2
7 9 0
9 2 0
Net_id 154
pin_num 2
19 53 0
3 36 0
Net_id 155
pin_num 2
27 40 0
8 46 0
Net_id 156
pin_num 2
48 25 0
37 20 0
Net_id 157
pin_num 2
47 36 0
53 57 0
Net_id 158
pin_num 2
5 0 0
6 16 0
Net_id 159
pin_num 2
26 3 0
54 22 0
Net_id 160
pin_num 2
42 0 0
34 16 0
Net_id 161
pin_num 2
2 42 0
0 37 0
