Width 60
Height 60
Layer 6
Total_WL 7222
Obstacle_num 144
31 21 0 34 22 0
13 18 0 19 19 0
19 58 0 27 59 0
6 16 0 14 17 0
6 15 0 10 16 0
20 41 0 30 42 0
10 17 0 14 18 0
33 0 0 42 1 0
10 52 0 17 53 0
45 25 0 52 26 0
31 6 0 41 7 0
33 29 0 39 30 0
50 4 0 54 5 0
54 33 0 59 34 0
43 49 0 48 50 0
33 42 0 40 43 0
31 57 0 35 58 0
6 44 0 16 45 0
46 15 0 53 16 0
17 14 0 21 15 0
38 8 0 43 9 0
46 13 0 49 14 0
6 29 0 10 30 0
16 40 0 25 41 0
4 8 1 5 12 1
40 23 1 41 29 1
6 14 1 7 24 1
33 9 1 34 12 1
42 2 1 43 5 1
9 21 1 10 25 1
22 20 1 23 26 1
3 42 1 4 46 1
24 30 1 25 34 1
9 29 1 10 35 1
55 18 1 56 24 1
56 0 1 57 5 1
41 6 1 42 12 1
42 32 1 43 41 1
31 17 1 32 20 1
11 4 1 12 14 1
49 55 1 50 58 1
47 42 1 48 49 1
53 0 1 54 10 1
16 51 1 17 58 1
20 0 1 21 4 1
20 29 1 21 33 1
13 9 1 14 15 1
29 7 1 30 10 1
52 56 2 57 57 2
25 38 2 31 39 2
15 18 2 20 19 2
1 29 2 5 30 2
8 15 2 13 16 2
47 51 2 57 52 2
34 48 2 42 49 2
30 52 2 36 53 2
28 34 2 31 35 2
29 8 2 35 9 2
17 35 2 23 36 2
28 53 2 36 54 2
18 42 2 24 43 2
20 20 2 26 21 2
21 6 2 31 7 2
43 18 2 48 19 2
8 24 2 18 25 2
50 5 2 53 6 2
43 2 2 49 3 2
50 37 2 57 38 2
13 15 2 23 16 2
32 14 2 39 15 2
41 37 2 46 38 2
35 56 2 40 57 2
1 28 3 2 31 3
57 53 3 58 57 3
30 20 3 31 26 3
20 10 3 21 20 3
52 29 3 53 36 3
27 40 3 28 49 3
50 30 3 51 34 3
12 40 3 13 50 3
34 35 3 35 39 3
11 47 3 12 53 3
25 31 3 26 36 3
57 20 3 58 28 3
39 33 3 40 37 3
35 43 3 36 51 3
49 7 3 50 10 3
0 22 3 1 26 3
27 6 3 28 13 3
25 47 3 26 52 3
29 10 3 30 20 3
21 46 3 22 52 3
55 31 3 56 41 3
15 42 3 16 49 3
14 28 3 15 31 3
51 20 3 52 27 3
40 23 4 46 24 4
5 18 4 8 19 4
0 46 4 10 47 4
20 34 4 28 35 4
22 19 4 29 20 4
21 56 4 29 57 4
25 54 4 31 55 4
7 1 4 14 2 4
13 28 4 19 29 4
23 32 4 27 33 4
27 4 4 37 5 4
28 41 4 31 42 4
37 28 4 44 29 4
27 15 4 31 16 4
15 26 4 21 27 4
7 28 4 12 29 4
11 34 4 14 35 4
52 8 4 57 9 4
16 57 4 25 58 4
39 19 4 42 20 4
45 6 4 53 7 4
9 36 4 13 37 4
37 38 4 42 39 4
26 7 4 35 8 4
46 37 5 47 45 5
2 34 5 3 38 5
20 29 5 21 37 5
48 49 5 49 59 5
38 6 5 39 9 5
25 8 5 26 16 5
19 14 5 20 18 5
44 30 5 45 34 5
36 31 5 37 39 5
29 10 5 30 18 5
6 12 5 7 22 5
0 8 5 1 13 5
34 28 5 35 35 5
24 22 5 25 26 5
52 14 5 53 21 5
22 45 5 23 54 5
39 47 5 40 56 5
14 51 5 15 58 5
55 2 5 56 5 5
45 44 5 46 47 5
0 23 5 1 28 5
12 12 5 13 22 5
42 40 5 43 49 5
56 36 5 57 46 5
Net_num 164
Net_id 0
pin_num 5
0 5 0
9 12 0
8 0 0
8 17 0
14 13 0
Net_id 1
pin_num 5
52 39 0
55 39 0
59 50 0
54 48 0
37 41 0
Net_id 2
pin_num 5
7 47 0
0 45 0
3 53 0
5 48 0
4 55 0
Net_id 3
pin_num 5
24 42 0
28 43 0
7 43 0
23 59 0
24 36 0
Net_id 4
pin_num 5
32 31 0
18 36 0
18 22 0
23 18 0
6 30 0
Net_id 5
pin_num 5
28 27 0
30 29 0
24 29 0
32 49 0
26 28 0
Net_id 6
pin_num 5
29 47 0
24 51 0
41 51 0
49 59 0
26 59 0
Net_id 7
pin_num 5
46 3 0
40 4 0
59 0 0
44 17 0
59 9 0
Net_id 8
pin_num 5
47 31 0
51 34 0
36 34 0
28 32 0
31 48 0
Net_id 9
pin_num 5
9 4 0
22 10 0
9 5 0
22 1 0
21 0 0
Net_id 10
pin_num 5
58 0 0
48 0 0
50 7 0
41 1 0
54 5 0
Net_id 11
pin_num 5
49 52 0
55 43 0
42 49 0
58 52 0
48 44 0
Net_id 12
pin_num 5
53 58 0
58 54 0
57 44 0
57 49 0
44 50 0
Net_id 13
pin_num 5
52 48 0
45 51 0
25 59 0
49 43 0
46 57 0
Net_id 14
pin_num 5
2 32 0
3 27 0
21 27 0
10 24 0
7 14 0
Net_id 15
pin_num 5
11 22 0
0 30 0
7 37 0
11 26 0
0 17 0
Net_id 16
pin_num 5
58 37 0
49 30 0
41 38 0
43 58 0
43 39 0
Net_id 17
pin_num 5
43 2 0
54 2 0
52 10 0
49 1 0
58 5 0
Net_id 18
pin_num 5
2 28 0
13 28 0
8 45 0
25 39 0
22 27 0
Net_id 19
pin_num 5
8 7 0
2 9 0
7 12 0
1 11 0
13 0 0
Net_id 20
pin_num 5
7 19 0
9 20 0
0 12 0
29 19 0
5 34 0
Net_id 21
pin_num 5
26 10 0
34 5 0
23 8 0
23 0 0
28 21 0
Net_id 22
pin_num 5
56 39 0
58 23 0
42 36 0
57 30 0
58 12 0
Net_id 23
pin_num 4
50 28 0
59 33 0
58 11 0
41 36 0
Net_id 24
pin_num 4
53 30 0
59 28 0
43 37 0
58 40 0
Net_id 25
pin_num 4
21 53 0
11 59 0
43 53 0
34 37 0
Net_id 26
pin_num 4
40 39 0
45 42 0
40 50 0
48 48 0
Net_id 27
pin_num 4
8 42 0
4 46 0
0 56 0
3 38 0
Net_id 28
pin_num 4
30 58 0
36 57 0
33 50 0
11 53 0
Net_id 29
pin_num 4
20 16 0
12 18 0
8 6 0
37 16 0
Net_id 30
pin_num 4
38 37 0
29 46 0
46 43 0
31 30 0
Net_id 31
pin_num 4
56 58 0
53 47 0
56 40 0
48 57 0
Net_id 32
pin_num 4
42 47 0
46 53 0
30 36 0
21 45 0
Net_id 33
pin_num 4
2 10 0
4 17 0
4 35 0
20 10 0
Net_id 34
pin_num 4
42 48 0
43 40 0
58 53 0
52 40 0
Net_id 35
pin_num 4
58 25 0
51 30 0
53 53 0
53 40 0
Net_id 36
pin_num 4
11 39 0
19 39 0
2 44 0
6 31 0
Net_id 37
pin_num 4
4 12 0
9 18 0
2 8 0
16 11 0
Net_id 38
pin_num 4
19 8 0
22 6 0
6 9 0
3 16 0
Net_id 39
pin_num 4
1 59 0
3 57 0
0 38 0
16 42 0
Net_id 40
pin_num 4
1 43 0
6 45 0
2 37 0
1 46 0
Net_id 41
pin_num 4
56 54 0
45 58 0
34 56 0
52 59 0
Net_id 42
pin_num 4
36 18 0
30 5 0
49 10 0
24 17 0
Net_id 43
pin_num 4
5 29 0
1 25 0
2 36 0
24 28 0
Net_id 44
pin_num 3
34 39 0
46 41 0
44 30 0
Net_id 45
pin_num 3
36 9 0
19 9 0
39 1 0
Net_id 46
pin_num 3
32 35 0
23 36 0
53 35 0
Net_id 47
pin_num 3
44 46 0
36 45 0
59 27 0
Net_id 48
pin_num 3
46 30 0
53 43 0
12 31 0
Net_id 49
pin_num 3
16 46 0
27 33 0
28 39 0
Net_id 50
pin_num 3
39 39 0
18 58 0
39 18 0
Net_id 51
pin_num 3
25 36 0
40 57 0
42 40 0
Net_id 52
pin_num 3
21 22 0
32 26 0
19 23 0
Net_id 53
pin_num 3
16 57 0
13 49 0
13 38 0
Net_id 54
pin_num 3
0 15 0
4 2 0
29 2 0
Net_id 55
pin_num 3
12 25 0
0 16 0
10 21 0
Net_id 56
pin_num 3
11 47 0
25 47 0
19 38 0
Net_id 57
pin_num 3
36 7 0
31 4 0
3 5 0
Net_id 58
pin_num 3
41 15 0
45 8 0
59 12 0
Net_id 59
pin_num 3
17 41 0
16 25 0
26 57 0
Net_id 60
pin_num 3
5 37 0
0 36 0
9 37 0
Net_id 61
pin_num 3
17 13 0
27 30 0
49 19 0
Net_id 62
pin_num 3
24 27 0
33 44 0
43 27 0
Net_id 63
pin_num 3
18 51 0
29 56 0
1 58 0
Net_id 64
pin_num 3
58 34 0
47 24 0
51 39 0
Net_id 65
pin_num 3
48 17 0
57 28 0
49 28 0
Net_id 66
pin_num 3
40 11 0
54 14 0
59 22 0
Net_id 67
pin_num 3
9 31 0
13 58 0
5 18 0
Net_id 68
pin_num 3
52 31 0
43 29 0
42 29 0
Net_id 69
pin_num 3
53 20 0
47 9 0
47 20 0
Net_id 70
pin_num 3
9 21 0
6 32 0
8 51 0
Net_id 71
pin_num 3
53 5 0
35 5 0
59 1 0
Net_id 72
pin_num 3
55 45 0
45 45 0
11 48 0
Net_id 73
pin_num 3
0 41 0
14 33 0
20 26 0
Net_id 74
pin_num 3
26 47 0
31 50 0
41 49 0
Net_id 75
pin_num 3
23 29 0
17 52 0
48 32 0
Net_id 76
pin_num 3
37 56 0
31 58 0
33 38 0
Net_id 77
pin_num 3
23 25 0
29 25 0
25 0 0
Net_id 78
pin_num 3
25 14 0
13 22 0
33 3 0
Net_id 79
pin_num 3
56 49 0
48 39 0
42 59 0
Net_id 80
pin_num 3
36 28 0
14 46 0
35 36 0
Net_id 81
pin_num 3
17 22 0
15 35 0
1 33 0
Net_id 82
pin_num 3
41 45 0
54 55 0
58 42 0
Net_id 83
pin_num 3
55 56 0
33 45 0
56 35 0
Net_id 84
pin_num 2
13 7 0
1 20 0
Net_id 85
pin_num 2
47 28 0
52 1 0
Net_id 86
pin_num 2
19 36 0
33 48 0
Net_id 87
pin_num 2
10 53 0
5 52 0
Net_id 88
pin_num 2
6 34 0
33 33 0
Net_id 89
pin_num 2
19 6 0
5 6 0
Net_id 90
pin_num 2
58 32 0
45 20 0
Net_id 91
pin_num 2
20 24 0
16 23 0
Net_id 92
pin_num 2
32 15 0
21 5 0
Net_id 93
pin_num 2
3 14 0
2 1 0
Net_id 94
pin_num 2
24 46 0
35 8 0
Net_id 95
pin_num 2
18 48 0
11 49 0
Net_id 96
pin_num 2
39 55 0
32 54 0
Net_id 97
pin_num 2
23 42 0
17 42 0
Net_id 98
pin_num 2
59 55 0
46 55 0
Net_id 99
pin_num 2
13 15 0
29 30 0
Net_id 100
pin_num 2
4 31 0
2 45 0
Net_id 101
pin_num 2
5 58 0
4 57 0
Net_id 102
pin_num 2
21 3 0
26 6 0
Net_id 103
pin_num 2
38 45 0
21 25 0
Net_id 104
pin_num 2
20 20 0
40 20 0
Net_id 105
pin_num 2
52 24 0
58 24 0
Net_id 106
pin_num 2
53 16 0
56 31 0
Net_id 107
pin_num 2
26 40 0
9 49 0
Net_id 108
pin_num 2
10 40 0
20 59 0
Net_id 109
pin_num 2
22 38 0
40 22 0
Net_id 110
pin_num 2
31 52 0
19 59 0
Net_id 111
pin_num 2
6 4 0
37 18 0
Net_id 112
pin_num 2
50 9 0
49 23 0
Net_id 113
pin_num 2
29 4 0
3 17 0
Net_id 114
pin_num 2
20 13 0
17 32 0
Net_id 115
pin_num 2
38 57 0
39 59 0
Net_id 116
pin_num 2
47 1 0
56 7 0
Net_id 117
pin_num 2
47 44 0
44 44 0
Net_id 118
pin_num 2
55 16 0
53 25 0
Net_id 119
pin_num 2
2 3 0
4 4 0
Net_id 120
pin_num 2
54 40 0
57 57 0
Net_id 121
pin_num 2
17 44 0
6 38 0
Net_id 122
pin_num 2
34 44 0
44 42 0
Net_id 123
pin_num 2
33 7 0
17 7 0
Net_id 124
pin_num 2
30 33 0
37 46 0
Net_id 125
pin_num 2
22 33 0
11 45 0
Net_id 126
pin_num 2
11 55 0
21 29 0
Net_id 127
pin_num 2
37 9 0
55 1 0
Net_id 128
pin_num 2
37 21 0
37 36 0
Net_id 129
pin_num 2
4 44 0
17 49 0
Net_id 130
pin_num 2
56 19 0
49 14 0
Net_id 131
pin_num 2
10 51 0
2 2 0
Net_id 132
pin_num 2
36 17 0
31 11 0
Net_id 133
pin_num 2
27 2 0
33 4 0
Net_id 134
pin_num 2
14 56 0
19 54 0
Net_id 135
pin_num 2
52 27 0
59 15 0
Net_id 136
pin_num 2
39 30 0
45 27 0
Net_id 137
pin_num 2
3 35 0
8 59 0
Net_id 138
pin_num 2
55 53 0
52 54 0
Net_id 139
pin_num 2
9 32 0
18 21 0
Net_id 140
pin_num 2
43 57 0
38 50 0
Net_id 141
pin_num 2
3 9 0
18 12 0
Net_id 142
pin_num 2
50 40 0
52 46 0
Net_id 143
pin_num 2
31 3 0
27 11 0
Net_id 144
pin_num 2
23 44 0
33 34 0
Net_id 145
pin_num 2
1 57 0
9 54 0
Net_id 146
pin_num 2
20 21 0
41 17 0
Net_id 147
pin_num 2
21 39 0
21 35 0
Net_id 148
pin_num 2
48 14 0
37 1 0
Net_id 149
pin_num 2
38 14 0
34 21 0
Net_id 150
pin_num 2
14 55 0
26 50 0
Net_id 151
pin_num 2
54 51 0
51 55 0
Net_id 152
pin_num 2
46 7 0
59 13 0
Net_id 153
pin_num 2
11 10 0
3 32 0
Net_id 154
pin_num 2
56 26 0
49 20 0
Net_id 155
pin_num 2
13 3 0
3 8 0
Net_id 156
pin_num 2
43 16 0
42 21 0
Net_id 157
pin_num 2
37 30 0
59 38 0
Net_id 158
pin_num 2
30 26 0
47 12 0
Net_id 159
pin_num 2
36 2 0
42 2 0
Net_id 160
pin_num 2
25 1 0
23 15 0
Net_id 161
pin_num 2
11 33 0
23 51 0
Net_id 162
pin_num 2
14 7 0
16 9 0
Net_id 163
pin_num 2
31 44 0
12 37 0
