Width 60
Height 60
Layer 6
Total_WL 6508
Obstacle_num 144
55 12 0 59 13 0
7 6 0 17 7 0
37 13 0 46 14 0
33 24 0 42 25 0
42 44 0 52 45 0
13 14 0 19 15 0
42 23 0 52 24 0
29 45 0 38 46 0
42 10 0 50 11 0
13 18 0 16 19 0
10 15 0 13 16 0
39 52 0 45 53 0
14 10 0 22 11 0
13 50 0 21 51 0
13 43 0 23 44 0
28 34 0 35 35 0
8 38 0 16 39 0
3 35 0 11 36 0
2 25 0 12 26 0
16 39 0 21 40 0
40 25 0 44 26 0
16 30 0 19 31 0
27 33 0 31 34 0
36 3 0 46 4 0
11 24 1 12 34 1
49 2 1 50 7 1
14 13 1 15 18 1
28 15 1 29 25 1
40 40 1 41 49 1
38 52 1 39 57 1
25 46 1 26 51 1
4 26 1 5 36 1
55 36 1 56 41 1
12 17 1 13 24 1
48 34 1 49 39 1
58 45 1 59 53 1
27 8 1 28 11 1
50 9 1 51 16 1
35 35 1 36 38 1
19 52 1 20 59 1
11 44 1 12 50 1
47 25 1 48 29 1
9 52 1 10 59 1
48 9 1 49 19 1
12 42 1 13 50 1
8 42 1 9 47 1
18 22 1 19 31 1
51 23 1 52 28 1
6 54 2 15 55 2
1 7 2 7 8 2
3 28 2 9 29 2
46 21 2 53 22 2
36 41 2 41 42 2
23 8 2 29 9 2
20 29 2 26 30 2
43 54 2 53 55 2
14 37 2 19 38 2
32 39 2 37 40 2
9 7 2 19 8 2
2 48 2 5 49 2
37 53 2 40 54 2
3 45 2 9 46 2
55 5 2 58 6 2
32 53 2 37 54 2
0 46 2 8 47 2
37 20 2 40 21 2
15 40 2 18 41 2
48 33 2 58 34 2
44 28 2 51 29 2
46 11 2 49 12 2
25 38 2 30 39 2
50 34 2 53 35 2
9 49 3 10 54 3
36 8 3 37 13 3
46 2 3 47 5 3
45 9 3 46 12 3
50 33 3 51 40 3
51 2 3 52 11 3
29 21 3 30 24 3
0 42 3 1 49 3
21 34 3 22 44 3
37 25 3 38 29 3
37 13 3 38 22 3
28 46 3 29 51 3
3 16 3 4 25 3
13 25 3 14 35 3
9 38 3 10 42 3
10 9 3 11 17 3
35 37 3 36 46 3
58 11 3 59 20 3
13 51 3 14 59 3
19 27 3 20 34 3
24 52 3 25 58 3
50 50 3 51 57 3
53 14 3 54 24 3
17 47 3 18 52 3
23 14 4 26 15 4
25 29 4 35 30 4
26 40 4 34 41 4
47 43 4 54 44 4
36 5 4 39 6 4
25 17 4 29 18 4
41 47 4 50 48 4
41 36 4 46 37 4
37 56 4 41 57 4
33 24 4 40 25 4
3 28 4 9 29 4
42 53 4 46 54 4
10 48 4 13 49 4
10 51 4 13 52 4
11 16 4 14 17 4
30 23 4 37 24 4
35 15 4 43 16 4
24 51 4 34 52 4
49 20 4 53 21 4
6 47 4 12 48 4
5 8 4 8 9 4
33 7 4 38 8 4
44 1 4 54 2 4
23 58 4 28 59 4
20 15 5 21 23 5
53 37 5 54 42 5
54 27 5 55 30 5
58 1 5 59 4 5
5 27 5 6 32 5
30 2 5 31 11 5
10 32 5 11 41 5
57 17 5 58 20 5
17 23 5 18 32 5
11 23 5 12 28 5
57 0 5 58 10 5
3 42 5 4 47 5
19 16 5 20 21 5
2 16 5 3 23 5
0 28 5 1 32 5
11 36 5 12 45 5
38 34 5 39 40 5
48 16 5 49 24 5
18 0 5 19 9 5
23 44 5 24 52 5
18 29 5 19 33 5
19 22 5 20 27 5
57 48 5 58 51 5
50 32 5 51 38 5
Net_num 155
Net_id 0
pin_num 5
51 37 0
47 49 0
59 51 0
53 57 0
58 59 0
Net_id 1
pin_num 5
38 6 0
46 12 0
46 34 0
59 9 0
28 10 0
Net_id 2
pin_num 5
16 5 0
17 18 0
16 22 0
0 16 0
17 15 0
Net_id 3
pin_num 5
19 15 0
8 13 0
12 0 0
23 0 0
19 6 0
Net_id 4
pin_num 5
11 52 0
18 52 0
3 59 0
8 41 0
31 50 0
Net_id 5
pin_num 5
32 18 0
26 7 0
14 9 0
31 5 0
33 11 0
Net_id 6
pin_num 5
13 59 0
20 52 0
32 58 0
27 59 0
0 56 0
Net_id 7
pin_num 5
36 39 0
50 39 0
49 34 0
44 21 0
59 30 0
Net_id 8
pin_num 5
45 4 0
49 4 0
55 8 0
51 0 0
36 0 0
Net_id 9
pin_num 5
34 12 0
28 12 0
45 2 0
54 9 0
44 1 0
Net_id 10
pin_num 5
6 43 0
0 43 0
3 22 0
3 56 0
7 22 0
Net_id 11
pin_num 5
29 50 0
30 47 0
23 50 0
19 59 0
39 48 0
Net_id 12
pin_num 5
8 56 0
23 56 0
18 55 0
10 41 0
27 41 0
Net_id 13
pin_num 5
39 47 0
44 46 0
39 40 0
52 46 0
38 46 0
Net_id 14
pin_num 5
16 47 0
8 48 0
15 24 0
20 32 0
0 26 0
Net_id 15
pin_num 5
29 27 0
31 26 0
31 19 0
22 23 0
24 21 0
Net_id 16
pin_num 5
2 22 0
0 31 0
7 17 0
11 21 0
0 18 0
Net_id 17
pin_num 5
22 4 0
38 11 0
47 5 0
35 0 0
59 8 0
Net_id 18
pin_num 5
3 15 0
7 12 0
10 24 0
8 26 0
1 30 0
Net_id 19
pin_num 5
34 23 0
17 21 0
45 14 0
47 22 0
37 34 0
Net_id 20
pin_num 4
19 14 0
34 16 0
24 0 0
2 1 0
Net_id 21
pin_num 4
40 6 0
33 5 0
32 21 0
43 19 0
Net_id 22
pin_num 4
22 53 0
18 46 0
20 58 0
21 38 0
Net_id 23
pin_num 4
30 30 0
35 16 0
35 7 0
32 31 0
Net_id 24
pin_num 4
36 31 0
44 31 0
51 31 0
40 15 0
Net_id 25
pin_num 4
19 4 0
11 2 0
21 12 0
11 10 0
Net_id 26
pin_num 4
7 49 0
4 47 0
18 49 0
22 51 0
Net_id 27
pin_num 4
6 6 0
3 0 0
4 15 0
17 3 0
Net_id 28
pin_num 4
3 27 0
10 31 0
5 5 0
10 18 0
Net_id 29
pin_num 4
28 41 0
50 41 0
45 55 0
53 35 0
Net_id 30
pin_num 4
20 57 0
17 55 0
6 55 0
17 46 0
Net_id 31
pin_num 4
36 49 0
49 47 0
48 40 0
32 43 0
Net_id 32
pin_num 4
50 3 0
54 7 0
58 7 0
43 1 0
Net_id 33
pin_num 4
23 43 0
38 50 0
28 52 0
16 44 0
Net_id 34
pin_num 4
38 33 0
53 38 0
52 39 0
45 56 0
Net_id 35
pin_num 4
54 5 0
51 17 0
33 7 0
52 0 0
Net_id 36
pin_num 4
31 4 0
43 2 0
42 14 0
51 4 0
Net_id 37
pin_num 4
3 37 0
5 40 0
7 41 0
6 53 0
Net_id 38
pin_num 4
26 44 0
34 49 0
31 31 0
24 28 0
Net_id 39
pin_num 4
11 58 0
2 59 0
5 48 0
1 59 0
Net_id 40
pin_num 4
11 26 0
7 19 0
19 23 0
13 10 0
Net_id 41
pin_num 3
1 49 0
6 40 0
23 40 0
Net_id 42
pin_num 3
57 2 0
56 0 0
56 14 0
Net_id 43
pin_num 3
4 38 0
9 41 0
13 53 0
Net_id 44
pin_num 3
38 8 0
43 8 0
41 4 0
Net_id 45
pin_num 3
23 52 0
15 48 0
15 21 0
Net_id 46
pin_num 3
0 55 0
19 45 0
7 43 0
Net_id 47
pin_num 3
55 56 0
56 59 0
57 46 0
Net_id 48
pin_num 3
32 56 0
35 50 0
55 57 0
Net_id 49
pin_num 3
37 33 0
28 13 0
9 5 0
Net_id 50
pin_num 3
45 32 0
38 42 0
44 8 0
Net_id 51
pin_num 3
32 7 0
16 24 0
24 47 0
Net_id 52
pin_num 3
50 55 0
55 49 0
42 58 0
Net_id 53
pin_num 3
23 38 0
7 56 0
47 42 0
Net_id 54
pin_num 3
27 5 0
28 9 0
0 7 0
Net_id 55
pin_num 3
49 53 0
31 59 0
52 48 0
Net_id 56
pin_num 3
32 38 0
50 38 0
23 51 0
Net_id 57
pin_num 3
47 54 0
43 56 0
54 30 0
Net_id 58
pin_num 3
50 9 0
36 13 0
34 8 0
Net_id 59
pin_num 3
11 45 0
16 53 0
0 36 0
Net_id 60
pin_num 3
39 45 0
42 40 0
36 58 0
Net_id 61
pin_num 3
30 10 0
36 9 0
41 2 0
Net_id 62
pin_num 3
59 4 0
53 7 0
57 7 0
Net_id 63
pin_num 3
38 17 0
17 20 0
8 5 0
Net_id 64
pin_num 3
21 32 0
31 32 0
27 22 0
Net_id 65
pin_num 3
46 46 0
51 52 0
50 51 0
Net_id 66
pin_num 3
39 54 0
42 57 0
59 42 0
Net_id 67
pin_num 3
28 45 0
46 55 0
44 2 0
Net_id 68
pin_num 3
43 46 0
25 57 0
30 59 0
Net_id 69
pin_num 3
5 10 0
7 5 0
25 0 0
Net_id 70
pin_num 3
55 46 0
56 52 0
58 57 0
Net_id 71
pin_num 3
32 22 0
43 30 0
36 14 0
Net_id 72
pin_num 3
34 56 0
42 54 0
34 35 0
Net_id 73
pin_num 3
49 50 0
42 33 0
39 2 0
Net_id 74
pin_num 3
10 7 0
20 15 0
28 0 0
Net_id 75
pin_num 3
30 29 0
25 16 0
20 31 0
Net_id 76
pin_num 3
8 54 0
1 58 0
15 54 0
Net_id 77
pin_num 2
41 42 0
55 48 0
Net_id 78
pin_num 2
5 36 0
1 46 0
Net_id 79
pin_num 2
22 12 0
34 18 0
Net_id 80
pin_num 2
51 40 0
58 42 0
Net_id 81
pin_num 2
48 17 0
53 15 0
Net_id 82
pin_num 2
27 38 0
38 21 0
Net_id 83
pin_num 2
13 12 0
17 11 0
Net_id 84
pin_num 2
14 19 0
2 14 0
Net_id 85
pin_num 2
46 48 0
55 52 0
Net_id 86
pin_num 2
46 19 0
49 28 0
Net_id 87
pin_num 2
24 16 0
2 5 0
Net_id 88
pin_num 2
5 17 0
30 15 0
Net_id 89
pin_num 2
46 14 0
59 0 0
Net_id 90
pin_num 2
43 58 0
46 59 0
Net_id 91
pin_num 2
32 33 0
49 24 0
Net_id 92
pin_num 2
28 37 0
20 42 0
Net_id 93
pin_num 2
8 43 0
47 37 0
Net_id 94
pin_num 2
45 24 0
21 27 0
Net_id 95
pin_num 2
2 52 0
12 39 0
Net_id 96
pin_num 2
39 17 0
49 12 0
Net_id 97
pin_num 2
58 39 0
52 44 0
Net_id 98
pin_num 2
34 54 0
11 57 0
Net_id 99
pin_num 2
2 44 0
25 56 0
Net_id 100
pin_num 2
49 30 0
36 34 0
Net_id 101
pin_num 2
58 34 0
48 58 0
Net_id 102
pin_num 2
39 9 0
49 19 0
Net_id 103
pin_num 2
1 39 0
21 33 0
Net_id 104
pin_num 2
45 16 0
40 16 0
Net_id 105
pin_num 2
57 43 0
57 32 0
Net_id 106
pin_num 2
59 47 0
44 56 0
Net_id 107
pin_num 2
56 51 0
51 45 0
Net_id 108
pin_num 2
59 21 0
57 20 0
Net_id 109
pin_num 2
6 11 0
9 0 0
Net_id 110
pin_num 2
27 3 0
5 0 0
Net_id 111
pin_num 2
52 7 0
43 11 0
Net_id 112
pin_num 2
27 42 0
23 28 0
Net_id 113
pin_num 2
10 17 0
28 28 0
Net_id 114
pin_num 2
35 21 0
28 35 0
Net_id 115
pin_num 2
34 52 0
51 35 0
Net_id 116
pin_num 2
37 47 0
46 57 0
Net_id 117
pin_num 2
44 11 0
55 9 0
Net_id 118
pin_num 2
7 48 0
8 57 0
Net_id 119
pin_num 2
33 31 0
36 54 0
Net_id 120
pin_num 2
21 5 0
3 12 0
Net_id 121
pin_num 2
27 39 0
32 39 0
Net_id 122
pin_num 2
47 45 0
49 43 0
Net_id 123
pin_num 2
31 53 0
22 48 0
Net_id 124
pin_num 2
13 7 0
8 9 0
Net_id 125
pin_num 2
57 50 0
44 57 0
Net_id 126
pin_num 2
27 15 0
21 11 0
Net_id 127
pin_num 2
52 35 0
47 51 0
Net_id 128
pin_num 2
51 28 0
40 18 0
Net_id 129
pin_num 2
21 55 0
24 55 0
Net_id 130
pin_num 2
4 4 0
2 23 0
Net_id 131
pin_num 2
42 6 0
27 6 0
Net_id 132
pin_num 2
56 19 0
47 36 0
Net_id 133
pin_num 2
51 41 0
51 32 0
Net_id 134
pin_num 2
58 38 0
47 34 0
Net_id 135
pin_num 2
10 27 0
26 47 0
Net_id 136
pin_num 2
27 26 0
28 59 0
Net_id 137
pin_num 2
12 34 0
6 34 0
Net_id 138
pin_num 2
41 10 0
49 15 0
Net_id 139
pin_num 2
44 27 0
53 27 0
Net_id 140
pin_num 2
49 20 0
44 6 0
Net_id 141
pin_num 2
34 0 0
30 14 0
Net_id 142
pin_num 2
23 35 0
1 47 0
Net_id 143
pin_num 2
26 28 0
25 24 0
Net_id 144
pin_num 2
34 11 0
55 2 0
Net_id 145
pin_num 2
36 23 0
59 39 0
Net_id 146
pin_num 2
54 35 0
55 17 0
Net_id 147
pin_num 2
24 26 0
39 4 0
Net_id 148
pin_num 2
57 16 0
55 21 0
Net_id 149
pin_num 2
53 14 0
49 14 0
Net_id 150
pin_num 2
0 1 0
19 7 0
Net_id 151
pin_num 2
14 54 0
1 51 0
Net_id 152
pin_num 2
52 6 0
59 1 0
Net_id 153
pin_num 2
51 57 0
58 58 0
Net_id 154
pin_num 2
5 42 0
1 53 0
