Width 60
Height 60
Layer 6
Total_WL 6645
Obstacle_num 144
11 54 0 19 55 0
9 20 0 16 21 0
32 52 0 41 53 0
6 33 0 9 34 0
14 27 0 23 28 0
7 0 0 13 1 0
31 51 0 35 52 0
11 14 0 18 15 0
45 38 0 53 39 0
37 1 0 44 2 0
39 12 0 42 13 0
51 5 0 59 6 0
23 27 0 32 28 0
3 15 0 8 16 0
41 43 0 44 44 0
27 41 0 33 42 0
36 28 0 41 29 0
29 38 0 32 39 0
4 9 0 8 10 0
0 31 0 3 32 0
32 25 0 37 26 0
14 40 0 24 41 0
23 50 0 28 51 0
11 2 0 14 3 0
46 28 1 47 32 1
13 24 1 14 30 1
3 0 1 4 5 1
42 49 1 43 54 1
56 23 1 57 30 1
11 18 1 12 22 1
39 12 1 40 17 1
52 11 1 53 18 1
45 32 1 46 38 1
45 2 1 46 5 1
49 52 1 50 57 1
20 44 1 21 54 1
21 22 1 22 25 1
33 7 1 34 16 1
6 7 1 7 11 1
4 25 1 5 30 1
35 44 1 36 49 1
9 23 1 10 33 1
40 32 1 41 40 1
58 4 1 59 10 1
16 17 1 17 24 1
7 7 1 8 14 1
30 45 1 31 51 1
33 40 1 34 43 1
9 33 2 12 34 2
49 35 2 55 36 2
44 52 2 48 53 2
37 16 2 41 17 2
39 54 2 46 55 2
5 25 2 10 26 2
27 2 2 37 3 2
31 58 2 36 59 2
40 26 2 43 27 2
32 5 2 42 6 2
2 42 2 9 43 2
50 34 2 59 35 2
8 40 2 14 41 2
50 6 2 59 7 2
34 3 2 42 4 2
19 38 2 28 39 2
43 27 2 48 28 2
26 52 2 34 53 2
47 14 2 55 15 2
44 17 2 52 18 2
31 40 2 41 41 2
4 50 2 7 51 2
56 9 2 59 10 2
35 30 2 38 31 2
1 38 3 2 46 3
33 6 3 34 10 3
43 20 3 44 27 3
23 19 3 24 28 3
48 43 3 49 52 3
49 11 3 50 18 3
34 20 3 35 27 3
11 21 3 12 27 3
44 35 3 45 40 3
40 1 3 41 6 3
12 16 3 13 26 3
57 1 3 58 8 3
53 15 3 54 20 3
26 45 3 27 52 3
7 28 3 8 31 3
17 21 3 18 31 3
57 27 3 58 34 3
54 5 3 55 12 3
43 42 3 44 50 3
24 0 3 25 4 3
6 8 3 7 11 3
23 34 3 24 37 3
14 16 3 15 23 3
54 24 3 55 28 3
56 23 4 59 24 4
7 32 4 16 33 4
6 16 4 15 17 4
37 3 4 42 4 4
33 26 4 40 27 4
46 14 4 55 15 4
42 49 4 48 50 4
19 9 4 23 10 4
51 5 4 58 6 4
16 35 4 19 36 4
25 28 4 34 29 4
26 18 4 34 19 4
18 12 4 21 13 4
41 12 4 49 13 4
42 8 4 51 9 4
4 9 4 7 10 4
54 8 4 57 9 4
23 44 4 32 45 4
49 41 4 54 42 4
11 37 4 14 38 4
3 54 4 7 55 4
2 18 4 9 19 4
1 30 4 8 31 4
41 4 4 44 5 4
28 48 5 29 56 5
32 43 5 33 49 5
43 53 5 44 58 5
32 14 5 33 20 5
23 52 5 24 58 5
8 33 5 9 41 5
39 35 5 40 44 5
38 8 5 39 17 5
54 27 5 55 34 5
33 11 5 34 18 5
4 21 5 5 27 5
50 44 5 51 48 5
13 33 5 14 41 5
22 40 5 23 44 5
6 16 5 7 26 5
29 39 5 30 49 5
16 1 5 17 11 5
58 13 5 59 20 5
11 38 5 12 43 5
47 40 5 48 48 5
1 17 5 2 25 5
1 28 5 2 38 5
15 10 5 16 19 5
49 38 5 50 47 5
Net_num 161
Net_id 0
pin_num 5
40 25 0
57 25 0
45 18 0
53 21 0
54 42 0
Net_id 1
pin_num 5
10 44 0
0 41 0
0 57 0
9 59 0
13 57 0
Net_id 2
pin_num 5
8 56 0
4 57 0
7 49 0
1 51 0
0 58 0
Net_id 3
pin_num 5
10 36 0
16 52 0
12 58 0
8 47 0
29 49 0
Net_id 4
pin_num 5
52 10 0
56 3 0
59 5 0
59 3 0
52 0 0
Net_id 5
pin_num 5
24 53 0
10 49 0
16 57 0
0 40 0
6 38 0
Net_id 6
pin_num 5
22 11 0
29 15 0
27 24 0
28 28 0
43 24 0
Net_id 7
pin_num 5
52 46 0
48 42 0
59 44 0
54 44 0
49 59 0
Net_id 8
pin_num 5
17 58 0
15 55 0
17 33 0
15 35 0
1 57 0
Net_id 9
pin_num 5
27 43 0
32 43 0
37 48 0
31 36 0
33 56 0
Net_id 10
pin_num 5
42 59 0
36 53 0
28 59 0
45 53 0
18 57 0
Net_id 11
pin_num 5
41 19 0
26 11 0
30 0 0
46 3 0
27 10 0
Net_id 12
pin_num 5
33 12 0
45 15 0
36 30 0
23 16 0
54 16 0
Net_id 13
pin_num 5
37 31 0
30 40 0
43 32 0
38 32 0
27 33 0
Net_id 14
pin_num 5
56 28 0
47 22 0
59 43 0
44 30 0
45 26 0
Net_id 15
pin_num 5
1 43 0
18 46 0
29 37 0
0 38 0
3 46 0
Net_id 16
pin_num 5
17 15 0
13 21 0
7 20 0
13 30 0
18 29 0
Net_id 17
pin_num 5
10 29 0
18 44 0
7 59 0
7 45 0
23 32 0
Net_id 18
pin_num 5
26 46 0
21 42 0
25 42 0
26 41 0
37 44 0
Net_id 19
pin_num 4
21 25 0
13 35 0
26 25 0
32 26 0
Net_id 20
pin_num 4
35 54 0
28 54 0
35 44 0
43 59 0
Net_id 21
pin_num 4
58 46 0
52 43 0
49 45 0
37 43 0
Net_id 22
pin_num 4
33 29 0
34 36 0
39 35 0
34 53 0
Net_id 23
pin_num 4
1 41 0
9 36 0
1 48 0
4 55 0
Net_id 24
pin_num 4
47 43 0
41 49 0
51 32 0
49 37 0
Net_id 25
pin_num 4
2 52 0
2 53 0
11 52 0
0 36 0
Net_id 26
pin_num 4
38 49 0
41 44 0
36 58 0
30 51 0
Net_id 27
pin_num 4
32 32 0
41 28 0
11 31 0
15 47 0
Net_id 28
pin_num 4
3 22 0
3 14 0
0 10 0
10 6 0
Net_id 29
pin_num 4
22 51 0
30 53 0
44 59 0
16 50 0
Net_id 30
pin_num 4
19 48 0
26 57 0
22 54 0
28 50 0
Net_id 31
pin_num 4
20 35 0
10 28 0
28 25 0
12 34 0
Net_id 32
pin_num 4
7 22 0
9 34 0
27 29 0
7 42 0
Net_id 33
pin_num 4
18 16 0
11 16 0
14 33 0
34 22 0
Net_id 34
pin_num 4
31 32 0
19 24 0
23 35 0
22 43 0
Net_id 35
pin_num 4
44 5 0
51 0 0
25 0 0
51 18 0
Net_id 36
pin_num 4
9 19 0
25 26 0
20 21 0
24 38 0
Net_id 37
pin_num 4
50 0 0
44 10 0
51 19 0
44 31 0
Net_id 38
pin_num 4
12 21 0
3 21 0
8 7 0
0 27 0
Net_id 39
pin_num 3
21 5 0
5 5 0
15 15 0
Net_id 40
pin_num 3
33 39 0
50 31 0
35 32 0
Net_id 41
pin_num 3
50 27 0
59 47 0
58 38 0
Net_id 42
pin_num 3
9 32 0
27 34 0
7 48 0
Net_id 43
pin_num 3
3 27 0
4 20 0
12 35 0
Net_id 44
pin_num 3
33 57 0
31 53 0
35 43 0
Net_id 45
pin_num 3
45 58 0
41 53 0
57 48 0
Net_id 46
pin_num 3
1 37 0
8 57 0
2 14 0
Net_id 47
pin_num 3
34 58 0
36 50 0
2 54 0
Net_id 48
pin_num 3
17 26 0
14 30 0
37 27 0
Net_id 49
pin_num 3
3 49 0
4 45 0
10 46 0
Net_id 50
pin_num 3
31 23 0
40 41 0
58 41 0
Net_id 51
pin_num 3
47 51 0
27 57 0
27 36 0
Net_id 52
pin_num 3
31 0 0
47 7 0
30 11 0
Net_id 53
pin_num 3
47 3 0
58 22 0
45 29 0
Net_id 54
pin_num 3
1 24 0
11 26 0
5 52 0
Net_id 55
pin_num 3
35 5 0
46 4 0
39 25 0
Net_id 56
pin_num 3
42 31 0
30 21 0
29 26 0
Net_id 57
pin_num 3
42 27 0
47 31 0
47 47 0
Net_id 58
pin_num 3
31 18 0
41 10 0
32 29 0
Net_id 59
pin_num 3
38 10 0
43 17 0
57 38 0
Net_id 60
pin_num 3
51 14 0
48 23 0
53 49 0
Net_id 61
pin_num 3
30 50 0
17 59 0
36 47 0
Net_id 62
pin_num 3
44 26 0
33 30 0
37 14 0
Net_id 63
pin_num 3
46 29 0
50 37 0
49 2 0
Net_id 64
pin_num 3
23 54 0
28 44 0
16 30 0
Net_id 65
pin_num 3
45 46 0
55 22 0
19 36 0
Net_id 66
pin_num 3
39 6 0
46 26 0
35 20 0
Net_id 67
pin_num 3
19 17 0
11 6 0
23 10 0
Net_id 68
pin_num 3
28 26 0
4 33 0
26 38 0
Net_id 69
pin_num 3
18 18 0
24 11 0
44 1 0
Net_id 70
pin_num 3
3 6 0
12 4 0
13 0 0
Net_id 71
pin_num 3
58 15 0
57 21 0
42 2 0
Net_id 72
pin_num 3
42 50 0
58 59 0
57 52 0
Net_id 73
pin_num 3
55 8 0
46 6 0
36 1 0
Net_id 74
pin_num 3
54 4 0
55 2 0
50 18 0
Net_id 75
pin_num 3
10 8 0
37 2 0
16 0 0
Net_id 76
pin_num 3
40 23 0
32 12 0
48 12 0
Net_id 77
pin_num 3
20 18 0
23 39 0
3 25 0
Net_id 78
pin_num 3
22 29 0
18 38 0
32 40 0
Net_id 79
pin_num 3
40 21 0
20 24 0
29 31 0
Net_id 80
pin_num 3
33 14 0
33 1 0
36 9 0
Net_id 81
pin_num 2
59 19 0
56 13 0
Net_id 82
pin_num 2
38 55 0
57 55 0
Net_id 83
pin_num 2
53 38 0
47 48 0
Net_id 84
pin_num 2
35 10 0
48 22 0
Net_id 85
pin_num 2
41 41 0
51 49 0
Net_id 86
pin_num 2
47 53 0
58 42 0
Net_id 87
pin_num 2
26 32 0
23 26 0
Net_id 88
pin_num 2
3 34 0
0 23 0
Net_id 89
pin_num 2
54 53 0
57 47 0
Net_id 90
pin_num 2
18 13 0
0 2 0
Net_id 91
pin_num 2
20 52 0
1 36 0
Net_id 92
pin_num 2
37 47 0
48 51 0
Net_id 93
pin_num 2
12 15 0
19 18 0
Net_id 94
pin_num 2
56 37 0
49 46 0
Net_id 95
pin_num 2
53 23 0
55 28 0
Net_id 96
pin_num 2
39 9 0
20 4 0
Net_id 97
pin_num 2
1 22 0
5 18 0
Net_id 98
pin_num 2
3 58 0
18 24 0
Net_id 99
pin_num 2
44 34 0
35 17 0
Net_id 100
pin_num 2
16 59 0
14 59 0
Net_id 101
pin_num 2
28 58 0
37 50 0
Net_id 102
pin_num 2
55 30 0
38 41 0
Net_id 103
pin_num 2
2 40 0
15 30 0
Net_id 104
pin_num 2
1 13 0
1 12 0
Net_id 105
pin_num 2
47 58 0
45 42 0
Net_id 106
pin_num 2
11 23 0
20 23 0
Net_id 107
pin_num 2
20 46 0
14 58 0
Net_id 108
pin_num 2
19 3 0
32 4 0
Net_id 109
pin_num 2
23 17 0
14 1 0
Net_id 110
pin_num 2
40 43 0
32 42 0
Net_id 111
pin_num 2
34 20 0
25 5 0
Net_id 112
pin_num 2
24 40 0
39 58 0
Net_id 113
pin_num 2
21 20 0
3 29 0
Net_id 114
pin_num 2
19 38 0
25 36 0
Net_id 115
pin_num 2
23 23 0
42 14 0
Net_id 116
pin_num 2
23 43 0
42 57 0
Net_id 117
pin_num 2
9 50 0
10 55 0
Net_id 118
pin_num 2
33 58 0
54 49 0
Net_id 119
pin_num 2
25 6 0
21 6 0
Net_id 120
pin_num 2
50 11 0
54 11 0
Net_id 121
pin_num 2
1 28 0
13 45 0
Net_id 122
pin_num 2
49 9 0
42 9 0
Net_id 123
pin_num 2
42 37 0
44 48 0
Net_id 124
pin_num 2
18 31 0
28 33 0
Net_id 125
pin_num 2
47 17 0
42 10 0
Net_id 126
pin_num 2
25 1 0
29 5 0
Net_id 127
pin_num 2
42 40 0
38 34 0
Net_id 128
pin_num 2
8 8 0
19 11 0
Net_id 129
pin_num 2
14 56 0
27 59 0
Net_id 130
pin_num 2
54 35 0
53 31 0
Net_id 131
pin_num 2
31 29 0
26 39 0
Net_id 132
pin_num 2
18 35 0
16 38 0
Net_id 133
pin_num 2
16 44 0
18 43 0
Net_id 134
pin_num 2
4 25 0
18 7 0
Net_id 135
pin_num 2
14 38 0
3 13 0
Net_id 136
pin_num 2
38 45 0
22 47 0
Net_id 137
pin_num 2
20 26 0
31 10 0
Net_id 138
pin_num 2
50 22 0
47 26 0
Net_id 139
pin_num 2
28 39 0
32 28 0
Net_id 140
pin_num 2
14 50 0
8 55 0
Net_id 141
pin_num 2
57 10 0
54 6 0
Net_id 142
pin_num 2
33 8 0
56 4 0
Net_id 143
pin_num 2
28 35 0
32 35 0
Net_id 144
pin_num 2
57 14 0
58 10 0
Net_id 145
pin_num 2
58 56 0
39 40 0
Net_id 146
pin_num 2
7 32 0
10 31 0
Net_id 147
pin_num 2
30 25 0
31 14 0
Net_id 148
pin_num 2
59 17 0
21 39 0
Net_id 149
pin_num 2
39 31 0
40 17 0
Net_id 150
pin_num 2
43 28 0
38 17 0
Net_id 151
pin_num 2
25 17 0
40 42 0
Net_id 152
pin_num 2
33 46 0
46 45 0
Net_id 153
pin_num 2
40 20 0
19 16 0
Net_id 154
pin_num 2
9 12 0
30 9 0
Net_id 155
pin_num 2
51 21 0
46 32 0
Net_id 156
pin_num 2
43 22 0
50 9 0
Net_id 157
pin_num 2
24 9 0
19 13 0
Net_id 158
pin_num 2
32 10 0
31 11 0
Net_id 159
pin_num 2
31 49 0
45 40 0
Net_id 160
pin_num 2
50 36 0
46 36 0
