Width 60
Height 60
Layer 6
Total_WL 6721
Obstacle_num 144
23 11 0 30 12 0
33 39 0 38 40 0
45 34 0 49 35 0
42 5 0 49 6 0
0 21 0 7 22 0
42 9 0 49 10 0
43 25 0 48 26 0
48 37 0 56 38 0
25 12 0 31 13 0
29 27 0 37 28 0
38 42 0 48 43 0
22 30 0 31 31 0
6 7 0 13 8 0
1 18 0 9 19 0
55 31 0 59 32 0
31 46 0 40 47 0
37 8 0 44 9 0
16 41 0 23 42 0
43 56 0 50 57 0
8 20 0 15 21 0
16 2 0 21 3 0
13 21 0 22 22 0
6 43 0 10 44 0
9 18 0 16 19 0
14 48 1 15 53 1
21 33 1 22 37 1
14 2 1 15 10 1
5 17 1 6 20 1
19 47 1 20 54 1
15 37 1 16 40 1
3 41 1 4 46 1
52 15 1 53 25 1
19 23 1 20 32 1
23 20 1 24 24 1
39 40 1 40 46 1
23 52 1 24 55 1
43 20 1 44 26 1
25 17 1 26 24 1
50 22 1 51 31 1
49 27 1 50 34 1
10 27 1 11 33 1
25 45 1 26 49 1
7 43 1 8 48 1
4 40 1 5 49 1
50 1 1 51 4 1
22 26 1 23 34 1
18 6 1 19 9 1
42 6 1 43 12 1
16 45 2 21 46 2
38 39 2 43 40 2
4 9 2 12 10 2
18 56 2 21 57 2
42 35 2 45 36 2
30 57 2 38 58 2
20 46 2 29 47 2
47 44 2 57 45 2
17 19 2 23 20 2
24 48 2 30 49 2
12 47 2 19 48 2
8 5 2 14 6 2
41 43 2 48 44 2
3 35 2 11 36 2
29 9 2 37 10 2
19 29 2 24 30 2
14 34 2 17 35 2
21 47 2 28 48 2
44 53 2 53 54 2
3 10 2 12 11 2
4 23 2 9 24 2
37 24 2 41 25 2
9 6 2 15 7 2
6 50 2 10 51 2
23 25 3 24 32 3
2 18 3 3 28 3
30 1 3 31 6 3
19 6 3 20 16 3
12 42 3 13 50 3
47 50 3 48 54 3
48 7 3 49 15 3
22 12 3 23 15 3
57 10 3 58 20 3
0 16 3 1 24 3
18 7 3 19 13 3
20 21 3 21 24 3
58 43 3 59 46 3
26 10 3 27 14 3
22 33 3 23 38 3
46 18 3 47 25 3
30 45 3 31 50 3
53 37 3 54 44 3
52 5 3 53 12 3
12 18 3 13 26 3
55 29 3 56 35 3
14 51 3 15 56 3
38 16 3 39 23 3
37 24 3 38 34 3
21 32 4 26 33 4
15 14 4 22 15 4
28 12 4 38 13 4
2 37 4 9 38 4
37 40 4 46 41 4
33 46 4 40 47 4
47 49 4 55 50 4
42 6 4 50 7 4
24 18 4 28 19 4
7 15 4 13 16 4
24 16 4 30 17 4
12 12 4 17 13 4
41 35 4 44 36 4
9 5 4 14 6 4
12 33 4 17 34 4
42 22 4 51 23 4
10 38 4 16 39 4
0 48 4 10 49 4
20 30 4 27 31 4
10 26 4 19 27 4
38 28 4 42 29 4
47 32 4 50 33 4
15 18 4 22 19 4
1 54 4 4 55 4
43 34 5 44 39 5
24 49 5 25 59 5
6 16 5 7 25 5
7 54 5 8 57 5
47 27 5 48 37 5
10 3 5 11 13 5
23 35 5 24 45 5
41 8 5 42 14 5
57 31 5 58 35 5
23 45 5 24 53 5
33 11 5 34 16 5
58 27 5 59 36 5
42 38 5 43 46 5
35 30 5 36 40 5
54 48 5 55 54 5
24 6 5 25 13 5
25 6 5 26 16 5
23 3 5 24 11 5
48 33 5 49 41 5
37 34 5 38 44 5
33 43 5 34 46 5
56 51 5 57 55 5
36 39 5 37 46 5
7 44 5 8 53 5
Net_num 161
Net_id 0
pin_num 5
25 10 0
20 8 0
7 20 0
31 10 0
44 8 0
Net_id 1
pin_num 5
44 7 0
43 3 0
29 6 0
40 1 0
41 19 0
Net_id 2
pin_num 5
30 55 0
33 57 0
31 32 0
50 56 0
49 50 0
Net_id 3
pin_num 5
57 56 0
55 51 0
59 51 0
36 59 0
55 39 0
Net_id 4
pin_num 5
2 37 0
1 43 0
20 39 0
15 46 0
19 22 0
Net_id 5
pin_num 5
24 33 0
20 33 0
23 29 0
3 30 0
16 32 0
Net_id 6
pin_num 5
40 58 0
44 51 0
52 59 0
33 51 0
59 55 0
Net_id 7
pin_num 5
54 12 0
50 7 0
36 21 0
59 12 0
42 12 0
Net_id 8
pin_num 5
21 9 0
1 9 0
7 16 0
29 16 0
20 22 0
Net_id 9
pin_num 5
53 51 0
44 49 0
35 49 0
30 50 0
42 58 0
Net_id 10
pin_num 5
23 50 0
32 45 0
21 57 0
21 58 0
52 45 0
Net_id 11
pin_num 5
59 50 0
49 49 0
45 54 0
55 54 0
56 57 0
Net_id 12
pin_num 5
5 38 0
15 28 0
15 12 0
21 20 0
0 47 0
Net_id 13
pin_num 5
17 55 0
2 53 0
9 59 0
4 36 0
0 49 0
Net_id 14
pin_num 5
11 14 0
4 14 0
0 20 0
16 24 0
6 28 0
Net_id 15
pin_num 5
4 1 0
0 12 0
0 30 0
16 17 0
10 25 0
Net_id 16
pin_num 5
0 6 0
6 1 0
11 6 0
15 11 0
2 3 0
Net_id 17
pin_num 5
5 52 0
6 52 0
5 29 0
9 44 0
2 47 0
Net_id 18
pin_num 5
8 32 0
13 32 0
15 31 0
7 29 0
12 40 0
Net_id 19
pin_num 5
10 56 0
14 56 0
12 49 0
8 50 0
34 48 0
Net_id 20
pin_num 5
28 9 0
18 22 0
1 22 0
9 28 0
15 0 0
Net_id 21
pin_num 4
55 27 0
59 18 0
58 15 0
59 42 0
Net_id 22
pin_num 4
3 5 0
11 0 0
3 25 0
1 13 0
Net_id 23
pin_num 4
32 54 0
24 53 0
12 51 0
10 51 0
Net_id 24
pin_num 4
33 44 0
29 46 0
41 46 0
31 31 0
Net_id 25
pin_num 4
48 28 0
54 28 0
53 46 0
32 28 0
Net_id 26
pin_num 4
27 23 0
45 23 0
30 4 0
40 38 0
Net_id 27
pin_num 4
52 27 0
58 39 0
55 53 0
40 27 0
Net_id 28
pin_num 4
20 20 0
16 19 0
37 19 0
34 21 0
Net_id 29
pin_num 4
50 30 0
55 36 0
45 33 0
59 32 0
Net_id 30
pin_num 4
57 41 0
51 54 0
32 41 0
54 52 0
Net_id 31
pin_num 4
16 36 0
6 54 0
5 54 0
6 45 0
Net_id 32
pin_num 4
30 8 0
42 0 0
34 26 0
18 3 0
Net_id 33
pin_num 4
44 29 0
32 25 0
21 27 0
24 20 0
Net_id 34
pin_num 4
49 20 0
47 10 0
31 17 0
36 18 0
Net_id 35
pin_num 4
53 9 0
44 4 0
47 0 0
47 26 0
Net_id 36
pin_num 4
47 11 0
58 13 0
39 27 0
40 10 0
Net_id 37
pin_num 4
17 43 0
10 33 0
13 52 0
8 48 0
Net_id 38
pin_num 4
32 0 0
33 10 0
35 20 0
22 5 0
Net_id 39
pin_num 4
0 55 0
11 59 0
11 49 0
0 48 0
Net_id 40
pin_num 4
29 38 0
40 47 0
29 44 0
46 40 0
Net_id 41
pin_num 3
50 5 0
57 21 0
43 30 0
Net_id 42
pin_num 3
16 14 0
31 12 0
29 28 0
Net_id 43
pin_num 3
37 56 0
28 54 0
20 56 0
Net_id 44
pin_num 3
36 58 0
44 54 0
55 57 0
Net_id 45
pin_num 3
53 20 0
58 9 0
44 0 0
Net_id 46
pin_num 3
59 25 0
49 25 0
52 52 0
Net_id 47
pin_num 3
39 49 0
24 59 0
36 35 0
Net_id 48
pin_num 3
28 45 0
8 56 0
23 39 0
Net_id 49
pin_num 3
34 52 0
41 44 0
3 59 0
Net_id 50
pin_num 3
54 22 0
58 40 0
47 38 0
Net_id 51
pin_num 3
41 39 0
49 35 0
44 34 0
Net_id 52
pin_num 3
2 0 0
10 10 0
7 15 0
Net_id 53
pin_num 3
27 39 0
8 31 0
8 13 0
Net_id 54
pin_num 3
20 46 0
13 53 0
3 50 0
Net_id 55
pin_num 3
21 31 0
47 23 0
24 21 0
Net_id 56
pin_num 3
28 32 0
37 47 0
58 34 0
Net_id 57
pin_num 3
45 15 0
58 0 0
25 6 0
Net_id 58
pin_num 3
43 44 0
43 48 0
33 52 0
Net_id 59
pin_num 3
20 53 0
16 46 0
1 36 0
Net_id 60
pin_num 3
13 10 0
25 13 0
36 13 0
Net_id 61
pin_num 3
40 53 0
48 48 0
48 32 0
Net_id 62
pin_num 3
26 44 0
22 25 0
37 22 0
Net_id 63
pin_num 3
9 24 0
17 8 0
20 34 0
Net_id 64
pin_num 3
32 7 0
23 7 0
41 0 0
Net_id 65
pin_num 3
3 26 0
7 40 0
17 14 0
Net_id 66
pin_num 3
34 12 0
28 18 0
26 24 0
Net_id 67
pin_num 3
35 54 0
46 38 0
58 53 0
Net_id 68
pin_num 3
41 22 0
37 29 0
42 37 0
Net_id 69
pin_num 3
43 36 0
57 49 0
48 25 0
Net_id 70
pin_num 3
29 55 0
19 58 0
5 57 0
Net_id 71
pin_num 3
15 27 0
14 17 0
2 25 0
Net_id 72
pin_num 3
52 31 0
51 23 0
43 33 0
Net_id 73
pin_num 3
22 59 0
15 54 0
23 59 0
Net_id 74
pin_num 3
48 42 0
54 39 0
58 36 0
Net_id 75
pin_num 3
14 37 0
26 52 0
17 28 0
Net_id 76
pin_num 3
42 35 0
51 32 0
51 43 0
Net_id 77
pin_num 3
41 38 0
47 48 0
35 59 0
Net_id 78
pin_num 3
9 31 0
26 40 0
4 31 0
Net_id 79
pin_num 2
30 22 0
43 29 0
Net_id 80
pin_num 2
2 54 0
16 44 0
Net_id 81
pin_num 2
21 15 0
29 15 0
Net_id 82
pin_num 2
22 2 0
15 8 0
Net_id 83
pin_num 2
46 11 0
55 1 0
Net_id 84
pin_num 2
53 40 0
37 48 0
Net_id 85
pin_num 2
16 6 0
13 7 0
Net_id 86
pin_num 2
54 18 0
38 11 0
Net_id 87
pin_num 2
16 8 0
39 19 0
Net_id 88
pin_num 2
16 16 0
1 2 0
Net_id 89
pin_num 2
2 51 0
9 51 0
Net_id 90
pin_num 2
33 18 0
34 16 0
Net_id 91
pin_num 2
31 4 0
44 10 0
Net_id 92
pin_num 2
4 30 0
11 30 0
Net_id 93
pin_num 2
9 21 0
22 23 0
Net_id 94
pin_num 2
20 44 0
32 58 0
Net_id 95
pin_num 2
30 34 0
41 32 0
Net_id 96
pin_num 2
56 35 0
47 29 0
Net_id 97
pin_num 2
19 48 0
29 37 0
Net_id 98
pin_num 2
49 51 0
54 21 0
Net_id 99
pin_num 2
53 43 0
57 43 0
Net_id 100
pin_num 2
46 52 0
58 58 0
Net_id 101
pin_num 2
44 58 0
57 55 0
Net_id 102
pin_num 2
1 34 0
25 29 0
Net_id 103
pin_num 2
26 6 0
28 22 0
Net_id 104
pin_num 2
17 1 0
13 15 0
Net_id 105
pin_num 2
41 55 0
57 57 0
Net_id 106
pin_num 2
11 45 0
31 58 0
Net_id 107
pin_num 2
45 57 0
22 54 0
Net_id 108
pin_num 2
57 38 0
50 46 0
Net_id 109
pin_num 2
24 52 0
27 52 0
Net_id 110
pin_num 2
43 21 0
58 32 0
Net_id 111
pin_num 2
12 25 0
2 35 0
Net_id 112
pin_num 2
32 18 0
31 24 0
Net_id 113
pin_num 2
15 58 0
0 53 0
Net_id 114
pin_num 2
9 49 0
9 41 0
Net_id 115
pin_num 2
58 47 0
57 48 0
Net_id 116
pin_num 2
40 31 0
16 15 0
Net_id 117
pin_num 2
44 1 0
25 24 0
Net_id 118
pin_num 2
3 4 0
2 7 0
Net_id 119
pin_num 2
13 30 0
2 50 0
Net_id 120
pin_num 2
53 56 0
30 41 0
Net_id 121
pin_num 2
23 21 0
4 8 0
Net_id 122
pin_num 2
21 3 0
19 1 0
Net_id 123
pin_num 2
13 19 0
4 17 0
Net_id 124
pin_num 2
53 14 0
49 14 0
Net_id 125
pin_num 2
14 47 0
6 47 0
Net_id 126
pin_num 2
8 15 0
10 23 0
Net_id 127
pin_num 2
27 5 0
42 13 0
Net_id 128
pin_num 2
11 57 0
19 54 0
Net_id 129
pin_num 2
41 56 0
35 44 0
Net_id 130
pin_num 2
3 32 0
13 1 0
Net_id 131
pin_num 2
24 40 0
21 43 0
Net_id 132
pin_num 2
13 4 0
22 7 0
Net_id 133
pin_num 2
38 43 0
33 36 0
Net_id 134
pin_num 2
15 1 0
11 1 0
Net_id 135
pin_num 2
47 51 0
48 54 0
Net_id 136
pin_num 2
38 32 0
39 34 0
Net_id 137
pin_num 2
27 26 0
41 36 0
Net_id 138
pin_num 2
13 5 0
18 1 0
Net_id 139
pin_num 2
46 26 0
41 11 0
Net_id 140
pin_num 2
22 50 0
1 57 0
Net_id 141
pin_num 2
33 31 0
13 37 0
Net_id 142
pin_num 2
53 34 0
58 14 0
Net_id 143
pin_num 2
12 52 0
18 42 0
Net_id 144
pin_num 2
4 32 0
36 5 0
Net_id 145
pin_num 2
56 3 0
45 7 0
Net_id 146
pin_num 2
57 33 0
52 13 0
Net_id 147
pin_num 2
53 7 0
37 16 0
Net_id 148
pin_num 2
58 17 0
44 3 0
Net_id 149
pin_num 2
53 0 0
41 9 0
Net_id 150
pin_num 2
4 24 0
19 29 0
Net_id 151
pin_num 2
52 49 0
53 47 0
Net_id 152
pin_num 2
34 25 0
48 10 0
Net_id 153
pin_num 2
19 33 0
5 20 0
Net_id 154
pin_num 2
25 28 0
12 41 0
Net_id 155
pin_num 2
37 20 0
31 16 0
Net_id 156
pin_num 2
32 21 0
39 24 0
Net_id 157
pin_num 2
13 16 0
9 1 0
Net_id 158
pin_num 2
57 12 0
45 1 0
Net_id 159
pin_num 2
31 11 0
34 13 0
Net_id 160
pin_num 2
10 13 0
22 12 0
