Width 60
Height 60
Layer 6
Total_WL 6437
Obstacle_num 144
28 18 0 32 19 0
0 27 0 9 28 0
6 43 0 15 44 0
14 49 0 17 50 0
9 9 0 15 10 0
10 46 0 13 47 0
11 13 0 15 14 0
16 50 0 25 51 0
53 43 0 57 44 0
32 39 0 39 40 0
32 5 0 41 6 0
37 43 0 47 44 0
3 56 0 11 57 0
55 32 0 58 33 0
21 46 0 24 47 0
1 49 0 10 50 0
35 33 0 42 34 0
50 41 0 58 42 0
47 6 0 57 7 0
15 58 0 18 59 0
14 37 0 20 38 0
7 18 0 14 19 0
39 4 0 46 5 0
9 50 0 13 51 0
23 42 1 24 48 1
25 36 1 26 40 1
18 46 1 19 49 1
21 4 1 22 10 1
54 2 1 55 7 1
15 3 1 16 9 1
31 2 1 32 12 1
34 20 1 35 26 1
11 37 1 12 46 1
31 31 1 32 36 1
43 5 1 44 12 1
20 20 1 21 26 1
46 31 1 47 34 1
36 52 1 37 58 1
22 10 1 23 14 1
38 20 1 39 25 1
10 53 1 11 58 1
11 7 1 12 11 1
21 51 1 22 59 1
30 27 1 31 36 1
48 28 1 49 35 1
32 10 1 33 13 1
34 43 1 35 51 1
9 26 1 10 29 1
17 29 2 26 30 2
31 32 2 36 33 2
33 23 2 42 24 2
29 10 2 32 11 2
27 22 2 36 23 2
41 9 2 45 10 2
0 9 2 10 10 2
33 10 2 37 11 2
4 40 2 13 41 2
16 49 2 22 50 2
35 43 2 43 44 2
40 0 2 48 1 2
4 50 2 14 51 2
28 28 2 36 29 2
43 30 2 49 31 2
21 0 2 31 1 2
4 55 2 11 56 2
17 22 2 21 23 2
21 39 2 29 40 2
35 45 2 42 46 2
43 36 2 51 37 2
11 6 2 14 7 2
17 44 2 24 45 2
22 3 2 30 4 2
9 46 3 10 56 3
4 27 3 5 37 3
47 49 3 48 55 3
8 43 3 9 50 3
9 21 3 10 29 3
20 48 3 21 56 3
38 28 3 39 34 3
21 7 3 22 15 3
15 1 3 16 11 3
48 27 3 49 32 3
10 42 3 11 46 3
17 22 3 18 25 3
15 28 3 16 32 3
33 34 3 34 38 3
51 12 3 52 20 3
27 7 3 28 15 3
57 19 3 58 29 3
25 21 3 26 24 3
32 7 3 33 11 3
7 35 3 8 39 3
35 39 3 36 43 3
16 9 3 17 13 3
45 21 3 46 29 3
27 1 3 28 4 3
53 31 4 56 32 4
19 37 4 22 38 4
54 24 4 58 25 4
8 45 4 13 46 4
6 12 4 14 13 4
3 49 4 13 50 4
29 9 4 35 10 4
12 14 4 20 15 4
11 58 4 15 59 4
19 49 4 26 50 4
28 21 4 35 22 4
12 32 4 22 33 4
19 44 4 23 45 4
42 28 4 52 29 4
33 15 4 40 16 4
14 19 4 22 20 4
21 0 4 27 1 4
21 45 4 29 46 4
34 49 4 41 50 4
25 26 4 32 27 4
42 38 4 52 39 4
17 26 4 20 27 4
36 10 4 46 11 4
20 3 4 25 4 4
40 29 5 41 37 5
7 8 5 8 13 5
34 18 5 35 23 5
14 15 5 15 20 5
36 3 5 37 11 5
47 34 5 48 37 5
4 10 5 5 18 5
54 49 5 55 54 5
53 21 5 54 28 5
34 29 5 35 38 5
36 53 5 37 58 5
49 31 5 50 39 5
35 21 5 36 27 5
41 29 5 42 33 5
32 45 5 33 54 5
28 3 5 29 9 5
2 42 5 3 46 5
20 4 5 21 10 5
23 9 5 24 19 5
22 3 5 23 12 5
53 37 5 54 46 5
11 9 5 12 19 5
5 12 5 6 16 5
2 25 5 3 34 5
Net_num 160
Net_id 0
pin_num 5
12 38 0
4 36 0
0 23 0
6 35 0
10 32 0
Net_id 1
pin_num 5
39 0 0
46 2 0
59 5 0
48 3 0
48 11 0
Net_id 2
pin_num 5
39 26 0
33 29 0
36 6 0
32 19 0
25 26 0
Net_id 3
pin_num 5
22 41 0
7 39 0
7 22 0
16 26 0
0 37 0
Net_id 4
pin_num 5
18 36 0
19 25 0
27 20 0
22 38 0
19 29 0
Net_id 5
pin_num 5
4 43 0
2 33 0
10 59 0
0 57 0
3 57 0
Net_id 6
pin_num 5
12 24 0
7 37 0
10 33 0
25 30 0
20 37 0
Net_id 7
pin_num 5
22 29 0
18 26 0
24 44 0
19 35 0
17 10 0
Net_id 8
pin_num 5
16 41 0
19 43 0
15 54 0
0 44 0
18 46 0
Net_id 9
pin_num 5
55 3 0
59 1 0
51 5 0
47 4 0
36 3 0
Net_id 10
pin_num 5
0 59 0
7 48 0
0 58 0
14 53 0
10 51 0
Net_id 11
pin_num 5
18 39 0
31 39 0
20 44 0
13 34 0
0 42 0
Net_id 12
pin_num 5
43 21 0
43 26 0
55 24 0
49 34 0
59 20 0
Net_id 13
pin_num 5
4 1 0
12 2 0
3 15 0
19 8 0
11 6 0
Net_id 14
pin_num 5
25 42 0
13 42 0
17 59 0
30 53 0
29 52 0
Net_id 15
pin_num 5
36 36 0
32 36 0
35 16 0
21 25 0
48 26 0
Net_id 16
pin_num 5
42 41 0
34 38 0
37 54 0
51 42 0
40 51 0
Net_id 17
pin_num 5
33 17 0
29 17 0
29 25 0
36 23 0
13 17 0
Net_id 18
pin_num 5
50 49 0
43 59 0
19 59 0
59 50 0
52 46 0
Net_id 19
pin_num 5
5 4 0
13 14 0
0 6 0
7 5 0
9 10 0
Net_id 20
pin_num 4
19 52 0
11 59 0
15 55 0
11 48 0
Net_id 21
pin_num 4
1 51 0
6 53 0
0 53 0
1 34 0
Net_id 22
pin_num 4
9 0 0
18 4 0
30 0 0
25 18 0
Net_id 23
pin_num 4
57 12 0
54 1 0
56 18 0
49 9 0
Net_id 24
pin_num 4
22 13 0
28 25 0
34 3 0
19 10 0
Net_id 25
pin_num 4
14 14 0
19 16 0
34 14 0
33 0 0
Net_id 26
pin_num 4
48 16 0
58 14 0
58 37 0
59 19 0
Net_id 27
pin_num 4
48 9 0
46 14 0
57 13 0
57 5 0
Net_id 28
pin_num 4
57 11 0
48 17 0
45 2 0
53 1 0
Net_id 29
pin_num 4
5 12 0
14 12 0
26 11 0
15 21 0
Net_id 30
pin_num 4
36 35 0
34 41 0
48 40 0
49 41 0
Net_id 31
pin_num 4
32 45 0
23 38 0
26 54 0
26 58 0
Net_id 32
pin_num 4
1 37 0
12 42 0
5 43 0
21 40 0
Net_id 33
pin_num 4
33 3 0
24 9 0
37 16 0
8 0 0
Net_id 34
pin_num 4
13 21 0
5 20 0
12 41 0
23 9 0
Net_id 35
pin_num 4
45 36 0
49 47 0
25 46 0
35 53 0
Net_id 36
pin_num 4
32 31 0
44 31 0
29 34 0
32 13 0
Net_id 37
pin_num 4
11 26 0
0 22 0
1 39 0
10 48 0
Net_id 38
pin_num 4
42 58 0
44 57 0
53 58 0
27 57 0
Net_id 39
pin_num 4
14 47 0
30 47 0
39 46 0
48 51 0
Net_id 40
pin_num 3
49 54 0
57 42 0
45 48 0
Net_id 41
pin_num 3
41 42 0
38 53 0
26 41 0
Net_id 42
pin_num 3
50 12 0
44 13 0
52 10 0
Net_id 43
pin_num 3
38 21 0
50 23 0
43 2 0
Net_id 44
pin_num 3
3 47 0
1 42 0
23 55 0
Net_id 45
pin_num 3
36 29 0
39 25 0
59 22 0
Net_id 46
pin_num 3
34 24 0
40 22 0
56 22 0
Net_id 47
pin_num 3
48 14 0
57 1 0
44 12 0
Net_id 48
pin_num 3
41 20 0
54 20 0
41 6 0
Net_id 49
pin_num 3
23 53 0
31 30 0
16 31 0
Net_id 50
pin_num 3
48 43 0
45 34 0
37 25 0
Net_id 51
pin_num 3
44 2 0
46 4 0
44 33 0
Net_id 52
pin_num 3
21 59 0
14 50 0
1 45 0
Net_id 53
pin_num 3
46 23 0
38 8 0
22 1 0
Net_id 54
pin_num 3
46 15 0
52 15 0
57 17 0
Net_id 55
pin_num 3
29 28 0
48 25 0
45 35 0
Net_id 56
pin_num 3
16 56 0
30 56 0
30 59 0
Net_id 57
pin_num 3
22 16 0
22 31 0
42 19 0
Net_id 58
pin_num 3
36 19 0
45 33 0
59 33 0
Net_id 59
pin_num 3
55 46 0
51 39 0
52 35 0
Net_id 60
pin_num 3
6 55 0
5 52 0
14 52 0
Net_id 61
pin_num 3
54 34 0
52 22 0
59 40 0
Net_id 62
pin_num 3
14 25 0
11 27 0
22 5 0
Net_id 63
pin_num 3
22 48 0
1 31 0
5 45 0
Net_id 64
pin_num 3
3 10 0
1 7 0
0 35 0
Net_id 65
pin_num 3
1 1 0
19 2 0
13 15 0
Net_id 66
pin_num 3
13 7 0
2 1 0
1 12 0
Net_id 67
pin_num 3
5 34 0
1 38 0
10 19 0
Net_id 68
pin_num 3
17 51 0
7 53 0
30 52 0
Net_id 69
pin_num 3
45 59 0
57 56 0
51 55 0
Net_id 70
pin_num 3
45 21 0
57 18 0
49 8 0
Net_id 71
pin_num 3
43 18 0
46 10 0
52 13 0
Net_id 72
pin_num 3
15 20 0
3 30 0
14 33 0
Net_id 73
pin_num 3
30 20 0
39 17 0
34 18 0
Net_id 74
pin_num 3
41 8 0
47 5 0
31 12 0
Net_id 75
pin_num 3
43 56 0
47 23 0
13 47 0
Net_id 76
pin_num 3
27 43 0
31 37 0
13 33 0
Net_id 77
pin_num 3
12 25 0
0 19 0
4 3 0
Net_id 78
pin_num 3
53 23 0
58 31 0
55 15 0
Net_id 79
pin_num 3
54 13 0
54 22 0
53 26 0
Net_id 80
pin_num 3
42 46 0
48 46 0
5 47 0
Net_id 81
pin_num 2
12 28 0
17 32 0
Net_id 82
pin_num 2
1 50 0
6 46 0
Net_id 83
pin_num 2
18 15 0
13 2 0
Net_id 84
pin_num 2
34 43 0
17 39 0
Net_id 85
pin_num 2
53 48 0
51 47 0
Net_id 86
pin_num 2
51 43 0
29 33 0
Net_id 87
pin_num 2
25 43 0
14 45 0
Net_id 88
pin_num 2
50 56 0
34 40 0
Net_id 89
pin_num 2
4 13 0
0 12 0
Net_id 90
pin_num 2
48 38 0
50 44 0
Net_id 91
pin_num 2
42 5 0
46 11 0
Net_id 92
pin_num 2
47 50 0
21 36 0
Net_id 93
pin_num 2
13 16 0
10 10 0
Net_id 94
pin_num 2
14 4 0
19 6 0
Net_id 95
pin_num 2
56 47 0
58 42 0
Net_id 96
pin_num 2
38 38 0
46 41 0
Net_id 97
pin_num 2
55 44 0
44 51 0
Net_id 98
pin_num 2
3 33 0
11 30 0
Net_id 99
pin_num 2
4 17 0
14 18 0
Net_id 100
pin_num 2
23 32 0
14 46 0
Net_id 101
pin_num 2
25 22 0
40 18 0
Net_id 102
pin_num 2
57 53 0
59 59 0
Net_id 103
pin_num 2
24 46 0
30 36 0
Net_id 104
pin_num 2
1 41 0
9 44 0
Net_id 105
pin_num 2
48 54 0
35 52 0
Net_id 106
pin_num 2
4 46 0
13 46 0
Net_id 107
pin_num 2
33 2 0
50 17 0
Net_id 108
pin_num 2
6 14 0
16 13 0
Net_id 109
pin_num 2
37 36 0
44 44 0
Net_id 110
pin_num 2
11 58 0
21 57 0
Net_id 111
pin_num 2
42 57 0
51 36 0
Net_id 112
pin_num 2
6 33 0
13 39 0
Net_id 113
pin_num 2
53 4 0
55 11 0
Net_id 114
pin_num 2
39 35 0
33 33 0
Net_id 115
pin_num 2
16 39 0
14 34 0
Net_id 116
pin_num 2
39 51 0
29 40 0
Net_id 117
pin_num 2
20 20 0
8 28 0
Net_id 118
pin_num 2
41 54 0
22 57 0
Net_id 119
pin_num 2
17 23 0
38 18 0
Net_id 120
pin_num 2
37 14 0
50 26 0
Net_id 121
pin_num 2
54 32 0
26 30 0
Net_id 122
pin_num 2
42 9 0
39 9 0
Net_id 123
pin_num 2
36 25 0
32 25 0
Net_id 124
pin_num 2
57 7 0
49 1 0
Net_id 125
pin_num 2
14 8 0
17 9 0
Net_id 126
pin_num 2
3 28 0
7 34 0
Net_id 127
pin_num 2
35 54 0
27 49 0
Net_id 128
pin_num 2
39 49 0
56 53 0
Net_id 129
pin_num 2
11 34 0
1 43 0
Net_id 130
pin_num 2
12 29 0
8 30 0
Net_id 131
pin_num 2
49 57 0
58 50 0
Net_id 132
pin_num 2
57 10 0
53 9 0
Net_id 133
pin_num 2
40 6 0
54 18 0
Net_id 134
pin_num 2
34 22 0
33 15 0
Net_id 135
pin_num 2
46 44 0
27 36 0
Net_id 136
pin_num 2
43 33 0
35 14 0
Net_id 137
pin_num 2
47 55 0
54 58 0
Net_id 138
pin_num 2
52 40 0
41 30 0
Net_id 139
pin_num 2
12 6 0
21 2 0
Net_id 140
pin_num 2
21 1 0
7 1 0
Net_id 141
pin_num 2
31 24 0
23 40 0
Net_id 142
pin_num 2
9 41 0
10 39 0
Net_id 143
pin_num 2
16 35 0
9 35 0
Net_id 144
pin_num 2
24 24 0
19 24 0
Net_id 145
pin_num 2
28 15 0
10 5 0
Net_id 146
pin_num 2
21 33 0
13 29 0
Net_id 147
pin_num 2
20 31 0
25 32 0
Net_id 148
pin_num 2
42 8 0
50 7 0
Net_id 149
pin_num 2
33 48 0
30 55 0
Net_id 150
pin_num 2
13 19 0
4 39 0
Net_id 151
pin_num 2
5 10 0
16 7 0
Net_id 152
pin_num 2
20 5 0
16 5 0
Net_id 153
pin_num 2
21 21 0
12 53 0
Net_id 154
pin_num 2
43 51 0
41 37 0
Net_id 155
pin_num 2
30 25 0
33 30 0
Net_id 156
pin_num 2
41 55 0
25 35 0
Net_id 157
pin_num 2
51 37 0
54 47 0
Net_id 158
pin_num 2
43 45 0
49 45 0
Net_id 159
pin_num 2
53 19 0
22 51 0
