Width 60
Height 60
Layer 6
Total_WL 6665
Obstacle_num 144
44 41 0 47 42 0
29 1 0 34 2 0
10 42 0 20 43 0
12 27 0 19 28 0
2 38 0 6 39 0
6 39 0 15 40 0
11 31 0 14 32 0
50 21 0 55 22 0
44 22 0 51 23 0
26 35 0 35 36 0
4 15 0 11 16 0
38 50 0 47 51 0
11 36 0 21 37 0
12 1 0 16 2 0
34 48 0 37 49 0
37 57 0 43 58 0
8 29 0 14 30 0
43 28 0 47 29 0
12 11 0 16 12 0
23 2 0 32 3 0
50 13 0 54 14 0
17 15 0 26 16 0
25 39 0 32 40 0
2 9 0 8 10 0
42 37 1 43 47 1
49 45 1 50 52 1
52 10 1 53 17 1
50 31 1 51 39 1
58 45 1 59 55 1
17 9 1 18 14 1
28 20 1 29 26 1
58 13 1 59 16 1
52 49 1 53 57 1
57 34 1 58 43 1
20 39 1 21 47 1
51 0 1 52 6 1
47 19 1 48 28 1
18 10 1 19 20 1
53 2 1 54 8 1
51 48 1 52 55 1
41 28 1 42 34 1
2 7 1 3 17 1
29 22 1 30 25 1
16 45 1 17 52 1
4 6 1 5 14 1
53 20 1 54 30 1
11 13 1 12 23 1
24 38 1 25 44 1
40 28 2 43 29 2
5 26 2 9 27 2
26 40 2 35 41 2
10 40 2 13 41 2
37 4 2 41 5 2
31 26 2 36 27 2
50 47 2 58 48 2
0 46 2 7 47 2
14 35 2 24 36 2
22 16 2 26 17 2
27 18 2 33 19 2
32 31 2 41 32 2
18 14 2 21 15 2
37 11 2 41 12 2
26 44 2 34 45 2
8 12 2 15 13 2
36 48 2 41 49 2
47 45 2 55 46 2
31 43 2 41 44 2
5 38 2 12 39 2
35 2 2 45 3 2
28 51 2 31 52 2
41 52 2 48 53 2
23 58 2 30 59 2
7 50 3 8 54 3
45 35 3 46 43 3
3 30 3 4 34 3
50 28 3 51 33 3
9 40 3 10 49 3
13 38 3 14 43 3
53 48 3 54 57 3
44 16 3 45 22 3
4 36 3 5 40 3
36 25 3 37 31 3
52 22 3 53 30 3
54 46 3 55 56 3
13 22 3 14 29 3
37 1 3 38 7 3
8 34 3 9 42 3
36 42 3 37 51 3
39 53 3 40 58 3
11 18 3 12 22 3
26 20 3 27 30 3
9 6 3 10 16 3
10 52 3 11 59 3
37 40 3 38 46 3
22 27 3 23 37 3
38 37 3 39 47 3
3 22 4 7 23 4
39 27 4 46 28 4
47 9 4 57 10 4
19 16 4 28 17 4
25 6 4 32 7 4
20 34 4 28 35 4
37 45 4 44 46 4
11 31 4 19 32 4
47 24 4 54 25 4
11 34 4 20 35 4
37 48 4 47 49 4
2 39 4 5 40 4
4 52 4 7 53 4
33 25 4 42 26 4
12 32 4 16 33 4
35 53 4 44 54 4
13 48 4 17 49 4
27 22 4 37 23 4
36 30 4 42 31 4
21 48 4 31 49 4
37 35 4 46 36 4
49 22 4 59 23 4
38 15 4 46 16 4
36 43 4 45 44 4
18 38 5 19 45 5
44 4 5 45 14 5
16 8 5 17 17 5
36 48 5 37 55 5
57 52 5 58 56 5
31 2 5 32 10 5
18 14 5 19 19 5
22 15 5 23 25 5
21 33 5 22 38 5
51 11 5 52 18 5
8 46 5 9 49 5
44 38 5 45 41 5
29 13 5 30 18 5
46 21 5 47 29 5
2 32 5 3 35 5
12 56 5 13 59 5
23 25 5 24 32 5
46 3 5 47 10 5
16 41 5 17 47 5
2 44 5 3 49 5
8 10 5 9 17 5
38 21 5 39 27 5
4 50 5 5 58 5
7 0 5 8 5 5
Net_num 159
Net_id 0
pin_num 5
5 11 0
10 4 0
16 1 0
23 1 0
40 0 0
Net_id 1
pin_num 5
18 28 0
20 20 0
20 34 0
30 27 0
19 32 0
Net_id 2
pin_num 5
37 47 0
43 48 0
42 59 0
38 51 0
40 48 0
Net_id 3
pin_num 5
10 49 0
1 47 0
7 59 0
9 27 0
0 49 0
Net_id 4
pin_num 5
32 3 0
25 12 0
40 3 0
29 0 0
17 0 0
Net_id 5
pin_num 5
43 31 0
32 24 0
31 6 0
47 17 0
41 11 0
Net_id 6
pin_num 5
49 39 0
59 38 0
59 54 0
58 25 0
59 19 0
Net_id 7
pin_num 5
5 47 0
15 58 0
5 36 0
0 59 0
4 51 0
Net_id 8
pin_num 5
12 15 0
0 21 0
0 18 0
0 12 0
1 4 0
Net_id 9
pin_num 5
17 37 0
16 33 0
17 44 0
7 46 0
25 32 0
Net_id 10
pin_num 5
11 1 0
6 0 0
8 13 0
29 6 0
6 16 0
Net_id 11
pin_num 5
31 9 0
19 4 0
18 9 0
9 2 0
14 21 0
Net_id 12
pin_num 5
52 20 0
52 9 0
38 12 0
59 33 0
59 4 0
Net_id 13
pin_num 5
28 5 0
33 18 0
28 23 0
42 8 0
10 23 0
Net_id 14
pin_num 5
57 11 0
58 0 0
54 0 0
57 6 0
48 4 0
Net_id 15
pin_num 5
52 57 0
59 37 0
43 58 0
55 26 0
57 33 0
Net_id 16
pin_num 5
39 26 0
56 28 0
46 31 0
36 30 0
50 16 0
Net_id 17
pin_num 5
38 24 0
38 29 0
43 29 0
59 29 0
38 43 0
Net_id 18
pin_num 5
16 53 0
18 59 0
32 57 0
2 59 0
6 45 0
Net_id 19
pin_num 4
47 18 0
40 13 0
46 0 0
33 13 0
Net_id 20
pin_num 4
49 5 0
58 7 0
58 40 0
56 10 0
Net_id 21
pin_num 4
29 11 0
20 11 0
22 0 0
22 34 0
Net_id 22
pin_num 4
50 54 0
56 54 0
55 32 0
39 53 0
Net_id 23
pin_num 4
50 52 0
38 55 0
57 59 0
49 55 0
Net_id 24
pin_num 4
19 43 0
34 49 0
27 59 0
21 48 0
Net_id 25
pin_num 4
12 28 0
3 40 0
7 19 0
4 32 0
Net_id 26
pin_num 4
12 35 0
0 39 0
1 29 0
1 59 0
Net_id 27
pin_num 4
41 38 0
47 43 0
21 38 0
36 32 0
Net_id 28
pin_num 4
45 5 0
41 7 0
48 14 0
57 9 0
Net_id 29
pin_num 4
35 22 0
20 10 0
39 19 0
32 39 0
Net_id 30
pin_num 4
39 32 0
37 36 0
37 10 0
54 20 0
Net_id 31
pin_num 4
40 25 0
56 33 0
48 36 0
54 41 0
Net_id 32
pin_num 4
41 56 0
36 53 0
29 53 0
11 58 0
Net_id 33
pin_num 4
7 57 0
26 59 0
19 49 0
23 51 0
Net_id 34
pin_num 4
22 19 0
17 4 0
11 2 0
17 39 0
Net_id 35
pin_num 4
20 33 0
11 26 0
12 41 0
18 58 0
Net_id 36
pin_num 4
25 5 0
20 17 0
13 3 0
16 11 0
Net_id 37
pin_num 4
47 3 0
40 6 0
46 10 0
41 9 0
Net_id 38
pin_num 3
2 15 0
18 26 0
15 0 0
Net_id 39
pin_num 3
13 38 0
20 38 0
5 50 0
Net_id 40
pin_num 3
56 31 0
42 21 0
43 34 0
Net_id 41
pin_num 3
39 34 0
31 34 0
40 32 0
Net_id 42
pin_num 3
21 29 0
8 30 0
14 47 0
Net_id 43
pin_num 3
9 5 0
13 0 0
34 1 0
Net_id 44
pin_num 3
47 31 0
56 43 0
46 24 0
Net_id 45
pin_num 3
59 22 0
51 27 0
43 32 0
Net_id 46
pin_num 3
1 54 0
10 59 0
3 30 0
Net_id 47
pin_num 3
24 42 0
35 56 0
30 56 0
Net_id 48
pin_num 3
9 52 0
26 56 0
40 44 0
Net_id 49
pin_num 3
59 55 0
53 46 0
37 55 0
Net_id 50
pin_num 3
20 40 0
24 21 0
35 33 0
Net_id 51
pin_num 3
10 27 0
11 37 0
18 49 0
Net_id 52
pin_num 3
22 50 0
32 56 0
25 49 0
Net_id 53
pin_num 3
50 36 0
49 32 0
59 35 0
Net_id 54
pin_num 3
40 8 0
25 3 0
30 4 0
Net_id 55
pin_num 3
19 55 0
5 57 0
9 58 0
Net_id 56
pin_num 3
33 28 0
41 28 0
39 33 0
Net_id 57
pin_num 3
59 58 0
51 56 0
50 47 0
Net_id 58
pin_num 3
40 21 0
26 20 0
33 10 0
Net_id 59
pin_num 3
15 46 0
14 54 0
12 53 0
Net_id 60
pin_num 3
48 58 0
57 48 0
58 43 0
Net_id 61
pin_num 3
15 15 0
1 2 0
3 6 0
Net_id 62
pin_num 3
11 47 0
4 56 0
0 42 0
Net_id 63
pin_num 3
26 29 0
21 24 0
31 5 0
Net_id 64
pin_num 3
56 9 0
51 20 0
59 3 0
Net_id 65
pin_num 3
37 37 0
21 22 0
9 23 0
Net_id 66
pin_num 3
6 31 0
1 42 0
35 44 0
Net_id 67
pin_num 3
10 53 0
2 34 0
13 37 0
Net_id 68
pin_num 3
15 12 0
5 4 0
0 2 0
Net_id 69
pin_num 3
42 40 0
53 34 0
59 59 0
Net_id 70
pin_num 3
27 17 0
34 14 0
5 19 0
Net_id 71
pin_num 3
18 2 0
12 18 0
2 17 0
Net_id 72
pin_num 3
19 31 0
36 39 0
48 56 0
Net_id 73
pin_num 3
23 17 0
20 37 0
38 23 0
Net_id 74
pin_num 3
1 25 0
1 11 0
0 17 0
Net_id 75
pin_num 3
3 25 0
18 20 0
8 20 0
Net_id 76
pin_num 3
29 40 0
14 28 0
23 10 0
Net_id 77
pin_num 2
1 21 0
26 41 0
Net_id 78
pin_num 2
20 22 0
10 24 0
Net_id 79
pin_num 2
51 24 0
43 21 0
Net_id 80
pin_num 2
47 20 0
46 21 0
Net_id 81
pin_num 2
54 30 0
55 16 0
Net_id 82
pin_num 2
28 4 0
10 11 0
Net_id 83
pin_num 2
56 42 0
40 42 0
Net_id 84
pin_num 2
18 40 0
21 56 0
Net_id 85
pin_num 2
31 52 0
47 37 0
Net_id 86
pin_num 2
41 32 0
44 24 0
Net_id 87
pin_num 2
29 49 0
41 45 0
Net_id 88
pin_num 2
33 7 0
43 1 0
Net_id 89
pin_num 2
2 14 0
15 16 0
Net_id 90
pin_num 2
4 7 0
30 10 0
Net_id 91
pin_num 2
56 11 0
49 23 0
Net_id 92
pin_num 2
53 8 0
39 1 0
Net_id 93
pin_num 2
47 4 0
40 10 0
Net_id 94
pin_num 2
30 28 0
58 41 0
Net_id 95
pin_num 2
2 39 0
26 45 0
Net_id 96
pin_num 2
39 45 0
43 46 0
Net_id 97
pin_num 2
50 17 0
20 3 0
Net_id 98
pin_num 2
28 52 0
17 52 0
Net_id 99
pin_num 2
0 4 0
10 18 0
Net_id 100
pin_num 2
0 5 0
6 3 0
Net_id 101
pin_num 2
2 33 0
1 28 0
Net_id 102
pin_num 2
17 43 0
9 43 0
Net_id 103
pin_num 2
45 1 0
33 6 0
Net_id 104
pin_num 2
29 52 0
36 41 0
Net_id 105
pin_num 2
8 17 0
16 30 0
Net_id 106
pin_num 2
51 45 0
41 41 0
Net_id 107
pin_num 2
10 56 0
23 49 0
Net_id 108
pin_num 2
37 1 0
28 12 0
Net_id 109
pin_num 2
3 4 0
4 16 0
Net_id 110
pin_num 2
29 10 0
9 22 0
Net_id 111
pin_num 2
1 37 0
10 44 0
Net_id 112
pin_num 2
42 33 0
47 32 0
Net_id 113
pin_num 2
40 41 0
23 34 0
Net_id 114
pin_num 2
4 24 0
3 26 0
Net_id 115
pin_num 2
44 44 0
44 36 0
Net_id 116
pin_num 2
56 49 0
48 38 0
Net_id 117
pin_num 2
40 33 0
27 54 0
Net_id 118
pin_num 2
15 41 0
8 42 0
Net_id 119
pin_num 2
38 48 0
32 46 0
Net_id 120
pin_num 2
2 10 0
9 10 0
Net_id 121
pin_num 2
58 9 0
34 30 0
Net_id 122
pin_num 2
50 57 0
37 50 0
Net_id 123
pin_num 2
12 4 0
21 9 0
Net_id 124
pin_num 2
41 14 0
35 18 0
Net_id 125
pin_num 2
32 25 0
25 25 0
Net_id 126
pin_num 2
51 28 0
39 44 0
Net_id 127
pin_num 2
6 29 0
0 40 0
Net_id 128
pin_num 2
25 53 0
17 53 0
Net_id 129
pin_num 2
7 27 0
11 41 0
Net_id 130
pin_num 2
47 23 0
45 19 0
Net_id 131
pin_num 2
43 57 0
44 56 0
Net_id 132
pin_num 2
43 13 0
53 1 0
Net_id 133
pin_num 2
8 51 0
4 54 0
Net_id 134
pin_num 2
32 44 0
34 42 0
Net_id 135
pin_num 2
51 57 0
52 48 0
Net_id 136
pin_num 2
20 46 0
22 39 0
Net_id 137
pin_num 2
28 20 0
41 34 0
Net_id 138
pin_num 2
3 32 0
9 16 0
Net_id 139
pin_num 2
12 16 0
24 19 0
Net_id 140
pin_num 2
50 9 0
42 13 0
Net_id 141
pin_num 2
4 22 0
23 33 0
Net_id 142
pin_num 2
49 14 0
44 34 0
Net_id 143
pin_num 2
21 42 0
25 28 0
Net_id 144
pin_num 2
48 1 0
39 6 0
Net_id 145
pin_num 2
58 46 0
53 48 0
Net_id 146
pin_num 2
4 57 0
20 47 0
Net_id 147
pin_num 2
52 18 0
54 25 0
Net_id 148
pin_num 2
35 4 0
39 7 0
Net_id 149
pin_num 2
46 47 0
36 24 0
Net_id 150
pin_num 2
45 12 0
46 14 0
Net_id 151
pin_num 2
35 57 0
13 35 0
Net_id 152
pin_num 2
48 2 0
43 6 0
Net_id 153
pin_num 2
31 15 0
49 6 0
Net_id 154
pin_num 2
5 8 0
17 3 0
Net_id 155
pin_num 2
58 16 0
49 19 0
Net_id 156
pin_num 2
59 21 0
50 4 0
Net_id 157
pin_num 2
54 33 0
38 22 0
Net_id 158
pin_num 2
4 3 0
2 4 0
