Width 60
Height 60
Layer 6
Total_WL 6841
Obstacle_num 144
5 22 0 11 23 0
13 2 0 19 3 0
41 57 0 49 58 0
4 6 0 11 7 0
37 13 0 44 14 0
19 51 0 25 52 0
20 57 0 27 58 0
53 42 0 59 43 0
17 22 0 23 23 0
41 31 0 49 32 0
32 34 0 40 35 0
5 54 0 9 55 0
41 19 0 51 20 0
22 0 0 32 1 0
7 17 0 10 18 0
23 4 0 27 5 0
54 3 0 58 4 0
3 28 0 8 29 0
42 32 0 48 33 0
43 50 0 49 51 0
0 56 0 5 57 0
28 54 0 34 55 0
31 32 0 36 33 0
41 33 0 47 34 0
5 6 1 6 12 1
50 25 1 51 35 1
46 2 1 47 8 1
50 1 1 51 4 1
0 51 1 1 54 1
19 16 1 20 26 1
56 40 1 57 44 1
30 10 1 31 14 1
36 55 1 37 59 1
12 40 1 13 44 1
2 20 1 3 28 1
18 17 1 19 22 1
4 43 1 5 53 1
40 43 1 41 48 1
35 30 1 36 35 1
45 14 1 46 20 1
35 44 1 36 49 1
48 1 1 49 9 1
17 9 1 18 17 1
10 14 1 11 20 1
9 15 1 10 21 1
29 22 1 30 26 1
10 37 1 11 40 1
14 8 1 15 17 1
12 10 2 21 11 2
50 35 2 58 36 2
25 24 2 28 25 2
47 28 2 57 29 2
7 21 2 10 22 2
47 45 2 54 46 2
18 16 2 28 17 2
43 0 2 46 1 2
8 25 2 13 26 2
45 9 2 52 10 2
13 29 2 21 30 2
12 46 2 19 47 2
26 57 2 34 58 2
36 45 2 45 46 2
31 36 2 41 37 2
6 35 2 9 36 2
9 5 2 16 6 2
11 48 2 17 49 2
22 35 2 28 36 2
7 44 2 14 45 2
3 31 2 7 32 2
6 30 2 10 31 2
2 15 2 5 16 2
17 35 2 20 36 2
14 52 3 15 56 3
22 21 3 23 30 3
37 36 3 38 40 3
6 23 3 7 27 3
2 44 3 3 52 3
55 32 3 56 38 3
25 10 3 26 17 3
4 12 3 5 15 3
30 27 3 31 35 3
4 40 3 5 47 3
14 29 3 15 37 3
41 6 3 42 15 3
39 34 3 40 44 3
20 45 3 21 54 3
53 6 3 54 13 3
8 20 3 9 28 3
17 49 3 18 59 3
3 36 3 4 46 3
32 41 3 33 50 3
39 10 3 40 14 3
22 46 3 23 54 3
44 41 3 45 47 3
14 18 3 15 21 3
33 23 3 34 29 3
24 29 4 33 30 4
16 8 4 22 9 4
23 49 4 27 50 4
39 10 4 44 11 4
19 14 4 28 15 4
7 39 4 10 40 4
43 26 4 46 27 4
43 31 4 49 32 4
32 57 4 40 58 4
28 31 4 33 32 4
12 40 4 22 41 4
21 41 4 30 42 4
20 30 4 30 31 4
17 48 4 23 49 4
27 32 4 31 33 4
35 29 4 38 30 4
1 2 4 9 3 4
6 56 4 14 57 4
27 0 4 33 1 4
42 53 4 45 54 4
15 7 4 23 8 4
7 26 4 15 27 4
35 51 4 38 52 4
43 42 4 53 43 4
54 3 5 55 13 5
29 5 5 30 12 5
23 50 5 24 54 5
13 4 5 14 10 5
18 13 5 19 23 5
37 26 5 38 34 5
35 51 5 36 55 5
25 43 5 26 48 5
24 35 5 25 38 5
22 36 5 23 40 5
16 8 5 17 15 5
14 22 5 15 28 5
56 36 5 57 40 5
35 11 5 36 21 5
28 53 5 29 57 5
14 53 5 15 59 5
37 7 5 38 16 5
28 6 5 29 11 5
1 28 5 2 31 5
29 2 5 30 5 5
9 39 5 10 49 5
0 31 5 1 41 5
57 51 5 58 59 5
56 8 5 57 13 5
Net_num 157
Net_id 0
pin_num 5
33 4 0
33 15 0
49 4 0
27 8 0
21 0 0
Net_id 1
pin_num 5
4 3 0
0 8 0
12 0 0
16 0 0
7 2 0
Net_id 2
pin_num 5
23 44 0
35 43 0
28 57 0
27 51 0
48 48 0
Net_id 3
pin_num 5
50 1 0
59 6 0
27 2 0
36 0 0
35 6 0
Net_id 4
pin_num 5
20 29 0
18 24 0
18 49 0
18 38 0
10 25 0
Net_id 5
pin_num 5
28 7 0
16 14 0
31 8 0
32 14 0
23 12 0
Net_id 6
pin_num 5
22 49 0
23 53 0
33 53 0
41 50 0
6 50 0
Net_id 7
pin_num 5
9 46 0
14 46 0
0 38 0
17 42 0
2 28 0
Net_id 8
pin_num 5
53 49 0
57 55 0
53 59 0
54 36 0
59 38 0
Net_id 9
pin_num 5
19 58 0
25 54 0
21 45 0
11 59 0
23 59 0
Net_id 10
pin_num 5
0 33 0
5 27 0
3 12 0
3 9 0
0 36 0
Net_id 11
pin_num 5
42 26 0
39 25 0
33 25 0
38 46 0
31 51 0
Net_id 12
pin_num 5
12 41 0
19 41 0
17 59 0
15 40 0
1 37 0
Net_id 13
pin_num 5
0 18 0
2 1 0
19 16 0
8 7 0
2 2 0
Net_id 14
pin_num 5
3 53 0
10 49 0
42 50 0
52 48 0
15 58 0
Net_id 15
pin_num 5
54 39 0
54 54 0
36 53 0
53 43 0
58 37 0
Net_id 16
pin_num 5
42 5 0
46 5 0
37 8 0
26 1 0
38 9 0
Net_id 17
pin_num 5
54 34 0
57 28 0
59 31 0
59 20 0
57 44 0
Net_id 18
pin_num 5
59 49 0
52 51 0
45 51 0
18 51 0
51 56 0
Net_id 19
pin_num 5
31 25 0
25 33 0
46 29 0
28 10 0
27 31 0
Net_id 20
pin_num 5
41 20 0
40 5 0
41 34 0
53 34 0
38 15 0
Net_id 21
pin_num 5
31 22 0
35 19 0
57 22 0
26 19 0
36 8 0
Net_id 22
pin_num 4
5 1 0
3 8 0
17 0 0
10 20 0
Net_id 23
pin_num 4
20 20 0
28 20 0
26 11 0
24 30 0
Net_id 24
pin_num 4
43 26 0
58 24 0
55 21 0
43 16 0
Net_id 25
pin_num 4
33 30 0
40 24 0
40 52 0
56 27 0
Net_id 26
pin_num 4
49 41 0
56 34 0
53 29 0
59 52 0
Net_id 27
pin_num 4
46 18 0
32 18 0
35 5 0
16 7 0
Net_id 28
pin_num 4
59 45 0
52 38 0
58 28 0
54 59 0
Net_id 29
pin_num 4
4 17 0
11 20 0
6 19 0
11 1 0
Net_id 30
pin_num 4
38 27 0
43 29 0
41 21 0
29 26 0
Net_id 31
pin_num 4
32 40 0
46 40 0
44 21 0
25 32 0
Net_id 32
pin_num 4
52 9 0
43 15 0
59 17 0
24 9 0
Net_id 33
pin_num 4
56 50 0
51 50 0
59 19 0
36 42 0
Net_id 34
pin_num 4
49 51 0
58 58 0
49 38 0
45 46 0
Net_id 35
pin_num 4
47 21 0
55 29 0
37 21 0
56 13 0
Net_id 36
pin_num 4
13 3 0
5 3 0
4 14 0
25 1 0
Net_id 37
pin_num 4
35 12 0
48 10 0
52 0 0
32 3 0
Net_id 38
pin_num 4
30 27 0
25 24 0
20 25 0
10 26 0
Net_id 39
pin_num 4
28 45 0
32 46 0
39 45 0
58 47 0
Net_id 40
pin_num 4
28 33 0
31 34 0
39 33 0
30 14 0
Net_id 41
pin_num 4
21 46 0
24 48 0
31 59 0
37 59 0
Net_id 42
pin_num 4
34 28 0
23 28 0
31 9 0
32 36 0
Net_id 43
pin_num 3
21 12 0
12 13 0
20 27 0
Net_id 44
pin_num 3
18 13 0
27 3 0
22 31 0
Net_id 45
pin_num 3
52 39 0
46 46 0
44 36 0
Net_id 46
pin_num 3
33 43 0
19 49 0
40 59 0
Net_id 47
pin_num 3
58 53 0
50 58 0
56 48 0
Net_id 48
pin_num 3
10 8 0
21 9 0
16 15 0
Net_id 49
pin_num 3
22 44 0
11 29 0
0 37 0
Net_id 50
pin_num 3
0 30 0
1 35 0
7 34 0
Net_id 51
pin_num 3
3 37 0
18 55 0
7 19 0
Net_id 52
pin_num 3
13 27 0
21 37 0
21 59 0
Net_id 53
pin_num 3
38 12 0
48 12 0
22 28 0
Net_id 54
pin_num 3
41 3 0
34 7 0
42 3 0
Net_id 55
pin_num 3
34 31 0
40 30 0
36 35 0
Net_id 56
pin_num 3
10 2 0
23 13 0
28 29 0
Net_id 57
pin_num 3
16 17 0
1 29 0
2 17 0
Net_id 58
pin_num 3
7 9 0
14 21 0
3 6 0
Net_id 59
pin_num 3
25 9 0
47 16 0
38 16 0
Net_id 60
pin_num 3
55 38 0
57 34 0
59 41 0
Net_id 61
pin_num 3
16 53 0
20 49 0
23 52 0
Net_id 62
pin_num 3
46 38 0
50 57 0
40 57 0
Net_id 63
pin_num 3
25 18 0
12 4 0
16 9 0
Net_id 64
pin_num 3
45 8 0
41 1 0
59 7 0
Net_id 65
pin_num 3
39 58 0
26 58 0
20 47 0
Net_id 66
pin_num 3
47 17 0
45 38 0
45 23 0
Net_id 67
pin_num 3
45 52 0
53 55 0
41 58 0
Net_id 68
pin_num 3
18 52 0
8 58 0
8 36 0
Net_id 69
pin_num 3
9 32 0
22 35 0
17 48 0
Net_id 70
pin_num 3
26 56 0
9 52 0
15 55 0
Net_id 71
pin_num 3
56 19 0
40 19 0
44 14 0
Net_id 72
pin_num 3
28 42 0
25 36 0
35 38 0
Net_id 73
pin_num 3
9 20 0
6 27 0
7 48 0
Net_id 74
pin_num 3
18 5 0
42 7 0
6 4 0
Net_id 75
pin_num 3
13 18 0
6 15 0
9 35 0
Net_id 76
pin_num 3
23 32 0
19 36 0
29 12 0
Net_id 77
pin_num 3
59 29 0
35 26 0
28 30 0
Net_id 78
pin_num 3
2 15 0
8 15 0
25 17 0
Net_id 79
pin_num 3
40 43 0
58 27 0
33 35 0
Net_id 80
pin_num 3
4 8 0
34 14 0
26 21 0
Net_id 81
pin_num 3
17 17 0
22 6 0
15 10 0
Net_id 82
pin_num 2
29 47 0
19 54 0
Net_id 83
pin_num 2
38 54 0
44 54 0
Net_id 84
pin_num 2
53 25 0
48 16 0
Net_id 85
pin_num 2
58 57 0
52 40 0
Net_id 86
pin_num 2
10 15 0
20 9 0
Net_id 87
pin_num 2
47 37 0
23 37 0
Net_id 88
pin_num 2
38 47 0
56 55 0
Net_id 89
pin_num 2
14 23 0
10 30 0
Net_id 90
pin_num 2
46 8 0
51 12 0
Net_id 91
pin_num 2
33 38 0
34 35 0
Net_id 92
pin_num 2
1 32 0
31 35 0
Net_id 93
pin_num 2
2 57 0
6 55 0
Net_id 94
pin_num 2
12 31 0
21 24 0
Net_id 95
pin_num 2
48 15 0
53 15 0
Net_id 96
pin_num 2
54 56 0
56 58 0
Net_id 97
pin_num 2
42 42 0
41 39 0
Net_id 98
pin_num 2
24 5 0
13 14 0
Net_id 99
pin_num 2
49 25 0
35 7 0
Net_id 100
pin_num 2
29 15 0
37 10 0
Net_id 101
pin_num 2
0 31 0
7 31 0
Net_id 102
pin_num 2
50 23 0
47 7 0
Net_id 103
pin_num 2
30 16 0
27 24 0
Net_id 104
pin_num 2
2 54 0
3 54 0
Net_id 105
pin_num 2
17 24 0
9 24 0
Net_id 106
pin_num 2
29 57 0
39 44 0
Net_id 107
pin_num 2
10 23 0
0 45 0
Net_id 108
pin_num 2
37 38 0
19 45 0
Net_id 109
pin_num 2
0 14 0
8 12 0
Net_id 110
pin_num 2
19 21 0
32 11 0
Net_id 111
pin_num 2
8 46 0
0 55 0
Net_id 112
pin_num 2
6 45 0
5 47 0
Net_id 113
pin_num 2
21 33 0
32 16 0
Net_id 114
pin_num 2
32 55 0
35 53 0
Net_id 115
pin_num 2
49 57 0
52 55 0
Net_id 116
pin_num 2
43 10 0
38 14 0
Net_id 117
pin_num 2
50 37 0
52 33 0
Net_id 118
pin_num 2
23 49 0
41 47 0
Net_id 119
pin_num 2
40 56 0
19 57 0
Net_id 120
pin_num 2
58 3 0
53 1 0
Net_id 121
pin_num 2
17 57 0
14 58 0
Net_id 122
pin_num 2
14 30 0
32 12 0
Net_id 123
pin_num 2
46 59 0
51 33 0
Net_id 124
pin_num 2
18 48 0
6 29 0
Net_id 125
pin_num 2
14 20 0
3 27 0
Net_id 126
pin_num 2
37 12 0
27 33 0
Net_id 127
pin_num 2
0 4 0
19 9 0
Net_id 128
pin_num 2
37 25 0
24 42 0
Net_id 129
pin_num 2
1 30 0
49 5 0
Net_id 130
pin_num 2
36 51 0
47 55 0
Net_id 131
pin_num 2
30 46 0
27 53 0
Net_id 132
pin_num 2
24 41 0
33 56 0
Net_id 133
pin_num 2
37 35 0
36 7 0
Net_id 134
pin_num 2
51 10 0
58 8 0
Net_id 135
pin_num 2
52 52 0
47 43 0
Net_id 136
pin_num 2
12 1 0
7 10 0
Net_id 137
pin_num 2
35 27 0
42 44 0
Net_id 138
pin_num 2
16 23 0
20 23 0
Net_id 139
pin_num 2
50 40 0
45 20 0
Net_id 140
pin_num 2
43 35 0
48 33 0
Net_id 141
pin_num 2
28 23 0
12 11 0
Net_id 142
pin_num 2
11 53 0
13 58 0
Net_id 143
pin_num 2
12 32 0
10 33 0
Net_id 144
pin_num 2
57 32 0
52 21 0
Net_id 145
pin_num 2
12 57 0
1 48 0
Net_id 146
pin_num 2
52 25 0
43 36 0
Net_id 147
pin_num 2
15 36 0
35 24 0
Net_id 148
pin_num 2
52 23 0
29 55 0
Net_id 149
pin_num 2
47 41 0
45 25 0
Net_id 150
pin_num 2
3 18 0
0 22 0
Net_id 151
pin_num 2
25 2 0
21 3 0
Net_id 152
pin_num 2
39 23 0
28 31 0
Net_id 153
pin_num 2
24 58 0
45 54 0
Net_id 154
pin_num 2
50 3 0
53 13 0
Net_id 155
pin_num 2
9 59 0
24 45 0
Net_id 156
pin_num 2
51 14 0
58 14 0
