Width 60
Height 60
Layer 6
Total_WL 6971
Obstacle_num 144
36 42 0 44 43 0
44 11 0 50 12 0
31 13 0 38 14 0
0 29 0 6 30 0
1 1 0 4 2 0
6 0 0 15 1 0
28 29 0 33 30 0
24 46 0 31 47 0
51 4 0 59 5 0
39 48 0 48 49 0
51 34 0 59 35 0
26 2 0 34 3 0
5 3 0 11 4 0
20 24 0 29 25 0
34 4 0 37 5 0
51 22 0 59 23 0
45 56 0 52 57 0
40 27 0 44 28 0
5 5 0 13 6 0
2 35 0 10 36 0
21 13 0 27 14 0
12 37 0 15 38 0
1 26 0 7 27 0
9 32 0 12 33 0
11 40 1 12 43 1
1 21 1 2 27 1
15 29 1 16 38 1
57 35 1 58 43 1
29 28 1 30 36 1
55 12 1 56 22 1
27 48 1 28 58 1
43 33 1 44 41 1
41 51 1 42 55 1
49 6 1 50 15 1
46 16 1 47 24 1
52 13 1 53 23 1
19 19 1 20 26 1
2 41 1 3 47 1
6 41 1 7 49 1
33 23 1 34 26 1
50 36 1 51 46 1
51 17 1 52 24 1
23 23 1 24 27 1
13 4 1 14 10 1
15 17 1 16 21 1
56 33 1 57 43 1
38 47 1 39 52 1
45 41 1 46 50 1
43 30 2 50 31 2
13 1 2 16 2 2
0 33 2 5 34 2
35 20 2 44 21 2
4 36 2 12 37 2
2 31 2 7 32 2
31 51 2 40 52 2
44 25 2 50 26 2
22 31 2 32 32 2
43 54 2 53 55 2
41 0 2 49 1 2
10 7 2 19 8 2
18 27 2 27 28 2
24 57 2 29 58 2
5 29 2 15 30 2
46 46 2 54 47 2
24 21 2 33 22 2
1 42 2 4 43 2
28 26 2 36 27 2
25 24 2 28 25 2
42 11 2 46 12 2
15 25 2 18 26 2
19 55 2 29 56 2
34 39 2 44 40 2
10 2 3 11 6 3
53 12 3 54 16 3
6 6 3 7 9 3
46 18 3 47 25 3
23 38 3 24 45 3
34 5 3 35 12 3
38 21 3 39 26 3
42 29 3 43 36 3
0 45 3 1 49 3
25 37 3 26 44 3
13 52 3 14 59 3
8 3 3 9 9 3
26 48 3 27 51 3
55 0 3 56 7 3
50 11 3 51 21 3
58 22 3 59 32 3
8 9 3 9 12 3
29 17 3 30 24 3
52 3 3 53 12 3
46 8 3 47 18 3
2 45 3 3 54 3
20 5 3 21 9 3
10 54 3 11 57 3
3 20 3 4 24 3
17 41 4 24 42 4
42 1 4 52 2 4
20 4 4 26 5 4
33 14 4 43 15 4
27 21 4 36 22 4
49 58 4 59 59 4
12 15 4 15 16 4
15 34 4 22 35 4
38 26 4 44 27 4
9 57 4 19 58 4
47 32 4 52 33 4
5 52 4 8 53 4
17 39 4 26 40 4
51 31 4 58 32 4
15 51 4 19 52 4
7 10 4 17 11 4
33 30 4 40 31 4
36 54 4 42 55 4
32 56 4 38 57 4
10 49 4 18 50 4
52 34 4 59 35 4
12 1 4 17 2 4
38 12 4 47 13 4
23 24 4 27 25 4
39 41 5 40 50 5
29 39 5 30 44 5
6 34 5 7 43 5
20 48 5 21 52 5
28 24 5 29 29 5
29 12 5 30 20 5
35 53 5 36 56 5
50 39 5 51 49 5
36 25 5 37 35 5
27 13 5 28 20 5
43 18 5 44 28 5
51 43 5 52 47 5
53 50 5 54 59 5
52 24 5 53 31 5
55 18 5 56 24 5
22 46 5 23 54 5
0 14 5 1 19 5
3 39 5 4 43 5
13 23 5 14 27 5
3 21 5 4 28 5
56 17 5 57 27 5
30 55 5 31 59 5
16 24 5 17 28 5
14 50 5 15 55 5
Net_num 161
Net_id 0
pin_num 5
19 43 0
30 51 0
9 51 0
30 39 0
21 23 0
Net_id 1
pin_num 5
19 44 0
15 47 0
18 47 0
23 45 0
22 52 0
Net_id 2
pin_num 5
59 31 0
55 31 0
59 17 0
56 14 0
59 9 0
Net_id 3
pin_num 5
19 19 0
26 23 0
9 22 0
9 10 0
18 23 0
Net_id 4
pin_num 5
2 24 0
4 36 0
7 26 0
4 12 0
18 30 0
Net_id 5
pin_num 5
57 16 0
38 18 0
31 16 0
41 4 0
58 8 0
Net_id 6
pin_num 5
19 46 0
23 49 0
25 44 0
24 52 0
18 59 0
Net_id 7
pin_num 5
11 52 0
12 50 0
8 56 0
11 50 0
31 58 0
Net_id 8
pin_num 5
44 15 0
38 19 0
38 35 0
58 16 0
38 3 0
Net_id 9
pin_num 5
6 34 0
0 30 0
0 25 0
8 31 0
0 52 0
Net_id 10
pin_num 5
59 7 0
45 1 0
39 7 0
54 26 0
47 0 0
Net_id 11
pin_num 5
43 3 0
50 3 0
35 0 0
26 1 0
43 8 0
Net_id 12
pin_num 5
13 42 0
9 40 0
10 46 0
10 58 0
3 49 0
Net_id 13
pin_num 5
10 48 0
15 54 0
0 53 0
3 59 0
4 39 0
Net_id 14
pin_num 5
23 40 0
32 36 0
13 52 0
7 39 0
25 26 0
Net_id 15
pin_num 5
37 21 0
49 15 0
59 32 0
54 6 0
59 0 0
Net_id 16
pin_num 5
56 3 0
52 0 0
51 14 0
59 2 0
47 23 0
Net_id 17
pin_num 5
48 10 0
52 2 0
40 5 0
58 20 0
41 12 0
Net_id 18
pin_num 5
42 22 0
50 24 0
58 23 0
47 18 0
51 28 0
Net_id 19
pin_num 5
14 1 0
19 1 0
5 0 0
3 5 0
32 0 0
Net_id 20
pin_num 5
52 3 0
40 12 0
34 0 0
36 21 0
23 21 0
Net_id 21
pin_num 4
59 38 0
58 27 0
53 32 0
58 53 0
Net_id 22
pin_num 4
3 37 0
0 42 0
8 50 0
11 23 0
Net_id 23
pin_num 4
18 36 0
31 31 0
11 46 0
0 24 0
Net_id 24
pin_num 4
15 21 0
7 23 0
7 10 0
0 8 0
Net_id 25
pin_num 4
41 33 0
41 19 0
51 32 0
56 21 0
Net_id 26
pin_num 4
40 34 0
44 20 0
57 24 0
40 8 0
Net_id 27
pin_num 4
29 10 0
21 17 0
29 0 0
17 0 0
Net_id 28
pin_num 4
34 45 0
40 49 0
20 48 0
27 58 0
Net_id 29
pin_num 4
26 8 0
33 0 0
57 9 0
32 1 0
Net_id 30
pin_num 4
45 46 0
52 35 0
47 36 0
35 44 0
Net_id 31
pin_num 4
33 24 0
24 34 0
17 47 0
20 56 0
Net_id 32
pin_num 4
17 12 0
26 12 0
11 9 0
0 0 0
Net_id 33
pin_num 4
41 29 0
46 26 0
58 12 0
34 20 0
Net_id 34
pin_num 4
37 44 0
34 53 0
37 38 0
25 59 0
Net_id 35
pin_num 4
8 8 0
0 5 0
2 22 0
8 13 0
Net_id 36
pin_num 4
13 5 0
28 5 0
4 0 0
16 14 0
Net_id 37
pin_num 4
26 42 0
20 44 0
9 44 0
3 44 0
Net_id 38
pin_num 4
40 55 0
54 58 0
58 59 0
19 55 0
Net_id 39
pin_num 3
42 39 0
57 27 0
36 33 0
Net_id 40
pin_num 3
2 34 0
6 11 0
8 47 0
Net_id 41
pin_num 3
13 7 0
1 12 0
38 7 0
Net_id 42
pin_num 3
39 43 0
53 44 0
29 27 0
Net_id 43
pin_num 3
6 27 0
23 35 0
19 32 0
Net_id 44
pin_num 3
57 6 0
55 1 0
46 4 0
Net_id 45
pin_num 3
25 57 0
17 57 0
33 40 0
Net_id 46
pin_num 3
43 47 0
36 40 0
57 47 0
Net_id 47
pin_num 3
38 46 0
47 40 0
51 33 0
Net_id 48
pin_num 3
18 46 0
5 49 0
17 36 0
Net_id 49
pin_num 3
15 8 0
19 16 0
4 2 0
Net_id 50
pin_num 3
55 41 0
46 51 0
17 41 0
Net_id 51
pin_num 3
24 23 0
32 3 0
26 14 0
Net_id 52
pin_num 3
10 10 0
31 8 0
27 13 0
Net_id 53
pin_num 3
29 54 0
17 51 0
16 54 0
Net_id 54
pin_num 3
5 44 0
18 29 0
10 29 0
Net_id 55
pin_num 3
32 57 0
45 57 0
48 50 0
Net_id 56
pin_num 3
58 28 0
47 24 0
55 24 0
Net_id 57
pin_num 3
21 12 0
25 25 0
40 24 0
Net_id 58
pin_num 3
11 51 0
23 56 0
20 49 0
Net_id 59
pin_num 3
2 11 0
5 23 0
5 47 0
Net_id 60
pin_num 3
5 16 0
14 8 0
28 11 0
Net_id 61
pin_num 3
43 18 0
28 35 0
45 20 0
Net_id 62
pin_num 3
4 4 0
21 6 0
1 4 0
Net_id 63
pin_num 3
9 46 0
3 39 0
8 28 0
Net_id 64
pin_num 3
44 56 0
22 59 0
42 52 0
Net_id 65
pin_num 3
54 14 0
49 4 0
51 0 0
Net_id 66
pin_num 3
16 56 0
20 30 0
4 38 0
Net_id 67
pin_num 3
52 31 0
58 14 0
43 49 0
Net_id 68
pin_num 3
4 24 0
14 24 0
9 31 0
Net_id 69
pin_num 3
53 13 0
50 28 0
27 26 0
Net_id 70
pin_num 3
48 31 0
39 15 0
38 5 0
Net_id 71
pin_num 3
34 38 0
24 38 0
26 37 0
Net_id 72
pin_num 3
36 52 0
46 35 0
25 50 0
Net_id 73
pin_num 3
8 19 0
19 2 0
43 14 0
Net_id 74
pin_num 3
50 30 0
45 36 0
57 43 0
Net_id 75
pin_num 3
38 36 0
46 49 0
20 31 0
Net_id 76
pin_num 3
17 58 0
34 50 0
59 59 0
Net_id 77
pin_num 3
38 13 0
47 10 0
34 9 0
Net_id 78
pin_num 3
26 3 0
23 6 0
3 4 0
Net_id 79
pin_num 2
54 24 0
51 42 0
Net_id 80
pin_num 2
39 20 0
47 17 0
Net_id 81
pin_num 2
48 29 0
55 40 0
Net_id 82
pin_num 2
57 8 0
55 9 0
Net_id 83
pin_num 2
58 11 0
45 9 0
Net_id 84
pin_num 2
32 42 0
30 40 0
Net_id 85
pin_num 2
37 31 0
23 14 0
Net_id 86
pin_num 2
17 15 0
31 4 0
Net_id 87
pin_num 2
3 16 0
12 27 0
Net_id 88
pin_num 2
42 51 0
56 44 0
Net_id 89
pin_num 2
4 3 0
2 4 0
Net_id 90
pin_num 2
9 6 0
29 3 0
Net_id 91
pin_num 2
50 38 0
29 42 0
Net_id 92
pin_num 2
2 25 0
20 25 0
Net_id 93
pin_num 2
26 6 0
45 6 0
Net_id 94
pin_num 2
27 23 0
31 23 0
Net_id 95
pin_num 2
39 50 0
48 57 0
Net_id 96
pin_num 2
15 32 0
6 14 0
Net_id 97
pin_num 2
10 53 0
1 36 0
Net_id 98
pin_num 2
44 52 0
17 59 0
Net_id 99
pin_num 2
0 38 0
14 23 0
Net_id 100
pin_num 2
49 24 0
46 30 0
Net_id 101
pin_num 2
5 21 0
37 11 0
Net_id 102
pin_num 2
35 11 0
44 19 0
Net_id 103
pin_num 2
55 43 0
55 42 0
Net_id 104
pin_num 2
31 34 0
28 31 0
Net_id 105
pin_num 2
20 38 0
23 50 0
Net_id 106
pin_num 2
11 28 0
20 37 0
Net_id 107
pin_num 2
52 38 0
40 4 0
Net_id 108
pin_num 2
34 43 0
33 53 0
Net_id 109
pin_num 2
38 51 0
24 42 0
Net_id 110
pin_num 2
2 14 0
9 38 0
Net_id 111
pin_num 2
14 57 0
11 53 0
Net_id 112
pin_num 2
42 10 0
30 1 0
Net_id 113
pin_num 2
31 32 0
35 40 0
Net_id 114
pin_num 2
54 20 0
50 26 0
Net_id 115
pin_num 2
31 11 0
29 9 0
Net_id 116
pin_num 2
13 23 0
1 44 0
Net_id 117
pin_num 2
5 11 0
18 2 0
Net_id 118
pin_num 2
10 26 0
26 22 0
Net_id 119
pin_num 2
19 6 0
1 7 0
Net_id 120
pin_num 2
51 23 0
54 48 0
Net_id 121
pin_num 2
36 26 0
37 29 0
Net_id 122
pin_num 2
41 15 0
24 37 0
Net_id 123
pin_num 2
30 8 0
22 25 0
Net_id 124
pin_num 2
36 53 0
57 58 0
Net_id 125
pin_num 2
16 55 0
28 50 0
Net_id 126
pin_num 2
24 8 0
8 18 0
Net_id 127
pin_num 2
54 51 0
59 51 0
Net_id 128
pin_num 2
52 17 0
57 17 0
Net_id 129
pin_num 2
36 15 0
27 4 0
Net_id 130
pin_num 2
34 58 0
24 30 0
Net_id 131
pin_num 2
47 33 0
54 30 0
Net_id 132
pin_num 2
32 14 0
39 31 0
Net_id 133
pin_num 2
23 16 0
12 33 0
Net_id 134
pin_num 2
16 57 0
10 38 0
Net_id 135
pin_num 2
25 19 0
34 22 0
Net_id 136
pin_num 2
17 49 0
6 56 0
Net_id 137
pin_num 2
55 32 0
54 36 0
Net_id 138
pin_num 2
57 18 0
45 35 0
Net_id 139
pin_num 2
18 37 0
25 45 0
Net_id 140
pin_num 2
59 35 0
37 30 0
Net_id 141
pin_num 2
41 45 0
50 45 0
Net_id 142
pin_num 2
30 48 0
16 43 0
Net_id 143
pin_num 2
17 23 0
24 25 0
Net_id 144
pin_num 2
48 6 0
37 33 0
Net_id 145
pin_num 2
41 9 0
37 8 0
Net_id 146
pin_num 2
8 26 0
30 17 0
Net_id 147
pin_num 2
7 55 0
15 56 0
Net_id 148
pin_num 2
52 19 0
41 2 0
Net_id 149
pin_num 2
58 37 0
40 46 0
Net_id 150
pin_num 2
58 48 0
59 52 0
Net_id 151
pin_num 2
8 42 0
3 17 0
Net_id 152
pin_num 2
44 26 0
45 14 0
Net_id 153
pin_num 2
0 23 0
13 18 0
Net_id 154
pin_num 2
34 18 0
37 4 0
Net_id 155
pin_num 2
31 30 0
17 27 0
Net_id 156
pin_num 2
48 40 0
40 35 0
Net_id 157
pin_num 2
26 17 0
7 6 0
Net_id 158
pin_num 2
16 48 0
16 58 0
Net_id 159
pin_num 2
53 48 0
45 30 0
Net_id 160
pin_num 2
44 18 0
32 5 0
