Width 60
Height 60
Layer 6
Total_WL 7085
Obstacle_num 144
48 24 0 52 25 0
52 57 0 59 58 0
11 20 0 17 21 0
12 10 0 17 11 0
7 24 0 12 25 0
7 9 0 14 10 0
2 0 0 5 1 0
17 54 0 24 55 0
18 53 0 21 54 0
52 12 0 55 13 0
6 57 0 12 58 0
13 54 0 17 55 0
20 28 0 25 29 0
32 20 0 36 21 0
17 17 0 27 18 0
2 12 0 12 13 0
5 55 0 9 56 0
1 15 0 8 16 0
13 14 0 21 15 0
31 51 0 38 52 0
35 21 0 39 22 0
40 48 0 44 49 0
46 47 0 50 48 0
9 13 0 13 14 0
54 6 1 55 12 1
19 44 1 20 54 1
3 4 1 4 7 1
16 18 1 17 23 1
19 5 1 20 11 1
44 32 1 45 37 1
41 40 1 42 50 1
34 5 1 35 12 1
16 37 1 17 44 1
4 34 1 5 39 1
2 23 1 3 33 1
49 7 1 50 13 1
17 22 1 18 28 1
55 45 1 56 55 1
21 15 1 22 19 1
50 37 1 51 40 1
23 13 1 24 18 1
52 2 1 53 8 1
15 39 1 16 46 1
12 0 1 13 8 1
10 22 1 11 28 1
34 15 1 35 25 1
36 37 1 37 43 1
49 36 1 50 46 1
14 34 2 20 35 2
24 30 2 34 31 2
3 15 2 13 16 2
23 53 2 32 54 2
15 30 2 23 31 2
27 22 2 33 23 2
3 31 2 6 32 2
45 25 2 49 26 2
13 11 2 21 12 2
38 54 2 41 55 2
33 13 2 37 14 2
24 52 2 32 53 2
26 29 2 32 30 2
20 14 2 25 15 2
4 20 2 9 21 2
14 52 2 19 53 2
39 13 2 46 14 2
40 1 2 46 2 2
41 57 2 49 58 2
24 10 2 31 11 2
36 37 2 41 38 2
4 16 2 12 17 2
35 18 2 41 19 2
36 16 2 44 17 2
42 47 3 43 57 3
20 9 3 21 19 3
42 2 3 43 11 3
6 33 3 7 36 3
54 16 3 55 20 3
44 21 3 45 24 3
45 53 3 46 57 3
29 4 3 30 8 3
23 7 3 24 13 3
34 5 3 35 14 3
25 41 3 26 47 3
35 35 3 36 43 3
3 44 3 4 51 3
58 39 3 59 43 3
6 42 3 7 47 3
47 21 3 48 29 3
0 40 3 1 45 3
24 37 3 25 44 3
56 19 3 57 24 3
37 0 3 38 8 3
18 40 3 19 46 3
42 40 3 43 45 3
41 36 3 42 44 3
45 0 3 46 7 3
41 5 4 49 6 4
31 41 4 38 42 4
46 50 4 49 51 4
15 44 4 19 45 4
5 11 4 10 12 4
33 8 4 40 9 4
31 47 4 41 48 4
48 33 4 52 34 4
14 24 4 17 25 4
6 4 4 13 5 4
39 26 4 44 27 4
29 9 4 39 10 4
7 23 4 15 24 4
30 18 4 40 19 4
8 57 4 13 58 4
49 56 4 57 57 4
18 35 4 26 36 4
17 57 4 25 58 4
14 48 4 20 49 4
43 24 4 51 25 4
29 42 4 32 43 4
48 49 4 56 50 4
32 51 4 35 52 4
2 52 4 11 53 4
10 26 5 11 33 5
54 26 5 55 30 5
45 49 5 46 56 5
18 30 5 19 36 5
32 0 5 33 9 5
38 24 5 39 34 5
45 23 5 46 32 5
42 50 5 43 59 5
11 11 5 12 21 5
5 16 5 6 26 5
25 42 5 26 45 5
11 52 5 12 59 5
26 54 5 27 59 5
53 23 5 54 29 5
24 44 5 25 49 5
58 23 5 59 26 5
37 11 5 38 20 5
1 35 5 2 44 5
7 41 5 8 50 5
10 36 5 11 46 5
7 30 5 8 39 5
13 21 5 14 27 5
44 23 5 45 28 5
29 2 5 30 11 5
Net_num 164
Net_id 0
pin_num 5
11 48 0
18 48 0
13 28 0
28 34 0
12 32 0
Net_id 1
pin_num 5
3 3 0
1 10 0
7 10 0
8 0 0
0 15 0
Net_id 2
pin_num 5
51 2 0
57 3 0
51 20 0
38 9 0
55 0 0
Net_id 3
pin_num 5
23 19 0
9 22 0
44 19 0
14 30 0
31 0 0
Net_id 4
pin_num 5
41 26 0
47 17 0
50 20 0
44 0 0
46 30 0
Net_id 5
pin_num 5
2 48 0
0 51 0
4 59 0
6 53 0
11 59 0
Net_id 6
pin_num 5
21 49 0
25 45 0
20 56 0
38 59 0
5 52 0
Net_id 7
pin_num 5
39 2 0
46 1 0
45 15 0
38 6 0
40 14 0
Net_id 8
pin_num 5
20 41 0
24 40 0
23 45 0
10 42 0
0 47 0
Net_id 9
pin_num 5
31 28 0
47 26 0
26 26 0
32 23 0
40 27 0
Net_id 10
pin_num 5
59 22 0
39 21 0
42 17 0
45 19 0
39 11 0
Net_id 11
pin_num 5
20 5 0
10 0 0
11 4 0
8 13 0
8 5 0
Net_id 12
pin_num 5
21 42 0
26 42 0
25 59 0
22 27 0
26 46 0
Net_id 13
pin_num 5
2 43 0
10 45 0
8 21 0
2 38 0
25 29 0
Net_id 14
pin_num 5
53 39 0
43 39 0
44 54 0
47 31 0
56 37 0
Net_id 15
pin_num 5
35 7 0
39 8 0
43 7 0
42 13 0
41 16 0
Net_id 16
pin_num 5
54 13 0
46 11 0
52 19 0
35 14 0
59 8 0
Net_id 17
pin_num 5
56 7 0
33 7 0
24 7 0
31 12 0
31 18 0
Net_id 18
pin_num 5
2 46 0
24 58 0
30 54 0
32 47 0
21 40 0
Net_id 19
pin_num 5
17 28 0
34 14 0
28 15 0
37 8 0
43 2 0
Net_id 20
pin_num 5
49 18 0
41 17 0
33 25 0
42 49 0
59 19 0
Net_id 21
pin_num 4
23 12 0
35 11 0
45 0 0
22 0 0
Net_id 22
pin_num 4
1 57 0
7 59 0
12 46 0
7 35 0
Net_id 23
pin_num 4
30 11 0
20 11 0
35 9 0
24 27 0
Net_id 24
pin_num 4
37 36 0
50 36 0
46 51 0
48 53 0
Net_id 25
pin_num 4
56 35 0
57 29 0
52 21 0
49 31 0
Net_id 26
pin_num 4
47 40 0
59 47 0
54 45 0
53 21 0
Net_id 27
pin_num 4
12 30 0
0 25 0
21 29 0
7 54 0
Net_id 28
pin_num 4
1 53 0
8 49 0
5 48 0
2 49 0
Net_id 29
pin_num 4
34 26 0
23 24 0
40 30 0
32 31 0
Net_id 30
pin_num 4
45 26 0
53 19 0
51 35 0
57 24 0
Net_id 31
pin_num 4
42 43 0
28 45 0
29 28 0
30 20 0
Net_id 32
pin_num 4
42 6 0
47 6 0
35 16 0
19 16 0
Net_id 33
pin_num 4
50 26 0
47 8 0
59 31 0
56 30 0
Net_id 34
pin_num 4
28 38 0
19 43 0
0 45 0
9 26 0
Net_id 35
pin_num 4
1 37 0
4 26 0
23 33 0
18 19 0
Net_id 36
pin_num 4
59 41 0
50 41 0
54 33 0
51 54 0
Net_id 37
pin_num 4
48 5 0
43 3 0
47 2 0
43 27 0
Net_id 38
pin_num 4
31 6 0
40 3 0
57 7 0
40 20 0
Net_id 39
pin_num 4
10 3 0
19 0 0
19 12 0
33 2 0
Net_id 40
pin_num 4
23 6 0
25 3 0
29 22 0
50 15 0
Net_id 41
pin_num 3
7 20 0
2 19 0
26 21 0
Net_id 42
pin_num 3
6 56 0
4 51 0
12 51 0
Net_id 43
pin_num 3
27 56 0
34 46 0
44 56 0
Net_id 44
pin_num 3
41 3 0
56 8 0
56 9 0
Net_id 45
pin_num 3
22 47 0
6 51 0
20 33 0
Net_id 46
pin_num 3
8 37 0
5 28 0
1 19 0
Net_id 47
pin_num 3
11 31 0
1 29 0
6 35 0
Net_id 48
pin_num 3
14 51 0
5 47 0
1 56 0
Net_id 49
pin_num 3
0 34 0
4 32 0
11 34 0
Net_id 50
pin_num 3
52 42 0
51 55 0
53 54 0
Net_id 51
pin_num 3
5 17 0
15 32 0
6 11 0
Net_id 52
pin_num 3
28 39 0
39 39 0
37 29 0
Net_id 53
pin_num 3
39 50 0
54 59 0
55 58 0
Net_id 54
pin_num 3
22 49 0
35 46 0
26 55 0
Net_id 55
pin_num 3
12 55 0
24 44 0
5 45 0
Net_id 56
pin_num 3
10 21 0
0 38 0
13 53 0
Net_id 57
pin_num 3
11 42 0
19 31 0
14 44 0
Net_id 58
pin_num 3
12 1 0
19 1 0
16 27 0
Net_id 59
pin_num 3
18 16 0
7 2 0
0 5 0
Net_id 60
pin_num 3
19 49 0
6 43 0
1 58 0
Net_id 61
pin_num 3
40 55 0
34 53 0
8 48 0
Net_id 62
pin_num 3
45 43 0
43 49 0
55 55 0
Net_id 63
pin_num 3
21 1 0
29 1 0
24 2 0
Net_id 64
pin_num 3
12 50 0
3 36 0
3 24 0
Net_id 65
pin_num 3
50 48 0
35 52 0
37 24 0
Net_id 66
pin_num 3
42 55 0
39 49 0
58 51 0
Net_id 67
pin_num 3
4 42 0
9 41 0
5 0 0
Net_id 68
pin_num 3
55 48 0
57 54 0
47 51 0
Net_id 69
pin_num 3
34 57 0
31 58 0
24 48 0
Net_id 70
pin_num 3
16 12 0
17 10 0
38 2 0
Net_id 71
pin_num 3
54 54 0
53 46 0
36 47 0
Net_id 72
pin_num 3
54 37 0
55 31 0
52 43 0
Net_id 73
pin_num 3
41 32 0
58 43 0
40 12 0
Net_id 74
pin_num 3
54 4 0
58 1 0
58 10 0
Net_id 75
pin_num 3
2 27 0
24 50 0
32 58 0
Net_id 76
pin_num 3
22 39 0
22 26 0
19 55 0
Net_id 77
pin_num 3
36 58 0
32 55 0
45 44 0
Net_id 78
pin_num 3
32 9 0
27 5 0
1 12 0
Net_id 79
pin_num 3
51 34 0
39 48 0
59 37 0
Net_id 80
pin_num 3
57 2 0
52 8 0
34 1 0
Net_id 81
pin_num 3
51 36 0
59 49 0
45 40 0
Net_id 82
pin_num 2
25 13 0
36 20 0
Net_id 83
pin_num 2
22 4 0
31 20 0
Net_id 84
pin_num 2
16 53 0
17 51 0
Net_id 85
pin_num 2
7 14 0
19 26 0
Net_id 86
pin_num 2
16 8 0
1 16 0
Net_id 87
pin_num 2
51 57 0
49 55 0
Net_id 88
pin_num 2
47 12 0
55 1 0
Net_id 89
pin_num 2
18 37 0
5 38 0
Net_id 90
pin_num 2
40 15 0
27 23 0
Net_id 91
pin_num 2
14 40 0
10 33 0
Net_id 92
pin_num 2
41 44 0
33 44 0
Net_id 93
pin_num 2
21 19 0
16 17 0
Net_id 94
pin_num 2
44 33 0
34 28 0
Net_id 95
pin_num 2
10 15 0
5 35 0
Net_id 96
pin_num 2
25 25 0
10 25 0
Net_id 97
pin_num 2
29 52 0
25 54 0
Net_id 98
pin_num 2
54 15 0
58 3 0
Net_id 99
pin_num 2
30 8 0
20 12 0
Net_id 100
pin_num 2
45 27 0
43 40 0
Net_id 101
pin_num 2
5 4 0
5 1 0
Net_id 102
pin_num 2
59 5 0
40 11 0
Net_id 103
pin_num 2
45 21 0
49 29 0
Net_id 104
pin_num 2
16 45 0
26 48 0
Net_id 105
pin_num 2
30 35 0
21 55 0
Net_id 106
pin_num 2
23 7 0
16 7 0
Net_id 107
pin_num 2
45 38 0
34 29 0
Net_id 108
pin_num 2
35 18 0
31 32 0
Net_id 109
pin_num 2
21 18 0
34 2 0
Net_id 110
pin_num 2
6 54 0
14 41 0
Net_id 111
pin_num 2
21 50 0
9 35 0
Net_id 112
pin_num 2
58 55 0
55 56 0
Net_id 113
pin_num 2
33 54 0
23 36 0
Net_id 114
pin_num 2
32 44 0
50 35 0
Net_id 115
pin_num 2
35 36 0
30 42 0
Net_id 116
pin_num 2
1 55 0
6 58 0
Net_id 117
pin_num 2
54 11 0
47 11 0
Net_id 118
pin_num 2
4 10 0
1 7 0
Net_id 119
pin_num 2
35 33 0
32 21 0
Net_id 120
pin_num 2
51 53 0
38 35 0
Net_id 121
pin_num 2
47 42 0
58 54 0
Net_id 122
pin_num 2
54 9 0
35 17 0
Net_id 123
pin_num 2
59 24 0
38 13 0
Net_id 124
pin_num 2
5 41 0
21 36 0
Net_id 125
pin_num 2
31 42 0
38 40 0
Net_id 126
pin_num 2
36 35 0
21 22 0
Net_id 127
pin_num 2
15 58 0
26 57 0
Net_id 128
pin_num 2
27 21 0
31 37 0
Net_id 129
pin_num 2
25 10 0
32 14 0
Net_id 130
pin_num 2
15 53 0
21 37 0
Net_id 131
pin_num 2
3 59 0
7 58 0
Net_id 132
pin_num 2
4 17 0
0 19 0
Net_id 133
pin_num 2
54 49 0
34 40 0
Net_id 134
pin_num 2
42 59 0
49 52 0
Net_id 135
pin_num 2
15 12 0
5 30 0
Net_id 136
pin_num 2
43 10 0
56 16 0
Net_id 137
pin_num 2
54 32 0
45 45 0
Net_id 138
pin_num 2
57 33 0
38 32 0
Net_id 139
pin_num 2
9 20 0
4 3 0
Net_id 140
pin_num 2
16 35 0
28 23 0
Net_id 141
pin_num 2
17 26 0
15 7 0
Net_id 142
pin_num 2
28 32 0
13 36 0
Net_id 143
pin_num 2
48 25 0
57 8 0
Net_id 144
pin_num 2
12 15 0
11 7 0
Net_id 145
pin_num 2
6 13 0
16 2 0
Net_id 146
pin_num 2
30 22 0
58 58 0
Net_id 147
pin_num 2
9 42 0
1 39 0
Net_id 148
pin_num 2
6 24 0
9 33 0
Net_id 149
pin_num 2
25 24 0
40 21 0
Net_id 150
pin_num 2
16 30 0
14 37 0
Net_id 151
pin_num 2
3 33 0
3 30 0
Net_id 152
pin_num 2
8 7 0
4 4 0
Net_id 153
pin_num 2
48 17 0
57 9 0
Net_id 154
pin_num 2
23 21 0
16 6 0
Net_id 155
pin_num 2
15 59 0
5 36 0
Net_id 156
pin_num 2
23 4 0
34 3 0
Net_id 157
pin_num 2
42 40 0
35 47 0
Net_id 158
pin_num 2
16 24 0
41 20 0
Net_id 159
pin_num 2
16 46 0
7 43 0
Net_id 160
pin_num 2
19 8 0
29 27 0
Net_id 161
pin_num 2
29 3 0
22 8 0
Net_id 162
pin_num 2
25 36 0
34 41 0
Net_id 163
pin_num 2
31 4 0
25 5 0
