Width 60
Height 60
Layer 6
Total_WL 7003
Obstacle_num 144
28 12 0 31 13 0
13 8 0 21 9 0
47 35 0 55 36 0
22 8 0 30 9 0
14 23 0 23 24 0
55 7 0 58 8 0
0 35 0 10 36 0
50 37 0 59 38 0
25 13 0 31 14 0
8 41 0 15 42 0
18 44 0 24 45 0
55 58 0 58 59 0
49 34 0 54 35 0
13 58 0 18 59 0
4 54 0 14 55 0
28 47 0 35 48 0
30 15 0 34 16 0
26 46 0 35 47 0
5 37 0 15 38 0
9 25 0 13 26 0
8 4 0 15 5 0
49 14 0 55 15 0
17 49 0 25 50 0
24 55 0 28 56 0
39 29 1 40 36 1
54 2 1 55 8 1
37 30 1 38 36 1
14 34 1 15 38 1
27 2 1 28 6 1
41 1 1 42 8 1
46 47 1 47 54 1
57 45 1 58 49 1
33 25 1 34 33 1
45 48 1 46 54 1
24 52 1 25 59 1
7 10 1 8 14 1
34 12 1 35 21 1
38 16 1 39 25 1
53 0 1 54 5 1
46 34 1 47 43 1
4 1 1 5 7 1
23 45 1 24 54 1
7 5 1 8 9 1
29 21 1 30 25 1
3 37 1 4 40 1
12 21 1 13 25 1
21 27 1 22 30 1
12 29 1 13 32 1
49 11 2 52 12 2
5 30 2 9 31 2
31 15 2 35 16 2
41 15 2 46 16 2
35 31 2 38 32 2
38 18 2 46 19 2
6 3 2 11 4 2
41 54 2 50 55 2
12 2 2 15 3 2
39 43 2 48 44 2
53 21 2 59 22 2
41 5 2 46 6 2
42 19 2 45 20 2
32 43 2 36 44 2
51 58 2 54 59 2
2 32 2 5 33 2
24 26 2 27 27 2
20 51 2 29 52 2
29 4 2 39 5 2
14 19 2 20 20 2
48 38 2 52 39 2
1 53 2 9 54 2
42 24 2 47 25 2
5 44 2 12 45 2
20 14 3 21 17 3
14 28 3 15 38 3
24 6 3 25 10 3
13 4 3 14 13 3
40 46 3 41 56 3
7 14 3 8 21 3
58 2 3 59 7 3
52 16 3 53 19 3
38 10 3 39 19 3
34 45 3 35 54 3
36 16 3 37 25 3
15 38 3 16 45 3
15 1 3 16 9 3
55 20 3 56 24 3
14 23 3 15 27 3
53 37 3 54 40 3
29 2 3 30 12 3
14 3 3 15 13 3
21 45 3 22 49 3
44 25 3 45 34 3
30 32 3 31 39 3
47 45 3 48 54 3
37 25 3 38 32 3
49 6 3 50 16 3
31 23 4 36 24 4
51 0 4 56 1 4
49 38 4 53 39 4
46 28 4 53 29 4
33 45 4 42 46 4
39 11 4 45 12 4
42 4 4 47 5 4
26 51 4 33 52 4
36 58 4 39 59 4
36 22 4 41 23 4
36 54 4 43 55 4
6 2 4 11 3 4
10 47 4 13 48 4
11 8 4 20 9 4
7 4 4 14 5 4
6 23 4 9 24 4
24 23 4 27 24 4
39 38 4 44 39 4
19 47 4 26 48 4
38 50 4 48 51 4
7 58 4 16 59 4
2 54 4 11 55 4
3 32 4 13 33 4
36 55 4 46 56 4
41 50 5 42 57 5
58 43 5 59 52 5
23 9 5 24 12 5
23 13 5 24 18 5
13 49 5 14 54 5
56 6 5 57 10 5
30 18 5 31 26 5
8 40 5 9 47 5
17 41 5 18 47 5
42 27 5 43 36 5
3 50 5 4 54 5
29 30 5 30 39 5
27 43 5 28 46 5
11 12 5 12 20 5
1 36 5 2 40 5
34 6 5 35 16 5
12 5 5 13 12 5
37 40 5 38 49 5
24 53 5 25 58 5
21 29 5 22 35 5
40 8 5 41 14 5
31 1 5 32 8 5
53 36 5 54 40 5
4 21 5 5 27 5
Net_num 159
Net_id 0
pin_num 5
30 54 0
19 58 0
24 35 0
4 52 0
12 35 0
Net_id 1
pin_num 5
0 27 0
11 35 0
8 36 0
11 20 0
14 34 0
Net_id 2
pin_num 5
8 38 0
18 26 0
18 48 0
36 28 0
39 39 0
Net_id 3
pin_num 5
53 23 0
42 23 0
49 45 0
27 41 0
44 17 0
Net_id 4
pin_num 5
19 12 0
24 12 0
22 22 0
22 45 0
19 29 0
Net_id 5
pin_num 5
24 28 0
26 24 0
21 26 0
3 24 0
10 19 0
Net_id 6
pin_num 5
35 20 0
38 12 0
52 20 0
48 22 0
59 13 0
Net_id 7
pin_num 5
10 28 0
23 25 0
39 25 0
34 27 0
20 14 0
Net_id 8
pin_num 5
36 31 0
40 19 0
23 22 0
15 35 0
34 29 0
Net_id 9
pin_num 5
58 44 0
54 46 0
54 59 0
59 53 0
56 35 0
Net_id 10
pin_num 5
57 31 0
58 20 0
59 47 0
38 33 0
54 29 0
Net_id 11
pin_num 5
35 38 0
29 49 0
47 53 0
19 37 0
33 52 0
Net_id 12
pin_num 5
20 43 0
27 40 0
25 35 0
42 35 0
31 50 0
Net_id 13
pin_num 5
24 33 0
26 23 0
26 3 0
14 20 0
8 30 0
Net_id 14
pin_num 5
35 33 0
30 45 0
19 43 0
36 43 0
52 43 0
Net_id 15
pin_num 5
45 42 0
55 39 0
53 59 0
59 54 0
59 27 0
Net_id 16
pin_num 5
57 13 0
56 11 0
36 12 0
38 13 0
59 1 0
Net_id 17
pin_num 5
19 7 0
17 5 0
12 6 0
17 0 0
32 4 0
Net_id 18
pin_num 5
58 19 0
57 4 0
47 4 0
56 4 0
58 12 0
Net_id 19
pin_num 5
54 16 0
35 17 0
42 0 0
33 7 0
25 14 0
Net_id 20
pin_num 5
37 19 0
35 21 0
23 13 0
27 12 0
31 3 0
Net_id 21
pin_num 4
40 51 0
44 40 0
59 48 0
22 46 0
Net_id 22
pin_num 4
34 51 0
26 56 0
18 51 0
39 48 0
Net_id 23
pin_num 4
12 33 0
7 32 0
0 34 0
18 33 0
Net_id 24
pin_num 4
6 46 0
25 45 0
29 33 0
50 41 0
Net_id 25
pin_num 4
59 59 0
53 52 0
47 40 0
30 52 0
Net_id 26
pin_num 4
9 44 0
17 51 0
17 37 0
26 36 0
Net_id 27
pin_num 4
2 14 0
12 8 0
0 1 0
6 38 0
Net_id 28
pin_num 4
35 44 0
7 45 0
7 31 0
50 44 0
Net_id 29
pin_num 4
12 0 0
5 9 0
1 5 0
0 5 0
Net_id 30
pin_num 4
15 40 0
10 53 0
0 38 0
0 37 0
Net_id 31
pin_num 4
45 29 0
58 36 0
42 36 0
56 17 0
Net_id 32
pin_num 4
19 25 0
21 11 0
34 22 0
47 21 0
Net_id 33
pin_num 4
42 43 0
50 43 0
51 27 0
44 59 0
Net_id 34
pin_num 4
4 4 0
0 2 0
11 11 0
2 21 0
Net_id 35
pin_num 4
25 40 0
16 32 0
40 39 0
9 42 0
Net_id 36
pin_num 4
22 53 0
13 57 0
7 59 0
33 59 0
Net_id 37
pin_num 4
17 3 0
22 5 0
1 6 0
35 0 0
Net_id 38
pin_num 4
37 50 0
35 37 0
30 50 0
37 42 0
Net_id 39
pin_num 3
2 10 0
10 3 0
7 4 0
Net_id 40
pin_num 3
36 1 0
51 10 0
41 16 0
Net_id 41
pin_num 3
48 7 0
52 21 0
55 42 0
Net_id 42
pin_num 3
37 15 0
45 16 0
45 45 0
Net_id 43
pin_num 3
2 7 0
5 1 0
0 22 0
Net_id 44
pin_num 3
7 5 0
15 9 0
30 19 0
Net_id 45
pin_num 3
43 48 0
57 43 0
38 47 0
Net_id 46
pin_num 3
34 10 0
46 11 0
41 0 0
Net_id 47
pin_num 3
42 18 0
52 25 0
41 34 0
Net_id 48
pin_num 3
18 54 0
11 40 0
0 55 0
Net_id 49
pin_num 3
28 54 0
16 47 0
11 53 0
Net_id 50
pin_num 3
27 18 0
5 18 0
17 35 0
Net_id 51
pin_num 3
39 19 0
49 5 0
9 6 0
Net_id 52
pin_num 3
21 7 0
9 7 0
19 26 0
Net_id 53
pin_num 3
6 7 0
3 9 0
0 20 0
Net_id 54
pin_num 3
47 32 0
19 33 0
21 10 0
Net_id 55
pin_num 3
31 28 0
32 40 0
7 38 0
Net_id 56
pin_num 3
2 22 0
26 27 0
55 35 0
Net_id 57
pin_num 3
39 31 0
46 10 0
39 42 0
Net_id 58
pin_num 3
33 36 0
25 42 0
6 42 0
Net_id 59
pin_num 3
52 52 0
28 48 0
18 58 0
Net_id 60
pin_num 3
6 28 0
7 40 0
12 3 0
Net_id 61
pin_num 3
41 9 0
50 22 0
20 9 0
Net_id 62
pin_num 3
8 11 0
7 20 0
7 16 0
Net_id 63
pin_num 3
24 13 0
15 0 0
19 40 0
Net_id 64
pin_num 3
30 2 0
37 10 0
50 10 0
Net_id 65
pin_num 3
42 13 0
52 13 0
59 24 0
Net_id 66
pin_num 3
58 9 0
42 16 0
55 2 0
Net_id 67
pin_num 3
13 56 0
21 54 0
14 51 0
Net_id 68
pin_num 3
9 8 0
2 8 0
2 23 0
Net_id 69
pin_num 3
56 38 0
50 32 0
54 23 0
Net_id 70
pin_num 3
30 1 0
27 15 0
33 8 0
Net_id 71
pin_num 3
23 27 0
3 17 0
37 8 0
Net_id 72
pin_num 3
33 1 0
41 21 0
58 18 0
Net_id 73
pin_num 3
5 25 0
1 30 0
2 38 0
Net_id 74
pin_num 3
59 6 0
41 25 0
15 25 0
Net_id 75
pin_num 3
45 2 0
49 4 0
19 9 0
Net_id 76
pin_num 3
5 56 0
31 27 0
4 39 0
Net_id 77
pin_num 3
49 49 0
52 42 0
28 36 0
Net_id 78
pin_num 2
23 36 0
35 50 0
Net_id 79
pin_num 2
7 49 0
12 42 0
Net_id 80
pin_num 2
15 2 0
2 3 0
Net_id 81
pin_num 2
22 2 0
36 2 0
Net_id 82
pin_num 2
55 10 0
46 19 0
Net_id 83
pin_num 2
21 37 0
35 46 0
Net_id 84
pin_num 2
52 49 0
58 48 0
Net_id 85
pin_num 2
12 43 0
25 56 0
Net_id 86
pin_num 2
25 1 0
29 1 0
Net_id 87
pin_num 2
42 11 0
26 11 0
Net_id 88
pin_num 2
36 50 0
50 39 0
Net_id 89
pin_num 2
16 1 0
8 6 0
Net_id 90
pin_num 2
10 45 0
4 26 0
Net_id 91
pin_num 2
1 8 0
18 50 0
Net_id 92
pin_num 2
26 40 0
21 41 0
Net_id 93
pin_num 2
58 22 0
37 36 0
Net_id 94
pin_num 2
6 57 0
16 37 0
Net_id 95
pin_num 2
46 24 0
57 29 0
Net_id 96
pin_num 2
35 2 0
34 8 0
Net_id 97
pin_num 2
10 55 0
1 57 0
Net_id 98
pin_num 2
31 45 0
38 31 0
Net_id 99
pin_num 2
15 54 0
2 56 0
Net_id 100
pin_num 2
13 35 0
5 47 0
Net_id 101
pin_num 2
11 51 0
17 50 0
Net_id 102
pin_num 2
29 58 0
20 41 0
Net_id 103
pin_num 2
1 23 0
0 28 0
Net_id 104
pin_num 2
27 7 0
8 16 0
Net_id 105
pin_num 2
37 21 0
21 40 0
Net_id 106
pin_num 2
29 57 0
46 58 0
Net_id 107
pin_num 2
47 12 0
33 21 0
Net_id 108
pin_num 2
34 59 0
0 54 0
Net_id 109
pin_num 2
26 49 0
21 57 0
Net_id 110
pin_num 2
47 3 0
37 2 0
Net_id 111
pin_num 2
54 17 0
43 6 0
Net_id 112
pin_num 2
59 5 0
47 19 0
Net_id 113
pin_num 2
5 6 0
15 13 0
Net_id 114
pin_num 2
8 21 0
15 21 0
Net_id 115
pin_num 2
52 57 0
59 26 0
Net_id 116
pin_num 2
15 24 0
4 43 0
Net_id 117
pin_num 2
13 26 0
1 22 0
Net_id 118
pin_num 2
9 11 0
23 32 0
Net_id 119
pin_num 2
26 10 0
13 7 0
Net_id 120
pin_num 2
35 48 0
50 59 0
Net_id 121
pin_num 2
13 23 0
7 9 0
Net_id 122
pin_num 2
38 23 0
16 39 0
Net_id 123
pin_num 2
35 57 0
42 57 0
Net_id 124
pin_num 2
49 39 0
43 33 0
Net_id 125
pin_num 2
48 55 0
27 49 0
Net_id 126
pin_num 2
27 42 0
42 45 0
Net_id 127
pin_num 2
46 46 0
49 58 0
Net_id 128
pin_num 2
56 16 0
56 10 0
Net_id 129
pin_num 2
47 58 0
42 46 0
Net_id 130
pin_num 2
26 22 0
30 24 0
Net_id 131
pin_num 2
53 46 0
40 56 0
Net_id 132
pin_num 2
10 50 0
16 53 0
Net_id 133
pin_num 2
19 14 0
13 0 0
Net_id 134
pin_num 2
15 42 0
3 42 0
Net_id 135
pin_num 2
26 42 0
21 52 0
Net_id 136
pin_num 2
48 4 0
57 17 0
Net_id 137
pin_num 2
2 36 0
13 25 0
Net_id 138
pin_num 2
46 54 0
50 51 0
Net_id 139
pin_num 2
17 15 0
16 13 0
Net_id 140
pin_num 2
52 39 0
59 55 0
Net_id 141
pin_num 2
51 31 0
44 31 0
Net_id 142
pin_num 2
40 17 0
48 6 0
Net_id 143
pin_num 2
59 3 0
49 18 0
Net_id 144
pin_num 2
32 26 0
36 21 0
Net_id 145
pin_num 2
58 32 0
31 31 0
Net_id 146
pin_num 2
22 10 0
25 12 0
Net_id 147
pin_num 2
45 35 0
42 51 0
Net_id 148
pin_num 2
54 48 0
58 58 0
Net_id 149
pin_num 2
39 45 0
29 32 0
Net_id 150
pin_num 2
57 19 0
50 21 0
Net_id 151
pin_num 2
37 13 0
29 20 0
Net_id 152
pin_num 2
25 53 0
39 58 0
Net_id 153
pin_num 2
45 14 0
48 27 0
Net_id 154
pin_num 2
41 13 0
33 16 0
Net_id 155
pin_num 2
20 3 0
21 8 0
Net_id 156
pin_num 2
50 26 0
45 26 0
Net_id 157
pin_num 2
54 58 0
48 57 0
Net_id 158
pin_num 2
59 33 0
46 38 0
