Width 60
Height 60
Layer 6
Total_WL 7000
Obstacle_num 144
46 2 0 52 3 0
48 40 0 56 41 0
8 32 0 12 33 0
2 28 0 8 29 0
32 44 0 38 45 0
45 47 0 49 48 0
38 31 0 45 32 0
47 22 0 57 23 0
31 48 0 34 49 0
40 16 0 50 17 0
28 43 0 33 44 0
20 44 0 25 45 0
3 41 0 12 42 0
10 54 0 16 55 0
29 2 0 36 3 0
3 5 0 13 6 0
23 21 0 30 22 0
4 43 0 11 44 0
33 28 0 43 29 0
40 23 0 43 24 0
45 13 0 52 14 0
0 44 0 4 45 0
5 42 0 12 43 0
12 51 0 22 52 0
23 1 1 24 7 1
55 11 1 56 19 1
5 25 1 6 28 1
51 44 1 52 54 1
37 47 1 38 56 1
52 26 1 53 36 1
32 29 1 33 32 1
31 22 1 32 30 1
40 11 1 41 19 1
8 36 1 9 41 1
31 32 1 32 42 1
58 37 1 59 44 1
9 29 1 10 39 1
10 7 1 11 17 1
47 18 1 48 27 1
32 37 1 33 40 1
31 11 1 32 14 1
50 32 1 51 42 1
21 5 1 22 15 1
58 29 1 59 36 1
51 1 1 52 6 1
7 50 1 8 58 1
45 8 1 46 14 1
17 15 1 18 23 1
38 22 2 48 23 2
6 33 2 16 34 2
38 18 2 48 19 2
44 36 2 51 37 2
25 16 2 33 17 2
30 21 2 34 22 2
32 44 2 37 45 2
4 0 2 13 1 2
31 34 2 34 35 2
45 55 2 49 56 2
38 21 2 46 22 2
23 1 2 28 2 2
45 1 2 53 2 2
34 29 2 42 30 2
19 20 2 29 21 2
25 29 2 34 30 2
36 43 2 42 44 2
21 38 2 24 39 2
10 40 2 13 41 2
43 50 2 52 51 2
24 15 2 31 16 2
6 23 2 13 24 2
55 22 2 59 23 2
21 56 2 30 57 2
43 21 3 44 30 3
0 22 3 1 25 3
44 16 3 45 22 3
56 44 3 57 51 3
21 0 3 22 8 3
12 29 3 13 37 3
14 5 3 15 9 3
9 49 3 10 52 3
22 8 3 23 15 3
31 3 3 32 7 3
4 46 3 5 56 3
27 54 3 28 58 3
39 1 3 40 10 3
32 49 3 33 54 3
38 20 3 39 30 3
13 22 3 14 25 3
37 31 3 38 35 3
45 40 3 46 46 3
18 55 3 19 58 3
11 49 3 12 56 3
41 12 3 42 15 3
49 9 3 50 15 3
7 36 3 8 43 3
4 24 3 5 29 3
28 17 4 31 18 4
41 45 4 50 46 4
35 13 4 45 14 4
30 38 4 35 39 4
19 0 4 29 1 4
32 16 4 41 17 4
18 37 4 23 38 4
34 22 4 42 23 4
16 44 4 20 45 4
6 27 4 15 28 4
29 9 4 39 10 4
17 12 4 24 13 4
7 18 4 11 19 4
9 47 4 18 48 4
32 57 4 36 58 4
28 14 4 35 15 4
52 21 4 55 22 4
31 42 4 36 43 4
37 43 4 45 44 4
8 0 4 12 1 4
30 24 4 37 25 4
14 48 4 24 49 4
1 14 4 6 15 4
16 6 4 25 7 4
56 10 5 57 16 5
7 14 5 8 24 5
52 51 5 53 55 5
23 52 5 24 59 5
10 35 5 11 43 5
25 29 5 26 39 5
50 43 5 51 51 5
27 7 5 28 15 5
54 38 5 55 46 5
31 7 5 32 15 5
45 5 5 46 12 5
11 21 5 12 31 5
13 42 5 14 45 5
0 40 5 1 44 5
39 1 5 40 4 5
26 8 5 27 13 5
14 5 5 15 11 5
37 39 5 38 43 5
43 1 5 44 10 5
48 51 5 49 55 5
16 31 5 17 41 5
7 53 5 8 56 5
2 30 5 3 39 5
21 10 5 22 14 5
Net_num 160
Net_id 0
pin_num 5
7 30 0
10 22 0
3 25 0
6 35 0
7 25 0
Net_id 1
pin_num 5
9 29 0
1 24 0
4 42 0
17 34 0
22 38 0
Net_id 2
pin_num 5
58 12 0
55 5 0
53 0 0
59 13 0
59 6 0
Net_id 3
pin_num 5
9 20 0
4 27 0
8 28 0
7 35 0
22 32 0
Net_id 4
pin_num 5
7 13 0
3 2 0
17 4 0
10 4 0
3 0 0
Net_id 5
pin_num 5
0 17 0
12 22 0
29 15 0
26 1 0
8 31 0
Net_id 6
pin_num 5
32 25 0
36 14 0
29 22 0
46 30 0
37 37 0
Net_id 7
pin_num 5
2 45 0
18 45 0
13 48 0
17 30 0
0 41 0
Net_id 8
pin_num 5
58 56 0
50 44 0
38 44 0
35 59 0
56 40 0
Net_id 9
pin_num 5
13 3 0
17 2 0
14 16 0
8 16 0
4 4 0
Net_id 10
pin_num 5
30 41 0
35 51 0
40 42 0
35 23 0
37 56 0
Net_id 11
pin_num 5
47 30 0
57 34 0
59 14 0
51 34 0
59 46 0
Net_id 12
pin_num 5
53 13 0
46 26 0
36 26 0
36 13 0
59 18 0
Net_id 13
pin_num 5
1 5 0
11 8 0
0 2 0
0 1 0
20 1 0
Net_id 14
pin_num 5
49 36 0
46 41 0
42 27 0
42 11 0
23 40 0
Net_id 15
pin_num 5
23 38 0
28 39 0
27 22 0
34 30 0
23 46 0
Net_id 16
pin_num 5
28 36 0
29 34 0
24 35 0
13 36 0
40 35 0
Net_id 17
pin_num 5
49 29 0
54 27 0
49 27 0
54 7 0
59 30 0
Net_id 18
pin_num 5
31 9 0
24 11 0
24 2 0
29 7 0
50 7 0
Net_id 19
pin_num 5
49 25 0
57 25 0
38 25 0
39 18 0
50 18 0
Net_id 20
pin_num 4
55 23 0
59 34 0
50 45 0
43 43 0
Net_id 21
pin_num 4
39 46 0
55 50 0
52 57 0
48 51 0
Net_id 22
pin_num 4
48 52 0
58 53 0
57 39 0
52 59 0
Net_id 23
pin_num 4
41 29 0
32 41 0
33 27 0
23 29 0
Net_id 24
pin_num 4
56 58 0
59 58 0
53 58 0
56 50 0
Net_id 25
pin_num 4
20 9 0
27 9 0
22 0 0
18 20 0
Net_id 26
pin_num 4
37 1 0
29 3 0
23 0 0
29 0 0
Net_id 27
pin_num 4
34 14 0
48 18 0
58 24 0
52 39 0
Net_id 28
pin_num 4
14 58 0
14 49 0
7 59 0
0 54 0
Net_id 29
pin_num 4
23 12 0
29 12 0
50 12 0
58 17 0
Net_id 30
pin_num 4
47 45 0
43 36 0
33 42 0
25 28 0
Net_id 31
pin_num 4
38 13 0
43 14 0
43 35 0
23 31 0
Net_id 32
pin_num 4
29 51 0
38 49 0
19 49 0
15 31 0
Net_id 33
pin_num 4
1 50 0
15 57 0
6 37 0
24 50 0
Net_id 34
pin_num 4
44 49 0
59 50 0
56 42 0
52 47 0
Net_id 35
pin_num 4
55 38 0
54 38 0
42 36 0
53 44 0
Net_id 36
pin_num 4
45 32 0
37 18 0
55 58 0
30 25 0
Net_id 37
pin_num 4
18 23 0
19 16 0
38 16 0
21 37 0
Net_id 38
pin_num 4
3 55 0
9 52 0
0 57 0
17 59 0
Net_id 39
pin_num 4
47 14 0
41 11 0
56 13 0
41 24 0
Net_id 40
pin_num 4
4 37 0
6 24 0
3 40 0
18 25 0
Net_id 41
pin_num 4
53 23 0
48 28 0
51 11 0
46 19 0
Net_id 42
pin_num 3
21 46 0
34 59 0
31 20 0
Net_id 43
pin_num 3
45 38 0
45 19 0
38 38 0
Net_id 44
pin_num 3
21 34 0
5 23 0
28 15 0
Net_id 45
pin_num 3
29 58 0
39 52 0
39 45 0
Net_id 46
pin_num 3
2 18 0
25 14 0
11 27 0
Net_id 47
pin_num 3
58 10 0
44 1 0
24 1 0
Net_id 48
pin_num 3
19 15 0
16 17 0
33 17 0
Net_id 49
pin_num 3
35 21 0
26 26 0
29 24 0
Net_id 50
pin_num 3
40 0 0
30 18 0
38 21 0
Net_id 51
pin_num 3
2 40 0
1 51 0
28 42 0
Net_id 52
pin_num 3
23 32 0
24 51 0
3 34 0
Net_id 53
pin_num 3
5 27 0
9 39 0
9 19 0
Net_id 54
pin_num 3
2 25 0
5 39 0
9 22 0
Net_id 55
pin_num 3
27 3 0
4 1 0
16 0 0
Net_id 56
pin_num 3
26 43 0
36 54 0
8 54 0
Net_id 57
pin_num 3
23 47 0
12 56 0
10 31 0
Net_id 58
pin_num 3
37 30 0
44 28 0
34 9 0
Net_id 59
pin_num 3
23 8 0
17 7 0
6 4 0
Net_id 60
pin_num 3
28 53 0
21 59 0
21 43 0
Net_id 61
pin_num 3
18 7 0
37 11 0
54 4 0
Net_id 62
pin_num 3
15 25 0
11 15 0
1 18 0
Net_id 63
pin_num 3
53 45 0
35 32 0
51 54 0
Net_id 64
pin_num 3
19 27 0
3 20 0
28 9 0
Net_id 65
pin_num 3
57 53 0
43 42 0
41 59 0
Net_id 66
pin_num 3
50 50 0
58 54 0
53 54 0
Net_id 67
pin_num 3
2 32 0
16 43 0
41 35 0
Net_id 68
pin_num 3
0 15 0
14 37 0
2 9 0
Net_id 69
pin_num 3
50 4 0
39 11 0
16 19 0
Net_id 70
pin_num 3
28 31 0
40 22 0
56 21 0
Net_id 71
pin_num 3
45 53 0
47 42 0
42 48 0
Net_id 72
pin_num 3
37 27 0
41 33 0
53 33 0
Net_id 73
pin_num 3
23 2 0
20 4 0
23 23 0
Net_id 74
pin_num 3
17 44 0
28 57 0
10 53 0
Net_id 75
pin_num 3
42 41 0
47 54 0
59 22 0
Net_id 76
pin_num 3
40 53 0
36 55 0
29 44 0
Net_id 77
pin_num 3
23 22 0
2 27 0
7 44 0
Net_id 78
pin_num 3
42 4 0
37 3 0
48 10 0
Net_id 79
pin_num 3
33 36 0
16 46 0
42 58 0
Net_id 80
pin_num 3
25 43 0
18 47 0
26 55 0
Net_id 81
pin_num 3
14 30 0
10 28 0
8 46 0
Net_id 82
pin_num 2
52 6 0
45 2 0
Net_id 83
pin_num 2
4 11 0
3 1 0
Net_id 84
pin_num 2
22 10 0
6 3 0
Net_id 85
pin_num 2
5 55 0
12 55 0
Net_id 86
pin_num 2
36 41 0
53 46 0
Net_id 87
pin_num 2
10 40 0
5 49 0
Net_id 88
pin_num 2
5 24 0
3 19 0
Net_id 89
pin_num 2
0 29 0
2 35 0
Net_id 90
pin_num 2
57 31 0
47 40 0
Net_id 91
pin_num 2
48 20 0
55 32 0
Net_id 92
pin_num 2
48 8 0
50 11 0
Net_id 93
pin_num 2
52 21 0
45 39 0
Net_id 94
pin_num 2
4 39 0
3 33 0
Net_id 95
pin_num 2
10 36 0
1 53 0
Net_id 96
pin_num 2
51 37 0
56 11 0
Net_id 97
pin_num 2
8 26 0
13 28 0
Net_id 98
pin_num 2
4 53 0
3 47 0
Net_id 99
pin_num 2
15 17 0
5 19 0
Net_id 100
pin_num 2
22 24 0
25 6 0
Net_id 101
pin_num 2
8 52 0
8 59 0
Net_id 102
pin_num 2
7 11 0
22 11 0
Net_id 103
pin_num 2
38 39 0
24 32 0
Net_id 104
pin_num 2
55 48 0
49 48 0
Net_id 105
pin_num 2
27 42 0
33 55 0
Net_id 106
pin_num 2
18 24 0
11 36 0
Net_id 107
pin_num 2
32 49 0
28 54 0
Net_id 108
pin_num 2
36 2 0
16 20 0
Net_id 109
pin_num 2
42 15 0
27 18 0
Net_id 110
pin_num 2
41 22 0
41 19 0
Net_id 111
pin_num 2
53 21 0
35 6 0
Net_id 112
pin_num 2
30 8 0
33 8 0
Net_id 113
pin_num 2
43 51 0
38 46 0
Net_id 114
pin_num 2
34 13 0
18 29 0
Net_id 115
pin_num 2
31 11 0
32 14 0
Net_id 116
pin_num 2
30 28 0
32 10 0
Net_id 117
pin_num 2
12 53 0
6 54 0
Net_id 118
pin_num 2
59 32 0
43 52 0
Net_id 119
pin_num 2
30 55 0
31 52 0
Net_id 120
pin_num 2
50 1 0
57 13 0
Net_id 121
pin_num 2
26 22 0
20 20 0
Net_id 122
pin_num 2
23 26 0
12 48 0
Net_id 123
pin_num 2
41 9 0
54 3 0
Net_id 124
pin_num 2
37 46 0
30 50 0
Net_id 125
pin_num 2
49 39 0
51 42 0
Net_id 126
pin_num 2
2 8 0
12 24 0
Net_id 127
pin_num 2
29 41 0
33 20 0
Net_id 128
pin_num 2
58 11 0
44 4 0
Net_id 129
pin_num 2
0 6 0
1 9 0
Net_id 130
pin_num 2
42 47 0
43 44 0
Net_id 131
pin_num 2
16 57 0
34 48 0
Net_id 132
pin_num 2
48 26 0
58 50 0
Net_id 133
pin_num 2
44 36 0
49 8 0
Net_id 134
pin_num 2
57 29 0
53 24 0
Net_id 135
pin_num 2
27 20 0
23 11 0
Net_id 136
pin_num 2
6 7 0
26 23 0
Net_id 137
pin_num 2
58 51 0
55 55 0
Net_id 138
pin_num 2
18 14 0
39 33 0
Net_id 139
pin_num 2
33 9 0
17 13 0
Net_id 140
pin_num 2
1 27 0
16 13 0
Net_id 141
pin_num 2
47 55 0
45 50 0
Net_id 142
pin_num 2
47 11 0
57 0 0
Net_id 143
pin_num 2
3 36 0
1 20 0
Net_id 144
pin_num 2
1 46 0
14 41 0
Net_id 145
pin_num 2
43 19 0
44 15 0
Net_id 146
pin_num 2
52 3 0
40 19 0
Net_id 147
pin_num 2
7 12 0
15 13 0
Net_id 148
pin_num 2
0 33 0
18 40 0
Net_id 149
pin_num 2
47 29 0
15 15 0
Net_id 150
pin_num 2
15 3 0
32 18 0
Net_id 151
pin_num 2
58 4 0
47 3 0
Net_id 152
pin_num 2
54 9 0
22 31 0
Net_id 153
pin_num 2
31 19 0
23 10 0
Net_id 154
pin_num 2
45 21 0
57 16 0
Net_id 155
pin_num 2
35 42 0
39 44 0
Net_id 156
pin_num 2
1 30 0
11 31 0
Net_id 157
pin_num 2
44 51 0
50 47 0
Net_id 158
pin_num 2
22 1 0
29 11 0
Net_id 159
pin_num 2
55 44 0
58 28 0
