Width 60
Height 60
Layer 6
Total_WL 6773
Obstacle_num 144
35 57 0 44 58 0
56 24 0 59 25 0
32 8 0 42 9 0
3 57 0 9 58 0
41 23 0 47 24 0
5 48 0 15 49 0
49 15 0 52 16 0
22 53 0 31 54 0
17 51 0 24 52 0
10 29 0 18 30 0
17 2 0 20 3 0
25 51 0 28 52 0
53 18 0 56 19 0
36 5 0 42 6 0
7 45 0 13 46 0
43 14 0 46 15 0
32 28 0 37 29 0
12 20 0 15 21 0
18 26 0 22 27 0
22 36 0 32 37 0
49 13 0 52 14 0
28 9 0 36 10 0
24 12 0 27 13 0
40 56 0 46 57 0
58 36 1 59 43 1
9 42 1 10 49 1
2 16 1 3 24 1
41 45 1 42 54 1
15 19 1 16 28 1
52 29 1 53 36 1
23 39 1 24 47 1
5 35 1 6 43 1
54 43 1 55 49 1
34 17 1 35 26 1
51 43 1 52 52 1
18 28 1 19 31 1
47 43 1 48 52 1
20 28 1 21 37 1
39 25 1 40 35 1
26 33 1 27 41 1
1 25 1 2 33 1
33 23 1 34 33 1
8 23 1 9 32 1
52 2 1 53 6 1
49 18 1 50 26 1
9 8 1 10 17 1
46 37 1 47 41 1
44 50 1 45 55 1
30 54 2 33 55 2
43 27 2 48 28 2
26 44 2 33 45 2
17 29 2 25 30 2
6 34 2 14 35 2
41 35 2 51 36 2
37 46 2 40 47 2
29 58 2 39 59 2
24 46 2 32 47 2
1 35 2 10 36 2
16 41 2 20 42 2
16 55 2 22 56 2
7 13 2 17 14 2
2 14 2 5 15 2
42 32 2 47 33 2
13 8 2 16 9 2
54 27 2 58 28 2
4 30 2 8 31 2
19 8 2 28 9 2
46 16 2 50 17 2
25 2 2 31 3 2
1 1 2 7 2 2
48 2 2 56 3 2
48 53 2 58 54 2
11 37 3 12 47 3
5 27 3 6 36 3
20 14 3 21 22 3
31 39 3 32 44 3
3 17 3 4 20 3
40 17 3 41 25 3
37 55 3 38 58 3
12 10 3 13 19 3
29 14 3 30 20 3
34 16 3 35 19 3
37 29 3 38 37 3
53 17 3 54 26 3
43 24 3 44 29 3
34 39 3 35 48 3
53 2 3 54 7 3
43 29 3 44 39 3
16 16 3 17 25 3
21 17 3 22 24 3
41 4 3 42 8 3
40 5 3 41 10 3
25 17 3 26 21 3
42 21 3 43 31 3
34 24 3 35 30 3
54 50 3 55 53 3
25 13 4 31 14 4
19 12 4 25 13 4
22 10 4 26 11 4
4 37 4 8 38 4
7 12 4 11 13 4
27 53 4 35 54 4
28 46 4 33 47 4
50 36 4 58 37 4
1 45 4 9 46 4
17 45 4 22 46 4
17 49 4 20 50 4
19 41 4 29 42 4
55 7 4 59 8 4
37 0 4 42 1 4
1 13 4 4 14 4
33 33 4 42 34 4
26 36 4 31 37 4
40 14 4 50 15 4
31 56 4 34 57 4
27 22 4 35 23 4
33 7 4 36 8 4
18 50 4 22 51 4
21 22 4 27 23 4
23 32 4 33 33 4
28 48 5 29 58 5
0 42 5 1 52 5
5 6 5 6 10 5
34 48 5 35 54 5
33 27 5 34 34 5
4 48 5 5 55 5
18 18 5 19 24 5
47 20 5 48 27 5
36 51 5 37 59 5
8 10 5 9 14 5
56 10 5 57 19 5
52 52 5 53 59 5
35 11 5 36 21 5
6 14 5 7 20 5
53 21 5 54 27 5
15 32 5 16 37 5
24 6 5 25 13 5
58 3 5 59 12 5
50 32 5 51 35 5
51 11 5 52 20 5
36 24 5 37 34 5
12 43 5 13 53 5
55 19 5 56 22 5
18 5 5 19 11 5
Net_num 161
Net_id 0
pin_num 5
15 1 0
8 1 0
12 7 0
20 6 0
23 0 0
Net_id 1
pin_num 5
27 37 0
19 34 0
37 36 0
33 55 0
25 38 0
Net_id 2
pin_num 5
20 28 0
26 31 0
26 14 0
19 21 0
42 31 0
Net_id 3
pin_num 5
29 39 0
30 34 0
30 15 0
20 17 0
22 38 0
Net_id 4
pin_num 5
27 23 0
18 32 0
24 15 0
47 28 0
19 24 0
Net_id 5
pin_num 5
33 15 0
23 24 0
6 24 0
20 46 0
24 44 0
Net_id 6
pin_num 5
5 23 0
10 23 0
11 17 0
15 17 0
11 25 0
Net_id 7
pin_num 5
6 34 0
13 38 0
30 43 0
27 41 0
7 25 0
Net_id 8
pin_num 5
37 21 0
40 26 0
21 27 0
46 22 0
4 22 0
Net_id 9
pin_num 5
1 29 0
0 26 0
17 28 0
24 27 0
3 41 0
Net_id 10
pin_num 5
24 0 0
27 12 0
11 6 0
18 27 0
23 25 0
Net_id 11
pin_num 5
1 41 0
6 49 0
4 30 0
1 24 0
3 19 0
Net_id 12
pin_num 5
40 18 0
37 7 0
31 7 0
34 14 0
47 0 0
Net_id 13
pin_num 5
20 2 0
25 4 0
25 14 0
40 2 0
31 23 0
Net_id 14
pin_num 5
9 3 0
25 7 0
19 0 0
15 13 0
23 19 0
Net_id 15
pin_num 5
38 36 0
42 36 0
59 37 0
49 26 0
56 39 0
Net_id 16
pin_num 5
53 58 0
48 59 0
59 42 0
50 50 0
50 44 0
Net_id 17
pin_num 5
15 32 0
10 32 0
14 9 0
0 4 0
5 21 0
Net_id 18
pin_num 5
30 56 0
21 56 0
24 59 0
25 45 0
28 35 0
Net_id 19
pin_num 5
4 55 0
3 59 0
15 57 0
6 59 0
18 59 0
Net_id 20
pin_num 4
47 9 0
40 3 0
46 0 0
45 6 0
Net_id 21
pin_num 4
27 44 0
31 40 0
28 59 0
15 43 0
Net_id 22
pin_num 4
51 41 0
56 40 0
52 50 0
41 47 0
Net_id 23
pin_num 4
49 42 0
50 59 0
57 43 0
43 50 0
Net_id 24
pin_num 4
18 47 0
23 35 0
10 41 0
22 19 0
Net_id 25
pin_num 4
2 11 0
16 10 0
13 7 0
13 2 0
Net_id 26
pin_num 4
22 6 0
19 9 0
16 5 0
22 12 0
Net_id 27
pin_num 4
6 26 0
5 20 0
2 15 0
18 15 0
Net_id 28
pin_num 4
45 2 0
51 6 0
48 17 0
54 17 0
Net_id 29
pin_num 4
9 39 0
5 46 0
0 58 0
15 26 0
Net_id 30
pin_num 4
48 19 0
37 25 0
43 10 0
29 16 0
Net_id 31
pin_num 4
16 35 0
22 39 0
17 25 0
45 39 0
Net_id 32
pin_num 4
0 12 0
13 12 0
1 56 0
13 56 0
Net_id 33
pin_num 4
10 38 0
18 31 0
12 47 0
38 31 0
Net_id 34
pin_num 4
49 49 0
37 42 0
21 42 0
40 59 0
Net_id 35
pin_num 4
5 51 0
9 37 0
9 29 0
6 55 0
Net_id 36
pin_num 4
27 18 0
45 16 0
29 23 0
37 24 0
Net_id 37
pin_num 4
24 5 0
35 10 0
17 16 0
15 11 0
Net_id 38
pin_num 4
1 0 0
10 11 0
6 11 0
3 3 0
Net_id 39
pin_num 4
30 54 0
33 59 0
39 56 0
37 53 0
Net_id 40
pin_num 4
28 31 0
35 26 0
32 24 0
17 26 0
Net_id 41
pin_num 3
43 30 0
58 30 0
58 54 0
Net_id 42
pin_num 3
46 59 0
45 45 0
21 39 0
Net_id 43
pin_num 3
19 52 0
11 36 0
6 42 0
Net_id 44
pin_num 3
49 19 0
58 19 0
53 52 0
Net_id 45
pin_num 3
54 56 0
59 53 0
34 55 0
Net_id 46
pin_num 3
9 8 0
5 7 0
20 23 0
Net_id 47
pin_num 3
1 36 0
13 53 0
4 47 0
Net_id 48
pin_num 3
39 9 0
44 7 0
42 22 0
Net_id 49
pin_num 3
54 14 0
47 15 0
42 8 0
Net_id 50
pin_num 3
22 7 0
18 7 0
25 20 0
Net_id 51
pin_num 3
8 37 0
2 34 0
2 58 0
Net_id 52
pin_num 3
57 50 0
52 52 0
28 52 0
Net_id 53
pin_num 3
59 19 0
48 21 0
39 20 0
Net_id 54
pin_num 3
5 24 0
4 34 0
31 33 0
Net_id 55
pin_num 3
26 1 0
36 1 0
11 4 0
Net_id 56
pin_num 3
52 2 0
58 22 0
59 32 0
Net_id 57
pin_num 3
59 1 0
46 10 0
36 6 0
Net_id 58
pin_num 3
22 18 0
38 10 0
35 47 0
Net_id 59
pin_num 3
8 56 0
21 59 0
18 49 0
Net_id 60
pin_num 3
40 49 0
35 54 0
54 54 0
Net_id 61
pin_num 3
37 1 0
38 6 0
54 0 0
Net_id 62
pin_num 3
19 55 0
8 42 0
21 33 0
Net_id 63
pin_num 3
2 31 0
15 34 0
17 43 0
Net_id 64
pin_num 3
49 12 0
56 16 0
53 0 0
Net_id 65
pin_num 3
51 5 0
36 4 0
25 9 0
Net_id 66
pin_num 3
50 24 0
58 13 0
59 3 0
Net_id 67
pin_num 3
48 45 0
45 59 0
47 42 0
Net_id 68
pin_num 3
53 15 0
48 24 0
59 2 0
Net_id 69
pin_num 3
54 22 0
55 17 0
55 5 0
Net_id 70
pin_num 3
36 20 0
35 15 0
27 38 0
Net_id 71
pin_num 3
16 56 0
20 57 0
1 58 0
Net_id 72
pin_num 3
28 12 0
36 32 0
45 12 0
Net_id 73
pin_num 3
13 54 0
19 58 0
13 44 0
Net_id 74
pin_num 3
40 53 0
27 59 0
55 44 0
Net_id 75
pin_num 3
44 45 0
54 49 0
51 29 0
Net_id 76
pin_num 3
0 1 0
6 1 0
7 22 0
Net_id 77
pin_num 3
59 59 0
45 51 0
51 42 0
Net_id 78
pin_num 3
0 24 0
3 42 0
16 12 0
Net_id 79
pin_num 3
12 25 0
6 18 0
9 7 0
Net_id 80
pin_num 3
31 39 0
23 23 0
48 28 0
Net_id 81
pin_num 3
47 43 0
36 51 0
18 50 0
Net_id 82
pin_num 3
12 35 0
26 45 0
2 52 0
Net_id 83
pin_num 2
41 39 0
32 43 0
Net_id 84
pin_num 2
59 51 0
50 53 0
Net_id 85
pin_num 2
47 16 0
34 11 0
Net_id 86
pin_num 2
58 9 0
44 1 0
Net_id 87
pin_num 2
7 58 0
6 20 0
Net_id 88
pin_num 2
30 13 0
39 3 0
Net_id 89
pin_num 2
55 46 0
45 57 0
Net_id 90
pin_num 2
44 42 0
54 40 0
Net_id 91
pin_num 2
56 14 0
51 18 0
Net_id 92
pin_num 2
14 17 0
10 42 0
Net_id 93
pin_num 2
56 26 0
47 33 0
Net_id 94
pin_num 2
20 13 0
19 16 0
Net_id 95
pin_num 2
6 46 0
30 57 0
Net_id 96
pin_num 2
53 27 0
56 28 0
Net_id 97
pin_num 2
7 34 0
15 31 0
Net_id 98
pin_num 2
40 17 0
24 23 0
Net_id 99
pin_num 2
27 49 0
6 45 0
Net_id 100
pin_num 2
4 56 0
23 27 0
Net_id 101
pin_num 2
55 43 0
48 40 0
Net_id 102
pin_num 2
46 55 0
28 54 0
Net_id 103
pin_num 2
16 32 0
23 34 0
Net_id 104
pin_num 2
29 25 0
23 29 0
Net_id 105
pin_num 2
12 43 0
17 18 0
Net_id 106
pin_num 2
35 32 0
21 30 0
Net_id 107
pin_num 2
50 18 0
28 20 0
Net_id 108
pin_num 2
36 48 0
43 54 0
Net_id 109
pin_num 2
8 51 0
6 52 0
Net_id 110
pin_num 2
2 43 0
6 43 0
Net_id 111
pin_num 2
7 24 0
18 24 0
Net_id 112
pin_num 2
21 15 0
22 14 0
Net_id 113
pin_num 2
28 55 0
31 56 0
Net_id 114
pin_num 2
20 31 0
43 29 0
Net_id 115
pin_num 2
58 8 0
54 15 0
Net_id 116
pin_num 2
26 25 0
35 53 0
Net_id 117
pin_num 2
47 6 0
54 3 0
Net_id 118
pin_num 2
32 51 0
11 52 0
Net_id 119
pin_num 2
54 2 0
55 14 0
Net_id 120
pin_num 2
1 59 0
10 49 0
Net_id 121
pin_num 2
44 33 0
38 54 0
Net_id 122
pin_num 2
2 5 0
15 5 0
Net_id 123
pin_num 2
43 58 0
52 59 0
Net_id 124
pin_num 2
43 34 0
22 43 0
Net_id 125
pin_num 2
21 55 0
33 35 0
Net_id 126
pin_num 2
7 3 0
3 11 0
Net_id 127
pin_num 2
14 58 0
27 40 0
Net_id 128
pin_num 2
35 45 0
39 50 0
Net_id 129
pin_num 2
19 14 0
35 22 0
Net_id 130
pin_num 2
40 31 0
41 10 0
Net_id 131
pin_num 2
12 23 0
26 7 0
Net_id 132
pin_num 2
44 40 0
56 48 0
Net_id 133
pin_num 2
25 18 0
28 17 0
Net_id 134
pin_num 2
36 18 0
44 16 0
Net_id 135
pin_num 2
39 38 0
32 38 0
Net_id 136
pin_num 2
31 45 0
17 54 0
Net_id 137
pin_num 2
29 37 0
45 53 0
Net_id 138
pin_num 2
49 22 0
56 33 0
Net_id 139
pin_num 2
4 11 0
2 29 0
Net_id 140
pin_num 2
16 4 0
11 2 0
Net_id 141
pin_num 2
59 52 0
50 57 0
Net_id 142
pin_num 2
52 26 0
57 11 0
Net_id 143
pin_num 2
8 53 0
20 58 0
Net_id 144
pin_num 2
57 31 0
59 28 0
Net_id 145
pin_num 2
29 7 0
16 14 0
Net_id 146
pin_num 2
46 48 0
34 39 0
Net_id 147
pin_num 2
18 20 0
6 17 0
Net_id 148
pin_num 2
59 27 0
58 28 0
Net_id 149
pin_num 2
26 55 0
21 54 0
Net_id 150
pin_num 2
59 54 0
37 41 0
Net_id 151
pin_num 2
36 27 0
57 22 0
Net_id 152
pin_num 2
14 0 0
8 4 0
Net_id 153
pin_num 2
47 1 0
47 7 0
Net_id 154
pin_num 2
32 11 0
32 5 0
Net_id 155
pin_num 2
0 50 0
31 49 0
Net_id 156
pin_num 2
46 26 0
56 44 0
Net_id 157
pin_num 2
33 36 0
20 37 0
Net_id 158
pin_num 2
37 39 0
23 52 0
Net_id 159
pin_num 2
57 21 0
50 16 0
Net_id 160
pin_num 2
59 20 0
33 13 0
