Width 60
Height 60
Layer 6
Total_WL 6481
Obstacle_num 144
38 34 0 46 35 0
14 42 0 18 43 0
34 20 0 39 21 0
23 34 0 31 35 0
27 40 0 35 41 0
8 17 0 18 18 0
19 41 0 25 42 0
10 29 0 14 30 0
48 43 0 57 44 0
5 11 0 15 12 0
6 31 0 16 32 0
5 38 0 12 39 0
15 55 0 19 56 0
35 50 0 44 51 0
32 9 0 40 10 0
21 46 0 30 47 0
23 7 0 30 8 0
42 49 0 47 50 0
8 57 0 16 58 0
44 13 0 52 14 0
42 47 0 49 48 0
26 58 0 30 59 0
17 1 0 25 2 0
22 38 0 32 39 0
23 42 1 24 49 1
45 27 1 46 34 1
11 3 1 12 6 1
40 12 1 41 18 1
7 25 1 8 34 1
49 12 1 50 18 1
10 36 1 11 41 1
20 19 1 21 27 1
57 48 1 58 54 1
19 4 1 20 13 1
21 1 1 22 8 1
57 1 1 58 9 1
27 39 1 28 48 1
28 5 1 29 11 1
40 28 1 41 32 1
29 33 1 30 42 1
55 25 1 56 31 1
58 6 1 59 10 1
36 2 1 37 11 1
25 10 1 26 14 1
4 32 1 5 42 1
23 24 1 24 31 1
1 23 1 2 32 1
18 41 1 19 50 1
35 53 2 43 54 2
23 25 2 28 26 2
31 57 2 36 58 2
34 25 2 38 26 2
40 42 2 44 43 2
7 48 2 13 49 2
24 17 2 31 18 2
37 50 2 42 51 2
4 45 2 12 46 2
15 34 2 20 35 2
42 38 2 45 39 2
53 29 2 57 30 2
17 19 2 23 20 2
35 30 2 43 31 2
32 55 2 40 56 2
39 48 2 45 49 2
7 9 2 13 10 2
4 12 2 9 13 2
3 55 2 8 56 2
43 52 2 51 53 2
16 35 2 23 36 2
43 16 2 48 17 2
23 14 2 32 15 2
0 5 2 10 6 2
10 3 3 11 11 3
12 48 3 13 56 3
41 11 3 42 14 3
20 30 3 21 40 3
14 23 3 15 26 3
28 21 3 29 30 3
3 21 3 4 25 3
29 12 3 30 16 3
6 47 3 7 53 3
17 32 3 18 40 3
44 12 3 45 17 3
38 16 3 39 25 3
17 40 3 18 44 3
4 37 3 5 44 3
40 36 3 41 45 3
7 21 3 8 29 3
55 26 3 56 30 3
57 30 3 58 37 3
48 27 3 49 37 3
6 54 3 7 59 3
37 51 3 38 54 3
1 49 3 2 55 3
18 9 3 19 17 3
26 13 3 27 22 3
30 39 4 39 40 4
36 35 4 42 36 4
6 52 4 15 53 4
43 7 4 49 8 4
40 44 4 43 45 4
20 11 4 29 12 4
18 53 4 22 54 4
37 41 4 45 42 4
44 57 4 54 58 4
1 56 4 8 57 4
8 29 4 17 30 4
17 44 4 22 45 4
5 28 4 11 29 4
51 28 4 59 29 4
38 10 4 45 11 4
34 33 4 40 34 4
39 50 4 48 51 4
41 32 4 47 33 4
27 32 4 32 33 4
46 9 4 52 10 4
34 46 4 42 47 4
46 33 4 51 34 4
3 23 4 8 24 4
49 27 4 57 28 4
35 45 5 36 51 5
44 14 5 45 17 5
45 52 5 46 57 5
52 10 5 53 16 5
45 33 5 46 42 5
0 7 5 1 12 5
57 1 5 58 10 5
41 32 5 42 40 5
9 8 5 10 16 5
51 42 5 52 45 5
36 1 5 37 9 5
49 34 5 50 37 5
38 27 5 39 30 5
42 45 5 43 51 5
2 40 5 3 48 5
1 10 5 2 20 5
7 17 5 8 22 5
10 49 5 11 58 5
19 7 5 20 12 5
21 51 5 22 59 5
2 49 5 3 54 5
55 32 5 56 39 5
4 22 5 5 31 5
16 37 5 17 47 5
Net_num 156
Net_id 0
pin_num 5
54 31 0
46 38 0
47 15 0
35 43 0
29 22 0
Net_id 1
pin_num 5
23 23 0
25 24 0
24 18 0
44 24 0
29 11 0
Net_id 2
pin_num 5
57 40 0
56 51 0
54 50 0
44 50 0
59 53 0
Net_id 3
pin_num 5
42 12 0
31 5 0
39 0 0
29 0 0
59 12 0
Net_id 4
pin_num 5
50 26 0
58 26 0
54 10 0
52 33 0
52 38 0
Net_id 5
pin_num 5
28 13 0
27 8 0
12 13 0
19 18 0
36 12 0
Net_id 6
pin_num 5
15 11 0
25 15 0
20 3 0
32 8 0
17 14 0
Net_id 7
pin_num 5
53 21 0
45 21 0
51 7 0
39 26 0
37 23 0
Net_id 8
pin_num 5
0 13 0
12 6 0
0 12 0
0 4 0
2 1 0
Net_id 9
pin_num 5
42 36 0
55 38 0
59 31 0
43 55 0
39 32 0
Net_id 10
pin_num 5
19 12 0
9 8 0
10 20 0
15 2 0
3 18 0
Net_id 11
pin_num 5
34 53 0
43 59 0
18 56 0
21 53 0
36 48 0
Net_id 12
pin_num 5
52 23 0
38 25 0
45 12 0
44 12 0
33 19 0
Net_id 13
pin_num 5
34 57 0
30 58 0
32 42 0
18 50 0
26 35 0
Net_id 14
pin_num 5
26 56 0
19 52 0
2 52 0
3 59 0
17 49 0
Net_id 15
pin_num 5
20 34 0
13 39 0
8 36 0
22 26 0
15 16 0
Net_id 16
pin_num 5
12 10 0
5 16 0
8 30 0
14 24 0
5 33 0
Net_id 17
pin_num 5
16 30 0
10 32 0
12 23 0
16 7 0
0 35 0
Net_id 18
pin_num 5
38 54 0
25 58 0
37 59 0
25 47 0
47 58 0
Net_id 19
pin_num 4
13 56 0
11 50 0
2 59 0
18 58 0
Net_id 20
pin_num 4
40 52 0
28 51 0
20 52 0
44 59 0
Net_id 21
pin_num 4
42 51 0
39 38 0
26 39 0
37 31 0
Net_id 22
pin_num 4
44 30 0
25 31 0
31 23 0
37 26 0
Net_id 23
pin_num 4
18 54 0
25 44 0
16 59 0
30 46 0
Net_id 24
pin_num 4
48 59 0
52 52 0
50 47 0
59 54 0
Net_id 25
pin_num 4
58 37 0
52 34 0
58 24 0
55 57 0
Net_id 26
pin_num 4
47 27 0
57 38 0
57 21 0
59 35 0
Net_id 27
pin_num 4
25 37 0
34 37 0
35 59 0
17 57 0
Net_id 28
pin_num 4
20 20 0
34 27 0
6 22 0
16 1 0
Net_id 29
pin_num 4
29 17 0
21 21 0
24 8 0
11 15 0
Net_id 30
pin_num 4
19 29 0
12 37 0
23 31 0
13 51 0
Net_id 31
pin_num 4
26 23 0
23 21 0
27 6 0
48 20 0
Net_id 32
pin_num 4
10 6 0
2 0 0
16 0 0
13 15 0
Net_id 33
pin_num 4
17 37 0
20 39 0
12 39 0
21 33 0
Net_id 34
pin_num 4
47 35 0
58 30 0
58 53 0
39 31 0
Net_id 35
pin_num 4
16 28 0
11 21 0
17 0 0
11 2 0
Net_id 36
pin_num 4
8 14 0
15 14 0
16 25 0
9 27 0
Net_id 37
pin_num 4
46 50 0
43 56 0
32 58 0
22 57 0
Net_id 38
pin_num 4
43 44 0
46 46 0
34 34 0
46 59 0
Net_id 39
pin_num 4
19 28 0
13 42 0
9 30 0
33 36 0
Net_id 40
pin_num 3
59 27 0
36 22 0
53 15 0
Net_id 41
pin_num 3
49 3 0
42 6 0
59 18 0
Net_id 42
pin_num 3
17 10 0
6 20 0
1 0 0
Net_id 43
pin_num 3
29 49 0
21 54 0
14 54 0
Net_id 44
pin_num 3
36 56 0
29 47 0
26 33 0
Net_id 45
pin_num 3
39 56 0
46 43 0
31 54 0
Net_id 46
pin_num 3
11 3 0
1 12 0
1 3 0
Net_id 47
pin_num 3
6 48 0
2 57 0
2 23 0
Net_id 48
pin_num 3
5 22 0
3 30 0
2 47 0
Net_id 49
pin_num 3
4 24 0
10 27 0
15 24 0
Net_id 50
pin_num 3
50 52 0
46 55 0
59 50 0
Net_id 51
pin_num 3
49 53 0
59 46 0
53 30 0
Net_id 52
pin_num 3
56 20 0
52 47 0
54 9 0
Net_id 53
pin_num 3
8 27 0
1 33 0
21 29 0
Net_id 54
pin_num 3
57 10 0
55 2 0
52 16 0
Net_id 55
pin_num 3
10 41 0
23 54 0
3 47 0
Net_id 56
pin_num 3
13 47 0
22 44 0
0 45 0
Net_id 57
pin_num 3
45 37 0
54 44 0
48 54 0
Net_id 58
pin_num 3
17 18 0
21 23 0
28 4 0
Net_id 59
pin_num 3
40 6 0
32 13 0
22 7 0
Net_id 60
pin_num 3
17 4 0
18 5 0
0 9 0
Net_id 61
pin_num 3
49 10 0
39 4 0
16 9 0
Net_id 62
pin_num 3
20 42 0
25 39 0
17 48 0
Net_id 63
pin_num 3
7 55 0
1 40 0
0 43 0
Net_id 64
pin_num 3
31 2 0
22 10 0
22 37 0
Net_id 65
pin_num 3
41 28 0
46 17 0
33 23 0
Net_id 66
pin_num 3
47 33 0
36 43 0
27 35 0
Net_id 67
pin_num 3
53 48 0
48 56 0
48 58 0
Net_id 68
pin_num 3
53 41 0
58 54 0
50 42 0
Net_id 69
pin_num 3
55 9 0
57 24 0
47 54 0
Net_id 70
pin_num 3
18 27 0
1 21 0
20 2 0
Net_id 71
pin_num 3
32 4 0
44 11 0
46 34 0
Net_id 72
pin_num 3
57 3 0
41 14 0
23 11 0
Net_id 73
pin_num 3
41 17 0
45 19 0
58 18 0
Net_id 74
pin_num 3
36 15 0
49 0 0
4 6 0
Net_id 75
pin_num 3
6 29 0
5 42 0
11 46 0
Net_id 76
pin_num 3
40 2 0
33 0 0
30 12 0
Net_id 77
pin_num 3
54 46 0
57 58 0
56 53 0
Net_id 78
pin_num 2
8 18 0
21 16 0
Net_id 79
pin_num 2
37 6 0
27 5 0
Net_id 80
pin_num 2
30 23 0
16 32 0
Net_id 81
pin_num 2
46 4 0
53 9 0
Net_id 82
pin_num 2
26 19 0
32 23 0
Net_id 83
pin_num 2
23 55 0
44 53 0
Net_id 84
pin_num 2
37 57 0
53 52 0
Net_id 85
pin_num 2
59 17 0
45 0 0
Net_id 86
pin_num 2
59 33 0
44 37 0
Net_id 87
pin_num 2
48 22 0
54 22 0
Net_id 88
pin_num 2
15 3 0
1 2 0
Net_id 89
pin_num 2
45 1 0
26 1 0
Net_id 90
pin_num 2
38 17 0
43 12 0
Net_id 91
pin_num 2
5 41 0
1 43 0
Net_id 92
pin_num 2
38 29 0
24 37 0
Net_id 93
pin_num 2
33 11 0
30 20 0
Net_id 94
pin_num 2
36 4 0
22 4 0
Net_id 95
pin_num 2
40 36 0
41 21 0
Net_id 96
pin_num 2
26 44 0
47 51 0
Net_id 97
pin_num 2
43 16 0
49 1 0
Net_id 98
pin_num 2
25 25 0
19 25 0
Net_id 99
pin_num 2
20 0 0
14 6 0
Net_id 100
pin_num 2
6 5 0
10 5 0
Net_id 101
pin_num 2
44 9 0
50 20 0
Net_id 102
pin_num 2
33 41 0
59 47 0
Net_id 103
pin_num 2
22 58 0
21 55 0
Net_id 104
pin_num 2
36 21 0
36 26 0
Net_id 105
pin_num 2
11 19 0
3 12 0
Net_id 106
pin_num 2
52 18 0
56 6 0
Net_id 107
pin_num 2
8 4 0
5 9 0
Net_id 108
pin_num 2
43 0 0
51 6 0
Net_id 109
pin_num 2
16 58 0
3 58 0
Net_id 110
pin_num 2
32 1 0
26 4 0
Net_id 111
pin_num 2
55 48 0
47 40 0
Net_id 112
pin_num 2
19 33 0
35 18 0
Net_id 113
pin_num 2
5 4 0
2 7 0
Net_id 114
pin_num 2
31 26 0
40 18 0
Net_id 115
pin_num 2
20 21 0
3 39 0
Net_id 116
pin_num 2
39 35 0
31 41 0
Net_id 117
pin_num 2
12 50 0
21 30 0
Net_id 118
pin_num 2
24 11 0
31 13 0
Net_id 119
pin_num 2
48 5 0
56 5 0
Net_id 120
pin_num 2
47 53 0
49 45 0
Net_id 121
pin_num 2
15 50 0
23 58 0
Net_id 122
pin_num 2
42 14 0
53 12 0
Net_id 123
pin_num 2
55 12 0
58 11 0
Net_id 124
pin_num 2
5 23 0
11 23 0
Net_id 125
pin_num 2
10 55 0
20 46 0
Net_id 126
pin_num 2
44 7 0
40 7 0
Net_id 127
pin_num 2
2 15 0
18 23 0
Net_id 128
pin_num 2
54 13 0
59 13 0
Net_id 129
pin_num 2
13 53 0
5 59 0
Net_id 130
pin_num 2
16 57 0
5 54 0
Net_id 131
pin_num 2
28 21 0
38 38 0
Net_id 132
pin_num 2
16 6 0
34 15 0
Net_id 133
pin_num 2
43 25 0
33 17 0
Net_id 134
pin_num 2
41 20 0
55 11 0
Net_id 135
pin_num 2
52 19 0
50 27 0
Net_id 136
pin_num 2
43 43 0
25 35 0
Net_id 137
pin_num 2
48 48 0
41 29 0
Net_id 138
pin_num 2
49 20 0
41 16 0
Net_id 139
pin_num 2
9 56 0
20 57 0
Net_id 140
pin_num 2
26 0 0
14 9 0
Net_id 141
pin_num 2
23 52 0
6 41 0
Net_id 142
pin_num 2
50 41 0
41 27 0
Net_id 143
pin_num 2
38 8 0
41 0 0
Net_id 144
pin_num 2
23 4 0
31 11 0
Net_id 145
pin_num 2
25 29 0
36 44 0
Net_id 146
pin_num 2
41 18 0
39 25 0
Net_id 147
pin_num 2
15 35 0
0 21 0
Net_id 148
pin_num 2
29 12 0
19 20 0
Net_id 149
pin_num 2
4 20 0
25 1 0
Net_id 150
pin_num 2
52 42 0
57 25 0
Net_id 151
pin_num 2
21 24 0
26 31 0
Net_id 152
pin_num 2
3 33 0
19 43 0
Net_id 153
pin_num 2
58 40 0
59 38 0
Net_id 154
pin_num 2
24 0 0
26 6 0
Net_id 155
pin_num 2
12 32 0
31 16 0
