Width 60
Height 60
Layer 6
Total_WL 6578
Obstacle_num 144
0 27 0 8 28 0
28 28 0 31 29 0
20 0 0 25 1 0
43 37 0 47 38 0
40 19 0 45 20 0
43 56 0 51 57 0
44 53 0 49 54 0
25 55 0 32 56 0
4 30 0 10 31 0
6 48 0 16 49 0
42 39 0 47 40 0
32 13 0 38 14 0
41 47 0 45 48 0
52 19 0 58 20 0
42 16 0 48 17 0
9 12 0 13 13 0
21 57 0 31 58 0
16 23 0 25 24 0
6 38 0 15 39 0
0 3 0 7 4 0
27 5 0 35 6 0
52 25 0 58 26 0
47 49 0 57 50 0
34 45 0 37 46 0
41 33 1 42 37 1
32 4 1 33 14 1
2 23 1 3 32 1
13 34 1 14 40 1
57 21 1 58 26 1
8 26 1 9 35 1
22 40 1 23 46 1
7 40 1 8 45 1
9 53 1 10 56 1
9 10 1 10 14 1
31 41 1 32 51 1
49 10 1 50 17 1
24 39 1 25 42 1
38 46 1 39 53 1
41 11 1 42 20 1
29 22 1 30 29 1
54 18 1 55 21 1
42 33 1 43 42 1
54 4 1 55 12 1
29 35 1 30 45 1
55 0 1 56 7 1
35 40 1 36 47 1
19 8 1 20 16 1
53 5 1 54 15 1
49 48 2 59 49 2
20 7 2 27 8 2
22 28 2 29 29 2
22 55 2 27 56 2
12 55 2 15 56 2
13 53 2 23 54 2
40 6 2 43 7 2
34 42 2 37 43 2
34 28 2 40 29 2
35 44 2 42 45 2
7 54 2 14 55 2
10 10 2 14 11 2
46 54 2 56 55 2
32 18 2 42 19 2
19 6 2 24 7 2
43 25 2 47 26 2
6 41 2 12 42 2
46 27 2 53 28 2
5 43 2 9 44 2
46 58 2 55 59 2
26 24 2 35 25 2
45 15 2 53 16 2
46 39 2 54 40 2
7 36 2 15 37 2
41 35 3 42 42 3
45 13 3 46 23 3
37 26 3 38 31 3
7 37 3 8 45 3
54 50 3 55 55 3
39 12 3 40 21 3
20 50 3 21 53 3
22 5 3 23 11 3
58 19 3 59 22 3
44 12 3 45 20 3
19 37 3 20 43 3
38 45 3 39 53 3
2 39 3 3 44 3
57 54 3 58 58 3
40 0 3 41 4 3
44 5 3 45 8 3
27 19 3 28 27 3
32 22 3 33 25 3
21 9 3 22 12 3
34 12 3 35 22 3
9 21 3 10 24 3
49 21 3 50 29 3
46 49 3 47 59 3
23 34 3 24 37 3
0 43 4 6 44 4
44 3 4 53 4 4
42 41 4 47 42 4
0 16 4 9 17 4
52 16 4 58 17 4
42 19 4 47 20 4
27 40 4 34 41 4
37 31 4 41 32 4
50 13 4 57 14 4
11 16 4 17 17 4
8 41 4 14 42 4
34 45 4 43 46 4
15 34 4 25 35 4
33 43 4 38 44 4
39 38 4 49 39 4
54 5 4 59 6 4
8 47 4 13 48 4
33 14 4 38 15 4
23 17 4 26 18 4
22 46 4 26 47 4
8 31 4 18 32 4
12 27 4 19 28 4
21 24 4 29 25 4
28 39 4 33 40 4
38 26 5 39 34 5
26 27 5 27 31 5
20 34 5 21 42 5
11 18 5 12 27 5
19 28 5 20 35 5
34 35 5 35 45 5
48 33 5 49 41 5
1 29 5 2 32 5
51 23 5 52 27 5
46 8 5 47 11 5
53 14 5 54 22 5
13 0 5 14 3 5
24 7 5 25 16 5
21 5 5 22 13 5
55 0 5 56 4 5
13 7 5 14 12 5
30 22 5 31 26 5
28 40 5 29 49 5
14 54 5 15 58 5
6 22 5 7 30 5
26 0 5 27 10 5
45 34 5 46 40 5
36 3 5 37 12 5
14 28 5 15 33 5
Net_num 161
Net_id 0
pin_num 5
2 12 0
0 17 0
0 28 0
20 13 0
14 13 0
Net_id 1
pin_num 5
55 39 0
59 37 0
47 31 0
51 32 0
33 36 0
Net_id 2
pin_num 5
27 7 0
33 19 0
18 7 0
24 12 0
30 30 0
Net_id 3
pin_num 5
27 58 0
16 55 0
12 58 0
38 59 0
28 48 0
Net_id 4
pin_num 5
49 21 0
47 17 0
59 15 0
47 27 0
50 1 0
Net_id 5
pin_num 5
45 45 0
37 43 0
22 56 0
29 34 0
40 57 0
Net_id 6
pin_num 5
48 31 0
58 35 0
50 35 0
39 36 0
55 44 0
Net_id 7
pin_num 5
11 37 0
5 48 0
0 48 0
10 39 0
3 45 0
Net_id 8
pin_num 5
31 1 0
28 13 0
14 8 0
23 21 0
18 2 0
Net_id 9
pin_num 5
13 51 0
13 47 0
22 51 0
1 59 0
15 45 0
Net_id 10
pin_num 5
8 36 0
16 35 0
16 38 0
1 35 0
21 36 0
Net_id 11
pin_num 5
20 12 0
22 4 0
45 10 0
36 18 0
37 5 0
Net_id 12
pin_num 5
28 36 0
33 31 0
40 33 0
32 18 0
43 33 0
Net_id 13
pin_num 5
40 0 0
37 1 0
37 4 0
41 1 0
39 7 0
Net_id 14
pin_num 5
56 10 0
46 17 0
57 13 0
57 0 0
29 17 0
Net_id 15
pin_num 5
11 7 0
15 0 0
0 29 0
21 25 0
13 14 0
Net_id 16
pin_num 5
45 25 0
46 32 0
59 18 0
33 27 0
41 29 0
Net_id 17
pin_num 5
29 41 0
39 42 0
45 59 0
49 55 0
42 46 0
Net_id 18
pin_num 5
48 12 0
42 6 0
52 0 0
58 8 0
45 32 0
Net_id 19
pin_num 4
42 8 0
49 0 0
56 3 0
56 6 0
Net_id 20
pin_num 4
53 40 0
52 41 0
56 57 0
48 51 0
Net_id 21
pin_num 4
36 43 0
27 42 0
46 45 0
57 45 0
Net_id 22
pin_num 4
9 58 0
4 52 0
17 53 0
0 36 0
Net_id 23
pin_num 4
11 44 0
18 55 0
24 49 0
15 39 0
Net_id 24
pin_num 4
31 18 0
18 18 0
19 32 0
33 32 0
Net_id 25
pin_num 4
12 54 0
3 59 0
12 52 0
17 56 0
Net_id 26
pin_num 4
37 19 0
37 30 0
24 24 0
22 25 0
Net_id 27
pin_num 4
8 26 0
1 18 0
13 25 0
10 30 0
Net_id 28
pin_num 4
58 21 0
45 26 0
52 18 0
56 0 0
Net_id 29
pin_num 4
4 57 0
6 50 0
1 51 0
0 59 0
Net_id 30
pin_num 4
15 28 0
17 22 0
1 28 0
21 30 0
Net_id 31
pin_num 4
27 3 0
36 4 0
43 3 0
39 8 0
Net_id 32
pin_num 4
30 13 0
28 15 0
19 0 0
6 10 0
Net_id 33
pin_num 4
40 41 0
49 53 0
49 59 0
42 51 0
Net_id 34
pin_num 4
51 28 0
58 37 0
48 20 0
35 31 0
Net_id 35
pin_num 4
53 48 0
44 49 0
25 51 0
25 47 0
Net_id 36
pin_num 4
16 19 0
4 24 0
4 32 0
18 31 0
Net_id 37
pin_num 4
38 18 0
25 14 0
31 0 0
42 13 0
Net_id 38
pin_num 4
51 59 0
55 47 0
46 59 0
59 59 0
Net_id 39
pin_num 4
53 32 0
54 24 0
56 58 0
41 30 0
Net_id 40
pin_num 3
23 54 0
14 52 0
17 38 0
Net_id 41
pin_num 3
56 23 0
36 21 0
58 27 0
Net_id 42
pin_num 3
57 44 0
50 30 0
44 26 0
Net_id 43
pin_num 3
35 29 0
31 26 0
20 40 0
Net_id 44
pin_num 3
54 27 0
54 21 0
54 0 0
Net_id 45
pin_num 3
16 16 0
21 9 0
41 0 0
Net_id 46
pin_num 3
21 56 0
7 52 0
23 45 0
Net_id 47
pin_num 3
34 31 0
27 44 0
6 49 0
Net_id 48
pin_num 3
17 45 0
19 48 0
36 58 0
Net_id 49
pin_num 3
0 11 0
7 11 0
13 8 0
Net_id 50
pin_num 3
0 8 0
9 24 0
2 0 0
Net_id 51
pin_num 3
26 34 0
28 21 0
19 16 0
Net_id 52
pin_num 3
19 49 0
13 56 0
7 46 0
Net_id 53
pin_num 3
46 3 0
57 1 0
52 7 0
Net_id 54
pin_num 3
32 37 0
20 55 0
15 26 0
Net_id 55
pin_num 3
54 53 0
45 57 0
45 34 0
Net_id 56
pin_num 3
57 3 0
54 2 0
57 20 0
Net_id 57
pin_num 3
20 48 0
36 40 0
45 58 0
Net_id 58
pin_num 3
23 17 0
15 24 0
30 37 0
Net_id 59
pin_num 3
52 48 0
40 47 0
55 58 0
Net_id 60
pin_num 3
17 57 0
9 57 0
10 45 0
Net_id 61
pin_num 3
5 51 0
3 56 0
5 29 0
Net_id 62
pin_num 3
51 30 0
59 42 0
40 43 0
Net_id 63
pin_num 3
29 40 0
27 33 0
16 37 0
Net_id 64
pin_num 3
58 54 0
58 41 0
41 39 0
Net_id 65
pin_num 3
35 22 0
25 15 0
51 22 0
Net_id 66
pin_num 3
8 4 0
18 4 0
6 0 0
Net_id 67
pin_num 3
32 1 0
35 7 0
41 7 0
Net_id 68
pin_num 3
20 33 0
19 33 0
24 50 0
Net_id 69
pin_num 3
5 42 0
18 57 0
13 40 0
Net_id 70
pin_num 3
49 1 0
41 8 0
44 33 0
Net_id 71
pin_num 3
11 16 0
16 5 0
1 0 0
Net_id 72
pin_num 3
7 9 0
2 19 0
14 12 0
Net_id 73
pin_num 3
17 25 0
14 45 0
3 29 0
Net_id 74
pin_num 3
14 46 0
17 50 0
21 46 0
Net_id 75
pin_num 3
42 52 0
38 56 0
44 54 0
Net_id 76
pin_num 3
36 15 0
39 21 0
57 15 0
Net_id 77
pin_num 3
45 18 0
42 25 0
57 29 0
Net_id 78
pin_num 3
29 21 0
41 23 0
41 9 0
Net_id 79
pin_num 2
11 27 0
13 31 0
Net_id 80
pin_num 2
27 14 0
50 20 0
Net_id 81
pin_num 2
1 40 0
12 46 0
Net_id 82
pin_num 2
10 15 0
25 4 0
Net_id 83
pin_num 2
13 35 0
2 36 0
Net_id 84
pin_num 2
32 38 0
21 38 0
Net_id 85
pin_num 2
22 55 0
13 33 0
Net_id 86
pin_num 2
7 16 0
3 12 0
Net_id 87
pin_num 2
16 24 0
37 11 0
Net_id 88
pin_num 2
35 15 0
34 20 0
Net_id 89
pin_num 2
20 49 0
20 31 0
Net_id 90
pin_num 2
31 11 0
38 4 0
Net_id 91
pin_num 2
37 35 0
49 34 0
Net_id 92
pin_num 2
22 38 0
32 47 0
Net_id 93
pin_num 2
11 41 0
1 45 0
Net_id 94
pin_num 2
31 29 0
45 24 0
Net_id 95
pin_num 2
45 46 0
27 30 0
Net_id 96
pin_num 2
49 44 0
56 47 0
Net_id 97
pin_num 2
56 38 0
48 46 0
Net_id 98
pin_num 2
4 6 0
15 3 0
Net_id 99
pin_num 2
48 50 0
57 50 0
Net_id 100
pin_num 2
26 29 0
54 16 0
Net_id 101
pin_num 2
27 53 0
30 58 0
Net_id 102
pin_num 2
41 12 0
25 6 0
Net_id 103
pin_num 2
45 31 0
36 34 0
Net_id 104
pin_num 2
55 50 0
40 50 0
Net_id 105
pin_num 2
55 13 0
55 9 0
Net_id 106
pin_num 2
2 18 0
21 14 0
Net_id 107
pin_num 2
18 9 0
1 17 0
Net_id 108
pin_num 2
46 13 0
35 9 0
Net_id 109
pin_num 2
18 35 0
29 35 0
Net_id 110
pin_num 2
40 18 0
40 14 0
Net_id 111
pin_num 2
50 3 0
41 5 0
Net_id 112
pin_num 2
54 5 0
48 5 0
Net_id 113
pin_num 2
58 30 0
49 41 0
Net_id 114
pin_num 2
23 53 0
5 47 0
Net_id 115
pin_num 2
32 56 0
17 52 0
Net_id 116
pin_num 2
33 4 0
11 17 0
Net_id 117
pin_num 2
55 51 0
49 57 0
Net_id 118
pin_num 2
40 21 0
46 24 0
Net_id 119
pin_num 2
52 58 0
38 55 0
Net_id 120
pin_num 2
10 19 0
12 11 0
Net_id 121
pin_num 2
22 8 0
42 15 0
Net_id 122
pin_num 2
8 24 0
6 22 0
Net_id 123
pin_num 2
57 18 0
53 4 0
Net_id 124
pin_num 2
3 0 0
12 17 0
Net_id 125
pin_num 2
14 43 0
1 48 0
Net_id 126
pin_num 2
9 14 0
3 21 0
Net_id 127
pin_num 2
1 31 0
9 29 0
Net_id 128
pin_num 2
16 41 0
2 20 0
Net_id 129
pin_num 2
26 53 0
15 40 0
Net_id 130
pin_num 2
1 30 0
8 57 0
Net_id 131
pin_num 2
29 52 0
40 48 0
Net_id 132
pin_num 2
43 54 0
18 56 0
Net_id 133
pin_num 2
15 27 0
33 37 0
Net_id 134
pin_num 2
31 15 0
37 16 0
Net_id 135
pin_num 2
16 29 0
14 18 0
Net_id 136
pin_num 2
13 17 0
27 17 0
Net_id 137
pin_num 2
50 32 0
39 23 0
Net_id 138
pin_num 2
39 37 0
54 22 0
Net_id 139
pin_num 2
46 28 0
54 29 0
Net_id 140
pin_num 2
55 37 0
35 21 0
Net_id 141
pin_num 2
40 5 0
30 10 0
Net_id 142
pin_num 2
44 15 0
57 24 0
Net_id 143
pin_num 2
57 52 0
59 52 0
Net_id 144
pin_num 2
18 52 0
32 50 0
Net_id 145
pin_num 2
15 6 0
12 6 0
Net_id 146
pin_num 2
24 43 0
40 58 0
Net_id 147
pin_num 2
11 33 0
17 21 0
Net_id 148
pin_num 2
43 24 0
56 33 0
Net_id 149
pin_num 2
36 55 0
34 39 0
Net_id 150
pin_num 2
35 46 0
27 46 0
Net_id 151
pin_num 2
58 38 0
35 48 0
Net_id 152
pin_num 2
9 55 0
16 56 0
Net_id 153
pin_num 2
26 17 0
18 38 0
Net_id 154
pin_num 2
49 46 0
51 52 0
Net_id 155
pin_num 2
41 53 0
53 47 0
Net_id 156
pin_num 2
57 48 0
59 50 0
Net_id 157
pin_num 2
43 1 0
56 13 0
Net_id 158
pin_num 2
36 16 0
11 56 0
Net_id 159
pin_num 2
31 2 0
51 1 0
Net_id 160
pin_num 2
50 53 0
57 58 0
