Width 60
Height 60
Layer 6
Total_WL 6813
Obstacle_num 144
39 26 0 43 27 0
30 23 0 38 24 0
30 33 0 40 34 0
7 26 0 14 27 0
19 2 0 23 3 0
32 26 0 36 27 0
52 24 0 55 25 0
29 1 0 38 2 0
6 50 0 16 51 0
20 25 0 30 26 0
12 3 0 21 4 0
45 48 0 51 49 0
48 30 0 51 31 0
23 12 0 30 13 0
40 8 0 50 9 0
45 14 0 51 15 0
12 52 0 19 53 0
29 55 0 35 56 0
0 38 0 3 39 0
8 39 0 13 40 0
33 21 0 39 22 0
7 52 0 11 53 0
12 30 0 16 31 0
40 3 0 46 4 0
29 21 1 30 31 1
22 4 1 23 13 1
27 10 1 28 16 1
16 36 1 17 40 1
45 32 1 46 36 1
38 41 1 39 50 1
32 4 1 33 12 1
26 13 1 27 16 1
4 33 1 5 36 1
45 23 1 46 32 1
0 22 1 1 32 1
16 40 1 17 47 1
5 9 1 6 16 1
47 32 1 48 39 1
41 27 1 42 31 1
33 45 1 34 55 1
4 5 1 5 9 1
12 1 1 13 7 1
45 48 1 46 55 1
6 38 1 7 44 1
33 3 1 34 9 1
51 38 1 52 44 1
42 18 1 43 22 1
16 12 1 17 17 1
50 28 2 56 29 2
0 47 2 6 48 2
54 31 2 58 32 2
46 2 2 53 3 2
10 4 2 13 5 2
41 29 2 46 30 2
56 20 2 59 21 2
16 43 2 23 44 2
48 12 2 51 13 2
19 52 2 27 53 2
38 18 2 43 19 2
36 53 2 46 54 2
2 5 2 10 6 2
16 33 2 23 34 2
9 54 2 16 55 2
56 16 2 59 17 2
7 7 2 17 8 2
2 55 2 11 56 2
46 13 2 56 14 2
16 55 2 19 56 2
20 27 2 28 28 2
51 15 2 57 16 2
21 14 2 31 15 2
39 45 2 49 46 2
28 17 3 29 24 3
3 41 3 4 50 3
20 33 3 21 38 3
7 47 3 8 51 3
18 20 3 19 23 3
48 42 3 49 50 3
23 12 3 24 17 3
54 31 3 55 34 3
38 2 3 39 5 3
55 31 3 56 36 3
4 5 3 5 15 3
20 52 3 21 57 3
39 37 3 40 42 3
33 47 3 34 50 3
12 8 3 13 17 3
18 26 3 19 35 3
32 49 3 33 54 3
1 9 3 2 15 3
28 14 3 29 17 3
4 18 3 5 24 3
28 27 3 29 37 3
23 17 3 24 24 3
21 11 3 22 21 3
54 34 3 55 37 3
46 17 4 52 18 4
9 48 4 12 49 4
47 35 4 51 36 4
25 19 4 32 20 4
28 47 4 33 48 4
9 8 4 17 9 4
27 35 4 34 36 4
16 1 4 20 2 4
27 30 4 34 31 4
28 3 4 38 4 4
41 39 4 51 40 4
55 36 4 58 37 4
34 29 4 39 30 4
48 27 4 53 28 4
17 0 4 27 1 4
27 51 4 35 52 4
3 28 4 12 29 4
31 40 4 39 41 4
52 26 4 57 27 4
52 22 4 56 23 4
9 27 4 12 28 4
39 20 4 43 21 4
12 57 4 17 58 4
29 56 4 34 57 4
22 49 5 23 56 5
18 7 5 19 15 5
58 38 5 59 47 5
40 52 5 41 55 5
12 12 5 13 22 5
44 18 5 45 21 5
42 2 5 43 5 5
6 43 5 7 50 5
7 18 5 8 28 5
29 30 5 30 35 5
17 28 5 18 35 5
38 34 5 39 40 5
37 38 5 38 41 5
3 42 5 4 49 5
7 49 5 8 55 5
40 42 5 41 50 5
4 50 5 5 54 5
28 22 5 29 27 5
32 49 5 33 58 5
47 41 5 48 51 5
5 51 5 6 59 5
27 8 5 28 15 5
20 4 5 21 9 5
43 22 5 44 27 5
Net_num 156
Net_id 0
pin_num 5
47 37 0
36 37 0
37 50 0
54 37 0
40 44 0
Net_id 1
pin_num 5
22 18 0
9 23 0
39 13 0
0 32 0
11 17 0
Net_id 2
pin_num 5
52 47 0
57 55 0
41 44 0
59 42 0
48 55 0
Net_id 3
pin_num 5
51 3 0
57 8 0
59 3 0
31 8 0
37 5 0
Net_id 4
pin_num 5
26 30 0
27 32 0
27 50 0
12 31 0
10 35 0
Net_id 5
pin_num 5
43 25 0
46 29 0
46 21 0
46 38 0
47 13 0
Net_id 6
pin_num 5
26 51 0
35 51 0
42 59 0
34 41 0
26 59 0
Net_id 7
pin_num 5
32 36 0
21 44 0
28 35 0
13 37 0
14 23 0
Net_id 8
pin_num 5
30 50 0
24 59 0
26 33 0
17 53 0
17 48 0
Net_id 9
pin_num 5
24 10 0
29 15 0
36 0 0
39 1 0
22 13 0
Net_id 10
pin_num 5
25 28 0
39 28 0
6 28 0
5 28 0
20 41 0
Net_id 11
pin_num 5
49 45 0
57 50 0
30 48 0
56 54 0
56 46 0
Net_id 12
pin_num 5
13 9 0
8 9 0
17 22 0
11 0 0
28 6 0
Net_id 13
pin_num 5
2 47 0
4 52 0
24 51 0
17 46 0
39 46 0
Net_id 14
pin_num 5
20 57 0
10 59 0
12 48 0
7 51 0
18 51 0
Net_id 15
pin_num 5
29 23 0
24 32 0
18 29 0
22 42 0
37 35 0
Net_id 16
pin_num 5
2 58 0
19 55 0
8 51 0
17 54 0
19 39 0
Net_id 17
pin_num 5
16 12 0
23 6 0
30 0 0
6 6 0
21 9 0
Net_id 18
pin_num 5
26 55 0
19 59 0
38 56 0
20 45 0
20 58 0
Net_id 19
pin_num 5
55 4 0
55 9 0
59 23 0
57 17 0
45 18 0
Net_id 20
pin_num 4
5 56 0
16 50 0
26 37 0
0 50 0
Net_id 21
pin_num 4
58 59 0
59 55 0
57 59 0
50 47 0
Net_id 22
pin_num 4
36 43 0
48 33 0
58 36 0
18 40 0
Net_id 23
pin_num 4
39 54 0
30 54 0
46 51 0
26 58 0
Net_id 24
pin_num 4
5 53 0
14 59 0
13 49 0
2 57 0
Net_id 25
pin_num 4
37 6 0
44 6 0
53 0 0
59 2 0
Net_id 26
pin_num 4
32 12 0
32 25 0
37 0 0
39 19 0
Net_id 27
pin_num 4
32 35 0
41 40 0
46 45 0
38 18 0
Net_id 28
pin_num 4
24 38 0
45 36 0
10 38 0
14 51 0
Net_id 29
pin_num 4
30 52 0
35 52 0
25 59 0
29 39 0
Net_id 30
pin_num 4
30 35 0
25 45 0
21 57 0
41 57 0
Net_id 31
pin_num 4
10 8 0
23 2 0
10 10 0
0 6 0
Net_id 32
pin_num 4
43 55 0
45 56 0
56 52 0
54 41 0
Net_id 33
pin_num 4
43 54 0
54 58 0
59 52 0
58 46 0
Net_id 34
pin_num 4
32 40 0
31 41 0
33 17 0
15 24 0
Net_id 35
pin_num 4
24 35 0
30 27 0
28 44 0
36 32 0
Net_id 36
pin_num 4
49 11 0
42 11 0
47 6 0
59 16 0
Net_id 37
pin_num 4
25 9 0
31 4 0
45 4 0
35 9 0
Net_id 38
pin_num 4
8 36 0
0 43 0
23 43 0
3 19 0
Net_id 39
pin_num 3
55 51 0
28 54 0
56 56 0
Net_id 40
pin_num 3
6 40 0
17 35 0
27 52 0
Net_id 41
pin_num 3
42 12 0
36 8 0
53 12 0
Net_id 42
pin_num 3
5 51 0
9 49 0
16 58 0
Net_id 43
pin_num 3
53 35 0
43 23 0
43 46 0
Net_id 44
pin_num 3
30 37 0
41 25 0
43 26 0
Net_id 45
pin_num 3
4 9 0
2 13 0
28 11 0
Net_id 46
pin_num 3
28 20 0
53 16 0
38 1 0
Net_id 47
pin_num 3
53 33 0
57 27 0
46 41 0
Net_id 48
pin_num 3
46 18 0
57 21 0
32 21 0
Net_id 49
pin_num 3
28 21 0
19 36 0
30 36 0
Net_id 50
pin_num 3
26 21 0
42 34 0
56 28 0
Net_id 51
pin_num 3
42 10 0
58 3 0
10 17 0
Net_id 52
pin_num 3
49 55 0
53 56 0
56 45 0
Net_id 53
pin_num 3
30 14 0
17 32 0
53 17 0
Net_id 54
pin_num 3
15 17 0
24 19 0
19 9 0
Net_id 55
pin_num 3
21 23 0
13 4 0
0 9 0
Net_id 56
pin_num 3
36 36 0
43 39 0
59 35 0
Net_id 57
pin_num 3
36 50 0
37 48 0
18 58 0
Net_id 58
pin_num 3
13 1 0
21 1 0
0 7 0
Net_id 59
pin_num 3
45 24 0
40 29 0
23 20 0
Net_id 60
pin_num 3
44 26 0
53 29 0
51 1 0
Net_id 61
pin_num 3
25 4 0
9 4 0
7 3 0
Net_id 62
pin_num 3
56 26 0
44 40 0
44 50 0
Net_id 63
pin_num 3
1 58 0
11 52 0
1 19 0
Net_id 64
pin_num 3
18 11 0
6 1 0
7 22 0
Net_id 65
pin_num 3
56 12 0
49 15 0
50 2 0
Net_id 66
pin_num 3
14 18 0
8 15 0
21 16 0
Net_id 67
pin_num 3
41 1 0
52 19 0
58 17 0
Net_id 68
pin_num 3
37 39 0
41 29 0
34 30 0
Net_id 69
pin_num 3
38 51 0
42 57 0
49 58 0
Net_id 70
pin_num 3
31 10 0
23 7 0
20 9 0
Net_id 71
pin_num 3
0 27 0
6 17 0
18 22 0
Net_id 72
pin_num 3
37 58 0
28 41 0
57 56 0
Net_id 73
pin_num 3
44 19 0
50 10 0
55 16 0
Net_id 74
pin_num 3
53 19 0
58 22 0
55 34 0
Net_id 75
pin_num 2
23 11 0
15 16 0
Net_id 76
pin_num 2
37 14 0
16 19 0
Net_id 77
pin_num 2
16 33 0
3 44 0
Net_id 78
pin_num 2
44 41 0
31 46 0
Net_id 79
pin_num 2
0 33 0
15 25 0
Net_id 80
pin_num 2
15 13 0
39 35 0
Net_id 81
pin_num 2
10 41 0
4 49 0
Net_id 82
pin_num 2
4 21 0
2 26 0
Net_id 83
pin_num 2
22 24 0
9 42 0
Net_id 84
pin_num 2
48 56 0
35 58 0
Net_id 85
pin_num 2
37 9 0
30 31 0
Net_id 86
pin_num 2
25 42 0
2 48 0
Net_id 87
pin_num 2
43 22 0
57 3 0
Net_id 88
pin_num 2
49 4 0
59 27 0
Net_id 89
pin_num 2
3 1 0
3 0 0
Net_id 90
pin_num 2
19 34 0
35 39 0
Net_id 91
pin_num 2
41 23 0
39 25 0
Net_id 92
pin_num 2
26 44 0
13 32 0
Net_id 93
pin_num 2
38 25 0
19 8 0
Net_id 94
pin_num 2
31 2 0
9 2 0
Net_id 95
pin_num 2
43 43 0
49 34 0
Net_id 96
pin_num 2
18 7 0
30 11 0
Net_id 97
pin_num 2
26 32 0
4 37 0
Net_id 98
pin_num 2
26 7 0
7 4 0
Net_id 99
pin_num 2
35 27 0
44 27 0
Net_id 100
pin_num 2
51 34 0
58 34 0
Net_id 101
pin_num 2
15 36 0
2 43 0
Net_id 102
pin_num 2
37 13 0
53 38 0
Net_id 103
pin_num 2
59 1 0
50 7 0
Net_id 104
pin_num 2
57 28 0
59 30 0
Net_id 105
pin_num 2
10 24 0
18 39 0
Net_id 106
pin_num 2
41 59 0
36 45 0
Net_id 107
pin_num 2
14 12 0
4 1 0
Net_id 108
pin_num 2
19 19 0
30 41 0
Net_id 109
pin_num 2
26 52 0
44 42 0
Net_id 110
pin_num 2
4 29 0
2 14 0
Net_id 111
pin_num 2
22 49 0
15 37 0
Net_id 112
pin_num 2
10 19 0
1 6 0
Net_id 113
pin_num 2
46 3 0
23 5 0
Net_id 114
pin_num 2
55 49 0
41 56 0
Net_id 115
pin_num 2
17 56 0
2 53 0
Net_id 116
pin_num 2
22 46 0
30 46 0
Net_id 117
pin_num 2
7 24 0
0 21 0
Net_id 118
pin_num 2
9 31 0
12 41 0
Net_id 119
pin_num 2
13 16 0
6 18 0
Net_id 120
pin_num 2
24 9 0
40 2 0
Net_id 121
pin_num 2
33 18 0
39 31 0
Net_id 122
pin_num 2
12 45 0
16 53 0
Net_id 123
pin_num 2
56 11 0
45 20 0
Net_id 124
pin_num 2
56 35 0
59 28 0
Net_id 125
pin_num 2
3 37 0
2 34 0
Net_id 126
pin_num 2
47 34 0
31 45 0
Net_id 127
pin_num 2
19 5 0
22 1 0
Net_id 128
pin_num 2
41 16 0
43 14 0
Net_id 129
pin_num 2
2 30 0
5 38 0
Net_id 130
pin_num 2
0 13 0
5 29 0
Net_id 131
pin_num 2
46 53 0
28 55 0
Net_id 132
pin_num 2
45 17 0
40 32 0
Net_id 133
pin_num 2
36 16 0
40 25 0
Net_id 134
pin_num 2
41 11 0
27 7 0
Net_id 135
pin_num 2
1 49 0
5 58 0
Net_id 136
pin_num 2
47 2 0
54 16 0
Net_id 137
pin_num 2
25 27 0
12 23 0
Net_id 138
pin_num 2
23 3 0
14 9 0
Net_id 139
pin_num 2
1 32 0
21 47 0
Net_id 140
pin_num 2
49 41 0
57 46 0
Net_id 141
pin_num 2
2 16 0
40 28 0
Net_id 142
pin_num 2
34 0 0
58 19 0
Net_id 143
pin_num 2
58 39 0
58 37 0
Net_id 144
pin_num 2
59 53 0
35 16 0
Net_id 145
pin_num 2
6 0 0
0 8 0
Net_id 146
pin_num 2
3 52 0
0 46 0
Net_id 147
pin_num 2
47 9 0
26 1 0
Net_id 148
pin_num 2
37 17 0
24 47 0
Net_id 149
pin_num 2
10 15 0
26 24 0
Net_id 150
pin_num 2
51 24 0
25 21 0
Net_id 151
pin_num 2
8 2 0
3 16 0
Net_id 152
pin_num 2
18 59 0
10 37 0
Net_id 153
pin_num 2
44 2 0
31 42 0
Net_id 154
pin_num 2
12 37 0
15 32 0
Net_id 155
pin_num 2
27 34 0
34 34 0
