Width 60
Height 60
Layer 6
Total_WL 6782
Obstacle_num 144
2 23 0 12 24 0
32 41 0 37 42 0
40 27 0 45 28 0
22 23 0 32 24 0
8 20 0 15 21 0
44 50 0 48 51 0
48 39 0 53 40 0
44 1 0 48 2 0
16 22 0 21 23 0
47 14 0 54 15 0
4 48 0 10 49 0
48 25 0 55 26 0
43 44 0 53 45 0
6 15 0 16 16 0
50 50 0 58 51 0
5 6 0 12 7 0
23 46 0 28 47 0
46 35 0 50 36 0
36 20 0 44 21 0
20 53 0 27 54 0
16 44 0 22 45 0
40 39 0 45 40 0
47 4 0 55 5 0
4 44 0 11 45 0
12 31 1 13 38 1
51 24 1 52 32 1
27 11 1 28 17 1
6 36 1 7 41 1
34 13 1 35 17 1
38 14 1 39 23 1
27 20 1 28 29 1
47 29 1 48 35 1
29 12 1 30 18 1
57 19 1 58 23 1
15 15 1 16 18 1
32 35 1 33 43 1
16 37 1 17 40 1
48 39 1 49 46 1
42 37 1 43 42 1
58 20 1 59 26 1
22 48 1 23 58 1
49 31 1 50 39 1
18 21 1 19 29 1
7 31 1 8 38 1
53 10 1 54 18 1
16 41 1 17 51 1
32 26 1 33 35 1
54 2 1 55 7 1
24 40 2 31 41 2
43 8 2 46 9 2
44 0 2 54 1 2
9 41 2 16 42 2
31 39 2 35 40 2
34 46 2 42 47 2
48 25 2 56 26 2
26 5 2 33 6 2
27 22 2 33 23 2
54 31 2 59 32 2
49 19 2 59 20 2
39 16 2 44 17 2
54 44 2 59 45 2
8 8 2 14 9 2
19 48 2 26 49 2
49 24 2 56 25 2
44 51 2 51 52 2
1 35 2 7 36 2
8 12 2 18 13 2
52 15 2 56 16 2
49 30 2 59 31 2
27 54 2 35 55 2
6 21 2 13 22 2
24 18 2 29 19 2
6 24 3 7 28 3
50 55 3 51 58 3
57 0 3 58 10 3
34 15 3 35 18 3
29 46 3 30 50 3
47 9 3 48 17 3
38 18 3 39 25 3
46 24 3 47 32 3
54 27 3 55 33 3
41 13 3 42 17 3
40 36 3 41 39 3
20 51 3 21 58 3
31 40 3 32 45 3
8 33 3 9 39 3
31 4 3 32 14 3
31 49 3 32 56 3
41 36 3 42 43 3
35 44 3 36 52 3
57 26 3 58 33 3
21 42 3 22 52 3
56 9 3 57 17 3
53 50 3 54 57 3
17 34 3 18 41 3
6 41 3 7 47 3
14 40 4 21 41 4
17 38 4 26 39 4
4 32 4 12 33 4
49 0 4 55 1 4
12 49 4 18 50 4
4 48 4 12 49 4
34 24 4 39 25 4
25 21 4 33 22 4
32 9 4 39 10 4
20 47 4 25 48 4
2 49 4 9 50 4
10 55 4 19 56 4
28 23 4 34 24 4
22 2 4 31 3 4
25 53 4 33 54 4
49 19 4 52 20 4
4 53 4 14 54 4
50 31 4 55 32 4
33 21 4 41 22 4
29 15 4 35 16 4
12 4 4 22 5 4
56 51 4 59 52 4
5 29 4 11 30 4
22 28 4 26 29 4
5 44 5 6 53 5
22 48 5 23 58 5
58 38 5 59 47 5
5 10 5 6 15 5
16 2 5 17 7 5
51 25 5 52 28 5
46 33 5 47 36 5
40 7 5 41 13 5
8 20 5 9 30 5
10 39 5 11 47 5
7 14 5 8 20 5
58 47 5 59 55 5
12 12 5 13 22 5
48 25 5 49 33 5
25 45 5 26 55 5
54 23 5 55 30 5
0 6 5 1 15 5
35 38 5 36 47 5
25 25 5 26 31 5
20 44 5 21 48 5
39 10 5 40 20 5
28 51 5 29 57 5
3 1 5 4 7 5
35 53 5 36 57 5
Net_num 158
Net_id 0
pin_num 5
15 20 0
27 20 0
25 43 0
44 36 0
48 30 0
Net_id 1
pin_num 5
55 7 0
49 3 0
35 1 0
59 7 0
39 23 0
Net_id 2
pin_num 5
17 57 0
5 57 0
0 51 0
7 49 0
5 46 0
Net_id 3
pin_num 5
7 27 0
3 28 0
3 3 0
5 22 0
5 45 0
Net_id 4
pin_num 5
57 19 0
59 6 0
50 7 0
59 30 0
54 17 0
Net_id 5
pin_num 5
3 52 0
0 50 0
21 57 0
0 37 0
15 45 0
Net_id 6
pin_num 5
25 18 0
37 18 0
34 17 0
33 38 0
13 26 0
Net_id 7
pin_num 5
43 11 0
36 11 0
40 30 0
42 0 0
28 15 0
Net_id 8
pin_num 5
25 0 0
25 3 0
18 0 0
31 0 0
22 13 0
Net_id 9
pin_num 5
10 53 0
2 56 0
19 57 0
9 56 0
27 56 0
Net_id 10
pin_num 5
13 36 0
15 44 0
14 32 0
23 36 0
18 33 0
Net_id 11
pin_num 5
41 47 0
49 42 0
49 29 0
36 40 0
30 39 0
Net_id 12
pin_num 5
35 7 0
32 4 0
15 6 0
45 4 0
19 6 0
Net_id 13
pin_num 5
22 42 0
14 42 0
14 52 0
27 52 0
34 59 0
Net_id 14
pin_num 5
45 14 0
52 6 0
34 4 0
49 21 0
46 4 0
Net_id 15
pin_num 5
33 33 0
39 37 0
25 34 0
39 33 0
15 35 0
Net_id 16
pin_num 5
0 38 0
15 38 0
8 52 0
1 49 0
6 51 0
Net_id 17
pin_num 5
36 54 0
39 53 0
52 53 0
47 54 0
52 59 0
Net_id 18
pin_num 5
59 1 0
53 18 0
45 0 0
35 2 0
43 18 0
Net_id 19
pin_num 4
38 2 0
40 8 0
26 0 0
54 2 0
Net_id 20
pin_num 4
34 12 0
32 9 0
47 12 0
53 12 0
Net_id 21
pin_num 4
53 17 0
52 13 0
35 19 0
50 28 0
Net_id 22
pin_num 4
25 14 0
32 23 0
30 4 0
13 4 0
Net_id 23
pin_num 4
32 48 0
31 58 0
36 55 0
37 56 0
Net_id 24
pin_num 4
53 13 0
52 10 0
32 13 0
36 24 0
Net_id 25
pin_num 4
39 44 0
41 41 0
29 44 0
31 53 0
Net_id 26
pin_num 4
26 9 0
30 5 0
30 0 0
21 8 0
Net_id 27
pin_num 4
18 15 0
14 13 0
16 32 0
8 18 0
Net_id 28
pin_num 4
39 56 0
48 58 0
59 56 0
45 37 0
Net_id 29
pin_num 4
26 8 0
41 5 0
39 18 0
51 11 0
Net_id 30
pin_num 4
13 9 0
16 13 0
25 5 0
18 19 0
Net_id 31
pin_num 4
54 15 0
48 11 0
59 9 0
58 29 0
Net_id 32
pin_num 4
2 33 0
8 22 0
25 37 0
15 33 0
Net_id 33
pin_num 4
14 59 0
2 58 0
3 44 0
3 29 0
Net_id 34
pin_num 4
46 27 0
47 19 0
47 7 0
58 32 0
Net_id 35
pin_num 4
24 21 0
48 5 0
37 10 0
26 42 0
Net_id 36
pin_num 4
41 22 0
41 31 0
35 24 0
48 24 0
Net_id 37
pin_num 4
40 23 0
48 32 0
42 10 0
42 8 0
Net_id 38
pin_num 3
55 39 0
53 34 0
59 53 0
Net_id 39
pin_num 3
2 17 0
11 19 0
0 4 0
Net_id 40
pin_num 3
6 18 0
2 29 0
24 36 0
Net_id 41
pin_num 3
0 54 0
13 58 0
24 54 0
Net_id 42
pin_num 3
26 38 0
34 32 0
1 33 0
Net_id 43
pin_num 3
49 46 0
36 56 0
47 49 0
Net_id 44
pin_num 3
45 10 0
57 23 0
59 5 0
Net_id 45
pin_num 3
47 58 0
24 51 0
35 38 0
Net_id 46
pin_num 3
43 30 0
46 31 0
42 55 0
Net_id 47
pin_num 3
41 1 0
44 19 0
56 0 0
Net_id 48
pin_num 3
34 52 0
23 55 0
26 17 0
Net_id 49
pin_num 3
32 16 0
29 1 0
32 14 0
Net_id 50
pin_num 3
30 31 0
40 35 0
29 54 0
Net_id 51
pin_num 3
11 4 0
28 2 0
37 19 0
Net_id 52
pin_num 3
22 25 0
38 25 0
0 26 0
Net_id 53
pin_num 3
49 10 0
55 22 0
58 14 0
Net_id 54
pin_num 3
44 16 0
59 31 0
54 33 0
Net_id 55
pin_num 3
18 46 0
49 43 0
27 10 0
Net_id 56
pin_num 3
47 28 0
53 21 0
56 11 0
Net_id 57
pin_num 3
51 26 0
45 27 0
52 28 0
Net_id 58
pin_num 3
31 39 0
39 39 0
40 47 0
Net_id 59
pin_num 3
22 52 0
13 40 0
28 48 0
Net_id 60
pin_num 3
23 12 0
33 10 0
20 3 0
Net_id 61
pin_num 3
20 58 0
10 51 0
3 50 0
Net_id 62
pin_num 3
31 22 0
41 10 0
56 5 0
Net_id 63
pin_num 3
56 3 0
54 22 0
47 20 0
Net_id 64
pin_num 3
18 32 0
7 39 0
9 55 0
Net_id 65
pin_num 3
40 10 0
50 3 0
14 6 0
Net_id 66
pin_num 3
48 52 0
58 35 0
55 31 0
Net_id 67
pin_num 3
25 50 0
36 57 0
33 51 0
Net_id 68
pin_num 3
13 22 0
4 28 0
12 36 0
Net_id 69
pin_num 3
16 18 0
4 29 0
19 15 0
Net_id 70
pin_num 3
31 41 0
18 41 0
24 47 0
Net_id 71
pin_num 3
47 38 0
38 38 0
57 32 0
Net_id 72
pin_num 3
55 37 0
37 5 0
56 39 0
Net_id 73
pin_num 3
52 11 0
57 40 0
46 37 0
Net_id 74
pin_num 3
55 48 0
42 7 0
40 41 0
Net_id 75
pin_num 3
37 42 0
45 28 0
53 48 0
Net_id 76
pin_num 3
26 1 0
34 11 0
56 6 0
Net_id 77
pin_num 2
33 29 0
4 37 0
Net_id 78
pin_num 2
41 24 0
28 37 0
Net_id 79
pin_num 2
54 26 0
55 30 0
Net_id 80
pin_num 2
17 34 0
2 43 0
Net_id 81
pin_num 2
54 20 0
45 23 0
Net_id 82
pin_num 2
44 47 0
59 59 0
Net_id 83
pin_num 2
14 0 0
10 1 0
Net_id 84
pin_num 2
44 32 0
24 31 0
Net_id 85
pin_num 2
24 3 0
7 0 0
Net_id 86
pin_num 2
38 55 0
27 53 0
Net_id 87
pin_num 2
29 15 0
51 9 0
Net_id 88
pin_num 2
31 32 0
17 46 0
Net_id 89
pin_num 2
39 30 0
22 19 0
Net_id 90
pin_num 2
24 28 0
6 16 0
Net_id 91
pin_num 2
9 5 0
15 5 0
Net_id 92
pin_num 2
54 18 0
56 25 0
Net_id 93
pin_num 2
7 22 0
0 16 0
Net_id 94
pin_num 2
35 28 0
43 28 0
Net_id 95
pin_num 2
13 47 0
13 41 0
Net_id 96
pin_num 2
50 59 0
52 58 0
Net_id 97
pin_num 2
23 49 0
32 56 0
Net_id 98
pin_num 2
8 55 0
2 41 0
Net_id 99
pin_num 2
46 18 0
55 40 0
Net_id 100
pin_num 2
47 56 0
46 59 0
Net_id 101
pin_num 2
28 32 0
11 28 0
Net_id 102
pin_num 2
53 0 0
57 11 0
Net_id 103
pin_num 2
3 48 0
9 28 0
Net_id 104
pin_num 2
3 37 0
2 50 0
Net_id 105
pin_num 2
32 49 0
50 58 0
Net_id 106
pin_num 2
20 47 0
23 50 0
Net_id 107
pin_num 2
0 44 0
9 58 0
Net_id 108
pin_num 2
40 50 0
59 54 0
Net_id 109
pin_num 2
33 11 0
28 10 0
Net_id 110
pin_num 2
6 28 0
11 2 0
Net_id 111
pin_num 2
44 41 0
55 36 0
Net_id 112
pin_num 2
58 49 0
44 53 0
Net_id 113
pin_num 2
13 49 0
21 51 0
Net_id 114
pin_num 2
15 30 0
29 42 0
Net_id 115
pin_num 2
1 45 0
6 43 0
Net_id 116
pin_num 2
41 37 0
55 47 0
Net_id 117
pin_num 2
14 50 0
22 34 0
Net_id 118
pin_num 2
51 30 0
56 23 0
Net_id 119
pin_num 2
27 45 0
30 43 0
Net_id 120
pin_num 2
20 56 0
28 53 0
Net_id 121
pin_num 2
19 51 0
2 55 0
Net_id 122
pin_num 2
52 36 0
48 21 0
Net_id 123
pin_num 2
55 54 0
59 55 0
Net_id 124
pin_num 2
18 27 0
33 31 0
Net_id 125
pin_num 2
59 41 0
52 54 0
Net_id 126
pin_num 2
37 45 0
48 31 0
Net_id 127
pin_num 2
47 23 0
35 20 0
Net_id 128
pin_num 2
29 47 0
25 49 0
Net_id 129
pin_num 2
36 0 0
22 14 0
Net_id 130
pin_num 2
51 27 0
53 35 0
Net_id 131
pin_num 2
38 29 0
34 24 0
Net_id 132
pin_num 2
33 28 0
19 40 0
Net_id 133
pin_num 2
19 56 0
6 52 0
Net_id 134
pin_num 2
53 40 0
50 34 0
Net_id 135
pin_num 2
5 8 0
9 8 0
Net_id 136
pin_num 2
33 20 0
30 10 0
Net_id 137
pin_num 2
31 13 0
19 5 0
Net_id 138
pin_num 2
47 55 0
53 36 0
Net_id 139
pin_num 2
8 7 0
20 7 0
Net_id 140
pin_num 2
22 1 0
33 14 0
Net_id 141
pin_num 2
0 7 0
19 23 0
Net_id 142
pin_num 2
5 3 0
5 1 0
Net_id 143
pin_num 2
6 26 0
35 5 0
Net_id 144
pin_num 2
15 27 0
20 38 0
Net_id 145
pin_num 2
24 42 0
17 59 0
Net_id 146
pin_num 2
27 24 0
32 43 0
Net_id 147
pin_num 2
14 16 0
6 31 0
Net_id 148
pin_num 2
0 17 0
13 6 0
Net_id 149
pin_num 2
1 10 0
6 3 0
Net_id 150
pin_num 2
23 39 0
18 38 0
Net_id 151
pin_num 2
11 44 0
31 24 0
Net_id 152
pin_num 2
43 22 0
39 29 0
Net_id 153
pin_num 2
31 47 0
23 38 0
Net_id 154
pin_num 2
32 26 0
51 37 0
Net_id 155
pin_num 2
8 47 0
4 43 0
Net_id 156
pin_num 2
20 50 0
24 55 0
Net_id 157
pin_num 2
46 56 0
44 52 0
