Width 60
Height 60
Layer 6
Total_WL 6877
Obstacle_num 144
21 10 0 26 11 0
49 20 0 52 21 0
36 56 0 41 57 0
45 39 0 50 40 0
29 2 0 34 3 0
24 20 0 28 21 0
28 3 0 32 4 0
18 51 0 28 52 0
48 48 0 53 49 0
41 37 0 48 38 0
31 23 0 36 24 0
9 38 0 18 39 0
22 37 0 25 38 0
6 37 0 9 38 0
21 18 0 28 19 0
41 48 0 45 49 0
53 26 0 57 27 0
19 19 0 25 20 0
18 12 0 21 13 0
44 43 0 48 44 0
2 25 0 9 26 0
8 46 0 15 47 0
1 18 0 9 19 0
23 22 0 27 23 0
48 3 1 49 12 1
56 34 1 57 44 1
29 6 1 30 9 1
24 1 1 25 8 1
0 28 1 1 36 1
23 8 1 24 17 1
40 6 1 41 13 1
46 31 1 47 41 1
5 12 1 6 20 1
53 5 1 54 13 1
5 25 1 6 29 1
0 8 1 1 18 1
53 23 1 54 28 1
31 22 1 32 31 1
43 25 1 44 29 1
13 14 1 14 24 1
51 44 1 52 48 1
44 32 1 45 35 1
58 22 1 59 26 1
34 43 1 35 52 1
6 37 1 7 44 1
51 24 1 52 32 1
12 25 1 13 28 1
55 31 1 56 41 1
27 42 2 34 43 2
30 34 2 35 35 2
8 18 2 16 19 2
38 11 2 42 12 2
13 2 2 16 3 2
29 49 2 32 50 2
47 27 2 54 28 2
4 57 2 8 58 2
47 35 2 56 36 2
0 54 2 5 55 2
54 33 2 59 34 2
27 34 2 30 35 2
33 22 2 39 23 2
15 36 2 21 37 2
44 39 2 51 40 2
54 27 2 57 28 2
54 38 2 59 39 2
4 37 2 7 38 2
26 55 2 31 56 2
10 43 2 20 44 2
1 55 2 7 56 2
32 40 2 36 41 2
36 53 2 45 54 2
24 25 2 32 26 2
13 34 3 14 44 3
1 48 3 2 51 3
16 41 3 17 48 3
15 32 3 16 37 3
26 31 3 27 37 3
43 39 3 44 46 3
16 50 3 17 58 3
47 38 3 48 41 3
16 22 3 17 30 3
5 39 3 6 46 3
38 13 3 39 17 3
57 37 3 58 47 3
28 5 3 29 14 3
45 6 3 46 16 3
43 8 3 44 13 3
46 9 3 47 14 3
13 23 3 14 28 3
12 22 3 13 28 3
34 40 3 35 44 3
24 48 3 25 51 3
26 4 3 27 14 3
5 48 3 6 52 3
33 19 3 34 24 3
4 44 3 5 47 3
17 7 4 20 8 4
46 58 4 54 59 4
7 5 4 11 6 4
19 46 4 22 47 4
28 17 4 31 18 4
38 49 4 48 50 4
10 23 4 15 24 4
48 36 4 57 37 4
1 6 4 11 7 4
21 16 4 31 17 4
19 38 4 27 39 4
9 37 4 14 38 4
50 35 4 54 36 4
52 43 4 58 44 4
20 50 4 26 51 4
2 48 4 12 49 4
46 22 4 53 23 4
55 30 4 59 31 4
34 29 4 43 30 4
3 19 4 13 20 4
18 9 4 23 10 4
26 5 4 30 6 4
34 7 4 40 8 4
11 31 4 18 32 4
2 43 5 3 53 5
12 21 5 13 27 5
19 54 5 20 57 5
2 31 5 3 38 5
37 31 5 38 36 5
27 37 5 28 46 5
14 26 5 15 36 5
56 36 5 57 40 5
48 33 5 49 41 5
30 16 5 31 20 5
11 28 5 12 38 5
46 23 5 47 29 5
55 4 5 56 9 5
50 4 5 51 14 5
45 19 5 46 26 5
14 0 5 15 6 5
2 53 5 3 59 5
58 46 5 59 54 5
0 20 5 1 24 5
56 25 5 57 30 5
55 24 5 56 32 5
4 25 5 5 30 5
39 29 5 40 32 5
45 47 5 46 51 5
Net_num 157
Net_id 0
pin_num 5
54 19 0
59 16 0
58 0 0
49 10 0
57 0 0
Net_id 1
pin_num 5
22 54 0
30 53 0
16 59 0
19 45 0
25 46 0
Net_id 2
pin_num 5
3 10 0
3 15 0
0 18 0
1 19 0
3 22 0
Net_id 3
pin_num 5
36 28 0
46 28 0
59 32 0
39 30 0
53 50 0
Net_id 4
pin_num 5
37 20 0
28 16 0
28 8 0
25 17 0
29 0 0
Net_id 5
pin_num 5
28 1 0
27 4 0
17 2 0
18 9 0
22 23 0
Net_id 6
pin_num 5
28 48 0
32 35 0
32 56 0
35 38 0
21 38 0
Net_id 7
pin_num 5
51 12 0
57 3 0
30 12 0
52 5 0
57 24 0
Net_id 8
pin_num 5
28 15 0
25 28 0
49 16 0
1 20 0
17 34 0
Net_id 9
pin_num 5
6 14 0
4 0 0
4 24 0
2 15 0
9 17 0
Net_id 10
pin_num 5
17 6 0
14 3 0
0 7 0
7 17 0
39 4 0
Net_id 11
pin_num 5
56 57 0
47 57 0
59 46 0
52 46 0
52 37 0
Net_id 12
pin_num 5
4 49 0
17 54 0
17 51 0
12 41 0
30 41 0
Net_id 13
pin_num 5
38 44 0
43 40 0
43 59 0
53 44 0
32 53 0
Net_id 14
pin_num 5
37 36 0
35 37 0
31 37 0
33 15 0
48 23 0
Net_id 15
pin_num 5
55 35 0
51 39 0
53 59 0
51 23 0
51 49 0
Net_id 16
pin_num 5
37 9 0
53 9 0
59 15 0
59 20 0
34 0 0
Net_id 17
pin_num 5
8 50 0
4 50 0
3 59 0
0 44 0
6 45 0
Net_id 18
pin_num 5
8 44 0
13 44 0
10 36 0
5 38 0
20 38 0
Net_id 19
pin_num 5
36 55 0
46 49 0
27 49 0
54 55 0
29 31 0
Net_id 20
pin_num 5
43 42 0
46 51 0
59 44 0
56 51 0
49 43 0
Net_id 21
pin_num 5
39 38 0
38 34 0
31 35 0
35 31 0
16 35 0
Net_id 22
pin_num 4
6 35 0
13 35 0
11 20 0
14 18 0
Net_id 23
pin_num 4
16 46 0
9 40 0
7 45 0
1 50 0
Net_id 24
pin_num 4
35 58 0
21 58 0
11 59 0
33 55 0
Net_id 25
pin_num 4
51 32 0
44 32 0
25 32 0
39 37 0
Net_id 26
pin_num 4
15 36 0
26 39 0
23 21 0
34 34 0
Net_id 27
pin_num 4
23 33 0
36 37 0
34 24 0
21 46 0
Net_id 28
pin_num 4
42 52 0
58 47 0
57 59 0
59 41 0
Net_id 29
pin_num 4
31 22 0
36 21 0
34 4 0
26 8 0
Net_id 30
pin_num 4
9 26 0
8 22 0
27 26 0
6 16 0
Net_id 31
pin_num 4
3 55 0
17 52 0
10 49 0
1 52 0
Net_id 32
pin_num 4
32 39 0
22 46 0
2 59 0
4 41 0
Net_id 33
pin_num 4
48 34 0
58 40 0
57 27 0
45 34 0
Net_id 34
pin_num 4
27 6 0
18 11 0
9 6 0
11 7 0
Net_id 35
pin_num 4
32 25 0
29 50 0
21 13 0
22 25 0
Net_id 36
pin_num 4
43 50 0
57 53 0
57 38 0
53 47 0
Net_id 37
pin_num 4
4 43 0
9 45 0
7 58 0
1 34 0
Net_id 38
pin_num 4
6 26 0
11 36 0
1 44 0
0 27 0
Net_id 39
pin_num 4
28 44 0
36 42 0
42 36 0
30 57 0
Net_id 40
pin_num 3
10 27 0
26 27 0
49 18 0
Net_id 41
pin_num 3
24 30 0
31 21 0
31 8 0
Net_id 42
pin_num 3
23 1 0
32 10 0
58 20 0
Net_id 43
pin_num 3
25 4 0
15 1 0
6 13 0
Net_id 44
pin_num 3
52 0 0
48 2 0
49 14 0
Net_id 45
pin_num 3
8 7 0
11 11 0
27 9 0
Net_id 46
pin_num 3
5 28 0
1 37 0
5 35 0
Net_id 47
pin_num 3
22 39 0
33 54 0
33 45 0
Net_id 48
pin_num 3
21 20 0
14 8 0
20 8 0
Net_id 49
pin_num 3
13 50 0
5 58 0
2 33 0
Net_id 50
pin_num 3
57 54 0
36 59 0
54 47 0
Net_id 51
pin_num 3
1 43 0
32 33 0
24 57 0
Net_id 52
pin_num 3
39 3 0
21 5 0
33 7 0
Net_id 53
pin_num 3
34 47 0
17 40 0
22 49 0
Net_id 54
pin_num 3
19 40 0
13 29 0
5 39 0
Net_id 55
pin_num 3
37 52 0
39 59 0
37 30 0
Net_id 56
pin_num 3
3 19 0
24 29 0
27 24 0
Net_id 57
pin_num 3
22 47 0
30 50 0
42 57 0
Net_id 58
pin_num 3
44 7 0
52 4 0
56 17 0
Net_id 59
pin_num 3
58 32 0
58 37 0
58 21 0
Net_id 60
pin_num 3
49 57 0
21 48 0
58 53 0
Net_id 61
pin_num 3
37 0 0
43 1 0
51 6 0
Net_id 62
pin_num 3
52 36 0
26 31 0
46 21 0
Net_id 63
pin_num 3
34 15 0
37 5 0
29 12 0
Net_id 64
pin_num 3
2 26 0
14 35 0
20 7 0
Net_id 65
pin_num 3
8 36 0
1 26 0
18 23 0
Net_id 66
pin_num 3
38 1 0
42 13 0
54 3 0
Net_id 67
pin_num 3
54 43 0
58 44 0
36 52 0
Net_id 68
pin_num 3
59 25 0
27 27 0
8 34 0
Net_id 69
pin_num 3
34 55 0
42 58 0
34 54 0
Net_id 70
pin_num 3
11 23 0
16 15 0
22 17 0
Net_id 71
pin_num 3
49 37 0
45 40 0
45 56 0
Net_id 72
pin_num 3
32 28 0
36 30 0
7 30 0
Net_id 73
pin_num 3
51 25 0
58 45 0
39 45 0
Net_id 74
pin_num 3
8 38 0
1 30 0
23 44 0
Net_id 75
pin_num 3
18 45 0
6 34 0
4 32 0
Net_id 76
pin_num 3
3 28 0
12 36 0
3 23 0
Net_id 77
pin_num 3
20 24 0
33 11 0
47 26 0
Net_id 78
pin_num 3
54 13 0
39 13 0
45 4 0
Net_id 79
pin_num 3
15 5 0
10 9 0
10 45 0
Net_id 80
pin_num 3
38 41 0
49 38 0
53 22 0
Net_id 81
pin_num 2
55 24 0
44 35 0
Net_id 82
pin_num 2
45 2 0
39 2 0
Net_id 83
pin_num 2
52 53 0
45 57 0
Net_id 84
pin_num 2
42 19 0
53 20 0
Net_id 85
pin_num 2
47 2 0
36 6 0
Net_id 86
pin_num 2
51 37 0
50 40 0
Net_id 87
pin_num 2
33 14 0
15 16 0
Net_id 88
pin_num 2
7 20 0
14 37 0
Net_id 89
pin_num 2
10 14 0
1 22 0
Net_id 90
pin_num 2
33 31 0
39 25 0
Net_id 91
pin_num 2
21 32 0
26 42 0
Net_id 92
pin_num 2
53 51 0
42 43 0
Net_id 93
pin_num 2
31 4 0
44 1 0
Net_id 94
pin_num 2
51 14 0
55 14 0
Net_id 95
pin_num 2
28 7 0
36 1 0
Net_id 96
pin_num 2
14 54 0
13 34 0
Net_id 97
pin_num 2
46 16 0
40 14 0
Net_id 98
pin_num 2
49 25 0
55 41 0
Net_id 99
pin_num 2
59 56 0
50 56 0
Net_id 100
pin_num 2
40 23 0
48 26 0
Net_id 101
pin_num 2
33 16 0
40 5 0
Net_id 102
pin_num 2
9 10 0
6 23 0
Net_id 103
pin_num 2
8 39 0
1 41 0
Net_id 104
pin_num 2
48 27 0
53 21 0
Net_id 105
pin_num 2
2 38 0
5 9 0
Net_id 106
pin_num 2
22 40 0
6 15 0
Net_id 107
pin_num 2
0 4 0
5 4 0
Net_id 108
pin_num 2
23 58 0
45 48 0
Net_id 109
pin_num 2
42 3 0
55 11 0
Net_id 110
pin_num 2
31 6 0
54 11 0
Net_id 111
pin_num 2
10 54 0
20 58 0
Net_id 112
pin_num 2
38 45 0
36 50 0
Net_id 113
pin_num 2
35 48 0
49 53 0
Net_id 114
pin_num 2
53 23 0
59 27 0
Net_id 115
pin_num 2
41 14 0
52 2 0
Net_id 116
pin_num 2
0 23 0
15 54 0
Net_id 117
pin_num 2
15 34 0
22 43 0
Net_id 118
pin_num 2
23 3 0
2 12 0
Net_id 119
pin_num 2
48 53 0
39 57 0
Net_id 120
pin_num 2
1 47 0
21 52 0
Net_id 121
pin_num 2
12 25 0
20 37 0
Net_id 122
pin_num 2
51 47 0
29 54 0
Net_id 123
pin_num 2
29 44 0
45 38 0
Net_id 124
pin_num 2
25 52 0
22 52 0
Net_id 125
pin_num 2
51 24 0
47 17 0
Net_id 126
pin_num 2
4 51 0
27 40 0
Net_id 127
pin_num 2
15 40 0
10 40 0
Net_id 128
pin_num 2
33 51 0
44 54 0
Net_id 129
pin_num 2
24 11 0
31 11 0
Net_id 130
pin_num 2
0 46 0
11 58 0
Net_id 131
pin_num 2
17 57 0
33 56 0
Net_id 132
pin_num 2
21 8 0
8 31 0
Net_id 133
pin_num 2
47 3 0
35 8 0
Net_id 134
pin_num 2
16 4 0
38 10 0
Net_id 135
pin_num 2
20 49 0
3 57 0
Net_id 136
pin_num 2
35 45 0
42 56 0
Net_id 137
pin_num 2
30 37 0
21 42 0
Net_id 138
pin_num 2
19 9 0
23 9 0
Net_id 139
pin_num 2
34 59 0
29 55 0
Net_id 140
pin_num 2
27 21 0
24 17 0
Net_id 141
pin_num 2
36 7 0
51 8 0
Net_id 142
pin_num 2
8 6 0
16 31 0
Net_id 143
pin_num 2
15 37 0
21 29 0
Net_id 144
pin_num 2
11 4 0
1 6 0
Net_id 145
pin_num 2
30 51 0
27 56 0
Net_id 146
pin_num 2
7 13 0
20 1 0
Net_id 147
pin_num 2
17 43 0
3 49 0
Net_id 148
pin_num 2
44 8 0
49 5 0
Net_id 149
pin_num 2
7 15 0
10 3 0
Net_id 150
pin_num 2
25 34 0
10 25 0
Net_id 151
pin_num 2
3 50 0
14 56 0
Net_id 152
pin_num 2
44 20 0
59 33 0
Net_id 153
pin_num 2
35 25 0
25 29 0
Net_id 154
pin_num 2
40 38 0
50 18 0
Net_id 155
pin_num 2
13 30 0
1 21 0
Net_id 156
pin_num 2
19 49 0
30 33 0
