Width 60
Height 60
Layer 6
Total_WL 7117
Obstacle_num 144
49 36 0 52 37 0
22 10 0 26 11 0
47 26 0 51 27 0
19 23 0 23 24 0
6 32 0 10 33 0
17 20 0 27 21 0
34 2 0 42 3 0
25 55 0 34 56 0
14 46 0 22 47 0
32 9 0 38 10 0
43 3 0 47 4 0
15 55 0 24 56 0
16 27 0 23 28 0
9 38 0 15 39 0
43 56 0 48 57 0
21 4 0 25 5 0
28 26 0 34 27 0
14 40 0 18 41 0
5 17 0 14 18 0
32 36 0 38 37 0
19 36 0 25 37 0
5 58 0 10 59 0
52 36 0 58 37 0
29 27 0 33 28 0
28 1 1 29 10 1
49 39 1 50 49 1
40 13 1 41 23 1
10 4 1 11 11 1
9 37 1 10 46 1
51 15 1 52 21 1
28 18 1 29 22 1
54 25 1 55 33 1
55 15 1 56 21 1
18 21 1 19 28 1
0 47 1 1 54 1
5 21 1 6 31 1
29 0 1 30 8 1
46 4 1 47 11 1
32 38 1 33 44 1
4 40 1 5 46 1
12 49 1 13 59 1
3 46 1 4 51 1
39 50 1 40 58 1
9 46 1 10 52 1
7 48 1 8 53 1
8 5 1 9 12 1
17 39 1 18 49 1
16 38 1 17 44 1
17 1 2 24 2 2
0 19 2 3 20 2
34 1 2 42 2 2
40 58 2 49 59 2
34 56 2 43 57 2
44 39 2 54 40 2
47 22 2 51 23 2
46 9 2 56 10 2
37 32 2 46 33 2
13 17 2 21 18 2
27 52 2 32 53 2
46 53 2 52 54 2
0 27 2 8 28 2
24 48 2 32 49 2
34 24 2 43 25 2
24 25 2 27 26 2
49 4 2 59 5 2
15 28 2 25 29 2
35 55 2 45 56 2
3 36 2 7 37 2
14 5 2 19 6 2
1 2 2 10 3 2
32 47 2 40 48 2
19 0 2 24 1 2
31 50 3 32 57 3
33 5 3 34 10 3
26 14 3 27 22 3
47 49 3 48 59 3
43 39 3 44 43 3
47 1 3 48 6 3
42 12 3 43 22 3
36 39 3 37 45 3
19 16 3 20 22 3
47 30 3 48 36 3
10 49 3 11 59 3
20 5 3 21 14 3
10 11 3 11 20 3
24 13 3 25 17 3
9 13 3 10 19 3
9 2 3 10 9 3
0 3 3 1 10 3
6 43 3 7 48 3
55 40 3 56 44 3
46 36 3 47 43 3
22 5 3 23 13 3
20 29 3 21 32 3
25 13 3 26 17 3
56 3 3 57 10 3
45 35 4 48 36 4
20 32 4 28 33 4
36 34 4 39 35 4
4 33 4 14 34 4
11 11 4 21 12 4
7 47 4 14 48 4
18 33 4 28 34 4
3 51 4 9 52 4
46 42 4 52 43 4
39 23 4 46 24 4
42 49 4 47 50 4
3 40 4 13 41 4
21 23 4 30 24 4
7 26 4 15 27 4
1 37 4 6 38 4
0 7 4 9 8 4
36 27 4 43 28 4
47 5 4 50 6 4
43 8 4 52 9 4
0 2 4 3 3 4
0 41 4 8 42 4
50 0 4 54 1 4
26 12 4 36 13 4
12 31 4 22 32 4
37 3 5 38 8 5
2 35 5 3 44 5
49 18 5 50 22 5
22 5 5 23 8 5
19 5 5 20 13 5
28 41 5 29 45 5
43 42 5 44 48 5
50 43 5 51 46 5
44 10 5 45 20 5
5 38 5 6 42 5
33 6 5 34 13 5
35 37 5 36 41 5
12 48 5 13 53 5
35 19 5 36 27 5
8 35 5 9 42 5
25 2 5 26 9 5
46 43 5 47 53 5
17 46 5 18 54 5
19 48 5 20 58 5
52 40 5 53 44 5
57 34 5 58 41 5
20 22 5 21 31 5
13 0 5 14 3 5
58 53 5 59 59 5
Net_num 162
Net_id 0
pin_num 5
20 3 0
22 8 0
24 6 0
23 27 0
11 10 0
Net_id 1
pin_num 5
54 40 0
48 35 0
48 57 0
47 40 0
29 59 0
Net_id 2
pin_num 5
48 1 0
40 0 0
29 12 0
27 8 0
31 2 0
Net_id 3
pin_num 5
52 14 0
49 11 0
59 24 0
39 21 0
50 33 0
Net_id 4
pin_num 5
16 56 0
27 56 0
15 56 0
28 47 0
45 52 0
Net_id 5
pin_num 5
3 9 0
1 0 0
11 0 0
2 10 0
19 7 0
Net_id 6
pin_num 5
23 22 0
16 21 0
20 40 0
16 31 0
8 34 0
Net_id 7
pin_num 5
43 32 0
59 27 0
58 9 0
55 0 0
28 12 0
Net_id 8
pin_num 5
27 18 0
19 18 0
24 0 0
21 28 0
33 17 0
Net_id 9
pin_num 5
47 38 0
38 25 0
39 14 0
27 19 0
34 6 0
Net_id 10
pin_num 5
25 17 0
27 15 0
26 27 0
38 18 0
35 6 0
Net_id 11
pin_num 5
29 57 0
19 59 0
4 58 0
11 53 0
49 59 0
Net_id 12
pin_num 5
43 42 0
51 45 0
51 55 0
21 59 0
47 50 0
Net_id 13
pin_num 5
7 55 0
0 55 0
0 58 0
6 37 0
9 41 0
Net_id 14
pin_num 5
57 17 0
56 26 0
54 18 0
49 20 0
51 19 0
Net_id 15
pin_num 5
24 19 0
38 22 0
25 12 0
8 12 0
29 28 0
Net_id 16
pin_num 5
34 22 0
24 11 0
33 0 0
32 5 0
36 7 0
Net_id 17
pin_num 5
9 16 0
6 18 0
12 23 0
1 17 0
1 9 0
Net_id 18
pin_num 5
8 59 0
5 56 0
9 56 0
15 57 0
5 51 0
Net_id 19
pin_num 5
56 41 0
45 40 0
46 19 0
46 48 0
59 46 0
Net_id 20
pin_num 4
44 54 0
55 51 0
55 59 0
59 56 0
Net_id 21
pin_num 4
12 50 0
1 58 0
7 46 0
1 35 0
Net_id 22
pin_num 4
33 53 0
34 51 0
42 51 0
41 43 0
Net_id 23
pin_num 4
46 7 0
53 1 0
35 3 0
40 23 0
Net_id 24
pin_num 4
56 45 0
58 36 0
56 32 0
54 11 0
Net_id 25
pin_num 4
42 39 0
38 29 0
26 29 0
27 46 0
Net_id 26
pin_num 4
38 45 0
32 35 0
57 37 0
16 36 0
Net_id 27
pin_num 4
14 37 0
7 37 0
8 31 0
27 33 0
Net_id 28
pin_num 4
7 7 0
19 6 0
9 6 0
13 14 0
Net_id 29
pin_num 4
21 7 0
22 1 0
33 7 0
35 4 0
Net_id 30
pin_num 4
10 46 0
5 42 0
26 45 0
0 54 0
Net_id 31
pin_num 4
37 41 0
32 50 0
29 49 0
33 39 0
Net_id 32
pin_num 4
16 13 0
23 13 0
17 28 0
24 25 0
Net_id 33
pin_num 4
14 14 0
10 19 0
12 0 0
32 19 0
Net_id 34
pin_num 4
11 39 0
13 46 0
12 24 0
10 44 0
Net_id 35
pin_num 4
54 24 0
43 14 0
56 17 0
52 38 0
Net_id 36
pin_num 4
18 14 0
28 14 0
27 12 0
31 9 0
Net_id 37
pin_num 4
2 53 0
10 57 0
14 44 0
5 47 0
Net_id 38
pin_num 4
5 36 0
0 42 0
15 38 0
0 29 0
Net_id 39
pin_num 4
25 35 0
12 28 0
22 19 0
27 41 0
Net_id 40
pin_num 4
45 47 0
54 43 0
38 59 0
42 57 0
Net_id 41
pin_num 3
0 2 0
4 15 0
1 1 0
Net_id 42
pin_num 3
50 31 0
42 36 0
47 30 0
Net_id 43
pin_num 3
39 9 0
33 24 0
34 13 0
Net_id 44
pin_num 3
41 23 0
50 14 0
44 33 0
Net_id 45
pin_num 3
55 38 0
50 42 0
30 42 0
Net_id 46
pin_num 3
22 11 0
12 11 0
0 11 0
Net_id 47
pin_num 3
14 39 0
28 38 0
22 59 0
Net_id 48
pin_num 3
38 53 0
27 47 0
12 52 0
Net_id 49
pin_num 3
50 34 0
34 20 0
43 51 0
Net_id 50
pin_num 3
53 55 0
54 49 0
40 46 0
Net_id 51
pin_num 3
17 6 0
0 20 0
25 28 0
Net_id 52
pin_num 3
24 58 0
0 39 0
27 54 0
Net_id 53
pin_num 3
13 13 0
20 10 0
3 19 0
Net_id 54
pin_num 3
31 40 0
36 48 0
58 52 0
Net_id 55
pin_num 3
40 9 0
48 9 0
54 0 0
Net_id 56
pin_num 3
53 22 0
43 20 0
51 33 0
Net_id 57
pin_num 3
34 30 0
48 33 0
57 35 0
Net_id 58
pin_num 3
11 5 0
28 10 0
59 14 0
Net_id 59
pin_num 3
2 23 0
21 34 0
4 20 0
Net_id 60
pin_num 3
2 29 0
5 40 0
7 18 0
Net_id 61
pin_num 3
17 4 0
25 4 0
7 4 0
Net_id 62
pin_num 3
40 47 0
47 29 0
59 16 0
Net_id 63
pin_num 3
59 39 0
32 48 0
54 51 0
Net_id 64
pin_num 3
9 29 0
4 3 0
3 45 0
Net_id 65
pin_num 3
11 32 0
33 37 0
5 9 0
Net_id 66
pin_num 3
47 45 0
33 30 0
42 26 0
Net_id 67
pin_num 3
18 40 0
19 28 0
20 47 0
Net_id 68
pin_num 3
1 45 0
7 54 0
30 50 0
Net_id 69
pin_num 3
45 11 0
18 0 0
33 1 0
Net_id 70
pin_num 3
6 46 0
2 49 0
34 43 0
Net_id 71
pin_num 3
9 48 0
0 41 0
9 31 0
Net_id 72
pin_num 3
35 43 0
31 42 0
40 48 0
Net_id 73
pin_num 3
39 23 0
17 29 0
43 24 0
Net_id 74
pin_num 3
11 59 0
2 45 0
3 58 0
Net_id 75
pin_num 3
58 32 0
50 30 0
36 31 0
Net_id 76
pin_num 3
51 4 0
57 13 0
38 9 0
Net_id 77
pin_num 3
21 16 0
12 20 0
13 35 0
Net_id 78
pin_num 3
35 58 0
40 53 0
30 47 0
Net_id 79
pin_num 3
26 54 0
21 47 0
24 44 0
Net_id 80
pin_num 3
51 27 0
57 14 0
59 50 0
Net_id 81
pin_num 3
6 34 0
12 46 0
11 36 0
Net_id 82
pin_num 3
36 45 0
27 57 0
25 40 0
Net_id 83
pin_num 3
59 59 0
39 46 0
52 46 0
Net_id 84
pin_num 2
41 6 0
27 1 0
Net_id 85
pin_num 2
15 10 0
20 15 0
Net_id 86
pin_num 2
38 28 0
16 16 0
Net_id 87
pin_num 2
56 59 0
56 51 0
Net_id 88
pin_num 2
41 17 0
57 22 0
Net_id 89
pin_num 2
12 14 0
0 21 0
Net_id 90
pin_num 2
44 58 0
32 44 0
Net_id 91
pin_num 2
35 46 0
26 39 0
Net_id 92
pin_num 2
32 24 0
15 22 0
Net_id 93
pin_num 2
30 3 0
21 3 0
Net_id 94
pin_num 2
6 2 0
25 24 0
Net_id 95
pin_num 2
52 6 0
42 10 0
Net_id 96
pin_num 2
19 10 0
0 22 0
Net_id 97
pin_num 2
2 24 0
23 37 0
Net_id 98
pin_num 2
38 36 0
59 47 0
Net_id 99
pin_num 2
30 40 0
16 59 0
Net_id 100
pin_num 2
53 45 0
42 40 0
Net_id 101
pin_num 2
10 39 0
15 27 0
Net_id 102
pin_num 2
42 13 0
38 0 0
Net_id 103
pin_num 2
36 50 0
42 50 0
Net_id 104
pin_num 2
38 31 0
37 33 0
Net_id 105
pin_num 2
25 37 0
26 35 0
Net_id 106
pin_num 2
54 4 0
46 2 0
Net_id 107
pin_num 2
30 15 0
38 16 0
Net_id 108
pin_num 2
40 28 0
49 50 0
Net_id 109
pin_num 2
20 57 0
42 43 0
Net_id 110
pin_num 2
20 30 0
7 33 0
Net_id 111
pin_num 2
13 54 0
24 53 0
Net_id 112
pin_num 2
20 38 0
33 21 0
Net_id 113
pin_num 2
53 15 0
55 3 0
Net_id 114
pin_num 2
54 35 0
37 45 0
Net_id 115
pin_num 2
31 16 0
46 14 0
Net_id 116
pin_num 2
20 53 0
3 33 0
Net_id 117
pin_num 2
53 0 0
41 7 0
Net_id 118
pin_num 2
37 55 0
51 59 0
Net_id 119
pin_num 2
1 27 0
15 16 0
Net_id 120
pin_num 2
46 16 0
34 11 0
Net_id 121
pin_num 2
24 32 0
30 32 0
Net_id 122
pin_num 2
9 30 0
2 37 0
Net_id 123
pin_num 2
3 50 0
9 49 0
Net_id 124
pin_num 2
34 0 0
44 7 0
Net_id 125
pin_num 2
41 51 0
37 51 0
Net_id 126
pin_num 2
39 3 0
53 13 0
Net_id 127
pin_num 2
28 6 0
42 37 0
Net_id 128
pin_num 2
2 12 0
10 16 0
Net_id 129
pin_num 2
2 54 0
12 48 0
Net_id 130
pin_num 2
49 19 0
41 16 0
Net_id 131
pin_num 2
30 10 0
48 23 0
Net_id 132
pin_num 2
25 29 0
8 42 0
Net_id 133
pin_num 2
5 21 0
16 2 0
Net_id 134
pin_num 2
40 18 0
52 7 0
Net_id 135
pin_num 2
14 56 0
0 43 0
Net_id 136
pin_num 2
3 17 0
5 16 0
Net_id 137
pin_num 2
6 6 0
8 18 0
Net_id 138
pin_num 2
41 10 0
34 7 0
Net_id 139
pin_num 2
1 33 0
42 25 0
Net_id 140
pin_num 2
33 34 0
24 37 0
Net_id 141
pin_num 2
17 16 0
22 16 0
Net_id 142
pin_num 2
50 18 0
56 27 0
Net_id 143
pin_num 2
33 16 0
43 36 0
Net_id 144
pin_num 2
44 24 0
59 40 0
Net_id 145
pin_num 2
31 48 0
19 53 0
Net_id 146
pin_num 2
41 56 0
28 54 0
Net_id 147
pin_num 2
21 53 0
11 48 0
Net_id 148
pin_num 2
4 41 0
13 42 0
Net_id 149
pin_num 2
48 17 0
29 15 0
Net_id 150
pin_num 2
50 27 0
54 7 0
Net_id 151
pin_num 2
39 5 0
27 4 0
Net_id 152
pin_num 2
25 44 0
43 37 0
Net_id 153
pin_num 2
53 28 0
31 1 0
Net_id 154
pin_num 2
18 51 0
33 57 0
Net_id 155
pin_num 2
51 2 0
52 1 0
Net_id 156
pin_num 2
0 13 0
19 15 0
Net_id 157
pin_num 2
49 2 0
45 13 0
Net_id 158
pin_num 2
5 18 0
2 0 0
Net_id 159
pin_num 2
10 0 0
1 32 0
Net_id 160
pin_num 2
8 16 0
17 3 0
Net_id 161
pin_num 2
56 42 0
44 22 0
