Width 60
Height 60
Layer 6
Total_WL 6443
Obstacle_num 144
0 13 0 4 14 0
30 9 0 34 10 0
51 25 0 57 26 0
11 24 0 18 25 0
48 23 0 52 24 0
20 49 0 30 50 0
34 16 0 43 17 0
14 55 0 22 56 0
13 57 0 16 58 0
22 10 0 30 11 0
6 48 0 16 49 0
9 30 0 18 31 0
17 52 0 26 53 0
51 48 0 57 49 0
47 15 0 57 16 0
28 53 0 36 54 0
33 38 0 43 39 0
39 42 0 48 43 0
48 33 0 51 34 0
55 50 0 59 51 0
4 57 0 12 58 0
35 50 0 45 51 0
1 31 0 4 32 0
30 19 0 40 20 0
23 31 1 24 39 1
49 11 1 50 14 1
24 20 1 25 23 1
50 31 1 51 40 1
42 42 1 43 47 1
29 36 1 30 39 1
30 26 1 31 30 1
50 46 1 51 51 1
50 25 1 51 30 1
12 35 1 13 45 1
9 49 1 10 53 1
13 34 1 14 38 1
24 10 1 25 13 1
18 24 1 19 33 1
20 30 1 21 40 1
8 28 1 9 36 1
46 45 1 47 50 1
44 26 1 45 34 1
36 45 1 37 52 1
17 19 1 18 28 1
50 11 1 51 14 1
50 15 1 51 25 1
51 11 1 52 16 1
18 47 1 19 55 1
31 39 2 41 40 2
4 24 2 10 25 2
50 16 2 57 17 2
32 58 2 38 59 2
43 8 2 48 9 2
11 8 2 16 9 2
37 36 2 47 37 2
4 13 2 14 14 2
29 49 2 38 50 2
20 31 2 29 32 2
28 2 2 35 3 2
16 1 2 25 2 2
35 10 2 38 11 2
34 33 2 40 34 2
35 7 2 38 8 2
23 43 2 33 44 2
1 56 2 6 57 2
41 38 2 50 39 2
40 0 2 50 1 2
26 38 2 32 39 2
40 22 2 43 23 2
47 34 2 51 35 2
51 9 2 54 10 2
44 20 2 53 21 2
49 35 3 50 41 3
26 6 3 27 11 3
3 23 3 4 28 3
17 33 3 18 43 3
14 23 3 15 33 3
26 16 3 27 23 3
24 27 3 25 37 3
21 47 3 22 51 3
18 35 3 19 40 3
23 44 3 24 54 3
5 32 3 6 42 3
0 32 3 1 38 3
51 33 3 52 36 3
51 16 3 52 21 3
31 23 3 32 29 3
51 49 3 52 55 3
54 39 3 55 43 3
31 36 3 32 39 3
5 48 3 6 51 3
52 22 3 53 32 3
15 20 3 16 25 3
53 34 3 54 38 3
5 24 3 6 29 3
12 46 3 13 56 3
12 19 4 22 20 4
40 35 4 47 36 4
36 33 4 43 34 4
9 54 4 19 55 4
14 37 4 17 38 4
3 20 4 7 21 4
14 51 4 18 52 4
9 43 4 15 44 4
13 2 4 19 3 4
7 46 4 17 47 4
39 2 4 45 3 4
5 35 4 14 36 4
43 40 4 53 41 4
19 39 4 23 40 4
33 20 4 40 21 4
28 46 4 33 47 4
27 35 4 35 36 4
10 32 4 14 33 4
31 10 4 41 11 4
45 33 4 51 34 4
4 12 4 13 13 4
12 20 4 19 21 4
31 9 4 39 10 4
39 52 4 47 53 4
26 43 5 27 50 5
42 33 5 43 41 5
21 16 5 22 21 5
50 22 5 51 26 5
3 28 5 4 34 5
30 53 5 31 58 5
47 27 5 48 37 5
32 18 5 33 22 5
33 20 5 34 30 5
0 34 5 1 44 5
47 40 5 48 46 5
47 20 5 48 26 5
12 7 5 13 13 5
45 33 5 46 41 5
3 10 5 4 13 5
9 46 5 10 56 5
43 21 5 44 31 5
36 22 5 37 25 5
2 37 5 3 46 5
14 15 5 15 18 5
50 30 5 51 34 5
49 26 5 50 34 5
45 46 5 46 49 5
31 12 5 32 15 5
Net_num 158
Net_id 0
pin_num 5
45 38 0
48 46 0
47 27 0
27 39 0
28 39 0
Net_id 1
pin_num 5
21 59 0
5 59 0
10 55 0
10 58 0
6 36 0
Net_id 2
pin_num 5
24 41 0
21 36 0
21 24 0
5 36 0
0 22 0
Net_id 3
pin_num 5
50 58 0
46 59 0
48 51 0
47 50 0
49 50 0
Net_id 4
pin_num 5
29 20 0
21 10 0
29 0 0
17 10 0
21 17 0
Net_id 5
pin_num 5
16 18 0
19 19 0
34 18 0
33 34 0
22 29 0
Net_id 6
pin_num 5
49 16 0
40 11 0
20 12 0
43 17 0
41 6 0
Net_id 7
pin_num 5
28 41 0
19 37 0
28 23 0
23 23 0
23 54 0
Net_id 8
pin_num 5
44 47 0
41 48 0
41 28 0
59 35 0
27 30 0
Net_id 9
pin_num 5
8 45 0
5 44 0
8 54 0
0 52 0
6 35 0
Net_id 10
pin_num 5
47 58 0
32 55 0
36 55 0
18 46 0
45 56 0
Net_id 11
pin_num 5
50 54 0
56 53 0
57 34 0
57 44 0
7 44 0
Net_id 12
pin_num 5
54 58 0
50 56 0
59 50 0
58 49 0
52 57 0
Net_id 13
pin_num 5
21 33 0
7 31 0
9 15 0
9 16 0
15 23 0
Net_id 14
pin_num 5
27 26 0
38 29 0
32 36 0
23 24 0
52 36 0
Net_id 15
pin_num 5
1 44 0
1 45 0
4 45 0
4 32 0
1 24 0
Net_id 16
pin_num 5
29 13 0
43 10 0
30 1 0
55 0 0
32 3 0
Net_id 17
pin_num 5
51 37 0
47 35 0
23 37 0
59 42 0
59 46 0
Net_id 18
pin_num 5
48 25 0
38 25 0
45 33 0
42 32 0
39 40 0
Net_id 19
pin_num 5
39 26 0
31 31 0
32 38 0
32 54 0
19 49 0
Net_id 20
pin_num 4
35 26 0
40 34 0
23 30 0
36 52 0
Net_id 21
pin_num 4
46 14 0
54 14 0
53 9 0
47 12 0
Net_id 22
pin_num 4
16 52 0
9 58 0
4 52 0
1 41 0
Net_id 23
pin_num 4
6 8 0
0 3 0
18 6 0
25 6 0
Net_id 24
pin_num 4
22 31 0
10 35 0
23 28 0
10 23 0
Net_id 25
pin_num 4
29 47 0
37 45 0
33 35 0
34 25 0
Net_id 26
pin_num 4
26 2 0
36 4 0
28 7 0
45 3 0
Net_id 27
pin_num 4
24 32 0
3 32 0
3 14 0
16 19 0
Net_id 28
pin_num 4
50 52 0
59 49 0
48 47 0
31 58 0
Net_id 29
pin_num 4
7 2 0
1 2 0
0 8 0
11 4 0
Net_id 30
pin_num 4
48 9 0
51 21 0
59 20 0
59 1 0
Net_id 31
pin_num 4
26 22 0
35 22 0
27 8 0
19 29 0
Net_id 32
pin_num 4
56 22 0
57 17 0
29 19 0
35 31 0
Net_id 33
pin_num 4
58 11 0
54 21 0
52 5 0
38 13 0
Net_id 34
pin_num 4
13 16 0
2 20 0
33 15 0
36 22 0
Net_id 35
pin_num 4
4 28 0
2 12 0
6 21 0
11 21 0
Net_id 36
pin_num 4
33 0 0
44 1 0
54 3 0
52 1 0
Net_id 37
pin_num 4
5 1 0
19 0 0
17 17 0
1 10 0
Net_id 38
pin_num 4
12 49 0
3 50 0
3 42 0
0 43 0
Net_id 39
pin_num 3
34 15 0
53 26 0
47 5 0
Net_id 40
pin_num 3
31 4 0
39 2 0
33 17 0
Net_id 41
pin_num 3
0 11 0
25 9 0
19 26 0
Net_id 42
pin_num 3
30 6 0
36 6 0
44 3 0
Net_id 43
pin_num 3
28 45 0
7 38 0
14 35 0
Net_id 44
pin_num 3
57 53 0
52 58 0
55 35 0
Net_id 45
pin_num 3
33 25 0
26 26 0
21 42 0
Net_id 46
pin_num 3
25 34 0
37 32 0
19 44 0
Net_id 47
pin_num 3
16 43 0
2 49 0
15 58 0
Net_id 48
pin_num 3
1 15 0
11 23 0
7 20 0
Net_id 49
pin_num 3
34 34 0
40 30 0
22 42 0
Net_id 50
pin_num 3
43 59 0
43 46 0
54 56 0
Net_id 51
pin_num 3
18 29 0
14 25 0
14 10 0
Net_id 52
pin_num 3
43 19 0
52 34 0
59 21 0
Net_id 53
pin_num 3
23 13 0
11 13 0
19 34 0
Net_id 54
pin_num 3
9 52 0
4 54 0
16 57 0
Net_id 55
pin_num 3
14 41 0
20 40 0
15 40 0
Net_id 56
pin_num 3
22 21 0
6 30 0
1 48 0
Net_id 57
pin_num 3
55 4 0
56 12 0
50 8 0
Net_id 58
pin_num 3
0 46 0
22 30 0
20 51 0
Net_id 59
pin_num 3
4 31 0
10 38 0
1 39 0
Net_id 60
pin_num 3
38 28 0
16 23 0
8 26 0
Net_id 61
pin_num 3
46 47 0
41 26 0
44 12 0
Net_id 62
pin_num 3
59 7 0
44 18 0
45 21 0
Net_id 63
pin_num 3
55 9 0
48 4 0
50 2 0
Net_id 64
pin_num 3
1 55 0
20 44 0
5 29 0
Net_id 65
pin_num 3
6 41 0
24 38 0
3 57 0
Net_id 66
pin_num 3
19 56 0
2 54 0
20 56 0
Net_id 67
pin_num 3
51 51 0
31 57 0
5 47 0
Net_id 68
pin_num 3
1 6 0
3 8 0
24 3 0
Net_id 69
pin_num 3
24 44 0
3 54 0
9 47 0
Net_id 70
pin_num 3
49 24 0
59 25 0
55 16 0
Net_id 71
pin_num 3
12 22 0
23 15 0
22 27 0
Net_id 72
pin_num 3
15 12 0
34 7 0
25 21 0
Net_id 73
pin_num 3
5 5 0
1 3 0
23 5 0
Net_id 74
pin_num 3
31 38 0
40 55 0
29 40 0
Net_id 75
pin_num 3
2 59 0
1 47 0
1 49 0
Net_id 76
pin_num 3
21 56 0
25 54 0
41 51 0
Net_id 77
pin_num 2
31 21 0
30 24 0
Net_id 78
pin_num 2
17 5 0
3 34 0
Net_id 79
pin_num 2
51 10 0
49 3 0
Net_id 80
pin_num 2
13 58 0
10 50 0
Net_id 81
pin_num 2
55 42 0
49 35 0
Net_id 82
pin_num 2
53 12 0
48 17 0
Net_id 83
pin_num 2
57 56 0
52 43 0
Net_id 84
pin_num 2
6 22 0
11 25 0
Net_id 85
pin_num 2
46 48 0
58 43 0
Net_id 86
pin_num 2
22 15 0
11 15 0
Net_id 87
pin_num 2
24 2 0
20 2 0
Net_id 88
pin_num 2
53 6 0
50 3 0
Net_id 89
pin_num 2
19 7 0
25 7 0
Net_id 90
pin_num 2
57 6 0
58 8 0
Net_id 91
pin_num 2
13 53 0
3 35 0
Net_id 92
pin_num 2
54 16 0
39 41 0
Net_id 93
pin_num 2
45 41 0
56 43 0
Net_id 94
pin_num 2
59 54 0
56 55 0
Net_id 95
pin_num 2
28 21 0
23 2 0
Net_id 96
pin_num 2
54 20 0
40 43 0
Net_id 97
pin_num 2
31 50 0
37 35 0
Net_id 98
pin_num 2
49 55 0
59 34 0
Net_id 99
pin_num 2
42 7 0
42 13 0
Net_id 100
pin_num 2
59 14 0
55 14 0
Net_id 101
pin_num 2
34 45 0
29 48 0
Net_id 102
pin_num 2
13 50 0
22 47 0
Net_id 103
pin_num 2
34 8 0
28 35 0
Net_id 104
pin_num 2
18 47 0
13 47 0
Net_id 105
pin_num 2
42 8 0
48 8 0
Net_id 106
pin_num 2
52 18 0
49 25 0
Net_id 107
pin_num 2
48 11 0
56 1 0
Net_id 108
pin_num 2
48 13 0
56 9 0
Net_id 109
pin_num 2
22 40 0
34 24 0
Net_id 110
pin_num 2
34 40 0
38 42 0
Net_id 111
pin_num 2
13 14 0
20 17 0
Net_id 112
pin_num 2
25 27 0
44 27 0
Net_id 113
pin_num 2
16 20 0
30 14 0
Net_id 114
pin_num 2
56 33 0
41 20 0
Net_id 115
pin_num 2
43 32 0
48 34 0
Net_id 116
pin_num 2
22 5 0
1 1 0
Net_id 117
pin_num 2
40 48 0
35 46 0
Net_id 118
pin_num 2
15 34 0
31 15 0
Net_id 119
pin_num 2
35 32 0
35 25 0
Net_id 120
pin_num 2
51 29 0
58 5 0
Net_id 121
pin_num 2
26 1 0
16 3 0
Net_id 122
pin_num 2
19 50 0
24 42 0
Net_id 123
pin_num 2
0 38 0
17 53 0
Net_id 124
pin_num 2
45 6 0
57 19 0
Net_id 125
pin_num 2
8 27 0
25 14 0
Net_id 126
pin_num 2
6 53 0
8 51 0
Net_id 127
pin_num 2
40 54 0
42 55 0
Net_id 128
pin_num 2
56 35 0
58 31 0
Net_id 129
pin_num 2
59 44 0
42 51 0
Net_id 130
pin_num 2
42 10 0
38 10 0
Net_id 131
pin_num 2
30 46 0
16 58 0
Net_id 132
pin_num 2
6 0 0
7 7 0
Net_id 133
pin_num 2
55 36 0
53 38 0
Net_id 134
pin_num 2
21 50 0
15 39 0
Net_id 135
pin_num 2
25 1 0
17 1 0
Net_id 136
pin_num 2
54 37 0
59 23 0
Net_id 137
pin_num 2
42 59 0
25 59 0
Net_id 138
pin_num 2
26 14 0
37 31 0
Net_id 139
pin_num 2
58 42 0
53 39 0
Net_id 140
pin_num 2
21 11 0
39 12 0
Net_id 141
pin_num 2
55 18 0
51 19 0
Net_id 142
pin_num 2
44 24 0
52 3 0
Net_id 143
pin_num 2
31 13 0
57 25 0
Net_id 144
pin_num 2
23 53 0
38 49 0
Net_id 145
pin_num 2
54 39 0
58 38 0
Net_id 146
pin_num 2
21 28 0
5 20 0
Net_id 147
pin_num 2
41 11 0
57 1 0
Net_id 148
pin_num 2
46 57 0
48 35 0
Net_id 149
pin_num 2
19 42 0
7 29 0
Net_id 150
pin_num 2
5 16 0
2 25 0
Net_id 151
pin_num 2
18 2 0
15 2 0
Net_id 152
pin_num 2
43 48 0
45 53 0
Net_id 153
pin_num 2
57 47 0
29 24 0
Net_id 154
pin_num 2
6 40 0
1 35 0
Net_id 155
pin_num 2
33 56 0
44 56 0
Net_id 156
pin_num 2
36 2 0
56 30 0
Net_id 157
pin_num 2
47 47 0
10 20 0
