Width 60
Height 60
Layer 6
Total_WL 6516
Obstacle_num 144
31 9 0 40 10 0
24 46 0 33 47 0
4 25 0 14 26 0
2 4 0 11 5 0
11 38 0 21 39 0
7 50 0 13 51 0
38 53 0 45 54 0
47 23 0 53 24 0
48 54 0 55 55 0
36 49 0 39 50 0
45 21 0 50 22 0
4 34 0 11 35 0
29 20 0 34 21 0
40 3 0 43 4 0
42 2 0 50 3 0
5 8 0 8 9 0
12 7 0 15 8 0
35 26 0 38 27 0
13 9 0 16 10 0
2 53 0 12 54 0
47 42 0 52 43 0
40 57 0 43 58 0
22 38 0 27 39 0
26 31 0 32 32 0
17 19 1 18 24 1
23 9 1 24 19 1
17 12 1 18 15 1
36 29 1 37 33 1
1 17 1 2 27 1
53 36 1 54 39 1
29 52 1 30 58 1
3 35 1 4 38 1
37 35 1 38 42 1
4 47 1 5 50 1
30 22 1 31 28 1
18 28 1 19 35 1
7 9 1 8 13 1
12 48 1 13 56 1
26 11 1 27 17 1
29 28 1 30 33 1
54 45 1 55 51 1
22 10 1 23 13 1
0 11 1 1 18 1
53 0 1 54 5 1
9 30 1 10 38 1
11 43 1 12 48 1
18 9 1 19 18 1
55 42 1 56 45 1
50 14 2 56 15 2
54 17 2 58 18 2
47 26 2 56 27 2
11 10 2 15 11 2
19 13 2 27 14 2
6 42 2 15 43 2
21 34 2 28 35 2
43 20 2 52 21 2
32 28 2 37 29 2
27 29 2 37 30 2
14 8 2 23 9 2
0 50 2 9 51 2
6 53 2 12 54 2
45 8 2 53 9 2
28 18 2 32 19 2
0 25 2 4 26 2
20 16 2 24 17 2
15 30 2 21 31 2
40 58 2 48 59 2
14 45 2 18 46 2
32 37 2 37 38 2
32 10 2 39 11 2
12 26 2 16 27 2
25 56 2 30 57 2
41 2 3 42 11 3
25 9 3 26 18 3
7 52 3 8 55 3
12 32 3 13 35 3
10 38 3 11 41 3
42 5 3 43 10 3
50 29 3 51 37 3
35 43 3 36 51 3
35 51 3 36 55 3
13 23 3 14 33 3
31 39 3 32 42 3
23 23 3 24 28 3
48 39 3 49 44 3
49 27 3 50 30 3
46 41 3 47 48 3
44 44 3 45 51 3
15 16 3 16 26 3
11 36 3 12 41 3
52 49 3 53 58 3
43 5 3 44 10 3
35 19 3 36 27 3
46 52 3 47 57 3
38 8 3 39 14 3
52 21 3 53 26 3
46 48 4 50 49 4
3 11 4 9 12 4
36 17 4 44 18 4
3 33 4 9 34 4
43 50 4 47 51 4
43 20 4 46 21 4
45 1 4 54 2 4
50 36 4 53 37 4
52 25 4 59 26 4
17 12 4 23 13 4
35 43 4 44 44 4
43 27 4 46 28 4
28 11 4 35 12 4
1 27 4 8 28 4
51 3 4 54 4 4
48 22 4 54 23 4
5 3 4 13 4 4
31 7 4 41 8 4
48 23 4 51 24 4
29 20 4 39 21 4
44 17 4 49 18 4
12 14 4 15 15 4
5 56 4 15 57 4
36 50 4 39 51 4
6 50 5 7 55 5
5 17 5 6 21 5
27 36 5 28 44 5
56 43 5 57 53 5
32 10 5 33 17 5
31 1 5 32 8 5
4 33 5 5 40 5
23 12 5 24 20 5
28 29 5 29 38 5
9 38 5 10 45 5
48 47 5 49 57 5
41 32 5 42 41 5
46 44 5 47 53 5
19 14 5 20 17 5
22 39 5 23 42 5
55 0 5 56 4 5
31 15 5 32 19 5
34 17 5 35 27 5
14 6 5 15 10 5
9 0 5 10 10 5
43 35 5 44 40 5
4 21 5 5 25 5
22 14 5 23 22 5
46 33 5 47 38 5
Net_num 163
Net_id 0
pin_num 5
32 21 0
36 21 0
32 0 0
21 0 0
10 0 0
Net_id 1
pin_num 5
13 21 0
23 21 0
21 13 0
21 35 0
1 26 0
Net_id 2
pin_num 5
32 52 0
38 54 0
59 50 0
51 51 0
49 59 0
Net_id 3
pin_num 5
10 2 0
6 2 0
9 24 0
24 10 0
12 36 0
Net_id 4
pin_num 5
48 52 0
38 45 0
45 48 0
42 49 0
45 44 0
Net_id 5
pin_num 5
24 47 0
24 43 0
9 47 0
19 25 0
19 4 0
Net_id 6
pin_num 5
8 43 0
19 43 0
13 50 0
25 47 0
15 29 0
Net_id 7
pin_num 5
29 57 0
41 51 0
27 54 0
37 48 0
46 49 0
Net_id 8
pin_num 5
13 23 0
21 36 0
38 35 0
14 36 0
33 38 0
Net_id 9
pin_num 5
35 38 0
42 33 0
41 23 0
29 25 0
33 39 0
Net_id 10
pin_num 5
22 11 0
9 11 0
20 31 0
26 23 0
42 21 0
Net_id 11
pin_num 5
48 38 0
57 30 0
28 30 0
59 15 0
55 29 0
Net_id 12
pin_num 5
8 33 0
7 48 0
17 39 0
1 35 0
13 59 0
Net_id 13
pin_num 5
28 33 0
16 24 0
20 50 0
4 40 0
22 22 0
Net_id 14
pin_num 5
20 28 0
24 28 0
2 28 0
0 41 0
23 39 0
Net_id 15
pin_num 5
40 14 0
45 9 0
46 0 0
9 0 0
4 0 0
Net_id 16
pin_num 5
51 36 0
55 34 0
46 34 0
59 34 0
54 30 0
Net_id 17
pin_num 5
34 56 0
47 56 0
48 58 0
54 59 0
42 59 0
Net_id 18
pin_num 5
44 18 0
41 16 0
40 15 0
59 31 0
58 34 0
Net_id 19
pin_num 5
40 24 0
43 32 0
20 24 0
41 27 0
57 21 0
Net_id 20
pin_num 4
30 1 0
21 1 0
15 12 0
23 8 0
Net_id 21
pin_num 4
0 8 0
2 0 0
4 10 0
8 6 0
Net_id 22
pin_num 4
22 39 0
18 41 0
1 42 0
22 49 0
Net_id 23
pin_num 4
25 56 0
18 56 0
29 59 0
14 48 0
Net_id 24
pin_num 4
15 4 0
19 2 0
10 5 0
6 1 0
Net_id 25
pin_num 4
32 19 0
22 19 0
11 27 0
11 23 0
Net_id 26
pin_num 4
23 58 0
28 57 0
16 59 0
30 48 0
Net_id 27
pin_num 4
44 1 0
34 4 0
48 8 0
41 1 0
Net_id 28
pin_num 4
28 17 0
37 14 0
39 1 0
49 3 0
Net_id 29
pin_num 4
59 59 0
50 51 0
55 48 0
53 52 0
Net_id 30
pin_num 4
43 12 0
59 10 0
59 0 0
46 7 0
Net_id 31
pin_num 4
17 54 0
29 58 0
37 47 0
31 45 0
Net_id 32
pin_num 4
19 1 0
12 3 0
6 11 0
24 9 0
Net_id 33
pin_num 4
14 12 0
1 7 0
14 4 0
3 0 0
Net_id 34
pin_num 4
42 42 0
30 42 0
22 42 0
16 53 0
Net_id 35
pin_num 4
35 32 0
42 25 0
16 29 0
27 43 0
Net_id 36
pin_num 4
28 21 0
34 18 0
31 29 0
23 18 0
Net_id 37
pin_num 4
48 48 0
46 44 0
33 40 0
47 34 0
Net_id 38
pin_num 4
10 14 0
1 5 0
14 6 0
2 9 0
Net_id 39
pin_num 4
22 46 0
23 51 0
44 50 0
23 43 0
Net_id 40
pin_num 3
5 51 0
0 49 0
21 57 0
Net_id 41
pin_num 3
9 31 0
16 51 0
5 48 0
Net_id 42
pin_num 3
26 41 0
9 52 0
0 48 0
Net_id 43
pin_num 3
22 31 0
32 22 0
58 15 0
Net_id 44
pin_num 3
20 34 0
10 36 0
27 38 0
Net_id 45
pin_num 3
26 43 0
14 54 0
4 58 0
Net_id 46
pin_num 3
9 29 0
16 39 0
32 33 0
Net_id 47
pin_num 3
47 25 0
56 30 0
41 28 0
Net_id 48
pin_num 3
46 45 0
36 55 0
23 55 0
Net_id 49
pin_num 3
34 29 0
24 22 0
25 4 0
Net_id 50
pin_num 3
12 59 0
8 46 0
6 59 0
Net_id 51
pin_num 3
36 29 0
22 36 0
8 31 0
Net_id 52
pin_num 3
22 6 0
44 7 0
14 5 0
Net_id 53
pin_num 3
11 37 0
21 43 0
32 51 0
Net_id 54
pin_num 3
17 57 0
17 46 0
20 9 0
Net_id 55
pin_num 3
39 37 0
48 43 0
43 51 0
Net_id 56
pin_num 3
4 38 0
5 45 0
0 22 0
Net_id 57
pin_num 3
21 27 0
26 32 0
31 16 0
Net_id 58
pin_num 3
20 52 0
34 57 0
50 59 0
Net_id 59
pin_num 3
17 56 0
7 56 0
27 52 0
Net_id 60
pin_num 3
6 18 0
0 20 0
17 20 0
Net_id 61
pin_num 3
5 32 0
23 40 0
13 51 0
Net_id 62
pin_num 3
30 41 0
45 33 0
45 24 0
Net_id 63
pin_num 3
33 53 0
21 46 0
17 50 0
Net_id 64
pin_num 3
41 17 0
56 6 0
47 1 0
Net_id 65
pin_num 3
3 34 0
20 4 0
30 58 0
Net_id 66
pin_num 3
45 40 0
36 33 0
40 59 0
Net_id 67
pin_num 3
37 58 0
59 49 0
56 53 0
Net_id 68
pin_num 3
3 25 0
2 27 0
10 13 0
Net_id 69
pin_num 3
9 23 0
4 32 0
18 35 0
Net_id 70
pin_num 3
30 40 0
28 38 0
32 47 0
Net_id 71
pin_num 3
56 47 0
58 49 0
40 55 0
Net_id 72
pin_num 3
54 4 0
57 7 0
53 9 0
Net_id 73
pin_num 3
31 33 0
28 26 0
23 29 0
Net_id 74
pin_num 3
35 57 0
38 51 0
39 54 0
Net_id 75
pin_num 3
44 25 0
51 30 0
53 5 0
Net_id 76
pin_num 3
9 48 0
10 57 0
6 52 0
Net_id 77
pin_num 3
57 38 0
52 39 0
58 37 0
Net_id 78
pin_num 3
44 31 0
57 15 0
46 4 0
Net_id 79
pin_num 3
46 24 0
50 32 0
51 48 0
Net_id 80
pin_num 3
34 10 0
47 22 0
31 0 0
Net_id 81
pin_num 2
29 8 0
14 19 0
Net_id 82
pin_num 2
20 48 0
32 36 0
Net_id 83
pin_num 2
59 1 0
47 13 0
Net_id 84
pin_num 2
23 4 0
21 5 0
Net_id 85
pin_num 2
2 54 0
18 57 0
Net_id 86
pin_num 2
37 59 0
32 56 0
Net_id 87
pin_num 2
16 46 0
3 56 0
Net_id 88
pin_num 2
8 39 0
1 53 0
Net_id 89
pin_num 2
0 1 0
8 3 0
Net_id 90
pin_num 2
3 9 0
11 6 0
Net_id 91
pin_num 2
35 45 0
44 44 0
Net_id 92
pin_num 2
31 44 0
48 47 0
Net_id 93
pin_num 2
47 38 0
41 33 0
Net_id 94
pin_num 2
12 13 0
29 34 0
Net_id 95
pin_num 2
54 35 0
45 22 0
Net_id 96
pin_num 2
17 45 0
22 37 0
Net_id 97
pin_num 2
34 8 0
24 8 0
Net_id 98
pin_num 2
45 35 0
54 29 0
Net_id 99
pin_num 2
32 34 0
40 36 0
Net_id 100
pin_num 2
26 30 0
6 44 0
Net_id 101
pin_num 2
39 11 0
49 11 0
Net_id 102
pin_num 2
34 47 0
31 52 0
Net_id 103
pin_num 2
3 7 0
16 9 0
Net_id 104
pin_num 2
59 11 0
56 14 0
Net_id 105
pin_num 2
23 1 0
31 10 0
Net_id 106
pin_num 2
47 36 0
24 26 0
Net_id 107
pin_num 2
8 37 0
13 57 0
Net_id 108
pin_num 2
20 16 0
36 22 0
Net_id 109
pin_num 2
43 1 0
36 14 0
Net_id 110
pin_num 2
15 42 0
30 59 0
Net_id 111
pin_num 2
1 44 0
0 47 0
Net_id 112
pin_num 2
7 42 0
24 21 0
Net_id 113
pin_num 2
25 28 0
40 47 0
Net_id 114
pin_num 2
36 53 0
12 44 0
Net_id 115
pin_num 2
48 14 0
43 22 0
Net_id 116
pin_num 2
52 26 0
58 5 0
Net_id 117
pin_num 2
19 9 0
10 7 0
Net_id 118
pin_num 2
3 2 0
5 3 0
Net_id 119
pin_num 2
35 17 0
34 11 0
Net_id 120
pin_num 2
30 25 0
40 48 0
Net_id 121
pin_num 2
36 19 0
55 15 0
Net_id 122
pin_num 2
10 52 0
18 46 0
Net_id 123
pin_num 2
1 19 0
11 22 0
Net_id 124
pin_num 2
43 39 0
34 39 0
Net_id 125
pin_num 2
7 43 0
4 36 0
Net_id 126
pin_num 2
14 14 0
44 19 0
Net_id 127
pin_num 2
24 5 0
31 5 0
Net_id 128
pin_num 2
4 43 0
1 57 0
Net_id 129
pin_num 2
6 7 0
15 13 0
Net_id 130
pin_num 2
0 10 0
3 11 0
Net_id 131
pin_num 2
52 42 0
56 54 0
Net_id 132
pin_num 2
33 16 0
40 40 0
Net_id 133
pin_num 2
12 4 0
28 10 0
Net_id 134
pin_num 2
30 49 0
36 47 0
Net_id 135
pin_num 2
4 44 0
1 54 0
Net_id 136
pin_num 2
2 37 0
14 25 0
Net_id 137
pin_num 2
12 6 0
1 6 0
Net_id 138
pin_num 2
29 0 0
36 4 0
Net_id 139
pin_num 2
31 12 0
30 15 0
Net_id 140
pin_num 2
26 56 0
50 56 0
Net_id 141
pin_num 2
2 30 0
15 32 0
Net_id 142
pin_num 2
58 50 0
43 54 0
Net_id 143
pin_num 2
16 22 0
25 3 0
Net_id 144
pin_num 2
47 33 0
43 38 0
Net_id 145
pin_num 2
59 55 0
52 55 0
Net_id 146
pin_num 2
50 43 0
51 50 0
Net_id 147
pin_num 2
54 37 0
29 41 0
Net_id 148
pin_num 2
46 18 0
51 33 0
Net_id 149
pin_num 2
22 51 0
17 51 0
Net_id 150
pin_num 2
56 15 0
51 26 0
Net_id 151
pin_num 2
56 41 0
45 41 0
Net_id 152
pin_num 2
42 22 0
44 26 0
Net_id 153
pin_num 2
13 5 0
10 6 0
Net_id 154
pin_num 2
28 34 0
14 57 0
Net_id 155
pin_num 2
50 45 0
39 26 0
Net_id 156
pin_num 2
13 18 0
3 40 0
Net_id 157
pin_num 2
29 30 0
39 30 0
Net_id 158
pin_num 2
13 44 0
30 37 0
Net_id 159
pin_num 2
51 16 0
54 24 0
Net_id 160
pin_num 2
34 14 0
24 14 0
Net_id 161
pin_num 2
41 31 0
50 28 0
Net_id 162
pin_num 2
18 19 0
15 17 0
