Width 60
Height 60
Layer 6
Total_WL 6774
Obstacle_num 144
38 45 0 48 46 0
50 29 0 54 30 0
35 22 0 38 23 0
24 43 0 27 44 0
40 0 0 50 1 0
24 49 0 30 50 0
16 3 0 23 4 0
15 31 0 23 32 0
44 55 0 54 56 0
24 13 0 34 14 0
8 24 0 17 25 0
10 45 0 18 46 0
18 35 0 22 36 0
42 26 0 52 27 0
12 1 0 21 2 0
36 26 0 39 27 0
36 16 0 44 17 0
12 44 0 19 45 0
24 54 0 29 55 0
17 34 0 25 35 0
17 49 0 23 50 0
49 20 0 55 21 0
32 32 0 42 33 0
16 53 0 26 54 0
18 28 1 19 37 1
1 49 1 2 59 1
23 9 1 24 18 1
29 25 1 30 33 1
7 15 1 8 21 1
53 44 1 54 50 1
3 47 1 4 54 1
46 17 1 47 20 1
22 12 1 23 16 1
49 14 1 50 22 1
38 11 1 39 14 1
56 31 1 57 36 1
32 25 1 33 35 1
0 49 1 1 53 1
22 39 1 23 47 1
0 12 1 1 18 1
16 0 1 17 6 1
56 12 1 57 18 1
5 32 1 6 35 1
25 24 1 26 33 1
47 24 1 48 31 1
57 0 1 58 7 1
31 30 1 32 34 1
28 5 1 29 12 1
0 31 2 9 32 2
28 15 2 36 16 2
40 22 2 43 23 2
40 45 2 49 46 2
42 41 2 45 42 2
50 32 2 54 33 2
34 46 2 38 47 2
26 11 2 31 12 2
2 3 2 11 4 2
34 23 2 39 24 2
47 10 2 52 11 2
55 28 2 58 29 2
40 47 2 44 48 2
33 26 2 43 27 2
21 43 2 27 44 2
6 11 2 16 12 2
4 41 2 12 42 2
2 36 2 11 37 2
42 34 2 47 35 2
29 6 2 32 7 2
15 28 2 23 29 2
22 27 2 25 28 2
14 9 2 17 10 2
42 25 2 46 26 2
12 17 3 13 21 3
13 49 3 14 58 3
32 40 3 33 45 3
26 35 3 27 39 3
45 12 3 46 15 3
9 25 3 10 28 3
29 7 3 30 10 3
25 7 3 26 11 3
31 20 3 32 28 3
56 41 3 57 47 3
21 11 3 22 15 3
19 49 3 20 53 3
40 4 3 41 10 3
49 5 3 50 15 3
11 52 3 12 58 3
14 18 3 15 21 3
39 48 3 40 52 3
2 19 3 3 28 3
49 28 3 50 36 3
24 54 3 25 59 3
20 22 3 21 26 3
11 15 3 12 22 3
14 23 3 15 27 3
10 15 3 11 22 3
49 4 4 58 5 4
10 2 4 20 3 4
18 1 4 21 2 4
11 42 4 14 43 4
8 25 4 11 26 4
50 43 4 58 44 4
16 50 4 26 51 4
19 46 4 27 47 4
23 42 4 31 43 4
8 11 4 18 12 4
48 44 4 53 45 4
41 38 4 44 39 4
49 47 4 57 48 4
26 39 4 32 40 4
33 38 4 41 39 4
48 18 4 57 19 4
26 25 4 29 26 4
18 28 4 26 29 4
41 56 4 51 57 4
8 48 4 15 49 4
33 47 4 42 48 4
49 34 4 59 35 4
46 25 4 51 26 4
3 39 4 9 40 4
57 10 5 58 16 5
50 20 5 51 25 5
37 36 5 38 41 5
7 38 5 8 46 5
56 43 5 57 48 5
47 47 5 48 54 5
37 48 5 38 56 5
11 50 5 12 59 5
25 16 5 26 26 5
51 26 5 52 35 5
42 28 5 43 37 5
41 51 5 42 56 5
18 7 5 19 16 5
17 3 5 18 7 5
16 38 5 17 42 5
14 1 5 15 4 5
30 49 5 31 55 5
0 22 5 1 28 5
2 39 5 3 46 5
27 34 5 28 42 5
24 14 5 25 24 5
12 26 5 13 33 5
17 23 5 18 31 5
4 2 5 5 6 5
Net_num 157
Net_id 0
pin_num 5
16 56 0
2 56 0
13 59 0
11 52 0
0 54 0
Net_id 1
pin_num 5
28 48 0
21 48 0
16 48 0
26 59 0
23 33 0
Net_id 2
pin_num 5
57 46 0
57 30 0
37 37 0
57 57 0
59 39 0
Net_id 3
pin_num 5
33 38 0
37 43 0
33 51 0
27 39 0
34 49 0
Net_id 4
pin_num 5
28 25 0
23 24 0
32 18 0
11 20 0
26 31 0
Net_id 5
pin_num 5
45 32 0
34 41 0
50 32 0
45 50 0
12 40 0
Net_id 6
pin_num 5
35 27 0
52 30 0
40 34 0
38 33 0
51 13 0
Net_id 7
pin_num 5
20 6 0
2 2 0
0 1 0
8 0 0
18 18 0
Net_id 8
pin_num 5
43 38 0
44 24 0
59 28 0
37 24 0
50 50 0
Net_id 9
pin_num 5
17 12 0
9 16 0
19 0 0
35 13 0
25 33 0
Net_id 10
pin_num 5
49 9 0
54 13 0
52 1 0
54 31 0
59 17 0
Net_id 11
pin_num 5
15 41 0
4 41 0
0 40 0
22 35 0
5 54 0
Net_id 12
pin_num 5
26 20 0
17 16 0
31 10 0
48 21 0
26 15 0
Net_id 13
pin_num 5
57 50 0
46 52 0
46 28 0
29 51 0
46 16 0
Net_id 14
pin_num 5
45 36 0
58 36 0
46 50 0
53 44 0
57 31 0
Net_id 15
pin_num 5
59 27 0
49 38 0
35 29 0
36 33 0
59 30 0
Net_id 16
pin_num 5
11 10 0
3 7 0
11 33 0
0 28 0
23 11 0
Net_id 17
pin_num 5
30 55 0
12 54 0
12 43 0
23 47 0
25 52 0
Net_id 18
pin_num 5
50 19 0
58 15 0
57 29 0
58 16 0
59 40 0
Net_id 19
pin_num 5
43 49 0
56 52 0
47 57 0
52 33 0
29 57 0
Net_id 20
pin_num 4
31 56 0
36 56 0
30 59 0
17 46 0
Net_id 21
pin_num 4
15 13 0
9 5 0
1 10 0
5 8 0
Net_id 22
pin_num 4
25 17 0
33 12 0
27 24 0
50 0 0
Net_id 23
pin_num 4
42 42 0
24 42 0
30 32 0
0 56 0
Net_id 24
pin_num 4
53 49 0
59 41 0
59 55 0
48 43 0
Net_id 25
pin_num 4
36 18 0
48 22 0
58 26 0
43 28 0
Net_id 26
pin_num 4
26 16 0
34 21 0
9 19 0
19 21 0
Net_id 27
pin_num 4
33 23 0
28 17 0
38 22 0
39 39 0
Net_id 28
pin_num 4
38 10 0
42 17 0
32 11 0
36 25 0
Net_id 29
pin_num 4
52 0 0
50 2 0
37 2 0
29 1 0
Net_id 30
pin_num 4
14 39 0
9 35 0
3 39 0
17 18 0
Net_id 31
pin_num 4
9 49 0
6 50 0
36 55 0
0 59 0
Net_id 32
pin_num 4
24 59 0
40 56 0
14 51 0
14 38 0
Net_id 33
pin_num 4
12 21 0
4 19 0
4 34 0
55 20 0
Net_id 34
pin_num 4
44 37 0
57 35 0
47 46 0
42 38 0
Net_id 35
pin_num 4
11 26 0
0 23 0
7 48 0
18 24 0
Net_id 36
pin_num 4
44 44 0
27 44 0
41 34 0
56 39 0
Net_id 37
pin_num 3
31 50 0
40 50 0
32 55 0
Net_id 38
pin_num 3
39 9 0
47 9 0
39 26 0
Net_id 39
pin_num 3
16 30 0
10 14 0
13 12 0
Net_id 40
pin_num 3
52 51 0
40 40 0
42 43 0
Net_id 41
pin_num 3
15 58 0
34 54 0
42 58 0
Net_id 42
pin_num 3
24 44 0
31 37 0
29 10 0
Net_id 43
pin_num 3
2 47 0
14 43 0
10 54 0
Net_id 44
pin_num 3
8 11 0
23 4 0
23 2 0
Net_id 45
pin_num 3
34 9 0
24 11 0
16 21 0
Net_id 46
pin_num 3
32 29 0
13 33 0
0 48 0
Net_id 47
pin_num 3
56 3 0
56 7 0
42 7 0
Net_id 48
pin_num 3
38 7 0
24 22 0
0 11 0
Net_id 49
pin_num 3
16 32 0
24 35 0
14 23 0
Net_id 50
pin_num 3
29 17 0
52 22 0
29 21 0
Net_id 51
pin_num 3
51 54 0
54 55 0
53 30 0
Net_id 52
pin_num 3
21 38 0
15 34 0
29 50 0
Net_id 53
pin_num 3
0 57 0
15 57 0
8 52 0
Net_id 54
pin_num 3
33 3 0
19 12 0
0 18 0
Net_id 55
pin_num 3
36 29 0
50 11 0
31 27 0
Net_id 56
pin_num 3
42 40 0
56 30 0
52 53 0
Net_id 57
pin_num 3
46 15 0
50 8 0
27 12 0
Net_id 58
pin_num 3
16 50 0
2 59 0
13 58 0
Net_id 59
pin_num 3
23 44 0
8 51 0
0 32 0
Net_id 60
pin_num 3
55 22 0
58 20 0
47 21 0
Net_id 61
pin_num 3
21 5 0
6 17 0
1 28 0
Net_id 62
pin_num 3
0 39 0
8 48 0
31 47 0
Net_id 63
pin_num 3
22 6 0
48 8 0
40 35 0
Net_id 64
pin_num 3
44 3 0
39 3 0
21 0 0
Net_id 65
pin_num 3
38 31 0
44 31 0
58 45 0
Net_id 66
pin_num 3
17 28 0
0 19 0
5 24 0
Net_id 67
pin_num 3
53 56 0
58 56 0
41 56 0
Net_id 68
pin_num 3
34 5 0
41 4 0
43 17 0
Net_id 69
pin_num 3
44 58 0
32 49 0
5 56 0
Net_id 70
pin_num 3
14 33 0
38 21 0
38 39 0
Net_id 71
pin_num 3
59 51 0
49 50 0
58 41 0
Net_id 72
pin_num 3
41 50 0
43 55 0
43 30 0
Net_id 73
pin_num 3
11 0 0
19 9 0
49 23 0
Net_id 74
pin_num 3
38 35 0
31 40 0
39 21 0
Net_id 75
pin_num 2
27 30 0
44 17 0
Net_id 76
pin_num 2
20 39 0
16 25 0
Net_id 77
pin_num 2
9 10 0
1 4 0
Net_id 78
pin_num 2
55 49 0
58 52 0
Net_id 79
pin_num 2
59 57 0
54 59 0
Net_id 80
pin_num 2
26 10 0
22 0 0
Net_id 81
pin_num 2
42 52 0
47 59 0
Net_id 82
pin_num 2
54 8 0
56 5 0
Net_id 83
pin_num 2
29 36 0
48 24 0
Net_id 84
pin_num 2
31 35 0
16 22 0
Net_id 85
pin_num 2
55 51 0
55 48 0
Net_id 86
pin_num 2
48 40 0
58 46 0
Net_id 87
pin_num 2
11 38 0
2 37 0
Net_id 88
pin_num 2
46 23 0
57 15 0
Net_id 89
pin_num 2
35 21 0
37 19 0
Net_id 90
pin_num 2
21 57 0
18 54 0
Net_id 91
pin_num 2
53 21 0
35 18 0
Net_id 92
pin_num 2
44 30 0
50 53 0
Net_id 93
pin_num 2
50 5 0
35 4 0
Net_id 94
pin_num 2
35 52 0
41 55 0
Net_id 95
pin_num 2
6 18 0
2 19 0
Net_id 96
pin_num 2
53 51 0
38 25 0
Net_id 97
pin_num 2
46 8 0
51 0 0
Net_id 98
pin_num 2
59 32 0
51 46 0
Net_id 99
pin_num 2
11 46 0
2 34 0
Net_id 100
pin_num 2
15 9 0
30 2 0
Net_id 101
pin_num 2
24 8 0
6 14 0
Net_id 102
pin_num 2
24 4 0
26 1 0
Net_id 103
pin_num 2
16 13 0
31 0 0
Net_id 104
pin_num 2
42 1 0
48 23 0
Net_id 105
pin_num 2
57 59 0
53 53 0
Net_id 106
pin_num 2
7 37 0
33 25 0
Net_id 107
pin_num 2
8 32 0
26 36 0
Net_id 108
pin_num 2
58 7 0
53 13 0
Net_id 109
pin_num 2
31 41 0
51 45 0
Net_id 110
pin_num 2
38 1 0
31 4 0
Net_id 111
pin_num 2
42 46 0
31 53 0
Net_id 112
pin_num 2
20 7 0
33 11 0
Net_id 113
pin_num 2
34 55 0
28 46 0
Net_id 114
pin_num 2
58 21 0
41 33 0
Net_id 115
pin_num 2
52 41 0
37 31 0
Net_id 116
pin_num 2
40 36 0
37 33 0
Net_id 117
pin_num 2
39 23 0
22 32 0
Net_id 118
pin_num 2
10 59 0
15 49 0
Net_id 119
pin_num 2
59 29 0
57 34 0
Net_id 120
pin_num 2
42 39 0
33 54 0
Net_id 121
pin_num 2
11 25 0
0 37 0
Net_id 122
pin_num 2
53 5 0
56 14 0
Net_id 123
pin_num 2
45 39 0
55 35 0
Net_id 124
pin_num 2
32 8 0
39 19 0
Net_id 125
pin_num 2
49 3 0
42 19 0
Net_id 126
pin_num 2
48 46 0
54 53 0
Net_id 127
pin_num 2
15 29 0
8 29 0
Net_id 128
pin_num 2
51 25 0
56 26 0
Net_id 129
pin_num 2
9 34 0
5 6 0
Net_id 130
pin_num 2
13 21 0
16 16 0
Net_id 131
pin_num 2
49 41 0
32 47 0
Net_id 132
pin_num 2
2 20 0
14 31 0
Net_id 133
pin_num 2
6 29 0
15 39 0
Net_id 134
pin_num 2
24 40 0
15 27 0
Net_id 135
pin_num 2
4 52 0
26 34 0
Net_id 136
pin_num 2
49 45 0
37 25 0
Net_id 137
pin_num 2
37 45 0
11 58 0
Net_id 138
pin_num 2
11 43 0
4 12 0
Net_id 139
pin_num 2
38 41 0
41 28 0
Net_id 140
pin_num 2
47 17 0
58 2 0
Net_id 141
pin_num 2
35 5 0
22 17 0
Net_id 142
pin_num 2
44 48 0
49 53 0
Net_id 143
pin_num 2
7 5 0
24 2 0
Net_id 144
pin_num 2
0 17 0
2 16 0
Net_id 145
pin_num 2
4 6 0
9 4 0
Net_id 146
pin_num 2
44 16 0
50 4 0
Net_id 147
pin_num 2
28 32 0
2 32 0
Net_id 148
pin_num 2
42 12 0
33 19 0
Net_id 149
pin_num 2
12 12 0
3 23 0
Net_id 150
pin_num 2
12 53 0
22 38 0
Net_id 151
pin_num 2
55 6 0
20 26 0
Net_id 152
pin_num 2
21 51 0
41 49 0
Net_id 153
pin_num 2
11 4 0
21 22 0
Net_id 154
pin_num 2
23 38 0
44 54 0
Net_id 155
pin_num 2
26 21 0
39 7 0
Net_id 156
pin_num 2
2 51 0
16 54 0
