Width 60
Height 60
Layer 6
Total_WL 6418
Obstacle_num 144
34 13 0 41 14 0
10 55 0 14 56 0
8 30 0 16 31 0
39 5 0 49 6 0
10 33 0 18 34 0
19 6 0 24 7 0
15 18 0 20 19 0
8 39 0 18 40 0
9 53 0 19 54 0
9 12 0 19 13 0
38 33 0 42 34 0
43 25 0 49 26 0
18 30 0 23 31 0
5 50 0 15 51 0
44 56 0 51 57 0
24 1 0 31 2 0
2 58 0 12 59 0
5 26 0 11 27 0
19 20 0 22 21 0
1 0 0 9 1 0
4 29 0 9 30 0
18 15 0 27 16 0
32 1 0 39 2 0
52 30 0 55 31 0
14 6 1 15 9 1
45 32 1 46 39 1
56 39 1 57 47 1
26 41 1 27 51 1
23 24 1 24 32 1
46 41 1 47 50 1
24 1 1 25 9 1
12 28 1 13 32 1
32 31 1 33 37 1
38 38 1 39 41 1
17 21 1 18 27 1
47 40 1 48 48 1
53 34 1 54 43 1
29 30 1 30 37 1
18 51 1 19 57 1
58 1 1 59 10 1
32 7 1 33 10 1
34 22 1 35 31 1
44 47 1 45 51 1
48 13 1 49 19 1
31 51 1 32 54 1
31 11 1 32 20 1
50 10 1 51 18 1
1 15 1 2 18 1
25 46 2 32 47 2
31 44 2 41 45 2
21 22 2 31 23 2
18 43 2 25 44 2
16 26 2 24 27 2
48 1 2 53 2 2
21 44 2 30 45 2
39 14 2 45 15 2
4 43 2 11 44 2
15 58 2 18 59 2
26 58 2 31 59 2
31 21 2 41 22 2
39 16 2 42 17 2
12 0 2 22 1 2
33 33 2 43 34 2
10 30 2 19 31 2
39 37 2 48 38 2
13 11 2 19 12 2
19 52 2 28 53 2
44 20 2 52 21 2
5 8 2 11 9 2
35 0 2 38 1 2
46 53 2 52 54 2
47 41 2 56 42 2
25 3 3 26 12 3
4 0 3 5 8 3
38 7 3 39 14 3
4 21 3 5 24 3
15 48 3 16 57 3
46 4 3 47 8 3
21 19 3 22 23 3
1 35 3 2 40 3
32 7 3 33 15 3
1 51 3 2 58 3
48 38 3 49 46 3
15 25 3 16 35 3
26 22 3 27 32 3
13 36 3 14 39 3
3 3 3 4 9 3
2 9 3 3 14 3
40 45 3 41 53 3
29 41 3 30 47 3
40 18 3 41 27 3
31 1 3 32 7 3
3 47 3 4 57 3
1 8 3 2 18 3
50 32 3 51 38 3
23 21 3 24 24 3
18 41 4 25 42 4
48 13 4 58 14 4
5 53 4 9 54 4
6 55 4 13 56 4
53 20 4 59 21 4
47 35 4 57 36 4
48 21 4 55 22 4
22 51 4 30 52 4
2 17 4 5 18 4
35 26 4 44 27 4
30 2 4 37 3 4
47 10 4 57 11 4
0 34 4 9 35 4
38 57 4 43 58 4
38 5 4 45 6 4
0 16 4 5 17 4
16 26 4 21 27 4
12 12 4 21 13 4
5 45 4 9 46 4
35 56 4 38 57 4
22 42 4 30 43 4
35 35 4 42 36 4
16 10 4 26 11 4
30 55 4 38 56 4
28 36 5 29 46 5
32 38 5 33 48 5
38 51 5 39 56 5
24 41 5 25 51 5
40 13 5 41 23 5
8 24 5 9 32 5
10 46 5 11 53 5
17 33 5 18 38 5
18 38 5 19 48 5
10 4 5 11 8 5
6 2 5 7 10 5
21 41 5 22 45 5
15 44 5 16 47 5
35 23 5 36 31 5
30 30 5 31 37 5
19 43 5 20 52 5
5 47 5 6 52 5
0 8 5 1 12 5
43 25 5 44 34 5
21 0 5 22 3 5
31 36 5 32 46 5
1 22 5 2 31 5
25 43 5 26 49 5
22 14 5 23 18 5
Net_num 160
Net_id 0
pin_num 5
27 2 0
16 10 0
9 2 0
13 22 0
19 9 0
Net_id 1
pin_num 5
24 8 0
19 8 0
13 8 0
28 8 0
20 29 0
Net_id 2
pin_num 5
25 49 0
22 38 0
35 48 0
24 30 0
55 48 0
Net_id 3
pin_num 5
58 2 0
53 2 0
42 2 0
59 3 0
47 8 0
Net_id 4
pin_num 5
17 47 0
24 58 0
19 40 0
0 50 0
22 43 0
Net_id 5
pin_num 5
34 28 0
35 25 0
22 28 0
9 29 0
30 21 0
Net_id 6
pin_num 5
51 31 0
59 19 0
55 42 0
49 37 0
54 25 0
Net_id 7
pin_num 5
30 52 0
25 56 0
41 54 0
31 57 0
30 46 0
Net_id 8
pin_num 5
27 4 0
37 4 0
48 4 0
29 19 0
49 15 0
Net_id 9
pin_num 5
36 9 0
49 3 0
45 18 0
45 12 0
43 0 0
Net_id 10
pin_num 5
45 1 0
48 10 0
41 6 0
48 0 0
46 9 0
Net_id 11
pin_num 5
32 11 0
39 7 0
37 22 0
19 16 0
28 27 0
Net_id 12
pin_num 5
5 51 0
9 59 0
9 44 0
20 50 0
32 50 0
Net_id 13
pin_num 5
18 1 0
29 2 0
29 20 0
22 13 0
28 9 0
Net_id 14
pin_num 5
26 21 0
33 22 0
6 21 0
26 9 0
16 25 0
Net_id 15
pin_num 5
8 4 0
15 5 0
4 4 0
7 1 0
0 17 0
Net_id 16
pin_num 5
58 10 0
56 6 0
59 29 0
51 23 0
57 18 0
Net_id 17
pin_num 5
20 44 0
37 44 0
34 49 0
29 39 0
34 33 0
Net_id 18
pin_num 5
52 11 0
43 10 0
47 14 0
51 12 0
40 1 0
Net_id 19
pin_num 5
25 11 0
31 11 0
29 0 0
19 5 0
9 0 0
Net_id 20
pin_num 5
7 22 0
1 18 0
1 33 0
18 19 0
18 24 0
Net_id 21
pin_num 4
45 45 0
49 38 0
23 40 0
27 30 0
Net_id 22
pin_num 4
8 8 0
30 8 0
11 5 0
5 5 0
Net_id 23
pin_num 4
20 13 0
18 31 0
41 21 0
18 0 0
Net_id 24
pin_num 4
24 48 0
17 48 0
16 27 0
12 45 0
Net_id 25
pin_num 4
34 51 0
25 48 0
31 50 0
21 57 0
Net_id 26
pin_num 4
3 30 0
11 24 0
0 28 0
6 27 0
Net_id 27
pin_num 4
58 58 0
42 58 0
30 45 0
37 46 0
Net_id 28
pin_num 4
48 45 0
44 36 0
59 39 0
52 59 0
Net_id 29
pin_num 4
6 46 0
12 34 0
22 34 0
0 31 0
Net_id 30
pin_num 4
6 45 0
11 54 0
27 53 0
9 51 0
Net_id 31
pin_num 4
6 34 0
0 34 0
3 12 0
11 44 0
Net_id 32
pin_num 4
8 51 0
6 55 0
2 51 0
44 59 0
Net_id 33
pin_num 4
33 21 0
32 25 0
43 8 0
50 19 0
Net_id 34
pin_num 4
1 36 0
13 43 0
0 58 0
4 57 0
Net_id 35
pin_num 4
2 56 0
15 57 0
20 57 0
4 59 0
Net_id 36
pin_num 4
39 50 0
35 56 0
52 52 0
26 53 0
Net_id 37
pin_num 4
15 38 0
5 41 0
14 19 0
13 40 0
Net_id 38
pin_num 4
0 20 0
9 20 0
0 35 0
0 0 0
Net_id 39
pin_num 4
34 16 0
21 9 0
39 10 0
43 20 0
Net_id 40
pin_num 4
44 8 0
28 3 0
36 8 0
59 5 0
Net_id 41
pin_num 3
34 22 0
38 2 0
21 35 0
Net_id 42
pin_num 3
45 51 0
42 59 0
59 49 0
Net_id 43
pin_num 3
4 21 0
5 14 0
34 14 0
Net_id 44
pin_num 3
59 35 0
48 40 0
46 30 0
Net_id 45
pin_num 3
14 6 0
0 2 0
0 18 0
Net_id 46
pin_num 3
36 29 0
56 24 0
48 37 0
Net_id 47
pin_num 3
33 2 0
17 13 0
27 24 0
Net_id 48
pin_num 3
48 53 0
54 45 0
41 58 0
Net_id 49
pin_num 3
19 31 0
29 47 0
28 42 0
Net_id 50
pin_num 3
41 12 0
50 31 0
51 16 0
Net_id 51
pin_num 3
13 36 0
2 17 0
2 29 0
Net_id 52
pin_num 3
15 48 0
2 48 0
11 31 0
Net_id 53
pin_num 3
48 6 0
42 1 0
43 3 0
Net_id 54
pin_num 3
13 21 0
9 25 0
26 35 0
Net_id 55
pin_num 3
24 52 0
40 43 0
50 55 0
Net_id 56
pin_num 3
21 51 0
4 54 0
7 59 0
Net_id 57
pin_num 3
37 8 0
46 17 0
51 1 0
Net_id 58
pin_num 3
34 9 0
35 14 0
45 14 0
Net_id 59
pin_num 3
56 7 0
39 22 0
47 22 0
Net_id 60
pin_num 3
22 57 0
48 54 0
50 46 0
Net_id 61
pin_num 3
55 28 0
55 20 0
48 22 0
Net_id 62
pin_num 3
6 1 0
2 14 0
23 3 0
Net_id 63
pin_num 3
10 44 0
2 40 0
4 12 0
Net_id 64
pin_num 3
31 53 0
38 49 0
32 58 0
Net_id 65
pin_num 3
35 37 0
49 29 0
0 29 0
Net_id 66
pin_num 3
20 45 0
38 56 0
11 23 0
Net_id 67
pin_num 3
29 58 0
33 37 0
43 54 0
Net_id 68
pin_num 3
34 31 0
31 34 0
47 31 0
Net_id 69
pin_num 3
15 22 0
22 22 0
15 43 0
Net_id 70
pin_num 3
39 53 0
47 54 0
38 37 0
Net_id 71
pin_num 3
53 19 0
59 20 0
57 23 0
Net_id 72
pin_num 3
52 0 0
43 21 0
27 3 0
Net_id 73
pin_num 3
52 25 0
34 17 0
36 41 0
Net_id 74
pin_num 3
17 58 0
3 52 0
9 55 0
Net_id 75
pin_num 3
49 57 0
43 56 0
43 42 0
Net_id 76
pin_num 3
48 34 0
58 37 0
33 34 0
Net_id 77
pin_num 3
50 43 0
57 42 0
41 36 0
Net_id 78
pin_num 3
40 10 0
42 20 0
36 17 0
Net_id 79
pin_num 2
24 35 0
7 30 0
Net_id 80
pin_num 2
27 55 0
40 47 0
Net_id 81
pin_num 2
35 10 0
43 16 0
Net_id 82
pin_num 2
55 6 0
49 19 0
Net_id 83
pin_num 2
57 39 0
57 11 0
Net_id 84
pin_num 2
41 28 0
31 20 0
Net_id 85
pin_num 2
57 33 0
53 27 0
Net_id 86
pin_num 2
42 7 0
53 3 0
Net_id 87
pin_num 2
11 20 0
16 7 0
Net_id 88
pin_num 2
33 40 0
27 41 0
Net_id 89
pin_num 2
50 30 0
38 26 0
Net_id 90
pin_num 2
49 21 0
50 27 0
Net_id 91
pin_num 2
19 38 0
2 49 0
Net_id 92
pin_num 2
56 33 0
43 32 0
Net_id 93
pin_num 2
42 41 0
56 27 0
Net_id 94
pin_num 2
29 17 0
36 20 0
Net_id 95
pin_num 2
29 24 0
27 7 0
Net_id 96
pin_num 2
47 1 0
29 23 0
Net_id 97
pin_num 2
28 43 0
22 41 0
Net_id 98
pin_num 2
37 51 0
57 51 0
Net_id 99
pin_num 2
50 51 0
42 47 0
Net_id 100
pin_num 2
27 9 0
31 24 0
Net_id 101
pin_num 2
52 13 0
57 1 0
Net_id 102
pin_num 2
13 15 0
25 20 0
Net_id 103
pin_num 2
13 46 0
25 37 0
Net_id 104
pin_num 2
27 38 0
39 49 0
Net_id 105
pin_num 2
54 41 0
51 44 0
Net_id 106
pin_num 2
41 26 0
46 39 0
Net_id 107
pin_num 2
11 3 0
30 12 0
Net_id 108
pin_num 2
6 38 0
3 39 0
Net_id 109
pin_num 2
33 57 0
24 54 0
Net_id 110
pin_num 2
10 19 0
3 11 0
Net_id 111
pin_num 2
34 5 0
45 19 0
Net_id 112
pin_num 2
8 21 0
0 23 0
Net_id 113
pin_num 2
56 57 0
43 50 0
Net_id 114
pin_num 2
41 59 0
33 50 0
Net_id 115
pin_num 2
34 38 0
57 40 0
Net_id 116
pin_num 2
14 43 0
20 38 0
Net_id 117
pin_num 2
23 47 0
30 49 0
Net_id 118
pin_num 2
33 25 0
20 32 0
Net_id 119
pin_num 2
27 5 0
12 8 0
Net_id 120
pin_num 2
42 44 0
46 44 0
Net_id 121
pin_num 2
53 36 0
57 36 0
Net_id 122
pin_num 2
58 40 0
48 27 0
Net_id 123
pin_num 2
58 46 0
52 45 0
Net_id 124
pin_num 2
46 14 0
59 44 0
Net_id 125
pin_num 2
33 10 0
20 10 0
Net_id 126
pin_num 2
52 42 0
55 59 0
Net_id 127
pin_num 2
45 37 0
39 42 0
Net_id 128
pin_num 2
56 13 0
30 6 0
Net_id 129
pin_num 2
7 44 0
18 39 0
Net_id 130
pin_num 2
32 12 0
47 35 0
Net_id 131
pin_num 2
58 48 0
45 59 0
Net_id 132
pin_num 2
38 43 0
50 49 0
Net_id 133
pin_num 2
15 11 0
21 11 0
Net_id 134
pin_num 2
28 7 0
16 6 0
Net_id 135
pin_num 2
53 26 0
56 21 0
Net_id 136
pin_num 2
56 8 0
56 0 0
Net_id 137
pin_num 2
47 39 0
53 29 0
Net_id 138
pin_num 2
5 33 0
9 13 0
Net_id 139
pin_num 2
39 57 0
45 55 0
Net_id 140
pin_num 2
55 55 0
59 57 0
Net_id 141
pin_num 2
41 1 0
59 2 0
Net_id 142
pin_num 2
12 9 0
28 2 0
Net_id 143
pin_num 2
44 54 0
49 59 0
Net_id 144
pin_num 2
37 43 0
21 17 0
Net_id 145
pin_num 2
37 36 0
46 27 0
Net_id 146
pin_num 2
18 37 0
41 44 0
Net_id 147
pin_num 2
18 45 0
18 40 0
Net_id 148
pin_num 2
53 13 0
53 16 0
Net_id 149
pin_num 2
20 42 0
25 42 0
Net_id 150
pin_num 2
28 26 0
26 23 0
Net_id 151
pin_num 2
13 54 0
23 55 0
Net_id 152
pin_num 2
0 40 0
5 44 0
Net_id 153
pin_num 2
58 27 0
51 36 0
Net_id 154
pin_num 2
0 1 0
4 10 0
Net_id 155
pin_num 2
9 9 0
4 9 0
Net_id 156
pin_num 2
6 28 0
19 36 0
Net_id 157
pin_num 2
56 37 0
50 59 0
Net_id 158
pin_num 2
38 16 0
32 26 0
Net_id 159
pin_num 2
9 22 0
5 42 0
