Width 60
Height 60
Layer 6
Total_WL 6713
Obstacle_num 144
32 23 0 41 24 0
33 49 0 37 50 0
47 19 0 52 20 0
28 50 0 38 51 0
5 31 0 13 32 0
48 14 0 57 15 0
20 30 0 26 31 0
17 4 0 21 5 0
50 9 0 59 10 0
20 8 0 26 9 0
21 42 0 26 43 0
28 36 0 33 37 0
24 19 0 29 20 0
44 27 0 53 28 0
35 10 0 41 11 0
43 53 0 49 54 0
45 16 0 54 17 0
16 3 0 22 4 0
6 58 0 13 59 0
41 26 0 46 27 0
37 11 0 45 12 0
37 16 0 44 17 0
1 24 0 11 25 0
29 46 0 39 47 0
56 0 1 57 4 1
1 27 1 2 36 1
13 4 1 14 12 1
50 21 1 51 30 1
26 13 1 27 17 1
8 19 1 9 29 1
20 48 1 21 56 1
39 26 1 40 36 1
28 40 1 29 50 1
50 52 1 51 56 1
57 38 1 58 41 1
28 26 1 29 32 1
29 1 1 30 11 1
42 46 1 43 52 1
38 11 1 39 20 1
33 24 1 34 34 1
58 39 1 59 42 1
35 41 1 36 48 1
20 5 1 21 12 1
23 4 1 24 14 1
38 2 1 39 9 1
53 8 1 54 12 1
40 29 1 41 34 1
37 41 1 38 48 1
50 14 2 58 15 2
41 53 2 49 54 2
16 34 2 19 35 2
4 27 2 11 28 2
43 3 2 52 4 2
4 48 2 12 49 2
0 11 2 8 12 2
26 43 2 33 44 2
30 41 2 38 42 2
44 4 2 54 5 2
15 16 2 21 17 2
16 15 2 19 16 2
46 30 2 53 31 2
42 27 2 51 28 2
41 1 2 48 2 2
16 40 2 22 41 2
29 56 2 38 57 2
15 56 2 24 57 2
31 24 2 40 25 2
45 20 2 51 21 2
17 36 2 23 37 2
12 37 2 22 38 2
9 37 2 12 38 2
37 45 2 44 46 2
9 24 3 10 32 3
14 38 3 15 46 3
54 24 3 55 31 3
17 51 3 18 54 3
12 10 3 13 16 3
43 12 3 44 18 3
27 0 3 28 3 3
24 12 3 25 21 3
1 27 3 2 32 3
3 43 3 4 50 3
55 3 3 56 12 3
53 17 3 54 22 3
37 39 3 38 44 3
27 15 3 28 19 3
37 24 3 38 32 3
58 47 3 59 51 3
52 9 3 53 13 3
34 26 3 35 35 3
34 39 3 35 47 3
40 47 3 41 51 3
47 47 3 48 51 3
2 41 3 3 48 3
20 31 3 21 38 3
1 19 3 2 26 3
14 51 4 23 52 4
15 24 4 20 25 4
52 52 4 56 53 4
20 11 4 23 12 4
24 26 4 33 27 4
26 53 4 35 54 4
15 6 4 23 7 4
52 9 4 55 10 4
15 12 4 22 13 4
38 22 4 47 23 4
11 39 4 14 40 4
1 10 4 5 11 4
10 21 4 13 22 4
24 16 4 28 17 4
48 5 4 54 6 4
44 34 4 47 35 4
35 58 4 42 59 4
29 9 4 33 10 4
56 41 4 59 42 4
43 28 4 46 29 4
2 50 4 7 51 4
33 31 4 40 32 4
16 23 4 22 24 4
50 4 4 54 5 4
9 44 5 10 49 5
57 48 5 58 51 5
12 28 5 13 32 5
58 24 5 59 30 5
11 37 5 12 44 5
0 1 5 1 5 5
50 16 5 51 25 5
14 29 5 15 39 5
27 6 5 28 12 5
52 26 5 53 33 5
45 46 5 46 56 5
19 28 5 20 38 5
46 54 5 47 59 5
40 21 5 41 29 5
28 17 5 29 22 5
27 33 5 28 41 5
49 27 5 50 35 5
37 8 5 38 14 5
33 35 5 34 43 5
33 5 5 34 10 5
19 21 5 20 26 5
17 33 5 18 39 5
30 10 5 31 17 5
44 45 5 45 48 5
Net_num 157
Net_id 0
pin_num 5
44 0 0
48 11 0
36 0 0
22 10 0
42 17 0
Net_id 1
pin_num 5
20 5 0
21 7 0
16 6 0
11 6 0
20 25 0
Net_id 2
pin_num 5
45 49 0
59 53 0
53 28 0
58 34 0
59 45 0
Net_id 3
pin_num 5
43 40 0
24 41 0
46 41 0
38 45 0
27 44 0
Net_id 4
pin_num 5
8 28 0
1 18 0
11 19 0
7 26 0
10 16 0
Net_id 5
pin_num 5
5 56 0
9 53 0
0 44 0
14 59 0
4 49 0
Net_id 6
pin_num 5
48 21 0
56 16 0
52 34 0
59 30 0
54 19 0
Net_id 7
pin_num 5
57 5 0
54 5 0
59 8 0
47 0 0
57 15 0
Net_id 8
pin_num 5
13 28 0
1 36 0
0 39 0
8 51 0
15 59 0
Net_id 9
pin_num 5
25 37 0
12 30 0
19 18 0
0 29 0
42 19 0
Net_id 10
pin_num 5
23 15 0
18 14 0
0 13 0
18 19 0
34 17 0
Net_id 11
pin_num 5
1 11 0
9 0 0
22 11 0
0 5 0
2 20 0
Net_id 12
pin_num 5
3 58 0
0 43 0
1 37 0
22 49 0
7 57 0
Net_id 13
pin_num 5
5 52 0
3 59 0
4 33 0
11 49 0
7 41 0
Net_id 14
pin_num 5
52 49 0
39 51 0
59 46 0
51 52 0
40 39 0
Net_id 15
pin_num 5
24 34 0
17 33 0
5 23 0
8 48 0
15 51 0
Net_id 16
pin_num 5
18 40 0
11 36 0
15 27 0
19 28 0
14 54 0
Net_id 17
pin_num 5
51 55 0
52 46 0
39 47 0
52 42 0
59 52 0
Net_id 18
pin_num 5
59 20 0
55 34 0
41 22 0
51 29 0
53 13 0
Net_id 19
pin_num 5
56 10 0
52 10 0
52 0 0
38 9 0
59 9 0
Net_id 20
pin_num 5
54 24 0
55 18 0
46 24 0
56 22 0
58 21 0
Net_id 21
pin_num 4
0 19 0
3 12 0
3 22 0
7 17 0
Net_id 22
pin_num 4
26 10 0
26 2 0
6 5 0
23 18 0
Net_id 23
pin_num 4
34 35 0
30 25 0
24 35 0
46 28 0
Net_id 24
pin_num 4
14 35 0
6 38 0
13 29 0
9 46 0
Net_id 25
pin_num 4
9 43 0
5 44 0
4 53 0
24 52 0
Net_id 26
pin_num 4
34 16 0
36 20 0
36 4 0
57 16 0
Net_id 27
pin_num 4
18 16 0
2 21 0
11 29 0
9 10 0
Net_id 28
pin_num 4
28 4 0
33 8 0
31 0 0
33 34 0
Net_id 29
pin_num 4
19 39 0
25 39 0
28 51 0
19 47 0
Net_id 30
pin_num 4
53 29 0
58 24 0
54 45 0
45 24 0
Net_id 31
pin_num 4
21 10 0
12 10 0
17 15 0
17 21 0
Net_id 32
pin_num 4
41 37 0
36 32 0
27 46 0
47 46 0
Net_id 33
pin_num 4
15 48 0
16 39 0
12 39 0
0 35 0
Net_id 34
pin_num 4
19 2 0
15 3 0
16 13 0
0 0 0
Net_id 35
pin_num 4
43 9 0
41 18 0
39 18 0
59 14 0
Net_id 36
pin_num 4
26 51 0
44 45 0
53 39 0
51 46 0
Net_id 37
pin_num 4
24 14 0
16 8 0
47 13 0
8 10 0
Net_id 38
pin_num 4
33 16 0
24 9 0
24 22 0
28 1 0
Net_id 39
pin_num 4
4 58 0
7 55 0
10 57 0
6 36 0
Net_id 40
pin_num 4
50 5 0
43 6 0
48 1 0
48 0 0
Net_id 41
pin_num 3
19 17 0
22 3 0
22 16 0
Net_id 42
pin_num 3
40 28 0
48 18 0
58 14 0
Net_id 43
pin_num 3
26 17 0
12 34 0
14 13 0
Net_id 44
pin_num 3
30 18 0
5 5 0
5 0 0
Net_id 45
pin_num 3
10 46 0
25 59 0
25 52 0
Net_id 46
pin_num 3
49 20 0
58 30 0
40 27 0
Net_id 47
pin_num 3
33 17 0
23 25 0
35 1 0
Net_id 48
pin_num 3
50 32 0
59 39 0
55 44 0
Net_id 49
pin_num 3
30 45 0
44 40 0
58 26 0
Net_id 50
pin_num 3
24 4 0
47 8 0
28 23 0
Net_id 51
pin_num 3
2 30 0
8 53 0
0 37 0
Net_id 52
pin_num 3
59 2 0
48 12 0
51 10 0
Net_id 53
pin_num 3
14 18 0
16 22 0
12 5 0
Net_id 54
pin_num 3
55 57 0
47 38 0
58 55 0
Net_id 55
pin_num 3
41 43 0
52 43 0
43 29 0
Net_id 56
pin_num 3
1 17 0
3 3 0
19 38 0
Net_id 57
pin_num 3
34 8 0
36 21 0
13 0 0
Net_id 58
pin_num 3
23 50 0
34 59 0
34 25 0
Net_id 59
pin_num 3
26 45 0
32 38 0
7 40 0
Net_id 60
pin_num 3
52 12 0
48 8 0
59 15 0
Net_id 61
pin_num 3
33 28 0
43 18 0
58 42 0
Net_id 62
pin_num 3
31 26 0
19 20 0
0 22 0
Net_id 63
pin_num 3
3 43 0
16 27 0
42 29 0
Net_id 64
pin_num 3
47 7 0
55 15 0
37 9 0
Net_id 65
pin_num 3
55 48 0
59 43 0
49 48 0
Net_id 66
pin_num 3
48 46 0
55 54 0
48 34 0
Net_id 67
pin_num 3
7 32 0
0 21 0
15 53 0
Net_id 68
pin_num 3
33 36 0
41 48 0
31 29 0
Net_id 69
pin_num 3
34 15 0
46 15 0
22 0 0
Net_id 70
pin_num 3
31 4 0
46 17 0
57 17 0
Net_id 71
pin_num 3
8 41 0
23 28 0
55 45 0
Net_id 72
pin_num 3
47 12 0
39 5 0
37 5 0
Net_id 73
pin_num 3
13 55 0
8 57 0
45 55 0
Net_id 74
pin_num 3
0 7 0
19 0 0
18 0 0
Net_id 75
pin_num 3
13 20 0
23 24 0
43 2 0
Net_id 76
pin_num 3
8 5 0
1 12 0
25 18 0
Net_id 77
pin_num 2
32 40 0
30 51 0
Net_id 78
pin_num 2
10 25 0
2 38 0
Net_id 79
pin_num 2
32 5 0
47 4 0
Net_id 80
pin_num 2
19 45 0
8 55 0
Net_id 81
pin_num 2
59 41 0
52 38 0
Net_id 82
pin_num 2
27 47 0
38 51 0
Net_id 83
pin_num 2
3 39 0
13 42 0
Net_id 84
pin_num 2
8 0 0
0 18 0
Net_id 85
pin_num 2
18 56 0
15 54 0
Net_id 86
pin_num 2
21 45 0
18 51 0
Net_id 87
pin_num 2
26 48 0
35 51 0
Net_id 88
pin_num 2
41 21 0
27 32 0
Net_id 89
pin_num 2
9 20 0
0 30 0
Net_id 90
pin_num 2
43 50 0
36 33 0
Net_id 91
pin_num 2
32 13 0
43 10 0
Net_id 92
pin_num 2
23 7 0
39 8 0
Net_id 93
pin_num 2
27 3 0
37 17 0
Net_id 94
pin_num 2
58 36 0
48 40 0
Net_id 95
pin_num 2
40 30 0
35 32 0
Net_id 96
pin_num 2
40 3 0
41 4 0
Net_id 97
pin_num 2
51 8 0
56 15 0
Net_id 98
pin_num 2
57 1 0
48 2 0
Net_id 99
pin_num 2
45 13 0
53 6 0
Net_id 100
pin_num 2
57 19 0
51 38 0
Net_id 101
pin_num 2
26 37 0
43 42 0
Net_id 102
pin_num 2
55 50 0
58 52 0
Net_id 103
pin_num 2
45 2 0
34 12 0
Net_id 104
pin_num 2
30 2 0
24 5 0
Net_id 105
pin_num 2
58 35 0
50 50 0
Net_id 106
pin_num 2
4 23 0
16 17 0
Net_id 107
pin_num 2
7 8 0
11 7 0
Net_id 108
pin_num 2
32 10 0
9 16 0
Net_id 109
pin_num 2
1 4 0
1 8 0
Net_id 110
pin_num 2
37 34 0
52 19 0
Net_id 111
pin_num 2
27 53 0
16 58 0
Net_id 112
pin_num 2
1 34 0
0 31 0
Net_id 113
pin_num 2
8 49 0
6 59 0
Net_id 114
pin_num 2
39 26 0
35 22 0
Net_id 115
pin_num 2
43 38 0
57 44 0
Net_id 116
pin_num 2
42 5 0
40 0 0
Net_id 117
pin_num 2
26 12 0
15 25 0
Net_id 118
pin_num 2
5 21 0
1 16 0
Net_id 119
pin_num 2
46 52 0
58 59 0
Net_id 120
pin_num 2
50 59 0
57 54 0
Net_id 121
pin_num 2
42 54 0
48 44 0
Net_id 122
pin_num 2
36 54 0
24 56 0
Net_id 123
pin_num 2
41 13 0
59 17 0
Net_id 124
pin_num 2
22 18 0
16 32 0
Net_id 125
pin_num 2
54 11 0
56 6 0
Net_id 126
pin_num 2
11 37 0
15 26 0
Net_id 127
pin_num 2
14 25 0
12 32 0
Net_id 128
pin_num 2
53 31 0
57 49 0
Net_id 129
pin_num 2
6 9 0
8 3 0
Net_id 130
pin_num 2
27 0 0
6 8 0
Net_id 131
pin_num 2
51 37 0
45 48 0
Net_id 132
pin_num 2
1 13 0
9 12 0
Net_id 133
pin_num 2
24 26 0
6 22 0
Net_id 134
pin_num 2
4 55 0
7 37 0
Net_id 135
pin_num 2
29 25 0
24 36 0
Net_id 136
pin_num 2
33 33 0
24 53 0
Net_id 137
pin_num 2
28 39 0
32 51 0
Net_id 138
pin_num 2
16 56 0
42 44 0
Net_id 139
pin_num 2
20 44 0
29 51 0
Net_id 140
pin_num 2
44 48 0
50 57 0
Net_id 141
pin_num 2
22 29 0
7 34 0
Net_id 142
pin_num 2
4 22 0
13 44 0
Net_id 143
pin_num 2
42 50 0
39 52 0
Net_id 144
pin_num 2
47 55 0
56 55 0
Net_id 145
pin_num 2
56 28 0
54 23 0
Net_id 146
pin_num 2
54 35 0
56 37 0
Net_id 147
pin_num 2
34 1 0
10 35 0
Net_id 148
pin_num 2
42 59 0
54 47 0
Net_id 149
pin_num 2
13 38 0
13 43 0
Net_id 150
pin_num 2
55 46 0
54 53 0
Net_id 151
pin_num 2
12 43 0
12 53 0
Net_id 152
pin_num 2
44 28 0
41 27 0
Net_id 153
pin_num 2
23 36 0
23 40 0
Net_id 154
pin_num 2
45 47 0
31 23 0
Net_id 155
pin_num 2
47 56 0
57 53 0
Net_id 156
pin_num 2
17 39 0
7 16 0
