Width 60
Height 60
Layer 6
Total_WL 6912
Obstacle_num 144
22 42 0 26 43 0
16 36 0 25 37 0
41 35 0 48 36 0
22 5 0 26 6 0
11 31 0 15 32 0
19 3 0 26 4 0
35 21 0 44 22 0
21 51 0 30 52 0
16 56 0 25 57 0
40 44 0 47 45 0
43 31 0 52 32 0
42 18 0 52 19 0
17 52 0 25 53 0
7 7 0 16 8 0
35 10 0 41 11 0
18 20 0 26 21 0
29 36 0 39 37 0
24 0 0 32 1 0
27 4 0 30 5 0
17 17 0 25 18 0
5 39 0 13 40 0
51 8 0 54 9 0
37 57 0 43 58 0
40 43 0 45 44 0
4 26 1 5 34 1
28 30 1 29 34 1
24 5 1 25 13 1
6 25 1 7 31 1
11 36 1 12 39 1
43 12 1 44 22 1
37 11 1 38 18 1
42 49 1 43 55 1
12 22 1 13 32 1
18 16 1 19 21 1
31 20 1 32 23 1
25 24 1 26 27 1
19 34 1 20 38 1
51 50 1 52 54 1
46 46 1 47 54 1
31 24 1 32 27 1
23 4 1 24 9 1
46 9 1 47 18 1
22 34 1 23 44 1
13 0 1 14 10 1
26 16 1 27 22 1
34 38 1 35 44 1
34 55 1 35 58 1
36 40 1 37 50 1
2 7 2 11 8 2
42 54 2 47 55 2
13 1 2 17 2 2
47 34 2 50 35 2
48 26 2 57 27 2
46 43 2 56 44 2
4 3 2 8 4 2
23 53 2 32 54 2
36 26 2 44 27 2
53 35 2 58 36 2
48 49 2 51 50 2
40 0 2 45 1 2
4 54 2 14 55 2
18 6 2 28 7 2
6 37 2 10 38 2
40 28 2 45 29 2
47 13 2 50 14 2
11 34 2 16 35 2
34 20 2 43 21 2
29 42 2 33 43 2
28 10 2 37 11 2
26 3 2 32 4 2
43 56 2 46 57 2
8 36 2 11 37 2
35 27 3 36 30 3
9 11 3 10 15 3
30 1 3 31 9 3
48 19 3 49 25 3
21 34 3 22 41 3
4 42 3 5 52 3
3 13 3 4 19 3
44 37 3 45 44 3
57 49 3 58 58 3
51 31 3 52 40 3
42 8 3 43 18 3
30 31 3 31 37 3
35 22 3 36 26 3
43 5 3 44 10 3
4 6 3 5 11 3
50 17 3 51 27 3
35 9 3 36 16 3
7 20 3 8 29 3
32 11 3 33 19 3
15 21 3 16 31 3
48 29 3 49 33 3
11 9 3 12 14 3
27 51 3 28 55 3
55 50 3 56 59 3
10 58 4 17 59 4
24 13 4 33 14 4
28 39 4 38 40 4
8 6 4 15 7 4
49 6 4 56 7 4
22 54 4 28 55 4
34 36 4 39 37 4
3 39 4 11 40 4
44 31 4 49 32 4
9 38 4 16 39 4
6 57 4 10 58 4
2 33 4 12 34 4
35 48 4 45 49 4
18 33 4 22 34 4
11 24 4 16 25 4
35 56 4 38 57 4
40 18 4 43 19 4
38 56 4 48 57 4
17 56 4 25 57 4
5 11 4 11 12 4
47 50 4 57 51 4
47 57 4 50 58 4
49 16 4 54 17 4
49 10 4 53 11 4
45 0 5 46 3 5
5 45 5 6 52 5
57 24 5 58 32 5
29 32 5 30 41 5
1 47 5 2 57 5
16 20 5 17 25 5
18 20 5 19 29 5
49 46 5 50 54 5
3 49 5 4 54 5
30 12 5 31 18 5
16 0 5 17 4 5
24 35 5 25 41 5
21 10 5 22 17 5
35 50 5 36 57 5
2 43 5 3 46 5
8 27 5 9 33 5
21 24 5 22 28 5
6 49 5 7 56 5
7 40 5 8 48 5
26 52 5 27 58 5
8 47 5 9 50 5
20 39 5 21 44 5
0 14 5 1 24 5
12 6 5 13 16 5
Net_num 160
Net_id 0
pin_num 5
55 49 0
51 48 0
29 49 0
51 32 0
59 26 0
Net_id 1
pin_num 5
53 2 0
51 0 0
54 3 0
59 19 0
50 8 0
Net_id 2
pin_num 5
0 24 0
10 15 0
3 7 0
10 30 0
3 23 0
Net_id 3
pin_num 5
39 6 0
44 11 0
41 33 0
22 18 0
34 0 0
Net_id 4
pin_num 5
13 16 0
7 3 0
22 0 0
1 0 0
10 6 0
Net_id 5
pin_num 5
56 42 0
49 42 0
50 30 0
37 30 0
39 37 0
Net_id 6
pin_num 5
5 44 0
1 51 0
17 51 0
10 47 0
0 29 0
Net_id 7
pin_num 5
50 5 0
48 0 0
49 8 0
45 5 0
47 0 0
Net_id 8
pin_num 5
23 47 0
33 50 0
47 50 0
14 49 0
41 5 0
Net_id 9
pin_num 5
59 30 0
55 29 0
55 13 0
56 48 0
59 37 0
Net_id 10
pin_num 5
12 27 0
2 17 0
6 22 0
12 19 0
1 33 0
Net_id 11
pin_num 5
44 15 0
48 9 0
45 32 0
21 18 0
31 12 0
Net_id 12
pin_num 5
26 9 0
33 15 0
31 5 0
25 15 0
7 9 0
Net_id 13
pin_num 5
24 55 0
11 59 0
10 55 0
12 46 0
32 57 0
Net_id 14
pin_num 5
35 16 0
31 27 0
31 37 0
38 22 0
33 26 0
Net_id 15
pin_num 5
27 26 0
12 32 0
14 20 0
10 10 0
1 23 0
Net_id 16
pin_num 5
57 49 0
59 47 0
56 51 0
45 47 0
55 12 0
Net_id 17
pin_num 5
58 8 0
52 15 0
58 14 0
52 27 0
42 14 0
Net_id 18
pin_num 5
17 43 0
31 43 0
19 58 0
27 46 0
26 46 0
Net_id 19
pin_num 5
8 31 0
15 35 0
3 33 0
15 20 0
27 21 0
Net_id 20
pin_num 4
37 33 0
42 28 0
42 37 0
42 13 0
Net_id 21
pin_num 4
51 24 0
37 31 0
39 3 0
26 4 0
Net_id 22
pin_num 4
39 9 0
30 12 0
39 25 0
20 22 0
Net_id 23
pin_num 4
44 26 0
59 21 0
54 43 0
47 38 0
Net_id 24
pin_num 4
35 32 0
44 32 0
37 41 0
43 40 0
Net_id 25
pin_num 4
9 37 0
1 50 0
20 45 0
13 53 0
Net_id 26
pin_num 4
24 25 0
17 26 0
59 25 0
29 31 0
Net_id 27
pin_num 4
33 47 0
28 45 0
20 59 0
38 59 0
Net_id 28
pin_num 4
56 17 0
40 25 0
54 20 0
46 20 0
Net_id 29
pin_num 4
5 34 0
13 39 0
21 45 0
39 59 0
Net_id 30
pin_num 4
1 49 0
2 48 0
2 59 0
23 48 0
Net_id 31
pin_num 4
27 39 0
24 33 0
24 53 0
44 39 0
Net_id 32
pin_num 4
8 53 0
5 49 0
10 50 0
5 50 0
Net_id 33
pin_num 4
22 37 0
16 47 0
26 56 0
20 44 0
Net_id 34
pin_num 4
28 14 0
35 17 0
35 4 0
37 7 0
Net_id 35
pin_num 4
41 22 0
52 31 0
59 23 0
46 37 0
Net_id 36
pin_num 4
40 35 0
35 34 0
23 39 0
33 58 0
Net_id 37
pin_num 4
56 52 0
50 55 0
52 40 0
49 46 0
Net_id 38
pin_num 4
19 27 0
12 4 0
11 24 0
25 16 0
Net_id 39
pin_num 4
1 39 0
4 48 0
14 43 0
0 35 0
Net_id 40
pin_num 4
27 28 0
44 33 0
51 27 0
55 39 0
Net_id 41
pin_num 3
30 52 0
36 33 0
31 48 0
Net_id 42
pin_num 3
15 48 0
29 45 0
4 56 0
Net_id 43
pin_num 3
7 47 0
7 58 0
8 18 0
Net_id 44
pin_num 3
36 53 0
39 58 0
48 57 0
Net_id 45
pin_num 3
15 44 0
16 35 0
18 53 0
Net_id 46
pin_num 3
48 7 0
44 16 0
34 11 0
Net_id 47
pin_num 3
56 0 0
52 3 0
58 12 0
Net_id 48
pin_num 3
36 15 0
44 29 0
53 47 0
Net_id 49
pin_num 3
54 13 0
39 29 0
51 1 0
Net_id 50
pin_num 3
3 25 0
1 11 0
26 33 0
Net_id 51
pin_num 3
35 56 0
50 56 0
23 41 0
Net_id 52
pin_num 3
29 5 0
15 14 0
16 10 0
Net_id 53
pin_num 3
40 4 0
47 4 0
53 24 0
Net_id 54
pin_num 3
22 1 0
27 10 0
26 2 0
Net_id 55
pin_num 3
37 22 0
40 37 0
57 21 0
Net_id 56
pin_num 3
16 8 0
40 3 0
24 7 0
Net_id 57
pin_num 3
8 26 0
0 26 0
0 5 0
Net_id 58
pin_num 3
44 12 0
19 4 0
36 24 0
Net_id 59
pin_num 3
3 29 0
6 44 0
9 15 0
Net_id 60
pin_num 3
10 48 0
12 57 0
5 54 0
Net_id 61
pin_num 3
58 57 0
54 51 0
12 49 0
Net_id 62
pin_num 3
31 38 0
43 48 0
16 18 0
Net_id 63
pin_num 3
2 10 0
16 4 0
14 13 0
Net_id 64
pin_num 3
47 19 0
36 19 0
27 19 0
Net_id 65
pin_num 3
34 35 0
27 32 0
46 32 0
Net_id 66
pin_num 3
53 39 0
47 39 0
46 58 0
Net_id 67
pin_num 3
54 10 0
52 9 0
57 16 0
Net_id 68
pin_num 3
16 32 0
19 24 0
31 24 0
Net_id 69
pin_num 3
32 29 0
11 40 0
17 29 0
Net_id 70
pin_num 3
57 17 0
53 9 0
58 13 0
Net_id 71
pin_num 3
48 59 0
53 54 0
47 59 0
Net_id 72
pin_num 3
2 50 0
12 53 0
34 47 0
Net_id 73
pin_num 3
20 13 0
15 12 0
29 13 0
Net_id 74
pin_num 3
21 2 0
31 16 0
40 1 0
Net_id 75
pin_num 3
1 30 0
26 25 0
30 22 0
Net_id 76
pin_num 3
36 43 0
41 36 0
46 43 0
Net_id 77
pin_num 3
9 2 0
8 8 0
23 11 0
Net_id 78
pin_num 3
35 5 0
23 10 0
38 14 0
Net_id 79
pin_num 2
33 31 0
23 12 0
Net_id 80
pin_num 2
8 28 0
2 40 0
Net_id 81
pin_num 2
48 34 0
59 39 0
Net_id 82
pin_num 2
23 4 0
28 20 0
Net_id 83
pin_num 2
34 26 0
49 41 0
Net_id 84
pin_num 2
31 33 0
46 28 0
Net_id 85
pin_num 2
14 1 0
17 6 0
Net_id 86
pin_num 2
27 17 0
25 19 0
Net_id 87
pin_num 2
45 2 0
40 9 0
Net_id 88
pin_num 2
28 36 0
16 50 0
Net_id 89
pin_num 2
24 15 0
1 7 0
Net_id 90
pin_num 2
54 24 0
58 50 0
Net_id 91
pin_num 2
40 7 0
53 3 0
Net_id 92
pin_num 2
41 46 0
49 33 0
Net_id 93
pin_num 2
2 36 0
12 48 0
Net_id 94
pin_num 2
44 54 0
57 33 0
Net_id 95
pin_num 2
5 1 0
1 8 0
Net_id 96
pin_num 2
54 36 0
40 50 0
Net_id 97
pin_num 2
28 12 0
31 1 0
Net_id 98
pin_num 2
35 13 0
28 34 0
Net_id 99
pin_num 2
39 47 0
50 28 0
Net_id 100
pin_num 2
5 32 0
14 44 0
Net_id 101
pin_num 2
57 38 0
45 34 0
Net_id 102
pin_num 2
28 55 0
15 47 0
Net_id 103
pin_num 2
24 40 0
12 40 0
Net_id 104
pin_num 2
16 14 0
32 30 0
Net_id 105
pin_num 2
7 46 0
20 58 0
Net_id 106
pin_num 2
28 54 0
21 47 0
Net_id 107
pin_num 2
34 31 0
36 25 0
Net_id 108
pin_num 2
11 37 0
15 39 0
Net_id 109
pin_num 2
17 38 0
26 38 0
Net_id 110
pin_num 2
5 5 0
3 6 0
Net_id 111
pin_num 2
0 14 0
18 28 0
Net_id 112
pin_num 2
7 1 0
11 1 0
Net_id 113
pin_num 2
31 41 0
25 37 0
Net_id 114
pin_num 2
55 27 0
45 43 0
Net_id 115
pin_num 2
47 46 0
32 44 0
Net_id 116
pin_num 2
44 59 0
20 51 0
Net_id 117
pin_num 2
6 17 0
12 6 0
Net_id 118
pin_num 2
28 38 0
31 42 0
Net_id 119
pin_num 2
22 33 0
17 33 0
Net_id 120
pin_num 2
29 26 0
33 12 0
Net_id 121
pin_num 2
19 2 0
6 1 0
Net_id 122
pin_num 2
54 21 0
53 27 0
Net_id 123
pin_num 2
50 32 0
46 55 0
Net_id 124
pin_num 2
57 39 0
48 58 0
Net_id 125
pin_num 2
19 31 0
4 41 0
Net_id 126
pin_num 2
40 22 0
22 4 0
Net_id 127
pin_num 2
35 2 0
19 12 0
Net_id 128
pin_num 2
21 1 0
7 18 0
Net_id 129
pin_num 2
35 27 0
20 30 0
Net_id 130
pin_num 2
2 9 0
18 8 0
Net_id 131
pin_num 2
50 58 0
44 34 0
Net_id 132
pin_num 2
16 43 0
14 59 0
Net_id 133
pin_num 2
43 53 0
53 53 0
Net_id 134
pin_num 2
24 23 0
56 19 0
Net_id 135
pin_num 2
41 59 0
28 52 0
Net_id 136
pin_num 2
21 19 0
14 19 0
Net_id 137
pin_num 2
25 30 0
21 23 0
Net_id 138
pin_num 2
1 12 0
7 2 0
Net_id 139
pin_num 2
37 54 0
44 58 0
Net_id 140
pin_num 2
4 57 0
14 52 0
Net_id 141
pin_num 2
58 44 0
49 51 0
Net_id 142
pin_num 2
44 0 0
38 0 0
Net_id 143
pin_num 2
32 48 0
38 41 0
Net_id 144
pin_num 2
58 59 0
59 54 0
Net_id 145
pin_num 2
6 58 0
2 46 0
Net_id 146
pin_num 2
8 48 0
15 54 0
Net_id 147
pin_num 2
18 3 0
20 18 0
Net_id 148
pin_num 2
59 31 0
49 19 0
Net_id 149
pin_num 2
1 13 0
24 1 0
Net_id 150
pin_num 2
34 1 0
47 2 0
Net_id 151
pin_num 2
34 29 0
31 17 0
Net_id 152
pin_num 2
15 36 0
1 36 0
Net_id 153
pin_num 2
0 17 0
15 41 0
Net_id 154
pin_num 2
57 43 0
53 48 0
Net_id 155
pin_num 2
4 7 0
4 18 0
Net_id 156
pin_num 2
48 55 0
41 53 0
Net_id 157
pin_num 2
27 3 0
57 18 0
Net_id 158
pin_num 2
50 48 0
43 52 0
Net_id 159
pin_num 2
10 52 0
15 50 0
