Width 60
Height 60
Layer 6
Total_WL 6937
Obstacle_num 144
49 47 0 55 48 0
37 17 0 47 18 0
6 16 0 12 17 0
21 55 0 28 56 0
41 58 0 48 59 0
21 33 0 29 34 0
37 51 0 42 52 0
33 16 0 36 17 0
10 18 0 13 19 0
14 9 0 18 10 0
51 10 0 56 11 0
39 27 0 45 28 0
47 25 0 57 26 0
49 50 0 55 51 0
21 20 0 26 21 0
29 30 0 39 31 0
46 9 0 50 10 0
20 3 0 29 4 0
5 46 0 11 47 0
2 26 0 6 27 0
45 39 0 49 40 0
10 20 0 13 21 0
54 33 0 58 34 0
19 48 0 26 49 0
15 6 1 16 15 1
58 2 1 59 12 1
45 7 1 46 17 1
44 26 1 45 34 1
46 13 1 47 17 1
22 50 1 23 55 1
36 45 1 37 54 1
4 36 1 5 45 1
13 8 1 14 13 1
37 39 1 38 47 1
57 48 1 58 58 1
53 46 1 54 54 1
44 42 1 45 52 1
23 7 1 24 17 1
0 21 1 1 28 1
46 37 1 47 42 1
53 1 1 54 5 1
5 43 1 6 46 1
10 34 1 11 43 1
40 4 1 41 13 1
51 24 1 52 28 1
40 21 1 41 27 1
6 22 1 7 28 1
32 54 1 33 59 1
41 3 2 50 4 2
40 40 2 47 41 2
25 22 2 33 23 2
31 17 2 41 18 2
49 12 2 56 13 2
51 4 2 59 5 2
15 48 2 22 49 2
22 23 2 27 24 2
28 57 2 33 58 2
3 31 2 10 32 2
44 51 2 47 52 2
30 15 2 37 16 2
17 2 2 21 3 2
2 3 2 9 4 2
36 8 2 44 9 2
13 18 2 22 19 2
38 26 2 44 27 2
46 21 2 53 22 2
10 54 2 15 55 2
23 5 2 26 6 2
27 51 2 36 52 2
43 46 2 53 47 2
37 32 2 43 33 2
29 1 2 36 2 2
36 0 3 37 8 3
29 44 3 30 51 3
48 22 3 49 30 3
21 28 3 22 32 3
40 51 3 41 59 3
53 54 3 54 58 3
42 34 3 43 40 3
33 10 3 34 13 3
34 4 3 35 8 3
39 24 3 40 29 3
22 46 3 23 53 3
24 45 3 25 48 3
11 30 3 12 35 3
5 48 3 6 52 3
8 32 3 9 41 3
32 25 3 33 32 3
22 6 3 23 10 3
57 33 3 58 37 3
56 39 3 57 43 3
0 35 3 1 42 3
49 25 3 50 28 3
58 12 3 59 21 3
44 34 3 45 38 3
8 43 3 9 47 3
35 11 4 43 12 4
13 51 4 20 52 4
48 8 4 56 9 4
36 56 4 41 57 4
2 58 4 9 59 4
12 36 4 19 37 4
22 0 4 31 1 4
0 19 4 8 20 4
24 12 4 32 13 4
22 20 4 28 21 4
19 16 4 29 17 4
49 41 4 59 42 4
42 56 4 52 57 4
43 32 4 51 33 4
21 7 4 28 8 4
48 9 4 56 10 4
40 4 4 48 5 4
41 36 4 48 37 4
11 34 4 16 35 4
48 23 4 51 24 4
43 48 4 52 49 4
13 5 4 19 6 4
48 0 4 52 1 4
0 35 4 3 36 4
18 27 5 19 35 5
15 37 5 16 45 5
26 43 5 27 49 5
29 2 5 30 5 5
57 46 5 58 50 5
47 3 5 48 7 5
39 24 5 40 31 5
21 22 5 22 32 5
13 30 5 14 37 5
46 17 5 47 27 5
32 44 5 33 49 5
28 4 5 29 13 5
50 37 5 51 46 5
16 29 5 17 33 5
17 50 5 18 54 5
15 19 5 16 25 5
22 19 5 23 28 5
46 29 5 47 35 5
40 22 5 41 30 5
24 2 5 25 8 5
39 4 5 40 11 5
26 0 5 27 8 5
51 40 5 52 49 5
53 53 5 54 56 5
Net_num 164
Net_id 0
pin_num 5
1 2 0
16 6 0
4 6 0
9 3 0
19 0 0
Net_id 1
pin_num 5
42 25 0
59 22 0
48 21 0
48 38 0
39 20 0
Net_id 2
pin_num 5
48 20 0
43 20 0
59 14 0
58 16 0
49 27 0
Net_id 3
pin_num 5
56 12 0
58 1 0
56 27 0
54 0 0
53 22 0
Net_id 4
pin_num 5
37 21 0
43 21 0
47 19 0
38 20 0
47 34 0
Net_id 5
pin_num 5
20 24 0
17 40 0
17 53 0
2 53 0
0 54 0
Net_id 6
pin_num 5
43 4 0
50 4 0
50 1 0
21 4 0
8 0 0
Net_id 7
pin_num 5
56 4 0
51 7 0
28 6 0
57 22 0
27 7 0
Net_id 8
pin_num 5
2 34 0
12 31 0
18 31 0
14 15 0
7 32 0
Net_id 9
pin_num 5
30 14 0
27 19 0
27 27 0
23 17 0
50 24 0
Net_id 10
pin_num 5
4 7 0
20 7 0
16 20 0
31 0 0
10 1 0
Net_id 11
pin_num 5
46 37 0
40 34 0
54 36 0
45 29 0
57 41 0
Net_id 12
pin_num 5
36 2 0
47 2 0
40 13 0
57 6 0
13 2 0
Net_id 13
pin_num 5
51 26 0
42 32 0
26 28 0
19 26 0
37 15 0
Net_id 14
pin_num 5
8 13 0
0 17 0
6 1 0
7 4 0
9 8 0
Net_id 15
pin_num 5
34 0 0
26 11 0
26 0 0
43 5 0
36 11 0
Net_id 16
pin_num 5
9 4 0
0 10 0
0 18 0
13 17 0
30 5 0
Net_id 17
pin_num 5
29 48 0
22 38 0
13 47 0
20 39 0
45 42 0
Net_id 18
pin_num 5
27 23 0
29 31 0
37 27 0
37 47 0
37 38 0
Net_id 19
pin_num 5
51 51 0
59 58 0
40 58 0
59 42 0
56 59 0
Net_id 20
pin_num 5
16 1 0
27 6 0
17 11 0
2 1 0
4 22 0
Net_id 21
pin_num 4
15 27 0
4 27 0
12 33 0
0 20 0
Net_id 22
pin_num 4
1 18 0
12 12 0
9 29 0
28 27 0
Net_id 23
pin_num 4
10 35 0
15 37 0
25 32 0
5 37 0
Net_id 24
pin_num 4
1 44 0
5 47 0
0 30 0
6 30 0
Net_id 25
pin_num 4
47 48 0
53 37 0
59 45 0
45 23 0
Net_id 26
pin_num 4
39 25 0
23 24 0
38 41 0
20 12 0
Net_id 27
pin_num 4
12 42 0
7 43 0
8 36 0
8 18 0
Net_id 28
pin_num 4
36 57 0
28 58 0
15 59 0
32 41 0
Net_id 29
pin_num 4
33 56 0
37 56 0
45 54 0
53 59 0
Net_id 30
pin_num 4
46 48 0
41 49 0
41 38 0
39 33 0
Net_id 31
pin_num 4
29 38 0
49 39 0
46 55 0
22 42 0
Net_id 32
pin_num 4
29 11 0
15 16 0
35 0 0
7 30 0
Net_id 33
pin_num 4
32 46 0
30 40 0
44 43 0
30 29 0
Net_id 34
pin_num 4
53 26 0
45 38 0
59 33 0
28 38 0
Net_id 35
pin_num 4
13 8 0
7 24 0
5 28 0
7 12 0
Net_id 36
pin_num 4
1 6 0
4 3 0
0 7 0
16 21 0
Net_id 37
pin_num 4
4 8 0
5 10 0
2 23 0
13 11 0
Net_id 38
pin_num 4
35 40 0
47 36 0
49 59 0
59 28 0
Net_id 39
pin_num 4
35 29 0
20 31 0
27 16 0
13 36 0
Net_id 40
pin_num 3
53 31 0
55 18 0
36 27 0
Net_id 41
pin_num 3
49 38 0
46 29 0
54 59 0
Net_id 42
pin_num 3
42 15 0
43 29 0
58 26 0
Net_id 43
pin_num 3
52 19 0
49 1 0
58 30 0
Net_id 44
pin_num 3
4 23 0
25 31 0
13 15 0
Net_id 45
pin_num 3
50 0 0
44 15 0
57 3 0
Net_id 46
pin_num 3
46 12 0
33 12 0
33 34 0
Net_id 47
pin_num 3
18 45 0
31 39 0
20 33 0
Net_id 48
pin_num 3
34 41 0
49 40 0
11 41 0
Net_id 49
pin_num 3
56 41 0
51 45 0
50 27 0
Net_id 50
pin_num 3
10 22 0
22 32 0
22 10 0
Net_id 51
pin_num 3
25 9 0
39 9 0
29 18 0
Net_id 52
pin_num 3
43 23 0
45 19 0
47 35 0
Net_id 53
pin_num 3
30 8 0
7 8 0
31 8 0
Net_id 54
pin_num 3
48 13 0
59 7 0
47 8 0
Net_id 55
pin_num 3
38 57 0
55 59 0
39 49 0
Net_id 56
pin_num 3
12 21 0
6 32 0
1 42 0
Net_id 57
pin_num 3
21 14 0
39 2 0
40 14 0
Net_id 58
pin_num 3
28 41 0
34 40 0
34 54 0
Net_id 59
pin_num 3
36 5 0
43 9 0
21 7 0
Net_id 60
pin_num 3
37 33 0
29 34 0
45 43 0
Net_id 61
pin_num 3
27 44 0
36 42 0
25 44 0
Net_id 62
pin_num 3
27 37 0
40 31 0
33 50 0
Net_id 63
pin_num 3
39 39 0
32 24 0
27 43 0
Net_id 64
pin_num 3
31 19 0
21 25 0
0 8 0
Net_id 65
pin_num 3
22 18 0
21 22 0
1 4 0
Net_id 66
pin_num 3
43 55 0
21 50 0
30 59 0
Net_id 67
pin_num 3
59 31 0
49 42 0
49 55 0
Net_id 68
pin_num 3
10 51 0
18 35 0
11 28 0
Net_id 69
pin_num 3
54 5 0
57 18 0
56 43 0
Net_id 70
pin_num 3
4 48 0
9 38 0
26 39 0
Net_id 71
pin_num 3
53 8 0
51 14 0
57 13 0
Net_id 72
pin_num 3
40 56 0
52 55 0
58 55 0
Net_id 73
pin_num 3
55 26 0
57 29 0
50 51 0
Net_id 74
pin_num 3
9 26 0
2 7 0
1 11 0
Net_id 75
pin_num 3
12 46 0
7 41 0
1 31 0
Net_id 76
pin_num 3
17 12 0
30 23 0
27 45 0
Net_id 77
pin_num 3
24 46 0
10 59 0
40 48 0
Net_id 78
pin_num 3
20 32 0
23 44 0
54 26 0
Net_id 79
pin_num 3
16 16 0
31 23 0
22 44 0
Net_id 80
pin_num 2
3 46 0
5 15 0
Net_id 81
pin_num 2
43 1 0
20 21 0
Net_id 82
pin_num 2
54 19 0
58 24 0
Net_id 83
pin_num 2
54 40 0
46 33 0
Net_id 84
pin_num 2
47 22 0
46 24 0
Net_id 85
pin_num 2
7 54 0
0 53 0
Net_id 86
pin_num 2
9 52 0
8 45 0
Net_id 87
pin_num 2
16 38 0
23 28 0
Net_id 88
pin_num 2
49 18 0
44 13 0
Net_id 89
pin_num 2
33 14 0
12 9 0
Net_id 90
pin_num 2
40 9 0
48 1 0
Net_id 91
pin_num 2
16 55 0
7 51 0
Net_id 92
pin_num 2
9 25 0
0 19 0
Net_id 93
pin_num 2
2 56 0
14 56 0
Net_id 94
pin_num 2
41 14 0
39 3 0
Net_id 95
pin_num 2
40 53 0
48 55 0
Net_id 96
pin_num 2
17 56 0
30 56 0
Net_id 97
pin_num 2
49 34 0
54 39 0
Net_id 98
pin_num 2
52 16 0
42 2 0
Net_id 99
pin_num 2
40 25 0
43 31 0
Net_id 100
pin_num 2
57 37 0
55 42 0
Net_id 101
pin_num 2
46 2 0
35 13 0
Net_id 102
pin_num 2
51 42 0
55 53 0
Net_id 103
pin_num 2
19 37 0
19 22 0
Net_id 104
pin_num 2
37 53 0
32 47 0
Net_id 105
pin_num 2
41 46 0
28 36 0
Net_id 106
pin_num 2
32 23 0
35 42 0
Net_id 107
pin_num 2
45 49 0
34 55 0
Net_id 108
pin_num 2
48 14 0
45 18 0
Net_id 109
pin_num 2
25 11 0
14 12 0
Net_id 110
pin_num 2
15 24 0
5 12 0
Net_id 111
pin_num 2
0 24 0
12 52 0
Net_id 112
pin_num 2
52 7 0
43 33 0
Net_id 113
pin_num 2
1 39 0
6 39 0
Net_id 114
pin_num 2
2 57 0
27 47 0
Net_id 115
pin_num 2
5 31 0
15 21 0
Net_id 116
pin_num 2
4 37 0
1 48 0
Net_id 117
pin_num 2
51 16 0
47 16 0
Net_id 118
pin_num 2
34 49 0
43 56 0
Net_id 119
pin_num 2
55 48 0
59 47 0
Net_id 120
pin_num 2
25 37 0
5 5 0
Net_id 121
pin_num 2
7 10 0
36 0 0
Net_id 122
pin_num 2
4 32 0
4 46 0
Net_id 123
pin_num 2
41 23 0
34 31 0
Net_id 124
pin_num 2
14 48 0
12 54 0
Net_id 125
pin_num 2
59 17 0
51 17 0
Net_id 126
pin_num 2
35 10 0
46 10 0
Net_id 127
pin_num 2
13 1 0
11 9 0
Net_id 128
pin_num 2
14 4 0
3 15 0
Net_id 129
pin_num 2
10 3 0
18 13 0
Net_id 130
pin_num 2
53 39 0
45 47 0
Net_id 131
pin_num 2
38 10 0
30 20 0
Net_id 132
pin_num 2
22 47 0
29 49 0
Net_id 133
pin_num 2
16 15 0
10 4 0
Net_id 134
pin_num 2
37 45 0
32 42 0
Net_id 135
pin_num 2
49 41 0
27 52 0
Net_id 136
pin_num 2
10 25 0
34 14 0
Net_id 137
pin_num 2
46 52 0
58 45 0
Net_id 138
pin_num 2
55 47 0
43 35 0
Net_id 139
pin_num 2
20 4 0
14 11 0
Net_id 140
pin_num 2
51 9 0
55 3 0
Net_id 141
pin_num 2
59 24 0
51 53 0
Net_id 142
pin_num 2
32 27 0
21 31 0
Net_id 143
pin_num 2
50 33 0
55 31 0
Net_id 144
pin_num 2
1 56 0
10 50 0
Net_id 145
pin_num 2
7 34 0
15 46 0
Net_id 146
pin_num 2
52 24 0
53 15 0
Net_id 147
pin_num 2
20 37 0
18 52 0
Net_id 148
pin_num 2
25 49 0
9 44 0
Net_id 149
pin_num 2
48 35 0
57 30 0
Net_id 150
pin_num 2
36 15 0
37 12 0
Net_id 151
pin_num 2
22 17 0
15 18 0
Net_id 152
pin_num 2
28 51 0
18 49 0
Net_id 153
pin_num 2
45 32 0
58 39 0
Net_id 154
pin_num 2
22 21 0
43 32 0
Net_id 155
pin_num 2
44 45 0
59 54 0
Net_id 156
pin_num 2
15 42 0
4 51 0
Net_id 157
pin_num 2
38 58 0
37 52 0
Net_id 158
pin_num 2
56 52 0
59 53 0
Net_id 159
pin_num 2
36 47 0
31 45 0
Net_id 160
pin_num 2
15 8 0
3 27 0
Net_id 161
pin_num 2
39 36 0
25 15 0
Net_id 162
pin_num 2
14 50 0
20 50 0
Net_id 163
pin_num 2
24 16 0
35 18 0
