Width 60
Height 60
Layer 6
Total_WL 7013
Obstacle_num 144
13 43 0 23 44 0
26 18 0 30 19 0
44 7 0 49 8 0
52 41 0 55 42 0
51 15 0 56 16 0
25 43 0 28 44 0
39 2 0 49 3 0
15 17 0 22 18 0
14 50 0 24 51 0
15 20 0 21 21 0
14 33 0 21 34 0
19 47 0 25 48 0
47 38 0 52 39 0
13 49 0 23 50 0
19 51 0 24 52 0
23 14 0 27 15 0
22 26 0 25 27 0
28 30 0 38 31 0
38 1 0 47 2 0
1 46 0 8 47 0
7 36 0 10 37 0
0 51 0 10 52 0
25 16 0 31 17 0
31 7 0 35 8 0
53 35 1 54 39 1
16 19 1 17 27 1
39 8 1 40 13 1
36 20 1 37 25 1
40 7 1 41 13 1
35 31 1 36 38 1
28 37 1 29 45 1
0 22 1 1 28 1
11 48 1 12 54 1
18 37 1 19 44 1
7 10 1 8 16 1
43 8 1 44 14 1
55 16 1 56 24 1
17 6 1 18 11 1
40 34 1 41 40 1
20 43 1 21 48 1
32 43 1 33 47 1
24 42 1 25 47 1
23 53 1 24 59 1
31 26 1 32 33 1
35 19 1 36 22 1
30 5 1 31 14 1
40 13 1 41 23 1
56 16 1 57 24 1
40 31 2 48 32 2
41 56 2 46 57 2
43 24 2 52 25 2
33 24 2 37 25 2
0 55 2 9 56 2
7 51 2 15 52 2
18 53 2 26 54 2
26 17 2 33 18 2
15 29 2 20 30 2
7 20 2 15 21 2
35 17 2 39 18 2
32 5 2 38 6 2
37 49 2 47 50 2
5 26 2 11 27 2
1 44 2 7 45 2
6 3 2 16 4 2
41 19 2 47 20 2
31 32 2 39 33 2
53 56 2 57 57 2
13 6 2 18 7 2
49 9 2 57 10 2
14 50 2 23 51 2
12 0 2 16 1 2
38 53 2 46 54 2
47 32 3 48 41 3
29 49 3 30 55 3
17 22 3 18 28 3
24 11 3 25 17 3
18 8 3 19 16 3
28 35 3 29 42 3
48 9 3 49 16 3
10 33 3 11 43 3
13 47 3 14 57 3
16 36 3 17 44 3
54 14 3 55 19 3
5 16 3 6 25 3
8 46 3 9 53 3
42 29 3 43 37 3
52 33 3 53 41 3
0 29 3 1 37 3
42 5 3 43 9 3
32 15 3 33 23 3
1 24 3 2 29 3
36 41 3 37 44 3
0 40 3 1 44 3
38 51 3 39 55 3
2 40 3 3 46 3
50 35 3 51 40 3
25 46 4 28 47 4
2 43 4 12 44 4
40 35 4 47 36 4
40 58 4 46 59 4
7 14 4 17 15 4
33 5 4 41 6 4
21 31 4 27 32 4
25 38 4 32 39 4
18 29 4 22 30 4
49 22 4 53 23 4
45 57 4 54 58 4
28 42 4 33 43 4
14 5 4 23 6 4
13 12 4 23 13 4
24 13 4 33 14 4
3 7 4 13 8 4
5 42 4 13 43 4
17 37 4 22 38 4
47 7 4 51 8 4
14 40 4 18 41 4
0 27 4 3 28 4
13 49 4 18 50 4
30 39 4 39 40 4
13 56 4 17 57 4
51 16 5 52 23 5
33 16 5 34 22 5
29 43 5 30 51 5
30 24 5 31 34 5
39 9 5 40 17 5
48 43 5 49 52 5
9 10 5 10 19 5
23 17 5 24 22 5
52 7 5 53 13 5
20 36 5 21 42 5
26 32 5 27 41 5
7 32 5 8 38 5
21 18 5 22 23 5
8 32 5 9 36 5
38 27 5 39 36 5
43 3 5 44 8 5
9 19 5 10 29 5
50 7 5 51 14 5
16 1 5 17 4 5
37 11 5 38 16 5
10 4 5 11 14 5
47 48 5 48 53 5
16 20 5 17 28 5
16 45 5 17 50 5
Net_num 160
Net_id 0
pin_num 5
29 13 0
22 0 0
24 8 0
23 11 0
22 5 0
Net_id 1
pin_num 5
2 32 0
6 32 0
3 29 0
0 29 0
10 31 0
Net_id 2
pin_num 5
38 14 0
42 14 0
39 32 0
17 19 0
22 24 0
Net_id 3
pin_num 5
13 29 0
18 36 0
18 25 0
36 34 0
25 29 0
Net_id 4
pin_num 5
54 0 0
59 8 0
55 7 0
56 14 0
58 18 0
Net_id 5
pin_num 5
25 53 0
3 53 0
21 48 0
0 49 0
14 32 0
Net_id 6
pin_num 5
46 31 0
39 31 0
22 31 0
41 21 0
41 51 0
Net_id 7
pin_num 5
37 47 0
37 37 0
59 44 0
50 41 0
28 42 0
Net_id 8
pin_num 5
53 16 0
53 13 0
57 2 0
48 4 0
58 19 0
Net_id 9
pin_num 5
30 48 0
51 43 0
39 52 0
22 36 0
51 33 0
Net_id 10
pin_num 5
49 33 0
47 30 0
27 30 0
4 30 0
42 4 0
Net_id 11
pin_num 5
52 39 0
38 34 0
54 42 0
43 57 0
56 43 0
Net_id 12
pin_num 5
20 18 0
29 20 0
33 29 0
22 14 0
28 4 0
Net_id 13
pin_num 5
14 0 0
17 11 0
17 36 0
25 15 0
19 16 0
Net_id 14
pin_num 5
24 33 0
46 33 0
25 36 0
34 13 0
26 42 0
Net_id 15
pin_num 5
35 5 0
30 18 0
53 18 0
36 0 0
26 20 0
Net_id 16
pin_num 5
2 9 0
0 5 0
10 0 0
8 10 0
6 17 0
Net_id 17
pin_num 5
33 34 0
32 49 0
28 46 0
32 59 0
16 54 0
Net_id 18
pin_num 5
21 35 0
46 32 0
46 27 0
44 35 0
31 44 0
Net_id 19
pin_num 5
36 49 0
33 56 0
39 59 0
56 52 0
56 59 0
Net_id 20
pin_num 5
26 6 0
33 6 0
29 17 0
29 1 0
34 6 0
Net_id 21
pin_num 4
1 21 0
2 18 0
0 28 0
8 27 0
Net_id 22
pin_num 4
2 59 0
8 59 0
2 50 0
6 38 0
Net_id 23
pin_num 4
48 43 0
52 50 0
37 48 0
49 37 0
Net_id 24
pin_num 4
1 16 0
4 6 0
12 16 0
19 12 0
Net_id 25
pin_num 4
23 1 0
15 2 0
21 8 0
36 7 0
Net_id 26
pin_num 4
27 46 0
11 42 0
13 59 0
25 52 0
Net_id 27
pin_num 4
59 52 0
55 54 0
58 31 0
59 45 0
Net_id 28
pin_num 4
45 57 0
38 48 0
35 56 0
53 57 0
Net_id 29
pin_num 4
16 34 0
12 35 0
30 29 0
30 41 0
Net_id 30
pin_num 4
38 36 0
50 31 0
59 33 0
59 50 0
Net_id 31
pin_num 4
12 29 0
4 27 0
5 37 0
15 41 0
Net_id 32
pin_num 4
16 9 0
20 15 0
24 13 0
19 0 0
Net_id 33
pin_num 4
25 9 0
32 10 0
37 4 0
49 2 0
Net_id 34
pin_num 4
47 12 0
36 12 0
45 26 0
46 0 0
Net_id 35
pin_num 4
42 32 0
32 24 0
27 23 0
38 2 0
Net_id 36
pin_num 4
44 54 0
32 56 0
49 59 0
10 56 0
Net_id 37
pin_num 4
55 19 0
41 16 0
59 9 0
45 4 0
Net_id 38
pin_num 4
33 44 0
35 40 0
35 59 0
19 44 0
Net_id 39
pin_num 4
6 6 0
1 2 0
10 1 0
15 1 0
Net_id 40
pin_num 4
41 5 0
30 0 0
34 8 0
30 12 0
Net_id 41
pin_num 3
22 10 0
33 4 0
28 1 0
Net_id 42
pin_num 3
2 5 0
1 8 0
27 7 0
Net_id 43
pin_num 3
54 57 0
59 51 0
34 48 0
Net_id 44
pin_num 3
34 46 0
45 46 0
53 47 0
Net_id 45
pin_num 3
16 6 0
12 22 0
2 6 0
Net_id 46
pin_num 3
5 57 0
7 56 0
0 39 0
Net_id 47
pin_num 3
26 25 0
19 31 0
21 16 0
Net_id 48
pin_num 3
1 23 0
10 23 0
2 43 0
Net_id 49
pin_num 3
26 26 0
1 39 0
23 42 0
Net_id 50
pin_num 3
53 23 0
38 27 0
19 32 0
Net_id 51
pin_num 3
2 40 0
9 35 0
9 38 0
Net_id 52
pin_num 3
44 11 0
33 11 0
39 36 0
Net_id 53
pin_num 3
41 3 0
50 3 0
47 19 0
Net_id 54
pin_num 3
19 24 0
23 23 0
25 54 0
Net_id 55
pin_num 3
23 58 0
3 58 0
5 54 0
Net_id 56
pin_num 3
14 19 0
9 34 0
53 34 0
Net_id 57
pin_num 3
49 50 0
36 47 0
43 40 0
Net_id 58
pin_num 3
35 27 0
19 27 0
24 39 0
Net_id 59
pin_num 3
17 24 0
13 4 0
36 6 0
Net_id 60
pin_num 3
28 5 0
21 0 0
36 14 0
Net_id 61
pin_num 3
36 43 0
45 45 0
51 56 0
Net_id 62
pin_num 3
30 40 0
23 40 0
13 40 0
Net_id 63
pin_num 3
8 14 0
1 17 0
1 4 0
Net_id 64
pin_num 3
4 24 0
22 33 0
12 5 0
Net_id 65
pin_num 3
6 21 0
13 21 0
9 11 0
Net_id 66
pin_num 3
2 2 0
12 14 0
16 3 0
Net_id 67
pin_num 3
16 35 0
2 22 0
17 26 0
Net_id 68
pin_num 3
50 27 0
59 15 0
59 10 0
Net_id 69
pin_num 3
26 51 0
13 32 0
28 47 0
Net_id 70
pin_num 3
14 54 0
10 55 0
12 33 0
Net_id 71
pin_num 3
2 20 0
4 15 0
7 28 0
Net_id 72
pin_num 3
52 28 0
44 28 0
50 14 0
Net_id 73
pin_num 3
33 48 0
16 28 0
0 46 0
Net_id 74
pin_num 3
0 22 0
10 32 0
4 57 0
Net_id 75
pin_num 3
42 28 0
50 56 0
46 59 0
Net_id 76
pin_num 3
15 26 0
9 39 0
39 37 0
Net_id 77
pin_num 3
40 4 0
14 14 0
44 15 0
Net_id 78
pin_num 3
21 52 0
1 43 0
15 45 0
Net_id 79
pin_num 3
56 50 0
59 59 0
44 58 0
Net_id 80
pin_num 2
4 47 0
17 54 0
Net_id 81
pin_num 2
15 4 0
25 4 0
Net_id 82
pin_num 2
30 38 0
53 30 0
Net_id 83
pin_num 2
37 18 0
27 0 0
Net_id 84
pin_num 2
12 0 0
13 2 0
Net_id 85
pin_num 2
14 18 0
6 33 0
Net_id 86
pin_num 2
11 36 0
27 49 0
Net_id 87
pin_num 2
30 53 0
55 51 0
Net_id 88
pin_num 2
23 55 0
9 48 0
Net_id 89
pin_num 2
7 13 0
11 19 0
Net_id 90
pin_num 2
25 57 0
43 55 0
Net_id 91
pin_num 2
47 14 0
25 17 0
Net_id 92
pin_num 2
23 43 0
26 49 0
Net_id 93
pin_num 2
45 27 0
36 13 0
Net_id 94
pin_num 2
8 47 0
0 55 0
Net_id 95
pin_num 2
52 44 0
59 58 0
Net_id 96
pin_num 2
28 43 0
36 54 0
Net_id 97
pin_num 2
21 56 0
19 59 0
Net_id 98
pin_num 2
17 13 0
11 15 0
Net_id 99
pin_num 2
57 42 0
27 10 0
Net_id 100
pin_num 2
54 2 0
46 6 0
Net_id 101
pin_num 2
31 26 0
51 17 0
Net_id 102
pin_num 2
48 8 0
58 2 0
Net_id 103
pin_num 2
7 4 0
9 1 0
Net_id 104
pin_num 2
32 55 0
54 47 0
Net_id 105
pin_num 2
46 19 0
41 9 0
Net_id 106
pin_num 2
46 30 0
32 50 0
Net_id 107
pin_num 2
30 58 0
25 59 0
Net_id 108
pin_num 2
23 59 0
17 39 0
Net_id 109
pin_num 2
4 54 0
9 50 0
Net_id 110
pin_num 2
18 21 0
23 24 0
Net_id 111
pin_num 2
41 0 0
50 12 0
Net_id 112
pin_num 2
1 49 0
31 57 0
Net_id 113
pin_num 2
36 27 0
59 13 0
Net_id 114
pin_num 2
51 7 0
59 17 0
Net_id 115
pin_num 2
29 3 0
21 9 0
Net_id 116
pin_num 2
48 54 0
52 43 0
Net_id 117
pin_num 2
27 22 0
3 11 0
Net_id 118
pin_num 2
26 39 0
9 45 0
Net_id 119
pin_num 2
17 27 0
30 21 0
Net_id 120
pin_num 2
37 10 0
25 2 0
Net_id 121
pin_num 2
55 48 0
51 30 0
Net_id 122
pin_num 2
29 50 0
9 57 0
Net_id 123
pin_num 2
58 36 0
45 54 0
Net_id 124
pin_num 2
12 23 0
15 23 0
Net_id 125
pin_num 2
39 47 0
33 58 0
Net_id 126
pin_num 2
29 12 0
4 21 0
Net_id 127
pin_num 2
54 55 0
51 52 0
Net_id 128
pin_num 2
16 51 0
9 44 0
Net_id 129
pin_num 2
29 14 0
27 17 0
Net_id 130
pin_num 2
4 35 0
3 57 0
Net_id 131
pin_num 2
34 20 0
44 17 0
Net_id 132
pin_num 2
18 42 0
20 26 0
Net_id 133
pin_num 2
32 20 0
27 11 0
Net_id 134
pin_num 2
47 51 0
19 39 0
Net_id 135
pin_num 2
55 28 0
59 14 0
Net_id 136
pin_num 2
12 45 0
13 39 0
Net_id 137
pin_num 2
37 51 0
48 55 0
Net_id 138
pin_num 2
29 56 0
17 42 0
Net_id 139
pin_num 2
2 56 0
13 57 0
Net_id 140
pin_num 2
55 29 0
48 36 0
Net_id 141
pin_num 2
43 21 0
59 34 0
Net_id 142
pin_num 2
26 38 0
27 44 0
Net_id 143
pin_num 2
46 48 0
55 55 0
Net_id 144
pin_num 2
13 15 0
21 21 0
Net_id 145
pin_num 2
13 10 0
16 14 0
Net_id 146
pin_num 2
56 10 0
52 3 0
Net_id 147
pin_num 2
55 2 0
31 24 0
Net_id 148
pin_num 2
24 1 0
23 12 0
Net_id 149
pin_num 2
31 39 0
16 55 0
Net_id 150
pin_num 2
0 45 0
13 33 0
Net_id 151
pin_num 2
59 20 0
44 29 0
Net_id 152
pin_num 2
9 20 0
2 3 0
Net_id 153
pin_num 2
55 44 0
24 57 0
Net_id 154
pin_num 2
15 9 0
4 33 0
Net_id 155
pin_num 2
40 7 0
48 26 0
Net_id 156
pin_num 2
40 15 0
49 15 0
Net_id 157
pin_num 2
18 59 0
22 57 0
Net_id 158
pin_num 2
11 50 0
13 56 0
Net_id 159
pin_num 2
13 46 0
4 48 0
