Width 60
Height 60
Layer 6
Total_WL 6909
Obstacle_num 144
49 25 0 56 26 0
41 5 0 44 6 0
14 8 0 23 9 0
13 57 0 20 58 0
3 10 0 6 11 0
42 46 0 45 47 0
47 27 0 52 28 0
3 46 0 12 47 0
2 6 0 5 7 0
13 37 0 21 38 0
48 46 0 56 47 0
15 14 0 23 15 0
46 3 0 51 4 0
2 38 0 9 39 0
35 24 0 45 25 0
15 18 0 18 19 0
10 10 0 17 11 0
4 4 0 11 5 0
31 11 0 38 12 0
2 29 0 10 30 0
37 33 0 47 34 0
26 47 0 36 48 0
24 24 0 30 25 0
1 37 0 4 38 0
20 13 1 21 20 1
22 10 1 23 15 1
52 25 1 53 32 1
51 25 1 52 28 1
13 22 1 14 25 1
13 40 1 14 46 1
57 12 1 58 15 1
18 13 1 19 22 1
46 3 1 47 10 1
43 35 1 44 41 1
19 52 1 20 55 1
42 35 1 43 38 1
51 47 1 52 55 1
56 5 1 57 12 1
28 25 1 29 29 1
43 56 1 44 59 1
50 38 1 51 48 1
29 16 1 30 25 1
4 35 1 5 45 1
50 2 1 51 6 1
20 1 1 21 9 1
57 48 1 58 55 1
16 28 1 17 36 1
3 47 1 4 50 1
2 11 2 10 12 2
18 40 2 27 41 2
50 0 2 58 1 2
28 39 2 34 40 2
15 30 2 20 31 2
4 21 2 9 22 2
21 31 2 26 32 2
50 53 2 56 54 2
33 56 2 41 57 2
38 3 2 45 4 2
42 7 2 51 8 2
14 18 2 19 19 2
46 56 2 51 57 2
20 21 2 25 22 2
27 42 2 36 43 2
27 13 2 37 14 2
1 53 2 8 54 2
38 40 2 44 41 2
32 27 2 39 28 2
10 17 2 13 18 2
46 42 2 54 43 2
17 1 2 20 2 2
46 40 2 51 41 2
12 33 2 17 34 2
39 21 3 40 30 3
11 17 3 12 21 3
4 14 3 5 21 3
35 32 3 36 40 3
17 46 3 18 50 3
28 23 3 29 33 3
6 30 3 7 34 3
28 40 3 29 44 3
16 47 3 17 55 3
26 5 3 27 10 3
33 4 3 34 13 3
40 39 3 41 46 3
39 11 3 40 18 3
31 27 3 32 33 3
32 1 3 33 9 3
46 51 3 47 55 3
11 39 3 12 49 3
43 23 3 44 28 3
57 5 3 58 13 3
48 53 3 49 56 3
55 31 3 56 38 3
21 38 3 22 44 3
34 51 3 35 54 3
49 3 3 50 12 3
3 14 4 8 15 4
12 2 4 19 3 4
2 15 4 10 16 4
44 2 4 51 3 4
7 21 4 16 22 4
50 55 4 59 56 4
41 37 4 45 38 4
28 53 4 31 54 4
38 16 4 45 17 4
41 47 4 45 48 4
24 48 4 30 49 4
8 41 4 13 42 4
40 50 4 44 51 4
0 3 4 8 4 4
41 26 4 49 27 4
5 13 4 9 14 4
32 54 4 36 55 4
45 25 4 53 26 4
15 30 4 23 31 4
15 15 4 23 16 4
50 31 4 55 32 4
41 32 4 46 33 4
34 5 4 37 6 4
31 52 4 36 53 4
44 3 5 45 8 5
29 18 5 30 26 5
26 53 5 27 56 5
6 20 5 7 30 5
55 19 5 56 23 5
26 28 5 27 32 5
49 4 5 50 14 5
47 1 5 48 7 5
49 15 5 50 22 5
30 12 5 31 15 5
17 4 5 18 12 5
22 0 5 23 7 5
42 15 5 43 19 5
55 47 5 56 54 5
54 38 5 55 46 5
31 45 5 32 55 5
22 33 5 23 41 5
58 33 5 59 41 5
29 39 5 30 43 5
26 42 5 27 47 5
3 22 5 4 31 5
15 37 5 16 47 5
38 54 5 39 59 5
21 40 5 22 49 5
Net_num 162
Net_id 0
pin_num 5
25 32 0
29 31 0
26 20 0
43 30 0
41 13 0
Net_id 1
pin_num 5
23 0 0
19 4 0
28 3 0
45 3 0
11 0 0
Net_id 2
pin_num 5
16 29 0
2 33 0
3 27 0
8 26 0
11 50 0
Net_id 3
pin_num 5
9 16 0
23 15 0
20 35 0
20 30 0
14 30 0
Net_id 4
pin_num 5
47 48 0
52 50 0
56 59 0
39 56 0
49 44 0
Net_id 5
pin_num 5
39 39 0
33 46 0
17 40 0
35 26 0
23 39 0
Net_id 6
pin_num 5
27 31 0
7 32 0
25 52 0
22 43 0
8 40 0
Net_id 7
pin_num 5
29 22 0
13 22 0
13 8 0
24 25 0
12 3 0
Net_id 8
pin_num 5
28 31 0
27 23 0
23 24 0
25 5 0
51 29 0
Net_id 9
pin_num 5
21 44 0
16 44 0
0 50 0
2 58 0
12 46 0
Net_id 10
pin_num 5
43 44 0
53 36 0
48 37 0
41 42 0
44 32 0
Net_id 11
pin_num 5
12 8 0
5 0 0
7 17 0
0 5 0
1 0 0
Net_id 12
pin_num 5
52 41 0
58 41 0
56 21 0
52 24 0
39 31 0
Net_id 13
pin_num 5
39 10 0
46 19 0
42 28 0
59 9 0
38 1 0
Net_id 14
pin_num 5
22 53 0
18 46 0
16 36 0
18 25 0
39 50 0
Net_id 15
pin_num 5
49 32 0
50 30 0
45 28 0
40 37 0
31 33 0
Net_id 16
pin_num 5
9 7 0
1 6 0
3 0 0
3 21 0
1 26 0
Net_id 17
pin_num 5
22 11 0
2 9 0
3 22 0
0 16 0
0 24 0
Net_id 18
pin_num 5
45 7 0
52 9 0
49 17 0
46 15 0
55 8 0
Net_id 19
pin_num 5
14 45 0
19 45 0
16 50 0
13 50 0
41 45 0
Net_id 20
pin_num 4
27 5 0
39 1 0
19 2 0
43 4 0
Net_id 21
pin_num 4
32 36 0
21 41 0
28 46 0
52 38 0
Net_id 22
pin_num 4
51 33 0
47 45 0
47 12 0
57 33 0
Net_id 23
pin_num 4
30 9 0
27 12 0
10 9 0
17 6 0
Net_id 24
pin_num 4
33 57 0
36 51 0
29 53 0
26 38 0
Net_id 25
pin_num 4
50 20 0
59 25 0
53 35 0
59 26 0
Net_id 26
pin_num 4
15 54 0
27 51 0
17 52 0
0 43 0
Net_id 27
pin_num 4
58 16 0
57 19 0
57 25 0
51 38 0
Net_id 28
pin_num 4
53 0 0
59 1 0
58 9 0
42 1 0
Net_id 29
pin_num 4
57 51 0
40 54 0
38 38 0
49 59 0
Net_id 30
pin_num 4
19 0 0
13 0 0
26 5 0
14 2 0
Net_id 31
pin_num 4
36 25 0
47 22 0
32 22 0
42 8 0
Net_id 32
pin_num 4
31 22 0
30 27 0
27 35 0
30 31 0
Net_id 33
pin_num 4
19 53 0
10 49 0
4 47 0
24 47 0
Net_id 34
pin_num 4
44 0 0
40 7 0
59 6 0
57 2 0
Net_id 35
pin_num 4
20 1 0
18 3 0
28 1 0
31 9 0
Net_id 36
pin_num 4
32 26 0
34 20 0
46 28 0
15 25 0
Net_id 37
pin_num 4
30 51 0
36 58 0
36 32 0
36 47 0
Net_id 38
pin_num 4
22 26 0
21 21 0
25 35 0
39 21 0
Net_id 39
pin_num 4
35 56 0
25 55 0
30 37 0
35 50 0
Net_id 40
pin_num 4
14 49 0
24 59 0
23 38 0
4 45 0
Net_id 41
pin_num 3
30 6 0
16 1 0
16 19 0
Net_id 42
pin_num 3
39 23 0
24 30 0
9 15 0
Net_id 43
pin_num 3
57 12 0
47 13 0
26 12 0
Net_id 44
pin_num 3
30 44 0
41 34 0
16 39 0
Net_id 45
pin_num 3
22 24 0
0 18 0
0 20 0
Net_id 46
pin_num 3
59 38 0
51 24 0
54 50 0
Net_id 47
pin_num 3
50 53 0
53 51 0
29 59 0
Net_id 48
pin_num 3
26 26 0
39 20 0
30 14 0
Net_id 49
pin_num 3
41 48 0
9 48 0
1 47 0
Net_id 50
pin_num 3
19 34 0
27 41 0
12 37 0
Net_id 51
pin_num 3
54 14 0
58 10 0
31 12 0
Net_id 52
pin_num 3
3 52 0
17 59 0
13 59 0
Net_id 53
pin_num 3
34 17 0
29 2 0
0 8 0
Net_id 54
pin_num 3
57 10 0
44 11 0
58 22 0
Net_id 55
pin_num 3
44 19 0
31 7 0
59 32 0
Net_id 56
pin_num 3
41 41 0
50 41 0
43 54 0
Net_id 57
pin_num 3
13 41 0
0 41 0
5 48 0
Net_id 58
pin_num 3
1 11 0
5 3 0
9 28 0
Net_id 59
pin_num 3
48 1 0
50 9 0
56 15 0
Net_id 60
pin_num 3
30 12 0
12 14 0
29 1 0
Net_id 61
pin_num 3
28 19 0
24 14 0
36 18 0
Net_id 62
pin_num 3
37 17 0
44 9 0
40 35 0
Net_id 63
pin_num 3
45 0 0
59 8 0
28 11 0
Net_id 64
pin_num 3
41 7 0
41 0 0
54 18 0
Net_id 65
pin_num 3
15 3 0
6 1 0
8 8 0
Net_id 66
pin_num 3
12 11 0
1 27 0
11 14 0
Net_id 67
pin_num 3
35 49 0
42 49 0
46 26 0
Net_id 68
pin_num 3
2 21 0
0 29 0
23 23 0
Net_id 69
pin_num 3
43 27 0
43 21 0
55 39 0
Net_id 70
pin_num 3
2 20 0
2 14 0
17 10 0
Net_id 71
pin_num 3
33 10 0
48 2 0
39 6 0
Net_id 72
pin_num 3
13 4 0
3 24 0
23 7 0
Net_id 73
pin_num 3
21 46 0
19 42 0
14 51 0
Net_id 74
pin_num 3
27 29 0
8 18 0
23 11 0
Net_id 75
pin_num 3
48 29 0
50 26 0
58 46 0
Net_id 76
pin_num 3
52 56 0
55 45 0
49 55 0
Net_id 77
pin_num 3
52 27 0
56 19 0
48 4 0
Net_id 78
pin_num 3
22 19 0
29 27 0
33 38 0
Net_id 79
pin_num 3
49 42 0
56 50 0
38 58 0
Net_id 80
pin_num 2
13 2 0
1 4 0
Net_id 81
pin_num 2
0 26 0
14 38 0
Net_id 82
pin_num 2
52 4 0
55 12 0
Net_id 83
pin_num 2
44 53 0
30 35 0
Net_id 84
pin_num 2
6 10 0
19 24 0
Net_id 85
pin_num 2
45 8 0
55 23 0
Net_id 86
pin_num 2
7 30 0
3 30 0
Net_id 87
pin_num 2
52 33 0
56 47 0
Net_id 88
pin_num 2
40 2 0
26 10 0
Net_id 89
pin_num 2
21 19 0
7 28 0
Net_id 90
pin_num 2
57 29 0
32 46 0
Net_id 91
pin_num 2
0 57 0
3 59 0
Net_id 92
pin_num 2
30 49 0
25 49 0
Net_id 93
pin_num 2
7 34 0
17 17 0
Net_id 94
pin_num 2
51 13 0
59 45 0
Net_id 95
pin_num 2
17 25 0
11 20 0
Net_id 96
pin_num 2
42 2 0
35 25 0
Net_id 97
pin_num 2
9 55 0
23 53 0
Net_id 98
pin_num 2
58 50 0
58 56 0
Net_id 99
pin_num 2
41 8 0
30 34 0
Net_id 100
pin_num 2
59 13 0
40 6 0
Net_id 101
pin_num 2
3 15 0
7 25 0
Net_id 102
pin_num 2
2 1 0
12 12 0
Net_id 103
pin_num 2
35 38 0
46 35 0
Net_id 104
pin_num 2
32 13 0
19 41 0
Net_id 105
pin_num 2
0 54 0
11 56 0
Net_id 106
pin_num 2
54 55 0
57 45 0
Net_id 107
pin_num 2
39 17 0
44 21 0
Net_id 108
pin_num 2
44 30 0
52 34 0
Net_id 109
pin_num 2
4 32 0
6 27 0
Net_id 110
pin_num 2
6 42 0
2 40 0
Net_id 111
pin_num 2
40 47 0
42 47 0
Net_id 112
pin_num 2
59 49 0
35 58 0
Net_id 113
pin_num 2
35 33 0
10 40 0
Net_id 114
pin_num 2
39 43 0
46 59 0
Net_id 115
pin_num 2
50 19 0
41 3 0
Net_id 116
pin_num 2
42 9 0
29 4 0
Net_id 117
pin_num 2
47 39 0
38 46 0
Net_id 118
pin_num 2
7 21 0
28 17 0
Net_id 119
pin_num 2
18 55 0
29 41 0
Net_id 120
pin_num 2
14 11 0
29 37 0
Net_id 121
pin_num 2
37 43 0
48 35 0
Net_id 122
pin_num 2
26 50 0
19 58 0
Net_id 123
pin_num 2
3 5 0
1 3 0
Net_id 124
pin_num 2
24 4 0
30 0 0
Net_id 125
pin_num 2
22 28 0
12 26 0
Net_id 126
pin_num 2
43 49 0
47 49 0
Net_id 127
pin_num 2
53 7 0
52 5 0
Net_id 128
pin_num 2
12 25 0
13 34 0
Net_id 129
pin_num 2
54 57 0
57 56 0
Net_id 130
pin_num 2
27 15 0
17 32 0
Net_id 131
pin_num 2
59 58 0
41 53 0
Net_id 132
pin_num 2
45 54 0
46 58 0
Net_id 133
pin_num 2
43 38 0
57 43 0
Net_id 134
pin_num 2
53 21 0
40 5 0
Net_id 135
pin_num 2
1 53 0
4 49 0
Net_id 136
pin_num 2
29 58 0
14 54 0
Net_id 137
pin_num 2
5 13 0
2 10 0
Net_id 138
pin_num 2
15 24 0
5 19 0
Net_id 139
pin_num 2
59 41 0
53 37 0
Net_id 140
pin_num 2
33 27 0
15 13 0
Net_id 141
pin_num 2
58 30 0
38 44 0
Net_id 142
pin_num 2
36 37 0
46 21 0
Net_id 143
pin_num 2
11 22 0
3 4 0
Net_id 144
pin_num 2
11 5 0
24 2 0
Net_id 145
pin_num 2
48 53 0
27 57 0
Net_id 146
pin_num 2
42 18 0
50 23 0
Net_id 147
pin_num 2
33 54 0
9 43 0
Net_id 148
pin_num 2
35 53 0
29 43 0
Net_id 149
pin_num 2
38 35 0
37 26 0
Net_id 150
pin_num 2
7 5 0
7 26 0
Net_id 151
pin_num 2
48 39 0
58 51 0
Net_id 152
pin_num 2
30 20 0
57 40 0
Net_id 153
pin_num 2
4 50 0
0 51 0
Net_id 154
pin_num 2
1 42 0
19 27 0
Net_id 155
pin_num 2
58 17 0
43 34 0
Net_id 156
pin_num 2
11 27 0
0 52 0
Net_id 157
pin_num 2
18 50 0
1 33 0
Net_id 158
pin_num 2
47 6 0
54 23 0
Net_id 159
pin_num 2
26 33 0
19 56 0
Net_id 160
pin_num 2
34 7 0
34 4 0
Net_id 161
pin_num 2
59 47 0
47 46 0
