Width 60
Height 60
Layer 6
Total_WL 7010
Obstacle_num 144
11 14 0 16 15 0
36 33 0 46 34 0
52 54 0 57 55 0
46 45 0 55 46 0
43 19 0 51 20 0
15 41 0 18 42 0
39 39 0 49 40 0
39 21 0 48 22 0
42 0 0 51 1 0
38 55 0 47 56 0
10 26 0 20 27 0
4 17 0 11 18 0
29 16 0 32 17 0
25 1 0 33 2 0
5 4 0 12 5 0
36 44 0 46 45 0
10 41 0 13 42 0
2 43 0 10 44 0
48 16 0 55 17 0
56 42 0 59 43 0
50 17 0 55 18 0
48 8 0 53 9 0
27 24 0 32 25 0
23 17 0 29 18 0
18 39 1 19 47 1
36 25 1 37 30 1
29 47 1 30 54 1
56 16 1 57 23 1
35 51 1 36 56 1
28 52 1 29 59 1
5 30 1 6 37 1
47 45 1 48 53 1
14 29 1 15 39 1
15 30 1 16 35 1
23 34 1 24 44 1
33 27 1 34 35 1
9 33 1 10 42 1
35 34 1 36 43 1
24 6 1 25 16 1
48 6 1 49 14 1
4 32 1 5 39 1
12 39 1 13 45 1
7 14 1 8 20 1
2 19 1 3 25 1
2 14 1 3 19 1
9 9 1 10 12 1
30 16 1 31 23 1
1 20 1 2 28 1
21 50 2 24 51 2
30 19 2 33 20 2
16 54 2 25 55 2
24 36 2 33 37 2
46 35 2 54 36 2
20 29 2 26 30 2
47 53 2 51 54 2
26 3 2 35 4 2
48 16 2 55 17 2
23 28 2 32 29 2
15 28 2 23 29 2
0 4 2 6 5 2
46 48 2 52 49 2
54 49 2 58 50 2
2 6 2 9 7 2
46 12 2 55 13 2
22 53 2 25 54 2
30 6 2 34 7 2
38 16 2 41 17 2
23 25 2 33 26 2
5 54 2 11 55 2
43 41 2 46 42 2
34 33 2 38 34 2
47 58 2 53 59 2
49 28 3 50 33 3
46 39 3 47 49 3
8 38 3 9 46 3
44 25 3 45 34 3
43 46 3 44 54 3
35 12 3 36 19 3
6 14 3 7 20 3
21 44 3 22 51 3
44 0 3 45 3 3
37 1 3 38 10 3
12 16 3 13 25 3
5 44 3 6 50 3
20 2 3 21 12 3
31 30 3 32 35 3
2 6 3 3 15 3
15 3 3 16 10 3
55 18 3 56 23 3
44 48 3 45 57 3
1 9 3 2 18 3
5 53 3 6 57 3
7 24 3 8 30 3
8 24 3 9 33 3
37 43 3 38 49 3
53 53 3 54 58 3
33 52 4 40 53 4
21 14 4 30 15 4
0 11 4 5 12 4
6 44 4 15 45 4
30 57 4 40 58 4
26 20 4 31 21 4
33 9 4 42 10 4
29 6 4 37 7 4
39 32 4 44 33 4
46 8 4 54 9 4
39 37 4 45 38 4
25 38 4 29 39 4
11 56 4 14 57 4
46 55 4 50 56 4
1 20 4 11 21 4
51 57 4 54 58 4
24 55 4 29 56 4
32 33 4 39 34 4
44 56 4 52 57 4
55 1 4 59 2 4
52 40 4 58 41 4
26 19 4 36 20 4
49 23 4 59 24 4
35 30 4 41 31 4
43 14 5 44 20 5
39 48 5 40 56 5
19 28 5 20 34 5
31 7 5 32 15 5
22 15 5 23 18 5
13 45 5 14 54 5
16 12 5 17 15 5
22 43 5 23 53 5
22 26 5 23 32 5
58 46 5 59 49 5
45 18 5 46 26 5
56 2 5 57 6 5
32 35 5 33 45 5
11 18 5 12 27 5
6 2 5 7 6 5
1 20 5 2 24 5
47 27 5 48 35 5
15 34 5 16 40 5
38 36 5 39 45 5
18 27 5 19 31 5
57 50 5 58 57 5
44 46 5 45 52 5
37 46 5 38 54 5
27 5 5 28 12 5
Net_num 163
Net_id 0
pin_num 5
9 53 0
16 57 0
32 57 0
29 46 0
3 56 0
Net_id 1
pin_num 5
37 45 0
54 47 0
46 59 0
42 30 0
38 28 0
Net_id 2
pin_num 5
42 13 0
41 4 0
22 11 0
32 22 0
10 12 0
Net_id 3
pin_num 5
21 11 0
14 20 0
7 13 0
3 13 0
19 20 0
Net_id 4
pin_num 5
37 59 0
37 52 0
36 59 0
24 53 0
27 33 0
Net_id 5
pin_num 5
27 27 0
37 23 0
37 47 0
50 29 0
55 26 0
Net_id 6
pin_num 5
30 44 0
41 51 0
36 38 0
27 30 0
34 49 0
Net_id 7
pin_num 5
11 43 0
10 50 0
10 39 0
30 50 0
18 53 0
Net_id 8
pin_num 5
30 11 0
23 18 0
43 17 0
36 48 0
59 20 0
Net_id 9
pin_num 5
15 21 0
8 12 0
3 15 0
3 28 0
9 1 0
Net_id 10
pin_num 5
30 48 0
18 47 0
28 26 0
22 40 0
32 37 0
Net_id 11
pin_num 5
11 35 0
12 25 0
0 33 0
11 42 0
15 35 0
Net_id 12
pin_num 5
1 59 0
8 55 0
8 37 0
0 57 0
0 39 0
Net_id 13
pin_num 5
57 0 0
55 2 0
41 0 0
58 16 0
54 10 0
Net_id 14
pin_num 5
53 58 0
59 43 0
51 50 0
45 51 0
44 59 0
Net_id 15
pin_num 5
37 17 0
24 24 0
24 16 0
14 21 0
31 21 0
Net_id 16
pin_num 5
2 57 0
15 53 0
8 59 0
1 58 0
3 42 0
Net_id 17
pin_num 5
54 0 0
59 6 0
59 4 0
57 20 0
48 5 0
Net_id 18
pin_num 5
40 7 0
31 7 0
38 22 0
33 9 0
33 26 0
Net_id 19
pin_num 5
12 35 0
14 28 0
13 55 0
4 24 0
4 14 0
Net_id 20
pin_num 4
45 27 0
38 20 0
39 47 0
39 53 0
Net_id 21
pin_num 4
53 51 0
56 36 0
45 42 0
43 59 0
Net_id 22
pin_num 4
26 47 0
35 32 0
44 46 0
42 28 0
Net_id 23
pin_num 4
19 35 0
12 46 0
45 46 0
30 26 0
Net_id 24
pin_num 4
53 11 0
39 5 0
50 20 0
41 23 0
Net_id 25
pin_num 4
41 31 0
41 41 0
31 13 0
26 37 0
Net_id 26
pin_num 4
17 53 0
9 48 0
10 59 0
36 52 0
Net_id 27
pin_num 4
56 33 0
51 46 0
55 59 0
52 48 0
Net_id 28
pin_num 4
12 19 0
23 27 0
30 22 0
23 10 0
Net_id 29
pin_num 4
6 14 0
11 20 0
6 5 0
0 5 0
Net_id 30
pin_num 4
59 18 0
54 19 0
57 29 0
59 17 0
Net_id 31
pin_num 4
34 32 0
22 32 0
35 19 0
10 38 0
Net_id 32
pin_num 4
28 2 0
29 25 0
47 6 0
21 0 0
Net_id 33
pin_num 4
51 9 0
46 7 0
35 8 0
59 11 0
Net_id 34
pin_num 4
0 3 0
9 3 0
10 0 0
16 0 0
Net_id 35
pin_num 4
3 22 0
9 29 0
0 8 0
16 18 0
Net_id 36
pin_num 4
8 16 0
5 27 0
0 28 0
16 31 0
Net_id 37
pin_num 4
38 26 0
32 33 0
46 27 0
32 45 0
Net_id 38
pin_num 4
6 52 0
4 49 0
7 52 0
5 39 0
Net_id 39
pin_num 3
17 48 0
11 48 0
11 51 0
Net_id 40
pin_num 3
1 43 0
10 25 0
29 33 0
Net_id 41
pin_num 3
44 2 0
49 4 0
37 12 0
Net_id 42
pin_num 3
21 21 0
7 39 0
7 48 0
Net_id 43
pin_num 3
9 20 0
7 9 0
0 1 0
Net_id 44
pin_num 3
23 6 0
22 5 0
10 19 0
Net_id 45
pin_num 3
23 12 0
10 21 0
52 18 0
Net_id 46
pin_num 3
31 22 0
29 31 0
40 28 0
Net_id 47
pin_num 3
1 50 0
9 50 0
0 38 0
Net_id 48
pin_num 3
58 31 0
54 23 0
58 17 0
Net_id 49
pin_num 3
37 29 0
15 27 0
17 42 0
Net_id 50
pin_num 3
57 28 0
34 22 0
59 7 0
Net_id 51
pin_num 3
0 35 0
2 31 0
20 26 0
Net_id 52
pin_num 3
28 10 0
40 14 0
45 30 0
Net_id 53
pin_num 3
58 27 0
53 15 0
47 12 0
Net_id 54
pin_num 3
41 37 0
40 42 0
48 40 0
Net_id 55
pin_num 3
31 35 0
49 44 0
33 45 0
Net_id 56
pin_num 3
12 27 0
20 20 0
22 37 0
Net_id 57
pin_num 3
48 10 0
55 16 0
53 1 0
Net_id 58
pin_num 3
56 15 0
51 7 0
46 22 0
Net_id 59
pin_num 3
18 25 0
27 21 0
10 31 0
Net_id 60
pin_num 3
12 1 0
10 11 0
9 22 0
Net_id 61
pin_num 3
59 3 0
49 3 0
51 6 0
Net_id 62
pin_num 3
42 4 0
59 21 0
49 1 0
Net_id 63
pin_num 3
27 52 0
34 59 0
35 58 0
Net_id 64
pin_num 3
33 4 0
28 13 0
24 0 0
Net_id 65
pin_num 3
34 28 0
26 29 0
28 49 0
Net_id 66
pin_num 3
10 9 0
25 3 0
2 27 0
Net_id 67
pin_num 3
41 42 0
44 38 0
23 51 0
Net_id 68
pin_num 3
23 41 0
11 24 0
0 37 0
Net_id 69
pin_num 3
50 1 0
51 28 0
56 2 0
Net_id 70
pin_num 3
33 20 0
21 20 0
25 12 0
Net_id 71
pin_num 3
21 19 0
33 19 0
20 14 0
Net_id 72
pin_num 3
29 44 0
25 45 0
21 18 0
Net_id 73
pin_num 3
24 10 0
40 18 0
21 2 0
Net_id 74
pin_num 3
39 40 0
26 45 0
16 44 0
Net_id 75
pin_num 3
38 0 0
36 3 0
19 9 0
Net_id 76
pin_num 3
28 4 0
44 14 0
21 4 0
Net_id 77
pin_num 3
58 44 0
57 48 0
50 59 0
Net_id 78
pin_num 3
20 46 0
22 43 0
14 43 0
Net_id 79
pin_num 3
4 0 0
11 6 0
15 5 0
Net_id 80
pin_num 3
17 56 0
29 55 0
54 56 0
Net_id 81
pin_num 2
32 44 0
35 45 0
Net_id 82
pin_num 2
4 30 0
18 18 0
Net_id 83
pin_num 2
41 9 0
26 24 0
Net_id 84
pin_num 2
7 53 0
6 29 0
Net_id 85
pin_num 2
4 15 0
13 11 0
Net_id 86
pin_num 2
49 58 0
54 48 0
Net_id 87
pin_num 2
59 41 0
47 34 0
Net_id 88
pin_num 2
58 35 0
53 32 0
Net_id 89
pin_num 2
18 16 0
26 16 0
Net_id 90
pin_num 2
3 41 0
2 46 0
Net_id 91
pin_num 2
14 12 0
38 1 0
Net_id 92
pin_num 2
19 5 0
26 2 0
Net_id 93
pin_num 2
59 12 0
40 34 0
Net_id 94
pin_num 2
14 15 0
14 19 0
Net_id 95
pin_num 2
12 58 0
2 47 0
Net_id 96
pin_num 2
26 54 0
47 57 0
Net_id 97
pin_num 2
23 24 0
40 47 0
Net_id 98
pin_num 2
25 43 0
9 59 0
Net_id 99
pin_num 2
8 54 0
7 57 0
Net_id 100
pin_num 2
25 23 0
34 51 0
Net_id 101
pin_num 2
0 54 0
29 43 0
Net_id 102
pin_num 2
10 37 0
29 42 0
Net_id 103
pin_num 2
21 53 0
19 38 0
Net_id 104
pin_num 2
55 24 0
50 34 0
Net_id 105
pin_num 2
18 49 0
19 58 0
Net_id 106
pin_num 2
38 56 0
9 45 0
Net_id 107
pin_num 2
40 2 0
26 6 0
Net_id 108
pin_num 2
2 19 0
8 5 0
Net_id 109
pin_num 2
0 47 0
14 57 0
Net_id 110
pin_num 2
42 43 0
43 51 0
Net_id 111
pin_num 2
9 23 0
2 28 0
Net_id 112
pin_num 2
3 18 0
9 18 0
Net_id 113
pin_num 2
40 16 0
26 35 0
Net_id 114
pin_num 2
16 55 0
33 57 0
Net_id 115
pin_num 2
59 34 0
45 58 0
Net_id 116
pin_num 2
7 12 0
5 11 0
Net_id 117
pin_num 2
9 52 0
23 58 0
Net_id 118
pin_num 2
3 19 0
10 36 0
Net_id 119
pin_num 2
47 28 0
59 48 0
Net_id 120
pin_num 2
31 39 0
15 36 0
Net_id 121
pin_num 2
52 28 0
52 19 0
Net_id 122
pin_num 2
48 33 0
27 8 0
Net_id 123
pin_num 2
34 43 0
31 38 0
Net_id 124
pin_num 2
50 46 0
46 41 0
Net_id 125
pin_num 2
54 29 0
52 29 0
Net_id 126
pin_num 2
11 3 0
27 15 0
Net_id 127
pin_num 2
46 10 0
33 41 0
Net_id 128
pin_num 2
3 37 0
2 39 0
Net_id 129
pin_num 2
57 37 0
53 48 0
Net_id 130
pin_num 2
36 56 0
24 35 0
Net_id 131
pin_num 2
23 8 0
38 4 0
Net_id 132
pin_num 2
50 52 0
27 58 0
Net_id 133
pin_num 2
29 15 0
54 11 0
Net_id 134
pin_num 2
41 14 0
41 17 0
Net_id 135
pin_num 2
55 42 0
40 49 0
Net_id 136
pin_num 2
16 52 0
12 45 0
Net_id 137
pin_num 2
37 21 0
21 5 0
Net_id 138
pin_num 2
43 38 0
59 33 0
Net_id 139
pin_num 2
58 40 0
44 37 0
Net_id 140
pin_num 2
41 59 0
48 50 0
Net_id 141
pin_num 2
20 38 0
35 48 0
Net_id 142
pin_num 2
31 34 0
26 33 0
Net_id 143
pin_num 2
48 44 0
21 58 0
Net_id 144
pin_num 2
17 30 0
5 20 0
Net_id 145
pin_num 2
12 23 0
25 7 0
Net_id 146
pin_num 2
59 39 0
54 55 0
Net_id 147
pin_num 2
14 45 0
36 58 0
Net_id 148
pin_num 2
35 38 0
24 34 0
Net_id 149
pin_num 2
56 23 0
38 14 0
Net_id 150
pin_num 2
46 43 0
55 43 0
Net_id 151
pin_num 2
20 47 0
25 51 0
Net_id 152
pin_num 2
52 21 0
49 2 0
Net_id 153
pin_num 2
35 54 0
25 54 0
Net_id 154
pin_num 2
30 51 0
30 55 0
Net_id 155
pin_num 2
49 57 0
53 33 0
Net_id 156
pin_num 2
12 47 0
41 25 0
Net_id 157
pin_num 2
37 42 0
24 58 0
Net_id 158
pin_num 2
37 4 0
33 5 0
Net_id 159
pin_num 2
12 11 0
11 19 0
Net_id 160
pin_num 2
28 42 0
20 36 0
Net_id 161
pin_num 2
53 57 0
47 54 0
Net_id 162
pin_num 2
6 47 0
16 56 0
