Width 60
Height 60
Layer 6
Total_WL 7096
Obstacle_num 144
37 56 0 46 57 0
14 0 0 22 1 0
21 21 0 28 22 0
21 51 0 27 52 0
1 20 0 10 21 0
41 6 0 46 7 0
52 20 0 56 21 0
21 35 0 31 36 0
21 8 0 31 9 0
1 10 0 4 11 0
28 31 0 34 32 0
28 38 0 33 39 0
28 20 0 38 21 0
20 58 0 23 59 0
54 35 0 59 36 0
45 23 0 54 24 0
14 27 0 22 28 0
11 24 0 19 25 0
26 29 0 33 30 0
18 53 0 23 54 0
10 29 0 15 30 0
1 17 0 4 18 0
42 36 0 48 37 0
24 19 0 31 20 0
15 2 1 16 5 1
4 39 1 5 48 1
15 13 1 16 18 1
16 46 1 17 55 1
17 4 1 18 8 1
42 38 1 43 46 1
46 42 1 47 49 1
30 3 1 31 9 1
5 0 1 6 4 1
20 15 1 21 23 1
16 32 1 17 40 1
29 31 1 30 39 1
19 0 1 20 3 1
39 6 1 40 15 1
55 41 1 56 50 1
12 20 1 13 25 1
21 24 1 22 30 1
26 34 1 27 40 1
31 11 1 32 21 1
9 41 1 10 47 1
49 29 1 50 39 1
45 28 1 46 33 1
7 49 1 8 56 1
41 14 1 42 18 1
33 34 2 37 35 2
49 49 2 55 50 2
27 4 2 35 5 2
36 51 2 43 52 2
12 28 2 20 29 2
37 36 2 41 37 2
2 16 2 12 17 2
5 44 2 14 45 2
47 28 2 56 29 2
49 48 2 54 49 2
13 12 2 21 13 2
19 9 2 27 10 2
43 39 2 47 40 2
49 26 2 57 27 2
46 51 2 55 52 2
13 33 2 21 34 2
6 37 2 14 38 2
33 2 2 39 3 2
10 32 2 14 33 2
27 54 2 35 55 2
0 30 2 3 31 2
53 47 2 56 48 2
39 16 2 43 17 2
4 19 2 13 20 2
5 22 3 6 30 3
37 47 3 38 57 3
11 12 3 12 22 3
19 38 3 20 44 3
12 47 3 13 50 3
42 0 3 43 10 3
21 24 3 22 29 3
57 50 3 58 58 3
31 25 3 32 33 3
30 37 3 31 40 3
51 41 3 52 50 3
31 35 3 32 45 3
21 32 3 22 41 3
58 11 3 59 14 3
7 48 3 8 53 3
57 12 3 58 18 3
49 35 3 50 38 3
37 32 3 38 35 3
27 12 3 28 17 3
40 51 3 41 55 3
40 14 3 41 24 3
29 44 3 30 49 3
23 23 3 24 33 3
17 42 3 18 46 3
11 3 4 17 4 4
24 38 4 34 39 4
14 33 4 22 34 4
18 31 4 25 32 4
33 28 4 36 29 4
48 51 4 54 52 4
11 23 4 16 24 4
19 6 4 27 7 4
9 48 4 18 49 4
44 48 4 54 49 4
18 55 4 27 56 4
27 47 4 37 48 4
43 44 4 47 45 4
32 6 4 37 7 4
47 4 4 54 5 4
19 41 4 28 42 4
5 56 4 11 57 4
27 12 4 32 13 4
36 16 4 42 17 4
48 35 4 56 36 4
30 14 4 35 15 4
31 15 4 38 16 4
40 12 4 45 13 4
12 10 4 16 11 4
21 4 5 22 8 5
58 41 5 59 47 5
9 11 5 10 21 5
23 21 5 24 31 5
46 5 5 47 12 5
20 16 5 21 22 5
17 44 5 18 51 5
54 6 5 55 11 5
18 18 5 19 25 5
46 45 5 47 51 5
36 21 5 37 25 5
43 26 5 44 33 5
56 24 5 57 32 5
17 31 5 18 41 5
16 21 5 17 31 5
49 49 5 50 56 5
0 3 5 1 9 5
11 6 5 12 16 5
35 41 5 36 48 5
30 9 5 31 19 5
9 24 5 10 28 5
21 17 5 22 23 5
52 31 5 53 40 5
14 28 5 15 32 5
Net_num 161
Net_id 0
pin_num 5
35 9 0
29 13 0
30 26 0
22 1 0
34 0 0
Net_id 1
pin_num 5
13 7 0
7 7 0
11 0 0
9 19 0
4 0 0
Net_id 2
pin_num 5
0 52 0
5 40 0
0 40 0
18 40 0
0 45 0
Net_id 3
pin_num 5
11 14 0
7 2 0
7 3 0
0 26 0
18 2 0
Net_id 4
pin_num 5
11 59 0
19 55 0
35 59 0
33 49 0
28 43 0
Net_id 5
pin_num 5
51 34 0
36 35 0
16 34 0
25 49 0
59 32 0
Net_id 6
pin_num 5
16 36 0
19 45 0
37 45 0
32 22 0
41 31 0
Net_id 7
pin_num 5
52 17 0
48 19 0
36 17 0
46 0 0
13 0 0
Net_id 8
pin_num 5
55 48 0
44 50 0
54 38 0
59 46 0
47 55 0
Net_id 9
pin_num 5
49 32 0
53 32 0
51 25 0
58 34 0
58 44 0
Net_id 10
pin_num 5
2 21 0
21 20 0
14 1 0
9 6 0
14 19 0
Net_id 11
pin_num 5
49 29 0
57 29 0
49 40 0
59 20 0
57 13 0
Net_id 12
pin_num 5
10 47 0
6 48 0
23 48 0
36 59 0
22 43 0
Net_id 13
pin_num 5
52 52 0
58 50 0
55 27 0
59 43 0
48 29 0
Net_id 14
pin_num 5
23 7 0
13 18 0
16 26 0
20 10 0
3 8 0
Net_id 15
pin_num 5
29 43 0
35 43 0
31 57 0
37 48 0
42 59 0
Net_id 16
pin_num 5
11 13 0
20 13 0
12 14 0
5 6 0
11 3 0
Net_id 17
pin_num 5
37 35 0
49 35 0
44 24 0
33 32 0
56 27 0
Net_id 18
pin_num 5
2 8 0
4 5 0
1 11 0
6 17 0
4 9 0
Net_id 19
pin_num 5
0 59 0
6 50 0
9 56 0
3 44 0
0 41 0
Net_id 20
pin_num 4
10 32 0
14 38 0
28 37 0
0 36 0
Net_id 21
pin_num 4
17 22 0
26 22 0
25 15 0
21 1 0
Net_id 22
pin_num 4
17 33 0
26 28 0
13 23 0
2 25 0
Net_id 23
pin_num 4
58 45 0
56 55 0
58 53 0
44 55 0
Net_id 24
pin_num 4
20 51 0
15 40 0
15 23 0
0 37 0
Net_id 25
pin_num 4
13 42 0
9 53 0
27 42 0
13 49 0
Net_id 26
pin_num 4
6 2 0
4 4 0
6 1 0
9 1 0
Net_id 27
pin_num 4
21 40 0
20 36 0
31 26 0
23 41 0
Net_id 28
pin_num 4
12 4 0
29 4 0
19 15 0
6 3 0
Net_id 29
pin_num 4
46 58 0
35 53 0
36 40 0
27 53 0
Net_id 30
pin_num 4
57 34 0
41 33 0
59 19 0
59 2 0
Net_id 31
pin_num 4
33 16 0
48 15 0
59 1 0
59 0 0
Net_id 32
pin_num 4
22 47 0
38 47 0
30 37 0
14 47 0
Net_id 33
pin_num 4
42 21 0
38 15 0
39 39 0
26 27 0
Net_id 34
pin_num 4
38 26 0
33 28 0
50 25 0
31 37 0
Net_id 35
pin_num 4
47 52 0
44 38 0
27 43 0
29 26 0
Net_id 36
pin_num 4
19 5 0
27 2 0
13 1 0
23 14 0
Net_id 37
pin_num 4
46 18 0
32 17 0
24 25 0
32 0 0
Net_id 38
pin_num 4
58 11 0
44 11 0
45 9 0
28 5 0
Net_id 39
pin_num 4
45 50 0
57 49 0
51 38 0
53 54 0
Net_id 40
pin_num 3
21 25 0
24 13 0
36 6 0
Net_id 41
pin_num 3
29 41 0
38 48 0
43 52 0
Net_id 42
pin_num 3
6 30 0
16 41 0
30 48 0
Net_id 43
pin_num 3
7 29 0
1 29 0
16 31 0
Net_id 44
pin_num 3
50 7 0
50 3 0
50 22 0
Net_id 45
pin_num 3
21 41 0
27 48 0
17 15 0
Net_id 46
pin_num 3
40 53 0
53 51 0
36 57 0
Net_id 47
pin_num 3
57 15 0
40 3 0
59 31 0
Net_id 48
pin_num 3
33 38 0
56 49 0
8 42 0
Net_id 49
pin_num 3
26 30 0
10 28 0
7 15 0
Net_id 50
pin_num 3
7 57 0
5 58 0
1 50 0
Net_id 51
pin_num 3
53 30 0
56 25 0
41 30 0
Net_id 52
pin_num 3
52 51 0
37 44 0
33 29 0
Net_id 53
pin_num 3
8 31 0
8 45 0
1 42 0
Net_id 54
pin_num 3
38 19 0
58 31 0
47 39 0
Net_id 55
pin_num 3
0 33 0
13 47 0
14 34 0
Net_id 56
pin_num 3
5 35 0
6 35 0
6 6 0
Net_id 57
pin_num 3
43 0 0
28 7 0
30 28 0
Net_id 58
pin_num 3
20 55 0
32 58 0
28 33 0
Net_id 59
pin_num 3
41 49 0
33 44 0
6 58 0
Net_id 60
pin_num 3
40 58 0
54 46 0
43 47 0
Net_id 61
pin_num 3
21 44 0
8 35 0
15 11 0
Net_id 62
pin_num 3
11 53 0
21 46 0
7 46 0
Net_id 63
pin_num 3
22 19 0
34 35 0
47 46 0
Net_id 64
pin_num 3
3 51 0
9 29 0
10 39 0
Net_id 65
pin_num 3
31 8 0
43 3 0
57 12 0
Net_id 66
pin_num 3
13 36 0
5 23 0
7 36 0
Net_id 67
pin_num 3
9 46 0
2 57 0
7 40 0
Net_id 68
pin_num 3
41 28 0
46 55 0
36 29 0
Net_id 69
pin_num 3
49 3 0
43 7 0
30 7 0
Net_id 70
pin_num 3
58 54 0
53 41 0
43 55 0
Net_id 71
pin_num 3
20 49 0
11 28 0
28 24 0
Net_id 72
pin_num 3
52 24 0
59 24 0
23 27 0
Net_id 73
pin_num 3
0 17 0
10 35 0
0 38 0
Net_id 74
pin_num 3
1 34 0
8 33 0
48 36 0
Net_id 75
pin_num 3
47 11 0
43 2 0
46 29 0
Net_id 76
pin_num 3
53 37 0
59 41 0
37 31 0
Net_id 77
pin_num 3
56 9 0
53 1 0
48 0 0
Net_id 78
pin_num 3
9 5 0
5 4 0
34 3 0
Net_id 79
pin_num 2
12 54 0
18 46 0
Net_id 80
pin_num 2
57 43 0
59 39 0
Net_id 81
pin_num 2
44 43 0
56 43 0
Net_id 82
pin_num 2
43 57 0
40 55 0
Net_id 83
pin_num 2
49 1 0
58 17 0
Net_id 84
pin_num 2
35 46 0
30 57 0
Net_id 85
pin_num 2
6 28 0
11 35 0
Net_id 86
pin_num 2
8 54 0
26 54 0
Net_id 87
pin_num 2
4 18 0
3 27 0
Net_id 88
pin_num 2
55 55 0
30 50 0
Net_id 89
pin_num 2
5 46 0
21 32 0
Net_id 90
pin_num 2
21 9 0
28 28 0
Net_id 91
pin_num 2
23 1 0
41 8 0
Net_id 92
pin_num 2
1 41 0
6 51 0
Net_id 93
pin_num 2
45 38 0
50 56 0
Net_id 94
pin_num 2
2 36 0
18 19 0
Net_id 95
pin_num 2
37 15 0
32 15 0
Net_id 96
pin_num 2
18 11 0
39 1 0
Net_id 97
pin_num 2
25 43 0
17 58 0
Net_id 98
pin_num 2
5 26 0
5 25 0
Net_id 99
pin_num 2
32 19 0
43 22 0
Net_id 100
pin_num 2
37 11 0
28 9 0
Net_id 101
pin_num 2
43 24 0
27 28 0
Net_id 102
pin_num 2
36 9 0
50 1 0
Net_id 103
pin_num 2
57 47 0
46 31 0
Net_id 104
pin_num 2
43 48 0
35 58 0
Net_id 105
pin_num 2
41 24 0
34 24 0
Net_id 106
pin_num 2
5 12 0
15 1 0
Net_id 107
pin_num 2
42 47 0
38 41 0
Net_id 108
pin_num 2
27 10 0
18 16 0
Net_id 109
pin_num 2
17 57 0
26 57 0
Net_id 110
pin_num 2
0 22 0
18 10 0
Net_id 111
pin_num 2
7 18 0
3 13 0
Net_id 112
pin_num 2
56 5 0
53 6 0
Net_id 113
pin_num 2
25 54 0
17 54 0
Net_id 114
pin_num 2
19 23 0
18 38 0
Net_id 115
pin_num 2
10 22 0
17 14 0
Net_id 116
pin_num 2
39 45 0
23 52 0
Net_id 117
pin_num 2
34 39 0
47 58 0
Net_id 118
pin_num 2
26 55 0
30 54 0
Net_id 119
pin_num 2
55 22 0
57 36 0
Net_id 120
pin_num 2
36 30 0
43 10 0
Net_id 121
pin_num 2
11 54 0
18 56 0
Net_id 122
pin_num 2
46 14 0
51 18 0
Net_id 123
pin_num 2
51 36 0
56 21 0
Net_id 124
pin_num 2
29 33 0
52 22 0
Net_id 125
pin_num 2
34 42 0
54 42 0
Net_id 126
pin_num 2
25 39 0
28 40 0
Net_id 127
pin_num 2
40 8 0
29 24 0
Net_id 128
pin_num 2
35 40 0
22 29 0
Net_id 129
pin_num 2
29 12 0
41 12 0
Net_id 130
pin_num 2
5 1 0
2 12 0
Net_id 131
pin_num 2
10 49 0
16 56 0
Net_id 132
pin_num 2
22 26 0
2 28 0
Net_id 133
pin_num 2
22 38 0
44 23 0
Net_id 134
pin_num 2
30 30 0
26 40 0
Net_id 135
pin_num 2
48 12 0
14 22 0
Net_id 136
pin_num 2
18 50 0
24 50 0
Net_id 137
pin_num 2
37 57 0
48 44 0
Net_id 138
pin_num 2
25 48 0
20 56 0
Net_id 139
pin_num 2
58 37 0
52 47 0
Net_id 140
pin_num 2
5 10 0
0 28 0
Net_id 141
pin_num 2
56 7 0
49 20 0
Net_id 142
pin_num 2
58 1 0
48 6 0
Net_id 143
pin_num 2
26 41 0
24 38 0
Net_id 144
pin_num 2
44 2 0
57 3 0
Net_id 145
pin_num 2
18 15 0
24 12 0
Net_id 146
pin_num 2
12 2 0
48 27 0
Net_id 147
pin_num 2
54 17 0
53 22 0
Net_id 148
pin_num 2
33 10 0
26 7 0
Net_id 149
pin_num 2
26 6 0
8 1 0
Net_id 150
pin_num 2
26 52 0
24 44 0
Net_id 151
pin_num 2
59 34 0
45 57 0
Net_id 152
pin_num 2
4 11 0
1 13 0
Net_id 153
pin_num 2
3 55 0
20 52 0
Net_id 154
pin_num 2
8 3 0
18 17 0
Net_id 155
pin_num 2
27 6 0
35 28 0
Net_id 156
pin_num 2
19 9 0
1 24 0
Net_id 157
pin_num 2
52 13 0
52 34 0
Net_id 158
pin_num 2
36 4 0
41 1 0
Net_id 159
pin_num 2
20 8 0
9 12 0
Net_id 160
pin_num 2
34 22 0
49 6 0
