Width 60
Height 60
Layer 6
Total_WL 6602
Obstacle_num 144
0 30 0 7 31 0
52 50 0 56 51 0
27 11 0 32 12 0
3 13 0 12 14 0
47 15 0 57 16 0
12 17 0 17 18 0
2 34 0 9 35 0
3 19 0 6 20 0
34 49 0 44 50 0
45 1 0 52 2 0
45 52 0 55 53 0
5 36 0 9 37 0
3 48 0 10 49 0
2 6 0 8 7 0
14 51 0 17 52 0
25 38 0 29 39 0
2 2 0 10 3 0
16 5 0 20 6 0
48 27 0 56 28 0
25 46 0 35 47 0
3 56 0 13 57 0
39 8 0 44 9 0
12 57 0 18 58 0
34 38 0 40 39 0
48 35 1 49 43 1
55 14 1 56 22 1
28 7 1 29 16 1
44 24 1 45 34 1
1 54 1 2 59 1
15 42 1 16 48 1
4 9 1 5 14 1
3 49 1 4 56 1
13 38 1 14 44 1
1 21 1 2 31 1
50 0 1 51 7 1
46 46 1 47 56 1
44 40 1 45 49 1
34 13 1 35 23 1
22 44 1 23 47 1
19 21 1 20 31 1
35 36 1 36 42 1
37 34 1 38 38 1
45 50 1 46 57 1
56 33 1 57 42 1
33 34 1 34 42 1
49 19 1 50 27 1
31 49 1 32 56 1
41 2 1 42 5 1
17 6 2 25 7 2
24 43 2 33 44 2
29 25 2 34 26 2
10 33 2 16 34 2
0 33 2 6 34 2
21 14 2 26 15 2
48 50 2 57 51 2
4 51 2 8 52 2
19 17 2 28 18 2
27 4 2 30 5 2
38 4 2 45 5 2
1 3 2 5 4 2
9 2 2 13 3 2
33 50 2 36 51 2
27 49 2 36 50 2
43 15 2 52 16 2
14 25 2 20 26 2
36 48 2 46 49 2
37 25 2 45 26 2
28 7 2 36 8 2
47 30 2 56 31 2
27 47 2 34 48 2
31 20 2 41 21 2
30 28 2 33 29 2
29 38 3 30 46 3
45 12 3 46 21 3
40 12 3 41 16 3
36 9 3 37 13 3
52 13 3 53 21 3
53 1 3 54 5 3
54 2 3 55 6 3
7 39 3 8 47 3
2 2 3 3 6 3
7 53 3 8 57 3
13 50 3 14 54 3
10 8 3 11 18 3
24 45 3 25 53 3
21 10 3 22 14 3
37 24 3 38 27 3
37 8 3 38 11 3
33 20 3 34 30 3
26 22 3 27 28 3
27 2 3 28 9 3
24 0 3 25 6 3
21 39 3 22 47 3
41 32 3 42 39 3
15 5 3 16 11 3
8 45 3 9 51 3
15 15 4 20 16 4
42 44 4 49 45 4
11 21 4 16 22 4
25 58 4 29 59 4
36 22 4 39 23 4
48 32 4 54 33 4
22 35 4 31 36 4
5 4 4 14 5 4
8 52 4 18 53 4
31 6 4 35 7 4
34 14 4 41 15 4
37 3 4 40 4 4
21 50 4 30 51 4
37 45 4 44 46 4
32 23 4 39 24 4
34 48 4 37 49 4
9 23 4 16 24 4
25 19 4 32 20 4
26 42 4 29 43 4
4 35 4 10 36 4
26 32 4 35 33 4
36 31 4 41 32 4
23 12 4 30 13 4
9 47 4 15 48 4
1 5 5 2 15 5
57 20 5 58 27 5
44 10 5 45 18 5
56 21 5 57 27 5
19 4 5 20 13 5
12 32 5 13 39 5
3 4 5 4 13 5
25 8 5 26 12 5
58 2 5 59 6 5
26 10 5 27 13 5
37 35 5 38 44 5
11 22 5 12 25 5
19 22 5 20 29 5
53 43 5 54 46 5
52 41 5 53 51 5
56 34 5 57 44 5
43 27 5 44 35 5
3 36 5 4 40 5
50 19 5 51 26 5
47 51 5 48 54 5
55 16 5 56 22 5
41 0 5 42 3 5
37 26 5 38 31 5
22 54 5 23 58 5
Net_num 158
Net_id 0
pin_num 5
12 54 0
13 48 0
28 53 0
7 59 0
18 55 0
Net_id 1
pin_num 5
3 33 0
13 33 0
5 50 0
9 36 0
3 59 0
Net_id 2
pin_num 5
14 11 0
23 3 0
44 8 0
15 18 0
34 23 0
Net_id 3
pin_num 5
38 50 0
49 59 0
42 53 0
43 59 0
42 37 0
Net_id 4
pin_num 5
59 43 0
57 42 0
55 59 0
49 43 0
59 48 0
Net_id 5
pin_num 5
53 10 0
57 4 0
57 26 0
59 7 0
58 0 0
Net_id 6
pin_num 5
13 29 0
10 41 0
19 29 0
7 17 0
34 30 0
Net_id 7
pin_num 5
17 39 0
9 51 0
31 59 0
39 51 0
24 54 0
Net_id 8
pin_num 5
19 35 0
28 37 0
49 36 0
6 37 0
34 37 0
Net_id 9
pin_num 5
55 36 0
59 38 0
59 14 0
58 19 0
51 21 0
Net_id 10
pin_num 5
16 45 0
24 52 0
29 59 0
18 52 0
32 59 0
Net_id 11
pin_num 5
13 10 0
16 16 0
33 10 0
5 14 0
35 11 0
Net_id 12
pin_num 5
56 27 0
57 38 0
50 29 0
51 26 0
54 33 0
Net_id 13
pin_num 5
25 49 0
4 37 0
10 24 0
22 34 0
3 44 0
Net_id 14
pin_num 5
9 11 0
0 24 0
0 31 0
6 15 0
8 15 0
Net_id 15
pin_num 5
36 20 0
28 24 0
33 23 0
26 12 0
31 9 0
Net_id 16
pin_num 5
38 40 0
29 45 0
32 27 0
20 40 0
37 43 0
Net_id 17
pin_num 5
58 48 0
55 39 0
59 39 0
54 39 0
59 13 0
Net_id 18
pin_num 5
44 6 0
52 7 0
38 0 0
40 21 0
59 12 0
Net_id 19
pin_num 4
48 40 0
42 40 0
55 49 0
49 29 0
Net_id 20
pin_num 4
7 41 0
1 40 0
0 48 0
6 49 0
Net_id 21
pin_num 4
19 19 0
29 27 0
26 0 0
38 19 0
Net_id 22
pin_num 4
13 56 0
14 44 0
0 37 0
7 53 0
Net_id 23
pin_num 4
35 1 0
31 6 0
16 0 0
18 2 0
Net_id 24
pin_num 4
26 21 0
21 18 0
30 21 0
30 5 0
Net_id 25
pin_num 4
2 28 0
18 23 0
29 33 0
27 39 0
Net_id 26
pin_num 4
43 13 0
33 13 0
52 13 0
58 37 0
Net_id 27
pin_num 4
21 56 0
33 56 0
6 59 0
20 58 0
Net_id 28
pin_num 4
34 19 0
30 4 0
31 24 0
31 0 0
Net_id 29
pin_num 4
58 3 0
53 3 0
39 3 0
59 4 0
Net_id 30
pin_num 4
51 49 0
44 49 0
38 43 0
48 58 0
Net_id 31
pin_num 4
3 5 0
13 6 0
0 4 0
11 0 0
Net_id 32
pin_num 4
56 17 0
53 22 0
53 42 0
57 2 0
Net_id 33
pin_num 4
35 36 0
47 39 0
45 24 0
38 30 0
Net_id 34
pin_num 4
52 9 0
43 14 0
36 4 0
38 6 0
Net_id 35
pin_num 4
23 44 0
19 49 0
7 47 0
33 52 0
Net_id 36
pin_num 4
19 14 0
10 18 0
26 7 0
20 14 0
Net_id 37
pin_num 4
19 27 0
17 19 0
0 10 0
5 26 0
Net_id 38
pin_num 4
54 24 0
47 24 0
52 16 0
54 9 0
Net_id 39
pin_num 3
12 38 0
34 34 0
21 27 0
Net_id 40
pin_num 3
8 10 0
9 1 0
4 14 0
Net_id 41
pin_num 3
9 39 0
10 39 0
8 51 0
Net_id 42
pin_num 3
45 58 0
34 44 0
54 59 0
Net_id 43
pin_num 3
12 26 0
1 16 0
18 21 0
Net_id 44
pin_num 3
14 16 0
11 11 0
11 25 0
Net_id 45
pin_num 3
40 47 0
55 58 0
36 42 0
Net_id 46
pin_num 3
49 11 0
48 11 0
59 18 0
Net_id 47
pin_num 3
51 8 0
35 5 0
52 2 0
Net_id 48
pin_num 3
48 22 0
37 18 0
20 32 0
Net_id 49
pin_num 3
26 27 0
30 22 0
47 10 0
Net_id 50
pin_num 3
52 35 0
42 22 0
13 25 0
Net_id 51
pin_num 3
29 13 0
33 6 0
25 15 0
Net_id 52
pin_num 3
20 52 0
16 55 0
11 58 0
Net_id 53
pin_num 3
53 58 0
48 18 0
56 44 0
Net_id 54
pin_num 3
41 50 0
37 44 0
8 42 0
Net_id 55
pin_num 3
45 31 0
37 50 0
46 27 0
Net_id 56
pin_num 3
44 9 0
42 12 0
59 0 0
Net_id 57
pin_num 3
27 9 0
41 7 0
29 26 0
Net_id 58
pin_num 3
0 7 0
3 18 0
1 5 0
Net_id 59
pin_num 3
8 54 0
1 59 0
16 50 0
Net_id 60
pin_num 3
24 25 0
48 31 0
45 57 0
Net_id 61
pin_num 3
52 40 0
57 41 0
57 51 0
Net_id 62
pin_num 3
35 8 0
43 10 0
12 10 0
Net_id 63
pin_num 3
9 20 0
2 26 0
11 40 0
Net_id 64
pin_num 3
39 39 0
43 34 0
40 48 0
Net_id 65
pin_num 3
55 1 0
56 25 0
36 17 0
Net_id 66
pin_num 3
47 16 0
59 3 0
26 4 0
Net_id 67
pin_num 3
58 28 0
25 41 0
53 23 0
Net_id 68
pin_num 3
26 48 0
19 20 0
24 41 0
Net_id 69
pin_num 3
40 56 0
32 50 0
47 54 0
Net_id 70
pin_num 3
3 50 0
10 58 0
10 43 0
Net_id 71
pin_num 3
59 20 0
44 5 0
52 10 0
Net_id 72
pin_num 3
0 23 0
3 21 0
12 21 0
Net_id 73
pin_num 3
9 8 0
20 4 0
9 7 0
Net_id 74
pin_num 3
9 52 0
25 57 0
4 55 0
Net_id 75
pin_num 3
56 31 0
50 44 0
38 39 0
Net_id 76
pin_num 3
25 9 0
16 22 0
18 40 0
Net_id 77
pin_num 3
46 2 0
51 10 0
51 25 0
Net_id 78
pin_num 3
22 14 0
4 18 0
24 13 0
Net_id 79
pin_num 3
49 22 0
56 12 0
46 24 0
Net_id 80
pin_num 2
30 58 0
44 52 0
Net_id 81
pin_num 2
42 27 0
31 39 0
Net_id 82
pin_num 2
17 31 0
30 24 0
Net_id 83
pin_num 2
6 3 0
19 3 0
Net_id 84
pin_num 2
46 38 0
55 30 0
Net_id 85
pin_num 2
21 46 0
8 43 0
Net_id 86
pin_num 2
9 18 0
3 12 0
Net_id 87
pin_num 2
3 36 0
6 29 0
Net_id 88
pin_num 2
12 39 0
16 36 0
Net_id 89
pin_num 2
53 53 0
38 58 0
Net_id 90
pin_num 2
48 43 0
42 42 0
Net_id 91
pin_num 2
7 58 0
2 48 0
Net_id 92
pin_num 2
58 47 0
50 47 0
Net_id 93
pin_num 2
27 17 0
44 34 0
Net_id 94
pin_num 2
10 4 0
23 24 0
Net_id 95
pin_num 2
39 43 0
41 40 0
Net_id 96
pin_num 2
39 6 0
55 2 0
Net_id 97
pin_num 2
40 42 0
16 35 0
Net_id 98
pin_num 2
41 46 0
25 36 0
Net_id 99
pin_num 2
26 43 0
12 53 0
Net_id 100
pin_num 2
58 8 0
51 7 0
Net_id 101
pin_num 2
11 20 0
21 9 0
Net_id 102
pin_num 2
55 19 0
48 19 0
Net_id 103
pin_num 2
17 53 0
11 43 0
Net_id 104
pin_num 2
25 35 0
38 21 0
Net_id 105
pin_num 2
20 25 0
12 24 0
Net_id 106
pin_num 2
28 45 0
18 22 0
Net_id 107
pin_num 2
20 3 0
28 1 0
Net_id 108
pin_num 2
42 17 0
42 10 0
Net_id 109
pin_num 2
43 25 0
35 22 0
Net_id 110
pin_num 2
42 5 0
43 1 0
Net_id 111
pin_num 2
37 39 0
24 33 0
Net_id 112
pin_num 2
20 2 0
34 2 0
Net_id 113
pin_num 2
4 16 0
28 5 0
Net_id 114
pin_num 2
1 18 0
3 26 0
Net_id 115
pin_num 2
12 19 0
6 27 0
Net_id 116
pin_num 2
43 56 0
34 59 0
Net_id 117
pin_num 2
6 8 0
13 12 0
Net_id 118
pin_num 2
6 1 0
3 7 0
Net_id 119
pin_num 2
52 0 0
38 14 0
Net_id 120
pin_num 2
49 31 0
52 28 0
Net_id 121
pin_num 2
18 6 0
41 1 0
Net_id 122
pin_num 2
32 32 0
38 32 0
Net_id 123
pin_num 2
33 54 0
39 40 0
Net_id 124
pin_num 2
30 59 0
23 41 0
Net_id 125
pin_num 2
45 15 0
26 17 0
Net_id 126
pin_num 2
49 54 0
52 48 0
Net_id 127
pin_num 2
34 56 0
30 32 0
Net_id 128
pin_num 2
46 5 0
55 9 0
Net_id 129
pin_num 2
32 41 0
55 51 0
Net_id 130
pin_num 2
40 7 0
33 14 0
Net_id 131
pin_num 2
49 44 0
40 52 0
Net_id 132
pin_num 2
6 16 0
0 35 0
Net_id 133
pin_num 2
10 10 0
28 16 0
Net_id 134
pin_num 2
51 33 0
34 33 0
Net_id 135
pin_num 2
47 57 0
45 59 0
Net_id 136
pin_num 2
46 29 0
39 19 0
Net_id 137
pin_num 2
21 32 0
33 16 0
Net_id 138
pin_num 2
35 29 0
25 31 0
Net_id 139
pin_num 2
25 20 0
38 5 0
Net_id 140
pin_num 2
41 24 0
33 25 0
Net_id 141
pin_num 2
16 49 0
10 46 0
Net_id 142
pin_num 2
8 27 0
16 27 0
Net_id 143
pin_num 2
22 20 0
9 19 0
Net_id 144
pin_num 2
54 3 0
42 6 0
Net_id 145
pin_num 2
45 50 0
42 48 0
Net_id 146
pin_num 2
49 58 0
58 41 0
Net_id 147
pin_num 2
4 51 0
9 53 0
Net_id 148
pin_num 2
30 52 0
22 50 0
Net_id 149
pin_num 2
57 56 0
53 51 0
Net_id 150
pin_num 2
31 21 0
11 31 0
Net_id 151
pin_num 2
3 43 0
1 42 0
Net_id 152
pin_num 2
9 50 0
17 36 0
Net_id 153
pin_num 2
16 2 0
36 29 0
Net_id 154
pin_num 2
11 51 0
4 59 0
Net_id 155
pin_num 2
55 23 0
23 29 0
Net_id 156
pin_num 2
40 20 0
37 19 0
Net_id 157
pin_num 2
51 42 0
25 16 0
