Width 60
Height 60
Layer 6
Total_WL 6631
Obstacle_num 144
54 52 0 59 53 0
53 45 0 57 46 0
49 41 0 53 42 0
25 22 0 34 23 0
6 33 0 9 34 0
43 17 0 51 18 0
20 15 0 28 16 0
47 26 0 53 27 0
48 24 0 58 25 0
15 24 0 23 25 0
56 49 0 59 50 0
12 0 0 17 1 0
34 14 0 40 15 0
41 50 0 51 51 0
12 22 0 19 23 0
38 54 0 43 55 0
39 11 0 45 12 0
17 38 0 26 39 0
41 16 0 48 17 0
54 34 0 58 35 0
2 18 0 9 19 0
33 26 0 37 27 0
48 57 0 53 58 0
9 39 0 19 40 0
39 52 1 40 55 1
27 20 1 28 27 1
22 41 1 23 47 1
40 40 1 41 45 1
9 37 1 10 43 1
41 47 1 42 51 1
24 36 1 25 45 1
22 26 1 23 34 1
14 43 1 15 48 1
12 29 1 13 38 1
4 36 1 5 43 1
12 4 1 13 13 1
21 33 1 22 37 1
35 20 1 36 27 1
35 40 1 36 47 1
47 16 1 48 25 1
51 51 1 52 59 1
46 48 1 47 58 1
27 51 1 28 55 1
40 45 1 41 49 1
17 9 1 18 14 1
0 32 1 1 41 1
47 41 1 48 51 1
10 17 1 11 25 1
23 53 2 30 54 2
17 12 2 21 13 2
17 54 2 21 55 2
16 2 2 20 3 2
27 48 2 35 49 2
48 28 2 51 29 2
3 33 2 13 34 2
13 21 2 21 22 2
43 45 2 52 46 2
50 35 2 56 36 2
51 25 2 59 26 2
3 47 2 12 48 2
8 22 2 16 23 2
26 11 2 31 12 2
46 30 2 56 31 2
48 20 2 51 21 2
48 50 2 58 51 2
13 58 2 16 59 2
32 12 2 41 13 2
6 15 2 9 16 2
42 32 2 51 33 2
8 49 2 12 50 2
26 14 2 29 15 2
5 3 2 15 4 2
4 33 3 5 43 3
5 43 3 6 47 3
14 13 3 15 23 3
58 13 3 59 19 3
58 34 3 59 43 3
11 44 3 12 48 3
34 21 3 35 31 3
42 6 3 43 12 3
50 54 3 51 58 3
46 8 3 47 11 3
22 47 3 23 53 3
6 34 3 7 37 3
12 39 3 13 46 3
51 39 3 52 45 3
10 29 3 11 38 3
8 32 3 9 42 3
32 24 3 33 29 3
29 9 3 30 19 3
26 35 3 27 45 3
23 50 3 24 58 3
43 42 3 44 51 3
20 24 3 21 29 3
8 46 3 9 50 3
50 46 3 51 49 3
45 45 4 48 46 4
40 48 4 48 49 4
49 6 4 59 7 4
33 14 4 42 15 4
45 38 4 53 39 4
26 27 4 29 28 4
13 7 4 17 8 4
16 49 4 25 50 4
10 22 4 19 23 4
6 29 4 12 30 4
32 55 4 41 56 4
16 19 4 23 20 4
49 33 4 53 34 4
20 50 4 30 51 4
51 36 4 56 37 4
25 55 4 32 56 4
51 43 4 57 44 4
13 32 4 20 33 4
7 52 4 12 53 4
33 11 4 38 12 4
28 14 4 33 15 4
50 5 4 59 6 4
29 46 4 34 47 4
5 51 4 12 52 4
38 13 5 39 19 5
28 7 5 29 12 5
37 47 5 38 54 5
42 49 5 43 54 5
41 30 5 42 34 5
27 27 5 28 37 5
5 20 5 6 27 5
10 51 5 11 57 5
4 25 5 5 32 5
20 42 5 21 51 5
29 41 5 30 50 5
30 47 5 31 52 5
1 29 5 2 37 5
39 5 5 40 8 5
3 35 5 4 45 5
33 28 5 34 31 5
55 5 5 56 8 5
51 51 5 52 58 5
22 37 5 23 41 5
12 51 5 13 56 5
40 54 5 41 59 5
57 55 5 58 58 5
12 34 5 13 41 5
55 13 5 56 21 5
Net_num 157
Net_id 0
pin_num 5
22 39 0
25 51 0
43 39 0
40 51 0
42 49 0
Net_id 1
pin_num 5
34 15 0
38 16 0
38 34 0
40 22 0
16 28 0
Net_id 2
pin_num 5
17 51 0
24 54 0
37 45 0
25 59 0
32 55 0
Net_id 3
pin_num 5
31 2 0
25 9 0
18 0 0
25 5 0
35 0 0
Net_id 4
pin_num 5
50 36 0
50 16 0
28 29 0
36 21 0
30 35 0
Net_id 5
pin_num 5
3 35 0
2 37 0
2 20 0
0 30 0
1 47 0
Net_id 6
pin_num 5
1 28 0
7 27 0
5 22 0
23 27 0
34 27 0
Net_id 7
pin_num 5
53 20 0
48 14 0
48 5 0
59 6 0
56 35 0
Net_id 8
pin_num 5
33 1 0
44 3 0
44 18 0
17 0 0
36 16 0
Net_id 9
pin_num 5
18 34 0
23 34 0
1 30 0
0 9 0
16 30 0
Net_id 10
pin_num 5
43 23 0
51 32 0
59 32 0
49 44 0
56 28 0
Net_id 11
pin_num 5
52 19 0
54 20 0
48 0 0
59 10 0
52 33 0
Net_id 12
pin_num 5
19 45 0
20 48 0
31 59 0
29 46 0
8 57 0
Net_id 13
pin_num 5
42 8 0
49 20 0
43 19 0
44 24 0
55 7 0
Net_id 14
pin_num 5
40 44 0
45 41 0
56 42 0
43 59 0
59 41 0
Net_id 15
pin_num 5
54 37 0
41 34 0
52 43 0
59 38 0
58 40 0
Net_id 16
pin_num 5
23 25 0
42 25 0
59 22 0
46 39 0
56 26 0
Net_id 17
pin_num 5
20 17 0
26 26 0
21 7 0
10 17 0
21 14 0
Net_id 18
pin_num 5
33 38 0
37 26 0
59 33 0
30 37 0
55 23 0
Net_id 19
pin_num 5
58 22 0
57 26 0
57 7 0
58 30 0
53 8 0
Net_id 20
pin_num 4
2 22 0
1 25 0
4 13 0
21 25 0
Net_id 21
pin_num 4
48 43 0
39 43 0
15 43 0
39 46 0
Net_id 22
pin_num 4
28 26 0
34 24 0
32 11 0
34 9 0
Net_id 23
pin_num 4
7 0 0
0 7 0
5 5 0
16 1 0
Net_id 24
pin_num 4
38 2 0
32 3 0
51 1 0
47 0 0
Net_id 25
pin_num 4
30 8 0
39 4 0
24 1 0
35 27 0
Net_id 26
pin_num 4
54 7 0
54 11 0
47 11 0
33 11 0
Net_id 27
pin_num 4
54 51 0
42 58 0
59 58 0
41 59 0
Net_id 28
pin_num 4
14 53 0
19 56 0
19 52 0
0 52 0
Net_id 29
pin_num 4
37 21 0
53 26 0
36 24 0
55 43 0
Net_id 30
pin_num 4
22 10 0
29 3 0
30 14 0
17 3 0
Net_id 31
pin_num 4
17 33 0
25 30 0
7 36 0
10 49 0
Net_id 32
pin_num 4
3 38 0
8 46 0
23 44 0
21 56 0
Net_id 33
pin_num 4
38 46 0
31 38 0
22 50 0
26 55 0
Net_id 34
pin_num 4
41 15 0
41 30 0
56 22 0
55 18 0
Net_id 35
pin_num 4
2 27 0
23 24 0
13 2 0
11 9 0
Net_id 36
pin_num 4
21 50 0
14 50 0
23 52 0
46 52 0
Net_id 37
pin_num 4
24 11 0
16 11 0
19 9 0
4 3 0
Net_id 38
pin_num 4
7 8 0
7 15 0
1 15 0
1 5 0
Net_id 39
pin_num 3
11 22 0
5 9 0
0 13 0
Net_id 40
pin_num 3
16 23 0
0 28 0
29 37 0
Net_id 41
pin_num 3
49 9 0
31 13 0
56 13 0
Net_id 42
pin_num 3
48 56 0
48 48 0
59 45 0
Net_id 43
pin_num 3
39 20 0
50 12 0
16 38 0
Net_id 44
pin_num 3
45 0 0
40 6 0
39 1 0
Net_id 45
pin_num 3
18 23 0
25 36 0
48 31 0
Net_id 46
pin_num 3
25 37 0
17 48 0
0 46 0
Net_id 47
pin_num 3
57 40 0
46 45 0
58 20 0
Net_id 48
pin_num 3
0 26 0
10 26 0
11 26 0
Net_id 49
pin_num 3
48 1 0
55 5 0
46 7 0
Net_id 50
pin_num 3
1 19 0
10 19 0
5 12 0
Net_id 51
pin_num 3
47 32 0
29 40 0
51 17 0
Net_id 52
pin_num 3
41 41 0
44 46 0
38 45 0
Net_id 53
pin_num 3
7 57 0
4 54 0
0 51 0
Net_id 54
pin_num 3
9 11 0
23 20 0
19 23 0
Net_id 55
pin_num 3
18 58 0
9 43 0
9 24 0
Net_id 56
pin_num 3
42 9 0
51 21 0
47 37 0
Net_id 57
pin_num 3
37 49 0
21 58 0
38 44 0
Net_id 58
pin_num 3
2 8 0
1 23 0
1 49 0
Net_id 59
pin_num 3
48 18 0
46 10 0
25 14 0
Net_id 60
pin_num 3
39 37 0
52 49 0
39 17 0
Net_id 61
pin_num 3
22 22 0
15 18 0
53 9 0
Net_id 62
pin_num 3
35 12 0
50 37 0
59 20 0
Net_id 63
pin_num 3
31 47 0
56 51 0
45 34 0
Net_id 64
pin_num 3
31 15 0
15 11 0
34 2 0
Net_id 65
pin_num 3
58 59 0
49 46 0
44 58 0
Net_id 66
pin_num 3
31 53 0
38 59 0
24 26 0
Net_id 67
pin_num 3
3 7 0
15 20 0
1 13 0
Net_id 68
pin_num 3
14 42 0
24 42 0
22 25 0
Net_id 69
pin_num 3
25 40 0
38 47 0
37 58 0
Net_id 70
pin_num 3
50 42 0
54 41 0
49 5 0
Net_id 71
pin_num 3
15 48 0
11 54 0
2 47 0
Net_id 72
pin_num 3
20 20 0
12 2 0
16 27 0
Net_id 73
pin_num 3
21 39 0
19 44 0
5 41 0
Net_id 74
pin_num 3
11 7 0
14 2 0
30 0 0
Net_id 75
pin_num 3
23 8 0
29 6 0
18 6 0
Net_id 76
pin_num 3
16 3 0
26 13 0
43 3 0
Net_id 77
pin_num 3
45 57 0
17 52 0
25 34 0
Net_id 78
pin_num 2
47 47 0
36 44 0
Net_id 79
pin_num 2
32 56 0
24 56 0
Net_id 80
pin_num 2
5 46 0
3 29 0
Net_id 81
pin_num 2
28 57 0
39 50 0
Net_id 82
pin_num 2
51 31 0
57 54 0
Net_id 83
pin_num 2
47 58 0
53 57 0
Net_id 84
pin_num 2
13 38 0
16 29 0
Net_id 85
pin_num 2
17 37 0
33 59 0
Net_id 86
pin_num 2
29 33 0
26 34 0
Net_id 87
pin_num 2
23 36 0
44 49 0
Net_id 88
pin_num 2
24 58 0
15 57 0
Net_id 89
pin_num 2
11 0 0
3 16 0
Net_id 90
pin_num 2
2 12 0
15 1 0
Net_id 91
pin_num 2
48 55 0
58 57 0
Net_id 92
pin_num 2
58 41 0
56 39 0
Net_id 93
pin_num 2
3 47 0
5 44 0
Net_id 94
pin_num 2
9 46 0
24 29 0
Net_id 95
pin_num 2
20 21 0
7 37 0
Net_id 96
pin_num 2
55 44 0
58 43 0
Net_id 97
pin_num 2
16 51 0
0 41 0
Net_id 98
pin_num 2
20 19 0
11 23 0
Net_id 99
pin_num 2
43 13 0
43 6 0
Net_id 100
pin_num 2
53 54 0
43 58 0
Net_id 101
pin_num 2
49 33 0
55 21 0
Net_id 102
pin_num 2
51 11 0
49 2 0
Net_id 103
pin_num 2
43 9 0
40 13 0
Net_id 104
pin_num 2
6 35 0
2 32 0
Net_id 105
pin_num 2
45 36 0
47 30 0
Net_id 106
pin_num 2
31 16 0
22 12 0
Net_id 107
pin_num 2
52 46 0
28 37 0
Net_id 108
pin_num 2
54 56 0
57 48 0
Net_id 109
pin_num 2
36 22 0
43 40 0
Net_id 110
pin_num 2
33 41 0
16 41 0
Net_id 111
pin_num 2
14 3 0
4 2 0
Net_id 112
pin_num 2
3 40 0
21 46 0
Net_id 113
pin_num 2
5 29 0
40 50 0
Net_id 114
pin_num 2
18 8 0
23 3 0
Net_id 115
pin_num 2
16 10 0
33 20 0
Net_id 116
pin_num 2
38 48 0
47 57 0
Net_id 117
pin_num 2
39 56 0
35 48 0
Net_id 118
pin_num 2
38 18 0
29 18 0
Net_id 119
pin_num 2
34 36 0
56 15 0
Net_id 120
pin_num 2
6 58 0
3 42 0
Net_id 121
pin_num 2
58 14 0
44 26 0
Net_id 122
pin_num 2
38 40 0
57 31 0
Net_id 123
pin_num 2
51 51 0
53 56 0
Net_id 124
pin_num 2
40 46 0
47 51 0
Net_id 125
pin_num 2
3 48 0
1 57 0
Net_id 126
pin_num 2
26 37 0
39 59 0
Net_id 127
pin_num 2
13 59 0
7 55 0
Net_id 128
pin_num 2
41 51 0
54 55 0
Net_id 129
pin_num 2
9 40 0
37 56 0
Net_id 130
pin_num 2
12 36 0
20 36 0
Net_id 131
pin_num 2
2 30 0
15 44 0
Net_id 132
pin_num 2
55 35 0
53 36 0
Net_id 133
pin_num 2
33 14 0
26 19 0
Net_id 134
pin_num 2
21 12 0
2 36 0
Net_id 135
pin_num 2
20 4 0
2 7 0
Net_id 136
pin_num 2
37 50 0
31 49 0
Net_id 137
pin_num 2
26 36 0
46 14 0
Net_id 138
pin_num 2
57 0 0
51 2 0
Net_id 139
pin_num 2
13 11 0
7 5 0
Net_id 140
pin_num 2
12 23 0
14 20 0
Net_id 141
pin_num 2
22 14 0
14 14 0
Net_id 142
pin_num 2
53 47 0
40 36 0
Net_id 143
pin_num 2
19 1 0
18 5 0
Net_id 144
pin_num 2
1 2 0
21 4 0
Net_id 145
pin_num 2
13 31 0
21 3 0
Net_id 146
pin_num 2
35 44 0
5 36 0
Net_id 147
pin_num 2
58 4 0
43 15 0
Net_id 148
pin_num 2
58 42 0
55 49 0
Net_id 149
pin_num 2
56 21 0
54 36 0
Net_id 150
pin_num 2
17 15 0
0 31 0
Net_id 151
pin_num 2
16 8 0
1 4 0
Net_id 152
pin_num 2
41 5 0
51 12 0
Net_id 153
pin_num 2
33 36 0
21 32 0
Net_id 154
pin_num 2
16 52 0
13 46 0
Net_id 155
pin_num 2
31 48 0
24 48 0
Net_id 156
pin_num 2
57 1 0
39 18 0
