Width 60
Height 60
Layer 6
Total_WL 6727
Obstacle_num 144
26 49 0 36 50 0
15 35 0 22 36 0
40 17 0 49 18 0
21 55 0 28 56 0
13 58 0 21 59 0
1 10 0 10 11 0
32 20 0 40 21 0
52 13 0 55 14 0
23 56 0 29 57 0
55 18 0 59 19 0
52 21 0 58 22 0
24 53 0 33 54 0
49 30 0 55 31 0
37 36 0 40 37 0
7 47 0 15 48 0
16 34 0 19 35 0
29 33 0 34 34 0
11 27 0 21 28 0
3 6 0 8 7 0
35 58 0 41 59 0
17 28 0 27 29 0
12 43 0 19 44 0
45 30 0 48 31 0
45 19 0 55 20 0
44 41 1 45 44 1
34 17 1 35 22 1
5 28 1 6 31 1
54 2 1 55 12 1
58 3 1 59 9 1
0 41 1 1 51 1
5 15 1 6 19 1
21 6 1 22 13 1
58 47 1 59 54 1
55 20 1 56 29 1
56 24 1 57 30 1
25 9 1 26 15 1
20 33 1 21 39 1
51 45 1 52 48 1
13 32 1 14 38 1
14 4 1 15 11 1
9 7 1 10 12 1
16 17 1 17 26 1
28 9 1 29 13 1
28 21 1 29 29 1
30 7 1 31 17 1
5 22 1 6 25 1
24 31 1 25 39 1
53 23 1 54 28 1
44 30 2 49 31 2
26 37 2 32 38 2
40 34 2 49 35 2
5 27 2 11 28 2
18 37 2 25 38 2
54 54 2 59 55 2
10 40 2 19 41 2
7 0 2 17 1 2
49 3 2 55 4 2
1 11 2 6 12 2
54 17 2 58 18 2
22 0 2 31 1 2
26 54 2 36 55 2
38 4 2 41 5 2
27 47 2 30 48 2
11 43 2 15 44 2
21 6 2 30 7 2
32 20 2 42 21 2
15 54 2 22 55 2
32 9 2 39 10 2
42 49 2 47 50 2
41 24 2 45 25 2
42 28 2 52 29 2
12 18 2 19 19 2
26 20 3 27 30 3
2 29 3 3 38 3
58 11 3 59 18 3
46 7 3 47 14 3
9 33 3 10 37 3
58 40 3 59 47 3
16 35 3 17 43 3
21 50 3 22 53 3
54 10 3 55 18 3
20 11 3 21 15 3
37 0 3 38 9 3
34 19 3 35 29 3
57 20 3 58 27 3
39 32 3 40 38 3
3 29 3 4 33 3
43 33 3 44 43 3
16 27 3 17 31 3
35 48 3 36 54 3
24 31 3 25 34 3
57 27 3 58 32 3
13 41 3 14 49 3
38 14 3 39 23 3
43 45 3 44 49 3
53 1 3 54 7 3
55 33 4 58 34 4
14 51 4 18 52 4
26 26 4 34 27 4
46 45 4 54 46 4
26 10 4 32 11 4
49 49 4 56 50 4
8 0 4 14 1 4
15 55 4 19 56 4
43 0 4 53 1 4
23 27 4 28 28 4
8 53 4 13 54 4
14 30 4 22 31 4
35 22 4 42 23 4
49 55 4 59 56 4
5 12 4 10 13 4
7 44 4 15 45 4
28 47 4 38 48 4
45 30 4 49 31 4
35 13 4 43 14 4
40 30 4 43 31 4
48 1 4 51 2 4
11 47 4 17 48 4
49 53 4 54 54 4
44 58 4 52 59 4
23 19 5 24 25 5
7 17 5 8 25 5
17 32 5 18 40 5
2 0 5 3 8 5
52 20 5 53 30 5
4 10 5 5 17 5
36 21 5 37 25 5
28 18 5 29 23 5
23 13 5 24 17 5
14 46 5 15 56 5
44 12 5 45 19 5
16 0 5 17 6 5
5 3 5 6 7 5
26 43 5 27 48 5
13 49 5 14 57 5
9 24 5 10 27 5
44 33 5 45 41 5
33 49 5 34 53 5
39 50 5 40 54 5
54 16 5 55 23 5
38 36 5 39 41 5
19 22 5 20 26 5
15 44 5 16 53 5
42 37 5 43 43 5
Net_num 158
Net_id 0
pin_num 5
33 26 0
46 27 0
38 31 0
44 29 0
42 6 0
Net_id 1
pin_num 5
40 18 0
54 18 0
50 31 0
41 22 0
25 21 0
Net_id 2
pin_num 5
21 36 0
23 29 0
42 33 0
26 40 0
24 22 0
Net_id 3
pin_num 5
5 33 0
12 32 0
12 41 0
19 40 0
37 40 0
Net_id 4
pin_num 5
53 39 0
54 34 0
59 29 0
59 42 0
38 37 0
Net_id 5
pin_num 5
57 2 0
59 20 0
37 8 0
44 11 0
54 0 0
Net_id 6
pin_num 5
58 26 0
48 29 0
53 15 0
44 19 0
58 17 0
Net_id 7
pin_num 5
25 27 0
23 22 0
14 28 0
33 23 0
27 27 0
Net_id 8
pin_num 5
32 22 0
35 9 0
23 12 0
32 6 0
26 17 0
Net_id 9
pin_num 5
34 58 0
21 56 0
25 51 0
34 47 0
29 51 0
Net_id 10
pin_num 5
50 40 0
40 42 0
41 58 0
46 29 0
46 58 0
Net_id 11
pin_num 5
2 8 0
4 14 0
0 7 0
6 1 0
0 34 0
Net_id 12
pin_num 5
11 13 0
15 7 0
0 6 0
7 8 0
0 1 0
Net_id 13
pin_num 5
54 26 0
54 17 0
57 32 0
57 4 0
42 29 0
Net_id 14
pin_num 5
23 35 0
29 42 0
32 40 0
14 42 0
27 40 0
Net_id 15
pin_num 5
53 49 0
47 53 0
55 43 0
56 35 0
47 48 0
Net_id 16
pin_num 5
11 48 0
5 48 0
6 41 0
6 53 0
0 40 0
Net_id 17
pin_num 5
9 21 0
10 25 0
10 49 0
4 28 0
31 36 0
Net_id 18
pin_num 5
14 15 0
3 13 0
33 15 0
22 7 0
14 16 0
Net_id 19
pin_num 5
43 47 0
34 39 0
38 57 0
42 52 0
45 44 0
Net_id 20
pin_num 5
0 16 0
16 13 0
2 28 0
22 9 0
1 31 0
Net_id 21
pin_num 4
23 20 0
21 5 0
31 12 0
47 13 0
Net_id 22
pin_num 4
31 26 0
16 28 0
19 5 0
8 3 0
Net_id 23
pin_num 4
0 50 0
11 41 0
7 30 0
20 50 0
Net_id 24
pin_num 4
19 3 0
20 14 0
11 11 0
30 0 0
Net_id 25
pin_num 4
54 56 0
58 55 0
55 46 0
59 28 0
Net_id 26
pin_num 4
45 31 0
37 31 0
49 21 0
49 6 0
Net_id 27
pin_num 4
14 41 0
1 39 0
2 53 0
2 59 0
Net_id 28
pin_num 4
56 45 0
54 45 0
55 40 0
40 45 0
Net_id 29
pin_num 4
59 47 0
52 36 0
44 53 0
46 44 0
Net_id 30
pin_num 4
50 51 0
58 56 0
42 51 0
51 59 0
Net_id 31
pin_num 4
20 38 0
2 38 0
3 17 0
6 11 0
Net_id 32
pin_num 4
14 31 0
15 24 0
47 26 0
29 19 0
Net_id 33
pin_num 4
34 54 0
23 41 0
21 59 0
9 55 0
Net_id 34
pin_num 4
56 28 0
38 28 0
39 19 0
36 35 0
Net_id 35
pin_num 4
13 46 0
19 47 0
32 47 0
11 59 0
Net_id 36
pin_num 4
26 3 0
12 5 0
6 2 0
17 2 0
Net_id 37
pin_num 4
29 7 0
23 11 0
8 8 0
19 29 0
Net_id 38
pin_num 4
46 21 0
29 13 0
29 16 0
50 16 0
Net_id 39
pin_num 4
20 9 0
2 6 0
31 0 0
16 12 0
Net_id 40
pin_num 3
52 38 0
58 31 0
37 37 0
Net_id 41
pin_num 3
25 50 0
44 50 0
37 41 0
Net_id 42
pin_num 3
8 44 0
15 23 0
24 18 0
Net_id 43
pin_num 3
31 1 0
11 4 0
3 9 0
Net_id 44
pin_num 3
2 31 0
14 45 0
0 57 0
Net_id 45
pin_num 3
59 7 0
44 2 0
41 0 0
Net_id 46
pin_num 3
52 3 0
59 21 0
41 6 0
Net_id 47
pin_num 3
10 45 0
13 42 0
12 58 0
Net_id 48
pin_num 3
0 8 0
9 1 0
8 7 0
Net_id 49
pin_num 3
47 0 0
51 21 0
39 5 0
Net_id 50
pin_num 3
51 26 0
59 22 0
47 38 0
Net_id 51
pin_num 3
12 49 0
1 57 0
0 39 0
Net_id 52
pin_num 3
38 19 0
35 7 0
8 11 0
Net_id 53
pin_num 3
40 52 0
33 53 0
22 56 0
Net_id 54
pin_num 3
47 56 0
58 28 0
59 0 0
Net_id 55
pin_num 3
17 47 0
19 45 0
13 57 0
Net_id 56
pin_num 3
34 25 0
40 16 0
33 47 0
Net_id 57
pin_num 3
5 54 0
2 58 0
24 50 0
Net_id 58
pin_num 3
43 3 0
58 9 0
24 13 0
Net_id 59
pin_num 3
32 34 0
56 33 0
45 39 0
Net_id 60
pin_num 3
42 38 0
34 43 0
41 59 0
Net_id 61
pin_num 3
54 32 0
48 24 0
34 30 0
Net_id 62
pin_num 3
56 14 0
36 12 0
37 27 0
Net_id 63
pin_num 3
14 57 0
36 57 0
36 49 0
Net_id 64
pin_num 3
0 20 0
12 21 0
3 12 0
Net_id 65
pin_num 3
29 48 0
15 44 0
15 37 0
Net_id 66
pin_num 3
49 25 0
55 39 0
39 18 0
Net_id 67
pin_num 3
9 27 0
6 30 0
15 5 0
Net_id 68
pin_num 3
38 6 0
33 4 0
37 16 0
Net_id 69
pin_num 3
17 49 0
7 42 0
17 37 0
Net_id 70
pin_num 3
27 8 0
46 4 0
33 19 0
Net_id 71
pin_num 3
22 33 0
37 14 0
4 22 0
Net_id 72
pin_num 3
24 43 0
33 44 0
47 58 0
Net_id 73
pin_num 3
58 44 0
52 42 0
43 39 0
Net_id 74
pin_num 3
49 17 0
55 15 0
56 10 0
Net_id 75
pin_num 3
9 5 0
1 9 0
0 35 0
Net_id 76
pin_num 3
29 52 0
37 49 0
36 38 0
Net_id 77
pin_num 3
21 19 0
28 14 0
38 5 0
Net_id 78
pin_num 3
39 16 0
31 22 0
25 45 0
Net_id 79
pin_num 3
5 36 0
14 40 0
32 38 0
Net_id 80
pin_num 3
6 37 0
1 35 0
14 35 0
Net_id 81
pin_num 2
13 54 0
25 18 0
Net_id 82
pin_num 2
51 39 0
35 24 0
Net_id 83
pin_num 2
2 12 0
4 17 0
Net_id 84
pin_num 2
35 59 0
40 55 0
Net_id 85
pin_num 2
5 53 0
1 34 0
Net_id 86
pin_num 2
49 24 0
59 24 0
Net_id 87
pin_num 2
14 7 0
10 11 0
Net_id 88
pin_num 2
26 46 0
31 46 0
Net_id 89
pin_num 2
21 8 0
27 9 0
Net_id 90
pin_num 2
8 15 0
13 21 0
Net_id 91
pin_num 2
47 36 0
44 36 0
Net_id 92
pin_num 2
28 39 0
16 44 0
Net_id 93
pin_num 2
51 29 0
57 42 0
Net_id 94
pin_num 2
57 39 0
43 52 0
Net_id 95
pin_num 2
3 51 0
2 57 0
Net_id 96
pin_num 2
25 14 0
30 39 0
Net_id 97
pin_num 2
40 10 0
23 10 0
Net_id 98
pin_num 2
39 27 0
55 11 0
Net_id 99
pin_num 2
5 35 0
4 18 0
Net_id 100
pin_num 2
50 4 0
55 9 0
Net_id 101
pin_num 2
49 49 0
32 56 0
Net_id 102
pin_num 2
11 21 0
7 1 0
Net_id 103
pin_num 2
31 31 0
56 53 0
Net_id 104
pin_num 2
54 40 0
41 15 0
Net_id 105
pin_num 2
15 10 0
23 2 0
Net_id 106
pin_num 2
43 4 0
46 14 0
Net_id 107
pin_num 2
17 21 0
36 11 0
Net_id 108
pin_num 2
35 23 0
41 29 0
Net_id 109
pin_num 2
1 27 0
5 27 0
Net_id 110
pin_num 2
4 15 0
5 1 0
Net_id 111
pin_num 2
7 34 0
0 38 0
Net_id 112
pin_num 2
26 36 0
20 30 0
Net_id 113
pin_num 2
9 58 0
12 51 0
Net_id 114
pin_num 2
40 19 0
52 31 0
Net_id 115
pin_num 2
13 29 0
1 33 0
Net_id 116
pin_num 2
33 35 0
39 32 0
Net_id 117
pin_num 2
29 3 0
46 1 0
Net_id 118
pin_num 2
30 7 0
40 0 0
Net_id 119
pin_num 2
14 21 0
22 3 0
Net_id 120
pin_num 2
40 23 0
43 22 0
Net_id 121
pin_num 2
12 25 0
18 25 0
Net_id 122
pin_num 2
52 52 0
20 59 0
Net_id 123
pin_num 2
21 32 0
44 23 0
Net_id 124
pin_num 2
32 18 0
14 26 0
Net_id 125
pin_num 2
18 5 0
10 8 0
Net_id 126
pin_num 2
45 1 0
38 11 0
Net_id 127
pin_num 2
20 6 0
10 18 0
Net_id 128
pin_num 2
59 55 0
52 41 0
Net_id 129
pin_num 2
25 24 0
18 36 0
Net_id 130
pin_num 2
11 5 0
17 4 0
Net_id 131
pin_num 2
38 48 0
36 44 0
Net_id 132
pin_num 2
35 57 0
32 51 0
Net_id 133
pin_num 2
10 35 0
30 29 0
Net_id 134
pin_num 2
31 17 0
46 2 0
Net_id 135
pin_num 2
52 22 0
43 15 0
Net_id 136
pin_num 2
12 4 0
30 2 0
Net_id 137
pin_num 2
20 36 0
14 39 0
Net_id 138
pin_num 2
27 31 0
13 26 0
Net_id 139
pin_num 2
11 40 0
3 14 0
Net_id 140
pin_num 2
37 18 0
15 13 0
Net_id 141
pin_num 2
18 48 0
6 26 0
Net_id 142
pin_num 2
32 30 0
31 45 0
Net_id 143
pin_num 2
7 58 0
9 57 0
Net_id 144
pin_num 2
50 49 0
59 59 0
Net_id 145
pin_num 2
31 37 0
23 37 0
Net_id 146
pin_num 2
29 30 0
48 21 0
Net_id 147
pin_num 2
24 45 0
13 31 0
Net_id 148
pin_num 2
17 33 0
19 32 0
Net_id 149
pin_num 2
21 22 0
17 20 0
Net_id 150
pin_num 2
40 24 0
50 41 0
Net_id 151
pin_num 2
4 40 0
35 55 0
Net_id 152
pin_num 2
47 5 0
27 16 0
Net_id 153
pin_num 2
14 2 0
24 2 0
Net_id 154
pin_num 2
58 22 0
51 23 0
Net_id 155
pin_num 2
29 34 0
43 54 0
Net_id 156
pin_num 2
2 26 0
18 20 0
Net_id 157
pin_num 2
16 29 0
6 14 0
