Width 60
Height 60
Layer 6
Total_WL 7082
Obstacle_num 144
31 29 0 39 30 0
26 38 0 36 39 0
36 41 0 46 42 0
40 7 0 44 8 0
44 13 0 52 14 0
8 9 0 18 10 0
33 54 0 39 55 0
0 17 0 4 18 0
38 50 0 41 51 0
26 11 0 31 12 0
49 18 0 59 19 0
22 8 0 25 9 0
30 6 0 37 7 0
43 46 0 46 47 0
39 38 0 44 39 0
1 20 0 5 21 0
15 25 0 19 26 0
12 48 0 17 49 0
32 53 0 42 54 0
46 23 0 52 24 0
32 47 0 35 48 0
47 58 0 55 59 0
16 13 0 24 14 0
21 19 0 29 20 0
2 16 1 3 26 1
35 52 1 36 56 1
25 24 1 26 31 1
13 32 1 14 39 1
36 30 1 37 40 1
12 37 1 13 40 1
42 31 1 43 34 1
5 14 1 6 19 1
52 34 1 53 43 1
55 36 1 56 39 1
34 0 1 35 3 1
12 14 1 13 18 1
10 39 1 11 45 1
15 4 1 16 7 1
52 13 1 53 18 1
6 39 1 7 49 1
0 50 1 1 54 1
3 11 1 4 14 1
24 2 1 25 6 1
41 4 1 42 13 1
29 5 1 30 15 1
42 34 1 43 37 1
56 9 1 57 14 1
51 38 1 52 48 1
20 30 2 30 31 2
2 38 2 8 39 2
1 47 2 6 48 2
46 37 2 50 38 2
46 6 2 56 7 2
39 33 2 49 34 2
10 13 2 19 14 2
37 10 2 44 11 2
8 7 2 13 8 2
45 12 2 53 13 2
1 43 2 9 44 2
7 56 2 15 57 2
50 31 2 53 32 2
28 54 2 33 55 2
27 38 2 33 39 2
0 46 2 5 47 2
17 44 2 27 45 2
53 0 2 56 1 2
54 36 2 58 37 2
8 15 2 14 16 2
39 40 2 42 41 2
14 18 2 21 19 2
50 58 2 56 59 2
25 52 2 34 53 2
50 17 3 51 27 3
17 40 3 18 45 3
12 25 3 13 28 3
57 27 3 58 34 3
8 1 3 9 7 3
38 34 3 39 41 3
28 17 3 29 20 3
16 19 3 17 22 3
0 40 3 1 44 3
1 1 3 2 9 3
16 9 3 17 16 3
23 5 3 24 8 3
56 50 3 57 57 3
44 32 3 45 42 3
57 48 3 58 55 3
4 4 3 5 10 3
47 5 3 48 8 3
53 36 3 54 44 3
57 14 3 58 24 3
21 35 3 22 43 3
19 27 3 20 31 3
10 15 3 11 24 3
0 25 3 1 34 3
26 13 3 27 23 3
45 24 4 52 25 4
15 54 4 21 55 4
34 23 4 37 24 4
2 23 4 12 24 4
49 44 4 58 45 4
40 55 4 49 56 4
47 22 4 57 23 4
1 21 4 9 22 4
18 44 4 22 45 4
22 8 4 26 9 4
0 3 4 5 4 4
47 30 4 50 31 4
50 10 4 58 11 4
20 23 4 26 24 4
31 54 4 35 55 4
39 35 4 45 36 4
27 25 4 30 26 4
32 12 4 36 13 4
36 18 4 46 19 4
41 36 4 44 37 4
21 37 4 24 38 4
26 8 4 33 9 4
46 45 4 54 46 4
14 16 4 20 17 4
24 20 5 25 29 5
4 33 5 5 38 5
17 26 5 18 30 5
44 41 5 45 46 5
40 11 5 41 18 5
19 33 5 20 38 5
18 34 5 19 40 5
15 46 5 16 49 5
49 38 5 50 43 5
44 52 5 45 57 5
32 28 5 33 31 5
12 19 5 13 22 5
23 6 5 24 12 5
24 4 5 25 11 5
18 12 5 19 20 5
42 36 5 43 41 5
21 26 5 22 31 5
23 12 5 24 15 5
10 51 5 11 57 5
33 37 5 34 45 5
4 46 5 5 49 5
7 1 5 8 11 5
9 13 5 10 21 5
41 8 5 42 18 5
Net_num 162
Net_id 0
pin_num 5
57 28 0
59 27 0
58 23 0
59 9 0
53 17 0
Net_id 1
pin_num 5
5 11 0
16 8 0
0 1 0
6 3 0
25 6 0
Net_id 2
pin_num 5
34 19 0
20 12 0
54 13 0
59 1 0
29 39 0
Net_id 3
pin_num 5
34 23 0
45 23 0
41 37 0
35 34 0
28 34 0
Net_id 4
pin_num 5
53 27 0
32 28 0
46 37 0
34 5 0
32 10 0
Net_id 5
pin_num 5
20 56 0
7 57 0
19 54 0
11 57 0
9 51 0
Net_id 6
pin_num 5
49 42 0
37 40 0
43 45 0
38 42 0
41 20 0
Net_id 7
pin_num 5
34 36 0
29 35 0
51 36 0
49 53 0
59 50 0
Net_id 8
pin_num 5
12 43 0
7 39 0
0 34 0
3 47 0
15 40 0
Net_id 9
pin_num 5
24 27 0
30 15 0
14 15 0
35 22 0
48 22 0
Net_id 10
pin_num 5
6 46 0
15 57 0
14 34 0
26 50 0
6 49 0
Net_id 11
pin_num 5
54 59 0
49 59 0
37 59 0
21 59 0
38 44 0
Net_id 12
pin_num 5
58 54 0
53 53 0
50 52 0
40 43 0
55 59 0
Net_id 13
pin_num 5
16 26 0
21 41 0
32 33 0
25 14 0
35 16 0
Net_id 14
pin_num 5
47 47 0
28 46 0
40 51 0
58 51 0
29 41 0
Net_id 15
pin_num 5
41 21 0
52 21 0
45 39 0
45 48 0
41 48 0
Net_id 16
pin_num 5
14 21 0
19 20 0
15 12 0
10 21 0
15 37 0
Net_id 17
pin_num 5
20 33 0
1 30 0
31 42 0
17 53 0
19 25 0
Net_id 18
pin_num 5
0 30 0
13 27 0
20 34 0
1 48 0
23 27 0
Net_id 19
pin_num 5
2 25 0
5 30 0
18 29 0
9 28 0
8 27 0
Net_id 20
pin_num 5
20 49 0
26 45 0
42 50 0
39 40 0
6 50 0
Net_id 21
pin_num 4
36 2 0
42 2 0
52 0 0
52 8 0
Net_id 22
pin_num 4
17 29 0
4 22 0
10 45 0
14 20 0
Net_id 23
pin_num 4
23 38 0
26 49 0
26 23 0
12 30 0
Net_id 24
pin_num 4
26 32 0
18 32 0
42 32 0
31 17 0
Net_id 25
pin_num 4
29 50 0
35 50 0
51 57 0
19 59 0
Net_id 26
pin_num 4
28 50 0
18 38 0
46 38 0
28 57 0
Net_id 27
pin_num 4
33 48 0
28 53 0
24 48 0
18 57 0
Net_id 28
pin_num 4
21 34 0
28 31 0
30 45 0
37 44 0
Net_id 29
pin_num 4
5 12 0
0 20 0
0 19 0
31 15 0
Net_id 30
pin_num 4
57 29 0
42 26 0
43 10 0
59 32 0
Net_id 31
pin_num 4
37 56 0
42 52 0
46 58 0
27 52 0
Net_id 32
pin_num 4
24 39 0
19 24 0
56 59 0
59 37 0
Net_id 33
pin_num 4
34 1 0
46 2 0
49 0 0
59 2 0
Net_id 34
pin_num 4
26 20 0
20 21 0
22 5 0
15 17 0
Net_id 35
pin_num 4
7 41 0
0 49 0
11 59 0
28 58 0
Net_id 36
pin_num 4
22 37 0
33 39 0
16 36 0
16 55 0
Net_id 37
pin_num 4
5 15 0
16 23 0
24 13 0
3 29 0
Net_id 38
pin_num 4
45 20 0
48 3 0
48 30 0
59 8 0
Net_id 39
pin_num 4
46 52 0
54 57 0
48 35 0
35 48 0
Net_id 40
pin_num 4
0 54 0
5 48 0
13 53 0
10 57 0
Net_id 41
pin_num 3
19 46 0
43 52 0
50 50 0
Net_id 42
pin_num 3
39 11 0
27 0 0
36 10 0
Net_id 43
pin_num 3
16 42 0
26 55 0
10 55 0
Net_id 44
pin_num 3
39 20 0
31 10 0
25 11 0
Net_id 45
pin_num 3
0 43 0
12 53 0
25 40 0
Net_id 46
pin_num 3
46 51 0
55 52 0
57 55 0
Net_id 47
pin_num 3
36 49 0
27 54 0
29 54 0
Net_id 48
pin_num 3
9 13 0
21 18 0
26 25 0
Net_id 49
pin_num 3
16 47 0
0 24 0
18 40 0
Net_id 50
pin_num 3
4 1 0
13 0 0
2 26 0
Net_id 51
pin_num 3
29 29 0
26 26 0
27 10 0
Net_id 52
pin_num 3
8 30 0
10 15 0
26 17 0
Net_id 53
pin_num 3
19 55 0
11 52 0
6 55 0
Net_id 54
pin_num 3
10 10 0
0 4 0
0 12 0
Net_id 55
pin_num 3
53 0 0
35 10 0
29 36 0
Net_id 56
pin_num 3
55 14 0
53 5 0
35 2 0
Net_id 57
pin_num 3
24 14 0
3 22 0
17 18 0
Net_id 58
pin_num 3
19 12 0
25 16 0
34 28 0
Net_id 59
pin_num 3
49 24 0
47 19 0
40 19 0
Net_id 60
pin_num 3
26 56 0
35 49 0
21 57 0
Net_id 61
pin_num 3
35 18 0
23 28 0
51 22 0
Net_id 62
pin_num 3
3 50 0
7 54 0
4 50 0
Net_id 63
pin_num 3
48 4 0
59 6 0
59 26 0
Net_id 64
pin_num 3
56 26 0
35 19 0
58 39 0
Net_id 65
pin_num 3
30 2 0
24 22 0
27 15 0
Net_id 66
pin_num 3
15 46 0
16 41 0
0 47 0
Net_id 67
pin_num 3
6 1 0
9 4 0
18 2 0
Net_id 68
pin_num 3
3 9 0
5 20 0
2 32 0
Net_id 69
pin_num 3
45 4 0
57 27 0
38 4 0
Net_id 70
pin_num 3
18 21 0
13 22 0
24 35 0
Net_id 71
pin_num 3
14 53 0
33 57 0
36 45 0
Net_id 72
pin_num 3
44 55 0
53 50 0
58 55 0
Net_id 73
pin_num 3
54 34 0
32 55 0
48 32 0
Net_id 74
pin_num 3
44 44 0
55 27 0
53 56 0
Net_id 75
pin_num 3
58 12 0
37 9 0
50 7 0
Net_id 76
pin_num 3
57 21 0
46 5 0
26 14 0
Net_id 77
pin_num 3
4 6 0
13 10 0
19 8 0
Net_id 78
pin_num 3
18 31 0
36 20 0
52 26 0
Net_id 79
pin_num 3
23 17 0
28 20 0
20 23 0
Net_id 80
pin_num 3
59 31 0
55 38 0
51 37 0
Net_id 81
pin_num 2
35 45 0
32 39 0
Net_id 82
pin_num 2
9 41 0
15 41 0
Net_id 83
pin_num 2
47 16 0
40 11 0
Net_id 84
pin_num 2
18 52 0
17 50 0
Net_id 85
pin_num 2
40 3 0
45 11 0
Net_id 86
pin_num 2
50 43 0
30 28 0
Net_id 87
pin_num 2
31 4 0
24 6 0
Net_id 88
pin_num 2
23 45 0
14 32 0
Net_id 89
pin_num 2
23 57 0
14 56 0
Net_id 90
pin_num 2
47 31 0
20 25 0
Net_id 91
pin_num 2
59 55 0
50 39 0
Net_id 92
pin_num 2
33 1 0
28 0 0
Net_id 93
pin_num 2
58 47 0
29 43 0
Net_id 94
pin_num 2
35 9 0
30 9 0
Net_id 95
pin_num 2
21 22 0
32 7 0
Net_id 96
pin_num 2
16 28 0
16 34 0
Net_id 97
pin_num 2
3 10 0
1 4 0
Net_id 98
pin_num 2
10 26 0
6 9 0
Net_id 99
pin_num 2
7 7 0
17 24 0
Net_id 100
pin_num 2
0 7 0
10 3 0
Net_id 101
pin_num 2
7 8 0
20 7 0
Net_id 102
pin_num 2
11 48 0
8 58 0
Net_id 103
pin_num 2
18 36 0
28 40 0
Net_id 104
pin_num 2
49 6 0
41 18 0
Net_id 105
pin_num 2
1 23 0
8 13 0
Net_id 106
pin_num 2
45 14 0
58 22 0
Net_id 107
pin_num 2
0 46 0
13 55 0
Net_id 108
pin_num 2
14 25 0
0 21 0
Net_id 109
pin_num 2
50 9 0
50 16 0
Net_id 110
pin_num 2
44 28 0
47 35 0
Net_id 111
pin_num 2
9 32 0
20 29 0
Net_id 112
pin_num 2
8 17 0
2 37 0
Net_id 113
pin_num 2
48 31 0
55 45 0
Net_id 114
pin_num 2
51 9 0
57 8 0
Net_id 115
pin_num 2
12 3 0
35 5 0
Net_id 116
pin_num 2
39 51 0
15 56 0
Net_id 117
pin_num 2
41 5 0
49 9 0
Net_id 118
pin_num 2
57 53 0
57 45 0
Net_id 119
pin_num 2
26 41 0
40 57 0
Net_id 120
pin_num 2
3 53 0
37 34 0
Net_id 121
pin_num 2
32 20 0
48 50 0
Net_id 122
pin_num 2
41 45 0
35 57 0
Net_id 123
pin_num 2
47 46 0
40 54 0
Net_id 124
pin_num 2
23 2 0
7 11 0
Net_id 125
pin_num 2
52 38 0
54 37 0
Net_id 126
pin_num 2
6 30 0
5 26 0
Net_id 127
pin_num 2
56 56 0
55 53 0
Net_id 128
pin_num 2
59 57 0
54 52 0
Net_id 129
pin_num 2
13 20 0
9 26 0
Net_id 130
pin_num 2
32 41 0
42 30 0
Net_id 131
pin_num 2
53 32 0
54 27 0
Net_id 132
pin_num 2
31 5 0
35 7 0
Net_id 133
pin_num 2
53 28 0
58 43 0
Net_id 134
pin_num 2
6 57 0
1 34 0
Net_id 135
pin_num 2
19 18 0
14 5 0
Net_id 136
pin_num 2
26 13 0
35 13 0
Net_id 137
pin_num 2
21 28 0
5 13 0
Net_id 138
pin_num 2
3 35 0
16 49 0
Net_id 139
pin_num 2
26 30 0
40 47 0
Net_id 140
pin_num 2
6 17 0
9 5 0
Net_id 141
pin_num 2
22 54 0
25 39 0
Net_id 142
pin_num 2
21 44 0
14 38 0
Net_id 143
pin_num 2
34 41 0
35 46 0
Net_id 144
pin_num 2
47 7 0
58 15 0
Net_id 145
pin_num 2
40 39 0
28 28 0
Net_id 146
pin_num 2
21 11 0
4 21 0
Net_id 147
pin_num 2
12 28 0
17 31 0
Net_id 148
pin_num 2
17 0 0
21 4 0
Net_id 149
pin_num 2
57 50 0
44 26 0
Net_id 150
pin_num 2
1 12 0
13 12 0
Net_id 151
pin_num 2
45 32 0
38 34 0
Net_id 152
pin_num 2
46 45 0
28 23 0
Net_id 153
pin_num 2
28 5 0
34 3 0
Net_id 154
pin_num 2
38 38 0
23 48 0
Net_id 155
pin_num 2
25 42 0
18 49 0
Net_id 156
pin_num 2
45 18 0
58 29 0
Net_id 157
pin_num 2
40 37 0
21 54 0
Net_id 158
pin_num 2
51 48 0
29 51 0
Net_id 159
pin_num 2
49 37 0
59 33 0
Net_id 160
pin_num 2
9 34 0
18 43 0
Net_id 161
pin_num 2
15 0 0
10 12 0
