Width 60
Height 60
Layer 6
Total_WL 7001
Obstacle_num 144
37 32 0 43 33 0
45 0 0 50 1 0
39 4 0 49 5 0
26 7 0 30 8 0
7 35 0 15 36 0
31 56 0 41 57 0
44 50 0 54 51 0
18 57 0 24 58 0
36 43 0 39 44 0
2 25 0 10 26 0
48 57 0 57 58 0
34 2 0 43 3 0
29 4 0 34 5 0
1 20 0 10 21 0
16 52 0 23 53 0
11 28 0 16 29 0
30 25 0 38 26 0
25 39 0 29 40 0
11 33 0 21 34 0
0 7 0 5 8 0
23 46 0 31 47 0
26 57 0 31 58 0
17 36 0 27 37 0
33 46 0 42 47 0
47 38 1 48 41 1
49 47 1 50 54 1
16 12 1 17 17 1
0 22 1 1 29 1
27 31 1 28 38 1
53 12 1 54 15 1
58 29 1 59 35 1
18 38 1 19 47 1
5 5 1 6 15 1
31 51 1 32 59 1
56 30 1 57 35 1
42 22 1 43 28 1
34 26 1 35 33 1
35 13 1 36 21 1
50 49 1 51 59 1
12 22 1 13 25 1
26 6 1 27 15 1
4 1 1 5 10 1
22 54 1 23 59 1
45 37 1 46 44 1
6 2 1 7 9 1
3 6 1 4 10 1
45 26 1 46 33 1
10 52 1 11 56 1
22 52 2 32 53 2
44 24 2 48 25 2
37 15 2 47 16 2
2 6 2 8 7 2
2 24 2 8 25 2
43 36 2 51 37 2
23 49 2 29 50 2
15 45 2 20 46 2
8 24 2 17 25 2
28 4 2 32 5 2
54 25 2 57 26 2
17 15 2 20 16 2
37 14 2 41 15 2
49 14 2 54 15 2
4 28 2 8 29 2
9 37 2 16 38 2
36 49 2 40 50 2
8 33 2 11 34 2
18 46 2 26 47 2
17 40 2 21 41 2
0 44 2 10 45 2
41 54 2 46 55 2
32 41 2 41 42 2
11 26 2 14 27 2
54 9 3 55 19 3
11 9 3 12 18 3
22 19 3 23 25 3
49 1 3 50 11 3
13 32 3 14 41 3
35 28 3 36 33 3
54 54 3 55 58 3
52 36 3 53 44 3
13 43 3 14 52 3
27 1 3 28 7 3
2 46 3 3 55 3
16 22 3 17 30 3
40 19 3 41 28 3
22 7 3 23 12 3
57 12 3 58 17 3
36 27 3 37 32 3
30 41 3 31 50 3
3 12 3 4 22 3
0 9 3 1 14 3
28 34 3 29 39 3
41 46 3 42 49 3
23 45 3 24 51 3
2 7 3 3 17 3
13 53 3 14 59 3
28 36 4 35 37 4
39 31 4 46 32 4
36 28 4 42 29 4
46 5 4 51 6 4
9 37 4 14 38 4
7 14 4 14 15 4
21 16 4 28 17 4
6 51 4 15 52 4
32 20 4 37 21 4
2 17 4 11 18 4
14 46 4 24 47 4
23 19 4 27 20 4
11 48 4 16 49 4
31 53 4 37 54 4
35 36 4 44 37 4
17 41 4 24 42 4
2 42 4 11 43 4
26 4 4 32 5 4
42 50 4 48 51 4
44 14 4 52 15 4
38 10 4 43 11 4
47 54 4 51 55 4
40 0 4 43 1 4
20 17 4 26 18 4
42 23 5 43 27 5
16 16 5 17 24 5
40 8 5 41 11 5
44 9 5 45 18 5
8 35 5 9 42 5
38 31 5 39 38 5
45 27 5 46 36 5
50 14 5 51 21 5
47 14 5 48 23 5
21 22 5 22 26 5
23 24 5 24 27 5
16 42 5 17 48 5
2 20 5 3 28 5
32 19 5 33 25 5
29 1 5 30 8 5
48 37 5 49 44 5
5 38 5 6 45 5
55 23 5 56 27 5
8 43 5 9 50 5
35 55 5 36 58 5
1 51 5 2 57 5
30 46 5 31 49 5
37 7 5 38 10 5
46 43 5 47 46 5
Net_num 162
Net_id 0
pin_num 5
26 52 0
13 54 0
26 29 0
6 50 0
17 40 0
Net_id 1
pin_num 5
49 51 0
46 49 0
47 59 0
59 28 0
52 56 0
Net_id 2
pin_num 5
19 24 0
16 25 0
42 24 0
3 24 0
19 11 0
Net_id 3
pin_num 5
7 3 0
13 3 0
3 0 0
0 12 0
2 5 0
Net_id 4
pin_num 5
25 32 0
33 35 0
33 11 0
13 34 0
28 49 0
Net_id 5
pin_num 5
59 31 0
49 36 0
50 37 0
31 31 0
51 48 0
Net_id 6
pin_num 5
42 3 0
54 3 0
50 0 0
41 8 0
36 1 0
Net_id 7
pin_num 5
38 47 0
48 40 0
58 47 0
48 30 0
59 27 0
Net_id 8
pin_num 5
32 49 0
36 55 0
24 57 0
44 59 0
45 54 0
Net_id 9
pin_num 5
46 41 0
50 41 0
52 58 0
37 57 0
58 54 0
Net_id 10
pin_num 5
30 19 0
27 20 0
47 19 0
29 2 0
59 11 0
Net_id 11
pin_num 5
9 38 0
5 38 0
21 38 0
7 22 0
17 46 0
Net_id 12
pin_num 5
6 28 0
6 14 0
6 48 0
8 43 0
0 31 0
Net_id 13
pin_num 5
43 12 0
21 12 0
28 0 0
44 2 0
40 27 0
Net_id 14
pin_num 5
12 58 0
1 57 0
1 33 0
0 54 0
2 55 0
Net_id 15
pin_num 5
37 6 0
28 5 0
37 10 0
19 8 0
31 28 0
Net_id 16
pin_num 5
20 50 0
26 28 0
30 43 0
21 45 0
16 37 0
Net_id 17
pin_num 5
52 22 0
57 46 0
58 52 0
44 35 0
46 20 0
Net_id 18
pin_num 5
30 8 0
27 13 0
20 23 0
21 1 0
15 11 0
Net_id 19
pin_num 4
59 25 0
45 25 0
59 10 0
38 11 0
Net_id 20
pin_num 4
42 38 0
25 38 0
38 54 0
42 42 0
Net_id 21
pin_num 4
44 21 0
51 9 0
59 20 0
52 37 0
Net_id 22
pin_num 4
42 44 0
48 42 0
43 34 0
46 59 0
Net_id 23
pin_num 4
17 18 0
17 25 0
19 37 0
18 14 0
Net_id 24
pin_num 4
35 11 0
37 3 0
36 10 0
29 1 0
Net_id 25
pin_num 4
13 42 0
27 42 0
25 53 0
7 53 0
Net_id 26
pin_num 4
19 34 0
26 37 0
21 23 0
37 34 0
Net_id 27
pin_num 4
39 34 0
37 44 0
16 44 0
24 33 0
Net_id 28
pin_num 4
3 32 0
0 21 0
8 31 0
3 21 0
Net_id 29
pin_num 4
59 37 0
53 45 0
58 59 0
57 32 0
Net_id 30
pin_num 4
3 34 0
5 52 0
4 14 0
2 44 0
Net_id 31
pin_num 4
22 17 0
28 18 0
21 27 0
23 20 0
Net_id 32
pin_num 4
26 17 0
15 20 0
1 19 0
14 25 0
Net_id 33
pin_num 4
2 28 0
13 23 0
9 31 0
6 30 0
Net_id 34
pin_num 4
44 16 0
51 13 0
36 11 0
55 8 0
Net_id 35
pin_num 4
0 26 0
7 26 0
2 6 0
13 26 0
Net_id 36
pin_num 4
56 41 0
58 27 0
55 58 0
51 32 0
Net_id 37
pin_num 4
21 43 0
31 46 0
18 59 0
27 54 0
Net_id 38
pin_num 4
12 30 0
16 31 0
8 21 0
34 30 0
Net_id 39
pin_num 4
37 28 0
56 27 0
50 15 0
46 58 0
Net_id 40
pin_num 3
4 50 0
14 58 0
17 49 0
Net_id 41
pin_num 3
55 41 0
40 30 0
43 21 0
Net_id 42
pin_num 3
23 21 0
40 21 0
37 20 0
Net_id 43
pin_num 3
28 4 0
17 5 0
21 39 0
Net_id 44
pin_num 3
30 48 0
16 59 0
5 32 0
Net_id 45
pin_num 3
47 56 0
44 51 0
30 54 0
Net_id 46
pin_num 3
9 17 0
7 52 0
1 22 0
Net_id 47
pin_num 3
44 10 0
58 11 0
54 1 0
Net_id 48
pin_num 3
15 37 0
12 31 0
36 26 0
Net_id 49
pin_num 3
48 36 0
41 36 0
27 50 0
Net_id 50
pin_num 3
16 47 0
20 51 0
3 53 0
Net_id 51
pin_num 3
33 58 0
11 57 0
6 57 0
Net_id 52
pin_num 3
25 15 0
14 14 0
7 14 0
Net_id 53
pin_num 3
1 1 0
8 1 0
1 9 0
Net_id 54
pin_num 3
44 53 0
57 43 0
58 58 0
Net_id 55
pin_num 3
59 39 0
53 54 0
55 40 0
Net_id 56
pin_num 3
22 29 0
28 13 0
41 21 0
Net_id 57
pin_num 3
46 29 0
32 28 0
38 45 0
Net_id 58
pin_num 3
55 0 0
59 8 0
33 1 0
Net_id 59
pin_num 3
59 9 0
52 2 0
47 14 0
Net_id 60
pin_num 3
16 0 0
25 7 0
26 26 0
Net_id 61
pin_num 3
27 52 0
39 43 0
51 49 0
Net_id 62
pin_num 3
12 32 0
4 48 0
5 27 0
Net_id 63
pin_num 3
47 13 0
48 17 0
56 14 0
Net_id 64
pin_num 3
3 49 0
18 49 0
11 30 0
Net_id 65
pin_num 3
19 46 0
22 33 0
29 54 0
Net_id 66
pin_num 3
5 13 0
20 6 0
20 45 0
Net_id 67
pin_num 3
33 51 0
26 51 0
48 39 0
Net_id 68
pin_num 3
45 18 0
38 18 0
38 26 0
Net_id 69
pin_num 3
27 18 0
24 14 0
0 18 0
Net_id 70
pin_num 3
21 7 0
25 31 0
37 27 0
Net_id 71
pin_num 3
26 25 0
29 31 0
12 20 0
Net_id 72
pin_num 3
54 23 0
45 23 0
34 23 0
Net_id 73
pin_num 3
13 45 0
27 59 0
29 55 0
Net_id 74
pin_num 3
8 12 0
0 16 0
0 14 0
Net_id 75
pin_num 3
20 29 0
2 45 0
9 0 0
Net_id 76
pin_num 3
47 32 0
32 29 0
51 29 0
Net_id 77
pin_num 3
52 43 0
39 33 0
41 44 0
Net_id 78
pin_num 3
27 10 0
13 10 0
34 7 0
Net_id 79
pin_num 3
40 16 0
32 23 0
37 9 0
Net_id 80
pin_num 2
28 56 0
43 45 0
Net_id 81
pin_num 2
36 47 0
15 51 0
Net_id 82
pin_num 2
25 16 0
20 16 0
Net_id 83
pin_num 2
11 15 0
24 31 0
Net_id 84
pin_num 2
15 35 0
23 35 0
Net_id 85
pin_num 2
5 41 0
3 55 0
Net_id 86
pin_num 2
43 39 0
27 17 0
Net_id 87
pin_num 2
37 50 0
57 57 0
Net_id 88
pin_num 2
3 45 0
9 39 0
Net_id 89
pin_num 2
2 56 0
10 40 0
Net_id 90
pin_num 2
47 6 0
53 4 0
Net_id 91
pin_num 2
24 23 0
31 35 0
Net_id 92
pin_num 2
45 34 0
38 17 0
Net_id 93
pin_num 2
25 5 0
15 13 0
Net_id 94
pin_num 2
32 36 0
11 52 0
Net_id 95
pin_num 2
36 58 0
40 58 0
Net_id 96
pin_num 2
21 13 0
31 11 0
Net_id 97
pin_num 2
2 38 0
9 40 0
Net_id 98
pin_num 2
38 5 0
58 4 0
Net_id 99
pin_num 2
36 33 0
24 20 0
Net_id 100
pin_num 2
3 17 0
12 8 0
Net_id 101
pin_num 2
53 46 0
58 57 0
Net_id 102
pin_num 2
51 11 0
45 11 0
Net_id 103
pin_num 2
55 15 0
52 17 0
Net_id 104
pin_num 2
13 21 0
9 16 0
Net_id 105
pin_num 2
11 46 0
30 22 0
Net_id 106
pin_num 2
34 48 0
41 45 0
Net_id 107
pin_num 2
32 26 0
39 36 0
Net_id 108
pin_num 2
21 17 0
2 2 0
Net_id 109
pin_num 2
17 12 0
8 15 0
Net_id 110
pin_num 2
10 16 0
13 18 0
Net_id 111
pin_num 2
34 17 0
41 25 0
Net_id 112
pin_num 2
3 44 0
25 55 0
Net_id 113
pin_num 2
35 53 0
43 53 0
Net_id 114
pin_num 2
31 53 0
21 51 0
Net_id 115
pin_num 2
53 24 0
39 13 0
Net_id 116
pin_num 2
47 26 0
57 18 0
Net_id 117
pin_num 2
27 28 0
46 18 0
Net_id 118
pin_num 2
29 29 0
25 35 0
Net_id 119
pin_num 2
21 4 0
37 26 0
Net_id 120
pin_num 2
39 40 0
32 17 0
Net_id 121
pin_num 2
46 26 0
39 26 0
Net_id 122
pin_num 2
19 6 0
9 14 0
Net_id 123
pin_num 2
15 5 0
9 15 0
Net_id 124
pin_num 2
53 49 0
56 38 0
Net_id 125
pin_num 2
50 54 0
53 48 0
Net_id 126
pin_num 2
56 11 0
59 26 0
Net_id 127
pin_num 2
46 34 0
55 39 0
Net_id 128
pin_num 2
24 26 0
12 39 0
Net_id 129
pin_num 2
7 4 0
18 2 0
Net_id 130
pin_num 2
44 41 0
38 41 0
Net_id 131
pin_num 2
36 40 0
24 55 0
Net_id 132
pin_num 2
36 18 0
19 9 0
Net_id 133
pin_num 2
10 43 0
23 32 0
Net_id 134
pin_num 2
51 26 0
53 34 0
Net_id 135
pin_num 2
32 52 0
50 38 0
Net_id 136
pin_num 2
55 7 0
30 6 0
Net_id 137
pin_num 2
52 52 0
46 52 0
Net_id 138
pin_num 2
31 5 0
38 6 0
Net_id 139
pin_num 2
18 27 0
5 22 0
Net_id 140
pin_num 2
11 9 0
19 25 0
Net_id 141
pin_num 2
26 45 0
34 33 0
Net_id 142
pin_num 2
51 20 0
55 2 0
Net_id 143
pin_num 2
49 30 0
56 13 0
Net_id 144
pin_num 2
23 31 0
18 51 0
Net_id 145
pin_num 2
34 9 0
20 4 0
Net_id 146
pin_num 2
41 10 0
52 16 0
Net_id 147
pin_num 2
46 9 0
57 2 0
Net_id 148
pin_num 2
56 24 0
44 34 0
Net_id 149
pin_num 2
55 54 0
48 46 0
Net_id 150
pin_num 2
48 56 0
31 43 0
Net_id 151
pin_num 2
56 20 0
51 30 0
Net_id 152
pin_num 2
28 27 0
36 29 0
Net_id 153
pin_num 2
33 53 0
59 23 0
Net_id 154
pin_num 2
17 16 0
2 34 0
Net_id 155
pin_num 2
15 23 0
22 23 0
Net_id 156
pin_num 2
14 3 0
30 7 0
Net_id 157
pin_num 2
41 54 0
57 58 0
Net_id 158
pin_num 2
0 58 0
9 48 0
Net_id 159
pin_num 2
3 3 0
8 22 0
Net_id 160
pin_num 2
44 8 0
39 22 0
Net_id 161
pin_num 2
56 29 0
55 30 0
