Width 60
Height 60
Layer 6
Total_WL 6943
Obstacle_num 144
28 13 0 38 14 0
49 9 0 53 10 0
3 14 0 12 15 0
54 3 0 58 4 0
36 18 0 40 19 0
14 15 0 21 16 0
51 38 0 59 39 0
21 13 0 27 14 0
22 17 0 29 18 0
26 5 0 31 6 0
16 2 0 23 3 0
29 28 0 36 29 0
14 12 0 18 13 0
43 35 0 53 36 0
36 0 0 39 1 0
18 6 0 22 7 0
20 21 0 29 22 0
5 2 0 15 3 0
18 54 0 24 55 0
38 42 0 44 43 0
24 34 0 27 35 0
39 36 0 42 37 0
31 5 0 38 6 0
29 9 0 38 10 0
19 43 1 20 47 1
30 29 1 31 37 1
53 39 1 54 47 1
26 13 1 27 18 1
22 22 1 23 31 1
39 24 1 40 30 1
33 12 1 34 19 1
37 46 1 38 53 1
56 8 1 57 13 1
30 9 1 31 19 1
57 46 1 58 52 1
55 17 1 56 22 1
23 29 1 24 36 1
5 32 1 6 41 1
55 41 1 56 44 1
6 41 1 7 46 1
48 46 1 49 51 1
15 44 1 16 54 1
0 14 1 1 18 1
58 21 1 59 30 1
45 49 1 46 52 1
9 27 1 10 34 1
56 15 1 57 21 1
45 12 1 46 19 1
0 47 2 10 48 2
44 2 2 48 3 2
20 53 2 27 54 2
30 3 2 40 4 2
35 53 2 43 54 2
50 26 2 59 27 2
41 16 2 46 17 2
13 21 2 20 22 2
0 26 2 3 27 2
52 23 2 59 24 2
51 6 2 54 7 2
45 48 2 53 49 2
10 55 2 13 56 2
12 49 2 18 50 2
30 18 2 34 19 2
29 17 2 32 18 2
33 15 2 36 16 2
18 4 2 23 5 2
37 32 2 40 33 2
30 13 2 35 14 2
43 3 2 52 4 2
39 14 2 45 15 2
8 20 2 14 21 2
33 11 2 39 12 2
31 11 3 32 16 3
41 45 3 42 51 3
17 0 3 18 9 3
55 4 3 56 10 3
4 6 3 5 13 3
41 37 3 42 40 3
29 21 3 30 31 3
13 16 3 14 20 3
51 6 3 52 15 3
37 46 3 38 53 3
52 52 3 53 58 3
34 52 3 35 55 3
1 32 3 2 40 3
24 11 3 25 14 3
4 51 3 5 55 3
16 47 3 17 54 3
22 34 3 23 40 3
13 1 3 14 6 3
53 11 3 54 20 3
34 25 3 35 29 3
20 31 3 21 40 3
52 43 3 53 52 3
57 21 3 58 29 3
9 56 3 10 59 3
7 41 4 10 42 4
6 25 4 9 26 4
7 36 4 17 37 4
41 14 4 47 15 4
49 22 4 54 23 4
26 4 4 34 5 4
35 53 4 44 54 4
48 20 4 53 21 4
18 33 4 27 34 4
54 9 4 59 10 4
24 41 4 28 42 4
10 32 4 15 33 4
10 49 4 13 50 4
14 22 4 21 23 4
17 11 4 23 12 4
16 16 4 23 17 4
53 52 4 59 53 4
19 31 4 24 32 4
54 51 4 58 52 4
28 47 4 32 48 4
12 48 4 22 49 4
14 26 4 22 27 4
43 38 4 50 39 4
41 34 4 49 35 4
13 29 5 14 37 5
19 39 5 20 43 5
5 51 5 6 55 5
32 43 5 33 47 5
47 34 5 48 43 5
35 22 5 36 25 5
32 15 5 33 21 5
38 23 5 39 33 5
14 29 5 15 38 5
58 12 5 59 18 5
43 32 5 44 35 5
8 9 5 9 18 5
52 5 5 53 14 5
45 46 5 46 54 5
48 49 5 49 58 5
53 33 5 54 38 5
27 24 5 28 27 5
27 27 5 28 35 5
39 3 5 40 7 5
7 1 5 8 11 5
1 9 5 2 16 5
6 49 5 7 52 5
31 16 5 32 24 5
28 36 5 29 43 5
Net_num 166
Net_id 0
pin_num 5
1 59 0
4 46 0
6 59 0
1 52 0
5 56 0
Net_id 1
pin_num 5
55 17 0
44 23 0
50 5 0
45 11 0
44 15 0
Net_id 2
pin_num 5
58 15 0
47 21 0
50 4 0
28 9 0
42 21 0
Net_id 3
pin_num 5
9 20 0
18 24 0
12 24 0
17 39 0
12 1 0
Net_id 4
pin_num 5
40 14 0
26 14 0
59 10 0
45 19 0
35 16 0
Net_id 5
pin_num 5
9 47 0
14 47 0
11 34 0
28 42 0
18 38 0
Net_id 6
pin_num 5
5 53 0
4 56 0
14 55 0
10 58 0
11 59 0
Net_id 7
pin_num 5
8 29 0
9 25 0
14 26 0
15 25 0
7 20 0
Net_id 8
pin_num 5
44 59 0
38 51 0
39 39 0
43 44 0
45 53 0
Net_id 9
pin_num 5
17 34 0
16 23 0
34 33 0
31 26 0
33 44 0
Net_id 10
pin_num 5
45 0 0
58 3 0
59 22 0
44 0 0
59 1 0
Net_id 11
pin_num 5
45 43 0
32 39 0
36 17 0
40 17 0
40 38 0
Net_id 12
pin_num 5
54 56 0
58 57 0
58 43 0
59 48 0
37 52 0
Net_id 13
pin_num 5
14 6 0
0 12 0
3 20 0
10 28 0
0 18 0
Net_id 14
pin_num 5
58 45 0
59 47 0
41 45 0
55 59 0
54 40 0
Net_id 15
pin_num 5
29 56 0
27 47 0
34 55 0
32 51 0
33 37 0
Net_id 16
pin_num 5
21 4 0
28 0 0
9 0 0
21 22 0
26 8 0
Net_id 17
pin_num 5
43 13 0
37 25 0
31 16 0
35 18 0
28 18 0
Net_id 18
pin_num 5
11 23 0
6 23 0
8 17 0
15 18 0
20 11 0
Net_id 19
pin_num 5
38 1 0
32 1 0
13 4 0
0 0 0
8 13 0
Net_id 20
pin_num 4
2 49 0
0 41 0
19 48 0
14 58 0
Net_id 21
pin_num 4
40 40 0
41 54 0
21 40 0
35 22 0
Net_id 22
pin_num 4
12 15 0
13 19 0
13 5 0
28 22 0
Net_id 23
pin_num 4
34 56 0
22 57 0
25 48 0
27 59 0
Net_id 24
pin_num 4
27 20 0
33 31 0
28 25 0
32 27 0
Net_id 25
pin_num 4
34 52 0
24 57 0
26 30 0
15 37 0
Net_id 26
pin_num 4
41 7 0
42 15 0
58 18 0
53 1 0
Net_id 27
pin_num 4
11 5 0
5 4 0
6 16 0
5 20 0
Net_id 28
pin_num 4
56 11 0
53 23 0
46 23 0
43 1 0
Net_id 29
pin_num 4
20 43 0
1 46 0
12 59 0
0 52 0
Net_id 30
pin_num 4
7 44 0
15 41 0
34 41 0
33 32 0
Net_id 31
pin_num 4
19 29 0
10 34 0
13 22 0
0 23 0
Net_id 32
pin_num 4
14 57 0
24 59 0
21 44 0
45 59 0
Net_id 33
pin_num 4
44 49 0
38 34 0
52 58 0
45 39 0
Net_id 34
pin_num 4
36 26 0
20 10 0
32 32 0
18 34 0
Net_id 35
pin_num 4
9 53 0
12 57 0
11 33 0
11 10 0
Net_id 36
pin_num 4
48 25 0
49 34 0
42 34 0
43 19 0
Net_id 37
pin_num 4
7 18 0
9 24 0
3 22 0
1 27 0
Net_id 38
pin_num 4
0 47 0
8 49 0
14 36 0
7 50 0
Net_id 39
pin_num 4
51 59 0
46 54 0
46 36 0
59 44 0
Net_id 40
pin_num 4
13 40 0
23 28 0
22 43 0
20 26 0
Net_id 41
pin_num 4
55 6 0
43 6 0
32 6 0
54 18 0
Net_id 42
pin_num 3
37 36 0
28 36 0
17 36 0
Net_id 43
pin_num 3
57 12 0
47 4 0
59 23 0
Net_id 44
pin_num 3
18 53 0
5 59 0
29 53 0
Net_id 45
pin_num 3
18 25 0
24 23 0
16 5 0
Net_id 46
pin_num 3
31 46 0
25 44 0
20 46 0
Net_id 47
pin_num 3
34 45 0
36 53 0
42 57 0
Net_id 48
pin_num 3
9 42 0
10 45 0
3 45 0
Net_id 49
pin_num 3
38 57 0
34 59 0
42 55 0
Net_id 50
pin_num 3
34 10 0
25 14 0
29 2 0
Net_id 51
pin_num 3
53 42 0
38 50 0
28 58 0
Net_id 52
pin_num 3
59 53 0
46 53 0
58 20 0
Net_id 53
pin_num 3
5 28 0
22 18 0
22 31 0
Net_id 54
pin_num 3
53 10 0
57 1 0
54 4 0
Net_id 55
pin_num 3
33 54 0
40 55 0
16 55 0
Net_id 56
pin_num 3
25 29 0
8 0 0
0 5 0
Net_id 57
pin_num 3
44 20 0
32 19 0
33 19 0
Net_id 58
pin_num 3
58 54 0
47 57 0
35 51 0
Net_id 59
pin_num 3
33 8 0
54 19 0
36 41 0
Net_id 60
pin_num 3
59 50 0
48 50 0
57 59 0
Net_id 61
pin_num 3
27 4 0
39 5 0
26 20 0
Net_id 62
pin_num 3
47 20 0
49 18 0
37 24 0
Net_id 63
pin_num 3
17 8 0
18 20 0
22 0 0
Net_id 64
pin_num 3
31 34 0
18 32 0
7 26 0
Net_id 65
pin_num 3
56 16 0
42 1 0
56 30 0
Net_id 66
pin_num 3
27 30 0
42 40 0
34 25 0
Net_id 67
pin_num 3
16 28 0
25 12 0
31 3 0
Net_id 68
pin_num 3
35 3 0
29 22 0
9 1 0
Net_id 69
pin_num 3
37 23 0
43 23 0
57 11 0
Net_id 70
pin_num 3
53 30 0
48 30 0
47 41 0
Net_id 71
pin_num 3
37 26 0
57 34 0
58 19 0
Net_id 72
pin_num 3
35 34 0
48 56 0
19 40 0
Net_id 73
pin_num 3
41 50 0
38 41 0
48 47 0
Net_id 74
pin_num 3
17 38 0
3 38 0
4 41 0
Net_id 75
pin_num 3
55 46 0
59 38 0
39 38 0
Net_id 76
pin_num 3
55 5 0
30 21 0
55 16 0
Net_id 77
pin_num 3
0 7 0
20 3 0
44 8 0
Net_id 78
pin_num 3
52 27 0
37 27 0
12 30 0
Net_id 79
pin_num 3
55 41 0
48 40 0
38 36 0
Net_id 80
pin_num 3
34 7 0
37 10 0
55 13 0
Net_id 81
pin_num 3
41 28 0
59 29 0
27 37 0
Net_id 82
pin_num 3
55 49 0
55 47 0
58 58 0
Net_id 83
pin_num 3
35 0 0
27 6 0
23 26 0
Net_id 84
pin_num 3
55 15 0
57 29 0
46 25 0
Net_id 85
pin_num 3
32 11 0
32 17 0
9 15 0
Net_id 86
pin_num 2
19 9 0
1 28 0
Net_id 87
pin_num 2
29 38 0
39 32 0
Net_id 88
pin_num 2
23 8 0
16 8 0
Net_id 89
pin_num 2
52 2 0
47 2 0
Net_id 90
pin_num 2
26 16 0
1 13 0
Net_id 91
pin_num 2
58 13 0
45 29 0
Net_id 92
pin_num 2
9 4 0
11 0 0
Net_id 93
pin_num 2
29 42 0
46 42 0
Net_id 94
pin_num 2
36 46 0
29 57 0
Net_id 95
pin_num 2
4 13 0
4 34 0
Net_id 96
pin_num 2
41 18 0
46 18 0
Net_id 97
pin_num 2
46 1 0
51 18 0
Net_id 98
pin_num 2
58 30 0
35 43 0
Net_id 99
pin_num 2
20 55 0
2 40 0
Net_id 100
pin_num 2
42 9 0
59 39 0
Net_id 101
pin_num 2
24 26 0
40 33 0
Net_id 102
pin_num 2
22 19 0
9 17 0
Net_id 103
pin_num 2
4 24 0
14 5 0
Net_id 104
pin_num 2
20 47 0
7 34 0
Net_id 105
pin_num 2
14 28 0
5 49 0
Net_id 106
pin_num 2
13 12 0
2 12 0
Net_id 107
pin_num 2
27 55 0
22 58 0
Net_id 108
pin_num 2
58 4 0
57 8 0
Net_id 109
pin_num 2
50 55 0
53 58 0
Net_id 110
pin_num 2
4 20 0
5 23 0
Net_id 111
pin_num 2
15 46 0
8 39 0
Net_id 112
pin_num 2
36 11 0
42 11 0
Net_id 113
pin_num 2
29 51 0
41 34 0
Net_id 114
pin_num 2
2 59 0
10 50 0
Net_id 115
pin_num 2
46 57 0
23 56 0
Net_id 116
pin_num 2
6 4 0
7 1 0
Net_id 117
pin_num 2
22 7 0
38 7 0
Net_id 118
pin_num 2
49 40 0
55 58 0
Net_id 119
pin_num 2
16 39 0
9 45 0
Net_id 120
pin_num 2
17 40 0
14 33 0
Net_id 121
pin_num 2
28 41 0
31 39 0
Net_id 122
pin_num 2
16 33 0
25 54 0
Net_id 123
pin_num 2
1 38 0
14 14 0
Net_id 124
pin_num 2
40 25 0
54 2 0
Net_id 125
pin_num 2
46 32 0
42 32 0
Net_id 126
pin_num 2
50 47 0
28 39 0
Net_id 127
pin_num 2
22 6 0
24 14 0
Net_id 128
pin_num 2
6 10 0
26 22 0
Net_id 129
pin_num 2
29 37 0
7 39 0
Net_id 130
pin_num 2
37 37 0
54 30 0
Net_id 131
pin_num 2
6 39 0
1 39 0
Net_id 132
pin_num 2
53 56 0
35 49 0
Net_id 133
pin_num 2
2 41 0
12 45 0
Net_id 134
pin_num 2
28 11 0
7 0 0
Net_id 135
pin_num 2
21 47 0
32 45 0
Net_id 136
pin_num 2
51 57 0
56 37 0
Net_id 137
pin_num 2
41 8 0
34 2 0
Net_id 138
pin_num 2
8 31 0
12 31 0
Net_id 139
pin_num 2
44 30 0
35 41 0
Net_id 140
pin_num 2
21 56 0
23 45 0
Net_id 141
pin_num 2
57 5 0
45 30 0
Net_id 142
pin_num 2
58 21 0
49 21 0
Net_id 143
pin_num 2
37 58 0
50 51 0
Net_id 144
pin_num 2
33 25 0
38 38 0
Net_id 145
pin_num 2
31 54 0
23 52 0
Net_id 146
pin_num 2
44 33 0
55 48 0
Net_id 147
pin_num 2
47 42 0
51 39 0
Net_id 148
pin_num 2
1 1 0
16 10 0
Net_id 149
pin_num 2
46 41 0
42 46 0
Net_id 150
pin_num 2
30 29 0
26 28 0
Net_id 151
pin_num 2
59 35 0
53 33 0
Net_id 152
pin_num 2
15 14 0
1 0 0
Net_id 153
pin_num 2
49 31 0
59 37 0
Net_id 154
pin_num 2
21 5 0
1 20 0
Net_id 155
pin_num 2
13 41 0
5 31 0
Net_id 156
pin_num 2
32 21 0
37 15 0
Net_id 157
pin_num 2
15 30 0
12 52 0
Net_id 158
pin_num 2
54 9 0
50 25 0
Net_id 159
pin_num 2
37 43 0
42 49 0
Net_id 160
pin_num 2
13 37 0
3 24 0
Net_id 161
pin_num 2
21 58 0
0 39 0
Net_id 162
pin_num 2
46 13 0
51 29 0
Net_id 163
pin_num 2
55 39 0
27 22 0
Net_id 164
pin_num 2
20 31 0
14 32 0
Net_id 165
pin_num 2
30 35 0
2 10 0
