Width 60
Height 60
Layer 6
Total_WL 6964
Obstacle_num 144
35 5 0 40 6 0
29 19 0 36 20 0
19 36 0 29 37 0
40 38 0 44 39 0
41 5 0 50 6 0
23 28 0 28 29 0
37 8 0 45 9 0
4 15 0 13 16 0
3 54 0 10 55 0
16 24 0 25 25 0
8 49 0 17 50 0
39 33 0 47 34 0
17 47 0 22 48 0
54 52 0 57 53 0
24 9 0 33 10 0
28 34 0 36 35 0
10 8 0 16 9 0
48 0 0 53 1 0
30 0 0 37 1 0
25 46 0 35 47 0
43 25 0 49 26 0
43 4 0 52 5 0
2 55 0 6 56 0
21 42 0 29 43 0
11 0 1 12 6 1
14 15 1 15 19 1
3 50 1 4 59 1
42 16 1 43 19 1
30 14 1 31 19 1
28 23 1 29 28 1
46 36 1 47 40 1
43 26 1 44 30 1
24 47 1 25 56 1
22 5 1 23 11 1
55 37 1 56 44 1
48 54 1 49 59 1
2 30 1 3 37 1
27 8 1 28 12 1
22 46 1 23 56 1
37 35 1 38 40 1
43 16 1 44 23 1
6 8 1 7 18 1
23 30 1 24 38 1
30 20 1 31 27 1
18 15 1 19 20 1
53 11 1 54 21 1
42 7 1 43 10 1
39 26 1 40 36 1
1 3 2 4 4 2
19 47 2 22 48 2
18 56 2 26 57 2
30 19 2 40 20 2
8 1 2 15 2 2
34 23 2 39 24 2
20 16 2 23 17 2
48 21 2 52 22 2
12 34 2 18 35 2
41 17 2 50 18 2
24 44 2 32 45 2
28 57 2 37 58 2
43 34 2 48 35 2
17 26 2 26 27 2
9 26 2 12 27 2
38 11 2 47 12 2
27 36 2 35 37 2
11 13 2 20 14 2
50 58 2 59 59 2
19 36 2 26 37 2
25 30 2 33 31 2
39 20 2 46 21 2
11 56 2 17 57 2
33 21 2 40 22 2
18 27 3 19 30 3
8 40 3 9 49 3
33 31 3 34 38 3
12 27 3 13 36 3
25 0 3 26 7 3
58 34 3 59 43 3
21 14 3 22 20 3
18 37 3 19 46 3
42 42 3 43 49 3
7 17 3 8 25 3
53 43 3 54 46 3
39 43 3 40 47 3
50 22 3 51 25 3
0 22 3 1 32 3
32 8 3 33 17 3
17 35 3 18 43 3
19 23 3 20 31 3
41 2 3 42 12 3
10 12 3 11 19 3
24 54 3 25 59 3
27 30 3 28 36 3
49 43 3 50 53 3
41 51 3 42 55 3
30 11 3 31 20 3
18 37 4 28 38 4
36 20 4 42 21 4
45 18 4 50 19 4
46 44 4 56 45 4
13 4 4 20 5 4
44 58 4 47 59 4
24 28 4 32 29 4
0 39 4 10 40 4
38 28 4 48 29 4
11 46 4 15 47 4
27 2 4 31 3 4
48 14 4 58 15 4
7 30 4 10 31 4
37 48 4 45 49 4
49 56 4 54 57 4
27 35 4 32 36 4
4 24 4 8 25 4
47 30 4 51 31 4
42 6 4 45 7 4
35 24 4 42 25 4
46 7 4 51 8 4
34 42 4 38 43 4
25 49 4 34 50 4
54 25 4 58 26 4
7 18 5 8 25 5
15 21 5 16 25 5
14 4 5 15 12 5
38 16 5 39 25 5
2 35 5 3 43 5
44 21 5 45 31 5
25 49 5 26 54 5
12 38 5 13 45 5
5 46 5 6 55 5
57 12 5 58 15 5
38 31 5 39 41 5
18 36 5 19 42 5
38 45 5 39 48 5
29 46 5 30 52 5
42 40 5 43 47 5
15 52 5 16 57 5
14 42 5 15 45 5
17 2 5 18 10 5
55 22 5 56 28 5
33 23 5 34 28 5
51 32 5 52 39 5
58 9 5 59 14 5
10 40 5 11 50 5
31 38 5 32 47 5
Net_num 161
Net_id 0
pin_num 5
2 34 0
1 29 0
10 29 0
2 16 0
0 27 0
Net_id 1
pin_num 5
50 16 0
45 27 0
40 21 0
59 7 0
53 0 0
Net_id 2
pin_num 5
40 51 0
34 51 0
13 51 0
16 51 0
35 33 0
Net_id 3
pin_num 5
54 1 0
58 1 0
31 1 0
44 21 0
21 10 0
Net_id 4
pin_num 5
13 30 0
13 41 0
1 41 0
29 32 0
22 35 0
Net_id 5
pin_num 5
12 25 0
18 22 0
1 23 0
3 39 0
15 28 0
Net_id 6
pin_num 5
30 12 0
35 14 0
31 17 0
16 12 0
16 14 0
Net_id 7
pin_num 5
38 35 0
45 29 0
43 51 0
43 9 0
46 21 0
Net_id 8
pin_num 5
26 37 0
21 35 0
21 50 0
24 44 0
9 38 0
Net_id 9
pin_num 5
26 40 0
11 40 0
27 40 0
18 29 0
1 40 0
Net_id 10
pin_num 5
13 5 0
8 19 0
9 30 0
32 15 0
48 15 0
Net_id 11
pin_num 5
41 25 0
54 20 0
59 19 0
55 35 0
45 19 0
Net_id 12
pin_num 5
41 44 0
30 44 0
31 59 0
40 50 0
33 39 0
Net_id 13
pin_num 5
9 22 0
17 16 0
17 45 0
37 20 0
12 21 0
Net_id 14
pin_num 5
54 15 0
40 17 0
49 12 0
48 18 0
48 23 0
Net_id 15
pin_num 5
49 30 0
59 32 0
46 32 0
54 40 0
58 46 0
Net_id 16
pin_num 5
43 34 0
56 30 0
59 47 0
47 53 0
39 45 0
Net_id 17
pin_num 5
51 58 0
48 59 0
49 42 0
57 50 0
50 44 0
Net_id 18
pin_num 5
8 34 0
2 38 0
1 59 0
18 59 0
1 46 0
Net_id 19
pin_num 4
54 23 0
41 16 0
41 26 0
58 22 0
Net_id 20
pin_num 4
3 45 0
11 54 0
11 34 0
7 37 0
Net_id 21
pin_num 4
43 19 0
32 16 0
50 20 0
40 14 0
Net_id 22
pin_num 4
7 10 0
13 10 0
11 24 0
10 3 0
Net_id 23
pin_num 4
4 7 0
0 10 0
2 0 0
20 0 0
Net_id 24
pin_num 4
14 15 0
13 23 0
6 21 0
16 30 0
Net_id 25
pin_num 4
41 31 0
34 45 0
18 31 0
19 44 0
Net_id 26
pin_num 4
28 19 0
25 27 0
25 38 0
39 37 0
Net_id 27
pin_num 4
5 14 0
0 6 0
23 8 0
1 21 0
Net_id 28
pin_num 4
17 31 0
10 37 0
1 31 0
15 9 0
Net_id 29
pin_num 4
36 35 0
38 38 0
56 38 0
43 52 0
Net_id 30
pin_num 4
20 15 0
28 21 0
22 33 0
16 28 0
Net_id 31
pin_num 4
19 23 0
24 34 0
8 33 0
26 29 0
Net_id 32
pin_num 4
56 53 0
59 59 0
51 40 0
52 52 0
Net_id 33
pin_num 4
36 33 0
41 34 0
39 40 0
37 27 0
Net_id 34
pin_num 4
37 30 0
48 24 0
44 50 0
14 20 0
Net_id 35
pin_num 4
2 15 0
4 13 0
7 18 0
1 5 0
Net_id 36
pin_num 4
40 46 0
38 43 0
57 48 0
45 44 0
Net_id 37
pin_num 4
17 52 0
7 59 0
12 31 0
6 59 0
Net_id 38
pin_num 4
30 49 0
24 35 0
28 35 0
14 45 0
Net_id 39
pin_num 4
46 40 0
41 41 0
32 41 0
52 41 0
Net_id 40
pin_num 3
59 38 0
55 54 0
42 59 0
Net_id 41
pin_num 3
4 25 0
2 14 0
11 36 0
Net_id 42
pin_num 3
19 13 0
16 9 0
5 25 0
Net_id 43
pin_num 3
17 18 0
31 28 0
34 42 0
Net_id 44
pin_num 3
5 19 0
7 24 0
1 11 0
Net_id 45
pin_num 3
46 57 0
40 57 0
33 58 0
Net_id 46
pin_num 3
18 36 0
6 27 0
1 4 0
Net_id 47
pin_num 3
29 21 0
34 17 0
53 2 0
Net_id 48
pin_num 3
0 24 0
8 26 0
8 17 0
Net_id 49
pin_num 3
38 15 0
33 13 0
38 12 0
Net_id 50
pin_num 3
51 10 0
29 0 0
51 7 0
Net_id 51
pin_num 3
28 27 0
35 18 0
35 2 0
Net_id 52
pin_num 3
53 25 0
49 28 0
52 42 0
Net_id 53
pin_num 3
42 28 0
57 2 0
55 15 0
Net_id 54
pin_num 3
11 29 0
27 18 0
31 11 0
Net_id 55
pin_num 3
50 40 0
47 33 0
52 33 0
Net_id 56
pin_num 3
13 3 0
33 4 0
52 4 0
Net_id 57
pin_num 3
53 20 0
47 14 0
14 14 0
Net_id 58
pin_num 3
22 48 0
34 43 0
27 34 0
Net_id 59
pin_num 3
5 28 0
3 25 0
0 35 0
Net_id 60
pin_num 3
52 57 0
43 56 0
30 58 0
Net_id 61
pin_num 3
44 44 0
32 32 0
59 46 0
Net_id 62
pin_num 3
52 6 0
35 6 0
37 24 0
Net_id 63
pin_num 3
25 52 0
35 56 0
35 32 0
Net_id 64
pin_num 3
53 40 0
53 28 0
41 47 0
Net_id 65
pin_num 3
54 38 0
30 59 0
5 47 0
Net_id 66
pin_num 3
44 38 0
56 42 0
53 24 0
Net_id 67
pin_num 3
8 42 0
13 27 0
45 31 0
Net_id 68
pin_num 3
26 53 0
45 56 0
25 41 0
Net_id 69
pin_num 3
7 11 0
2 12 0
10 12 0
Net_id 70
pin_num 3
28 47 0
14 37 0
59 30 0
Net_id 71
pin_num 3
9 39 0
12 26 0
21 0 0
Net_id 72
pin_num 3
6 37 0
5 59 0
16 58 0
Net_id 73
pin_num 3
52 21 0
59 22 0
36 22 0
Net_id 74
pin_num 3
40 16 0
33 18 0
29 17 0
Net_id 75
pin_num 3
20 41 0
26 24 0
19 34 0
Net_id 76
pin_num 3
26 45 0
36 34 0
8 38 0
Net_id 77
pin_num 3
52 13 0
48 12 0
32 2 0
Net_id 78
pin_num 3
15 48 0
25 39 0
20 44 0
Net_id 79
pin_num 2
43 53 0
24 57 0
Net_id 80
pin_num 2
35 7 0
17 2 0
Net_id 81
pin_num 2
49 48 0
57 57 0
Net_id 82
pin_num 2
19 57 0
13 26 0
Net_id 83
pin_num 2
8 59 0
16 44 0
Net_id 84
pin_num 2
15 53 0
5 57 0
Net_id 85
pin_num 2
43 0 0
45 8 0
Net_id 86
pin_num 2
58 8 0
49 10 0
Net_id 87
pin_num 2
30 47 0
38 57 0
Net_id 88
pin_num 2
17 23 0
14 24 0
Net_id 89
pin_num 2
26 56 0
21 59 0
Net_id 90
pin_num 2
9 18 0
0 3 0
Net_id 91
pin_num 2
54 4 0
51 26 0
Net_id 92
pin_num 2
19 10 0
16 17 0
Net_id 93
pin_num 2
14 43 0
19 42 0
Net_id 94
pin_num 2
35 39 0
56 27 0
Net_id 95
pin_num 2
2 9 0
7 5 0
Net_id 96
pin_num 2
15 12 0
12 4 0
Net_id 97
pin_num 2
32 36 0
51 36 0
Net_id 98
pin_num 2
20 3 0
38 13 0
Net_id 99
pin_num 2
34 9 0
39 18 0
Net_id 100
pin_num 2
23 10 0
29 2 0
Net_id 101
pin_num 2
34 54 0
56 57 0
Net_id 102
pin_num 2
42 22 0
58 16 0
Net_id 103
pin_num 2
38 20 0
54 30 0
Net_id 104
pin_num 2
18 34 0
5 36 0
Net_id 105
pin_num 2
45 43 0
27 26 0
Net_id 106
pin_num 2
1 12 0
8 11 0
Net_id 107
pin_num 2
17 6 0
14 10 0
Net_id 108
pin_num 2
23 26 0
13 43 0
Net_id 109
pin_num 2
59 25 0
42 37 0
Net_id 110
pin_num 2
20 52 0
38 55 0
Net_id 111
pin_num 2
50 13 0
46 14 0
Net_id 112
pin_num 2
9 9 0
3 41 0
Net_id 113
pin_num 2
16 3 0
26 13 0
Net_id 114
pin_num 2
0 55 0
21 56 0
Net_id 115
pin_num 2
14 41 0
26 54 0
Net_id 116
pin_num 2
7 51 0
9 34 0
Net_id 117
pin_num 2
29 54 0
36 43 0
Net_id 118
pin_num 2
36 38 0
22 44 0
Net_id 119
pin_num 2
36 28 0
21 30 0
Net_id 120
pin_num 2
13 11 0
18 2 0
Net_id 121
pin_num 2
20 2 0
24 8 0
Net_id 122
pin_num 2
58 26 0
51 55 0
Net_id 123
pin_num 2
19 9 0
12 3 0
Net_id 124
pin_num 2
25 54 0
14 42 0
Net_id 125
pin_num 2
28 50 0
22 43 0
Net_id 126
pin_num 2
3 49 0
1 52 0
Net_id 127
pin_num 2
11 46 0
19 58 0
Net_id 128
pin_num 2
16 5 0
9 16 0
Net_id 129
pin_num 2
58 34 0
44 51 0
Net_id 130
pin_num 2
6 26 0
4 30 0
Net_id 131
pin_num 2
7 43 0
1 42 0
Net_id 132
pin_num 2
1 44 0
17 57 0
Net_id 133
pin_num 2
44 18 0
59 48 0
Net_id 134
pin_num 2
22 57 0
14 44 0
Net_id 135
pin_num 2
9 8 0
26 17 0
Net_id 136
pin_num 2
10 4 0
0 2 0
Net_id 137
pin_num 2
53 42 0
56 44 0
Net_id 138
pin_num 2
15 19 0
12 20 0
Net_id 139
pin_num 2
55 13 0
47 21 0
Net_id 140
pin_num 2
7 31 0
19 19 0
Net_id 141
pin_num 2
33 50 0
29 25 0
Net_id 142
pin_num 2
12 23 0
18 27 0
Net_id 143
pin_num 2
10 43 0
16 55 0
Net_id 144
pin_num 2
59 17 0
40 9 0
Net_id 145
pin_num 2
6 31 0
4 41 0
Net_id 146
pin_num 2
25 21 0
34 48 0
Net_id 147
pin_num 2
42 49 0
19 52 0
Net_id 148
pin_num 2
35 27 0
27 35 0
Net_id 149
pin_num 2
18 16 0
27 27 0
Net_id 150
pin_num 2
58 11 0
44 23 0
Net_id 151
pin_num 2
56 48 0
35 30 0
Net_id 152
pin_num 2
54 31 0
57 49 0
Net_id 153
pin_num 2
9 21 0
5 10 0
Net_id 154
pin_num 2
32 54 0
58 30 0
Net_id 155
pin_num 2
55 29 0
47 56 0
Net_id 156
pin_num 2
32 23 0
37 23 0
Net_id 157
pin_num 2
48 3 0
58 3 0
Net_id 158
pin_num 2
49 33 0
40 2 0
Net_id 159
pin_num 2
8 3 0
4 10 0
Net_id 160
pin_num 2
39 3 0
41 0 0
