Width 60
Height 60
Layer 6
Total_WL 6691
Obstacle_num 144
46 42 0 54 43 0
33 14 0 39 15 0
22 28 0 31 29 0
10 9 0 17 10 0
3 23 0 10 24 0
4 6 0 8 7 0
22 35 0 29 36 0
34 3 0 43 4 0
48 53 0 51 54 0
15 16 0 22 17 0
13 30 0 22 31 0
31 26 0 38 27 0
29 47 0 33 48 0
45 6 0 53 7 0
52 57 0 59 58 0
32 48 0 35 49 0
1 21 0 9 22 0
24 41 0 29 42 0
30 58 0 38 59 0
3 3 0 8 4 0
33 39 0 37 40 0
11 38 0 14 39 0
42 22 0 49 23 0
6 26 0 13 27 0
1 7 1 2 13 1
25 6 1 26 9 1
8 51 1 9 58 1
31 33 1 32 36 1
2 15 1 3 18 1
11 35 1 12 40 1
24 1 1 25 9 1
31 14 1 32 18 1
50 5 1 51 9 1
49 11 1 50 21 1
32 6 1 33 14 1
33 36 1 34 44 1
22 34 1 23 42 1
6 6 1 7 12 1
52 44 1 53 52 1
15 19 1 16 22 1
27 9 1 28 18 1
31 3 1 32 13 1
18 27 1 19 32 1
41 13 1 42 18 1
35 4 1 36 10 1
17 20 1 18 27 1
15 27 1 16 37 1
12 31 1 13 40 1
10 36 2 15 37 2
39 6 2 48 7 2
45 15 2 51 16 2
40 19 2 48 20 2
51 22 2 56 23 2
11 5 2 20 6 2
13 24 2 20 25 2
42 47 2 52 48 2
26 31 2 36 32 2
27 48 2 34 49 2
18 36 2 27 37 2
17 9 2 21 10 2
33 25 2 40 26 2
3 33 2 13 34 2
34 13 2 37 14 2
3 50 2 13 51 2
45 11 2 50 12 2
40 1 2 44 2 2
18 18 2 27 19 2
3 3 2 8 4 2
35 55 2 40 56 2
45 14 2 51 15 2
6 17 2 13 18 2
51 27 2 59 28 2
32 39 3 33 44 3
33 24 3 34 32 3
21 9 3 22 17 3
10 0 3 11 9 3
39 30 3 40 35 3
48 5 3 49 12 3
41 9 3 42 18 3
41 30 3 42 40 3
2 26 3 3 31 3
55 1 3 56 9 3
40 50 3 41 59 3
13 34 3 14 43 3
7 3 3 8 12 3
15 28 3 16 31 3
44 18 3 45 23 3
56 29 3 57 36 3
42 15 3 43 23 3
38 5 3 39 11 3
48 24 3 49 30 3
35 47 3 36 55 3
6 38 3 7 48 3
51 4 3 52 13 3
23 7 3 24 14 3
25 48 3 26 51 3
43 45 4 48 46 4
16 43 4 20 44 4
16 55 4 26 56 4
23 57 4 30 58 4
39 8 4 44 9 4
48 49 4 54 50 4
20 49 4 28 50 4
19 52 4 29 53 4
23 48 4 33 49 4
27 46 4 37 47 4
5 36 4 8 37 4
10 5 4 15 6 4
15 12 4 25 13 4
31 28 4 35 29 4
34 55 4 44 56 4
27 17 4 30 18 4
51 31 4 58 32 4
47 43 4 52 44 4
45 44 4 52 45 4
17 26 4 25 27 4
35 50 4 42 51 4
11 17 4 20 18 4
19 57 4 23 58 4
49 29 4 57 30 4
38 35 5 39 41 5
17 9 5 18 18 5
5 10 5 6 13 5
51 36 5 52 41 5
12 7 5 13 11 5
27 44 5 28 49 5
27 14 5 28 21 5
51 14 5 52 22 5
16 38 5 17 46 5
35 18 5 36 25 5
46 7 5 47 10 5
20 3 5 21 10 5
40 33 5 41 36 5
44 7 5 45 13 5
5 16 5 6 26 5
43 5 5 44 8 5
6 37 5 7 43 5
44 50 5 45 55 5
45 42 5 46 47 5
36 16 5 37 21 5
19 2 5 20 12 5
47 51 5 48 55 5
5 43 5 6 49 5
55 9 5 56 12 5
Net_num 161
Net_id 0
pin_num 5
4 36 0
11 41 0
10 29 0
34 41 0
0 40 0
Net_id 1
pin_num 5
3 29 0
8 18 0
25 21 0
19 0 0
0 39 0
Net_id 2
pin_num 5
44 59 0
38 59 0
32 59 0
42 47 0
37 46 0
Net_id 3
pin_num 5
23 19 0
19 19 0
21 0 0
12 16 0
12 12 0
Net_id 4
pin_num 5
43 52 0
40 51 0
18 52 0
28 36 0
23 59 0
Net_id 5
pin_num 5
45 21 0
48 14 0
27 16 0
40 28 0
59 20 0
Net_id 6
pin_num 5
13 14 0
5 7 0
5 19 0
13 0 0
0 15 0
Net_id 7
pin_num 5
5 47 0
18 42 0
15 43 0
15 25 0
4 41 0
Net_id 8
pin_num 5
31 39 0
25 26 0
50 35 0
30 54 0
19 41 0
Net_id 9
pin_num 5
6 41 0
3 52 0
17 46 0
14 37 0
34 37 0
Net_id 10
pin_num 5
23 49 0
36 46 0
45 59 0
54 42 0
41 42 0
Net_id 11
pin_num 5
48 12 0
51 8 0
42 10 0
51 22 0
50 32 0
Net_id 12
pin_num 5
7 52 0
1 59 0
9 46 0
9 56 0
4 37 0
Net_id 13
pin_num 5
18 47 0
20 39 0
26 47 0
19 59 0
44 52 0
Net_id 14
pin_num 5
0 58 0
6 57 0
2 40 0
7 58 0
1 53 0
Net_id 15
pin_num 5
30 40 0
37 38 0
32 49 0
27 53 0
53 38 0
Net_id 16
pin_num 5
46 33 0
35 40 0
23 40 0
43 46 0
38 29 0
Net_id 17
pin_num 5
12 8 0
20 1 0
1 13 0
30 8 0
9 0 0
Net_id 18
pin_num 5
13 33 0
8 34 0
18 34 0
29 34 0
23 27 0
Net_id 19
pin_num 4
18 36 0
44 32 0
35 11 0
26 27 0
Net_id 20
pin_num 4
23 13 0
10 12 0
20 0 0
16 7 0
Net_id 21
pin_num 4
7 35 0
24 38 0
22 55 0
23 20 0
Net_id 22
pin_num 4
14 23 0
20 23 0
10 25 0
20 14 0
Net_id 23
pin_num 4
43 29 0
34 18 0
41 30 0
35 17 0
Net_id 24
pin_num 4
16 48 0
9 48 0
21 44 0
12 42 0
Net_id 25
pin_num 4
45 25 0
39 23 0
45 29 0
47 24 0
Net_id 26
pin_num 4
4 11 0
1 1 0
15 1 0
15 15 0
Net_id 27
pin_num 4
11 17 0
18 20 0
13 39 0
16 46 0
Net_id 28
pin_num 4
19 54 0
29 32 0
33 51 0
32 38 0
Net_id 29
pin_num 4
22 31 0
42 30 0
48 34 0
43 26 0
Net_id 30
pin_num 4
9 50 0
28 51 0
26 26 0
13 15 0
Net_id 31
pin_num 4
32 35 0
32 27 0
31 20 0
45 36 0
Net_id 32
pin_num 4
16 0 0
32 4 0
10 8 0
9 1 0
Net_id 33
pin_num 4
49 24 0
59 22 0
49 28 0
43 17 0
Net_id 34
pin_num 4
0 0 0
8 7 0
16 2 0
22 4 0
Net_id 35
pin_num 4
14 33 0
25 32 0
28 25 0
27 44 0
Net_id 36
pin_num 4
7 24 0
12 28 0
11 18 0
0 17 0
Net_id 37
pin_num 4
9 15 0
5 18 0
5 15 0
1 0 0
Net_id 38
pin_num 4
26 3 0
43 0 0
16 3 0
42 1 0
Net_id 39
pin_num 3
51 26 0
59 31 0
48 20 0
Net_id 40
pin_num 3
46 52 0
57 55 0
59 52 0
Net_id 41
pin_num 3
14 5 0
4 10 0
3 24 0
Net_id 42
pin_num 3
46 24 0
31 53 0
40 11 0
Net_id 43
pin_num 3
2 27 0
10 27 0
5 51 0
Net_id 44
pin_num 3
6 25 0
17 32 0
10 46 0
Net_id 45
pin_num 3
57 33 0
48 29 0
31 30 0
Net_id 46
pin_num 3
31 35 0
26 42 0
36 15 0
Net_id 47
pin_num 3
10 22 0
14 26 0
1 39 0
Net_id 48
pin_num 3
33 54 0
41 47 0
21 40 0
Net_id 49
pin_num 3
41 57 0
38 58 0
20 57 0
Net_id 50
pin_num 3
52 18 0
58 22 0
55 34 0
Net_id 51
pin_num 3
47 55 0
35 53 0
47 37 0
Net_id 52
pin_num 3
18 43 0
14 56 0
1 47 0
Net_id 53
pin_num 3
7 29 0
17 47 0
3 59 0
Net_id 54
pin_num 3
7 55 0
21 59 0
32 45 0
Net_id 55
pin_num 3
35 46 0
23 46 0
45 31 0
Net_id 56
pin_num 3
5 42 0
10 43 0
7 57 0
Net_id 57
pin_num 3
33 11 0
37 17 0
44 14 0
Net_id 58
pin_num 3
48 13 0
58 25 0
49 27 0
Net_id 59
pin_num 3
27 58 0
5 59 0
28 58 0
Net_id 60
pin_num 3
26 44 0
13 52 0
24 50 0
Net_id 61
pin_num 3
45 37 0
54 41 0
52 29 0
Net_id 62
pin_num 3
7 56 0
3 54 0
11 59 0
Net_id 63
pin_num 3
45 54 0
44 58 0
34 57 0
Net_id 64
pin_num 3
11 30 0
22 17 0
31 29 0
Net_id 65
pin_num 3
55 41 0
53 32 0
53 7 0
Net_id 66
pin_num 3
20 25 0
29 25 0
19 38 0
Net_id 67
pin_num 3
20 43 0
29 29 0
22 30 0
Net_id 68
pin_num 3
35 12 0
20 11 0
1 15 0
Net_id 69
pin_num 3
8 16 0
14 3 0
11 29 0
Net_id 70
pin_num 3
30 48 0
19 48 0
26 38 0
Net_id 71
pin_num 3
36 37 0
48 39 0
54 56 0
Net_id 72
pin_num 3
41 13 0
30 23 0
58 16 0
Net_id 73
pin_num 3
28 19 0
35 2 0
25 39 0
Net_id 74
pin_num 3
46 49 0
39 45 0
53 46 0
Net_id 75
pin_num 3
17 48 0
24 56 0
17 59 0
Net_id 76
pin_num 3
34 56 0
24 57 0
3 53 0
Net_id 77
pin_num 3
44 11 0
55 35 0
48 18 0
Net_id 78
pin_num 3
49 31 0
29 58 0
47 56 0
Net_id 79
pin_num 3
50 1 0
57 8 0
46 4 0
Net_id 80
pin_num 2
16 45 0
3 26 0
Net_id 81
pin_num 2
5 55 0
15 49 0
Net_id 82
pin_num 2
55 46 0
56 42 0
Net_id 83
pin_num 2
19 47 0
22 49 0
Net_id 84
pin_num 2
47 34 0
32 36 0
Net_id 85
pin_num 2
19 56 0
36 51 0
Net_id 86
pin_num 2
17 29 0
29 24 0
Net_id 87
pin_num 2
21 21 0
16 26 0
Net_id 88
pin_num 2
34 8 0
40 8 0
Net_id 89
pin_num 2
13 42 0
28 33 0
Net_id 90
pin_num 2
26 0 0
18 11 0
Net_id 91
pin_num 2
52 47 0
59 47 0
Net_id 92
pin_num 2
0 8 0
10 21 0
Net_id 93
pin_num 2
29 5 0
39 5 0
Net_id 94
pin_num 2
4 5 0
7 12 0
Net_id 95
pin_num 2
47 20 0
37 20 0
Net_id 96
pin_num 2
0 48 0
22 32 0
Net_id 97
pin_num 2
37 39 0
44 39 0
Net_id 98
pin_num 2
18 55 0
2 44 0
Net_id 99
pin_num 2
8 3 0
17 7 0
Net_id 100
pin_num 2
50 26 0
45 18 0
Net_id 101
pin_num 2
44 3 0
32 25 0
Net_id 102
pin_num 2
43 7 0
48 15 0
Net_id 103
pin_num 2
56 25 0
57 29 0
Net_id 104
pin_num 2
35 50 0
10 52 0
Net_id 105
pin_num 2
13 19 0
23 14 0
Net_id 106
pin_num 2
45 28 0
53 24 0
Net_id 107
pin_num 2
59 12 0
52 8 0
Net_id 108
pin_num 2
28 32 0
14 22 0
Net_id 109
pin_num 2
51 28 0
57 22 0
Net_id 110
pin_num 2
30 19 0
45 26 0
Net_id 111
pin_num 2
21 29 0
5 25 0
Net_id 112
pin_num 2
30 22 0
44 15 0
Net_id 113
pin_num 2
9 9 0
5 20 0
Net_id 114
pin_num 2
16 28 0
21 28 0
Net_id 115
pin_num 2
40 50 0
55 44 0
Net_id 116
pin_num 2
40 10 0
4 7 0
Net_id 117
pin_num 2
10 39 0
2 38 0
Net_id 118
pin_num 2
19 27 0
4 32 0
Net_id 119
pin_num 2
19 44 0
19 53 0
Net_id 120
pin_num 2
59 30 0
54 30 0
Net_id 121
pin_num 2
14 27 0
2 43 0
Net_id 122
pin_num 2
50 57 0
59 48 0
Net_id 123
pin_num 2
59 58 0
38 26 0
Net_id 124
pin_num 2
46 5 0
59 8 0
Net_id 125
pin_num 2
26 19 0
6 5 0
Net_id 126
pin_num 2
8 36 0
20 31 0
Net_id 127
pin_num 2
25 2 0
36 9 0
Net_id 128
pin_num 2
54 2 0
32 0 0
Net_id 129
pin_num 2
49 49 0
57 52 0
Net_id 130
pin_num 2
54 22 0
56 17 0
Net_id 131
pin_num 2
14 47 0
1 38 0
Net_id 132
pin_num 2
4 43 0
9 41 0
Net_id 133
pin_num 2
15 5 0
18 6 0
Net_id 134
pin_num 2
19 32 0
33 47 0
Net_id 135
pin_num 2
22 14 0
32 14 0
Net_id 136
pin_num 2
45 48 0
41 48 0
Net_id 137
pin_num 2
7 7 0
16 36 0
Net_id 138
pin_num 2
18 53 0
13 54 0
Net_id 139
pin_num 2
38 27 0
47 27 0
Net_id 140
pin_num 2
8 5 0
10 5 0
Net_id 141
pin_num 2
47 58 0
38 28 0
Net_id 142
pin_num 2
55 50 0
58 37 0
Net_id 143
pin_num 2
57 20 0
52 0 0
Net_id 144
pin_num 2
23 6 0
30 9 0
Net_id 145
pin_num 2
1 10 0
8 1 0
Net_id 146
pin_num 2
43 56 0
55 52 0
Net_id 147
pin_num 2
39 55 0
47 26 0
Net_id 148
pin_num 2
18 45 0
7 30 0
Net_id 149
pin_num 2
54 20 0
49 36 0
Net_id 150
pin_num 2
27 5 0
6 1 0
Net_id 151
pin_num 2
42 38 0
37 35 0
Net_id 152
pin_num 2
3 25 0
7 41 0
Net_id 153
pin_num 2
36 28 0
38 23 0
Net_id 154
pin_num 2
40 24 0
34 23 0
Net_id 155
pin_num 2
27 13 0
32 13 0
Net_id 156
pin_num 2
38 7 0
12 18 0
Net_id 157
pin_num 2
8 52 0
19 55 0
Net_id 158
pin_num 2
28 49 0
49 57 0
Net_id 159
pin_num 2
42 37 0
59 11 0
Net_id 160
pin_num 2
21 38 0
16 22 0
