Width 60
Height 60
Layer 6
Total_WL 7001
Obstacle_num 144
47 23 0 50 24 0
37 51 0 46 52 0
42 16 0 46 17 0
38 56 0 43 57 0
31 7 0 39 8 0
43 33 0 53 34 0
47 39 0 51 40 0
6 2 0 15 3 0
27 52 0 35 53 0
41 36 0 50 37 0
32 54 0 40 55 0
3 26 0 9 27 0
28 56 0 32 57 0
28 12 0 31 13 0
50 51 0 54 52 0
11 20 0 20 21 0
37 9 0 43 10 0
15 15 0 21 16 0
10 28 0 15 29 0
15 4 0 18 5 0
6 24 0 10 25 0
20 0 0 24 1 0
1 49 0 9 50 0
36 6 0 39 7 0
15 37 1 16 44 1
7 14 1 8 22 1
8 41 1 9 51 1
58 14 1 59 19 1
28 14 1 29 19 1
29 3 1 30 10 1
9 5 1 10 9 1
56 18 1 57 27 1
15 22 1 16 27 1
2 48 1 3 52 1
42 3 1 43 8 1
18 7 1 19 10 1
24 16 1 25 20 1
46 21 1 47 24 1
8 7 1 9 13 1
33 9 1 34 13 1
0 36 1 1 39 1
47 7 1 48 12 1
42 17 1 43 25 1
53 2 1 54 12 1
37 45 1 38 48 1
19 40 1 20 49 1
47 14 1 48 21 1
30 47 1 31 52 1
33 27 2 42 28 2
2 38 2 11 39 2
21 37 2 26 38 2
55 48 2 58 49 2
31 37 2 34 38 2
30 8 2 35 9 2
14 7 2 19 8 2
0 35 2 3 36 2
24 14 2 32 15 2
16 51 2 23 52 2
3 58 2 9 59 2
53 4 2 59 5 2
19 58 2 29 59 2
7 44 2 10 45 2
39 22 2 43 23 2
31 25 2 40 26 2
9 20 2 14 21 2
5 45 2 8 46 2
44 1 2 48 2 2
21 39 2 24 40 2
24 39 2 31 40 2
47 40 2 51 41 2
14 33 2 17 34 2
42 14 2 49 15 2
22 29 3 23 39 3
55 24 3 56 28 3
56 20 3 57 29 3
32 1 3 33 4 3
29 21 3 30 24 3
10 44 3 11 51 3
43 16 3 44 25 3
5 47 3 6 54 3
44 23 3 45 29 3
50 4 3 51 8 3
58 37 3 59 43 3
51 27 3 52 33 3
23 5 3 24 11 3
33 14 3 34 18 3
44 44 3 45 52 3
33 54 3 34 59 3
34 27 3 35 35 3
4 37 3 5 45 3
52 11 3 53 19 3
9 38 3 10 47 3
46 12 3 47 19 3
2 5 3 3 13 3
10 0 3 11 6 3
30 12 3 31 20 3
32 0 4 36 1 4
16 44 4 21 45 4
9 49 4 13 50 4
30 24 4 37 25 4
1 26 4 10 27 4
11 36 4 15 37 4
15 13 4 23 14 4
36 21 4 42 22 4
25 41 4 28 42 4
13 33 4 23 34 4
44 42 4 54 43 4
32 5 4 41 6 4
1 13 4 11 14 4
37 28 4 44 29 4
11 55 4 17 56 4
2 40 4 7 41 4
38 15 4 46 16 4
45 53 4 53 54 4
46 49 4 54 50 4
30 9 4 35 10 4
45 23 4 55 24 4
40 39 4 49 40 4
10 51 4 16 52 4
1 15 4 8 16 4
42 2 5 43 11 5
13 38 5 14 45 5
26 40 5 27 49 5
4 34 5 5 39 5
40 38 5 41 42 5
15 25 5 16 31 5
5 55 5 6 59 5
14 40 5 15 47 5
38 4 5 39 8 5
56 47 5 57 51 5
46 42 5 47 50 5
35 50 5 36 59 5
23 17 5 24 21 5
50 32 5 51 42 5
47 18 5 48 21 5
3 24 5 4 32 5
53 16 5 54 25 5
48 38 5 49 44 5
2 14 5 3 23 5
50 45 5 51 49 5
20 30 5 21 33 5
43 23 5 44 30 5
56 32 5 57 39 5
29 18 5 30 22 5
Net_num 160
Net_id 0
pin_num 5
41 25 0
47 25 0
17 25 0
32 6 0
49 8 0
Net_id 1
pin_num 5
36 59 0
21 59 0
25 54 0
26 55 0
17 59 0
Net_id 2
pin_num 5
59 50 0
54 43 0
54 23 0
36 47 0
59 24 0
Net_id 3
pin_num 5
22 31 0
20 31 0
8 31 0
16 26 0
21 29 0
Net_id 4
pin_num 5
21 36 0
18 37 0
18 14 0
8 29 0
9 23 0
Net_id 5
pin_num 5
53 7 0
51 21 0
35 10 0
39 20 0
47 29 0
Net_id 6
pin_num 5
16 40 0
37 39 0
26 39 0
28 26 0
25 59 0
Net_id 7
pin_num 5
45 5 0
34 5 0
51 0 0
43 21 0
48 24 0
Net_id 8
pin_num 5
49 55 0
59 49 0
50 43 0
46 53 0
55 49 0
Net_id 9
pin_num 5
25 5 0
19 0 0
40 6 0
35 6 0
38 19 0
Net_id 10
pin_num 5
58 22 0
58 6 0
59 14 0
45 12 0
44 9 0
Net_id 11
pin_num 5
50 20 0
52 34 0
44 31 0
49 22 0
30 23 0
Net_id 12
pin_num 5
8 43 0
14 50 0
34 50 0
33 37 0
23 49 0
Net_id 13
pin_num 5
30 8 0
21 11 0
22 30 0
42 28 0
31 32 0
Net_id 14
pin_num 5
49 45 0
53 54 0
42 49 0
48 59 0
40 32 0
Net_id 15
pin_num 5
4 12 0
7 6 0
9 13 0
6 25 0
2 22 0
Net_id 16
pin_num 5
56 33 0
51 25 0
59 41 0
53 53 0
43 42 0
Net_id 17
pin_num 5
49 26 0
58 30 0
44 19 0
40 29 0
41 13 0
Net_id 18
pin_num 5
0 5 0
7 5 0
5 0 0
5 15 0
14 13 0
Net_id 19
pin_num 5
3 19 0
0 20 0
1 12 0
15 18 0
10 32 0
Net_id 20
pin_num 4
10 10 0
15 1 0
11 19 0
24 15 0
Net_id 21
pin_num 4
50 23 0
57 14 0
56 7 0
46 7 0
Net_id 22
pin_num 4
17 9 0
34 10 0
52 10 0
37 31 0
Net_id 23
pin_num 4
1 0 0
4 7 0
6 0 0
16 2 0
Net_id 24
pin_num 4
1 54 0
6 53 0
0 50 0
0 52 0
Net_id 25
pin_num 4
38 39 0
46 40 0
56 40 0
47 22 0
Net_id 26
pin_num 4
11 25 0
0 21 0
1 36 0
13 35 0
Net_id 27
pin_num 4
56 37 0
51 41 0
32 41 0
43 40 0
Net_id 28
pin_num 4
6 14 0
19 18 0
14 25 0
20 20 0
Net_id 29
pin_num 4
7 58 0
10 54 0
1 42 0
4 59 0
Net_id 30
pin_num 4
29 54 0
35 57 0
57 57 0
34 46 0
Net_id 31
pin_num 4
45 34 0
37 19 0
59 19 0
50 15 0
Net_id 32
pin_num 4
51 54 0
42 54 0
16 59 0
27 49 0
Net_id 33
pin_num 4
30 43 0
23 48 0
35 56 0
26 26 0
Net_id 34
pin_num 4
51 2 0
53 13 0
34 1 0
56 16 0
Net_id 35
pin_num 4
15 26 0
0 23 0
7 30 0
20 19 0
Net_id 36
pin_num 4
51 45 0
59 27 0
40 36 0
46 48 0
Net_id 37
pin_num 4
38 50 0
25 47 0
36 53 0
31 42 0
Net_id 38
pin_num 4
15 0 0
3 12 0
31 9 0
12 13 0
Net_id 39
pin_num 4
31 58 0
34 51 0
21 51 0
54 52 0
Net_id 40
pin_num 3
28 14 0
21 34 0
38 24 0
Net_id 41
pin_num 3
38 58 0
55 47 0
45 59 0
Net_id 42
pin_num 3
43 14 0
27 18 0
37 0 0
Net_id 43
pin_num 3
58 12 0
54 11 0
40 13 0
Net_id 44
pin_num 3
3 11 0
5 31 0
27 17 0
Net_id 45
pin_num 3
56 42 0
39 45 0
50 28 0
Net_id 46
pin_num 3
42 24 0
39 26 0
15 21 0
Net_id 47
pin_num 3
26 0 0
41 6 0
39 29 0
Net_id 48
pin_num 3
57 29 0
46 44 0
26 44 0
Net_id 49
pin_num 3
26 4 0
36 9 0
45 18 0
Net_id 50
pin_num 3
21 6 0
31 22 0
9 10 0
Net_id 51
pin_num 3
25 15 0
25 22 0
44 17 0
Net_id 52
pin_num 3
7 42 0
8 30 0
10 7 0
Net_id 53
pin_num 3
4 50 0
11 32 0
12 49 0
Net_id 54
pin_num 3
23 58 0
15 59 0
21 37 0
Net_id 55
pin_num 3
42 48 0
32 49 0
59 51 0
Net_id 56
pin_num 3
50 11 0
57 30 0
51 30 0
Net_id 57
pin_num 3
42 35 0
54 45 0
19 38 0
Net_id 58
pin_num 3
37 27 0
18 12 0
10 13 0
Net_id 59
pin_num 3
22 22 0
27 20 0
21 28 0
Net_id 60
pin_num 3
25 37 0
34 43 0
31 59 0
Net_id 61
pin_num 3
51 8 0
49 15 0
49 2 0
Net_id 62
pin_num 3
20 54 0
24 49 0
11 34 0
Net_id 63
pin_num 3
14 8 0
1 4 0
3 9 0
Net_id 64
pin_num 3
54 50 0
37 47 0
32 57 0
Net_id 65
pin_num 3
21 41 0
30 42 0
9 33 0
Net_id 66
pin_num 3
38 35 0
42 43 0
51 39 0
Net_id 67
pin_num 3
34 55 0
24 55 0
8 52 0
Net_id 68
pin_num 3
4 45 0
0 42 0
12 39 0
Net_id 69
pin_num 3
11 45 0
19 57 0
4 46 0
Net_id 70
pin_num 3
40 7 0
55 11 0
59 2 0
Net_id 71
pin_num 3
36 35 0
34 40 0
18 38 0
Net_id 72
pin_num 3
30 3 0
11 0 0
17 8 0
Net_id 73
pin_num 3
15 32 0
4 11 0
20 5 0
Net_id 74
pin_num 3
22 26 0
15 46 0
7 46 0
Net_id 75
pin_num 3
40 2 0
26 5 0
44 11 0
Net_id 76
pin_num 3
46 49 0
51 38 0
45 32 0
Net_id 77
pin_num 3
21 12 0
33 26 0
24 4 0
Net_id 78
pin_num 3
28 47 0
26 31 0
48 25 0
Net_id 79
pin_num 3
11 9 0
2 27 0
7 40 0
Net_id 80
pin_num 3
7 15 0
19 34 0
20 41 0
Net_id 81
pin_num 2
12 24 0
19 30 0
Net_id 82
pin_num 2
3 3 0
13 12 0
Net_id 83
pin_num 2
10 33 0
13 34 0
Net_id 84
pin_num 2
20 4 0
31 16 0
Net_id 85
pin_num 2
17 24 0
22 5 0
Net_id 86
pin_num 2
47 59 0
35 45 0
Net_id 87
pin_num 2
54 15 0
52 23 0
Net_id 88
pin_num 2
42 17 0
23 4 0
Net_id 89
pin_num 2
24 29 0
44 58 0
Net_id 90
pin_num 2
1 21 0
10 34 0
Net_id 91
pin_num 2
51 56 0
55 53 0
Net_id 92
pin_num 2
57 18 0
32 27 0
Net_id 93
pin_num 2
16 44 0
14 36 0
Net_id 94
pin_num 2
27 2 0
44 12 0
Net_id 95
pin_num 2
32 36 0
25 34 0
Net_id 96
pin_num 2
3 46 0
12 38 0
Net_id 97
pin_num 2
19 19 0
16 32 0
Net_id 98
pin_num 2
55 58 0
19 39 0
Net_id 99
pin_num 2
7 39 0
18 43 0
Net_id 100
pin_num 2
45 2 0
29 17 0
Net_id 101
pin_num 2
11 49 0
10 53 0
Net_id 102
pin_num 2
8 58 0
15 51 0
Net_id 103
pin_num 2
37 4 0
47 4 0
Net_id 104
pin_num 2
14 11 0
20 8 0
Net_id 105
pin_num 2
23 15 0
11 30 0
Net_id 106
pin_num 2
36 34 0
37 36 0
Net_id 107
pin_num 2
38 15 0
55 31 0
Net_id 108
pin_num 2
47 11 0
41 0 0
Net_id 109
pin_num 2
9 56 0
18 48 0
Net_id 110
pin_num 2
24 44 0
37 49 0
Net_id 111
pin_num 2
27 26 0
41 42 0
Net_id 112
pin_num 2
50 25 0
24 33 0
Net_id 113
pin_num 2
10 11 0
3 29 0
Net_id 114
pin_num 2
47 1 0
57 3 0
Net_id 115
pin_num 2
52 58 0
56 54 0
Net_id 116
pin_num 2
6 29 0
1 9 0
Net_id 117
pin_num 2
14 57 0
3 37 0
Net_id 118
pin_num 2
22 33 0
38 36 0
Net_id 119
pin_num 2
55 43 0
42 33 0
Net_id 120
pin_num 2
55 20 0
52 21 0
Net_id 121
pin_num 2
43 59 0
28 24 0
Net_id 122
pin_num 2
18 23 0
12 22 0
Net_id 123
pin_num 2
23 26 0
46 2 0
Net_id 124
pin_num 2
31 48 0
8 57 0
Net_id 125
pin_num 2
9 57 0
20 48 0
Net_id 126
pin_num 2
45 56 0
57 45 0
Net_id 127
pin_num 2
21 39 0
36 55 0
Net_id 128
pin_num 2
40 20 0
50 18 0
Net_id 129
pin_num 2
45 21 0
38 16 0
Net_id 130
pin_num 2
44 55 0
57 42 0
Net_id 131
pin_num 2
56 39 0
53 25 0
Net_id 132
pin_num 2
48 48 0
57 56 0
Net_id 133
pin_num 2
25 57 0
17 48 0
Net_id 134
pin_num 2
7 45 0
14 39 0
Net_id 135
pin_num 2
20 28 0
9 47 0
Net_id 136
pin_num 2
5 13 0
19 24 0
Net_id 137
pin_num 2
40 49 0
18 44 0
Net_id 138
pin_num 2
0 24 0
11 27 0
Net_id 139
pin_num 2
40 11 0
22 16 0
Net_id 140
pin_num 2
15 5 0
2 1 0
Net_id 141
pin_num 2
48 58 0
42 46 0
Net_id 142
pin_num 2
0 7 0
11 1 0
Net_id 143
pin_num 2
45 26 0
33 16 0
Net_id 144
pin_num 2
16 46 0
35 37 0
Net_id 145
pin_num 2
14 49 0
19 49 0
Net_id 146
pin_num 2
46 37 0
34 41 0
Net_id 147
pin_num 2
23 55 0
9 54 0
Net_id 148
pin_num 2
9 44 0
0 44 0
Net_id 149
pin_num 2
10 23 0
2 28 0
Net_id 150
pin_num 2
34 56 0
30 46 0
Net_id 151
pin_num 2
56 48 0
59 42 0
Net_id 152
pin_num 2
48 49 0
51 59 0
Net_id 153
pin_num 2
40 26 0
55 8 0
Net_id 154
pin_num 2
52 5 0
57 10 0
Net_id 155
pin_num 2
36 56 0
18 46 0
Net_id 156
pin_num 2
5 25 0
1 40 0
Net_id 157
pin_num 2
0 16 0
24 17 0
Net_id 158
pin_num 2
2 56 0
7 53 0
Net_id 159
pin_num 2
8 51 0
5 37 0
