Width 60
Height 60
Layer 6
Total_WL 6471
Obstacle_num 144
33 42 0 38 43 0
9 22 0 14 23 0
42 21 0 45 22 0
21 7 0 30 8 0
25 6 0 30 7 0
9 33 0 12 34 0
29 8 0 33 9 0
50 47 0 57 48 0
29 35 0 37 36 0
8 5 0 11 6 0
12 40 0 15 41 0
29 20 0 34 21 0
47 46 0 56 47 0
47 7 0 50 8 0
54 2 0 57 3 0
33 28 0 38 29 0
49 48 0 56 49 0
26 38 0 35 39 0
45 58 0 52 59 0
10 35 0 15 36 0
4 18 0 7 19 0
0 27 0 10 28 0
40 8 0 44 9 0
37 55 0 43 56 0
58 30 1 59 34 1
33 11 1 34 17 1
8 11 1 9 19 1
49 28 1 50 31 1
21 30 1 22 39 1
31 23 1 32 33 1
13 4 1 14 11 1
49 36 1 50 41 1
40 2 1 41 5 1
17 9 1 18 19 1
53 50 1 54 56 1
42 31 1 43 34 1
4 37 1 5 40 1
38 49 1 39 56 1
36 19 1 37 22 1
47 25 1 48 30 1
44 46 1 45 53 1
14 19 1 15 24 1
7 3 1 8 11 1
58 14 1 59 23 1
48 46 1 49 53 1
56 40 1 57 44 1
58 23 1 59 26 1
1 23 1 2 33 1
34 1 2 37 2 2
0 32 2 7 33 2
44 21 2 48 22 2
32 7 2 37 8 2
10 41 2 18 42 2
40 25 2 50 26 2
12 19 2 22 20 2
8 32 2 16 33 2
21 7 2 31 8 2
47 3 2 50 4 2
21 28 2 28 29 2
38 17 2 46 18 2
27 4 2 34 5 2
40 5 2 47 6 2
46 56 2 50 57 2
39 46 2 46 47 2
6 10 2 16 11 2
1 36 2 6 37 2
0 35 2 6 36 2
34 55 2 41 56 2
27 5 2 31 6 2
31 10 2 35 11 2
28 50 2 36 51 2
33 28 2 38 29 2
27 15 3 28 19 3
25 25 3 26 32 3
16 55 3 17 58 3
55 28 3 56 31 3
1 0 3 2 10 3
22 18 3 23 24 3
17 38 3 18 48 3
49 40 3 50 46 3
24 8 3 25 16 3
36 5 3 37 11 3
29 28 3 30 38 3
40 11 3 41 14 3
55 19 3 56 26 3
4 19 3 5 22 3
31 54 3 32 59 3
25 0 3 26 5 3
29 44 3 30 51 3
30 28 3 31 32 3
34 10 3 35 17 3
47 14 3 48 22 3
22 36 3 23 41 3
46 39 3 47 45 3
40 0 3 41 9 3
13 40 3 14 46 3
29 6 4 33 7 4
21 43 4 31 44 4
36 35 4 40 36 4
1 3 4 4 4 4
21 33 4 24 34 4
34 23 4 41 24 4
16 25 4 22 26 4
38 11 4 42 12 4
2 19 4 10 20 4
46 42 4 56 43 4
20 51 4 25 52 4
42 9 4 52 10 4
38 22 4 46 23 4
3 1 4 6 2 4
32 27 4 36 28 4
9 12 4 14 13 4
30 28 4 33 29 4
15 23 4 20 24 4
38 9 4 42 10 4
20 0 4 28 1 4
21 11 4 27 12 4
6 38 4 14 39 4
11 37 4 21 38 4
2 32 4 6 33 4
29 36 5 30 45 5
40 4 5 41 13 5
0 49 5 1 57 5
3 39 5 4 48 5
26 31 5 27 38 5
2 12 5 3 16 5
7 26 5 8 36 5
52 6 5 53 13 5
46 3 5 47 13 5
56 3 5 57 7 5
18 0 5 19 10 5
37 8 5 38 16 5
19 16 5 20 20 5
18 52 5 19 58 5
15 34 5 16 41 5
8 44 5 9 47 5
4 21 5 5 26 5
38 11 5 39 17 5
43 43 5 44 48 5
49 47 5 50 51 5
17 36 5 18 40 5
9 44 5 10 51 5
23 36 5 24 45 5
49 17 5 50 20 5
Net_num 160
Net_id 0
pin_num 5
36 58 0
44 53 0
34 57 0
37 59 0
22 58 0
Net_id 1
pin_num 5
58 57 0
57 56 0
38 57 0
43 51 0
55 43 0
Net_id 2
pin_num 5
33 53 0
27 49 0
16 51 0
23 57 0
30 39 0
Net_id 3
pin_num 5
37 32 0
25 28 0
24 29 0
28 25 0
37 51 0
Net_id 4
pin_num 5
7 45 0
1 34 0
1 14 0
1 39 0
8 31 0
Net_id 5
pin_num 5
17 35 0
19 45 0
18 49 0
14 45 0
13 37 0
Net_id 6
pin_num 5
1 46 0
8 52 0
19 57 0
21 59 0
0 57 0
Net_id 7
pin_num 5
19 30 0
0 31 0
10 52 0
6 17 0
0 44 0
Net_id 8
pin_num 5
26 32 0
18 33 0
35 33 0
18 13 0
15 29 0
Net_id 9
pin_num 5
14 51 0
18 58 0
20 46 0
1 55 0
0 55 0
Net_id 10
pin_num 5
14 44 0
24 44 0
23 26 0
17 42 0
27 27 0
Net_id 11
pin_num 5
49 43 0
54 28 0
41 30 0
40 49 0
28 35 0
Net_id 12
pin_num 5
3 33 0
9 46 0
17 46 0
12 32 0
26 44 0
Net_id 13
pin_num 5
41 2 0
46 2 0
42 0 0
53 0 0
24 2 0
Net_id 14
pin_num 5
40 43 0
36 31 0
24 42 0
39 22 0
13 31 0
Net_id 15
pin_num 5
36 24 0
28 12 0
40 15 0
46 17 0
37 0 0
Net_id 16
pin_num 5
55 33 0
55 40 0
59 26 0
59 18 0
57 36 0
Net_id 17
pin_num 5
12 4 0
19 4 0
0 0 0
9 3 0
7 4 0
Net_id 18
pin_num 5
8 42 0
15 47 0
0 37 0
12 34 0
0 53 0
Net_id 19
pin_num 5
44 20 0
40 20 0
59 20 0
34 26 0
34 50 0
Net_id 20
pin_num 5
54 39 0
59 40 0
58 53 0
35 44 0
41 52 0
Net_id 21
pin_num 4
36 15 0
39 21 0
31 34 0
0 33 0
Net_id 22
pin_num 4
23 18 0
38 18 0
25 9 0
30 6 0
Net_id 23
pin_num 4
8 41 0
0 26 0
3 39 0
0 59 0
Net_id 24
pin_num 4
27 13 0
22 9 0
22 26 0
11 18 0
Net_id 25
pin_num 4
42 4 0
37 5 0
29 4 0
32 0 0
Net_id 26
pin_num 4
47 59 0
41 54 0
55 58 0
59 56 0
Net_id 27
pin_num 4
4 58 0
10 58 0
17 49 0
30 43 0
Net_id 28
pin_num 4
28 24 0
37 24 0
37 8 0
13 24 0
Net_id 29
pin_num 4
44 14 0
29 12 0
32 21 0
21 23 0
Net_id 30
pin_num 4
18 42 0
21 57 0
39 45 0
36 54 0
Net_id 31
pin_num 4
59 48 0
47 52 0
54 54 0
48 59 0
Net_id 32
pin_num 4
28 50 0
38 56 0
52 56 0
0 54 0
Net_id 33
pin_num 4
25 55 0
18 55 0
24 47 0
16 48 0
Net_id 34
pin_num 4
56 1 0
59 2 0
56 25 0
54 1 0
Net_id 35
pin_num 4
15 7 0
7 15 0
0 1 0
0 15 0
Net_id 36
pin_num 4
23 48 0
28 45 0
27 41 0
38 42 0
Net_id 37
pin_num 4
44 22 0
55 24 0
54 22 0
38 38 0
Net_id 38
pin_num 4
10 48 0
3 47 0
6 53 0
13 54 0
Net_id 39
pin_num 3
56 53 0
58 58 0
2 57 0
Net_id 40
pin_num 3
50 41 0
42 30 0
33 41 0
Net_id 41
pin_num 3
44 11 0
38 11 0
43 28 0
Net_id 42
pin_num 3
38 47 0
49 59 0
37 27 0
Net_id 43
pin_num 3
32 30 0
16 14 0
9 15 0
Net_id 44
pin_num 3
10 25 0
10 20 0
1 33 0
Net_id 45
pin_num 3
28 23 0
12 31 0
11 27 0
Net_id 46
pin_num 3
27 1 0
16 12 0
19 0 0
Net_id 47
pin_num 3
14 18 0
24 21 0
19 35 0
Net_id 48
pin_num 3
44 36 0
35 49 0
53 39 0
Net_id 49
pin_num 3
15 0 0
18 7 0
24 0 0
Net_id 50
pin_num 3
39 33 0
58 28 0
39 38 0
Net_id 51
pin_num 3
33 52 0
12 47 0
0 51 0
Net_id 52
pin_num 3
57 47 0
42 51 0
44 26 0
Net_id 53
pin_num 3
52 49 0
41 49 0
50 51 0
Net_id 54
pin_num 3
59 25 0
45 12 0
57 19 0
Net_id 55
pin_num 3
44 29 0
59 42 0
59 30 0
Net_id 56
pin_num 3
18 50 0
27 55 0
13 57 0
Net_id 57
pin_num 3
28 8 0
20 17 0
35 27 0
Net_id 58
pin_num 3
19 54 0
29 54 0
20 31 0
Net_id 59
pin_num 3
17 14 0
28 14 0
27 0 0
Net_id 60
pin_num 3
54 35 0
37 35 0
29 25 0
Net_id 61
pin_num 3
52 38 0
59 37 0
46 37 0
Net_id 62
pin_num 3
50 39 0
31 47 0
48 40 0
Net_id 63
pin_num 3
43 26 0
33 9 0
20 23 0
Net_id 64
pin_num 3
49 52 0
58 56 0
46 55 0
Net_id 65
pin_num 3
55 23 0
27 20 0
45 36 0
Net_id 66
pin_num 3
32 49 0
46 54 0
22 46 0
Net_id 67
pin_num 3
40 37 0
54 50 0
51 16 0
Net_id 68
pin_num 3
9 29 0
2 29 0
11 38 0
Net_id 69
pin_num 3
28 30 0
29 36 0
16 25 0
Net_id 70
pin_num 3
59 36 0
54 45 0
33 44 0
Net_id 71
pin_num 3
0 3 0
19 5 0
12 6 0
Net_id 72
pin_num 3
49 34 0
31 40 0
39 16 0
Net_id 73
pin_num 3
39 53 0
31 49 0
21 56 0
Net_id 74
pin_num 3
42 29 0
21 22 0
24 11 0
Net_id 75
pin_num 3
31 19 0
20 21 0
21 1 0
Net_id 76
pin_num 3
21 16 0
12 10 0
28 19 0
Net_id 77
pin_num 3
4 2 0
21 12 0
1 10 0
Net_id 78
pin_num 2
56 40 0
40 32 0
Net_id 79
pin_num 2
46 24 0
40 27 0
Net_id 80
pin_num 2
30 16 0
40 30 0
Net_id 81
pin_num 2
18 12 0
5 10 0
Net_id 82
pin_num 2
36 21 0
33 27 0
Net_id 83
pin_num 2
5 17 0
0 17 0
Net_id 84
pin_num 2
49 15 0
50 3 0
Net_id 85
pin_num 2
39 28 0
41 18 0
Net_id 86
pin_num 2
44 16 0
49 21 0
Net_id 87
pin_num 2
56 15 0
24 3 0
Net_id 88
pin_num 2
42 48 0
52 40 0
Net_id 89
pin_num 2
43 29 0
35 36 0
Net_id 90
pin_num 2
15 33 0
25 34 0
Net_id 91
pin_num 2
19 27 0
5 47 0
Net_id 92
pin_num 2
13 38 0
11 48 0
Net_id 93
pin_num 2
0 4 0
11 8 0
Net_id 94
pin_num 2
56 30 0
50 28 0
Net_id 95
pin_num 2
23 43 0
29 45 0
Net_id 96
pin_num 2
43 3 0
53 9 0
Net_id 97
pin_num 2
14 9 0
2 11 0
Net_id 98
pin_num 2
51 17 0
59 33 0
Net_id 99
pin_num 2
41 16 0
56 16 0
Net_id 100
pin_num 2
7 23 0
7 11 0
Net_id 101
pin_num 2
13 19 0
3 9 0
Net_id 102
pin_num 2
29 31 0
21 58 0
Net_id 103
pin_num 2
1 49 0
11 58 0
Net_id 104
pin_num 2
50 38 0
46 38 0
Net_id 105
pin_num 2
17 20 0
0 18 0
Net_id 106
pin_num 2
55 44 0
42 45 0
Net_id 107
pin_num 2
28 46 0
12 49 0
Net_id 108
pin_num 2
28 17 0
8 25 0
Net_id 109
pin_num 2
5 21 0
14 21 0
Net_id 110
pin_num 2
46 46 0
42 38 0
Net_id 111
pin_num 2
39 52 0
39 59 0
Net_id 112
pin_num 2
12 42 0
21 27 0
Net_id 113
pin_num 2
45 53 0
51 53 0
Net_id 114
pin_num 2
7 22 0
3 28 0
Net_id 115
pin_num 2
15 27 0
31 13 0
Net_id 116
pin_num 2
46 42 0
56 48 0
Net_id 117
pin_num 2
12 13 0
5 0 0
Net_id 118
pin_num 2
38 37 0
14 36 0
Net_id 119
pin_num 2
58 7 0
47 43 0
Net_id 120
pin_num 2
7 6 0
6 12 0
Net_id 121
pin_num 2
31 32 0
21 17 0
Net_id 122
pin_num 2
58 5 0
47 1 0
Net_id 123
pin_num 2
46 40 0
46 45 0
Net_id 124
pin_num 2
10 29 0
25 38 0
Net_id 125
pin_num 2
40 52 0
56 58 0
Net_id 126
pin_num 2
51 14 0
58 6 0
Net_id 127
pin_num 2
12 52 0
5 50 0
Net_id 128
pin_num 2
22 0 0
40 21 0
Net_id 129
pin_num 2
8 49 0
11 50 0
Net_id 130
pin_num 2
2 20 0
16 35 0
Net_id 131
pin_num 2
56 13 0
56 4 0
Net_id 132
pin_num 2
35 50 0
48 54 0
Net_id 133
pin_num 2
24 36 0
27 35 0
Net_id 134
pin_num 2
5 31 0
30 34 0
Net_id 135
pin_num 2
55 50 0
59 43 0
Net_id 136
pin_num 2
3 10 0
4 13 0
Net_id 137
pin_num 2
23 12 0
39 30 0
Net_id 138
pin_num 2
35 52 0
8 36 0
Net_id 139
pin_num 2
8 40 0
4 28 0
Net_id 140
pin_num 2
1 29 0
3 21 0
Net_id 141
pin_num 2
22 36 0
33 59 0
Net_id 142
pin_num 2
6 8 0
12 25 0
Net_id 143
pin_num 2
48 13 0
48 6 0
Net_id 144
pin_num 2
36 47 0
25 53 0
Net_id 145
pin_num 2
8 53 0
10 59 0
Net_id 146
pin_num 2
45 18 0
31 39 0
Net_id 147
pin_num 2
6 10 0
26 25 0
Net_id 148
pin_num 2
53 19 0
45 19 0
Net_id 149
pin_num 2
27 17 0
25 21 0
Net_id 150
pin_num 2
41 22 0
42 19 0
Net_id 151
pin_num 2
25 59 0
39 48 0
Net_id 152
pin_num 2
20 25 0
24 26 0
Net_id 153
pin_num 2
0 20 0
9 31 0
Net_id 154
pin_num 2
25 17 0
41 27 0
Net_id 155
pin_num 2
32 59 0
32 50 0
Net_id 156
pin_num 2
51 8 0
57 16 0
Net_id 157
pin_num 2
21 48 0
9 57 0
Net_id 158
pin_num 2
10 27 0
4 26 0
Net_id 159
pin_num 2
22 10 0
34 0 0
