Width 60
Height 60
Layer 6
Total_WL 6656
Obstacle_num 144
52 10 0 59 11 0
41 16 0 51 17 0
14 28 0 19 29 0
40 37 0 50 38 0
9 8 0 13 9 0
42 15 0 45 16 0
45 28 0 49 29 0
51 11 0 54 12 0
51 47 0 54 48 0
49 52 0 55 53 0
18 3 0 21 4 0
25 40 0 32 41 0
36 54 0 45 55 0
8 14 0 17 15 0
38 10 0 42 11 0
37 25 0 47 26 0
3 7 0 13 8 0
41 0 0 44 1 0
7 21 0 17 22 0
3 37 0 12 38 0
2 43 0 6 44 0
42 28 0 45 29 0
28 4 0 38 5 0
4 15 0 14 16 0
55 26 1 56 35 1
3 28 1 4 31 1
40 32 1 41 40 1
26 30 1 27 36 1
15 12 1 16 15 1
55 14 1 56 21 1
9 18 1 10 27 1
21 6 1 22 13 1
51 14 1 52 22 1
37 26 1 38 31 1
23 54 1 24 57 1
7 54 1 8 58 1
2 44 1 3 49 1
35 15 1 36 19 1
58 21 1 59 30 1
51 34 1 52 39 1
4 36 1 5 39 1
27 6 1 28 12 1
37 7 1 38 15 1
33 4 1 34 14 1
36 10 1 37 13 1
16 4 1 17 10 1
5 34 1 6 42 1
23 3 1 24 13 1
25 9 2 34 10 2
55 7 2 59 8 2
32 0 2 40 1 2
50 22 2 55 23 2
8 49 2 14 50 2
42 21 2 50 22 2
26 49 2 36 50 2
34 16 2 38 17 2
6 30 2 16 31 2
24 27 2 29 28 2
18 48 2 28 49 2
40 1 2 46 2 2
7 10 2 14 11 2
44 11 2 51 12 2
47 1 2 53 2 2
16 40 2 25 41 2
36 23 2 40 24 2
16 25 2 22 26 2
50 46 2 56 47 2
36 18 2 41 19 2
18 21 2 23 22 2
18 29 2 28 30 2
18 52 2 21 53 2
13 27 2 17 28 2
25 4 3 26 13 3
14 30 3 15 34 3
18 22 3 19 32 3
17 18 3 18 24 3
55 5 3 56 8 3
49 31 3 50 41 3
11 23 3 12 30 3
34 12 3 35 18 3
33 31 3 34 38 3
45 51 3 46 55 3
13 21 3 14 29 3
6 24 3 7 30 3
22 3 3 23 12 3
2 3 3 3 6 3
28 43 3 29 48 3
19 35 3 20 43 3
24 41 3 25 49 3
51 12 3 52 15 3
16 29 3 17 37 3
47 47 3 48 52 3
3 5 3 4 12 3
30 6 3 31 10 3
30 39 3 31 46 3
51 30 3 52 36 3
9 8 4 13 9 4
10 5 4 19 6 4
1 26 4 4 27 4
42 45 4 46 46 4
37 44 4 46 45 4
11 57 4 16 58 4
43 41 4 49 42 4
13 54 4 19 55 4
2 11 4 10 12 4
41 7 4 46 8 4
18 53 4 22 54 4
23 49 4 33 50 4
4 47 4 10 48 4
31 52 4 41 53 4
36 56 4 44 57 4
30 50 4 39 51 4
36 1 4 46 2 4
41 15 4 47 16 4
45 54 4 48 55 4
6 54 4 9 55 4
13 43 4 17 44 4
38 2 4 46 3 4
53 28 4 59 29 4
46 45 4 54 46 4
57 36 5 58 41 5
15 3 5 16 11 5
12 48 5 13 51 5
36 44 5 37 53 5
58 44 5 59 54 5
11 28 5 12 35 5
34 15 5 35 18 5
19 1 5 20 6 5
0 6 5 1 15 5
49 30 5 50 33 5
1 23 5 2 28 5
38 26 5 39 32 5
26 49 5 27 58 5
20 35 5 21 42 5
0 52 5 1 57 5
15 47 5 16 50 5
29 23 5 30 31 5
10 36 5 11 43 5
47 46 5 48 55 5
27 34 5 28 44 5
2 41 5 3 51 5
3 30 5 4 35 5
21 5 5 22 11 5
55 14 5 56 22 5
Net_num 159
Net_id 0
pin_num 5
37 17 0
35 22 0
15 17 0
52 17 0
38 21 0
Net_id 1
pin_num 5
5 53 0
2 59 0
11 59 0
0 44 0
0 59 0
Net_id 2
pin_num 5
12 57 0
18 59 0
34 57 0
14 35 0
24 59 0
Net_id 3
pin_num 5
59 8 0
55 8 0
59 6 0
46 8 0
47 0 0
Net_id 4
pin_num 5
22 49 0
21 58 0
27 54 0
1 56 0
4 49 0
Net_id 5
pin_num 5
55 37 0
50 31 0
53 25 0
50 41 0
54 30 0
Net_id 6
pin_num 5
50 42 0
55 42 0
26 42 0
59 43 0
41 59 0
Net_id 7
pin_num 5
56 37 0
59 38 0
57 43 0
57 24 0
59 22 0
Net_id 8
pin_num 5
58 20 0
57 20 0
53 12 0
36 13 0
45 13 0
Net_id 9
pin_num 5
55 7 0
59 7 0
56 27 0
56 41 0
49 29 0
Net_id 10
pin_num 5
47 30 0
55 22 0
59 21 0
54 26 0
58 30 0
Net_id 11
pin_num 5
38 48 0
39 46 0
28 48 0
39 31 0
35 58 0
Net_id 12
pin_num 5
51 12 0
44 0 0
54 15 0
55 9 0
27 8 0
Net_id 13
pin_num 5
54 27 0
47 29 0
36 30 0
45 0 0
46 27 0
Net_id 14
pin_num 5
37 11 0
32 12 0
50 10 0
33 0 0
32 23 0
Net_id 15
pin_num 5
46 20 0
48 21 0
48 31 0
44 31 0
51 24 0
Net_id 16
pin_num 5
41 7 0
35 7 0
54 14 0
21 7 0
48 3 0
Net_id 17
pin_num 5
28 37 0
35 37 0
33 24 0
26 32 0
31 31 0
Net_id 18
pin_num 5
59 23 0
51 23 0
52 38 0
53 4 0
36 23 0
Net_id 19
pin_num 5
39 39 0
45 43 0
43 59 0
34 39 0
51 31 0
Net_id 20
pin_num 5
21 32 0
31 43 0
47 34 0
27 25 0
29 29 0
Net_id 21
pin_num 4
20 18 0
7 14 0
7 5 0
33 18 0
Net_id 22
pin_num 4
44 45 0
57 47 0
37 44 0
33 39 0
Net_id 23
pin_num 4
27 47 0
23 35 0
16 37 0
15 36 0
Net_id 24
pin_num 4
26 18 0
28 12 0
19 12 0
41 17 0
Net_id 25
pin_num 4
21 11 0
3 13 0
12 13 0
12 0 0
Net_id 26
pin_num 4
16 39 0
22 39 0
19 59 0
1 46 0
Net_id 27
pin_num 4
42 46 0
39 56 0
41 27 0
25 42 0
Net_id 28
pin_num 4
34 13 0
39 14 0
17 16 0
26 28 0
Net_id 29
pin_num 4
51 25 0
44 18 0
46 15 0
46 0 0
Net_id 30
pin_num 4
14 38 0
30 34 0
1 37 0
15 51 0
Net_id 31
pin_num 4
21 19 0
11 19 0
13 41 0
0 29 0
Net_id 32
pin_num 4
39 30 0
35 40 0
58 31 0
52 21 0
Net_id 33
pin_num 4
26 56 0
16 50 0
3 59 0
4 58 0
Net_id 34
pin_num 4
29 45 0
22 46 0
23 34 0
0 40 0
Net_id 35
pin_num 4
45 57 0
47 59 0
59 54 0
52 49 0
Net_id 36
pin_num 4
9 17 0
9 6 0
11 10 0
11 25 0
Net_id 37
pin_num 4
5 16 0
2 25 0
21 22 0
15 31 0
Net_id 38
pin_num 4
8 18 0
5 28 0
4 30 0
45 15 0
Net_id 39
pin_num 3
5 22 0
19 34 0
20 54 0
Net_id 40
pin_num 3
46 57 0
47 58 0
50 30 0
Net_id 41
pin_num 3
46 17 0
58 33 0
57 11 0
Net_id 42
pin_num 3
16 3 0
26 10 0
31 13 0
Net_id 43
pin_num 3
53 32 0
59 39 0
24 39 0
Net_id 44
pin_num 3
10 30 0
0 34 0
2 30 0
Net_id 45
pin_num 3
13 6 0
3 0 0
26 6 0
Net_id 46
pin_num 3
8 10 0
24 5 0
24 24 0
Net_id 47
pin_num 3
6 44 0
7 44 0
17 53 0
Net_id 48
pin_num 3
24 29 0
35 31 0
34 23 0
Net_id 49
pin_num 3
10 32 0
0 42 0
10 35 0
Net_id 50
pin_num 3
10 51 0
12 53 0
1 59 0
Net_id 51
pin_num 3
12 26 0
18 37 0
21 30 0
Net_id 52
pin_num 3
11 57 0
2 57 0
15 42 0
Net_id 53
pin_num 3
28 35 0
34 26 0
28 39 0
Net_id 54
pin_num 3
42 45 0
37 55 0
36 57 0
Net_id 55
pin_num 3
2 35 0
7 24 0
22 41 0
Net_id 56
pin_num 3
37 56 0
46 55 0
25 59 0
Net_id 57
pin_num 3
59 35 0
46 30 0
47 50 0
Net_id 58
pin_num 3
32 55 0
41 57 0
23 48 0
Net_id 59
pin_num 3
42 48 0
25 44 0
46 40 0
Net_id 60
pin_num 3
59 11 0
57 17 0
40 12 0
Net_id 61
pin_num 3
12 44 0
6 41 0
13 49 0
Net_id 62
pin_num 3
11 32 0
19 36 0
14 8 0
Net_id 63
pin_num 3
35 46 0
13 53 0
13 17 0
Net_id 64
pin_num 3
52 30 0
39 12 0
8 12 0
Net_id 65
pin_num 3
48 2 0
51 10 0
34 5 0
Net_id 66
pin_num 3
46 26 0
44 29 0
30 11 0
Net_id 67
pin_num 3
43 40 0
45 24 0
45 38 0
Net_id 68
pin_num 3
59 40 0
45 47 0
46 46 0
Net_id 69
pin_num 3
46 3 0
37 24 0
58 38 0
Net_id 70
pin_num 3
47 49 0
55 41 0
59 52 0
Net_id 71
pin_num 3
15 20 0
21 24 0
14 25 0
Net_id 72
pin_num 3
7 47 0
8 58 0
10 58 0
Net_id 73
pin_num 3
8 44 0
21 51 0
34 51 0
Net_id 74
pin_num 3
51 20 0
55 4 0
10 17 0
Net_id 75
pin_num 3
55 16 0
46 2 0
8 9 0
Net_id 76
pin_num 3
1 43 0
7 34 0
20 20 0
Net_id 77
pin_num 3
9 43 0
1 58 0
1 54 0
Net_id 78
pin_num 3
37 22 0
26 8 0
55 3 0
Net_id 79
pin_num 3
26 58 0
16 47 0
10 55 0
Net_id 80
pin_num 2
3 45 0
12 50 0
Net_id 81
pin_num 2
3 46 0
13 45 0
Net_id 82
pin_num 2
54 11 0
56 4 0
Net_id 83
pin_num 2
22 59 0
20 58 0
Net_id 84
pin_num 2
46 33 0
55 24 0
Net_id 85
pin_num 2
6 1 0
1 0 0
Net_id 86
pin_num 2
8 51 0
12 38 0
Net_id 87
pin_num 2
47 9 0
46 14 0
Net_id 88
pin_num 2
15 52 0
0 57 0
Net_id 89
pin_num 2
49 43 0
44 41 0
Net_id 90
pin_num 2
48 56 0
39 49 0
Net_id 91
pin_num 2
31 30 0
34 49 0
Net_id 92
pin_num 2
3 11 0
1 19 0
Net_id 93
pin_num 2
37 57 0
39 55 0
Net_id 94
pin_num 2
15 10 0
31 38 0
Net_id 95
pin_num 2
31 33 0
34 34 0
Net_id 96
pin_num 2
30 58 0
46 52 0
Net_id 97
pin_num 2
48 9 0
52 6 0
Net_id 98
pin_num 2
26 2 0
17 21 0
Net_id 99
pin_num 2
3 3 0
10 1 0
Net_id 100
pin_num 2
22 23 0
42 35 0
Net_id 101
pin_num 2
23 49 0
36 31 0
Net_id 102
pin_num 2
23 43 0
10 54 0
Net_id 103
pin_num 2
29 21 0
8 28 0
Net_id 104
pin_num 2
36 52 0
22 58 0
Net_id 105
pin_num 2
42 32 0
34 28 0
Net_id 106
pin_num 2
7 19 0
10 3 0
Net_id 107
pin_num 2
16 0 0
6 16 0
Net_id 108
pin_num 2
24 45 0
21 42 0
Net_id 109
pin_num 2
36 46 0
38 41 0
Net_id 110
pin_num 2
14 20 0
8 25 0
Net_id 111
pin_num 2
6 29 0
28 41 0
Net_id 112
pin_num 2
36 25 0
26 11 0
Net_id 113
pin_num 2
13 47 0
24 53 0
Net_id 114
pin_num 2
12 36 0
10 43 0
Net_id 115
pin_num 2
12 30 0
3 15 0
Net_id 116
pin_num 2
48 10 0
53 3 0
Net_id 117
pin_num 2
54 43 0
59 50 0
Net_id 118
pin_num 2
58 58 0
45 50 0
Net_id 119
pin_num 2
5 2 0
2 10 0
Net_id 120
pin_num 2
58 25 0
47 6 0
Net_id 121
pin_num 2
54 40 0
59 48 0
Net_id 122
pin_num 2
38 2 0
48 4 0
Net_id 123
pin_num 2
15 58 0
18 50 0
Net_id 124
pin_num 2
31 22 0
4 14 0
Net_id 125
pin_num 2
34 1 0
54 17 0
Net_id 126
pin_num 2
46 36 0
21 33 0
Net_id 127
pin_num 2
7 54 0
4 35 0
Net_id 128
pin_num 2
4 41 0
1 57 0
Net_id 129
pin_num 2
30 50 0
33 53 0
Net_id 130
pin_num 2
30 43 0
27 50 0
Net_id 131
pin_num 2
15 3 0
21 3 0
Net_id 132
pin_num 2
46 35 0
48 34 0
Net_id 133
pin_num 2
25 18 0
8 23 0
Net_id 134
pin_num 2
23 44 0
24 50 0
Net_id 135
pin_num 2
38 59 0
59 51 0
Net_id 136
pin_num 2
33 3 0
44 14 0
Net_id 137
pin_num 2
13 23 0
21 34 0
Net_id 138
pin_num 2
44 35 0
32 5 0
Net_id 139
pin_num 2
32 28 0
28 27 0
Net_id 140
pin_num 2
44 13 0
36 24 0
Net_id 141
pin_num 2
24 54 0
36 58 0
Net_id 142
pin_num 2
47 54 0
42 38 0
Net_id 143
pin_num 2
17 20 0
21 27 0
Net_id 144
pin_num 2
8 48 0
29 56 0
Net_id 145
pin_num 2
9 54 0
6 40 0
Net_id 146
pin_num 2
24 40 0
18 40 0
Net_id 147
pin_num 2
49 21 0
40 24 0
Net_id 148
pin_num 2
3 5 0
5 0 0
Net_id 149
pin_num 2
7 4 0
8 3 0
Net_id 150
pin_num 2
24 30 0
18 25 0
Net_id 151
pin_num 2
23 4 0
53 24 0
Net_id 152
pin_num 2
7 40 0
15 40 0
Net_id 153
pin_num 2
36 12 0
38 19 0
Net_id 154
pin_num 2
10 31 0
14 31 0
Net_id 155
pin_num 2
55 34 0
49 46 0
Net_id 156
pin_num 2
49 28 0
58 9 0
Net_id 157
pin_num 2
38 58 0
32 56 0
Net_id 158
pin_num 2
24 0 0
2 7 0
