Width 60
Height 60
Layer 6
Total_WL 7008
Obstacle_num 144
35 11 0 38 12 0
36 3 0 39 4 0
9 55 0 14 56 0
3 8 0 13 9 0
45 18 0 54 19 0
5 14 0 13 15 0
42 15 0 51 16 0
26 54 0 36 55 0
29 30 0 34 31 0
23 16 0 30 17 0
35 30 0 40 31 0
45 21 0 50 22 0
24 51 0 29 52 0
18 27 0 25 28 0
24 41 0 27 42 0
44 47 0 48 48 0
33 47 0 38 48 0
20 1 0 23 2 0
6 28 0 13 29 0
47 36 0 55 37 0
10 25 0 20 26 0
8 57 0 18 58 0
44 58 0 47 59 0
35 53 0 44 54 0
31 27 1 32 30 1
56 4 1 57 12 1
1 42 1 2 48 1
38 33 1 39 43 1
33 17 1 34 25 1
49 10 1 50 19 1
25 33 1 26 38 1
35 1 1 36 10 1
17 26 1 18 35 1
34 17 1 35 21 1
5 30 1 6 36 1
21 6 1 22 15 1
27 4 1 28 13 1
10 19 1 11 28 1
55 1 1 56 11 1
4 44 1 5 53 1
6 41 1 7 48 1
14 0 1 15 3 1
29 46 1 30 56 1
20 24 1 21 29 1
50 7 1 51 14 1
27 50 1 28 53 1
7 17 1 8 20 1
9 18 1 10 27 1
5 2 2 10 3 2
48 6 2 58 7 2
3 20 2 6 21 2
47 52 2 53 53 2
38 44 2 48 45 2
20 11 2 24 12 2
10 4 2 19 5 2
41 31 2 48 32 2
22 5 2 25 6 2
46 36 2 54 37 2
23 26 2 28 27 2
35 17 2 42 18 2
29 3 2 33 4 2
46 41 2 49 42 2
53 50 2 59 51 2
45 26 2 49 27 2
27 12 2 31 13 2
36 24 2 40 25 2
18 47 2 27 48 2
29 29 2 33 30 2
5 57 2 10 58 2
49 7 2 52 8 2
11 44 2 14 45 2
33 32 2 41 33 2
37 36 3 38 42 3
9 44 3 10 54 3
45 11 3 46 20 3
56 17 3 57 26 3
11 29 3 12 38 3
43 0 3 44 6 3
28 8 3 29 16 3
57 30 3 58 35 3
47 46 3 48 49 3
43 19 3 44 29 3
25 24 3 26 31 3
33 3 3 34 13 3
17 36 3 18 40 3
51 10 3 52 13 3
14 5 3 15 12 3
39 3 3 40 9 3
25 35 3 26 41 3
9 9 3 10 12 3
15 1 3 16 7 3
29 21 3 30 28 3
28 39 3 29 45 3
0 18 3 1 28 3
21 49 3 22 54 3
40 32 3 41 41 3
10 34 4 17 35 4
34 29 4 38 30 4
35 44 4 45 45 4
18 52 4 21 53 4
20 53 4 28 54 4
35 39 4 42 40 4
1 18 4 8 19 4
43 29 4 48 30 4
10 58 4 15 59 4
23 15 4 26 16 4
6 10 4 14 11 4
19 13 4 23 14 4
19 6 4 22 7 4
24 34 4 33 35 4
23 23 4 32 24 4
24 43 4 30 44 4
5 7 4 12 8 4
30 49 4 38 50 4
42 16 4 46 17 4
48 36 4 52 37 4
35 37 4 43 38 4
19 27 4 23 28 4
21 28 4 29 29 4
30 13 4 40 14 4
48 36 5 49 40 5
10 36 5 11 45 5
58 43 5 59 51 5
23 20 5 24 23 5
33 20 5 34 27 5
36 19 5 37 27 5
25 6 5 26 11 5
6 33 5 7 38 5
43 8 5 44 16 5
22 40 5 23 50 5
1 13 5 2 22 5
12 27 5 13 35 5
45 45 5 46 53 5
31 49 5 32 55 5
43 17 5 44 27 5
12 19 5 13 26 5
22 24 5 23 31 5
42 45 5 43 53 5
39 4 5 40 12 5
53 43 5 54 53 5
7 37 5 8 45 5
16 52 5 17 57 5
26 27 5 27 33 5
27 52 5 28 55 5
Net_num 161
Net_id 0
pin_num 5
53 1 0
57 0 0
41 0 0
58 18 0
58 19 0
Net_id 1
pin_num 5
10 52 0
30 52 0
27 59 0
3 59 0
49 59 0
Net_id 2
pin_num 5
34 18 0
42 18 0
38 8 0
33 13 0
48 13 0
Net_id 3
pin_num 5
23 18 0
41 21 0
29 2 0
36 16 0
3 18 0
Net_id 4
pin_num 5
30 19 0
31 14 0
30 1 0
47 17 0
13 19 0
Net_id 5
pin_num 5
47 10 0
37 10 0
42 19 0
23 9 0
40 0 0
Net_id 6
pin_num 5
7 9 0
6 5 0
14 8 0
10 6 0
6 0 0
Net_id 7
pin_num 5
14 9 0
7 4 0
1 1 0
5 7 0
3 14 0
Net_id 8
pin_num 5
16 8 0
9 10 0
22 21 0
11 13 0
15 4 0
Net_id 9
pin_num 5
29 25 0
34 15 0
19 22 0
27 33 0
30 17 0
Net_id 10
pin_num 5
26 34 0
22 26 0
4 30 0
24 31 0
22 50 0
Net_id 11
pin_num 5
42 41 0
27 41 0
31 31 0
36 31 0
22 38 0
Net_id 12
pin_num 5
44 49 0
44 59 0
23 55 0
28 49 0
46 57 0
Net_id 13
pin_num 5
10 44 0
0 57 0
17 46 0
6 27 0
0 43 0
Net_id 14
pin_num 5
42 36 0
39 35 0
40 31 0
39 48 0
46 35 0
Net_id 15
pin_num 5
8 31 0
10 47 0
30 35 0
23 54 0
29 39 0
Net_id 16
pin_num 5
32 20 0
28 25 0
23 25 0
44 21 0
15 32 0
Net_id 17
pin_num 5
36 12 0
28 4 0
38 0 0
40 9 0
16 9 0
Net_id 18
pin_num 5
30 12 0
31 17 0
32 15 0
21 0 0
32 12 0
Net_id 19
pin_num 5
40 27 0
51 13 0
30 24 0
23 20 0
36 10 0
Net_id 20
pin_num 5
18 13 0
22 8 0
36 15 0
12 7 0
40 8 0
Net_id 21
pin_num 4
37 54 0
59 54 0
50 53 0
55 59 0
Net_id 22
pin_num 4
18 10 0
17 6 0
27 21 0
12 19 0
Net_id 23
pin_num 4
21 39 0
12 34 0
20 36 0
21 16 0
Net_id 24
pin_num 4
53 35 0
47 32 0
28 32 0
30 23 0
Net_id 25
pin_num 4
5 11 0
18 3 0
11 17 0
16 10 0
Net_id 26
pin_num 4
49 39 0
36 39 0
59 43 0
50 33 0
Net_id 27
pin_num 4
14 42 0
14 49 0
7 48 0
3 58 0
Net_id 28
pin_num 4
13 17 0
1 4 0
4 19 0
3 0 0
Net_id 29
pin_num 4
8 52 0
3 50 0
3 43 0
21 58 0
Net_id 30
pin_num 4
27 2 0
27 13 0
47 5 0
24 21 0
Net_id 31
pin_num 4
9 16 0
2 16 0
20 14 0
10 1 0
Net_id 32
pin_num 4
28 9 0
18 0 0
7 12 0
16 12 0
Net_id 33
pin_num 4
59 31 0
56 45 0
59 55 0
59 30 0
Net_id 34
pin_num 4
21 9 0
17 14 0
35 20 0
17 20 0
Net_id 35
pin_num 4
54 40 0
49 37 0
51 16 0
35 39 0
Net_id 36
pin_num 4
10 39 0
20 39 0
18 23 0
22 25 0
Net_id 37
pin_num 4
59 59 0
49 56 0
59 29 0
56 55 0
Net_id 38
pin_num 4
40 12 0
48 9 0
47 31 0
44 6 0
Net_id 39
pin_num 4
27 20 0
25 13 0
37 15 0
17 17 0
Net_id 40
pin_num 4
31 45 0
24 45 0
13 40 0
0 42 0
Net_id 41
pin_num 3
41 43 0
20 41 0
19 57 0
Net_id 42
pin_num 3
36 28 0
43 18 0
59 7 0
Net_id 43
pin_num 3
0 13 0
8 13 0
5 4 0
Net_id 44
pin_num 3
48 52 0
38 52 0
45 28 0
Net_id 45
pin_num 3
22 33 0
26 39 0
7 22 0
Net_id 46
pin_num 3
37 42 0
24 42 0
36 59 0
Net_id 47
pin_num 3
56 17 0
48 19 0
48 10 0
Net_id 48
pin_num 3
49 7 0
56 2 0
54 27 0
Net_id 49
pin_num 3
34 7 0
46 2 0
32 13 0
Net_id 50
pin_num 3
59 40 0
52 30 0
58 32 0
Net_id 51
pin_num 3
9 30 0
27 1 0
57 2 0
Net_id 52
pin_num 3
11 15 0
5 17 0
8 29 0
Net_id 53
pin_num 3
57 51 0
52 50 0
51 44 0
Net_id 54
pin_num 3
55 24 0
53 32 0
59 58 0
Net_id 55
pin_num 3
2 1 0
14 14 0
4 14 0
Net_id 56
pin_num 3
17 48 0
46 48 0
26 44 0
Net_id 57
pin_num 3
17 40 0
10 48 0
20 56 0
Net_id 58
pin_num 3
39 20 0
32 18 0
7 1 0
Net_id 59
pin_num 3
17 44 0
34 51 0
34 21 0
Net_id 60
pin_num 3
29 13 0
32 33 0
26 14 0
Net_id 61
pin_num 3
2 32 0
6 31 0
0 12 0
Net_id 62
pin_num 3
9 19 0
22 23 0
11 37 0
Net_id 63
pin_num 3
40 22 0
48 5 0
20 7 0
Net_id 64
pin_num 3
56 57 0
50 57 0
34 53 0
Net_id 65
pin_num 3
2 51 0
23 58 0
37 46 0
Net_id 66
pin_num 3
21 6 0
36 1 0
19 7 0
Net_id 67
pin_num 3
4 33 0
5 26 0
7 39 0
Net_id 68
pin_num 3
17 8 0
28 27 0
40 23 0
Net_id 69
pin_num 3
57 19 0
49 23 0
49 29 0
Net_id 70
pin_num 3
13 6 0
5 12 0
10 29 0
Net_id 71
pin_num 3
13 1 0
6 19 0
12 21 0
Net_id 72
pin_num 3
14 53 0
31 53 0
35 36 0
Net_id 73
pin_num 3
13 48 0
15 46 0
15 14 0
Net_id 74
pin_num 3
41 4 0
45 24 0
55 11 0
Net_id 75
pin_num 3
38 4 0
28 17 0
15 49 0
Net_id 76
pin_num 3
4 25 0
20 29 0
0 35 0
Net_id 77
pin_num 3
28 34 0
35 40 0
42 35 0
Net_id 78
pin_num 3
35 15 0
45 1 0
29 28 0
Net_id 79
pin_num 2
51 53 0
58 48 0
Net_id 80
pin_num 2
34 6 0
24 6 0
Net_id 81
pin_num 2
6 53 0
4 57 0
Net_id 82
pin_num 2
59 53 0
29 58 0
Net_id 83
pin_num 2
52 15 0
33 14 0
Net_id 84
pin_num 2
55 4 0
57 16 0
Net_id 85
pin_num 2
34 50 0
18 57 0
Net_id 86
pin_num 2
4 37 0
4 36 0
Net_id 87
pin_num 2
31 9 0
36 9 0
Net_id 88
pin_num 2
25 22 0
7 15 0
Net_id 89
pin_num 2
55 2 0
52 7 0
Net_id 90
pin_num 2
22 2 0
27 28 0
Net_id 91
pin_num 2
15 7 0
13 10 0
Net_id 92
pin_num 2
18 40 0
9 39 0
Net_id 93
pin_num 2
16 31 0
16 41 0
Net_id 94
pin_num 2
41 16 0
29 31 0
Net_id 95
pin_num 2
49 2 0
55 25 0
Net_id 96
pin_num 2
35 5 0
17 5 0
Net_id 97
pin_num 2
13 41 0
35 51 0
Net_id 98
pin_num 2
34 39 0
27 49 0
Net_id 99
pin_num 2
29 24 0
25 24 0
Net_id 100
pin_num 2
45 34 0
37 36 0
Net_id 101
pin_num 2
52 32 0
46 42 0
Net_id 102
pin_num 2
48 43 0
56 29 0
Net_id 103
pin_num 2
52 4 0
58 20 0
Net_id 104
pin_num 2
19 54 0
31 51 0
Net_id 105
pin_num 2
52 33 0
58 45 0
Net_id 106
pin_num 2
24 12 0
34 11 0
Net_id 107
pin_num 2
27 14 0
14 21 0
Net_id 108
pin_num 2
5 20 0
17 41 0
Net_id 109
pin_num 2
18 20 0
26 17 0
Net_id 110
pin_num 2
15 0 0
7 5 0
Net_id 111
pin_num 2
41 42 0
48 31 0
Net_id 112
pin_num 2
18 37 0
1 27 0
Net_id 113
pin_num 2
46 38 0
43 43 0
Net_id 114
pin_num 2
36 21 0
49 31 0
Net_id 115
pin_num 2
58 37 0
50 31 0
Net_id 116
pin_num 2
59 42 0
51 50 0
Net_id 117
pin_num 2
16 21 0
28 31 0
Net_id 118
pin_num 2
25 45 0
43 33 0
Net_id 119
pin_num 2
8 17 0
32 17 0
Net_id 120
pin_num 2
43 34 0
32 35 0
Net_id 121
pin_num 2
51 31 0
54 44 0
Net_id 122
pin_num 2
31 29 0
57 18 0
Net_id 123
pin_num 2
12 2 0
18 7 0
Net_id 124
pin_num 2
14 35 0
6 38 0
Net_id 125
pin_num 2
41 26 0
56 3 0
Net_id 126
pin_num 2
44 7 0
40 2 0
Net_id 127
pin_num 2
52 5 0
55 18 0
Net_id 128
pin_num 2
1 57 0
3 52 0
Net_id 129
pin_num 2
15 26 0
22 24 0
Net_id 130
pin_num 2
44 20 0
57 5 0
Net_id 131
pin_num 2
17 12 0
21 12 0
Net_id 132
pin_num 2
35 31 0
12 1 0
Net_id 133
pin_num 2
4 39 0
13 42 0
Net_id 134
pin_num 2
58 10 0
48 1 0
Net_id 135
pin_num 2
28 7 0
25 3 0
Net_id 136
pin_num 2
32 55 0
20 49 0
Net_id 137
pin_num 2
54 9 0
57 11 0
Net_id 138
pin_num 2
21 41 0
34 52 0
Net_id 139
pin_num 2
41 51 0
54 48 0
Net_id 140
pin_num 2
1 45 0
8 45 0
Net_id 141
pin_num 2
36 22 0
18 41 0
Net_id 142
pin_num 2
21 55 0
13 43 0
Net_id 143
pin_num 2
34 49 0
52 58 0
Net_id 144
pin_num 2
31 33 0
6 24 0
Net_id 145
pin_num 2
46 8 0
38 1 0
Net_id 146
pin_num 2
35 52 0
27 57 0
Net_id 147
pin_num 2
39 12 0
50 24 0
Net_id 148
pin_num 2
18 36 0
7 36 0
Net_id 149
pin_num 2
47 30 0
28 29 0
Net_id 150
pin_num 2
55 45 0
42 45 0
Net_id 151
pin_num 2
8 4 0
40 15 0
Net_id 152
pin_num 2
2 22 0
2 39 0
Net_id 153
pin_num 2
7 46 0
37 27 0
Net_id 154
pin_num 2
16 24 0
18 33 0
Net_id 155
pin_num 2
57 34 0
51 34 0
Net_id 156
pin_num 2
52 13 0
43 9 0
Net_id 157
pin_num 2
33 44 0
47 42 0
Net_id 158
pin_num 2
58 8 0
45 3 0
Net_id 159
pin_num 2
6 26 0
22 3 0
Net_id 160
pin_num 2
41 46 0
52 29 0
