Width 60
Height 60
Layer 6
Total_WL 6842
Obstacle_num 144
1 23 0 4 24 0
3 47 0 10 48 0
21 24 0 27 25 0
9 3 0 19 4 0
38 1 0 43 2 0
8 44 0 17 45 0
46 58 0 56 59 0
19 29 0 28 30 0
4 4 0 10 5 0
18 48 0 22 49 0
43 22 0 46 23 0
28 31 0 38 32 0
7 17 0 10 18 0
36 22 0 42 23 0
9 31 0 12 32 0
25 0 0 31 1 0
29 14 0 33 15 0
6 55 0 10 56 0
36 48 0 39 49 0
12 39 0 18 40 0
25 22 0 31 23 0
39 28 0 48 29 0
2 52 0 6 53 0
44 51 0 49 52 0
3 8 1 4 14 1
58 15 1 59 22 1
5 30 1 6 40 1
49 23 1 50 27 1
6 11 1 7 17 1
8 48 1 9 51 1
54 51 1 55 57 1
6 46 1 7 56 1
53 44 1 54 52 1
22 3 1 23 12 1
9 48 1 10 52 1
56 42 1 57 51 1
45 26 1 46 31 1
52 24 1 53 27 1
22 30 1 23 38 1
29 44 1 30 51 1
9 33 1 10 37 1
7 53 1 8 58 1
31 27 1 32 30 1
15 23 1 16 29 1
53 6 1 54 16 1
40 53 1 41 56 1
25 10 1 26 20 1
14 30 1 15 39 1
24 36 2 31 37 2
18 0 2 27 1 2
46 13 2 52 14 2
42 41 2 49 42 2
25 13 2 31 14 2
36 10 2 44 11 2
36 13 2 41 14 2
42 45 2 46 46 2
39 55 2 44 56 2
17 43 2 27 44 2
5 37 2 13 38 2
45 31 2 52 32 2
13 27 2 21 28 2
36 20 2 39 21 2
30 22 2 39 23 2
28 51 2 34 52 2
27 38 2 34 39 2
27 7 2 35 8 2
40 46 2 47 47 2
43 16 2 52 17 2
39 23 2 47 24 2
39 20 2 49 21 2
35 40 2 42 41 2
1 46 2 5 47 2
2 29 3 3 33 3
34 49 3 35 52 3
13 5 3 14 10 3
18 54 3 19 58 3
51 10 3 52 13 3
24 29 3 25 38 3
30 28 3 31 31 3
40 20 3 41 25 3
50 14 3 51 20 3
55 8 3 56 15 3
30 46 3 31 56 3
36 14 3 37 22 3
48 3 3 49 8 3
43 46 3 44 56 3
26 35 3 27 40 3
12 0 3 13 8 3
4 37 3 5 40 3
48 38 3 49 47 3
8 0 3 9 4 3
17 4 3 18 13 3
14 16 3 15 21 3
42 2 3 43 9 3
39 7 3 40 12 3
54 52 3 55 56 3
29 11 4 36 12 4
5 36 4 11 37 4
12 15 4 17 16 4
47 58 4 57 59 4
50 43 4 55 44 4
21 31 4 31 32 4
14 55 4 21 56 4
47 25 4 52 26 4
23 4 4 33 5 4
18 11 4 22 12 4
54 13 4 57 14 4
21 0 4 26 1 4
50 36 4 55 37 4
34 0 4 41 1 4
5 54 4 9 55 4
34 54 4 40 55 4
14 54 4 22 55 4
37 31 4 43 32 4
27 22 4 37 23 4
8 41 4 14 42 4
35 52 4 40 53 4
3 27 4 7 28 4
11 51 4 19 52 4
33 42 4 37 43 4
46 0 5 47 10 5
39 15 5 40 25 5
27 9 5 28 12 5
14 48 5 15 56 5
42 16 5 43 22 5
27 13 5 28 20 5
25 28 5 26 33 5
40 44 5 41 50 5
55 10 5 56 19 5
6 0 5 7 9 5
15 45 5 16 50 5
42 32 5 43 38 5
40 0 5 41 3 5
43 23 5 44 31 5
2 51 5 3 56 5
1 48 5 2 51 5
54 8 5 55 16 5
53 26 5 54 33 5
35 52 5 36 56 5
30 0 5 31 9 5
33 45 5 34 55 5
46 45 5 47 48 5
43 35 5 44 40 5
55 43 5 56 53 5
Net_num 157
Net_id 0
pin_num 5
1 15 0
14 14 0
10 22 0
33 14 0
10 34 0
Net_id 1
pin_num 5
20 11 0
15 9 0
14 22 0
14 15 0
29 19 0
Net_id 2
pin_num 5
42 3 0
54 3 0
27 1 0
45 17 0
38 3 0
Net_id 3
pin_num 5
10 33 0
17 33 0
0 46 0
10 35 0
14 38 0
Net_id 4
pin_num 5
19 26 0
9 28 0
11 32 0
0 32 0
18 33 0
Net_id 5
pin_num 5
35 4 0
45 4 0
44 23 0
40 13 0
46 0 0
Net_id 6
pin_num 5
25 46 0
5 46 0
7 43 0
20 59 0
30 45 0
Net_id 7
pin_num 5
41 26 0
32 26 0
36 11 0
20 15 0
33 32 0
Net_id 8
pin_num 5
11 56 0
19 57 0
19 44 0
15 47 0
10 50 0
Net_id 9
pin_num 5
17 44 0
28 39 0
24 55 0
26 51 0
19 39 0
Net_id 10
pin_num 5
42 47 0
41 45 0
59 46 0
52 59 0
50 28 0
Net_id 11
pin_num 5
47 56 0
52 57 0
59 48 0
56 57 0
55 55 0
Net_id 12
pin_num 5
30 55 0
37 59 0
25 56 0
28 42 0
29 43 0
Net_id 13
pin_num 5
2 25 0
17 20 0
22 23 0
15 34 0
17 10 0
Net_id 14
pin_num 5
11 8 0
0 3 0
14 2 0
7 0 0
20 3 0
Net_id 15
pin_num 5
49 6 0
57 4 0
55 5 0
56 12 0
42 7 0
Net_id 16
pin_num 5
8 2 0
15 8 0
9 9 0
2 9 0
25 9 0
Net_id 17
pin_num 5
4 28 0
8 26 0
0 27 0
12 32 0
20 26 0
Net_id 18
pin_num 5
4 22 0
11 17 0
5 10 0
0 8 0
14 11 0
Net_id 19
pin_num 5
9 59 0
4 55 0
0 58 0
7 39 0
1 43 0
Net_id 20
pin_num 4
17 36 0
20 37 0
1 40 0
16 49 0
Net_id 21
pin_num 4
59 40 0
54 31 0
56 50 0
58 45 0
Net_id 22
pin_num 4
51 42 0
36 37 0
47 29 0
34 35 0
Net_id 23
pin_num 4
35 1 0
31 7 0
43 1 0
32 20 0
Net_id 24
pin_num 4
46 18 0
51 29 0
38 18 0
50 1 0
Net_id 25
pin_num 4
24 39 0
26 42 0
20 40 0
33 38 0
Net_id 26
pin_num 4
58 19 0
55 26 0
59 13 0
43 21 0
Net_id 27
pin_num 4
41 8 0
33 5 0
17 6 0
34 8 0
Net_id 28
pin_num 4
57 18 0
56 14 0
51 17 0
37 16 0
Net_id 29
pin_num 4
12 0 0
2 7 0
14 7 0
3 2 0
Net_id 30
pin_num 4
20 52 0
26 46 0
24 28 0
31 33 0
Net_id 31
pin_num 4
35 5 0
29 1 0
51 2 0
59 0 0
Net_id 32
pin_num 4
52 54 0
59 56 0
52 49 0
34 59 0
Net_id 33
pin_num 4
3 28 0
1 34 0
8 31 0
15 30 0
Net_id 34
pin_num 4
33 34 0
31 37 0
32 54 0
44 44 0
Net_id 35
pin_num 4
45 44 0
52 40 0
52 29 0
51 57 0
Net_id 36
pin_num 4
54 19 0
59 32 0
59 26 0
46 25 0
Net_id 37
pin_num 4
6 16 0
14 10 0
6 0 0
0 25 0
Net_id 38
pin_num 4
50 49 0
43 46 0
43 27 0
32 40 0
Net_id 39
pin_num 4
6 58 0
20 58 0
0 47 0
29 58 0
Net_id 40
pin_num 4
29 48 0
33 50 0
17 43 0
36 55 0
Net_id 41
pin_num 3
6 13 0
10 1 0
10 59 0
Net_id 42
pin_num 3
9 56 0
2 56 0
30 58 0
Net_id 43
pin_num 3
53 26 0
59 33 0
29 30 0
Net_id 44
pin_num 3
48 48 0
38 52 0
46 59 0
Net_id 45
pin_num 3
22 30 0
33 37 0
17 30 0
Net_id 46
pin_num 3
44 31 0
49 27 0
52 28 0
Net_id 47
pin_num 3
42 24 0
35 32 0
32 6 0
Net_id 48
pin_num 3
3 12 0
1 14 0
7 14 0
Net_id 49
pin_num 3
10 5 0
2 0 0
4 18 0
Net_id 50
pin_num 3
29 36 0
17 31 0
21 47 0
Net_id 51
pin_num 3
52 34 0
46 37 0
40 47 0
Net_id 52
pin_num 3
29 53 0
6 45 0
2 40 0
Net_id 53
pin_num 3
18 2 0
16 10 0
3 1 0
Net_id 54
pin_num 3
49 56 0
49 48 0
53 34 0
Net_id 55
pin_num 3
28 7 0
30 13 0
47 12 0
Net_id 56
pin_num 3
45 35 0
17 29 0
35 50 0
Net_id 57
pin_num 3
14 50 0
33 59 0
17 56 0
Net_id 58
pin_num 3
44 30 0
59 39 0
58 24 0
Net_id 59
pin_num 3
18 14 0
13 1 0
21 3 0
Net_id 60
pin_num 3
23 16 0
16 16 0
42 25 0
Net_id 61
pin_num 3
19 35 0
20 30 0
21 18 0
Net_id 62
pin_num 3
11 5 0
22 5 0
11 25 0
Net_id 63
pin_num 3
17 35 0
27 28 0
33 45 0
Net_id 64
pin_num 3
48 53 0
42 39 0
31 34 0
Net_id 65
pin_num 3
56 4 0
55 11 0
26 10 0
Net_id 66
pin_num 3
53 12 0
41 11 0
59 2 0
Net_id 67
pin_num 3
28 57 0
37 49 0
32 33 0
Net_id 68
pin_num 3
0 0 0
3 17 0
6 20 0
Net_id 69
pin_num 3
59 31 0
58 22 0
56 33 0
Net_id 70
pin_num 3
42 19 0
19 20 0
20 32 0
Net_id 71
pin_num 3
57 51 0
41 49 0
57 39 0
Net_id 72
pin_num 3
55 42 0
39 46 0
17 32 0
Net_id 73
pin_num 3
31 47 0
25 59 0
9 53 0
Net_id 74
pin_num 3
16 15 0
33 2 0
34 29 0
Net_id 75
pin_num 3
42 56 0
48 26 0
11 35 0
Net_id 76
pin_num 3
22 56 0
13 57 0
10 56 0
Net_id 77
pin_num 3
37 56 0
23 44 0
43 57 0
Net_id 78
pin_num 3
48 41 0
49 40 0
41 43 0
Net_id 79
pin_num 3
40 21 0
33 21 0
38 14 0
Net_id 80
pin_num 2
20 55 0
8 20 0
Net_id 81
pin_num 2
51 8 0
58 3 0
Net_id 82
pin_num 2
41 16 0
29 20 0
Net_id 83
pin_num 2
56 39 0
37 43 0
Net_id 84
pin_num 2
13 35 0
16 47 0
Net_id 85
pin_num 2
58 32 0
41 21 0
Net_id 86
pin_num 2
19 2 0
28 17 0
Net_id 87
pin_num 2
57 54 0
57 36 0
Net_id 88
pin_num 2
24 13 0
29 18 0
Net_id 89
pin_num 2
8 11 0
7 9 0
Net_id 90
pin_num 2
14 25 0
1 17 0
Net_id 91
pin_num 2
25 48 0
24 34 0
Net_id 92
pin_num 2
33 58 0
24 56 0
Net_id 93
pin_num 2
22 22 0
29 21 0
Net_id 94
pin_num 2
44 14 0
30 20 0
Net_id 95
pin_num 2
48 0 0
42 22 0
Net_id 96
pin_num 2
31 13 0
27 41 0
Net_id 97
pin_num 2
34 36 0
58 46 0
Net_id 98
pin_num 2
43 26 0
36 41 0
Net_id 99
pin_num 2
30 33 0
24 11 0
Net_id 100
pin_num 2
57 46 0
47 22 0
Net_id 101
pin_num 2
2 26 0
1 46 0
Net_id 102
pin_num 2
40 29 0
46 29 0
Net_id 103
pin_num 2
10 41 0
3 55 0
Net_id 104
pin_num 2
33 22 0
56 36 0
Net_id 105
pin_num 2
34 19 0
44 40 0
Net_id 106
pin_num 2
30 23 0
23 4 0
Net_id 107
pin_num 2
49 31 0
56 56 0
Net_id 108
pin_num 2
48 45 0
55 48 0
Net_id 109
pin_num 2
17 22 0
19 24 0
Net_id 110
pin_num 2
33 48 0
27 54 0
Net_id 111
pin_num 2
37 13 0
36 1 0
Net_id 112
pin_num 2
33 54 0
50 50 0
Net_id 113
pin_num 2
16 31 0
12 29 0
Net_id 114
pin_num 2
59 1 0
32 21 0
Net_id 115
pin_num 2
6 2 0
7 12 0
Net_id 116
pin_num 2
5 44 0
6 30 0
Net_id 117
pin_num 2
11 30 0
23 52 0
Net_id 118
pin_num 2
32 5 0
25 4 0
Net_id 119
pin_num 2
25 2 0
52 18 0
Net_id 120
pin_num 2
24 25 0
39 17 0
Net_id 121
pin_num 2
39 9 0
43 17 0
Net_id 122
pin_num 2
53 9 0
43 5 0
Net_id 123
pin_num 2
48 57 0
43 59 0
Net_id 124
pin_num 2
3 41 0
4 57 0
Net_id 125
pin_num 2
4 20 0
2 11 0
Net_id 126
pin_num 2
11 16 0
20 1 0
Net_id 127
pin_num 2
46 17 0
53 22 0
Net_id 128
pin_num 2
53 51 0
52 51 0
Net_id 129
pin_num 2
33 51 0
55 56 0
Net_id 130
pin_num 2
44 25 0
36 23 0
Net_id 131
pin_num 2
6 26 0
7 30 0
Net_id 132
pin_num 2
40 30 0
31 21 0
Net_id 133
pin_num 2
39 29 0
31 43 0
Net_id 134
pin_num 2
44 8 0
52 2 0
Net_id 135
pin_num 2
51 11 0
37 3 0
Net_id 136
pin_num 2
39 10 0
40 2 0
Net_id 137
pin_num 2
56 49 0
58 36 0
Net_id 138
pin_num 2
21 41 0
28 37 0
Net_id 139
pin_num 2
46 6 0
30 16 0
Net_id 140
pin_num 2
30 32 0
21 55 0
Net_id 141
pin_num 2
25 27 0
10 14 0
Net_id 142
pin_num 2
34 47 0
26 44 0
Net_id 143
pin_num 2
35 43 0
39 39 0
Net_id 144
pin_num 2
11 20 0
2 47 0
Net_id 145
pin_num 2
12 24 0
2 43 0
Net_id 146
pin_num 2
41 27 0
42 51 0
Net_id 147
pin_num 2
17 52 0
9 54 0
Net_id 148
pin_num 2
27 10 0
41 17 0
Net_id 149
pin_num 2
41 52 0
45 37 0
Net_id 150
pin_num 2
16 8 0
33 4 0
Net_id 151
pin_num 2
43 19 0
59 27 0
Net_id 152
pin_num 2
46 16 0
59 28 0
Net_id 153
pin_num 2
30 28 0
40 39 0
Net_id 154
pin_num 2
24 6 0
52 23 0
Net_id 155
pin_num 2
26 18 0
22 14 0
Net_id 156
pin_num 2
23 12 0
31 3 0
