Width 60
Height 60
Layer 6
Total_WL 6770
Obstacle_num 144
43 47 0 51 48 0
2 21 0 7 22 0
11 51 0 17 52 0
16 49 0 19 50 0
1 12 0 4 13 0
36 54 0 46 55 0
8 40 0 12 41 0
37 14 0 47 15 0
28 29 0 33 30 0
48 8 0 58 9 0
8 11 0 16 12 0
51 36 0 59 37 0
18 18 0 21 19 0
4 14 0 13 15 0
31 50 0 38 51 0
28 56 0 31 57 0
34 27 0 44 28 0
4 4 0 12 5 0
18 27 0 27 28 0
34 17 0 44 18 0
36 2 0 43 3 0
34 45 0 42 46 0
35 12 0 42 13 0
11 52 0 19 53 0
47 26 1 48 29 1
4 2 1 5 10 1
18 33 1 19 37 1
40 39 1 41 42 1
23 37 1 24 43 1
57 45 1 58 54 1
7 48 1 8 56 1
50 17 1 51 26 1
40 25 1 41 34 1
14 46 1 15 52 1
39 39 1 40 47 1
30 39 1 31 45 1
49 29 1 50 39 1
32 6 1 33 16 1
20 30 1 21 35 1
21 46 1 22 54 1
44 12 1 45 20 1
34 24 1 35 28 1
46 52 1 47 58 1
6 3 1 7 11 1
51 34 1 52 41 1
7 5 1 8 9 1
37 9 1 38 12 1
35 15 1 36 21 1
38 12 2 42 13 2
32 46 2 36 47 2
44 56 2 52 57 2
44 11 2 49 12 2
30 32 2 36 33 2
1 3 2 7 4 2
4 43 2 11 44 2
1 14 2 9 15 2
45 43 2 55 44 2
24 16 2 34 17 2
14 42 2 23 43 2
47 58 2 54 59 2
32 50 2 41 51 2
16 56 2 24 57 2
25 2 2 35 3 2
35 18 2 43 19 2
8 38 2 12 39 2
4 33 2 14 34 2
12 34 2 19 35 2
40 41 2 46 42 2
45 15 2 52 16 2
6 17 2 10 18 2
53 22 2 59 23 2
11 12 2 21 13 2
26 25 3 27 35 3
3 50 3 4 59 3
39 34 3 40 39 3
2 22 3 3 26 3
39 18 3 40 21 3
45 7 3 46 16 3
53 25 3 54 33 3
4 14 3 5 24 3
33 55 3 34 58 3
23 12 3 24 17 3
30 5 3 31 9 3
19 19 3 20 29 3
52 54 3 53 57 3
39 48 3 40 55 3
57 37 3 58 46 3
36 41 3 37 50 3
18 1 3 19 10 3
33 28 3 34 37 3
16 39 3 17 42 3
29 12 3 30 20 3
0 12 3 1 15 3
43 30 3 44 34 3
22 51 3 23 56 3
2 37 3 3 41 3
19 1 4 25 2 4
37 14 4 43 15 4
14 58 4 22 59 4
40 19 4 44 20 4
16 32 4 22 33 4
37 30 4 46 31 4
25 35 4 34 36 4
30 31 4 36 32 4
10 37 4 13 38 4
13 24 4 20 25 4
10 56 4 20 57 4
8 42 4 12 43 4
16 23 4 23 24 4
3 55 4 7 56 4
36 20 4 41 21 4
0 19 4 8 20 4
21 48 4 30 49 4
5 15 4 12 16 4
52 10 4 57 11 4
46 51 4 55 52 4
24 22 4 27 23 4
46 36 4 54 37 4
55 14 4 59 15 4
12 57 4 21 58 4
9 41 5 10 49 5
48 37 5 49 44 5
7 20 5 8 23 5
58 18 5 59 23 5
5 29 5 6 36 5
41 46 5 42 51 5
24 3 5 25 6 5
47 26 5 48 33 5
57 16 5 58 25 5
22 9 5 23 13 5
7 32 5 8 39 5
4 21 5 5 27 5
53 47 5 54 56 5
44 26 5 45 30 5
37 54 5 38 57 5
40 20 5 41 23 5
56 47 5 57 55 5
39 53 5 40 57 5
53 23 5 54 33 5
9 29 5 10 39 5
33 13 5 34 22 5
45 8 5 46 18 5
2 36 5 3 44 5
26 43 5 27 53 5
Net_num 155
Net_id 0
pin_num 5
38 28 0
46 17 0
29 22 0
24 20 0
20 22 0
Net_id 1
pin_num 5
48 18 0
40 21 0
41 13 0
55 18 0
45 0 0
Net_id 2
pin_num 5
5 16 0
1 13 0
0 29 0
3 34 0
5 18 0
Net_id 3
pin_num 5
50 32 0
59 29 0
39 30 0
47 30 0
58 16 0
Net_id 4
pin_num 5
16 42 0
13 39 0
18 40 0
24 41 0
11 41 0
Net_id 5
pin_num 5
2 34 0
0 35 0
1 15 0
9 28 0
4 32 0
Net_id 6
pin_num 5
16 11 0
25 0 0
2 0 0
24 1 0
22 5 0
Net_id 7
pin_num 5
36 34 0
27 43 0
33 53 0
50 34 0
42 47 0
Net_id 8
pin_num 5
10 20 0
0 11 0
0 33 0
11 18 0
7 29 0
Net_id 9
pin_num 5
37 28 0
27 19 0
33 23 0
36 7 0
37 19 0
Net_id 10
pin_num 5
25 49 0
21 35 0
15 36 0
45 35 0
10 50 0
Net_id 11
pin_num 5
59 44 0
48 53 0
56 59 0
45 59 0
55 31 0
Net_id 12
pin_num 5
9 22 0
2 26 0
13 26 0
5 41 0
2 37 0
Net_id 13
pin_num 5
49 51 0
53 57 0
39 58 0
32 55 0
54 57 0
Net_id 14
pin_num 5
38 31 0
55 17 0
50 29 0
33 33 0
36 29 0
Net_id 15
pin_num 5
34 48 0
31 51 0
19 54 0
48 45 0
15 54 0
Net_id 16
pin_num 5
21 40 0
26 36 0
22 17 0
35 40 0
0 31 0
Net_id 17
pin_num 5
36 20 0
41 7 0
30 8 0
25 21 0
37 25 0
Net_id 18
pin_num 5
43 21 0
51 17 0
42 13 0
59 18 0
38 35 0
Net_id 19
pin_num 5
24 59 0
33 57 0
33 59 0
25 56 0
34 42 0
Net_id 20
pin_num 4
13 37 0
19 29 0
1 11 0
7 9 0
Net_id 21
pin_num 4
35 41 0
24 50 0
27 45 0
32 39 0
Net_id 22
pin_num 4
21 20 0
18 13 0
23 25 0
18 26 0
Net_id 23
pin_num 4
45 8 0
46 0 0
31 6 0
36 8 0
Net_id 24
pin_num 4
22 42 0
31 42 0
19 22 0
3 15 0
Net_id 25
pin_num 4
59 38 0
52 38 0
56 47 0
56 31 0
Net_id 26
pin_num 4
47 49 0
40 59 0
26 51 0
29 37 0
Net_id 27
pin_num 4
40 36 0
57 34 0
59 20 0
50 43 0
Net_id 28
pin_num 4
29 43 0
37 30 0
38 46 0
39 59 0
Net_id 29
pin_num 4
8 27 0
4 26 0
6 32 0
5 19 0
Net_id 30
pin_num 4
35 9 0
18 9 0
26 10 0
27 12 0
Net_id 31
pin_num 4
44 42 0
40 46 0
44 48 0
41 59 0
Net_id 32
pin_num 4
15 3 0
1 0 0
20 2 0
21 8 0
Net_id 33
pin_num 4
18 34 0
4 38 0
8 48 0
15 38 0
Net_id 34
pin_num 4
11 36 0
0 39 0
12 42 0
14 21 0
Net_id 35
pin_num 4
56 4 0
34 7 0
59 4 0
46 12 0
Net_id 36
pin_num 4
1 19 0
12 28 0
11 23 0
12 16 0
Net_id 37
pin_num 4
51 49 0
59 57 0
59 48 0
52 41 0
Net_id 38
pin_num 4
3 24 0
10 24 0
21 31 0
10 22 0
Net_id 39
pin_num 4
5 57 0
14 54 0
13 32 0
7 42 0
Net_id 40
pin_num 3
43 44 0
59 43 0
46 23 0
Net_id 41
pin_num 3
28 25 0
37 31 0
34 0 0
Net_id 42
pin_num 3
26 5 0
10 12 0
4 10 0
Net_id 43
pin_num 3
25 48 0
32 38 0
41 40 0
Net_id 44
pin_num 3
46 4 0
53 6 0
50 14 0
Net_id 45
pin_num 3
18 45 0
44 52 0
29 31 0
Net_id 46
pin_num 3
3 55 0
12 55 0
4 59 0
Net_id 47
pin_num 3
17 35 0
14 10 0
14 0 0
Net_id 48
pin_num 3
8 43 0
17 25 0
17 59 0
Net_id 49
pin_num 3
40 16 0
32 22 0
40 24 0
Net_id 50
pin_num 3
56 34 0
51 23 0
44 27 0
Net_id 51
pin_num 3
50 49 0
37 57 0
58 42 0
Net_id 52
pin_num 3
19 44 0
11 35 0
26 58 0
Net_id 53
pin_num 3
37 48 0
35 58 0
40 56 0
Net_id 54
pin_num 3
59 28 0
50 28 0
48 33 0
Net_id 55
pin_num 3
12 31 0
2 31 0
0 40 0
Net_id 56
pin_num 3
13 41 0
18 38 0
16 26 0
Net_id 57
pin_num 3
39 38 0
33 24 0
27 21 0
Net_id 58
pin_num 3
47 39 0
35 31 0
30 19 0
Net_id 59
pin_num 3
4 56 0
15 56 0
13 44 0
Net_id 60
pin_num 3
59 33 0
50 35 0
54 14 0
Net_id 61
pin_num 3
19 17 0
8 29 0
30 36 0
Net_id 62
pin_num 3
9 16 0
0 0 0
38 9 0
Net_id 63
pin_num 3
27 26 0
49 39 0
59 19 0
Net_id 64
pin_num 3
32 30 0
5 42 0
59 35 0
Net_id 65
pin_num 3
41 53 0
24 55 0
59 47 0
Net_id 66
pin_num 3
19 43 0
13 28 0
16 18 0
Net_id 67
pin_num 3
45 33 0
51 44 0
59 37 0
Net_id 68
pin_num 3
10 7 0
21 17 0
13 4 0
Net_id 69
pin_num 3
47 53 0
35 21 0
58 58 0
Net_id 70
pin_num 3
23 51 0
18 44 0
3 49 0
Net_id 71
pin_num 3
30 47 0
1 46 0
9 59 0
Net_id 72
pin_num 3
52 22 0
42 7 0
56 7 0
Net_id 73
pin_num 3
47 15 0
24 17 0
51 26 0
Net_id 74
pin_num 3
12 48 0
10 58 0
19 49 0
Net_id 75
pin_num 3
30 53 0
43 57 0
48 41 0
Net_id 76
pin_num 3
21 13 0
16 7 0
5 5 0
Net_id 77
pin_num 3
4 6 0
1 4 0
6 12 0
Net_id 78
pin_num 3
8 15 0
22 13 0
15 4 0
Net_id 79
pin_num 2
8 16 0
7 15 0
Net_id 80
pin_num 2
1 58 0
18 55 0
Net_id 81
pin_num 2
22 50 0
18 59 0
Net_id 82
pin_num 2
3 8 0
15 16 0
Net_id 83
pin_num 2
7 38 0
12 36 0
Net_id 84
pin_num 2
19 41 0
29 52 0
Net_id 85
pin_num 2
1 35 0
12 26 0
Net_id 86
pin_num 2
9 9 0
8 1 0
Net_id 87
pin_num 2
43 1 0
35 7 0
Net_id 88
pin_num 2
6 45 0
13 13 0
Net_id 89
pin_num 2
3 0 0
9 6 0
Net_id 90
pin_num 2
49 21 0
52 23 0
Net_id 91
pin_num 2
52 15 0
39 32 0
Net_id 92
pin_num 2
9 25 0
25 3 0
Net_id 93
pin_num 2
50 10 0
59 2 0
Net_id 94
pin_num 2
51 10 0
59 1 0
Net_id 95
pin_num 2
13 21 0
27 31 0
Net_id 96
pin_num 2
43 29 0
43 6 0
Net_id 97
pin_num 2
49 14 0
35 14 0
Net_id 98
pin_num 2
44 24 0
34 44 0
Net_id 99
pin_num 2
5 53 0
1 51 0
Net_id 100
pin_num 2
1 32 0
8 21 0
Net_id 101
pin_num 2
46 45 0
52 40 0
Net_id 102
pin_num 2
41 35 0
53 17 0
Net_id 103
pin_num 2
31 33 0
45 29 0
Net_id 104
pin_num 2
11 54 0
12 58 0
Net_id 105
pin_num 2
35 5 0
37 6 0
Net_id 106
pin_num 2
29 33 0
13 23 0
Net_id 107
pin_num 2
19 15 0
40 7 0
Net_id 108
pin_num 2
30 38 0
34 41 0
Net_id 109
pin_num 2
29 44 0
45 43 0
Net_id 110
pin_num 2
21 2 0
30 10 0
Net_id 111
pin_num 2
14 50 0
6 42 0
Net_id 112
pin_num 2
3 2 0
8 13 0
Net_id 113
pin_num 2
56 27 0
50 46 0
Net_id 114
pin_num 2
17 19 0
26 21 0
Net_id 115
pin_num 2
13 10 0
25 8 0
Net_id 116
pin_num 2
26 18 0
33 15 0
Net_id 117
pin_num 2
19 14 0
26 23 0
Net_id 118
pin_num 2
12 24 0
10 35 0
Net_id 119
pin_num 2
47 24 0
40 44 0
Net_id 120
pin_num 2
8 58 0
2 44 0
Net_id 121
pin_num 2
16 56 0
18 57 0
Net_id 122
pin_num 2
23 55 0
20 53 0
Net_id 123
pin_num 2
31 3 0
13 14 0
Net_id 124
pin_num 2
52 59 0
59 42 0
Net_id 125
pin_num 2
9 19 0
29 28 0
Net_id 126
pin_num 2
15 25 0
34 12 0
Net_id 127
pin_num 2
35 57 0
34 47 0
Net_id 128
pin_num 2
46 32 0
55 21 0
Net_id 129
pin_num 2
42 37 0
29 38 0
Net_id 130
pin_num 2
24 3 0
21 14 0
Net_id 131
pin_num 2
14 49 0
37 41 0
Net_id 132
pin_num 2
32 24 0
24 28 0
Net_id 133
pin_num 2
43 4 0
51 7 0
Net_id 134
pin_num 2
52 57 0
47 57 0
Net_id 135
pin_num 2
25 39 0
20 43 0
Net_id 136
pin_num 2
37 11 0
51 2 0
Net_id 137
pin_num 2
10 9 0
20 3 0
Net_id 138
pin_num 2
51 25 0
48 7 0
Net_id 139
pin_num 2
15 5 0
29 1 0
Net_id 140
pin_num 2
0 53 0
16 55 0
Net_id 141
pin_num 2
56 25 0
51 41 0
Net_id 142
pin_num 2
39 6 0
53 14 0
Net_id 143
pin_num 2
5 38 0
15 58 0
Net_id 144
pin_num 2
36 30 0
30 33 0
Net_id 145
pin_num 2
13 59 0
24 51 0
Net_id 146
pin_num 2
18 31 0
3 43 0
Net_id 147
pin_num 2
23 14 0
31 36 0
Net_id 148
pin_num 2
13 1 0
38 10 0
Net_id 149
pin_num 2
47 59 0
51 47 0
Net_id 150
pin_num 2
16 59 0
35 47 0
Net_id 151
pin_num 2
53 24 0
56 11 0
Net_id 152
pin_num 2
0 38 0
8 53 0
Net_id 153
pin_num 2
49 53 0
56 35 0
Net_id 154
pin_num 2
23 29 0
29 0 0
