Width 60
Height 60
Layer 6
Total_WL 6667
Obstacle_num 144
36 2 0 42 3 0
9 3 0 14 4 0
36 34 0 41 35 0
39 41 0 47 42 0
50 44 0 55 45 0
4 45 0 9 46 0
38 12 0 47 13 0
20 7 0 27 8 0
47 14 0 52 15 0
34 16 0 41 17 0
38 50 0 44 51 0
26 32 0 32 33 0
29 14 0 34 15 0
33 58 0 39 59 0
44 17 0 47 18 0
17 26 0 24 27 0
25 31 0 30 32 0
10 46 0 17 47 0
30 1 0 38 2 0
40 44 0 47 45 0
46 51 0 50 52 0
5 0 0 9 1 0
14 29 0 19 30 0
12 49 0 19 50 0
29 7 1 30 10 1
27 21 1 28 31 1
2 10 1 3 19 1
14 31 1 15 36 1
43 37 1 44 45 1
36 3 1 37 12 1
50 16 1 51 22 1
24 41 1 25 45 1
54 45 1 55 50 1
51 25 1 52 29 1
40 45 1 41 50 1
32 45 1 33 55 1
46 7 1 47 13 1
28 6 1 29 13 1
49 3 1 50 9 1
43 8 1 44 12 1
38 11 1 39 19 1
38 30 1 39 37 1
40 2 1 41 11 1
46 15 1 47 24 1
40 18 1 41 22 1
31 25 1 32 32 1
54 18 1 55 27 1
20 29 1 21 38 1
17 0 2 24 1 2
27 45 2 33 46 2
9 23 2 16 24 2
20 44 2 29 45 2
41 40 2 45 41 2
25 5 2 33 6 2
51 10 2 56 11 2
26 34 2 36 35 2
1 49 2 5 50 2
3 42 2 6 43 2
38 25 2 43 26 2
21 8 2 29 9 2
46 43 2 55 44 2
33 21 2 40 22 2
49 36 2 54 37 2
29 27 2 38 28 2
23 9 2 32 10 2
1 9 2 6 10 2
50 48 2 55 49 2
5 54 2 14 55 2
22 38 2 27 39 2
19 20 2 28 21 2
46 10 2 49 11 2
28 19 2 35 20 2
8 14 3 9 23 3
6 39 3 7 48 3
28 12 3 29 16 3
27 14 3 28 18 3
17 2 3 18 11 3
50 13 3 51 19 3
14 0 3 15 10 3
54 2 3 55 6 3
22 33 3 23 39 3
6 12 3 7 19 3
11 32 3 12 39 3
8 23 3 9 27 3
44 2 3 45 10 3
50 50 3 51 57 3
27 22 3 28 32 3
5 29 3 6 39 3
51 7 3 52 16 3
44 31 3 45 40 3
41 45 3 42 51 3
26 50 3 27 53 3
37 35 3 38 45 3
33 0 3 34 3 3
23 1 3 24 7 3
13 18 3 14 24 3
19 52 4 25 53 4
20 14 4 28 15 4
44 13 4 48 14 4
21 21 4 30 22 4
20 56 4 23 57 4
2 37 4 6 38 4
32 5 4 39 6 4
36 23 4 43 24 4
18 53 4 28 54 4
4 40 4 14 41 4
44 0 4 53 1 4
12 21 4 19 22 4
15 32 4 23 33 4
8 20 4 18 21 4
44 24 4 53 25 4
29 44 4 36 45 4
51 1 4 54 2 4
35 21 4 38 22 4
37 56 4 43 57 4
26 4 4 29 5 4
4 16 4 8 17 4
35 33 4 38 34 4
37 45 4 45 46 4
54 57 4 59 58 4
9 29 5 10 32 5
43 10 5 44 16 5
28 21 5 29 27 5
39 55 5 40 58 5
14 12 5 15 20 5
51 14 5 52 19 5
28 33 5 29 38 5
16 44 5 17 47 5
40 51 5 41 54 5
50 26 5 51 30 5
16 4 5 17 13 5
25 54 5 26 57 5
10 10 5 11 20 5
34 30 5 35 40 5
44 25 5 45 31 5
1 24 5 2 31 5
23 6 5 24 15 5
40 47 5 41 50 5
0 34 5 1 40 5
7 12 5 8 22 5
47 6 5 48 11 5
25 20 5 26 25 5
30 21 5 31 26 5
14 52 5 15 59 5
Net_num 162
Net_id 0
pin_num 5
26 20 0
14 13 0
21 35 0
31 30 0
34 31 0
Net_id 1
pin_num 5
5 35 0
3 46 0
23 45 0
9 42 0
0 23 0
Net_id 2
pin_num 5
48 50 0
53 50 0
56 59 0
59 44 0
45 43 0
Net_id 3
pin_num 5
50 57 0
47 48 0
48 26 0
48 21 0
59 33 0
Net_id 4
pin_num 5
27 56 0
24 49 0
2 59 0
14 43 0
4 52 0
Net_id 5
pin_num 5
42 23 0
35 23 0
41 6 0
56 22 0
25 17 0
Net_id 6
pin_num 5
51 37 0
58 37 0
57 54 0
56 26 0
59 51 0
Net_id 7
pin_num 5
12 50 0
4 47 0
7 43 0
8 58 0
21 59 0
Net_id 8
pin_num 5
43 2 0
52 2 0
44 22 0
33 9 0
34 27 0
Net_id 9
pin_num 5
7 28 0
11 16 0
2 17 0
14 17 0
8 32 0
Net_id 10
pin_num 5
14 57 0
0 59 0
29 58 0
0 51 0
2 46 0
Net_id 11
pin_num 5
20 16 0
25 16 0
23 24 0
39 24 0
28 27 0
Net_id 12
pin_num 5
53 46 0
51 36 0
52 35 0
59 45 0
58 29 0
Net_id 13
pin_num 5
8 2 0
18 2 0
32 0 0
34 2 0
20 1 0
Net_id 14
pin_num 5
9 1 0
9 5 0
5 5 0
21 3 0
4 0 0
Net_id 15
pin_num 5
15 14 0
20 14 0
16 30 0
32 26 0
0 20 0
Net_id 16
pin_num 5
18 21 0
14 11 0
17 16 0
42 17 0
18 37 0
Net_id 17
pin_num 5
4 30 0
18 34 0
13 38 0
12 29 0
3 33 0
Net_id 18
pin_num 5
39 53 0
54 58 0
59 58 0
45 52 0
41 35 0
Net_id 19
pin_num 5
3 9 0
12 1 0
0 1 0
3 3 0
19 9 0
Net_id 20
pin_num 4
14 24 0
32 28 0
26 19 0
12 0 0
Net_id 21
pin_num 4
49 25 0
47 29 0
35 35 0
40 40 0
Net_id 22
pin_num 4
57 51 0
49 46 0
55 57 0
55 50 0
Net_id 23
pin_num 4
33 20 0
20 13 0
35 13 0
51 15 0
Net_id 24
pin_num 4
57 52 0
56 52 0
58 57 0
52 55 0
Net_id 25
pin_num 4
43 0 0
58 5 0
55 16 0
53 8 0
Net_id 26
pin_num 4
48 31 0
55 29 0
50 32 0
44 47 0
Net_id 27
pin_num 4
0 17 0
0 10 0
5 16 0
4 6 0
Net_id 28
pin_num 4
28 46 0
19 46 0
34 48 0
3 48 0
Net_id 29
pin_num 4
14 7 0
3 6 0
7 1 0
16 3 0
Net_id 30
pin_num 4
20 47 0
30 44 0
26 29 0
29 59 0
Net_id 31
pin_num 4
33 7 0
20 6 0
25 19 0
24 10 0
Net_id 32
pin_num 4
49 53 0
59 59 0
47 57 0
53 41 0
Net_id 33
pin_num 4
52 19 0
39 18 0
32 19 0
44 29 0
Net_id 34
pin_num 4
15 51 0
18 44 0
20 54 0
17 40 0
Net_id 35
pin_num 4
48 1 0
48 7 0
39 3 0
51 11 0
Net_id 36
pin_num 4
11 12 0
20 10 0
9 10 0
10 11 0
Net_id 37
pin_num 4
46 26 0
40 25 0
36 35 0
54 27 0
Net_id 38
pin_num 4
28 6 0
39 8 0
33 16 0
27 11 0
Net_id 39
pin_num 4
57 29 0
49 38 0
54 56 0
58 51 0
Net_id 40
pin_num 4
49 22 0
43 14 0
43 45 0
22 24 0
Net_id 41
pin_num 3
40 7 0
47 11 0
36 10 0
Net_id 42
pin_num 3
15 0 0
9 12 0
0 9 0
Net_id 43
pin_num 3
51 13 0
58 7 0
39 0 0
Net_id 44
pin_num 3
21 14 0
6 19 0
8 27 0
Net_id 45
pin_num 3
1 36 0
7 36 0
5 52 0
Net_id 46
pin_num 3
2 22 0
4 21 0
1 3 0
Net_id 47
pin_num 3
4 18 0
13 23 0
13 6 0
Net_id 48
pin_num 3
19 43 0
9 51 0
2 39 0
Net_id 49
pin_num 3
48 36 0
33 30 0
47 31 0
Net_id 50
pin_num 3
0 37 0
24 39 0
6 35 0
Net_id 51
pin_num 3
39 51 0
29 29 0
42 52 0
Net_id 52
pin_num 3
13 8 0
0 5 0
30 4 0
Net_id 53
pin_num 3
14 35 0
3 44 0
12 41 0
Net_id 54
pin_num 3
21 2 0
15 7 0
27 4 0
Net_id 55
pin_num 3
38 14 0
42 13 0
48 16 0
Net_id 56
pin_num 3
1 1 0
8 15 0
8 24 0
Net_id 57
pin_num 3
56 48 0
45 58 0
30 59 0
Net_id 58
pin_num 3
7 42 0
11 44 0
16 58 0
Net_id 59
pin_num 3
6 49 0
27 59 0
1 59 0
Net_id 60
pin_num 3
50 5 0
29 1 0
30 3 0
Net_id 61
pin_num 3
16 22 0
11 27 0
22 12 0
Net_id 62
pin_num 3
0 49 0
6 29 0
6 40 0
Net_id 63
pin_num 3
36 25 0
59 30 0
29 10 0
Net_id 64
pin_num 3
9 47 0
15 52 0
0 50 0
Net_id 65
pin_num 3
25 33 0
3 32 0
21 39 0
Net_id 66
pin_num 3
22 32 0
45 38 0
30 23 0
Net_id 67
pin_num 3
0 19 0
6 13 0
17 28 0
Net_id 68
pin_num 3
46 55 0
32 41 0
31 40 0
Net_id 69
pin_num 3
39 42 0
54 39 0
37 39 0
Net_id 70
pin_num 3
15 53 0
10 48 0
16 42 0
Net_id 71
pin_num 3
23 35 0
42 33 0
39 40 0
Net_id 72
pin_num 3
17 55 0
30 55 0
25 37 0
Net_id 73
pin_num 3
25 38 0
33 35 0
31 12 0
Net_id 74
pin_num 3
52 57 0
47 53 0
30 53 0
Net_id 75
pin_num 3
31 38 0
44 34 0
54 28 0
Net_id 76
pin_num 3
22 42 0
34 50 0
1 52 0
Net_id 77
pin_num 3
27 37 0
42 21 0
29 3 0
Net_id 78
pin_num 3
33 22 0
51 18 0
50 1 0
Net_id 79
pin_num 3
17 25 0
36 14 0
31 18 0
Net_id 80
pin_num 3
57 35 0
54 30 0
50 26 0
Net_id 81
pin_num 2
19 53 0
8 42 0
Net_id 82
pin_num 2
12 56 0
29 41 0
Net_id 83
pin_num 2
3 49 0
6 31 0
Net_id 84
pin_num 2
34 32 0
51 47 0
Net_id 85
pin_num 2
18 5 0
17 6 0
Net_id 86
pin_num 2
51 5 0
55 17 0
Net_id 87
pin_num 2
48 25 0
42 24 0
Net_id 88
pin_num 2
37 11 0
28 21 0
Net_id 89
pin_num 2
5 49 0
11 32 0
Net_id 90
pin_num 2
17 22 0
25 22 0
Net_id 91
pin_num 2
27 22 0
36 13 0
Net_id 92
pin_num 2
42 18 0
46 18 0
Net_id 93
pin_num 2
9 53 0
1 56 0
Net_id 94
pin_num 2
12 48 0
11 45 0
Net_id 95
pin_num 2
7 15 0
1 34 0
Net_id 96
pin_num 2
9 38 0
1 55 0
Net_id 97
pin_num 2
41 34 0
45 36 0
Net_id 98
pin_num 2
28 26 0
42 43 0
Net_id 99
pin_num 2
6 30 0
22 40 0
Net_id 100
pin_num 2
57 10 0
56 3 0
Net_id 101
pin_num 2
43 33 0
51 24 0
Net_id 102
pin_num 2
36 36 0
18 38 0
Net_id 103
pin_num 2
51 6 0
14 22 0
Net_id 104
pin_num 2
56 15 0
47 30 0
Net_id 105
pin_num 2
45 33 0
46 29 0
Net_id 106
pin_num 2
51 17 0
38 0 0
Net_id 107
pin_num 2
47 21 0
42 11 0
Net_id 108
pin_num 2
33 56 0
58 48 0
Net_id 109
pin_num 2
16 36 0
19 44 0
Net_id 110
pin_num 2
49 37 0
38 42 0
Net_id 111
pin_num 2
55 18 0
39 46 0
Net_id 112
pin_num 2
57 11 0
50 3 0
Net_id 113
pin_num 2
24 41 0
30 38 0
Net_id 114
pin_num 2
46 24 0
37 35 0
Net_id 115
pin_num 2
22 31 0
28 23 0
Net_id 116
pin_num 2
24 51 0
26 39 0
Net_id 117
pin_num 2
2 20 0
14 37 0
Net_id 118
pin_num 2
55 39 0
56 44 0
Net_id 119
pin_num 2
1 38 0
1 11 0
Net_id 120
pin_num 2
36 3 0
40 11 0
Net_id 121
pin_num 2
31 25 0
32 16 0
Net_id 122
pin_num 2
23 28 0
26 23 0
Net_id 123
pin_num 2
34 29 0
46 40 0
Net_id 124
pin_num 2
30 56 0
3 31 0
Net_id 125
pin_num 2
0 26 0
11 15 0
Net_id 126
pin_num 2
59 8 0
53 17 0
Net_id 127
pin_num 2
25 18 0
45 9 0
Net_id 128
pin_num 2
1 27 0
2 24 0
Net_id 129
pin_num 2
27 36 0
7 25 0
Net_id 130
pin_num 2
35 48 0
50 56 0
Net_id 131
pin_num 2
21 18 0
4 20 0
Net_id 132
pin_num 2
31 49 0
45 50 0
Net_id 133
pin_num 2
19 23 0
25 23 0
Net_id 134
pin_num 2
4 50 0
3 56 0
Net_id 135
pin_num 2
11 22 0
4 28 0
Net_id 136
pin_num 2
30 22 0
35 20 0
Net_id 137
pin_num 2
15 9 0
33 25 0
Net_id 138
pin_num 2
40 1 0
19 7 0
Net_id 139
pin_num 2
8 44 0
16 39 0
Net_id 140
pin_num 2
1 13 0
12 26 0
Net_id 141
pin_num 2
42 49 0
58 28 0
Net_id 142
pin_num 2
32 23 0
20 49 0
Net_id 143
pin_num 2
4 46 0
1 39 0
Net_id 144
pin_num 2
42 28 0
37 21 0
Net_id 145
pin_num 2
38 43 0
36 47 0
Net_id 146
pin_num 2
54 34 0
45 32 0
Net_id 147
pin_num 2
34 28 0
45 46 0
Net_id 148
pin_num 2
28 8 0
42 2 0
Net_id 149
pin_num 2
46 58 0
53 58 0
Net_id 150
pin_num 2
44 5 0
26 2 0
Net_id 151
pin_num 2
30 51 0
30 41 0
Net_id 152
pin_num 2
59 29 0
56 20 0
Net_id 153
pin_num 2
37 13 0
42 20 0
Net_id 154
pin_num 2
18 19 0
23 10 0
Net_id 155
pin_num 2
45 40 0
38 37 0
Net_id 156
pin_num 2
34 53 0
52 33 0
Net_id 157
pin_num 2
56 9 0
50 4 0
Net_id 158
pin_num 2
59 40 0
46 43 0
Net_id 159
pin_num 2
14 15 0
10 29 0
Net_id 160
pin_num 2
53 26 0
57 21 0
Net_id 161
pin_num 2
35 0 0
42 8 0
