Width 60
Height 60
Layer 6
Total_WL 6321
Obstacle_num 144
43 37 0 49 38 0
40 0 0 50 1 0
21 2 0 27 3 0
0 46 0 10 47 0
3 19 0 10 20 0
21 7 0 31 8 0
21 9 0 24 10 0
35 46 0 40 47 0
9 36 0 15 37 0
7 11 0 17 12 0
10 31 0 19 32 0
25 15 0 29 16 0
4 0 0 9 1 0
46 42 0 54 43 0
0 12 0 10 13 0
18 58 0 26 59 0
14 53 0 17 54 0
45 12 0 49 13 0
41 52 0 44 53 0
13 19 0 23 20 0
53 53 0 59 54 0
5 45 0 11 46 0
37 23 0 47 24 0
24 8 0 33 9 0
8 30 1 9 39 1
4 3 1 5 8 1
58 27 1 59 31 1
12 5 1 13 10 1
55 13 1 56 21 1
22 48 1 23 54 1
56 2 1 57 7 1
19 38 1 20 45 1
14 25 1 15 29 1
12 17 1 13 26 1
12 31 1 13 35 1
53 17 1 54 22 1
27 23 1 28 27 1
36 49 1 37 54 1
11 27 1 12 34 1
46 42 1 47 47 1
39 0 1 40 10 1
15 52 1 16 59 1
22 39 1 23 46 1
30 23 1 31 31 1
18 19 1 19 27 1
3 38 1 4 41 1
31 16 1 32 20 1
10 29 1 11 38 1
21 50 2 25 51 2
31 15 2 36 16 2
18 27 2 28 28 2
6 20 2 16 21 2
38 30 2 44 31 2
53 49 2 59 50 2
38 48 2 43 49 2
32 32 2 41 33 2
31 18 2 39 19 2
48 50 2 54 51 2
38 28 2 43 29 2
18 5 2 21 6 2
31 41 2 40 42 2
7 44 2 14 45 2
16 57 2 20 58 2
33 47 2 38 48 2
13 9 2 17 10 2
0 50 2 7 51 2
30 42 2 36 43 2
24 45 2 33 46 2
19 40 2 23 41 2
8 31 2 13 32 2
27 34 2 37 35 2
33 20 2 36 21 2
14 27 3 15 37 3
37 14 3 38 19 3
53 26 3 54 36 3
39 43 3 40 47 3
31 34 3 32 41 3
49 21 3 50 30 3
10 24 3 11 28 3
19 46 3 20 55 3
25 28 3 26 37 3
47 43 3 48 49 3
38 49 3 39 52 3
1 44 3 2 48 3
42 17 3 43 26 3
35 33 3 36 36 3
54 35 3 55 45 3
35 41 3 36 46 3
50 12 3 51 18 3
57 8 3 58 17 3
23 40 3 24 44 3
50 20 3 51 29 3
2 39 3 3 47 3
1 8 3 2 17 3
14 7 3 15 15 3
48 7 3 49 16 3
4 12 4 7 13 4
13 6 4 16 7 4
34 34 4 38 35 4
46 34 4 52 35 4
17 1 4 26 2 4
25 55 4 29 56 4
17 6 4 20 7 4
21 18 4 26 19 4
35 25 4 44 26 4
28 11 4 34 12 4
26 46 4 32 47 4
22 3 4 28 4 4
39 24 4 42 25 4
39 6 4 46 7 4
5 16 4 12 17 4
49 36 4 59 37 4
3 54 4 12 55 4
19 20 4 23 21 4
46 19 4 56 20 4
36 58 4 45 59 4
12 13 4 21 14 4
45 40 4 51 41 4
21 50 4 24 51 4
31 10 4 35 11 4
0 51 5 1 58 5
57 17 5 58 24 5
40 32 5 41 40 5
50 0 5 51 9 5
39 12 5 40 20 5
18 32 5 19 41 5
35 37 5 36 42 5
45 30 5 46 34 5
9 45 5 10 53 5
34 51 5 35 59 5
55 39 5 56 43 5
13 2 5 14 11 5
57 3 5 58 9 5
40 7 5 41 17 5
14 48 5 15 58 5
26 50 5 27 55 5
14 24 5 15 31 5
52 22 5 53 30 5
31 9 5 32 12 5
52 46 5 53 54 5
21 2 5 22 5 5
14 37 5 15 46 5
43 35 5 44 40 5
46 6 5 47 12 5
Net_num 156
Net_id 0
pin_num 5
38 22 0
33 22 0
48 22 0
50 0 0
45 11 0
Net_id 1
pin_num 5
10 18 0
15 26 0
0 37 0
20 24 0
17 29 0
Net_id 2
pin_num 5
11 21 0
16 20 0
25 20 0
49 20 0
45 1 0
Net_id 3
pin_num 5
25 54 0
11 58 0
42 54 0
38 41 0
35 59 0
Net_id 4
pin_num 5
19 1 0
35 1 0
32 0 0
19 0 0
30 9 0
Net_id 5
pin_num 5
53 52 0
59 51 0
55 47 0
56 46 0
54 43 0
Net_id 6
pin_num 5
55 33 0
49 33 0
50 28 0
59 28 0
53 38 0
Net_id 7
pin_num 5
58 26 0
47 16 0
50 9 0
56 22 0
58 17 0
Net_id 8
pin_num 5
38 7 0
36 12 0
44 3 0
36 23 0
41 13 0
Net_id 9
pin_num 5
49 18 0
40 18 0
59 13 0
54 14 0
25 18 0
Net_id 10
pin_num 5
10 2 0
3 0 0
0 5 0
0 6 0
15 0 0
Net_id 11
pin_num 5
34 48 0
46 56 0
56 56 0
50 45 0
59 57 0
Net_id 12
pin_num 5
27 59 0
22 59 0
34 51 0
25 42 0
17 52 0
Net_id 13
pin_num 5
30 44 0
13 44 0
21 38 0
9 30 0
16 22 0
Net_id 14
pin_num 5
37 21 0
39 32 0
56 24 0
59 35 0
39 56 0
Net_id 15
pin_num 5
43 14 0
41 31 0
53 26 0
23 24 0
49 22 0
Net_id 16
pin_num 5
40 13 0
37 17 0
50 20 0
40 25 0
46 19 0
Net_id 17
pin_num 5
54 49 0
46 50 0
51 30 0
59 45 0
58 44 0
Net_id 18
pin_num 5
52 48 0
59 48 0
55 39 0
33 43 0
24 43 0
Net_id 19
pin_num 4
41 38 0
36 40 0
22 34 0
30 43 0
Net_id 20
pin_num 4
33 17 0
35 13 0
38 6 0
50 5 0
Net_id 21
pin_num 4
3 39 0
18 36 0
7 59 0
7 40 0
Net_id 22
pin_num 4
1 33 0
17 27 0
12 39 0
28 39 0
Net_id 23
pin_num 4
31 5 0
46 15 0
29 15 0
59 12 0
Net_id 24
pin_num 4
57 49 0
57 38 0
59 54 0
56 59 0
Net_id 25
pin_num 4
28 55 0
19 56 0
34 50 0
42 53 0
Net_id 26
pin_num 4
48 6 0
53 5 0
51 1 0
59 3 0
Net_id 27
pin_num 4
56 34 0
49 28 0
41 39 0
26 36 0
Net_id 28
pin_num 4
13 26 0
1 35 0
1 30 0
16 35 0
Net_id 29
pin_num 4
44 49 0
33 49 0
37 44 0
50 44 0
Net_id 30
pin_num 4
53 19 0
54 40 0
56 12 0
57 19 0
Net_id 31
pin_num 4
22 32 0
28 47 0
17 45 0
26 25 0
Net_id 32
pin_num 4
7 51 0
0 42 0
1 58 0
18 47 0
Net_id 33
pin_num 4
32 57 0
21 37 0
6 41 0
42 57 0
Net_id 34
pin_num 4
56 9 0
56 10 0
43 11 0
58 16 0
Net_id 35
pin_num 4
16 51 0
13 59 0
31 53 0
0 56 0
Net_id 36
pin_num 4
46 45 0
49 38 0
42 31 0
52 46 0
Net_id 37
pin_num 4
50 22 0
59 9 0
51 25 0
52 34 0
Net_id 38
pin_num 3
14 32 0
20 26 0
29 30 0
Net_id 39
pin_num 3
22 49 0
12 50 0
13 35 0
Net_id 40
pin_num 3
29 34 0
31 27 0
23 35 0
Net_id 41
pin_num 3
38 16 0
51 23 0
35 16 0
Net_id 42
pin_num 3
42 13 0
57 25 0
40 11 0
Net_id 43
pin_num 3
34 21 0
40 26 0
40 45 0
Net_id 44
pin_num 3
56 15 0
49 4 0
28 4 0
Net_id 45
pin_num 3
57 31 0
43 34 0
43 21 0
Net_id 46
pin_num 3
31 37 0
37 37 0
23 28 0
Net_id 47
pin_num 3
56 27 0
49 47 0
33 31 0
Net_id 48
pin_num 3
21 3 0
2 13 0
11 22 0
Net_id 49
pin_num 3
8 35 0
7 29 0
18 37 0
Net_id 50
pin_num 3
55 54 0
43 57 0
43 45 0
Net_id 51
pin_num 3
44 50 0
37 42 0
59 41 0
Net_id 52
pin_num 3
25 11 0
50 18 0
44 34 0
Net_id 53
pin_num 3
32 23 0
52 35 0
58 58 0
Net_id 54
pin_num 3
5 41 0
1 41 0
13 48 0
Net_id 55
pin_num 3
0 34 0
19 45 0
20 38 0
Net_id 56
pin_num 3
30 2 0
10 13 0
2 4 0
Net_id 57
pin_num 3
22 57 0
12 51 0
0 53 0
Net_id 58
pin_num 3
47 15 0
32 25 0
38 19 0
Net_id 59
pin_num 3
49 29 0
40 29 0
19 34 0
Net_id 60
pin_num 3
46 44 0
40 53 0
43 59 0
Net_id 61
pin_num 3
19 23 0
34 27 0
16 33 0
Net_id 62
pin_num 3
18 7 0
11 7 0
2 1 0
Net_id 63
pin_num 3
43 50 0
35 50 0
41 42 0
Net_id 64
pin_num 3
53 59 0
38 56 0
37 51 0
Net_id 65
pin_num 3
35 8 0
0 7 0
0 24 0
Net_id 66
pin_num 3
3 36 0
17 38 0
0 39 0
Net_id 67
pin_num 3
57 4 0
48 23 0
45 6 0
Net_id 68
pin_num 3
16 15 0
16 6 0
4 14 0
Net_id 69
pin_num 3
0 14 0
11 19 0
30 14 0
Net_id 70
pin_num 3
46 3 0
37 2 0
53 0 0
Net_id 71
pin_num 3
8 32 0
17 21 0
13 14 0
Net_id 72
pin_num 3
31 3 0
19 2 0
1 5 0
Net_id 73
pin_num 3
41 1 0
34 6 0
22 6 0
Net_id 74
pin_num 3
48 40 0
59 43 0
56 54 0
Net_id 75
pin_num 3
49 10 0
52 13 0
59 1 0
Net_id 76
pin_num 2
57 57 0
59 50 0
Net_id 77
pin_num 2
56 40 0
55 57 0
Net_id 78
pin_num 2
3 37 0
1 59 0
Net_id 79
pin_num 2
55 2 0
38 2 0
Net_id 80
pin_num 2
59 29 0
42 27 0
Net_id 81
pin_num 2
56 26 0
52 22 0
Net_id 82
pin_num 2
15 10 0
19 9 0
Net_id 83
pin_num 2
19 53 0
26 50 0
Net_id 84
pin_num 2
33 25 0
51 10 0
Net_id 85
pin_num 2
28 41 0
42 55 0
Net_id 86
pin_num 2
5 15 0
22 10 0
Net_id 87
pin_num 2
14 16 0
8 15 0
Net_id 88
pin_num 2
37 56 0
28 51 0
Net_id 89
pin_num 2
11 59 0
20 48 0
Net_id 90
pin_num 2
28 34 0
26 51 0
Net_id 91
pin_num 2
32 42 0
6 32 0
Net_id 92
pin_num 2
44 17 0
15 8 0
Net_id 93
pin_num 2
26 31 0
21 34 0
Net_id 94
pin_num 2
11 6 0
15 23 0
Net_id 95
pin_num 2
25 51 0
20 51 0
Net_id 96
pin_num 2
35 40 0
29 40 0
Net_id 97
pin_num 2
53 44 0
57 26 0
Net_id 98
pin_num 2
53 39 0
50 36 0
Net_id 99
pin_num 2
3 30 0
0 13 0
Net_id 100
pin_num 2
32 9 0
35 27 0
Net_id 101
pin_num 2
10 21 0
3 32 0
Net_id 102
pin_num 2
27 50 0
31 52 0
Net_id 103
pin_num 2
48 30 0
37 26 0
Net_id 104
pin_num 2
31 13 0
17 15 0
Net_id 105
pin_num 2
14 18 0
16 18 0
Net_id 106
pin_num 2
17 50 0
30 35 0
Net_id 107
pin_num 2
7 5 0
18 2 0
Net_id 108
pin_num 2
18 11 0
31 2 0
Net_id 109
pin_num 2
44 33 0
33 53 0
Net_id 110
pin_num 2
49 54 0
42 44 0
Net_id 111
pin_num 2
16 2 0
19 22 0
Net_id 112
pin_num 2
23 34 0
24 28 0
Net_id 113
pin_num 2
1 17 0
3 7 0
Net_id 114
pin_num 2
28 58 0
28 26 0
Net_id 115
pin_num 2
39 7 0
56 8 0
Net_id 116
pin_num 2
38 3 0
33 3 0
Net_id 117
pin_num 2
46 34 0
50 35 0
Net_id 118
pin_num 2
16 27 0
2 26 0
Net_id 119
pin_num 2
15 35 0
24 56 0
Net_id 120
pin_num 2
30 47 0
37 39 0
Net_id 121
pin_num 2
28 14 0
41 3 0
Net_id 122
pin_num 2
7 56 0
24 48 0
Net_id 123
pin_num 2
29 39 0
48 35 0
Net_id 124
pin_num 2
23 16 0
49 3 0
Net_id 125
pin_num 2
2 15 0
19 21 0
Net_id 126
pin_num 2
56 30 0
52 24 0
Net_id 127
pin_num 2
56 58 0
33 48 0
Net_id 128
pin_num 2
29 21 0
3 42 0
Net_id 129
pin_num 2
21 56 0
16 43 0
Net_id 130
pin_num 2
16 36 0
12 13 0
Net_id 131
pin_num 2
9 8 0
1 24 0
Net_id 132
pin_num 2
51 51 0
24 26 0
Net_id 133
pin_num 2
21 12 0
5 5 0
Net_id 134
pin_num 2
30 32 0
9 43 0
Net_id 135
pin_num 2
22 4 0
44 1 0
Net_id 136
pin_num 2
3 26 0
8 18 0
Net_id 137
pin_num 2
30 5 0
6 39 0
Net_id 138
pin_num 2
3 41 0
9 58 0
Net_id 139
pin_num 2
8 4 0
11 2 0
Net_id 140
pin_num 2
48 25 0
45 25 0
Net_id 141
pin_num 2
50 1 0
41 8 0
Net_id 142
pin_num 2
0 43 0
6 43 0
Net_id 143
pin_num 2
30 57 0
14 49 0
Net_id 144
pin_num 2
20 6 0
3 6 0
Net_id 145
pin_num 2
21 10 0
8 22 0
Net_id 146
pin_num 2
17 4 0
7 18 0
Net_id 147
pin_num 2
1 26 0
5 44 0
Net_id 148
pin_num 2
16 25 0
7 22 0
Net_id 149
pin_num 2
2 5 0
5 3 0
Net_id 150
pin_num 2
58 35 0
56 39 0
Net_id 151
pin_num 2
22 42 0
18 42 0
Net_id 152
pin_num 2
24 18 0
13 13 0
Net_id 153
pin_num 2
31 14 0
39 11 0
Net_id 154
pin_num 2
33 44 0
18 54 0
Net_id 155
pin_num 2
1 4 0
5 7 0
