Width 60
Height 60
Layer 6
Total_WL 7039
Obstacle_num 144
24 38 0 29 39 0
6 26 0 10 27 0
41 56 0 46 57 0
53 5 0 59 6 0
29 0 0 34 1 0
22 55 0 27 56 0
3 55 0 11 56 0
18 26 0 25 27 0
18 34 0 24 35 0
17 19 0 20 20 0
15 36 0 18 37 0
50 23 0 57 24 0
21 8 0 26 9 0
48 52 0 51 53 0
44 21 0 54 22 0
28 49 0 36 50 0
24 43 0 30 44 0
33 51 0 43 52 0
45 10 0 50 11 0
42 30 0 52 31 0
1 42 0 9 43 0
10 51 0 17 52 0
25 11 0 30 12 0
27 18 0 31 19 0
34 44 1 35 54 1
4 20 1 5 26 1
27 15 1 28 25 1
45 44 1 46 48 1
31 5 1 32 14 1
7 15 1 8 24 1
25 50 1 26 56 1
36 9 1 37 19 1
38 40 1 39 47 1
8 35 1 9 39 1
9 13 1 10 20 1
44 11 1 45 18 1
31 20 1 32 28 1
26 28 1 27 33 1
15 5 1 16 11 1
33 22 1 34 32 1
6 32 1 7 38 1
42 38 1 43 43 1
28 30 1 29 37 1
5 34 1 6 38 1
1 15 1 2 19 1
22 47 1 23 54 1
16 35 1 17 43 1
19 7 1 20 16 1
40 50 2 43 51 2
48 25 2 56 26 2
49 45 2 56 46 2
13 22 2 22 23 2
29 30 2 35 31 2
25 51 2 32 52 2
50 9 2 57 10 2
51 13 2 58 14 2
23 33 2 30 34 2
8 13 2 18 14 2
35 41 2 42 42 2
25 44 2 35 45 2
16 46 2 24 47 2
18 15 2 22 16 2
53 27 2 57 28 2
44 34 2 53 35 2
28 49 2 32 50 2
39 17 2 42 18 2
26 57 2 30 58 2
8 56 2 13 57 2
7 38 2 16 39 2
35 43 2 41 44 2
35 53 2 40 54 2
15 31 2 18 32 2
22 45 3 23 49 3
7 7 3 8 12 3
30 12 3 31 18 3
39 14 3 40 20 3
46 4 3 47 14 3
21 50 3 22 55 3
55 4 3 56 7 3
27 15 3 28 20 3
53 22 3 54 30 3
24 23 3 25 32 3
16 52 3 17 57 3
10 29 3 11 39 3
47 21 3 48 24 3
37 21 3 38 31 3
6 50 3 7 56 3
35 20 3 36 24 3
38 16 3 39 23 3
16 6 3 17 14 3
14 23 3 15 31 3
4 24 3 5 34 3
27 26 3 28 33 3
53 44 3 54 51 3
50 28 3 51 34 3
1 13 3 2 22 3
43 28 4 46 29 4
22 52 4 29 53 4
48 45 4 53 46 4
17 18 4 20 19 4
12 31 4 15 32 4
33 53 4 38 54 4
26 51 4 32 52 4
0 10 4 8 11 4
31 28 4 34 29 4
47 26 4 54 27 4
13 48 4 23 49 4
42 52 4 50 53 4
10 55 4 16 56 4
44 0 4 52 1 4
15 23 4 21 24 4
24 23 4 27 24 4
27 19 4 32 20 4
17 36 4 22 37 4
34 48 4 41 49 4
33 43 4 39 44 4
37 57 4 42 58 4
26 28 4 30 29 4
46 38 4 51 39 4
1 47 4 9 48 4
42 12 5 43 20 5
49 30 5 50 40 5
24 43 5 25 46 5
50 26 5 51 35 5
50 21 5 51 26 5
54 27 5 55 33 5
10 26 5 11 30 5
11 47 5 12 56 5
22 17 5 23 20 5
30 8 5 31 18 5
12 31 5 13 41 5
25 32 5 26 36 5
54 50 5 55 54 5
14 32 5 15 40 5
10 2 5 11 11 5
2 5 5 3 8 5
42 39 5 43 49 5
4 38 5 5 45 5
27 44 5 28 50 5
29 10 5 30 19 5
28 16 5 29 19 5
43 52 5 44 59 5
33 10 5 34 20 5
5 11 5 6 20 5
Net_num 162
Net_id 0
pin_num 5
49 32 0
45 32 0
46 52 0
42 34 0
47 9 0
Net_id 1
pin_num 5
0 20 0
7 6 0
4 9 0
0 7 0
0 21 0
Net_id 2
pin_num 5
46 49 0
56 50 0
59 58 0
33 54 0
58 41 0
Net_id 3
pin_num 5
17 2 0
31 1 0
31 14 0
20 18 0
31 17 0
Net_id 4
pin_num 5
12 49 0
1 53 0
7 29 0
19 53 0
0 49 0
Net_id 5
pin_num 5
22 46 0
16 46 0
10 59 0
36 59 0
2 48 0
Net_id 6
pin_num 5
33 52 0
48 56 0
33 56 0
29 56 0
40 44 0
Net_id 7
pin_num 5
2 38 0
12 42 0
8 45 0
0 33 0
2 43 0
Net_id 8
pin_num 5
57 46 0
51 51 0
54 44 0
58 42 0
41 46 0
Net_id 9
pin_num 5
18 56 0
30 50 0
40 50 0
13 54 0
19 51 0
Net_id 10
pin_num 5
27 55 0
47 55 0
29 42 0
58 59 0
29 32 0
Net_id 11
pin_num 5
24 21 0
22 25 0
23 18 0
27 22 0
33 21 0
Net_id 12
pin_num 5
26 47 0
30 32 0
23 39 0
32 41 0
27 40 0
Net_id 13
pin_num 5
47 8 0
55 3 0
37 0 0
38 13 0
59 6 0
Net_id 14
pin_num 5
5 51 0
2 37 0
2 55 0
0 32 0
0 31 0
Net_id 15
pin_num 5
20 58 0
4 52 0
30 52 0
36 48 0
10 58 0
Net_id 16
pin_num 5
23 44 0
27 48 0
37 48 0
9 59 0
30 58 0
Net_id 17
pin_num 5
54 1 0
59 1 0
58 12 0
52 5 0
52 24 0
Net_id 18
pin_num 5
8 0 0
2 15 0
10 15 0
1 6 0
14 3 0
Net_id 19
pin_num 5
56 30 0
51 39 0
39 32 0
51 58 0
54 26 0
Net_id 20
pin_num 4
49 1 0
45 6 0
58 13 0
48 7 0
Net_id 21
pin_num 4
11 30 0
5 33 0
10 20 0
26 16 0
Net_id 22
pin_num 4
39 57 0
44 48 0
17 57 0
43 59 0
Net_id 23
pin_num 4
3 20 0
9 24 0
0 23 0
9 0 0
Net_id 24
pin_num 4
5 28 0
1 8 0
10 0 0
9 11 0
Net_id 25
pin_num 4
2 46 0
0 50 0
15 50 0
8 46 0
Net_id 26
pin_num 4
24 25 0
28 28 0
22 27 0
22 44 0
Net_id 27
pin_num 4
54 10 0
57 22 0
59 41 0
59 18 0
Net_id 28
pin_num 4
1 29 0
11 34 0
1 33 0
3 14 0
Net_id 29
pin_num 4
56 31 0
58 24 0
49 23 0
42 27 0
Net_id 30
pin_num 4
56 51 0
43 50 0
50 59 0
39 58 0
Net_id 31
pin_num 4
37 26 0
41 25 0
30 25 0
36 40 0
Net_id 32
pin_num 4
52 47 0
57 43 0
59 38 0
57 35 0
Net_id 33
pin_num 4
48 43 0
43 49 0
49 44 0
48 31 0
Net_id 34
pin_num 4
36 13 0
25 13 0
29 23 0
23 24 0
Net_id 35
pin_num 4
55 39 0
58 40 0
58 50 0
54 56 0
Net_id 36
pin_num 4
24 17 0
17 18 0
11 17 0
28 23 0
Net_id 37
pin_num 4
26 31 0
16 27 0
16 3 0
17 45 0
Net_id 38
pin_num 4
8 13 0
2 13 0
5 23 0
3 5 0
Net_id 39
pin_num 4
22 31 0
11 42 0
16 47 0
12 31 0
Net_id 40
pin_num 3
3 56 0
0 55 0
2 36 0
Net_id 41
pin_num 3
59 25 0
44 10 0
36 0 0
Net_id 42
pin_num 3
34 44 0
15 33 0
12 11 0
Net_id 43
pin_num 3
50 13 0
33 2 0
11 7 0
Net_id 44
pin_num 3
57 45 0
50 49 0
55 42 0
Net_id 45
pin_num 3
5 43 0
17 51 0
9 27 0
Net_id 46
pin_num 3
3 40 0
4 54 0
18 43 0
Net_id 47
pin_num 3
10 5 0
10 11 0
32 10 0
Net_id 48
pin_num 3
36 10 0
18 27 0
21 58 0
Net_id 49
pin_num 3
9 46 0
13 43 0
11 50 0
Net_id 50
pin_num 3
18 45 0
28 53 0
21 55 0
Net_id 51
pin_num 3
36 30 0
31 31 0
31 37 0
Net_id 52
pin_num 3
16 15 0
5 7 0
9 25 0
Net_id 53
pin_num 3
25 29 0
13 29 0
14 11 0
Net_id 54
pin_num 3
58 3 0
51 7 0
59 32 0
Net_id 55
pin_num 3
13 58 0
14 47 0
20 42 0
Net_id 56
pin_num 3
23 37 0
32 45 0
30 54 0
Net_id 57
pin_num 3
39 34 0
21 42 0
49 38 0
Net_id 58
pin_num 3
8 22 0
6 30 0
34 29 0
Net_id 59
pin_num 3
50 25 0
39 44 0
47 45 0
Net_id 60
pin_num 3
50 5 0
34 0 0
54 11 0
Net_id 61
pin_num 3
20 49 0
16 58 0
15 48 0
Net_id 62
pin_num 3
16 38 0
26 36 0
47 35 0
Net_id 63
pin_num 3
50 40 0
51 48 0
41 39 0
Net_id 64
pin_num 3
30 47 0
19 50 0
20 33 0
Net_id 65
pin_num 3
19 21 0
13 28 0
1 27 0
Net_id 66
pin_num 3
19 6 0
4 14 0
20 19 0
Net_id 67
pin_num 3
32 22 0
40 15 0
36 42 0
Net_id 68
pin_num 3
14 25 0
25 26 0
18 42 0
Net_id 69
pin_num 3
7 40 0
21 40 0
19 18 0
Net_id 70
pin_num 3
17 12 0
2 20 0
2 22 0
Net_id 71
pin_num 3
50 31 0
48 34 0
44 37 0
Net_id 72
pin_num 3
8 37 0
23 48 0
47 40 0
Net_id 73
pin_num 3
46 18 0
45 31 0
46 25 0
Net_id 74
pin_num 3
29 28 0
37 44 0
49 55 0
Net_id 75
pin_num 3
53 34 0
26 41 0
32 46 0
Net_id 76
pin_num 3
52 52 0
59 56 0
57 34 0
Net_id 77
pin_num 3
26 3 0
5 24 0
15 4 0
Net_id 78
pin_num 3
22 13 0
25 9 0
5 2 0
Net_id 79
pin_num 3
17 47 0
31 58 0
42 47 0
Net_id 80
pin_num 3
59 13 0
43 4 0
30 1 0
Net_id 81
pin_num 2
26 12 0
0 26 0
Net_id 82
pin_num 2
37 19 0
23 23 0
Net_id 83
pin_num 2
24 50 0
11 53 0
Net_id 84
pin_num 2
43 12 0
34 24 0
Net_id 85
pin_num 2
10 24 0
18 22 0
Net_id 86
pin_num 2
44 45 0
35 31 0
Net_id 87
pin_num 2
7 59 0
2 45 0
Net_id 88
pin_num 2
47 56 0
40 42 0
Net_id 89
pin_num 2
58 56 0
48 53 0
Net_id 90
pin_num 2
10 1 0
29 3 0
Net_id 91
pin_num 2
38 22 0
18 20 0
Net_id 92
pin_num 2
47 17 0
49 15 0
Net_id 93
pin_num 2
51 16 0
46 20 0
Net_id 94
pin_num 2
56 28 0
35 28 0
Net_id 95
pin_num 2
25 53 0
9 58 0
Net_id 96
pin_num 2
44 2 0
51 5 0
Net_id 97
pin_num 2
28 10 0
46 3 0
Net_id 98
pin_num 2
42 22 0
43 15 0
Net_id 99
pin_num 2
19 3 0
14 0 0
Net_id 100
pin_num 2
35 21 0
55 2 0
Net_id 101
pin_num 2
42 40 0
59 57 0
Net_id 102
pin_num 2
2 27 0
19 41 0
Net_id 103
pin_num 2
5 15 0
8 27 0
Net_id 104
pin_num 2
44 33 0
56 38 0
Net_id 105
pin_num 2
31 40 0
31 45 0
Net_id 106
pin_num 2
4 50 0
41 53 0
Net_id 107
pin_num 2
41 38 0
31 18 0
Net_id 108
pin_num 2
11 45 0
5 49 0
Net_id 109
pin_num 2
26 6 0
53 14 0
Net_id 110
pin_num 2
21 24 0
13 30 0
Net_id 111
pin_num 2
13 36 0
3 36 0
Net_id 112
pin_num 2
17 32 0
40 16 0
Net_id 113
pin_num 2
8 14 0
21 30 0
Net_id 114
pin_num 2
13 49 0
20 39 0
Net_id 115
pin_num 2
53 42 0
53 32 0
Net_id 116
pin_num 2
11 9 0
11 25 0
Net_id 117
pin_num 2
49 56 0
58 51 0
Net_id 118
pin_num 2
1 4 0
14 7 0
Net_id 119
pin_num 2
37 32 0
11 12 0
Net_id 120
pin_num 2
51 47 0
32 52 0
Net_id 121
pin_num 2
39 54 0
48 59 0
Net_id 122
pin_num 2
22 19 0
2 23 0
Net_id 123
pin_num 2
49 42 0
40 28 0
Net_id 124
pin_num 2
27 23 0
34 18 0
Net_id 125
pin_num 2
6 2 0
7 4 0
Net_id 126
pin_num 2
15 38 0
7 25 0
Net_id 127
pin_num 2
10 27 0
25 41 0
Net_id 128
pin_num 2
20 21 0
28 1 0
Net_id 129
pin_num 2
25 34 0
41 26 0
Net_id 130
pin_num 2
13 27 0
6 44 0
Net_id 131
pin_num 2
9 47 0
15 41 0
Net_id 132
pin_num 2
29 1 0
28 15 0
Net_id 133
pin_num 2
42 49 0
31 47 0
Net_id 134
pin_num 2
3 31 0
8 15 0
Net_id 135
pin_num 2
29 7 0
13 39 0
Net_id 136
pin_num 2
7 45 0
1 52 0
Net_id 137
pin_num 2
58 18 0
41 27 0
Net_id 138
pin_num 2
17 10 0
28 8 0
Net_id 139
pin_num 2
7 3 0
2 10 0
Net_id 140
pin_num 2
15 42 0
0 27 0
Net_id 141
pin_num 2
36 45 0
19 5 0
Net_id 142
pin_num 2
51 55 0
44 46 0
Net_id 143
pin_num 2
31 4 0
32 8 0
Net_id 144
pin_num 2
56 22 0
26 14 0
Net_id 145
pin_num 2
53 53 0
56 58 0
Net_id 146
pin_num 2
55 17 0
43 8 0
Net_id 147
pin_num 2
10 8 0
2 5 0
Net_id 148
pin_num 2
57 24 0
53 20 0
Net_id 149
pin_num 2
20 44 0
30 53 0
Net_id 150
pin_num 2
49 41 0
54 35 0
Net_id 151
pin_num 2
3 51 0
9 54 0
Net_id 152
pin_num 2
41 34 0
36 28 0
Net_id 153
pin_num 2
44 58 0
33 47 0
Net_id 154
pin_num 2
41 7 0
37 2 0
Net_id 155
pin_num 2
11 55 0
20 43 0
Net_id 156
pin_num 2
2 12 0
6 15 0
Net_id 157
pin_num 2
38 8 0
56 2 0
Net_id 158
pin_num 2
12 20 0
5 30 0
Net_id 159
pin_num 2
46 58 0
51 46 0
Net_id 160
pin_num 2
30 27 0
40 22 0
Net_id 161
pin_num 2
5 54 0
9 52 0
