Width 60
Height 60
Layer 6
Total_WL 6951
Obstacle_num 144
16 50 0 20 51 0
14 55 0 23 56 0
14 34 0 23 35 0
48 57 0 52 58 0
30 42 0 35 43 0
31 40 0 41 41 0
26 17 0 31 18 0
2 35 0 8 36 0
47 7 0 55 8 0
1 40 0 10 41 0
18 53 0 21 54 0
53 5 0 58 6 0
50 55 0 53 56 0
9 39 0 18 40 0
50 9 0 59 10 0
37 53 0 42 54 0
14 0 0 23 1 0
25 23 0 31 24 0
29 31 0 35 32 0
11 37 0 20 38 0
1 31 0 7 32 0
6 32 0 15 33 0
36 4 0 42 5 0
15 42 0 25 43 0
54 10 1 55 18 1
47 1 1 48 11 1
36 46 1 37 53 1
53 19 1 54 28 1
30 20 1 31 23 1
41 18 1 42 26 1
17 21 1 18 28 1
29 0 1 30 3 1
22 45 1 23 51 1
41 38 1 42 45 1
39 6 1 40 13 1
50 49 1 51 56 1
16 46 1 17 52 1
49 5 1 50 13 1
56 44 1 57 52 1
10 37 1 11 46 1
11 9 1 12 15 1
14 15 1 15 24 1
56 28 1 57 38 1
34 23 1 35 32 1
40 0 1 41 5 1
29 26 1 30 32 1
23 12 1 24 20 1
20 42 1 21 51 1
33 48 2 36 49 2
42 33 2 52 34 2
7 54 2 12 55 2
7 33 2 14 34 2
48 40 2 54 41 2
32 46 2 38 47 2
37 18 2 46 19 2
20 39 2 25 40 2
50 51 2 57 52 2
33 34 2 43 35 2
38 16 2 44 17 2
31 42 2 35 43 2
18 42 2 23 43 2
25 15 2 32 16 2
45 54 2 49 55 2
8 32 2 17 33 2
44 26 2 48 27 2
37 13 2 41 14 2
51 2 2 57 3 2
29 6 2 35 7 2
18 32 2 27 33 2
10 22 2 19 23 2
46 58 2 55 59 2
39 56 2 46 57 2
35 48 3 36 52 3
54 29 3 55 34 3
22 3 3 23 9 3
43 51 3 44 56 3
18 32 3 19 37 3
6 35 3 7 41 3
57 10 3 58 17 3
40 51 3 41 55 3
27 3 3 28 12 3
3 20 3 4 24 3
21 19 3 22 29 3
25 7 3 26 13 3
17 22 3 18 25 3
32 15 3 33 25 3
29 24 3 30 27 3
52 3 3 53 11 3
52 53 3 53 59 3
16 37 3 17 46 3
36 49 3 37 55 3
19 11 3 20 15 3
19 25 3 20 32 3
15 37 3 16 44 3
58 6 3 59 10 3
4 38 3 5 42 3
47 48 4 56 49 4
5 50 4 14 51 4
8 10 4 14 11 4
23 9 4 31 10 4
23 4 4 31 5 4
35 54 4 45 55 4
31 0 4 38 1 4
17 58 4 27 59 4
11 20 4 15 21 4
35 40 4 41 41 4
35 9 4 43 10 4
8 7 4 18 8 4
6 34 4 9 35 4
20 54 4 24 55 4
46 49 4 50 50 4
3 10 4 8 11 4
3 44 4 8 45 4
21 0 4 27 1 4
45 3 4 53 4 4
18 18 4 28 19 4
49 2 4 59 3 4
29 3 4 34 4 4
33 55 4 43 56 4
3 42 4 10 43 4
21 2 5 22 6 5
42 32 5 43 37 5
48 7 5 49 15 5
55 49 5 56 57 5
26 32 5 27 37 5
33 30 5 34 40 5
54 31 5 55 36 5
31 12 5 32 20 5
46 51 5 47 54 5
13 33 5 14 39 5
29 25 5 30 29 5
1 55 5 2 58 5
9 10 5 10 20 5
9 54 5 10 59 5
29 14 5 30 22 5
12 32 5 13 37 5
46 8 5 47 11 5
26 39 5 27 45 5
5 41 5 6 49 5
14 21 5 15 31 5
42 43 5 43 50 5
10 44 5 11 51 5
21 46 5 22 51 5
12 18 5 13 26 5
Net_num 160
Net_id 0
pin_num 5
4 54 0
12 57 0
11 46 0
12 36 0
37 48 0
Net_id 1
pin_num 5
34 17 0
43 12 0
20 16 0
7 16 0
37 21 0
Net_id 2
pin_num 5
9 20 0
24 19 0
20 31 0
17 19 0
28 41 0
Net_id 3
pin_num 5
9 13 0
10 13 0
8 34 0
17 13 0
19 13 0
Net_id 4
pin_num 5
9 24 0
13 19 0
0 34 0
3 33 0
9 25 0
Net_id 5
pin_num 5
35 42 0
47 42 0
37 59 0
40 46 0
43 44 0
Net_id 6
pin_num 5
47 11 0
47 31 0
36 22 0
59 13 0
53 0 0
Net_id 7
pin_num 5
42 1 0
51 13 0
28 1 0
59 1 0
59 0 0
Net_id 8
pin_num 5
28 18 0
17 12 0
6 18 0
6 21 0
46 18 0
Net_id 9
pin_num 5
49 45 0
45 45 0
47 59 0
57 45 0
59 54 0
Net_id 10
pin_num 5
22 17 0
27 24 0
13 0 0
5 18 0
2 20 0
Net_id 11
pin_num 5
19 33 0
35 32 0
22 20 0
38 21 0
36 31 0
Net_id 12
pin_num 5
10 24 0
13 22 0
11 43 0
7 34 0
9 29 0
Net_id 13
pin_num 5
8 15 0
0 26 0
5 26 0
4 33 0
7 36 0
Net_id 14
pin_num 5
25 27 0
16 52 0
19 24 0
37 26 0
37 29 0
Net_id 15
pin_num 5
21 24 0
9 17 0
14 14 0
0 23 0
38 23 0
Net_id 16
pin_num 5
34 12 0
22 12 0
33 19 0
25 1 0
31 23 0
Net_id 17
pin_num 5
59 2 0
48 2 0
59 9 0
58 10 0
49 4 0
Net_id 18
pin_num 5
22 7 0
12 7 0
11 1 0
25 5 0
4 7 0
Net_id 19
pin_num 5
36 3 0
27 1 0
28 6 0
25 2 0
17 2 0
Net_id 20
pin_num 4
13 44 0
17 31 0
35 44 0
33 37 0
Net_id 21
pin_num 4
52 21 0
42 21 0
49 39 0
59 19 0
Net_id 22
pin_num 4
18 40 0
36 44 0
27 59 0
32 39 0
Net_id 23
pin_num 4
48 55 0
35 55 0
57 59 0
46 46 0
Net_id 24
pin_num 4
44 45 0
41 58 0
28 58 0
33 45 0
Net_id 25
pin_num 4
41 47 0
48 48 0
48 28 0
59 38 0
Net_id 26
pin_num 4
34 14 0
24 14 0
15 24 0
31 0 0
Net_id 27
pin_num 4
57 8 0
57 0 0
57 23 0
59 11 0
Net_id 28
pin_num 4
45 52 0
37 41 0
45 49 0
45 41 0
Net_id 29
pin_num 4
18 12 0
22 9 0
33 9 0
11 0 0
Net_id 30
pin_num 4
1 34 0
5 39 0
0 49 0
1 45 0
Net_id 31
pin_num 4
50 42 0
47 35 0
36 24 0
42 51 0
Net_id 32
pin_num 4
31 45 0
25 45 0
30 56 0
17 59 0
Net_id 33
pin_num 4
5 32 0
2 37 0
1 54 0
6 25 0
Net_id 34
pin_num 4
24 35 0
8 37 0
22 25 0
30 35 0
Net_id 35
pin_num 4
30 30 0
37 30 0
20 30 0
32 21 0
Net_id 36
pin_num 4
34 29 0
25 29 0
28 16 0
11 17 0
Net_id 37
pin_num 4
45 38 0
50 35 0
45 37 0
46 44 0
Net_id 38
pin_num 4
41 50 0
55 52 0
38 43 0
57 50 0
Net_id 39
pin_num 4
14 46 0
11 47 0
13 34 0
16 58 0
Net_id 40
pin_num 4
53 33 0
55 30 0
55 48 0
58 55 0
Net_id 41
pin_num 3
17 22 0
37 25 0
20 51 0
Net_id 42
pin_num 3
31 20 0
25 17 0
25 34 0
Net_id 43
pin_num 3
28 51 0
24 47 0
26 34 0
Net_id 44
pin_num 3
13 54 0
0 38 0
27 43 0
Net_id 45
pin_num 3
57 56 0
59 59 0
48 49 0
Net_id 46
pin_num 3
3 21 0
23 34 0
0 14 0
Net_id 47
pin_num 3
13 52 0
2 57 0
31 53 0
Net_id 48
pin_num 3
4 0 0
10 14 0
6 30 0
Net_id 49
pin_num 3
47 25 0
37 28 0
39 36 0
Net_id 50
pin_num 3
59 57 0
52 57 0
46 34 0
Net_id 51
pin_num 3
43 0 0
54 18 0
46 29 0
Net_id 52
pin_num 3
25 31 0
18 33 0
7 22 0
Net_id 53
pin_num 3
7 33 0
1 38 0
24 38 0
Net_id 54
pin_num 3
58 19 0
50 14 0
58 34 0
Net_id 55
pin_num 3
26 46 0
25 38 0
50 44 0
Net_id 56
pin_num 3
49 9 0
41 10 0
44 20 0
Net_id 57
pin_num 3
1 20 0
8 9 0
11 19 0
Net_id 58
pin_num 3
12 41 0
12 34 0
0 57 0
Net_id 59
pin_num 3
20 26 0
7 24 0
8 12 0
Net_id 60
pin_num 3
7 43 0
0 35 0
3 59 0
Net_id 61
pin_num 3
45 3 0
31 5 0
43 2 0
Net_id 62
pin_num 3
3 29 0
7 37 0
1 24 0
Net_id 63
pin_num 3
28 59 0
38 52 0
32 38 0
Net_id 64
pin_num 3
14 56 0
0 51 0
3 38 0
Net_id 65
pin_num 3
33 43 0
22 57 0
29 38 0
Net_id 66
pin_num 3
5 58 0
25 55 0
15 43 0
Net_id 67
pin_num 3
43 14 0
41 11 0
51 11 0
Net_id 68
pin_num 3
48 37 0
43 58 0
29 36 0
Net_id 69
pin_num 3
38 14 0
49 18 0
59 34 0
Net_id 70
pin_num 3
2 24 0
2 36 0
14 42 0
Net_id 71
pin_num 3
13 21 0
21 15 0
34 34 0
Net_id 72
pin_num 3
22 19 0
17 9 0
19 21 0
Net_id 73
pin_num 3
46 26 0
59 39 0
57 26 0
Net_id 74
pin_num 3
10 21 0
12 25 0
12 26 0
Net_id 75
pin_num 3
54 14 0
51 27 0
52 25 0
Net_id 76
pin_num 3
10 2 0
0 3 0
2 30 0
Net_id 77
pin_num 3
6 50 0
13 50 0
17 48 0
Net_id 78
pin_num 3
45 34 0
41 46 0
54 43 0
Net_id 79
pin_num 2
8 33 0
17 28 0
Net_id 80
pin_num 2
56 56 0
52 56 0
Net_id 81
pin_num 2
15 57 0
21 54 0
Net_id 82
pin_num 2
51 49 0
45 58 0
Net_id 83
pin_num 2
23 6 0
1 0 0
Net_id 84
pin_num 2
45 5 0
31 7 0
Net_id 85
pin_num 2
50 34 0
57 28 0
Net_id 86
pin_num 2
24 27 0
0 50 0
Net_id 87
pin_num 2
20 58 0
26 56 0
Net_id 88
pin_num 2
55 43 0
59 44 0
Net_id 89
pin_num 2
20 11 0
27 11 0
Net_id 90
pin_num 2
38 29 0
41 17 0
Net_id 91
pin_num 2
21 10 0
0 5 0
Net_id 92
pin_num 2
41 26 0
51 31 0
Net_id 93
pin_num 2
28 36 0
4 34 0
Net_id 94
pin_num 2
58 25 0
45 17 0
Net_id 95
pin_num 2
11 12 0
1 6 0
Net_id 96
pin_num 2
10 55 0
0 58 0
Net_id 97
pin_num 2
16 30 0
28 27 0
Net_id 98
pin_num 2
26 6 0
28 7 0
Net_id 99
pin_num 2
55 24 0
44 51 0
Net_id 100
pin_num 2
44 12 0
56 0 0
Net_id 101
pin_num 2
13 45 0
24 34 0
Net_id 102
pin_num 2
51 47 0
45 27 0
Net_id 103
pin_num 2
9 31 0
1 22 0
Net_id 104
pin_num 2
49 20 0
40 11 0
Net_id 105
pin_num 2
55 39 0
54 51 0
Net_id 106
pin_num 2
41 48 0
56 53 0
Net_id 107
pin_num 2
31 21 0
15 30 0
Net_id 108
pin_num 2
10 42 0
24 46 0
Net_id 109
pin_num 2
55 54 0
37 56 0
Net_id 110
pin_num 2
8 20 0
6 17 0
Net_id 111
pin_num 2
26 20 0
23 21 0
Net_id 112
pin_num 2
53 22 0
51 5 0
Net_id 113
pin_num 2
41 41 0
11 15 0
Net_id 114
pin_num 2
31 34 0
16 54 0
Net_id 115
pin_num 2
16 32 0
10 46 0
Net_id 116
pin_num 2
55 27 0
37 15 0
Net_id 117
pin_num 2
32 7 0
44 8 0
Net_id 118
pin_num 2
26 55 0
34 50 0
Net_id 119
pin_num 2
34 10 0
38 0 0
Net_id 120
pin_num 2
23 29 0
5 41 0
Net_id 121
pin_num 2
55 6 0
42 0 0
Net_id 122
pin_num 2
43 56 0
51 52 0
Net_id 123
pin_num 2
41 28 0
52 46 0
Net_id 124
pin_num 2
29 51 0
41 57 0
Net_id 125
pin_num 2
22 23 0
23 28 0
Net_id 126
pin_num 2
50 10 0
45 16 0
Net_id 127
pin_num 2
17 47 0
32 36 0
Net_id 128
pin_num 2
30 40 0
11 49 0
Net_id 129
pin_num 2
6 6 0
32 34 0
Net_id 130
pin_num 2
10 15 0
32 33 0
Net_id 131
pin_num 2
7 25 0
15 28 0
Net_id 132
pin_num 2
4 59 0
3 43 0
Net_id 133
pin_num 2
22 8 0
16 2 0
Net_id 134
pin_num 2
54 21 0
59 18 0
Net_id 135
pin_num 2
35 34 0
48 27 0
Net_id 136
pin_num 2
24 39 0
13 30 0
Net_id 137
pin_num 2
14 53 0
11 54 0
Net_id 138
pin_num 2
36 19 0
59 42 0
Net_id 139
pin_num 2
33 47 0
45 46 0
Net_id 140
pin_num 2
37 0 0
22 21 0
Net_id 141
pin_num 2
26 19 0
45 23 0
Net_id 142
pin_num 2
56 54 0
53 49 0
Net_id 143
pin_num 2
39 31 0
21 48 0
Net_id 144
pin_num 2
6 59 0
10 51 0
Net_id 145
pin_num 2
55 16 0
43 7 0
Net_id 146
pin_num 2
25 54 0
16 26 0
Net_id 147
pin_num 2
40 9 0
53 10 0
Net_id 148
pin_num 2
39 17 0
27 28 0
Net_id 149
pin_num 2
33 21 0
40 10 0
Net_id 150
pin_num 2
17 1 0
3 14 0
Net_id 151
pin_num 2
27 10 0
15 3 0
Net_id 152
pin_num 2
23 48 0
37 51 0
Net_id 153
pin_num 2
9 47 0
16 56 0
Net_id 154
pin_num 2
8 26 0
16 12 0
Net_id 155
pin_num 2
52 28 0
58 12 0
Net_id 156
pin_num 2
58 26 0
49 54 0
Net_id 157
pin_num 2
48 25 0
52 27 0
Net_id 158
pin_num 2
54 12 0
43 17 0
Net_id 159
pin_num 2
2 54 0
1 56 0
