Width 60
Height 60
Layer 6
Total_WL 6795
Obstacle_num 144
55 19 0 59 20 0
16 33 0 22 34 0
52 19 0 55 20 0
39 31 0 45 32 0
16 29 0 24 30 0
49 16 0 57 17 0
20 58 0 28 59 0
4 27 0 8 28 0
5 18 0 10 19 0
39 27 0 44 28 0
26 4 0 36 5 0
3 38 0 10 39 0
32 39 0 39 40 0
0 8 0 3 9 0
7 23 0 13 24 0
3 45 0 11 46 0
41 11 0 50 12 0
24 33 0 32 34 0
36 0 0 44 1 0
3 19 0 6 20 0
47 9 0 55 10 0
29 29 0 33 30 0
50 30 0 58 31 0
27 18 0 35 19 0
14 13 1 15 19 1
53 49 1 54 58 1
47 27 1 48 30 1
44 18 1 45 24 1
9 40 1 10 46 1
44 13 1 45 16 1
19 37 1 20 42 1
10 45 1 11 55 1
29 15 1 30 23 1
30 22 1 31 32 1
33 29 1 34 34 1
8 3 1 9 8 1
27 24 1 28 31 1
56 18 1 57 22 1
21 53 1 22 58 1
48 39 1 49 43 1
54 16 1 55 25 1
50 49 1 51 59 1
53 4 1 54 12 1
49 4 1 50 13 1
55 24 1 56 34 1
31 19 1 32 24 1
11 44 1 12 50 1
23 21 1 24 30 1
42 26 2 51 27 2
26 47 2 36 48 2
14 12 2 21 13 2
52 11 2 57 12 2
30 31 2 39 32 2
1 9 2 10 10 2
10 20 2 14 21 2
46 56 2 56 57 2
19 19 2 24 20 2
16 37 2 25 38 2
21 43 2 26 44 2
48 47 2 53 48 2
22 51 2 26 52 2
28 2 2 38 3 2
4 42 2 10 43 2
14 49 2 19 50 2
43 30 2 51 31 2
40 13 2 50 14 2
42 0 2 48 1 2
10 21 2 16 22 2
30 46 2 34 47 2
47 46 2 51 47 2
32 12 2 39 13 2
9 52 2 15 53 2
7 31 3 8 37 3
46 18 3 47 28 3
12 55 3 13 59 3
29 1 3 30 9 3
52 29 3 53 32 3
38 39 3 39 44 3
53 15 3 54 21 3
50 12 3 51 22 3
25 36 3 26 46 3
57 11 3 58 18 3
11 48 3 12 52 3
37 13 3 38 23 3
41 9 3 42 18 3
49 6 3 50 13 3
39 45 3 40 51 3
47 25 3 48 32 3
46 55 3 47 58 3
44 11 3 45 15 3
56 11 3 57 18 3
41 36 3 42 39 3
53 31 3 54 38 3
40 15 3 41 24 3
45 47 3 46 57 3
57 2 3 58 5 3
11 5 4 18 6 4
42 10 4 51 11 4
50 32 4 53 33 4
14 35 4 18 36 4
37 28 4 46 29 4
14 52 4 19 53 4
26 49 4 33 50 4
20 43 4 23 44 4
48 2 4 51 3 4
33 55 4 37 56 4
50 11 4 56 12 4
4 8 4 9 9 4
41 25 4 46 26 4
52 43 4 56 44 4
8 6 4 11 7 4
22 24 4 32 25 4
6 45 4 12 46 4
43 48 4 52 49 4
43 35 4 50 36 4
31 6 4 36 7 4
44 32 4 47 33 4
9 52 4 12 53 4
29 54 4 36 55 4
46 9 4 54 10 4
40 49 5 41 59 5
6 5 5 7 12 5
55 26 5 56 31 5
49 31 5 50 39 5
31 52 5 32 56 5
31 41 5 32 48 5
15 11 5 16 17 5
20 3 5 21 7 5
13 31 5 14 39 5
20 18 5 21 24 5
22 18 5 23 27 5
35 37 5 36 47 5
6 34 5 7 44 5
16 35 5 17 40 5
43 14 5 44 22 5
28 21 5 29 31 5
39 30 5 40 33 5
57 39 5 58 43 5
43 47 5 44 55 5
58 6 5 59 16 5
38 28 5 39 38 5
41 18 5 42 26 5
25 6 5 26 10 5
13 28 5 14 31 5
Net_num 165
Net_id 0
pin_num 5
30 28 0
32 34 0
11 34 0
32 10 0
45 27 0
Net_id 1
pin_num 5
1 42 0
5 39 0
14 39 0
0 24 0
0 23 0
Net_id 2
pin_num 5
20 23 0
9 27 0
29 23 0
26 38 0
13 44 0
Net_id 3
pin_num 5
35 37 0
39 19 0
51 25 0
15 19 0
51 11 0
Net_id 4
pin_num 5
7 50 0
17 58 0
19 56 0
29 57 0
23 59 0
Net_id 5
pin_num 5
14 38 0
8 44 0
30 39 0
19 40 0
10 21 0
Net_id 6
pin_num 5
59 31 0
52 18 0
41 26 0
59 34 0
48 31 0
Net_id 7
pin_num 5
43 26 0
53 37 0
58 23 0
45 15 0
59 24 0
Net_id 8
pin_num 5
7 47 0
13 55 0
25 53 0
29 53 0
16 52 0
Net_id 9
pin_num 5
36 51 0
27 52 0
49 51 0
24 47 0
28 45 0
Net_id 10
pin_num 5
1 45 0
15 41 0
2 47 0
11 21 0
1 44 0
Net_id 11
pin_num 5
23 13 0
30 16 0
20 16 0
28 27 0
21 36 0
Net_id 12
pin_num 5
16 50 0
7 59 0
14 30 0
4 59 0
1 48 0
Net_id 13
pin_num 5
4 16 0
2 7 0
21 12 0
0 17 0
21 0 0
Net_id 14
pin_num 5
10 2 0
1 0 0
0 21 0
13 9 0
4 15 0
Net_id 15
pin_num 5
2 19 0
9 11 0
0 13 0
2 12 0
2 4 0
Net_id 16
pin_num 5
11 30 0
12 35 0
3 34 0
1 30 0
4 43 0
Net_id 17
pin_num 5
29 41 0
35 41 0
34 17 0
20 22 0
44 34 0
Net_id 18
pin_num 5
14 1 0
7 0 0
13 4 0
22 2 0
10 20 0
Net_id 19
pin_num 5
40 56 0
43 44 0
56 53 0
46 59 0
30 45 0
Net_id 20
pin_num 4
49 47 0
41 40 0
34 43 0
33 46 0
Net_id 21
pin_num 4
11 51 0
3 51 0
17 43 0
6 40 0
Net_id 22
pin_num 4
17 14 0
24 2 0
37 8 0
22 3 0
Net_id 23
pin_num 4
1 12 0
3 9 0
22 0 0
3 1 0
Net_id 24
pin_num 4
5 31 0
20 32 0
7 37 0
1 43 0
Net_id 25
pin_num 4
52 33 0
44 29 0
50 24 0
59 22 0
Net_id 26
pin_num 4
24 17 0
22 24 0
22 1 0
2 2 0
Net_id 27
pin_num 4
46 44 0
59 41 0
53 41 0
56 49 0
Net_id 28
pin_num 4
30 5 0
20 1 0
4 1 0
24 25 0
Net_id 29
pin_num 4
46 5 0
39 7 0
30 0 0
42 8 0
Net_id 30
pin_num 4
45 3 0
41 14 0
29 11 0
25 3 0
Net_id 31
pin_num 4
3 49 0
12 36 0
10 17 0
21 49 0
Net_id 32
pin_num 4
26 52 0
9 49 0
7 54 0
6 59 0
Net_id 33
pin_num 4
9 17 0
3 17 0
7 28 0
1 22 0
Net_id 34
pin_num 4
7 14 0
3 20 0
16 13 0
2 10 0
Net_id 35
pin_num 4
31 10 0
31 24 0
40 23 0
6 23 0
Net_id 36
pin_num 4
47 41 0
52 39 0
55 35 0
54 25 0
Net_id 37
pin_num 4
20 31 0
31 30 0
38 41 0
31 55 0
Net_id 38
pin_num 4
24 45 0
15 54 0
25 56 0
45 58 0
Net_id 39
pin_num 4
24 38 0
20 38 0
8 36 0
29 59 0
Net_id 40
pin_num 3
29 44 0
20 17 0
41 23 0
Net_id 41
pin_num 3
0 20 0
15 10 0
14 20 0
Net_id 42
pin_num 3
50 36 0
58 38 0
48 38 0
Net_id 43
pin_num 3
58 22 0
36 16 0
56 45 0
Net_id 44
pin_num 3
40 18 0
33 28 0
39 8 0
Net_id 45
pin_num 3
43 59 0
27 51 0
36 49 0
Net_id 46
pin_num 3
30 30 0
12 31 0
23 54 0
Net_id 47
pin_num 3
31 52 0
40 41 0
54 50 0
Net_id 48
pin_num 3
48 54 0
55 56 0
59 44 0
Net_id 49
pin_num 3
15 36 0
20 21 0
21 11 0
Net_id 50
pin_num 3
55 50 0
58 55 0
30 52 0
Net_id 51
pin_num 3
27 9 0
18 17 0
23 15 0
Net_id 52
pin_num 3
14 35 0
22 36 0
19 6 0
Net_id 53
pin_num 3
1 53 0
9 36 0
3 39 0
Net_id 54
pin_num 3
34 14 0
40 13 0
47 15 0
Net_id 55
pin_num 3
48 8 0
43 9 0
45 2 0
Net_id 56
pin_num 3
48 50 0
43 35 0
45 45 0
Net_id 57
pin_num 3
50 57 0
57 45 0
57 52 0
Net_id 58
pin_num 3
6 6 0
9 19 0
12 18 0
Net_id 59
pin_num 3
25 21 0
9 22 0
42 22 0
Net_id 60
pin_num 3
25 45 0
19 50 0
19 5 0
Net_id 61
pin_num 3
46 16 0
51 8 0
45 0 0
Net_id 62
pin_num 3
20 20 0
27 20 0
29 32 0
Net_id 63
pin_num 3
51 52 0
55 49 0
58 56 0
Net_id 64
pin_num 3
3 56 0
12 33 0
0 46 0
Net_id 65
pin_num 3
31 15 0
21 6 0
16 58 0
Net_id 66
pin_num 3
56 12 0
55 34 0
24 26 0
Net_id 67
pin_num 3
24 40 0
16 56 0
32 53 0
Net_id 68
pin_num 3
16 2 0
6 1 0
5 22 0
Net_id 69
pin_num 3
34 50 0
39 52 0
52 35 0
Net_id 70
pin_num 3
13 28 0
1 28 0
11 42 0
Net_id 71
pin_num 3
8 35 0
6 36 0
2 23 0
Net_id 72
pin_num 3
51 14 0
56 17 0
42 14 0
Net_id 73
pin_num 3
1 20 0
10 3 0
1 13 0
Net_id 74
pin_num 3
54 1 0
29 0 0
38 17 0
Net_id 75
pin_num 3
47 31 0
36 21 0
32 47 0
Net_id 76
pin_num 3
54 56 0
47 45 0
58 45 0
Net_id 77
pin_num 3
43 49 0
58 53 0
57 58 0
Net_id 78
pin_num 3
25 18 0
34 15 0
13 11 0
Net_id 79
pin_num 3
10 22 0
16 22 0
28 29 0
Net_id 80
pin_num 3
6 19 0
9 24 0
18 26 0
Net_id 81
pin_num 3
13 31 0
29 40 0
22 55 0
Net_id 82
pin_num 2
22 15 0
7 7 0
Net_id 83
pin_num 2
49 31 0
49 43 0
Net_id 84
pin_num 2
1 3 0
7 3 0
Net_id 85
pin_num 2
17 24 0
7 44 0
Net_id 86
pin_num 2
47 13 0
38 29 0
Net_id 87
pin_num 2
29 43 0
43 58 0
Net_id 88
pin_num 2
31 50 0
28 32 0
Net_id 89
pin_num 2
23 56 0
19 59 0
Net_id 90
pin_num 2
13 59 0
14 55 0
Net_id 91
pin_num 2
39 33 0
36 22 0
Net_id 92
pin_num 2
40 37 0
55 39 0
Net_id 93
pin_num 2
38 10 0
33 1 0
Net_id 94
pin_num 2
39 53 0
30 48 0
Net_id 95
pin_num 2
29 49 0
48 36 0
Net_id 96
pin_num 2
56 34 0
52 27 0
Net_id 97
pin_num 2
35 30 0
46 25 0
Net_id 98
pin_num 2
38 57 0
31 57 0
Net_id 99
pin_num 2
35 55 0
27 49 0
Net_id 100
pin_num 2
50 31 0
58 16 0
Net_id 101
pin_num 2
9 48 0
3 48 0
Net_id 102
pin_num 2
15 38 0
19 38 0
Net_id 103
pin_num 2
23 24 0
30 21 0
Net_id 104
pin_num 2
54 11 0
47 2 0
Net_id 105
pin_num 2
34 24 0
46 22 0
Net_id 106
pin_num 2
27 2 0
40 6 0
Net_id 107
pin_num 2
8 26 0
17 27 0
Net_id 108
pin_num 2
37 59 0
46 54 0
Net_id 109
pin_num 2
46 3 0
51 3 0
Net_id 110
pin_num 2
21 48 0
30 44 0
Net_id 111
pin_num 2
1 54 0
5 37 0
Net_id 112
pin_num 2
58 43 0
53 25 0
Net_id 113
pin_num 2
36 52 0
53 58 0
Net_id 114
pin_num 2
33 12 0
50 20 0
Net_id 115
pin_num 2
31 26 0
43 36 0
Net_id 116
pin_num 2
28 13 0
7 40 0
Net_id 117
pin_num 2
35 58 0
47 57 0
Net_id 118
pin_num 2
53 18 0
55 42 0
Net_id 119
pin_num 2
6 31 0
8 25 0
Net_id 120
pin_num 2
9 58 0
13 58 0
Net_id 121
pin_num 2
29 47 0
34 44 0
Net_id 122
pin_num 2
22 44 0
35 33 0
Net_id 123
pin_num 2
32 42 0
22 46 0
Net_id 124
pin_num 2
38 56 0
51 46 0
Net_id 125
pin_num 2
33 56 0
19 51 0
Net_id 126
pin_num 2
24 41 0
7 30 0
Net_id 127
pin_num 2
15 8 0
12 3 0
Net_id 128
pin_num 2
35 21 0
20 11 0
Net_id 129
pin_num 2
42 13 0
25 4 0
Net_id 130
pin_num 2
10 54 0
16 51 0
Net_id 131
pin_num 2
48 34 0
47 36 0
Net_id 132
pin_num 2
0 7 0
7 6 0
Net_id 133
pin_num 2
6 37 0
18 42 0
Net_id 134
pin_num 2
26 10 0
35 1 0
Net_id 135
pin_num 2
15 3 0
10 11 0
Net_id 136
pin_num 2
45 48 0
41 47 0
Net_id 137
pin_num 2
35 59 0
37 49 0
Net_id 138
pin_num 2
27 29 0
15 17 0
Net_id 139
pin_num 2
11 11 0
22 25 0
Net_id 140
pin_num 2
4 37 0
5 54 0
Net_id 141
pin_num 2
44 9 0
56 9 0
Net_id 142
pin_num 2
26 17 0
49 1 0
Net_id 143
pin_num 2
48 48 0
32 58 0
Net_id 144
pin_num 2
25 43 0
28 37 0
Net_id 145
pin_num 2
55 11 0
49 23 0
Net_id 146
pin_num 2
6 21 0
25 12 0
Net_id 147
pin_num 2
13 6 0
9 3 0
Net_id 148
pin_num 2
32 16 0
36 4 0
Net_id 149
pin_num 2
5 59 0
0 22 0
Net_id 150
pin_num 2
28 57 0
18 51 0
Net_id 151
pin_num 2
50 27 0
48 17 0
Net_id 152
pin_num 2
31 14 0
39 4 0
Net_id 153
pin_num 2
17 42 0
21 39 0
Net_id 154
pin_num 2
40 47 0
37 48 0
Net_id 155
pin_num 2
20 43 0
14 58 0
Net_id 156
pin_num 2
56 52 0
47 54 0
Net_id 157
pin_num 2
2 31 0
7 53 0
Net_id 158
pin_num 2
53 43 0
57 42 0
Net_id 159
pin_num 2
4 7 0
2 13 0
Net_id 160
pin_num 2
32 11 0
21 8 0
Net_id 161
pin_num 2
43 38 0
55 58 0
Net_id 162
pin_num 2
49 45 0
48 55 0
Net_id 163
pin_num 2
36 9 0
15 9 0
Net_id 164
pin_num 2
20 25 0
6 29 0
