Width 60
Height 60
Layer 6
Total_WL 6656
Obstacle_num 144
5 51 0 15 52 0
13 33 0 17 34 0
30 33 0 37 34 0
16 6 0 23 7 0
56 54 0 59 55 0
41 7 0 46 8 0
26 19 0 31 20 0
33 2 0 36 3 0
52 9 0 56 10 0
8 22 0 14 23 0
12 27 0 20 28 0
7 19 0 16 20 0
19 54 0 24 55 0
26 36 0 34 37 0
17 25 0 22 26 0
39 55 0 42 56 0
41 2 0 44 3 0
52 26 0 59 27 0
48 18 0 56 19 0
3 41 0 7 42 0
54 44 0 59 45 0
36 23 0 40 24 0
15 38 0 19 39 0
25 3 0 30 4 0
27 2 1 28 9 1
33 27 1 34 33 1
7 49 1 8 56 1
12 52 1 13 57 1
43 28 1 44 34 1
25 37 1 26 40 1
51 22 1 52 29 1
49 12 1 50 15 1
45 42 1 46 45 1
30 36 1 31 46 1
44 24 1 45 29 1
29 2 1 30 12 1
31 38 1 32 47 1
1 4 1 2 8 1
52 25 1 53 34 1
40 21 1 41 27 1
33 37 1 34 43 1
8 28 1 9 32 1
36 24 1 37 29 1
51 48 1 52 58 1
42 3 1 43 6 1
57 30 1 58 38 1
25 49 1 26 58 1
43 13 1 44 20 1
6 18 2 9 19 2
16 19 2 25 20 2
47 36 2 57 37 2
40 57 2 50 58 2
9 38 2 15 39 2
39 4 2 42 5 2
47 9 2 51 10 2
0 40 2 9 41 2
41 42 2 46 43 2
33 2 2 36 3 2
22 46 2 25 47 2
36 2 2 40 3 2
52 58 2 57 59 2
46 18 2 50 19 2
30 25 2 35 26 2
33 28 2 42 29 2
18 37 2 25 38 2
16 53 2 23 54 2
6 25 2 15 26 2
26 16 2 29 17 2
28 3 2 37 4 2
21 4 2 29 5 2
28 20 2 31 21 2
9 27 2 15 28 2
44 47 3 45 52 3
19 0 3 20 5 3
46 38 3 47 44 3
9 44 3 10 49 3
49 46 3 50 50 3
32 43 3 33 49 3
39 54 3 40 58 3
57 12 3 58 17 3
43 7 3 44 10 3
1 44 3 2 48 3
26 4 3 27 12 3
45 4 3 46 11 3
3 10 3 4 20 3
42 20 3 43 30 3
16 30 3 17 33 3
18 25 3 19 30 3
29 19 3 30 23 3
33 11 3 34 20 3
26 39 3 27 43 3
45 27 3 46 34 3
25 29 3 26 33 3
36 43 3 37 48 3
33 44 3 34 51 3
58 20 3 59 25 3
8 43 4 11 44 4
18 14 4 24 15 4
14 23 4 21 24 4
41 23 4 46 24 4
47 4 4 50 5 4
40 55 4 50 56 4
27 39 4 37 40 4
27 37 4 37 38 4
33 8 4 41 9 4
46 41 4 50 42 4
47 33 4 53 34 4
16 44 4 23 45 4
46 30 4 56 31 4
16 30 4 23 31 4
4 6 4 7 7 4
15 21 4 20 22 4
35 44 4 43 45 4
34 46 4 40 47 4
42 32 4 46 33 4
50 38 4 59 39 4
29 35 4 32 36 4
38 12 4 46 13 4
3 12 4 10 13 4
34 5 4 39 6 4
23 47 5 24 50 5
9 38 5 10 45 5
7 36 5 8 41 5
5 14 5 6 17 5
26 27 5 27 35 5
21 33 5 22 36 5
15 12 5 16 15 5
55 30 5 56 40 5
31 20 5 32 25 5
44 23 5 45 31 5
32 6 5 33 14 5
23 26 5 24 32 5
15 3 5 16 11 5
44 4 5 45 9 5
54 11 5 55 18 5
0 53 5 1 56 5
41 15 5 42 22 5
15 21 5 16 31 5
37 39 5 38 48 5
37 14 5 38 21 5
35 4 5 36 8 5
24 50 5 25 57 5
7 26 5 8 35 5
44 34 5 45 37 5
Net_num 156
Net_id 0
pin_num 5
17 1 0
11 12 0
2 1 0
11 27 0
0 4 0
Net_id 1
pin_num 5
48 38 0
59 44 0
42 38 0
45 29 0
57 45 0
Net_id 2
pin_num 5
6 10 0
22 15 0
25 2 0
10 4 0
21 26 0
Net_id 3
pin_num 5
56 55 0
59 47 0
51 55 0
59 55 0
36 47 0
Net_id 4
pin_num 5
13 7 0
6 11 0
23 7 0
12 21 0
0 13 0
Net_id 5
pin_num 5
19 18 0
24 18 0
22 35 0
0 17 0
20 14 0
Net_id 6
pin_num 5
30 11 0
44 12 0
54 11 0
26 11 0
33 14 0
Net_id 7
pin_num 5
57 29 0
41 30 0
43 39 0
55 48 0
43 43 0
Net_id 8
pin_num 5
11 34 0
16 34 0
0 40 0
16 44 0
6 45 0
Net_id 9
pin_num 5
7 5 0
12 2 0
6 12 0
24 13 0
9 6 0
Net_id 10
pin_num 5
11 47 0
18 52 0
13 59 0
30 53 0
25 59 0
Net_id 11
pin_num 5
10 30 0
4 27 0
19 30 0
4 17 0
15 17 0
Net_id 12
pin_num 5
0 14 0
6 4 0
3 9 0
2 11 0
2 3 0
Net_id 13
pin_num 5
31 7 0
22 3 0
30 13 0
40 17 0
22 36 0
Net_id 14
pin_num 5
18 58 0
15 54 0
17 37 0
7 56 0
14 56 0
Net_id 15
pin_num 5
14 58 0
11 53 0
10 55 0
19 55 0
0 58 0
Net_id 16
pin_num 5
3 53 0
11 59 0
19 58 0
11 44 0
29 48 0
Net_id 17
pin_num 5
49 8 0
45 13 0
22 13 0
55 11 0
30 21 0
Net_id 18
pin_num 5
11 52 0
15 46 0
0 45 0
9 47 0
23 52 0
Net_id 19
pin_num 4
42 34 0
36 35 0
51 35 0
38 56 0
Net_id 20
pin_num 4
24 54 0
24 59 0
24 44 0
29 51 0
Net_id 21
pin_num 4
52 31 0
53 27 0
55 49 0
59 36 0
Net_id 22
pin_num 4
50 6 0
43 3 0
59 10 0
51 19 0
Net_id 23
pin_num 4
39 0 0
26 0 0
31 8 0
33 10 0
Net_id 24
pin_num 4
47 4 0
45 9 0
59 7 0
26 6 0
Net_id 25
pin_num 4
49 49 0
59 52 0
37 50 0
46 35 0
Net_id 26
pin_num 4
22 37 0
15 53 0
33 43 0
19 29 0
Net_id 27
pin_num 4
38 4 0
36 14 0
37 11 0
41 0 0
Net_id 28
pin_num 4
24 12 0
14 0 0
0 15 0
25 5 0
Net_id 29
pin_num 4
40 0 0
40 5 0
50 1 0
32 1 0
Net_id 30
pin_num 4
45 32 0
36 32 0
46 31 0
41 45 0
Net_id 31
pin_num 4
9 21 0
10 41 0
16 29 0
1 33 0
Net_id 32
pin_num 4
4 29 0
7 24 0
4 7 0
5 43 0
Net_id 33
pin_num 4
10 45 0
4 42 0
8 52 0
2 54 0
Net_id 34
pin_num 4
27 50 0
32 49 0
20 49 0
4 51 0
Net_id 35
pin_num 4
55 3 0
59 5 0
58 17 0
45 15 0
Net_id 36
pin_num 4
10 15 0
1 13 0
5 36 0
0 16 0
Net_id 37
pin_num 4
9 4 0
1 1 0
20 1 0
59 11 0
Net_id 38
pin_num 4
34 27 0
17 24 0
34 36 0
20 30 0
Net_id 39
pin_num 3
38 52 0
46 52 0
29 57 0
Net_id 40
pin_num 3
5 14 0
17 26 0
2 25 0
Net_id 41
pin_num 3
9 33 0
23 35 0
32 52 0
Net_id 42
pin_num 3
44 41 0
59 35 0
52 44 0
Net_id 43
pin_num 3
51 39 0
44 46 0
57 49 0
Net_id 44
pin_num 3
51 28 0
57 5 0
33 20 0
Net_id 45
pin_num 3
53 13 0
57 22 0
45 11 0
Net_id 46
pin_num 3
54 22 0
58 42 0
45 24 0
Net_id 47
pin_num 3
50 2 0
30 5 0
53 3 0
Net_id 48
pin_num 3
56 46 0
47 48 0
46 59 0
Net_id 49
pin_num 3
6 29 0
14 20 0
17 59 0
Net_id 50
pin_num 3
33 30 0
24 30 0
18 12 0
Net_id 51
pin_num 3
23 50 0
17 50 0
4 50 0
Net_id 52
pin_num 3
35 8 0
27 22 0
56 6 0
Net_id 53
pin_num 3
27 12 0
12 24 0
34 14 0
Net_id 54
pin_num 3
6 25 0
3 20 0
3 38 0
Net_id 55
pin_num 3
50 59 0
58 46 0
30 55 0
Net_id 56
pin_num 3
26 15 0
20 32 0
15 16 0
Net_id 57
pin_num 3
35 36 0
58 39 0
49 48 0
Net_id 58
pin_num 3
24 25 0
41 25 0
18 26 0
Net_id 59
pin_num 3
38 12 0
28 22 0
31 20 0
Net_id 60
pin_num 3
15 52 0
9 57 0
16 35 0
Net_id 61
pin_num 3
46 43 0
35 47 0
39 33 0
Net_id 62
pin_num 3
43 8 0
45 1 0
54 3 0
Net_id 63
pin_num 3
19 56 0
30 54 0
59 54 0
Net_id 64
pin_num 3
16 45 0
9 58 0
0 59 0
Net_id 65
pin_num 3
54 2 0
59 18 0
46 11 0
Net_id 66
pin_num 3
31 39 0
42 41 0
32 59 0
Net_id 67
pin_num 3
3 7 0
11 28 0
1 31 0
Net_id 68
pin_num 3
47 3 0
44 11 0
55 24 0
Net_id 69
pin_num 3
13 15 0
10 9 0
19 17 0
Net_id 70
pin_num 3
30 32 0
35 43 0
21 52 0
Net_id 71
pin_num 3
27 14 0
21 27 0
42 8 0
Net_id 72
pin_num 3
40 53 0
30 34 0
20 47 0
Net_id 73
pin_num 3
4 13 0
16 26 0
13 35 0
Net_id 74
pin_num 3
1 51 0
13 44 0
35 49 0
Net_id 75
pin_num 3
29 56 0
12 59 0
18 45 0
Net_id 76
pin_num 3
7 2 0
10 3 0
6 19 0
Net_id 77
pin_num 3
27 24 0
8 17 0
8 32 0
Net_id 78
pin_num 2
10 26 0
20 33 0
Net_id 79
pin_num 2
1 43 0
23 55 0
Net_id 80
pin_num 2
7 17 0
5 11 0
Net_id 81
pin_num 2
23 56 0
26 50 0
Net_id 82
pin_num 2
17 33 0
29 54 0
Net_id 83
pin_num 2
53 4 0
31 9 0
Net_id 84
pin_num 2
7 3 0
1 16 0
Net_id 85
pin_num 2
10 54 0
19 59 0
Net_id 86
pin_num 2
0 19 0
4 36 0
Net_id 87
pin_num 2
47 58 0
55 57 0
Net_id 88
pin_num 2
23 22 0
19 22 0
Net_id 89
pin_num 2
48 32 0
32 40 0
Net_id 90
pin_num 2
19 52 0
29 35 0
Net_id 91
pin_num 2
32 6 0
55 16 0
Net_id 92
pin_num 2
10 58 0
3 50 0
Net_id 93
pin_num 2
7 11 0
2 26 0
Net_id 94
pin_num 2
37 14 0
42 9 0
Net_id 95
pin_num 2
9 48 0
20 21 0
Net_id 96
pin_num 2
32 55 0
58 45 0
Net_id 97
pin_num 2
22 41 0
15 41 0
Net_id 98
pin_num 2
41 31 0
58 58 0
Net_id 99
pin_num 2
55 25 0
44 15 0
Net_id 100
pin_num 2
35 41 0
58 30 0
Net_id 101
pin_num 2
42 51 0
25 43 0
Net_id 102
pin_num 2
28 45 0
20 45 0
Net_id 103
pin_num 2
30 6 0
20 4 0
Net_id 104
pin_num 2
40 42 0
55 42 0
Net_id 105
pin_num 2
5 19 0
0 30 0
Net_id 106
pin_num 2
5 44 0
0 31 0
Net_id 107
pin_num 2
57 7 0
51 1 0
Net_id 108
pin_num 2
9 12 0
20 31 0
Net_id 109
pin_num 2
22 28 0
34 28 0
Net_id 110
pin_num 2
47 34 0
56 48 0
Net_id 111
pin_num 2
50 13 0
59 26 0
Net_id 112
pin_num 2
55 33 0
59 32 0
Net_id 113
pin_num 2
8 54 0
10 56 0
Net_id 114
pin_num 2
52 19 0
54 14 0
Net_id 115
pin_num 2
33 37 0
24 38 0
Net_id 116
pin_num 2
30 40 0
29 42 0
Net_id 117
pin_num 2
23 39 0
6 39 0
Net_id 118
pin_num 2
25 36 0
28 42 0
Net_id 119
pin_num 2
30 23 0
24 39 0
Net_id 120
pin_num 2
14 41 0
7 58 0
Net_id 121
pin_num 2
21 9 0
29 17 0
Net_id 122
pin_num 2
22 58 0
22 38 0
Net_id 123
pin_num 2
13 42 0
7 41 0
Net_id 124
pin_num 2
38 11 0
25 16 0
Net_id 125
pin_num 2
59 48 0
50 52 0
Net_id 126
pin_num 2
39 21 0
17 29 0
Net_id 127
pin_num 2
50 34 0
53 39 0
Net_id 128
pin_num 2
50 9 0
36 17 0
Net_id 129
pin_num 2
35 14 0
42 18 0
Net_id 130
pin_num 2
6 40 0
28 33 0
Net_id 131
pin_num 2
30 56 0
36 54 0
Net_id 132
pin_num 2
1 17 0
6 9 0
Net_id 133
pin_num 2
41 33 0
59 24 0
Net_id 134
pin_num 2
1 56 0
27 44 0
Net_id 135
pin_num 2
48 40 0
36 43 0
Net_id 136
pin_num 2
10 16 0
7 20 0
Net_id 137
pin_num 2
14 3 0
39 14 0
Net_id 138
pin_num 2
32 17 0
54 32 0
Net_id 139
pin_num 2
21 13 0
2 24 0
Net_id 140
pin_num 2
17 44 0
23 34 0
Net_id 141
pin_num 2
13 21 0
23 11 0
Net_id 142
pin_num 2
35 17 0
29 1 0
Net_id 143
pin_num 2
16 54 0
20 57 0
Net_id 144
pin_num 2
51 2 0
53 6 0
Net_id 145
pin_num 2
44 28 0
57 19 0
Net_id 146
pin_num 2
59 0 0
55 6 0
Net_id 147
pin_num 2
37 46 0
25 19 0
Net_id 148
pin_num 2
14 24 0
0 22 0
Net_id 149
pin_num 2
47 50 0
56 57 0
Net_id 150
pin_num 2
2 10 0
4 2 0
Net_id 151
pin_num 2
57 6 0
46 21 0
Net_id 152
pin_num 2
38 31 0
20 8 0
Net_id 153
pin_num 2
0 28 0
15 31 0
Net_id 154
pin_num 2
14 40 0
1 27 0
Net_id 155
pin_num 2
54 25 0
46 25 0
