Width 60
Height 60
Layer 6
Total_WL 6652
Obstacle_num 144
15 30 0 21 31 0
19 52 0 22 53 0
45 57 0 55 58 0
46 27 0 56 28 0
32 18 0 38 19 0
5 10 0 13 11 0
49 50 0 53 51 0
36 29 0 42 30 0
4 13 0 7 14 0
27 14 0 34 15 0
23 54 0 28 55 0
2 1 0 6 2 0
41 45 0 45 46 0
26 0 0 32 1 0
4 45 0 7 46 0
30 45 0 40 46 0
43 30 0 46 31 0
3 19 0 13 20 0
17 21 0 25 22 0
39 3 0 49 4 0
7 15 0 11 16 0
52 49 0 59 50 0
30 1 0 40 2 0
45 4 0 54 5 0
39 50 1 40 54 1
44 50 1 45 59 1
33 12 1 34 21 1
10 29 1 11 35 1
23 25 1 24 35 1
41 0 1 42 9 1
23 9 1 24 16 1
25 15 1 26 24 1
30 33 1 31 39 1
32 6 1 33 10 1
16 21 1 17 31 1
2 27 1 3 33 1
5 10 1 6 18 1
32 52 1 33 58 1
3 34 1 4 42 1
22 21 1 23 24 1
39 41 1 40 48 1
53 17 1 54 21 1
45 42 1 46 52 1
31 37 1 32 46 1
58 13 1 59 19 1
57 14 1 58 18 1
54 8 1 55 18 1
45 31 1 46 35 1
44 25 2 51 26 2
9 19 2 15 20 2
1 15 2 8 16 2
48 53 2 57 54 2
30 17 2 34 18 2
26 57 2 29 58 2
43 29 2 52 30 2
27 58 2 33 59 2
33 55 2 43 56 2
25 42 2 28 43 2
3 4 2 11 5 2
25 4 2 28 5 2
28 20 2 34 21 2
23 43 2 32 44 2
28 45 2 34 46 2
34 48 2 37 49 2
31 36 2 38 37 2
51 13 2 57 14 2
44 23 2 48 24 2
41 20 2 46 21 2
40 37 2 50 38 2
11 0 2 17 1 2
12 56 2 15 57 2
6 33 2 16 34 2
30 19 3 31 22 3
35 9 3 36 16 3
52 52 3 53 59 3
13 17 3 14 23 3
32 16 3 33 22 3
35 34 3 36 44 3
21 30 3 22 36 3
14 19 3 15 27 3
49 25 3 50 30 3
3 9 3 4 18 3
55 21 3 56 27 3
20 32 3 21 39 3
44 20 3 45 26 3
40 42 3 41 48 3
47 41 3 48 47 3
4 37 3 5 46 3
42 47 3 43 51 3
24 7 3 25 13 3
9 44 3 10 48 3
7 0 3 8 6 3
47 49 3 48 56 3
22 41 3 23 49 3
4 11 3 5 21 3
27 7 3 28 15 3
18 56 4 21 57 4
34 16 4 41 17 4
49 6 4 55 7 4
55 6 4 59 7 4
7 37 4 14 38 4
31 46 4 37 47 4
24 23 4 30 24 4
37 37 4 47 38 4
36 29 4 40 30 4
18 51 4 22 52 4
7 18 4 12 19 4
35 24 4 41 25 4
19 12 4 28 13 4
23 55 4 30 56 4
48 9 4 56 10 4
0 47 4 6 48 4
24 24 4 28 25 4
38 1 4 42 2 4
5 5 4 14 6 4
20 3 4 30 4 4
10 26 4 20 27 4
21 24 4 24 25 4
19 29 4 27 30 4
3 0 4 12 1 4
31 47 5 32 55 5
8 20 5 9 29 5
56 2 5 57 5 5
37 16 5 38 25 5
51 31 5 52 37 5
41 13 5 42 16 5
44 41 5 45 48 5
44 2 5 45 5 5
55 8 5 56 14 5
16 37 5 17 47 5
32 34 5 33 37 5
21 45 5 22 50 5
13 25 5 14 29 5
40 36 5 41 45 5
1 0 5 2 9 5
3 13 5 4 17 5
51 42 5 52 50 5
10 21 5 11 28 5
52 23 5 53 27 5
2 35 5 3 42 5
14 27 5 15 35 5
49 29 5 50 36 5
27 31 5 28 38 5
55 34 5 56 42 5
Net_num 159
Net_id 0
pin_num 5
45 33 0
39 39 0
50 35 0
42 26 0
55 33 0
Net_id 1
pin_num 5
7 14 0
16 14 0
9 5 0
0 3 0
0 24 0
Net_id 2
pin_num 5
54 22 0
59 15 0
38 22 0
53 30 0
46 32 0
Net_id 3
pin_num 5
21 26 0
15 13 0
30 15 0
15 28 0
20 7 0
Net_id 4
pin_num 5
42 2 0
55 0 0
51 21 0
56 7 0
43 0 0
Net_id 5
pin_num 5
31 47 0
37 53 0
46 53 0
14 51 0
25 30 0
Net_id 6
pin_num 5
49 51 0
55 47 0
59 46 0
13 51 0
56 59 0
Net_id 7
pin_num 5
1 59 0
0 57 0
10 59 0
7 52 0
29 55 0
Net_id 8
pin_num 5
8 31 0
18 40 0
18 36 0
39 40 0
21 28 0
Net_id 9
pin_num 5
13 38 0
17 38 0
0 28 0
10 28 0
17 35 0
Net_id 10
pin_num 5
55 31 0
59 23 0
55 24 0
41 28 0
56 12 0
Net_id 11
pin_num 5
17 26 0
7 29 0
12 25 0
2 36 0
0 39 0
Net_id 12
pin_num 5
39 15 0
36 31 0
37 48 0
54 32 0
58 29 0
Net_id 13
pin_num 5
27 22 0
32 33 0
40 34 0
28 25 0
34 13 0
Net_id 14
pin_num 5
23 18 0
14 30 0
27 27 0
15 43 0
31 13 0
Net_id 15
pin_num 5
56 1 0
44 1 0
52 14 0
33 12 0
55 20 0
Net_id 16
pin_num 5
19 20 0
21 22 0
1 23 0
2 13 0
26 25 0
Net_id 17
pin_num 5
17 13 0
15 1 0
25 7 0
37 3 0
22 20 0
Net_id 18
pin_num 5
32 54 0
27 56 0
28 42 0
51 46 0
49 36 0
Net_id 19
pin_num 4
17 40 0
3 33 0
5 24 0
3 30 0
Net_id 20
pin_num 4
16 39 0
17 37 0
16 49 0
34 48 0
Net_id 21
pin_num 4
20 27 0
12 24 0
35 26 0
19 17 0
Net_id 22
pin_num 4
9 7 0
12 20 0
19 23 0
26 21 0
Net_id 23
pin_num 4
49 39 0
48 52 0
40 47 0
48 39 0
Net_id 24
pin_num 4
47 17 0
35 17 0
59 14 0
40 23 0
Net_id 25
pin_num 4
56 43 0
59 51 0
57 32 0
59 37 0
Net_id 26
pin_num 4
12 45 0
21 57 0
4 44 0
13 50 0
Net_id 27
pin_num 4
47 51 0
58 47 0
46 59 0
56 58 0
Net_id 28
pin_num 4
41 48 0
38 53 0
42 49 0
40 59 0
Net_id 29
pin_num 4
12 18 0
3 29 0
0 27 0
1 9 0
Net_id 30
pin_num 4
33 13 0
21 7 0
10 16 0
6 20 0
Net_id 31
pin_num 4
5 23 0
6 31 0
1 21 0
15 27 0
Net_id 32
pin_num 4
22 50 0
18 53 0
24 53 0
29 53 0
Net_id 33
pin_num 4
16 35 0
6 43 0
21 38 0
12 44 0
Net_id 34
pin_num 4
44 27 0
46 25 0
30 25 0
35 21 0
Net_id 35
pin_num 4
29 50 0
17 56 0
30 55 0
0 53 0
Net_id 36
pin_num 4
47 28 0
43 32 0
43 21 0
27 25 0
Net_id 37
pin_num 4
40 43 0
36 54 0
39 59 0
37 14 0
Net_id 38
pin_num 4
12 6 0
23 6 0
28 2 0
32 0 0
Net_id 39
pin_num 3
8 57 0
11 32 0
1 42 0
Net_id 40
pin_num 3
44 6 0
31 19 0
36 22 0
Net_id 41
pin_num 3
3 51 0
11 48 0
13 59 0
Net_id 42
pin_num 3
5 8 0
7 17 0
10 4 0
Net_id 43
pin_num 3
25 46 0
35 33 0
30 31 0
Net_id 44
pin_num 3
40 39 0
56 48 0
37 50 0
Net_id 45
pin_num 3
22 23 0
19 28 0
1 8 0
Net_id 46
pin_num 3
36 35 0
18 32 0
13 15 0
Net_id 47
pin_num 3
13 12 0
7 12 0
7 6 0
Net_id 48
pin_num 3
9 42 0
27 38 0
32 30 0
Net_id 49
pin_num 3
17 9 0
3 12 0
40 1 0
Net_id 50
pin_num 3
57 29 0
51 29 0
46 56 0
Net_id 51
pin_num 3
49 52 0
58 55 0
43 55 0
Net_id 52
pin_num 3
22 25 0
34 10 0
34 2 0
Net_id 53
pin_num 3
56 23 0
46 10 0
59 2 0
Net_id 54
pin_num 3
37 10 0
58 20 0
43 1 0
Net_id 55
pin_num 3
59 13 0
47 30 0
58 21 0
Net_id 56
pin_num 3
2 40 0
8 56 0
12 39 0
Net_id 57
pin_num 3
49 19 0
57 18 0
58 33 0
Net_id 58
pin_num 3
21 56 0
2 51 0
18 41 0
Net_id 59
pin_num 3
23 49 0
38 42 0
25 59 0
Net_id 60
pin_num 3
4 29 0
1 27 0
1 55 0
Net_id 61
pin_num 3
31 36 0
19 57 0
17 44 0
Net_id 62
pin_num 3
56 6 0
50 6 0
50 2 0
Net_id 63
pin_num 3
7 5 0
4 0 0
14 15 0
Net_id 64
pin_num 3
21 43 0
9 32 0
12 30 0
Net_id 65
pin_num 3
38 40 0
17 53 0
14 57 0
Net_id 66
pin_num 3
2 49 0
2 44 0
29 47 0
Net_id 67
pin_num 3
55 38 0
38 33 0
28 34 0
Net_id 68
pin_num 3
29 31 0
6 24 0
7 33 0
Net_id 69
pin_num 3
50 48 0
35 58 0
30 53 0
Net_id 70
pin_num 3
36 9 0
41 18 0
29 17 0
Net_id 71
pin_num 3
34 16 0
39 27 0
54 7 0
Net_id 72
pin_num 3
52 2 0
47 5 0
50 11 0
Net_id 73
pin_num 3
54 18 0
46 34 0
27 32 0
Net_id 74
pin_num 3
44 18 0
50 23 0
26 8 0
Net_id 75
pin_num 3
50 21 0
44 42 0
29 52 0
Net_id 76
pin_num 3
55 32 0
28 39 0
51 40 0
Net_id 77
pin_num 3
20 25 0
8 32 0
11 45 0
Net_id 78
pin_num 2
11 1 0
14 5 0
Net_id 79
pin_num 2
8 30 0
0 50 0
Net_id 80
pin_num 2
11 56 0
26 41 0
Net_id 81
pin_num 2
29 2 0
36 10 0
Net_id 82
pin_num 2
48 44 0
22 34 0
Net_id 83
pin_num 2
32 53 0
28 59 0
Net_id 84
pin_num 2
34 14 0
42 5 0
Net_id 85
pin_num 2
50 10 0
47 11 0
Net_id 86
pin_num 2
4 56 0
13 53 0
Net_id 87
pin_num 2
47 53 0
57 53 0
Net_id 88
pin_num 2
43 29 0
58 23 0
Net_id 89
pin_num 2
40 13 0
27 30 0
Net_id 90
pin_num 2
21 17 0
7 23 0
Net_id 91
pin_num 2
42 21 0
32 15 0
Net_id 92
pin_num 2
55 46 0
36 27 0
Net_id 93
pin_num 2
35 53 0
35 44 0
Net_id 94
pin_num 2
26 30 0
34 26 0
Net_id 95
pin_num 2
22 56 0
33 37 0
Net_id 96
pin_num 2
10 34 0
3 48 0
Net_id 97
pin_num 2
59 8 0
51 8 0
Net_id 98
pin_num 2
47 45 0
45 19 0
Net_id 99
pin_num 2
10 2 0
3 2 0
Net_id 100
pin_num 2
40 51 0
59 42 0
Net_id 101
pin_num 2
44 34 0
20 19 0
Net_id 102
pin_num 2
53 15 0
46 11 0
Net_id 103
pin_num 2
41 49 0
30 56 0
Net_id 104
pin_num 2
26 14 0
10 8 0
Net_id 105
pin_num 2
2 9 0
11 0 0
Net_id 106
pin_num 2
55 50 0
40 57 0
Net_id 107
pin_num 2
2 42 0
0 43 0
Net_id 108
pin_num 2
30 43 0
45 52 0
Net_id 109
pin_num 2
20 44 0
29 37 0
Net_id 110
pin_num 2
7 43 0
11 43 0
Net_id 111
pin_num 2
23 8 0
37 0 0
Net_id 112
pin_num 2
6 32 0
6 39 0
Net_id 113
pin_num 2
10 24 0
22 49 0
Net_id 114
pin_num 2
44 41 0
56 41 0
Net_id 115
pin_num 2
26 4 0
9 17 0
Net_id 116
pin_num 2
25 41 0
21 45 0
Net_id 117
pin_num 2
15 10 0
12 2 0
Net_id 118
pin_num 2
27 7 0
18 1 0
Net_id 119
pin_num 2
45 20 0
40 20 0
Net_id 120
pin_num 2
41 59 0
55 57 0
Net_id 121
pin_num 2
3 35 0
5 43 0
Net_id 122
pin_num 2
26 23 0
11 16 0
Net_id 123
pin_num 2
11 25 0
5 3 0
Net_id 124
pin_num 2
7 13 0
14 13 0
Net_id 125
pin_num 2
9 11 0
2 11 0
Net_id 126
pin_num 2
43 26 0
44 21 0
Net_id 127
pin_num 2
33 52 0
45 56 0
Net_id 128
pin_num 2
7 20 0
7 8 0
Net_id 129
pin_num 2
11 5 0
11 8 0
Net_id 130
pin_num 2
28 5 0
2 12 0
Net_id 131
pin_num 2
10 23 0
14 46 0
Net_id 132
pin_num 2
52 28 0
47 8 0
Net_id 133
pin_num 2
11 33 0
2 46 0
Net_id 134
pin_num 2
59 50 0
36 58 0
Net_id 135
pin_num 2
6 46 0
2 23 0
Net_id 136
pin_num 2
37 23 0
38 14 0
Net_id 137
pin_num 2
0 29 0
24 17 0
Net_id 138
pin_num 2
24 58 0
31 58 0
Net_id 139
pin_num 2
58 11 0
44 14 0
Net_id 140
pin_num 2
51 56 0
41 52 0
Net_id 141
pin_num 2
4 36 0
30 47 0
Net_id 142
pin_num 2
14 20 0
20 5 0
Net_id 143
pin_num 2
3 52 0
3 58 0
Net_id 144
pin_num 2
55 51 0
41 57 0
Net_id 145
pin_num 2
59 38 0
36 20 0
Net_id 146
pin_num 2
52 45 0
40 56 0
Net_id 147
pin_num 2
33 34 0
36 11 0
Net_id 148
pin_num 2
8 24 0
22 38 0
Net_id 149
pin_num 2
36 2 0
36 4 0
Net_id 150
pin_num 2
26 16 0
37 2 0
Net_id 151
pin_num 2
4 49 0
2 50 0
Net_id 152
pin_num 2
11 59 0
15 49 0
Net_id 153
pin_num 2
14 8 0
12 3 0
Net_id 154
pin_num 2
24 43 0
29 56 0
Net_id 155
pin_num 2
30 57 0
24 57 0
Net_id 156
pin_num 2
38 21 0
47 24 0
Net_id 157
pin_num 2
51 3 0
38 5 0
Net_id 158
pin_num 2
14 52 0
8 52 0
