Width 60
Height 60
Layer 6
Total_WL 6870
Obstacle_num 144
19 24 0 26 25 0
45 37 0 53 38 0
37 16 0 41 17 0
49 5 0 52 6 0
6 1 0 16 2 0
8 9 0 16 10 0
50 14 0 58 15 0
40 58 0 43 59 0
12 44 0 18 45 0
22 3 0 25 4 0
9 37 0 19 38 0
12 26 0 20 27 0
11 41 0 17 42 0
25 11 0 28 12 0
4 44 0 10 45 0
53 18 0 58 19 0
6 54 0 16 55 0
8 55 0 11 56 0
27 10 0 35 11 0
38 57 0 42 58 0
2 32 0 6 33 0
10 38 0 18 39 0
24 22 0 28 23 0
6 46 0 12 47 0
37 41 1 38 44 1
5 33 1 6 37 1
7 36 1 8 41 1
22 20 1 23 27 1
52 4 1 53 13 1
15 0 1 16 4 1
54 37 1 55 42 1
48 51 1 49 55 1
57 41 1 58 46 1
19 11 1 20 18 1
53 29 1 54 34 1
51 36 1 52 43 1
42 9 1 43 19 1
11 27 1 12 36 1
26 30 1 27 38 1
29 16 1 30 22 1
55 42 1 56 49 1
13 20 1 14 26 1
25 44 1 26 52 1
27 32 1 28 35 1
10 24 1 11 32 1
40 48 1 41 53 1
36 8 1 37 18 1
33 29 1 34 38 1
42 22 2 52 23 2
9 31 2 16 32 2
17 54 2 23 55 2
53 57 2 59 58 2
19 21 2 27 22 2
32 13 2 38 14 2
19 55 2 27 56 2
31 9 2 35 10 2
40 37 2 46 38 2
10 19 2 19 20 2
52 28 2 56 29 2
1 46 2 9 47 2
40 8 2 48 9 2
2 56 2 6 57 2
22 16 2 29 17 2
6 5 2 15 6 2
31 20 2 34 21 2
24 26 2 31 27 2
18 1 2 21 2 2
10 55 2 19 56 2
0 58 2 8 59 2
37 47 2 42 48 2
21 41 2 24 42 2
3 7 2 7 8 2
43 12 3 44 20 3
49 49 3 50 56 3
34 32 3 35 40 3
46 46 3 47 54 3
58 21 3 59 28 3
30 44 3 31 48 3
22 11 3 23 18 3
6 39 3 7 45 3
43 1 3 44 8 3
32 20 3 33 25 3
51 19 3 52 26 3
30 26 3 31 31 3
24 27 3 25 31 3
27 9 3 28 16 3
17 41 3 18 49 3
39 0 3 40 5 3
15 29 3 16 33 3
49 35 3 50 38 3
47 26 3 48 31 3
49 20 3 50 28 3
24 46 3 25 49 3
53 51 3 54 59 3
58 42 3 59 50 3
37 48 3 38 54 3
39 23 4 49 24 4
9 35 4 14 36 4
3 39 4 12 40 4
20 13 4 27 14 4
4 2 4 9 3 4
9 43 4 13 44 4
28 33 4 34 34 4
14 29 4 18 30 4
21 10 4 28 11 4
32 20 4 41 21 4
17 47 4 24 48 4
46 36 4 49 37 4
37 8 4 42 9 4
8 47 4 13 48 4
45 1 4 51 2 4
49 19 4 56 20 4
5 34 4 10 35 4
37 6 4 41 7 4
41 3 4 45 4 4
21 2 4 29 3 4
25 7 4 35 8 4
11 58 4 20 59 4
1 57 4 4 58 4
11 15 4 19 16 4
42 3 5 43 8 5
26 17 5 27 25 5
30 46 5 31 54 5
8 21 5 9 27 5
11 31 5 12 37 5
15 37 5 16 47 5
24 18 5 25 27 5
16 6 5 17 12 5
39 54 5 40 59 5
9 22 5 10 32 5
34 5 5 35 12 5
56 7 5 57 11 5
49 47 5 50 51 5
4 50 5 5 55 5
43 9 5 44 12 5
32 34 5 33 40 5
15 3 5 16 11 5
53 26 5 54 36 5
52 20 5 53 27 5
0 22 5 1 28 5
19 35 5 20 40 5
25 8 5 26 11 5
51 40 5 52 47 5
30 13 5 31 22 5
Net_num 162
Net_id 0
pin_num 5
33 58 0
21 59 0
21 46 0
40 59 0
12 33 0
Net_id 1
pin_num 5
22 13 0
31 19 0
25 3 0
39 3 0
59 2 0
Net_id 2
pin_num 5
38 54 0
47 54 0
46 36 0
31 42 0
50 46 0
Net_id 3
pin_num 5
39 22 0
53 21 0
43 35 0
42 39 0
39 37 0
Net_id 4
pin_num 5
16 52 0
12 49 0
0 59 0
6 49 0
0 44 0
Net_id 5
pin_num 5
15 25 0
24 28 0
17 10 0
2 21 0
23 14 0
Net_id 6
pin_num 5
24 0 0
24 8 0
39 7 0
36 2 0
50 0 0
Net_id 7
pin_num 5
46 13 0
44 20 0
34 25 0
34 4 0
27 5 0
Net_id 8
pin_num 5
35 48 0
54 50 0
51 59 0
50 53 0
50 36 0
Net_id 9
pin_num 5
1 34 0
3 31 0
6 33 0
4 49 0
21 33 0
Net_id 10
pin_num 5
25 53 0
32 53 0
29 49 0
41 53 0
28 44 0
Net_id 11
pin_num 5
57 35 0
57 40 0
57 33 0
36 39 0
53 38 0
Net_id 12
pin_num 5
56 57 0
51 50 0
53 44 0
55 51 0
36 52 0
Net_id 13
pin_num 5
6 6 0
4 16 0
0 10 0
2 0 0
7 26 0
Net_id 14
pin_num 5
54 19 0
58 19 0
57 25 0
55 7 0
56 38 0
Net_id 15
pin_num 5
11 0 0
25 0 0
0 3 0
17 4 0
6 8 0
Net_id 16
pin_num 5
56 30 0
41 35 0
36 30 0
59 23 0
52 23 0
Net_id 17
pin_num 5
12 13 0
6 24 0
18 22 0
8 3 0
9 38 0
Net_id 18
pin_num 5
0 18 0
4 20 0
3 5 0
1 16 0
0 11 0
Net_id 19
pin_num 4
13 5 0
4 5 0
18 12 0
20 11 0
Net_id 20
pin_num 4
18 23 0
31 28 0
2 23 0
9 31 0
Net_id 21
pin_num 4
18 42 0
13 30 0
36 32 0
19 52 0
Net_id 22
pin_num 4
52 17 0
54 24 0
54 32 0
33 25 0
Net_id 23
pin_num 4
45 2 0
37 2 0
37 17 0
37 23 0
Net_id 24
pin_num 4
33 36 0
18 36 0
8 29 0
31 45 0
Net_id 25
pin_num 4
44 47 0
48 33 0
40 34 0
38 31 0
Net_id 26
pin_num 4
25 39 0
30 31 0
29 47 0
39 38 0
Net_id 27
pin_num 4
13 8 0
23 4 0
33 15 0
26 5 0
Net_id 28
pin_num 4
51 2 0
43 7 0
28 6 0
41 0 0
Net_id 29
pin_num 4
57 44 0
41 43 0
51 29 0
42 56 0
Net_id 30
pin_num 4
16 57 0
23 58 0
17 41 0
0 40 0
Net_id 31
pin_num 4
27 34 0
38 45 0
32 45 0
23 45 0
Net_id 32
pin_num 4
5 10 0
3 19 0
28 0 0
1 17 0
Net_id 33
pin_num 4
1 56 0
22 48 0
0 58 0
1 41 0
Net_id 34
pin_num 4
2 7 0
7 4 0
0 4 0
36 4 0
Net_id 35
pin_num 4
58 41 0
57 53 0
41 55 0
54 45 0
Net_id 36
pin_num 4
3 20 0
2 34 0
6 12 0
16 9 0
Net_id 37
pin_num 4
28 30 0
34 30 0
29 37 0
35 33 0
Net_id 38
pin_num 4
44 32 0
32 46 0
54 42 0
47 43 0
Net_id 39
pin_num 3
1 19 0
13 34 0
0 30 0
Net_id 40
pin_num 3
44 35 0
50 18 0
11 26 0
Net_id 41
pin_num 3
11 51 0
2 55 0
3 55 0
Net_id 42
pin_num 3
30 51 0
41 59 0
25 40 0
Net_id 43
pin_num 3
23 1 0
44 6 0
22 1 0
Net_id 44
pin_num 3
54 46 0
59 45 0
57 47 0
Net_id 45
pin_num 3
45 53 0
52 57 0
45 58 0
Net_id 46
pin_num 3
15 33 0
15 55 0
30 52 0
Net_id 47
pin_num 3
23 27 0
32 23 0
52 24 0
Net_id 48
pin_num 3
25 14 0
32 14 0
30 25 0
Net_id 49
pin_num 3
9 19 0
0 22 0
1 36 0
Net_id 50
pin_num 3
11 30 0
5 30 0
9 35 0
Net_id 51
pin_num 3
56 21 0
55 33 0
44 39 0
Net_id 52
pin_num 3
36 10 0
22 4 0
2 15 0
Net_id 53
pin_num 3
30 26 0
44 15 0
16 24 0
Net_id 54
pin_num 3
5 2 0
17 5 0
18 2 0
Net_id 55
pin_num 3
18 45 0
28 37 0
18 50 0
Net_id 56
pin_num 3
58 31 0
35 31 0
22 41 0
Net_id 57
pin_num 3
24 2 0
6 13 0
25 23 0
Net_id 58
pin_num 3
34 6 0
34 1 0
37 22 0
Net_id 59
pin_num 3
0 21 0
7 6 0
4 31 0
Net_id 60
pin_num 3
22 55 0
16 53 0
19 31 0
Net_id 61
pin_num 3
40 10 0
30 12 0
46 12 0
Net_id 62
pin_num 3
39 47 0
36 46 0
23 56 0
Net_id 63
pin_num 3
5 50 0
20 56 0
9 42 0
Net_id 64
pin_num 3
23 53 0
32 50 0
40 46 0
Net_id 65
pin_num 3
12 40 0
3 40 0
6 45 0
Net_id 66
pin_num 3
58 6 0
56 1 0
51 7 0
Net_id 67
pin_num 3
24 51 0
31 46 0
22 49 0
Net_id 68
pin_num 3
35 17 0
24 16 0
27 9 0
Net_id 69
pin_num 3
54 39 0
59 44 0
44 59 0
Net_id 70
pin_num 3
54 10 0
55 26 0
53 16 0
Net_id 71
pin_num 3
10 20 0
28 21 0
4 24 0
Net_id 72
pin_num 3
0 13 0
21 27 0
32 27 0
Net_id 73
pin_num 3
5 18 0
9 22 0
22 30 0
Net_id 74
pin_num 3
7 0 0
22 10 0
13 10 0
Net_id 75
pin_num 3
14 18 0
10 19 0
2 29 0
Net_id 76
pin_num 3
14 34 0
29 45 0
22 56 0
Net_id 77
pin_num 3
54 55 0
49 47 0
43 53 0
Net_id 78
pin_num 3
54 25 0
36 25 0
40 43 0
Net_id 79
pin_num 2
13 40 0
23 18 0
Net_id 80
pin_num 2
16 1 0
22 0 0
Net_id 81
pin_num 2
42 52 0
32 56 0
Net_id 82
pin_num 2
56 12 0
48 12 0
Net_id 83
pin_num 2
55 45 0
56 58 0
Net_id 84
pin_num 2
2 37 0
8 36 0
Net_id 85
pin_num 2
49 1 0
53 24 0
Net_id 86
pin_num 2
9 33 0
2 11 0
Net_id 87
pin_num 2
52 54 0
43 56 0
Net_id 88
pin_num 2
27 15 0
30 8 0
Net_id 89
pin_num 2
19 55 0
3 54 0
Net_id 90
pin_num 2
35 55 0
13 47 0
Net_id 91
pin_num 2
29 28 0
30 9 0
Net_id 92
pin_num 2
40 55 0
35 49 0
Net_id 93
pin_num 2
21 3 0
15 3 0
Net_id 94
pin_num 2
36 27 0
55 21 0
Net_id 95
pin_num 2
38 2 0
50 8 0
Net_id 96
pin_num 2
47 9 0
52 9 0
Net_id 97
pin_num 2
42 10 0
39 0 0
Net_id 98
pin_num 2
20 54 0
9 52 0
Net_id 99
pin_num 2
50 6 0
36 28 0
Net_id 100
pin_num 2
55 2 0
52 13 0
Net_id 101
pin_num 2
23 5 0
5 31 0
Net_id 102
pin_num 2
9 3 0
14 22 0
Net_id 103
pin_num 2
30 11 0
28 33 0
Net_id 104
pin_num 2
54 1 0
49 8 0
Net_id 105
pin_num 2
27 8 0
18 30 0
Net_id 106
pin_num 2
46 41 0
39 29 0
Net_id 107
pin_num 2
8 17 0
11 8 0
Net_id 108
pin_num 2
58 13 0
44 1 0
Net_id 109
pin_num 2
47 41 0
56 49 0
Net_id 110
pin_num 2
57 50 0
37 54 0
Net_id 111
pin_num 2
38 29 0
29 38 0
Net_id 112
pin_num 2
48 43 0
56 15 0
Net_id 113
pin_num 2
31 40 0
51 46 0
Net_id 114
pin_num 2
20 29 0
21 31 0
Net_id 115
pin_num 2
20 37 0
24 37 0
Net_id 116
pin_num 2
18 31 0
11 57 0
Net_id 117
pin_num 2
25 58 0
29 48 0
Net_id 118
pin_num 2
11 49 0
2 35 0
Net_id 119
pin_num 2
43 50 0
55 53 0
Net_id 120
pin_num 2
54 8 0
19 27 0
Net_id 121
pin_num 2
3 14 0
21 6 0
Net_id 122
pin_num 2
38 50 0
35 47 0
Net_id 123
pin_num 2
35 13 0
7 27 0
Net_id 124
pin_num 2
4 50 0
2 39 0
Net_id 125
pin_num 2
31 33 0
36 33 0
Net_id 126
pin_num 2
38 21 0
41 6 0
Net_id 127
pin_num 2
29 29 0
27 26 0
Net_id 128
pin_num 2
34 28 0
47 20 0
Net_id 129
pin_num 2
21 35 0
39 43 0
Net_id 130
pin_num 2
0 47 0
3 45 0
Net_id 131
pin_num 2
35 52 0
34 56 0
Net_id 132
pin_num 2
41 11 0
52 11 0
Net_id 133
pin_num 2
36 14 0
45 32 0
Net_id 134
pin_num 2
29 54 0
23 52 0
Net_id 135
pin_num 2
53 5 0
51 13 0
Net_id 136
pin_num 2
27 24 0
25 32 0
Net_id 137
pin_num 2
46 20 0
59 34 0
Net_id 138
pin_num 2
28 45 0
10 34 0
Net_id 139
pin_num 2
5 28 0
24 19 0
Net_id 140
pin_num 2
1 40 0
9 16 0
Net_id 141
pin_num 2
25 15 0
17 15 0
Net_id 142
pin_num 2
44 49 0
54 54 0
Net_id 143
pin_num 2
4 27 0
4 26 0
Net_id 144
pin_num 2
22 50 0
14 51 0
Net_id 145
pin_num 2
46 44 0
44 51 0
Net_id 146
pin_num 2
57 20 0
49 14 0
Net_id 147
pin_num 2
53 53 0
34 47 0
Net_id 148
pin_num 2
25 29 0
20 35 0
Net_id 149
pin_num 2
1 27 0
10 6 0
Net_id 150
pin_num 2
49 4 0
44 4 0
Net_id 151
pin_num 2
39 53 0
50 16 0
Net_id 152
pin_num 2
6 50 0
33 39 0
Net_id 153
pin_num 2
38 6 0
32 11 0
Net_id 154
pin_num 2
56 20 0
41 23 0
Net_id 155
pin_num 2
32 5 0
19 10 0
Net_id 156
pin_num 2
57 12 0
48 27 0
Net_id 157
pin_num 2
51 35 0
46 33 0
Net_id 158
pin_num 2
11 16 0
14 10 0
Net_id 159
pin_num 2
23 55 0
27 47 0
Net_id 160
pin_num 2
45 18 0
49 6 0
Net_id 161
pin_num 2
12 6 0
7 8 0
