Width 60
Height 60
Layer 6
Total_WL 6692
Obstacle_num 144
47 27 0 52 28 0
21 5 0 26 6 0
39 54 0 44 55 0
9 50 0 19 51 0
34 1 0 44 2 0
33 31 0 39 32 0
43 41 0 50 42 0
50 25 0 59 26 0
7 40 0 12 41 0
30 38 0 35 39 0
14 30 0 23 31 0
41 4 0 50 5 0
52 26 0 57 27 0
35 30 0 40 31 0
28 28 0 33 29 0
38 14 0 41 15 0
11 36 0 16 37 0
6 1 0 11 2 0
29 33 0 36 34 0
11 45 0 21 46 0
28 48 0 35 49 0
45 31 0 50 32 0
0 38 0 7 39 0
34 13 0 40 14 0
34 48 1 35 55 1
12 29 1 13 39 1
3 20 1 4 29 1
14 40 1 15 48 1
35 51 1 36 58 1
14 0 1 15 3 1
26 9 1 27 16 1
37 47 1 38 56 1
29 55 1 30 59 1
30 6 1 31 11 1
28 9 1 29 18 1
45 6 1 46 10 1
38 19 1 39 24 1
21 6 1 22 16 1
10 12 1 11 20 1
13 5 1 14 9 1
40 21 1 41 26 1
30 28 1 31 38 1
15 45 1 16 53 1
3 6 1 4 10 1
2 43 1 3 51 1
48 49 1 49 52 1
55 10 1 56 13 1
29 9 1 30 17 1
16 53 2 20 54 2
47 48 2 51 49 2
38 52 2 45 53 2
12 18 2 19 19 2
31 0 2 34 1 2
26 30 2 35 31 2
46 3 2 53 4 2
7 41 2 14 42 2
2 38 2 6 39 2
41 31 2 44 32 2
12 28 2 18 29 2
28 11 2 38 12 2
21 45 2 27 46 2
43 26 2 47 27 2
8 24 2 15 25 2
0 53 2 3 54 2
40 18 2 47 19 2
53 0 2 56 1 2
27 21 2 36 22 2
16 9 2 25 10 2
47 47 2 56 48 2
24 48 2 31 49 2
2 50 2 9 51 2
23 46 2 26 47 2
42 28 3 43 36 3
56 21 3 57 25 3
40 4 3 41 12 3
46 19 3 47 29 3
9 31 3 10 38 3
14 11 3 15 16 3
18 18 3 19 28 3
16 1 3 17 11 3
4 47 3 5 54 3
39 0 3 40 6 3
55 46 3 56 50 3
21 11 3 22 18 3
56 40 3 57 50 3
48 27 3 49 30 3
1 12 3 2 16 3
37 2 3 38 9 3
54 18 3 55 24 3
26 14 3 27 18 3
5 8 3 6 11 3
24 39 3 25 46 3
15 26 3 16 31 3
41 20 3 42 23 3
23 5 3 24 8 3
48 35 3 49 45 3
45 50 4 54 51 4
3 21 4 6 22 4
30 31 4 40 32 4
30 14 4 35 15 4
26 5 4 32 6 4
47 52 4 56 53 4
28 43 4 31 44 4
19 57 4 24 58 4
9 38 4 12 39 4
10 41 4 16 42 4
11 37 4 21 38 4
29 36 4 38 37 4
29 3 4 36 4 4
17 11 4 27 12 4
31 13 4 39 14 4
30 50 4 34 51 4
44 49 4 52 50 4
46 30 4 55 31 4
48 29 4 58 30 4
7 32 4 13 33 4
3 10 4 11 11 4
29 18 4 39 19 4
30 2 4 34 3 4
17 2 4 24 3 4
3 5 5 4 14 5
4 9 5 5 14 5
57 49 5 58 53 5
12 16 5 13 23 5
46 49 5 47 56 5
16 15 5 17 25 5
17 25 5 18 28 5
37 28 5 38 35 5
29 27 5 30 36 5
44 11 5 45 19 5
58 11 5 59 21 5
20 3 5 21 8 5
4 24 5 5 32 5
40 9 5 41 17 5
17 15 5 18 19 5
10 3 5 11 12 5
9 43 5 10 46 5
47 16 5 48 25 5
27 19 5 28 29 5
51 26 5 52 36 5
52 40 5 53 48 5
46 21 5 47 24 5
14 9 5 15 15 5
27 29 5 28 33 5
Net_num 157
Net_id 0
pin_num 5
32 8 0
40 11 0
47 8 0
52 1 0
59 4 0
Net_id 1
pin_num 5
21 59 0
15 56 0
14 59 0
19 43 0
0 44 0
Net_id 2
pin_num 5
17 27 0
11 22 0
0 30 0
33 25 0
17 28 0
Net_id 3
pin_num 5
49 34 0
40 33 0
40 43 0
51 22 0
50 13 0
Net_id 4
pin_num 5
58 37 0
52 41 0
52 24 0
59 28 0
35 35 0
Net_id 5
pin_num 5
23 26 0
41 32 0
44 16 0
37 35 0
41 13 0
Net_id 6
pin_num 5
11 15 0
1 13 0
11 13 0
0 6 0
1 0 0
Net_id 7
pin_num 5
27 19 0
33 14 0
27 15 0
36 15 0
42 27 0
Net_id 8
pin_num 5
15 4 0
11 1 0
16 15 0
27 10 0
16 0 0
Net_id 9
pin_num 5
38 52 0
36 51 0
48 59 0
37 46 0
30 54 0
Net_id 10
pin_num 5
54 17 0
51 1 0
41 3 0
51 23 0
57 3 0
Net_id 11
pin_num 5
21 42 0
22 50 0
32 43 0
25 30 0
28 27 0
Net_id 12
pin_num 5
54 47 0
59 40 0
45 43 0
58 33 0
33 47 0
Net_id 13
pin_num 5
34 40 0
42 48 0
58 46 0
59 48 0
56 57 0
Net_id 14
pin_num 5
17 25 0
23 27 0
42 25 0
43 14 0
34 37 0
Net_id 15
pin_num 5
2 30 0
5 17 0
10 26 0
8 22 0
3 42 0
Net_id 16
pin_num 5
57 22 0
50 12 0
27 12 0
33 13 0
37 10 0
Net_id 17
pin_num 5
7 16 0
1 9 0
10 0 0
0 31 0
14 16 0
Net_id 18
pin_num 5
12 22 0
15 9 0
7 9 0
20 24 0
18 16 0
Net_id 19
pin_num 4
16 20 0
29 20 0
25 11 0
18 0 0
Net_id 20
pin_num 4
38 10 0
58 10 0
47 0 0
42 6 0
Net_id 21
pin_num 4
11 6 0
1 4 0
16 2 0
12 5 0
Net_id 22
pin_num 4
43 40 0
44 34 0
39 41 0
43 34 0
Net_id 23
pin_num 4
54 11 0
58 6 0
38 0 0
58 0 0
Net_id 24
pin_num 4
16 58 0
20 56 0
16 55 0
4 58 0
Net_id 25
pin_num 4
8 16 0
19 18 0
19 1 0
14 38 0
Net_id 26
pin_num 4
9 34 0
1 25 0
19 29 0
17 36 0
Net_id 27
pin_num 4
6 19 0
9 23 0
7 12 0
8 32 0
Net_id 28
pin_num 4
15 12 0
0 16 0
10 25 0
2 51 0
Net_id 29
pin_num 4
9 48 0
14 49 0
2 59 0
0 59 0
Net_id 30
pin_num 4
38 5 0
30 0 0
46 6 0
44 9 0
Net_id 31
pin_num 4
40 15 0
35 2 0
49 9 0
39 7 0
Net_id 32
pin_num 4
35 49 0
25 47 0
18 54 0
22 37 0
Net_id 33
pin_num 4
27 18 0
35 17 0
58 17 0
57 8 0
Net_id 34
pin_num 4
26 49 0
32 37 0
32 53 0
46 45 0
Net_id 35
pin_num 4
31 45 0
35 39 0
50 41 0
30 41 0
Net_id 36
pin_num 4
24 57 0
31 42 0
23 59 0
37 57 0
Net_id 37
pin_num 4
1 36 0
10 38 0
7 31 0
18 31 0
Net_id 38
pin_num 3
19 2 0
38 4 0
0 0 0
Net_id 39
pin_num 3
4 7 0
4 1 0
4 8 0
Net_id 40
pin_num 3
37 56 0
47 59 0
47 42 0
Net_id 41
pin_num 3
48 22 0
38 15 0
34 16 0
Net_id 42
pin_num 3
13 20 0
7 25 0
11 33 0
Net_id 43
pin_num 3
22 59 0
33 53 0
21 40 0
Net_id 44
pin_num 3
10 57 0
6 52 0
28 59 0
Net_id 45
pin_num 3
35 56 0
20 55 0
29 50 0
Net_id 46
pin_num 3
28 45 0
19 49 0
20 46 0
Net_id 47
pin_num 3
18 28 0
31 17 0
43 7 0
Net_id 48
pin_num 3
42 7 0
38 24 0
49 20 0
Net_id 49
pin_num 3
18 44 0
10 55 0
16 39 0
Net_id 50
pin_num 3
16 35 0
32 49 0
4 25 0
Net_id 51
pin_num 3
11 34 0
11 46 0
6 30 0
Net_id 52
pin_num 3
33 18 0
26 25 0
12 23 0
Net_id 53
pin_num 3
40 37 0
27 52 0
51 41 0
Net_id 54
pin_num 3
45 3 0
33 9 0
15 1 0
Net_id 55
pin_num 3
28 11 0
24 17 0
29 6 0
Net_id 56
pin_num 3
25 9 0
32 11 0
32 29 0
Net_id 57
pin_num 3
49 15 0
39 21 0
56 6 0
Net_id 58
pin_num 3
49 40 0
40 49 0
46 58 0
Net_id 59
pin_num 3
49 17 0
58 7 0
38 2 0
Net_id 60
pin_num 3
1 21 0
8 12 0
13 44 0
Net_id 61
pin_num 3
31 11 0
21 21 0
31 20 0
Net_id 62
pin_num 3
59 52 0
42 52 0
39 42 0
Net_id 63
pin_num 3
35 36 0
20 47 0
1 59 0
Net_id 64
pin_num 3
55 46 0
30 45 0
43 33 0
Net_id 65
pin_num 3
11 32 0
6 18 0
18 42 0
Net_id 66
pin_num 3
49 55 0
52 59 0
49 49 0
Net_id 67
pin_num 3
4 4 0
24 6 0
12 19 0
Net_id 68
pin_num 3
13 19 0
31 29 0
26 46 0
Net_id 69
pin_num 3
45 44 0
24 38 0
53 59 0
Net_id 70
pin_num 3
32 39 0
38 29 0
37 27 0
Net_id 71
pin_num 3
7 33 0
23 58 0
2 52 0
Net_id 72
pin_num 3
47 54 0
39 57 0
18 56 0
Net_id 73
pin_num 3
45 51 0
32 44 0
9 37 0
Net_id 74
pin_num 3
26 17 0
16 12 0
18 55 0
Net_id 75
pin_num 3
42 55 0
54 48 0
59 50 0
Net_id 76
pin_num 3
51 19 0
38 7 0
7 7 0
Net_id 77
pin_num 3
19 10 0
25 1 0
37 36 0
Net_id 78
pin_num 2
35 58 0
48 56 0
Net_id 79
pin_num 2
29 10 0
47 1 0
Net_id 80
pin_num 2
47 36 0
39 35 0
Net_id 81
pin_num 2
29 55 0
55 54 0
Net_id 82
pin_num 2
44 13 0
55 2 0
Net_id 83
pin_num 2
43 28 0
35 28 0
Net_id 84
pin_num 2
14 39 0
7 43 0
Net_id 85
pin_num 2
32 57 0
23 50 0
Net_id 86
pin_num 2
53 42 0
39 23 0
Net_id 87
pin_num 2
17 40 0
6 51 0
Net_id 88
pin_num 2
17 9 0
22 9 0
Net_id 89
pin_num 2
0 12 0
14 21 0
Net_id 90
pin_num 2
13 40 0
6 12 0
Net_id 91
pin_num 2
52 18 0
47 23 0
Net_id 92
pin_num 2
44 7 0
57 4 0
Net_id 93
pin_num 2
22 32 0
12 42 0
Net_id 94
pin_num 2
57 56 0
50 53 0
Net_id 95
pin_num 2
58 51 0
58 54 0
Net_id 96
pin_num 2
51 44 0
57 44 0
Net_id 97
pin_num 2
22 44 0
1 58 0
Net_id 98
pin_num 2
37 42 0
31 58 0
Net_id 99
pin_num 2
57 36 0
45 23 0
Net_id 100
pin_num 2
28 2 0
16 17 0
Net_id 101
pin_num 2
36 11 0
17 21 0
Net_id 102
pin_num 2
25 8 0
18 5 0
Net_id 103
pin_num 2
40 9 0
44 11 0
Net_id 104
pin_num 2
4 24 0
15 17 0
Net_id 105
pin_num 2
47 38 0
51 28 0
Net_id 106
pin_num 2
53 27 0
54 20 0
Net_id 107
pin_num 2
43 49 0
42 56 0
Net_id 108
pin_num 2
13 21 0
6 37 0
Net_id 109
pin_num 2
12 51 0
7 50 0
Net_id 110
pin_num 2
23 16 0
3 14 0
Net_id 111
pin_num 2
18 52 0
4 59 0
Net_id 112
pin_num 2
27 29 0
55 16 0
Net_id 113
pin_num 2
55 30 0
39 20 0
Net_id 114
pin_num 2
31 3 0
33 6 0
Net_id 115
pin_num 2
33 50 0
30 46 0
Net_id 116
pin_num 2
18 14 0
24 21 0
Net_id 117
pin_num 2
36 21 0
34 43 0
Net_id 118
pin_num 2
26 29 0
24 22 0
Net_id 119
pin_num 2
23 24 0
8 39 0
Net_id 120
pin_num 2
58 57 0
57 43 0
Net_id 121
pin_num 2
54 38 0
33 23 0
Net_id 122
pin_num 2
4 12 0
12 13 0
Net_id 123
pin_num 2
54 35 0
51 39 0
Net_id 124
pin_num 2
38 34 0
33 19 0
Net_id 125
pin_num 2
59 30 0
58 27 0
Net_id 126
pin_num 2
34 18 0
52 6 0
Net_id 127
pin_num 2
59 54 0
56 39 0
Net_id 128
pin_num 2
21 58 0
5 45 0
Net_id 129
pin_num 2
18 48 0
21 38 0
Net_id 130
pin_num 2
26 19 0
15 5 0
Net_id 131
pin_num 2
34 21 0
34 17 0
Net_id 132
pin_num 2
34 15 0
46 18 0
Net_id 133
pin_num 2
49 25 0
47 32 0
Net_id 134
pin_num 2
15 22 0
30 40 0
Net_id 135
pin_num 2
8 56 0
22 42 0
Net_id 136
pin_num 2
5 32 0
8 37 0
Net_id 137
pin_num 2
13 18 0
18 2 0
Net_id 138
pin_num 2
58 45 0
34 58 0
Net_id 139
pin_num 2
32 2 0
22 26 0
Net_id 140
pin_num 2
18 34 0
3 34 0
Net_id 141
pin_num 2
58 24 0
50 36 0
Net_id 142
pin_num 2
23 12 0
4 2 0
Net_id 143
pin_num 2
12 17 0
1 11 0
Net_id 144
pin_num 2
46 17 0
59 24 0
Net_id 145
pin_num 2
22 49 0
2 58 0
Net_id 146
pin_num 2
48 11 0
46 14 0
Net_id 147
pin_num 2
53 14 0
25 22 0
Net_id 148
pin_num 2
3 56 0
27 34 0
Net_id 149
pin_num 2
6 59 0
16 51 0
Net_id 150
pin_num 2
28 44 0
38 49 0
Net_id 151
pin_num 2
26 38 0
29 35 0
Net_id 152
pin_num 2
37 3 0
49 28 0
Net_id 153
pin_num 2
48 29 0
42 34 0
Net_id 154
pin_num 2
41 2 0
51 2 0
Net_id 155
pin_num 2
54 29 0
44 32 0
Net_id 156
pin_num 2
30 15 0
43 3 0
