Width 60
Height 60
Layer 6
Total_WL 6613
Obstacle_num 144
31 46 0 34 47 0
32 26 0 35 27 0
18 31 0 26 32 0
17 33 0 25 34 0
5 52 0 14 53 0
35 53 0 40 54 0
1 58 0 5 59 0
5 40 0 14 41 0
33 41 0 41 42 0
22 9 0 32 10 0
16 13 0 22 14 0
15 39 0 22 40 0
53 19 0 56 20 0
33 19 0 43 20 0
5 39 0 8 40 0
26 58 0 33 59 0
45 32 0 48 33 0
26 21 0 32 22 0
40 14 0 44 15 0
1 3 0 8 4 0
25 32 0 35 33 0
7 27 0 12 28 0
5 8 0 9 9 0
27 53 0 32 54 0
54 43 1 55 48 1
39 30 1 40 35 1
53 36 1 54 45 1
32 23 1 33 32 1
35 40 1 36 49 1
5 12 1 6 22 1
58 20 1 59 27 1
27 17 1 28 23 1
52 35 1 53 42 1
24 7 1 25 16 1
28 4 1 29 9 1
20 48 1 21 56 1
6 27 1 7 30 1
17 38 1 18 44 1
6 42 1 7 45 1
35 20 1 36 25 1
21 18 1 22 21 1
25 40 1 26 46 1
57 47 1 58 51 1
8 33 1 9 43 1
5 30 1 6 36 1
10 48 1 11 54 1
7 0 1 8 5 1
55 14 1 56 18 1
45 8 2 50 9 2
39 3 2 47 4 2
1 22 2 7 23 2
49 50 2 58 51 2
6 28 2 10 29 2
50 6 2 56 7 2
34 6 2 38 7 2
18 2 2 25 3 2
17 22 2 22 23 2
0 14 2 3 15 2
7 39 2 10 40 2
22 39 2 28 40 2
44 52 2 52 53 2
26 16 2 32 17 2
19 24 2 26 25 2
48 41 2 52 42 2
49 0 2 58 1 2
7 44 2 11 45 2
46 2 2 49 3 2
29 13 2 39 14 2
24 12 2 30 13 2
9 5 2 17 6 2
31 34 2 40 35 2
6 57 2 10 58 2
33 52 3 34 57 3
29 38 3 30 43 3
19 41 3 20 46 3
19 11 3 20 17 3
51 54 3 52 58 3
14 15 3 15 21 3
8 2 3 9 7 3
10 1 3 11 10 3
5 51 3 6 56 3
55 26 3 56 35 3
22 24 3 23 28 3
45 54 3 46 59 3
0 35 3 1 41 3
15 18 3 16 26 3
26 12 3 27 15 3
35 25 3 36 29 3
38 29 3 39 39 3
16 23 3 17 26 3
52 5 3 53 8 3
34 19 3 35 22 3
36 39 3 37 48 3
53 49 3 54 53 3
1 49 3 2 55 3
43 41 3 44 51 3
18 12 4 21 13 4
43 16 4 51 17 4
42 45 4 45 46 4
34 29 4 43 30 4
26 21 4 34 22 4
39 47 4 45 48 4
49 45 4 59 46 4
17 57 4 21 58 4
51 28 4 57 29 4
23 16 4 26 17 4
11 11 4 15 12 4
6 13 4 15 14 4
10 15 4 19 16 4
4 11 4 9 12 4
46 35 4 50 36 4
37 6 4 45 7 4
41 15 4 47 16 4
26 22 4 33 23 4
10 43 4 16 44 4
3 12 4 12 13 4
23 44 4 31 45 4
5 54 4 11 55 4
35 36 4 43 37 4
33 46 4 37 47 4
46 0 5 47 3 5
41 37 5 42 46 5
34 13 5 35 18 5
32 17 5 33 22 5
2 47 5 3 50 5
57 32 5 58 36 5
38 44 5 39 54 5
40 6 5 41 14 5
2 18 5 3 26 5
31 39 5 32 43 5
44 35 5 45 40 5
34 48 5 35 58 5
30 29 5 31 34 5
4 1 5 5 5 5
55 4 5 56 11 5
41 32 5 42 35 5
14 40 5 15 47 5
35 36 5 36 41 5
13 12 5 14 15 5
43 27 5 44 37 5
30 19 5 31 29 5
14 36 5 15 40 5
1 33 5 2 36 5
16 21 5 17 29 5
Net_num 159
Net_id 0
pin_num 5
41 51 0
49 58 0
59 56 0
52 53 0
55 47 0
Net_id 1
pin_num 5
39 43 0
33 45 0
42 45 0
59 47 0
24 45 0
Net_id 2
pin_num 5
31 2 0
27 2 0
29 0 0
23 1 0
14 0 0
Net_id 3
pin_num 5
56 3 0
53 2 0
48 0 0
59 9 0
50 1 0
Net_id 4
pin_num 5
9 30 0
26 28 0
24 46 0
19 25 0
1 26 0
Net_id 5
pin_num 5
20 8 0
27 6 0
15 3 0
21 10 0
15 9 0
Net_id 6
pin_num 5
44 17 0
30 16 0
11 16 0
38 0 0
22 7 0
Net_id 7
pin_num 5
25 10 0
32 18 0
24 3 0
14 3 0
24 6 0
Net_id 8
pin_num 5
46 39 0
34 39 0
50 42 0
45 33 0
43 21 0
Net_id 9
pin_num 5
43 53 0
51 48 0
40 37 0
46 44 0
31 48 0
Net_id 10
pin_num 5
30 7 0
33 9 0
19 8 0
20 1 0
26 0 0
Net_id 11
pin_num 5
51 21 0
59 11 0
59 38 0
50 11 0
34 18 0
Net_id 12
pin_num 5
54 29 0
44 32 0
48 50 0
54 36 0
46 14 0
Net_id 13
pin_num 5
55 33 0
56 55 0
58 40 0
59 55 0
56 37 0
Net_id 14
pin_num 5
4 37 0
7 29 0
12 31 0
4 21 0
0 12 0
Net_id 15
pin_num 5
42 41 0
56 36 0
52 31 0
48 59 0
44 46 0
Net_id 16
pin_num 5
59 19 0
48 29 0
33 29 0
44 36 0
48 31 0
Net_id 17
pin_num 5
4 34 0
10 29 0
2 47 0
0 40 0
5 38 0
Net_id 18
pin_num 4
46 25 0
41 16 0
55 25 0
31 26 0
Net_id 19
pin_num 4
29 22 0
25 25 0
20 17 0
38 20 0
Net_id 20
pin_num 4
51 12 0
38 15 0
20 15 0
38 27 0
Net_id 21
pin_num 4
34 11 0
26 12 0
19 15 0
41 11 0
Net_id 22
pin_num 4
57 12 0
57 17 0
45 26 0
58 12 0
Net_id 23
pin_num 4
13 26 0
20 37 0
29 37 0
21 48 0
Net_id 24
pin_num 4
24 26 0
30 37 0
21 36 0
18 30 0
Net_id 25
pin_num 4
0 8 0
12 4 0
10 21 0
0 5 0
Net_id 26
pin_num 4
7 32 0
3 49 0
1 19 0
4 29 0
Net_id 27
pin_num 4
12 27 0
25 33 0
23 14 0
33 14 0
Net_id 28
pin_num 4
36 54 0
41 58 0
38 36 0
51 43 0
Net_id 29
pin_num 4
2 6 0
0 3 0
11 0 0
25 0 0
Net_id 30
pin_num 4
40 56 0
26 59 0
40 36 0
14 59 0
Net_id 31
pin_num 4
30 24 0
44 24 0
36 10 0
11 24 0
Net_id 32
pin_num 4
37 47 0
19 49 0
5 49 0
12 58 0
Net_id 33
pin_num 4
55 46 0
44 49 0
59 59 0
51 32 0
Net_id 34
pin_num 4
13 57 0
5 58 0
13 48 0
34 57 0
Net_id 35
pin_num 4
28 17 0
21 23 0
23 44 0
11 44 0
Net_id 36
pin_num 4
47 29 0
38 30 0
42 27 0
20 29 0
Net_id 37
pin_num 4
13 21 0
6 4 0
3 12 0
5 1 0
Net_id 38
pin_num 4
10 49 0
5 36 0
7 38 0
3 43 0
Net_id 39
pin_num 3
14 57 0
22 59 0
36 46 0
Net_id 40
pin_num 3
6 15 0
3 23 0
18 18 0
Net_id 41
pin_num 3
17 25 0
3 39 0
14 31 0
Net_id 42
pin_num 3
36 35 0
31 39 0
34 48 0
Net_id 43
pin_num 3
53 26 0
59 33 0
56 30 0
Net_id 44
pin_num 3
2 50 0
22 56 0
45 59 0
Net_id 45
pin_num 3
36 16 0
22 18 0
32 33 0
Net_id 46
pin_num 3
41 55 0
47 58 0
27 54 0
Net_id 47
pin_num 3
15 18 0
30 12 0
18 4 0
Net_id 48
pin_num 3
2 41 0
14 30 0
2 21 0
Net_id 49
pin_num 3
42 44 0
49 57 0
47 38 0
Net_id 50
pin_num 3
54 42 0
35 38 0
59 10 0
Net_id 51
pin_num 3
46 0 0
58 27 0
57 9 0
Net_id 52
pin_num 3
23 5 0
33 5 0
28 19 0
Net_id 53
pin_num 3
48 4 0
55 4 0
50 33 0
Net_id 54
pin_num 3
0 32 0
3 24 0
0 20 0
Net_id 55
pin_num 3
6 48 0
15 35 0
8 19 0
Net_id 56
pin_num 3
14 56 0
24 55 0
42 47 0
Net_id 57
pin_num 3
39 34 0
53 35 0
57 41 0
Net_id 58
pin_num 3
57 56 0
37 57 0
49 39 0
Net_id 59
pin_num 3
49 1 0
34 3 0
31 19 0
Net_id 60
pin_num 3
8 59 0
1 42 0
16 32 0
Net_id 61
pin_num 3
46 3 0
55 6 0
43 2 0
Net_id 62
pin_num 3
48 6 0
44 0 0
14 1 0
Net_id 63
pin_num 3
12 8 0
2 10 0
13 18 0
Net_id 64
pin_num 3
51 26 0
37 38 0
57 35 0
Net_id 65
pin_num 3
32 43 0
44 50 0
27 44 0
Net_id 66
pin_num 3
22 42 0
20 38 0
14 42 0
Net_id 67
pin_num 3
28 36 0
32 55 0
54 30 0
Net_id 68
pin_num 3
32 35 0
16 34 0
31 29 0
Net_id 69
pin_num 3
12 15 0
9 0 0
40 5 0
Net_id 70
pin_num 3
18 21 0
44 23 0
58 17 0
Net_id 71
pin_num 3
0 11 0
3 9 0
32 6 0
Net_id 72
pin_num 3
21 26 0
24 29 0
24 38 0
Net_id 73
pin_num 3
22 6 0
42 11 0
40 16 0
Net_id 74
pin_num 3
20 51 0
28 31 0
35 49 0
Net_id 75
pin_num 3
46 47 0
57 44 0
57 26 0
Net_id 76
pin_num 3
53 55 0
57 57 0
56 54 0
Net_id 77
pin_num 3
9 45 0
27 51 0
9 59 0
Net_id 78
pin_num 3
1 36 0
6 51 0
0 46 0
Net_id 79
pin_num 2
46 59 0
59 48 0
Net_id 80
pin_num 2
34 37 0
44 40 0
Net_id 81
pin_num 2
55 24 0
52 16 0
Net_id 82
pin_num 2
40 57 0
49 34 0
Net_id 83
pin_num 2
24 10 0
13 32 0
Net_id 84
pin_num 2
49 9 0
58 4 0
Net_id 85
pin_num 2
42 8 0
58 14 0
Net_id 86
pin_num 2
14 29 0
33 7 0
Net_id 87
pin_num 2
44 28 0
22 22 0
Net_id 88
pin_num 2
23 53 0
41 41 0
Net_id 89
pin_num 2
25 38 0
10 57 0
Net_id 90
pin_num 2
57 51 0
49 38 0
Net_id 91
pin_num 2
43 11 0
44 7 0
Net_id 92
pin_num 2
43 36 0
41 40 0
Net_id 93
pin_num 2
10 4 0
12 14 0
Net_id 94
pin_num 2
17 30 0
9 20 0
Net_id 95
pin_num 2
15 8 0
2 28 0
Net_id 96
pin_num 2
43 51 0
21 53 0
Net_id 97
pin_num 2
43 48 0
56 47 0
Net_id 98
pin_num 2
35 18 0
57 21 0
Net_id 99
pin_num 2
12 56 0
31 43 0
Net_id 100
pin_num 2
2 15 0
9 41 0
Net_id 101
pin_num 2
18 43 0
11 43 0
Net_id 102
pin_num 2
49 5 0
50 3 0
Net_id 103
pin_num 2
10 14 0
15 31 0
Net_id 104
pin_num 2
48 28 0
57 25 0
Net_id 105
pin_num 2
19 41 0
19 45 0
Net_id 106
pin_num 2
6 54 0
3 57 0
Net_id 107
pin_num 2
50 53 0
51 58 0
Net_id 108
pin_num 2
6 2 0
0 1 0
Net_id 109
pin_num 2
19 52 0
30 55 0
Net_id 110
pin_num 2
17 21 0
6 14 0
Net_id 111
pin_num 2
39 5 0
34 9 0
Net_id 112
pin_num 2
27 35 0
43 19 0
Net_id 113
pin_num 2
0 52 0
5 53 0
Net_id 114
pin_num 2
54 35 0
58 16 0
Net_id 115
pin_num 2
54 28 0
42 10 0
Net_id 116
pin_num 2
40 22 0
25 7 0
Net_id 117
pin_num 2
30 50 0
41 52 0
Net_id 118
pin_num 2
16 12 0
15 10 0
Net_id 119
pin_num 2
58 31 0
53 28 0
Net_id 120
pin_num 2
18 22 0
16 19 0
Net_id 121
pin_num 2
48 34 0
35 51 0
Net_id 122
pin_num 2
3 35 0
9 24 0
Net_id 123
pin_num 2
7 9 0
2 14 0
Net_id 124
pin_num 2
2 5 0
7 5 0
Net_id 125
pin_num 2
24 11 0
52 23 0
Net_id 126
pin_num 2
41 53 0
34 40 0
Net_id 127
pin_num 2
12 46 0
2 45 0
Net_id 128
pin_num 2
20 45 0
23 50 0
Net_id 129
pin_num 2
26 39 0
12 28 0
Net_id 130
pin_num 2
6 29 0
5 24 0
Net_id 131
pin_num 2
37 20 0
30 18 0
Net_id 132
pin_num 2
6 57 0
1 48 0
Net_id 133
pin_num 2
43 22 0
37 25 0
Net_id 134
pin_num 2
23 48 0
28 48 0
Net_id 135
pin_num 2
8 57 0
7 53 0
Net_id 136
pin_num 2
40 54 0
53 54 0
Net_id 137
pin_num 2
34 58 0
54 51 0
Net_id 138
pin_num 2
25 44 0
27 34 0
Net_id 139
pin_num 2
58 3 0
46 7 0
Net_id 140
pin_num 2
54 23 0
46 37 0
Net_id 141
pin_num 2
33 2 0
44 9 0
Net_id 142
pin_num 2
50 51 0
45 51 0
Net_id 143
pin_num 2
45 30 0
20 43 0
Net_id 144
pin_num 2
54 55 0
44 51 0
Net_id 145
pin_num 2
50 38 0
54 37 0
Net_id 146
pin_num 2
26 31 0
47 30 0
Net_id 147
pin_num 2
50 10 0
56 10 0
Net_id 148
pin_num 2
53 14 0
51 15 0
Net_id 149
pin_num 2
21 54 0
27 25 0
Net_id 150
pin_num 2
20 9 0
16 14 0
Net_id 151
pin_num 2
20 23 0
11 28 0
Net_id 152
pin_num 2
23 36 0
4 51 0
Net_id 153
pin_num 2
40 50 0
36 48 0
Net_id 154
pin_num 2
35 26 0
53 8 0
Net_id 155
pin_num 2
23 32 0
9 43 0
Net_id 156
pin_num 2
34 6 0
17 2 0
Net_id 157
pin_num 2
43 30 0
30 48 0
Net_id 158
pin_num 2
36 13 0
20 7 0
