Width 60
Height 60
Layer 6
Total_WL 6375
Obstacle_num 144
37 45 0 44 46 0
39 52 0 48 53 0
44 58 0 52 59 0
31 36 0 37 37 0
46 12 0 56 13 0
42 13 0 51 14 0
20 43 0 25 44 0
10 47 0 16 48 0
13 1 0 20 2 0
24 38 0 27 39 0
25 52 0 28 53 0
52 43 0 59 44 0
24 11 0 34 12 0
14 48 0 20 49 0
23 57 0 27 58 0
24 8 0 30 9 0
1 26 0 11 27 0
55 22 0 58 23 0
36 5 0 44 6 0
51 23 0 59 24 0
49 5 0 59 6 0
49 29 0 57 30 0
46 34 0 53 35 0
31 23 0 38 24 0
22 37 1 23 42 1
27 17 1 28 26 1
31 29 1 32 37 1
40 11 1 41 19 1
38 33 1 39 36 1
5 50 1 6 56 1
16 2 1 17 9 1
56 24 1 57 32 1
35 11 1 36 14 1
20 8 1 21 12 1
44 26 1 45 29 1
47 43 1 48 48 1
21 18 1 22 24 1
32 55 1 33 58 1
11 51 1 12 55 1
5 40 1 6 49 1
17 12 1 18 22 1
10 1 1 11 7 1
32 14 1 33 18 1
26 38 1 27 42 1
0 42 1 1 52 1
42 50 1 43 59 1
7 37 1 8 45 1
35 23 1 36 29 1
44 45 2 54 46 2
21 15 2 25 16 2
41 27 2 49 28 2
23 50 2 28 51 2
29 44 2 35 45 2
18 53 2 25 54 2
19 6 2 28 7 2
38 19 2 46 20 2
35 54 2 38 55 2
5 34 2 12 35 2
35 25 2 41 26 2
29 13 2 35 14 2
22 38 2 28 39 2
4 52 2 7 53 2
32 22 2 39 23 2
34 56 2 41 57 2
17 39 2 20 40 2
19 36 2 29 37 2
12 14 2 15 15 2
11 23 2 17 24 2
34 46 2 38 47 2
35 10 2 43 11 2
20 31 2 27 32 2
16 16 2 24 17 2
42 44 3 43 52 3
23 28 3 24 34 3
5 32 3 6 40 3
6 20 3 7 29 3
44 10 3 45 19 3
38 19 3 39 26 3
17 7 3 18 15 3
14 21 3 15 31 3
18 35 3 19 39 3
38 40 3 39 45 3
58 6 3 59 11 3
46 28 3 47 37 3
41 38 3 42 41 3
21 34 3 22 42 3
29 8 3 30 12 3
10 37 3 11 45 3
43 43 3 44 50 3
37 2 3 38 7 3
32 44 3 33 53 3
4 51 3 5 57 3
5 5 3 6 10 3
27 17 3 28 24 3
32 31 3 33 38 3
40 3 3 41 10 3
49 5 4 59 6 4
2 1 4 7 2 4
22 58 4 29 59 4
45 43 4 53 44 4
20 23 4 23 24 4
42 2 4 45 3 4
6 22 4 9 23 4
22 19 4 28 20 4
29 58 4 35 59 4
33 0 4 38 1 4
31 35 4 38 36 4
3 57 4 8 58 4
17 46 4 27 47 4
2 44 4 6 45 4
5 37 4 11 38 4
38 46 4 41 47 4
37 3 4 44 4 4
22 11 4 30 12 4
22 52 4 27 53 4
45 35 4 51 36 4
53 24 4 59 25 4
23 13 4 32 14 4
17 26 4 24 27 4
53 50 4 57 51 4
43 4 5 44 13 5
5 39 5 6 44 5
42 15 5 43 22 5
32 6 5 33 14 5
8 41 5 9 49 5
41 47 5 42 57 5
13 38 5 14 42 5
1 19 5 2 23 5
7 30 5 8 40 5
45 9 5 46 19 5
12 42 5 13 52 5
9 28 5 10 35 5
31 4 5 32 9 5
21 48 5 22 52 5
1 1 5 2 8 5
14 55 5 15 58 5
40 4 5 41 13 5
49 48 5 50 53 5
34 0 5 35 6 5
51 18 5 52 25 5
30 53 5 31 59 5
50 49 5 51 59 5
32 49 5 33 54 5
47 45 5 48 55 5
Net_num 158
Net_id 0
pin_num 5
9 18 0
0 25 0
2 18 0
20 24 0
7 47 0
Net_id 1
pin_num 5
44 53 0
31 47 0
37 33 0
49 42 0
49 49 0
Net_id 2
pin_num 5
16 29 0
26 32 0
22 23 0
22 30 0
8 30 0
Net_id 3
pin_num 5
17 41 0
13 41 0
1 41 0
12 34 0
16 58 0
Net_id 4
pin_num 5
8 2 0
16 9 0
0 2 0
4 0 0
0 8 0
Net_id 5
pin_num 5
22 38 0
23 50 0
18 59 0
32 59 0
17 59 0
Net_id 6
pin_num 5
40 16 0
42 20 0
26 16 0
35 18 0
33 14 0
Net_id 7
pin_num 5
28 24 0
46 25 0
39 0 0
45 14 0
23 25 0
Net_id 8
pin_num 5
18 0 0
24 3 0
24 27 0
31 9 0
16 14 0
Net_id 9
pin_num 5
40 27 0
23 26 0
40 32 0
55 26 0
34 42 0
Net_id 10
pin_num 5
2 23 0
13 23 0
12 11 0
11 40 0
9 25 0
Net_id 11
pin_num 5
5 54 0
1 59 0
3 47 0
17 46 0
27 59 0
Net_id 12
pin_num 5
21 42 0
36 37 0
27 37 0
41 40 0
32 33 0
Net_id 13
pin_num 5
29 36 0
30 32 0
0 23 0
20 37 0
11 22 0
Net_id 14
pin_num 5
49 23 0
30 23 0
18 25 0
38 15 0
47 25 0
Net_id 15
pin_num 5
10 50 0
3 52 0
3 49 0
4 42 0
22 48 0
Net_id 16
pin_num 5
45 2 0
40 10 0
59 6 0
36 6 0
53 3 0
Net_id 17
pin_num 5
28 4 0
46 2 0
5 4 0
29 26 0
15 3 0
Net_id 18
pin_num 4
1 19 0
8 22 0
10 31 0
19 39 0
Net_id 19
pin_num 4
5 47 0
9 40 0
3 40 0
18 44 0
Net_id 20
pin_num 4
20 44 0
14 32 0
25 34 0
25 22 0
Net_id 21
pin_num 4
52 33 0
33 35 0
59 28 0
48 28 0
Net_id 22
pin_num 4
50 18 0
55 32 0
46 21 0
36 17 0
Net_id 23
pin_num 4
6 53 0
0 59 0
24 58 0
1 49 0
Net_id 24
pin_num 4
11 29 0
17 33 0
15 19 0
15 51 0
Net_id 25
pin_num 4
28 13 0
37 20 0
33 6 0
41 14 0
Net_id 26
pin_num 4
8 49 0
7 54 0
0 41 0
5 57 0
Net_id 27
pin_num 4
19 50 0
24 41 0
24 30 0
47 31 0
Net_id 28
pin_num 4
5 42 0
11 42 0
6 34 0
18 36 0
Net_id 29
pin_num 4
56 31 0
49 30 0
48 43 0
41 29 0
Net_id 30
pin_num 4
50 48 0
44 59 0
59 52 0
55 51 0
Net_id 31
pin_num 4
29 45 0
30 50 0
42 50 0
24 51 0
Net_id 32
pin_num 4
14 10 0
17 5 0
1 8 0
6 2 0
Net_id 33
pin_num 4
25 39 0
28 38 0
46 38 0
26 29 0
Net_id 34
pin_num 4
48 8 0
47 4 0
53 4 0
47 14 0
Net_id 35
pin_num 4
37 52 0
46 57 0
33 43 0
37 59 0
Net_id 36
pin_num 4
47 39 0
54 52 0
59 32 0
59 36 0
Net_id 37
pin_num 3
25 46 0
32 49 0
17 45 0
Net_id 38
pin_num 3
55 41 0
36 41 0
46 24 0
Net_id 39
pin_num 3
3 0 0
5 17 0
0 7 0
Net_id 40
pin_num 3
32 43 0
25 35 0
55 39 0
Net_id 41
pin_num 3
18 3 0
28 12 0
44 4 0
Net_id 42
pin_num 3
39 7 0
23 8 0
2 7 0
Net_id 43
pin_num 3
7 6 0
2 13 0
21 12 0
Net_id 44
pin_num 3
57 2 0
59 5 0
48 0 0
Net_id 45
pin_num 3
17 16 0
9 9 0
9 3 0
Net_id 46
pin_num 3
16 50 0
18 54 0
41 49 0
Net_id 47
pin_num 3
54 55 0
54 56 0
58 47 0
Net_id 48
pin_num 3
31 18 0
34 20 0
33 28 0
Net_id 49
pin_num 3
28 17 0
21 24 0
34 15 0
Net_id 50
pin_num 3
45 19 0
15 14 0
27 57 0
Net_id 51
pin_num 3
21 26 0
18 31 0
12 30 0
Net_id 52
pin_num 3
41 58 0
28 44 0
34 48 0
Net_id 53
pin_num 3
56 0 0
54 11 0
58 1 0
Net_id 54
pin_num 3
37 19 0
34 12 0
13 21 0
Net_id 55
pin_num 3
35 0 0
17 3 0
47 3 0
Net_id 56
pin_num 3
13 33 0
25 48 0
21 29 0
Net_id 57
pin_num 3
49 47 0
56 47 0
58 54 0
Net_id 58
pin_num 3
12 13 0
18 13 0
12 10 0
Net_id 59
pin_num 3
58 28 0
56 42 0
50 51 0
Net_id 60
pin_num 3
54 1 0
32 6 0
8 12 0
Net_id 61
pin_num 3
49 10 0
59 9 0
52 19 0
Net_id 62
pin_num 3
36 7 0
28 10 0
16 0 0
Net_id 63
pin_num 3
59 27 0
51 27 0
53 9 0
Net_id 64
pin_num 3
59 44 0
47 48 0
43 32 0
Net_id 65
pin_num 3
56 45 0
31 41 0
36 15 0
Net_id 66
pin_num 3
21 20 0
11 19 0
4 33 0
Net_id 67
pin_num 3
58 55 0
45 59 0
43 58 0
Net_id 68
pin_num 3
13 10 0
2 6 0
3 25 0
Net_id 69
pin_num 3
24 34 0
20 32 0
40 24 0
Net_id 70
pin_num 3
55 34 0
41 35 0
55 33 0
Net_id 71
pin_num 3
20 57 0
37 51 0
46 56 0
Net_id 72
pin_num 3
18 40 0
14 34 0
0 38 0
Net_id 73
pin_num 3
29 2 0
21 2 0
6 1 0
Net_id 74
pin_num 3
15 23 0
21 28 0
26 15 0
Net_id 75
pin_num 3
17 20 0
4 25 0
2 5 0
Net_id 76
pin_num 3
19 31 0
30 29 0
19 22 0
Net_id 77
pin_num 2
16 11 0
19 5 0
Net_id 78
pin_num 2
42 30 0
59 26 0
Net_id 79
pin_num 2
11 14 0
21 13 0
Net_id 80
pin_num 2
35 47 0
46 46 0
Net_id 81
pin_num 2
34 58 0
23 37 0
Net_id 82
pin_num 2
28 52 0
52 57 0
Net_id 83
pin_num 2
47 47 0
43 49 0
Net_id 84
pin_num 2
13 34 0
23 20 0
Net_id 85
pin_num 2
25 20 0
30 10 0
Net_id 86
pin_num 2
3 38 0
13 25 0
Net_id 87
pin_num 2
13 45 0
14 37 0
Net_id 88
pin_num 2
12 19 0
18 12 0
Net_id 89
pin_num 2
0 16 0
2 11 0
Net_id 90
pin_num 2
7 20 0
10 8 0
Net_id 91
pin_num 2
0 35 0
16 28 0
Net_id 92
pin_num 2
53 58 0
54 54 0
Net_id 93
pin_num 2
32 20 0
28 18 0
Net_id 94
pin_num 2
7 37 0
2 33 0
Net_id 95
pin_num 2
41 54 0
39 51 0
Net_id 96
pin_num 2
29 21 0
45 11 0
Net_id 97
pin_num 2
23 44 0
2 48 0
Net_id 98
pin_num 2
4 31 0
13 18 0
Net_id 99
pin_num 2
16 40 0
0 34 0
Net_id 100
pin_num 2
15 54 0
10 51 0
Net_id 101
pin_num 2
4 13 0
14 5 0
Net_id 102
pin_num 2
29 1 0
25 3 0
Net_id 103
pin_num 2
26 36 0
41 13 0
Net_id 104
pin_num 2
49 43 0
58 31 0
Net_id 105
pin_num 2
48 53 0
56 32 0
Net_id 106
pin_num 2
35 17 0
26 22 0
Net_id 107
pin_num 2
39 46 0
36 51 0
Net_id 108
pin_num 2
2 1 0
26 9 0
Net_id 109
pin_num 2
29 3 0
46 15 0
Net_id 110
pin_num 2
7 58 0
25 51 0
Net_id 111
pin_num 2
19 28 0
20 2 0
Net_id 112
pin_num 2
8 11 0
23 1 0
Net_id 113
pin_num 2
38 12 0
36 11 0
Net_id 114
pin_num 2
54 33 0
52 37 0
Net_id 115
pin_num 2
59 20 0
52 38 0
Net_id 116
pin_num 2
59 33 0
45 44 0
Net_id 117
pin_num 2
56 24 0
48 11 0
Net_id 118
pin_num 2
35 20 0
28 48 0
Net_id 119
pin_num 2
8 46 0
12 53 0
Net_id 120
pin_num 2
12 36 0
13 40 0
Net_id 121
pin_num 2
52 16 0
57 21 0
Net_id 122
pin_num 2
8 16 0
6 29 0
Net_id 123
pin_num 2
27 23 0
21 33 0
Net_id 124
pin_num 2
49 21 0
56 18 0
Net_id 125
pin_num 2
34 39 0
30 39 0
Net_id 126
pin_num 2
6 17 0
25 16 0
Net_id 127
pin_num 2
34 22 0
23 35 0
Net_id 128
pin_num 2
50 16 0
49 20 0
Net_id 129
pin_num 2
50 44 0
59 31 0
Net_id 130
pin_num 2
24 35 0
10 28 0
Net_id 131
pin_num 2
19 32 0
19 52 0
Net_id 132
pin_num 2
45 8 0
25 1 0
Net_id 133
pin_num 2
47 54 0
53 56 0
Net_id 134
pin_num 2
28 56 0
34 56 0
Net_id 135
pin_num 2
45 54 0
52 58 0
Net_id 136
pin_num 2
34 11 0
51 2 0
Net_id 137
pin_num 2
18 19 0
6 10 0
Net_id 138
pin_num 2
3 48 0
20 50 0
Net_id 139
pin_num 2
41 43 0
31 54 0
Net_id 140
pin_num 2
3 12 0
26 37 0
Net_id 141
pin_num 2
45 31 0
34 28 0
Net_id 142
pin_num 2
28 49 0
19 57 0
Net_id 143
pin_num 2
32 47 0
34 43 0
Net_id 144
pin_num 2
19 45 0
28 57 0
Net_id 145
pin_num 2
20 29 0
4 11 0
Net_id 146
pin_num 2
58 4 0
55 13 0
Net_id 147
pin_num 2
41 26 0
28 34 0
Net_id 148
pin_num 2
11 15 0
2 16 0
Net_id 149
pin_num 2
59 40 0
47 49 0
Net_id 150
pin_num 2
55 11 0
47 15 0
Net_id 151
pin_num 2
58 32 0
42 11 0
Net_id 152
pin_num 2
35 35 0
41 17 0
Net_id 153
pin_num 2
21 14 0
7 14 0
Net_id 154
pin_num 2
55 2 0
52 0 0
Net_id 155
pin_num 2
55 46 0
45 40 0
Net_id 156
pin_num 2
10 22 0
3 34 0
Net_id 157
pin_num 2
22 37 0
21 41 0
