Width 60
Height 60
Layer 6
Total_WL 6840
Obstacle_num 144
36 0 0 44 1 0
16 16 0 24 17 0
14 21 0 18 22 0
54 3 0 59 4 0
19 47 0 24 48 0
38 44 0 47 45 0
24 10 0 32 11 0
32 54 0 41 55 0
48 35 0 57 36 0
41 45 0 46 46 0
0 25 0 10 26 0
25 18 0 35 19 0
38 43 0 43 44 0
23 17 0 27 18 0
0 46 0 10 47 0
41 48 0 51 49 0
44 52 0 48 53 0
16 23 0 19 24 0
36 38 0 42 39 0
41 36 0 48 37 0
40 55 0 44 56 0
24 11 0 30 12 0
10 51 0 18 52 0
35 47 0 39 48 0
56 4 1 57 13 1
45 26 1 46 31 1
41 42 1 42 50 1
34 26 1 35 35 1
54 30 1 55 34 1
27 16 1 28 19 1
37 42 1 38 45 1
24 22 1 25 30 1
52 44 1 53 54 1
6 2 1 7 9 1
42 41 1 43 51 1
56 0 1 57 3 1
37 52 1 38 55 1
45 31 1 46 41 1
17 40 1 18 48 1
27 29 1 28 36 1
21 4 1 22 13 1
56 32 1 57 41 1
19 20 1 20 23 1
46 34 1 47 44 1
16 7 1 17 14 1
43 35 1 44 39 1
44 25 1 45 32 1
47 45 1 48 52 1
50 6 2 56 7 2
50 28 2 59 29 2
47 4 2 57 5 2
46 41 2 56 42 2
15 24 2 21 25 2
32 41 2 42 42 2
47 44 2 55 45 2
5 16 2 15 17 2
43 55 2 53 56 2
11 56 2 14 57 2
40 15 2 45 16 2
10 37 2 14 38 2
26 9 2 35 10 2
42 26 2 49 27 2
12 22 2 20 23 2
0 39 2 5 40 2
40 51 2 43 52 2
34 19 2 44 20 2
14 48 2 18 49 2
6 57 2 11 58 2
43 51 2 48 52 2
35 26 2 40 27 2
5 13 2 8 14 2
39 13 2 42 14 2
33 26 3 34 35 3
15 2 3 16 6 3
49 34 3 50 44 3
38 11 3 39 17 3
17 36 3 18 42 3
11 13 3 12 22 3
5 9 3 6 14 3
45 20 3 46 29 3
23 3 3 24 6 3
50 40 3 51 47 3
19 15 3 20 18 3
10 29 3 11 35 3
4 45 3 5 53 3
52 25 3 53 35 3
42 12 3 43 19 3
11 43 3 12 47 3
51 42 3 52 52 3
44 44 3 45 47 3
56 36 3 57 45 3
29 39 3 30 49 3
12 49 3 13 59 3
5 20 3 6 30 3
27 24 3 28 28 3
10 45 3 11 51 3
46 27 4 55 28 4
30 0 4 34 1 4
8 31 4 13 32 4
46 58 4 55 59 4
36 47 4 43 48 4
40 9 4 50 10 4
41 6 4 45 7 4
26 0 4 30 1 4
1 39 4 7 40 4
20 30 4 30 31 4
4 32 4 7 33 4
32 40 4 35 41 4
28 2 4 31 3 4
0 36 4 6 37 4
34 3 4 41 4 4
28 34 4 37 35 4
15 22 4 23 23 4
39 36 4 47 37 4
1 6 4 11 7 4
16 58 4 19 59 4
5 9 4 10 10 4
40 48 4 47 49 4
43 56 4 50 57 4
7 47 4 14 48 4
9 23 5 10 29 5
40 33 5 41 40 5
12 13 5 13 22 5
31 19 5 32 24 5
54 9 5 55 12 5
43 23 5 44 26 5
38 44 5 39 53 5
29 42 5 30 48 5
21 24 5 22 31 5
38 31 5 39 41 5
5 11 5 6 17 5
2 5 5 3 8 5
39 49 5 40 59 5
51 0 5 52 4 5
29 7 5 30 17 5
46 20 5 47 26 5
35 15 5 36 18 5
16 43 5 17 52 5
2 40 5 3 45 5
35 20 5 36 30 5
48 46 5 49 49 5
53 18 5 54 26 5
13 2 5 14 12 5
52 40 5 53 45 5
Net_num 158
Net_id 0
pin_num 5
51 44 0
44 40 0
59 36 0
57 32 0
48 55 0
Net_id 1
pin_num 5
17 7 0
27 7 0
25 28 0
39 17 0
2 9 0
Net_id 2
pin_num 5
24 53 0
19 56 0
22 40 0
8 54 0
5 59 0
Net_id 3
pin_num 5
10 44 0
1 50 0
7 59 0
0 38 0
25 50 0
Net_id 4
pin_num 5
22 37 0
7 37 0
15 34 0
15 14 0
26 23 0
Net_id 5
pin_num 5
53 44 0
59 54 0
46 46 0
50 29 0
55 52 0
Net_id 6
pin_num 5
58 50 0
56 53 0
40 45 0
40 26 0
40 25 0
Net_id 7
pin_num 5
31 26 0
38 23 0
36 7 0
35 4 0
51 13 0
Net_id 8
pin_num 5
6 31 0
2 23 0
2 14 0
18 31 0
17 10 0
Net_id 9
pin_num 5
56 34 0
59 55 0
57 37 0
43 39 0
50 27 0
Net_id 10
pin_num 5
38 11 0
51 15 0
47 0 0
41 20 0
47 6 0
Net_id 11
pin_num 5
57 58 0
52 59 0
59 43 0
45 46 0
59 58 0
Net_id 12
pin_num 5
12 48 0
16 57 0
14 59 0
33 53 0
43 53 0
Net_id 13
pin_num 5
45 0 0
35 0 0
42 22 0
44 17 0
51 21 0
Net_id 14
pin_num 5
15 12 0
21 12 0
21 0 0
33 6 0
42 6 0
Net_id 15
pin_num 5
32 51 0
56 51 0
54 34 0
49 52 0
26 52 0
Net_id 16
pin_num 5
43 43 0
46 25 0
36 41 0
12 41 0
38 59 0
Net_id 17
pin_num 5
54 55 0
52 58 0
52 42 0
55 56 0
55 49 0
Net_id 18
pin_num 5
19 46 0
30 57 0
47 56 0
26 59 0
7 58 0
Net_id 19
pin_num 5
33 4 0
40 2 0
37 27 0
38 5 0
59 10 0
Net_id 20
pin_num 5
41 42 0
51 48 0
41 50 0
59 37 0
48 33 0
Net_id 21
pin_num 5
27 19 0
34 19 0
30 31 0
30 5 0
39 37 0
Net_id 22
pin_num 4
53 57 0
58 52 0
55 42 0
58 58 0
Net_id 23
pin_num 4
46 55 0
56 52 0
42 40 0
46 59 0
Net_id 24
pin_num 4
1 37 0
7 45 0
0 32 0
5 40 0
Net_id 25
pin_num 4
27 51 0
32 55 0
37 55 0
36 56 0
Net_id 26
pin_num 4
18 15 0
25 15 0
6 15 0
7 36 0
Net_id 27
pin_num 4
58 55 0
42 38 0
57 48 0
53 49 0
Net_id 28
pin_num 4
57 11 0
45 18 0
58 0 0
54 29 0
Net_id 29
pin_num 4
17 5 0
12 7 0
28 7 0
0 17 0
Net_id 30
pin_num 4
2 22 0
5 29 0
3 41 0
3 48 0
Net_id 31
pin_num 4
43 58 0
33 50 0
42 59 0
50 58 0
Net_id 32
pin_num 4
21 43 0
10 43 0
1 44 0
9 58 0
Net_id 33
pin_num 4
20 2 0
27 2 0
43 3 0
25 0 0
Net_id 34
pin_num 4
57 15 0
47 9 0
59 28 0
47 26 0
Net_id 35
pin_num 4
31 40 0
40 57 0
46 50 0
48 31 0
Net_id 36
pin_num 4
53 47 0
43 40 0
56 46 0
49 33 0
Net_id 37
pin_num 4
17 24 0
8 21 0
20 22 0
13 13 0
Net_id 38
pin_num 4
2 0 0
1 4 0
18 0 0
4 12 0
Net_id 39
pin_num 4
22 14 0
31 24 0
24 18 0
30 32 0
Net_id 40
pin_num 4
31 17 0
37 17 0
32 28 0
50 22 0
Net_id 41
pin_num 4
17 40 0
22 27 0
18 26 0
26 30 0
Net_id 42
pin_num 3
12 11 0
0 15 0
4 2 0
Net_id 43
pin_num 3
10 12 0
17 1 0
12 23 0
Net_id 44
pin_num 3
33 49 0
24 42 0
16 47 0
Net_id 45
pin_num 3
32 33 0
46 20 0
0 26 0
Net_id 46
pin_num 3
23 34 0
29 40 0
5 41 0
Net_id 47
pin_num 3
55 1 0
57 13 0
50 5 0
Net_id 48
pin_num 3
44 14 0
46 19 0
57 18 0
Net_id 49
pin_num 3
50 9 0
55 15 0
55 9 0
Net_id 50
pin_num 3
22 32 0
26 24 0
15 32 0
Net_id 51
pin_num 3
14 2 0
1 3 0
5 8 0
Net_id 52
pin_num 3
38 14 0
23 24 0
40 5 0
Net_id 53
pin_num 3
57 23 0
51 16 0
58 11 0
Net_id 54
pin_num 3
4 20 0
23 13 0
10 25 0
Net_id 55
pin_num 3
50 26 0
42 23 0
59 29 0
Net_id 56
pin_num 3
45 17 0
50 12 0
58 24 0
Net_id 57
pin_num 3
54 37 0
58 51 0
46 57 0
Net_id 58
pin_num 3
21 20 0
34 36 0
42 30 0
Net_id 59
pin_num 3
58 30 0
53 53 0
45 53 0
Net_id 60
pin_num 3
39 2 0
32 9 0
37 18 0
Net_id 61
pin_num 3
5 4 0
10 8 0
8 5 0
Net_id 62
pin_num 3
34 28 0
33 23 0
57 22 0
Net_id 63
pin_num 3
30 4 0
33 7 0
18 1 0
Net_id 64
pin_num 3
19 48 0
33 31 0
21 51 0
Net_id 65
pin_num 3
9 4 0
26 13 0
54 10 0
Net_id 66
pin_num 3
52 2 0
46 23 0
56 14 0
Net_id 67
pin_num 3
2 6 0
9 6 0
6 23 0
Net_id 68
pin_num 3
49 6 0
56 15 0
34 14 0
Net_id 69
pin_num 3
17 47 0
23 52 0
34 48 0
Net_id 70
pin_num 3
40 53 0
49 54 0
56 54 0
Net_id 71
pin_num 3
58 27 0
48 30 0
52 16 0
Net_id 72
pin_num 3
9 8 0
19 8 0
1 24 0
Net_id 73
pin_num 3
3 23 0
20 14 0
0 27 0
Net_id 74
pin_num 3
30 3 0
45 2 0
25 4 0
Net_id 75
pin_num 3
15 27 0
4 27 0
2 39 0
Net_id 76
pin_num 3
38 9 0
45 5 0
45 19 0
Net_id 77
pin_num 3
27 47 0
25 40 0
36 44 0
Net_id 78
pin_num 3
9 42 0
22 42 0
24 52 0
Net_id 79
pin_num 3
33 13 0
39 7 0
46 12 0
Net_id 80
pin_num 2
3 51 0
11 57 0
Net_id 81
pin_num 2
48 28 0
59 57 0
Net_id 82
pin_num 2
9 41 0
19 2 0
Net_id 83
pin_num 2
24 33 0
36 43 0
Net_id 84
pin_num 2
29 32 0
14 44 0
Net_id 85
pin_num 2
50 37 0
28 27 0
Net_id 86
pin_num 2
21 56 0
27 40 0
Net_id 87
pin_num 2
51 27 0
56 27 0
Net_id 88
pin_num 2
45 34 0
53 39 0
Net_id 89
pin_num 2
18 28 0
34 39 0
Net_id 90
pin_num 2
0 14 0
7 18 0
Net_id 91
pin_num 2
33 27 0
36 35 0
Net_id 92
pin_num 2
46 28 0
31 42 0
Net_id 93
pin_num 2
41 27 0
45 27 0
Net_id 94
pin_num 2
58 10 0
53 3 0
Net_id 95
pin_num 2
14 26 0
8 28 0
Net_id 96
pin_num 2
5 14 0
15 13 0
Net_id 97
pin_num 2
54 0 0
43 16 0
Net_id 98
pin_num 2
59 2 0
55 16 0
Net_id 99
pin_num 2
4 21 0
1 19 0
Net_id 100
pin_num 2
41 33 0
28 25 0
Net_id 101
pin_num 2
20 36 0
11 28 0
Net_id 102
pin_num 2
4 48 0
5 55 0
Net_id 103
pin_num 2
14 55 0
40 49 0
Net_id 104
pin_num 2
53 42 0
41 21 0
Net_id 105
pin_num 2
8 1 0
47 7 0
Net_id 106
pin_num 2
29 4 0
19 10 0
Net_id 107
pin_num 2
35 22 0
53 26 0
Net_id 108
pin_num 2
49 14 0
55 29 0
Net_id 109
pin_num 2
51 53 0
46 53 0
Net_id 110
pin_num 2
13 30 0
11 29 0
Net_id 111
pin_num 2
30 2 0
20 33 0
Net_id 112
pin_num 2
48 49 0
43 47 0
Net_id 113
pin_num 2
11 32 0
16 20 0
Net_id 114
pin_num 2
16 2 0
17 8 0
Net_id 115
pin_num 2
41 59 0
51 33 0
Net_id 116
pin_num 2
33 46 0
51 56 0
Net_id 117
pin_num 2
34 8 0
31 12 0
Net_id 118
pin_num 2
9 28 0
10 22 0
Net_id 119
pin_num 2
19 5 0
37 21 0
Net_id 120
pin_num 2
52 56 0
46 31 0
Net_id 121
pin_num 2
10 23 0
1 58 0
Net_id 122
pin_num 2
3 7 0
10 1 0
Net_id 123
pin_num 2
19 3 0
33 11 0
Net_id 124
pin_num 2
51 2 0
34 20 0
Net_id 125
pin_num 2
39 4 0
45 4 0
Net_id 126
pin_num 2
12 40 0
2 47 0
Net_id 127
pin_num 2
32 11 0
27 28 0
Net_id 128
pin_num 2
35 28 0
51 37 0
Net_id 129
pin_num 2
18 13 0
28 5 0
Net_id 130
pin_num 2
6 49 0
15 45 0
Net_id 131
pin_num 2
29 54 0
24 54 0
Net_id 132
pin_num 2
6 13 0
15 38 0
Net_id 133
pin_num 2
39 36 0
38 35 0
Net_id 134
pin_num 2
32 46 0
23 58 0
Net_id 135
pin_num 2
7 41 0
22 36 0
Net_id 136
pin_num 2
47 20 0
52 20 0
Net_id 137
pin_num 2
40 23 0
29 31 0
Net_id 138
pin_num 2
5 20 0
14 18 0
Net_id 139
pin_num 2
11 1 0
31 7 0
Net_id 140
pin_num 2
18 3 0
3 13 0
Net_id 141
pin_num 2
55 47 0
45 47 0
Net_id 142
pin_num 2
25 39 0
16 39 0
Net_id 143
pin_num 2
25 36 0
37 45 0
Net_id 144
pin_num 2
41 5 0
50 1 0
Net_id 145
pin_num 2
12 28 0
16 33 0
Net_id 146
pin_num 2
39 19 0
43 8 0
Net_id 147
pin_num 2
49 0 0
51 3 0
Net_id 148
pin_num 2
27 30 0
27 37 0
Net_id 149
pin_num 2
34 53 0
49 31 0
Net_id 150
pin_num 2
59 40 0
39 35 0
Net_id 151
pin_num 2
16 30 0
22 31 0
Net_id 152
pin_num 2
4 7 0
9 7 0
Net_id 153
pin_num 2
52 1 0
58 1 0
Net_id 154
pin_num 2
41 46 0
52 57 0
Net_id 155
pin_num 2
25 57 0
37 57 0
Net_id 156
pin_num 2
9 16 0
14 23 0
Net_id 157
pin_num 2
45 22 0
16 6 0
