Width 60
Height 60
Layer 6
Total_WL 7021
Obstacle_num 144
26 28 0 29 29 0
30 36 0 37 37 0
45 16 0 50 17 0
28 23 0 33 24 0
15 1 0 21 2 0
43 15 0 49 16 0
22 13 0 25 14 0
35 5 0 40 6 0
6 20 0 16 21 0
52 9 0 57 10 0
19 44 0 24 45 0
28 39 0 35 40 0
54 17 0 58 18 0
40 40 0 45 41 0
42 33 0 52 34 0
37 53 0 44 54 0
6 56 0 13 57 0
49 42 0 55 43 0
22 37 0 26 38 0
41 6 0 48 7 0
8 0 0 12 1 0
3 38 0 7 39 0
27 34 0 34 35 0
3 28 0 8 29 0
35 50 1 36 58 1
54 3 1 55 9 1
32 5 1 33 12 1
6 50 1 7 58 1
30 51 1 31 59 1
22 39 1 23 44 1
20 8 1 21 14 1
31 48 1 32 53 1
20 18 1 21 21 1
52 49 1 53 54 1
6 32 1 7 41 1
55 3 1 56 6 1
22 9 1 23 19 1
28 44 1 29 49 1
5 15 1 6 22 1
42 27 1 43 34 1
18 29 1 19 36 1
48 16 1 49 21 1
51 27 1 52 35 1
44 19 1 45 24 1
34 12 1 35 20 1
46 47 1 47 54 1
19 39 1 20 42 1
47 36 1 48 45 1
23 6 2 32 7 2
0 31 2 7 32 2
56 5 2 59 6 2
28 47 2 34 48 2
23 4 2 30 5 2
24 9 2 34 10 2
35 28 2 39 29 2
43 18 2 48 19 2
9 55 2 18 56 2
35 50 2 40 51 2
29 53 2 38 54 2
3 27 2 8 28 2
43 7 2 49 8 2
55 47 2 58 48 2
35 6 2 45 7 2
7 18 2 17 19 2
23 48 2 28 49 2
8 34 2 11 35 2
30 17 2 33 18 2
3 46 2 8 47 2
43 34 2 49 35 2
4 49 2 13 50 2
34 43 2 44 44 2
20 9 2 24 10 2
56 21 3 57 28 3
36 9 3 37 15 3
5 27 3 6 32 3
13 1 3 14 4 3
55 6 3 56 9 3
44 32 3 45 42 3
39 13 3 40 21 3
41 15 3 42 18 3
27 20 3 28 24 3
26 1 3 27 6 3
16 27 3 17 35 3
6 43 3 7 50 3
41 5 3 42 11 3
34 43 3 35 51 3
47 15 3 48 22 3
44 25 3 45 29 3
2 44 3 3 47 3
21 19 3 22 23 3
4 42 3 5 48 3
35 13 3 36 20 3
21 10 3 22 14 3
43 48 3 44 54 3
0 24 3 1 33 3
41 27 3 42 31 3
17 36 4 27 37 4
25 8 4 35 9 4
6 43 4 9 44 4
40 3 4 46 4 4
3 58 4 11 59 4
29 23 4 36 24 4
18 58 4 27 59 4
17 1 4 23 2 4
33 51 4 41 52 4
38 40 4 45 41 4
31 1 4 35 2 4
7 9 4 10 10 4
52 40 4 56 41 4
41 17 4 45 18 4
3 12 4 13 13 4
7 42 4 16 43 4
9 16 4 12 17 4
48 37 4 54 38 4
0 25 4 7 26 4
24 44 4 31 45 4
3 37 4 12 38 4
32 46 4 39 47 4
24 12 4 34 13 4
9 48 4 17 49 4
48 6 5 49 9 5
20 39 5 21 42 5
45 8 5 46 16 5
53 1 5 54 6 5
11 22 5 12 30 5
48 25 5 49 32 5
33 52 5 34 55 5
4 38 5 5 44 5
27 37 5 28 40 5
4 51 5 5 55 5
45 21 5 46 27 5
26 32 5 27 41 5
17 33 5 18 37 5
3 17 5 4 24 5
57 15 5 58 22 5
23 55 5 24 59 5
33 46 5 34 51 5
51 42 5 52 47 5
49 24 5 50 32 5
35 45 5 36 53 5
27 9 5 28 15 5
28 10 5 29 13 5
23 14 5 24 19 5
52 6 5 53 10 5
Net_num 160
Net_id 0
pin_num 5
34 55 0
42 55 0
34 59 0
39 45 0
33 58 0
Net_id 1
pin_num 5
22 30 0
24 21 0
36 30 0
23 40 0
21 38 0
Net_id 2
pin_num 5
38 25 0
33 25 0
57 25 0
46 12 0
53 44 0
Net_id 3
pin_num 5
44 17 0
37 11 0
15 17 0
31 6 0
22 0 0
Net_id 4
pin_num 5
33 20 0
24 16 0
28 36 0
32 35 0
25 41 0
Net_id 5
pin_num 5
36 7 0
56 4 0
59 4 0
34 5 0
45 0 0
Net_id 6
pin_num 5
30 21 0
22 20 0
46 21 0
48 21 0
43 20 0
Net_id 7
pin_num 5
48 19 0
51 16 0
50 26 0
59 27 0
59 13 0
Net_id 8
pin_num 5
51 44 0
56 38 0
59 59 0
52 54 0
34 54 0
Net_id 9
pin_num 5
58 20 0
58 15 0
33 16 0
56 3 0
52 20 0
Net_id 10
pin_num 5
28 41 0
33 42 0
32 52 0
37 41 0
30 50 0
Net_id 11
pin_num 5
46 57 0
48 53 0
33 54 0
33 59 0
48 49 0
Net_id 12
pin_num 5
42 12 0
38 12 0
44 3 0
48 1 0
53 3 0
Net_id 13
pin_num 5
54 32 0
54 36 0
54 46 0
59 36 0
36 34 0
Net_id 14
pin_num 5
12 23 0
4 23 0
0 25 0
11 19 0
0 31 0
Net_id 15
pin_num 5
46 30 0
48 14 0
46 3 0
44 24 0
59 5 0
Net_id 16
pin_num 5
4 47 0
12 58 0
2 56 0
33 49 0
0 48 0
Net_id 17
pin_num 5
44 27 0
40 27 0
43 47 0
40 38 0
52 43 0
Net_id 18
pin_num 5
45 56 0
52 56 0
41 59 0
27 56 0
41 50 0
Net_id 19
pin_num 4
50 13 0
53 18 0
40 19 0
23 41 0
Net_id 20
pin_num 4
52 50 0
55 35 0
45 32 0
57 58 0
Net_id 21
pin_num 4
38 20 0
26 27 0
13 31 0
19 37 0
Net_id 22
pin_num 4
42 41 0
48 57 0
50 59 0
49 58 0
Net_id 23
pin_num 4
2 52 0
17 52 0
0 57 0
4 55 0
Net_id 24
pin_num 4
21 53 0
4 54 0
14 59 0
9 40 0
Net_id 25
pin_num 4
7 38 0
11 41 0
10 57 0
0 46 0
Net_id 26
pin_num 4
36 4 0
37 8 0
33 2 0
52 8 0
Net_id 27
pin_num 4
23 3 0
16 0 0
10 1 0
14 3 0
Net_id 28
pin_num 4
37 0 0
28 5 0
35 11 0
21 10 0
Net_id 29
pin_num 4
15 24 0
7 24 0
10 7 0
1 33 0
Net_id 30
pin_num 4
19 25 0
29 22 0
28 42 0
14 26 0
Net_id 31
pin_num 4
12 40 0
21 45 0
17 26 0
16 42 0
Net_id 32
pin_num 4
23 27 0
2 26 0
14 38 0
15 13 0
Net_id 33
pin_num 4
30 32 0
44 37 0
40 24 0
37 49 0
Net_id 34
pin_num 4
13 50 0
1 48 0
25 50 0
15 54 0
Net_id 35
pin_num 4
44 57 0
26 59 0
36 46 0
38 47 0
Net_id 36
pin_num 4
38 33 0
28 33 0
9 33 0
27 26 0
Net_id 37
pin_num 4
37 50 0
49 49 0
32 58 0
26 57 0
Net_id 38
pin_num 3
22 43 0
15 43 0
18 57 0
Net_id 39
pin_num 3
52 14 0
49 38 0
58 56 0
Net_id 40
pin_num 3
31 3 0
44 9 0
41 0 0
Net_id 41
pin_num 3
39 41 0
42 26 0
47 51 0
Net_id 42
pin_num 3
14 58 0
20 57 0
27 42 0
Net_id 43
pin_num 3
13 10 0
7 16 0
0 5 0
Net_id 44
pin_num 3
49 2 0
58 0 0
57 18 0
Net_id 45
pin_num 3
51 43 0
34 35 0
29 32 0
Net_id 46
pin_num 3
39 42 0
47 28 0
28 50 0
Net_id 47
pin_num 3
52 5 0
43 4 0
58 4 0
Net_id 48
pin_num 3
4 30 0
19 32 0
35 39 0
Net_id 49
pin_num 3
3 4 0
24 4 0
10 6 0
Net_id 50
pin_num 3
28 35 0
26 45 0
2 38 0
Net_id 51
pin_num 3
48 27 0
45 22 0
59 21 0
Net_id 52
pin_num 3
45 50 0
58 43 0
58 52 0
Net_id 53
pin_num 3
47 32 0
26 39 0
47 21 0
Net_id 54
pin_num 3
54 10 0
58 21 0
59 25 0
Net_id 55
pin_num 3
59 3 0
55 11 0
48 2 0
Net_id 56
pin_num 3
0 3 0
7 8 0
14 0 0
Net_id 57
pin_num 3
26 1 0
40 1 0
42 19 0
Net_id 58
pin_num 3
49 41 0
58 25 0
57 49 0
Net_id 59
pin_num 3
8 39 0
0 52 0
25 52 0
Net_id 60
pin_num 3
35 51 0
50 55 0
44 55 0
Net_id 61
pin_num 3
27 0 0
36 2 0
12 41 0
Net_id 62
pin_num 3
14 51 0
21 37 0
19 59 0
Net_id 63
pin_num 3
43 38 0
32 54 0
28 40 0
Net_id 64
pin_num 3
48 35 0
51 37 0
29 52 0
Net_id 65
pin_num 3
20 41 0
0 22 0
0 33 0
Net_id 66
pin_num 3
8 13 0
4 15 0
8 3 0
Net_id 67
pin_num 3
33 28 0
29 29 0
29 11 0
Net_id 68
pin_num 3
10 15 0
28 11 0
16 38 0
Net_id 69
pin_num 3
24 15 0
24 11 0
8 11 0
Net_id 70
pin_num 3
48 39 0
33 43 0
43 52 0
Net_id 71
pin_num 3
34 8 0
37 2 0
16 10 0
Net_id 72
pin_num 3
24 56 0
12 46 0
11 59 0
Net_id 73
pin_num 3
10 28 0
3 6 0
30 15 0
Net_id 74
pin_num 3
0 8 0
14 2 0
12 9 0
Net_id 75
pin_num 3
19 47 0
11 54 0
13 51 0
Net_id 76
pin_num 3
14 48 0
32 55 0
25 56 0
Net_id 77
pin_num 3
43 29 0
39 28 0
57 23 0
Net_id 78
pin_num 2
48 41 0
59 28 0
Net_id 79
pin_num 2
6 49 0
0 34 0
Net_id 80
pin_num 2
41 47 0
48 58 0
Net_id 81
pin_num 2
29 47 0
34 58 0
Net_id 82
pin_num 2
15 38 0
31 29 0
Net_id 83
pin_num 2
43 26 0
53 20 0
Net_id 84
pin_num 2
51 52 0
35 45 0
Net_id 85
pin_num 2
16 23 0
0 41 0
Net_id 86
pin_num 2
49 51 0
56 52 0
Net_id 87
pin_num 2
21 2 0
24 3 0
Net_id 88
pin_num 2
38 51 0
39 33 0
Net_id 89
pin_num 2
33 19 0
49 10 0
Net_id 90
pin_num 2
3 49 0
7 57 0
Net_id 91
pin_num 2
59 33 0
53 45 0
Net_id 92
pin_num 2
53 48 0
34 34 0
Net_id 93
pin_num 2
51 15 0
42 36 0
Net_id 94
pin_num 2
20 6 0
9 16 0
Net_id 95
pin_num 2
6 2 0
0 14 0
Net_id 96
pin_num 2
3 45 0
16 14 0
Net_id 97
pin_num 2
24 18 0
17 16 0
Net_id 98
pin_num 2
48 18 0
45 13 0
Net_id 99
pin_num 2
50 32 0
48 26 0
Net_id 100
pin_num 2
13 43 0
2 53 0
Net_id 101
pin_num 2
10 55 0
3 43 0
Net_id 102
pin_num 2
58 39 0
48 29 0
Net_id 103
pin_num 2
10 10 0
12 13 0
Net_id 104
pin_num 2
45 47 0
59 35 0
Net_id 105
pin_num 2
1 29 0
19 20 0
Net_id 106
pin_num 2
55 49 0
39 31 0
Net_id 107
pin_num 2
43 22 0
13 5 0
Net_id 108
pin_num 2
57 29 0
58 36 0
Net_id 109
pin_num 2
10 12 0
1 9 0
Net_id 110
pin_num 2
51 30 0
55 32 0
Net_id 111
pin_num 2
15 36 0
24 34 0
Net_id 112
pin_num 2
14 11 0
33 31 0
Net_id 113
pin_num 2
49 30 0
44 16 0
Net_id 114
pin_num 2
23 59 0
24 53 0
Net_id 115
pin_num 2
6 29 0
6 21 0
Net_id 116
pin_num 2
5 6 0
17 0 0
Net_id 117
pin_num 2
21 51 0
15 32 0
Net_id 118
pin_num 2
19 54 0
36 45 0
Net_id 119
pin_num 2
11 46 0
0 56 0
Net_id 120
pin_num 2
33 26 0
31 35 0
Net_id 121
pin_num 2
45 11 0
25 7 0
Net_id 122
pin_num 2
58 32 0
56 18 0
Net_id 123
pin_num 2
25 23 0
30 16 0
Net_id 124
pin_num 2
56 16 0
53 7 0
Net_id 125
pin_num 2
59 24 0
39 30 0
Net_id 126
pin_num 2
47 19 0
30 14 0
Net_id 127
pin_num 2
3 39 0
12 28 0
Net_id 128
pin_num 2
15 45 0
20 39 0
Net_id 129
pin_num 2
47 58 0
33 40 0
Net_id 130
pin_num 2
15 0 0
15 5 0
Net_id 131
pin_num 2
26 50 0
38 31 0
Net_id 132
pin_num 2
13 54 0
29 59 0
Net_id 133
pin_num 2
26 48 0
24 40 0
Net_id 134
pin_num 2
24 47 0
50 53 0
Net_id 135
pin_num 2
16 31 0
11 17 0
Net_id 136
pin_num 2
3 9 0
10 29 0
Net_id 137
pin_num 2
3 40 0
7 48 0
Net_id 138
pin_num 2
36 35 0
18 24 0
Net_id 139
pin_num 2
35 27 0
19 23 0
Net_id 140
pin_num 2
45 1 0
52 3 0
Net_id 141
pin_num 2
17 14 0
25 19 0
Net_id 142
pin_num 2
5 5 0
11 3 0
Net_id 143
pin_num 2
10 19 0
1 34 0
Net_id 144
pin_num 2
0 32 0
18 22 0
Net_id 145
pin_num 2
47 10 0
55 23 0
Net_id 146
pin_num 2
53 1 0
49 9 0
Net_id 147
pin_num 2
48 46 0
26 34 0
Net_id 148
pin_num 2
33 5 0
29 6 0
Net_id 149
pin_num 2
20 36 0
30 47 0
Net_id 150
pin_num 2
37 23 0
48 32 0
Net_id 151
pin_num 2
14 8 0
17 23 0
Net_id 152
pin_num 2
12 51 0
8 51 0
Net_id 153
pin_num 2
15 59 0
26 56 0
Net_id 154
pin_num 2
27 9 0
12 21 0
Net_id 155
pin_num 2
12 38 0
0 16 0
Net_id 156
pin_num 2
20 28 0
30 35 0
Net_id 157
pin_num 2
7 29 0
12 22 0
Net_id 158
pin_num 2
15 37 0
5 36 0
Net_id 159
pin_num 2
28 52 0
19 46 0
