Width 60
Height 60
Layer 6
Total_WL 6934
Obstacle_num 144
14 2 0 21 3 0
1 7 0 11 8 0
0 38 0 9 39 0
15 53 0 23 54 0
36 33 0 40 34 0
35 12 0 42 13 0
5 11 0 14 12 0
40 50 0 49 51 0
33 24 0 38 25 0
32 38 0 40 39 0
31 31 0 39 32 0
52 47 0 58 48 0
40 30 0 44 31 0
15 15 0 19 16 0
40 11 0 46 12 0
35 44 0 45 45 0
7 32 0 17 33 0
24 49 0 28 50 0
20 27 0 25 28 0
17 51 0 24 52 0
49 28 0 57 29 0
50 54 0 59 55 0
5 1 0 11 2 0
21 16 0 31 17 0
52 5 1 53 13 1
57 7 1 58 16 1
31 14 1 32 23 1
16 14 1 17 17 1
56 19 1 57 25 1
16 29 1 17 34 1
26 13 1 27 19 1
13 21 1 14 31 1
1 45 1 2 53 1
32 39 1 33 48 1
12 26 1 13 33 1
35 8 1 36 18 1
30 45 1 31 53 1
47 48 1 48 52 1
1 3 1 2 12 1
49 14 1 50 23 1
46 46 1 47 56 1
0 33 1 1 39 1
48 33 1 49 42 1
5 50 1 6 53 1
15 35 1 16 45 1
55 33 1 56 37 1
53 8 1 54 11 1
18 19 1 19 25 1
42 26 2 52 27 2
3 39 2 11 40 2
49 22 2 56 23 2
38 27 2 44 28 2
52 32 2 56 33 2
16 4 2 23 5 2
44 2 2 53 3 2
2 8 2 7 9 2
43 42 2 49 43 2
22 56 2 32 57 2
47 35 2 54 36 2
19 34 2 23 35 2
34 57 2 37 58 2
16 12 2 21 13 2
37 4 2 46 5 2
35 51 2 39 52 2
23 35 2 27 36 2
41 34 2 48 35 2
14 42 2 21 43 2
5 5 2 10 6 2
0 40 2 3 41 2
48 47 2 56 48 2
32 37 2 42 38 2
24 41 2 28 42 2
21 12 3 22 19 3
16 6 3 17 16 3
14 34 3 15 41 3
31 18 3 32 28 3
47 54 3 48 58 3
45 34 3 46 41 3
0 11 3 1 21 3
45 14 3 46 22 3
3 9 3 4 14 3
49 31 3 50 34 3
28 18 3 29 27 3
54 7 3 55 11 3
18 21 3 19 30 3
51 40 3 52 46 3
2 9 3 3 17 3
34 21 3 35 25 3
35 44 3 36 47 3
23 22 3 24 26 3
4 15 3 5 25 3
28 47 3 29 56 3
0 1 3 1 10 3
0 28 3 1 36 3
12 4 3 13 10 3
57 44 3 58 54 3
25 41 4 33 42 4
5 41 4 15 42 4
18 42 4 23 43 4
34 58 4 39 59 4
29 26 4 33 27 4
36 55 4 40 56 4
24 20 4 31 21 4
30 36 4 34 37 4
6 3 4 13 4 4
42 27 4 49 28 4
16 38 4 26 39 4
18 19 4 24 20 4
52 33 4 55 34 4
15 32 4 20 33 4
27 37 4 36 38 4
33 8 4 37 9 4
45 42 4 55 43 4
9 31 4 16 32 4
7 16 4 15 17 4
8 55 4 11 56 4
23 24 4 32 25 4
27 22 4 33 23 4
23 0 4 32 1 4
24 1 4 33 2 4
56 22 5 57 28 5
22 30 5 23 36 5
40 46 5 41 55 5
28 20 5 29 29 5
36 2 5 37 8 5
46 8 5 47 17 5
16 42 5 17 45 5
32 38 5 33 41 5
41 40 5 42 45 5
54 34 5 55 38 5
44 41 5 45 51 5
29 30 5 30 40 5
12 2 5 13 12 5
7 15 5 8 22 5
4 37 5 5 47 5
28 1 5 29 7 5
11 43 5 12 50 5
50 33 5 51 42 5
15 49 5 16 53 5
41 25 5 42 34 5
58 20 5 59 25 5
38 45 5 39 48 5
13 48 5 14 58 5
39 0 5 40 5 5
Net_num 161
Net_id 0
pin_num 5
0 59 0
11 53 0
2 59 0
10 31 0
1 36 0
Net_id 1
pin_num 5
47 16 0
59 18 0
58 27 0
48 19 0
38 23 0
Net_id 2
pin_num 5
42 59 0
35 59 0
37 52 0
40 41 0
31 53 0
Net_id 3
pin_num 5
27 14 0
17 14 0
5 14 0
24 17 0
17 28 0
Net_id 4
pin_num 5
59 21 0
47 21 0
52 15 0
59 40 0
51 32 0
Net_id 5
pin_num 5
25 31 0
22 41 0
20 34 0
23 20 0
9 31 0
Net_id 6
pin_num 5
14 47 0
2 47 0
4 27 0
3 32 0
0 54 0
Net_id 7
pin_num 5
57 6 0
51 10 0
54 33 0
59 19 0
55 0 0
Net_id 8
pin_num 5
9 56 0
1 44 0
15 48 0
5 49 0
13 35 0
Net_id 9
pin_num 5
29 39 0
17 35 0
23 46 0
19 25 0
1 39 0
Net_id 10
pin_num 5
37 36 0
30 37 0
33 57 0
14 36 0
18 29 0
Net_id 11
pin_num 5
10 49 0
23 38 0
20 31 0
8 36 0
17 59 0
Net_id 12
pin_num 5
36 6 0
51 3 0
51 0 0
56 2 0
43 1 0
Net_id 13
pin_num 5
21 33 0
27 22 0
31 29 0
13 22 0
48 22 0
Net_id 14
pin_num 5
59 5 0
42 5 0
48 24 0
25 13 0
47 10 0
Net_id 15
pin_num 5
23 54 0
23 50 0
43 59 0
41 38 0
44 41 0
Net_id 16
pin_num 5
14 7 0
16 6 0
2 0 0
21 7 0
11 15 0
Net_id 17
pin_num 5
29 42 0
23 37 0
47 39 0
12 36 0
23 55 0
Net_id 18
pin_num 5
38 37 0
48 25 0
46 56 0
57 24 0
58 40 0
Net_id 19
pin_num 5
2 19 0
0 20 0
16 20 0
7 6 0
19 10 0
Net_id 20
pin_num 5
47 34 0
52 34 0
51 46 0
59 48 0
57 26 0
Net_id 21
pin_num 5
2 53 0
7 40 0
5 48 0
13 50 0
7 45 0
Net_id 22
pin_num 4
38 19 0
30 18 0
35 27 0
36 35 0
Net_id 23
pin_num 4
23 25 0
29 23 0
13 23 0
29 37 0
Net_id 24
pin_num 4
39 21 0
37 34 0
12 23 0
18 27 0
Net_id 25
pin_num 4
49 55 0
55 53 0
48 47 0
44 52 0
Net_id 26
pin_num 4
56 58 0
56 39 0
59 58 0
59 45 0
Net_id 27
pin_num 4
55 7 0
59 8 0
52 8 0
56 18 0
Net_id 28
pin_num 4
53 43 0
58 41 0
49 48 0
56 59 0
Net_id 29
pin_num 4
38 41 0
53 34 0
54 45 0
45 59 0
Net_id 30
pin_num 4
19 11 0
0 0 0
29 21 0
20 24 0
Net_id 31
pin_num 4
50 51 0
34 52 0
53 59 0
53 56 0
Net_id 32
pin_num 4
10 24 0
2 33 0
5 46 0
0 27 0
Net_id 33
pin_num 4
29 41 0
22 50 0
39 50 0
12 42 0
Net_id 34
pin_num 4
39 48 0
36 50 0
36 34 0
26 35 0
Net_id 35
pin_num 4
24 46 0
26 43 0
42 46 0
38 36 0
Net_id 36
pin_num 4
11 24 0
24 30 0
7 28 0
15 45 0
Net_id 37
pin_num 4
0 51 0
4 49 0
3 33 0
15 59 0
Net_id 38
pin_num 4
16 41 0
14 34 0
14 18 0
20 48 0
Net_id 39
pin_num 4
25 59 0
31 59 0
29 44 0
30 38 0
Net_id 40
pin_num 4
9 28 0
19 41 0
12 13 0
38 34 0
Net_id 41
pin_num 4
41 20 0
48 4 0
59 4 0
46 1 0
Net_id 42
pin_num 3
12 18 0
1 16 0
1 12 0
Net_id 43
pin_num 3
22 56 0
31 52 0
55 58 0
Net_id 44
pin_num 3
7 46 0
14 46 0
17 32 0
Net_id 45
pin_num 3
23 5 0
20 15 0
30 5 0
Net_id 46
pin_num 3
17 54 0
28 58 0
18 59 0
Net_id 47
pin_num 3
53 41 0
58 44 0
49 54 0
Net_id 48
pin_num 3
2 24 0
2 26 0
4 12 0
Net_id 49
pin_num 3
3 57 0
32 57 0
16 49 0
Net_id 50
pin_num 3
30 29 0
17 34 0
17 50 0
Net_id 51
pin_num 3
32 0 0
37 5 0
34 26 0
Net_id 52
pin_num 3
12 1 0
10 17 0
3 0 0
Net_id 53
pin_num 3
56 17 0
53 3 0
41 5 0
Net_id 54
pin_num 3
44 53 0
50 41 0
49 49 0
Net_id 55
pin_num 3
14 3 0
0 2 0
21 9 0
Net_id 56
pin_num 3
53 38 0
58 33 0
59 55 0
Net_id 57
pin_num 3
26 58 0
25 48 0
11 56 0
Net_id 58
pin_num 3
4 41 0
2 39 0
21 43 0
Net_id 59
pin_num 3
22 25 0
21 30 0
36 28 0
Net_id 60
pin_num 3
35 20 0
21 26 0
28 24 0
Net_id 61
pin_num 3
23 7 0
16 1 0
22 15 0
Net_id 62
pin_num 3
33 11 0
50 8 0
20 3 0
Net_id 63
pin_num 3
0 18 0
17 6 0
11 25 0
Net_id 64
pin_num 3
27 24 0
1 25 0
30 24 0
Net_id 65
pin_num 3
31 51 0
19 55 0
28 35 0
Net_id 66
pin_num 3
27 7 0
23 13 0
1 0 0
Net_id 67
pin_num 3
47 4 0
27 4 0
51 20 0
Net_id 68
pin_num 3
43 18 0
50 17 0
52 0 0
Net_id 69
pin_num 3
26 50 0
13 59 0
14 17 0
Net_id 70
pin_num 3
5 31 0
15 46 0
22 45 0
Net_id 71
pin_num 3
47 57 0
34 56 0
26 32 0
Net_id 72
pin_num 3
3 54 0
12 59 0
6 23 0
Net_id 73
pin_num 3
45 3 0
26 0 0
48 1 0
Net_id 74
pin_num 3
39 9 0
53 6 0
33 6 0
Net_id 75
pin_num 3
12 31 0
16 27 0
26 12 0
Net_id 76
pin_num 3
41 42 0
43 47 0
42 47 0
Net_id 77
pin_num 3
7 31 0
8 23 0
11 1 0
Net_id 78
pin_num 3
16 9 0
12 17 0
0 14 0
Net_id 79
pin_num 3
28 26 0
18 41 0
36 20 0
Net_id 80
pin_num 3
20 59 0
18 56 0
46 54 0
Net_id 81
pin_num 3
49 7 0
37 18 0
58 28 0
Net_id 82
pin_num 2
33 7 0
28 17 0
Net_id 83
pin_num 2
18 47 0
27 43 0
Net_id 84
pin_num 2
42 19 0
52 14 0
Net_id 85
pin_num 2
37 40 0
50 50 0
Net_id 86
pin_num 2
50 36 0
57 25 0
Net_id 87
pin_num 2
26 48 0
27 55 0
Net_id 88
pin_num 2
56 56 0
44 59 0
Net_id 89
pin_num 2
22 30 0
29 43 0
Net_id 90
pin_num 2
23 40 0
21 31 0
Net_id 91
pin_num 2
0 48 0
7 42 0
Net_id 92
pin_num 2
14 48 0
7 41 0
Net_id 93
pin_num 2
30 52 0
2 55 0
Net_id 94
pin_num 2
57 4 0
45 8 0
Net_id 95
pin_num 2
33 32 0
27 15 0
Net_id 96
pin_num 2
55 3 0
36 9 0
Net_id 97
pin_num 2
33 10 0
53 0 0
Net_id 98
pin_num 2
43 33 0
51 29 0
Net_id 99
pin_num 2
32 6 0
18 8 0
Net_id 100
pin_num 2
27 31 0
17 13 0
Net_id 101
pin_num 2
33 45 0
1 37 0
Net_id 102
pin_num 2
58 57 0
45 49 0
Net_id 103
pin_num 2
42 35 0
23 12 0
Net_id 104
pin_num 2
7 53 0
11 54 0
Net_id 105
pin_num 2
44 34 0
47 25 0
Net_id 106
pin_num 2
57 3 0
53 7 0
Net_id 107
pin_num 2
58 31 0
49 38 0
Net_id 108
pin_num 2
16 50 0
2 54 0
Net_id 109
pin_num 2
17 16 0
5 16 0
Net_id 110
pin_num 2
48 39 0
54 6 0
Net_id 111
pin_num 2
30 12 0
16 21 0
Net_id 112
pin_num 2
8 30 0
0 10 0
Net_id 113
pin_num 2
30 43 0
54 36 0
Net_id 114
pin_num 2
53 40 0
48 31 0
Net_id 115
pin_num 2
17 21 0
32 30 0
Net_id 116
pin_num 2
52 57 0
48 57 0
Net_id 117
pin_num 2
32 3 0
36 2 0
Net_id 118
pin_num 2
27 27 0
48 54 0
Net_id 119
pin_num 2
27 2 0
16 3 0
Net_id 120
pin_num 2
18 43 0
22 46 0
Net_id 121
pin_num 2
10 42 0
1 23 0
Net_id 122
pin_num 2
10 54 0
24 40 0
Net_id 123
pin_num 2
34 53 0
44 49 0
Net_id 124
pin_num 2
30 13 0
16 17 0
Net_id 125
pin_num 2
18 20 0
35 30 0
Net_id 126
pin_num 2
29 33 0
44 25 0
Net_id 127
pin_num 2
58 11 0
37 14 0
Net_id 128
pin_num 2
8 58 0
16 58 0
Net_id 129
pin_num 2
23 10 0
25 15 0
Net_id 130
pin_num 2
55 34 0
48 28 0
Net_id 131
pin_num 2
49 50 0
39 53 0
Net_id 132
pin_num 2
7 49 0
2 57 0
Net_id 133
pin_num 2
47 35 0
32 16 0
Net_id 134
pin_num 2
33 29 0
36 17 0
Net_id 135
pin_num 2
35 15 0
27 8 0
Net_id 136
pin_num 2
32 19 0
20 17 0
Net_id 137
pin_num 2
2 6 0
5 18 0
Net_id 138
pin_num 2
30 25 0
58 15 0
Net_id 139
pin_num 2
5 32 0
7 33 0
Net_id 140
pin_num 2
50 42 0
55 48 0
Net_id 141
pin_num 2
35 45 0
31 41 0
Net_id 142
pin_num 2
34 59 0
12 52 0
Net_id 143
pin_num 2
28 37 0
24 38 0
Net_id 144
pin_num 2
27 21 0
23 21 0
Net_id 145
pin_num 2
42 7 0
44 24 0
Net_id 146
pin_num 2
39 39 0
58 10 0
Net_id 147
pin_num 2
43 41 0
53 51 0
Net_id 148
pin_num 2
20 4 0
23 9 0
Net_id 149
pin_num 2
14 45 0
7 36 0
Net_id 150
pin_num 2
21 35 0
9 19 0
Net_id 151
pin_num 2
47 14 0
41 14 0
Net_id 152
pin_num 2
2 44 0
13 41 0
Net_id 153
pin_num 2
58 45 0
48 49 0
Net_id 154
pin_num 2
43 9 0
44 2 0
Net_id 155
pin_num 2
56 20 0
42 15 0
Net_id 156
pin_num 2
2 21 0
3 15 0
Net_id 157
pin_num 2
19 16 0
7 25 0
Net_id 158
pin_num 2
54 18 0
58 12 0
Net_id 159
pin_num 2
37 35 0
38 32 0
Net_id 160
pin_num 2
12 55 0
25 45 0
