Width 60
Height 60
Layer 6
Total_WL 7094
Obstacle_num 144
35 31 0 45 32 0
41 33 0 45 34 0
12 31 0 22 32 0
23 10 0 31 11 0
17 0 0 22 1 0
4 41 0 12 42 0
40 23 0 46 24 0
13 28 0 22 29 0
50 49 0 58 50 0
14 34 0 22 35 0
18 29 0 25 30 0
7 10 0 13 11 0
24 40 0 31 41 0
8 45 0 12 46 0
1 6 0 10 7 0
8 51 0 15 52 0
41 10 0 51 11 0
27 16 0 33 17 0
31 17 0 39 18 0
34 35 0 39 36 0
14 11 0 23 12 0
53 51 0 57 52 0
25 39 0 30 40 0
7 3 0 15 4 0
10 3 1 11 6 1
17 52 1 18 57 1
3 28 1 4 31 1
28 15 1 29 25 1
9 28 1 10 31 1
16 16 1 17 20 1
2 22 1 3 31 1
21 16 1 22 20 1
20 46 1 21 56 1
5 14 1 6 21 1
46 27 1 47 30 1
38 29 1 39 33 1
55 12 1 56 22 1
54 50 1 55 56 1
2 2 1 3 8 1
52 45 1 53 54 1
56 24 1 57 28 1
31 8 1 32 13 1
22 24 1 23 28 1
44 2 1 45 12 1
31 20 1 32 26 1
6 5 1 7 10 1
22 51 1 23 59 1
20 14 1 21 23 1
12 54 2 19 55 2
45 30 2 53 31 2
34 14 2 38 15 2
20 7 2 30 8 2
16 49 2 21 50 2
33 34 2 43 35 2
30 42 2 37 43 2
22 18 2 26 19 2
10 52 2 19 53 2
25 29 2 29 30 2
29 46 2 32 47 2
27 35 2 36 36 2
27 12 2 31 13 2
51 35 2 56 36 2
11 42 2 15 43 2
22 23 2 25 24 2
7 26 2 10 27 2
33 30 2 40 31 2
49 29 2 52 30 2
21 30 2 27 31 2
21 6 2 25 7 2
45 45 2 48 46 2
11 17 2 21 18 2
18 15 2 27 16 2
9 16 3 10 21 3
57 4 3 58 8 3
0 41 3 1 47 3
33 51 3 34 57 3
44 10 3 45 17 3
54 8 3 55 16 3
12 56 3 13 59 3
48 50 3 49 54 3
27 25 3 28 34 3
36 39 3 37 48 3
39 55 3 40 59 3
21 47 3 22 55 3
18 44 3 19 54 3
17 33 3 18 41 3
26 4 3 27 10 3
12 21 3 13 28 3
22 53 3 23 56 3
31 28 3 32 35 3
11 7 3 12 14 3
58 6 3 59 16 3
45 3 3 46 12 3
29 2 3 30 9 3
52 27 3 53 31 3
10 37 3 11 45 3
28 43 4 33 44 4
42 47 4 50 48 4
9 24 4 13 25 4
48 24 4 53 25 4
45 23 4 50 24 4
42 0 4 47 1 4
15 20 4 21 21 4
2 16 4 7 17 4
38 51 4 46 52 4
2 46 4 12 47 4
46 13 4 56 14 4
51 51 4 55 52 4
33 27 4 36 28 4
48 2 4 57 3 4
37 57 4 41 58 4
14 16 4 24 17 4
41 39 4 46 40 4
32 55 4 36 56 4
40 56 4 46 57 4
15 36 4 25 37 4
41 53 4 47 54 4
40 33 4 44 34 4
47 32 4 50 33 4
3 36 4 8 37 4
19 5 5 20 10 5
51 2 5 52 10 5
2 3 5 3 9 5
9 16 5 10 20 5
12 51 5 13 57 5
26 14 5 27 18 5
37 42 5 38 47 5
8 10 5 9 13 5
21 9 5 22 12 5
51 38 5 52 45 5
10 18 5 11 24 5
10 49 5 11 58 5
37 12 5 38 18 5
1 38 5 2 48 5
46 19 5 47 22 5
49 19 5 50 27 5
32 32 5 33 39 5
57 20 5 58 28 5
5 21 5 6 25 5
26 29 5 27 34 5
28 42 5 29 50 5
0 14 5 1 20 5
8 42 5 9 48 5
53 37 5 54 43 5
Net_num 165
Net_id 0
pin_num 5
46 28 0
37 20 0
48 21 0
40 2 0
59 25 0
Net_id 1
pin_num 5
3 0 0
10 0 0
16 1 0
5 10 0
28 5 0
Net_id 2
pin_num 5
49 34 0
45 34 0
46 43 0
43 40 0
55 34 0
Net_id 3
pin_num 5
10 28 0
1 28 0
8 15 0
0 6 0
22 0 0
Net_id 4
pin_num 5
32 14 0
32 11 0
48 13 0
42 9 0
59 7 0
Net_id 5
pin_num 5
57 48 0
48 42 0
59 38 0
35 46 0
38 54 0
Net_id 6
pin_num 5
32 39 0
38 42 0
34 59 0
56 53 0
19 41 0
Net_id 7
pin_num 5
5 25 0
24 25 0
0 34 0
23 34 0
7 11 0
Net_id 8
pin_num 5
50 51 0
57 58 0
59 55 0
43 55 0
45 35 0
Net_id 9
pin_num 5
48 51 0
49 55 0
38 53 0
56 54 0
44 39 0
Net_id 10
pin_num 5
46 32 0
53 32 0
50 47 0
58 27 0
48 59 0
Net_id 11
pin_num 5
1 30 0
1 20 0
0 38 0
0 20 0
18 33 0
Net_id 12
pin_num 5
24 42 0
24 35 0
24 59 0
2 51 0
1 43 0
Net_id 13
pin_num 5
46 45 0
58 49 0
51 36 0
47 26 0
40 42 0
Net_id 14
pin_num 5
8 42 0
7 44 0
7 52 0
2 52 0
12 44 0
Net_id 15
pin_num 5
22 14 0
16 14 0
22 1 0
6 2 0
0 17 0
Net_id 16
pin_num 5
38 12 0
42 12 0
40 24 0
43 18 0
39 4 0
Net_id 17
pin_num 5
30 46 0
16 48 0
46 48 0
28 27 0
36 41 0
Net_id 18
pin_num 5
16 39 0
23 40 0
12 40 0
13 48 0
20 59 0
Net_id 19
pin_num 4
44 34 0
41 30 0
43 22 0
52 33 0
Net_id 20
pin_num 4
53 13 0
52 24 0
46 24 0
50 2 0
Net_id 21
pin_num 4
48 49 0
53 46 0
55 48 0
54 47 0
Net_id 22
pin_num 4
23 6 0
15 6 0
10 17 0
1 4 0
Net_id 23
pin_num 4
22 15 0
21 4 0
22 3 0
33 11 0
Net_id 24
pin_num 4
22 53 0
13 55 0
36 53 0
27 38 0
Net_id 25
pin_num 4
49 30 0
44 38 0
44 1 0
54 33 0
Net_id 26
pin_num 4
59 5 0
57 2 0
48 4 0
38 6 0
Net_id 27
pin_num 4
58 38 0
42 41 0
59 54 0
46 31 0
Net_id 28
pin_num 4
27 6 0
27 11 0
23 22 0
36 28 0
Net_id 29
pin_num 4
32 48 0
43 52 0
15 49 0
22 59 0
Net_id 30
pin_num 4
43 45 0
32 52 0
44 35 0
25 50 0
Net_id 31
pin_num 4
25 21 0
24 8 0
34 9 0
9 11 0
Net_id 32
pin_num 4
52 19 0
57 30 0
53 27 0
53 28 0
Net_id 33
pin_num 4
43 7 0
52 12 0
49 0 0
58 0 0
Net_id 34
pin_num 4
23 52 0
12 47 0
18 45 0
22 47 0
Net_id 35
pin_num 4
47 36 0
48 25 0
52 29 0
45 27 0
Net_id 36
pin_num 4
57 28 0
58 40 0
44 41 0
39 39 0
Net_id 37
pin_num 4
44 47 0
48 46 0
55 47 0
58 58 0
Net_id 38
pin_num 4
0 41 0
9 24 0
1 26 0
1 27 0
Net_id 39
pin_num 3
34 19 0
41 9 0
59 0 0
Net_id 40
pin_num 3
27 37 0
20 27 0
37 27 0
Net_id 41
pin_num 3
34 32 0
28 26 0
29 22 0
Net_id 42
pin_num 3
46 4 0
25 12 0
25 0 0
Net_id 43
pin_num 3
1 19 0
6 18 0
4 19 0
Net_id 44
pin_num 3
17 15 0
20 2 0
1 9 0
Net_id 45
pin_num 3
19 42 0
4 46 0
2 33 0
Net_id 46
pin_num 3
49 12 0
30 8 0
40 25 0
Net_id 47
pin_num 3
40 58 0
26 51 0
25 28 0
Net_id 48
pin_num 3
43 27 0
35 28 0
38 11 0
Net_id 49
pin_num 3
43 0 0
31 2 0
50 25 0
Net_id 50
pin_num 3
19 19 0
29 19 0
36 0 0
Net_id 51
pin_num 3
24 49 0
10 59 0
10 40 0
Net_id 52
pin_num 3
35 2 0
37 8 0
32 28 0
Net_id 53
pin_num 3
20 57 0
45 57 0
55 56 0
Net_id 54
pin_num 3
22 51 0
6 45 0
12 46 0
Net_id 55
pin_num 3
30 24 0
39 17 0
38 36 0
Net_id 56
pin_num 3
58 15 0
45 31 0
52 16 0
Net_id 57
pin_num 3
43 24 0
31 44 0
23 32 0
Net_id 58
pin_num 3
21 37 0
10 39 0
1 25 0
Net_id 59
pin_num 3
11 39 0
18 21 0
8 34 0
Net_id 60
pin_num 3
6 37 0
22 31 0
19 23 0
Net_id 61
pin_num 3
7 47 0
5 53 0
5 26 0
Net_id 62
pin_num 3
59 41 0
46 44 0
43 20 0
Net_id 63
pin_num 3
54 55 0
39 52 0
28 59 0
Net_id 64
pin_num 3
33 35 0
29 31 0
32 8 0
Net_id 65
pin_num 3
1 17 0
13 8 0
19 32 0
Net_id 66
pin_num 3
22 30 0
2 21 0
2 44 0
Net_id 67
pin_num 3
24 33 0
31 33 0
47 25 0
Net_id 68
pin_num 3
6 39 0
0 43 0
31 40 0
Net_id 69
pin_num 3
57 43 0
57 22 0
49 44 0
Net_id 70
pin_num 3
56 3 0
59 17 0
54 21 0
Net_id 71
pin_num 3
10 46 0
4 42 0
1 59 0
Net_id 72
pin_num 3
14 19 0
21 24 0
19 37 0
Net_id 73
pin_num 3
24 2 0
36 18 0
24 22 0
Net_id 74
pin_num 3
54 9 0
52 14 0
54 28 0
Net_id 75
pin_num 3
24 56 0
40 52 0
46 56 0
Net_id 76
pin_num 3
10 42 0
12 53 0
33 52 0
Net_id 77
pin_num 3
45 55 0
39 42 0
59 53 0
Net_id 78
pin_num 3
40 40 0
27 54 0
37 54 0
Net_id 79
pin_num 3
25 22 0
30 19 0
8 9 0
Net_id 80
pin_num 3
6 4 0
10 18 0
15 26 0
Net_id 81
pin_num 3
8 44 0
14 32 0
10 29 0
Net_id 82
pin_num 2
32 6 0
34 10 0
Net_id 83
pin_num 2
40 39 0
47 56 0
Net_id 84
pin_num 2
4 56 0
3 48 0
Net_id 85
pin_num 2
49 8 0
52 15 0
Net_id 86
pin_num 2
51 17 0
56 9 0
Net_id 87
pin_num 2
30 26 0
46 17 0
Net_id 88
pin_num 2
8 30 0
25 55 0
Net_id 89
pin_num 2
5 58 0
13 50 0
Net_id 90
pin_num 2
25 43 0
18 43 0
Net_id 91
pin_num 2
0 55 0
20 42 0
Net_id 92
pin_num 2
19 13 0
32 21 0
Net_id 93
pin_num 2
8 33 0
14 38 0
Net_id 94
pin_num 2
42 52 0
29 45 0
Net_id 95
pin_num 2
40 51 0
40 46 0
Net_id 96
pin_num 2
46 3 0
45 5 0
Net_id 97
pin_num 2
55 24 0
41 38 0
Net_id 98
pin_num 2
38 44 0
58 54 0
Net_id 99
pin_num 2
39 19 0
33 5 0
Net_id 100
pin_num 2
13 43 0
21 33 0
Net_id 101
pin_num 2
39 47 0
43 47 0
Net_id 102
pin_num 2
52 47 0
58 55 0
Net_id 103
pin_num 2
3 41 0
9 59 0
Net_id 104
pin_num 2
31 29 0
33 44 0
Net_id 105
pin_num 2
18 57 0
33 47 0
Net_id 106
pin_num 2
53 18 0
53 12 0
Net_id 107
pin_num 2
59 43 0
36 43 0
Net_id 108
pin_num 2
44 0 0
52 2 0
Net_id 109
pin_num 2
52 31 0
53 40 0
Net_id 110
pin_num 2
35 10 0
34 21 0
Net_id 111
pin_num 2
35 37 0
18 55 0
Net_id 112
pin_num 2
32 45 0
52 25 0
Net_id 113
pin_num 2
57 44 0
39 41 0
Net_id 114
pin_num 2
20 54 0
14 54 0
Net_id 115
pin_num 2
32 49 0
10 36 0
Net_id 116
pin_num 2
39 59 0
39 33 0
Net_id 117
pin_num 2
43 16 0
14 20 0
Net_id 118
pin_num 2
58 35 0
49 23 0
Net_id 119
pin_num 2
5 22 0
18 13 0
Net_id 120
pin_num 2
57 29 0
58 44 0
Net_id 121
pin_num 2
55 50 0
46 49 0
Net_id 122
pin_num 2
30 34 0
43 58 0
Net_id 123
pin_num 2
25 36 0
45 58 0
Net_id 124
pin_num 2
7 18 0
10 21 0
Net_id 125
pin_num 2
3 13 0
13 11 0
Net_id 126
pin_num 2
11 57 0
8 39 0
Net_id 127
pin_num 2
58 53 0
49 41 0
Net_id 128
pin_num 2
22 24 0
34 38 0
Net_id 129
pin_num 2
6 57 0
8 52 0
Net_id 130
pin_num 2
8 50 0
3 33 0
Net_id 131
pin_num 2
53 50 0
46 50 0
Net_id 132
pin_num 2
32 29 0
42 29 0
Net_id 133
pin_num 2
58 23 0
39 15 0
Net_id 134
pin_num 2
9 21 0
4 31 0
Net_id 135
pin_num 2
29 0 0
23 1 0
Net_id 136
pin_num 2
56 33 0
37 58 0
Net_id 137
pin_num 2
42 7 0
34 22 0
Net_id 138
pin_num 2
58 1 0
51 1 0
Net_id 139
pin_num 2
19 45 0
30 39 0
Net_id 140
pin_num 2
20 50 0
38 50 0
Net_id 141
pin_num 2
3 10 0
6 35 0
Net_id 142
pin_num 2
16 55 0
14 42 0
Net_id 143
pin_num 2
15 42 0
12 35 0
Net_id 144
pin_num 2
34 3 0
57 25 0
Net_id 145
pin_num 2
56 58 0
49 56 0
Net_id 146
pin_num 2
31 54 0
42 58 0
Net_id 147
pin_num 2
47 16 0
56 28 0
Net_id 148
pin_num 2
45 29 0
51 19 0
Net_id 149
pin_num 2
23 42 0
34 23 0
Net_id 150
pin_num 2
26 58 0
38 37 0
Net_id 151
pin_num 2
44 50 0
39 55 0
Net_id 152
pin_num 2
8 54 0
3 49 0
Net_id 153
pin_num 2
35 22 0
47 19 0
Net_id 154
pin_num 2
42 1 0
32 15 0
Net_id 155
pin_num 2
27 13 0
25 8 0
Net_id 156
pin_num 2
35 42 0
40 30 0
Net_id 157
pin_num 2
8 31 0
2 49 0
Net_id 158
pin_num 2
13 38 0
6 26 0
Net_id 159
pin_num 2
29 28 0
18 16 0
Net_id 160
pin_num 2
38 38 0
19 24 0
Net_id 161
pin_num 2
20 1 0
23 4 0
Net_id 162
pin_num 2
28 42 0
44 30 0
Net_id 163
pin_num 2
28 24 0
24 23 0
Net_id 164
pin_num 2
50 33 0
30 23 0
