Width 60
Height 60
Layer 6
Total_WL 6490
Obstacle_num 144
47 20 0 52 21 0
10 29 0 14 30 0
9 18 0 17 19 0
32 25 0 35 26 0
37 50 0 47 51 0
35 39 0 40 40 0
12 14 0 19 15 0
0 9 0 9 10 0
2 26 0 10 27 0
8 48 0 15 49 0
38 33 0 44 34 0
4 42 0 8 43 0
24 29 0 32 30 0
39 12 0 45 13 0
27 26 0 30 27 0
1 24 0 7 25 0
37 8 0 41 9 0
23 14 0 32 15 0
27 51 0 33 52 0
7 11 0 13 12 0
12 28 0 17 29 0
34 47 0 40 48 0
11 23 0 19 24 0
26 15 0 30 16 0
25 16 1 26 20 1
14 24 1 15 34 1
57 41 1 58 49 1
46 36 1 47 39 1
42 39 1 43 49 1
34 47 1 35 52 1
4 19 1 5 28 1
34 40 1 35 47 1
9 32 1 10 37 1
50 12 1 51 21 1
38 47 1 39 51 1
16 4 1 17 14 1
46 9 1 47 19 1
5 16 1 6 22 1
26 13 1 27 21 1
47 50 1 48 58 1
55 39 1 56 45 1
26 50 1 27 55 1
22 23 1 23 31 1
30 14 1 31 24 1
49 30 1 50 33 1
51 36 1 52 40 1
20 56 1 21 59 1
54 33 1 55 39 1
52 57 2 56 58 2
5 1 2 12 2 2
44 41 2 47 42 2
28 26 2 38 27 2
44 28 2 53 29 2
11 11 2 18 12 2
13 44 2 18 45 2
47 50 2 57 51 2
1 36 2 6 37 2
37 1 2 40 2 2
8 23 2 12 24 2
11 15 2 20 16 2
40 12 2 43 13 2
27 11 2 36 12 2
55 28 2 58 29 2
23 18 2 26 19 2
13 58 2 20 59 2
7 14 2 11 15 2
24 1 2 28 2 2
43 55 2 53 56 2
17 29 2 27 30 2
25 4 2 29 5 2
1 54 2 7 55 2
27 3 2 30 4 2
20 29 3 21 34 3
40 34 3 41 39 3
3 40 3 4 45 3
23 20 3 24 28 3
22 38 3 23 43 3
43 33 3 44 37 3
46 2 3 47 7 3
58 42 3 59 48 3
10 33 3 11 43 3
30 33 3 31 38 3
28 40 3 29 45 3
45 21 3 46 31 3
27 27 3 28 33 3
33 7 3 34 10 3
51 16 3 52 25 3
36 33 3 37 38 3
38 54 3 39 59 3
32 47 3 33 53 3
38 13 3 39 22 3
3 46 3 4 55 3
52 17 3 53 23 3
25 7 3 26 14 3
49 32 3 50 39 3
44 43 3 45 51 3
28 34 4 35 35 4
38 17 4 42 18 4
12 28 4 19 29 4
33 36 4 37 37 4
44 18 4 53 19 4
44 34 4 51 35 4
11 30 4 16 31 4
5 43 4 15 44 4
13 42 4 21 43 4
53 50 4 58 51 4
45 19 4 51 20 4
22 20 4 27 21 4
47 10 4 51 11 4
17 20 4 20 21 4
13 49 4 17 50 4
31 17 4 34 18 4
14 7 4 22 8 4
50 32 4 53 33 4
36 45 4 42 46 4
28 43 4 38 44 4
39 39 4 48 40 4
23 6 4 31 7 4
1 38 4 10 39 4
48 46 4 52 47 4
17 8 5 18 18 5
31 26 5 32 34 5
7 13 5 8 22 5
2 45 5 3 55 5
17 26 5 18 34 5
38 1 5 39 8 5
6 3 5 7 12 5
35 35 5 36 42 5
24 15 5 25 19 5
38 30 5 39 34 5
46 31 5 47 41 5
45 18 5 46 26 5
49 2 5 50 10 5
2 6 5 3 12 5
32 46 5 33 50 5
14 30 5 15 40 5
4 9 5 5 19 5
11 0 5 12 8 5
41 55 5 42 58 5
35 15 5 36 22 5
56 18 5 57 25 5
21 25 5 22 34 5
1 32 5 2 41 5
37 47 5 38 50 5
Net_num 156
Net_id 0
pin_num 5
15 10 0
27 5 0
19 6 0
4 8 0
45 9 0
Net_id 1
pin_num 5
27 34 0
42 34 0
39 44 0
59 37 0
39 18 0
Net_id 2
pin_num 5
54 25 0
59 21 0
38 23 0
57 2 0
59 17 0
Net_id 3
pin_num 5
6 56 0
13 57 0
5 59 0
5 54 0
17 55 0
Net_id 4
pin_num 5
34 28 0
35 18 0
47 25 0
44 42 0
40 28 0
Net_id 5
pin_num 5
33 18 0
30 26 0
15 24 0
16 30 0
18 36 0
Net_id 6
pin_num 5
30 48 0
22 51 0
28 32 0
40 36 0
25 32 0
Net_id 7
pin_num 5
5 32 0
1 21 0
2 25 0
0 3 0
24 25 0
Net_id 8
pin_num 5
50 59 0
56 57 0
51 56 0
53 40 0
51 42 0
Net_id 9
pin_num 5
37 22 0
52 22 0
45 29 0
48 43 0
41 38 0
Net_id 10
pin_num 5
41 21 0
29 25 0
58 21 0
8 21 0
10 24 0
Net_id 11
pin_num 5
46 20 0
36 20 0
40 5 0
26 22 0
30 0 0
Net_id 12
pin_num 5
24 30 0
23 33 0
17 20 0
22 32 0
17 29 0
Net_id 13
pin_num 5
49 45 0
55 48 0
35 48 0
49 53 0
42 37 0
Net_id 14
pin_num 5
13 9 0
9 10 0
11 14 0
1 17 0
7 25 0
Net_id 15
pin_num 5
41 28 0
53 38 0
38 38 0
56 49 0
24 48 0
Net_id 16
pin_num 5
39 4 0
29 2 0
41 0 0
42 0 0
19 3 0
Net_id 17
pin_num 5
35 26 0
29 30 0
52 30 0
32 42 0
45 47 0
Net_id 18
pin_num 5
44 30 0
52 39 0
46 19 0
26 34 0
46 58 0
Net_id 19
pin_num 5
19 9 0
7 0 0
3 3 0
18 0 0
8 12 0
Net_id 20
pin_num 5
56 50 0
57 49 0
37 38 0
49 17 0
45 49 0
Net_id 21
pin_num 4
18 55 0
23 57 0
15 57 0
33 59 0
Net_id 22
pin_num 4
4 27 0
12 27 0
10 26 0
9 20 0
Net_id 23
pin_num 4
58 8 0
58 7 0
49 16 0
24 16 0
Net_id 24
pin_num 4
8 0 0
17 7 0
3 0 0
1 20 0
Net_id 25
pin_num 4
24 41 0
15 38 0
7 38 0
21 28 0
Net_id 26
pin_num 4
2 47 0
9 51 0
0 48 0
27 47 0
Net_id 27
pin_num 4
29 56 0
33 46 0
42 56 0
46 45 0
Net_id 28
pin_num 4
59 6 0
48 6 0
58 0 0
55 19 0
Net_id 29
pin_num 4
29 44 0
37 44 0
36 19 0
58 22 0
Net_id 30
pin_num 4
13 8 0
21 20 0
22 18 0
14 20 0
Net_id 31
pin_num 4
10 34 0
16 37 0
16 31 0
0 34 0
Net_id 32
pin_num 4
20 18 0
37 24 0
58 20 0
44 24 0
Net_id 33
pin_num 4
20 6 0
29 6 0
38 6 0
35 15 0
Net_id 34
pin_num 4
25 35 0
12 37 0
19 42 0
4 35 0
Net_id 35
pin_num 4
1 49 0
6 58 0
4 59 0
2 28 0
Net_id 36
pin_num 4
34 38 0
28 31 0
16 22 0
29 7 0
Net_id 37
pin_num 4
30 58 0
22 50 0
4 51 0
11 28 0
Net_id 38
pin_num 4
26 23 0
31 32 0
19 28 0
43 27 0
Net_id 39
pin_num 4
6 57 0
12 59 0
8 36 0
10 41 0
Net_id 40
pin_num 3
25 54 0
15 52 0
34 59 0
Net_id 41
pin_num 3
3 40 0
9 37 0
14 22 0
Net_id 42
pin_num 3
17 54 0
20 54 0
9 40 0
Net_id 43
pin_num 3
36 31 0
52 52 0
32 46 0
Net_id 44
pin_num 3
41 29 0
28 20 0
33 37 0
Net_id 45
pin_num 3
50 4 0
50 0 0
52 10 0
Net_id 46
pin_num 3
52 19 0
56 46 0
53 7 0
Net_id 47
pin_num 3
46 30 0
51 7 0
59 1 0
Net_id 48
pin_num 3
12 53 0
23 37 0
21 50 0
Net_id 49
pin_num 3
47 55 0
29 55 0
35 35 0
Net_id 50
pin_num 3
16 52 0
43 56 0
16 58 0
Net_id 51
pin_num 3
18 33 0
27 40 0
50 39 0
Net_id 52
pin_num 3
44 26 0
40 35 0
37 33 0
Net_id 53
pin_num 3
14 49 0
21 48 0
14 53 0
Net_id 54
pin_num 3
49 15 0
44 23 0
36 18 0
Net_id 55
pin_num 3
36 38 0
20 24 0
35 17 0
Net_id 56
pin_num 3
10 7 0
2 5 0
2 23 0
Net_id 57
pin_num 3
57 18 0
50 27 0
59 25 0
Net_id 58
pin_num 3
49 59 0
45 52 0
57 56 0
Net_id 59
pin_num 3
53 57 0
44 57 0
57 51 0
Net_id 60
pin_num 3
11 2 0
17 2 0
12 24 0
Net_id 61
pin_num 3
50 56 0
43 59 0
54 56 0
Net_id 62
pin_num 3
22 16 0
13 37 0
2 50 0
Net_id 63
pin_num 3
59 5 0
52 5 0
38 4 0
Net_id 64
pin_num 3
53 56 0
43 49 0
29 52 0
Net_id 65
pin_num 3
18 40 0
16 41 0
11 44 0
Net_id 66
pin_num 3
7 6 0
20 14 0
39 15 0
Net_id 67
pin_num 3
32 8 0
53 0 0
57 25 0
Net_id 68
pin_num 3
54 20 0
54 10 0
54 53 0
Net_id 69
pin_num 3
27 31 0
21 31 0
27 10 0
Net_id 70
pin_num 3
57 32 0
44 32 0
43 43 0
Net_id 71
pin_num 3
33 1 0
22 22 0
22 49 0
Net_id 72
pin_num 3
34 32 0
56 48 0
56 42 0
Net_id 73
pin_num 3
45 36 0
38 27 0
29 33 0
Net_id 74
pin_num 3
33 45 0
24 43 0
50 40 0
Net_id 75
pin_num 3
53 1 0
53 2 0
58 10 0
Net_id 76
pin_num 3
55 24 0
43 18 0
24 26 0
Net_id 77
pin_num 3
47 15 0
36 17 0
43 24 0
Net_id 78
pin_num 3
41 9 0
19 7 0
18 16 0
Net_id 79
pin_num 3
50 41 0
58 36 0
26 37 0
Net_id 80
pin_num 2
3 41 0
14 50 0
Net_id 81
pin_num 2
17 59 0
14 56 0
Net_id 82
pin_num 2
10 35 0
7 33 0
Net_id 83
pin_num 2
4 12 0
3 30 0
Net_id 84
pin_num 2
37 2 0
41 3 0
Net_id 85
pin_num 2
22 23 0
19 22 0
Net_id 86
pin_num 2
0 13 0
12 20 0
Net_id 87
pin_num 2
37 35 0
38 41 0
Net_id 88
pin_num 2
1 54 0
5 45 0
Net_id 89
pin_num 2
58 27 0
50 43 0
Net_id 90
pin_num 2
0 55 0
21 53 0
Net_id 91
pin_num 2
9 36 0
28 49 0
Net_id 92
pin_num 2
22 54 0
42 58 0
Net_id 93
pin_num 2
23 38 0
18 38 0
Net_id 94
pin_num 2
11 50 0
26 43 0
Net_id 95
pin_num 2
49 54 0
54 54 0
Net_id 96
pin_num 2
5 28 0
3 33 0
Net_id 97
pin_num 2
29 58 0
9 46 0
Net_id 98
pin_num 2
35 42 0
25 57 0
Net_id 99
pin_num 2
2 40 0
13 59 0
Net_id 100
pin_num 2
31 58 0
33 27 0
Net_id 101
pin_num 2
28 23 0
22 17 0
Net_id 102
pin_num 2
32 15 0
13 24 0
Net_id 103
pin_num 2
32 17 0
42 36 0
Net_id 104
pin_num 2
55 49 0
54 46 0
Net_id 105
pin_num 2
33 51 0
41 52 0
Net_id 106
pin_num 2
48 33 0
56 40 0
Net_id 107
pin_num 2
3 12 0
27 33 0
Net_id 108
pin_num 2
53 58 0
44 54 0
Net_id 109
pin_num 2
16 42 0
40 52 0
Net_id 110
pin_num 2
35 49 0
31 49 0
Net_id 111
pin_num 2
45 40 0
23 17 0
Net_id 112
pin_num 2
55 35 0
46 44 0
Net_id 113
pin_num 2
4 6 0
10 12 0
Net_id 114
pin_num 2
48 36 0
54 36 0
Net_id 115
pin_num 2
12 40 0
5 11 0
Net_id 116
pin_num 2
5 40 0
15 37 0
Net_id 117
pin_num 2
6 10 0
14 7 0
Net_id 118
pin_num 2
11 54 0
18 59 0
Net_id 119
pin_num 2
8 30 0
4 58 0
Net_id 120
pin_num 2
58 51 0
39 57 0
Net_id 121
pin_num 2
51 34 0
54 31 0
Net_id 122
pin_num 2
16 50 0
14 52 0
Net_id 123
pin_num 2
15 13 0
3 5 0
Net_id 124
pin_num 2
0 42 0
7 53 0
Net_id 125
pin_num 2
0 45 0
12 42 0
Net_id 126
pin_num 2
1 1 0
15 26 0
Net_id 127
pin_num 2
0 23 0
12 31 0
Net_id 128
pin_num 2
42 16 0
58 25 0
Net_id 129
pin_num 2
54 39 0
55 45 0
Net_id 130
pin_num 2
42 52 0
41 58 0
Net_id 131
pin_num 2
57 0 0
50 29 0
Net_id 132
pin_num 2
9 53 0
11 46 0
Net_id 133
pin_num 2
6 15 0
5 10 0
Net_id 134
pin_num 2
18 15 0
3 22 0
Net_id 135
pin_num 2
54 50 0
56 58 0
Net_id 136
pin_num 2
27 7 0
23 4 0
Net_id 137
pin_num 2
35 14 0
54 13 0
Net_id 138
pin_num 2
27 55 0
23 58 0
Net_id 139
pin_num 2
41 18 0
52 13 0
Net_id 140
pin_num 2
35 53 0
47 31 0
Net_id 141
pin_num 2
28 54 0
40 57 0
Net_id 142
pin_num 2
32 38 0
37 41 0
Net_id 143
pin_num 2
25 24 0
19 26 0
Net_id 144
pin_num 2
23 27 0
17 34 0
Net_id 145
pin_num 2
56 37 0
59 43 0
Net_id 146
pin_num 2
6 54 0
13 56 0
Net_id 147
pin_num 2
42 10 0
39 7 0
Net_id 148
pin_num 2
40 19 0
42 49 0
Net_id 149
pin_num 2
13 4 0
1 18 0
Net_id 150
pin_num 2
25 1 0
21 1 0
Net_id 151
pin_num 2
52 49 0
50 52 0
Net_id 152
pin_num 2
34 30 0
45 51 0
Net_id 153
pin_num 2
12 45 0
15 42 0
Net_id 154
pin_num 2
48 44 0
57 40 0
Net_id 155
pin_num 2
22 2 0
15 0 0
