Width 60
Height 60
Layer 6
Total_WL 6940
Obstacle_num 144
4 14 0 7 15 0
11 11 0 19 12 0
42 50 0 45 51 0
11 22 0 17 23 0
27 40 0 33 41 0
46 8 0 55 9 0
8 19 0 17 20 0
0 6 0 10 7 0
27 36 0 36 37 0
38 28 0 48 29 0
1 2 0 4 3 0
33 21 0 39 22 0
29 11 0 37 12 0
8 31 0 13 32 0
2 9 0 12 10 0
22 17 0 29 18 0
45 49 0 53 50 0
8 1 0 14 2 0
28 28 0 36 29 0
21 14 0 24 15 0
16 3 0 24 4 0
49 6 0 58 7 0
11 18 0 14 19 0
42 15 0 48 16 0
5 37 1 6 46 1
19 6 1 20 13 1
53 24 1 54 31 1
15 43 1 16 51 1
41 32 1 42 35 1
38 17 1 39 25 1
56 34 1 57 42 1
5 25 1 6 33 1
42 9 1 43 15 1
27 30 1 28 39 1
38 1 1 39 6 1
32 35 1 33 45 1
49 52 1 50 57 1
0 26 1 1 31 1
26 41 1 27 50 1
51 2 1 52 6 1
27 42 1 28 50 1
19 21 1 20 24 1
57 21 1 58 29 1
24 2 1 25 8 1
12 19 1 13 24 1
27 23 1 28 27 1
21 52 1 22 57 1
34 54 1 35 57 1
49 48 2 57 49 2
41 23 2 47 24 2
0 46 2 3 47 2
39 5 2 46 6 2
49 23 2 58 24 2
53 13 2 58 14 2
40 52 2 47 53 2
26 11 2 36 12 2
20 33 2 28 34 2
3 4 2 11 5 2
45 8 2 54 9 2
15 56 2 21 57 2
17 20 2 21 21 2
30 45 2 33 46 2
15 54 2 22 55 2
38 43 2 41 44 2
37 3 2 43 4 2
35 27 2 42 28 2
18 18 2 25 19 2
28 26 2 33 27 2
3 21 2 9 22 2
24 57 2 34 58 2
32 23 2 35 24 2
25 49 2 32 50 2
36 44 3 37 54 3
22 4 3 23 9 3
29 36 3 30 46 3
23 40 3 24 48 3
35 25 3 36 33 3
44 11 3 45 21 3
7 3 3 8 11 3
37 12 3 38 19 3
41 30 3 42 38 3
23 24 3 24 29 3
42 49 3 43 52 3
45 6 3 46 11 3
14 47 3 15 55 3
17 1 3 18 8 3
38 29 3 39 35 3
46 22 3 47 32 3
17 17 3 18 24 3
27 21 3 28 24 3
37 22 3 38 32 3
44 34 3 45 43 3
12 33 3 13 38 3
25 46 3 26 56 3
36 20 3 37 28 3
56 5 3 57 12 3
0 44 4 9 45 4
27 24 4 34 25 4
5 22 4 8 23 4
46 5 4 53 6 4
26 44 4 33 45 4
9 45 4 15 46 4
14 53 4 24 54 4
45 41 4 52 42 4
4 46 4 11 47 4
51 27 4 56 28 4
46 20 4 52 21 4
24 14 4 32 15 4
47 24 4 56 25 4
39 47 4 45 48 4
7 34 4 14 35 4
26 37 4 34 38 4
17 37 4 22 38 4
21 46 4 31 47 4
1 26 4 9 27 4
7 4 4 12 5 4
29 33 4 32 34 4
11 12 4 21 13 4
15 50 4 19 51 4
40 16 4 46 17 4
17 37 5 18 40 5
43 49 5 44 54 5
56 29 5 57 34 5
26 24 5 27 31 5
17 27 5 18 36 5
29 34 5 30 37 5
22 13 5 23 19 5
33 1 5 34 8 5
17 43 5 18 48 5
12 15 5 13 25 5
19 21 5 20 28 5
3 24 5 4 33 5
40 9 5 41 12 5
27 33 5 28 36 5
12 38 5 13 46 5
40 39 5 41 47 5
53 36 5 54 40 5
35 23 5 36 28 5
54 3 5 55 6 5
19 9 5 20 12 5
37 22 5 38 31 5
39 15 5 40 18 5
23 33 5 24 43 5
30 24 5 31 32 5
Net_num 163
Net_id 0
pin_num 5
32 45 0
20 49 0
24 59 0
3 59 0
53 45 0
Net_id 1
pin_num 5
43 17 0
21 17 0
21 37 0
35 33 0
25 0 0
Net_id 2
pin_num 5
14 5 0
10 6 0
3 14 0
0 23 0
31 5 0
Net_id 3
pin_num 5
41 39 0
34 42 0
40 54 0
11 41 0
19 51 0
Net_id 4
pin_num 5
38 38 0
34 25 0
17 27 0
44 25 0
23 1 0
Net_id 5
pin_num 5
43 52 0
39 52 0
17 52 0
30 37 0
30 16 0
Net_id 6
pin_num 5
55 19 0
58 23 0
58 0 0
57 1 0
48 33 0
Net_id 7
pin_num 5
53 57 0
53 49 0
53 41 0
59 44 0
47 50 0
Net_id 8
pin_num 5
34 3 0
25 2 0
30 0 0
26 11 0
27 10 0
Net_id 9
pin_num 5
22 27 0
33 30 0
32 16 0
26 21 0
15 20 0
Net_id 10
pin_num 5
37 56 0
28 56 0
29 59 0
33 38 0
31 46 0
Net_id 11
pin_num 5
14 34 0
10 34 0
10 40 0
18 34 0
9 20 0
Net_id 12
pin_num 5
57 3 0
45 1 0
52 1 0
59 20 0
53 9 0
Net_id 13
pin_num 5
46 19 0
42 4 0
37 16 0
38 15 0
33 14 0
Net_id 14
pin_num 5
4 55 0
0 45 0
0 55 0
8 30 0
18 32 0
Net_id 15
pin_num 5
11 2 0
9 0 0
9 10 0
0 7 0
8 2 0
Net_id 16
pin_num 5
36 34 0
30 34 0
45 34 0
38 14 0
32 21 0
Net_id 17
pin_num 5
51 17 0
56 17 0
44 8 0
58 6 0
54 16 0
Net_id 18
pin_num 5
1 24 0
1 28 0
1 38 0
1 56 0
21 45 0
Net_id 19
pin_num 5
30 35 0
19 35 0
3 35 0
16 28 0
9 24 0
Net_id 20
pin_num 4
22 11 0
16 2 0
10 3 0
23 0 0
Net_id 21
pin_num 4
45 50 0
52 47 0
46 27 0
25 39 0
Net_id 22
pin_num 4
7 42 0
18 40 0
12 39 0
12 54 0
Net_id 23
pin_num 4
2 52 0
6 51 0
1 23 0
0 31 0
Net_id 24
pin_num 4
57 45 0
50 48 0
59 50 0
51 36 0
Net_id 25
pin_num 4
35 32 0
29 25 0
29 1 0
31 10 0
Net_id 26
pin_num 4
52 7 0
43 14 0
25 7 0
50 14 0
Net_id 27
pin_num 4
9 25 0
1 22 0
0 41 0
10 27 0
Net_id 28
pin_num 4
29 50 0
35 53 0
41 40 0
54 42 0
Net_id 29
pin_num 4
48 41 0
58 40 0
57 12 0
49 32 0
Net_id 30
pin_num 4
55 50 0
56 46 0
53 34 0
59 58 0
Net_id 31
pin_num 4
47 47 0
47 38 0
39 48 0
49 43 0
Net_id 32
pin_num 4
14 25 0
12 36 0
6 26 0
13 15 0
Net_id 33
pin_num 4
30 7 0
44 5 0
31 1 0
41 6 0
Net_id 34
pin_num 4
8 11 0
2 1 0
0 18 0
0 10 0
Net_id 35
pin_num 4
12 20 0
9 17 0
10 7 0
20 12 0
Net_id 36
pin_num 4
53 31 0
59 28 0
59 38 0
55 39 0
Net_id 37
pin_num 4
48 1 0
39 0 0
46 5 0
40 9 0
Net_id 38
pin_num 4
48 35 0
50 25 0
58 27 0
57 30 0
Net_id 39
pin_num 4
12 32 0
20 28 0
28 31 0
26 36 0
Net_id 40
pin_num 3
2 16 0
13 6 0
47 12 0
Net_id 41
pin_num 3
50 40 0
52 38 0
51 20 0
Net_id 42
pin_num 3
35 35 0
45 27 0
45 48 0
Net_id 43
pin_num 3
25 15 0
27 18 0
3 21 0
Net_id 44
pin_num 3
16 12 0
28 1 0
1 9 0
Net_id 45
pin_num 3
41 51 0
52 53 0
28 54 0
Net_id 46
pin_num 3
34 35 0
31 41 0
52 31 0
Net_id 47
pin_num 3
35 1 0
23 6 0
23 2 0
Net_id 48
pin_num 3
24 50 0
50 55 0
29 57 0
Net_id 49
pin_num 3
8 48 0
0 51 0
7 34 0
Net_id 50
pin_num 3
36 19 0
20 22 0
43 24 0
Net_id 51
pin_num 3
30 14 0
21 7 0
7 2 0
Net_id 52
pin_num 3
23 33 0
9 36 0
22 50 0
Net_id 53
pin_num 3
54 28 0
39 20 0
47 33 0
Net_id 54
pin_num 3
35 6 0
48 0 0
30 15 0
Net_id 55
pin_num 3
7 56 0
22 58 0
22 32 0
Net_id 56
pin_num 3
32 39 0
39 44 0
44 22 0
Net_id 57
pin_num 3
42 38 0
25 43 0
34 18 0
Net_id 58
pin_num 3
37 11 0
58 15 0
34 2 0
Net_id 59
pin_num 3
14 2 0
0 8 0
7 24 0
Net_id 60
pin_num 3
40 26 0
24 37 0
41 26 0
Net_id 61
pin_num 3
15 29 0
3 30 0
6 49 0
Net_id 62
pin_num 3
13 24 0
0 9 0
16 21 0
Net_id 63
pin_num 3
10 55 0
4 17 0
24 40 0
Net_id 64
pin_num 3
6 39 0
8 49 0
23 44 0
Net_id 65
pin_num 3
54 32 0
55 27 0
47 13 0
Net_id 66
pin_num 3
31 25 0
36 10 0
16 31 0
Net_id 67
pin_num 3
38 41 0
47 57 0
43 49 0
Net_id 68
pin_num 3
10 47 0
2 47 0
23 58 0
Net_id 69
pin_num 3
34 41 0
48 57 0
44 36 0
Net_id 70
pin_num 3
37 2 0
35 8 0
24 4 0
Net_id 71
pin_num 3
23 13 0
7 19 0
10 39 0
Net_id 72
pin_num 3
59 1 0
47 9 0
54 19 0
Net_id 73
pin_num 3
59 54 0
47 54 0
37 41 0
Net_id 74
pin_num 3
1 14 0
11 3 0
18 4 0
Net_id 75
pin_num 3
51 21 0
24 39 0
30 53 0
Net_id 76
pin_num 3
46 20 0
43 26 0
58 28 0
Net_id 77
pin_num 3
34 23 0
49 24 0
36 18 0
Net_id 78
pin_num 3
28 57 0
21 57 0
48 55 0
Net_id 79
pin_num 3
29 53 0
21 43 0
48 50 0
Net_id 80
pin_num 3
12 21 0
23 11 0
14 31 0
Net_id 81
pin_num 2
22 37 0
23 41 0
Net_id 82
pin_num 2
59 35 0
14 33 0
Net_id 83
pin_num 2
57 44 0
59 55 0
Net_id 84
pin_num 2
25 45 0
23 53 0
Net_id 85
pin_num 2
48 40 0
40 58 0
Net_id 86
pin_num 2
48 39 0
58 41 0
Net_id 87
pin_num 2
6 41 0
4 20 0
Net_id 88
pin_num 2
34 15 0
40 13 0
Net_id 89
pin_num 2
22 46 0
49 46 0
Net_id 90
pin_num 2
41 49 0
26 59 0
Net_id 91
pin_num 2
2 26 0
15 18 0
Net_id 92
pin_num 2
20 41 0
34 53 0
Net_id 93
pin_num 2
52 24 0
44 32 0
Net_id 94
pin_num 2
52 10 0
53 13 0
Net_id 95
pin_num 2
53 22 0
57 7 0
Net_id 96
pin_num 2
41 58 0
55 56 0
Net_id 97
pin_num 2
7 53 0
4 43 0
Net_id 98
pin_num 2
40 3 0
43 9 0
Net_id 99
pin_num 2
2 57 0
9 52 0
Net_id 100
pin_num 2
54 43 0
58 26 0
Net_id 101
pin_num 2
29 22 0
43 33 0
Net_id 102
pin_num 2
57 58 0
59 57 0
Net_id 103
pin_num 2
1 27 0
15 36 0
Net_id 104
pin_num 2
17 49 0
20 57 0
Net_id 105
pin_num 2
9 57 0
16 46 0
Net_id 106
pin_num 2
46 58 0
53 58 0
Net_id 107
pin_num 2
19 16 0
11 26 0
Net_id 108
pin_num 2
32 23 0
22 13 0
Net_id 109
pin_num 2
9 7 0
4 34 0
Net_id 110
pin_num 2
37 47 0
50 38 0
Net_id 111
pin_num 2
12 49 0
0 47 0
Net_id 112
pin_num 2
41 57 0
29 47 0
Net_id 113
pin_num 2
27 30 0
22 30 0
Net_id 114
pin_num 2
5 28 0
0 11 0
Net_id 115
pin_num 2
14 44 0
20 32 0
Net_id 116
pin_num 2
10 26 0
3 33 0
Net_id 117
pin_num 2
49 7 0
57 2 0
Net_id 118
pin_num 2
36 28 0
44 53 0
Net_id 119
pin_num 2
14 56 0
19 55 0
Net_id 120
pin_num 2
45 56 0
54 44 0
Net_id 121
pin_num 2
15 43 0
14 41 0
Net_id 122
pin_num 2
46 26 0
59 39 0
Net_id 123
pin_num 2
42 14 0
40 14 0
Net_id 124
pin_num 2
5 15 0
13 36 0
Net_id 125
pin_num 2
20 26 0
10 37 0
Net_id 126
pin_num 2
57 16 0
47 10 0
Net_id 127
pin_num 2
48 6 0
52 18 0
Net_id 128
pin_num 2
4 23 0
25 31 0
Net_id 129
pin_num 2
33 48 0
54 58 0
Net_id 130
pin_num 2
15 51 0
3 42 0
Net_id 131
pin_num 2
43 37 0
57 20 0
Net_id 132
pin_num 2
44 24 0
56 43 0
Net_id 133
pin_num 2
14 46 0
12 58 0
Net_id 134
pin_num 2
20 19 0
16 14 0
Net_id 135
pin_num 2
1 37 0
16 43 0
Net_id 136
pin_num 2
47 20 0
50 10 0
Net_id 137
pin_num 2
29 7 0
32 9 0
Net_id 138
pin_num 2
40 30 0
51 29 0
Net_id 139
pin_num 2
26 10 0
12 12 0
Net_id 140
pin_num 2
20 56 0
24 58 0
Net_id 141
pin_num 2
58 56 0
53 38 0
Net_id 142
pin_num 2
8 21 0
2 3 0
Net_id 143
pin_num 2
42 22 0
39 31 0
Net_id 144
pin_num 2
43 54 0
56 58 0
Net_id 145
pin_num 2
41 15 0
30 13 0
Net_id 146
pin_num 2
14 27 0
17 38 0
Net_id 147
pin_num 2
3 20 0
16 36 0
Net_id 148
pin_num 2
6 53 0
17 57 0
Net_id 149
pin_num 2
18 58 0
10 41 0
Net_id 150
pin_num 2
30 31 0
32 14 0
Net_id 151
pin_num 2
27 33 0
34 47 0
Net_id 152
pin_num 2
43 13 0
45 13 0
Net_id 153
pin_num 2
28 15 0
19 1 0
Net_id 154
pin_num 2
46 2 0
54 5 0
Net_id 155
pin_num 2
8 44 0
25 38 0
Net_id 156
pin_num 2
47 44 0
54 18 0
Net_id 157
pin_num 2
25 47 0
0 52 0
Net_id 158
pin_num 2
9 14 0
15 16 0
Net_id 159
pin_num 2
50 13 0
45 22 0
Net_id 160
pin_num 2
59 22 0
38 13 0
Net_id 161
pin_num 2
20 36 0
8 50 0
Net_id 162
pin_num 2
14 38 0
9 49 0
