Width 60
Height 60
Layer 6
Total_WL 7095
Obstacle_num 144
6 10 0 9 11 0
44 5 0 51 6 0
51 49 0 59 50 0
49 54 0 57 55 0
26 21 0 35 22 0
13 6 0 17 7 0
0 28 0 10 29 0
0 2 0 4 3 0
25 45 0 30 46 0
33 0 0 43 1 0
36 48 0 41 49 0
33 50 0 38 51 0
15 14 0 18 15 0
29 31 0 38 32 0
23 20 0 32 21 0
3 20 0 7 21 0
39 3 0 42 4 0
37 56 0 47 57 0
35 24 0 40 25 0
32 19 0 39 20 0
52 10 0 59 11 0
28 46 0 31 47 0
4 14 0 14 15 0
55 9 0 59 10 0
44 20 1 45 28 1
3 30 1 4 37 1
18 12 1 19 15 1
42 20 1 43 29 1
55 8 1 56 17 1
6 55 1 7 58 1
4 16 1 5 19 1
21 3 1 22 9 1
29 28 1 30 37 1
43 41 1 44 51 1
8 41 1 9 44 1
44 49 1 45 52 1
14 14 1 15 22 1
29 0 1 30 5 1
51 40 1 52 50 1
13 19 1 14 26 1
35 1 1 36 7 1
26 21 1 27 24 1
42 11 1 43 17 1
16 52 1 17 59 1
54 22 1 55 32 1
30 40 1 31 48 1
23 46 1 24 51 1
20 39 1 21 42 1
4 46 2 7 47 2
1 8 2 4 9 2
42 41 2 49 42 2
26 9 2 31 10 2
23 31 2 32 32 2
31 2 2 38 3 2
27 45 2 37 46 2
26 10 2 34 11 2
20 16 2 29 17 2
25 25 2 28 26 2
0 5 2 3 6 2
0 46 2 4 47 2
24 29 2 33 30 2
29 37 2 33 38 2
42 50 2 51 51 2
21 17 2 30 18 2
21 2 2 29 3 2
5 2 2 12 3 2
0 41 2 9 42 2
11 0 2 17 1 2
40 39 2 49 40 2
30 54 2 37 55 2
22 19 2 32 20 2
25 41 2 35 42 2
12 12 3 13 22 3
8 43 3 9 47 3
54 43 3 55 52 3
28 32 3 29 42 3
4 49 3 5 58 3
55 14 3 56 23 3
20 30 3 21 40 3
19 36 3 20 40 3
46 31 3 47 41 3
43 30 3 44 39 3
36 17 3 37 21 3
7 37 3 8 47 3
21 22 3 22 28 3
57 36 3 58 44 3
5 12 3 6 21 3
45 4 3 46 7 3
17 29 3 18 37 3
55 41 3 56 45 3
34 14 3 35 20 3
45 33 3 46 41 3
40 39 3 41 45 3
39 12 3 40 15 3
41 2 3 42 11 3
21 49 3 22 57 3
12 13 4 15 14 4
18 56 4 27 57 4
55 12 4 59 13 4
29 44 4 32 45 4
2 7 4 12 8 4
30 25 4 36 26 4
14 11 4 24 12 4
51 40 4 58 41 4
30 46 4 34 47 4
18 55 4 22 56 4
34 41 4 44 42 4
56 6 4 59 7 4
4 41 4 9 42 4
53 51 4 57 52 4
23 32 4 28 33 4
39 0 4 42 1 4
34 11 4 40 12 4
11 42 4 15 43 4
26 2 4 29 3 4
13 27 4 16 28 4
54 58 4 58 59 4
24 10 4 32 11 4
44 45 4 48 46 4
32 34 4 35 35 4
41 30 5 42 34 5
45 43 5 46 50 5
18 5 5 19 14 5
10 47 5 11 52 5
51 38 5 52 48 5
12 22 5 13 29 5
47 41 5 48 47 5
0 13 5 1 19 5
58 13 5 59 16 5
14 44 5 15 53 5
41 41 5 42 49 5
39 11 5 40 20 5
50 13 5 51 22 5
48 36 5 49 46 5
11 8 5 12 14 5
20 15 5 21 22 5
36 30 5 37 33 5
4 17 5 5 26 5
49 53 5 50 56 5
50 0 5 51 8 5
46 50 5 47 53 5
34 31 5 35 39 5
14 16 5 15 21 5
26 45 5 27 51 5
Net_num 163
Net_id 0
pin_num 5
20 49 0
17 42 0
5 43 0
12 27 0
25 59 0
Net_id 1
pin_num 5
15 58 0
10 48 0
15 46 0
24 48 0
11 25 0
Net_id 2
pin_num 5
2 1 0
0 10 0
12 5 0
19 7 0
4 0 0
Net_id 3
pin_num 5
26 27 0
21 24 0
23 1 0
26 39 0
37 30 0
Net_id 4
pin_num 5
2 11 0
13 8 0
24 4 0
3 4 0
11 21 0
Net_id 5
pin_num 5
41 41 0
35 43 0
39 59 0
47 56 0
51 41 0
Net_id 6
pin_num 5
50 49 0
45 57 0
47 38 0
44 38 0
47 27 0
Net_id 7
pin_num 5
17 20 0
7 19 0
15 25 0
2 20 0
15 3 0
Net_id 8
pin_num 5
59 44 0
55 31 0
40 33 0
59 55 0
22 31 0
Net_id 9
pin_num 5
52 27 0
57 30 0
48 18 0
48 8 0
54 9 0
Net_id 10
pin_num 5
52 50 0
50 52 0
58 54 0
38 51 0
59 40 0
Net_id 11
pin_num 5
38 40 0
47 35 0
39 46 0
45 25 0
27 38 0
Net_id 12
pin_num 5
53 48 0
42 46 0
49 26 0
41 48 0
59 25 0
Net_id 13
pin_num 5
7 47 0
16 44 0
13 40 0
3 47 0
13 55 0
Net_id 14
pin_num 5
59 6 0
54 6 0
53 0 0
57 24 0
46 7 0
Net_id 15
pin_num 5
25 12 0
12 6 0
17 6 0
17 15 0
24 14 0
Net_id 16
pin_num 5
19 36 0
9 36 0
17 26 0
20 33 0
17 19 0
Net_id 17
pin_num 5
1 59 0
6 54 0
4 36 0
0 35 0
0 48 0
Net_id 18
pin_num 5
57 44 0
48 44 0
53 25 0
56 34 0
52 33 0
Net_id 19
pin_num 5
31 51 0
22 51 0
29 59 0
24 58 0
14 54 0
Net_id 20
pin_num 4
39 9 0
46 4 0
42 19 0
52 0 0
Net_id 21
pin_num 4
41 23 0
56 28 0
51 34 0
59 31 0
Net_id 22
pin_num 4
14 42 0
20 44 0
19 56 0
2 47 0
Net_id 23
pin_num 4
17 59 0
26 52 0
40 52 0
48 59 0
Net_id 24
pin_num 4
48 26 0
36 17 0
28 23 0
27 18 0
Net_id 25
pin_num 4
12 56 0
18 52 0
17 39 0
10 41 0
Net_id 26
pin_num 4
33 2 0
45 8 0
43 4 0
36 8 0
Net_id 27
pin_num 4
48 10 0
43 17 0
47 18 0
49 9 0
Net_id 28
pin_num 4
17 27 0
28 22 0
20 19 0
27 24 0
Net_id 29
pin_num 4
17 58 0
24 49 0
30 56 0
30 59 0
Net_id 30
pin_num 4
54 47 0
58 36 0
49 57 0
57 54 0
Net_id 31
pin_num 4
46 33 0
55 25 0
57 45 0
36 27 0
Net_id 32
pin_num 4
32 3 0
19 3 0
20 18 0
16 16 0
Net_id 33
pin_num 4
50 47 0
42 47 0
45 39 0
40 43 0
Net_id 34
pin_num 4
2 25 0
2 29 0
1 43 0
20 34 0
Net_id 35
pin_num 4
30 45 0
33 28 0
31 22 0
16 30 0
Net_id 36
pin_num 4
39 7 0
32 13 0
34 26 0
13 17 0
Net_id 37
pin_num 4
39 18 0
43 13 0
23 29 0
32 53 0
Net_id 38
pin_num 4
23 31 0
36 29 0
25 47 0
39 37 0
Net_id 39
pin_num 4
10 25 0
1 36 0
10 35 0
28 28 0
Net_id 40
pin_num 4
26 44 0
21 45 0
25 48 0
25 50 0
Net_id 41
pin_num 4
6 41 0
1 50 0
4 27 0
20 47 0
Net_id 42
pin_num 3
43 29 0
58 35 0
52 58 0
Net_id 43
pin_num 3
12 51 0
5 50 0
1 45 0
Net_id 44
pin_num 3
37 57 0
42 36 0
57 53 0
Net_id 45
pin_num 3
28 47 0
25 52 0
24 42 0
Net_id 46
pin_num 3
9 8 0
18 2 0
0 11 0
Net_id 47
pin_num 3
7 12 0
14 5 0
16 18 0
Net_id 48
pin_num 3
9 12 0
21 9 0
9 24 0
Net_id 49
pin_num 3
44 27 0
51 53 0
54 58 0
Net_id 50
pin_num 3
55 13 0
41 16 0
50 38 0
Net_id 51
pin_num 3
31 6 0
37 5 0
17 0 0
Net_id 52
pin_num 3
26 14 0
10 3 0
0 12 0
Net_id 53
pin_num 3
8 31 0
4 32 0
0 27 0
Net_id 54
pin_num 3
4 45 0
5 45 0
3 40 0
Net_id 55
pin_num 3
44 12 0
39 4 0
58 4 0
Net_id 56
pin_num 3
44 33 0
38 25 0
41 20 0
Net_id 57
pin_num 3
10 56 0
11 50 0
8 59 0
Net_id 58
pin_num 3
12 58 0
9 57 0
5 49 0
Net_id 59
pin_num 3
43 38 0
26 18 0
31 58 0
Net_id 60
pin_num 3
14 32 0
7 48 0
27 22 0
Net_id 61
pin_num 3
9 38 0
2 51 0
6 29 0
Net_id 62
pin_num 3
4 1 0
0 0 0
1 9 0
Net_id 63
pin_num 3
48 38 0
40 23 0
37 10 0
Net_id 64
pin_num 3
36 42 0
29 50 0
27 59 0
Net_id 65
pin_num 3
52 46 0
51 39 0
48 49 0
Net_id 66
pin_num 3
38 6 0
58 19 0
51 11 0
Net_id 67
pin_num 3
10 29 0
2 38 0
3 55 0
Net_id 68
pin_num 3
16 40 0
13 56 0
11 59 0
Net_id 69
pin_num 3
18 14 0
27 32 0
18 44 0
Net_id 70
pin_num 3
51 24 0
43 24 0
52 59 0
Net_id 71
pin_num 3
53 18 0
56 29 0
42 7 0
Net_id 72
pin_num 3
46 13 0
51 20 0
58 37 0
Net_id 73
pin_num 3
50 20 0
31 13 0
39 30 0
Net_id 74
pin_num 3
8 1 0
8 15 0
32 7 0
Net_id 75
pin_num 3
27 15 0
40 30 0
33 4 0
Net_id 76
pin_num 3
20 2 0
26 2 0
39 1 0
Net_id 77
pin_num 3
10 57 0
19 57 0
6 52 0
Net_id 78
pin_num 3
49 32 0
57 33 0
55 59 0
Net_id 79
pin_num 3
57 29 0
50 23 0
32 38 0
Net_id 80
pin_num 3
43 18 0
48 28 0
15 26 0
Net_id 81
pin_num 2
8 40 0
5 37 0
Net_id 82
pin_num 2
13 29 0
24 15 0
Net_id 83
pin_num 2
14 23 0
8 23 0
Net_id 84
pin_num 2
47 53 0
50 53 0
Net_id 85
pin_num 2
1 52 0
13 58 0
Net_id 86
pin_num 2
53 40 0
30 28 0
Net_id 87
pin_num 2
5 48 0
8 33 0
Net_id 88
pin_num 2
47 31 0
53 31 0
Net_id 89
pin_num 2
26 7 0
30 0 0
Net_id 90
pin_num 2
44 58 0
48 58 0
Net_id 91
pin_num 2
59 52 0
42 34 0
Net_id 92
pin_num 2
41 59 0
58 41 0
Net_id 93
pin_num 2
14 49 0
12 52 0
Net_id 94
pin_num 2
18 55 0
26 53 0
Net_id 95
pin_num 2
11 19 0
30 25 0
Net_id 96
pin_num 2
14 24 0
0 14 0
Net_id 97
pin_num 2
52 2 0
45 3 0
Net_id 98
pin_num 2
21 47 0
2 54 0
Net_id 99
pin_num 2
38 42 0
40 55 0
Net_id 100
pin_num 2
55 16 0
49 16 0
Net_id 101
pin_num 2
49 1 0
33 12 0
Net_id 102
pin_num 2
52 22 0
50 34 0
Net_id 103
pin_num 2
49 17 0
47 23 0
Net_id 104
pin_num 2
15 47 0
21 40 0
Net_id 105
pin_num 2
22 19 0
25 21 0
Net_id 106
pin_num 2
55 40 0
45 7 0
Net_id 107
pin_num 2
42 39 0
50 45 0
Net_id 108
pin_num 2
41 4 0
54 11 0
Net_id 109
pin_num 2
28 11 0
11 11 0
Net_id 110
pin_num 2
13 15 0
32 26 0
Net_id 111
pin_num 2
33 59 0
40 45 0
Net_id 112
pin_num 2
41 11 0
24 21 0
Net_id 113
pin_num 2
37 36 0
29 27 0
Net_id 114
pin_num 2
59 2 0
54 2 0
Net_id 115
pin_num 2
36 54 0
20 53 0
Net_id 116
pin_num 2
42 27 0
23 34 0
Net_id 117
pin_num 2
26 4 0
25 1 0
Net_id 118
pin_num 2
13 1 0
28 25 0
Net_id 119
pin_num 2
12 2 0
9 13 0
Net_id 120
pin_num 2
44 31 0
36 28 0
Net_id 121
pin_num 2
33 1 0
43 11 0
Net_id 122
pin_num 2
24 29 0
21 22 0
Net_id 123
pin_num 2
14 58 0
1 33 0
Net_id 124
pin_num 2
39 20 0
21 46 0
Net_id 125
pin_num 2
52 47 0
53 22 0
Net_id 126
pin_num 2
5 24 0
12 15 0
Net_id 127
pin_num 2
2 36 0
5 36 0
Net_id 128
pin_num 2
11 35 0
30 18 0
Net_id 129
pin_num 2
7 37 0
29 26 0
Net_id 130
pin_num 2
43 37 0
16 59 0
Net_id 131
pin_num 2
55 17 0
37 28 0
Net_id 132
pin_num 2
45 51 0
21 44 0
Net_id 133
pin_num 2
25 43 0
19 42 0
Net_id 134
pin_num 2
7 32 0
9 34 0
Net_id 135
pin_num 2
4 12 0
5 29 0
Net_id 136
pin_num 2
33 51 0
58 18 0
Net_id 137
pin_num 2
15 43 0
5 33 0
Net_id 138
pin_num 2
10 39 0
22 25 0
Net_id 139
pin_num 2
48 21 0
43 21 0
Net_id 140
pin_num 2
41 53 0
34 56 0
Net_id 141
pin_num 2
43 36 0
48 35 0
Net_id 142
pin_num 2
22 50 0
8 36 0
Net_id 143
pin_num 2
11 40 0
19 35 0
Net_id 144
pin_num 2
24 55 0
26 55 0
Net_id 145
pin_num 2
56 37 0
30 58 0
Net_id 146
pin_num 2
19 52 0
8 55 0
Net_id 147
pin_num 2
5 22 0
22 34 0
Net_id 148
pin_num 2
43 42 0
26 58 0
Net_id 149
pin_num 2
44 19 0
35 32 0
Net_id 150
pin_num 2
7 27 0
21 29 0
Net_id 151
pin_num 2
34 44 0
24 18 0
Net_id 152
pin_num 2
26 56 0
31 50 0
Net_id 153
pin_num 2
10 17 0
31 48 0
Net_id 154
pin_num 2
15 19 0
29 11 0
Net_id 155
pin_num 2
53 58 0
59 59 0
Net_id 156
pin_num 2
30 55 0
41 37 0
Net_id 157
pin_num 2
37 34 0
20 45 0
Net_id 158
pin_num 2
46 32 0
39 34 0
Net_id 159
pin_num 2
24 57 0
36 52 0
Net_id 160
pin_num 2
47 8 0
52 1 0
Net_id 161
pin_num 2
24 35 0
52 19 0
Net_id 162
pin_num 2
56 41 0
40 24 0
