Width 60
Height 60
Layer 6
Total_WL 6771
Obstacle_num 144
15 6 0 22 7 0
54 47 0 59 48 0
48 58 0 55 59 0
17 23 0 23 24 0
48 23 0 53 24 0
46 39 0 56 40 0
3 12 0 7 13 0
14 20 0 24 21 0
53 26 0 59 27 0
43 47 0 53 48 0
48 38 0 53 39 0
20 16 0 23 17 0
4 24 0 12 25 0
4 46 0 8 47 0
47 1 0 54 2 0
52 32 0 55 33 0
43 3 0 48 4 0
7 25 0 10 26 0
25 29 0 35 30 0
42 31 0 45 32 0
15 39 0 22 40 0
19 2 0 25 3 0
6 10 0 13 11 0
3 43 0 13 44 0
15 41 1 16 47 1
52 22 1 53 26 1
2 39 1 3 49 1
1 25 1 2 32 1
53 28 1 54 34 1
2 17 1 3 27 1
25 53 1 26 57 1
51 33 1 52 43 1
58 3 1 59 6 1
10 20 1 11 23 1
58 48 1 59 56 1
50 44 1 51 54 1
37 51 1 38 57 1
45 17 1 46 21 1
25 1 1 26 8 1
21 9 1 22 15 1
37 25 1 38 31 1
23 30 1 24 33 1
10 49 1 11 58 1
10 38 1 11 48 1
57 49 1 58 59 1
45 25 1 46 32 1
44 36 1 45 39 1
42 43 1 43 52 1
8 40 2 13 41 2
5 39 2 10 40 2
46 53 2 56 54 2
23 38 2 27 39 2
28 30 2 35 31 2
4 52 2 13 53 2
33 13 2 37 14 2
1 50 2 8 51 2
16 47 2 22 48 2
3 20 2 8 21 2
25 54 2 28 55 2
38 26 2 45 27 2
50 39 2 55 40 2
14 0 2 20 1 2
44 44 2 52 45 2
28 40 2 38 41 2
17 58 2 27 59 2
52 2 2 56 3 2
3 37 2 8 38 2
41 27 2 47 28 2
14 46 2 20 47 2
27 48 2 30 49 2
23 24 2 33 25 2
46 22 2 52 23 2
43 42 3 44 47 3
5 20 3 6 23 3
8 20 3 9 30 3
45 21 3 46 25 3
32 25 3 33 28 3
2 23 3 3 26 3
45 39 3 46 48 3
14 36 3 15 41 3
51 51 3 52 54 3
35 11 3 36 20 3
35 26 3 36 34 3
20 27 3 21 34 3
13 24 3 14 29 3
36 45 3 37 51 3
53 14 3 54 19 3
20 53 3 21 59 3
34 44 3 35 48 3
25 20 3 26 23 3
19 36 3 20 44 3
12 2 3 13 8 3
12 34 3 13 40 3
55 4 3 56 13 3
29 34 3 30 43 3
23 28 3 24 38 3
49 48 4 57 49 4
42 53 4 49 54 4
10 48 4 14 49 4
25 36 4 28 37 4
14 14 4 20 15 4
15 1 4 25 2 4
43 56 4 51 57 4
44 4 4 54 5 4
48 33 4 53 34 4
32 29 4 42 30 4
12 5 4 16 6 4
4 20 4 11 21 4
15 0 4 21 1 4
21 52 4 26 53 4
53 3 4 57 4 4
34 41 4 38 42 4
26 39 4 35 40 4
23 19 4 29 20 4
6 14 4 9 15 4
41 51 4 45 52 4
11 42 4 21 43 4
1 3 4 5 4 4
20 53 4 26 54 4
34 33 4 43 34 4
25 10 5 26 13 5
38 11 5 39 17 5
12 20 5 13 25 5
27 0 5 28 6 5
13 1 5 14 9 5
33 40 5 34 49 5
26 7 5 27 14 5
2 19 5 3 29 5
29 46 5 30 52 5
11 21 5 12 24 5
52 49 5 53 54 5
58 2 5 59 12 5
51 6 5 52 13 5
8 9 5 9 16 5
39 16 5 40 20 5
35 45 5 36 50 5
57 18 5 58 28 5
4 14 5 5 17 5
54 46 5 55 50 5
43 23 5 44 32 5
3 50 5 4 58 5
53 47 5 54 57 5
55 43 5 56 52 5
16 1 5 17 9 5
Net_num 160
Net_id 0
pin_num 5
1 22 0
0 30 0
11 26 0
16 29 0
3 21 0
Net_id 1
pin_num 5
43 48 0
37 45 0
54 46 0
40 32 0
37 38 0
Net_id 2
pin_num 5
9 56 0
3 59 0
3 42 0
26 48 0
13 53 0
Net_id 3
pin_num 5
53 33 0
57 33 0
56 41 0
38 33 0
59 45 0
Net_id 4
pin_num 5
30 25 0
33 19 0
43 19 0
15 23 0
25 33 0
Net_id 5
pin_num 5
47 13 0
52 17 0
52 0 0
59 11 0
45 14 0
Net_id 6
pin_num 5
39 10 0
30 13 0
25 24 0
12 17 0
26 27 0
Net_id 7
pin_num 5
49 20 0
58 27 0
50 24 0
59 27 0
55 6 0
Net_id 8
pin_num 5
0 53 0
2 56 0
2 52 0
23 55 0
18 55 0
Net_id 9
pin_num 5
8 56 0
4 56 0
7 34 0
8 46 0
5 59 0
Net_id 10
pin_num 5
17 47 0
32 38 0
30 42 0
36 47 0
29 42 0
Net_id 11
pin_num 5
51 37 0
48 36 0
48 59 0
59 53 0
55 37 0
Net_id 12
pin_num 5
19 4 0
28 2 0
10 0 0
11 7 0
11 19 0
Net_id 13
pin_num 5
59 4 0
49 7 0
49 24 0
40 6 0
51 27 0
Net_id 14
pin_num 5
0 3 0
9 11 0
4 6 0
8 18 0
19 8 0
Net_id 15
pin_num 5
4 16 0
13 10 0
4 8 0
0 8 0
20 15 0
Net_id 16
pin_num 5
29 34 0
34 26 0
33 40 0
25 28 0
13 26 0
Net_id 17
pin_num 5
32 57 0
37 48 0
26 52 0
34 35 0
45 56 0
Net_id 18
pin_num 5
54 3 0
58 3 0
59 6 0
59 7 0
55 2 0
Net_id 19
pin_num 4
4 17 0
7 16 0
8 0 0
25 14 0
Net_id 20
pin_num 4
47 28 0
41 31 0
42 4 0
56 18 0
Net_id 21
pin_num 4
43 18 0
56 16 0
54 31 0
32 28 0
Net_id 22
pin_num 4
28 14 0
23 1 0
14 5 0
26 2 0
Net_id 23
pin_num 4
43 12 0
34 4 0
40 25 0
58 14 0
Net_id 24
pin_num 4
45 11 0
37 7 0
14 7 0
20 11 0
Net_id 25
pin_num 4
53 22 0
59 34 0
59 28 0
43 29 0
Net_id 26
pin_num 4
25 20 0
29 33 0
28 44 0
27 12 0
Net_id 27
pin_num 4
35 23 0
46 30 0
23 19 0
34 32 0
Net_id 28
pin_num 4
41 16 0
28 18 0
29 13 0
4 18 0
Net_id 29
pin_num 4
42 50 0
34 54 0
47 59 0
47 58 0
Net_id 30
pin_num 4
11 20 0
13 16 0
1 21 0
5 32 0
Net_id 31
pin_num 4
15 3 0
22 15 0
22 1 0
3 15 0
Net_id 32
pin_num 4
5 47 0
11 56 0
2 57 0
0 45 0
Net_id 33
pin_num 4
17 30 0
33 30 0
18 52 0
0 35 0
Net_id 34
pin_num 4
58 33 0
54 44 0
46 42 0
53 50 0
Net_id 35
pin_num 4
44 49 0
53 38 0
58 58 0
33 55 0
Net_id 36
pin_num 4
5 28 0
2 33 0
0 19 0
0 38 0
Net_id 37
pin_num 4
0 32 0
4 33 0
4 49 0
19 41 0
Net_id 38
pin_num 4
43 49 0
33 52 0
46 59 0
43 51 0
Net_id 39
pin_num 4
34 40 0
37 43 0
31 59 0
34 50 0
Net_id 40
pin_num 3
52 26 0
42 26 0
54 43 0
Net_id 41
pin_num 3
22 28 0
16 17 0
32 46 0
Net_id 42
pin_num 3
1 37 0
16 28 0
4 21 0
Net_id 43
pin_num 3
31 25 0
46 31 0
40 20 0
Net_id 44
pin_num 3
16 4 0
17 15 0
35 0 0
Net_id 45
pin_num 3
42 10 0
54 7 0
57 28 0
Net_id 46
pin_num 3
39 1 0
15 4 0
36 18 0
Net_id 47
pin_num 3
38 32 0
41 14 0
40 55 0
Net_id 48
pin_num 3
13 27 0
16 36 0
25 27 0
Net_id 49
pin_num 3
50 56 0
57 43 0
27 45 0
Net_id 50
pin_num 3
17 50 0
0 41 0
1 49 0
Net_id 51
pin_num 3
37 14 0
37 20 0
20 32 0
Net_id 52
pin_num 3
57 56 0
42 57 0
59 39 0
Net_id 53
pin_num 3
15 41 0
27 27 0
19 17 0
Net_id 54
pin_num 3
30 57 0
20 59 0
24 49 0
Net_id 55
pin_num 3
6 30 0
0 18 0
9 0 0
Net_id 56
pin_num 3
3 19 0
14 12 0
1 6 0
Net_id 57
pin_num 3
26 33 0
38 40 0
55 28 0
Net_id 58
pin_num 3
48 43 0
43 43 0
49 50 0
Net_id 59
pin_num 3
16 7 0
29 0 0
29 6 0
Net_id 60
pin_num 3
49 6 0
39 2 0
44 29 0
Net_id 61
pin_num 3
12 23 0
7 28 0
1 45 0
Net_id 62
pin_num 3
11 27 0
0 39 0
13 38 0
Net_id 63
pin_num 3
29 1 0
35 8 0
53 7 0
Net_id 64
pin_num 3
26 22 0
3 14 0
9 13 0
Net_id 65
pin_num 3
23 33 0
12 33 0
8 57 0
Net_id 66
pin_num 3
1 1 0
22 9 0
17 3 0
Net_id 67
pin_num 3
10 11 0
21 3 0
25 9 0
Net_id 68
pin_num 3
45 41 0
58 37 0
36 35 0
Net_id 69
pin_num 3
1 5 0
11 31 0
33 24 0
Net_id 70
pin_num 3
10 51 0
15 59 0
14 17 0
Net_id 71
pin_num 3
35 31 0
41 26 0
33 9 0
Net_id 72
pin_num 3
37 5 0
58 6 0
59 38 0
Net_id 73
pin_num 3
29 16 0
7 2 0
3 1 0
Net_id 74
pin_num 3
29 55 0
23 41 0
12 57 0
Net_id 75
pin_num 3
27 15 0
46 34 0
9 23 0
Net_id 76
pin_num 3
46 37 0
52 35 0
40 59 0
Net_id 77
pin_num 3
37 51 0
32 44 0
56 53 0
Net_id 78
pin_num 3
11 54 0
0 44 0
19 49 0
Net_id 79
pin_num 3
9 31 0
1 46 0
15 51 0
Net_id 80
pin_num 2
50 3 0
56 14 0
Net_id 81
pin_num 2
22 10 0
7 7 0
Net_id 82
pin_num 2
42 8 0
33 16 0
Net_id 83
pin_num 2
24 36 0
13 44 0
Net_id 84
pin_num 2
17 42 0
32 52 0
Net_id 85
pin_num 2
49 9 0
58 19 0
Net_id 86
pin_num 2
34 45 0
29 45 0
Net_id 87
pin_num 2
23 42 0
46 48 0
Net_id 88
pin_num 2
48 24 0
37 37 0
Net_id 89
pin_num 2
35 52 0
55 55 0
Net_id 90
pin_num 2
28 11 0
41 13 0
Net_id 91
pin_num 2
25 56 0
5 45 0
Net_id 92
pin_num 2
39 45 0
30 59 0
Net_id 93
pin_num 2
52 36 0
28 17 0
Net_id 94
pin_num 2
12 30 0
17 36 0
Net_id 95
pin_num 2
21 15 0
0 40 0
Net_id 96
pin_num 2
19 34 0
1 19 0
Net_id 97
pin_num 2
29 50 0
52 44 0
Net_id 98
pin_num 2
55 19 0
18 28 0
Net_id 99
pin_num 2
2 4 0
3 18 0
Net_id 100
pin_num 2
47 36 0
40 36 0
Net_id 101
pin_num 2
11 28 0
12 26 0
Net_id 102
pin_num 2
11 40 0
15 47 0
Net_id 103
pin_num 2
37 53 0
42 55 0
Net_id 104
pin_num 2
28 41 0
44 34 0
Net_id 105
pin_num 2
3 7 0
6 8 0
Net_id 106
pin_num 2
9 50 0
1 44 0
Net_id 107
pin_num 2
31 39 0
12 45 0
Net_id 108
pin_num 2
29 59 0
19 53 0
Net_id 109
pin_num 2
15 21 0
5 18 0
Net_id 110
pin_num 2
15 52 0
26 57 0
Net_id 111
pin_num 2
50 44 0
13 31 0
Net_id 112
pin_num 2
51 25 0
54 40 0
Net_id 113
pin_num 2
55 8 0
43 9 0
Net_id 114
pin_num 2
24 21 0
53 23 0
Net_id 115
pin_num 2
30 32 0
38 42 0
Net_id 116
pin_num 2
58 20 0
39 48 0
Net_id 117
pin_num 2
10 18 0
3 2 0
Net_id 118
pin_num 2
45 40 0
43 37 0
Net_id 119
pin_num 2
5 52 0
5 58 0
Net_id 120
pin_num 2
37 2 0
41 0 0
Net_id 121
pin_num 2
29 25 0
7 23 0
Net_id 122
pin_num 2
20 37 0
11 38 0
Net_id 123
pin_num 2
49 55 0
57 48 0
Net_id 124
pin_num 2
49 42 0
52 40 0
Net_id 125
pin_num 2
23 50 0
19 59 0
Net_id 126
pin_num 2
17 9 0
24 17 0
Net_id 127
pin_num 2
45 22 0
37 22 0
Net_id 128
pin_num 2
45 46 0
40 46 0
Net_id 129
pin_num 2
23 48 0
15 40 0
Net_id 130
pin_num 2
14 31 0
24 31 0
Net_id 131
pin_num 2
58 50 0
42 58 0
Net_id 132
pin_num 2
33 27 0
43 14 0
Net_id 133
pin_num 2
37 57 0
27 53 0
Net_id 134
pin_num 2
38 3 0
47 7 0
Net_id 135
pin_num 2
33 5 0
28 12 0
Net_id 136
pin_num 2
17 29 0
24 25 0
Net_id 137
pin_num 2
8 11 0
4 5 0
Net_id 138
pin_num 2
19 43 0
25 45 0
Net_id 139
pin_num 2
5 49 0
14 49 0
Net_id 140
pin_num 2
44 15 0
47 14 0
Net_id 141
pin_num 2
42 38 0
35 36 0
Net_id 142
pin_num 2
32 19 0
12 27 0
Net_id 143
pin_num 2
57 38 0
54 57 0
Net_id 144
pin_num 2
6 4 0
11 4 0
Net_id 145
pin_num 2
16 21 0
10 19 0
Net_id 146
pin_num 2
8 38 0
8 30 0
Net_id 147
pin_num 2
15 43 0
14 3 0
Net_id 148
pin_num 2
56 23 0
47 9 0
Net_id 149
pin_num 2
59 8 0
47 0 0
Net_id 150
pin_num 2
10 55 0
9 42 0
Net_id 151
pin_num 2
32 21 0
56 15 0
Net_id 152
pin_num 2
39 54 0
42 42 0
Net_id 153
pin_num 2
52 52 0
38 44 0
Net_id 154
pin_num 2
27 4 0
53 27 0
Net_id 155
pin_num 2
34 46 0
39 47 0
Net_id 156
pin_num 2
9 16 0
12 15 0
Net_id 157
pin_num 2
22 40 0
31 28 0
Net_id 158
pin_num 2
35 50 0
47 34 0
Net_id 159
pin_num 2
46 43 0
40 41 0
