Width 60
Height 60
Layer 6
Total_WL 6743
Obstacle_num 144
26 4 0 32 5 0
12 57 0 16 58 0
35 11 0 40 12 0
24 12 0 27 13 0
13 19 0 22 20 0
4 19 0 7 20 0
48 11 0 55 12 0
47 32 0 51 33 0
48 12 0 51 13 0
8 9 0 17 10 0
15 36 0 24 37 0
33 15 0 38 16 0
22 1 0 31 2 0
33 5 0 38 6 0
17 54 0 23 55 0
12 22 0 15 23 0
47 46 0 53 47 0
40 34 0 44 35 0
1 6 0 11 7 0
41 20 0 48 21 0
0 25 0 3 26 0
51 52 0 59 53 0
7 19 0 12 20 0
11 50 0 19 51 0
48 40 1 49 43 1
35 34 1 36 42 1
37 47 1 38 50 1
56 27 1 57 33 1
19 51 1 20 58 1
35 15 1 36 19 1
42 33 1 43 36 1
37 30 1 38 37 1
52 7 1 53 14 1
27 18 1 28 24 1
43 35 1 44 39 1
51 0 1 52 6 1
16 17 1 17 23 1
27 4 1 28 11 1
40 54 1 41 57 1
21 7 1 22 12 1
30 18 1 31 23 1
3 47 1 4 54 1
17 17 1 18 21 1
32 31 1 33 34 1
38 24 1 39 29 1
19 6 1 20 14 1
0 20 1 1 24 1
20 43 1 21 52 1
7 12 2 17 13 2
40 24 2 43 25 2
55 7 2 58 8 2
41 29 2 49 30 2
49 15 2 58 16 2
29 1 2 36 2 2
18 45 2 26 46 2
19 36 2 28 37 2
13 14 2 16 15 2
40 42 2 50 43 2
8 17 2 18 18 2
6 7 2 16 8 2
52 51 2 59 52 2
47 35 2 54 36 2
51 19 2 56 20 2
30 29 2 39 30 2
8 9 2 16 10 2
34 39 2 40 40 2
51 38 2 58 39 2
10 31 2 15 32 2
36 27 2 46 28 2
6 21 2 10 22 2
0 32 2 5 33 2
29 19 2 39 20 2
45 10 3 46 14 3
3 31 3 4 38 3
54 20 3 55 30 3
4 47 3 5 53 3
7 40 3 8 49 3
50 39 3 51 43 3
47 18 3 48 21 3
56 31 3 57 38 3
37 2 3 38 9 3
35 50 3 36 57 3
19 49 3 20 55 3
58 14 3 59 20 3
18 16 3 19 23 3
19 2 3 20 12 3
37 45 3 38 49 3
42 26 3 43 35 3
39 49 3 40 54 3
8 8 3 9 12 3
38 1 3 39 11 3
34 23 3 35 33 3
38 41 3 39 45 3
29 52 3 30 55 3
52 27 3 53 33 3
57 18 3 58 26 3
41 46 4 45 47 4
31 12 4 34 13 4
32 7 4 35 8 4
27 54 4 30 55 4
19 45 4 27 46 4
31 36 4 34 37 4
36 4 4 42 5 4
18 54 4 27 55 4
45 23 4 54 24 4
39 2 4 46 3 4
38 50 4 48 51 4
0 14 4 6 15 4
27 44 4 36 45 4
21 23 4 31 24 4
33 17 4 42 18 4
52 35 4 59 36 4
23 32 4 33 33 4
10 58 4 20 59 4
16 15 4 26 16 4
37 24 4 46 25 4
38 57 4 48 58 4
22 33 4 26 34 4
20 34 4 23 35 4
38 51 4 44 52 4
51 29 5 52 37 5
8 12 5 9 16 5
30 28 5 31 37 5
57 16 5 58 20 5
19 26 5 20 32 5
26 16 5 27 21 5
37 26 5 38 35 5
36 3 5 37 13 5
2 43 5 3 46 5
16 41 5 17 49 5
4 38 5 5 42 5
40 33 5 41 43 5
50 39 5 51 46 5
46 49 5 47 59 5
39 17 5 40 27 5
3 4 5 4 12 5
33 38 5 34 44 5
13 23 5 14 33 5
27 28 5 28 38 5
30 49 5 31 56 5
41 12 5 42 17 5
48 28 5 49 38 5
45 21 5 46 29 5
7 12 5 8 16 5
Net_num 157
Net_id 0
pin_num 5
51 38 0
59 31 0
45 32 0
55 30 0
59 41 0
Net_id 1
pin_num 5
25 14 0
33 11 0
30 36 0
28 46 0
33 21 0
Net_id 2
pin_num 5
34 0 0
17 3 0
35 0 0
30 10 0
17 14 0
Net_id 3
pin_num 5
41 17 0
50 20 0
58 30 0
42 21 0
58 17 0
Net_id 4
pin_num 5
51 39 0
49 44 0
59 43 0
49 56 0
54 59 0
Net_id 5
pin_num 5
39 58 0
48 59 0
34 59 0
34 38 0
41 55 0
Net_id 6
pin_num 5
3 25 0
10 15 0
5 33 0
7 5 0
28 5 0
Net_id 7
pin_num 5
27 18 0
36 16 0
28 20 0
29 32 0
19 16 0
Net_id 8
pin_num 5
59 54 0
51 54 0
55 58 0
55 44 0
50 52 0
Net_id 9
pin_num 5
34 42 0
41 49 0
59 45 0
52 59 0
39 59 0
Net_id 10
pin_num 5
11 39 0
0 34 0
12 34 0
0 49 0
11 15 0
Net_id 11
pin_num 5
19 50 0
25 44 0
36 47 0
32 28 0
39 32 0
Net_id 12
pin_num 5
23 14 0
9 18 0
21 0 0
0 4 0
16 3 0
Net_id 13
pin_num 5
59 44 0
54 46 0
58 36 0
59 50 0
55 59 0
Net_id 14
pin_num 5
25 4 0
7 4 0
24 23 0
25 19 0
3 17 0
Net_id 15
pin_num 5
16 44 0
7 52 0
10 30 0
0 38 0
20 41 0
Net_id 16
pin_num 5
46 42 0
43 44 0
45 48 0
50 33 0
29 33 0
Net_id 17
pin_num 5
12 11 0
6 11 0
12 16 0
12 8 0
30 11 0
Net_id 18
pin_num 4
18 53 0
29 53 0
51 53 0
25 59 0
Net_id 19
pin_num 4
43 26 0
37 43 0
40 26 0
55 28 0
Net_id 20
pin_num 4
14 49 0
30 49 0
23 26 0
27 37 0
Net_id 21
pin_num 4
6 34 0
5 41 0
14 31 0
14 46 0
Net_id 22
pin_num 4
23 42 0
20 32 0
22 8 0
31 15 0
Net_id 23
pin_num 4
57 24 0
58 31 0
57 58 0
53 34 0
Net_id 24
pin_num 4
1 9 0
1 17 0
2 13 0
3 23 0
Net_id 25
pin_num 4
37 22 0
42 16 0
41 26 0
59 19 0
Net_id 26
pin_num 4
17 55 0
19 59 0
5 58 0
7 59 0
Net_id 27
pin_num 4
45 26 0
47 42 0
55 26 0
53 48 0
Net_id 28
pin_num 4
48 15 0
55 11 0
34 23 0
45 29 0
Net_id 29
pin_num 4
15 13 0
11 0 0
1 2 0
34 9 0
Net_id 30
pin_num 4
5 15 0
7 26 0
17 26 0
23 19 0
Net_id 31
pin_num 4
26 17 0
39 19 0
44 12 0
26 18 0
Net_id 32
pin_num 4
41 59 0
53 58 0
33 59 0
25 57 0
Net_id 33
pin_num 4
43 18 0
49 10 0
56 0 0
56 14 0
Net_id 34
pin_num 4
12 15 0
28 15 0
29 34 0
12 29 0
Net_id 35
pin_num 4
18 23 0
9 32 0
6 24 0
13 16 0
Net_id 36
pin_num 4
28 36 0
33 48 0
31 25 0
26 23 0
Net_id 37
pin_num 4
14 53 0
17 42 0
12 51 0
5 51 0
Net_id 38
pin_num 3
9 0 0
2 12 0
2 2 0
Net_id 39
pin_num 3
39 49 0
56 58 0
51 36 0
Net_id 40
pin_num 3
16 57 0
16 48 0
0 57 0
Net_id 41
pin_num 3
0 32 0
18 18 0
18 12 0
Net_id 42
pin_num 3
53 22 0
53 7 0
37 20 0
Net_id 43
pin_num 3
16 33 0
0 33 0
25 2 0
Net_id 44
pin_num 3
21 12 0
25 26 0
19 31 0
Net_id 45
pin_num 3
16 46 0
26 52 0
21 59 0
Net_id 46
pin_num 3
32 4 0
24 2 0
30 3 0
Net_id 47
pin_num 3
45 30 0
22 30 0
15 35 0
Net_id 48
pin_num 3
34 29 0
16 16 0
35 14 0
Net_id 49
pin_num 3
48 21 0
42 22 0
47 14 0
Net_id 50
pin_num 3
55 25 0
59 7 0
57 30 0
Net_id 51
pin_num 3
52 12 0
42 0 0
44 16 0
Net_id 52
pin_num 3
2 27 0
6 10 0
9 35 0
Net_id 53
pin_num 3
53 10 0
50 13 0
37 13 0
Net_id 54
pin_num 3
7 23 0
15 6 0
29 5 0
Net_id 55
pin_num 3
50 51 0
51 48 0
44 41 0
Net_id 56
pin_num 3
8 59 0
15 46 0
18 47 0
Net_id 57
pin_num 3
49 28 0
59 14 0
49 40 0
Net_id 58
pin_num 3
12 40 0
24 41 0
0 50 0
Net_id 59
pin_num 3
21 47 0
15 55 0
0 55 0
Net_id 60
pin_num 3
6 41 0
15 27 0
1 49 0
Net_id 61
pin_num 3
11 43 0
14 52 0
20 57 0
Net_id 62
pin_num 3
43 9 0
34 22 0
27 24 0
Net_id 63
pin_num 3
47 0 0
58 11 0
43 1 0
Net_id 64
pin_num 3
18 6 0
26 2 0
23 2 0
Net_id 65
pin_num 3
56 8 0
36 20 0
21 1 0
Net_id 66
pin_num 3
45 21 0
42 23 0
44 36 0
Net_id 67
pin_num 3
34 58 0
20 55 0
11 59 0
Net_id 68
pin_num 3
54 8 0
46 27 0
50 2 0
Net_id 69
pin_num 3
18 28 0
23 51 0
32 52 0
Net_id 70
pin_num 3
3 15 0
9 3 0
10 28 0
Net_id 71
pin_num 3
56 53 0
51 51 0
54 57 0
Net_id 72
pin_num 3
38 26 0
39 20 0
32 25 0
Net_id 73
pin_num 3
15 22 0
36 28 0
29 35 0
Net_id 74
pin_num 3
24 45 0
31 49 0
16 45 0
Net_id 75
pin_num 3
6 54 0
24 57 0
30 55 0
Net_id 76
pin_num 3
40 51 0
48 43 0
49 52 0
Net_id 77
pin_num 3
6 52 0
3 59 0
8 35 0
Net_id 78
pin_num 2
42 2 0
42 14 0
Net_id 79
pin_num 2
30 27 0
8 22 0
Net_id 80
pin_num 2
47 16 0
37 28 0
Net_id 81
pin_num 2
10 37 0
3 13 0
Net_id 82
pin_num 2
15 0 0
25 20 0
Net_id 83
pin_num 2
36 0 0
56 9 0
Net_id 84
pin_num 2
33 47 0
38 56 0
Net_id 85
pin_num 2
36 27 0
27 32 0
Net_id 86
pin_num 2
25 37 0
27 31 0
Net_id 87
pin_num 2
11 52 0
4 43 0
Net_id 88
pin_num 2
46 6 0
30 6 0
Net_id 89
pin_num 2
57 0 0
59 5 0
Net_id 90
pin_num 2
13 5 0
8 7 0
Net_id 91
pin_num 2
34 18 0
33 14 0
Net_id 92
pin_num 2
18 51 0
38 35 0
Net_id 93
pin_num 2
57 38 0
54 29 0
Net_id 94
pin_num 2
21 5 0
4 1 0
Net_id 95
pin_num 2
5 54 0
1 53 0
Net_id 96
pin_num 2
19 37 0
6 31 0
Net_id 97
pin_num 2
14 40 0
0 31 0
Net_id 98
pin_num 2
31 10 0
46 30 0
Net_id 99
pin_num 2
19 28 0
33 34 0
Net_id 100
pin_num 2
23 8 0
39 1 0
Net_id 101
pin_num 2
2 42 0
12 45 0
Net_id 102
pin_num 2
28 6 0
36 26 0
Net_id 103
pin_num 2
43 41 0
19 43 0
Net_id 104
pin_num 2
7 9 0
4 15 0
Net_id 105
pin_num 2
7 29 0
20 37 0
Net_id 106
pin_num 2
37 12 0
46 16 0
Net_id 107
pin_num 2
24 42 0
37 52 0
Net_id 108
pin_num 2
41 29 0
36 29 0
Net_id 109
pin_num 2
43 52 0
38 55 0
Net_id 110
pin_num 2
29 46 0
46 41 0
Net_id 111
pin_num 2
48 57 0
58 51 0
Net_id 112
pin_num 2
38 18 0
47 3 0
Net_id 113
pin_num 2
1 14 0
13 6 0
Net_id 114
pin_num 2
3 51 0
1 48 0
Net_id 115
pin_num 2
35 36 0
42 42 0
Net_id 116
pin_num 2
3 18 0
26 22 0
Net_id 117
pin_num 2
42 55 0
45 58 0
Net_id 118
pin_num 2
15 7 0
15 20 0
Net_id 119
pin_num 2
4 21 0
30 7 0
Net_id 120
pin_num 2
58 28 0
53 1 0
Net_id 121
pin_num 2
46 2 0
57 2 0
Net_id 122
pin_num 2
42 39 0
25 24 0
Net_id 123
pin_num 2
43 10 0
37 10 0
Net_id 124
pin_num 2
38 58 0
26 53 0
Net_id 125
pin_num 2
42 50 0
27 48 0
Net_id 126
pin_num 2
10 32 0
19 33 0
Net_id 127
pin_num 2
54 5 0
44 7 0
Net_id 128
pin_num 2
21 25 0
9 43 0
Net_id 129
pin_num 2
9 42 0
4 37 0
Net_id 130
pin_num 2
9 26 0
26 13 0
Net_id 131
pin_num 2
49 45 0
54 53 0
Net_id 132
pin_num 2
10 1 0
3 10 0
Net_id 133
pin_num 2
0 11 0
21 24 0
Net_id 134
pin_num 2
36 44 0
57 56 0
Net_id 135
pin_num 2
14 14 0
4 2 0
Net_id 136
pin_num 2
7 20 0
8 2 0
Net_id 137
pin_num 2
19 8 0
31 6 0
Net_id 138
pin_num 2
8 53 0
9 56 0
Net_id 139
pin_num 2
3 30 0
6 13 0
Net_id 140
pin_num 2
57 11 0
57 3 0
Net_id 141
pin_num 2
9 25 0
35 13 0
Net_id 142
pin_num 2
55 31 0
46 35 0
Net_id 143
pin_num 2
14 29 0
19 42 0
Net_id 144
pin_num 2
37 26 0
45 52 0
Net_id 145
pin_num 2
9 22 0
31 3 0
Net_id 146
pin_num 2
21 2 0
9 10 0
Net_id 147
pin_num 2
7 51 0
17 39 0
Net_id 148
pin_num 2
15 28 0
6 23 0
Net_id 149
pin_num 2
7 48 0
15 48 0
Net_id 150
pin_num 2
2 41 0
19 34 0
Net_id 151
pin_num 2
5 48 0
4 56 0
Net_id 152
pin_num 2
32 37 0
22 44 0
Net_id 153
pin_num 2
52 5 0
51 13 0
Net_id 154
pin_num 2
4 51 0
13 38 0
Net_id 155
pin_num 2
20 29 0
16 34 0
Net_id 156
pin_num 2
31 45 0
55 37 0
