Width 60
Height 60
Layer 6
Total_WL 6969
Obstacle_num 144
8 10 0 14 11 0
38 57 0 47 58 0
40 19 0 45 20 0
34 0 0 41 1 0
40 38 0 46 39 0
24 41 0 32 42 0
0 57 0 10 58 0
19 37 0 28 38 0
17 26 0 24 27 0
6 47 0 16 48 0
1 56 0 4 57 0
45 48 0 55 49 0
18 54 0 27 55 0
33 56 0 43 57 0
21 28 0 27 29 0
15 40 0 24 41 0
27 31 0 31 32 0
45 31 0 55 32 0
33 17 0 41 18 0
1 7 0 5 8 0
51 20 0 55 21 0
40 11 0 47 12 0
20 8 0 26 9 0
21 31 0 27 32 0
20 8 1 21 16 1
11 51 1 12 54 1
40 37 1 41 47 1
17 7 1 18 13 1
2 16 1 3 25 1
47 2 1 48 5 1
7 33 1 8 37 1
24 2 1 25 8 1
43 0 1 44 7 1
48 35 1 49 44 1
31 25 1 32 31 1
49 42 1 50 46 1
55 28 1 56 35 1
49 15 1 50 24 1
46 20 1 47 30 1
20 35 1 21 39 1
36 41 1 37 50 1
52 1 1 53 11 1
24 18 1 25 21 1
25 5 1 26 8 1
54 33 1 55 41 1
42 37 1 43 40 1
35 48 1 36 55 1
13 41 1 14 46 1
2 52 2 5 53 2
47 11 2 56 12 2
51 16 2 54 17 2
3 7 2 6 8 2
2 23 2 11 24 2
0 31 2 6 32 2
37 45 2 44 46 2
42 23 2 47 24 2
7 16 2 14 17 2
38 52 2 42 53 2
21 51 2 24 52 2
26 41 2 34 42 2
19 55 2 26 56 2
2 50 2 10 51 2
10 38 2 14 39 2
20 25 2 25 26 2
28 11 2 37 12 2
14 47 2 23 48 2
40 44 2 47 45 2
8 14 2 16 15 2
52 48 2 57 49 2
16 33 2 24 34 2
4 10 2 9 11 2
47 23 2 54 24 2
28 36 3 29 44 3
0 41 3 1 48 3
10 51 3 11 55 3
53 30 3 54 39 3
8 11 3 9 17 3
22 2 3 23 9 3
5 14 3 6 23 3
33 30 3 34 37 3
43 15 3 44 22 3
50 0 3 51 8 3
49 40 3 50 49 3
9 31 3 10 41 3
3 3 3 4 7 3
55 49 3 56 57 3
36 28 3 37 31 3
47 17 3 48 25 3
26 25 3 27 30 3
44 44 3 45 51 3
43 1 3 44 7 3
58 41 3 59 50 3
46 53 3 47 56 3
31 20 3 32 30 3
34 41 3 35 50 3
38 31 3 39 36 3
5 58 4 10 59 4
12 1 4 19 2 4
48 6 4 57 7 4
29 11 4 37 12 4
3 49 4 9 50 4
13 55 4 16 56 4
32 0 4 40 1 4
4 56 4 13 57 4
32 44 4 37 45 4
14 42 4 22 43 4
31 46 4 34 47 4
34 36 4 39 37 4
19 43 4 23 44 4
14 33 4 24 34 4
49 26 4 59 27 4
3 9 4 13 10 4
12 52 4 15 53 4
3 39 4 12 40 4
6 1 4 9 2 4
16 15 4 25 16 4
47 36 4 52 37 4
18 37 4 21 38 4
14 51 4 21 52 4
36 9 4 43 10 4
19 23 5 20 28 5
35 49 5 36 59 5
12 42 5 13 49 5
51 40 5 52 45 5
14 47 5 15 52 5
2 48 5 3 54 5
16 37 5 17 46 5
25 17 5 26 24 5
22 3 5 23 12 5
21 7 5 22 17 5
42 2 5 43 6 5
36 27 5 37 34 5
54 13 5 55 20 5
27 6 5 28 15 5
15 44 5 16 54 5
30 35 5 31 39 5
24 42 5 25 49 5
17 36 5 18 45 5
29 23 5 30 32 5
42 17 5 43 26 5
39 51 5 40 59 5
45 23 5 46 26 5
52 6 5 53 10 5
40 4 5 41 7 5
Net_num 159
Net_id 0
pin_num 5
31 5 0
23 5 0
27 23 0
10 21 0
12 13 0
Net_id 1
pin_num 5
54 41 0
59 29 0
43 29 0
56 35 0
57 37 0
Net_id 2
pin_num 5
45 27 0
43 30 0
59 27 0
32 28 0
48 22 0
Net_id 3
pin_num 5
12 16 0
4 14 0
34 15 0
30 3 0
47 13 0
Net_id 4
pin_num 5
55 49 0
51 45 0
59 31 0
36 43 0
58 59 0
Net_id 5
pin_num 5
55 25 0
46 19 0
50 11 0
57 26 0
58 28 0
Net_id 6
pin_num 5
26 0 0
17 6 0
41 5 0
16 0 0
15 5 0
Net_id 7
pin_num 5
37 12 0
43 22 0
48 14 0
59 20 0
43 46 0
Net_id 8
pin_num 5
40 50 0
26 50 0
24 59 0
34 55 0
27 58 0
Net_id 9
pin_num 5
7 6 0
13 5 0
6 0 0
3 0 0
2 8 0
Net_id 10
pin_num 5
29 3 0
14 0 0
31 3 0
15 3 0
30 0 0
Net_id 11
pin_num 5
54 13 0
57 24 0
48 15 0
55 26 0
59 47 0
Net_id 12
pin_num 5
32 43 0
27 40 0
37 49 0
24 45 0
44 49 0
Net_id 13
pin_num 5
12 43 0
21 47 0
23 57 0
14 20 0
46 58 0
Net_id 14
pin_num 5
36 22 0
40 20 0
40 2 0
56 20 0
33 36 0
Net_id 15
pin_num 5
36 24 0
25 17 0
48 24 0
27 35 0
45 2 0
Net_id 16
pin_num 5
29 33 0
34 33 0
38 33 0
36 37 0
28 16 0
Net_id 17
pin_num 5
58 48 0
52 57 0
42 55 0
57 31 0
53 49 0
Net_id 18
pin_num 5
26 9 0
41 9 0
29 19 0
29 42 0
36 25 0
Net_id 19
pin_num 5
24 43 0
27 42 0
25 30 0
25 53 0
32 37 0
Net_id 20
pin_num 4
11 8 0
9 12 0
14 10 0
9 26 0
Net_id 21
pin_num 4
16 15 0
19 6 0
0 19 0
18 1 0
Net_id 22
pin_num 4
35 54 0
21 58 0
24 39 0
24 40 0
Net_id 23
pin_num 4
29 39 0
24 33 0
44 39 0
37 30 0
Net_id 24
pin_num 4
33 48 0
35 39 0
42 48 0
51 44 0
Net_id 25
pin_num 4
35 1 0
46 6 0
53 0 0
41 18 0
Net_id 26
pin_num 4
46 41 0
53 39 0
53 17 0
58 12 0
Net_id 27
pin_num 4
11 42 0
5 34 0
0 32 0
21 27 0
Net_id 28
pin_num 4
19 50 0
26 53 0
19 59 0
41 53 0
Net_id 29
pin_num 4
34 52 0
42 53 0
17 52 0
39 42 0
Net_id 30
pin_num 4
25 40 0
27 26 0
32 36 0
28 32 0
Net_id 31
pin_num 4
32 55 0
19 58 0
19 34 0
10 49 0
Net_id 32
pin_num 4
8 38 0
7 41 0
22 39 0
13 20 0
Net_id 33
pin_num 4
21 53 0
18 57 0
36 54 0
35 38 0
Net_id 34
pin_num 4
5 23 0
1 43 0
0 27 0
3 48 0
Net_id 35
pin_num 4
25 29 0
41 32 0
37 46 0
38 7 0
Net_id 36
pin_num 4
10 57 0
15 54 0
4 55 0
19 44 0
Net_id 37
pin_num 4
58 39 0
50 49 0
57 30 0
31 56 0
Net_id 38
pin_num 3
47 38 0
56 44 0
58 11 0
Net_id 39
pin_num 3
44 25 0
39 12 0
26 12 0
Net_id 40
pin_num 3
7 46 0
11 48 0
44 48 0
Net_id 41
pin_num 3
59 8 0
33 3 0
48 0 0
Net_id 42
pin_num 3
36 32 0
41 7 0
58 1 0
Net_id 43
pin_num 3
14 49 0
29 57 0
1 59 0
Net_id 44
pin_num 3
38 58 0
59 56 0
26 51 0
Net_id 45
pin_num 3
55 17 0
35 24 0
57 56 0
Net_id 46
pin_num 3
16 57 0
5 48 0
20 44 0
Net_id 47
pin_num 3
7 54 0
2 58 0
10 58 0
Net_id 48
pin_num 3
14 32 0
11 31 0
26 42 0
Net_id 49
pin_num 3
45 35 0
56 52 0
54 59 0
Net_id 50
pin_num 3
39 4 0
32 7 0
28 26 0
Net_id 51
pin_num 3
38 42 0
31 40 0
31 51 0
Net_id 52
pin_num 3
1 58 0
18 43 0
4 56 0
Net_id 53
pin_num 3
23 15 0
15 8 0
49 4 0
Net_id 54
pin_num 3
46 23 0
41 35 0
18 36 0
Net_id 55
pin_num 3
13 45 0
20 45 0
0 53 0
Net_id 56
pin_num 3
39 5 0
33 5 0
45 1 0
Net_id 57
pin_num 3
24 7 0
6 7 0
4 0 0
Net_id 58
pin_num 3
46 8 0
39 8 0
59 9 0
Net_id 59
pin_num 3
22 22 0
36 10 0
18 18 0
Net_id 60
pin_num 3
51 54 0
48 57 0
59 48 0
Net_id 61
pin_num 3
46 54 0
17 56 0
36 15 0
Net_id 62
pin_num 3
40 15 0
34 1 0
18 16 0
Net_id 63
pin_num 3
30 26 0
44 34 0
25 14 0
Net_id 64
pin_num 3
9 31 0
2 36 0
17 25 0
Net_id 65
pin_num 3
41 3 0
33 2 0
26 16 0
Net_id 66
pin_num 3
16 31 0
30 40 0
17 42 0
Net_id 67
pin_num 3
19 16 0
36 6 0
19 17 0
Net_id 68
pin_num 3
13 37 0
6 40 0
29 46 0
Net_id 69
pin_num 3
2 53 0
21 45 0
16 38 0
Net_id 70
pin_num 3
58 53 0
51 51 0
43 51 0
Net_id 71
pin_num 3
33 46 0
29 51 0
42 50 0
Net_id 72
pin_num 3
23 46 0
14 48 0
0 51 0
Net_id 73
pin_num 3
12 26 0
1 17 0
12 17 0
Net_id 74
pin_num 3
50 35 0
54 52 0
33 37 0
Net_id 75
pin_num 3
17 17 0
12 2 0
16 34 0
Net_id 76
pin_num 3
6 52 0
30 57 0
38 41 0
Net_id 77
pin_num 3
27 13 0
15 6 0
33 0 0
Net_id 78
pin_num 2
16 49 0
36 40 0
Net_id 79
pin_num 2
54 19 0
56 47 0
Net_id 80
pin_num 2
14 35 0
18 30 0
Net_id 81
pin_num 2
13 11 0
13 16 0
Net_id 82
pin_num 2
45 25 0
57 20 0
Net_id 83
pin_num 2
41 45 0
36 45 0
Net_id 84
pin_num 2
18 37 0
13 23 0
Net_id 85
pin_num 2
37 23 0
42 20 0
Net_id 86
pin_num 2
16 24 0
28 13 0
Net_id 87
pin_num 2
20 33 0
18 19 0
Net_id 88
pin_num 2
16 59 0
37 47 0
Net_id 89
pin_num 2
49 20 0
34 21 0
Net_id 90
pin_num 2
12 23 0
1 40 0
Net_id 91
pin_num 2
13 38 0
12 51 0
Net_id 92
pin_num 2
59 11 0
52 27 0
Net_id 93
pin_num 2
55 30 0
28 20 0
Net_id 94
pin_num 2
22 58 0
27 44 0
Net_id 95
pin_num 2
39 22 0
34 10 0
Net_id 96
pin_num 2
47 45 0
51 49 0
Net_id 97
pin_num 2
17 39 0
23 47 0
Net_id 98
pin_num 2
31 18 0
25 18 0
Net_id 99
pin_num 2
11 56 0
17 58 0
Net_id 100
pin_num 2
56 7 0
42 26 0
Net_id 101
pin_num 2
16 36 0
3 36 0
Net_id 102
pin_num 2
56 32 0
45 45 0
Net_id 103
pin_num 2
53 28 0
47 33 0
Net_id 104
pin_num 2
59 3 0
49 14 0
Net_id 105
pin_num 2
33 32 0
18 29 0
Net_id 106
pin_num 2
26 56 0
22 56 0
Net_id 107
pin_num 2
53 5 0
49 2 0
Net_id 108
pin_num 2
8 34 0
17 51 0
Net_id 109
pin_num 2
3 33 0
42 30 0
Net_id 110
pin_num 2
36 18 0
24 29 0
Net_id 111
pin_num 2
40 12 0
50 16 0
Net_id 112
pin_num 2
8 24 0
16 28 0
Net_id 113
pin_num 2
24 27 0
28 27 0
Net_id 114
pin_num 2
17 23 0
35 27 0
Net_id 115
pin_num 2
7 25 0
0 30 0
Net_id 116
pin_num 2
0 9 0
16 9 0
Net_id 117
pin_num 2
6 26 0
13 35 0
Net_id 118
pin_num 2
33 12 0
47 9 0
Net_id 119
pin_num 2
27 56 0
45 39 0
Net_id 120
pin_num 2
46 1 0
33 19 0
Net_id 121
pin_num 2
52 59 0
42 52 0
Net_id 122
pin_num 2
4 6 0
14 4 0
Net_id 123
pin_num 2
34 42 0
24 38 0
Net_id 124
pin_num 2
18 3 0
15 1 0
Net_id 125
pin_num 2
10 25 0
6 22 0
Net_id 126
pin_num 2
28 7 0
31 16 0
Net_id 127
pin_num 2
25 4 0
30 2 0
Net_id 128
pin_num 2
0 7 0
2 13 0
Net_id 129
pin_num 2
9 0 0
4 1 0
Net_id 130
pin_num 2
41 26 0
39 34 0
Net_id 131
pin_num 2
51 3 0
36 19 0
Net_id 132
pin_num 2
18 32 0
7 27 0
Net_id 133
pin_num 2
31 17 0
39 6 0
Net_id 134
pin_num 2
41 50 0
36 16 0
Net_id 135
pin_num 2
6 12 0
17 28 0
Net_id 136
pin_num 2
48 46 0
36 57 0
Net_id 137
pin_num 2
58 25 0
56 28 0
Net_id 138
pin_num 2
32 47 0
37 41 0
Net_id 139
pin_num 2
1 5 0
11 22 0
Net_id 140
pin_num 2
27 8 0
12 4 0
Net_id 141
pin_num 2
5 14 0
23 12 0
Net_id 142
pin_num 2
16 47 0
13 51 0
Net_id 143
pin_num 2
47 58 0
34 38 0
Net_id 144
pin_num 2
45 12 0
50 13 0
Net_id 145
pin_num 2
35 51 0
38 55 0
Net_id 146
pin_num 2
56 49 0
55 54 0
Net_id 147
pin_num 2
15 39 0
12 40 0
Net_id 148
pin_num 2
54 15 0
51 9 0
Net_id 149
pin_num 2
46 56 0
33 29 0
Net_id 150
pin_num 2
34 16 0
27 6 0
Net_id 151
pin_num 2
46 40 0
50 54 0
Net_id 152
pin_num 2
5 21 0
1 28 0
Net_id 153
pin_num 2
12 0 0
2 10 0
Net_id 154
pin_num 2
45 51 0
41 41 0
Net_id 155
pin_num 2
0 35 0
16 26 0
Net_id 156
pin_num 2
51 46 0
57 27 0
Net_id 157
pin_num 2
1 11 0
7 8 0
Net_id 158
pin_num 2
52 44 0
41 55 0
