Width 60
Height 60
Layer 6
Total_WL 6639
Obstacle_num 144
21 48 0 30 49 0
9 40 0 13 41 0
51 10 0 54 11 0
13 1 0 19 2 0
20 1 0 27 2 0
22 44 0 32 45 0
45 15 0 48 16 0
0 38 0 4 39 0
4 51 0 9 52 0
5 15 0 12 16 0
12 6 0 20 7 0
52 23 0 55 24 0
6 26 0 12 27 0
31 26 0 39 27 0
47 11 0 55 12 0
5 25 0 11 26 0
19 21 0 24 22 0
47 55 0 50 56 0
43 13 0 47 14 0
10 21 0 13 22 0
15 11 0 24 12 0
8 8 0 17 9 0
21 50 0 31 51 0
5 0 0 8 1 0
22 45 1 23 54 1
12 24 1 13 34 1
45 43 1 46 50 1
46 2 1 47 6 1
34 48 1 35 53 1
13 39 1 14 49 1
29 5 1 30 13 1
14 47 1 15 56 1
13 24 1 14 32 1
9 33 1 10 36 1
16 21 1 17 30 1
35 40 1 36 46 1
15 7 1 16 10 1
48 35 1 49 41 1
29 42 1 30 47 1
49 26 1 50 36 1
31 3 1 32 13 1
6 44 1 7 52 1
1 40 1 2 49 1
9 23 1 10 27 1
8 35 1 9 40 1
20 41 1 21 51 1
15 28 1 16 33 1
19 8 1 20 14 1
13 47 2 18 48 2
44 3 2 52 4 2
30 25 2 38 26 2
0 33 2 8 34 2
44 44 2 49 45 2
18 27 2 25 28 2
31 3 2 38 4 2
44 12 2 47 13 2
38 58 2 47 59 2
1 50 2 8 51 2
39 46 2 42 47 2
51 23 2 57 24 2
18 35 2 22 36 2
33 1 2 42 2 2
9 25 2 13 26 2
25 55 2 31 56 2
39 53 2 42 54 2
27 21 2 34 22 2
40 51 2 46 52 2
16 14 2 24 15 2
45 53 2 50 54 2
42 14 2 46 15 2
17 53 2 25 54 2
6 52 2 12 53 2
39 55 3 40 59 3
53 44 3 54 53 3
21 38 3 22 47 3
4 25 3 5 35 3
49 53 3 50 59 3
54 32 3 55 41 3
35 25 3 36 34 3
36 42 3 37 50 3
1 10 3 2 20 3
5 55 3 6 59 3
46 6 3 47 9 3
18 14 3 19 21 3
8 22 3 9 29 3
49 3 3 50 8 3
4 35 3 5 39 3
6 45 3 7 54 3
8 51 3 9 55 3
16 29 3 17 32 3
55 42 3 56 49 3
54 45 3 55 52 3
18 24 3 19 30 3
55 34 3 56 40 3
29 41 3 30 47 3
43 37 3 44 43 3
41 29 4 48 30 4
53 18 4 57 19 4
26 53 4 31 54 4
40 55 4 50 56 4
3 2 4 8 3 4
56 6 4 59 7 4
41 1 4 46 2 4
36 45 4 46 46 4
40 41 4 45 42 4
50 22 4 53 23 4
22 51 4 25 52 4
1 18 4 6 19 4
38 31 4 43 32 4
40 33 4 44 34 4
6 45 4 16 46 4
2 8 4 12 9 4
10 9 4 20 10 4
42 8 4 50 9 4
24 43 4 27 44 4
42 23 4 46 24 4
25 35 4 31 36 4
48 48 4 52 49 4
49 9 4 55 10 4
2 13 4 7 14 4
57 26 5 58 35 5
29 29 5 30 33 5
54 23 5 55 29 5
49 43 5 50 50 5
18 24 5 19 34 5
8 11 5 9 18 5
1 18 5 2 27 5
54 13 5 55 23 5
5 15 5 6 25 5
26 2 5 27 9 5
49 3 5 50 13 5
43 42 5 44 47 5
58 11 5 59 16 5
20 43 5 21 53 5
52 5 5 53 8 5
26 24 5 27 32 5
30 39 5 31 44 5
18 17 5 19 22 5
53 33 5 54 40 5
32 24 5 33 29 5
45 3 5 46 12 5
34 14 5 35 20 5
38 28 5 39 32 5
51 42 5 52 50 5
Net_num 159
Net_id 0
pin_num 5
52 13 0
59 11 0
59 25 0
56 21 0
38 19 0
Net_id 1
pin_num 5
52 34 0
48 34 0
59 43 0
55 19 0
59 48 0
Net_id 2
pin_num 5
3 11 0
0 3 0
14 12 0
12 22 0
13 0 0
Net_id 3
pin_num 5
13 32 0
19 32 0
17 18 0
40 28 0
41 28 0
Net_id 4
pin_num 5
59 1 0
49 1 0
46 11 0
52 24 0
59 3 0
Net_id 5
pin_num 5
45 40 0
38 45 0
38 53 0
58 45 0
31 53 0
Net_id 6
pin_num 5
44 47 0
52 47 0
49 38 0
58 30 0
59 45 0
Net_id 7
pin_num 5
36 10 0
36 1 0
47 5 0
44 0 0
44 10 0
Net_id 8
pin_num 5
16 31 0
18 30 0
0 36 0
16 54 0
0 22 0
Net_id 9
pin_num 5
14 31 0
0 21 0
8 19 0
2 20 0
3 22 0
Net_id 10
pin_num 5
52 42 0
45 52 0
51 46 0
56 40 0
58 29 0
Net_id 11
pin_num 5
4 1 0
2 12 0
16 7 0
6 10 0
4 0 0
Net_id 12
pin_num 5
17 15 0
13 15 0
12 19 0
18 23 0
31 16 0
Net_id 13
pin_num 5
13 17 0
30 17 0
29 20 0
40 18 0
37 27 0
Net_id 14
pin_num 5
14 44 0
32 44 0
31 40 0
7 29 0
0 37 0
Net_id 15
pin_num 5
58 55 0
50 59 0
36 57 0
47 59 0
54 49 0
Net_id 16
pin_num 5
8 2 0
0 9 0
16 4 0
0 14 0
23 9 0
Net_id 17
pin_num 5
49 13 0
47 13 0
49 23 0
58 13 0
36 19 0
Net_id 18
pin_num 5
33 52 0
39 49 0
49 49 0
44 53 0
44 38 0
Net_id 19
pin_num 5
36 55 0
32 55 0
45 55 0
36 48 0
42 39 0
Net_id 20
pin_num 4
55 22 0
41 22 0
53 30 0
50 4 0
Net_id 21
pin_num 4
5 33 0
6 24 0
24 11 0
24 13 0
Net_id 22
pin_num 4
23 34 0
26 36 0
26 53 0
41 36 0
Net_id 23
pin_num 4
11 54 0
15 50 0
9 59 0
10 39 0
Net_id 24
pin_num 4
30 51 0
39 54 0
38 59 0
39 29 0
Net_id 25
pin_num 4
49 29 0
52 43 0
57 31 0
33 43 0
Net_id 26
pin_num 4
58 47 0
53 54 0
43 48 0
44 59 0
Net_id 27
pin_num 4
4 16 0
13 14 0
18 15 0
10 0 0
Net_id 28
pin_num 4
46 18 0
37 31 0
38 23 0
41 18 0
Net_id 29
pin_num 4
31 32 0
25 32 0
8 40 0
43 32 0
Net_id 30
pin_num 4
32 13 0
20 15 0
20 31 0
30 1 0
Net_id 31
pin_num 4
24 14 0
31 15 0
27 33 0
44 32 0
Net_id 32
pin_num 4
35 3 0
37 0 0
16 0 0
30 15 0
Net_id 33
pin_num 4
48 33 0
57 26 0
52 33 0
57 40 0
Net_id 34
pin_num 4
50 35 0
34 31 0
42 23 0
28 34 0
Net_id 35
pin_num 4
14 48 0
21 57 0
30 52 0
16 59 0
Net_id 36
pin_num 4
11 59 0
21 49 0
22 56 0
29 49 0
Net_id 37
pin_num 4
56 2 0
55 2 0
59 8 0
48 4 0
Net_id 38
pin_num 4
22 14 0
15 10 0
20 0 0
7 8 0
Net_id 39
pin_num 4
1 44 0
4 44 0
0 39 0
0 59 0
Net_id 40
pin_num 3
49 14 0
32 16 0
35 5 0
Net_id 41
pin_num 3
26 15 0
17 5 0
24 18 0
Net_id 42
pin_num 3
26 13 0
15 5 0
0 17 0
Net_id 43
pin_num 3
11 36 0
25 31 0
19 22 0
Net_id 44
pin_num 3
51 40 0
39 59 0
22 54 0
Net_id 45
pin_num 3
12 0 0
32 7 0
3 0 0
Net_id 46
pin_num 3
18 41 0
29 40 0
43 41 0
Net_id 47
pin_num 3
39 7 0
31 0 0
47 12 0
Net_id 48
pin_num 3
23 46 0
36 46 0
59 58 0
Net_id 49
pin_num 3
12 26 0
31 33 0
22 0 0
Net_id 50
pin_num 3
51 49 0
54 58 0
42 56 0
Net_id 51
pin_num 3
42 17 0
52 30 0
27 30 0
Net_id 52
pin_num 3
54 28 0
58 22 0
46 17 0
Net_id 53
pin_num 3
54 16 0
53 20 0
58 17 0
Net_id 54
pin_num 3
18 13 0
24 23 0
3 16 0
Net_id 55
pin_num 3
13 56 0
5 54 0
7 38 0
Net_id 56
pin_num 3
5 12 0
12 20 0
7 5 0
Net_id 57
pin_num 3
24 35 0
11 37 0
30 35 0
Net_id 58
pin_num 3
52 18 0
58 51 0
55 16 0
Net_id 59
pin_num 3
14 39 0
32 45 0
46 36 0
Net_id 60
pin_num 3
11 17 0
13 36 0
19 18 0
Net_id 61
pin_num 3
31 23 0
8 41 0
10 18 0
Net_id 62
pin_num 3
1 23 0
16 18 0
32 29 0
Net_id 63
pin_num 3
50 50 0
41 50 0
40 37 0
Net_id 64
pin_num 3
5 45 0
23 51 0
14 21 0
Net_id 65
pin_num 3
41 35 0
45 39 0
48 18 0
Net_id 66
pin_num 3
42 28 0
49 51 0
57 42 0
Net_id 67
pin_num 3
21 45 0
25 43 0
32 52 0
Net_id 68
pin_num 3
23 25 0
27 26 0
23 38 0
Net_id 69
pin_num 3
9 6 0
1 7 0
14 0 0
Net_id 70
pin_num 3
48 31 0
58 16 0
55 50 0
Net_id 71
pin_num 3
37 2 0
27 12 0
44 11 0
Net_id 72
pin_num 3
41 31 0
46 32 0
51 59 0
Net_id 73
pin_num 3
7 42 0
17 42 0
45 41 0
Net_id 74
pin_num 3
19 47 0
40 48 0
37 47 0
Net_id 75
pin_num 3
34 37 0
47 32 0
40 26 0
Net_id 76
pin_num 3
14 55 0
3 37 0
9 36 0
Net_id 77
pin_num 3
17 49 0
17 43 0
11 32 0
Net_id 78
pin_num 3
49 21 0
27 10 0
48 5 0
Net_id 79
pin_num 2
36 20 0
45 26 0
Net_id 80
pin_num 2
26 58 0
9 57 0
Net_id 81
pin_num 2
0 53 0
4 57 0
Net_id 82
pin_num 2
41 27 0
14 37 0
Net_id 83
pin_num 2
1 57 0
7 43 0
Net_id 84
pin_num 2
1 33 0
4 2 0
Net_id 85
pin_num 2
46 4 0
52 25 0
Net_id 86
pin_num 2
38 1 0
54 2 0
Net_id 87
pin_num 2
46 7 0
49 6 0
Net_id 88
pin_num 2
42 53 0
27 38 0
Net_id 89
pin_num 2
33 19 0
23 22 0
Net_id 90
pin_num 2
16 38 0
10 37 0
Net_id 91
pin_num 2
41 24 0
35 15 0
Net_id 92
pin_num 2
34 23 0
54 41 0
Net_id 93
pin_num 2
19 42 0
32 37 0
Net_id 94
pin_num 2
26 9 0
32 1 0
Net_id 95
pin_num 2
13 57 0
8 50 0
Net_id 96
pin_num 2
36 18 0
22 18 0
Net_id 97
pin_num 2
5 14 0
3 3 0
Net_id 98
pin_num 2
56 3 0
41 15 0
Net_id 99
pin_num 2
11 19 0
7 19 0
Net_id 100
pin_num 2
21 46 0
1 54 0
Net_id 101
pin_num 2
47 38 0
28 31 0
Net_id 102
pin_num 2
6 47 0
6 53 0
Net_id 103
pin_num 2
38 3 0
59 7 0
Net_id 104
pin_num 2
15 52 0
5 49 0
Net_id 105
pin_num 2
35 35 0
53 42 0
Net_id 106
pin_num 2
36 5 0
58 10 0
Net_id 107
pin_num 2
9 2 0
22 10 0
Net_id 108
pin_num 2
23 10 0
27 7 0
Net_id 109
pin_num 2
50 53 0
54 56 0
Net_id 110
pin_num 2
1 16 0
12 37 0
Net_id 111
pin_num 2
35 20 0
27 22 0
Net_id 112
pin_num 2
28 23 0
22 24 0
Net_id 113
pin_num 2
56 43 0
57 41 0
Net_id 114
pin_num 2
12 5 0
18 7 0
Net_id 115
pin_num 2
44 37 0
41 40 0
Net_id 116
pin_num 2
0 2 0
16 19 0
Net_id 117
pin_num 2
1 13 0
6 13 0
Net_id 118
pin_num 2
40 22 0
34 27 0
Net_id 119
pin_num 2
33 16 0
54 42 0
Net_id 120
pin_num 2
47 36 0
52 29 0
Net_id 121
pin_num 2
50 23 0
51 26 0
Net_id 122
pin_num 2
12 43 0
8 43 0
Net_id 123
pin_num 2
14 29 0
0 18 0
Net_id 124
pin_num 2
58 38 0
39 47 0
Net_id 125
pin_num 2
52 20 0
35 38 0
Net_id 126
pin_num 2
45 9 0
51 15 0
Net_id 127
pin_num 2
18 55 0
15 49 0
Net_id 128
pin_num 2
56 27 0
38 37 0
Net_id 129
pin_num 2
46 52 0
53 56 0
Net_id 130
pin_num 2
56 51 0
41 39 0
Net_id 131
pin_num 2
5 5 0
18 8 0
Net_id 132
pin_num 2
21 37 0
39 40 0
Net_id 133
pin_num 2
44 48 0
58 44 0
Net_id 134
pin_num 2
34 58 0
53 43 0
Net_id 135
pin_num 2
46 42 0
42 37 0
Net_id 136
pin_num 2
50 10 0
37 29 0
Net_id 137
pin_num 2
47 51 0
41 51 0
Net_id 138
pin_num 2
35 50 0
31 50 0
Net_id 139
pin_num 2
58 0 0
51 4 0
Net_id 140
pin_num 2
6 59 0
7 54 0
Net_id 141
pin_num 2
37 4 0
43 4 0
Net_id 142
pin_num 2
7 49 0
22 59 0
Net_id 143
pin_num 2
57 30 0
38 17 0
Net_id 144
pin_num 2
50 17 0
45 27 0
Net_id 145
pin_num 2
51 13 0
40 21 0
Net_id 146
pin_num 2
7 27 0
5 10 0
Net_id 147
pin_num 2
33 57 0
31 59 0
Net_id 148
pin_num 2
43 44 0
36 31 0
Net_id 149
pin_num 2
28 38 0
45 29 0
Net_id 150
pin_num 2
26 20 0
36 27 0
Net_id 151
pin_num 2
3 32 0
32 8 0
Net_id 152
pin_num 2
29 22 0
26 19 0
Net_id 153
pin_num 2
7 31 0
3 10 0
Net_id 154
pin_num 2
58 54 0
41 48 0
Net_id 155
pin_num 2
21 31 0
30 24 0
Net_id 156
pin_num 2
3 59 0
4 59 0
Net_id 157
pin_num 2
40 31 0
37 44 0
Net_id 158
pin_num 2
55 6 0
58 9 0
