Width 60
Height 60
Layer 6
Total_WL 6853
Obstacle_num 144
0 21 0 8 22 0
6 20 0 12 21 0
42 43 0 45 44 0
4 29 0 12 30 0
47 50 0 51 51 0
39 7 0 45 8 0
43 15 0 46 16 0
25 3 0 33 4 0
22 50 0 32 51 0
27 30 0 34 31 0
19 17 0 24 18 0
48 3 0 52 4 0
43 52 0 46 53 0
24 12 0 30 13 0
25 56 0 32 57 0
26 27 0 30 28 0
7 5 0 10 6 0
22 8 0 32 9 0
1 50 0 5 51 0
21 6 0 24 7 0
43 13 0 52 14 0
19 1 0 28 2 0
10 25 0 15 26 0
25 4 0 34 5 0
14 13 1 15 22 1
45 41 1 46 49 1
1 35 1 2 43 1
28 49 1 29 58 1
25 47 1 26 51 1
56 39 1 57 47 1
27 21 1 28 28 1
23 23 1 24 29 1
42 46 1 43 50 1
14 23 1 15 29 1
8 19 1 9 24 1
47 50 1 48 53 1
54 20 1 55 28 1
52 38 1 53 47 1
52 19 1 53 26 1
13 22 1 14 30 1
54 54 1 55 59 1
19 12 1 20 19 1
22 46 1 23 49 1
17 16 1 18 25 1
18 34 1 19 43 1
42 4 1 43 12 1
33 32 1 34 39 1
32 2 1 33 12 1
25 46 2 34 47 2
8 31 2 14 32 2
43 30 2 52 31 2
23 44 2 27 45 2
36 31 2 43 32 2
3 12 2 10 13 2
8 8 2 13 9 2
37 15 2 43 16 2
35 57 2 44 58 2
5 35 2 15 36 2
46 34 2 51 35 2
0 30 2 4 31 2
18 49 2 28 50 2
37 26 2 42 27 2
46 9 2 51 10 2
9 0 2 18 1 2
10 38 2 14 39 2
15 34 2 25 35 2
4 14 2 14 15 2
20 10 2 27 11 2
8 24 2 17 25 2
28 31 2 35 32 2
49 42 2 52 43 2
2 27 2 10 28 2
45 0 3 46 10 3
34 48 3 35 56 3
50 21 3 51 28 3
7 10 3 8 19 3
31 35 3 32 39 3
18 13 3 19 19 3
8 4 3 9 10 3
0 10 3 1 14 3
51 11 3 52 21 3
40 46 3 41 49 3
4 53 3 5 57 3
16 36 3 17 43 3
22 8 3 23 17 3
48 51 3 49 55 3
51 37 3 52 45 3
54 46 3 55 53 3
54 17 3 55 27 3
15 3 3 16 6 3
4 15 3 5 21 3
32 52 3 33 59 3
29 15 3 30 19 3
11 47 3 12 56 3
27 19 3 28 27 3
2 34 3 3 38 3
25 8 4 32 9 4
42 55 4 45 56 4
33 43 4 39 44 4
28 32 4 34 33 4
54 58 4 58 59 4
4 21 4 14 22 4
43 24 4 47 25 4
19 30 4 22 31 4
32 53 4 42 54 4
49 8 4 54 9 4
30 4 4 39 5 4
40 21 4 47 22 4
22 49 4 30 50 4
6 17 4 16 18 4
30 42 4 35 43 4
23 22 4 32 23 4
28 26 4 38 27 4
50 20 4 55 21 4
11 30 4 16 31 4
0 10 4 5 11 4
47 53 4 54 54 4
9 10 4 19 11 4
6 49 4 15 50 4
44 34 4 52 35 4
26 49 5 27 53 5
1 0 5 2 9 5
47 10 5 48 15 5
24 45 5 25 51 5
25 41 5 26 50 5
35 22 5 36 32 5
12 49 5 13 57 5
54 22 5 55 32 5
5 36 5 6 43 5
48 31 5 49 38 5
42 29 5 43 34 5
12 0 5 13 7 5
56 30 5 57 34 5
0 48 5 1 58 5
11 46 5 12 53 5
18 50 5 19 56 5
13 17 5 14 25 5
40 42 5 41 50 5
14 0 5 15 4 5
39 36 5 40 44 5
3 38 5 4 48 5
15 49 5 16 58 5
29 47 5 30 57 5
18 35 5 19 44 5
Net_num 162
Net_id 0
pin_num 5
43 53 0
46 40 0
33 42 0
39 38 0
39 27 0
Net_id 1
pin_num 5
35 9 0
33 3 0
34 25 0
46 0 0
42 22 0
Net_id 2
pin_num 5
2 26 0
2 11 0
1 5 0
5 12 0
2 18 0
Net_id 3
pin_num 5
29 6 0
37 6 0
59 6 0
34 0 0
47 4 0
Net_id 4
pin_num 5
51 39 0
46 52 0
59 39 0
52 48 0
50 27 0
Net_id 5
pin_num 5
50 16 0
59 5 0
52 11 0
57 5 0
37 14 0
Net_id 6
pin_num 5
59 19 0
49 16 0
44 17 0
59 37 0
54 29 0
Net_id 7
pin_num 5
21 35 0
36 31 0
22 27 0
24 26 0
20 26 0
Net_id 8
pin_num 5
48 51 0
42 52 0
53 41 0
59 48 0
43 46 0
Net_id 9
pin_num 5
22 31 0
18 43 0
15 37 0
21 38 0
40 38 0
Net_id 10
pin_num 5
3 13 0
16 13 0
8 1 0
12 26 0
9 22 0
Net_id 11
pin_num 5
58 4 0
59 1 0
58 13 0
57 18 0
44 8 0
Net_id 12
pin_num 5
34 45 0
31 38 0
45 45 0
35 59 0
19 52 0
Net_id 13
pin_num 5
21 3 0
24 2 0
5 0 0
15 10 0
12 3 0
Net_id 14
pin_num 5
41 23 0
21 24 0
26 45 0
38 32 0
38 18 0
Net_id 15
pin_num 5
44 38 0
51 38 0
59 42 0
41 42 0
53 35 0
Net_id 16
pin_num 5
21 14 0
23 15 0
13 30 0
13 15 0
3 2 0
Net_id 17
pin_num 5
4 17 0
18 18 0
4 9 0
20 14 0
0 27 0
Net_id 18
pin_num 5
34 47 0
45 47 0
19 42 0
57 45 0
30 28 0
Net_id 19
pin_num 4
33 44 0
35 50 0
35 25 0
45 49 0
Net_id 20
pin_num 4
47 59 0
59 57 0
46 59 0
57 10 0
Net_id 21
pin_num 4
13 12 0
3 17 0
6 32 0
4 30 0
Net_id 22
pin_num 4
48 0 0
43 5 0
45 16 0
39 12 0
Net_id 23
pin_num 4
55 21 0
50 25 0
58 0 0
58 32 0
Net_id 24
pin_num 4
6 11 0
17 11 0
11 33 0
10 1 0
Net_id 25
pin_num 4
15 32 0
0 35 0
1 29 0
11 14 0
Net_id 26
pin_num 4
16 33 0
21 47 0
0 43 0
16 59 0
Net_id 27
pin_num 4
54 34 0
51 35 0
39 36 0
52 10 0
Net_id 28
pin_num 4
52 12 0
44 12 0
35 1 0
32 16 0
Net_id 29
pin_num 4
20 4 0
24 3 0
22 2 0
9 3 0
Net_id 30
pin_num 4
3 20 0
12 27 0
0 36 0
7 36 0
Net_id 31
pin_num 4
43 20 0
46 2 0
59 4 0
52 0 0
Net_id 32
pin_num 4
51 25 0
53 40 0
53 20 0
58 23 0
Net_id 33
pin_num 4
40 22 0
42 20 0
31 20 0
30 12 0
Net_id 34
pin_num 4
5 19 0
2 25 0
6 33 0
8 28 0
Net_id 35
pin_num 4
49 4 0
52 1 0
8 3 0
32 21 0
Net_id 36
pin_num 4
24 19 0
33 19 0
6 19 0
30 44 0
Net_id 37
pin_num 4
47 9 0
53 5 0
51 0 0
57 0 0
Net_id 38
pin_num 4
13 27 0
18 25 0
14 41 0
0 9 0
Net_id 39
pin_num 4
16 35 0
9 26 0
9 37 0
9 18 0
Net_id 40
pin_num 3
0 33 0
7 18 0
15 24 0
Net_id 41
pin_num 3
23 51 0
20 59 0
5 49 0
Net_id 42
pin_num 3
5 38 0
6 38 0
41 38 0
Net_id 43
pin_num 3
19 24 0
26 16 0
24 40 0
Net_id 44
pin_num 3
5 54 0
11 57 0
11 59 0
Net_id 45
pin_num 3
44 10 0
38 17 0
26 17 0
Net_id 46
pin_num 3
15 47 0
12 40 0
13 58 0
Net_id 47
pin_num 3
20 35 0
21 46 0
41 46 0
Net_id 48
pin_num 3
42 37 0
47 16 0
50 1 0
Net_id 49
pin_num 3
42 53 0
29 48 0
59 47 0
Net_id 50
pin_num 3
55 53 0
49 49 0
57 21 0
Net_id 51
pin_num 3
9 58 0
6 52 0
8 44 0
Net_id 52
pin_num 3
58 17 0
55 23 0
37 11 0
Net_id 53
pin_num 3
28 22 0
24 21 0
24 36 0
Net_id 54
pin_num 3
2 39 0
12 44 0
13 59 0
Net_id 55
pin_num 3
50 4 0
49 22 0
59 54 0
Net_id 56
pin_num 3
27 55 0
14 48 0
36 59 0
Net_id 57
pin_num 3
6 42 0
1 45 0
22 39 0
Net_id 58
pin_num 3
3 32 0
9 40 0
2 9 0
Net_id 59
pin_num 3
34 42 0
44 57 0
58 49 0
Net_id 60
pin_num 3
18 9 0
2 20 0
2 41 0
Net_id 61
pin_num 3
48 36 0
43 40 0
43 32 0
Net_id 62
pin_num 3
2 4 0
26 5 0
20 2 0
Net_id 63
pin_num 3
24 53 0
35 58 0
21 50 0
Net_id 64
pin_num 3
4 46 0
14 55 0
31 55 0
Net_id 65
pin_num 3
30 9 0
46 15 0
33 39 0
Net_id 66
pin_num 3
53 37 0
58 57 0
58 15 0
Net_id 67
pin_num 3
21 44 0
28 40 0
28 48 0
Net_id 68
pin_num 3
20 13 0
21 5 0
1 0 0
Net_id 69
pin_num 3
13 39 0
4 32 0
0 58 0
Net_id 70
pin_num 3
35 23 0
16 23 0
18 1 0
Net_id 71
pin_num 3
16 58 0
8 50 0
39 49 0
Net_id 72
pin_num 3
20 46 0
11 46 0
20 54 0
Net_id 73
pin_num 3
40 27 0
49 36 0
48 33 0
Net_id 74
pin_num 3
27 13 0
50 5 0
36 5 0
Net_id 75
pin_num 3
24 10 0
32 10 0
10 23 0
Net_id 76
pin_num 3
41 26 0
42 36 0
48 58 0
Net_id 77
pin_num 3
2 24 0
15 33 0
6 8 0
Net_id 78
pin_num 3
27 15 0
3 22 0
22 24 0
Net_id 79
pin_num 3
17 6 0
10 2 0
20 9 0
Net_id 80
pin_num 3
20 23 0
27 18 0
48 19 0
Net_id 81
pin_num 2
53 55 0
58 52 0
Net_id 82
pin_num 2
33 38 0
36 46 0
Net_id 83
pin_num 2
2 40 0
15 25 0
Net_id 84
pin_num 2
18 22 0
32 39 0
Net_id 85
pin_num 2
50 7 0
55 10 0
Net_id 86
pin_num 2
2 29 0
26 20 0
Net_id 87
pin_num 2
48 43 0
58 58 0
Net_id 88
pin_num 2
51 26 0
46 28 0
Net_id 89
pin_num 2
40 36 0
46 57 0
Net_id 90
pin_num 2
41 54 0
47 54 0
Net_id 91
pin_num 2
44 23 0
38 36 0
Net_id 92
pin_num 2
27 33 0
15 26 0
Net_id 93
pin_num 2
37 55 0
55 57 0
Net_id 94
pin_num 2
10 21 0
18 5 0
Net_id 95
pin_num 2
49 35 0
42 30 0
Net_id 96
pin_num 2
33 0 0
28 7 0
Net_id 97
pin_num 2
32 51 0
27 51 0
Net_id 98
pin_num 2
54 57 0
44 33 0
Net_id 99
pin_num 2
2 0 0
12 36 0
Net_id 100
pin_num 2
18 44 0
29 33 0
Net_id 101
pin_num 2
34 46 0
34 43 0
Net_id 102
pin_num 2
36 54 0
49 54 0
Net_id 103
pin_num 2
57 15 0
54 7 0
Net_id 104
pin_num 2
50 53 0
55 56 0
Net_id 105
pin_num 2
56 52 0
34 41 0
Net_id 106
pin_num 2
6 34 0
10 33 0
Net_id 107
pin_num 2
21 39 0
3 55 0
Net_id 108
pin_num 2
49 37 0
58 45 0
Net_id 109
pin_num 2
54 46 0
44 48 0
Net_id 110
pin_num 2
54 28 0
55 32 0
Net_id 111
pin_num 2
3 48 0
5 46 0
Net_id 112
pin_num 2
17 30 0
20 36 0
Net_id 113
pin_num 2
27 59 0
30 49 0
Net_id 114
pin_num 2
41 51 0
21 53 0
Net_id 115
pin_num 2
9 34 0
31 34 0
Net_id 116
pin_num 2
33 51 0
33 57 0
Net_id 117
pin_num 2
8 35 0
23 32 0
Net_id 118
pin_num 2
58 44 0
56 33 0
Net_id 119
pin_num 2
55 4 0
59 0 0
Net_id 120
pin_num 2
35 54 0
31 47 0
Net_id 121
pin_num 2
55 43 0
46 32 0
Net_id 122
pin_num 2
32 53 0
38 52 0
Net_id 123
pin_num 2
26 31 0
2 7 0
Net_id 124
pin_num 2
36 30 0
46 1 0
Net_id 125
pin_num 2
46 45 0
56 31 0
Net_id 126
pin_num 2
58 2 0
54 3 0
Net_id 127
pin_num 2
18 50 0
1 53 0
Net_id 128
pin_num 2
9 44 0
11 40 0
Net_id 129
pin_num 2
17 56 0
8 56 0
Net_id 130
pin_num 2
20 47 0
15 59 0
Net_id 131
pin_num 2
55 1 0
56 18 0
Net_id 132
pin_num 2
25 54 0
18 59 0
Net_id 133
pin_num 2
52 54 0
57 54 0
Net_id 134
pin_num 2
56 0 0
53 17 0
Net_id 135
pin_num 2
29 57 0
15 57 0
Net_id 136
pin_num 2
26 39 0
28 58 0
Net_id 137
pin_num 2
24 32 0
40 18 0
Net_id 138
pin_num 2
20 11 0
24 11 0
Net_id 139
pin_num 2
31 11 0
26 2 0
Net_id 140
pin_num 2
13 2 0
24 6 0
Net_id 141
pin_num 2
36 57 0
18 52 0
Net_id 142
pin_num 2
18 7 0
12 8 0
Net_id 143
pin_num 2
41 15 0
44 22 0
Net_id 144
pin_num 2
15 14 0
26 9 0
Net_id 145
pin_num 2
47 10 0
53 18 0
Net_id 146
pin_num 2
47 56 0
34 40 0
Net_id 147
pin_num 2
32 18 0
56 48 0
Net_id 148
pin_num 2
47 29 0
55 33 0
Net_id 149
pin_num 2
45 9 0
48 1 0
Net_id 150
pin_num 2
52 20 0
36 32 0
Net_id 151
pin_num 2
0 51 0
6 51 0
Net_id 152
pin_num 2
28 36 0
33 36 0
Net_id 153
pin_num 2
41 30 0
26 13 0
Net_id 154
pin_num 2
51 10 0
28 14 0
Net_id 155
pin_num 2
35 43 0
42 39 0
Net_id 156
pin_num 2
33 40 0
27 32 0
Net_id 157
pin_num 2
24 5 0
36 15 0
Net_id 158
pin_num 2
35 2 0
32 17 0
Net_id 159
pin_num 2
28 26 0
40 9 0
Net_id 160
pin_num 2
6 25 0
3 26 0
Net_id 161
pin_num 2
38 4 0
42 1 0
