Width 60
Height 60
Layer 6
Total_WL 6819
Obstacle_num 144
4 56 0 13 57 0
16 6 0 20 7 0
43 9 0 53 10 0
4 13 0 13 14 0
19 8 0 23 9 0
14 43 0 20 44 0
21 40 0 25 41 0
41 45 0 45 46 0
29 9 0 34 10 0
7 58 0 17 59 0
19 14 0 25 15 0
27 13 0 32 14 0
43 47 0 53 48 0
50 39 0 59 40 0
13 52 0 16 53 0
1 46 0 9 47 0
34 46 0 42 47 0
20 20 0 29 21 0
18 34 0 26 35 0
14 19 0 20 20 0
4 4 0 8 5 0
16 27 0 23 28 0
47 55 0 56 56 0
20 28 0 29 29 0
22 42 1 23 51 1
42 33 1 43 42 1
27 46 1 28 56 1
24 4 1 25 7 1
39 50 1 40 54 1
44 25 1 45 31 1
24 54 1 25 59 1
21 9 1 22 18 1
38 31 1 39 35 1
43 18 1 44 22 1
28 8 1 29 18 1
18 23 1 19 27 1
39 42 1 40 48 1
57 13 1 58 23 1
17 19 1 18 23 1
55 16 1 56 22 1
27 18 1 28 26 1
38 1 1 39 6 1
49 4 1 50 11 1
20 46 1 21 50 1
20 28 1 21 34 1
29 15 1 30 25 1
7 36 1 8 39 1
39 27 1 40 35 1
40 54 2 44 55 2
40 19 2 45 20 2
13 4 2 21 5 2
20 5 2 30 6 2
6 36 2 12 37 2
9 40 2 16 41 2
6 0 2 16 1 2
45 48 2 54 49 2
23 30 2 32 31 2
43 41 2 51 42 2
10 24 2 19 25 2
19 14 2 25 15 2
24 20 2 29 21 2
12 13 2 15 14 2
49 6 2 54 7 2
25 58 2 35 59 2
15 44 2 24 45 2
31 11 2 34 12 2
19 38 2 22 39 2
12 14 2 19 15 2
13 6 2 23 7 2
42 55 2 47 56 2
26 6 2 30 7 2
36 33 2 42 34 2
34 32 3 35 37 3
46 9 3 47 12 3
39 47 3 40 57 3
44 47 3 45 51 3
18 12 3 19 22 3
27 12 3 28 20 3
54 23 3 55 32 3
47 26 3 48 35 3
5 15 3 6 22 3
38 17 3 39 25 3
35 45 3 36 55 3
40 48 3 41 53 3
52 44 3 53 53 3
50 35 3 51 43 3
16 12 3 17 22 3
6 6 3 7 13 3
48 18 3 49 27 3
53 5 3 54 14 3
1 4 3 2 9 3
2 36 3 3 42 3
57 38 3 58 41 3
34 19 3 35 22 3
26 23 3 27 31 3
3 44 3 4 51 3
31 33 4 38 34 4
0 19 4 9 20 4
34 20 4 38 21 4
22 34 4 30 35 4
44 26 4 48 27 4
47 49 4 57 50 4
37 52 4 45 53 4
50 58 4 58 59 4
29 47 4 34 48 4
39 14 4 44 15 4
52 24 4 55 25 4
45 29 4 55 30 4
36 9 4 42 10 4
11 1 4 20 2 4
4 15 4 9 16 4
13 25 4 18 26 4
5 16 4 11 17 4
13 12 4 22 13 4
17 46 4 24 47 4
19 48 4 29 49 4
27 42 4 30 43 4
52 30 4 55 31 4
23 12 4 33 13 4
19 13 4 22 14 4
14 50 5 15 59 5
18 54 5 19 58 5
48 45 5 49 48 5
58 1 5 59 10 5
4 21 5 5 28 5
47 20 5 48 28 5
26 8 5 27 13 5
57 5 5 58 8 5
58 49 5 59 57 5
12 50 5 13 53 5
12 10 5 13 18 5
11 26 5 12 32 5
58 11 5 59 20 5
50 7 5 51 14 5
38 13 5 39 17 5
37 48 5 38 55 5
39 3 5 40 8 5
9 37 5 10 42 5
15 20 5 16 27 5
14 5 5 15 10 5
1 36 5 2 39 5
9 4 5 10 12 5
17 14 5 18 22 5
17 50 5 18 54 5
Net_num 157
Net_id 0
pin_num 5
27 23 0
23 23 0
25 17 0
47 17 0
35 26 0
Net_id 1
pin_num 5
3 11 0
8 12 0
4 5 0
4 30 0
0 18 0
Net_id 2
pin_num 5
33 22 0
39 13 0
52 21 0
41 37 0
34 40 0
Net_id 3
pin_num 5
27 40 0
37 45 0
21 24 0
32 33 0
36 52 0
Net_id 4
pin_num 5
18 33 0
1 37 0
22 33 0
20 36 0
9 19 0
Net_id 5
pin_num 5
45 16 0
37 25 0
51 33 0
51 18 0
47 25 0
Net_id 6
pin_num 5
40 51 0
44 51 0
45 59 0
37 59 0
23 57 0
Net_id 7
pin_num 5
29 14 0
37 16 0
57 14 0
54 35 0
33 29 0
Net_id 8
pin_num 5
56 7 0
59 19 0
59 1 0
51 8 0
52 25 0
Net_id 9
pin_num 5
9 1 0
14 1 0
13 18 0
10 14 0
3 10 0
Net_id 10
pin_num 5
36 8 0
33 5 0
23 5 0
33 0 0
31 26 0
Net_id 11
pin_num 5
12 45 0
10 47 0
0 38 0
2 48 0
7 34 0
Net_id 12
pin_num 5
38 19 0
24 19 0
53 17 0
49 3 0
59 15 0
Net_id 13
pin_num 5
48 18 0
56 13 0
37 18 0
53 32 0
38 26 0
Net_id 14
pin_num 5
25 24 0
39 23 0
47 28 0
36 0 0
56 18 0
Net_id 15
pin_num 5
26 39 0
20 39 0
1 41 0
12 59 0
15 41 0
Net_id 16
pin_num 5
47 19 0
49 32 0
30 32 0
55 11 0
59 11 0
Net_id 17
pin_num 5
43 24 0
32 25 0
36 33 0
24 26 0
22 23 0
Net_id 18
pin_num 5
54 47 0
54 54 0
47 59 0
55 48 0
47 53 0
Net_id 19
pin_num 5
35 13 0
30 2 0
24 0 0
9 0 0
46 6 0
Net_id 20
pin_num 4
27 53 0
35 42 0
14 44 0
33 59 0
Net_id 21
pin_num 4
42 26 0
39 35 0
50 46 0
38 37 0
Net_id 22
pin_num 4
24 9 0
30 3 0
32 15 0
41 8 0
Net_id 23
pin_num 4
1 49 0
10 53 0
10 38 0
13 54 0
Net_id 24
pin_num 4
43 8 0
50 8 0
46 19 0
48 0 0
Net_id 25
pin_num 4
39 45 0
43 58 0
46 43 0
59 46 0
Net_id 26
pin_num 4
46 27 0
51 29 0
50 25 0
48 32 0
Net_id 27
pin_num 4
46 10 0
55 23 0
59 0 0
39 19 0
Net_id 28
pin_num 4
5 17 0
3 8 0
1 0 0
9 6 0
Net_id 29
pin_num 4
23 9 0
20 2 0
43 7 0
43 1 0
Net_id 30
pin_num 4
32 12 0
41 0 0
41 16 0
48 23 0
Net_id 31
pin_num 4
46 26 0
37 20 0
47 16 0
59 21 0
Net_id 32
pin_num 4
35 28 0
31 33 0
17 25 0
21 46 0
Net_id 33
pin_num 4
4 35 0
2 42 0
0 58 0
5 26 0
Net_id 34
pin_num 4
15 14 0
23 11 0
23 26 0
11 27 0
Net_id 35
pin_num 4
35 31 0
59 20 0
39 41 0
44 53 0
Net_id 36
pin_num 4
31 29 0
45 30 0
59 34 0
44 24 0
Net_id 37
pin_num 4
39 57 0
32 48 0
27 59 0
43 59 0
Net_id 38
pin_num 3
0 40 0
3 50 0
0 55 0
Net_id 39
pin_num 3
53 29 0
59 35 0
36 29 0
Net_id 40
pin_num 3
18 51 0
3 55 0
11 53 0
Net_id 41
pin_num 3
23 22 0
22 13 0
9 16 0
Net_id 42
pin_num 3
30 41 0
23 41 0
28 46 0
Net_id 43
pin_num 3
6 1 0
15 15 0
6 21 0
Net_id 44
pin_num 3
17 1 0
39 0 0
56 4 0
Net_id 45
pin_num 3
28 10 0
32 31 0
19 28 0
Net_id 46
pin_num 3
20 46 0
13 46 0
25 45 0
Net_id 47
pin_num 3
3 34 0
6 25 0
23 32 0
Net_id 48
pin_num 3
6 16 0
24 3 0
5 3 0
Net_id 49
pin_num 3
34 4 0
49 1 0
19 7 0
Net_id 50
pin_num 3
14 13 0
16 4 0
1 17 0
Net_id 51
pin_num 3
50 2 0
32 0 0
44 15 0
Net_id 52
pin_num 3
57 1 0
48 15 0
58 26 0
Net_id 53
pin_num 3
36 5 0
39 26 0
47 12 0
Net_id 54
pin_num 3
15 7 0
21 18 0
4 31 0
Net_id 55
pin_num 3
24 21 0
26 13 0
36 34 0
Net_id 56
pin_num 3
2 25 0
5 16 0
23 2 0
Net_id 57
pin_num 3
52 53 0
54 59 0
53 43 0
Net_id 58
pin_num 3
10 51 0
8 55 0
2 44 0
Net_id 59
pin_num 3
38 25 0
44 25 0
31 32 0
Net_id 60
pin_num 3
29 59 0
34 52 0
43 56 0
Net_id 61
pin_num 3
37 28 0
51 40 0
18 28 0
Net_id 62
pin_num 3
6 18 0
1 11 0
5 12 0
Net_id 63
pin_num 3
12 9 0
32 18 0
33 18 0
Net_id 64
pin_num 3
53 52 0
59 59 0
57 58 0
Net_id 65
pin_num 3
15 1 0
10 23 0
44 3 0
Net_id 66
pin_num 3
23 6 0
42 3 0
45 5 0
Net_id 67
pin_num 3
7 55 0
5 58 0
1 38 0
Net_id 68
pin_num 3
23 46 0
32 22 0
37 31 0
Net_id 69
pin_num 3
59 58 0
57 54 0
59 44 0
Net_id 70
pin_num 3
36 3 0
23 10 0
42 5 0
Net_id 71
pin_num 3
5 28 0
19 17 0
27 10 0
Net_id 72
pin_num 3
16 41 0
31 49 0
13 59 0
Net_id 73
pin_num 3
55 5 0
46 5 0
45 31 0
Net_id 74
pin_num 3
46 41 0
33 20 0
19 21 0
Net_id 75
pin_num 3
31 54 0
36 45 0
50 49 0
Net_id 76
pin_num 3
8 54 0
2 57 0
27 39 0
Net_id 77
pin_num 3
2 41 0
5 38 0
6 50 0
Net_id 78
pin_num 3
54 45 0
49 48 0
45 51 0
Net_id 79
pin_num 2
0 8 0
2 13 0
Net_id 80
pin_num 2
52 33 0
59 41 0
Net_id 81
pin_num 2
56 2 0
40 34 0
Net_id 82
pin_num 2
37 48 0
19 55 0
Net_id 83
pin_num 2
11 52 0
17 42 0
Net_id 84
pin_num 2
10 4 0
5 0 0
Net_id 85
pin_num 2
21 4 0
11 17 0
Net_id 86
pin_num 2
10 2 0
0 30 0
Net_id 87
pin_num 2
54 23 0
38 27 0
Net_id 88
pin_num 2
40 19 0
57 4 0
Net_id 89
pin_num 2
18 37 0
13 41 0
Net_id 90
pin_num 2
40 53 0
49 33 0
Net_id 91
pin_num 2
17 13 0
20 11 0
Net_id 92
pin_num 2
38 15 0
55 27 0
Net_id 93
pin_num 2
8 0 0
1 30 0
Net_id 94
pin_num 2
50 6 0
45 11 0
Net_id 95
pin_num 2
46 50 0
34 47 0
Net_id 96
pin_num 2
15 20 0
26 22 0
Net_id 97
pin_num 2
40 31 0
48 11 0
Net_id 98
pin_num 2
11 48 0
4 40 0
Net_id 99
pin_num 2
30 36 0
56 21 0
Net_id 100
pin_num 2
16 30 0
10 37 0
Net_id 101
pin_num 2
21 5 0
33 15 0
Net_id 102
pin_num 2
8 43 0
22 38 0
Net_id 103
pin_num 2
58 0 0
45 1 0
Net_id 104
pin_num 2
25 43 0
7 29 0
Net_id 105
pin_num 2
7 6 0
12 2 0
Net_id 106
pin_num 2
10 21 0
26 32 0
Net_id 107
pin_num 2
7 20 0
15 21 0
Net_id 108
pin_num 2
14 41 0
10 44 0
Net_id 109
pin_num 2
0 51 0
17 58 0
Net_id 110
pin_num 2
51 43 0
52 41 0
Net_id 111
pin_num 2
34 11 0
28 11 0
Net_id 112
pin_num 2
13 3 0
26 18 0
Net_id 113
pin_num 2
38 55 0
42 55 0
Net_id 114
pin_num 2
56 55 0
38 58 0
Net_id 115
pin_num 2
43 3 0
33 10 0
Net_id 116
pin_num 2
16 40 0
27 56 0
Net_id 117
pin_num 2
29 43 0
49 51 0
Net_id 118
pin_num 2
57 12 0
50 31 0
Net_id 119
pin_num 2
21 23 0
19 29 0
Net_id 120
pin_num 2
0 4 0
15 11 0
Net_id 121
pin_num 2
3 30 0
8 17 0
Net_id 122
pin_num 2
22 21 0
1 27 0
Net_id 123
pin_num 2
38 53 0
26 51 0
Net_id 124
pin_num 2
8 42 0
17 38 0
Net_id 125
pin_num 2
18 50 0
1 32 0
Net_id 126
pin_num 2
57 36 0
36 9 0
Net_id 127
pin_num 2
13 27 0
21 49 0
Net_id 128
pin_num 2
50 29 0
49 31 0
Net_id 129
pin_num 2
24 48 0
11 41 0
Net_id 130
pin_num 2
32 45 0
49 54 0
Net_id 131
pin_num 2
22 59 0
19 54 0
Net_id 132
pin_num 2
46 48 0
34 51 0
Net_id 133
pin_num 2
47 40 0
58 31 0
Net_id 134
pin_num 2
30 12 0
14 28 0
Net_id 135
pin_num 2
55 25 0
55 26 0
Net_id 136
pin_num 2
54 49 0
55 57 0
Net_id 137
pin_num 2
3 41 0
16 56 0
Net_id 138
pin_num 2
58 57 0
41 38 0
Net_id 139
pin_num 2
21 26 0
5 47 0
Net_id 140
pin_num 2
18 12 0
27 2 0
Net_id 141
pin_num 2
51 44 0
34 50 0
Net_id 142
pin_num 2
13 53 0
19 40 0
Net_id 143
pin_num 2
4 23 0
9 5 0
Net_id 144
pin_num 2
18 45 0
6 31 0
Net_id 145
pin_num 2
48 42 0
41 56 0
Net_id 146
pin_num 2
48 48 0
46 59 0
Net_id 147
pin_num 2
46 1 0
58 27 0
Net_id 148
pin_num 2
35 37 0
37 33 0
Net_id 149
pin_num 2
10 54 0
11 59 0
Net_id 150
pin_num 2
18 56 0
20 56 0
Net_id 151
pin_num 2
28 59 0
18 47 0
Net_id 152
pin_num 2
39 51 0
27 57 0
Net_id 153
pin_num 2
34 27 0
13 37 0
Net_id 154
pin_num 2
14 37 0
8 50 0
Net_id 155
pin_num 2
0 26 0
12 4 0
Net_id 156
pin_num 2
46 20 0
57 20 0
