Width 60
Height 60
Layer 6
Total_WL 6850
Obstacle_num 144
24 33 0 32 34 0
35 5 0 41 6 0
38 29 0 47 30 0
11 22 0 18 23 0
6 37 0 10 38 0
35 13 0 38 14 0
51 37 0 58 38 0
10 56 0 18 57 0
52 14 0 57 15 0
5 46 0 15 47 0
7 27 0 14 28 0
52 10 0 56 11 0
3 8 0 10 9 0
39 22 0 42 23 0
38 36 0 41 37 0
42 15 0 45 16 0
25 25 0 35 26 0
12 21 0 21 22 0
49 7 0 57 8 0
45 16 0 54 17 0
47 42 0 56 43 0
34 9 0 42 10 0
16 39 0 24 40 0
7 31 0 14 32 0
41 33 1 42 40 1
14 7 1 15 14 1
36 6 1 37 11 1
43 8 1 44 15 1
27 35 1 28 38 1
0 27 1 1 35 1
54 19 1 55 24 1
3 52 1 4 57 1
24 33 1 25 41 1
5 22 1 6 28 1
45 31 1 46 36 1
4 43 1 5 51 1
16 32 1 17 42 1
36 18 1 37 25 1
15 43 1 16 47 1
49 18 1 50 26 1
3 14 1 4 17 1
35 44 1 36 48 1
41 55 1 42 58 1
49 48 1 50 54 1
29 54 1 30 59 1
32 15 1 33 25 1
24 15 1 25 18 1
47 17 1 48 23 1
45 2 2 50 3 2
18 53 2 28 54 2
22 12 2 32 13 2
39 29 2 42 30 2
51 24 2 59 25 2
0 39 2 3 40 2
32 11 2 37 12 2
34 39 2 39 40 2
40 37 2 45 38 2
14 56 2 20 57 2
8 50 2 12 51 2
38 24 2 41 25 2
27 50 2 32 51 2
49 41 2 52 42 2
16 27 2 26 28 2
9 14 2 17 15 2
34 8 2 44 9 2
21 44 2 26 45 2
29 38 2 38 39 2
1 48 2 5 49 2
3 39 2 8 40 2
18 45 2 28 46 2
33 7 2 43 8 2
25 2 2 28 3 2
13 24 3 14 29 3
15 47 3 16 51 3
23 4 3 24 8 3
18 36 3 19 39 3
22 43 3 23 50 3
10 9 3 11 18 3
12 13 3 13 18 3
10 21 3 11 31 3
31 12 3 32 20 3
4 38 3 5 44 3
29 50 3 30 55 3
39 38 3 40 41 3
12 46 3 13 53 3
35 13 3 36 23 3
2 38 3 3 41 3
38 30 3 39 40 3
14 47 3 15 52 3
33 20 3 34 26 3
54 48 3 55 53 3
33 12 3 34 17 3
20 25 3 21 33 3
45 15 3 46 20 3
8 14 3 9 18 3
40 38 3 41 44 3
31 51 4 40 52 4
55 43 4 59 44 4
15 42 4 22 43 4
22 5 4 32 6 4
40 32 4 48 33 4
34 16 4 39 17 4
29 0 4 36 1 4
16 22 4 25 23 4
0 10 4 4 11 4
3 31 4 13 32 4
48 0 4 53 1 4
15 41 4 24 42 4
25 31 4 35 32 4
40 40 4 50 41 4
19 19 4 27 20 4
20 49 4 27 50 4
53 29 4 57 30 4
12 57 4 18 58 4
32 8 4 36 9 4
56 47 4 59 48 4
43 52 4 46 53 4
19 17 4 22 18 4
27 35 4 33 36 4
45 8 4 55 9 4
39 18 5 40 26 5
26 45 5 27 54 5
56 11 5 57 16 5
7 27 5 8 34 5
57 1 5 58 10 5
22 47 5 23 53 5
9 43 5 10 51 5
35 9 5 36 15 5
53 44 5 54 52 5
41 3 5 42 13 5
5 40 5 6 47 5
20 51 5 21 59 5
20 24 5 21 31 5
23 27 5 24 31 5
17 38 5 18 41 5
57 52 5 58 55 5
13 35 5 14 38 5
23 14 5 24 19 5
2 6 5 3 14 5
18 13 5 19 20 5
54 22 5 55 28 5
37 12 5 38 20 5
19 27 5 20 30 5
44 23 5 45 28 5
Net_num 157
Net_id 0
pin_num 5
9 9 0
20 19 0
8 17 0
37 17 0
19 5 0
Net_id 1
pin_num 5
4 50 0
9 56 0
5 31 0
6 19 0
29 52 0
Net_id 2
pin_num 5
35 10 0
29 10 0
40 0 0
14 1 0
40 23 0
Net_id 3
pin_num 5
1 51 0
1 57 0
12 51 0
25 57 0
9 45 0
Net_id 4
pin_num 5
12 32 0
0 37 0
4 22 0
20 30 0
0 25 0
Net_id 5
pin_num 5
24 23 0
41 26 0
20 25 0
34 11 0
28 22 0
Net_id 6
pin_num 5
2 35 0
1 49 0
11 37 0
7 44 0
3 41 0
Net_id 7
pin_num 5
49 54 0
52 53 0
59 30 0
47 30 0
59 57 0
Net_id 8
pin_num 5
27 7 0
45 6 0
29 6 0
13 1 0
42 21 0
Net_id 9
pin_num 5
30 15 0
24 10 0
26 13 0
26 3 0
24 13 0
Net_id 10
pin_num 5
52 35 0
43 35 0
46 50 0
33 59 0
59 48 0
Net_id 11
pin_num 5
6 44 0
6 55 0
28 49 0
8 59 0
22 43 0
Net_id 12
pin_num 5
36 6 0
27 0 0
34 8 0
29 16 0
33 24 0
Net_id 13
pin_num 5
27 31 0
41 21 0
8 23 0
39 19 0
59 18 0
Net_id 14
pin_num 5
18 29 0
30 28 0
14 29 0
0 26 0
18 17 0
Net_id 15
pin_num 5
25 40 0
20 55 0
16 44 0
10 48 0
31 54 0
Net_id 16
pin_num 5
31 35 0
12 35 0
20 54 0
28 30 0
25 41 0
Net_id 17
pin_num 5
28 14 0
39 14 0
37 19 0
49 17 0
35 4 0
Net_id 18
pin_num 5
20 7 0
28 4 0
18 6 0
6 5 0
10 0 0
Net_id 19
pin_num 5
38 57 0
49 56 0
28 57 0
38 58 0
34 58 0
Net_id 20
pin_num 5
16 46 0
29 46 0
35 36 0
14 43 0
26 30 0
Net_id 21
pin_num 4
12 17 0
3 27 0
3 22 0
0 15 0
Net_id 22
pin_num 4
21 4 0
20 0 0
2 4 0
3 21 0
Net_id 23
pin_num 4
57 28 0
58 25 0
51 29 0
58 51 0
Net_id 24
pin_num 4
57 10 0
58 1 0
51 9 0
58 11 0
Net_id 25
pin_num 4
40 19 0
54 16 0
41 1 0
52 0 0
Net_id 26
pin_num 4
9 44 0
2 44 0
30 46 0
21 59 0
Net_id 27
pin_num 4
47 56 0
34 56 0
42 36 0
48 56 0
Net_id 28
pin_num 4
56 56 0
48 54 0
58 56 0
59 25 0
Net_id 29
pin_num 4
22 21 0
15 31 0
17 8 0
23 10 0
Net_id 30
pin_num 4
43 18 0
35 19 0
39 6 0
31 0 0
Net_id 31
pin_num 4
48 22 0
56 13 0
47 15 0
55 2 0
Net_id 32
pin_num 4
23 3 0
27 8 0
32 11 0
24 6 0
Net_id 33
pin_num 4
58 59 0
56 53 0
53 47 0
47 47 0
Net_id 34
pin_num 4
51 43 0
48 50 0
55 57 0
50 25 0
Net_id 35
pin_num 4
40 34 0
51 32 0
43 28 0
59 47 0
Net_id 36
pin_num 4
18 59 0
14 51 0
38 51 0
20 56 0
Net_id 37
pin_num 4
41 10 0
45 0 0
41 20 0
54 4 0
Net_id 38
pin_num 4
13 23 0
19 23 0
3 14 0
10 19 0
Net_id 39
pin_num 4
36 16 0
29 32 0
29 49 0
51 49 0
Net_id 40
pin_num 3
21 56 0
27 45 0
32 55 0
Net_id 41
pin_num 3
41 8 0
59 8 0
46 13 0
Net_id 42
pin_num 3
57 48 0
34 55 0
46 30 0
Net_id 43
pin_num 3
48 24 0
27 14 0
48 33 0
Net_id 44
pin_num 3
16 59 0
11 35 0
1 46 0
Net_id 45
pin_num 3
9 36 0
1 32 0
10 28 0
Net_id 46
pin_num 3
20 2 0
1 13 0
0 22 0
Net_id 47
pin_num 3
59 54 0
54 58 0
53 36 0
Net_id 48
pin_num 3
22 18 0
15 18 0
29 18 0
Net_id 49
pin_num 3
8 43 0
1 50 0
7 29 0
Net_id 50
pin_num 3
51 1 0
36 4 0
59 1 0
Net_id 51
pin_num 3
48 11 0
38 10 0
20 20 0
Net_id 52
pin_num 3
1 15 0
5 10 0
24 11 0
Net_id 53
pin_num 3
17 58 0
31 52 0
3 58 0
Net_id 54
pin_num 3
1 12 0
7 9 0
6 33 0
Net_id 55
pin_num 3
14 3 0
3 17 0
7 23 0
Net_id 56
pin_num 3
59 31 0
47 43 0
40 57 0
Net_id 57
pin_num 3
35 46 0
5 59 0
19 47 0
Net_id 58
pin_num 3
45 12 0
21 12 0
28 26 0
Net_id 59
pin_num 3
48 31 0
38 27 0
47 27 0
Net_id 60
pin_num 3
48 48 0
52 45 0
47 26 0
Net_id 61
pin_num 3
40 48 0
57 58 0
36 58 0
Net_id 62
pin_num 3
48 40 0
38 45 0
58 27 0
Net_id 63
pin_num 3
47 52 0
59 58 0
36 52 0
Net_id 64
pin_num 3
38 21 0
51 25 0
59 16 0
Net_id 65
pin_num 3
25 11 0
39 16 0
34 47 0
Net_id 66
pin_num 3
36 10 0
59 11 0
59 5 0
Net_id 67
pin_num 3
37 42 0
47 44 0
55 58 0
Net_id 68
pin_num 3
2 24 0
19 32 0
1 30 0
Net_id 69
pin_num 3
52 2 0
28 2 0
12 3 0
Net_id 70
pin_num 3
13 44 0
18 50 0
17 37 0
Net_id 71
pin_num 3
25 5 0
5 12 0
16 12 0
Net_id 72
pin_num 3
25 53 0
37 53 0
26 44 0
Net_id 73
pin_num 3
33 20 0
43 36 0
52 31 0
Net_id 74
pin_num 3
34 43 0
52 51 0
28 58 0
Net_id 75
pin_num 3
48 27 0
57 32 0
57 14 0
Net_id 76
pin_num 3
6 53 0
1 58 0
16 58 0
Net_id 77
pin_num 3
19 16 0
7 16 0
19 36 0
Net_id 78
pin_num 3
24 42 0
37 33 0
36 46 0
Net_id 79
pin_num 3
2 45 0
6 34 0
8 55 0
Net_id 80
pin_num 3
48 43 0
57 46 0
54 18 0
Net_id 81
pin_num 2
26 56 0
19 41 0
Net_id 82
pin_num 2
32 47 0
40 54 0
Net_id 83
pin_num 2
8 11 0
1 27 0
Net_id 84
pin_num 2
17 25 0
11 29 0
Net_id 85
pin_num 2
3 42 0
1 52 0
Net_id 86
pin_num 2
27 50 0
35 50 0
Net_id 87
pin_num 2
57 41 0
39 40 0
Net_id 88
pin_num 2
59 14 0
50 3 0
Net_id 89
pin_num 2
51 38 0
22 55 0
Net_id 90
pin_num 2
57 18 0
52 40 0
Net_id 91
pin_num 2
4 53 0
11 43 0
Net_id 92
pin_num 2
20 15 0
27 16 0
Net_id 93
pin_num 2
13 37 0
4 41 0
Net_id 94
pin_num 2
59 39 0
45 58 0
Net_id 95
pin_num 2
7 15 0
13 17 0
Net_id 96
pin_num 2
36 35 0
54 45 0
Net_id 97
pin_num 2
35 27 0
43 5 0
Net_id 98
pin_num 2
45 17 0
52 23 0
Net_id 99
pin_num 2
56 28 0
56 24 0
Net_id 100
pin_num 2
23 41 0
5 20 0
Net_id 101
pin_num 2
2 30 0
20 34 0
Net_id 102
pin_num 2
5 18 0
23 16 0
Net_id 103
pin_num 2
2 29 0
19 20 0
Net_id 104
pin_num 2
51 23 0
51 13 0
Net_id 105
pin_num 2
3 3 0
8 19 0
Net_id 106
pin_num 2
44 21 0
50 20 0
Net_id 107
pin_num 2
56 47 0
51 28 0
Net_id 108
pin_num 2
54 15 0
53 0 0
Net_id 109
pin_num 2
56 36 0
45 26 0
Net_id 110
pin_num 2
46 12 0
53 17 0
Net_id 111
pin_num 2
28 3 0
49 6 0
Net_id 112
pin_num 2
0 9 0
15 13 0
Net_id 113
pin_num 2
33 18 0
21 26 0
Net_id 114
pin_num 2
46 32 0
52 26 0
Net_id 115
pin_num 2
59 3 0
38 19 0
Net_id 116
pin_num 2
58 52 0
44 48 0
Net_id 117
pin_num 2
28 28 0
17 12 0
Net_id 118
pin_num 2
43 38 0
45 37 0
Net_id 119
pin_num 2
29 40 0
47 23 0
Net_id 120
pin_num 2
35 31 0
43 20 0
Net_id 121
pin_num 2
38 44 0
45 42 0
Net_id 122
pin_num 2
25 36 0
16 24 0
Net_id 123
pin_num 2
18 14 0
42 5 0
Net_id 124
pin_num 2
0 6 0
23 21 0
Net_id 125
pin_num 2
3 55 0
6 58 0
Net_id 126
pin_num 2
11 20 0
3 19 0
Net_id 127
pin_num 2
41 30 0
25 32 0
Net_id 128
pin_num 2
54 0 0
46 22 0
Net_id 129
pin_num 2
31 9 0
22 2 0
Net_id 130
pin_num 2
5 1 0
13 0 0
Net_id 131
pin_num 2
10 43 0
1 31 0
Net_id 132
pin_num 2
37 51 0
25 47 0
Net_id 133
pin_num 2
48 57 0
56 51 0
Net_id 134
pin_num 2
26 38 0
15 36 0
Net_id 135
pin_num 2
41 53 0
38 54 0
Net_id 136
pin_num 2
30 44 0
27 56 0
Net_id 137
pin_num 2
57 24 0
56 6 0
Net_id 138
pin_num 2
36 21 0
43 7 0
Net_id 139
pin_num 2
21 16 0
13 15 0
Net_id 140
pin_num 2
45 22 0
40 33 0
Net_id 141
pin_num 2
57 30 0
59 21 0
Net_id 142
pin_num 2
16 43 0
10 54 0
Net_id 143
pin_num 2
29 2 0
44 20 0
Net_id 144
pin_num 2
37 54 0
57 56 0
Net_id 145
pin_num 2
35 38 0
57 34 0
Net_id 146
pin_num 2
39 27 0
46 27 0
Net_id 147
pin_num 2
37 26 0
49 14 0
Net_id 148
pin_num 2
7 38 0
6 42 0
Net_id 149
pin_num 2
27 32 0
47 3 0
Net_id 150
pin_num 2
27 10 0
36 26 0
Net_id 151
pin_num 2
39 33 0
31 32 0
Net_id 152
pin_num 2
50 9 0
49 10 0
Net_id 153
pin_num 2
24 22 0
4 3 0
Net_id 154
pin_num 2
32 37 0
13 29 0
Net_id 155
pin_num 2
34 39 0
42 28 0
Net_id 156
pin_num 2
46 25 0
38 13 0
