Width 60
Height 60
Layer 6
Total_WL 6550
Obstacle_num 144
1 14 0 4 15 0
47 10 0 57 11 0
12 48 0 19 49 0
24 20 0 28 21 0
33 22 0 43 23 0
39 15 0 43 16 0
21 57 0 30 58 0
4 54 0 10 55 0
24 24 0 34 25 0
16 13 0 25 14 0
34 54 0 40 55 0
48 53 0 55 54 0
22 16 0 30 17 0
48 16 0 57 17 0
35 45 0 39 46 0
13 25 0 21 26 0
17 38 0 22 39 0
40 19 0 49 20 0
9 32 0 12 33 0
48 51 0 57 52 0
33 44 0 37 45 0
31 7 0 36 8 0
8 36 0 13 37 0
23 41 0 26 42 0
14 10 1 15 16 1
2 8 1 3 18 1
18 28 1 19 32 1
13 45 1 14 49 1
8 8 1 9 14 1
48 9 1 49 13 1
47 5 1 48 10 1
55 38 1 56 43 1
3 24 1 4 32 1
44 48 1 45 57 1
34 26 1 35 30 1
30 29 1 31 38 1
53 28 1 54 37 1
1 35 1 2 45 1
31 50 1 32 54 1
12 48 1 13 52 1
56 20 1 57 27 1
42 45 1 43 48 1
45 17 1 46 21 1
44 36 1 45 41 1
27 37 1 28 45 1
58 32 1 59 36 1
55 53 1 56 59 1
17 44 1 18 50 1
12 0 2 21 1 2
11 13 2 15 14 2
17 14 2 25 15 2
1 9 2 9 10 2
55 0 2 58 1 2
54 2 2 59 3 2
42 28 2 45 29 2
5 41 2 12 42 2
20 18 2 25 19 2
36 21 2 44 22 2
40 57 2 48 58 2
53 55 2 56 56 2
49 43 2 55 44 2
0 41 2 4 42 2
28 50 2 38 51 2
13 56 2 18 57 2
6 7 2 15 8 2
33 6 2 41 7 2
7 40 2 17 41 2
28 55 2 32 56 2
15 2 2 25 3 2
13 10 2 22 11 2
0 0 2 10 1 2
11 35 2 18 36 2
17 10 3 18 20 3
33 18 3 34 22 3
49 21 3 50 25 3
49 28 3 50 31 3
57 28 3 58 37 3
28 44 3 29 47 3
43 11 3 44 20 3
44 33 3 45 37 3
48 21 3 49 26 3
14 31 3 15 35 3
9 38 3 10 43 3
21 17 3 22 20 3
12 35 3 13 41 3
2 11 3 3 20 3
4 40 3 5 48 3
7 36 3 8 44 3
38 35 3 39 39 3
35 32 3 36 36 3
37 15 3 38 18 3
10 16 3 11 23 3
43 33 3 44 42 3
26 37 3 27 46 3
16 8 3 17 14 3
19 6 3 20 16 3
17 56 4 25 57 4
28 57 4 33 58 4
19 32 4 22 33 4
38 42 4 44 43 4
11 4 4 15 5 4
3 29 4 11 30 4
6 40 4 16 41 4
40 57 4 46 58 4
31 44 4 37 45 4
35 13 4 45 14 4
49 56 4 57 57 4
34 53 4 44 54 4
23 42 4 31 43 4
7 22 4 10 23 4
21 55 4 24 56 4
36 43 4 44 44 4
23 37 4 33 38 4
34 1 4 39 2 4
5 36 4 14 37 4
10 19 4 13 20 4
5 31 4 8 32 4
18 4 4 27 5 4
32 31 4 37 32 4
4 11 4 11 12 4
23 23 5 24 32 5
4 26 5 5 35 5
46 32 5 47 37 5
1 17 5 2 25 5
54 17 5 55 23 5
0 36 5 1 40 5
8 31 5 9 37 5
40 29 5 41 34 5
11 36 5 12 43 5
12 30 5 13 36 5
22 42 5 23 46 5
48 21 5 49 25 5
57 29 5 58 34 5
6 16 5 7 20 5
20 46 5 21 53 5
7 50 5 8 56 5
45 15 5 46 24 5
48 26 5 49 33 5
16 19 5 17 22 5
48 16 5 49 20 5
2 17 5 3 24 5
50 53 5 51 57 5
8 0 5 9 4 5
40 44 5 41 49 5
Net_num 157
Net_id 0
pin_num 5
0 38 0
5 38 0
2 46 0
21 41 0
13 43 0
Net_id 1
pin_num 5
53 25 0
57 17 0
41 17 0
33 17 0
59 13 0
Net_id 2
pin_num 5
45 8 0
39 0 0
53 7 0
32 0 0
47 7 0
Net_id 3
pin_num 5
3 59 0
4 57 0
7 59 0
0 45 0
17 57 0
Net_id 4
pin_num 5
52 18 0
49 17 0
59 26 0
56 8 0
59 5 0
Net_id 5
pin_num 5
50 35 0
50 29 0
39 32 0
59 29 0
49 50 0
Net_id 6
pin_num 5
39 5 0
52 5 0
53 0 0
51 6 0
52 12 0
Net_id 7
pin_num 5
14 14 0
12 11 0
15 15 0
37 14 0
0 11 0
Net_id 8
pin_num 5
0 19 0
9 25 0
0 39 0
15 39 0
12 26 0
Net_id 9
pin_num 5
21 24 0
9 24 0
23 30 0
0 24 0
19 27 0
Net_id 10
pin_num 5
14 3 0
24 4 0
5 4 0
23 10 0
33 10 0
Net_id 11
pin_num 5
4 11 0
10 12 0
5 25 0
8 42 0
9 11 0
Net_id 12
pin_num 5
46 24 0
59 28 0
22 26 0
59 4 0
35 21 0
Net_id 13
pin_num 5
36 57 0
30 55 0
30 43 0
11 48 0
0 44 0
Net_id 14
pin_num 5
52 59 0
45 51 0
58 55 0
58 58 0
59 58 0
Net_id 15
pin_num 5
55 39 0
40 39 0
47 31 0
53 36 0
33 37 0
Net_id 16
pin_num 5
22 11 0
24 15 0
25 5 0
5 5 0
16 11 0
Net_id 17
pin_num 5
43 17 0
50 11 0
57 16 0
52 7 0
52 24 0
Net_id 18
pin_num 5
10 11 0
18 19 0
0 25 0
11 3 0
13 20 0
Net_id 19
pin_num 5
26 42 0
36 47 0
34 36 0
35 49 0
32 59 0
Net_id 20
pin_num 4
15 10 0
21 15 0
17 15 0
11 0 0
Net_id 21
pin_num 4
16 37 0
10 38 0
13 57 0
10 56 0
Net_id 22
pin_num 4
50 8 0
42 1 0
49 2 0
42 16 0
Net_id 23
pin_num 4
2 45 0
3 36 0
5 45 0
7 56 0
Net_id 24
pin_num 4
37 51 0
46 51 0
44 44 0
36 48 0
Net_id 25
pin_num 4
6 21 0
6 15 0
16 15 0
4 16 0
Net_id 26
pin_num 4
42 17 0
43 30 0
43 44 0
29 43 0
Net_id 27
pin_num 4
47 50 0
38 50 0
53 59 0
49 31 0
Net_id 28
pin_num 4
56 28 0
56 38 0
50 27 0
37 38 0
Net_id 29
pin_num 4
37 5 0
38 18 0
21 16 0
22 12 0
Net_id 30
pin_num 4
22 33 0
20 39 0
29 36 0
26 41 0
Net_id 31
pin_num 4
35 31 0
31 40 0
43 31 0
43 22 0
Net_id 32
pin_num 4
42 38 0
38 56 0
59 56 0
33 54 0
Net_id 33
pin_num 4
47 54 0
37 57 0
29 52 0
50 58 0
Net_id 34
pin_num 4
51 38 0
46 34 0
40 35 0
27 34 0
Net_id 35
pin_num 4
28 26 0
30 58 0
22 35 0
27 22 0
Net_id 36
pin_num 4
36 2 0
47 0 0
49 11 0
47 3 0
Net_id 37
pin_num 4
20 3 0
3 1 0
15 1 0
9 10 0
Net_id 38
pin_num 4
0 56 0
6 42 0
4 37 0
22 47 0
Net_id 39
pin_num 4
20 26 0
28 20 0
25 32 0
24 18 0
Net_id 40
pin_num 3
24 40 0
29 41 0
9 40 0
Net_id 41
pin_num 3
33 50 0
37 52 0
58 17 0
Net_id 42
pin_num 3
15 59 0
2 48 0
1 23 0
Net_id 43
pin_num 3
27 21 0
15 26 0
37 0 0
Net_id 44
pin_num 3
19 49 0
30 49 0
59 57 0
Net_id 45
pin_num 3
7 0 0
18 9 0
16 9 0
Net_id 46
pin_num 3
24 31 0
36 36 0
22 31 0
Net_id 47
pin_num 3
37 25 0
48 30 0
55 30 0
Net_id 48
pin_num 3
56 2 0
51 4 0
59 16 0
Net_id 49
pin_num 3
12 33 0
22 23 0
17 22 0
Net_id 50
pin_num 3
10 20 0
3 10 0
0 1 0
Net_id 51
pin_num 3
44 10 0
58 20 0
49 20 0
Net_id 52
pin_num 3
37 13 0
21 9 0
27 45 0
Net_id 53
pin_num 3
19 33 0
36 29 0
26 1 0
Net_id 54
pin_num 3
1 9 0
17 1 0
4 4 0
Net_id 55
pin_num 3
49 40 0
37 43 0
59 39 0
Net_id 56
pin_num 3
35 41 0
46 52 0
54 40 0
Net_id 57
pin_num 3
21 27 0
30 27 0
24 42 0
Net_id 58
pin_num 3
39 23 0
58 39 0
55 15 0
Net_id 59
pin_num 3
25 48 0
14 42 0
31 47 0
Net_id 60
pin_num 3
49 47 0
36 55 0
27 55 0
Net_id 61
pin_num 3
8 14 0
1 20 0
18 35 0
Net_id 62
pin_num 3
51 14 0
37 10 0
31 15 0
Net_id 63
pin_num 3
28 51 0
36 49 0
3 51 0
Net_id 64
pin_num 3
52 4 0
58 18 0
58 38 0
Net_id 65
pin_num 3
8 9 0
13 3 0
13 27 0
Net_id 66
pin_num 3
6 45 0
12 45 0
6 38 0
Net_id 67
pin_num 3
8 31 0
26 32 0
28 41 0
Net_id 68
pin_num 3
16 27 0
7 10 0
1 0 0
Net_id 69
pin_num 3
27 39 0
40 38 0
3 34 0
Net_id 70
pin_num 3
21 58 0
17 59 0
8 46 0
Net_id 71
pin_num 3
10 29 0
15 20 0
31 27 0
Net_id 72
pin_num 3
46 56 0
21 50 0
5 49 0
Net_id 73
pin_num 3
25 3 0
22 6 0
4 5 0
Net_id 74
pin_num 3
19 21 0
24 1 0
2 3 0
Net_id 75
pin_num 3
16 58 0
28 50 0
32 43 0
Net_id 76
pin_num 3
20 18 0
13 1 0
21 0 0
Net_id 77
pin_num 3
51 22 0
54 24 0
28 23 0
Net_id 78
pin_num 3
41 43 0
52 48 0
32 58 0
Net_id 79
pin_num 3
24 46 0
9 50 0
55 46 0
Net_id 80
pin_num 2
39 11 0
50 9 0
Net_id 81
pin_num 2
33 11 0
22 9 0
Net_id 82
pin_num 2
19 16 0
3 11 0
Net_id 83
pin_num 2
56 13 0
57 9 0
Net_id 84
pin_num 2
33 28 0
33 16 0
Net_id 85
pin_num 2
40 3 0
37 1 0
Net_id 86
pin_num 2
36 25 0
19 1 0
Net_id 87
pin_num 2
21 7 0
3 4 0
Net_id 88
pin_num 2
56 43 0
45 48 0
Net_id 89
pin_num 2
20 55 0
3 54 0
Net_id 90
pin_num 2
8 28 0
2 28 0
Net_id 91
pin_num 2
17 33 0
25 38 0
Net_id 92
pin_num 2
41 33 0
40 30 0
Net_id 93
pin_num 2
22 43 0
7 46 0
Net_id 94
pin_num 2
48 50 0
59 55 0
Net_id 95
pin_num 2
35 43 0
22 50 0
Net_id 96
pin_num 2
13 8 0
21 29 0
Net_id 97
pin_num 2
1 26 0
5 27 0
Net_id 98
pin_num 2
3 19 0
11 1 0
Net_id 99
pin_num 2
50 23 0
55 11 0
Net_id 100
pin_num 2
58 22 0
52 22 0
Net_id 101
pin_num 2
31 1 0
42 9 0
Net_id 102
pin_num 2
3 18 0
0 5 0
Net_id 103
pin_num 2
57 39 0
34 48 0
Net_id 104
pin_num 2
7 15 0
13 15 0
Net_id 105
pin_num 2
47 16 0
39 29 0
Net_id 106
pin_num 2
21 6 0
9 8 0
Net_id 107
pin_num 2
10 3 0
5 8 0
Net_id 108
pin_num 2
56 41 0
46 33 0
Net_id 109
pin_num 2
20 56 0
26 55 0
Net_id 110
pin_num 2
27 19 0
15 29 0
Net_id 111
pin_num 2
42 53 0
37 55 0
Net_id 112
pin_num 2
3 3 0
13 29 0
Net_id 113
pin_num 2
4 44 0
13 44 0
Net_id 114
pin_num 2
16 44 0
37 56 0
Net_id 115
pin_num 2
0 22 0
15 45 0
Net_id 116
pin_num 2
56 24 0
41 30 0
Net_id 117
pin_num 2
54 29 0
50 36 0
Net_id 118
pin_num 2
40 26 0
54 30 0
Net_id 119
pin_num 2
58 4 0
54 9 0
Net_id 120
pin_num 2
32 8 0
19 29 0
Net_id 121
pin_num 2
30 15 0
33 9 0
Net_id 122
pin_num 2
53 23 0
59 43 0
Net_id 123
pin_num 2
5 37 0
15 9 0
Net_id 124
pin_num 2
58 57 0
52 34 0
Net_id 125
pin_num 2
31 26 0
37 30 0
Net_id 126
pin_num 2
16 57 0
4 36 0
Net_id 127
pin_num 2
41 48 0
28 43 0
Net_id 128
pin_num 2
9 12 0
4 10 0
Net_id 129
pin_num 2
24 53 0
35 53 0
Net_id 130
pin_num 2
10 58 0
36 53 0
Net_id 131
pin_num 2
1 6 0
16 6 0
Net_id 132
pin_num 2
33 33 0
29 33 0
Net_id 133
pin_num 2
24 45 0
22 58 0
Net_id 134
pin_num 2
47 45 0
57 48 0
Net_id 135
pin_num 2
55 54 0
52 33 0
Net_id 136
pin_num 2
52 52 0
52 56 0
Net_id 137
pin_num 2
6 59 0
3 46 0
Net_id 138
pin_num 2
59 21 0
41 20 0
Net_id 139
pin_num 2
31 28 0
35 19 0
Net_id 140
pin_num 2
52 19 0
48 35 0
Net_id 141
pin_num 2
34 45 0
25 58 0
Net_id 142
pin_num 2
18 39 0
7 48 0
Net_id 143
pin_num 2
19 52 0
7 49 0
Net_id 144
pin_num 2
18 26 0
14 18 0
Net_id 145
pin_num 2
23 22 0
32 36 0
Net_id 146
pin_num 2
25 18 0
25 15 0
Net_id 147
pin_num 2
10 33 0
7 58 0
Net_id 148
pin_num 2
28 55 0
18 54 0
Net_id 149
pin_num 2
57 40 0
59 52 0
Net_id 150
pin_num 2
43 38 0
49 25 0
Net_id 151
pin_num 2
19 19 0
27 12 0
Net_id 152
pin_num 2
19 15 0
18 20 0
Net_id 153
pin_num 2
38 43 0
45 13 0
Net_id 154
pin_num 2
10 52 0
26 18 0
Net_id 155
pin_num 2
26 28 0
47 13 0
Net_id 156
pin_num 2
8 38 0
9 43 0
