Width 60
Height 60
Layer 6
Total_WL 6913
Obstacle_num 144
3 57 0 9 58 0
22 37 0 25 38 0
43 23 0 46 24 0
3 7 0 12 8 0
1 15 0 8 16 0
6 39 0 9 40 0
44 5 0 54 6 0
8 30 0 16 31 0
39 53 0 42 54 0
44 0 0 53 1 0
47 9 0 54 10 0
12 41 0 21 42 0
24 15 0 28 16 0
17 8 0 26 9 0
13 53 0 22 54 0
16 17 0 26 18 0
1 51 0 11 52 0
52 50 0 55 51 0
32 51 0 36 52 0
54 36 0 59 37 0
46 2 0 56 3 0
39 35 0 43 36 0
50 18 0 55 19 0
28 36 0 34 37 0
45 55 1 46 59 1
6 44 1 7 47 1
2 1 1 3 10 1
28 44 1 29 47 1
31 23 1 32 31 1
4 49 1 5 59 1
35 0 1 36 4 1
53 9 1 54 19 1
40 1 1 41 9 1
14 33 1 15 42 1
17 11 1 18 18 1
34 48 1 35 56 1
39 14 1 40 20 1
15 12 1 16 20 1
45 39 1 46 49 1
39 24 1 40 34 1
33 15 1 34 19 1
30 54 1 31 57 1
21 3 1 22 10 1
38 19 1 39 22 1
5 54 1 6 57 1
52 7 1 53 15 1
18 24 1 19 28 1
53 25 1 54 29 1
42 26 2 45 27 2
53 29 2 58 30 2
18 26 2 23 27 2
8 18 2 16 19 2
7 0 2 11 1 2
11 29 2 16 30 2
31 23 2 37 24 2
54 18 2 59 19 2
3 41 2 12 42 2
51 10 2 58 11 2
36 32 2 45 33 2
31 7 2 34 8 2
8 21 2 14 22 2
13 42 2 16 43 2
36 19 2 40 20 2
22 55 2 31 56 2
29 45 2 34 46 2
22 37 2 28 38 2
41 3 2 48 4 2
31 17 2 37 18 2
35 55 2 38 56 2
12 16 2 17 17 2
19 50 2 27 51 2
35 20 2 43 21 2
27 33 3 28 38 3
2 17 3 3 23 3
15 47 3 16 54 3
33 42 3 34 47 3
44 44 3 45 49 3
54 43 3 55 51 3
1 13 3 2 20 3
18 18 3 19 27 3
49 35 3 50 43 3
11 20 3 12 23 3
20 5 3 21 8 3
53 5 3 54 9 3
36 38 3 37 47 3
38 15 3 39 23 3
29 23 3 30 29 3
43 27 3 44 35 3
24 54 3 25 57 3
28 34 3 29 39 3
47 7 3 48 17 3
45 39 3 46 46 3
39 46 3 40 50 3
28 41 3 29 45 3
9 28 3 10 35 3
54 32 3 55 38 3
22 1 4 26 2 4
12 29 4 21 30 4
5 43 4 13 44 4
14 43 4 17 44 4
17 2 4 26 3 4
40 39 4 48 40 4
38 7 4 42 8 4
6 9 4 10 10 4
6 24 4 10 25 4
42 27 4 49 28 4
34 17 4 40 18 4
46 38 4 51 39 4
7 1 4 16 2 4
13 25 4 17 26 4
43 36 4 46 37 4
52 28 4 59 29 4
47 57 4 55 58 4
11 41 4 21 42 4
27 26 4 33 27 4
16 17 4 22 18 4
8 42 4 13 43 4
48 21 4 58 22 4
20 18 4 28 19 4
1 44 4 10 45 4
57 21 5 58 24 5
15 24 5 16 32 5
30 43 5 31 53 5
10 11 5 11 17 5
33 36 5 34 44 5
44 28 5 45 34 5
44 45 5 45 49 5
38 0 5 39 5 5
24 40 5 25 45 5
44 8 5 45 17 5
3 50 5 4 57 5
17 34 5 18 38 5
15 43 5 16 48 5
38 28 5 39 38 5
39 39 5 40 49 5
9 49 5 10 58 5
11 10 5 12 20 5
49 41 5 50 51 5
32 0 5 33 5 5
12 37 5 13 42 5
4 55 5 5 59 5
54 12 5 55 20 5
43 22 5 44 26 5
4 18 5 5 23 5
Net_num 161
Net_id 0
pin_num 5
49 20 0
41 9 0
59 17 0
53 0 0
46 17 0
Net_id 1
pin_num 5
57 55 0
57 54 0
40 54 0
56 41 0
49 50 0
Net_id 2
pin_num 5
17 49 0
13 50 0
13 38 0
24 59 0
23 51 0
Net_id 3
pin_num 5
0 18 0
13 22 0
1 29 0
0 9 0
8 32 0
Net_id 4
pin_num 5
36 47 0
30 47 0
35 29 0
30 59 0
53 33 0
Net_id 5
pin_num 5
45 40 0
39 43 0
40 34 0
43 55 0
59 51 0
Net_id 6
pin_num 5
53 57 0
38 58 0
50 58 0
42 54 0
30 55 0
Net_id 7
pin_num 5
40 47 0
34 44 0
14 45 0
27 46 0
47 46 0
Net_id 8
pin_num 5
2 56 0
10 50 0
0 43 0
20 46 0
3 42 0
Net_id 9
pin_num 5
11 55 0
0 54 0
9 43 0
3 40 0
22 54 0
Net_id 10
pin_num 5
9 36 0
15 36 0
11 31 0
10 14 0
11 18 0
Net_id 11
pin_num 5
12 1 0
9 6 0
1 0 0
33 1 0
3 4 0
Net_id 12
pin_num 5
11 32 0
5 25 0
33 32 0
9 38 0
30 39 0
Net_id 13
pin_num 5
2 7 0
0 6 0
1 12 0
10 8 0
6 8 0
Net_id 14
pin_num 5
49 40 0
42 41 0
48 47 0
37 34 0
21 39 0
Net_id 15
pin_num 5
35 10 0
26 10 0
25 0 0
55 7 0
42 1 0
Net_id 16
pin_num 5
29 54 0
31 56 0
23 57 0
29 51 0
9 59 0
Net_id 17
pin_num 5
52 44 0
57 37 0
59 30 0
58 52 0
52 42 0
Net_id 18
pin_num 5
18 42 0
14 42 0
16 46 0
27 44 0
2 44 0
Net_id 19
pin_num 5
45 49 0
58 49 0
53 59 0
45 53 0
50 42 0
Net_id 20
pin_num 4
38 44 0
41 59 0
51 48 0
34 42 0
Net_id 21
pin_num 4
54 6 0
47 1 0
48 3 0
39 6 0
Net_id 22
pin_num 4
58 32 0
57 45 0
41 45 0
51 41 0
Net_id 23
pin_num 4
10 6 0
12 4 0
13 0 0
26 4 0
Net_id 24
pin_num 4
32 23 0
44 28 0
39 40 0
29 31 0
Net_id 25
pin_num 4
8 24 0
14 24 0
12 47 0
23 38 0
Net_id 26
pin_num 4
13 42 0
4 42 0
11 39 0
9 57 0
Net_id 27
pin_num 4
2 16 0
7 13 0
4 2 0
0 32 0
Net_id 28
pin_num 4
34 2 0
40 0 0
46 18 0
35 15 0
Net_id 29
pin_num 4
12 21 0
21 33 0
9 33 0
16 27 0
Net_id 30
pin_num 4
52 51 0
58 31 0
44 49 0
39 45 0
Net_id 31
pin_num 4
27 58 0
18 49 0
13 52 0
28 56 0
Net_id 32
pin_num 4
9 9 0
19 3 0
37 10 0
23 0 0
Net_id 33
pin_num 4
59 43 0
46 50 0
51 56 0
56 59 0
Net_id 34
pin_num 4
0 48 0
12 48 0
5 47 0
25 48 0
Net_id 35
pin_num 4
20 52 0
24 47 0
29 40 0
33 34 0
Net_id 36
pin_num 4
10 57 0
22 53 0
21 46 0
26 45 0
Net_id 37
pin_num 4
26 14 0
35 21 0
29 27 0
23 22 0
Net_id 38
pin_num 4
16 12 0
1 6 0
18 12 0
4 0 0
Net_id 39
pin_num 4
3 45 0
4 45 0
0 5 0
8 58 0
Net_id 40
pin_num 3
31 39 0
36 21 0
28 42 0
Net_id 41
pin_num 3
21 42 0
15 25 0
14 20 0
Net_id 42
pin_num 3
1 4 0
5 11 0
4 21 0
Net_id 43
pin_num 3
10 5 0
31 0 0
3 24 0
Net_id 44
pin_num 3
28 45 0
26 36 0
21 58 0
Net_id 45
pin_num 3
35 28 0
34 22 0
30 16 0
Net_id 46
pin_num 3
31 4 0
15 6 0
27 25 0
Net_id 47
pin_num 3
52 24 0
52 35 0
25 35 0
Net_id 48
pin_num 3
24 48 0
14 52 0
12 23 0
Net_id 49
pin_num 3
28 27 0
25 23 0
26 2 0
Net_id 50
pin_num 3
32 8 0
19 7 0
36 0 0
Net_id 51
pin_num 3
4 11 0
3 30 0
5 21 0
Net_id 52
pin_num 3
57 38 0
50 38 0
51 42 0
Net_id 53
pin_num 3
53 56 0
59 50 0
59 52 0
Net_id 54
pin_num 3
43 27 0
46 22 0
44 15 0
Net_id 55
pin_num 3
27 51 0
38 54 0
22 47 0
Net_id 56
pin_num 3
13 43 0
10 44 0
38 45 0
Net_id 57
pin_num 3
15 22 0
24 28 0
19 9 0
Net_id 58
pin_num 3
33 0 0
12 8 0
49 3 0
Net_id 59
pin_num 3
36 18 0
54 28 0
58 20 0
Net_id 60
pin_num 3
30 7 0
37 12 0
8 10 0
Net_id 61
pin_num 3
43 39 0
59 49 0
55 25 0
Net_id 62
pin_num 3
39 32 0
49 18 0
56 40 0
Net_id 63
pin_num 3
38 32 0
14 6 0
14 4 0
Net_id 64
pin_num 3
36 20 0
26 24 0
26 9 0
Net_id 65
pin_num 3
18 30 0
7 27 0
2 0 0
Net_id 66
pin_num 3
8 9 0
12 0 0
7 6 0
Net_id 67
pin_num 3
2 1 0
13 17 0
3 31 0
Net_id 68
pin_num 3
41 31 0
57 17 0
39 22 0
Net_id 69
pin_num 3
9 46 0
6 58 0
8 54 0
Net_id 70
pin_num 3
6 52 0
22 58 0
13 51 0
Net_id 71
pin_num 3
52 19 0
57 24 0
55 9 0
Net_id 72
pin_num 3
25 26 0
11 26 0
42 26 0
Net_id 73
pin_num 3
29 38 0
26 25 0
37 24 0
Net_id 74
pin_num 3
13 11 0
17 18 0
18 36 0
Net_id 75
pin_num 3
50 21 0
23 15 0
43 29 0
Net_id 76
pin_num 3
21 28 0
18 28 0
22 7 0
Net_id 77
pin_num 3
5 27 0
16 39 0
2 29 0
Net_id 78
pin_num 3
1 2 0
15 2 0
6 14 0
Net_id 79
pin_num 3
22 25 0
20 28 0
19 45 0
Net_id 80
pin_num 3
51 25 0
35 19 0
33 13 0
Net_id 81
pin_num 3
56 7 0
59 3 0
54 9 0
Net_id 82
pin_num 2
26 49 0
34 56 0
Net_id 83
pin_num 2
42 50 0
23 58 0
Net_id 84
pin_num 2
46 37 0
43 36 0
Net_id 85
pin_num 2
25 49 0
11 40 0
Net_id 86
pin_num 2
10 28 0
16 28 0
Net_id 87
pin_num 2
13 44 0
26 58 0
Net_id 88
pin_num 2
59 41 0
34 32 0
Net_id 89
pin_num 2
12 39 0
24 45 0
Net_id 90
pin_num 2
6 53 0
15 58 0
Net_id 91
pin_num 2
55 40 0
50 19 0
Net_id 92
pin_num 2
26 18 0
31 18 0
Net_id 93
pin_num 2
21 35 0
5 17 0
Net_id 94
pin_num 2
22 6 0
13 8 0
Net_id 95
pin_num 2
49 4 0
38 8 0
Net_id 96
pin_num 2
23 7 0
38 0 0
Net_id 97
pin_num 2
51 12 0
59 13 0
Net_id 98
pin_num 2
42 15 0
47 23 0
Net_id 99
pin_num 2
4 33 0
1 30 0
Net_id 100
pin_num 2
31 35 0
52 46 0
Net_id 101
pin_num 2
10 45 0
6 45 0
Net_id 102
pin_num 2
41 30 0
43 37 0
Net_id 103
pin_num 2
53 36 0
46 38 0
Net_id 104
pin_num 2
41 44 0
47 41 0
Net_id 105
pin_num 2
35 17 0
12 15 0
Net_id 106
pin_num 2
38 42 0
29 9 0
Net_id 107
pin_num 2
19 19 0
35 18 0
Net_id 108
pin_num 2
49 55 0
59 54 0
Net_id 109
pin_num 2
58 51 0
57 46 0
Net_id 110
pin_num 2
51 4 0
40 13 0
Net_id 111
pin_num 2
32 28 0
47 43 0
Net_id 112
pin_num 2
46 8 0
27 2 0
Net_id 113
pin_num 2
8 17 0
15 4 0
Net_id 114
pin_num 2
44 11 0
58 3 0
Net_id 115
pin_num 2
41 48 0
37 48 0
Net_id 116
pin_num 2
51 10 0
42 14 0
Net_id 117
pin_num 2
54 46 0
43 56 0
Net_id 118
pin_num 2
29 53 0
53 58 0
Net_id 119
pin_num 2
44 48 0
40 28 0
Net_id 120
pin_num 2
50 41 0
44 47 0
Net_id 121
pin_num 2
44 38 0
27 53 0
Net_id 122
pin_num 2
50 13 0
41 22 0
Net_id 123
pin_num 2
53 47 0
47 42 0
Net_id 124
pin_num 2
2 32 0
15 24 0
Net_id 125
pin_num 2
23 2 0
8 6 0
Net_id 126
pin_num 2
33 38 0
55 47 0
Net_id 127
pin_num 2
58 59 0
56 39 0
Net_id 128
pin_num 2
22 11 0
11 3 0
Net_id 129
pin_num 2
18 38 0
7 26 0
Net_id 130
pin_num 2
49 29 0
58 10 0
Net_id 131
pin_num 2
25 34 0
22 36 0
Net_id 132
pin_num 2
7 11 0
12 13 0
Net_id 133
pin_num 2
54 14 0
33 22 0
Net_id 134
pin_num 2
46 55 0
51 46 0
Net_id 135
pin_num 2
47 17 0
59 23 0
Net_id 136
pin_num 2
10 16 0
10 37 0
Net_id 137
pin_num 2
7 40 0
10 58 0
Net_id 138
pin_num 2
58 30 0
32 38 0
Net_id 139
pin_num 2
34 52 0
26 48 0
Net_id 140
pin_num 2
46 16 0
34 36 0
Net_id 141
pin_num 2
30 37 0
45 50 0
Net_id 142
pin_num 2
48 28 0
45 30 0
Net_id 143
pin_num 2
7 33 0
7 21 0
Net_id 144
pin_num 2
9 47 0
5 58 0
Net_id 145
pin_num 2
25 12 0
45 24 0
Net_id 146
pin_num 2
57 6 0
51 3 0
Net_id 147
pin_num 2
55 48 0
56 27 0
Net_id 148
pin_num 2
20 4 0
13 6 0
Net_id 149
pin_num 2
9 44 0
4 40 0
Net_id 150
pin_num 2
7 41 0
1 44 0
Net_id 151
pin_num 2
52 34 0
51 31 0
Net_id 152
pin_num 2
10 13 0
14 47 0
Net_id 153
pin_num 2
35 8 0
25 18 0
Net_id 154
pin_num 2
57 3 0
42 10 0
Net_id 155
pin_num 2
21 40 0
34 30 0
Net_id 156
pin_num 2
54 26 0
42 49 0
Net_id 157
pin_num 2
44 24 0
38 24 0
Net_id 158
pin_num 2
39 25 0
23 21 0
Net_id 159
pin_num 2
26 31 0
22 31 0
Net_id 160
pin_num 2
51 52 0
29 39 0
