Width 60
Height 60
Layer 6
Total_WL 6400
Obstacle_num 144
44 26 0 50 27 0
53 33 0 56 34 0
37 31 0 42 32 0
15 17 0 18 18 0
14 31 0 21 32 0
3 12 0 10 13 0
17 20 0 25 21 0
7 16 0 16 17 0
52 28 0 57 29 0
45 43 0 55 44 0
25 6 0 31 7 0
4 0 0 12 1 0
10 58 0 13 59 0
1 18 0 5 19 0
40 14 0 47 15 0
20 55 0 30 56 0
18 14 0 23 15 0
50 36 0 59 37 0
20 48 0 25 49 0
43 41 0 51 42 0
35 44 0 38 45 0
29 25 0 35 26 0
48 7 0 52 8 0
30 24 0 34 25 0
41 4 1 42 12 1
49 39 1 50 47 1
55 31 1 56 40 1
27 33 1 28 38 1
17 47 1 18 51 1
52 4 1 53 11 1
28 14 1 29 22 1
54 8 1 55 13 1
49 19 1 50 29 1
27 19 1 28 29 1
58 3 1 59 10 1
53 37 1 54 41 1
47 33 1 48 37 1
56 52 1 57 56 1
33 36 1 34 40 1
0 5 1 1 15 1
15 0 1 16 5 1
41 55 1 42 58 1
16 20 1 17 24 1
15 16 1 16 25 1
0 23 1 1 28 1
26 2 1 27 10 1
54 21 1 55 28 1
35 25 1 36 31 1
24 13 2 27 14 2
3 12 2 13 13 2
17 35 2 25 36 2
22 16 2 25 17 2
31 3 2 37 4 2
0 4 2 3 5 2
49 13 2 54 14 2
5 5 2 11 6 2
33 20 2 37 21 2
25 7 2 29 8 2
23 30 2 33 31 2
11 52 2 16 53 2
9 51 2 15 52 2
25 12 2 33 13 2
9 31 2 18 32 2
26 36 2 31 37 2
2 25 2 11 26 2
22 50 2 26 51 2
30 13 2 37 14 2
21 41 2 30 42 2
29 29 2 33 30 2
51 22 2 56 23 2
48 32 2 52 33 2
6 31 2 9 32 2
5 45 3 6 55 3
42 29 3 43 37 3
33 7 3 34 11 3
3 52 3 4 58 3
17 6 3 18 15 3
12 14 3 13 22 3
13 11 3 14 18 3
45 47 3 46 52 3
52 51 3 53 58 3
21 7 3 22 17 3
44 13 3 45 22 3
11 19 3 12 22 3
9 13 3 10 16 3
15 45 3 16 49 3
34 38 3 35 41 3
18 34 3 19 38 3
56 3 3 57 7 3
45 5 3 46 13 3
9 27 3 10 33 3
45 38 3 46 44 3
0 20 3 1 27 3
56 30 3 57 35 3
3 19 3 4 25 3
2 16 3 3 22 3
16 50 4 25 51 4
0 55 4 3 56 4
33 12 4 40 13 4
25 28 4 34 29 4
24 51 4 30 52 4
20 57 4 28 58 4
50 46 4 59 47 4
26 30 4 34 31 4
28 1 4 38 2 4
19 30 4 26 31 4
17 36 4 22 37 4
17 12 4 23 13 4
3 48 4 7 49 4
34 38 4 39 39 4
15 52 4 24 53 4
21 5 4 30 6 4
16 43 4 22 44 4
7 25 4 15 26 4
39 46 4 43 47 4
1 49 4 10 50 4
5 11 4 15 12 4
30 43 4 36 44 4
23 39 4 27 40 4
45 37 4 52 38 4
19 2 5 20 12 5
33 32 5 34 37 5
21 30 5 22 33 5
44 38 5 45 46 5
0 32 5 1 42 5
35 37 5 36 43 5
27 37 5 28 44 5
46 19 5 47 27 5
39 8 5 40 17 5
9 32 5 10 39 5
4 43 5 5 49 5
36 22 5 37 26 5
16 45 5 17 52 5
53 33 5 54 39 5
32 11 5 33 21 5
46 29 5 47 38 5
4 7 5 5 14 5
50 10 5 51 20 5
55 45 5 56 49 5
36 37 5 37 41 5
11 55 5 12 58 5
8 26 5 9 31 5
4 23 5 5 33 5
36 13 5 37 22 5
Net_num 159
Net_id 0
pin_num 5
12 3 0
20 0 0
19 19 0
0 15 0
11 4 0
Net_id 1
pin_num 5
21 12 0
21 5 0
12 6 0
26 12 0
33 8 0
Net_id 2
pin_num 5
48 32 0
57 30 0
50 37 0
50 23 0
31 32 0
Net_id 3
pin_num 5
13 37 0
28 37 0
25 48 0
19 42 0
20 41 0
Net_id 4
pin_num 5
36 24 0
40 13 0
34 15 0
36 8 0
34 33 0
Net_id 5
pin_num 5
29 36 0
17 36 0
25 15 0
23 33 0
40 35 0
Net_id 6
pin_num 5
14 35 0
28 42 0
28 44 0
6 40 0
14 30 0
Net_id 7
pin_num 5
42 22 0
30 16 0
59 18 0
36 18 0
29 22 0
Net_id 8
pin_num 5
44 54 0
43 45 0
36 45 0
23 52 0
32 35 0
Net_id 9
pin_num 5
43 13 0
52 23 0
50 38 0
43 40 0
59 40 0
Net_id 10
pin_num 5
43 25 0
47 25 0
59 26 0
51 45 0
59 41 0
Net_id 11
pin_num 5
20 22 0
14 22 0
21 0 0
0 16 0
13 34 0
Net_id 12
pin_num 5
2 31 0
6 23 0
9 28 0
6 3 0
6 33 0
Net_id 13
pin_num 5
2 19 0
1 21 0
1 26 0
14 17 0
13 29 0
Net_id 14
pin_num 5
49 12 0
41 23 0
57 20 0
51 4 0
42 9 0
Net_id 15
pin_num 5
21 51 0
29 47 0
52 51 0
34 59 0
36 54 0
Net_id 16
pin_num 5
18 9 0
29 9 0
22 5 0
43 6 0
22 1 0
Net_id 17
pin_num 5
51 6 0
42 11 0
45 31 0
40 0 0
39 17 0
Net_id 18
pin_num 5
21 8 0
12 1 0
20 13 0
1 0 0
17 13 0
Net_id 19
pin_num 5
24 22 0
19 8 0
38 15 0
32 14 0
29 3 0
Net_id 20
pin_num 4
28 53 0
28 46 0
52 46 0
7 55 0
Net_id 21
pin_num 4
56 33 0
56 26 0
44 27 0
47 24 0
Net_id 22
pin_num 4
10 46 0
3 49 0
4 36 0
12 54 0
Net_id 23
pin_num 4
5 56 0
1 41 0
8 59 0
1 50 0
Net_id 24
pin_num 4
23 35 0
18 21 0
24 21 0
38 29 0
Net_id 25
pin_num 4
47 31 0
48 49 0
58 39 0
29 48 0
Net_id 26
pin_num 4
49 14 0
56 8 0
58 0 0
57 24 0
Net_id 27
pin_num 4
2 15 0
4 14 0
8 15 0
11 20 0
Net_id 28
pin_num 4
32 27 0
26 27 0
42 33 0
29 13 0
Net_id 29
pin_num 4
42 41 0
39 30 0
18 32 0
26 21 0
Net_id 30
pin_num 4
33 18 0
25 18 0
27 8 0
27 1 0
Net_id 31
pin_num 4
55 37 0
59 42 0
48 28 0
59 48 0
Net_id 32
pin_num 4
20 34 0
16 42 0
27 53 0
17 24 0
Net_id 33
pin_num 4
31 17 0
31 8 0
30 5 0
41 13 0
Net_id 34
pin_num 4
24 5 0
34 7 0
25 2 0
53 7 0
Net_id 35
pin_num 4
53 37 0
54 54 0
53 59 0
24 53 0
Net_id 36
pin_num 4
46 27 0
55 13 0
44 21 0
57 28 0
Net_id 37
pin_num 4
2 33 0
13 33 0
3 50 0
26 48 0
Net_id 38
pin_num 4
0 25 0
5 26 0
5 36 0
12 35 0
Net_id 39
pin_num 4
47 11 0
59 12 0
59 13 0
56 17 0
Net_id 40
pin_num 3
58 2 0
51 2 0
57 29 0
Net_id 41
pin_num 3
58 29 0
52 37 0
58 24 0
Net_id 42
pin_num 3
20 32 0
12 20 0
14 53 0
Net_id 43
pin_num 3
34 57 0
31 59 0
42 58 0
Net_id 44
pin_num 3
39 42 0
55 30 0
47 40 0
Net_id 45
pin_num 3
1 2 0
11 6 0
11 21 0
Net_id 46
pin_num 3
27 26 0
19 45 0
14 18 0
Net_id 47
pin_num 3
28 45 0
19 55 0
8 43 0
Net_id 48
pin_num 3
12 21 0
22 18 0
21 34 0
Net_id 49
pin_num 3
11 7 0
3 0 0
5 18 0
Net_id 50
pin_num 3
10 53 0
1 44 0
9 59 0
Net_id 51
pin_num 3
58 42 0
46 44 0
39 39 0
Net_id 52
pin_num 3
1 52 0
5 57 0
1 48 0
Net_id 53
pin_num 3
51 35 0
40 48 0
39 38 0
Net_id 54
pin_num 3
58 34 0
50 45 0
54 19 0
Net_id 55
pin_num 3
27 15 0
24 17 0
25 11 0
Net_id 56
pin_num 3
0 47 0
14 59 0
10 56 0
Net_id 57
pin_num 3
7 6 0
2 8 0
12 4 0
Net_id 58
pin_num 3
25 30 0
14 41 0
15 25 0
Net_id 59
pin_num 3
39 57 0
58 20 0
42 25 0
Net_id 60
pin_num 3
39 33 0
42 26 0
55 10 0
Net_id 61
pin_num 3
36 0 0
24 7 0
49 2 0
Net_id 62
pin_num 3
37 53 0
49 53 0
45 59 0
Net_id 63
pin_num 3
45 8 0
39 40 0
33 29 0
Net_id 64
pin_num 3
45 54 0
51 23 0
44 30 0
Net_id 65
pin_num 3
27 28 0
29 49 0
58 46 0
Net_id 66
pin_num 3
42 47 0
26 53 0
15 59 0
Net_id 67
pin_num 3
58 27 0
53 29 0
39 44 0
Net_id 68
pin_num 3
39 55 0
27 59 0
17 59 0
Net_id 69
pin_num 3
37 5 0
53 1 0
59 9 0
Net_id 70
pin_num 3
37 3 0
26 1 0
35 8 0
Net_id 71
pin_num 3
54 12 0
50 5 0
25 10 0
Net_id 72
pin_num 3
12 48 0
24 56 0
1 42 0
Net_id 73
pin_num 3
14 25 0
9 30 0
9 5 0
Net_id 74
pin_num 3
13 52 0
6 56 0
1 37 0
Net_id 75
pin_num 3
17 33 0
23 23 0
30 35 0
Net_id 76
pin_num 3
1 11 0
12 11 0
25 4 0
Net_id 77
pin_num 3
13 41 0
10 45 0
18 47 0
Net_id 78
pin_num 3
10 55 0
13 58 0
23 58 0
Net_id 79
pin_num 3
20 4 0
10 19 0
23 15 0
Net_id 80
pin_num 2
3 35 0
9 42 0
Net_id 81
pin_num 2
13 7 0
10 9 0
Net_id 82
pin_num 2
21 15 0
16 15 0
Net_id 83
pin_num 2
19 28 0
23 28 0
Net_id 84
pin_num 2
30 55 0
32 53 0
Net_id 85
pin_num 2
18 4 0
10 18 0
Net_id 86
pin_num 2
58 3 0
38 23 0
Net_id 87
pin_num 2
26 17 0
30 45 0
Net_id 88
pin_num 2
44 44 0
53 50 0
Net_id 89
pin_num 2
18 41 0
36 25 0
Net_id 90
pin_num 2
42 4 0
35 4 0
Net_id 91
pin_num 2
6 22 0
35 11 0
Net_id 92
pin_num 2
17 51 0
21 56 0
Net_id 93
pin_num 2
10 57 0
19 57 0
Net_id 94
pin_num 2
26 31 0
37 21 0
Net_id 95
pin_num 2
33 53 0
37 58 0
Net_id 96
pin_num 2
14 2 0
2 12 0
Net_id 97
pin_num 2
18 22 0
11 26 0
Net_id 98
pin_num 2
35 37 0
29 35 0
Net_id 99
pin_num 2
50 13 0
35 19 0
Net_id 100
pin_num 2
14 5 0
23 17 0
Net_id 101
pin_num 2
58 15 0
21 38 0
Net_id 102
pin_num 2
33 1 0
46 8 0
Net_id 103
pin_num 2
34 19 0
22 10 0
Net_id 104
pin_num 2
0 55 0
13 40 0
Net_id 105
pin_num 2
46 11 0
28 22 0
Net_id 106
pin_num 2
17 46 0
27 54 0
Net_id 107
pin_num 2
15 55 0
44 29 0
Net_id 108
pin_num 2
16 53 0
25 56 0
Net_id 109
pin_num 2
9 8 0
0 28 0
Net_id 110
pin_num 2
22 38 0
27 38 0
Net_id 111
pin_num 2
43 4 0
50 1 0
Net_id 112
pin_num 2
8 9 0
3 9 0
Net_id 113
pin_num 2
54 13 0
50 44 0
Net_id 114
pin_num 2
8 38 0
2 43 0
Net_id 115
pin_num 2
26 28 0
24 41 0
Net_id 116
pin_num 2
23 14 0
39 25 0
Net_id 117
pin_num 2
24 57 0
3 51 0
Net_id 118
pin_num 2
42 36 0
31 38 0
Net_id 119
pin_num 2
0 2 0
12 5 0
Net_id 120
pin_num 2
13 38 0
33 28 0
Net_id 121
pin_num 2
20 40 0
36 58 0
Net_id 122
pin_num 2
15 9 0
24 23 0
Net_id 123
pin_num 2
32 44 0
29 43 0
Net_id 124
pin_num 2
7 59 0
7 57 0
Net_id 125
pin_num 2
39 6 0
48 10 0
Net_id 126
pin_num 2
1 35 0
2 32 0
Net_id 127
pin_num 2
44 16 0
15 42 0
Net_id 128
pin_num 2
19 3 0
24 2 0
Net_id 129
pin_num 2
56 35 0
57 37 0
Net_id 130
pin_num 2
32 59 0
33 50 0
Net_id 131
pin_num 2
53 3 0
24 18 0
Net_id 132
pin_num 2
24 4 0
13 10 0
Net_id 133
pin_num 2
33 5 0
51 1 0
Net_id 134
pin_num 2
55 57 0
49 49 0
Net_id 135
pin_num 2
29 8 0
35 13 0
Net_id 136
pin_num 2
45 16 0
52 16 0
Net_id 137
pin_num 2
7 5 0
10 6 0
Net_id 138
pin_num 2
47 30 0
37 0 0
Net_id 139
pin_num 2
7 45 0
24 58 0
Net_id 140
pin_num 2
55 46 0
47 47 0
Net_id 141
pin_num 2
59 43 0
52 59 0
Net_id 142
pin_num 2
41 10 0
28 10 0
Net_id 143
pin_num 2
53 45 0
56 39 0
Net_id 144
pin_num 2
4 16 0
2 22 0
Net_id 145
pin_num 2
26 20 0
30 20 0
Net_id 146
pin_num 2
0 13 0
18 16 0
Net_id 147
pin_num 2
7 44 0
2 46 0
Net_id 148
pin_num 2
49 8 0
53 8 0
Net_id 149
pin_num 2
14 56 0
26 59 0
Net_id 150
pin_num 2
49 36 0
38 30 0
Net_id 151
pin_num 2
34 21 0
28 34 0
Net_id 152
pin_num 2
50 57 0
46 48 0
Net_id 153
pin_num 2
11 12 0
19 12 0
Net_id 154
pin_num 2
16 49 0
21 47 0
Net_id 155
pin_num 2
23 13 0
28 13 0
Net_id 156
pin_num 2
33 33 0
26 30 0
Net_id 157
pin_num 2
44 48 0
46 52 0
Net_id 158
pin_num 2
48 19 0
58 1 0
