Width 60
Height 60
Layer 6
Total_WL 6910
Obstacle_num 144
14 41 0 21 42 0
1 57 0 11 58 0
36 48 0 41 49 0
14 24 0 17 25 0
31 36 0 34 37 0
39 32 0 49 33 0
25 19 0 34 20 0
12 58 0 18 59 0
11 28 0 21 29 0
37 11 0 41 12 0
12 18 0 20 19 0
41 0 0 50 1 0
40 3 0 44 4 0
15 48 0 21 49 0
50 30 0 59 31 0
50 50 0 53 51 0
42 50 0 47 51 0
9 32 0 13 33 0
46 41 0 50 42 0
33 42 0 41 43 0
10 51 0 13 52 0
17 47 0 22 48 0
50 55 0 55 56 0
46 6 0 56 7 0
11 30 1 12 38 1
43 5 1 44 15 1
58 40 1 59 46 1
18 34 1 19 44 1
6 50 1 7 57 1
50 42 1 51 52 1
23 37 1 24 42 1
50 27 1 51 37 1
54 29 1 55 39 1
41 5 1 42 15 1
21 22 1 22 31 1
38 34 1 39 37 1
0 48 1 1 58 1
48 39 1 49 42 1
53 33 1 54 41 1
52 13 1 53 16 1
27 50 1 28 58 1
16 10 1 17 16 1
15 46 1 16 54 1
27 33 1 28 38 1
0 14 1 1 23 1
50 23 1 51 26 1
57 9 1 58 16 1
3 29 1 4 33 1
14 57 2 24 58 2
2 38 2 5 39 2
28 5 2 34 6 2
33 0 2 39 1 2
6 1 2 14 2 2
43 9 2 49 10 2
11 0 2 16 1 2
16 9 2 20 10 2
20 45 2 30 46 2
20 14 2 23 15 2
45 1 2 53 2 2
15 20 2 22 21 2
3 53 2 6 54 2
31 55 2 38 56 2
3 12 2 10 13 2
49 13 2 58 14 2
11 4 2 20 5 2
37 35 2 47 36 2
21 43 2 31 44 2
7 47 2 13 48 2
24 12 2 28 13 2
0 13 2 8 14 2
5 31 2 15 32 2
15 55 2 23 56 2
19 16 3 20 22 3
30 0 3 31 3 3
25 46 3 26 55 3
12 34 3 13 42 3
41 16 3 42 25 3
20 33 3 21 42 3
5 31 3 6 38 3
0 30 3 1 39 3
43 52 3 44 59 3
55 14 3 56 21 3
3 15 3 4 23 3
4 1 3 5 8 3
32 5 3 33 12 3
32 30 3 33 39 3
5 17 3 6 22 3
25 14 3 26 18 3
37 34 3 38 38 3
45 43 3 46 46 3
14 12 3 15 19 3
51 36 3 52 41 3
45 9 3 46 19 3
46 15 3 47 24 3
43 8 3 44 13 3
2 7 3 3 13 3
49 31 4 52 32 4
2 45 4 10 46 4
19 33 4 25 34 4
33 57 4 40 58 4
26 45 4 29 46 4
19 7 4 27 8 4
10 42 4 13 43 4
27 19 4 34 20 4
51 51 4 56 52 4
44 52 4 51 53 4
9 10 4 19 11 4
20 38 4 25 39 4
37 4 4 46 5 4
21 22 4 27 23 4
42 19 4 47 20 4
25 6 4 28 7 4
36 3 4 46 4 4
36 14 4 43 15 4
38 44 4 42 45 4
49 13 4 55 14 4
7 32 4 12 33 4
0 40 4 8 41 4
48 14 4 56 15 4
25 35 4 34 36 4
9 34 5 10 38 5
58 41 5 59 45 5
39 14 5 40 19 5
0 44 5 1 49 5
52 39 5 53 45 5
0 50 5 1 58 5
57 36 5 58 40 5
43 7 5 44 10 5
10 53 5 11 59 5
31 20 5 32 27 5
11 44 5 12 48 5
55 45 5 56 49 5
28 55 5 29 58 5
29 7 5 30 12 5
26 39 5 27 42 5
4 41 5 5 46 5
43 17 5 44 27 5
30 16 5 31 24 5
45 46 5 46 50 5
10 12 5 11 16 5
27 16 5 28 19 5
13 25 5 14 29 5
56 22 5 57 30 5
30 50 5 31 56 5
Net_num 162
Net_id 0
pin_num 5
21 58 0
24 57 0
19 59 0
40 58 0
38 44 0
Net_id 1
pin_num 5
47 21 0
48 19 0
27 21 0
38 7 0
34 20 0
Net_id 2
pin_num 5
7 58 0
15 59 0
13 49 0
34 49 0
1 59 0
Net_id 3
pin_num 5
50 44 0
38 37 0
42 59 0
42 31 0
39 33 0
Net_id 4
pin_num 5
45 28 0
32 23 0
36 49 0
51 32 0
22 23 0
Net_id 5
pin_num 5
45 35 0
39 31 0
59 35 0
56 51 0
47 27 0
Net_id 6
pin_num 5
38 1 0
31 3 0
34 19 0
41 2 0
29 0 0
Net_id 7
pin_num 5
34 56 0
13 56 0
5 56 0
16 36 0
18 46 0
Net_id 8
pin_num 5
11 20 0
2 20 0
1 32 0
15 22 0
5 11 0
Net_id 9
pin_num 5
5 31 0
2 43 0
5 47 0
22 39 0
4 32 0
Net_id 10
pin_num 5
36 41 0
17 43 0
25 33 0
12 38 0
37 37 0
Net_id 11
pin_num 5
14 36 0
15 54 0
19 40 0
3 33 0
12 49 0
Net_id 12
pin_num 5
50 57 0
51 36 0
59 45 0
35 53 0
59 53 0
Net_id 13
pin_num 5
22 40 0
37 46 0
39 41 0
45 33 0
46 38 0
Net_id 14
pin_num 5
37 31 0
30 42 0
24 32 0
30 37 0
55 33 0
Net_id 15
pin_num 5
52 34 0
41 42 0
49 37 0
59 41 0
43 45 0
Net_id 16
pin_num 5
13 22 0
19 15 0
17 8 0
1 9 0
17 42 0
Net_id 17
pin_num 5
56 43 0
59 46 0
30 45 0
59 59 0
51 21 0
Net_id 18
pin_num 5
33 59 0
46 52 0
35 59 0
43 54 0
36 54 0
Net_id 19
pin_num 5
41 45 0
45 57 0
32 53 0
44 25 0
57 48 0
Net_id 20
pin_num 5
43 26 0
32 27 0
33 13 0
24 26 0
23 27 0
Net_id 21
pin_num 5
13 35 0
15 32 0
2 33 0
8 49 0
3 35 0
Net_id 22
pin_num 4
57 28 0
57 17 0
59 0 0
56 19 0
Net_id 23
pin_num 4
30 7 0
34 22 0
13 7 0
34 43 0
Net_id 24
pin_num 4
20 57 0
15 55 0
42 58 0
39 47 0
Net_id 25
pin_num 4
35 20 0
44 11 0
51 0 0
44 14 0
Net_id 26
pin_num 4
36 17 0
46 16 0
49 31 0
55 10 0
Net_id 27
pin_num 4
31 39 0
22 42 0
23 52 0
46 43 0
Net_id 28
pin_num 4
47 26 0
43 36 0
59 30 0
53 21 0
Net_id 29
pin_num 4
34 17 0
44 10 0
39 0 0
27 10 0
Net_id 30
pin_num 4
28 30 0
22 26 0
13 41 0
40 36 0
Net_id 31
pin_num 4
54 33 0
43 25 0
54 28 0
54 22 0
Net_id 32
pin_num 4
48 4 0
45 2 0
37 8 0
29 2 0
Net_id 33
pin_num 4
51 10 0
59 16 0
50 15 0
58 5 0
Net_id 34
pin_num 4
6 8 0
10 0 0
6 0 0
12 5 0
Net_id 35
pin_num 4
2 1 0
1 12 0
16 0 0
11 11 0
Net_id 36
pin_num 4
43 2 0
48 8 0
42 22 0
50 0 0
Net_id 37
pin_num 4
10 10 0
24 3 0
12 17 0
17 0 0
Net_id 38
pin_num 4
13 26 0
5 28 0
10 31 0
15 30 0
Net_id 39
pin_num 4
57 23 0
47 17 0
59 22 0
59 39 0
Net_id 40
pin_num 4
32 34 0
43 34 0
8 34 0
15 27 0
Net_id 41
pin_num 4
51 18 0
49 10 0
45 5 0
24 5 0
Net_id 42
pin_num 3
26 0 0
15 2 0
8 26 0
Net_id 43
pin_num 3
49 55 0
35 47 0
36 22 0
Net_id 44
pin_num 3
16 50 0
36 51 0
14 59 0
Net_id 45
pin_num 3
21 53 0
12 53 0
1 53 0
Net_id 46
pin_num 3
39 8 0
46 12 0
30 16 0
Net_id 47
pin_num 3
54 52 0
43 57 0
55 55 0
Net_id 48
pin_num 3
41 23 0
52 44 0
59 23 0
Net_id 49
pin_num 3
28 59 0
35 51 0
35 25 0
Net_id 50
pin_num 3
29 3 0
38 2 0
50 1 0
Net_id 51
pin_num 3
16 35 0
20 44 0
20 58 0
Net_id 52
pin_num 3
37 29 0
31 29 0
30 46 0
Net_id 53
pin_num 3
51 5 0
40 6 0
23 26 0
Net_id 54
pin_num 3
44 16 0
32 16 0
58 25 0
Net_id 55
pin_num 3
17 14 0
22 9 0
53 1 0
Net_id 56
pin_num 3
4 3 0
0 11 0
9 7 0
Net_id 57
pin_num 3
49 17 0
50 37 0
55 16 0
Net_id 58
pin_num 3
12 4 0
6 6 0
4 16 0
Net_id 59
pin_num 3
38 14 0
55 37 0
46 13 0
Net_id 60
pin_num 3
18 32 0
11 12 0
26 28 0
Net_id 61
pin_num 3
57 2 0
58 8 0
52 7 0
Net_id 62
pin_num 3
2 41 0
1 48 0
12 44 0
Net_id 63
pin_num 3
6 56 0
25 46 0
19 38 0
Net_id 64
pin_num 3
34 30 0
48 26 0
37 4 0
Net_id 65
pin_num 3
24 16 0
20 16 0
20 25 0
Net_id 66
pin_num 3
30 49 0
15 49 0
29 25 0
Net_id 67
pin_num 3
37 13 0
32 14 0
48 7 0
Net_id 68
pin_num 3
57 34 0
57 44 0
40 29 0
Net_id 69
pin_num 3
2 32 0
19 26 0
7 19 0
Net_id 70
pin_num 3
29 10 0
37 10 0
49 4 0
Net_id 71
pin_num 3
9 31 0
9 38 0
19 30 0
Net_id 72
pin_num 3
17 5 0
26 4 0
19 4 0
Net_id 73
pin_num 3
34 18 0
47 18 0
19 24 0
Net_id 74
pin_num 3
48 54 0
57 58 0
58 47 0
Net_id 75
pin_num 3
49 53 0
34 54 0
41 25 0
Net_id 76
pin_num 3
53 45 0
58 37 0
56 52 0
Net_id 77
pin_num 3
41 47 0
34 44 0
52 56 0
Net_id 78
pin_num 3
39 23 0
33 12 0
36 24 0
Net_id 79
pin_num 3
14 57 0
8 59 0
7 55 0
Net_id 80
pin_num 3
2 17 0
51 27 0
30 25 0
Net_id 81
pin_num 3
56 3 0
58 4 0
52 21 0
Net_id 82
pin_num 2
12 0 0
16 16 0
Net_id 83
pin_num 2
50 11 0
45 11 0
Net_id 84
pin_num 2
8 13 0
7 0 0
Net_id 85
pin_num 2
1 2 0
10 16 0
Net_id 86
pin_num 2
55 48 0
42 53 0
Net_id 87
pin_num 2
3 16 0
0 23 0
Net_id 88
pin_num 2
8 1 0
26 10 0
Net_id 89
pin_num 2
5 45 0
3 27 0
Net_id 90
pin_num 2
0 40 0
21 54 0
Net_id 91
pin_num 2
13 48 0
2 56 0
Net_id 92
pin_num 2
20 40 0
20 27 0
Net_id 93
pin_num 2
0 29 0
24 35 0
Net_id 94
pin_num 2
11 49 0
7 34 0
Net_id 95
pin_num 2
52 40 0
59 58 0
Net_id 96
pin_num 2
33 9 0
24 9 0
Net_id 97
pin_num 2
9 44 0
28 22 0
Net_id 98
pin_num 2
34 24 0
18 16 0
Net_id 99
pin_num 2
5 23 0
9 19 0
Net_id 100
pin_num 2
17 25 0
3 14 0
Net_id 101
pin_num 2
30 55 0
39 56 0
Net_id 102
pin_num 2
33 46 0
37 45 0
Net_id 103
pin_num 2
56 10 0
49 23 0
Net_id 104
pin_num 2
25 45 0
18 45 0
Net_id 105
pin_num 2
29 28 0
43 15 0
Net_id 106
pin_num 2
5 30 0
14 26 0
Net_id 107
pin_num 2
17 21 0
35 8 0
Net_id 108
pin_num 2
16 26 0
26 22 0
Net_id 109
pin_num 2
39 38 0
21 21 0
Net_id 110
pin_num 2
18 31 0
1 19 0
Net_id 111
pin_num 2
14 3 0
25 11 0
Net_id 112
pin_num 2
29 55 0
12 52 0
Net_id 113
pin_num 2
18 4 0
7 2 0
Net_id 114
pin_num 2
47 12 0
49 27 0
Net_id 115
pin_num 2
21 29 0
8 36 0
Net_id 116
pin_num 2
52 3 0
51 12 0
Net_id 117
pin_num 2
46 25 0
57 29 0
Net_id 118
pin_num 2
22 2 0
31 11 0
Net_id 119
pin_num 2
17 23 0
2 37 0
Net_id 120
pin_num 2
28 27 0
24 20 0
Net_id 121
pin_num 2
50 7 0
59 17 0
Net_id 122
pin_num 2
0 49 0
9 54 0
Net_id 123
pin_num 2
50 21 0
46 27 0
Net_id 124
pin_num 2
49 43 0
56 28 0
Net_id 125
pin_num 2
1 17 0
19 25 0
Net_id 126
pin_num 2
22 38 0
33 39 0
Net_id 127
pin_num 2
45 29 0
56 32 0
Net_id 128
pin_num 2
25 37 0
45 58 0
Net_id 129
pin_num 2
56 22 0
59 18 0
Net_id 130
pin_num 2
57 55 0
55 39 0
Net_id 131
pin_num 2
20 36 0
14 40 0
Net_id 132
pin_num 2
34 4 0
21 3 0
Net_id 133
pin_num 2
35 40 0
32 45 0
Net_id 134
pin_num 2
9 21 0
3 44 0
Net_id 135
pin_num 2
23 22 0
26 20 0
Net_id 136
pin_num 2
30 36 0
22 36 0
Net_id 137
pin_num 2
4 15 0
5 24 0
Net_id 138
pin_num 2
52 13 0
48 18 0
Net_id 139
pin_num 2
53 32 0
57 27 0
Net_id 140
pin_num 2
9 47 0
22 21 0
Net_id 141
pin_num 2
3 56 0
5 59 0
Net_id 142
pin_num 2
55 26 0
37 35 0
Net_id 143
pin_num 2
27 4 0
47 14 0
Net_id 144
pin_num 2
26 51 0
47 49 0
Net_id 145
pin_num 2
20 6 0
12 7 0
Net_id 146
pin_num 2
5 32 0
8 33 0
Net_id 147
pin_num 2
27 42 0
29 43 0
Net_id 148
pin_num 2
11 45 0
34 59 0
Net_id 149
pin_num 2
44 22 0
47 20 0
Net_id 150
pin_num 2
18 13 0
40 7 0
Net_id 151
pin_num 2
8 37 0
4 51 0
Net_id 152
pin_num 2
33 30 0
37 25 0
Net_id 153
pin_num 2
30 27 0
39 39 0
Net_id 154
pin_num 2
31 12 0
47 5 0
Net_id 155
pin_num 2
9 42 0
4 36 0
Net_id 156
pin_num 2
56 11 0
48 27 0
Net_id 157
pin_num 2
1 42 0
22 44 0
Net_id 158
pin_num 2
54 58 0
42 44 0
Net_id 159
pin_num 2
37 32 0
20 21 0
Net_id 160
pin_num 2
37 12 0
52 9 0
Net_id 161
pin_num 2
23 28 0
30 31 0
