Width 60
Height 60
Layer 6
Total_WL 7319
Obstacle_num 144
11 44 0 20 45 0
50 2 0 58 3 0
18 0 0 21 1 0
56 5 0 59 6 0
20 38 0 25 39 0
43 7 0 50 8 0
6 57 0 10 58 0
42 51 0 45 52 0
49 22 0 55 23 0
31 50 0 36 51 0
0 29 0 7 30 0
44 49 0 49 50 0
9 45 0 14 46 0
34 3 0 40 4 0
22 11 0 29 12 0
14 45 0 22 46 0
3 1 0 12 2 0
51 3 0 59 4 0
29 58 0 32 59 0
42 8 0 46 9 0
16 43 0 26 44 0
41 32 0 45 33 0
13 54 0 19 55 0
53 41 0 58 42 0
27 8 1 28 14 1
45 31 1 46 37 1
28 14 1 29 17 1
32 14 1 33 18 1
15 44 1 16 49 1
44 24 1 45 28 1
14 16 1 15 20 1
4 36 1 5 42 1
47 43 1 48 51 1
5 42 1 6 51 1
54 34 1 55 39 1
50 2 1 51 6 1
46 39 1 47 43 1
48 33 1 49 43 1
55 21 1 56 28 1
58 39 1 59 43 1
51 44 1 52 48 1
31 7 1 32 15 1
45 15 1 46 22 1
46 46 1 47 51 1
33 2 1 34 10 1
9 45 1 10 49 1
50 50 1 51 56 1
34 12 1 35 20 1
10 57 2 19 58 2
1 2 2 9 3 2
20 45 2 26 46 2
38 47 2 43 48 2
20 6 2 30 7 2
9 35 2 14 36 2
5 7 2 14 8 2
40 36 2 45 37 2
8 29 2 14 30 2
20 51 2 25 52 2
40 3 2 43 4 2
21 25 2 25 26 2
43 43 2 51 44 2
36 14 2 46 15 2
3 47 2 10 48 2
49 24 2 55 25 2
15 50 2 23 51 2
11 3 2 19 4 2
24 47 2 34 48 2
41 8 2 45 9 2
31 41 2 37 42 2
23 52 2 27 53 2
33 17 2 37 18 2
40 0 2 47 1 2
52 3 3 53 11 3
37 37 3 38 41 3
36 20 3 37 30 3
7 22 3 8 29 3
32 38 3 33 41 3
15 20 3 16 25 3
24 48 3 25 55 3
2 0 3 3 8 3
49 32 3 50 37 3
5 1 3 6 9 3
53 25 3 54 32 3
5 29 3 6 35 3
37 28 3 38 31 3
58 12 3 59 16 3
8 29 3 9 37 3
57 49 3 58 59 3
21 25 3 22 30 3
39 15 3 40 21 3
50 56 3 51 59 3
31 33 3 32 37 3
19 25 3 20 32 3
58 35 3 59 42 3
15 7 3 16 12 3
46 28 3 47 32 3
13 47 4 17 48 4
22 51 4 27 52 4
41 43 4 45 44 4
41 49 4 50 50 4
29 36 4 35 37 4
6 34 4 13 35 4
4 0 4 8 1 4
1 23 4 4 24 4
12 50 4 20 51 4
10 27 4 14 28 4
30 21 4 37 22 4
15 43 4 25 44 4
1 50 4 5 51 4
5 7 4 13 8 4
12 1 4 19 2 4
47 51 4 52 52 4
56 40 4 59 41 4
31 34 4 37 35 4
42 37 4 47 38 4
22 21 4 26 22 4
11 39 4 19 40 4
6 24 4 10 25 4
30 22 4 34 23 4
13 37 4 19 38 4
18 17 5 19 26 5
17 4 5 18 9 5
30 1 5 31 5 5
15 30 5 16 39 5
51 52 5 52 59 5
14 54 5 15 58 5
15 52 5 16 59 5
5 20 5 6 30 5
33 7 5 34 13 5
42 43 5 43 52 5
5 46 5 6 51 5
10 22 5 11 31 5
49 29 5 50 35 5
17 26 5 18 36 5
54 4 5 55 14 5
23 3 5 24 13 5
21 37 5 22 46 5
50 25 5 51 32 5
54 25 5 55 28 5
45 44 5 46 50 5
25 37 5 26 42 5
10 53 5 11 57 5
34 21 5 35 25 5
9 46 5 10 53 5
Net_num 165
Net_id 0
pin_num 5
46 1 0
54 0 0
44 0 0
56 11 0
59 10 0
Net_id 1
pin_num 5
20 28 0
9 28 0
19 11 0
19 52 0
10 46 0
Net_id 2
pin_num 5
16 32 0
1 31 0
0 56 0
11 55 0
6 59 0
Net_id 3
pin_num 5
44 15 0
33 14 0
35 28 0
54 14 0
42 4 0
Net_id 4
pin_num 5
15 7 0
14 5 0
10 5 0
14 15 0
1 8 0
Net_id 5
pin_num 5
55 39 0
51 48 0
56 59 0
54 56 0
47 59 0
Net_id 6
pin_num 5
42 41 0
51 41 0
52 26 0
59 36 0
49 32 0
Net_id 7
pin_num 5
54 48 0
47 42 0
41 42 0
57 37 0
51 43 0
Net_id 8
pin_num 5
32 13 0
30 7 0
51 11 0
32 3 0
22 10 0
Net_id 9
pin_num 5
38 41 0
43 34 0
21 34 0
42 2 0
59 49 0
Net_id 10
pin_num 5
44 1 0
38 0 0
40 12 0
43 13 0
37 0 0
Net_id 11
pin_num 5
24 33 0
20 33 0
42 33 0
38 22 0
29 11 0
Net_id 12
pin_num 5
4 48 0
3 40 0
2 33 0
1 34 0
20 32 0
Net_id 13
pin_num 5
0 28 0
8 29 0
24 29 0
14 30 0
22 39 0
Net_id 14
pin_num 5
56 38 0
59 29 0
48 30 0
51 38 0
49 20 0
Net_id 15
pin_num 5
59 35 0
57 20 0
59 14 0
34 32 0
17 32 0
Net_id 16
pin_num 5
34 36 0
31 46 0
52 49 0
9 44 0
27 59 0
Net_id 17
pin_num 5
3 59 0
10 47 0
9 51 0
5 51 0
26 45 0
Net_id 18
pin_num 5
39 6 0
56 7 0
38 6 0
50 29 0
52 15 0
Net_id 19
pin_num 4
39 10 0
33 13 0
50 10 0
54 5 0
Net_id 20
pin_num 4
41 37 0
49 40 0
49 56 0
58 49 0
Net_id 21
pin_num 4
59 40 0
51 40 0
53 18 0
56 49 0
Net_id 22
pin_num 4
6 19 0
4 33 0
43 33 0
26 16 0
Net_id 23
pin_num 4
39 26 0
28 20 0
17 21 0
26 18 0
Net_id 24
pin_num 4
13 48 0
18 46 0
11 58 0
23 59 0
Net_id 25
pin_num 4
49 44 0
44 50 0
51 50 0
49 42 0
Net_id 26
pin_num 4
1 42 0
11 42 0
8 53 0
50 31 0
Net_id 27
pin_num 4
27 45 0
35 55 0
40 47 0
45 59 0
Net_id 28
pin_num 4
44 17 0
52 16 0
30 11 0
47 4 0
Net_id 29
pin_num 4
48 48 0
52 52 0
40 37 0
55 57 0
Net_id 30
pin_num 4
4 52 0
8 58 0
3 50 0
12 42 0
Net_id 31
pin_num 4
9 11 0
19 9 0
0 0 0
27 0 0
Net_id 32
pin_num 4
40 23 0
57 23 0
46 5 0
31 5 0
Net_id 33
pin_num 4
0 26 0
9 19 0
1 1 0
11 0 0
Net_id 34
pin_num 4
13 58 0
1 52 0
6 41 0
4 54 0
Net_id 35
pin_num 4
14 35 0
25 29 0
22 16 0
41 25 0
Net_id 36
pin_num 4
8 47 0
1 39 0
4 45 0
21 52 0
Net_id 37
pin_num 4
59 44 0
41 44 0
45 30 0
54 42 0
Net_id 38
pin_num 4
49 45 0
50 46 0
31 45 0
39 58 0
Net_id 39
pin_num 4
1 10 0
11 18 0
0 3 0
15 3 0
Net_id 40
pin_num 3
26 58 0
21 57 0
15 58 0
Net_id 41
pin_num 3
54 21 0
43 17 0
24 15 0
Net_id 42
pin_num 3
4 36 0
27 36 0
39 43 0
Net_id 43
pin_num 3
4 9 0
1 6 0
13 2 0
Net_id 44
pin_num 3
55 54 0
58 57 0
28 58 0
Net_id 45
pin_num 3
10 17 0
15 19 0
14 37 0
Net_id 46
pin_num 3
55 33 0
35 12 0
17 23 0
Net_id 47
pin_num 3
44 2 0
44 16 0
58 2 0
Net_id 48
pin_num 3
23 42 0
39 44 0
13 55 0
Net_id 49
pin_num 3
42 48 0
58 28 0
54 47 0
Net_id 50
pin_num 3
32 57 0
49 57 0
28 46 0
Net_id 51
pin_num 3
8 37 0
2 26 0
25 31 0
Net_id 52
pin_num 3
8 23 0
2 23 0
16 3 0
Net_id 53
pin_num 3
56 24 0
51 12 0
53 5 0
Net_id 54
pin_num 3
26 23 0
23 20 0
0 17 0
Net_id 55
pin_num 3
54 37 0
57 42 0
56 51 0
Net_id 56
pin_num 3
10 56 0
20 47 0
11 47 0
Net_id 57
pin_num 3
42 49 0
40 43 0
59 25 0
Net_id 58
pin_num 3
54 33 0
42 30 0
52 39 0
Net_id 59
pin_num 3
48 53 0
52 55 0
34 53 0
Net_id 60
pin_num 3
40 32 0
15 17 0
3 39 0
Net_id 61
pin_num 3
47 46 0
40 46 0
58 52 0
Net_id 62
pin_num 3
37 6 0
26 9 0
12 6 0
Net_id 63
pin_num 3
3 11 0
17 0 0
12 1 0
Net_id 64
pin_num 3
17 2 0
0 11 0
8 38 0
Net_id 65
pin_num 3
30 20 0
49 16 0
41 9 0
Net_id 66
pin_num 3
0 53 0
6 45 0
18 56 0
Net_id 67
pin_num 3
50 36 0
23 40 0
36 25 0
Net_id 68
pin_num 3
34 2 0
26 12 0
30 0 0
Net_id 69
pin_num 3
55 22 0
59 28 0
33 26 0
Net_id 70
pin_num 3
46 57 0
59 53 0
46 59 0
Net_id 71
pin_num 3
34 27 0
50 48 0
57 36 0
Net_id 72
pin_num 3
22 47 0
30 55 0
36 48 0
Net_id 73
pin_num 3
22 17 0
44 19 0
33 18 0
Net_id 74
pin_num 3
22 9 0
30 12 0
28 5 0
Net_id 75
pin_num 3
33 29 0
45 24 0
35 24 0
Net_id 76
pin_num 3
11 30 0
7 49 0
0 30 0
Net_id 77
pin_num 3
40 59 0
52 53 0
58 47 0
Net_id 78
pin_num 3
13 20 0
4 35 0
20 25 0
Net_id 79
pin_num 3
8 51 0
4 46 0
14 43 0
Net_id 80
pin_num 3
8 44 0
26 35 0
38 54 0
Net_id 81
pin_num 2
2 49 0
18 59 0
Net_id 82
pin_num 2
20 46 0
46 27 0
Net_id 83
pin_num 2
19 38 0
10 38 0
Net_id 84
pin_num 2
25 34 0
41 27 0
Net_id 85
pin_num 2
31 19 0
22 14 0
Net_id 86
pin_num 2
33 54 0
26 54 0
Net_id 87
pin_num 2
35 4 0
39 4 0
Net_id 88
pin_num 2
36 46 0
32 41 0
Net_id 89
pin_num 2
18 4 0
13 13 0
Net_id 90
pin_num 2
28 48 0
29 43 0
Net_id 91
pin_num 2
49 54 0
57 57 0
Net_id 92
pin_num 2
6 40 0
7 40 0
Net_id 93
pin_num 2
11 22 0
27 16 0
Net_id 94
pin_num 2
26 1 0
13 12 0
Net_id 95
pin_num 2
16 41 0
42 31 0
Net_id 96
pin_num 2
1 26 0
10 21 0
Net_id 97
pin_num 2
26 15 0
34 10 0
Net_id 98
pin_num 2
50 42 0
56 29 0
Net_id 99
pin_num 2
32 30 0
24 30 0
Net_id 100
pin_num 2
1 19 0
12 24 0
Net_id 101
pin_num 2
12 11 0
28 0 0
Net_id 102
pin_num 2
53 35 0
36 49 0
Net_id 103
pin_num 2
29 1 0
25 8 0
Net_id 104
pin_num 2
17 19 0
1 4 0
Net_id 105
pin_num 2
11 40 0
22 44 0
Net_id 106
pin_num 2
57 47 0
48 58 0
Net_id 107
pin_num 2
42 3 0
54 4 0
Net_id 108
pin_num 2
19 4 0
43 21 0
Net_id 109
pin_num 2
49 13 0
51 25 0
Net_id 110
pin_num 2
1 51 0
7 48 0
Net_id 111
pin_num 2
57 18 0
46 21 0
Net_id 112
pin_num 2
11 2 0
31 24 0
Net_id 113
pin_num 2
55 12 0
55 9 0
Net_id 114
pin_num 2
18 49 0
4 57 0
Net_id 115
pin_num 2
31 53 0
49 55 0
Net_id 116
pin_num 2
1 27 0
18 14 0
Net_id 117
pin_num 2
5 5 0
8 24 0
Net_id 118
pin_num 2
23 15 0
1 33 0
Net_id 119
pin_num 2
46 13 0
45 2 0
Net_id 120
pin_num 2
27 58 0
33 55 0
Net_id 121
pin_num 2
46 52 0
57 19 0
Net_id 122
pin_num 2
5 56 0
16 40 0
Net_id 123
pin_num 2
47 55 0
40 54 0
Net_id 124
pin_num 2
26 46 0
16 37 0
Net_id 125
pin_num 2
5 2 0
21 24 0
Net_id 126
pin_num 2
22 55 0
35 56 0
Net_id 127
pin_num 2
22 6 0
15 8 0
Net_id 128
pin_num 2
44 30 0
43 22 0
Net_id 129
pin_num 2
35 5 0
37 7 0
Net_id 130
pin_num 2
34 1 0
6 4 0
Net_id 131
pin_num 2
28 39 0
20 59 0
Net_id 132
pin_num 2
14 24 0
28 22 0
Net_id 133
pin_num 2
13 52 0
7 59 0
Net_id 134
pin_num 2
55 55 0
44 54 0
Net_id 135
pin_num 2
2 13 0
18 1 0
Net_id 136
pin_num 2
59 8 0
43 16 0
Net_id 137
pin_num 2
54 11 0
57 39 0
Net_id 138
pin_num 2
21 12 0
39 22 0
Net_id 139
pin_num 2
38 38 0
55 47 0
Net_id 140
pin_num 2
32 56 0
23 37 0
Net_id 141
pin_num 2
35 9 0
27 10 0
Net_id 142
pin_num 2
33 2 0
11 11 0
Net_id 143
pin_num 2
11 54 0
11 59 0
Net_id 144
pin_num 2
14 50 0
22 49 0
Net_id 145
pin_num 2
36 28 0
53 42 0
Net_id 146
pin_num 2
42 47 0
57 53 0
Net_id 147
pin_num 2
23 2 0
1 11 0
Net_id 148
pin_num 2
55 5 0
58 6 0
Net_id 149
pin_num 2
17 39 0
11 26 0
Net_id 150
pin_num 2
21 48 0
27 48 0
Net_id 151
pin_num 2
31 39 0
16 52 0
Net_id 152
pin_num 2
4 21 0
24 35 0
Net_id 153
pin_num 2
5 25 0
11 21 0
Net_id 154
pin_num 2
39 51 0
27 46 0
Net_id 155
pin_num 2
26 4 0
36 9 0
Net_id 156
pin_num 2
42 19 0
48 20 0
Net_id 157
pin_num 2
56 4 0
37 2 0
Net_id 158
pin_num 2
7 18 0
1 17 0
Net_id 159
pin_num 2
18 55 0
32 52 0
Net_id 160
pin_num 2
8 49 0
8 39 0
Net_id 161
pin_num 2
33 8 0
31 10 0
Net_id 162
pin_num 2
51 51 0
54 50 0
Net_id 163
pin_num 2
47 16 0
30 5 0
Net_id 164
pin_num 2
50 17 0
39 30 0
