Width 60
Height 60
Layer 6
Total_WL 7255
Obstacle_num 144
41 23 0 47 24 0
43 27 0 53 28 0
27 50 0 33 51 0
48 55 0 55 56 0
31 56 0 41 57 0
1 3 0 10 4 0
9 51 0 12 52 0
3 27 0 7 28 0
33 42 0 42 43 0
16 41 0 21 42 0
45 45 0 50 46 0
46 8 0 56 9 0
3 47 0 7 48 0
24 46 0 28 47 0
27 36 0 36 37 0
36 39 0 42 40 0
16 9 0 20 10 0
24 54 0 29 55 0
24 13 0 34 14 0
17 21 0 27 22 0
17 8 0 20 9 0
6 34 0 9 35 0
29 15 0 35 16 0
9 13 0 16 14 0
27 18 1 28 28 1
53 15 1 54 19 1
38 17 1 39 24 1
55 45 1 56 54 1
52 17 1 53 22 1
37 43 1 38 48 1
41 46 1 42 52 1
15 8 1 16 13 1
44 46 1 45 51 1
18 34 1 19 41 1
19 13 1 20 17 1
9 32 1 10 40 1
1 33 1 2 38 1
50 11 1 51 16 1
6 34 1 7 38 1
8 25 1 9 29 1
51 13 1 52 23 1
42 13 1 43 23 1
5 23 1 6 32 1
3 26 1 4 35 1
0 16 1 1 19 1
24 12 1 25 21 1
33 3 1 34 11 1
23 43 1 24 51 1
43 37 2 52 38 2
26 12 2 33 13 2
5 52 2 9 53 2
7 20 2 13 21 2
41 26 2 46 27 2
10 0 2 13 1 2
7 4 2 14 5 2
1 21 2 11 22 2
37 16 2 47 17 2
15 26 2 25 27 2
53 20 2 59 21 2
49 35 2 56 36 2
20 6 2 25 7 2
14 49 2 23 50 2
25 47 2 35 48 2
11 7 2 18 8 2
8 9 2 12 10 2
9 8 2 12 9 2
30 13 2 36 14 2
32 0 2 42 1 2
46 47 2 51 48 2
48 17 2 54 18 2
50 26 2 53 27 2
36 42 2 43 43 2
23 1 3 24 11 3
49 30 3 50 40 3
47 42 3 48 45 3
15 29 3 16 35 3
38 20 3 39 28 3
15 14 3 16 19 3
26 9 3 27 14 3
13 38 3 14 48 3
18 46 3 19 49 3
50 46 3 51 54 3
32 19 3 33 29 3
24 9 3 25 14 3
25 4 3 26 13 3
55 37 3 56 43 3
51 31 3 52 37 3
50 27 3 51 32 3
29 34 3 30 39 3
36 35 3 37 43 3
8 22 3 9 26 3
19 32 3 20 39 3
31 8 3 32 17 3
41 20 3 42 24 3
57 49 3 58 54 3
4 32 3 5 41 3
43 43 4 49 44 4
14 25 4 20 26 4
5 39 4 9 40 4
26 4 4 34 5 4
48 34 4 56 35 4
12 1 4 22 2 4
45 13 4 55 14 4
31 37 4 38 38 4
24 46 4 33 47 4
13 21 4 18 22 4
53 20 4 56 21 4
21 38 4 25 39 4
17 23 4 23 24 4
38 36 4 44 37 4
40 10 4 43 11 4
5 58 4 12 59 4
33 41 4 41 42 4
42 5 4 50 6 4
12 29 4 21 30 4
45 23 4 52 24 4
9 55 4 14 56 4
35 22 4 40 23 4
24 0 4 33 1 4
16 4 4 21 5 4
0 44 5 1 51 5
22 0 5 23 10 5
38 50 5 39 59 5
29 16 5 30 20 5
44 38 5 45 48 5
15 8 5 16 12 5
48 2 5 49 11 5
40 20 5 41 26 5
9 15 5 10 25 5
37 2 5 38 11 5
10 49 5 11 58 5
41 7 5 42 13 5
21 20 5 22 23 5
18 51 5 19 58 5
35 39 5 36 42 5
31 17 5 32 27 5
35 1 5 36 10 5
57 21 5 58 27 5
58 48 5 59 53 5
11 25 5 12 35 5
33 33 5 34 38 5
41 54 5 42 59 5
10 27 5 11 31 5
46 0 5 47 5 5
Net_num 162
Net_id 0
pin_num 5
50 25 0
54 36 0
59 20 0
45 36 0
38 34 0
Net_id 1
pin_num 5
9 43 0
20 49 0
12 59 0
17 38 0
33 47 0
Net_id 2
pin_num 5
25 28 0
40 24 0
27 37 0
11 29 0
26 43 0
Net_id 3
pin_num 5
46 25 0
49 23 0
22 25 0
17 25 0
59 24 0
Net_id 4
pin_num 5
53 50 0
55 59 0
33 55 0
47 52 0
49 59 0
Net_id 5
pin_num 5
52 10 0
55 13 0
59 29 0
54 28 0
48 13 0
Net_id 6
pin_num 5
45 41 0
53 41 0
23 41 0
25 45 0
44 59 0
Net_id 7
pin_num 5
14 23 0
19 23 0
14 37 0
0 22 0
24 33 0
Net_id 8
pin_num 5
19 19 0
21 13 0
20 23 0
23 22 0
35 15 0
Net_id 9
pin_num 5
59 9 0
55 9 0
48 9 0
46 0 0
59 0 0
Net_id 10
pin_num 5
58 4 0
47 9 0
58 11 0
59 3 0
57 11 0
Net_id 11
pin_num 5
36 26 0
43 30 0
40 40 0
37 36 0
41 37 0
Net_id 12
pin_num 5
29 0 0
30 2 0
45 1 0
53 1 0
32 16 0
Net_id 13
pin_num 5
7 9 0
16 6 0
12 3 0
12 21 0
3 20 0
Net_id 14
pin_num 5
31 49 0
21 45 0
28 33 0
24 32 0
47 46 0
Net_id 15
pin_num 5
11 37 0
16 33 0
0 41 0
3 44 0
16 42 0
Net_id 16
pin_num 5
56 40 0
49 29 0
59 58 0
53 59 0
49 19 0
Net_id 17
pin_num 5
2 42 0
0 32 0
14 36 0
0 59 0
5 37 0
Net_id 18
pin_num 5
12 45 0
1 43 0
12 36 0
9 41 0
14 32 0
Net_id 19
pin_num 5
51 57 0
40 54 0
40 49 0
29 54 0
43 59 0
Net_id 20
pin_num 5
47 2 0
45 3 0
33 1 0
47 6 0
51 10 0
Net_id 21
pin_num 4
33 33 0
48 33 0
36 46 0
25 39 0
Net_id 22
pin_num 4
47 35 0
43 47 0
42 29 0
45 54 0
Net_id 23
pin_num 4
12 58 0
10 41 0
27 57 0
21 41 0
Net_id 24
pin_num 4
22 22 0
16 17 0
22 34 0
4 31 0
Net_id 25
pin_num 4
37 28 0
44 34 0
46 50 0
59 49 0
Net_id 26
pin_num 4
40 3 0
29 5 0
36 19 0
58 26 0
Net_id 27
pin_num 4
17 17 0
34 17 0
29 12 0
34 38 0
Net_id 28
pin_num 4
36 29 0
21 28 0
32 19 0
30 9 0
Net_id 29
pin_num 4
16 50 0
7 52 0
26 45 0
29 35 0
Net_id 30
pin_num 4
51 23 0
59 30 0
59 42 0
41 43 0
Net_id 31
pin_num 4
0 34 0
11 44 0
32 40 0
2 40 0
Net_id 32
pin_num 4
3 38 0
19 42 0
5 44 0
19 55 0
Net_id 33
pin_num 4
34 26 0
25 22 0
17 18 0
20 35 0
Net_id 34
pin_num 4
44 39 0
49 39 0
59 37 0
23 38 0
Net_id 35
pin_num 4
49 4 0
57 6 0
43 1 0
53 5 0
Net_id 36
pin_num 4
24 1 0
31 1 0
25 18 0
31 20 0
Net_id 37
pin_num 4
51 12 0
41 12 0
37 27 0
23 10 0
Net_id 38
pin_num 4
47 11 0
37 11 0
46 19 0
26 16 0
Net_id 39
pin_num 4
52 29 0
57 26 0
53 36 0
33 32 0
Net_id 40
pin_num 4
51 47 0
57 42 0
57 55 0
54 48 0
Net_id 41
pin_num 4
44 38 0
56 36 0
25 37 0
46 30 0
Net_id 42
pin_num 4
50 46 0
59 57 0
43 49 0
40 58 0
Net_id 43
pin_num 3
47 40 0
55 58 0
55 36 0
Net_id 44
pin_num 3
27 44 0
41 56 0
53 37 0
Net_id 45
pin_num 3
51 53 0
41 57 0
41 45 0
Net_id 46
pin_num 3
19 39 0
25 27 0
39 29 0
Net_id 47
pin_num 3
29 39 0
25 38 0
35 27 0
Net_id 48
pin_num 3
12 12 0
35 9 0
57 8 0
Net_id 49
pin_num 3
43 14 0
56 1 0
56 26 0
Net_id 50
pin_num 3
9 4 0
4 16 0
9 15 0
Net_id 51
pin_num 3
31 48 0
35 52 0
15 52 0
Net_id 52
pin_num 3
56 37 0
59 55 0
55 37 0
Net_id 53
pin_num 3
27 45 0
32 37 0
38 26 0
Net_id 54
pin_num 3
18 19 0
0 25 0
7 18 0
Net_id 55
pin_num 3
46 21 0
58 31 0
52 11 0
Net_id 56
pin_num 3
42 34 0
27 16 0
1 17 0
Net_id 57
pin_num 3
45 57 0
40 47 0
15 47 0
Net_id 58
pin_num 3
44 35 0
25 29 0
34 11 0
Net_id 59
pin_num 3
20 9 0
34 7 0
56 13 0
Net_id 60
pin_num 3
55 41 0
49 50 0
33 40 0
Net_id 61
pin_num 3
4 19 0
19 10 0
19 0 0
Net_id 62
pin_num 3
34 20 0
46 35 0
47 18 0
Net_id 63
pin_num 3
31 32 0
14 42 0
2 24 0
Net_id 64
pin_num 3
27 11 0
34 9 0
59 18 0
Net_id 65
pin_num 3
44 50 0
51 59 0
21 58 0
Net_id 66
pin_num 3
50 17 0
42 3 0
55 26 0
Net_id 67
pin_num 3
11 18 0
11 34 0
6 13 0
Net_id 68
pin_num 3
16 7 0
14 10 0
1 2 0
Net_id 69
pin_num 3
29 22 0
21 43 0
26 44 0
Net_id 70
pin_num 3
58 49 0
41 44 0
49 43 0
Net_id 71
pin_num 3
27 14 0
18 22 0
25 20 0
Net_id 72
pin_num 3
31 53 0
46 58 0
33 59 0
Net_id 73
pin_num 3
50 39 0
59 31 0
48 44 0
Net_id 74
pin_num 3
0 26 0
21 32 0
3 45 0
Net_id 75
pin_num 3
23 11 0
34 14 0
33 37 0
Net_id 76
pin_num 3
37 19 0
45 34 0
40 5 0
Net_id 77
pin_num 3
41 46 0
31 30 0
43 56 0
Net_id 78
pin_num 3
4 40 0
15 21 0
20 24 0
Net_id 79
pin_num 3
3 23 0
0 3 0
11 14 0
Net_id 80
pin_num 3
12 9 0
4 1 0
26 2 0
Net_id 81
pin_num 2
51 21 0
50 19 0
Net_id 82
pin_num 2
48 5 0
35 11 0
Net_id 83
pin_num 2
18 59 0
39 49 0
Net_id 84
pin_num 2
35 44 0
46 52 0
Net_id 85
pin_num 2
40 48 0
29 42 0
Net_id 86
pin_num 2
18 11 0
35 24 0
Net_id 87
pin_num 2
43 6 0
22 8 0
Net_id 88
pin_num 2
53 53 0
40 57 0
Net_id 89
pin_num 2
26 6 0
34 16 0
Net_id 90
pin_num 2
31 21 0
43 29 0
Net_id 91
pin_num 2
34 5 0
48 18 0
Net_id 92
pin_num 2
18 46 0
41 17 0
Net_id 93
pin_num 2
19 43 0
35 23 0
Net_id 94
pin_num 2
9 8 0
25 19 0
Net_id 95
pin_num 2
8 5 0
15 4 0
Net_id 96
pin_num 2
42 30 0
39 24 0
Net_id 97
pin_num 2
12 38 0
14 40 0
Net_id 98
pin_num 2
32 7 0
6 9 0
Net_id 99
pin_num 2
5 33 0
11 16 0
Net_id 100
pin_num 2
14 20 0
15 3 0
Net_id 101
pin_num 2
57 14 0
52 50 0
Net_id 102
pin_num 2
54 56 0
42 45 0
Net_id 103
pin_num 2
29 33 0
22 15 0
Net_id 104
pin_num 2
49 51 0
59 51 0
Net_id 105
pin_num 2
15 17 0
7 29 0
Net_id 106
pin_num 2
35 51 0
22 51 0
Net_id 107
pin_num 2
1 47 0
9 47 0
Net_id 108
pin_num 2
4 29 0
3 17 0
Net_id 109
pin_num 2
50 54 0
57 57 0
Net_id 110
pin_num 2
44 2 0
38 4 0
Net_id 111
pin_num 2
29 8 0
41 8 0
Net_id 112
pin_num 2
1 56 0
10 58 0
Net_id 113
pin_num 2
10 56 0
1 49 0
Net_id 114
pin_num 2
26 4 0
43 15 0
Net_id 115
pin_num 2
56 32 0
42 40 0
Net_id 116
pin_num 2
13 34 0
23 32 0
Net_id 117
pin_num 2
29 24 0
30 22 0
Net_id 118
pin_num 2
6 45 0
4 59 0
Net_id 119
pin_num 2
47 15 0
28 19 0
Net_id 120
pin_num 2
18 43 0
16 51 0
Net_id 121
pin_num 2
43 45 0
31 59 0
Net_id 122
pin_num 2
4 5 0
5 0 0
Net_id 123
pin_num 2
8 44 0
25 48 0
Net_id 124
pin_num 2
1 30 0
9 46 0
Net_id 125
pin_num 2
39 36 0
46 42 0
Net_id 126
pin_num 2
11 46 0
28 32 0
Net_id 127
pin_num 2
40 7 0
52 7 0
Net_id 128
pin_num 2
0 53 0
4 53 0
Net_id 129
pin_num 2
24 39 0
9 30 0
Net_id 130
pin_num 2
13 27 0
7 17 0
Net_id 131
pin_num 2
9 2 0
27 6 0
Net_id 132
pin_num 2
14 22 0
20 3 0
Net_id 133
pin_num 2
48 29 0
35 22 0
Net_id 134
pin_num 2
44 3 0
34 1 0
Net_id 135
pin_num 2
15 44 0
5 16 0
Net_id 136
pin_num 2
51 3 0
57 13 0
Net_id 137
pin_num 2
36 57 0
23 42 0
Net_id 138
pin_num 2
3 51 0
5 45 0
Net_id 139
pin_num 2
48 36 0
47 50 0
Net_id 140
pin_num 2
30 59 0
36 58 0
Net_id 141
pin_num 2
4 2 0
3 9 0
Net_id 142
pin_num 2
14 52 0
1 51 0
Net_id 143
pin_num 2
30 16 0
37 30 0
Net_id 144
pin_num 2
2 17 0
13 26 0
Net_id 145
pin_num 2
11 28 0
31 22 0
Net_id 146
pin_num 2
39 14 0
28 6 0
Net_id 147
pin_num 2
29 21 0
30 27 0
Net_id 148
pin_num 2
35 59 0
8 29 0
Net_id 149
pin_num 2
1 54 0
25 53 0
Net_id 150
pin_num 2
1 36 0
7 35 0
Net_id 151
pin_num 2
15 32 0
18 30 0
Net_id 152
pin_num 2
21 48 0
2 38 0
Net_id 153
pin_num 2
40 4 0
39 1 0
Net_id 154
pin_num 2
45 43 0
47 44 0
Net_id 155
pin_num 2
46 57 0
59 44 0
Net_id 156
pin_num 2
25 8 0
35 19 0
Net_id 157
pin_num 2
8 42 0
3 59 0
Net_id 158
pin_num 2
30 20 0
9 12 0
Net_id 159
pin_num 2
13 23 0
35 26 0
Net_id 160
pin_num 2
4 32 0
9 26 0
Net_id 161
pin_num 2
20 6 0
16 53 0
