Width 60
Height 60
Layer 6
Total_WL 7070
Obstacle_num 144
28 31 0 37 32 0
1 5 0 9 6 0
11 48 0 18 49 0
1 57 0 7 58 0
21 56 0 29 57 0
44 38 0 47 39 0
20 45 0 29 46 0
17 36 0 26 37 0
27 9 0 35 10 0
26 14 0 32 15 0
53 19 0 57 20 0
23 17 0 31 18 0
18 27 0 28 28 0
25 35 0 35 36 0
24 3 0 31 4 0
32 12 0 40 13 0
14 30 0 18 31 0
10 4 0 15 5 0
43 8 0 53 9 0
43 16 0 47 17 0
36 58 0 45 59 0
23 8 0 32 9 0
4 36 0 8 37 0
49 25 0 52 26 0
33 15 1 34 22 1
43 35 1 44 40 1
51 39 1 52 44 1
9 42 1 10 46 1
33 47 1 34 55 1
3 5 1 4 11 1
2 11 1 3 16 1
15 13 1 16 22 1
3 45 1 4 48 1
55 15 1 56 22 1
45 3 1 46 6 1
44 11 1 45 15 1
47 46 1 48 55 1
54 23 1 55 30 1
7 42 1 8 45 1
47 3 1 48 13 1
28 33 1 29 43 1
25 2 1 26 6 1
3 33 1 4 39 1
27 7 1 28 17 1
52 2 1 53 8 1
26 23 1 27 28 1
53 7 1 54 15 1
18 3 1 19 8 1
1 3 2 11 4 2
35 12 2 44 13 2
20 37 2 23 38 2
39 25 2 46 26 2
26 44 2 36 45 2
25 37 2 29 38 2
21 49 2 29 50 2
32 29 2 36 30 2
2 51 2 11 52 2
0 44 2 4 45 2
43 28 2 50 29 2
40 56 2 43 57 2
46 16 2 51 17 2
13 57 2 18 58 2
8 27 2 16 28 2
11 46 2 17 47 2
14 48 2 18 49 2
54 5 2 59 6 2
41 49 2 50 50 2
29 16 2 35 17 2
2 5 2 5 6 2
33 8 2 42 9 2
49 51 2 59 52 2
35 17 2 41 18 2
31 44 3 32 50 3
29 0 3 30 8 3
56 10 3 57 18 3
6 0 3 7 7 3
42 21 3 43 26 3
44 26 3 45 36 3
34 45 3 35 53 3
53 6 3 54 9 3
9 48 3 10 55 3
16 54 3 17 57 3
58 47 3 59 51 3
57 31 3 58 35 3
5 3 3 6 12 3
44 9 3 45 14 3
10 3 3 11 9 3
48 48 3 49 54 3
30 32 3 31 37 3
33 15 3 34 18 3
15 43 3 16 50 3
40 3 3 41 11 3
30 43 3 31 46 3
32 2 3 33 8 3
0 15 3 1 25 3
28 13 3 29 21 3
45 1 4 51 2 4
36 12 4 44 13 4
5 38 4 9 39 4
0 2 4 10 3 4
2 31 4 12 32 4
22 50 4 31 51 4
10 50 4 16 51 4
7 16 4 17 17 4
12 24 4 22 25 4
48 48 4 55 49 4
51 34 4 58 35 4
9 13 4 19 14 4
26 1 4 31 2 4
42 13 4 47 14 4
47 12 4 52 13 4
13 35 4 17 36 4
22 51 4 28 52 4
7 9 4 13 10 4
4 33 4 7 34 4
31 24 4 37 25 4
33 7 4 41 8 4
10 26 4 16 27 4
4 6 4 13 7 4
13 41 4 23 42 4
0 47 5 1 54 5
56 39 5 57 48 5
41 1 5 42 4 5
28 2 5 29 5 5
44 0 5 45 7 5
3 32 5 4 37 5
11 13 5 12 20 5
56 0 5 57 10 5
48 37 5 49 43 5
38 35 5 39 40 5
15 52 5 16 59 5
47 21 5 48 27 5
13 15 5 14 20 5
29 39 5 30 44 5
41 43 5 42 47 5
50 48 5 51 52 5
11 51 5 12 58 5
53 44 5 54 53 5
39 27 5 40 31 5
33 52 5 34 56 5
43 16 5 44 22 5
17 7 5 18 11 5
9 3 5 10 11 5
54 28 5 55 32 5
Net_num 161
Net_id 0
pin_num 5
42 59 0
45 55 0
59 59 0
49 59 0
52 49 0
Net_id 1
pin_num 5
46 0 0
49 7 0
36 3 0
39 7 0
39 22 0
Net_id 2
pin_num 5
15 55 0
10 55 0
39 55 0
30 41 0
5 59 0
Net_id 3
pin_num 5
26 44 0
17 44 0
23 29 0
31 42 0
6 32 0
Net_id 4
pin_num 5
44 10 0
48 6 0
59 0 0
59 15 0
28 10 0
Net_id 5
pin_num 5
37 22 0
37 18 0
52 17 0
17 19 0
12 17 0
Net_id 6
pin_num 5
24 38 0
7 38 0
10 24 0
5 32 0
1 28 0
Net_id 7
pin_num 5
38 47 0
52 47 0
49 26 0
59 33 0
36 23 0
Net_id 8
pin_num 5
24 14 0
27 31 0
30 21 0
26 48 0
28 30 0
Net_id 9
pin_num 5
0 4 0
6 0 0
1 14 0
6 17 0
0 18 0
Net_id 10
pin_num 5
58 25 0
52 15 0
53 23 0
38 18 0
43 34 0
Net_id 11
pin_num 5
45 48 0
37 48 0
46 59 0
48 42 0
42 55 0
Net_id 12
pin_num 5
44 42 0
29 36 0
21 40 0
26 31 0
40 39 0
Net_id 13
pin_num 5
33 58 0
37 57 0
14 59 0
20 57 0
29 43 0
Net_id 14
pin_num 5
38 2 0
27 2 0
34 16 0
31 19 0
48 4 0
Net_id 15
pin_num 5
10 22 0
19 22 0
11 5 0
21 13 0
17 7 0
Net_id 16
pin_num 5
38 5 0
37 1 0
51 2 0
59 5 0
58 8 0
Net_id 17
pin_num 5
43 20 0
40 37 0
58 29 0
40 33 0
43 36 0
Net_id 18
pin_num 5
23 14 0
19 17 0
22 28 0
18 24 0
46 24 0
Net_id 19
pin_num 5
36 44 0
46 48 0
29 47 0
38 22 0
46 42 0
Net_id 20
pin_num 4
31 37 0
19 45 0
25 32 0
6 38 0
Net_id 21
pin_num 4
35 7 0
28 4 0
33 13 0
22 12 0
Net_id 22
pin_num 4
15 1 0
9 1 0
28 1 0
22 0 0
Net_id 23
pin_num 4
28 41 0
44 41 0
12 41 0
10 41 0
Net_id 24
pin_num 4
10 36 0
8 37 0
2 36 0
0 44 0
Net_id 25
pin_num 4
58 50 0
59 55 0
42 54 0
59 57 0
Net_id 26
pin_num 4
41 0 0
45 6 0
23 2 0
41 9 0
Net_id 27
pin_num 4
19 58 0
31 39 0
18 46 0
25 46 0
Net_id 28
pin_num 4
3 59 0
4 49 0
0 53 0
10 45 0
Net_id 29
pin_num 4
48 57 0
36 54 0
56 55 0
43 18 0
Net_id 30
pin_num 4
36 7 0
50 3 0
58 1 0
36 5 0
Net_id 31
pin_num 4
40 52 0
39 57 0
18 58 0
58 59 0
Net_id 32
pin_num 4
32 0 0
26 5 0
8 1 0
1 10 0
Net_id 33
pin_num 4
45 23 0
37 25 0
39 31 0
34 32 0
Net_id 34
pin_num 4
8 12 0
2 24 0
6 34 0
16 23 0
Net_id 35
pin_num 4
23 9 0
10 12 0
7 23 0
9 12 0
Net_id 36
pin_num 4
46 1 0
54 1 0
52 22 0
44 15 0
Net_id 37
pin_num 4
57 52 0
52 54 0
59 44 0
41 46 0
Net_id 38
pin_num 4
52 46 0
42 43 0
50 59 0
59 38 0
Net_id 39
pin_num 3
57 56 0
45 42 0
46 50 0
Net_id 40
pin_num 3
55 3 0
49 6 0
50 31 0
Net_id 41
pin_num 3
24 34 0
39 45 0
13 59 0
Net_id 42
pin_num 3
28 28 0
23 26 0
27 6 0
Net_id 43
pin_num 3
14 51 0
1 43 0
15 52 0
Net_id 44
pin_num 3
13 25 0
6 26 0
3 4 0
Net_id 45
pin_num 3
45 0 0
41 18 0
41 26 0
Net_id 46
pin_num 3
11 10 0
16 14 0
37 6 0
Net_id 47
pin_num 3
59 12 0
51 20 0
26 20 0
Net_id 48
pin_num 3
9 49 0
6 59 0
12 44 0
Net_id 49
pin_num 3
22 50 0
7 48 0
36 53 0
Net_id 50
pin_num 3
18 2 0
25 9 0
10 6 0
Net_id 51
pin_num 3
5 14 0
12 14 0
7 0 0
Net_id 52
pin_num 3
50 16 0
42 26 0
47 56 0
Net_id 53
pin_num 3
1 29 0
2 19 0
29 28 0
Net_id 54
pin_num 3
35 37 0
45 45 0
32 33 0
Net_id 55
pin_num 3
58 43 0
58 53 0
46 31 0
Net_id 56
pin_num 3
28 52 0
14 58 0
24 48 0
Net_id 57
pin_num 3
47 35 0
35 46 0
32 18 0
Net_id 58
pin_num 3
49 32 0
42 28 0
48 12 0
Net_id 59
pin_num 3
47 27 0
37 15 0
53 32 0
Net_id 60
pin_num 3
4 8 0
29 15 0
50 11 0
Net_id 61
pin_num 3
54 6 0
51 16 0
59 18 0
Net_id 62
pin_num 3
2 27 0
6 39 0
29 39 0
Net_id 63
pin_num 3
57 49 0
58 38 0
37 30 0
Net_id 64
pin_num 3
48 29 0
26 54 0
44 51 0
Net_id 65
pin_num 3
4 2 0
7 11 0
24 5 0
Net_id 66
pin_num 3
51 4 0
42 15 0
38 9 0
Net_id 67
pin_num 3
2 34 0
3 48 0
0 26 0
Net_id 68
pin_num 3
5 31 0
1 18 0
22 31 0
Net_id 69
pin_num 3
17 0 0
19 10 0
19 20 0
Net_id 70
pin_num 3
1 13 0
23 20 0
10 42 0
Net_id 71
pin_num 3
53 29 0
37 49 0
57 50 0
Net_id 72
pin_num 3
40 13 0
30 18 0
31 1 0
Net_id 73
pin_num 3
12 23 0
4 15 0
8 33 0
Net_id 74
pin_num 3
38 54 0
41 57 0
28 48 0
Net_id 75
pin_num 3
4 42 0
11 49 0
9 26 0
Net_id 76
pin_num 3
8 41 0
17 27 0
6 20 0
Net_id 77
pin_num 3
45 49 0
53 41 0
55 48 0
Net_id 78
pin_num 3
5 45 0
9 37 0
0 25 0
Net_id 79
pin_num 2
52 37 0
56 22 0
Net_id 80
pin_num 2
34 0 0
26 10 0
Net_id 81
pin_num 2
8 54 0
43 57 0
Net_id 82
pin_num 2
40 16 0
56 45 0
Net_id 83
pin_num 2
42 49 0
49 57 0
Net_id 84
pin_num 2
21 16 0
4 17 0
Net_id 85
pin_num 2
12 46 0
6 46 0
Net_id 86
pin_num 2
54 16 0
44 21 0
Net_id 87
pin_num 2
44 49 0
18 57 0
Net_id 88
pin_num 2
38 59 0
48 41 0
Net_id 89
pin_num 2
58 55 0
42 50 0
Net_id 90
pin_num 2
42 51 0
11 53 0
Net_id 91
pin_num 2
12 3 0
4 10 0
Net_id 92
pin_num 2
46 5 0
35 5 0
Net_id 93
pin_num 2
53 50 0
39 46 0
Net_id 94
pin_num 2
5 47 0
17 46 0
Net_id 95
pin_num 2
32 19 0
41 22 0
Net_id 96
pin_num 2
46 53 0
55 47 0
Net_id 97
pin_num 2
18 40 0
19 37 0
Net_id 98
pin_num 2
5 34 0
2 40 0
Net_id 99
pin_num 2
51 14 0
58 28 0
Net_id 100
pin_num 2
51 11 0
58 17 0
Net_id 101
pin_num 2
22 49 0
14 50 0
Net_id 102
pin_num 2
9 20 0
8 18 0
Net_id 103
pin_num 2
6 22 0
1 41 0
Net_id 104
pin_num 2
24 50 0
18 45 0
Net_id 105
pin_num 2
52 13 0
57 13 0
Net_id 106
pin_num 2
46 29 0
33 36 0
Net_id 107
pin_num 2
58 30 0
53 30 0
Net_id 108
pin_num 2
2 16 0
8 17 0
Net_id 109
pin_num 2
30 38 0
24 43 0
Net_id 110
pin_num 2
28 22 0
35 9 0
Net_id 111
pin_num 2
10 30 0
12 40 0
Net_id 112
pin_num 2
39 25 0
48 22 0
Net_id 113
pin_num 2
36 8 0
26 2 0
Net_id 114
pin_num 2
17 57 0
8 57 0
Net_id 115
pin_num 2
54 55 0
56 50 0
Net_id 116
pin_num 2
47 23 0
52 24 0
Net_id 117
pin_num 2
56 43 0
46 51 0
Net_id 118
pin_num 2
50 39 0
58 52 0
Net_id 119
pin_num 2
3 19 0
18 29 0
Net_id 120
pin_num 2
52 57 0
53 57 0
Net_id 121
pin_num 2
18 12 0
29 29 0
Net_id 122
pin_num 2
56 53 0
42 39 0
Net_id 123
pin_num 2
9 50 0
17 54 0
Net_id 124
pin_num 2
49 35 0
35 25 0
Net_id 125
pin_num 2
53 35 0
59 26 0
Net_id 126
pin_num 2
28 46 0
34 56 0
Net_id 127
pin_num 2
51 17 0
23 3 0
Net_id 128
pin_num 2
35 49 0
17 58 0
Net_id 129
pin_num 2
30 26 0
44 37 0
Net_id 130
pin_num 2
33 38 0
53 17 0
Net_id 131
pin_num 2
28 27 0
55 28 0
Net_id 132
pin_num 2
40 31 0
45 31 0
Net_id 133
pin_num 2
2 51 0
35 54 0
Net_id 134
pin_num 2
41 40 0
19 57 0
Net_id 135
pin_num 2
15 21 0
2 10 0
Net_id 136
pin_num 2
10 52 0
1 42 0
Net_id 137
pin_num 2
59 34 0
45 34 0
Net_id 138
pin_num 2
35 26 0
31 33 0
Net_id 139
pin_num 2
39 15 0
46 21 0
Net_id 140
pin_num 2
3 53 0
18 47 0
Net_id 141
pin_num 2
41 33 0
55 10 0
Net_id 142
pin_num 2
44 26 0
57 8 0
Net_id 143
pin_num 2
2 47 0
23 54 0
Net_id 144
pin_num 2
41 17 0
22 10 0
Net_id 145
pin_num 2
11 42 0
35 52 0
Net_id 146
pin_num 2
1 6 0
9 15 0
Net_id 147
pin_num 2
4 30 0
7 34 0
Net_id 148
pin_num 2
53 8 0
57 4 0
Net_id 149
pin_num 2
33 41 0
44 36 0
Net_id 150
pin_num 2
21 12 0
18 18 0
Net_id 151
pin_num 2
29 22 0
41 34 0
Net_id 152
pin_num 2
53 1 0
53 5 0
Net_id 153
pin_num 2
12 24 0
11 30 0
Net_id 154
pin_num 2
7 39 0
12 43 0
Net_id 155
pin_num 2
56 15 0
57 18 0
Net_id 156
pin_num 2
12 5 0
33 14 0
Net_id 157
pin_num 2
34 20 0
53 24 0
Net_id 158
pin_num 2
45 36 0
55 33 0
Net_id 159
pin_num 2
54 44 0
47 45 0
Net_id 160
pin_num 2
59 56 0
54 57 0
