Width 60
Height 60
Layer 6
Total_WL 7030
Obstacle_num 144
47 51 0 51 52 0
3 5 0 6 6 0
44 42 0 47 43 0
4 8 0 14 9 0
33 15 0 40 16 0
35 26 0 44 27 0
36 24 0 39 25 0
11 21 0 20 22 0
48 15 0 54 16 0
23 55 0 32 56 0
7 17 0 14 18 0
14 34 0 24 35 0
19 58 0 27 59 0
53 30 0 59 31 0
38 7 0 43 8 0
49 29 0 57 30 0
3 53 0 8 54 0
1 52 0 9 53 0
7 14 0 16 15 0
8 50 0 16 51 0
28 46 0 37 47 0
50 55 0 58 56 0
41 5 0 47 6 0
3 48 0 11 49 0
11 25 1 12 32 1
6 43 1 7 51 1
34 52 1 35 58 1
19 17 1 20 23 1
36 25 1 37 31 1
13 47 1 14 55 1
49 20 1 50 27 1
58 3 1 59 12 1
43 44 1 44 51 1
12 30 1 13 33 1
38 49 1 39 59 1
8 31 1 9 39 1
33 37 1 34 46 1
44 19 1 45 28 1
2 15 1 3 22 1
5 12 1 6 21 1
30 43 1 31 52 1
55 17 1 56 25 1
3 53 1 4 57 1
33 52 1 34 59 1
41 14 1 42 17 1
35 53 1 36 59 1
53 55 1 54 58 1
11 42 1 12 48 1
35 31 2 43 32 2
22 42 2 31 43 2
10 11 2 20 12 2
44 30 2 49 31 2
46 52 2 55 53 2
4 9 2 11 10 2
49 29 2 59 30 2
26 51 2 33 52 2
14 54 2 22 55 2
51 37 2 59 38 2
7 4 2 10 5 2
48 4 2 58 5 2
4 6 2 13 7 2
43 25 2 48 26 2
44 51 2 48 52 2
10 49 2 17 50 2
2 58 2 12 59 2
32 1 2 36 2 2
3 29 2 9 30 2
22 6 2 29 7 2
5 26 2 9 27 2
9 24 2 19 25 2
1 41 2 9 42 2
49 12 2 56 13 2
54 2 3 55 6 3
1 47 3 2 56 3
13 8 3 14 11 3
56 24 3 57 31 3
51 1 3 52 6 3
26 45 3 27 51 3
49 6 3 50 11 3
44 29 3 45 33 3
6 50 3 7 59 3
2 28 3 3 38 3
57 41 3 58 48 3
7 38 3 8 46 3
24 9 3 25 14 3
57 8 3 58 11 3
56 11 3 57 21 3
19 28 3 20 31 3
23 18 3 24 21 3
53 40 3 54 49 3
33 15 3 34 18 3
23 48 3 24 53 3
14 29 3 15 34 3
3 47 3 4 52 3
39 20 3 40 25 3
38 20 3 39 29 3
26 4 4 35 5 4
32 40 4 38 41 4
12 0 4 19 1 4
44 0 4 48 1 4
37 54 4 44 55 4
21 41 4 25 42 4
33 45 4 42 46 4
21 9 4 27 10 4
50 0 4 53 1 4
51 56 4 59 57 4
28 48 4 35 49 4
3 15 4 8 16 4
6 48 4 9 49 4
32 42 4 41 43 4
55 6 4 58 7 4
34 57 4 42 58 4
52 11 4 57 12 4
25 41 4 34 42 4
10 5 4 14 6 4
8 23 4 18 24 4
23 43 4 26 44 4
44 43 4 50 44 4
6 51 4 16 52 4
22 46 4 30 47 4
33 8 5 34 18 5
37 0 5 38 9 5
41 47 5 42 55 5
29 6 5 30 9 5
11 40 5 12 45 5
45 13 5 46 21 5
51 45 5 52 54 5
54 48 5 55 56 5
8 2 5 9 7 5
51 13 5 52 17 5
35 1 5 36 4 5
27 5 5 28 8 5
48 6 5 49 12 5
55 35 5 56 43 5
53 6 5 54 14 5
6 51 5 7 55 5
50 34 5 51 38 5
16 18 5 17 25 5
15 1 5 16 6 5
28 37 5 29 46 5
30 4 5 31 12 5
20 13 5 21 21 5
1 0 5 2 9 5
43 23 5 44 32 5
Net_num 158
Net_id 0
pin_num 5
48 18 0
40 20 0
54 18 0
44 4 0
40 35 0
Net_id 1
pin_num 5
15 54 0
0 55 0
0 53 0
29 59 0
19 52 0
Net_id 2
pin_num 5
42 54 0
24 56 0
39 59 0
39 51 0
37 47 0
Net_id 3
pin_num 5
50 3 0
50 16 0
39 9 0
31 10 0
45 29 0
Net_id 4
pin_num 5
9 46 0
13 33 0
28 33 0
19 39 0
24 42 0
Net_id 5
pin_num 5
23 9 0
20 8 0
22 16 0
18 12 0
26 12 0
Net_id 6
pin_num 5
44 37 0
41 48 0
26 45 0
28 48 0
42 22 0
Net_id 7
pin_num 5
26 2 0
22 3 0
0 3 0
41 0 0
23 17 0
Net_id 8
pin_num 5
53 10 0
41 4 0
44 28 0
43 3 0
58 0 0
Net_id 9
pin_num 5
0 23 0
9 36 0
5 31 0
14 46 0
20 46 0
Net_id 10
pin_num 5
25 50 0
25 41 0
44 49 0
25 59 0
27 30 0
Net_id 11
pin_num 5
29 16 0
30 2 0
15 11 0
39 2 0
30 0 0
Net_id 12
pin_num 5
35 13 0
49 3 0
44 2 0
47 21 0
23 3 0
Net_id 13
pin_num 5
49 17 0
53 22 0
37 17 0
52 34 0
59 47 0
Net_id 14
pin_num 5
6 33 0
3 31 0
12 49 0
6 12 0
10 20 0
Net_id 15
pin_num 5
24 25 0
34 28 0
29 17 0
24 28 0
27 21 0
Net_id 16
pin_num 5
29 36 0
21 36 0
28 50 0
27 59 0
41 37 0
Net_id 17
pin_num 5
47 40 0
44 30 0
28 30 0
43 13 0
59 6 0
Net_id 18
pin_num 5
49 37 0
48 29 0
46 33 0
48 8 0
56 21 0
Net_id 19
pin_num 5
21 29 0
26 20 0
23 40 0
25 40 0
11 18 0
Net_id 20
pin_num 5
7 50 0
2 50 0
0 52 0
0 45 0
27 52 0
Net_id 21
pin_num 4
20 20 0
25 19 0
21 35 0
7 35 0
Net_id 22
pin_num 4
2 33 0
17 35 0
20 41 0
1 56 0
Net_id 23
pin_num 4
29 10 0
33 6 0
21 0 0
54 7 0
Net_id 24
pin_num 4
51 59 0
58 45 0
47 48 0
54 48 0
Net_id 25
pin_num 4
57 32 0
58 27 0
43 32 0
51 31 0
Net_id 26
pin_num 4
45 51 0
34 42 0
46 49 0
40 59 0
Net_id 27
pin_num 4
16 16 0
10 35 0
34 19 0
27 22 0
Net_id 28
pin_num 4
51 27 0
50 19 0
59 19 0
58 44 0
Net_id 29
pin_num 4
52 28 0
42 21 0
42 14 0
31 13 0
Net_id 30
pin_num 4
40 21 0
28 20 0
32 26 0
39 31 0
Net_id 31
pin_num 4
57 54 0
57 43 0
52 45 0
50 59 0
Net_id 32
pin_num 4
47 14 0
37 20 0
54 20 0
45 8 0
Net_id 33
pin_num 4
49 36 0
39 34 0
39 46 0
30 27 0
Net_id 34
pin_num 4
51 11 0
52 0 0
46 0 0
46 6 0
Net_id 35
pin_num 4
5 55 0
13 59 0
0 56 0
8 40 0
Net_id 36
pin_num 4
21 39 0
27 29 0
16 35 0
41 44 0
Net_id 37
pin_num 4
40 43 0
45 48 0
43 58 0
36 38 0
Net_id 38
pin_num 4
59 29 0
53 28 0
49 59 0
53 58 0
Net_id 39
pin_num 4
12 42 0
21 44 0
23 59 0
25 27 0
Net_id 40
pin_num 4
57 57 0
51 54 0
52 57 0
44 59 0
Net_id 41
pin_num 3
17 8 0
9 21 0
13 30 0
Net_id 42
pin_num 3
50 54 0
49 50 0
45 58 0
Net_id 43
pin_num 3
34 50 0
45 49 0
36 57 0
Net_id 44
pin_num 3
44 23 0
57 7 0
48 38 0
Net_id 45
pin_num 3
1 8 0
2 5 0
16 14 0
Net_id 46
pin_num 3
8 11 0
15 9 0
1 0 0
Net_id 47
pin_num 3
48 16 0
54 9 0
40 16 0
Net_id 48
pin_num 3
1 37 0
0 29 0
25 32 0
Net_id 49
pin_num 3
3 49 0
1 31 0
30 59 0
Net_id 50
pin_num 3
11 16 0
7 10 0
21 7 0
Net_id 51
pin_num 3
40 4 0
28 12 0
1 1 0
Net_id 52
pin_num 3
29 9 0
38 5 0
22 5 0
Net_id 53
pin_num 3
50 58 0
34 51 0
58 47 0
Net_id 54
pin_num 3
33 12 0
43 2 0
54 22 0
Net_id 55
pin_num 3
21 45 0
11 56 0
14 56 0
Net_id 56
pin_num 3
2 30 0
14 36 0
0 51 0
Net_id 57
pin_num 3
31 42 0
22 30 0
43 12 0
Net_id 58
pin_num 3
27 10 0
27 4 0
0 1 0
Net_id 59
pin_num 3
3 3 0
11 3 0
4 12 0
Net_id 60
pin_num 3
4 16 0
0 4 0
11 10 0
Net_id 61
pin_num 3
21 43 0
37 46 0
35 11 0
Net_id 62
pin_num 3
35 22 0
33 19 0
28 27 0
Net_id 63
pin_num 3
56 3 0
34 7 0
40 15 0
Net_id 64
pin_num 3
37 40 0
22 55 0
16 53 0
Net_id 65
pin_num 3
33 53 0
18 53 0
51 56 0
Net_id 66
pin_num 3
35 16 0
33 18 0
22 27 0
Net_id 67
pin_num 3
0 46 0
11 53 0
15 32 0
Net_id 68
pin_num 3
48 4 0
57 4 0
54 15 0
Net_id 69
pin_num 3
53 49 0
53 40 0
53 50 0
Net_id 70
pin_num 3
45 11 0
54 10 0
35 52 0
Net_id 71
pin_num 3
52 36 0
54 43 0
34 47 0
Net_id 72
pin_num 3
35 14 0
47 1 0
57 9 0
Net_id 73
pin_num 3
59 27 0
51 24 0
51 16 0
Net_id 74
pin_num 3
3 1 0
11 15 0
39 18 0
Net_id 75
pin_num 3
16 43 0
5 51 0
16 51 0
Net_id 76
pin_num 3
20 48 0
49 57 0
4 40 0
Net_id 77
pin_num 3
59 56 0
46 41 0
56 46 0
Net_id 78
pin_num 3
22 56 0
0 44 0
33 55 0
Net_id 79
pin_num 3
57 40 0
42 46 0
34 33 0
Net_id 80
pin_num 2
21 23 0
7 37 0
Net_id 81
pin_num 2
47 37 0
33 47 0
Net_id 82
pin_num 2
7 7 0
6 4 0
Net_id 83
pin_num 2
47 59 0
46 50 0
Net_id 84
pin_num 2
57 53 0
44 53 0
Net_id 85
pin_num 2
52 22 0
39 38 0
Net_id 86
pin_num 2
4 25 0
12 13 0
Net_id 87
pin_num 2
24 37 0
31 52 0
Net_id 88
pin_num 2
27 5 0
1 3 0
Net_id 89
pin_num 2
51 47 0
51 36 0
Net_id 90
pin_num 2
14 53 0
5 28 0
Net_id 91
pin_num 2
37 3 0
18 4 0
Net_id 92
pin_num 2
13 41 0
22 31 0
Net_id 93
pin_num 2
19 40 0
17 52 0
Net_id 94
pin_num 2
45 46 0
55 27 0
Net_id 95
pin_num 2
55 18 0
53 5 0
Net_id 96
pin_num 2
36 18 0
37 4 0
Net_id 97
pin_num 2
38 53 0
34 56 0
Net_id 98
pin_num 2
19 24 0
25 24 0
Net_id 99
pin_num 2
47 8 0
57 22 0
Net_id 100
pin_num 2
5 27 0
3 24 0
Net_id 101
pin_num 2
44 52 0
32 58 0
Net_id 102
pin_num 2
1 26 0
31 24 0
Net_id 103
pin_num 2
1 36 0
35 8 0
Net_id 104
pin_num 2
41 55 0
55 46 0
Net_id 105
pin_num 2
6 47 0
22 25 0
Net_id 106
pin_num 2
1 40 0
2 42 0
Net_id 107
pin_num 2
1 9 0
24 16 0
Net_id 108
pin_num 2
23 19 0
4 14 0
Net_id 109
pin_num 2
34 35 0
31 31 0
Net_id 110
pin_num 2
16 1 0
35 4 0
Net_id 111
pin_num 2
31 38 0
48 44 0
Net_id 112
pin_num 2
5 39 0
2 32 0
Net_id 113
pin_num 2
43 40 0
28 52 0
Net_id 114
pin_num 2
52 12 0
57 38 0
Net_id 115
pin_num 2
1 58 0
10 57 0
Net_id 116
pin_num 2
8 20 0
3 8 0
Net_id 117
pin_num 2
54 16 0
41 12 0
Net_id 118
pin_num 2
40 56 0
45 56 0
Net_id 119
pin_num 2
59 3 0
44 1 0
Net_id 120
pin_num 2
0 20 0
6 5 0
Net_id 121
pin_num 2
16 22 0
34 34 0
Net_id 122
pin_num 2
13 35 0
11 38 0
Net_id 123
pin_num 2
37 16 0
19 3 0
Net_id 124
pin_num 2
14 45 0
11 52 0
Net_id 125
pin_num 2
35 43 0
41 35 0
Net_id 126
pin_num 2
43 0 0
28 9 0
Net_id 127
pin_num 2
29 56 0
17 56 0
Net_id 128
pin_num 2
16 31 0
30 39 0
Net_id 129
pin_num 2
58 58 0
51 57 0
Net_id 130
pin_num 2
14 40 0
4 37 0
Net_id 131
pin_num 2
59 41 0
41 32 0
Net_id 132
pin_num 2
7 42 0
7 44 0
Net_id 133
pin_num 2
33 14 0
43 1 0
Net_id 134
pin_num 2
24 4 0
19 9 0
Net_id 135
pin_num 2
6 56 0
0 43 0
Net_id 136
pin_num 2
42 42 0
18 45 0
Net_id 137
pin_num 2
32 13 0
45 4 0
Net_id 138
pin_num 2
6 11 0
1 19 0
Net_id 139
pin_num 2
42 16 0
53 9 0
Net_id 140
pin_num 2
55 51 0
49 53 0
Net_id 141
pin_num 2
45 45 0
50 49 0
Net_id 142
pin_num 2
22 26 0
9 25 0
Net_id 143
pin_num 2
7 4 0
13 6 0
Net_id 144
pin_num 2
18 43 0
5 40 0
Net_id 145
pin_num 2
20 25 0
10 18 0
Net_id 146
pin_num 2
29 19 0
45 44 0
Net_id 147
pin_num 2
37 41 0
41 39 0
Net_id 148
pin_num 2
14 13 0
22 15 0
Net_id 149
pin_num 2
50 46 0
57 21 0
Net_id 150
pin_num 2
19 10 0
10 4 0
Net_id 151
pin_num 2
18 32 0
0 18 0
Net_id 152
pin_num 2
41 29 0
53 37 0
Net_id 153
pin_num 2
24 9 0
39 32 0
Net_id 154
pin_num 2
20 10 0
29 8 0
Net_id 155
pin_num 2
20 29 0
1 20 0
Net_id 156
pin_num 2
24 31 0
29 29 0
Net_id 157
pin_num 2
31 32 0
18 17 0
