Width 60
Height 60
Layer 6
Total_WL 6970
Obstacle_num 144
31 37 0 39 38 0
52 12 0 56 13 0
1 37 0 10 38 0
11 11 0 18 12 0
25 35 0 32 36 0
21 7 0 31 8 0
54 51 0 57 52 0
13 56 0 19 57 0
52 46 0 57 47 0
14 19 0 19 20 0
18 4 0 26 5 0
27 11 0 30 12 0
43 52 0 48 53 0
41 3 0 51 4 0
36 38 0 45 39 0
37 35 0 47 36 0
14 40 0 22 41 0
20 52 0 28 53 0
34 57 0 38 58 0
15 23 0 21 24 0
7 12 0 17 13 0
45 43 0 54 44 0
5 21 0 15 22 0
47 13 0 52 14 0
47 47 1 48 51 1
6 42 1 7 51 1
38 37 1 39 43 1
33 46 1 34 56 1
1 44 1 2 48 1
2 40 1 3 50 1
52 15 1 53 25 1
4 40 1 5 48 1
50 11 1 51 17 1
15 36 1 16 43 1
1 13 1 2 20 1
48 18 1 49 28 1
21 10 1 22 17 1
14 2 1 15 12 1
17 13 1 18 21 1
42 10 1 43 19 1
44 36 1 45 46 1
35 32 1 36 35 1
18 17 1 19 25 1
4 22 1 5 25 1
38 43 1 39 48 1
43 19 1 44 28 1
12 20 1 13 26 1
47 10 1 48 17 1
25 18 2 34 19 2
2 26 2 8 27 2
5 8 2 15 9 2
10 17 2 17 18 2
48 39 2 52 40 2
18 58 2 23 59 2
2 29 2 5 30 2
24 0 2 33 1 2
47 6 2 55 7 2
40 15 2 47 16 2
33 23 2 43 24 2
41 34 2 44 35 2
1 20 2 4 21 2
17 3 2 26 4 2
47 22 2 55 23 2
37 38 2 41 39 2
43 14 2 49 15 2
50 11 2 59 12 2
38 24 2 44 25 2
4 5 2 12 6 2
21 40 2 30 41 2
36 28 2 43 29 2
19 9 2 26 10 2
36 40 2 41 41 2
25 6 3 26 13 3
45 15 3 46 22 3
30 23 3 31 32 3
26 39 3 27 49 3
15 17 3 16 27 3
52 21 3 53 26 3
23 24 3 24 33 3
28 36 3 29 45 3
1 19 3 2 27 3
25 33 3 26 40 3
47 0 3 48 8 3
48 2 3 49 5 3
43 0 3 44 5 3
32 23 3 33 33 3
20 47 3 21 54 3
37 25 3 38 32 3
44 47 3 45 55 3
55 46 3 56 51 3
7 35 3 8 38 3
44 8 3 45 17 3
20 33 3 21 40 3
21 52 3 22 59 3
42 18 3 43 25 3
35 49 3 36 59 3
33 12 4 43 13 4
0 50 4 8 51 4
29 0 4 39 1 4
10 17 4 19 18 4
3 19 4 11 20 4
50 56 4 57 57 4
27 24 4 32 25 4
14 40 4 18 41 4
15 26 4 20 27 4
25 0 4 28 1 4
29 20 4 37 21 4
17 11 4 26 12 4
9 25 4 17 26 4
4 42 4 11 43 4
11 57 4 14 58 4
26 57 4 32 58 4
7 51 4 16 52 4
3 26 4 11 27 4
49 12 4 59 13 4
3 56 4 13 57 4
54 53 4 59 54 4
47 43 4 51 44 4
33 10 4 39 11 4
21 17 4 28 18 4
26 6 5 27 16 5
17 5 5 18 13 5
40 36 5 41 44 5
15 2 5 16 12 5
7 6 5 8 14 5
15 47 5 16 53 5
13 39 5 14 45 5
14 35 5 15 41 5
41 35 5 42 39 5
43 4 5 44 9 5
14 8 5 15 18 5
23 12 5 24 18 5
9 2 5 10 5 5
28 23 5 29 33 5
2 22 5 3 28 5
38 23 5 39 30 5
51 7 5 52 14 5
20 5 5 21 12 5
24 47 5 25 55 5
1 48 5 2 54 5
26 42 5 27 48 5
53 39 5 54 47 5
57 47 5 58 50 5
33 4 5 34 9 5
Net_num 157
Net_id 0
pin_num 5
51 14 0
44 21 0
34 7 0
41 14 0
59 16 0
Net_id 1
pin_num 5
46 58 0
39 58 0
39 39 0
27 44 0
43 49 0
Net_id 2
pin_num 5
37 29 0
21 32 0
26 53 0
43 42 0
16 42 0
Net_id 3
pin_num 5
32 41 0
28 44 0
34 33 0
32 36 0
36 46 0
Net_id 4
pin_num 5
17 32 0
9 38 0
10 56 0
23 35 0
27 38 0
Net_id 5
pin_num 5
44 25 0
36 17 0
17 25 0
33 21 0
22 33 0
Net_id 6
pin_num 5
13 44 0
3 36 0
4 35 0
25 54 0
0 43 0
Net_id 7
pin_num 5
59 17 0
54 10 0
41 13 0
59 5 0
54 23 0
Net_id 8
pin_num 5
51 4 0
36 3 0
50 0 0
45 11 0
31 16 0
Net_id 9
pin_num 5
57 35 0
53 35 0
54 42 0
56 15 0
59 30 0
Net_id 10
pin_num 5
6 13 0
13 25 0
26 16 0
0 22 0
0 14 0
Net_id 11
pin_num 5
37 23 0
43 29 0
49 27 0
33 27 0
49 21 0
Net_id 12
pin_num 5
10 17 0
9 31 0
0 34 0
5 33 0
17 29 0
Net_id 13
pin_num 5
56 0 0
54 3 0
39 0 0
42 26 0
57 20 0
Net_id 14
pin_num 5
21 58 0
13 58 0
13 38 0
30 54 0
20 48 0
Net_id 15
pin_num 5
25 57 0
26 55 0
38 58 0
22 57 0
32 38 0
Net_id 16
pin_num 5
18 15 0
13 24 0
34 24 0
16 29 0
18 5 0
Net_id 17
pin_num 5
17 6 0
6 0 0
12 9 0
22 1 0
26 3 0
Net_id 18
pin_num 5
48 30 0
39 32 0
34 32 0
50 32 0
46 48 0
Net_id 19
pin_num 5
36 39 0
40 55 0
58 51 0
43 33 0
46 29 0
Net_id 20
pin_num 4
20 3 0
11 3 0
32 0 0
13 15 0
Net_id 21
pin_num 4
18 2 0
13 7 0
31 7 0
2 0 0
Net_id 22
pin_num 4
15 51 0
24 45 0
27 59 0
46 59 0
Net_id 23
pin_num 4
32 10 0
28 5 0
46 1 0
49 5 0
Net_id 24
pin_num 4
17 34 0
29 34 0
22 43 0
23 18 0
Net_id 25
pin_num 4
41 43 0
23 45 0
27 40 0
23 41 0
Net_id 26
pin_num 4
45 40 0
50 41 0
45 48 0
31 39 0
Net_id 27
pin_num 4
25 1 0
22 10 0
19 18 0
0 16 0
Net_id 28
pin_num 4
36 52 0
43 45 0
45 59 0
37 47 0
Net_id 29
pin_num 4
10 55 0
16 51 0
28 52 0
26 59 0
Net_id 30
pin_num 4
21 24 0
8 19 0
15 0 0
20 12 0
Net_id 31
pin_num 4
4 25 0
19 22 0
11 30 0
16 15 0
Net_id 32
pin_num 4
0 11 0
9 2 0
8 28 0
3 4 0
Net_id 33
pin_num 4
25 12 0
33 12 0
28 23 0
27 26 0
Net_id 34
pin_num 4
3 52 0
0 58 0
7 54 0
0 45 0
Net_id 35
pin_num 4
38 31 0
44 23 0
17 31 0
45 25 0
Net_id 36
pin_num 4
50 31 0
42 31 0
59 32 0
59 43 0
Net_id 37
pin_num 4
21 11 0
30 22 0
28 26 0
27 22 0
Net_id 38
pin_num 4
14 31 0
42 33 0
11 49 0
24 8 0
Net_id 39
pin_num 4
14 30 0
11 20 0
25 38 0
20 16 0
Net_id 40
pin_num 3
22 49 0
16 46 0
16 13 0
Net_id 41
pin_num 3
25 58 0
37 59 0
22 45 0
Net_id 42
pin_num 3
4 42 0
17 38 0
9 51 0
Net_id 43
pin_num 3
16 4 0
5 12 0
29 9 0
Net_id 44
pin_num 3
50 47 0
50 52 0
57 33 0
Net_id 45
pin_num 3
10 2 0
14 1 0
22 12 0
Net_id 46
pin_num 3
57 14 0
58 32 0
58 42 0
Net_id 47
pin_num 3
48 19 0
39 20 0
13 23 0
Net_id 48
pin_num 3
55 4 0
57 16 0
59 44 0
Net_id 49
pin_num 3
55 26 0
47 33 0
50 19 0
Net_id 50
pin_num 3
58 6 0
37 2 0
53 30 0
Net_id 51
pin_num 3
20 22 0
42 30 0
40 58 0
Net_id 52
pin_num 3
14 35 0
8 33 0
27 27 0
Net_id 53
pin_num 3
12 56 0
11 51 0
12 48 0
Net_id 54
pin_num 3
50 54 0
58 44 0
42 46 0
Net_id 55
pin_num 3
13 19 0
9 28 0
8 0 0
Net_id 56
pin_num 3
18 55 0
37 51 0
11 59 0
Net_id 57
pin_num 3
6 43 0
5 31 0
16 41 0
Net_id 58
pin_num 3
25 28 0
18 30 0
13 26 0
Net_id 59
pin_num 3
8 50 0
0 35 0
38 36 0
Net_id 60
pin_num 3
26 2 0
13 2 0
17 0 0
Net_id 61
pin_num 3
31 50 0
42 53 0
28 33 0
Net_id 62
pin_num 3
40 51 0
51 59 0
48 59 0
Net_id 63
pin_num 3
35 44 0
24 58 0
36 56 0
Net_id 64
pin_num 3
6 27 0
5 34 0
26 30 0
Net_id 65
pin_num 3
14 59 0
12 58 0
7 49 0
Net_id 66
pin_num 3
19 16 0
14 14 0
39 5 0
Net_id 67
pin_num 3
48 33 0
54 32 0
56 50 0
Net_id 68
pin_num 3
35 33 0
49 49 0
18 49 0
Net_id 69
pin_num 3
53 15 0
54 25 0
31 23 0
Net_id 70
pin_num 3
48 8 0
37 6 0
56 8 0
Net_id 71
pin_num 3
28 22 0
37 7 0
33 36 0
Net_id 72
pin_num 3
1 49 0
10 57 0
1 40 0
Net_id 73
pin_num 3
8 46 0
29 52 0
39 47 0
Net_id 74
pin_num 3
4 46 0
15 34 0
0 26 0
Net_id 75
pin_num 3
47 20 0
58 5 0
52 20 0
Net_id 76
pin_num 3
30 37 0
12 40 0
38 57 0
Net_id 77
pin_num 3
40 24 0
57 21 0
50 1 0
Net_id 78
pin_num 3
9 33 0
19 33 0
9 55 0
Net_id 79
pin_num 3
50 36 0
59 36 0
36 26 0
Net_id 80
pin_num 3
25 17 0
9 18 0
35 10 0
Net_id 81
pin_num 2
7 32 0
21 39 0
Net_id 82
pin_num 2
49 30 0
52 47 0
Net_id 83
pin_num 2
48 37 0
26 23 0
Net_id 84
pin_num 2
30 4 0
12 10 0
Net_id 85
pin_num 2
58 8 0
37 0 0
Net_id 86
pin_num 2
54 2 0
43 5 0
Net_id 87
pin_num 2
4 31 0
1 51 0
Net_id 88
pin_num 2
5 38 0
14 53 0
Net_id 89
pin_num 2
4 3 0
30 11 0
Net_id 90
pin_num 2
28 36 0
35 23 0
Net_id 91
pin_num 2
17 10 0
4 12 0
Net_id 92
pin_num 2
58 28 0
51 29 0
Net_id 93
pin_num 2
17 30 0
7 57 0
Net_id 94
pin_num 2
42 49 0
35 49 0
Net_id 95
pin_num 2
35 48 0
21 50 0
Net_id 96
pin_num 2
51 32 0
41 39 0
Net_id 97
pin_num 2
25 22 0
37 10 0
Net_id 98
pin_num 2
56 20 0
51 19 0
Net_id 99
pin_num 2
19 56 0
29 56 0
Net_id 100
pin_num 2
21 16 0
22 24 0
Net_id 101
pin_num 2
7 52 0
19 36 0
Net_id 102
pin_num 2
13 14 0
5 40 0
Net_id 103
pin_num 2
44 48 0
36 48 0
Net_id 104
pin_num 2
13 27 0
26 27 0
Net_id 105
pin_num 2
2 18 0
7 11 0
Net_id 106
pin_num 2
48 41 0
44 33 0
Net_id 107
pin_num 2
0 48 0
17 35 0
Net_id 108
pin_num 2
34 1 0
46 20 0
Net_id 109
pin_num 2
55 49 0
59 52 0
Net_id 110
pin_num 2
58 52 0
59 48 0
Net_id 111
pin_num 2
19 15 0
51 15 0
Net_id 112
pin_num 2
36 8 0
25 19 0
Net_id 113
pin_num 2
36 0 0
35 0 0
Net_id 114
pin_num 2
54 44 0
58 59 0
Net_id 115
pin_num 2
53 44 0
38 34 0
Net_id 116
pin_num 2
48 54 0
38 53 0
Net_id 117
pin_num 2
18 54 0
29 55 0
Net_id 118
pin_num 2
57 37 0
49 29 0
Net_id 119
pin_num 2
57 46 0
45 38 0
Net_id 120
pin_num 2
54 4 0
50 9 0
Net_id 121
pin_num 2
3 3 0
4 1 0
Net_id 122
pin_num 2
41 56 0
30 50 0
Net_id 123
pin_num 2
38 2 0
46 10 0
Net_id 124
pin_num 2
5 17 0
5 35 0
Net_id 125
pin_num 2
46 57 0
37 36 0
Net_id 126
pin_num 2
19 32 0
28 8 0
Net_id 127
pin_num 2
40 20 0
47 21 0
Net_id 128
pin_num 2
48 25 0
58 7 0
Net_id 129
pin_num 2
25 18 0
21 23 0
Net_id 130
pin_num 2
24 26 0
50 37 0
Net_id 131
pin_num 2
39 44 0
17 41 0
Net_id 132
pin_num 2
59 54 0
41 47 0
Net_id 133
pin_num 2
37 5 0
55 2 0
Net_id 134
pin_num 2
21 19 0
9 4 0
Net_id 135
pin_num 2
17 46 0
33 56 0
Net_id 136
pin_num 2
29 28 0
58 16 0
Net_id 137
pin_num 2
24 36 0
37 53 0
Net_id 138
pin_num 2
0 10 0
8 11 0
Net_id 139
pin_num 2
24 41 0
30 52 0
Net_id 140
pin_num 2
50 17 0
59 0 0
Net_id 141
pin_num 2
55 58 0
48 52 0
Net_id 142
pin_num 2
25 32 0
27 30 0
Net_id 143
pin_num 2
30 49 0
6 40 0
Net_id 144
pin_num 2
29 2 0
34 2 0
Net_id 145
pin_num 2
27 18 0
46 18 0
Net_id 146
pin_num 2
59 39 0
42 45 0
Net_id 147
pin_num 2
45 50 0
50 38 0
Net_id 148
pin_num 2
45 30 0
37 34 0
Net_id 149
pin_num 2
7 45 0
9 34 0
Net_id 150
pin_num 2
3 20 0
7 39 0
Net_id 151
pin_num 2
55 10 0
54 1 0
Net_id 152
pin_num 2
53 55 0
59 59 0
Net_id 153
pin_num 2
50 23 0
41 17 0
Net_id 154
pin_num 2
54 58 0
18 45 0
Net_id 155
pin_num 2
44 29 0
58 47 0
Net_id 156
pin_num 2
52 18 0
48 12 0
