Width 60
Height 60
Layer 6
Total_WL 6715
Obstacle_num 144
53 5 0 56 6 0
38 27 0 41 28 0
8 3 0 17 4 0
8 42 0 11 43 0
27 36 0 37 37 0
46 1 0 56 2 0
40 36 0 47 37 0
35 1 0 45 2 0
44 16 0 47 17 0
35 53 0 44 54 0
27 40 0 30 41 0
0 30 0 4 31 0
23 5 0 32 6 0
30 49 0 34 50 0
39 42 0 45 43 0
38 9 0 46 10 0
1 57 0 6 58 0
39 54 0 45 55 0
23 9 0 27 10 0
17 58 0 21 59 0
1 39 0 4 40 0
34 55 0 40 56 0
25 12 0 29 13 0
47 4 0 56 5 0
23 33 1 24 43 1
4 36 1 5 46 1
47 42 1 48 52 1
56 16 1 57 26 1
53 1 1 54 9 1
44 2 1 45 12 1
29 19 1 30 22 1
58 49 1 59 58 1
40 47 1 41 57 1
29 28 1 30 36 1
48 29 1 49 36 1
41 28 1 42 31 1
1 31 1 2 35 1
50 3 1 51 11 1
0 46 1 1 56 1
58 21 1 59 30 1
19 42 1 20 48 1
12 27 1 13 37 1
12 39 1 13 48 1
54 23 1 55 28 1
36 8 1 37 14 1
34 42 1 35 50 1
45 46 1 46 56 1
36 20 1 37 23 1
48 47 2 52 48 2
13 8 2 18 9 2
2 38 2 11 39 2
15 18 2 25 19 2
51 23 2 59 24 2
45 8 2 51 9 2
41 12 2 47 13 2
12 34 2 19 35 2
3 36 2 9 37 2
15 52 2 18 53 2
22 55 2 29 56 2
18 46 2 21 47 2
20 28 2 23 29 2
39 53 2 49 54 2
1 58 2 5 59 2
23 37 2 30 38 2
15 24 2 22 25 2
47 31 2 54 32 2
35 33 2 38 34 2
48 43 2 53 44 2
47 55 2 53 56 2
16 0 2 23 1 2
14 44 2 18 45 2
42 3 2 50 4 2
35 15 3 36 24 3
16 36 3 17 39 3
45 14 3 46 17 3
22 30 3 23 36 3
49 47 3 50 55 3
17 53 3 18 57 3
27 37 3 28 40 3
46 39 3 47 49 3
26 2 3 27 9 3
8 51 3 9 57 3
50 49 3 51 52 3
57 48 3 58 53 3
57 9 3 58 15 3
58 40 3 59 47 3
30 18 3 31 26 3
4 49 3 5 52 3
16 29 3 17 33 3
39 39 3 40 44 3
18 20 3 19 23 3
51 5 3 52 10 3
24 4 3 25 14 3
36 42 3 37 52 3
31 16 3 32 23 3
18 0 3 19 5 3
16 17 4 26 18 4
7 30 4 17 31 4
50 43 4 58 44 4
31 1 4 38 2 4
48 0 4 52 1 4
0 7 4 7 8 4
42 49 4 47 50 4
47 4 4 52 5 4
38 21 4 45 22 4
10 44 4 16 45 4
44 12 4 47 13 4
1 13 4 8 14 4
23 32 4 32 33 4
25 19 4 32 20 4
15 53 4 19 54 4
43 46 4 52 47 4
9 56 4 17 57 4
29 38 4 39 39 4
50 40 4 55 41 4
37 34 4 45 35 4
9 32 4 18 33 4
51 15 4 54 16 4
15 27 4 25 28 4
33 32 4 41 33 4
14 34 5 15 44 5
54 43 5 55 50 5
33 37 5 34 40 5
39 45 5 40 55 5
38 46 5 39 55 5
30 20 5 31 29 5
20 20 5 21 27 5
32 1 5 33 9 5
32 45 5 33 51 5
6 27 5 7 32 5
1 22 5 2 30 5
8 20 5 9 25 5
19 52 5 20 57 5
22 7 5 23 16 5
34 4 5 35 14 5
24 17 5 25 24 5
49 47 5 50 56 5
18 10 5 19 14 5
33 22 5 34 25 5
27 30 5 28 34 5
18 41 5 19 46 5
13 29 5 14 33 5
58 37 5 59 43 5
36 25 5 37 35 5
Net_num 164
Net_id 0
pin_num 5
46 50 0
50 58 0
59 53 0
59 48 0
54 51 0
Net_id 1
pin_num 5
15 31 0
3 24 0
0 40 0
20 33 0
2 20 0
Net_id 2
pin_num 5
56 30 0
58 32 0
57 18 0
59 32 0
59 23 0
Net_id 3
pin_num 5
37 47 0
30 57 0
50 54 0
30 29 0
26 56 0
Net_id 4
pin_num 5
25 39 0
20 41 0
34 34 0
31 17 0
22 26 0
Net_id 5
pin_num 5
54 29 0
50 38 0
57 43 0
52 35 0
28 32 0
Net_id 6
pin_num 5
22 55 0
29 51 0
22 51 0
26 59 0
15 51 0
Net_id 7
pin_num 5
17 13 0
27 6 0
42 10 0
23 24 0
6 13 0
Net_id 8
pin_num 5
41 26 0
32 26 0
38 33 0
14 25 0
34 33 0
Net_id 9
pin_num 5
21 33 0
27 30 0
41 31 0
25 45 0
35 39 0
Net_id 10
pin_num 5
55 23 0
49 22 0
52 18 0
50 14 0
58 19 0
Net_id 11
pin_num 5
23 4 0
36 4 0
26 20 0
35 0 0
42 0 0
Net_id 12
pin_num 5
12 58 0
9 59 0
5 56 0
6 46 0
6 47 0
Net_id 13
pin_num 5
10 24 0
5 16 0
9 5 0
3 6 0
9 4 0
Net_id 14
pin_num 5
24 0 0
12 0 0
18 17 0
15 5 0
1 1 0
Net_id 15
pin_num 5
34 48 0
24 47 0
41 49 0
32 33 0
42 27 0
Net_id 16
pin_num 5
9 11 0
16 11 0
11 15 0
14 23 0
3 14 0
Net_id 17
pin_num 5
31 27 0
27 28 0
23 43 0
29 42 0
24 29 0
Net_id 18
pin_num 5
57 54 0
53 54 0
51 51 0
44 47 0
54 56 0
Net_id 19
pin_num 5
21 4 0
7 0 0
0 9 0
12 12 0
6 7 0
Net_id 20
pin_num 5
38 38 0
33 35 0
37 54 0
25 50 0
40 45 0
Net_id 21
pin_num 5
20 38 0
16 41 0
16 28 0
1 37 0
2 35 0
Net_id 22
pin_num 4
6 58 0
10 49 0
14 37 0
3 50 0
Net_id 23
pin_num 4
34 39 0
26 44 0
26 40 0
40 35 0
Net_id 24
pin_num 4
56 56 0
45 59 0
55 52 0
43 52 0
Net_id 25
pin_num 4
6 35 0
11 48 0
18 44 0
0 45 0
Net_id 26
pin_num 4
31 19 0
17 19 0
23 1 0
25 22 0
Net_id 27
pin_num 4
15 50 0
15 37 0
26 38 0
21 51 0
Net_id 28
pin_num 4
27 56 0
38 57 0
51 50 0
42 26 0
Net_id 29
pin_num 4
57 27 0
46 34 0
35 28 0
59 39 0
Net_id 30
pin_num 4
26 36 0
21 30 0
22 48 0
21 32 0
Net_id 31
pin_num 4
54 57 0
46 58 0
36 58 0
33 59 0
Net_id 32
pin_num 4
16 57 0
12 57 0
0 29 0
16 51 0
Net_id 33
pin_num 4
47 11 0
33 11 0
38 24 0
32 25 0
Net_id 34
pin_num 4
18 12 0
21 16 0
13 29 0
29 16 0
Net_id 35
pin_num 4
34 35 0
52 37 0
45 57 0
48 46 0
Net_id 36
pin_num 4
45 6 0
56 6 0
55 22 0
41 20 0
Net_id 37
pin_num 4
41 13 0
40 17 0
36 5 0
39 10 0
Net_id 38
pin_num 4
50 55 0
58 59 0
50 48 0
40 59 0
Net_id 39
pin_num 4
34 24 0
39 25 0
27 24 0
33 30 0
Net_id 40
pin_num 4
53 58 0
57 57 0
56 36 0
42 52 0
Net_id 41
pin_num 4
47 33 0
55 41 0
59 27 0
54 37 0
Net_id 42
pin_num 4
18 55 0
23 57 0
30 58 0
22 29 0
Net_id 43
pin_num 4
6 4 0
0 6 0
11 2 0
5 3 0
Net_id 44
pin_num 3
2 25 0
7 22 0
6 24 0
Net_id 45
pin_num 3
55 17 0
59 11 0
48 19 0
Net_id 46
pin_num 3
22 3 0
7 2 0
16 22 0
Net_id 47
pin_num 3
17 36 0
8 26 0
11 10 0
Net_id 48
pin_num 3
27 37 0
20 48 0
50 45 0
Net_id 49
pin_num 3
9 40 0
9 29 0
13 21 0
Net_id 50
pin_num 3
14 53 0
27 47 0
33 55 0
Net_id 51
pin_num 3
21 6 0
22 4 0
34 2 0
Net_id 52
pin_num 3
45 49 0
36 51 0
39 41 0
Net_id 53
pin_num 3
29 44 0
11 52 0
24 27 0
Net_id 54
pin_num 3
28 58 0
25 52 0
23 8 0
Net_id 55
pin_num 3
3 56 0
1 50 0
16 45 0
Net_id 56
pin_num 3
49 41 0
55 31 0
36 39 0
Net_id 57
pin_num 3
41 48 0
49 37 0
45 28 0
Net_id 58
pin_num 3
14 15 0
3 2 0
6 29 0
Net_id 59
pin_num 3
1 34 0
8 34 0
5 39 0
Net_id 60
pin_num 3
54 47 0
57 56 0
59 33 0
Net_id 61
pin_num 3
17 4 0
22 1 0
43 0 0
Net_id 62
pin_num 3
41 29 0
26 23 0
23 2 0
Net_id 63
pin_num 3
30 35 0
44 31 0
33 22 0
Net_id 64
pin_num 3
38 12 0
59 5 0
39 23 0
Net_id 65
pin_num 3
54 36 0
47 29 0
49 25 0
Net_id 66
pin_num 3
0 33 0
15 32 0
15 6 0
Net_id 67
pin_num 3
9 53 0
5 55 0
1 48 0
Net_id 68
pin_num 3
7 10 0
13 8 0
22 21 0
Net_id 69
pin_num 3
26 27 0
19 32 0
4 27 0
Net_id 70
pin_num 3
9 22 0
0 16 0
0 0 0
Net_id 71
pin_num 3
45 31 0
52 39 0
38 37 0
Net_id 72
pin_num 3
5 48 0
2 37 0
13 37 0
Net_id 73
pin_num 3
21 1 0
0 10 0
32 6 0
Net_id 74
pin_num 3
38 15 0
57 12 0
39 13 0
Net_id 75
pin_num 3
20 34 0
31 34 0
20 17 0
Net_id 76
pin_num 3
5 18 0
19 10 0
7 37 0
Net_id 77
pin_num 3
37 17 0
53 22 0
49 2 0
Net_id 78
pin_num 3
36 20 0
40 18 0
24 59 0
Net_id 79
pin_num 3
9 54 0
1 46 0
28 46 0
Net_id 80
pin_num 3
13 42 0
29 43 0
7 42 0
Net_id 81
pin_num 3
48 8 0
53 3 0
51 9 0
Net_id 82
pin_num 3
38 14 0
5 10 0
20 11 0
Net_id 83
pin_num 3
59 45 0
39 52 0
36 56 0
Net_id 84
pin_num 2
10 15 0
2 12 0
Net_id 85
pin_num 2
22 5 0
16 12 0
Net_id 86
pin_num 2
0 7 0
12 18 0
Net_id 87
pin_num 2
4 58 0
1 52 0
Net_id 88
pin_num 2
38 21 0
33 21 0
Net_id 89
pin_num 2
43 6 0
35 10 0
Net_id 90
pin_num 2
38 5 0
20 6 0
Net_id 91
pin_num 2
32 11 0
0 11 0
Net_id 92
pin_num 2
15 22 0
10 7 0
Net_id 93
pin_num 2
38 19 0
32 18 0
Net_id 94
pin_num 2
59 28 0
45 19 0
Net_id 95
pin_num 2
58 40 0
48 27 0
Net_id 96
pin_num 2
6 40 0
13 59 0
Net_id 97
pin_num 2
44 20 0
26 31 0
Net_id 98
pin_num 2
27 20 0
41 8 0
Net_id 99
pin_num 2
41 21 0
55 29 0
Net_id 100
pin_num 2
33 13 0
38 13 0
Net_id 101
pin_num 2
50 34 0
55 48 0
Net_id 102
pin_num 2
37 30 0
42 30 0
Net_id 103
pin_num 2
42 5 0
39 14 0
Net_id 104
pin_num 2
49 38 0
28 45 0
Net_id 105
pin_num 2
30 45 0
33 46 0
Net_id 106
pin_num 2
45 43 0
55 42 0
Net_id 107
pin_num 2
9 8 0
1 21 0
Net_id 108
pin_num 2
24 58 0
24 52 0
Net_id 109
pin_num 2
50 42 0
20 30 0
Net_id 110
pin_num 2
26 21 0
39 24 0
Net_id 111
pin_num 2
46 35 0
38 43 0
Net_id 112
pin_num 2
56 12 0
50 2 0
Net_id 113
pin_num 2
58 29 0
56 14 0
Net_id 114
pin_num 2
14 7 0
30 17 0
Net_id 115
pin_num 2
25 8 0
20 20 0
Net_id 116
pin_num 2
31 43 0
43 29 0
Net_id 117
pin_num 2
44 22 0
58 33 0
Net_id 118
pin_num 2
59 43 0
43 27 0
Net_id 119
pin_num 2
16 26 0
1 42 0
Net_id 120
pin_num 2
5 20 0
1 27 0
Net_id 121
pin_num 2
44 45 0
50 44 0
Net_id 122
pin_num 2
29 49 0
22 50 0
Net_id 123
pin_num 2
26 47 0
22 46 0
Net_id 124
pin_num 2
10 4 0
17 15 0
Net_id 125
pin_num 2
30 22 0
24 7 0
Net_id 126
pin_num 2
35 48 0
38 50 0
Net_id 127
pin_num 2
16 43 0
20 47 0
Net_id 128
pin_num 2
35 34 0
45 39 0
Net_id 129
pin_num 2
1 19 0
10 19 0
Net_id 130
pin_num 2
49 29 0
55 26 0
Net_id 131
pin_num 2
7 11 0
4 30 0
Net_id 132
pin_num 2
31 37 0
5 32 0
Net_id 133
pin_num 2
57 35 0
55 25 0
Net_id 134
pin_num 2
32 51 0
19 41 0
Net_id 135
pin_num 2
24 25 0
22 28 0
Net_id 136
pin_num 2
53 24 0
37 36 0
Net_id 137
pin_num 2
56 39 0
44 57 0
Net_id 138
pin_num 2
8 43 0
18 41 0
Net_id 139
pin_num 2
21 40 0
19 37 0
Net_id 140
pin_num 2
8 14 0
3 32 0
Net_id 141
pin_num 2
17 55 0
5 58 0
Net_id 142
pin_num 2
35 49 0
53 25 0
Net_id 143
pin_num 2
39 3 0
34 12 0
Net_id 144
pin_num 2
11 21 0
34 15 0
Net_id 145
pin_num 2
3 25 0
20 10 0
Net_id 146
pin_num 2
51 10 0
45 29 0
Net_id 147
pin_num 2
38 58 0
36 52 0
Net_id 148
pin_num 2
38 40 0
55 30 0
Net_id 149
pin_num 2
42 51 0
34 58 0
Net_id 150
pin_num 2
21 15 0
14 14 0
Net_id 151
pin_num 2
14 58 0
17 57 0
Net_id 152
pin_num 2
20 31 0
29 18 0
Net_id 153
pin_num 2
57 20 0
51 42 0
Net_id 154
pin_num 2
28 43 0
19 35 0
Net_id 155
pin_num 2
42 22 0
48 57 0
Net_id 156
pin_num 2
12 9 0
29 17 0
Net_id 157
pin_num 2
7 47 0
13 47 0
Net_id 158
pin_num 2
34 57 0
39 59 0
Net_id 159
pin_num 2
56 48 0
59 46 0
Net_id 160
pin_num 2
23 58 0
21 54 0
Net_id 161
pin_num 2
3 10 0
1 11 0
Net_id 162
pin_num 2
18 28 0
32 15 0
Net_id 163
pin_num 2
7 28 0
18 39 0
