Width 60
Height 60
Layer 6
Total_WL 6861
Obstacle_num 144
21 54 0 26 55 0
12 56 0 18 57 0
4 56 0 11 57 0
43 28 0 51 29 0
26 26 0 36 27 0
10 54 0 18 55 0
25 25 0 29 26 0
15 55 0 25 56 0
6 29 0 13 30 0
31 22 0 36 23 0
12 20 0 16 21 0
29 50 0 38 51 0
19 30 0 24 31 0
46 35 0 52 36 0
32 15 0 39 16 0
5 9 0 9 10 0
9 40 0 18 41 0
4 30 0 10 31 0
17 1 0 20 2 0
15 52 0 19 53 0
42 36 0 48 37 0
8 7 0 15 8 0
29 2 0 36 3 0
24 48 0 29 49 0
57 19 1 58 25 1
53 32 1 54 41 1
56 51 1 57 59 1
56 33 1 57 39 1
44 49 1 45 52 1
32 22 1 33 26 1
18 16 1 19 26 1
52 7 1 53 10 1
13 20 1 14 29 1
27 1 1 28 11 1
2 20 1 3 24 1
19 32 1 20 36 1
57 37 1 58 41 1
5 30 1 6 35 1
36 6 1 37 14 1
48 41 1 49 51 1
36 31 1 37 39 1
3 30 1 4 36 1
41 15 1 42 25 1
42 17 1 43 22 1
12 27 1 13 34 1
8 29 1 9 35 1
37 24 1 38 33 1
48 31 1 49 40 1
47 5 2 53 6 2
48 50 2 53 51 2
22 5 2 32 6 2
39 16 2 48 17 2
31 23 2 35 24 2
7 58 2 12 59 2
12 49 2 15 50 2
48 30 2 54 31 2
51 6 2 56 7 2
46 8 2 53 9 2
13 6 2 17 7 2
9 13 2 15 14 2
41 34 2 49 35 2
34 19 2 43 20 2
8 38 2 18 39 2
20 51 2 30 52 2
1 6 2 8 7 2
37 56 2 42 57 2
51 0 2 57 1 2
37 52 2 44 53 2
6 21 2 15 22 2
18 57 2 26 58 2
26 20 2 36 21 2
23 4 2 27 5 2
35 48 3 36 55 3
55 29 3 56 37 3
38 27 3 39 34 3
42 28 3 43 34 3
33 41 3 34 50 3
51 18 3 52 22 3
16 16 3 17 22 3
51 44 3 52 50 3
57 9 3 58 13 3
30 0 3 31 9 3
0 22 3 1 28 3
23 11 3 24 18 3
28 15 3 29 25 3
49 37 3 50 42 3
10 31 3 11 36 3
32 0 3 33 7 3
40 23 3 41 27 3
26 38 3 27 46 3
9 29 3 10 33 3
7 15 3 8 22 3
20 16 3 21 24 3
29 37 3 30 43 3
45 29 3 46 35 3
20 0 3 21 10 3
22 36 4 30 37 4
52 20 4 56 21 4
42 21 4 52 22 4
42 22 4 50 23 4
3 30 4 8 31 4
34 29 4 44 30 4
12 1 4 22 2 4
10 20 4 19 21 4
12 52 4 16 53 4
22 27 4 32 28 4
19 24 4 24 25 4
26 56 4 31 57 4
29 30 4 37 31 4
29 39 4 34 40 4
39 49 4 47 50 4
2 33 4 10 34 4
16 6 4 26 7 4
26 5 4 36 6 4
24 52 4 28 53 4
19 29 4 22 30 4
5 10 4 13 11 4
27 31 4 33 32 4
8 49 4 14 50 4
9 32 4 18 33 4
36 35 5 37 44 5
5 0 5 6 7 5
19 21 5 20 28 5
20 8 5 21 13 5
46 7 5 47 13 5
1 34 5 2 44 5
22 22 5 23 31 5
20 42 5 21 47 5
51 24 5 52 30 5
33 16 5 34 24 5
45 25 5 46 33 5
12 4 5 13 14 5
6 41 5 7 48 5
55 44 5 56 52 5
44 2 5 45 9 5
41 30 5 42 40 5
19 6 5 20 16 5
32 37 5 33 40 5
56 10 5 57 16 5
29 4 5 30 10 5
58 19 5 59 25 5
0 38 5 1 48 5
32 27 5 33 35 5
57 22 5 58 27 5
Net_num 162
Net_id 0
pin_num 5
23 17 0
23 0 0
5 16 0
30 6 0
8 2 0
Net_id 1
pin_num 5
20 56 0
23 53 0
37 56 0
26 41 0
5 47 0
Net_id 2
pin_num 5
26 24 0
25 2 0
5 19 0
40 19 0
0 7 0
Net_id 3
pin_num 5
2 34 0
7 34 0
13 34 0
12 41 0
0 43 0
Net_id 4
pin_num 5
54 45 0
58 51 0
59 27 0
59 14 0
53 21 0
Net_id 5
pin_num 5
55 13 0
53 29 0
44 13 0
47 34 0
59 23 0
Net_id 6
pin_num 5
35 11 0
33 13 0
33 0 0
38 2 0
39 0 0
Net_id 7
pin_num 5
59 20 0
50 22 0
53 12 0
54 29 0
41 19 0
Net_id 8
pin_num 5
19 16 0
7 20 0
17 9 0
21 20 0
10 16 0
Net_id 9
pin_num 5
43 26 0
58 24 0
55 10 0
46 16 0
55 5 0
Net_id 10
pin_num 5
51 44 0
59 50 0
42 45 0
52 57 0
38 59 0
Net_id 11
pin_num 5
29 48 0
33 59 0
46 48 0
43 32 0
49 41 0
Net_id 12
pin_num 5
46 2 0
54 2 0
40 11 0
31 0 0
47 3 0
Net_id 13
pin_num 5
58 47 0
44 47 0
47 59 0
39 56 0
46 45 0
Net_id 14
pin_num 5
26 2 0
36 3 0
33 1 0
52 1 0
37 3 0
Net_id 15
pin_num 5
32 5 0
37 10 0
40 7 0
53 1 0
15 5 0
Net_id 16
pin_num 5
21 25 0
14 25 0
9 25 0
17 35 0
29 32 0
Net_id 17
pin_num 5
6 39 0
0 39 0
5 54 0
13 43 0
1 41 0
Net_id 18
pin_num 5
11 38 0
3 42 0
4 55 0
11 39 0
0 34 0
Net_id 19
pin_num 5
29 12 0
37 11 0
39 12 0
37 34 0
43 12 0
Net_id 20
pin_num 5
16 30 0
25 39 0
22 52 0
12 59 0
20 41 0
Net_id 21
pin_num 4
34 6 0
46 6 0
37 6 0
45 22 0
Net_id 22
pin_num 4
23 37 0
31 43 0
38 43 0
27 17 0
Net_id 23
pin_num 4
50 23 0
50 24 0
35 29 0
21 27 0
Net_id 24
pin_num 4
4 31 0
0 23 0
22 25 0
12 42 0
Net_id 25
pin_num 4
23 19 0
14 22 0
16 9 0
0 17 0
Net_id 26
pin_num 4
47 50 0
58 49 0
51 59 0
50 49 0
Net_id 27
pin_num 4
7 10 0
18 10 0
21 0 0
17 17 0
Net_id 28
pin_num 4
44 54 0
39 55 0
38 46 0
27 53 0
Net_id 29
pin_num 4
43 57 0
41 50 0
33 57 0
37 55 0
Net_id 30
pin_num 4
51 53 0
40 53 0
57 48 0
41 42 0
Net_id 31
pin_num 4
50 58 0
37 54 0
26 59 0
24 49 0
Net_id 32
pin_num 4
15 38 0
22 39 0
47 48 0
22 46 0
Net_id 33
pin_num 4
42 18 0
48 27 0
41 7 0
52 27 0
Net_id 34
pin_num 4
44 30 0
53 26 0
50 40 0
59 29 0
Net_id 35
pin_num 4
27 36 0
30 25 0
29 42 0
37 30 0
Net_id 36
pin_num 4
26 14 0
46 7 0
38 20 0
24 10 0
Net_id 37
pin_num 4
0 9 0
1 30 0
13 29 0
3 26 0
Net_id 38
pin_num 4
43 17 0
48 7 0
34 4 0
29 17 0
Net_id 39
pin_num 4
45 5 0
55 2 0
47 37 0
49 16 0
Net_id 40
pin_num 4
58 53 0
49 51 0
55 59 0
58 56 0
Net_id 41
pin_num 3
40 24 0
42 13 0
42 33 0
Net_id 42
pin_num 3
1 2 0
7 4 0
2 0 0
Net_id 43
pin_num 3
34 30 0
32 36 0
17 42 0
Net_id 44
pin_num 3
35 8 0
49 0 0
39 21 0
Net_id 45
pin_num 3
23 28 0
6 31 0
16 59 0
Net_id 46
pin_num 3
7 50 0
2 56 0
14 43 0
Net_id 47
pin_num 3
56 17 0
56 39 0
53 22 0
Net_id 48
pin_num 3
43 33 0
59 36 0
39 40 0
Net_id 49
pin_num 3
31 55 0
28 57 0
3 56 0
Net_id 50
pin_num 3
38 49 0
58 55 0
38 55 0
Net_id 51
pin_num 3
38 1 0
53 10 0
54 30 0
Net_id 52
pin_num 3
31 24 0
52 18 0
26 13 0
Net_id 53
pin_num 3
34 38 0
15 27 0
4 57 0
Net_id 54
pin_num 3
46 31 0
38 31 0
52 31 0
Net_id 55
pin_num 3
8 45 0
10 42 0
16 35 0
Net_id 56
pin_num 3
18 48 0
28 52 0
24 59 0
Net_id 57
pin_num 3
28 17 0
40 15 0
58 6 0
Net_id 58
pin_num 3
10 27 0
18 13 0
7 15 0
Net_id 59
pin_num 3
5 11 0
17 5 0
8 1 0
Net_id 60
pin_num 3
16 42 0
13 39 0
14 31 0
Net_id 61
pin_num 3
57 30 0
40 32 0
28 31 0
Net_id 62
pin_num 3
41 46 0
57 41 0
3 47 0
Net_id 63
pin_num 3
25 57 0
11 59 0
0 49 0
Net_id 64
pin_num 3
6 27 0
7 27 0
9 14 0
Net_id 65
pin_num 3
28 35 0
6 42 0
0 58 0
Net_id 66
pin_num 3
35 14 0
42 11 0
41 2 0
Net_id 67
pin_num 3
13 8 0
5 5 0
3 10 0
Net_id 68
pin_num 3
6 53 0
16 33 0
17 44 0
Net_id 69
pin_num 3
4 14 0
5 14 0
1 0 0
Net_id 70
pin_num 3
4 32 0
4 3 0
26 28 0
Net_id 71
pin_num 3
46 41 0
37 36 0
41 25 0
Net_id 72
pin_num 3
5 52 0
8 49 0
1 40 0
Net_id 73
pin_num 3
18 49 0
34 52 0
55 54 0
Net_id 74
pin_num 3
46 50 0
42 58 0
30 49 0
Net_id 75
pin_num 3
44 22 0
28 23 0
16 21 0
Net_id 76
pin_num 3
54 34 0
58 37 0
39 30 0
Net_id 77
pin_num 3
12 11 0
22 11 0
8 14 0
Net_id 78
pin_num 3
57 22 0
49 29 0
51 48 0
Net_id 79
pin_num 3
22 15 0
10 37 0
11 17 0
Net_id 80
pin_num 3
43 15 0
36 28 0
53 28 0
Net_id 81
pin_num 3
9 33 0
19 54 0
28 59 0
Net_id 82
pin_num 2
20 5 0
0 20 0
Net_id 83
pin_num 2
23 35 0
5 55 0
Net_id 84
pin_num 2
51 34 0
52 29 0
Net_id 85
pin_num 2
20 18 0
3 5 0
Net_id 86
pin_num 2
35 36 0
28 40 0
Net_id 87
pin_num 2
56 12 0
59 3 0
Net_id 88
pin_num 2
20 35 0
21 39 0
Net_id 89
pin_num 2
52 45 0
47 45 0
Net_id 90
pin_num 2
29 24 0
18 15 0
Net_id 91
pin_num 2
6 10 0
4 20 0
Net_id 92
pin_num 2
36 38 0
16 26 0
Net_id 93
pin_num 2
12 27 0
21 40 0
Net_id 94
pin_num 2
54 35 0
57 44 0
Net_id 95
pin_num 2
52 22 0
36 55 0
Net_id 96
pin_num 2
1 57 0
3 55 0
Net_id 97
pin_num 2
12 5 0
7 16 0
Net_id 98
pin_num 2
24 12 0
28 11 0
Net_id 99
pin_num 2
58 5 0
49 22 0
Net_id 100
pin_num 2
57 10 0
56 8 0
Net_id 101
pin_num 2
45 58 0
57 56 0
Net_id 102
pin_num 2
57 37 0
36 45 0
Net_id 103
pin_num 2
53 27 0
42 15 0
Net_id 104
pin_num 2
15 14 0
2 10 0
Net_id 105
pin_num 2
1 20 0
0 19 0
Net_id 106
pin_num 2
24 18 0
43 29 0
Net_id 107
pin_num 2
10 9 0
6 23 0
Net_id 108
pin_num 2
14 55 0
10 48 0
Net_id 109
pin_num 2
19 58 0
9 50 0
Net_id 110
pin_num 2
56 44 0
40 27 0
Net_id 111
pin_num 2
44 5 0
44 11 0
Net_id 112
pin_num 2
57 21 0
49 4 0
Net_id 113
pin_num 2
27 39 0
37 53 0
Net_id 114
pin_num 2
29 10 0
10 3 0
Net_id 115
pin_num 2
30 43 0
18 43 0
Net_id 116
pin_num 2
4 36 0
2 49 0
Net_id 117
pin_num 2
0 42 0
7 55 0
Net_id 118
pin_num 2
22 12 0
29 44 0
Net_id 119
pin_num 2
46 14 0
44 20 0
Net_id 120
pin_num 2
18 36 0
12 50 0
Net_id 121
pin_num 2
23 34 0
1 31 0
Net_id 122
pin_num 2
28 42 0
1 38 0
Net_id 123
pin_num 2
23 4 0
35 4 0
Net_id 124
pin_num 2
51 1 0
58 0 0
Net_id 125
pin_num 2
56 5 0
57 11 0
Net_id 126
pin_num 2
23 5 0
10 22 0
Net_id 127
pin_num 2
43 55 0
50 48 0
Net_id 128
pin_num 2
3 21 0
1 26 0
Net_id 129
pin_num 2
25 53 0
29 53 0
Net_id 130
pin_num 2
34 35 0
38 44 0
Net_id 131
pin_num 2
49 26 0
37 4 0
Net_id 132
pin_num 2
8 0 0
6 7 0
Net_id 133
pin_num 2
28 20 0
22 20 0
Net_id 134
pin_num 2
14 57 0
9 57 0
Net_id 135
pin_num 2
19 45 0
28 28 0
Net_id 136
pin_num 2
38 16 0
25 16 0
Net_id 137
pin_num 2
57 42 0
52 35 0
Net_id 138
pin_num 2
48 14 0
51 4 0
Net_id 139
pin_num 2
32 31 0
22 1 0
Net_id 140
pin_num 2
35 46 0
44 56 0
Net_id 141
pin_num 2
15 24 0
4 26 0
Net_id 142
pin_num 2
33 55 0
35 53 0
Net_id 143
pin_num 2
48 18 0
57 31 0
Net_id 144
pin_num 2
59 0 0
46 11 0
Net_id 145
pin_num 2
2 59 0
7 57 0
Net_id 146
pin_num 2
14 8 0
17 12 0
Net_id 147
pin_num 2
40 55 0
50 57 0
Net_id 148
pin_num 2
15 29 0
39 15 0
Net_id 149
pin_num 2
24 23 0
44 14 0
Net_id 150
pin_num 2
21 52 0
16 43 0
Net_id 151
pin_num 2
50 16 0
52 14 0
Net_id 152
pin_num 2
10 36 0
0 21 0
Net_id 153
pin_num 2
20 54 0
17 57 0
Net_id 154
pin_num 2
45 56 0
49 54 0
Net_id 155
pin_num 2
26 40 0
10 55 0
Net_id 156
pin_num 2
31 49 0
46 32 0
Net_id 157
pin_num 2
53 4 0
47 4 0
Net_id 158
pin_num 2
17 48 0
2 51 0
Net_id 159
pin_num 2
44 38 0
32 40 0
Net_id 160
pin_num 2
38 4 0
46 3 0
Net_id 161
pin_num 2
30 45 0
37 42 0
