Width 60
Height 60
Layer 6
Total_WL 6756
Obstacle_num 144
21 20 0 26 21 0
19 32 0 24 33 0
21 55 0 29 56 0
26 42 0 35 43 0
15 23 0 20 24 0
36 32 0 46 33 0
46 4 0 55 5 0
24 37 0 29 38 0
33 16 0 42 17 0
29 15 0 38 16 0
25 12 0 29 13 0
10 49 0 13 50 0
6 12 0 16 13 0
1 25 0 8 26 0
6 54 0 14 55 0
8 3 0 14 4 0
9 10 0 19 11 0
27 30 0 32 31 0
6 22 0 10 23 0
17 18 0 26 19 0
21 46 0 26 47 0
30 6 0 35 7 0
12 29 0 17 30 0
23 41 0 33 42 0
44 23 1 45 29 1
1 3 1 2 6 1
1 48 1 2 55 1
30 39 1 31 49 1
25 4 1 26 10 1
24 9 1 25 13 1
19 27 1 20 34 1
38 12 1 39 17 1
21 37 1 22 45 1
16 26 1 17 29 1
18 0 1 19 6 1
43 55 1 44 58 1
4 3 1 5 10 1
55 52 1 56 56 1
8 28 1 9 37 1
14 47 1 15 57 1
50 23 1 51 32 1
15 22 1 16 28 1
18 23 1 19 33 1
0 42 1 1 45 1
35 34 1 36 38 1
34 41 1 35 45 1
33 10 1 34 17 1
4 42 1 5 51 1
22 12 2 27 13 2
22 20 2 27 21 2
31 31 2 35 32 2
5 24 2 13 25 2
16 37 2 26 38 2
38 47 2 42 48 2
2 5 2 11 6 2
24 5 2 31 6 2
48 45 2 53 46 2
31 40 2 36 41 2
1 45 2 5 46 2
15 42 2 23 43 2
31 29 2 34 30 2
9 1 2 12 2 2
25 39 2 33 40 2
37 2 2 42 3 2
43 33 2 46 34 2
32 52 2 39 53 2
43 31 2 48 32 2
35 6 2 38 7 2
4 35 2 10 36 2
33 21 2 36 22 2
48 2 2 58 3 2
33 32 2 37 33 2
22 22 3 23 30 3
48 15 3 49 22 3
29 45 3 30 52 3
23 40 3 24 44 3
2 1 3 3 5 3
56 5 3 57 8 3
47 30 3 48 33 3
15 52 3 16 56 3
37 13 3 38 17 3
38 7 3 39 13 3
47 35 3 48 42 3
39 43 3 40 51 3
24 46 3 25 55 3
45 10 3 46 16 3
35 15 3 36 18 3
51 43 3 52 50 3
11 11 3 12 14 3
49 2 3 50 9 3
23 51 3 24 54 3
57 5 3 58 13 3
7 33 3 8 43 3
25 37 3 26 47 3
42 42 3 43 49 3
31 45 3 32 50 3
34 41 4 40 42 4
11 31 4 17 32 4
36 46 4 41 47 4
38 35 4 41 36 4
26 12 4 36 13 4
31 39 4 39 40 4
31 0 4 39 1 4
38 2 4 44 3 4
21 45 4 25 46 4
37 26 4 42 27 4
52 10 4 56 11 4
22 37 4 30 38 4
8 45 4 12 46 4
29 25 4 34 26 4
12 5 4 18 6 4
0 6 4 7 7 4
41 32 4 51 33 4
32 38 4 40 39 4
39 30 4 49 31 4
13 11 4 17 12 4
7 4 4 13 5 4
20 33 4 29 34 4
1 48 4 8 49 4
18 43 4 23 44 4
17 47 5 18 51 5
5 13 5 6 22 5
14 17 5 15 20 5
53 3 5 54 13 5
55 28 5 56 34 5
41 44 5 42 48 5
22 48 5 23 56 5
9 14 5 10 22 5
46 16 5 47 20 5
45 34 5 46 39 5
31 16 5 32 23 5
48 12 5 49 15 5
57 13 5 58 17 5
55 14 5 56 24 5
44 36 5 45 43 5
18 54 5 19 57 5
34 54 5 35 58 5
16 25 5 17 29 5
8 17 5 9 21 5
39 9 5 40 13 5
24 24 5 25 30 5
58 11 5 59 19 5
25 10 5 26 17 5
56 18 5 57 23 5
Net_num 161
Net_id 0
pin_num 5
41 2 0
45 4 0
58 0 0
45 0 0
47 20 0
Net_id 1
pin_num 5
21 8 0
24 5 0
34 1 0
25 1 0
27 0 0
Net_id 2
pin_num 5
24 7 0
28 9 0
49 9 0
31 14 0
35 0 0
Net_id 3
pin_num 5
19 20 0
19 15 0
0 17 0
32 26 0
10 23 0
Net_id 4
pin_num 5
30 33 0
26 21 0
27 11 0
49 16 0
46 33 0
Net_id 5
pin_num 5
37 23 0
29 23 0
32 10 0
12 13 0
21 17 0
Net_id 6
pin_num 5
10 50 0
5 44 0
17 46 0
0 57 0
10 51 0
Net_id 7
pin_num 5
34 59 0
30 50 0
22 57 0
40 50 0
40 37 0
Net_id 8
pin_num 5
51 22 0
47 26 0
50 5 0
49 49 0
46 26 0
Net_id 9
pin_num 5
41 21 0
50 32 0
48 48 0
43 28 0
26 22 0
Net_id 10
pin_num 5
2 23 0
10 19 0
18 19 0
17 39 0
12 28 0
Net_id 11
pin_num 5
22 17 0
31 28 0
20 28 0
16 18 0
29 36 0
Net_id 12
pin_num 5
11 48 0
2 52 0
4 45 0
0 34 0
9 50 0
Net_id 13
pin_num 5
23 42 0
17 53 0
32 53 0
32 57 0
21 49 0
Net_id 14
pin_num 5
22 7 0
26 8 0
44 8 0
33 7 0
30 14 0
Net_id 15
pin_num 5
47 36 0
53 30 0
30 34 0
59 25 0
31 36 0
Net_id 16
pin_num 5
45 20 0
40 21 0
45 5 0
36 1 0
43 15 0
Net_id 17
pin_num 5
41 7 0
40 5 0
59 9 0
34 17 0
41 24 0
Net_id 18
pin_num 5
4 53 0
15 50 0
28 50 0
4 59 0
26 32 0
Net_id 19
pin_num 5
52 0 0
40 10 0
37 10 0
57 10 0
49 17 0
Net_id 20
pin_num 4
47 44 0
40 44 0
43 31 0
58 37 0
Net_id 21
pin_num 4
11 21 0
5 21 0
9 27 0
1 37 0
Net_id 22
pin_num 4
13 36 0
0 36 0
6 47 0
11 25 0
Net_id 23
pin_num 4
52 52 0
39 43 0
24 47 0
55 47 0
Net_id 24
pin_num 4
43 48 0
36 55 0
41 59 0
33 50 0
Net_id 25
pin_num 4
57 40 0
42 38 0
44 50 0
56 42 0
Net_id 26
pin_num 4
48 8 0
53 5 0
48 0 0
56 3 0
Net_id 27
pin_num 4
52 20 0
58 21 0
49 20 0
34 20 0
Net_id 28
pin_num 4
19 29 0
26 16 0
30 2 0
19 36 0
Net_id 29
pin_num 4
4 1 0
5 1 0
0 18 0
23 4 0
Net_id 30
pin_num 4
9 0 0
2 0 0
16 0 0
4 11 0
Net_id 31
pin_num 4
13 16 0
6 9 0
0 0 0
17 0 0
Net_id 32
pin_num 4
56 48 0
49 48 0
59 52 0
42 37 0
Net_id 33
pin_num 4
54 44 0
40 33 0
51 57 0
54 53 0
Net_id 34
pin_num 4
39 0 0
42 1 0
44 17 0
46 22 0
Net_id 35
pin_num 4
36 40 0
31 43 0
41 55 0
38 40 0
Net_id 36
pin_num 4
1 34 0
11 38 0
28 34 0
0 38 0
Net_id 37
pin_num 4
53 31 0
45 30 0
59 19 0
55 43 0
Net_id 38
pin_num 4
58 33 0
54 46 0
59 41 0
54 33 0
Net_id 39
pin_num 4
47 27 0
40 19 0
42 23 0
59 22 0
Net_id 40
pin_num 4
41 58 0
30 56 0
31 44 0
35 51 0
Net_id 41
pin_num 3
41 41 0
33 46 0
18 56 0
Net_id 42
pin_num 3
32 33 0
34 24 0
13 31 0
Net_id 43
pin_num 3
1 59 0
11 55 0
3 42 0
Net_id 44
pin_num 3
45 29 0
51 26 0
42 13 0
Net_id 45
pin_num 3
11 29 0
2 29 0
18 21 0
Net_id 46
pin_num 3
15 9 0
18 7 0
0 24 0
Net_id 47
pin_num 3
58 41 0
58 47 0
51 30 0
Net_id 48
pin_num 3
2 10 0
14 1 0
18 24 0
Net_id 49
pin_num 3
46 55 0
41 43 0
57 47 0
Net_id 50
pin_num 3
45 42 0
56 34 0
59 48 0
Net_id 51
pin_num 3
5 38 0
1 39 0
28 38 0
Net_id 52
pin_num 3
29 48 0
25 51 0
27 33 0
Net_id 53
pin_num 3
33 13 0
39 24 0
24 22 0
Net_id 54
pin_num 3
13 28 0
21 47 0
19 12 0
Net_id 55
pin_num 3
3 57 0
21 57 0
11 52 0
Net_id 56
pin_num 3
39 46 0
57 30 0
57 17 0
Net_id 57
pin_num 3
19 8 0
7 11 0
7 20 0
Net_id 58
pin_num 3
59 38 0
45 38 0
58 50 0
Net_id 59
pin_num 3
43 51 0
54 56 0
28 54 0
Net_id 60
pin_num 3
18 5 0
22 1 0
21 16 0
Net_id 61
pin_num 3
28 45 0
29 43 0
11 43 0
Net_id 62
pin_num 3
30 29 0
44 34 0
44 40 0
Net_id 63
pin_num 3
8 18 0
15 15 0
25 0 0
Net_id 64
pin_num 3
22 58 0
11 59 0
12 56 0
Net_id 65
pin_num 3
18 59 0
2 55 0
0 33 0
Net_id 66
pin_num 3
17 42 0
13 47 0
23 29 0
Net_id 67
pin_num 3
52 12 0
42 3 0
31 4 0
Net_id 68
pin_num 3
43 55 0
49 58 0
44 53 0
Net_id 69
pin_num 3
39 34 0
50 49 0
40 59 0
Net_id 70
pin_num 3
34 27 0
10 20 0
1 0 0
Net_id 71
pin_num 3
44 24 0
58 6 0
58 17 0
Net_id 72
pin_num 3
30 58 0
14 44 0
22 44 0
Net_id 73
pin_num 3
50 54 0
48 58 0
58 53 0
Net_id 74
pin_num 3
7 32 0
20 24 0
21 52 0
Net_id 75
pin_num 3
27 1 0
29 5 0
25 2 0
Net_id 76
pin_num 3
26 45 0
19 46 0
3 33 0
Net_id 77
pin_num 3
16 52 0
12 55 0
31 58 0
Net_id 78
pin_num 3
34 50 0
33 59 0
30 54 0
Net_id 79
pin_num 3
7 5 0
10 1 0
8 8 0
Net_id 80
pin_num 3
20 6 0
32 24 0
43 23 0
Net_id 81
pin_num 2
8 2 0
34 18 0
Net_id 82
pin_num 2
38 46 0
30 38 0
Net_id 83
pin_num 2
8 10 0
19 41 0
Net_id 84
pin_num 2
6 1 0
20 9 0
Net_id 85
pin_num 2
4 12 0
2 2 0
Net_id 86
pin_num 2
10 47 0
5 32 0
Net_id 87
pin_num 2
10 25 0
2 35 0
Net_id 88
pin_num 2
47 0 0
53 1 0
Net_id 89
pin_num 2
45 12 0
52 33 0
Net_id 90
pin_num 2
28 26 0
39 40 0
Net_id 91
pin_num 2
35 22 0
16 30 0
Net_id 92
pin_num 2
0 43 0
5 43 0
Net_id 93
pin_num 2
6 19 0
5 22 0
Net_id 94
pin_num 2
41 34 0
53 49 0
Net_id 95
pin_num 2
32 50 0
23 44 0
Net_id 96
pin_num 2
25 54 0
27 57 0
Net_id 97
pin_num 2
28 35 0
30 28 0
Net_id 98
pin_num 2
22 48 0
12 46 0
Net_id 99
pin_num 2
40 11 0
39 3 0
Net_id 100
pin_num 2
23 36 0
28 46 0
Net_id 101
pin_num 2
7 31 0
0 31 0
Net_id 102
pin_num 2
58 16 0
46 3 0
Net_id 103
pin_num 2
51 39 0
56 39 0
Net_id 104
pin_num 2
51 35 0
57 35 0
Net_id 105
pin_num 2
1 33 0
12 35 0
Net_id 106
pin_num 2
33 20 0
24 39 0
Net_id 107
pin_num 2
50 53 0
53 54 0
Net_id 108
pin_num 2
57 25 0
51 33 0
Net_id 109
pin_num 2
0 27 0
18 20 0
Net_id 110
pin_num 2
17 44 0
22 33 0
Net_id 111
pin_num 2
37 33 0
26 30 0
Net_id 112
pin_num 2
50 19 0
59 10 0
Net_id 113
pin_num 2
10 43 0
0 35 0
Net_id 114
pin_num 2
51 56 0
53 29 0
Net_id 115
pin_num 2
57 29 0
46 15 0
Net_id 116
pin_num 2
54 57 0
55 58 0
Net_id 117
pin_num 2
46 8 0
54 1 0
Net_id 118
pin_num 2
3 7 0
1 8 0
Net_id 119
pin_num 2
43 25 0
59 17 0
Net_id 120
pin_num 2
41 42 0
55 56 0
Net_id 121
pin_num 2
33 35 0
25 56 0
Net_id 122
pin_num 2
54 34 0
47 45 0
Net_id 123
pin_num 2
12 38 0
24 56 0
Net_id 124
pin_num 2
42 45 0
19 40 0
Net_id 125
pin_num 2
18 26 0
8 50 0
Net_id 126
pin_num 2
58 15 0
56 1 0
Net_id 127
pin_num 2
55 49 0
50 55 0
Net_id 128
pin_num 2
42 25 0
32 32 0
Net_id 129
pin_num 2
7 44 0
17 49 0
Net_id 130
pin_num 2
33 17 0
23 30 0
Net_id 131
pin_num 2
56 43 0
47 48 0
Net_id 132
pin_num 2
26 14 0
30 20 0
Net_id 133
pin_num 2
0 32 0
5 8 0
Net_id 134
pin_num 2
58 52 0
56 54 0
Net_id 135
pin_num 2
32 48 0
41 38 0
Net_id 136
pin_num 2
55 4 0
54 6 0
Net_id 137
pin_num 2
38 6 0
35 2 0
Net_id 138
pin_num 2
56 28 0
55 45 0
Net_id 139
pin_num 2
13 55 0
35 57 0
Net_id 140
pin_num 2
16 41 0
14 45 0
Net_id 141
pin_num 2
18 0 0
48 10 0
Net_id 142
pin_num 2
47 41 0
31 38 0
Net_id 143
pin_num 2
52 58 0
39 42 0
Net_id 144
pin_num 2
56 21 0
57 27 0
Net_id 145
pin_num 2
13 46 0
15 56 0
Net_id 146
pin_num 2
41 10 0
46 11 0
Net_id 147
pin_num 2
48 20 0
48 15 0
Net_id 148
pin_num 2
22 43 0
20 15 0
Net_id 149
pin_num 2
52 29 0
45 40 0
Net_id 150
pin_num 2
5 50 0
23 48 0
Net_id 151
pin_num 2
49 5 0
57 26 0
Net_id 152
pin_num 2
0 30 0
8 14 0
Net_id 153
pin_num 2
3 53 0
20 22 0
Net_id 154
pin_num 2
30 7 0
53 8 0
Net_id 155
pin_num 2
41 48 0
46 56 0
Net_id 156
pin_num 2
55 50 0
38 55 0
Net_id 157
pin_num 2
33 51 0
8 55 0
Net_id 158
pin_num 2
17 43 0
28 29 0
Net_id 159
pin_num 2
46 13 0
28 19 0
Net_id 160
pin_num 2
46 45 0
36 56 0
