Width 60
Height 60
Layer 6
Total_WL 6783
Obstacle_num 144
5 41 0 9 42 0
31 17 0 38 18 0
35 4 0 42 5 0
21 38 0 29 39 0
35 33 0 44 34 0
9 28 0 13 29 0
30 10 0 34 11 0
22 46 0 31 47 0
26 44 0 31 45 0
19 34 0 23 35 0
36 19 0 42 20 0
32 1 0 40 2 0
29 43 0 38 44 0
15 17 0 19 18 0
3 14 0 13 15 0
34 13 0 41 14 0
44 28 0 53 29 0
35 48 0 41 49 0
50 30 0 54 31 0
21 33 0 26 34 0
8 44 0 18 45 0
32 28 0 38 29 0
3 50 0 11 51 0
1 15 0 7 16 0
25 39 1 26 42 1
42 17 1 43 25 1
58 1 1 59 4 1
25 20 1 26 28 1
2 33 1 3 41 1
46 11 1 47 18 1
24 47 1 25 57 1
6 16 1 7 20 1
45 20 1 46 23 1
21 12 1 22 18 1
13 52 1 14 57 1
3 42 1 4 47 1
10 35 1 11 39 1
6 22 1 7 31 1
37 51 1 38 58 1
38 30 1 39 35 1
32 8 1 33 14 1
27 2 1 28 10 1
58 45 1 59 54 1
43 23 1 44 31 1
19 4 1 20 7 1
56 17 1 57 20 1
0 27 1 1 36 1
32 48 1 33 54 1
11 0 2 19 1 2
19 44 2 24 45 2
3 13 2 6 14 2
27 42 2 30 43 2
20 22 2 25 23 2
24 9 2 28 10 2
25 28 2 30 29 2
13 35 2 21 36 2
36 13 2 42 14 2
46 35 2 55 36 2
18 33 2 24 34 2
25 21 2 31 22 2
27 46 2 37 47 2
2 2 2 11 3 2
14 30 2 23 31 2
40 5 2 46 6 2
20 18 2 29 19 2
7 58 2 11 59 2
16 27 2 25 28 2
55 5 2 58 6 2
46 8 2 51 9 2
55 0 2 58 1 2
47 32 2 57 33 2
18 4 2 24 5 2
32 39 3 33 48 3
15 8 3 16 12 3
40 27 3 41 32 3
52 4 3 53 11 3
23 25 3 24 34 3
0 41 3 1 51 3
24 21 3 25 24 3
5 1 3 6 4 3
25 21 3 26 25 3
30 14 3 31 18 3
10 12 3 11 21 3
2 25 3 3 33 3
8 13 3 9 16 3
31 28 3 32 33 3
9 18 3 10 23 3
41 33 3 42 42 3
36 54 3 37 59 3
12 36 3 13 41 3
6 31 3 7 36 3
55 25 3 56 31 3
22 37 3 23 42 3
15 49 3 16 55 3
39 41 3 40 50 3
28 0 3 29 8 3
26 25 4 33 26 4
42 55 4 50 56 4
39 27 4 42 28 4
25 42 4 35 43 4
2 21 4 6 22 4
17 14 4 23 15 4
1 10 4 7 11 4
4 12 4 14 13 4
34 1 4 42 2 4
54 32 4 57 33 4
39 48 4 47 49 4
50 48 4 58 49 4
8 3 4 13 4 4
51 44 4 57 45 4
22 51 4 32 52 4
42 43 4 50 44 4
44 5 4 52 6 4
2 29 4 10 30 4
29 27 4 39 28 4
43 3 4 48 4 4
28 49 4 32 50 4
0 8 4 10 9 4
34 49 4 37 50 4
4 18 4 13 19 4
18 48 5 19 52 5
45 25 5 46 29 5
47 39 5 48 48 5
30 43 5 31 51 5
37 39 5 38 46 5
58 41 5 59 48 5
41 26 5 42 33 5
54 33 5 55 40 5
41 34 5 42 39 5
0 43 5 1 49 5
12 1 5 13 11 5
9 23 5 10 28 5
5 8 5 6 13 5
41 10 5 42 13 5
21 50 5 22 53 5
49 5 5 50 9 5
36 26 5 37 29 5
21 35 5 22 42 5
4 47 5 5 51 5
51 19 5 52 23 5
23 43 5 24 47 5
56 2 5 57 8 5
31 26 5 32 35 5
42 37 5 43 40 5
Net_num 159
Net_id 0
pin_num 5
21 21 0
17 10 0
17 1 0
40 16 0
19 38 0
Net_id 1
pin_num 5
1 11 0
4 16 0
0 16 0
8 24 0
0 20 0
Net_id 2
pin_num 5
45 58 0
59 55 0
53 42 0
52 55 0
58 54 0
Net_id 3
pin_num 5
58 46 0
55 46 0
41 48 0
53 29 0
59 37 0
Net_id 4
pin_num 5
37 15 0
42 15 0
39 32 0
53 15 0
51 20 0
Net_id 5
pin_num 5
20 39 0
12 39 0
2 51 0
4 39 0
12 59 0
Net_id 6
pin_num 5
56 10 0
53 19 0
53 13 0
36 18 0
45 13 0
Net_id 7
pin_num 5
36 9 0
45 9 0
43 14 0
41 24 0
52 17 0
Net_id 8
pin_num 5
46 26 0
49 21 0
30 23 0
19 19 0
36 6 0
Net_id 9
pin_num 5
25 41 0
15 36 0
38 40 0
14 58 0
22 57 0
Net_id 10
pin_num 5
55 55 0
48 49 0
57 54 0
30 49 0
35 59 0
Net_id 11
pin_num 5
56 39 0
49 38 0
34 38 0
37 47 0
55 36 0
Net_id 12
pin_num 5
29 20 0
20 25 0
0 22 0
36 22 0
29 45 0
Net_id 13
pin_num 5
29 59 0
34 52 0
50 54 0
42 50 0
30 52 0
Net_id 14
pin_num 5
35 42 0
38 43 0
38 56 0
36 51 0
36 59 0
Net_id 15
pin_num 5
34 25 0
24 25 0
30 41 0
24 57 0
27 47 0
Net_id 16
pin_num 5
47 18 0
43 22 0
38 21 0
48 3 0
30 7 0
Net_id 17
pin_num 5
28 5 0
25 0 0
11 8 0
25 14 0
31 13 0
Net_id 18
pin_num 5
57 19 0
59 21 0
59 1 0
51 0 0
57 9 0
Net_id 19
pin_num 4
20 45 0
12 41 0
16 25 0
7 29 0
Net_id 20
pin_num 4
45 37 0
54 44 0
54 25 0
49 22 0
Net_id 21
pin_num 4
7 4 0
12 10 0
3 11 0
16 18 0
Net_id 22
pin_num 4
2 37 0
1 31 0
25 36 0
11 35 0
Net_id 23
pin_num 4
21 50 0
9 52 0
12 43 0
26 54 0
Net_id 24
pin_num 4
9 32 0
1 32 0
1 16 0
15 32 0
Net_id 25
pin_num 4
0 21 0
5 24 0
1 26 0
7 20 0
Net_id 26
pin_num 4
15 53 0
31 53 0
28 41 0
37 59 0
Net_id 27
pin_num 4
40 52 0
33 55 0
12 53 0
39 56 0
Net_id 28
pin_num 4
54 6 0
56 1 0
45 2 0
50 1 0
Net_id 29
pin_num 4
22 0 0
37 2 0
48 0 0
46 22 0
Net_id 30
pin_num 4
23 43 0
17 38 0
18 49 0
7 44 0
Net_id 31
pin_num 4
20 12 0
23 21 0
11 16 0
22 28 0
Net_id 32
pin_num 4
55 25 0
59 22 0
54 24 0
57 35 0
Net_id 33
pin_num 4
20 48 0
27 52 0
23 25 0
17 59 0
Net_id 34
pin_num 4
34 4 0
29 7 0
39 3 0
14 7 0
Net_id 35
pin_num 4
19 58 0
34 51 0
49 59 0
18 56 0
Net_id 36
pin_num 4
43 21 0
37 24 0
39 12 0
47 12 0
Net_id 37
pin_num 4
16 57 0
11 46 0
1 59 0
6 46 0
Net_id 38
pin_num 4
32 14 0
35 10 0
26 0 0
47 9 0
Net_id 39
pin_num 3
46 16 0
49 12 0
44 13 0
Net_id 40
pin_num 3
19 17 0
24 15 0
24 6 0
Net_id 41
pin_num 3
57 46 0
48 29 0
56 52 0
Net_id 42
pin_num 3
45 12 0
21 25 0
21 0 0
Net_id 43
pin_num 3
17 29 0
32 26 0
39 40 0
Net_id 44
pin_num 3
33 34 0
32 30 0
23 11 0
Net_id 45
pin_num 3
58 27 0
46 36 0
33 24 0
Net_id 46
pin_num 3
2 30 0
1 20 0
4 27 0
Net_id 47
pin_num 3
14 46 0
31 36 0
2 42 0
Net_id 48
pin_num 3
55 31 0
47 27 0
51 14 0
Net_id 49
pin_num 3
34 19 0
28 15 0
30 0 0
Net_id 50
pin_num 3
34 54 0
48 52 0
40 59 0
Net_id 51
pin_num 3
12 11 0
22 15 0
16 51 0
Net_id 52
pin_num 3
35 20 0
56 27 0
37 3 0
Net_id 53
pin_num 3
0 35 0
4 36 0
0 9 0
Net_id 54
pin_num 3
11 25 0
0 38 0
27 42 0
Net_id 55
pin_num 3
59 43 0
52 27 0
40 45 0
Net_id 56
pin_num 3
45 25 0
54 5 0
45 17 0
Net_id 57
pin_num 3
35 21 0
14 17 0
29 3 0
Net_id 58
pin_num 3
44 32 0
40 51 0
52 59 0
Net_id 59
pin_num 3
46 0 0
58 20 0
42 13 0
Net_id 60
pin_num 3
39 2 0
29 13 0
29 5 0
Net_id 61
pin_num 3
2 44 0
12 31 0
24 37 0
Net_id 62
pin_num 3
17 45 0
8 47 0
9 35 0
Net_id 63
pin_num 3
38 50 0
25 50 0
26 39 0
Net_id 64
pin_num 3
56 22 0
54 21 0
50 22 0
Net_id 65
pin_num 3
2 33 0
11 13 0
6 12 0
Net_id 66
pin_num 3
48 51 0
46 57 0
44 27 0
Net_id 67
pin_num 3
35 23 0
18 22 0
24 5 0
Net_id 68
pin_num 3
46 9 0
54 15 0
36 8 0
Net_id 69
pin_num 3
26 48 0
41 46 0
54 58 0
Net_id 70
pin_num 3
52 32 0
40 20 0
50 3 0
Net_id 71
pin_num 3
24 12 0
37 29 0
30 17 0
Net_id 72
pin_num 3
21 24 0
1 9 0
15 20 0
Net_id 73
pin_num 3
24 11 0
38 12 0
27 17 0
Net_id 74
pin_num 3
0 4 0
12 24 0
13 8 0
Net_id 75
pin_num 3
10 3 0
1 1 0
22 1 0
Net_id 76
pin_num 3
46 8 0
40 8 0
45 11 0
Net_id 77
pin_num 3
52 1 0
55 15 0
44 4 0
Net_id 78
pin_num 2
11 5 0
3 8 0
Net_id 79
pin_num 2
43 27 0
20 6 0
Net_id 80
pin_num 2
38 57 0
42 53 0
Net_id 81
pin_num 2
10 13 0
5 20 0
Net_id 82
pin_num 2
13 20 0
8 19 0
Net_id 83
pin_num 2
5 59 0
11 52 0
Net_id 84
pin_num 2
53 56 0
25 57 0
Net_id 85
pin_num 2
52 10 0
55 20 0
Net_id 86
pin_num 2
19 5 0
35 0 0
Net_id 87
pin_num 2
10 17 0
26 6 0
Net_id 88
pin_num 2
41 38 0
56 20 0
Net_id 89
pin_num 2
32 33 0
23 30 0
Net_id 90
pin_num 2
40 14 0
24 4 0
Net_id 91
pin_num 2
43 4 0
35 8 0
Net_id 92
pin_num 2
14 28 0
35 39 0
Net_id 93
pin_num 2
40 17 0
50 12 0
Net_id 94
pin_num 2
42 36 0
33 33 0
Net_id 95
pin_num 2
28 36 0
9 47 0
Net_id 96
pin_num 2
43 50 0
58 55 0
Net_id 97
pin_num 2
59 39 0
52 49 0
Net_id 98
pin_num 2
22 49 0
36 41 0
Net_id 99
pin_num 2
6 28 0
1 17 0
Net_id 100
pin_num 2
10 40 0
18 26 0
Net_id 101
pin_num 2
30 9 0
45 16 0
Net_id 102
pin_num 2
15 35 0
26 31 0
Net_id 103
pin_num 2
29 48 0
17 48 0
Net_id 104
pin_num 2
30 54 0
43 59 0
Net_id 105
pin_num 2
42 59 0
33 48 0
Net_id 106
pin_num 2
26 53 0
32 55 0
Net_id 107
pin_num 2
52 46 0
42 46 0
Net_id 108
pin_num 2
45 21 0
53 20 0
Net_id 109
pin_num 2
44 14 0
52 14 0
Net_id 110
pin_num 2
0 29 0
4 38 0
Net_id 111
pin_num 2
18 8 0
3 18 0
Net_id 112
pin_num 2
51 5 0
42 28 0
Net_id 113
pin_num 2
56 14 0
44 24 0
Net_id 114
pin_num 2
19 15 0
35 2 0
Net_id 115
pin_num 2
2 38 0
12 25 0
Net_id 116
pin_num 2
30 19 0
42 14 0
Net_id 117
pin_num 2
16 22 0
20 10 0
Net_id 118
pin_num 2
35 57 0
20 44 0
Net_id 119
pin_num 2
57 44 0
58 23 0
Net_id 120
pin_num 2
14 18 0
15 2 0
Net_id 121
pin_num 2
28 17 0
40 32 0
Net_id 122
pin_num 2
3 31 0
4 20 0
Net_id 123
pin_num 2
48 33 0
25 15 0
Net_id 124
pin_num 2
25 19 0
50 11 0
Net_id 125
pin_num 2
22 4 0
22 3 0
Net_id 126
pin_num 2
4 54 0
1 49 0
Net_id 127
pin_num 2
10 42 0
3 20 0
Net_id 128
pin_num 2
23 31 0
14 11 0
Net_id 129
pin_num 2
44 23 0
36 2 0
Net_id 130
pin_num 2
54 45 0
47 47 0
Net_id 131
pin_num 2
16 32 0
28 54 0
Net_id 132
pin_num 2
9 21 0
13 14 0
Net_id 133
pin_num 2
7 12 0
13 16 0
Net_id 134
pin_num 2
32 16 0
36 16 0
Net_id 135
pin_num 2
38 0 0
19 12 0
Net_id 136
pin_num 2
20 52 0
8 38 0
Net_id 137
pin_num 2
31 58 0
20 51 0
Net_id 138
pin_num 2
5 58 0
13 33 0
Net_id 139
pin_num 2
4 52 0
3 59 0
Net_id 140
pin_num 2
2 14 0
9 1 0
Net_id 141
pin_num 2
41 23 0
44 29 0
Net_id 142
pin_num 2
15 55 0
8 55 0
Net_id 143
pin_num 2
15 0 0
18 4 0
Net_id 144
pin_num 2
13 27 0
17 18 0
Net_id 145
pin_num 2
3 56 0
10 49 0
Net_id 146
pin_num 2
54 40 0
56 28 0
Net_id 147
pin_num 2
47 55 0
41 47 0
Net_id 148
pin_num 2
27 39 0
13 28 0
Net_id 149
pin_num 2
5 22 0
5 38 0
Net_id 150
pin_num 2
47 53 0
42 57 0
Net_id 151
pin_num 2
34 33 0
52 12 0
Net_id 152
pin_num 2
36 24 0
36 34 0
Net_id 153
pin_num 2
11 42 0
18 42 0
Net_id 154
pin_num 2
36 35 0
40 34 0
Net_id 155
pin_num 2
9 8 0
15 31 0
Net_id 156
pin_num 2
54 51 0
50 57 0
Net_id 157
pin_num 2
46 20 0
54 46 0
Net_id 158
pin_num 2
17 28 0
45 47 0
