Width 60
Height 60
Layer 6
Total_WL 6771
Obstacle_num 144
33 40 0 39 41 0
17 56 0 20 57 0
4 47 0 13 48 0
41 55 0 44 56 0
19 48 0 28 49 0
44 32 0 47 33 0
17 57 0 22 58 0
45 26 0 50 27 0
52 17 0 55 18 0
9 36 0 17 37 0
24 46 0 33 47 0
26 52 0 34 53 0
28 37 0 37 38 0
0 15 0 4 16 0
37 23 0 43 24 0
6 57 0 13 58 0
52 0 0 55 1 0
17 11 0 25 12 0
48 21 0 52 22 0
13 33 0 22 34 0
2 10 0 6 11 0
21 56 0 24 57 0
16 41 0 22 42 0
16 25 0 20 26 0
20 41 1 21 46 1
15 7 1 16 15 1
6 48 1 7 57 1
47 38 1 48 47 1
51 28 1 52 38 1
46 19 1 47 26 1
14 24 1 15 33 1
8 13 1 9 16 1
27 5 1 28 12 1
16 51 1 17 58 1
1 2 1 2 11 1
37 40 1 38 47 1
25 4 1 26 12 1
57 7 1 58 17 1
8 41 1 9 50 1
43 9 1 44 17 1
28 10 1 29 17 1
10 8 1 11 17 1
12 31 1 13 36 1
25 32 1 26 38 1
35 8 1 36 14 1
34 8 1 35 14 1
56 53 1 57 59 1
24 37 1 25 40 1
50 22 2 58 23 2
51 2 2 58 3 2
14 28 2 21 29 2
13 46 2 19 47 2
39 34 2 48 35 2
23 13 2 26 14 2
41 58 2 49 59 2
51 26 2 55 27 2
41 15 2 48 16 2
24 21 2 32 22 2
50 34 2 54 35 2
20 38 2 29 39 2
21 29 2 31 30 2
30 13 2 40 14 2
30 43 2 37 44 2
27 3 2 35 4 2
2 56 2 7 57 2
16 44 2 19 45 2
40 49 2 48 50 2
37 6 2 43 7 2
26 33 2 36 34 2
25 39 2 31 40 2
24 45 2 34 46 2
24 22 2 29 23 2
30 53 3 31 58 3
56 29 3 57 37 3
32 13 3 33 19 3
52 10 3 53 17 3
26 29 3 27 39 3
4 2 3 5 6 3
10 11 3 11 17 3
26 13 3 27 17 3
35 25 3 36 29 3
44 46 3 45 55 3
54 9 3 55 15 3
15 18 3 16 27 3
7 44 3 8 49 3
41 0 3 42 8 3
27 32 3 28 40 3
27 52 3 28 57 3
5 50 3 6 59 3
3 27 3 4 32 3
17 49 3 18 54 3
38 26 3 39 34 3
33 29 3 34 32 3
33 8 3 34 18 3
13 32 3 14 41 3
20 31 3 21 37 3
49 23 4 57 24 4
45 34 4 55 35 4
5 56 4 15 57 4
54 5 4 59 6 4
41 45 4 44 46 4
8 23 4 11 24 4
44 30 4 51 31 4
7 48 4 11 49 4
2 40 4 8 41 4
14 22 4 19 23 4
21 43 4 26 44 4
19 44 4 22 45 4
38 36 4 47 37 4
36 46 4 44 47 4
2 49 4 12 50 4
52 22 4 58 23 4
32 57 4 42 58 4
35 52 4 39 53 4
34 13 4 43 14 4
19 15 4 22 16 4
50 31 4 55 32 4
36 34 4 45 35 4
42 31 4 45 32 4
48 10 4 51 11 4
54 30 5 55 38 5
51 23 5 52 32 5
34 20 5 35 30 5
57 15 5 58 23 5
58 49 5 59 52 5
32 48 5 33 57 5
6 39 5 7 48 5
42 6 5 43 16 5
27 7 5 28 16 5
35 10 5 36 19 5
43 0 5 44 10 5
38 6 5 39 16 5
31 27 5 32 34 5
40 40 5 41 49 5
32 23 5 33 32 5
10 6 5 11 11 5
3 42 5 4 48 5
37 39 5 38 45 5
39 41 5 40 49 5
10 40 5 11 45 5
25 46 5 26 54 5
58 21 5 59 26 5
44 33 5 45 37 5
5 20 5 6 23 5
Net_num 158
Net_id 0
pin_num 5
3 53 0
6 46 0
6 23 0
6 58 0
0 55 0
Net_id 1
pin_num 5
22 20 0
14 14 0
25 18 0
16 26 0
0 19 0
Net_id 2
pin_num 5
34 25 0
38 34 0
37 8 0
27 19 0
15 29 0
Net_id 3
pin_num 5
54 52 0
59 50 0
43 51 0
56 59 0
56 42 0
Net_id 4
pin_num 5
4 4 0
10 1 0
23 1 0
26 3 0
16 8 0
Net_id 5
pin_num 5
35 12 0
45 17 0
59 10 0
43 11 0
59 5 0
Net_id 6
pin_num 5
44 55 0
49 46 0
58 57 0
43 47 0
44 59 0
Net_id 7
pin_num 5
22 54 0
23 54 0
29 59 0
29 57 0
27 58 0
Net_id 8
pin_num 5
40 18 0
38 13 0
28 24 0
29 0 0
5 0 0
Net_id 9
pin_num 5
53 9 0
48 0 0
59 7 0
43 4 0
49 12 0
Net_id 10
pin_num 5
14 21 0
20 13 0
4 18 0
16 17 0
13 6 0
Net_id 11
pin_num 5
1 8 0
14 12 0
0 9 0
7 1 0
7 8 0
Net_id 12
pin_num 5
8 49 0
2 43 0
2 52 0
0 46 0
13 45 0
Net_id 13
pin_num 5
5 52 0
25 53 0
13 59 0
7 46 0
36 59 0
Net_id 14
pin_num 5
1 40 0
5 30 0
27 38 0
2 54 0
13 21 0
Net_id 15
pin_num 5
40 59 0
41 46 0
57 54 0
43 50 0
55 56 0
Net_id 16
pin_num 5
49 47 0
57 43 0
53 59 0
51 49 0
40 48 0
Net_id 17
pin_num 5
2 25 0
4 30 0
0 34 0
3 33 0
2 35 0
Net_id 18
pin_num 5
10 10 0
17 5 0
43 6 0
33 18 0
28 7 0
Net_id 19
pin_num 4
22 33 0
27 44 0
32 39 0
13 42 0
Net_id 20
pin_num 4
7 37 0
1 49 0
22 49 0
21 40 0
Net_id 21
pin_num 4
22 30 0
27 23 0
9 24 0
22 10 0
Net_id 22
pin_num 4
35 57 0
28 47 0
45 53 0
49 58 0
Net_id 23
pin_num 4
49 8 0
51 17 0
59 25 0
55 0 0
Net_id 24
pin_num 4
56 58 0
51 52 0
59 46 0
49 45 0
Net_id 25
pin_num 4
40 51 0
54 50 0
31 56 0
35 51 0
Net_id 26
pin_num 4
0 28 0
11 23 0
11 7 0
0 22 0
Net_id 27
pin_num 4
43 19 0
49 24 0
39 15 0
29 28 0
Net_id 28
pin_num 4
37 30 0
35 19 0
42 26 0
58 22 0
Net_id 29
pin_num 4
31 11 0
26 12 0
29 17 0
36 1 0
Net_id 30
pin_num 4
42 15 0
41 13 0
27 14 0
30 2 0
Net_id 31
pin_num 4
25 15 0
36 20 0
47 7 0
30 6 0
Net_id 32
pin_num 4
2 45 0
6 59 0
1 44 0
0 39 0
Net_id 33
pin_num 4
19 13 0
9 22 0
0 12 0
2 21 0
Net_id 34
pin_num 4
17 43 0
7 36 0
4 56 0
18 44 0
Net_id 35
pin_num 4
24 22 0
31 16 0
45 16 0
28 27 0
Net_id 36
pin_num 4
7 2 0
7 12 0
6 6 0
12 4 0
Net_id 37
pin_num 3
22 15 0
21 1 0
37 2 0
Net_id 38
pin_num 3
38 51 0
29 56 0
39 35 0
Net_id 39
pin_num 3
40 9 0
26 9 0
50 24 0
Net_id 40
pin_num 3
18 7 0
8 16 0
5 9 0
Net_id 41
pin_num 3
15 32 0
6 29 0
11 40 0
Net_id 42
pin_num 3
4 36 0
10 39 0
8 26 0
Net_id 43
pin_num 3
3 22 0
12 27 0
1 32 0
Net_id 44
pin_num 3
1 30 0
8 5 0
28 31 0
Net_id 45
pin_num 3
46 29 0
43 34 0
32 14 0
Net_id 46
pin_num 3
27 27 0
10 40 0
43 38 0
Net_id 47
pin_num 3
31 0 0
15 16 0
18 23 0
Net_id 48
pin_num 3
42 48 0
54 44 0
45 52 0
Net_id 49
pin_num 3
2 3 0
18 10 0
2 13 0
Net_id 50
pin_num 3
45 14 0
51 12 0
36 23 0
Net_id 51
pin_num 3
16 16 0
31 10 0
32 11 0
Net_id 52
pin_num 3
13 9 0
3 16 0
3 21 0
Net_id 53
pin_num 3
4 50 0
15 58 0
8 50 0
Net_id 54
pin_num 3
3 32 0
17 36 0
36 33 0
Net_id 55
pin_num 3
3 54 0
18 59 0
17 39 0
Net_id 56
pin_num 3
8 42 0
21 39 0
16 34 0
Net_id 57
pin_num 3
37 55 0
34 53 0
34 28 0
Net_id 58
pin_num 3
33 36 0
41 9 0
16 12 0
Net_id 59
pin_num 3
32 34 0
21 30 0
3 37 0
Net_id 60
pin_num 3
53 10 0
48 3 0
58 12 0
Net_id 61
pin_num 3
33 49 0
35 41 0
12 29 0
Net_id 62
pin_num 3
39 48 0
33 32 0
35 50 0
Net_id 63
pin_num 3
41 18 0
49 19 0
47 6 0
Net_id 64
pin_num 3
12 45 0
10 41 0
2 19 0
Net_id 65
pin_num 3
12 50 0
38 55 0
30 30 0
Net_id 66
pin_num 3
45 5 0
54 5 0
55 8 0
Net_id 67
pin_num 3
47 44 0
58 58 0
52 12 0
Net_id 68
pin_num 3
37 47 0
31 47 0
8 55 0
Net_id 69
pin_num 3
39 36 0
48 17 0
40 28 0
Net_id 70
pin_num 3
18 20 0
8 29 0
9 39 0
Net_id 71
pin_num 3
40 20 0
51 16 0
42 14 0
Net_id 72
pin_num 3
48 47 0
45 45 0
31 45 0
Net_id 73
pin_num 3
40 33 0
42 28 0
55 39 0
Net_id 74
pin_num 3
52 7 0
28 17 0
44 10 0
Net_id 75
pin_num 3
50 42 0
38 49 0
43 44 0
Net_id 76
pin_num 3
19 22 0
23 36 0
42 43 0
Net_id 77
pin_num 2
23 53 0
39 28 0
Net_id 78
pin_num 2
58 16 0
48 2 0
Net_id 79
pin_num 2
52 34 0
51 40 0
Net_id 80
pin_num 2
17 52 0
8 58 0
Net_id 81
pin_num 2
29 25 0
16 2 0
Net_id 82
pin_num 2
1 17 0
4 41 0
Net_id 83
pin_num 2
12 2 0
39 0 0
Net_id 84
pin_num 2
9 8 0
14 8 0
Net_id 85
pin_num 2
9 33 0
19 10 0
Net_id 86
pin_num 2
2 56 0
8 52 0
Net_id 87
pin_num 2
53 48 0
45 28 0
Net_id 88
pin_num 2
35 54 0
32 58 0
Net_id 89
pin_num 2
4 3 0
10 4 0
Net_id 90
pin_num 2
23 31 0
38 43 0
Net_id 91
pin_num 2
29 32 0
8 33 0
Net_id 92
pin_num 2
52 49 0
57 42 0
Net_id 93
pin_num 2
42 44 0
29 35 0
Net_id 94
pin_num 2
25 4 0
10 17 0
Net_id 95
pin_num 2
41 37 0
55 50 0
Net_id 96
pin_num 2
18 39 0
36 27 0
Net_id 97
pin_num 2
33 4 0
42 6 0
Net_id 98
pin_num 2
49 42 0
45 42 0
Net_id 99
pin_num 2
54 56 0
40 54 0
Net_id 100
pin_num 2
0 4 0
3 6 0
Net_id 101
pin_num 2
43 42 0
48 45 0
Net_id 102
pin_num 2
52 50 0
45 41 0
Net_id 103
pin_num 2
9 51 0
9 48 0
Net_id 104
pin_num 2
43 3 0
55 16 0
Net_id 105
pin_num 2
56 43 0
54 38 0
Net_id 106
pin_num 2
3 38 0
9 45 0
Net_id 107
pin_num 2
46 9 0
40 1 0
Net_id 108
pin_num 2
56 13 0
46 35 0
Net_id 109
pin_num 2
40 50 0
33 42 0
Net_id 110
pin_num 2
56 29 0
54 33 0
Net_id 111
pin_num 2
24 56 0
26 50 0
Net_id 112
pin_num 2
20 42 0
29 42 0
Net_id 113
pin_num 2
46 46 0
42 46 0
Net_id 114
pin_num 2
25 19 0
30 18 0
Net_id 115
pin_num 2
22 45 0
12 56 0
Net_id 116
pin_num 2
44 5 0
34 18 0
Net_id 117
pin_num 2
16 40 0
23 16 0
Net_id 118
pin_num 2
35 27 0
21 25 0
Net_id 119
pin_num 2
51 36 0
54 53 0
Net_id 120
pin_num 2
59 30 0
39 11 0
Net_id 121
pin_num 2
21 23 0
17 22 0
Net_id 122
pin_num 2
36 43 0
33 46 0
Net_id 123
pin_num 2
13 16 0
25 14 0
Net_id 124
pin_num 2
39 30 0
46 41 0
Net_id 125
pin_num 2
30 32 0
28 30 0
Net_id 126
pin_num 2
11 4 0
5 29 0
Net_id 127
pin_num 2
54 37 0
42 27 0
Net_id 128
pin_num 2
0 41 0
7 19 0
Net_id 129
pin_num 2
50 58 0
55 36 0
Net_id 130
pin_num 2
20 37 0
33 25 0
Net_id 131
pin_num 2
24 2 0
26 7 0
Net_id 132
pin_num 2
5 17 0
14 6 0
Net_id 133
pin_num 2
56 33 0
44 41 0
Net_id 134
pin_num 2
44 36 0
54 27 0
Net_id 135
pin_num 2
9 58 0
14 57 0
Net_id 136
pin_num 2
57 59 0
49 40 0
Net_id 137
pin_num 2
16 37 0
21 51 0
Net_id 138
pin_num 2
35 46 0
42 52 0
Net_id 139
pin_num 2
12 25 0
15 23 0
Net_id 140
pin_num 2
37 13 0
22 13 0
Net_id 141
pin_num 2
5 55 0
3 57 0
Net_id 142
pin_num 2
24 37 0
20 40 0
Net_id 143
pin_num 2
31 54 0
19 58 0
Net_id 144
pin_num 2
25 35 0
33 50 0
Net_id 145
pin_num 2
19 34 0
45 40 0
Net_id 146
pin_num 2
40 27 0
37 28 0
Net_id 147
pin_num 2
6 7 0
18 2 0
Net_id 148
pin_num 2
14 17 0
16 22 0
Net_id 149
pin_num 2
25 50 0
36 32 0
Net_id 150
pin_num 2
19 31 0
13 26 0
Net_id 151
pin_num 2
22 6 0
1 26 0
Net_id 152
pin_num 2
10 50 0
14 54 0
Net_id 153
pin_num 2
9 2 0
12 1 0
Net_id 154
pin_num 2
56 19 0
42 16 0
Net_id 155
pin_num 2
38 16 0
48 1 0
Net_id 156
pin_num 2
5 26 0
8 21 0
Net_id 157
pin_num 2
22 51 0
43 59 0
