Width 60
Height 60
Layer 6
Total_WL 7047
Obstacle_num 144
16 10 0 21 11 0
13 46 0 21 47 0
53 31 0 58 32 0
2 20 0 9 21 0
44 24 0 48 25 0
39 23 0 42 24 0
17 14 0 27 15 0
15 55 0 23 56 0
46 17 0 53 18 0
48 49 0 56 50 0
41 8 0 45 9 0
39 37 0 49 38 0
13 8 0 17 9 0
43 46 0 48 47 0
54 0 0 58 1 0
9 35 0 19 36 0
16 57 0 22 58 0
30 8 0 39 9 0
36 32 0 40 33 0
27 13 0 30 14 0
29 26 0 38 27 0
46 5 0 56 6 0
45 51 0 52 52 0
50 11 0 59 12 0
25 46 1 26 54 1
4 9 1 5 18 1
34 45 1 35 48 1
55 32 1 56 41 1
17 38 1 18 44 1
6 38 1 7 42 1
57 34 1 58 38 1
49 4 1 50 8 1
53 1 1 54 10 1
2 2 1 3 10 1
47 49 1 48 53 1
2 37 1 3 44 1
11 21 1 12 25 1
40 37 1 41 45 1
53 47 1 54 56 1
19 48 1 20 51 1
14 15 1 15 24 1
9 9 1 10 18 1
42 9 1 43 18 1
35 5 1 36 14 1
24 48 1 25 53 1
32 22 1 33 29 1
44 41 1 45 48 1
43 40 1 44 45 1
53 43 2 59 44 2
50 57 2 56 58 2
28 5 2 38 6 2
47 3 2 53 4 2
49 51 2 57 52 2
18 45 2 24 46 2
14 40 2 21 41 2
44 23 2 47 24 2
20 16 2 25 17 2
42 32 2 51 33 2
29 6 2 34 7 2
33 22 2 39 23 2
34 24 2 40 25 2
47 28 2 54 29 2
27 47 2 35 48 2
31 3 2 34 4 2
25 38 2 30 39 2
24 8 2 28 9 2
20 52 2 26 53 2
11 9 2 15 10 2
2 1 2 5 2 2
17 19 2 24 20 2
26 40 2 34 41 2
48 55 2 52 56 2
10 22 3 11 30 3
24 0 3 25 6 3
58 6 3 59 12 3
39 41 3 40 47 3
26 12 3 27 18 3
13 44 3 14 49 3
5 35 3 6 43 3
14 17 3 15 21 3
21 19 3 22 25 3
19 53 3 20 57 3
29 33 3 30 41 3
34 9 3 35 18 3
30 1 3 31 11 3
53 13 3 54 23 3
37 41 3 38 46 3
51 5 3 52 10 3
26 39 3 27 44 3
0 51 3 1 59 3
35 12 3 36 15 3
18 6 3 19 13 3
34 30 3 35 39 3
5 17 3 6 26 3
3 31 3 4 40 3
0 18 3 1 24 3
28 26 4 36 27 4
1 33 4 5 34 4
49 48 4 54 49 4
7 40 4 14 41 4
25 32 4 32 33 4
15 46 4 19 47 4
45 28 4 55 29 4
10 51 4 17 52 4
37 14 4 41 15 4
26 45 4 34 46 4
14 30 4 17 31 4
35 55 4 40 56 4
3 10 4 10 11 4
7 34 4 14 35 4
7 6 4 13 7 4
35 41 4 39 42 4
7 23 4 14 24 4
44 25 4 52 26 4
18 47 4 21 48 4
15 20 4 24 21 4
50 1 4 57 2 4
29 17 4 38 18 4
37 20 4 43 21 4
44 0 4 54 1 4
20 12 5 21 20 5
5 46 5 6 54 5
18 3 5 19 6 5
40 2 5 41 5 5
9 21 5 10 24 5
39 54 5 40 59 5
58 11 5 59 17 5
9 42 5 10 45 5
54 24 5 55 31 5
48 25 5 49 30 5
28 39 5 29 46 5
15 19 5 16 23 5
47 43 5 48 51 5
48 32 5 49 38 5
8 50 5 9 57 5
29 22 5 30 28 5
40 11 5 41 18 5
14 6 5 15 13 5
52 3 5 53 12 5
9 8 5 10 11 5
46 35 5 47 38 5
2 26 5 3 33 5
15 27 5 16 34 5
38 46 5 39 55 5
Net_num 163
Net_id 0
pin_num 5
32 6 0
38 6 0
11 6 0
13 26 0
15 0 0
Net_id 1
pin_num 5
19 56 0
7 56 0
9 59 0
37 56 0
55 56 0
Net_id 2
pin_num 5
13 41 0
5 48 0
16 25 0
0 58 0
1 45 0
Net_id 3
pin_num 5
17 51 0
8 59 0
7 58 0
15 38 0
15 14 0
Net_id 4
pin_num 5
38 12 0
50 10 0
38 0 0
50 18 0
46 29 0
Net_id 5
pin_num 5
37 0 0
26 10 0
26 1 0
49 1 0
33 21 0
Net_id 6
pin_num 5
44 16 0
30 16 0
31 20 0
36 38 0
31 11 0
Net_id 7
pin_num 5
12 52 0
1 55 0
7 54 0
18 49 0
9 28 0
Net_id 8
pin_num 5
14 26 0
19 37 0
0 26 0
0 14 0
10 22 0
Net_id 9
pin_num 5
36 13 0
44 17 0
39 21 0
30 4 0
38 10 0
Net_id 10
pin_num 5
35 24 0
32 17 0
8 17 0
18 13 0
18 40 0
Net_id 11
pin_num 5
17 34 0
30 36 0
19 17 0
22 31 0
26 38 0
Net_id 12
pin_num 5
38 25 0
51 25 0
28 25 0
38 21 0
16 22 0
Net_id 13
pin_num 5
58 8 0
56 17 0
43 15 0
55 7 0
47 0 0
Net_id 14
pin_num 5
36 57 0
42 59 0
42 39 0
33 40 0
26 51 0
Net_id 15
pin_num 5
55 40 0
53 34 0
59 7 0
40 26 0
43 34 0
Net_id 16
pin_num 5
34 49 0
27 58 0
48 58 0
27 37 0
27 46 0
Net_id 17
pin_num 5
51 53 0
56 56 0
28 53 0
51 59 0
54 59 0
Net_id 18
pin_num 5
45 55 0
50 48 0
59 54 0
57 39 0
27 53 0
Net_id 19
pin_num 5
48 23 0
48 33 0
53 25 0
51 36 0
59 21 0
Net_id 20
pin_num 5
8 39 0
1 50 0
1 44 0
11 50 0
18 39 0
Net_id 21
pin_num 4
19 1 0
26 3 0
19 3 0
25 21 0
Net_id 22
pin_num 4
18 0 0
12 3 0
0 1 0
11 13 0
Net_id 23
pin_num 4
23 49 0
35 54 0
58 53 0
21 54 0
Net_id 24
pin_num 4
5 12 0
2 19 0
6 17 0
5 24 0
Net_id 25
pin_num 4
33 41 0
27 47 0
16 44 0
55 44 0
Net_id 26
pin_num 4
8 44 0
2 55 0
4 36 0
14 49 0
Net_id 27
pin_num 4
42 58 0
51 50 0
30 59 0
29 57 0
Net_id 28
pin_num 4
27 31 0
25 34 0
25 0 0
12 1 0
Net_id 29
pin_num 4
37 52 0
28 59 0
31 58 0
37 39 0
Net_id 30
pin_num 4
16 18 0
10 19 0
10 8 0
6 12 0
Net_id 31
pin_num 4
5 49 0
1 48 0
3 27 0
16 59 0
Net_id 32
pin_num 4
43 36 0
55 29 0
58 24 0
59 36 0
Net_id 33
pin_num 4
58 12 0
51 4 0
41 10 0
47 2 0
Net_id 34
pin_num 4
35 18 0
30 17 0
24 21 0
26 27 0
Net_id 35
pin_num 4
34 28 0
45 38 0
26 30 0
34 33 0
Net_id 36
pin_num 4
32 33 0
41 22 0
23 24 0
26 18 0
Net_id 37
pin_num 4
9 23 0
7 22 0
3 25 0
1 10 0
Net_id 38
pin_num 4
3 5 0
10 3 0
0 6 0
0 9 0
Net_id 39
pin_num 4
52 24 0
49 13 0
49 26 0
46 8 0
Net_id 40
pin_num 3
28 20 0
39 22 0
11 20 0
Net_id 41
pin_num 3
18 2 0
32 2 0
44 3 0
Net_id 42
pin_num 3
54 19 0
58 0 0
41 15 0
Net_id 43
pin_num 3
33 35 0
52 35 0
20 25 0
Net_id 44
pin_num 3
9 25 0
19 13 0
4 26 0
Net_id 45
pin_num 3
14 45 0
5 40 0
9 58 0
Net_id 46
pin_num 3
44 44 0
38 44 0
32 50 0
Net_id 47
pin_num 3
2 1 0
0 2 0
12 19 0
Net_id 48
pin_num 3
52 46 0
59 48 0
37 47 0
Net_id 49
pin_num 3
18 21 0
16 15 0
22 0 0
Net_id 50
pin_num 3
30 29 0
27 49 0
0 40 0
Net_id 51
pin_num 3
30 33 0
24 33 0
17 36 0
Net_id 52
pin_num 3
57 24 0
46 9 0
37 37 0
Net_id 53
pin_num 3
11 36 0
0 10 0
0 32 0
Net_id 54
pin_num 3
3 58 0
13 38 0
7 57 0
Net_id 55
pin_num 3
19 54 0
21 59 0
17 37 0
Net_id 56
pin_num 3
46 45 0
37 45 0
41 59 0
Net_id 57
pin_num 3
41 5 0
36 3 0
36 11 0
Net_id 58
pin_num 3
50 38 0
43 52 0
14 42 0
Net_id 59
pin_num 3
4 4 0
3 2 0
5 26 0
Net_id 60
pin_num 3
32 38 0
19 45 0
25 59 0
Net_id 61
pin_num 3
19 18 0
26 28 0
14 30 0
Net_id 62
pin_num 3
34 45 0
39 54 0
32 52 0
Net_id 63
pin_num 3
29 15 0
35 15 0
37 12 0
Net_id 64
pin_num 3
10 58 0
32 54 0
12 40 0
Net_id 65
pin_num 3
50 43 0
48 11 0
41 19 0
Net_id 66
pin_num 3
8 47 0
0 38 0
48 42 0
Net_id 67
pin_num 3
31 48 0
40 48 0
49 50 0
Net_id 68
pin_num 3
48 9 0
56 9 0
47 27 0
Net_id 69
pin_num 3
46 6 0
57 20 0
48 7 0
Net_id 70
pin_num 3
49 14 0
55 16 0
38 9 0
Net_id 71
pin_num 3
36 43 0
27 30 0
31 49 0
Net_id 72
pin_num 3
50 59 0
31 55 0
52 50 0
Net_id 73
pin_num 3
54 35 0
53 44 0
59 18 0
Net_id 74
pin_num 3
14 38 0
13 59 0
1 40 0
Net_id 75
pin_num 3
45 4 0
8 9 0
40 5 0
Net_id 76
pin_num 3
35 11 0
5 1 0
14 5 0
Net_id 77
pin_num 3
1 43 0
10 42 0
6 18 0
Net_id 78
pin_num 3
39 1 0
46 4 0
42 0 0
Net_id 79
pin_num 3
29 48 0
21 46 0
2 56 0
Net_id 80
pin_num 3
23 33 0
15 33 0
21 13 0
Net_id 81
pin_num 2
11 42 0
1 56 0
Net_id 82
pin_num 2
11 11 0
1 13 0
Net_id 83
pin_num 2
40 42 0
58 50 0
Net_id 84
pin_num 2
56 7 0
45 22 0
Net_id 85
pin_num 2
15 21 0
30 38 0
Net_id 86
pin_num 2
48 52 0
57 38 0
Net_id 87
pin_num 2
47 57 0
49 40 0
Net_id 88
pin_num 2
30 23 0
38 30 0
Net_id 89
pin_num 2
46 16 0
40 10 0
Net_id 90
pin_num 2
44 14 0
38 27 0
Net_id 91
pin_num 2
20 19 0
9 8 0
Net_id 92
pin_num 2
49 37 0
58 58 0
Net_id 93
pin_num 2
22 15 0
27 4 0
Net_id 94
pin_num 2
4 13 0
8 14 0
Net_id 95
pin_num 2
16 5 0
32 7 0
Net_id 96
pin_num 2
39 3 0
48 14 0
Net_id 97
pin_num 2
55 30 0
49 33 0
Net_id 98
pin_num 2
10 48 0
14 37 0
Net_id 99
pin_num 2
26 41 0
42 23 0
Net_id 100
pin_num 2
29 7 0
21 12 0
Net_id 101
pin_num 2
15 47 0
12 38 0
Net_id 102
pin_num 2
24 5 0
22 3 0
Net_id 103
pin_num 2
1 28 0
5 16 0
Net_id 104
pin_num 2
15 34 0
36 15 0
Net_id 105
pin_num 2
52 2 0
24 13 0
Net_id 106
pin_num 2
0 35 0
6 34 0
Net_id 107
pin_num 2
48 39 0
59 41 0
Net_id 108
pin_num 2
34 43 0
14 41 0
Net_id 109
pin_num 2
9 9 0
27 7 0
Net_id 110
pin_num 2
47 11 0
42 11 0
Net_id 111
pin_num 2
7 1 0
15 4 0
Net_id 112
pin_num 2
4 15 0
22 34 0
Net_id 113
pin_num 2
16 41 0
22 32 0
Net_id 114
pin_num 2
16 7 0
35 32 0
Net_id 115
pin_num 2
53 13 0
29 3 0
Net_id 116
pin_num 2
17 17 0
5 27 0
Net_id 117
pin_num 2
32 46 0
8 58 0
Net_id 118
pin_num 2
16 54 0
26 57 0
Net_id 119
pin_num 2
11 38 0
9 19 0
Net_id 120
pin_num 2
9 21 0
20 15 0
Net_id 121
pin_num 2
42 34 0
21 37 0
Net_id 122
pin_num 2
14 11 0
9 20 0
Net_id 123
pin_num 2
19 0 0
23 11 0
Net_id 124
pin_num 2
59 35 0
37 23 0
Net_id 125
pin_num 2
24 37 0
22 51 0
Net_id 126
pin_num 2
38 26 0
41 24 0
Net_id 127
pin_num 2
34 38 0
47 30 0
Net_id 128
pin_num 2
9 34 0
6 33 0
Net_id 129
pin_num 2
16 42 0
27 57 0
Net_id 130
pin_num 2
56 22 0
58 18 0
Net_id 131
pin_num 2
46 10 0
52 20 0
Net_id 132
pin_num 2
23 28 0
25 30 0
Net_id 133
pin_num 2
14 48 0
17 50 0
Net_id 134
pin_num 2
52 32 0
30 18 0
Net_id 135
pin_num 2
59 10 0
52 10 0
Net_id 136
pin_num 2
57 43 0
58 45 0
Net_id 137
pin_num 2
20 30 0
16 36 0
Net_id 138
pin_num 2
57 57 0
59 42 0
Net_id 139
pin_num 2
39 36 0
58 32 0
Net_id 140
pin_num 2
1 53 0
26 29 0
Net_id 141
pin_num 2
51 23 0
42 38 0
Net_id 142
pin_num 2
0 16 0
24 25 0
Net_id 143
pin_num 2
33 16 0
16 9 0
Net_id 144
pin_num 2
23 0 0
24 7 0
Net_id 145
pin_num 2
41 0 0
38 31 0
Net_id 146
pin_num 2
26 46 0
25 41 0
Net_id 147
pin_num 2
5 31 0
0 33 0
Net_id 148
pin_num 2
42 18 0
37 18 0
Net_id 149
pin_num 2
31 21 0
43 18 0
Net_id 150
pin_num 2
42 49 0
48 41 0
Net_id 151
pin_num 2
31 1 0
28 12 0
Net_id 152
pin_num 2
3 24 0
5 10 0
Net_id 153
pin_num 2
34 12 0
24 29 0
Net_id 154
pin_num 2
24 59 0
24 55 0
Net_id 155
pin_num 2
53 33 0
43 54 0
Net_id 156
pin_num 2
22 7 0
4 27 0
Net_id 157
pin_num 2
14 23 0
22 24 0
Net_id 158
pin_num 2
32 9 0
18 3 0
Net_id 159
pin_num 2
37 20 0
58 17 0
Net_id 160
pin_num 2
31 28 0
39 55 0
Net_id 161
pin_num 2
50 45 0
54 7 0
Net_id 162
pin_num 2
47 16 0
59 0 0
