Width 60
Height 60
Layer 6
Total_WL 6724
Obstacle_num 144
46 44 0 50 45 0
49 57 0 57 58 0
53 50 0 56 51 0
47 21 0 56 22 0
28 1 0 32 2 0
32 44 0 36 45 0
39 15 0 49 16 0
38 28 0 42 29 0
20 45 0 29 46 0
38 21 0 45 22 0
49 7 0 57 8 0
8 1 0 12 2 0
49 49 0 53 50 0
20 0 0 28 1 0
50 11 0 56 12 0
12 39 0 21 40 0
29 56 0 37 57 0
50 4 0 53 5 0
41 52 0 50 53 0
15 43 0 20 44 0
24 9 0 28 10 0
1 30 0 10 31 0
15 48 0 25 49 0
6 10 0 16 11 0
24 1 1 25 8 1
55 42 1 56 51 1
7 24 1 8 30 1
14 20 1 15 27 1
20 26 1 21 35 1
51 13 1 52 20 1
48 45 1 49 48 1
11 0 1 12 7 1
6 8 1 7 17 1
25 43 1 26 49 1
45 29 1 46 36 1
7 32 1 8 38 1
21 15 1 22 24 1
36 53 1 37 58 1
57 15 1 58 23 1
46 47 1 47 52 1
27 13 1 28 22 1
31 28 1 32 35 1
12 41 1 13 48 1
2 53 1 3 59 1
39 27 1 40 31 1
28 16 1 29 26 1
51 23 1 52 32 1
58 22 1 59 32 1
11 48 2 16 49 2
49 4 2 58 5 2
11 56 2 14 57 2
0 45 2 5 46 2
10 53 2 16 54 2
15 51 2 21 52 2
45 37 2 54 38 2
19 56 2 29 57 2
50 18 2 53 19 2
7 6 2 10 7 2
40 47 2 44 48 2
54 37 2 58 38 2
25 34 2 29 35 2
8 26 2 14 27 2
49 16 2 55 17 2
11 27 2 19 28 2
25 16 2 35 17 2
1 6 2 4 7 2
0 42 2 5 43 2
1 26 2 4 27 2
36 24 2 40 25 2
42 13 2 47 14 2
20 5 2 23 6 2
48 5 2 54 6 2
48 6 3 49 10 3
54 41 3 55 45 3
50 8 3 51 14 3
52 18 3 53 24 3
47 37 3 48 41 3
20 16 3 21 21 3
36 4 3 37 11 3
2 8 3 3 13 3
38 14 3 39 21 3
49 1 3 50 7 3
18 10 3 19 14 3
48 39 3 49 45 3
37 20 3 38 30 3
12 33 3 13 43 3
58 34 3 59 37 3
57 38 3 58 41 3
2 15 3 3 24 3
51 56 3 52 59 3
23 16 3 24 20 3
39 39 3 40 47 3
7 36 3 8 42 3
44 50 3 45 54 3
17 38 3 18 45 3
15 21 3 16 27 3
39 23 4 43 24 4
40 44 4 46 45 4
28 39 4 32 40 4
22 40 4 25 41 4
31 29 4 40 30 4
49 26 4 56 27 4
39 18 4 48 19 4
21 53 4 30 54 4
44 58 4 48 59 4
51 7 4 58 8 4
9 18 4 17 19 4
29 45 4 37 46 4
36 47 4 45 48 4
29 11 4 35 12 4
26 43 4 30 44 4
42 12 4 48 13 4
22 22 4 32 23 4
14 27 4 18 28 4
47 32 4 54 33 4
37 32 4 43 33 4
33 13 4 42 14 4
38 55 4 44 56 4
35 37 4 43 38 4
38 1 4 46 2 4
22 26 5 23 29 5
6 29 5 7 37 5
8 8 5 9 18 5
36 32 5 37 41 5
55 11 5 56 19 5
28 39 5 29 46 5
20 28 5 21 36 5
12 38 5 13 42 5
38 38 5 39 47 5
7 18 5 8 26 5
7 7 5 8 13 5
40 12 5 41 16 5
6 44 5 7 48 5
40 45 5 41 50 5
20 1 5 21 7 5
21 48 5 22 51 5
27 2 5 28 6 5
3 35 5 4 45 5
19 32 5 20 40 5
25 41 5 26 51 5
46 40 5 47 48 5
22 17 5 23 24 5
36 1 5 37 5 5
38 21 5 39 30 5
Net_num 157
Net_id 0
pin_num 5
25 44 0
31 48 0
26 40 0
48 41 0
32 21 0
Net_id 1
pin_num 5
59 24 0
55 25 0
54 41 0
50 40 0
56 38 0
Net_id 2
pin_num 5
38 53 0
48 51 0
35 59 0
48 59 0
45 58 0
Net_id 3
pin_num 5
3 23 0
0 19 0
9 20 0
3 24 0
18 20 0
Net_id 4
pin_num 5
55 37 0
58 39 0
44 37 0
38 46 0
55 38 0
Net_id 5
pin_num 5
26 52 0
40 44 0
27 31 0
34 38 0
49 41 0
Net_id 6
pin_num 5
19 32 0
7 42 0
13 55 0
10 50 0
0 31 0
Net_id 7
pin_num 5
25 29 0
18 28 0
22 15 0
38 13 0
31 6 0
Net_id 8
pin_num 5
31 27 0
26 27 0
11 30 0
37 16 0
20 22 0
Net_id 9
pin_num 5
19 41 0
25 40 0
34 42 0
18 59 0
33 55 0
Net_id 10
pin_num 5
28 7 0
28 10 0
17 9 0
32 9 0
10 0 0
Net_id 11
pin_num 5
29 40 0
34 37 0
9 37 0
23 58 0
19 52 0
Net_id 12
pin_num 5
18 33 0
9 31 0
24 33 0
25 30 0
12 31 0
Net_id 13
pin_num 5
48 54 0
59 49 0
49 58 0
35 58 0
48 53 0
Net_id 14
pin_num 5
54 43 0
57 35 0
59 55 0
46 53 0
54 46 0
Net_id 15
pin_num 5
56 9 0
46 6 0
55 0 0
59 16 0
43 7 0
Net_id 16
pin_num 5
53 45 0
53 41 0
59 35 0
44 43 0
39 48 0
Net_id 17
pin_num 5
22 18 0
27 25 0
0 24 0
36 25 0
24 23 0
Net_id 18
pin_num 5
12 47 0
16 44 0
15 38 0
3 44 0
5 38 0
Net_id 19
pin_num 5
40 33 0
40 27 0
40 6 0
17 28 0
17 59 0
Net_id 20
pin_num 4
57 0 0
53 6 0
51 8 0
42 6 0
Net_id 21
pin_num 4
13 56 0
12 55 0
2 59 0
34 55 0
Net_id 22
pin_num 4
48 3 0
39 6 0
47 16 0
30 8 0
Net_id 23
pin_num 4
41 37 0
36 36 0
34 29 0
51 36 0
Net_id 24
pin_num 4
9 43 0
21 44 0
4 34 0
0 40 0
Net_id 25
pin_num 4
19 2 0
27 12 0
36 11 0
28 29 0
Net_id 26
pin_num 4
23 49 0
18 53 0
25 59 0
24 58 0
Net_id 27
pin_num 4
47 27 0
50 23 0
39 25 0
47 17 0
Net_id 28
pin_num 4
28 33 0
34 31 0
57 31 0
36 21 0
Net_id 29
pin_num 4
51 27 0
54 30 0
59 31 0
55 20 0
Net_id 30
pin_num 4
55 13 0
54 34 0
30 30 0
45 49 0
Net_id 31
pin_num 4
2 10 0
2 3 0
2 24 0
1 8 0
Net_id 32
pin_num 4
14 44 0
8 44 0
10 25 0
18 35 0
Net_id 33
pin_num 4
40 8 0
39 22 0
57 22 0
26 20 0
Net_id 34
pin_num 4
14 7 0
9 11 0
10 19 0
3 2 0
Net_id 35
pin_num 4
58 15 0
46 24 0
48 24 0
59 20 0
Net_id 36
pin_num 4
28 8 0
35 14 0
35 29 0
49 14 0
Net_id 37
pin_num 4
37 27 0
26 21 0
35 22 0
41 26 0
Net_id 38
pin_num 4
26 55 0
40 59 0
26 49 0
40 54 0
Net_id 39
pin_num 3
49 5 0
57 7 0
57 14 0
Net_id 40
pin_num 3
10 46 0
4 45 0
4 59 0
Net_id 41
pin_num 3
55 48 0
30 46 0
21 59 0
Net_id 42
pin_num 3
31 45 0
42 59 0
33 29 0
Net_id 43
pin_num 3
48 30 0
53 36 0
56 50 0
Net_id 44
pin_num 3
17 56 0
16 36 0
25 17 0
Net_id 45
pin_num 3
20 14 0
27 1 0
38 4 0
Net_id 46
pin_num 3
24 25 0
49 39 0
57 57 0
Net_id 47
pin_num 3
58 20 0
54 18 0
53 10 0
Net_id 48
pin_num 3
57 12 0
58 7 0
40 34 0
Net_id 49
pin_num 3
33 7 0
28 2 0
42 8 0
Net_id 50
pin_num 3
42 43 0
30 43 0
40 35 0
Net_id 51
pin_num 3
23 38 0
6 33 0
1 59 0
Net_id 52
pin_num 3
44 54 0
41 51 0
38 38 0
Net_id 53
pin_num 3
54 26 0
34 14 0
5 14 0
Net_id 54
pin_num 3
16 9 0
9 9 0
16 0 0
Net_id 55
pin_num 3
33 48 0
46 57 0
45 42 0
Net_id 56
pin_num 3
41 56 0
37 46 0
31 54 0
Net_id 57
pin_num 3
11 16 0
20 16 0
5 10 0
Net_id 58
pin_num 3
27 20 0
41 20 0
28 3 0
Net_id 59
pin_num 3
11 18 0
4 12 0
9 4 0
Net_id 60
pin_num 3
28 57 0
44 49 0
0 56 0
Net_id 61
pin_num 3
56 44 0
59 56 0
39 35 0
Net_id 62
pin_num 3
13 17 0
21 25 0
36 40 0
Net_id 63
pin_num 3
40 42 0
49 36 0
44 20 0
Net_id 64
pin_num 3
56 40 0
57 49 0
50 14 0
Net_id 65
pin_num 3
19 15 0
20 5 0
6 6 0
Net_id 66
pin_num 3
26 50 0
8 43 0
32 5 0
Net_id 67
pin_num 3
43 36 0
50 41 0
59 59 0
Net_id 68
pin_num 3
17 1 0
37 8 0
22 7 0
Net_id 69
pin_num 3
10 28 0
3 0 0
19 11 0
Net_id 70
pin_num 3
38 23 0
46 18 0
30 23 0
Net_id 71
pin_num 3
24 44 0
8 32 0
1 58 0
Net_id 72
pin_num 3
23 27 0
17 10 0
59 2 0
Net_id 73
pin_num 3
58 47 0
52 42 0
47 31 0
Net_id 74
pin_num 3
18 27 0
21 11 0
5 13 0
Net_id 75
pin_num 3
13 1 0
21 10 0
51 10 0
Net_id 76
pin_num 3
22 16 0
36 34 0
38 36 0
Net_id 77
pin_num 3
10 39 0
7 21 0
10 33 0
Net_id 78
pin_num 3
10 58 0
2 52 0
14 56 0
Net_id 79
pin_num 2
35 51 0
24 47 0
Net_id 80
pin_num 2
36 44 0
28 50 0
Net_id 81
pin_num 2
28 40 0
29 37 0
Net_id 82
pin_num 2
58 27 0
47 30 0
Net_id 83
pin_num 2
36 35 0
22 47 0
Net_id 84
pin_num 2
56 39 0
31 21 0
Net_id 85
pin_num 2
13 12 0
26 17 0
Net_id 86
pin_num 2
2 11 0
0 25 0
Net_id 87
pin_num 2
54 1 0
34 0 0
Net_id 88
pin_num 2
28 6 0
12 1 0
Net_id 89
pin_num 2
53 34 0
50 31 0
Net_id 90
pin_num 2
1 35 0
11 40 0
Net_id 91
pin_num 2
43 35 0
59 23 0
Net_id 92
pin_num 2
6 42 0
24 52 0
Net_id 93
pin_num 2
33 17 0
42 17 0
Net_id 94
pin_num 2
26 56 0
16 58 0
Net_id 95
pin_num 2
20 35 0
30 34 0
Net_id 96
pin_num 2
2 47 0
5 31 0
Net_id 97
pin_num 2
11 48 0
11 55 0
Net_id 98
pin_num 2
11 28 0
17 26 0
Net_id 99
pin_num 2
37 12 0
38 9 0
Net_id 100
pin_num 2
4 17 0
1 31 0
Net_id 101
pin_num 2
34 57 0
44 45 0
Net_id 102
pin_num 2
23 20 0
4 28 0
Net_id 103
pin_num 2
1 44 0
5 51 0
Net_id 104
pin_num 2
43 10 0
32 3 0
Net_id 105
pin_num 2
58 10 0
54 8 0
Net_id 106
pin_num 2
27 43 0
30 24 0
Net_id 107
pin_num 2
2 48 0
5 50 0
Net_id 108
pin_num 2
58 26 0
46 25 0
Net_id 109
pin_num 2
57 21 0
58 5 0
Net_id 110
pin_num 2
19 4 0
22 6 0
Net_id 111
pin_num 2
22 21 0
19 7 0
Net_id 112
pin_num 2
10 26 0
0 29 0
Net_id 113
pin_num 2
42 16 0
54 13 0
Net_id 114
pin_num 2
41 36 0
46 55 0
Net_id 115
pin_num 2
40 25 0
59 32 0
Net_id 116
pin_num 2
52 3 0
34 21 0
Net_id 117
pin_num 2
20 36 0
26 39 0
Net_id 118
pin_num 2
8 17 0
8 23 0
Net_id 119
pin_num 2
13 51 0
9 55 0
Net_id 120
pin_num 2
15 15 0
5 0 0
Net_id 121
pin_num 2
31 26 0
51 12 0
Net_id 122
pin_num 2
19 53 0
22 51 0
Net_id 123
pin_num 2
35 49 0
55 55 0
Net_id 124
pin_num 2
26 37 0
19 37 0
Net_id 125
pin_num 2
35 40 0
42 20 0
Net_id 126
pin_num 2
30 26 0
15 8 0
Net_id 127
pin_num 2
7 25 0
26 18 0
Net_id 128
pin_num 2
34 5 0
52 2 0
Net_id 129
pin_num 2
18 4 0
7 1 0
Net_id 130
pin_num 2
0 13 0
13 29 0
Net_id 131
pin_num 2
51 43 0
48 50 0
Net_id 132
pin_num 2
58 30 0
53 24 0
Net_id 133
pin_num 2
42 44 0
33 50 0
Net_id 134
pin_num 2
15 29 0
9 2 0
Net_id 135
pin_num 2
54 33 0
58 34 0
Net_id 136
pin_num 2
41 2 0
59 0 0
Net_id 137
pin_num 2
21 58 0
12 49 0
Net_id 138
pin_num 2
13 32 0
16 29 0
Net_id 139
pin_num 2
0 45 0
7 52 0
Net_id 140
pin_num 2
29 12 0
36 16 0
Net_id 141
pin_num 2
12 2 0
12 5 0
Net_id 142
pin_num 2
46 40 0
26 33 0
Net_id 143
pin_num 2
31 4 0
21 13 0
Net_id 144
pin_num 2
5 41 0
1 16 0
Net_id 145
pin_num 2
32 37 0
59 1 0
Net_id 146
pin_num 2
0 49 0
11 58 0
Net_id 147
pin_num 2
57 28 0
46 4 0
Net_id 148
pin_num 2
19 38 0
29 36 0
Net_id 149
pin_num 2
49 35 0
52 24 0
Net_id 150
pin_num 2
1 5 0
4 3 0
Net_id 151
pin_num 2
6 40 0
2 31 0
Net_id 152
pin_num 2
24 40 0
17 25 0
Net_id 153
pin_num 2
54 4 0
50 3 0
Net_id 154
pin_num 2
44 44 0
39 34 0
Net_id 155
pin_num 2
35 39 0
39 39 0
Net_id 156
pin_num 2
42 3 0
54 2 0
