Width 60
Height 60
Layer 6
Total_WL 6571
Obstacle_num 144
7 32 0 16 33 0
8 6 0 11 7 0
39 18 0 45 19 0
3 15 0 11 16 0
27 35 0 32 36 0
20 54 0 26 55 0
23 48 0 28 49 0
7 23 0 11 24 0
20 23 0 24 24 0
13 47 0 18 48 0
15 56 0 21 57 0
6 21 0 12 22 0
45 52 0 50 53 0
8 35 0 16 36 0
9 19 0 17 20 0
28 30 0 35 31 0
48 7 0 56 8 0
15 57 0 19 58 0
46 25 0 56 26 0
15 5 0 25 6 0
7 58 0 11 59 0
23 40 0 31 41 0
14 25 0 19 26 0
3 4 0 10 5 0
48 15 1 49 24 1
14 9 1 15 12 1
7 5 1 8 14 1
50 1 1 51 5 1
35 27 1 36 32 1
46 21 1 47 27 1
20 33 1 21 41 1
21 33 1 22 42 1
24 13 1 25 22 1
52 24 1 53 28 1
3 52 1 4 58 1
54 52 1 55 59 1
40 34 1 41 37 1
32 1 1 33 7 1
43 3 1 44 9 1
47 39 1 48 49 1
32 31 1 33 38 1
31 41 1 32 51 1
35 16 1 36 26 1
57 48 1 58 57 1
20 44 1 21 54 1
31 15 1 32 21 1
3 2 1 4 9 1
20 20 1 21 29 1
38 7 2 48 8 2
43 33 2 50 34 2
33 33 2 36 34 2
38 25 2 47 26 2
28 40 2 31 41 2
46 31 2 54 32 2
13 11 2 17 12 2
35 53 2 41 54 2
48 35 2 57 36 2
1 26 2 10 27 2
35 14 2 43 15 2
26 37 2 33 38 2
46 20 2 51 21 2
46 48 2 56 49 2
48 23 2 53 24 2
3 14 2 13 15 2
44 2 2 51 3 2
1 46 2 8 47 2
2 57 2 10 58 2
32 58 2 37 59 2
25 50 2 29 51 2
36 42 2 43 43 2
42 56 2 45 57 2
54 17 2 58 18 2
1 38 3 2 44 3
26 15 3 27 18 3
20 41 3 21 51 3
34 32 3 35 42 3
33 35 3 34 39 3
48 46 3 49 54 3
15 49 3 16 59 3
10 21 3 11 31 3
56 16 3 57 19 3
22 39 3 23 44 3
50 55 3 51 58 3
53 20 3 54 28 3
24 18 3 25 26 3
12 26 3 13 35 3
17 28 3 18 31 3
56 21 3 57 29 3
29 11 3 30 20 3
22 15 3 23 24 3
37 29 3 38 39 3
50 36 3 51 43 3
52 21 3 53 26 3
30 3 3 31 8 3
42 13 3 43 18 3
28 54 3 29 59 3
42 26 4 46 27 4
4 47 4 11 48 4
25 7 4 30 8 4
6 16 4 14 17 4
44 41 4 48 42 4
39 5 4 43 6 4
2 5 4 12 6 4
3 57 4 12 58 4
20 5 4 30 6 4
14 46 4 20 47 4
49 47 4 54 48 4
18 10 4 28 11 4
41 1 4 50 2 4
40 18 4 43 19 4
9 27 4 17 28 4
12 41 4 15 42 4
54 18 4 58 19 4
22 42 4 27 43 4
28 22 4 37 23 4
43 16 4 52 17 4
7 7 4 16 8 4
8 9 4 15 10 4
40 19 4 43 20 4
31 43 4 39 44 4
55 13 5 56 21 5
0 2 5 1 9 5
39 11 5 40 21 5
45 40 5 46 44 5
51 23 5 52 27 5
33 46 5 34 54 5
36 51 5 37 58 5
46 29 5 47 34 5
2 18 5 3 22 5
55 32 5 56 36 5
37 36 5 38 40 5
10 36 5 11 44 5
5 45 5 6 55 5
49 47 5 50 53 5
9 38 5 10 43 5
49 28 5 50 38 5
7 32 5 8 39 5
9 17 5 10 22 5
57 7 5 58 15 5
55 5 5 56 9 5
3 8 5 4 11 5
23 47 5 24 51 5
38 17 5 39 22 5
35 6 5 36 12 5
Net_num 158
Net_id 0
pin_num 5
31 12 0
26 24 0
11 20 0
39 0 0
49 10 0
Net_id 1
pin_num 5
17 8 0
5 9 0
30 9 0
18 28 0
27 12 0
Net_id 2
pin_num 5
35 34 0
18 39 0
50 34 0
36 24 0
43 39 0
Net_id 3
pin_num 5
22 0 0
22 10 0
5 7 0
12 30 0
42 1 0
Net_id 4
pin_num 5
38 51 0
49 57 0
50 52 0
44 54 0
32 52 0
Net_id 5
pin_num 5
38 36 0
49 36 0
42 31 0
34 36 0
45 45 0
Net_id 6
pin_num 5
34 1 0
41 3 0
45 0 0
35 3 0
16 1 0
Net_id 7
pin_num 5
49 33 0
36 33 0
44 27 0
43 28 0
30 27 0
Net_id 8
pin_num 5
51 2 0
59 6 0
49 4 0
55 0 0
56 12 0
Net_id 9
pin_num 5
13 11 0
20 8 0
5 11 0
29 17 0
11 0 0
Net_id 10
pin_num 5
37 8 0
25 8 0
45 8 0
30 15 0
38 11 0
Net_id 11
pin_num 5
27 57 0
14 59 0
23 59 0
1 59 0
1 49 0
Net_id 12
pin_num 5
46 51 0
38 40 0
45 35 0
26 47 0
25 47 0
Net_id 13
pin_num 5
59 35 0
42 38 0
45 24 0
29 25 0
44 59 0
Net_id 14
pin_num 5
58 42 0
59 43 0
42 42 0
49 32 0
59 34 0
Net_id 15
pin_num 5
52 34 0
50 29 0
37 29 0
39 49 0
46 38 0
Net_id 16
pin_num 5
54 58 0
57 47 0
57 29 0
59 25 0
58 37 0
Net_id 17
pin_num 5
44 31 0
56 31 0
49 18 0
17 34 0
8 34 0
Net_id 18
pin_num 5
0 25 0
14 29 0
5 26 0
4 8 0
11 41 0
Net_id 19
pin_num 4
57 52 0
52 59 0
52 46 0
53 40 0
Net_id 20
pin_num 4
4 9 0
0 8 0
3 0 0
4 3 0
Net_id 21
pin_num 4
58 54 0
51 51 0
54 51 0
32 54 0
Net_id 22
pin_num 4
47 18 0
33 14 0
41 26 0
40 38 0
Net_id 23
pin_num 4
35 38 0
47 49 0
59 24 0
31 36 0
Net_id 24
pin_num 4
21 0 0
12 4 0
16 20 0
1 6 0
Net_id 25
pin_num 4
31 52 0
30 42 0
31 58 0
18 42 0
Net_id 26
pin_num 4
26 16 0
29 22 0
4 18 0
19 32 0
Net_id 27
pin_num 4
40 24 0
50 10 0
59 9 0
48 37 0
Net_id 28
pin_num 4
18 32 0
15 16 0
37 30 0
0 26 0
Net_id 29
pin_num 4
39 29 0
36 39 0
13 39 0
56 24 0
Net_id 30
pin_num 4
40 6 0
34 6 0
52 6 0
13 6 0
Net_id 31
pin_num 4
18 49 0
15 50 0
0 54 0
13 53 0
Net_id 32
pin_num 4
21 4 0
15 4 0
0 10 0
13 14 0
Net_id 33
pin_num 4
47 20 0
56 21 0
55 13 0
47 19 0
Net_id 34
pin_num 4
50 1 0
57 1 0
46 10 0
59 7 0
Net_id 35
pin_num 4
57 21 0
47 30 0
59 44 0
57 22 0
Net_id 36
pin_num 4
20 28 0
14 38 0
13 30 0
25 33 0
Net_id 37
pin_num 4
8 12 0
1 18 0
14 10 0
1 11 0
Net_id 38
pin_num 3
4 39 0
19 49 0
30 58 0
Net_id 39
pin_num 3
54 18 0
32 38 0
51 3 0
Net_id 40
pin_num 3
58 49 0
55 52 0
56 28 0
Net_id 41
pin_num 3
46 32 0
32 49 0
31 48 0
Net_id 42
pin_num 3
35 53 0
51 58 0
31 59 0
Net_id 43
pin_num 3
32 16 0
15 18 0
39 17 0
Net_id 44
pin_num 3
5 23 0
11 17 0
1 35 0
Net_id 45
pin_num 3
18 50 0
21 46 0
22 47 0
Net_id 46
pin_num 3
39 13 0
40 26 0
33 17 0
Net_id 47
pin_num 3
2 37 0
13 22 0
2 22 0
Net_id 48
pin_num 3
16 31 0
25 29 0
26 31 0
Net_id 49
pin_num 3
44 53 0
33 40 0
50 59 0
Net_id 50
pin_num 3
35 26 0
47 27 0
27 0 0
Net_id 51
pin_num 3
45 53 0
54 37 0
44 43 0
Net_id 52
pin_num 3
41 35 0
41 28 0
29 2 0
Net_id 53
pin_num 3
47 59 0
49 56 0
36 59 0
Net_id 54
pin_num 3
47 26 0
51 22 0
58 38 0
Net_id 55
pin_num 3
49 17 0
41 21 0
23 19 0
Net_id 56
pin_num 3
36 10 0
25 14 0
37 3 0
Net_id 57
pin_num 3
23 56 0
0 49 0
3 39 0
Net_id 58
pin_num 3
53 47 0
39 44 0
39 58 0
Net_id 59
pin_num 3
16 55 0
2 55 0
17 55 0
Net_id 60
pin_num 3
33 36 0
24 47 0
47 38 0
Net_id 61
pin_num 3
28 23 0
36 48 0
47 24 0
Net_id 62
pin_num 3
30 24 0
33 26 0
27 15 0
Net_id 63
pin_num 3
5 6 0
7 2 0
10 27 0
Net_id 64
pin_num 3
54 50 0
39 54 0
32 22 0
Net_id 65
pin_num 3
34 15 0
34 23 0
0 27 0
Net_id 66
pin_num 3
14 1 0
0 28 0
8 8 0
Net_id 67
pin_num 3
58 45 0
52 45 0
56 51 0
Net_id 68
pin_num 3
38 35 0
21 29 0
38 24 0
Net_id 69
pin_num 3
54 17 0
58 11 0
56 10 0
Net_id 70
pin_num 3
28 28 0
38 44 0
44 44 0
Net_id 71
pin_num 3
2 18 0
22 19 0
11 42 0
Net_id 72
pin_num 3
30 13 0
38 18 0
47 9 0
Net_id 73
pin_num 3
27 2 0
9 8 0
9 40 0
Net_id 74
pin_num 3
16 50 0
25 59 0
1 50 0
Net_id 75
pin_num 3
28 26 0
33 48 0
37 58 0
Net_id 76
pin_num 3
22 22 0
13 20 0
15 29 0
Net_id 77
pin_num 3
7 41 0
2 52 0
12 5 0
Net_id 78
pin_num 2
2 45 0
5 48 0
Net_id 79
pin_num 2
53 55 0
58 57 0
Net_id 80
pin_num 2
55 19 0
59 12 0
Net_id 81
pin_num 2
43 4 0
23 7 0
Net_id 82
pin_num 2
4 29 0
0 18 0
Net_id 83
pin_num 2
22 43 0
7 43 0
Net_id 84
pin_num 2
54 54 0
58 32 0
Net_id 85
pin_num 2
3 1 0
11 8 0
Net_id 86
pin_num 2
55 53 0
58 47 0
Net_id 87
pin_num 2
18 10 0
33 28 0
Net_id 88
pin_num 2
38 49 0
34 48 0
Net_id 89
pin_num 2
52 12 0
43 2 0
Net_id 90
pin_num 2
59 11 0
40 0 0
Net_id 91
pin_num 2
17 19 0
29 38 0
Net_id 92
pin_num 2
4 5 0
23 0 0
Net_id 93
pin_num 2
27 44 0
33 44 0
Net_id 94
pin_num 2
20 41 0
7 44 0
Net_id 95
pin_num 2
38 42 0
36 44 0
Net_id 96
pin_num 2
40 39 0
25 49 0
Net_id 97
pin_num 2
41 19 0
25 23 0
Net_id 98
pin_num 2
59 40 0
55 40 0
Net_id 99
pin_num 2
43 35 0
58 58 0
Net_id 100
pin_num 2
42 22 0
54 32 0
Net_id 101
pin_num 2
41 43 0
37 44 0
Net_id 102
pin_num 2
24 46 0
22 38 0
Net_id 103
pin_num 2
25 50 0
39 57 0
Net_id 104
pin_num 2
50 15 0
58 4 0
Net_id 105
pin_num 2
4 52 0
7 56 0
Net_id 106
pin_num 2
27 7 0
32 7 0
Net_id 107
pin_num 2
40 41 0
7 34 0
Net_id 108
pin_num 2
31 46 0
52 30 0
Net_id 109
pin_num 2
4 19 0
1 36 0
Net_id 110
pin_num 2
44 2 0
42 5 0
Net_id 111
pin_num 2
47 53 0
54 43 0
Net_id 112
pin_num 2
2 16 0
14 16 0
Net_id 113
pin_num 2
10 14 0
14 9 0
Net_id 114
pin_num 2
22 58 0
11 57 0
Net_id 115
pin_num 2
23 12 0
41 5 0
Net_id 116
pin_num 2
7 37 0
5 52 0
Net_id 117
pin_num 2
16 16 0
29 3 0
Net_id 118
pin_num 2
3 49 0
29 59 0
Net_id 119
pin_num 2
13 33 0
34 51 0
Net_id 120
pin_num 2
34 0 0
49 8 0
Net_id 121
pin_num 2
20 10 0
36 40 0
Net_id 122
pin_num 2
2 11 0
16 21 0
Net_id 123
pin_num 2
5 19 0
5 21 0
Net_id 124
pin_num 2
20 39 0
29 29 0
Net_id 125
pin_num 2
42 28 0
24 7 0
Net_id 126
pin_num 2
53 6 0
56 3 0
Net_id 127
pin_num 2
10 29 0
6 36 0
Net_id 128
pin_num 2
28 25 0
24 25 0
Net_id 129
pin_num 2
43 30 0
57 26 0
Net_id 130
pin_num 2
56 11 0
58 17 0
Net_id 131
pin_num 2
0 17 0
7 17 0
Net_id 132
pin_num 2
39 45 0
31 51 0
Net_id 133
pin_num 2
53 23 0
43 14 0
Net_id 134
pin_num 2
44 15 0
31 5 0
Net_id 135
pin_num 2
46 11 0
34 2 0
Net_id 136
pin_num 2
10 41 0
5 32 0
Net_id 137
pin_num 2
0 13 0
15 13 0
Net_id 138
pin_num 2
13 12 0
9 18 0
Net_id 139
pin_num 2
35 5 0
40 5 0
Net_id 140
pin_num 2
14 15 0
8 19 0
Net_id 141
pin_num 2
32 28 0
14 36 0
Net_id 142
pin_num 2
7 40 0
3 35 0
Net_id 143
pin_num 2
20 29 0
47 8 0
Net_id 144
pin_num 2
24 23 0
7 20 0
Net_id 145
pin_num 2
8 27 0
8 24 0
Net_id 146
pin_num 2
32 37 0
13 31 0
Net_id 147
pin_num 2
28 13 0
14 5 0
Net_id 148
pin_num 2
54 30 0
53 36 0
Net_id 149
pin_num 2
44 23 0
41 23 0
Net_id 150
pin_num 2
18 53 0
8 46 0
Net_id 151
pin_num 2
32 0 0
15 14 0
Net_id 152
pin_num 2
56 38 0
59 49 0
Net_id 153
pin_num 2
22 21 0
18 26 0
Net_id 154
pin_num 2
54 5 0
50 8 0
Net_id 155
pin_num 2
1 33 0
13 48 0
Net_id 156
pin_num 2
36 51 0
27 55 0
Net_id 157
pin_num 2
57 48 0
46 55 0
