Width 60
Height 60
Layer 6
Total_WL 6588
Obstacle_num 144
2 33 0 8 34 0
19 27 0 22 28 0
35 37 0 40 38 0
15 8 0 19 9 0
14 38 0 17 39 0
33 13 0 37 14 0
54 7 0 57 8 0
47 51 0 55 52 0
49 29 0 55 30 0
16 50 0 21 51 0
37 40 0 41 41 0
2 14 0 9 15 0
18 32 0 27 33 0
10 11 0 19 12 0
44 22 0 52 23 0
7 19 0 10 20 0
28 12 0 35 13 0
47 43 0 54 44 0
34 14 0 43 15 0
33 10 0 39 11 0
12 56 0 17 57 0
29 15 0 32 16 0
42 30 0 51 31 0
11 21 0 20 22 0
44 1 1 45 5 1
47 1 1 48 11 1
27 12 1 28 22 1
7 18 1 8 27 1
38 49 1 39 57 1
18 10 1 19 20 1
51 41 1 52 51 1
21 27 1 22 36 1
11 7 1 12 15 1
12 19 1 13 22 1
15 41 1 16 50 1
48 19 1 49 28 1
41 45 1 42 55 1
22 48 1 23 52 1
57 45 1 58 50 1
42 19 1 43 22 1
9 19 1 10 27 1
35 14 1 36 21 1
2 41 1 3 49 1
5 39 1 6 46 1
4 30 1 5 40 1
33 46 1 34 55 1
26 0 1 27 9 1
19 30 1 20 36 1
17 41 2 24 42 2
30 34 2 38 35 2
24 12 2 28 13 2
28 56 2 32 57 2
11 48 2 20 49 2
45 1 2 48 2 2
37 14 2 46 15 2
24 51 2 29 52 2
46 35 2 52 36 2
48 39 2 51 40 2
21 5 2 27 6 2
33 49 2 42 50 2
10 30 2 16 31 2
43 32 2 46 33 2
10 8 2 13 9 2
41 16 2 46 17 2
0 52 2 8 53 2
19 20 2 22 21 2
18 6 2 27 7 2
5 3 2 15 4 2
25 57 2 29 58 2
42 5 2 46 6 2
8 38 2 17 39 2
15 29 2 18 30 2
53 44 3 54 52 3
20 38 3 21 44 3
55 5 3 56 11 3
41 50 3 42 53 3
21 35 3 22 40 3
24 7 3 25 15 3
1 29 3 2 37 3
5 24 3 6 28 3
44 19 3 45 26 3
32 19 3 33 22 3
44 35 3 45 42 3
58 44 3 59 47 3
20 23 3 21 28 3
13 22 3 14 26 3
40 24 3 41 28 3
26 16 3 27 24 3
9 27 3 10 35 3
8 36 3 9 46 3
3 15 3 4 25 3
47 9 3 48 14 3
41 18 3 42 28 3
27 13 3 28 17 3
6 32 3 7 36 3
51 24 3 52 34 3
2 56 4 8 57 4
49 2 4 54 3 4
11 51 4 20 52 4
10 10 4 13 11 4
12 50 4 19 51 4
4 42 4 14 43 4
33 0 4 43 1 4
8 54 4 11 55 4
16 56 4 23 57 4
14 7 4 22 8 4
25 57 4 28 58 4
28 48 4 33 49 4
39 3 4 48 4 4
14 25 4 21 26 4
34 10 4 39 11 4
15 32 4 18 33 4
36 13 4 40 14 4
52 30 4 59 31 4
21 39 4 26 40 4
6 14 4 16 15 4
49 11 4 59 12 4
16 58 4 26 59 4
17 30 4 22 31 4
12 11 4 20 12 4
45 50 5 46 58 5
47 10 5 48 13 5
17 27 5 18 31 5
26 49 5 27 54 5
58 41 5 59 44 5
3 38 5 4 46 5
12 2 5 13 12 5
52 43 5 53 51 5
41 26 5 42 33 5
34 3 5 35 13 5
1 36 5 2 45 5
11 27 5 12 31 5
38 1 5 39 7 5
22 53 5 23 58 5
43 48 5 44 58 5
15 31 5 16 35 5
0 10 5 1 15 5
45 3 5 46 7 5
23 36 5 24 42 5
54 47 5 55 57 5
39 37 5 40 47 5
33 10 5 34 14 5
6 53 5 7 58 5
47 49 5 48 53 5
Net_num 159
Net_id 0
pin_num 5
14 59 0
10 53 0
0 49 0
1 55 0
9 48 0
Net_id 1
pin_num 5
15 47 0
23 44 0
14 46 0
23 39 0
38 46 0
Net_id 2
pin_num 5
19 20 0
23 12 0
25 11 0
6 12 0
22 28 0
Net_id 3
pin_num 5
15 26 0
26 11 0
16 49 0
1 29 0
29 33 0
Net_id 4
pin_num 5
30 43 0
19 45 0
46 38 0
51 59 0
25 59 0
Net_id 5
pin_num 5
12 8 0
7 8 0
11 0 0
25 0 0
13 14 0
Net_id 6
pin_num 5
57 47 0
47 56 0
59 51 0
59 41 0
52 33 0
Net_id 7
pin_num 5
55 5 0
44 5 0
57 0 0
50 12 0
49 2 0
Net_id 8
pin_num 5
32 55 0
40 55 0
26 50 0
35 42 0
30 54 0
Net_id 9
pin_num 5
58 16 0
58 11 0
59 10 0
56 24 0
42 17 0
Net_id 10
pin_num 5
55 36 0
48 36 0
50 40 0
32 37 0
59 39 0
Net_id 11
pin_num 5
32 7 0
23 6 0
16 7 0
17 16 0
23 16 0
Net_id 12
pin_num 5
57 54 0
45 51 0
36 51 0
58 49 0
45 59 0
Net_id 13
pin_num 5
54 11 0
48 8 0
51 9 0
51 21 0
32 8 0
Net_id 14
pin_num 5
59 46 0
55 51 0
59 44 0
56 50 0
59 56 0
Net_id 15
pin_num 5
22 53 0
16 57 0
11 55 0
12 45 0
7 50 0
Net_id 16
pin_num 5
36 49 0
21 51 0
28 32 0
45 36 0
31 16 0
Net_id 17
pin_num 5
50 31 0
46 32 0
47 19 0
34 21 0
30 20 0
Net_id 18
pin_num 5
13 58 0
19 59 0
17 48 0
23 58 0
16 25 0
Net_id 19
pin_num 5
21 1 0
32 6 0
45 0 0
36 15 0
45 6 0
Net_id 20
pin_num 4
55 31 0
59 23 0
37 28 0
43 22 0
Net_id 21
pin_num 4
28 57 0
38 58 0
31 45 0
58 59 0
Net_id 22
pin_num 4
21 44 0
13 45 0
14 54 0
18 27 0
Net_id 23
pin_num 4
49 27 0
40 24 0
52 24 0
47 13 0
Net_id 24
pin_num 4
52 14 0
51 14 0
56 22 0
48 29 0
Net_id 25
pin_num 4
16 34 0
9 34 0
10 19 0
0 24 0
Net_id 26
pin_num 4
23 49 0
18 45 0
17 28 0
13 47 0
Net_id 27
pin_num 4
16 27 0
7 28 0
17 19 0
16 15 0
Net_id 28
pin_num 4
44 49 0
50 49 0
52 50 0
55 35 0
Net_id 29
pin_num 4
5 1 0
9 0 0
0 5 0
4 7 0
Net_id 30
pin_num 4
52 53 0
38 48 0
50 48 0
39 58 0
Net_id 31
pin_num 4
41 25 0
47 25 0
45 16 0
44 7 0
Net_id 32
pin_num 4
18 10 0
26 9 0
24 15 0
46 10 0
Net_id 33
pin_num 4
18 36 0
8 35 0
8 25 0
20 40 0
Net_id 34
pin_num 4
40 26 0
35 24 0
40 28 0
39 44 0
Net_id 35
pin_num 4
26 8 0
13 1 0
33 7 0
39 0 0
Net_id 36
pin_num 4
35 51 0
29 52 0
43 59 0
37 45 0
Net_id 37
pin_num 4
40 20 0
56 20 0
49 12 0
58 19 0
Net_id 38
pin_num 4
49 52 0
46 36 0
27 38 0
59 27 0
Net_id 39
pin_num 4
28 21 0
21 14 0
36 17 0
27 0 0
Net_id 40
pin_num 3
27 17 0
16 10 0
42 1 0
Net_id 41
pin_num 3
58 20 0
57 35 0
30 27 0
Net_id 42
pin_num 3
25 28 0
14 41 0
15 35 0
Net_id 43
pin_num 3
43 55 0
37 44 0
59 45 0
Net_id 44
pin_num 3
16 18 0
32 18 0
55 22 0
Net_id 45
pin_num 3
39 3 0
54 3 0
59 11 0
Net_id 46
pin_num 3
58 1 0
53 4 0
55 3 0
Net_id 47
pin_num 3
38 13 0
46 23 0
38 23 0
Net_id 48
pin_num 3
22 40 0
13 46 0
11 49 0
Net_id 49
pin_num 3
12 13 0
18 13 0
24 1 0
Net_id 50
pin_num 3
44 28 0
30 14 0
28 9 0
Net_id 51
pin_num 3
2 24 0
4 28 0
3 13 0
Net_id 52
pin_num 3
35 22 0
57 17 0
53 42 0
Net_id 53
pin_num 3
0 27 0
3 28 0
6 7 0
Net_id 54
pin_num 3
54 58 0
49 54 0
31 58 0
Net_id 55
pin_num 3
4 41 0
4 23 0
4 54 0
Net_id 56
pin_num 3
30 30 0
41 33 0
24 23 0
Net_id 57
pin_num 3
7 22 0
1 8 0
9 13 0
Net_id 58
pin_num 3
1 7 0
11 4 0
22 9 0
Net_id 59
pin_num 3
47 40 0
49 35 0
36 53 0
Net_id 60
pin_num 3
24 40 0
36 42 0
54 53 0
Net_id 61
pin_num 3
14 48 0
7 31 0
1 58 0
Net_id 62
pin_num 3
50 45 0
44 46 0
39 49 0
Net_id 63
pin_num 3
31 36 0
44 29 0
34 28 0
Net_id 64
pin_num 3
42 18 0
37 25 0
40 9 0
Net_id 65
pin_num 3
29 6 0
22 15 0
8 2 0
Net_id 66
pin_num 3
5 4 0
12 7 0
1 9 0
Net_id 67
pin_num 3
11 15 0
3 7 0
2 26 0
Net_id 68
pin_num 3
39 41 0
53 32 0
58 47 0
Net_id 69
pin_num 3
46 33 0
43 29 0
21 29 0
Net_id 70
pin_num 3
37 23 0
18 20 0
0 13 0
Net_id 71
pin_num 3
7 51 0
14 43 0
4 48 0
Net_id 72
pin_num 3
31 26 0
33 14 0
42 16 0
Net_id 73
pin_num 3
37 54 0
34 52 0
35 41 0
Net_id 74
pin_num 3
43 14 0
58 18 0
53 35 0
Net_id 75
pin_num 3
16 31 0
26 34 0
1 36 0
Net_id 76
pin_num 3
51 13 0
38 32 0
57 21 0
Net_id 77
pin_num 3
18 40 0
11 40 0
26 45 0
Net_id 78
pin_num 3
16 39 0
28 52 0
54 48 0
Net_id 79
pin_num 3
53 50 0
58 53 0
14 42 0
Net_id 80
pin_num 2
51 32 0
57 9 0
Net_id 81
pin_num 2
15 14 0
9 16 0
Net_id 82
pin_num 2
2 17 0
14 9 0
Net_id 83
pin_num 2
23 37 0
0 28 0
Net_id 84
pin_num 2
26 36 0
14 39 0
Net_id 85
pin_num 2
46 56 0
33 45 0
Net_id 86
pin_num 2
30 3 0
38 6 0
Net_id 87
pin_num 2
48 58 0
58 35 0
Net_id 88
pin_num 2
59 29 0
41 42 0
Net_id 89
pin_num 2
27 56 0
40 56 0
Net_id 90
pin_num 2
7 4 0
6 6 0
Net_id 91
pin_num 2
37 47 0
40 50 0
Net_id 92
pin_num 2
55 25 0
56 39 0
Net_id 93
pin_num 2
6 51 0
1 56 0
Net_id 94
pin_num 2
12 19 0
16 22 0
Net_id 95
pin_num 2
2 48 0
6 39 0
Net_id 96
pin_num 2
56 41 0
48 35 0
Net_id 97
pin_num 2
44 12 0
29 20 0
Net_id 98
pin_num 2
28 55 0
24 52 0
Net_id 99
pin_num 2
37 4 0
52 21 0
Net_id 100
pin_num 2
8 39 0
0 42 0
Net_id 101
pin_num 2
44 35 0
54 32 0
Net_id 102
pin_num 2
43 58 0
56 49 0
Net_id 103
pin_num 2
19 28 0
23 52 0
Net_id 104
pin_num 2
3 31 0
18 9 0
Net_id 105
pin_num 2
57 34 0
50 42 0
Net_id 106
pin_num 2
2 40 0
14 28 0
Net_id 107
pin_num 2
54 28 0
48 33 0
Net_id 108
pin_num 2
46 46 0
59 42 0
Net_id 109
pin_num 2
54 44 0
33 58 0
Net_id 110
pin_num 2
36 1 0
36 7 0
Net_id 111
pin_num 2
28 0 0
39 6 0
Net_id 112
pin_num 2
23 53 0
14 57 0
Net_id 113
pin_num 2
0 30 0
27 31 0
Net_id 114
pin_num 2
8 7 0
20 21 0
Net_id 115
pin_num 2
6 54 0
22 52 0
Net_id 116
pin_num 2
53 40 0
54 35 0
Net_id 117
pin_num 2
42 35 0
30 24 0
Net_id 118
pin_num 2
43 8 0
53 7 0
Net_id 119
pin_num 2
6 23 0
1 15 0
Net_id 120
pin_num 2
34 41 0
31 39 0
Net_id 121
pin_num 2
35 1 0
28 13 0
Net_id 122
pin_num 2
1 52 0
27 45 0
Net_id 123
pin_num 2
22 35 0
34 25 0
Net_id 124
pin_num 2
53 53 0
47 42 0
Net_id 125
pin_num 2
56 32 0
55 26 0
Net_id 126
pin_num 2
10 4 0
2 2 0
Net_id 127
pin_num 2
55 15 0
57 23 0
Net_id 128
pin_num 2
2 11 0
23 19 0
Net_id 129
pin_num 2
54 42 0
56 53 0
Net_id 130
pin_num 2
34 7 0
45 11 0
Net_id 131
pin_num 2
0 17 0
11 1 0
Net_id 132
pin_num 2
50 50 0
47 55 0
Net_id 133
pin_num 2
55 33 0
53 23 0
Net_id 134
pin_num 2
12 1 0
8 24 0
Net_id 135
pin_num 2
19 55 0
6 53 0
Net_id 136
pin_num 2
5 18 0
1 19 0
Net_id 137
pin_num 2
57 39 0
47 52 0
Net_id 138
pin_num 2
12 25 0
35 6 0
Net_id 139
pin_num 2
7 37 0
27 34 0
Net_id 140
pin_num 2
15 1 0
22 2 0
Net_id 141
pin_num 2
35 50 0
39 56 0
Net_id 142
pin_num 2
36 8 0
42 9 0
Net_id 143
pin_num 2
29 30 0
4 42 0
Net_id 144
pin_num 2
9 41 0
6 47 0
Net_id 145
pin_num 2
53 8 0
43 7 0
Net_id 146
pin_num 2
53 6 0
48 16 0
Net_id 147
pin_num 2
48 11 0
43 18 0
Net_id 148
pin_num 2
29 11 0
27 4 0
Net_id 149
pin_num 2
1 21 0
8 6 0
Net_id 150
pin_num 2
35 8 0
54 2 0
Net_id 151
pin_num 2
47 15 0
23 23 0
Net_id 152
pin_num 2
11 39 0
7 17 0
Net_id 153
pin_num 2
55 28 0
57 33 0
Net_id 154
pin_num 2
43 16 0
49 1 0
Net_id 155
pin_num 2
4 47 0
9 44 0
Net_id 156
pin_num 2
18 2 0
35 2 0
Net_id 157
pin_num 2
39 24 0
20 16 0
Net_id 158
pin_num 2
11 3 0
5 2 0
