Width 60
Height 60
Layer 6
Total_WL 6581
Obstacle_num 144
41 57 0 50 58 0
23 7 0 31 8 0
25 45 0 30 46 0
16 7 0 20 8 0
25 54 0 35 55 0
11 4 0 14 5 0
39 12 0 44 13 0
17 31 0 20 32 0
26 53 0 31 54 0
7 36 0 14 37 0
0 9 0 4 10 0
6 33 0 9 34 0
12 17 0 18 18 0
7 43 0 11 44 0
14 35 0 23 36 0
35 13 0 38 14 0
39 43 0 47 44 0
23 27 0 26 28 0
8 10 0 12 11 0
17 9 0 23 10 0
7 55 0 15 56 0
14 45 0 19 46 0
25 58 0 28 59 0
0 22 0 4 23 0
51 18 1 52 28 1
48 9 1 49 15 1
8 23 1 9 27 1
6 37 1 7 41 1
29 41 1 30 51 1
5 51 1 6 55 1
15 10 1 16 14 1
47 44 1 48 53 1
14 24 1 15 30 1
21 4 1 22 13 1
25 2 1 26 12 1
55 49 1 56 59 1
55 13 1 56 17 1
18 33 1 19 40 1
15 25 1 16 29 1
7 27 1 8 32 1
5 6 1 6 14 1
27 20 1 28 23 1
11 10 1 12 18 1
16 51 1 17 54 1
28 29 1 29 37 1
13 5 1 14 14 1
26 2 1 27 6 1
0 33 1 1 39 1
11 11 2 20 12 2
15 19 2 18 20 2
29 50 2 35 51 2
21 50 2 25 51 2
30 18 2 39 19 2
24 1 2 34 2 2
10 44 2 13 45 2
5 8 2 14 9 2
15 26 2 25 27 2
12 52 2 21 53 2
4 18 2 8 19 2
40 52 2 43 53 2
10 1 2 17 2 2
38 35 2 46 36 2
10 53 2 14 54 2
47 13 2 53 14 2
55 23 2 59 24 2
37 55 2 45 56 2
37 54 2 43 55 2
2 51 2 5 52 2
14 16 2 21 17 2
7 29 2 13 30 2
52 14 2 59 15 2
12 34 2 18 35 2
19 39 3 20 49 3
28 20 3 29 23 3
0 33 3 1 40 3
42 36 3 43 43 3
40 19 3 41 23 3
12 34 3 13 39 3
16 18 3 17 24 3
32 9 3 33 14 3
38 26 3 39 34 3
40 36 3 41 44 3
18 30 3 19 40 3
33 53 3 34 59 3
43 19 3 44 27 3
21 18 3 22 28 3
20 29 3 21 35 3
49 42 3 50 51 3
15 52 3 16 55 3
46 44 3 47 48 3
28 49 3 29 59 3
19 9 3 20 13 3
12 46 3 13 50 3
3 31 3 4 40 3
38 46 3 39 51 3
30 39 3 31 47 3
34 57 4 44 58 4
43 23 4 53 24 4
33 11 4 37 12 4
34 56 4 38 57 4
23 8 4 27 9 4
22 29 4 25 30 4
17 21 4 27 22 4
36 15 4 45 16 4
18 18 4 25 19 4
16 35 4 24 36 4
38 18 4 46 19 4
14 30 4 20 31 4
39 20 4 46 21 4
17 51 4 27 52 4
11 37 4 18 38 4
8 38 4 16 39 4
33 33 4 39 34 4
18 22 4 24 23 4
7 49 4 10 50 4
34 10 4 44 11 4
36 47 4 40 48 4
41 5 4 49 6 4
21 14 4 27 15 4
51 50 4 57 51 4
27 4 5 28 7 5
28 21 5 29 24 5
3 3 5 4 12 5
3 43 5 4 46 5
57 18 5 58 24 5
37 4 5 38 9 5
32 31 5 33 36 5
48 39 5 49 47 5
25 15 5 26 23 5
30 11 5 31 20 5
33 41 5 34 48 5
46 36 5 47 42 5
4 14 5 5 17 5
14 24 5 15 29 5
49 49 5 50 54 5
26 8 5 27 14 5
55 43 5 56 51 5
41 44 5 42 49 5
43 5 5 44 12 5
46 29 5 47 32 5
27 19 5 28 23 5
47 15 5 48 19 5
48 53 5 49 56 5
45 13 5 46 23 5
Net_num 159
Net_id 0
pin_num 5
9 12 0
4 25 0
2 32 0
16 23 0
4 47 0
Net_id 1
pin_num 5
12 34 0
11 27 0
23 18 0
33 18 0
23 9 0
Net_id 2
pin_num 5
32 2 0
15 5 0
3 0 0
14 3 0
9 9 0
Net_id 3
pin_num 5
46 41 0
39 48 0
54 41 0
47 33 0
43 59 0
Net_id 4
pin_num 5
14 30 0
23 31 0
19 32 0
21 17 0
18 8 0
Net_id 5
pin_num 5
31 32 0
37 39 0
32 28 0
50 28 0
27 28 0
Net_id 6
pin_num 5
3 11 0
2 4 0
4 2 0
9 2 0
2 3 0
Net_id 7
pin_num 5
27 11 0
12 11 0
11 0 0
0 12 0
31 5 0
Net_id 8
pin_num 5
27 6 0
17 12 0
18 6 0
41 7 0
26 0 0
Net_id 9
pin_num 5
54 55 0
42 58 0
59 53 0
54 54 0
52 47 0
Net_id 10
pin_num 5
26 9 0
21 13 0
33 9 0
30 26 0
28 12 0
Net_id 11
pin_num 5
44 33 0
36 41 0
42 25 0
40 15 0
53 40 0
Net_id 12
pin_num 5
34 42 0
29 35 0
45 42 0
34 53 0
21 37 0
Net_id 13
pin_num 5
21 45 0
28 27 0
25 24 0
24 23 0
20 38 0
Net_id 14
pin_num 5
25 43 0
6 43 0
7 46 0
10 59 0
7 56 0
Net_id 15
pin_num 5
53 14 0
57 14 0
55 0 0
38 14 0
47 7 0
Net_id 16
pin_num 5
34 24 0
35 22 0
35 32 0
47 23 0
43 46 0
Net_id 17
pin_num 4
42 6 0
27 0 0
37 15 0
20 8 0
Net_id 18
pin_num 4
33 34 0
27 33 0
29 12 0
41 24 0
Net_id 19
pin_num 4
20 50 0
31 59 0
48 53 0
46 42 0
Net_id 20
pin_num 4
37 51 0
25 46 0
25 52 0
37 52 0
Net_id 21
pin_num 4
33 1 0
28 13 0
23 1 0
0 13 0
Net_id 22
pin_num 4
21 44 0
14 41 0
0 41 0
25 51 0
Net_id 23
pin_num 4
41 37 0
33 48 0
13 45 0
37 59 0
Net_id 24
pin_num 4
29 23 0
39 17 0
31 17 0
37 25 0
Net_id 25
pin_num 4
13 16 0
8 21 0
0 15 0
8 7 0
Net_id 26
pin_num 4
21 27 0
12 19 0
14 8 0
13 22 0
Net_id 27
pin_num 4
31 37 0
40 38 0
29 38 0
33 47 0
Net_id 28
pin_num 4
46 54 0
35 45 0
29 59 0
32 50 0
Net_id 29
pin_num 4
16 55 0
19 57 0
2 59 0
1 59 0
Net_id 30
pin_num 4
1 45 0
10 52 0
2 57 0
1 50 0
Net_id 31
pin_num 4
15 12 0
8 1 0
10 31 0
1 17 0
Net_id 32
pin_num 4
9 22 0
7 19 0
9 37 0
0 28 0
Net_id 33
pin_num 4
53 44 0
32 43 0
40 34 0
54 35 0
Net_id 34
pin_num 4
20 1 0
26 10 0
9 8 0
26 27 0
Net_id 35
pin_num 4
4 40 0
5 40 0
3 15 0
1 39 0
Net_id 36
pin_num 3
3 27 0
8 37 0
0 14 0
Net_id 37
pin_num 3
47 18 0
58 11 0
55 35 0
Net_id 38
pin_num 3
27 24 0
35 36 0
31 53 0
Net_id 39
pin_num 3
33 40 0
23 24 0
2 37 0
Net_id 40
pin_num 3
28 31 0
51 31 0
51 36 0
Net_id 41
pin_num 3
10 4 0
4 8 0
9 18 0
Net_id 42
pin_num 3
53 1 0
36 9 0
51 28 0
Net_id 43
pin_num 3
4 44 0
6 30 0
34 40 0
Net_id 44
pin_num 3
11 9 0
17 6 0
10 9 0
Net_id 45
pin_num 3
40 22 0
33 12 0
52 31 0
Net_id 46
pin_num 3
8 27 0
5 21 0
11 6 0
Net_id 47
pin_num 3
46 15 0
55 7 0
54 27 0
Net_id 48
pin_num 3
36 56 0
34 55 0
26 39 0
Net_id 49
pin_num 3
4 59 0
4 52 0
9 50 0
Net_id 50
pin_num 3
53 0 0
34 5 0
29 10 0
Net_id 51
pin_num 3
2 12 0
2 30 0
6 24 0
Net_id 52
pin_num 3
58 40 0
58 24 0
54 43 0
Net_id 53
pin_num 3
52 38 0
52 45 0
41 40 0
Net_id 54
pin_num 3
43 36 0
52 20 0
59 32 0
Net_id 55
pin_num 3
15 49 0
9 46 0
29 49 0
Net_id 56
pin_num 3
16 51 0
3 42 0
6 42 0
Net_id 57
pin_num 3
43 51 0
51 51 0
49 27 0
Net_id 58
pin_num 3
55 52 0
37 58 0
35 41 0
Net_id 59
pin_num 3
53 5 0
41 11 0
46 26 0
Net_id 60
pin_num 3
6 40 0
19 33 0
10 42 0
Net_id 61
pin_num 3
29 14 0
42 15 0
47 26 0
Net_id 62
pin_num 3
18 37 0
29 34 0
35 34 0
Net_id 63
pin_num 3
15 13 0
9 13 0
1 10 0
Net_id 64
pin_num 3
51 53 0
42 45 0
42 52 0
Net_id 65
pin_num 3
21 28 0
37 41 0
59 36 0
Net_id 66
pin_num 3
4 13 0
1 21 0
10 38 0
Net_id 67
pin_num 3
51 3 0
43 4 0
43 11 0
Net_id 68
pin_num 3
12 57 0
2 34 0
12 32 0
Net_id 69
pin_num 3
21 23 0
33 30 0
18 4 0
Net_id 70
pin_num 3
15 16 0
6 29 0
25 33 0
Net_id 71
pin_num 3
11 48 0
1 52 0
1 47 0
Net_id 72
pin_num 3
56 27 0
31 56 0
24 59 0
Net_id 73
pin_num 3
15 21 0
24 4 0
47 4 0
Net_id 74
pin_num 3
42 49 0
43 50 0
59 49 0
Net_id 75
pin_num 3
7 20 0
2 35 0
16 42 0
Net_id 76
pin_num 3
39 23 0
32 22 0
32 1 0
Net_id 77
pin_num 3
33 57 0
26 55 0
14 44 0
Net_id 78
pin_num 3
58 57 0
40 57 0
16 54 0
Net_id 79
pin_num 2
21 36 0
48 27 0
Net_id 80
pin_num 2
56 8 0
49 8 0
Net_id 81
pin_num 2
35 21 0
12 10 0
Net_id 82
pin_num 2
14 38 0
23 35 0
Net_id 83
pin_num 2
51 39 0
59 19 0
Net_id 84
pin_num 2
46 9 0
40 9 0
Net_id 85
pin_num 2
17 46 0
53 53 0
Net_id 86
pin_num 2
54 7 0
45 1 0
Net_id 87
pin_num 2
54 9 0
42 3 0
Net_id 88
pin_num 2
57 28 0
54 34 0
Net_id 89
pin_num 2
54 44 0
51 54 0
Net_id 90
pin_num 2
56 29 0
52 36 0
Net_id 91
pin_num 2
38 2 0
46 2 0
Net_id 92
pin_num 2
5 11 0
6 25 0
Net_id 93
pin_num 2
41 35 0
34 35 0
Net_id 94
pin_num 2
1 29 0
11 35 0
Net_id 95
pin_num 2
49 16 0
44 18 0
Net_id 96
pin_num 2
9 31 0
4 48 0
Net_id 97
pin_num 2
25 29 0
38 29 0
Net_id 98
pin_num 2
22 16 0
22 20 0
Net_id 99
pin_num 2
6 3 0
19 8 0
Net_id 100
pin_num 2
35 10 0
24 17 0
Net_id 101
pin_num 2
9 29 0
20 37 0
Net_id 102
pin_num 2
31 27 0
47 43 0
Net_id 103
pin_num 2
51 29 0
51 42 0
Net_id 104
pin_num 2
7 44 0
1 53 0
Net_id 105
pin_num 2
41 18 0
44 20 0
Net_id 106
pin_num 2
19 24 0
25 42 0
Net_id 107
pin_num 2
3 56 0
16 50 0
Net_id 108
pin_num 2
11 39 0
17 13 0
Net_id 109
pin_num 2
11 28 0
25 32 0
Net_id 110
pin_num 2
34 4 0
38 4 0
Net_id 111
pin_num 2
24 34 0
25 37 0
Net_id 112
pin_num 2
26 32 0
31 30 0
Net_id 113
pin_num 2
24 53 0
21 59 0
Net_id 114
pin_num 2
26 17 0
18 2 0
Net_id 115
pin_num 2
17 54 0
23 44 0
Net_id 116
pin_num 2
39 10 0
52 4 0
Net_id 117
pin_num 2
16 2 0
10 5 0
Net_id 118
pin_num 2
24 10 0
1 8 0
Net_id 119
pin_num 2
25 21 0
45 6 0
Net_id 120
pin_num 2
13 32 0
17 8 0
Net_id 121
pin_num 2
22 41 0
28 42 0
Net_id 122
pin_num 2
49 13 0
58 19 0
Net_id 123
pin_num 2
26 20 0
37 17 0
Net_id 124
pin_num 2
53 45 0
42 46 0
Net_id 125
pin_num 2
21 33 0
12 45 0
Net_id 126
pin_num 2
48 33 0
52 34 0
Net_id 127
pin_num 2
17 23 0
26 15 0
Net_id 128
pin_num 2
32 51 0
28 48 0
Net_id 129
pin_num 2
18 5 0
2 25 0
Net_id 130
pin_num 2
36 16 0
48 22 0
Net_id 131
pin_num 2
38 58 0
50 49 0
Net_id 132
pin_num 2
19 47 0
25 47 0
Net_id 133
pin_num 2
41 25 0
28 43 0
Net_id 134
pin_num 2
40 55 0
35 44 0
Net_id 135
pin_num 2
26 59 0
32 44 0
Net_id 136
pin_num 2
50 4 0
52 12 0
Net_id 137
pin_num 2
3 2 0
4 3 0
Net_id 138
pin_num 2
45 9 0
36 8 0
Net_id 139
pin_num 2
34 26 0
33 24 0
Net_id 140
pin_num 2
4 6 0
6 11 0
Net_id 141
pin_num 2
49 45 0
48 59 0
Net_id 142
pin_num 2
36 7 0
31 3 0
Net_id 143
pin_num 2
6 54 0
2 31 0
Net_id 144
pin_num 2
10 8 0
34 9 0
Net_id 145
pin_num 2
37 5 0
9 11 0
Net_id 146
pin_num 2
6 7 0
5 19 0
Net_id 147
pin_num 2
19 25 0
36 12 0
Net_id 148
pin_num 2
59 46 0
44 48 0
Net_id 149
pin_num 2
41 44 0
50 37 0
Net_id 150
pin_num 2
43 47 0
44 56 0
Net_id 151
pin_num 2
15 10 0
44 37 0
Net_id 152
pin_num 2
9 48 0
10 35 0
Net_id 153
pin_num 2
37 47 0
54 57 0
Net_id 154
pin_num 2
39 59 0
28 44 0
Net_id 155
pin_num 2
20 29 0
24 26 0
Net_id 156
pin_num 2
36 55 0
36 58 0
Net_id 157
pin_num 2
30 47 0
51 34 0
Net_id 158
pin_num 2
16 14 0
10 14 0
