Width 60
Height 60
Layer 6
Total_WL 6606
Obstacle_num 144
3 53 0 11 54 0
28 20 0 38 21 0
45 42 0 51 43 0
36 43 0 41 44 0
14 24 0 24 25 0
23 42 0 31 43 0
5 47 0 11 48 0
5 33 0 15 34 0
26 33 0 31 34 0
41 40 0 51 41 0
43 5 0 50 6 0
45 29 0 50 30 0
37 46 0 45 47 0
12 26 0 18 27 0
31 55 0 38 56 0
10 18 0 13 19 0
33 0 0 39 1 0
19 31 0 25 32 0
25 11 0 34 12 0
7 23 0 16 24 0
28 50 0 31 51 0
5 19 0 15 20 0
6 37 0 14 38 0
6 50 0 9 51 0
23 43 1 24 49 1
3 52 1 4 57 1
42 52 1 43 59 1
53 39 1 54 44 1
6 22 1 7 31 1
25 20 1 26 25 1
31 43 1 32 48 1
40 49 1 41 59 1
48 14 1 49 24 1
26 44 1 27 48 1
23 19 1 24 23 1
22 10 1 23 14 1
1 3 1 2 10 1
43 15 1 44 18 1
2 35 1 3 41 1
6 11 1 7 14 1
37 28 1 38 37 1
50 29 1 51 35 1
9 5 1 10 8 1
28 52 1 29 55 1
39 54 1 40 59 1
18 43 1 19 46 1
38 27 1 39 32 1
52 5 1 53 10 1
0 43 2 5 44 2
39 35 2 45 36 2
34 28 2 41 29 2
22 44 2 30 45 2
21 39 2 24 40 2
18 30 2 26 31 2
30 19 2 34 20 2
49 18 2 54 19 2
16 57 2 20 58 2
11 31 2 17 32 2
8 3 2 16 4 2
13 52 2 23 53 2
53 9 2 58 10 2
34 20 2 43 21 2
42 38 2 46 39 2
39 12 2 47 13 2
26 17 2 31 18 2
43 51 2 48 52 2
33 43 2 36 44 2
23 21 2 30 22 2
45 40 2 52 41 2
29 4 2 34 5 2
21 58 2 25 59 2
35 4 2 45 5 2
20 32 3 21 36 3
41 38 3 42 44 3
9 37 3 10 45 3
47 49 3 48 58 3
4 44 3 5 49 3
17 19 3 18 29 3
19 1 3 20 10 3
30 3 3 31 9 3
45 12 3 46 22 3
38 23 3 39 31 3
46 14 3 47 24 3
24 28 3 25 38 3
8 0 3 9 7 3
21 24 3 22 30 3
35 45 3 36 48 3
27 50 3 28 58 3
32 40 3 33 46 3
0 54 3 1 58 3
3 29 3 4 36 3
58 15 3 59 23 3
3 8 3 4 11 3
24 11 3 25 20 3
47 16 3 48 21 3
54 18 3 55 28 3
3 14 4 9 15 4
51 17 4 54 18 4
7 24 4 12 25 4
31 8 4 36 9 4
31 30 4 41 31 4
16 36 4 21 37 4
39 9 4 44 10 4
6 18 4 9 19 4
25 5 4 29 6 4
10 35 4 15 36 4
14 17 4 19 18 4
51 18 4 57 19 4
21 48 4 28 49 4
22 36 4 30 37 4
11 37 4 17 38 4
40 11 4 49 12 4
34 29 4 43 30 4
35 54 4 41 55 4
30 51 4 34 52 4
28 15 4 37 16 4
25 53 4 32 54 4
13 46 4 21 47 4
29 10 4 32 11 4
28 46 4 34 47 4
56 32 5 57 35 5
36 52 5 37 58 5
53 44 5 54 49 5
5 43 5 6 51 5
47 19 5 48 23 5
38 15 5 39 25 5
29 22 5 30 32 5
37 30 5 38 37 5
8 35 5 9 45 5
3 3 5 4 11 5
55 30 5 56 34 5
20 12 5 21 19 5
21 47 5 22 57 5
1 35 5 2 43 5
19 50 5 20 56 5
35 17 5 36 26 5
42 22 5 43 28 5
51 26 5 52 36 5
13 29 5 14 32 5
46 35 5 47 41 5
15 30 5 16 39 5
37 16 5 38 19 5
50 9 5 51 14 5
3 37 5 4 43 5
Net_num 157
Net_id 0
pin_num 5
6 43 0
14 34 0
14 55 0
11 51 0
12 59 0
Net_id 1
pin_num 5
3 57 0
0 54 0
0 32 0
11 59 0
9 58 0
Net_id 2
pin_num 5
19 33 0
26 38 0
3 38 0
18 30 0
14 29 0
Net_id 3
pin_num 5
58 59 0
54 56 0
36 57 0
46 47 0
59 51 0
Net_id 4
pin_num 5
6 3 0
1 10 0
23 0 0
24 0 0
22 0 0
Net_id 5
pin_num 5
37 13 0
32 7 0
25 10 0
31 25 0
18 15 0
Net_id 6
pin_num 5
47 6 0
42 4 0
45 14 0
37 9 0
39 26 0
Net_id 7
pin_num 5
40 49 0
34 53 0
23 41 0
25 41 0
34 46 0
Net_id 8
pin_num 5
55 14 0
58 28 0
59 1 0
44 16 0
44 19 0
Net_id 9
pin_num 5
27 2 0
18 2 0
19 8 0
6 7 0
32 8 0
Net_id 10
pin_num 5
5 55 0
1 55 0
1 50 0
4 32 0
0 31 0
Net_id 11
pin_num 5
3 20 0
0 24 0
13 21 0
5 14 0
5 43 0
Net_id 12
pin_num 5
28 30 0
22 30 0
30 32 0
17 29 0
21 49 0
Net_id 13
pin_num 5
18 28 0
35 27 0
48 27 0
14 27 0
6 28 0
Net_id 14
pin_num 5
3 6 0
15 1 0
0 17 0
4 4 0
19 1 0
Net_id 15
pin_num 5
50 41 0
59 37 0
44 38 0
59 42 0
47 22 0
Net_id 16
pin_num 5
9 13 0
0 4 0
5 20 0
7 3 0
7 4 0
Net_id 17
pin_num 5
29 0 0
18 5 0
31 1 0
31 0 0
2 2 0
Net_id 18
pin_num 4
36 22 0
51 29 0
13 27 0
13 24 0
Net_id 19
pin_num 4
28 55 0
32 59 0
59 50 0
38 53 0
Net_id 20
pin_num 4
2 7 0
10 12 0
0 25 0
0 26 0
Net_id 21
pin_num 4
54 49 0
57 48 0
57 32 0
57 24 0
Net_id 22
pin_num 4
49 6 0
49 1 0
41 13 0
32 6 0
Net_id 23
pin_num 4
27 16 0
38 14 0
38 22 0
19 26 0
Net_id 24
pin_num 4
3 30 0
12 20 0
37 37 0
31 33 0
Net_id 25
pin_num 4
24 20 0
27 17 0
15 18 0
16 17 0
Net_id 26
pin_num 4
19 53 0
7 58 0
22 59 0
22 43 0
Net_id 27
pin_num 4
27 12 0
20 5 0
28 4 0
38 10 0
Net_id 28
pin_num 4
58 40 0
51 46 0
56 45 0
54 31 0
Net_id 29
pin_num 4
35 50 0
22 42 0
43 50 0
42 59 0
Net_id 30
pin_num 4
47 3 0
41 0 0
42 11 0
59 6 0
Net_id 31
pin_num 4
21 6 0
14 4 0
3 0 0
3 13 0
Net_id 32
pin_num 4
4 12 0
28 18 0
7 32 0
26 19 0
Net_id 33
pin_num 4
41 33 0
29 29 0
34 41 0
32 24 0
Net_id 34
pin_num 4
32 5 0
39 9 0
40 10 0
33 8 0
Net_id 35
pin_num 4
57 52 0
51 51 0
53 58 0
32 52 0
Net_id 36
pin_num 4
40 45 0
37 51 0
34 57 0
46 46 0
Net_id 37
pin_num 4
57 53 0
50 45 0
58 55 0
58 29 0
Net_id 38
pin_num 4
26 35 0
13 34 0
15 43 0
22 29 0
Net_id 39
pin_num 3
9 46 0
1 41 0
10 44 0
Net_id 40
pin_num 3
14 22 0
29 14 0
24 39 0
Net_id 41
pin_num 3
23 5 0
15 6 0
10 5 0
Net_id 42
pin_num 3
3 42 0
2 45 0
33 45 0
Net_id 43
pin_num 3
6 29 0
5 29 0
8 22 0
Net_id 44
pin_num 3
38 41 0
36 36 0
23 36 0
Net_id 45
pin_num 3
22 44 0
30 47 0
45 48 0
Net_id 46
pin_num 3
39 32 0
48 35 0
56 36 0
Net_id 47
pin_num 3
24 40 0
16 32 0
40 31 0
Net_id 48
pin_num 3
30 59 0
32 57 0
59 29 0
Net_id 49
pin_num 3
19 25 0
26 25 0
24 17 0
Net_id 50
pin_num 3
47 33 0
36 45 0
44 48 0
Net_id 51
pin_num 3
30 49 0
18 58 0
20 51 0
Net_id 52
pin_num 3
18 55 0
41 49 0
18 49 0
Net_id 53
pin_num 3
17 23 0
29 22 0
18 4 0
Net_id 54
pin_num 3
19 50 0
26 59 0
12 50 0
Net_id 55
pin_num 3
17 59 0
8 56 0
0 30 0
Net_id 56
pin_num 3
49 24 0
40 24 0
44 15 0
Net_id 57
pin_num 3
8 25 0
17 25 0
12 16 0
Net_id 58
pin_num 3
18 51 0
3 58 0
6 42 0
Net_id 59
pin_num 3
37 30 0
29 51 0
44 41 0
Net_id 60
pin_num 3
6 11 0
3 18 0
15 15 0
Net_id 61
pin_num 3
13 13 0
7 34 0
32 33 0
Net_id 62
pin_num 3
16 12 0
4 10 0
19 42 0
Net_id 63
pin_num 3
45 18 0
59 12 0
50 7 0
Net_id 64
pin_num 3
53 31 0
46 30 0
46 12 0
Net_id 65
pin_num 3
30 17 0
23 11 0
24 5 0
Net_id 66
pin_num 3
8 49 0
2 49 0
14 49 0
Net_id 67
pin_num 3
22 19 0
5 25 0
4 8 0
Net_id 68
pin_num 3
50 4 0
38 11 0
25 6 0
Net_id 69
pin_num 3
47 32 0
53 32 0
49 17 0
Net_id 70
pin_num 3
14 46 0
30 29 0
1 47 0
Net_id 71
pin_num 3
33 6 0
41 29 0
33 44 0
Net_id 72
pin_num 3
31 16 0
40 16 0
24 1 0
Net_id 73
pin_num 3
24 15 0
9 31 0
12 6 0
Net_id 74
pin_num 3
46 9 0
31 5 0
46 0 0
Net_id 75
pin_num 3
44 39 0
52 28 0
28 31 0
Net_id 76
pin_num 3
28 12 0
42 12 0
32 0 0
Net_id 77
pin_num 2
18 13 0
8 9 0
Net_id 78
pin_num 2
36 17 0
31 17 0
Net_id 79
pin_num 2
55 17 0
49 13 0
Net_id 80
pin_num 2
51 24 0
55 24 0
Net_id 81
pin_num 2
25 59 0
10 40 0
Net_id 82
pin_num 2
2 25 0
16 23 0
Net_id 83
pin_num 2
49 47 0
41 26 0
Net_id 84
pin_num 2
37 31 0
20 37 0
Net_id 85
pin_num 2
33 19 0
51 15 0
Net_id 86
pin_num 2
15 33 0
20 46 0
Net_id 87
pin_num 2
46 14 0
54 4 0
Net_id 88
pin_num 2
55 31 0
55 50 0
Net_id 89
pin_num 2
12 43 0
5 56 0
Net_id 90
pin_num 2
52 10 0
35 6 0
Net_id 91
pin_num 2
4 33 0
2 18 0
Net_id 92
pin_num 2
4 39 0
12 44 0
Net_id 93
pin_num 2
1 2 0
10 6 0
Net_id 94
pin_num 2
5 28 0
12 14 0
Net_id 95
pin_num 2
30 25 0
26 50 0
Net_id 96
pin_num 2
1 38 0
13 30 0
Net_id 97
pin_num 2
5 45 0
13 48 0
Net_id 98
pin_num 2
53 44 0
53 37 0
Net_id 99
pin_num 2
19 46 0
18 48 0
Net_id 100
pin_num 2
3 26 0
2 24 0
Net_id 101
pin_num 2
39 10 0
41 25 0
Net_id 102
pin_num 2
46 44 0
36 35 0
Net_id 103
pin_num 2
50 9 0
54 1 0
Net_id 104
pin_num 2
30 43 0
35 38 0
Net_id 105
pin_num 2
55 54 0
55 37 0
Net_id 106
pin_num 2
40 34 0
16 34 0
Net_id 107
pin_num 2
38 54 0
57 58 0
Net_id 108
pin_num 2
37 11 0
33 2 0
Net_id 109
pin_num 2
50 59 0
55 46 0
Net_id 110
pin_num 2
31 52 0
15 58 0
Net_id 111
pin_num 2
40 6 0
33 3 0
Net_id 112
pin_num 2
14 35 0
2 31 0
Net_id 113
pin_num 2
36 10 0
26 22 0
Net_id 114
pin_num 2
20 22 0
24 22 0
Net_id 115
pin_num 2
0 28 0
15 14 0
Net_id 116
pin_num 2
9 14 0
11 20 0
Net_id 117
pin_num 2
24 21 0
14 17 0
Net_id 118
pin_num 2
24 50 0
8 55 0
Net_id 119
pin_num 2
47 20 0
56 35 0
Net_id 120
pin_num 2
32 44 0
48 49 0
Net_id 121
pin_num 2
22 56 0
30 56 0
Net_id 122
pin_num 2
41 51 0
47 49 0
Net_id 123
pin_num 2
10 41 0
2 51 0
Net_id 124
pin_num 2
59 56 0
49 46 0
Net_id 125
pin_num 2
56 43 0
45 53 0
Net_id 126
pin_num 2
28 58 0
57 56 0
Net_id 127
pin_num 2
53 54 0
45 54 0
Net_id 128
pin_num 2
50 26 0
32 18 0
Net_id 129
pin_num 2
51 4 0
40 13 0
Net_id 130
pin_num 2
49 33 0
43 26 0
Net_id 131
pin_num 2
2 19 0
8 7 0
Net_id 132
pin_num 2
17 22 0
2 10 0
Net_id 133
pin_num 2
52 16 0
59 11 0
Net_id 134
pin_num 2
57 28 0
42 36 0
Net_id 135
pin_num 2
25 50 0
25 43 0
Net_id 136
pin_num 2
59 15 0
53 6 0
Net_id 137
pin_num 2
44 50 0
51 47 0
Net_id 138
pin_num 2
59 57 0
43 49 0
Net_id 139
pin_num 2
33 35 0
17 49 0
Net_id 140
pin_num 2
0 53 0
15 54 0
Net_id 141
pin_num 2
19 36 0
1 57 0
Net_id 142
pin_num 2
33 48 0
44 42 0
Net_id 143
pin_num 2
26 54 0
12 48 0
Net_id 144
pin_num 2
4 13 0
4 16 0
Net_id 145
pin_num 2
18 38 0
39 51 0
Net_id 146
pin_num 2
45 34 0
28 51 0
Net_id 147
pin_num 2
19 3 0
25 16 0
Net_id 148
pin_num 2
15 42 0
14 39 0
Net_id 149
pin_num 2
52 27 0
56 37 0
Net_id 150
pin_num 2
22 10 0
9 9 0
Net_id 151
pin_num 2
12 22 0
2 34 0
Net_id 152
pin_num 2
39 36 0
28 35 0
Net_id 153
pin_num 2
50 3 0
49 0 0
Net_id 154
pin_num 2
55 15 0
58 12 0
Net_id 155
pin_num 2
45 59 0
52 55 0
Net_id 156
pin_num 2
53 56 0
51 37 0
